Timestamp
118051346
118051356
118051366
118051376
118051386
118051396
118051406
118051416
118051426
118051437
118051447
118051457
118051467
118051477
118051487
118051497
118051507
118051517
118051527
118051537
118051547
118051558
118051568
118051578
118051588
118051598
118051608
118051618
118051628
118051638
118051648
118051658
118051668
118051679
118051689
118051699
118051709
118051719
118051729
118051739
118051749
118051759
118051769
118051779
118051790
118051800
118051810
118051820
118051830
118051840
118051850
118051860
118051870
118051880
118051890
118051900
118051911
118051921
118051931
118051941
118051951
118051961
118051971
118051981
118051991
118052001
118052011
118052021
118052032
118052042
118052052
118052062
118052072
118052082
118052092
118052102
118052112
118052122
118052132
118052143
118052153
118052163
118052173
118052183
118052193
118052203
118052213
118052223
118052233
118052243
118052253
118052264
118052274
118052284
118052294
118052304
118052314
118052324
118052334
118052344
118052354
118052364
118052374
118052385
118052395
118052405
118052415
118052425
118052435
118052445
118052455
118052465
118052475
118052485
118052495
118052506
118052516
118052526
118052536
118052546
118052556
118052566
118052576
118052586
118052596
118052606
118052617
118052627
118052637
118052647
118052657
118052667
118052677
118052687
118052697
118052707
118052717
118052727
118052738
118052748
118052758
118052768
118052778
118052788
118052798
118052808
118052818
118052828
118052838
118052848
118052859
118052869
118052879
118052889
118052899
118052909
118052919
118052929
118052939
118052949
118052959
118052969
118052980
118052990
118053000
118053010
118053020
118053030
118053040
118053050
118053060
118053070
118053080
118053091
118053101
118053111
118053121
118053131
118053141
118053151
118053161
118053171
118053181
118053191
118053201
118053212
118053222
118053232
118053242
118053252
118053262
118053272
118053282
118053292
118053302
118053312
118053322
118053333
118053343
118053353
118053363
118053373
118053383
118053393
118053403
118053413
118053423
118053433
118053444
118053454
118053464
118053474
118053484
118053494
118053504
118053514
118053524
118053534
118053544
118053554
118053565
118053575
118053585
118053595
118053605
118053615
118053625
118053635
118053645
118053655
118053665
118053676
118053686
118053696
118053706
118053716
118053726
118053736
118053746
118053756
118053766
118053776
118053786
118053797
118053807
118053817
118053827
118053837
118053847
118053857
118053867
118053877
118053887
118053897
118053907
118053918
118053928
118053938
118053948
118053958
118053968
118053978
118053988
118053998
118054008
118054018
118054029
118054039
118054049
118054059
118054069
118054079
118054089
118054099
118054109
118054119
118054129
118054139
118054150
118054160
118054170
118054180
118054190
118054200
118054210
118054220
118054230
118054240
118054250
118054261
118054271
118054281
118054291
118054301
118054311
118054321
118054331
118054341
118054351
118054361
118054371
118054382
118054392
118054402
118054412
118054422
118054432
118054442
118054452
118054462
118054472
118054482
118054493
118054503
118054513
118054523
118054533
118054543
118054553
118054563
118054573
118054583
118054593
118054603
118054614
118054624
118054634
118054644
118054654
118054664
118054674
118054684
118054694
118054704
118054714
118054725
118054735
118054745
118054755
118054765
118054775
118054785
118054795
118054805
118054815
118054825
118054835
118054846
118054856
118054866
118054876
118054886
118054896
118054906
118054916
118054926
118054936
118054946
118054956
118054967
118054977
118054987
118054997
118055007
118055017
118055027
118055037
118055047
118055057
118055067
118055078
118055088
118055098
118055108
118055118
118055128
118055138
118055148
118055158
118055168
118055178
118055188
118055199
118055209
118055219
118055229
118055239
118055249
118055259
118055269
118055279
118055289
118055299
118055310
118055320
118055330
118055340
118055350
118055360
118055370
118055380
118055390
118055400
118055410
118055420
118055431
118055441
118055451
118055461
118055471
118055481
118055491
118055501
118055511
118055521
118055531
118055541
118055552
118055562
118055572
118055582
118055592
118055602
118055612
118055622
118055632
118055642
118055652
118055663
118055673
118055683
118055693
118055703
118055713
118055723
118055733
118055743
118055753
118055763
118055773
118055784
118055794
118055804
118055814
118055824
118055834
118055844
118055854
118055864
118055874
118055884
118055894
118055905
118055915
118055925
118055935
118055945
118055955
118055965
118055975
118055985
118055995
118056005
118056015
118056026
118056036
118056046
118056056
118056066
118056076
118056086
118056096
118056106
118056116
118056126
118056136
118056147
118056157
118056167
118056177
118056187
118056197
118056207
118056217
118056227
118056237
118056247
118056257
118056268
118056278
118056288
118056298
118056308
118056318
118056328
118056338
118056348
118056358
118056368
118056379
118056389
118056399
118056409
118056419
118056429
118056439
118056449
118056459
118056469
118056479
118056489
118056500
118056510
118056520
118056530
118056540
118056550
118056560
118056570
118056580
118056590
118056600
118056610
118056621
118056631
118056641
118056651
118056661
118056671
118056681
118056691
118056701
118056711
118056721
118056731
118056742
118056752
118056762
118056772
118056782
118056792
118056802
118056812
118056822
118056832
118056842
118056852
118056863
118056873
118056883
118056893
118056903
118056913
118056923
118056933
118056943
118056953
118056963
118056973
118056984
118056994
118057004
118057014
118057024
118057034
118057044
118057054
118057064
118057074
118057084
118057094
118057105
118057115
118057125
118057135
118057145
118057155
118057165
118057175
118057185
118057195
118057205
118057215
118057226
118057236
118057246
118057256
118057266
118057276
118057286
118057296
118057306
118057316
118057326
118057336
118057347
118057357
118057367
118057377
118057387
118057397
118057407
118057417
118057427
118057437
118057447
118057457
118057468
118057478
118057488
118057498
118057508
118057518
118057528
118057538
118057548
118057558
118057568
118057578
118057589
118057599
118057609
118057619
118057629
118057639
118057649
118057659
118057669
118057679
118057689
118057699
118057710
118057720
118057730
118057740
118057750
118057760
118057770
118057780
118057790
118057800
118057810
118057820
118057831
118057841
118057851
118057861
118057871
118057881
118057891
118057901
118057911
118057921
118057931
118057941
118057952
118057962
118057972
118057982
118057992
118058002
118058012
118058022
118058032
118058042
118058052
118058062
118058073
118058083
118058093
118058103
118058113
118058123
118058133
118058143
118058153
118058163
118058173
118058183
118058194
118058204
118058214
118058224
118058234
118058244
118058254
118058264
118058274
118058284
118058294
118058304
118058315
118058325
118058335
118058345
118058355
118058365
118058375
118058385
118058395
118058405
118058415
118058426
118058436
118058446
118058456
118058466
118058476
118058486
118058496
118058506
118058516
118058526
118058536
118058547
118058557
118058567
118058577
118058587
118058597
118058607
118058617
118058627
118058637
118058647
118058657
118058668
118058678
118058688
118058698
118058708
118058718
118058728
118058738
118058748
118058758
118058768
118058778
118058789
118058799
118058809
118058819
118058829
118058839
118058849
118058859
118058869
118058879
118058889
118058899
118058910
118058920
118058930
118058940
118058950
118058960
118058970
118058980
118058990
118059000
118059010
118059020
118059031
118059041
118059051
118059061
118059071
118059081
118059091
118059101
118059111
118059121
118059131
118059141
118059152
118059162
118059172
118059182
118059192
118059202
118059212
118059222
118059232
118059242
118059252
118059262
118059273
118059283
118059293
118059303
118059313
118059323
118059333
118059343
118059353
118059363
118059373
118059383
118059394
118059404
118059414
118059424
118059434
118059444
118059454
118059464
118059474
118059484
118059494
118059504
118059515
118059525
118059535
118059545
118059555
118059565
118059575
118059585
118059595
118059605
118059615
118059625
118059635
118059646
118059656
118059666
118059676
118059686
118059696
118059706
118059716
118059726
118059736
118059746
118059756
118059767
118059777
118059787
118059797
118059807
118059817
118059827
118059837
118059847
118059857
118059867
118059877
118059888
118059898
118059908
118059918
118059928
118059938
118059948
118059958
118059968
118059978
118059988
118059998
118060009
118060019
118060029
118060039
118060049
118060059
118060069
118060079
118060089
118060099
118060109
118060119
118060130
118060140
118060150
118060160
118060170
118060180
118060190
118060200
118060210
118060220
118060230
118060240
118060251
118060261
118060271
118060281
118060291
118060301
118060311
118060321
118060331
118060341
118060351
118060361
118060372
118060382
118060392
118060402
118060412
118060422
118060432
118060442
118060452
118060462
118060472
118060482
118060493
118060503
118060513
118060523
118060533
118060543
118060553
118060563
118060573
118060583
118060593
118060603
118060614
118060624
118060634
118060644
118060654
118060664
118060674
118060684
118060694
118060704
118060714
118060724
118060735
118060745
118060755
118060765
118060775
118060785
118060795
118060805
118060815
118060825
118060835
118060845
118060856
118060866
118060876
118060886
118060896
118060906
118060916
118060926
118060936
118060946
118060956
118060966
118060977
118060987
118060997
118061007
118061017
118061027
118061037
118061047
118061057
118061067
118061077
118061088
118061098
118061108
118061118
118061128
118061138
118061148
118061158
118061168
118061178
118061188
118061198
118061209
118061219
118061229
118061239
118061249
118061259
118061269
118061279
118061289
118061299
118061309
118061319
118061330
118061340
118061350
118061360
118061370
118061380
118061390
118061400
118061410
118061420
118061430
118061440
118061451
118061461
118061471
118061481
118061491
118061501
118061511
118061521
118061531
118061541
118061551
118061561
118061572
118061582
118061592
118061602
118061612
118061622
118061632
118061642
118061652
118061662
118061672
118061682
118061693
118061703
118061713
118061723
118061733
118061743
118061753
118061763
118061773
118061783
118061793
118061803
118061814
118061824
118061834
118061844
118061854
118061864
118061874
118061884
118061894
118061904
118061914
118061924
118061935
118061945
118061955
118061965
118061975
118061985
118061995
118062005
118062015
118062025
118062035
118062046
118062056
118062066
118062076
118062086
118062096
118062106
118062116
118062126
118062136
118062146
118062156
118062167
118062177
118062187
118062197
118062207
118062217
118062227
118062237
118062247
118062257
118062267
118062277
118062288
118062298
118062308
118062318
118062328
118062338
118062348
118062358
118062368
118062378
118062388
118062398
118062409
118062419
118062429
118062439
118062449
118062459
118062469
118062479
118062489
118062499
118062509
118062519
118062530
118062540
118062550
118062560
118062570
118062580
118062590
118062600
118062610
118062620
118062630
118062640
118062651
118062661
118062671
118062681
118062691
118062701
118062711
118062721
118062731
118062741
118062751
118062761
118062772
118062782
118062792
118062802
118062812
118062822
118062832
118062842
118062852
118062862
118062872
118062882
118062893
118062903
118062913
118062923
118062933
118062943
118062953
118062963
118062973
118062983
118062993
118063004
118063014
118063024
118063034
118063044
118063054
118063064
118063074
118063084
118063094
118063104
118063114
118063124
118063135
118063145
118063155
118063165
118063175
118063185
118063195
118063205
118063215
118063225
118063235
118063245
118063256
118063266
118063276
118063286
118063296
118063306
118063316
118063326
118063336
118063346
118063356
118063366
118063377
118063387
118063397
118063407
118063417
118063427
118063437
118063447
118063457
118063467
118063477
118063487
118063498
118063508
118063518
118063528
118063538
118063548
118063558
118063568
118063578
118063588
118063598
118063608
118063619
118063629
118063639
118063649
118063659
118063669
118063679
118063689
118063699
118063709
118063719
118063730
118063740
118063750
118063760
118063770
118063780
118063790
118063800
118063810
118063820
118063830
118063840
118063851
118063861
118063871
118063881
118063891
118063901
118063911
118063921
118063931
118063941
118063951
118063961
118063972
118063982
118063992
118064002
118064012
118064022
118064032
118064042
118064052
118064062
118064072
118064082
118064093
118064103
118064113
118064123
118064133
118064143
118064153
118064163
118064173
118064183
118064193
118064203
118064214
118064224
118064234
118064244
118064254
118064264
118064274
118064284
118064294
118064304
118064314
118064324
118064335
118064345
118064355
118064365
118064375
118064385
118064395
118064405
118064415
118064425
118064435
118064445
118064456
118064466
118064476
118064486
118064496
118064506
118064516
118064526
118064536
118064546
118064556
118064566
118064577
118064587
118064597
118064607
118064617
118064627
118064637
118064647
118064657
118064667
118064677
118064687
118064698
118064708
118064718
118064728
118064738
118064748
118064758
118064768
118064778
118064788
118064798
118064808
118064819
118064829
118064839
118064849
118064859
118064869
118064879
118064889
118064899
118064909
118064919
118064929
118064940
118064950
118064960
118064970
118064980
118064990
118065000
118065010
118065020
118065030
118065040
118065050
118065061
118065071
118065081
118065091
118065101
118065111
118065121
118065131
118065141
118065151
118065161
118065171
118065182
118065192
118065202
118065212
118065222
118065232
118065242
118065252
118065262
118065272
118065282
118065292
118065303
118065313
118065323
118065333
118065343
118065353
118065363
118065373
118065383
118065393
118065403
118065414
118065424
118065434
118065444
118065454
118065464
118065474
118065484
118065494
118065504
118065514
118065524
118065535
118065545
118065555
118065565
118065575
118065585
118065595
118065605
118065615
118065625
118065635
118065645
118065656
118065666
118065676
118065686
118065696
118065706
118065716
118065726
118065736
118065746
118065756
118065766
118065777
118065787
118065797
118065807
118065817
118065827
118065837
118065847
118065857
118065867
118065877
118065887
118065898
118065908
118065918
118065928
118065938
118065948
118065958
118065968
118065978
118065988
118065998
118066008
118066019
118066029
118066039
118066049
118066059
118066069
118066079
118066089
118066099
118066109
118066119
118066129
118066140
118066150
118066160
118066170
118066180
118066190
118066200
118066210
118066220
118066230
118066240
118066250
118066261
118066271
118066281
118066291
118066301
118066311
118066321
118066331
118066341
118066351
118066361
118066371
118066382
118066392
118066402
118066412
118066422
118066432
118066442
118066452
118066462
118066472
118066482
118066493
118066503
118066513
118066523
118066533
118066543
118066553
118066563
118066573
118066583
118066593
118066603
118066614
118066624
118066634
118066644
118066654
118066664
118066674
118066684
118066694
118066704
118066714
118066724
118066735
118066745
118066755
118066765
118066775
118066785
118066795
118066805
118066815
118066825
118066835
118066845
118066856
118066866
118066876
118066886
118066896
118066906
118066916
118066926
118066936
118066946
118066956
118066967
118066977
118066987
118066997
118067007
118067017
118067027
118067037
118067047
118067057
118067067
118067077
118067088
118067098
118067108
118067118
118067128
118067138
118067148
118067158
118067168
118067178
118067188
118067198
118067209
118067219
118067229
118067239
118067249
118067259
118067269
118067279
118067289
118067299
118067309
118067320
118067330
118067340
118067350
118067360
118067370
118067380
118067390
118067400
118067410
118067420
118067430
118067441
118067451
118067461
118067471
118067481
118067491
118067501
118067511
118067521
118067531
118067541
118067551
118067562
118067572
118067582
118067592
118067602
118067612
118067622
118067632
118067642
118067652
118067662
118067672
118067683
118067693
118067703
118067713
118067723
118067733
118067743
118067753
118067763
118067773
118067783
118067794
118067804
118067814
118067824
118067834
118067844
118067854
118067864
118067874
118067884
118067894
118067904
118067915
118067925
118067935
118067945
118067955
118067965
118067975
118067985
118067995
118068005
118068015
118068025
118068036
118068046
118068056
118068066
118068076
118068086
118068096
118068106
118068116
118068126
118068136
118068146
118068157
118068167
118068177
118068187
118068197
118068207
118068217
118068227
118068237
118068247
118068257
118068267
118068278
118068288
118068298
118068308
118068318
118068328
118068338
118068348
118068358
118068368
118068378
118068389
118068399
118068409
118068419
118068429
118068439
118068449
118068459
118068469
118068479
118068489
118068499
118068510
118068520
118068530
118068540
118068550
118068560
118068570
118068580
118068590
118068600
118068610
118068620
118068631
118068641
118068651
118068661
118068671
118068681
118068691
118068701
118068711
118068721
118068731
118068742
118068752
118068762
118068772
118068782
118068792
118068802
118068812
118068822
118068832
118068842
118068852
118068863
118068873
118068883
118068893
118068903
118068913
118068923
118068933
118068943
118068953
118068963
118068973
118068984
118068994
118069004
118069014
118069024
118069034
118069044
118069054
118069064
118069074
118069084
118069094
118069105
118069115
118069125
118069135
118069145
118069155
118069165
118069175
118069185
118069195
118069205
118069216
118069226
118069236
118069246
118069256
118069266
118069276
118069286
118069296
118069306
118069316
118069326
118069337
118069347
118069357
118069367
118069377
118069387
118069397
118069407
118069417
118069427
118069437
118069447
118069458
118069468
118069478
118069488
118069498
118069508
118069518
118069528
118069538
118069548
118069558
118069568
118069579
118069589
118069599
118069609
118069619
118069629
118069639
118069649
118069659
118069669
118069679
118069690
118069700
118069710
118069720
118069730
118069740
118069750
118069760
118069770
118069780
118069790
118069800
118069811
118069821
118069831
118069841
118069851
118069861
118069871
118069881
118069891
118069901
118069911
118069921
118069932
118069942
118069952
118069962
118069972
118069982
118069992
118070002
118070012
118070022
118070032
118070043
118070053
118070063
118070073
118070083
118070093
118070103
118070113
118070123
118070133
118070143
118070153
118070164
118070174
118070184
118070194
118070204
118070214
118070224
118070234
118070244
118070254
118070264
118070274
118070285
118070295
118070305
118070315
118070325
118070335
118070345
118070355
118070365
118070375
118070385
118070395
118070406
118070416
118070426
118070436
118070446
118070456
118070466
118070476
118070486
118070496
118070506
118070517
118070527
118070537
118070547
118070557
118070567
118070577
118070587
118070597
118070607
118070617
118070627
118070638
118070648
118070658
118070668
118070678
118070688
118070698
118070708
118070718
118070728
118070738
118070748
118070759
118070769
118070779
118070789
118070799
118070809
118070819
118070829
118070839
118070849
118070859
118070869
118070880
118070890
118070900
118070910
118070920
118070930
118070940
118070950
118070960
118070970
118070980
118070990
118071001
118071011
118071021
118071031
118071041
118071051
118071061
118071071
118071081
118071091
118071101
118071112
118071122
118071132
118071142
118071152
118071162
118071172
118071182
118071192
118071202
118071212
118071222
118071233
118071243
118071253
118071263
118071273
118071283
118071293
118071303
118071313
118071323
118071333
118071343
118071354
118071364
118071374
118071384
118071394
118071404
118071414
118071424
118071434
118071444
118071454
118071464
118071475
118071485
118071495
118071505
118071515
118071525
118071535
118071545
118071555
118071565
118071575
118071585
118071596
118071606
118071616
118071626
118071636
118071646
118071656
118071666
118071676
118071686
118071696
118071706
118071717
118071727
118071737
118071747
118071757
118071767
118071777
118071787
118071797
118071807
118071817
118071827
118071838
118071848
118071858
118071868
118071878
118071888
118071898
118071908
118071918
118071928
118071938
118071949
118071959
118071969
118071979
118071989
118071999
118072009
118072019
118072029
118072039
118072049
118072059
118072070
118072080
118072090
118072100
118072110
118072120
118072130
118072140
118072150
118072160
118072170
118072180
118072191
118072201
118072211
118072221
118072231
118072241
118072251
118072261
118072271
118072281
118072291
118072301
118072312
118072322
118072332
118072342
118072352
118072362
118072372
118072382
118072392
118072402
118072412
118072422
118072433
118072443
118072453
118072463
118072473
118072483
118072493
118072503
118072513
118072523
118072533
118072544
118072554
118072564
118072574
118072584
118072594
118072604
118072614
118072624
118072634
118072644
118072654
118072665
118072675
118072685
118072695
118072705
118072715
118072725
118072735
118072745
118072755
118072765
118072775
118072786
118072796
118072806
118072816
118072826
118072836
118072846
118072856
118072866
118072876
118072886
118072896
118072907
118072917
118072927
118072937
118072947
118072957
118072967
118072977
118072987
118072997
118073007
118073017
118073028
118073038
118073048
118073058
118073068
118073078
118073088
118073098
118073108
118073118
118073128
118073138
118073149
118073159
118073169
118073179
118073189
118073199
118073209
118073219
118073229
118073239
118073249
118073260
118073270
118073280
118073290
118073300
118073310
118073320
118073330
118073340
118073350
118073360
118073370
118073381
118073391
118073401
118073411
118073421
118073431
118073441
118073451
118073461
118073471
118073481
118073491
118073502
118073512
118073522
118073532
118073542
118073552
118073562
118073572
118073582
118073592
118073602
118073612
118073623
118073633
118073643
118073653
118073663
118073673
118073683
118073693
118073703
118073713
118073723
118073733
118073744
118073754
118073764
118073774
118073784
118073794
118073804
118073814
118073824
118073834
118073844
118073855
118073865
118073875
118073885
118073895
118073905
118073915
118073925
118073935
118073945
118073955
118073965
118073976
118073986
118073996
118074006
118074016
118074026
118074036
118074046
118074056
118074066
118074076
118074086
118074097
118074107
118074117
118074127
118074137
118074147
118074157
118074167
118074177
118074187
118074197
118074207
118074218
118074228
118074238
118074248
118074258
118074268
118074278
118074288
118074298
118074308
118074318
118074328
118074339
118074349
118074359
118074369
118074379
118074389
118074399
118074409
118074419
118074429
118074439
118074449
118074460
118074470
118074480
118074490
118074500
118074510
118074520
118074530
118074540
118074550
118074560
118074571
118074581
118074591
118074601
118074611
118074621
118074631
118074641
118074651
118074661
118074671
118074681
118074692
118074702
118074712
118074722
118074732
118074742
118074752
118074762
118074772
118074782
118074792
118074802
118074813
118074823
118074833
118074843
118074853
118074863
118074873
118074883
118074893
118074903
118074913
118074923
118074934
118074944
118074954
118074964
118074974
118074984
118074994
118075004
118075014
118075024
118075034
118075044
118075055
118075065
118075075
118075085
118075095
118075105
118075115
118075125
118075135
118075145
118075155
118075165
118075176
118075186
118075196
118075206
118075216
118075226
118075236
118075246
118075256
118075266
118075276
118075286
118075297
118075307
118075317
118075327
118075337
118075347
118075357
118075367
118075377
118075387
118075397
118075408
118075418
118075428
118075438
118075448
118075458
118075468
118075478
118075488
118075498
118075508
118075518
118075529
118075539
118075549
118075559
118075569
118075579
118075589
118075599
118075609
118075619
118075629
118075639
118075650
118075660
118075670
118075680
118075690
118075700
118075710
118075720
118075730
118075740
118075750
118075760
118075771
118075781
118075791
118075801
118075811
118075821
118075831
118075841
118075851
118075861
118075871
118075881
118075892
118075902
118075912
118075922
118075932
118075942
118075952
118075962
118075972
118075982
118075992
118076002
118076013
118076023
118076033
118076043
118076053
118076063
118076073
118076083
118076093
118076103
118076113
118076124
118076134
118076144
118076154
118076164
118076174
118076184
118076194
118076204
118076214
118076224
118076234
118076245
118076255
118076265
118076275
118076285
118076295
118076305
118076315
118076325
118076335
118076345
118076355
118076366
118076376
118076386
118076396
118076406
118076416
118076426
118076436
118076446
118076456
118076466
118076476
118076487
118076497
118076507
118076517
118076527
118076537
118076547
118076557
118076567
118076577
118076587
118076598
118076608
118076618
118076628
118076638
118076648
118076658
118076668
118076678
118076688
118076698
118076708
118076719
118076729
118076739
118076749
118076759
118076769
118076779
118076789
118076799
118076809
118076819
118076829
118076840
118076850
118076860
118076870
118076880
118076890
118076900
118076910
118076920
118076930
118076940
118076950
118076961
118076971
118076981
118076991
118077001
118077011
118077021
118077031
118077041
118077051
118077061
118077071
118077082
118077092
118077102
118077112
118077122
118077132
118077142
118077152
118077162
118077172
118077182
118077193
118077203
118077213
118077223
118077233
118077243
118077253
118077263
118077273
118077283
118077293
118077303
118077314
118077324
118077334
118077344
118077354
118077364
118077374
118077384
118077394
118077404
118077414
118077424
118077435
118077445
118077455
118077465
118077475
118077485
118077495
118077505
118077515
118077525
118077535
118077546
118077556
118077566
118077576
118077586
118077596
118077606
118077616
118077626
118077636
118077646
118077656
118077667
118077677
118077687
118077697
118077707
118077717
118077727
118077737
118077747
118077757
118077767
118077777
118077788
118077798
118077808
118077818
118077828
118077838
118077848
118077858
118077868
118077878
118077888
118077899
118077909
118077919
118077929
118077939
118077949
118077959
118077969
118077979
118077989
118077999
118078009
118078020
118078030
118078040
118078050
118078060
118078070
118078080
118078090
118078100
118078110
118078120
118078130
118078141
118078151
118078161
118078171
118078181
118078191
118078201
118078211
118078221
118078231
118078241
118078251
118078262
118078272
118078282
118078292
118078302
118078312
118078322
118078332
118078342
118078352
118078362
118078373
118078383
118078393
118078403
118078413
118078423
118078433
118078443
118078453
118078463
118078473
118078483
118078494
118078504
118078514
118078524
118078534
118078544
118078554
118078564
118078574
118078584
118078594
118078605
118078615
118078625
118078635
118078645
118078655
118078665
118078675
118078685
118078695
118078705
118078715
118078726
118078736
118078746
118078756
118078766
118078776
118078786
118078796
118078806
118078816
118078826
118078836
118078847
118078857
118078867
118078877
118078887
118078897
118078907
118078917
118078927
118078937
118078947
118078957
118078968
118078978
118078988
118078998
118079008
118079018
118079028
118079038
118079048
118079058
118079068
118079079
118079089
118079099
118079109
118079119
118079129
118079139
118079149
118079159
118079169
118079179
118079189
118079200
118079210
118079220
118079230
118079240
118079250
118079260
118079270
118079280
118079290
118079300
118079311
118079321
118079331
118079341
118079351
118079361
118079371
118079381
118079391
118079401
118079411
118079421
118079432
118079442
118079452
118079462
118079472
118079482
118079492
118079502
118079512
118079522
118079532
118079542
118079553
118079563
118079573
118079583
118079593
118079603
118079613
118079623
118079633
118079643
118079653
118079664
118079674
118079684
118079694
118079704
118079714
118079724
118079734
118079744
118079754
118079764
118079774
118079785
118079795
118079805
118079815
118079825
118079835
118079845
118079855
118079865
118079875
118079885
118079895
118079906
118079916
118079926
118079936
118079946
118079956
118079966
118079976
118079986
118079996
118080006
118080016
118080027
118080037
118080047
118080057
118080067
118080077
118080087
118080097
118080107
118080117
118080127
118080138
118080148
118080158
118080168
118080178
118080188
118080198
118080208
118080218
118080228
118080238
118080248
118080259
118080269
118080279
118080289
118080299
118080309
118080319
118080329
118080339
118080349
118080359
118080369
118080380
118080390
118080400
118080410
118080420
118080430
118080440
118080450
118080460
118080470
118080480
118080490
118080501
118080511
118080521
118080531
118080541
118080551
118080561
118080571
118080581
118080591
118080601
118080612
118080622
118080632
118080642
118080652
118080662
118080672
118080682
118080692
118080702
118080712
118080722
118080733
118080743
118080753
118080763
118080773
118080783
118080793
118080803
118080813
118080823
118080833
118080843
118080854
118080864
118080874
118080884
118080894
118080904
118080914
118080924
118080934
118080944
118080954
118080964
118080975
118080985
118080995
118081005
118081015
118081025
118081035
118081045
118081055
118081065
118081075
118081085
118081096
118081106
118081116
118081126
118081136
118081146
118081156
118081166
118081176
118081186
118081196
118081207
118081217
118081227
118081237
118081247
118081257
118081267
118081277
118081287
118081297
118081307
118081317
118081328
118081338
118081348
118081358
118081368
118081378
118081388
118081398
118081408
118081418
118081428
118081438
118081449
118081459
118081469
118081479
118081489
118081499
118081509
118081519
118081529
118081539
118081549
118081559
118081570
118081580
118081590
118081600
118081610
118081620
118081630
118081640
118081650
118081660
118081670
118081680
118081691
118081701
118081711
118081721
118081731
118081741
118081751
118081761
118081771
118081781
118081791
118081801
118081812
118081822
118081832
118081842
118081852
118081862
118081872
118081882
118081892
118081902
118081912
118081923
118081933
118081943
118081953
118081963
118081973
118081983
118081993
118082003
118082013
118082023
118082033
118082044
118082054
118082064
118082074
118082084
118082094
118082104
118082114
118082124
118082134
118082144
118082154
118082165
118082175
118082185
118082195
118082205
118082215
118082225
118082235
118082245
118082255
118082265
118082275
118082286
118082296
118082306
118082316
118082326
118082336
118082346
118082356
118082366
118082376
118082386
118082397
118082407
118082417
118082427
118082437
118082447
118082457
118082467
118082477
118082487
118082497
118082507
118082518
118082528
118082538
118082548
118082558
118082568
118082578
118082588
118082598
118082608
118082618
118082628
118082639
118082649
118082659
118082669
118082679
118082689
118082699
118082709
118082719
118082729
118082739
118082749
118082760
118082770
118082780
118082790
118082800
118082810
118082820
118082830
118082840
118082850
118082860
118082870
118082881
118082891
118082901
118082911
118082921
118082931
118082941
118082951
118082961
118082971
118082981
118082991
118083002
118083012
118083022
118083032
118083042
118083052
118083062
118083072
118083082
118083092
118083102
118083113
118083123
118083133
118083143
118083153
118083163
118083173
118083183
118083193
118083203
118083213
118083223
118083234
118083244
118083254
118083264
118083274
118083284
118083294
118083304
118083314
118083324
118083334
118083344
118083355
118083365
118083375
118083385
118083395
118083405
118083415
118083425
118083435
118083445
118083455
118083465
118083476
118083486
118083496
118083506
118083516
118083526
118083536
118083546
118083556
118083566
118083576
118083586
118083597
118083607
118083617
118083627
118083637
118083647
118083657
118083667
118083677
118083687
118083697
118083707
118083718
118083728
118083738
118083748
118083758
118083768
118083778
118083788
118083798
118083808
118083818
118083828
118083839
118083849
118083859
118083869
118083879
118083889
118083899
118083909
118083919
118083929
118083939
118083949
118083960
118083970
118083980
118083990
118084000
118084010
118084020
118084030
118084040
118084050
118084060
118084070
118084081
118084091
118084101
118084111
118084121
118084131
118084141
118084151
118084161
118084171
118084181
118084191
118084202
118084212
118084222
118084232
118084242
118084252
118084262
118084272
118084282
118084292
118084302
118084313
118084323
118084333
118084343
118084353
118084363
118084373
118084383
118084393
118084403
118084413
118084423
118084434
118084444
118084454
118084464
118084474
118084484
118084494
118084504
118084514
118084524
118084534
118084544
118084555
118084565
118084575
118084585
118084595
118084605
118084615
118084625
118084635
118084645
118084655
118084665
118084676
118084686
118084696
118084706
118084716
118084726
118084736
118084746
118084756
118084766
118084776
118084786
118084797
118084807
118084817
118084827
118084837
118084847
118084857
118084867
118084877
118084887
118084897
118084907
118084918
118084928
118084938
118084948
118084958
118084968
118084978
118084988
118084998
118085008
118085018
118085028
118085039
118085049
118085059
118085069
118085079
118085089
118085099
118085109
118085119
118085129
118085139
118085149
118085160
118085170
118085180
118085190
118085200
118085210
118085220
118085230
118085240
118085250
118085260
118085270
118085281
118085291
118085301
118085311
118085321
118085331
118085341
118085351
118085361
118085371
118085381
118085391
118085402
118085412
118085422
118085432
118085442
118085452
118085462
118085472
118085482
118085492
118085502
118085513
118085523
118085533
118085543
118085553
118085563
118085573
118085583
118085593
118085603
118085613
118085623
118085634
118085644
118085654
118085664
118085674
118085684
118085694
118085704
118085714
118085724
118085734
118085744
118085755
118085765
118085775
118085785
118085795
118085805
118085815
118085825
118085835
118085845
118085855
118085865
118085876
118085886
118085896
118085906
118085916
118085926
118085936
118085946
118085956
118085966
118085976
118085987
118085997
118086007
118086017
118086027
118086037
118086047
118086057
118086067
118086077
118086087
118086097
118086108
118086118
118086128
118086138
118086148
118086158
118086168
118086178
118086188
118086198
118086208
118086218
118086229
118086239
118086249
118086259
118086269
118086279
118086289
118086299
118086309
118086319
118086329
118086340
118086350
118086360
118086370
118086380
118086390
118086400
118086410
118086420
118086430
118086440
118086450
118086461
118086471
118086481
118086491
118086501
118086511
118086521
118086531
118086541
118086551
118086561
118086572
118086582
118086592
118086602
118086612
118086622
118086632
118086642
118086652
118086662
118086672
118086682
118086693
118086703
118086713
118086723
118086733
118086743
118086753
118086763
118086773
118086783
118086793
118086803
118086814
118086824
118086834
118086844
118086854
118086864
118086874
118086884
118086894
118086904
118086914
118086924
118086935
118086945
118086955
118086965
118086975
118086985
118086995
118087005
118087015
118087025
118087035
118087045
118087056
118087066
118087076
118087086
118087096
118087106
118087116
118087126
118087136
118087146
118087156
118087166
118087177
118087187
118087197
118087207
118087217
118087227
118087237
118087247
118087257
118087267
118087277
118087287
118087298
118087308
118087318
118087328
118087338
118087348
118087358
118087368
118087378
118087388
118087398
118087408
118087419
118087429
118087439
118087449
118087459
118087469
118087479
118087489
118087499
118087509
118087519
118087529
118087540
118087550
118087560
118087570
118087580
118087590
118087600
118087610
118087620
118087630
118087640
118087650
118087661
118087671
118087681
118087691
118087701
118087711
118087721
118087731
118087741
118087751
118087761
118087772
118087782
118087792
118087802
118087812
118087822
118087832
118087842
118087852
118087862
118087872
118087882
118087893
118087903
118087913
118087923
118087933
118087943
118087953
118087963
118087973
118087983
118087993
118088003
118088014
118088024
118088034
118088044
118088054
118088064
118088074
118088084
118088094
118088104
118088114
118088124
118088135
118088145
118088155
118088165
118088175
118088185
118088195
118088205
118088215
118088225
118088235
118088245
118088256
118088266
118088276
118088286
118088296
118088306
118088316
118088326
118088336
118088346
118088356
118088367
118088377
118088387
118088397
118088407
118088417
118088427
118088437
118088447
118088457
118088467
118088477
118088488
118088498
118088508
118088518
118088528
118088538
118088548
118088558
118088568
118088578
118088588
118088598
118088609
118088619
118088629
118088639
118088649
118088659
118088669
118088679
118088689
118088699
118088709
118088719
118088730
118088740
118088750
118088760
118088770
118088780
118088790
118088800
118088810
118088820
118088830
118088841
118088851
118088861
118088871
118088881
118088891
118088901
118088911
118088921
118088931
118088941
118088951
118088962
118088972
118088982
118088992
118089002
118089012
118089022
118089032
118089042
118089052
118089062
118089072
118089083
118089093
118089103
118089113
118089123
118089133
118089143
118089153
118089163
118089173
118089183
118089193
118089204
118089214
118089224
118089234
118089244
118089254
118089264
118089274
118089284
118089294
118089304
118089315
118089325
118089335
118089345
118089355
118089365
118089375
118089385
118089395
118089405
118089415
118089425
118089436
118089446
118089456
118089466
118089476
118089486
118089496
118089506
118089516
118089526
118089536
118089546
118089557
118089567
118089577
118089587
118089597
118089607
118089617
118089627
118089637
118089647
118089657
118089668
118089678
118089688
118089698
118089708
118089718
118089728
118089738
118089748
118089758
118089768
118089778
118089789
118089799
118089809
118089819
118089829
118089839
118089849
118089859
118089869
118089879
118089889
118089899
118089910
118089920
118089930
118089940
118089950
118089960
118089970
118089980
118089990
118090000
118090010
118090020
118090031
118090041
118090051
118090061
118090071
118090081
118090091
118090101
118090111
118090121
118090131
118090141
118090152
118090162
118090172
118090182
118090192
118090202
118090212
118090222
118090232
118090242
118090252
118090263
118090273
118090283
118090293
118090303
118090313
118090323
118090333
118090343
118090353
118090363
118090373
118090384
118090394
118090404
118090414
118090424
118090434
118090444
118090454
118090464
118090474
118090484
118090494
118090505
118090515
118090525
118090535
118090545
118090555
118090565
118090575
118090585
118090595
118090605
118090616
118090626
118090636
118090646
118090656
118090666
118090676
118090686
118090696
118090706
118090716
118090726
118090737
118090747
118090757
118090767
118090777
118090787
118090797
118090807
118090817
118090827
118090837
118090847
118090858
118090868
118090878
118090888
118090898
118090908
118090918
118090928
118090938
118090948
118090958
118090969
118090979
118090989
118090999
118091009
118091019
118091029
118091039
118091049
118091059
118091069
118091079
118091090
118091100
118091110
118091120
118091130
118091140
118091150
118091160
118091170
118091180
118091190
118091200
118091211
118091221
118091231
118091241
118091251
118091261
118091271
118091281
118091291
118091301
118091311
118091321
118091332
118091342
118091352
118091362
118091372
118091382
118091392
118091402
118091412
118091422
118091432
118091443
118091453
118091463
118091473
118091483
118091493
118091503
118091513
118091523
118091533
118091543
118091553
118091564
118091574
118091584
118091594
118091604
118091614
118091624
118091634
118091644
118091654
118091664
118091674
118091685
118091695
118091705
118091715
118091725
118091735
118091745
118091755
118091765
118091775
118091785
118091795
118091806
118091816
118091826
118091836
118091846
118091856
118091866
118091876
118091886
118091896
118091906
118091917
118091927
118091937
118091947
118091957
118091967
118091977
118091987
118091997
118092007
118092017
118092027
118092038
118092048
118092058
118092068
118092078
118092088
118092098
118092108
118092118
118092128
118092138
118092148
118092159
118092169
118092179
118092189
118092199
118092209
118092219
118092229
118092239
118092249
118092259
118092270
118092280
118092290
118092300
118092310
118092320
118092330
118092340
118092350
118092360
118092370
118092381
118092391
118092401
118092411
118092421
118092431
118092441
118092451
118092461
118092471
118092481
118092491
118092502
118092512
118092522
118092532
118092542
118092552
118092562
118092572
118092582
118092592
118092602
118092612
118092623
118092633
118092643
118092653
118092663
118092673
118092683
118092693
118092703
118092713
118092723
118092734
118092744
118092754
118092764
118092774
118092784
118092794
118092804
118092814
118092824
118092834
118092844
118092855
118092865
118092875
118092885
118092895
118092905
118092915
118092925
118092935
118092945
118092955
118092966
118092976
118092986
118092996
118093006
118093016
118093026
118093036
118093046
118093056
118093066
118093076
118093087
118093097
118093107
118093117
118093127
118093137
118093147
118093157
118093167
118093177
118093187
118093198
118093208
118093218
118093228
118093238
118093248
118093258
118093268
118093278
118093288
118093298
118093308
118093319
118093329
118093339
118093349
118093359
118093369
118093379
118093389
118093399
118093409
118093419
118093429
118093440
118093450
118093460
118093470
118093480
118093490
118093500
118093510
118093520
118093530
118093540
118093551
118093561
118093571
118093581
118093591
118093601
118093611
118093621
118093631
118093641
118093651
118093661
118093672
118093682
118093692
118093702
118093712
118093722
118093732
118093742
118093752
118093762
118093772
118093782
118093793
118093803
118093813
118093823
118093833
118093843
118093853
118093863
118093873
118093883
118093893
118093904
118093914
118093924
118093934
118093944
118093954
118093964
118093974
118093984
118093994
118094004
118094014
118094025
118094035
118094045
118094055
118094065
118094075
118094085
118094095
118094105
118094115
118094125
118094135
118094146
118094156
118094166
118094176
118094186
118094196
118094206
118094216
118094226
118094236
118094246
118094256
118094267
118094277
118094287
118094297
118094307
118094317
118094327
118094337
118094347
118094357
118094367
118094378
118094388
118094398
118094408
118094418
118094428
118094438
118094448
118094458
118094468
118094478
118094488
118094499
118094509
118094519
118094529
118094539
118094549
118094559
118094569
118094579
118094589
118094599
118094610
118094620
118094630
118094640
118094650
118094660
118094670
118094680
118094690
118094700
118094710
118094720
118094731
118094741
118094751
118094761
118094771
118094781
118094791
118094801
118094811
118094821
118094831
118094841
118094852
118094862
118094872
118094882
118094892
118094902
118094912
118094922
118094932
118094942
118094952
118094963
118094973
118094983
118094993
118095003
118095013
118095023
118095033
118095043
118095053
118095063
118095073
118095084
118095094
118095104
118095114
118095124
118095134
118095144
118095154
118095164
118095174
118095184
118095195
118095205
118095215
118095225
118095235
118095245
118095255
118095265
118095275
118095285
118095295
118095305
118095316
118095326
118095336
118095346
118095356
118095366
118095376
118095386
118095396
118095406
118095416
118095427
118095437
118095447
118095457
118095467
118095477
118095487
118095497
118095507
118095517
118095527
118095537
118095548
118095558
118095568
118095578
118095588
118095598
118095608
118095618
118095628
118095638
118095648
118095659
118095669
118095679
118095689
118095699
118095709
118095719
118095729
118095739
118095749
118095759
118095769
118095780
118095790
118095800
118095810
118095820
118095830
118095840
118095850
118095860
118095870
118095880
118095891
118095901
118095911
118095921
118095931
118095941
118095951
118095961
118095971
118095981
118095991
118096001
118096012
118096022
118096032
118096042
118096052
118096062
118096072
118096082
118096092
118096102
118096112
118096123
118096133
118096143
118096153
118096163
118096173
118096183
118096193
118096203
118096213
118096223
118096233
118096244
118096254
118096264
118096274
118096284
118096294
118096304
118096314
118096324
118096334
118096344
118096355
118096365
118096375
118096385
118096395
118096405
118096415
118096425
118096435
118096445
118096455
118096465
118096476
118096486
118096496
118096506
118096516
118096526
118096536
118096546
118096556
118096566
118096576
118096587
118096597
118096607
118096617
118096627
118096637
118096647
118096657
118096667
118096677
118096687
118096697
118096708
118096718
118096728
118096738
118096748
118096758
118096768
118096778
118096788
118096798
118096808
118096818
118096829
118096839
118096849
118096859
118096869
118096879
118096889
118096899
118096909
118096919
118096929
118096940
118096950
118096960
118096970
118096980
118096990
118097000
118097010
118097020
118097030
118097040
118097050
118097061
118097071
118097081
118097091
118097101
118097111
118097121
118097131
118097141
118097151
118097161
118097171
118097182
118097192
118097202
118097212
118097222
118097232
118097242
118097252
118097262
118097272
118097282
118097293
118097303
118097313
118097323
118097333
118097343
118097353
118097363
118097373
118097383
118097393
118097403
118097414
118097424
118097434
118097444
118097454
118097464
118097474
118097484
118097494
118097504
118097514
118097525
118097535
118097545
118097555
118097565
118097575
118097585
118097595
118097605
118097615
118097625
118097635
118097646
118097656
118097666
118097676
118097686
118097696
118097706
118097716
118097726
118097736
118097746
118097757
118097767
118097777
118097787
118097797
118097807
118097817
118097827
118097837
118097847
118097857
118097867
118097878
118097888
118097898
118097908
118097918
118097928
118097938
118097948
118097958
118097968
118097978
118097988
118097999
118098009
118098019
118098029
118098039
118098049
118098059
118098069
118098079
118098089
118098099
118098110
118098120
118098130
118098140
118098150
118098160
118098170
118098180
118098190
118098200
118098210
118098220
118098231
118098241
118098251
118098261
118098271
118098281
118098291
118098301
118098311
118098321
118098331
118098341
118098352
118098362
118098372
118098382
118098392
118098402
118098412
118098422
118098432
118098442
118098452
118098462
118098473
118098483
118098493
118098503
118098513
118098523
118098533
118098543
118098553
118098563
118098573
118098584
118098594
118098604
118098614
118098624
118098634
118098644
118098654
118098664
118098674
118098684
118098694
118098705
118098715
118098725
118098735
118098745
118098755
118098765
118098775
118098785
118098795
118098805
118098815
118098826
118098836
118098846
118098856
118098866
118098876
118098886
118098896
118098906
118098916
118098926
118098936
118098947
118098957
118098967
118098977
118098987
118098997
118099007
118099017
118099027
118099037
118099047
118099057
118099068
118099078
118099088
118099098
118099108
118099118
118099128
118099138
118099148
118099158
118099168
118099178
118099189
118099199
118099209
118099219
118099229
118099239
118099249
118099259
118099269
118099279
118099289
118099300
118099310
118099320
118099330
118099340
118099350
118099360
118099370
118099380
118099390
118099400
118099410
118099421
118099431
118099441
118099451
118099461
118099471
118099481
118099491
118099501
118099511
118099521
118099531
118099542
118099552
118099562
118099572
118099582
118099592
118099602
118099612
118099622
118099632
118099642
118099652
118099663
118099673
118099683
118099693
118099703
118099713
118099723
118099733
118099743
118099753
118099763
118099773
118099784
118099794
118099804
118099814
118099824
118099834
118099844
118099854
118099864
118099874
118099884
118099894
118099905
118099915
118099925
118099935
118099945
118099955
118099965
118099975
118099985
118099995
118100005
118100015
118100026
118100036
118100046
118100056
118100066
118100076
118100086
118100096
118100106
118100116
118100126
118100136
118100147
118100157
118100167
118100177
118100187
118100197
118100207
118100217
118100227
118100237
118100247
118100257
118100268
118100278
118100288
118100298
118100308
118100318
118100328
118100338
118100348
118100358
118100368
118100378
118100389
118100399
118100409
118100419
118100429
118100439
118100449
118100459
118100469
118100479
118100489
118100499
118100510
118100520
118100530
118100540
118100550
118100560
118100570
118100580
118100590
118100600
118100610
118100620
118100631
118100641
118100651
118100661
118100671
118100681
118100691
118100701
118100711
118100721
118100731
118100742
118100752
118100762
118100772
118100782
118100792
118100802
118100812
118100822
118100832
118100842
118100852
118100863
118100873
118100883
118100893
118100903
118100913
118100923
118100933
118100943
118100953
118100963
118100973
118100984
118100994
118101004
118101014
118101024
118101034
118101044
118101054
118101064
118101074
118101084
118101094
118101105
118101115
118101125
118101135
118101145
118101155
118101165
118101175
118101185
118101195
118101205
118101215
118101226
118101236
118101246
118101256
118101266
118101276
118101286
118101296
118101306
118101316
118101326
118101336
118101347
118101357
118101367
118101377
118101387
118101397
118101407
118101417
118101427
118101437
118101447
118101458
118101468
118101478
118101488
118101498
118101508
118101518
118101528
118101538
118101548
118101558
118101568
118101579
118101589
118101599
118101609
118101619
118101629
118101639
118101649
118101659
118101669
118101679
118101689
118101700
118101710
118101720
118101730
118101740
118101750
118101760
118101770
118101780
118101790
118101800
118101810
118101821
118101831
118101841
118101851
118101861
118101871
118101881
118101891
118101901
118101911
118101921
118101931
118101942
118101952
118101962
118101972
118101982
118101992
118102002
118102012
118102022
118102032
118102042
118102052
118102063
118102073
118102083
118102093
118102103
118102113
118102123
118102133
118102143
118102153
118102163
118102174
118102184
118102194
118102204
118102214
118102224
118102234
118102244
118102254
118102264
118102274
118102284
118102295
118102305
118102315
118102325
118102335
118102345
118102355
118102365
118102375
118102385
118102395
118102405
118102416
118102426
118102436
118102446
118102456
118102466
118102476
118102486
118102496
118102506
118102516
118102526
118102537
118102547
118102557
118102567
118102577
118102587
118102597
118102607
118102617
118102627
118102637
118102648
118102658
118102668
118102678
118102688
118102698
118102708
118102718
118102728
118102738
118102748
118102758
118102769
118102779
118102789
118102799
118102809
118102819
118102829
118102839
118102849
118102859
118102869
118102879
118102890
118102900
118102910
118102920
118102930
118102940
118102950
118102960
118102970
118102980
118102990
118103000
118103011
118103021
118103031
118103041
118103051
118103061
118103071
118103081
118103091
118103101
118103111
118103121
118103132
118103142
118103152
118103162
118103172
118103182
118103192
118103202
118103212
118103222
118103232
118103243
118103253
118103263
118103273
118103283
118103293
118103303
118103313
118103323
118103333
118103343
118103353
118103364
118103374
118103384
118103394
118103404
118103414
118103424
118103434
118103444
118103454
118103464
118103474
118103485
118103495
118103505
118103515
118103525
118103535
118103545
118103555
118103565
118103575
118103585
118103595
118103606
118103616
118103626
118103636
118103646
118103656
118103666
118103676
118103686
118103696
118103706
118103716
118103727
118103737
118103747
118103757
118103767
118103777
118103787
118103797
118103807
118103817
118103827
118103837
118103848
118103858
118103868
118103878
118103888
118103898
118103908
118103918
118103928
118103938
118103948
118103958
118103969
118103979
118103989
118103999
118104009
118104019
118104029
118104039
118104049
118104059
118104069
118104079
118104090
118104100
118104110
118104120
118104130
118104140
118104150
118104160
118104170
118104180
118104190
118104200
118104211
118104221
118104231
118104241
118104251
118104261
118104271
118104281
118104291
118104301
118104311
118104322
118104332
118104342
118104352
118104362
118104372
118104382
118104392
118104402
118104412
118104422
118104432
118104443
118104453
118104463
118104473
118104483
118104493
118104503
118104513
118104523
118104533
118104543
118104553
118104564
118104574
118104584
118104594
118104604
118104614
118104624
118104634
118104644
118104654
118104664
118104674
118104685
118104695
118104705
118104715
118104725
118104735
118104745
118104755
118104765
118104775
118104785
118104795
118104806
118104816
118104826
118104836
118104846
118104856
118104866
118104876
118104886
118104896
118104906
118104916
118104927
118104937
118104947
118104957
118104967
118104977
118104987
118104997
118105007
118105017
118105027
118105037
118105048
118105058
118105068
118105078
118105088
118105098
118105108
118105118
118105128
118105138
118105148
118105158
118105169
118105179
118105189
118105199
118105209
118105219
118105229
118105239
118105249
118105259
118105269
118105279
118105290
118105300
118105310
118105320
118105330
118105340
118105350
118105360
118105370
118105380
118105390
118105401
118105411
118105421
118105431
118105441
118105451
118105461
118105471
118105481
118105491
118105501
118105511
118105522
118105532
118105542
118105552
118105562
118105572
118105582
118105592
118105602
118105612
118105622
118105632
118105643
118105653
118105663
118105673
118105683
118105693
118105703
118105713
118105723
118105733
118105743
118105753
118105764
118105774
118105784
118105794
118105804
118105814
118105824
118105834
118105844
118105854
118105864
118105875
118105885
118105895
118105905
118105915
118105925
118105935
118105945
118105955
118105965
118105975
118105985
118105996
118106006
118106016
118106026
118106036
118106046
118106056
118106066
118106076
118106086
118106096
118106106
118106117
118106127
118106137
118106147
118106157
118106167
118106177
118106187
118106197
118106207
118106217
118106227
118106238
118106248
118106258
118106268
118106278
118106288
118106298
118106308
118106318
118106328
118106338
118106348
118106359
118106369
118106379
118106389
118106399
118106409
118106419
118106429
118106439
118106449
118106459
118106469
118106480
118106490
118106500
118106510
118106520
118106530
118106540
118106550
118106560
118106570
118106580
118106591
118106601
118106611
118106621
118106631
118106641
118106651
118106661
118106671
118106681
118106691
118106701
118106712
118106722
118106732
118106742
118106752
118106762
118106772
118106782
118106792
118106802
118106812
118106822
118106833
118106843
118106853
118106863
118106873
118106883
118106893
118106903
118106913
118106923
118106933
118106943
118106954
118106964
118106974
118106984
118106994
118107004
118107014
118107024
118107034
118107044
118107054
118107064
118107075
118107085
118107095
118107105
118107115
118107125
118107135
118107145
118107155
118107165
118107175
118107185
118107196
118107206
118107216
118107226
118107236
118107246
118107256
118107266
118107276
118107286
118107296
118107307
118107317
118107327
118107337
118107347
118107357
118107367
118107377
118107387
118107397
118107407
118107417
118107428
118107438
118107448
118107458
118107468
118107478
118107488
118107498
118107508
118107518
118107528
118107538
118107549
118107559
118107569
118107579
118107589
118107599
118107609
118107619
118107629
118107639
118107649
118107659
118107670
118107680
118107690
118107700
118107710
118107720
118107730
118107740
118107750
118107760
118107770
118107780
118107791
118107801
118107811
118107821
118107831
118107841
118107851
118107861
118107871
118107881
118107891
118107902
118107912
118107922
118107932
118107942
118107952
118107962
118107972
118107982
118107992
118108002
118108012
118108023
118108033
118108043
118108053
118108063
118108073
118108083
118108093
118108103
118108113
118108123
118108133
118108144
118108154
118108164
118108174
118108184
118108194
118108204
118108214
118108224
118108234
118108244
118108254
118108265
118108275
118108285
118108295
118108305
118108315
118108325
118108335
118108345
118108355
118108365
118108375
118108386
118108396
118108406
118108416
118108426
118108436
118108446
118108456
118108466
118108476
118108486
118108496
118108507
118108517
118108527
118108537
118108547
118108557
118108567
118108577
118108587
118108597
118108607
118108617
118108628
118108638
118108648
118108658
118108668
118108678
118108688
118108698
118108708
118108718
118108728
118108738
118108749
118108759
118108769
118108779
118108789
118108799
118108809
118108819
118108829
118108839
118108849
118108859
118108870
118108880
118108890
118108900
118108910
118108920
118108930
118108940
118108950
118108960
118108970
118108980
118108991
118109001
118109011
118109021
118109031
118109041
118109051
118109061
118109071
118109081
118109091
118109101
118109112
118109122
118109132
118109142
118109152
118109162
118109172
118109182
118109192
118109202
118109212
118109222
118109233
118109243
118109253
118109263
118109273
118109283
118109293
118109303
118109313
118109323
118109333
118109343
118109354
118109364
118109374
118109384
118109394
118109404
118109414
118109424
118109434
118109444
118109454
118109465
118109475
118109485
118109495
118109505
118109515
118109525
118109535
118109545
118109555
118109565
118109575
118109586
118109596
118109606
118109616
118109626
118109636
118109646
118109656
118109666
118109676
118109686
118109696
118109707
118109717
118109727
118109737
118109747
118109757
118109767
118109777
118109787
118109797
118109807
118109817
118109828
118109838
118109848
118109858
118109868
118109878
118109888
118109898
118109908
118109918
118109928
118109938
118109949
118109959
118109969
118109979
118109989
118109999
118110009
118110019
118110029
118110039
118110049
118110059
118110070
118110080
118110090
118110100
118110110
118110120
118110130
118110140
118110150
118110160
118110170
118110180
118110191
118110201
118110211
118110221
118110231
118110241
118110251
118110261
118110271
118110281
118110291
118110301
118110312
118110322
118110332
118110342
118110352
118110362
118110372
118110382
118110392
118110402
118110412
118110422
118110432
118110443
118110453
118110463
118110473
118110483
118110493
118110503
118110513
118110523
118110533
118110543
118110553
118110564
118110574
118110584
118110594
118110604
118110614
118110624
118110634
118110644
118110654
118110664
118110674
118110685
118110695
118110705
118110715
118110725
118110735
118110745
118110755
118110765
118110775
118110785
118110795
118110806
118110816
118110826
118110836
118110846
118110856
118110866
118110876
118110886
118110896
118110906
118110916
118110927
118110937
118110947
118110957
118110967
118110977
118110987
118110997
118111007
118111017
118111027
118111038
118111048
118111058
118111068
118111078
118111088
118111098
118111108
118111118
118111128
118111138
118111148
118111159
118111169
118111179
118111189
118111199
118111209
118111219
118111229
118111239
118111249
118111259
118111269
118111280
118111290
118111300
118111310
118111320
118111330
118111340
118111350
118111360
118111370
118111380
118111390
118111401
118111411
118111421
118111431
118111441
118111451
118111461
118111471
118111481
118111491
118111501
118111511
118111522
118111532
118111542
118111552
118111562
118111572
118111582
118111592
118111602
118111612
118111622
118111632
118111643
118111653
118111663
118111673
118111683
118111693
118111703
118111713
118111723
118111733
118111743
118111753
118111764
118111774
118111784
118111794
118111804
118111814
118111824
118111834
118111844
118111854
118111864
118111874
118111885
118111895
118111905
118111915
118111925
118111935
118111945
118111955
118111965
118111975
118111985
118111996
118112006
118112016
118112026
118112036
118112046
118112056
118112066
118112076
118112086
118112096
118112106
118112117
118112127
118112137
118112147
118112157
118112167
118112177
118112187
118112197
118112207
118112217
118112227
118112238
118112248
118112258
118112268
118112278
118112288
118112298
118112308
118112318
118112328
118112338
118112348
118112359
118112369
118112379
118112389
118112399
118112409
118112419
118112429
118112439
118112449
118112459
118112469
118112480
118112490
118112500
118112510
118112520
118112530
118112540
118112550
118112560
118112570
118112580
118112590
118112601
118112611
118112621
118112631
118112641
118112651
118112661
118112671
118112681
118112691
118112701
118112711
118112722
118112732
118112742
118112752
118112762
118112772
118112782
118112792
118112802
118112812
118112822
118112833
118112843
118112853
118112863
118112873
118112883
118112893
118112903
118112913
118112923
118112933
118112943
118112954
118112964
118112974
118112984
118112994
118113004
118113014
118113024
118113034
118113044
118113054
118113064
118113075
118113085
118113095
118113105
118113115
118113125
118113135
118113145
118113155
118113165
118113175
118113185
118113196
118113206
118113216
118113226
118113236
118113246
118113256
118113266
118113276
118113286
118113296
118113306
118113317
118113327
118113337
118113347
118113357
118113367
118113377
118113387
118113397
118113407
118113417
118113428
118113438
118113448
118113458
118113468
118113478
118113488
118113498
118113508
118113518
118113528
118113538
118113549
118113559
118113569
118113579
118113589
118113599
118113609
118113619
118113629
118113639
118113649
118113659
118113670
118113680
118113690
118113700
118113710
118113720
118113730
118113740
118113750
118113760
118113770
118113780
118113791
118113801
118113811
118113821
118113831
118113841
118113851
118113861
118113871
118113881
118113891
118113901
118113912
118113922
118113932
118113942
118113952
118113962
118113972
118113982
118113992
118114002
118114012
118114022
118114033
118114043
118114053
118114063
118114073
118114083
118114093
118114103
118114113
118114123
118114133
118114144
118114154
118114164
118114174
118114184
118114194
118114204
118114214
118114224
118114234
118114244
118114254
118114265
118114275
118114285
118114295
118114305
118114315
118114325
118114335
118114345
118114355
118114365
118114375
118114386
118114396
118114406
118114416
118114426
118114436
118114446
118114456
118114466
118114476
118114486
118114496
118114507
118114517
118114527
118114537
118114547
118114557
118114567
118114577
118114587
118114597
118114607
118114617
118114628
118114638
118114648
118114658
118114668
118114678
118114688
118114698
118114708
118114718
118114728
118114738
118114749
118114759
118114769
118114779
118114789
118114799
118114809
118114819
118114829
118114839
118114849
118114860
118114870
118114880
118114890
118114900
118114910
118114920
118114930
118114940
118114950
118114960
118114970
118114981
118114991
118115001
118115011
118115021
118115031
118115041
118115051
118115061
118115071
118115081
118115091
118115102
118115112
118115122
118115132
118115142
118115152
118115162
118115172
118115182
118115192
118115202
118115212
118115223
118115233
118115243
118115253
118115263
118115273
118115283
118115293
118115303
118115313
118115323
118115333
118115344
118115354
118115364
118115374
118115384
118115394
118115404
118115414
118115424
118115434
118115444
118115454
118115465
118115475
118115485
118115495
118115505
118115515
118115525
118115535
118115545
118115555
118115565
118115575
118115586
118115596
118115606
118115616
118115626
118115636
118115646
118115656
118115666
118115676
118115686
118115696
118115707
118115717
118115727
118115737
118115747
118115757
118115767
118115777
118115787
118115797
118115807
118115817
118115828
118115838
118115848
118115858
118115868
118115878
118115888
118115898
118115908
118115918
118115928
118115939
118115949
118115959
118115969
118115979
118115989
118115999
118116009
118116019
118116029
118116039
118116049
118116060
118116070
118116080
118116090
118116100
118116110
118116120
118116130
118116140
118116150
118116160
118116170
118116181
118116191
118116201
118116211
118116221
118116231
118116241
118116251
118116261
118116271
118116281
118116291
118116302
118116312
118116322
118116332
118116342
118116352
118116362
118116372
118116382
118116392
118116402
118116412
118116423
118116433
118116443
118116453
118116463
118116473
118116483
118116493
118116503
118116513
118116523
118116534
118116544
118116554
118116564
118116574
118116584
118116594
118116604
118116614
118116624
118116634
118116644
118116655
118116665
118116675
118116685
118116695
118116705
118116715
118116725
118116735
118116745
118116755
118116765
118116776
118116786
118116796
118116806
118116816
118116826
118116836
118116846
118116856
118116866
118116876
118116887
118116897
118116907
118116917
118116927
118116937
118116947
118116957
118116967
118116977
118116987
118116997
118117008
118117018
118117028
118117038
118117048
118117058
118117068
118117078
118117088
118117098
118117108
118117118
118117129
118117139
118117149
118117159
118117169
118117179
118117189
118117199
118117209
118117219
118117229
118117239
118117250
118117260
118117270
118117280
118117290
118117300
118117310
118117320
118117330
118117340
118117350
118117361
118117371
118117381
118117391
118117401
118117411
118117421
118117431
118117441
118117451
118117461
118117471
118117482
118117492
118117502
118117512
118117522
118117532
118117542
118117552
118117562
118117572
118117582
118117592
118117603
118117613
118117623
118117633
118117643
118117653
118117663
118117673
118117683
118117693
118117703
118117714
118117724
118117734
118117744
118117754
118117764
118117774
118117784
118117794
118117804
118117814
118117824
118117835
118117845
118117855
118117865
118117875
118117885
118117895
118117905
118117915
118117925
118117935
118117946
118117956
118117966
118117976
118117986
118117996
118118006
118118016
118118026
118118036
118118046
118118056
118118067
118118077
118118087
118118097
118118107
118118117
118118127
118118137
118118147
118118157
118118167
118118177
118118188
118118198
118118208
118118218
118118228
118118238
118118248
118118258
118118268
118118278
118118288
118118299
118118309
118118319
118118329
118118339
118118349
118118359
118118369
118118379
118118389
118118399
118118409
118118420
118118430
118118440
118118450
118118460
118118470
118118480
118118490
118118500
118118510
118118520
118118530
118118541
118118551
118118561
118118571
118118581
118118591
118118601
118118611
118118621
118118631
118118641
118118651
118118662
118118672
118118682
118118692
118118702
118118712
118118722
118118732
118118742
118118752
118118762
118118772
118118783
118118793
118118803
118118813
118118823
118118833
118118843
118118853
118118863
118118873
118118883
118118894
118118904
118118914
118118924
118118934
118118944
118118954
118118964
118118974
118118984
118118994
118119004
118119015
118119025
118119035
118119045
118119055
118119065
118119075
118119085
118119095
118119105
118119115
118119125
118119136
118119146
118119156
118119166
118119176
118119186
118119196
118119206
118119216
118119226
118119236
118119247
118119257
118119267
118119277
118119287
118119297
118119307
118119317
118119327
118119337
118119347
118119357
118119368
118119378
118119388
118119398
118119408
118119418
118119428
118119438
118119448
118119458
118119468
118119478
118119489
118119499
118119509
118119519
118119529
118119539
118119549
118119559
118119569
118119579
118119589
118119599
118119610
118119620
118119630
118119640
118119650
118119660
118119670
118119680
118119690
118119700
118119710
118119721
118119731
118119741
118119751
118119761
118119771
118119781
118119791
118119801
118119811
118119821
118119831
118119842
118119852
118119862
118119872
118119882
118119892
118119902
118119912
118119922
118119932
118119942
118119952
118119963
118119973
118119983
118119993
118120003
118120013
118120023
118120033
118120043
118120053
118120063
118120073
118120084
118120094
118120104
118120114
118120124
118120134
118120144
118120154
118120164
118120174
118120184
118120195
118120205
118120215
118120225
118120235
118120245
118120255
118120265
118120275
118120285
118120295
118120305
118120316
118120326
118120336
118120346
118120356
118120366
118120376
118120386
118120396
118120406
118120416
118120426
118120437
118120447
118120457
118120467
118120477
118120487
118120497
118120507
118120517
118120527
118120537
118120547
118120558
118120568
118120578
118120588
118120598
118120608
118120618
118120628
118120638
118120648
118120658
118120668
118120679
118120689
118120699
118120709
118120719
118120729
118120739
118120749
118120759
118120769
118120779
118120789
118120800
118120810
118120820
118120830
118120840
118120850
118120860
118120870
118120880
118120890
118120900
118120910
118120921
118120931
118120941
118120951
118120961
118120971
118120981
118120991
118121001
118121011
118121021
118121031
118121042
118121052
118121062
118121072
118121082
118121092
118121102
118121112
118121122
118121132
118121142
118121152
118121163
118121173
118121183
118121193
118121203
118121213
118121223
118121233
118121243
118121253
118121263
118121274
118121284
118121294
118121304
118121314
118121324
118121334
118121344
118121354
118121364
118121374
118121384
118121395
118121405
118121415
118121425
118121435
118121445
118121455
118121465
118121475
118121485
118121495
118121505
118121516
118121526
118121536
118121546
118121556
118121566
118121576
118121586
118121596
118121606
118121616
118121627
118121637
118121647
118121657
118121667
118121677
118121687
118121697
118121707
118121717
118121727
118121737
118121748
118121758
118121768
118121778
118121788
118121798
118121808
118121818
118121828
118121838
118121848
118121858
118121869
118121879
118121889
118121899
118121909
118121919
118121929
118121939
118121949
118121959
118121969
118121979
118121990
118122000
118122010
118122020
118122030
118122040
118122050
118122060
118122070
118122080
118122090
118122100
118122111
118122121
118122131
118122141
118122151
118122161
118122171
118122181
118122191
118122201
118122211
118122221
118122232
118122242
118122252
118122262
118122272
118122282
118122292
118122302
118122312
118122322
118122332
118122342
118122353
118122363
118122373
118122383
118122393
118122403
118122413
118122423
118122433
118122443
118122453
118122463
118122474
118122484
118122494
118122504
118122514
118122524
118122534
118122544
118122554
118122564
118122574
118122585
118122595
118122605
118122615
118122625
118122635
118122645
118122655
118122665
118122675
118122685
118122695
118122706
118122716
118122726
118122736
118122746
118122756
118122766
118122776
118122786
118122796
118122806
118122816
118122827
118122837
118122847
118122857
118122867
118122877
118122887
118122897
118122907
118122917
118122927
118122937
118122948
118122958
118122968
118122978
118122988
118122998
118123008
118123018
118123028
118123038
118123048
118123058
118123069
118123079
118123089
118123099
118123109
118123119
118123129
118123139
118123149
118123159
118123169
118123180
118123190
118123200
118123210
118123220
118123230
118123240
118123250
118123260
118123270
118123280
118123290
118123301
118123311
118123321
118123331
118123341
118123351
118123361
118123371
118123381
118123391
118123401
118123411
118123422
118123432
118123442
118123452
118123462
118123472
118123482
118123492
118123502
118123512
118123522
118123532
118123543
118123553
118123563
118123573
118123583
118123593
118123603
118123613
118123623
118123633
118123643
118123653
118123664
118123674
118123684
118123694
118123704
118123714
118123724
118123734
118123744
118123754
118123764
118123775
118123785
118123795
118123805
118123815
118123825
118123835
118123845
118123855
118123865
118123875
118123885
118123896
118123906
118123916
118123926
118123936
118123946
118123956
118123966
118123976
118123986
118123996
118124006
118124017
118124027
118124037
118124047
118124057
118124067
118124077
118124087
118124097
118124107
118124117
118124127
118124138
118124148
118124158
118124168
118124178
118124188
118124198
118124208
118124218
118124228
118124238
118124248
118124259
118124269
118124279
118124289
118124299
118124309
118124319
118124329
118124339
118124349
118124359
118124370
118124380
118124390
118124400
118124410
118124420
118124430
118124440
118124450
118124460
118124470
118124480
118124491
118124501
118124511
118124521
118124531
118124541
118124551
118124561
118124571
118124581
118124591
118124601
118124612
118124622
118124632
118124642
118124652
118124662
118124672
118124682
118124692
118124702
118124712
118124722
118124733
118124743
118124753
118124763
118124773
118124783
118124793
118124803
118124813
118124823
118124833
118124843
118124854
118124864
118124874
118124884
118124894
118124904
118124914
118124924
118124934
118124944
118124954
118124965
118124975
118124985
118124995
118125005
118125015
118125025
118125035
118125045
118125055
118125065
118125075
118125086
118125096
118125106
118125116
118125126
118125136
118125146
118125156
118125166
118125176
118125186
118125196
118125207
118125217
118125227
118125237
118125247
118125257
