X,Y,Z
0.3166499435901642,0.0031033754348754883,-0.25873011350631714
0.3328275978565216,0.0028988122940063477,-0.38031452894210815
0.23052002489566803,0.1004711389541626,-0.40896064043045044
0.260490357875824,0.06781333684921265,-0.3348524570465088
0.19488659501075745,-0.007194578647613525,-0.10730636119842529
0.14602351188659668,-0.41811293363571167,0.07187408208847046
0.2619963586330414,-0.5157415866851807,0.16177958250045776
0.36036309599876404,-0.32242584228515625,0.23937004804611206
0.37038254737854004,-0.15613651275634766,0.3100847601890564
0.3453481197357178,-0.08039867877960205,0.2850688695907593
0.33255305886268616,-0.05386948585510254,0.11273616552352905
0.31168198585510254,0.06677830219268799,-0.12201666831970215
0.12579068541526794,0.1355832815170288,0.06540775299072266
-0.20816509425640106,0.13268226385116577,0.1954825520515442
-0.6438932418823242,0.1179816722869873,0.3468204736709595
-0.5141431093215942,0.019082188606262207,0.3172307014465332
-0.24625012278556824,-0.07104676961898804,0.3519846200942993
-0.14876116812229156,-0.04030585289001465,0.45887917280197144
-0.10086138546466827,0.0446208119392395,0.48198217153549194
-0.12592685222625732,0.02721691131591797,0.4703674912452698
-0.1508166640996933,-0.043955713510513306,0.6190294623374939
-0.1625908762216568,-0.056919991970062256,0.9328282475471497
-0.27343693375587463,0.058935582637786865,1.2327766418457031
-0.23409169912338257,0.2892903983592987,1.4404041767120361
-0.3053310215473175,0.4355263411998749,1.5026806592941284
-0.4613758623600006,0.4326704144477844,1.4136563539505005
-0.5317732691764832,0.4497565031051636,1.3010129928588867
-0.6265529990196228,0.5127760767936707,1.306377649307251
-0.7456190586090088,0.5071781873703003,1.3733539581298828
-0.9077392816543579,0.511688232421875,1.516454815864563
-1.0124684572219849,0.5720293521881104,1.6876318454742432
-0.9959304332733154,0.6708400249481201,1.7885054349899292
-0.9167125225067139,0.8249406814575195,1.8673202991485596
-0.8863183259963989,0.9798955917358398,1.9205518960952759
-0.9355051517486572,1.025404453277588,1.8319698572158813
-1.0148985385894775,1.0373306274414062,1.74684476852417
-1.1513397693634033,1.0963985919952393,1.667812466621399
-1.265452265739441,1.1617344617843628,1.5391746759414673
-1.4396905899047852,1.1888200044631958,1.367262363433838
-1.6960258483886719,1.1603578329086304,1.1695739030838013
-2.0284030437469482,1.1340711116790771,0.905663013458252
-2.2831501960754395,1.0941840410232544,0.572265088558197
-2.534623384475708,1.0447967052459717,0.3375560939311981
-2.890162944793701,0.9990743398666382,0.22613441944122314
-3.382863998413086,0.9339631795883179,0.3159711956977844
-4.000308513641357,0.9740745425224304,0.6340681910514832
-4.611724376678467,1.252329707145691,1.1412097215652466
-4.959718704223633,1.8484574556350708,1.411881923675537
-4.967474937438965,2.6466336250305176,0.9555403590202332
-4.810296535491943,3.300093173980713,-0.022118084132671356
-4.512624740600586,3.6281814575195312,-1.113650918006897
-4.06688928604126,3.7342946529388428,-2.0106892585754395
-3.663133382797241,3.601346015930176,-2.379694938659668
-3.5091090202331543,3.353469133377075,-2.034229278564453
-3.630317449569702,3.1694955825805664,-1.0736457109451294
-3.9075160026550293,3.124448299407959,0.056486427783966064
-3.985497236251831,3.2289655208587646,0.9158608913421631
-3.885524034500122,3.4566400051116943,1.2221307754516602
-3.639430522918701,3.725287914276123,1.088463306427002
-3.3184890747070312,3.928365468978882,0.7616136074066162
-3.03932523727417,4.065741539001465,0.40427619218826294
-2.7242040634155273,4.136910438537598,0.11807000637054443
-2.405116081237793,4.128040790557861,-0.13329875469207764
-2.0651774406433105,4.08224630355835,-0.38731515407562256
-1.750832200050354,3.9688754081726074,-0.594540536403656
-1.5748748779296875,3.7855286598205566,-0.8406819701194763
-1.5094106197357178,3.5944690704345703,-1.1393356323242188
-1.467785358428955,3.4396543502807617,-1.4775587320327759
-1.579093098640442,3.3431286811828613,-1.8916691541671753
-1.715011715888977,3.3472251892089844,-2.3036534786224365
-1.8298271894454956,3.4234535694122314,-2.530850887298584
-2.0058586597442627,3.5056848526000977,-2.4589853286743164
-2.2645468711853027,3.6398730278015137,-2.2381815910339355
-2.497570037841797,3.7049779891967773,-1.907973051071167
-2.7120862007141113,3.663722515106201,-1.6605771780014038
-2.8450746536254883,3.7163541316986084,-1.6395996809005737
-2.7107510566711426,3.8675129413604736,-1.7480913400650024
-2.4475350379943848,4.005446434020996,-1.8328105211257935
-2.226717710494995,4.065083980560303,-1.8386247158050537
-2.0150365829467773,4.014378070831299,-1.6615288257598877
-1.836406946182251,3.8309144973754883,-1.447171926498413
-1.8959846496582031,3.5902631282806396,-1.1891862154006958
-1.9574506282806396,3.254549503326416,-0.8675137162208557
-1.93723464012146,2.9432601928710938,-0.4648835062980652
-1.9347784519195557,2.7648117542266846,-0.14483988285064697
-1.8905051946640015,2.6012394428253174,0.09458962082862854
-1.7952322959899902,2.4216673374176025,0.2913280725479126
-1.7866294384002686,2.2386436462402344,0.46769189834594727
-2.031717300415039,1.966623306274414,0.5732792615890503
-2.5131282806396484,1.7174856662750244,0.45446455478668213
-3.0405073165893555,1.603391408920288,0.14572906494140625
-3.5106115341186523,1.6522934436798096,-0.16446256637573242
-3.7399885654449463,1.9354896545410156,-0.36991870403289795
-3.7004799842834473,2.4230709075927734,-0.5081005096435547
-3.572105646133423,2.9289374351501465,-0.5631008148193359
-3.320693254470825,3.376768112182617,-0.5329530239105225
-3.1323084831237793,3.821854591369629,-0.46279796957969666
-2.8456802368164062,4.301835536956787,-0.4109775722026825
-2.3155808448791504,4.697052955627441,-0.38302183151245117
-1.8061614036560059,4.911522388458252,-0.35404881834983826
-1.3774478435516357,5.002453327178955,-0.3640032410621643
-1.0131025314331055,4.931914329528809,-0.5584485530853271
-0.8384637236595154,4.7889509201049805,-0.7975969314575195
-0.7751767039299011,4.6040143966674805,-1.099501132965088
-0.930026113986969,4.382644176483154,-1.4895145893096924
-1.1357603073120117,4.209092617034912,-1.7766168117523193
-1.2611802816390991,4.091418266296387,-1.8813543319702148
-1.3553740978240967,4.013586521148682,-1.821618914604187
-1.364769697189331,3.983625888824463,-1.5620042085647583
-1.335448980331421,4.007726669311523,-1.2461938858032227
-1.423368215560913,4.106812000274658,-1.0082404613494873
-1.5505495071411133,4.375787734985352,-0.8770897388458252
-1.6097490787506104,4.822201728820801,-0.9550142288208008
-1.5632894039154053,5.3327178955078125,-1.1800469160079956
-1.489139199256897,5.821517467498779,-1.2594355344772339
-1.4018681049346924,6.145076751708984,-1.1989893913269043
-1.3812146186828613,6.311395645141602,-0.9528682827949524
-1.3139991760253906,6.289278030395508,-0.41187381744384766
-1.262953519821167,6.216113090515137,0.2867736220359802
-1.2527574300765991,6.15662145614624,0.8274452090263367
-1.1467773914337158,5.984072208404541,1.1038330793380737
-0.9383674263954163,5.698742866516113,1.1739670038223267
-0.7385544776916504,5.508277416229248,1.0834662914276123
-0.5704511404037476,5.262378215789795,0.7130327224731445
-0.672200083732605,4.821287631988525,0.18084420263767242
-1.051016926765442,4.438952445983887,-0.16519223153591156
-1.392228603363037,4.149776458740234,-0.19827806949615479
-1.6072626113891602,3.930323362350464,0.12892168760299683
-1.7806264162063599,3.7801079750061035,0.586025595664978
-2.0847411155700684,3.629941463470459,0.9010849595069885
-2.460970163345337,3.6065006256103516,0.8818397521972656
-2.9498395919799805,3.8994140625,0.654636800289154
-2.8874945640563965,4.185032844543457,0.3717995882034302
-2.844223976135254,4.482892990112305,0.17629528045654297
-2.9099457263946533,4.774496555328369,-0.11311745643615723
-2.8531243801116943,4.962953567504883,-0.440973162651062
-2.7563910484313965,5.0785651206970215,-0.81831955909729
-2.5261948108673096,4.972911357879639,-1.2712891101837158
-2.3767809867858887,4.83518648147583,-1.6530953645706177
-2.2507715225219727,4.655928134918213,-1.9408258199691772
-2.1462109088897705,4.434370517730713,-2.0915346145629883
-1.9612928628921509,4.219396114349365,-2.1567015647888184
-1.5839955806732178,3.89046311378479,-2.2069809436798096
-1.222341537475586,3.513101100921631,-2.233837842941284
-1.1929925680160522,3.1354923248291016,-2.139439105987549
-1.4386084079742432,2.7904276847839355,-1.8791165351867676
-1.8930587768554688,2.5059189796447754,-1.616233468055725
-2.343709707260132,2.332481622695923,-1.4934542179107666
-2.6841793060302734,2.3248226642608643,-1.5160722732543945
-2.8142192363739014,2.5156283378601074,-1.6434662342071533
-2.7569923400878906,2.8848228454589844,-1.837674617767334
-2.4396157264709473,3.257829427719116,-2.1251235008239746
-2.031799077987671,3.458432912826538,-2.5090720653533936
-1.7806425094604492,3.5107650756835938,-2.84668231010437
-1.778818130493164,3.4791371822357178,-2.8035168647766113
-2.0556693077087402,3.3589179515838623,-2.4020373821258545
-2.456479787826538,3.303788900375366,-1.7944923639297485
-2.7742297649383545,3.3462283611297607,-1.2339129447937012
-2.9576005935668945,3.5032052993774414,-0.8759762048721313
-3.0207009315490723,3.7356116771698,-0.6949141621589661
-2.9985389709472656,4.0056562423706055,-0.6102331876754761
-2.947284460067749,4.317387104034424,-0.6180809736251831
-2.8005242347717285,4.6384196281433105,-0.6947014927864075
-2.5084519386291504,4.890700817108154,-0.703913152217865
-2.1426215171813965,5.0777153968811035,-0.7123842239379883
-1.6619914770126343,5.093580722808838,-0.7773134112358093
-1.1710582971572876,4.988127708435059,-1.007009506225586
-0.8066284656524658,4.858923435211182,-1.31571364402771
-0.5552719235420227,4.687601089477539,-1.592932939529419
-0.38098034262657166,4.4522552490234375,-1.7456388473510742
-0.2675548791885376,4.123032569885254,-1.9086943864822388
-0.2620089054107666,3.6966888904571533,-2.0582315921783447
-0.4121657907962799,3.3073573112487793,-2.312154769897461
-0.5984742641448975,2.8585848808288574,-2.6094508171081543
-0.9136773943901062,2.6423983573913574,-2.9140822887420654
-1.2078773975372314,2.5751988887786865,-3.0211002826690674
-1.467726707458496,2.5435984134674072,-2.9203267097473145
-1.670259952545166,2.516970634460449,-2.7231149673461914
-1.7469673156738281,2.4815149307250977,-2.4654793739318848
-1.7667129039764404,2.403019428253174,-2.1569643020629883
-1.7702527046203613,2.310667037963867,-1.9758265018463135
-1.830904483795166,2.2587931156158447,-1.9251947402954102
-1.9952632188796997,2.2474989891052246,-1.8733692169189453
-2.1937646865844727,2.2629363536834717,-1.6756950616836548
-2.3449065685272217,2.304619550704956,-1.474981665611267
-2.4395461082458496,2.3316192626953125,-1.2475907802581787
-2.486340284347534,2.4498677253723145,-0.9663501977920532
-2.492706298828125,2.650914430618286,-0.7782435417175293
-2.435455322265625,2.8122365474700928,-0.5423535108566284
-2.4203989505767822,2.8263256549835205,-0.24905145168304443
-2.4833781719207764,2.7586607933044434,-0.0531025230884552
-2.6595218181610107,2.6111364364624023,-0.09607400000095367
-2.9564125537872314,2.3590564727783203,-0.22820864617824554
-3.225308656692505,2.1478843688964844,-0.3186190128326416
-3.341073513031006,2.0972046852111816,-0.37036752700805664
-3.2742245197296143,2.180117130279541,-0.2902297377586365
-3.1276021003723145,2.397536039352417,-0.23723717033863068
-3.0141232013702393,2.845393657684326,-0.398095965385437
-2.879969835281372,3.3936257362365723,-0.6989948749542236
-2.7276532649993896,3.969101667404175,-0.8620787262916565
-2.398083209991455,4.343479156494141,-0.8060089349746704
-2.0772299766540527,4.424067974090576,-0.6202868819236755
-1.7510831356048584,4.338891983032227,-0.47923147678375244
-1.5052292346954346,4.220376014709473,-0.4847481846809387
-1.4253947734832764,4.16456413269043,-0.6477314829826355
-1.4844589233398438,4.249485015869141,-0.9522669315338135
-1.5522472858428955,4.437625408172607,-1.3364355564117432
-1.497251272201538,4.679862022399902,-1.661269187927246
-1.3317519426345825,4.911803245544434,-1.857629656791687
-1.1298565864562988,5.0363545417785645,-1.8679306507110596
-0.9663447141647339,5.0883283615112305,-1.7516180276870728
-0.796538770198822,5.128081798553467,-1.6900255680084229
-0.8199321031570435,5.1366143226623535,-1.565801739692688
-0.9321432709693909,5.166935443878174,-1.27744722366333
-1.049316644668579,5.28108549118042,-0.9781625866889954
-1.1428141593933105,5.405765533447266,-0.588726818561554
-1.2820613384246826,5.479834079742432,-0.14417338371276855
-1.4989473819732666,5.568760871887207,0.29375895857810974
-1.6093982458114624,5.5419840812683105,0.789603590965271
-1.7508329153060913,5.665258407592773,0.967632532119751
-1.912236213684082,5.715359687805176,0.9124401807785034
-2.119478225708008,5.843051910400391,0.755713939666748
-2.201101779937744,5.9764251708984375,0.5356621146202087
-2.244802951812744,5.818835735321045,0.37488216161727905
-2.4295785427093506,5.697781085968018,0.29868239164352417
-2.658747911453247,5.617240905761719,0.3693995475769043
-2.766523599624634,5.489629745483398,0.5162945985794067
-2.702322244644165,5.349419116973877,0.7364246249198914
-2.811196804046631,5.174949645996094,0.8737673759460449
-2.907285451889038,5.083259105682373,0.8639445304870605
-2.8862314224243164,4.877593517303467,0.7766452431678772
-2.937368869781494,4.8540778160095215,0.5669497847557068
-2.9272024631500244,4.785294055938721,0.47949522733688354
-2.960226535797119,4.8734307289123535,0.419613242149353
-2.8903555870056152,4.995786190032959,0.23519086837768555
-2.8430685997009277,5.044861316680908,-0.009771525859832764
-2.999589443206787,4.955465316772461,-0.32886528968811035
-3.1465206146240234,4.776688098907471,-0.770917534828186
-3.105717182159424,4.597220420837402,-1.1912336349487305
-2.9366085529327393,4.485861778259277,-1.5230152606964111
-2.7028119564056396,4.323360443115234,-1.758554220199585
-2.3039379119873047,4.166581153869629,-1.9164522886276245
-1.7902493476867676,3.9177591800689697,-2.030162811279297
-1.5996510982513428,3.3165817260742188,-2.0261993408203125
-1.7681334018707275,2.663822650909424,-1.7735562324523926
-2.0715625286102295,2.132070302963257,-1.3505971431732178
-2.4795095920562744,1.6922416687011719,-0.8557934761047363
-2.867511510848999,1.431725263595581,-0.5456570982933044
-3.1117091178894043,1.4003939628601074,-0.5072539448738098
-3.2354094982147217,1.5705270767211914,-0.6768288016319275
-3.1646127700805664,1.8937878608703613,-0.9936020374298096
-3.0977694988250732,2.203701972961426,-1.3895186185836792
-3.0524346828460693,2.486992597579956,-1.700125813484192
-3.0900614261627197,2.7015504837036133,-1.7254624366760254
-3.239008903503418,2.797356605529785,-1.5071325302124023
-3.4755051136016846,2.81534743309021,-1.126165747642517
-3.753108501434326,2.806847095489502,-0.6621695160865784
-3.9497017860412598,2.902750015258789,-0.26120221614837646
-3.939079523086548,3.150630235671997,0.014451265335083008
-3.7589330673217773,3.4594743251800537,0.11140516400337219
-3.4462578296661377,3.7828264236450195,0.12148532271385193
-3.1035237312316895,4.0839314460754395,0.108295738697052
-2.7757999897003174,4.292400360107422,0.05556279420852661
-2.3529958724975586,4.356998443603516,-0.00447043776512146
-1.905334234237671,4.301032066345215,-0.09458979964256287
-1.5158543586730957,4.1420512199401855,-0.2847023010253906
-1.17533278465271,3.9492576122283936,-0.5340366363525391
-0.9399503469467163,3.8352694511413574,-0.8198758363723755
-0.8007326126098633,3.7117886543273926,-1.1438614130020142
-0.7607338428497314,3.5945162773132324,-1.4149197340011597
-0.7549851536750793,3.464900255203247,-1.740346074104309
-0.7447546124458313,3.2687666416168213,-2.0844969749450684
-0.8324512243270874,3.0795812606811523,-2.3293585777282715
-1.0316580533981323,2.8962273597717285,-2.4952149391174316
-1.2937310934066772,2.78790020942688,-2.6453800201416016
-1.6052985191345215,2.790584087371826,-2.710970401763916
-1.7997676134109497,2.792612314224243,-2.7494208812713623
-1.7709462642669678,2.909635305404663,-2.7190451622009277
-1.5450732707977295,3.052844524383545,-2.5185725688934326
-1.3778462409973145,3.053588390350342,-2.1473755836486816
-1.4108903408050537,2.8897669315338135,-1.7660696506500244
-1.6030899286270142,2.666804552078247,-1.434915542602539
-1.7617967128753662,2.442270040512085,-1.1827764511108398
-1.7931280136108398,2.2447476387023926,-1.0885052680969238
-1.8097792863845825,2.1541619300842285,-1.1121881008148193
-1.8407562971115112,2.16975998878479,-1.1912074089050293
-1.8459184169769287,2.2571277618408203,-1.3117156028747559
-1.7532150745391846,2.4258739948272705,-1.4293451309204102
-1.692634105682373,2.618966579437256,-1.437820553779602
-1.7270781993865967,2.7980315685272217,-1.3847615718841553
-1.8897346258163452,2.9590961933135986,-1.2665975093841553
-2.0956010818481445,3.056574821472168,-0.9778535962104797
-2.306208372116089,3.0513176918029785,-0.5724689960479736
-2.575845718383789,2.9824929237365723,-0.20292508602142334
-2.767529249191284,2.792416572570801,0.06371341645717621
-2.7797114849090576,2.5203118324279785,0.2705061435699463
-2.7075068950653076,2.3444724082946777,0.4086936116218567
-2.60524320602417,2.3188793659210205,0.4219781756401062
-2.5213968753814697,2.516629695892334,0.23720884323120117
-2.498145580291748,2.9023032188415527,-0.11826163530349731
-2.557260036468506,3.4235007762908936,-0.40849435329437256
-2.6728382110595703,4.0703277587890625,-0.5789554119110107
-2.64076566696167,4.680909633636475,-0.6869218349456787
-2.412339687347412,4.979872226715088,-0.7201533317565918
-2.090167999267578,4.976438999176025,-0.6692367792129517
-1.7062102556228638,4.930622577667236,-0.6226851940155029
-1.3475688695907593,4.945394992828369,-0.6979257464408875
-1.0718035697937012,5.076532363891602,-0.8528281450271606
-0.8674446940422058,5.3595662117004395,-1.152931809425354
-0.7264769673347473,5.655666828155518,-1.494505763053894
-0.5813445448875427,5.8297834396362305,-1.539408564567566
-0.33876729011535645,5.841325759887695,-1.2421358823776245
-0.13809943199157715,5.7655720710754395,-0.8595914244651794
-0.026399552822113037,5.625316619873047,-0.5049304962158203
0.007413327693939209,5.301506519317627,-0.1199425756931305
-0.15673327445983887,4.994907379150391,0.2259196937084198
-0.3411009907722473,4.747253894805908,0.47072887420654297
-0.501541793346405,4.61120080947876,0.595223605632782
-0.6683263182640076,4.5767412185668945,0.6966639161109924
-0.8032684922218323,4.688220024108887,0.7284426689147949
-0.8948133587837219,4.890895843505859,0.663153886795044
-0.9553718566894531,5.080743312835693,0.579758882522583
-1.0722546577453613,5.188323974609375,0.4786092936992645
-1.3021330833435059,5.251219749450684,0.45876452326774597
-1.5827693939208984,5.273127555847168,0.5965619087219238
-1.8123403787612915,5.339599132537842,0.8359631299972534
-1.8946552276611328,5.514796733856201,1.1343157291412354
-1.7646751403808594,5.568150997161865,1.4610904455184937
-1.5864449739456177,5.493755340576172,1.6202746629714966
-1.3302907943725586,5.420300483703613,1.7283961772918701
-1.201719045639038,5.042160511016846,1.7132545709609985
-1.4628359079360962,4.600487232208252,1.4915482997894287
-1.9063936471939087,4.375982284545898,1.222764015197754
-2.212064266204834,4.252907752990723,1.0510320663452148
-2.3573522567749023,4.250852584838867,1.0640672445297241
-2.3693127632141113,4.366575241088867,1.1226911544799805
-2.2885401248931885,4.426192283630371,1.0913063287734985
-2.1599345207214355,4.434797763824463,1.0051817893981934
-2.027747869491577,4.464350700378418,0.8221217393875122
-1.9950275421142578,4.4624834060668945,0.5659093856811523
-2.208259344100952,4.387904644012451,0.24425309896469116
-2.347921371459961,4.327850341796875,-0.19964051246643066
-2.3254992961883545,4.172909259796143,-0.7340671420097351
-2.291464328765869,3.9725780487060547,-1.2831318378448486
-2.1452863216400146,3.706340789794922,-1.6732921600341797
-1.9479475021362305,3.4281117916107178,-1.842675805091858
-1.8159230947494507,3.1576857566833496,-1.8241761922836304
-1.8807909488677979,2.901221513748169,-1.6987264156341553
-2.155421495437622,2.6793830394744873,-1.5654401779174805
-2.538472890853882,2.5409774780273438,-1.5028938055038452
-2.9399664402008057,2.5077250003814697,-1.6215707063674927
-3.2772865295410156,2.625779151916504,-1.9058301448822021
-3.4744386672973633,2.792806625366211,-2.256925582885742
-3.401503324508667,3.0444512367248535,-2.6749773025512695
-3.1485397815704346,3.3438196182250977,-2.956233501434326
-2.8653478622436523,3.5949490070343018,-3.0108845233917236
-2.4974772930145264,3.7902908325195312,-2.8713126182556152
-2.095294952392578,3.852813959121704,-2.6493897438049316
-2.0249648094177246,3.7868380546569824,-2.361842393875122
-2.1481547355651855,3.637866497039795,-1.978630781173706
-2.445652961730957,3.4324936866760254,-1.5016863346099854
-2.8929357528686523,3.2762813568115234,-0.9862762689590454
-3.2423813343048096,3.263170003890991,-0.4897845983505249
-3.360365152359009,3.370741605758667,-0.07177102565765381
-3.187236785888672,3.6215081214904785,0.19547796249389648
-2.9112377166748047,3.8931355476379395,0.2846081852912903
-2.67100191116333,4.15219259262085,0.30150413513183594
-2.4559056758880615,4.3985419273376465,0.3179447054862976
-2.1292495727539062,4.582917213439941,0.32715070247650146
-1.7676098346710205,4.6730217933654785,0.30386626720428467
-1.2561261653900146,4.675719738006592,0.15142810344696045
-0.6861697435379028,4.5869340896606445,-0.12297052145004272
-0.29745179414749146,4.3821001052856445,-0.4783746004104614
-0.007932990789413452,4.151788234710693,-0.8535966873168945
0.17822089791297913,3.9143104553222656,-1.236881971359253
0.21513107419013977,3.692321300506592,-1.5717175006866455
0.2341436892747879,3.449897289276123,-1.7882299423217773
0.16221605241298676,3.176027774810791,-1.9635467529296875
0.03894360363483429,2.907684087753296,-2.1885015964508057
-0.23013868927955627,2.7134921550750732,-2.4480843544006348
-0.663245677947998,2.5390119552612305,-2.737292766571045
-1.102677345275879,2.5096333026885986,-3.0583877563476562
-1.4518382549285889,2.6984152793884277,-3.1976561546325684
-1.7057656049728394,2.925560712814331,-3.023386240005493
-1.9011597633361816,3.128679037094116,-2.6973764896392822
-2.033315658569336,3.284463405609131,-2.3484749794006348
-2.052037477493286,3.406449794769287,-2.0716211795806885
-1.9517381191253662,3.489617347717285,-1.7977360486984253
-1.8693873882293701,3.469886064529419,-1.4900293350219727
-1.8034656047821045,3.422975778579712,-1.280639410018921
-1.763063907623291,3.432349443435669,-1.3295116424560547
-1.7604284286499023,3.5244364738464355,-1.4068772792816162
-1.842604398727417,3.696338653564453,-1.36421537399292
-2.000375270843506,3.8599693775177,-1.2734715938568115
-1.977815866470337,3.9808754920959473,-1.0994884967803955
-2.0197529792785645,3.9964051246643066,-0.8421134352684021
-2.2151637077331543,3.85915207862854,-0.6066163778305054
-2.376985788345337,3.5630977153778076,-0.34987887740135193
-2.4761762619018555,3.1343040466308594,-0.1316215991973877
-2.543699264526367,2.7646121978759766,-0.10957956314086914
-2.6306886672973633,2.565455436706543,-0.23583471775054932
-2.637240171432495,2.6238150596618652,-0.3751879930496216
-2.5844435691833496,2.947687864303589,-0.6766095161437988
-2.357417106628418,3.3720171451568604,-1.0854079723358154
-1.9387946128845215,3.8205111026763916,-1.3436076641082764
-1.56514310836792,4.2365922927856445,-1.4616087675094604
-1.2254630327224731,4.5994720458984375,-1.4776322841644287
-0.8464115858078003,4.872959613800049,-1.273741364479065
-0.5400250554084778,4.91069221496582,-0.9058762192726135
-0.3645440340042114,4.762361526489258,-0.5406776666641235
-0.36246225237846375,4.548638343811035,-0.3032349646091461
-0.34946751594543457,4.398520469665527,-0.21423280239105225
-0.37872403860092163,4.354823112487793,-0.2898086905479431
-0.39516353607177734,4.446590900421143,-0.4724794030189514
-0.5272916555404663,4.595855712890625,-0.4114113748073578
-0.3188120722770691,4.9256391525268555,-0.319378137588501
-0.05553615093231201,4.9896697998046875,-0.14407017827033997
0.14504468441009521,5.037573337554932,0.10544931888580322
0.5048570036888123,5.020495891571045,0.27326616644859314
0.23009401559829712,4.676872730255127,-0.5397180318832397
0.23211312294006348,4.660337924957275,-0.35476452112197876
0.0996636152267456,4.425642013549805,-0.341521680355072
-0.06727886199951172,4.324675559997559,-0.4127846956253052
-0.2560011148452759,4.377037048339844,-0.3868412673473358
-0.48087751865386963,4.418815612792969,-0.3702429533004761
-0.7202368974685669,4.498188495635986,-0.358079195022583
-0.9789103269577026,4.63724946975708,-0.16289973258972168
-1.1871997117996216,4.784104347229004,0.2906903624534607
-1.4111963510513306,5.031898498535156,0.7898923754692078
-1.5662765502929688,5.230587482452393,1.103513479232788
-1.636473298072815,5.396732807159424,1.2108235359191895
-1.6888209581375122,5.50831937789917,1.1779192686080933
-1.7782412767410278,5.489538192749023,1.012204885482788
-1.880045771598816,5.492757320404053,0.8854538798332214
-1.9499014616012573,5.409474849700928,0.8640593886375427
-2.105558395385742,5.264150142669678,0.9304517507553101
-2.302217483520508,5.160298824310303,1.0095996856689453
-2.375661849975586,5.061971664428711,1.0633466243743896
-2.445476770401001,4.987890720367432,1.0512945652008057
-2.394521713256836,4.876451015472412,1.0102941989898682
-2.271228551864624,4.777941703796387,0.9428895115852356
-2.1198625564575195,4.666985988616943,0.7523874044418335
-2.083002805709839,4.523036479949951,0.4777851402759552
-2.2051126956939697,4.4927544593811035,0.17380762100219727
-2.3129653930664062,4.629921913146973,-0.131412535905838
-2.2377591133117676,4.816773414611816,-0.39102426171302795
-1.9215701818466187,4.975154876708984,-0.6137877702713013
-1.2936750650405884,4.910516738891602,-0.8138681650161743
-0.6870992183685303,4.649756908416748,-1.038910150527954
-0.1502309888601303,4.324985027313232,-1.2407196760177612
0.2300446629524231,3.8834221363067627,-1.3133118152618408
0.2699917256832123,3.461981773376465,-1.2602459192276
0.10494238138198853,3.0705316066741943,-1.1056735515594482
-0.1894342452287674,2.723400354385376,-0.9477195143699646
-0.5886564254760742,2.5016114711761475,-0.9012954235076904
-1.012701153755188,2.4469661712646484,-0.9658687114715576
-1.3354730606079102,2.594010829925537,-1.1386604309082031
-1.4736456871032715,2.9987988471984863,-1.4775974750518799
-1.245917558670044,3.494953155517578,-1.9684393405914307
-0.67988520860672,3.8102948665618896,-2.580685615539551
0.03252667188644409,3.8491063117980957,-3.1228859424591064
0.6624346971511841,3.769075393676758,-3.423623561859131
0.7831275463104248,3.5994951725006104,-3.3967816829681396
0.4160119295120239,3.367774724960327,-2.9702086448669434
-0.11060839891433716,3.1868927478790283,-2.299042224884033
-0.6863303184509277,3.0568227767944336,-1.70807683467865
-1.1511610746383667,2.9659969806671143,-1.2667125463485718
-1.3566371202468872,2.90531587600708,-0.93256676197052
-1.3514798879623413,2.9017882347106934,-0.6587707996368408
-1.2963777780532837,2.967501640319824,-0.3975217938423157
-1.3370602130889893,3.032710075378418,-0.14705997705459595
-1.4140115976333618,3.056140899658203,0.11617499589920044
-1.5077924728393555,3.064544200897217,0.3940508961677551
-1.5922155380249023,3.0778567790985107,0.6325098872184753
-1.5493156909942627,3.0700571537017822,0.8506524562835693
-1.496261715888977,3.063950538635254,1.0586272478103638
-1.496840000152588,3.0425937175750732,1.2249269485473633
-1.5081373453140259,3.0160529613494873,1.3550615310668945
-1.4747415781021118,2.954408645629883,1.4428553581237793
-1.4090423583984375,2.853154420852661,1.464999794960022
-1.325887680053711,2.7195818424224854,1.4274340867996216
-1.2169780731201172,2.594141721725464,1.35008704662323
-1.0899856090545654,2.4811601638793945,1.2617523670196533
-0.964094877243042,2.3681585788726807,1.182037591934204
-0.8457423448562622,2.259063959121704,1.1118299961090088
-0.7243058085441589,2.1684811115264893,1.0539765357971191
-0.6105074882507324,2.082430601119995,0.992050290107727
-0.5094058513641357,1.993386149406433,0.9221584796905518
-0.4212403893470764,1.9120457172393799,0.8479498028755188
-0.3576909899711609,1.8607333898544312,0.7644208073616028
-0.309506356716156,1.8204097747802734,0.6771188974380493
-0.2688915729522705,1.786865472793579,0.6049817800521851
-0.2541314363479614,1.7706495523452759,0.5349878072738647
-0.24713611602783203,1.7763168811798096,0.4707830548286438
-0.24246054887771606,1.7761313915252686,0.41867756843566895
-0.22971376776695251,1.7820253372192383,0.37930357456207275
-0.20226329565048218,1.7932863235473633,0.34645771980285645
-0.15819743275642395,1.8139101266860962,0.3174607753753662
-0.059526294469833374,1.8524343967437744,0.29770350456237793
0.05542139708995819,1.8473045825958252,0.29459941387176514
0.08204866945743561,1.8348530530929565,0.28573548793792725
-0.0041280463337898254,1.815872073173523,0.2925572395324707
-0.17999988794326782,1.7758877277374268,0.3181896209716797
-0.40637919306755066,1.745225429534912,0.3029818534851074
-0.7456123232841492,1.5945805311203003,0.14792026579380035
-1.1176626682281494,1.3120036125183105,-0.2901519536972046
-1.4143493175506592,0.8626811504364014,-1.0347615480422974
-1.5684665441513062,0.3647659420967102,-1.829201102256775
-1.9416389465332031,-0.06539082527160645,-2.3467912673950195
-2.529435634613037,-0.4864833950996399,-2.51646089553833
-2.8259129524230957,-0.9132406711578369,-2.3868048191070557
-2.6221790313720703,-1.1720736026763916,-2.0017354488372803
-2.1217398643493652,-1.1726114749908447,-1.4863990545272827
-1.542917251586914,-1.059804916381836,-1.0473709106445312
-1.063288927078247,-0.9005299210548401,-0.810352087020874
-0.7642935514450073,-0.7364628911018372,-0.6802697777748108
-0.532813549041748,-0.5887262225151062,-0.5270971059799194
-0.3200903832912445,-0.45461219549179077,-0.34480613470077515
-0.1693621277809143,-0.36890387535095215,-0.153281569480896
-0.07399804890155792,-0.3138275742530823,0.0034481585025787354
-0.010484181344509125,-0.2771029472351074,0.10977637767791748
-0.010080195963382721,-0.2442106008529663,0.19987809658050537
-0.06949569284915924,-0.23246610164642334,0.30701225996017456
-0.11320388317108154,-0.22580069303512573,0.4288378059864044
-0.107204370200634,-0.19803297519683838,0.5398916006088257
-0.06991796940565109,-0.1741499900817871,0.5842214822769165
-0.009845718741416931,-0.15429067611694336,0.5762675404548645
0.03930415213108063,-0.1222996711730957,0.5043396949768066
0.05123352259397507,-0.0961083173751831,0.3821415603160858
0.03340860456228256,-0.0737871527671814,0.2732560932636261
0.011627070605754852,-0.049343645572662354,0.20164644718170166
0.0037886425852775574,-0.035281240940093994,0.13783180713653564
0.015659518539905548,-0.005612611770629883,0.08089131116867065
0.024425379931926727,0.027878880500793457,0.05730628967285156
0.015533097088336945,0.03241652250289917,0.07689890265464783
0.008984386920928955,0.021993696689605713,0.13096719980239868
0.01899018883705139,0.01615196466445923,0.19465911388397217
0.042795054614543915,0.02164524793624878,0.22635439038276672
0.07765909284353256,0.01805788278579712,0.22216147184371948
0.1079954281449318,0.00888746976852417,0.20799654722213745
0.13717012107372284,0.005887508392333984,0.19666635990142822
0.14650964736938477,-0.001634061336517334,0.19837725162506104
0.1471373438835144,-0.010804593563079834,0.21140748262405396
0.15667815506458282,-0.02544611692428589,0.24218052625656128
0.20482175052165985,-0.020261168479919434,0.2950577735900879
0.3157080411911011,0.05195009708404541,0.3543050289154053
0.48052138090133667,0.16966110467910767,0.3693699836730957
0.4838293194770813,0.10065776109695435,0.29231560230255127
0.4658779799938202,0.08191686868667603,0.16579627990722656
0.4364490807056427,0.12578177452087402,0.047976136207580566
0.4212433695793152,0.18287605047225952,-0.03733265399932861
0.4554736018180847,0.2489834427833557,-0.09270930290222168
0.5106034278869629,0.310064435005188,-0.11711692810058594
0.574059784412384,0.3841654658317566,-0.14109516143798828
0.6369512677192688,0.46943867206573486,-0.18979692459106445
0.6834523677825928,0.5233953595161438,-0.2191503643989563
0.6873786449432373,0.5275515913963318,-0.2409917116165161
0.6389974355697632,0.5661553144454956,-0.33005744218826294
0.6651427745819092,0.6378143429756165,-0.3525083661079407
0.7023121118545532,0.6533454656600952,-0.2581712007522583
0.6069958209991455,0.6491686105728149,-0.20437106490135193
0.5288293361663818,0.6447873711585999,-0.16257694363594055
0.4831746816635132,0.6816341876983643,-0.1348184049129486
0.33436042070388794,0.6346467733383179,-0.12426772713661194
0.22169113159179688,0.6371073722839355,-0.11064672470092773
0.34800130128860474,0.8669069409370422,-0.10197928547859192
0.27526944875717163,0.8005675077438354,-0.0668516680598259
0.12906956672668457,0.7006754279136658,0.042999267578125
0.09446227550506592,0.7133188247680664,0.15335619449615479
0.06679248809814453,0.8130528330802917,0.2526841163635254
-0.0423886775970459,0.8530373573303223,0.3475301265716553
-0.21896934509277344,0.753387451171875,0.49416884779930115
-0.3625587224960327,0.6149786114692688,0.6670032739639282
-0.4917842745780945,0.486107736825943,0.8205457329750061
-0.5815923810005188,0.3664983808994293,0.9036735892295837
-0.7314493060112,0.40714123845100403,1.0050634145736694
-0.7910844087600708,0.4227847754955292,1.0969818830490112
-0.702654242515564,0.3429776430130005,1.110304832458496
-0.6086947917938232,0.29384735226631165,1.0721185207366943
-0.5589107871055603,0.328376442193985,1.0054402351379395
-0.46405476331710815,0.3517894744873047,0.9304823279380798
-0.31331199407577515,0.32936444878578186,0.8551602959632874
-0.1383180022239685,0.35260531306266785,0.7539571523666382
0.06848382949829102,0.33902183175086975,0.7145745754241943
0.20267951488494873,0.3203059732913971,0.7653893828392029
0.2922568917274475,0.3212032616138458,0.7774756550788879
0.3322588801383972,0.2951963245868683,0.7399153113365173
0.3141788840293884,0.26382917165756226,0.6894488334655762
0.2390592098236084,0.23782530426979065,0.6459946632385254
0.13878852128982544,0.2066914439201355,0.5981874465942383
0.010571599006652832,0.14340585470199585,0.5629998445510864
-0.17675945162773132,0.08535249531269073,0.611375093460083
-0.15451738238334656,0.11573539674282074,0.5941662788391113
-0.011407077312469482,0.07177950441837311,0.46310651302337646
0.0378362238407135,0.07097677886486053,0.3131648302078247
0.10522398352622986,0.148576021194458,0.20637500286102295
0.20204496383666992,0.21126094460487366,0.11110591888427734
0.24660712480545044,0.24080704152584076,0.031057000160217285
0.2500302493572235,0.25193464756011963,-0.013922274112701416
0.19744566082954407,0.2519304156303406,-0.06906366348266602
0.15271559357643127,0.24022354185581207,-0.10590213537216187
0.1673937886953354,0.22363488376140594,-0.14861321449279785
0.1977611780166626,0.231421560049057,-0.15598607063293457
0.2230575680732727,0.24465474486351013,-0.10869932174682617
0.18491889536380768,0.2322080284357071,-0.014621734619140625
0.15030482411384583,0.259541392326355,0.09000468254089355
0.20449940860271454,0.2711730897426605,0.1337457299232483
0.5567998290061951,0.19416363537311554,0.6167594790458679
0.32027509808540344,0.26084354519844055,0.8899597525596619
0.10357087850570679,0.263222873210907,0.4723333716392517
0.06702236831188202,0.1541842222213745,0.2423490285873413
0.028204351663589478,0.09252367913722992,0.09371745586395264
0.13221663236618042,0.1341295689344406,0.03387320041656494
0.18487341701984406,0.15840739011764526,-0.009284257888793945
0.23252183198928833,0.19096024334430695,-0.05830097198486328
0.2464112788438797,0.19290409982204437,-0.11425256729125977
0.2018233835697174,0.17410995066165924,-0.1429629921913147
0.15554703772068024,0.15238724648952484,-0.13975036144256592
0.1190127581357956,0.1415526270866394,-0.14529824256896973
0.13192076981067657,0.10309219360351562,-0.21062636375427246
0.1590947061777115,0.009391777217388153,-0.37583601474761963
0.119155153632164,-0.056319884955883026,-0.2902522087097168
0.08037205040454865,-0.007726855576038361,1.5677694082260132
0.0765625536441803,0.10247223824262619,-0.06486892700195312
0.08106717467308044,0.18096911907196045,-0.01549065113067627
0.036458179354667664,0.16598908603191376,0.035888612270355225
0.026437655091285706,0.13320934772491455,0.027168869972229004
0.07736510038375854,0.1223929300904274,0.011130332946777344
0.08826005458831787,0.08335250616073608,0.01401364803314209
0.10473565757274628,0.07310079783201218,0.023726820945739746
0.10985009372234344,0.07533293962478638,0.015776216983795166
0.11322501301765442,0.08767611533403397,0.01578211784362793
0.12099002301692963,0.09857362508773804,0.01896345615386963
0.11193107068538666,0.08107545226812363,0.023926854133605957
0.1338665932416916,0.08382894843816757,0.014225959777832031
0.16011342406272888,0.07438893616199493,0.01826918125152588
0.16106249392032623,0.03529130667448044,0.02116382122039795
0.15942077338695526,0.008114196360111237,0.01526188850402832
0.1605318784713745,0.0027614235877990723,0.017353534698486328
0.16123436391353607,0.022337816655635834,0.018141746520996094
0.18903550505638123,0.037175651639699936,0.018285632133483887
0.2202918827533722,0.03536200523376465,0.016153812408447266
0.2780386209487915,0.03226706385612488,0.020348429679870605
0.29009807109832764,0.01274486631155014,0.019625067710876465
0.2957232594490051,0.011052515357732773,0.016930699348449707
0.2782970666885376,0.019008249044418335,0.018232107162475586
0.25913184881210327,0.018544301390647888,0.01905161142349243
0.26021456718444824,0.026468995958566666,0.01776742935180664
0.2609085440635681,0.023199118673801422,0.01744544506072998
0.2539426386356354,0.02471121773123741,0.019714832305908203
0.2453427016735077,0.037702526897192,0.016562700271606445
0.24142764508724213,0.06030780076980591,0.018642902374267578
0.24160878360271454,0.08578699827194214,0.019581139087677002
0.208810493350029,0.11187416315078735,0.019482970237731934
0.17792531847953796,0.10482911765575409,0.016851305961608887
0.175099715590477,0.09434325993061066,0.018583297729492188
0.1517079919576645,0.08352281153202057,0.017846107482910156
0.14401231706142426,0.07783350348472595,0.01877427101135254
0.15640145540237427,0.08567013591527939,0.017276406288146973
0.17428074777126312,0.0753798708319664,0.018019914627075195
0.20456504821777344,0.043303895741701126,0.01745283603668213
0.23951461911201477,0.02135740965604782,0.017343521118164062
0.2542509436607361,0.02195832133293152,0.019519269466400146
0.25696873664855957,0.03397349640727043,0.018204569816589355
0.20925872027873993,0.042310357093811035,0.017942488193511963
0.18540000915527344,0.03183795511722565,0.01973479986190796
0.18668894469738007,0.03488524630665779,0.017943978309631348
0.15890076756477356,0.03863551467657089,0.0159684419631958
0.16942280530929565,0.032791394740343094,0.017432093620300293
0.18500082194805145,0.022559314966201782,0.019806623458862305
0.17880724370479584,0.002454496920108795,0.01698058843612671
0.19751694798469543,-0.01182159036397934,0.017882227897644043
0.2127297967672348,-0.0012511909008026123,0.01836526393890381
0.20872455835342407,-0.01125500351190567,0.01851963996887207
0.19847705960273743,-0.03606484830379486,0.018223285675048828
0.17993707954883575,-0.059137508273124695,0.017420172691345215
0.16118597984313965,-0.0615222305059433,0.01780712604522705
0.1534809023141861,-0.043726589530706406,0.016386866569519043
0.13683722913265228,-0.023499764502048492,0.016554713249206543
0.1399327963590622,0.001706879585981369,0.01770758628845215
0.15317606925964355,0.03235071152448654,0.015986323356628418
0.17241837084293365,0.0489259734749794,0.014932394027709961
0.17013616859912872,0.050156254321336746,0.015994489192962646
0.18021370470523834,0.0615270622074604,0.017058908939361572
0.18789707124233246,0.06655678153038025,0.016914010047912598
0.17920099198818207,0.059075161814689636,0.01491844654083252
0.18361499905586243,0.049218472093343735,0.015769779682159424
0.19402189552783966,0.058805737644433975,0.016774892807006836
0.19178608059883118,0.07659851759672165,0.015534520149230957
0.1971227079629898,0.08934158831834793,0.01484215259552002
0.2073085904121399,0.10214973986148834,0.016427040100097656
0.2079029679298401,0.1039721816778183,0.016276419162750244
0.20260722935199738,0.0827469602227211,0.015027284622192383
0.19735781848430634,0.05427205190062523,0.015675663948059082
0.1755479872226715,0.03512878715991974,0.015108942985534668
0.1759667843580246,0.03053509257733822,0.01378488540649414
0.1658269762992859,0.02628900110721588,0.013680100440979004
0.18500566482543945,0.013492338359355927,0.014115333557128906
0.17671233415603638,0.037836745381355286,0.013508796691894531
0.16189724206924438,0.019505200907588005,0.013379931449890137
0.16381263732910156,0.01835286244750023,0.014280200004577637
0.16171389818191528,0.017741609364748,0.013407349586486816
0.16106942296028137,0.015587598085403442,0.01254427433013916
0.15346010029315948,-0.0025072023272514343,0.013547897338867188
0.1532663106918335,0.004819286987185478,0.012929201126098633
0.16240128874778748,0.014252958819270134,0.0125388503074646
0.15936881303787231,-0.003199005499482155,0.012149989604949951
0.16092868149280548,-0.006826961413025856,0.012004613876342773
0.153336763381958,-0.003393491730093956,0.01204603910446167
0.14539828896522522,-0.001057349145412445,0.010936737060546875
0.15079881250858307,0.011929847300052643,0.011334419250488281
0.14830981194972992,0.017108706757426262,0.011206269264221191
0.13844776153564453,0.008594848215579987,0.009540796279907227
0.13347655534744263,0.002682998776435852,0.011132001876831055
0.13633085787296295,0.018485205247998238,0.01014399528503418
0.15044286847114563,0.03613550215959549,0.009372472763061523
0.14518031477928162,0.03063020668923855,0.010556519031524658
0.1310567557811737,0.02911856770515442,0.010105133056640625
0.12100297212600708,0.036409489810466766,0.008437871932983398
0.1273154318332672,0.04407750070095062,0.008865773677825928
0.1296664923429489,0.043475642800331116,0.009924888610839844
0.12798736989498138,0.025012081488966942,0.008173167705535889
0.12878137826919556,0.0019933804869651794,0.008508801460266113
0.17872466146945953,0.04246225953102112,0.008976578712463379
0.17258097231388092,0.03706870228052139,0.011181116104125977
0.1696091890335083,0.03494245931506157,0.00826573371887207
0.1206432580947876,0.016296347603201866,0.007044315338134766
0.14106450974941254,0.01173524372279644,0.006242990493774414
0.14708110690116882,0.009930692613124847,0.009806334972381592
0.1277513951063156,0.013003412634134293,0.005106329917907715
0.1290554702281952,0.012150164693593979,0.006789088249206543
0.12650686502456665,0.011931000277400017,0.00837773084640503
0.12325318157672882,0.012935338541865349,0.007902264595031738
0.12119616568088531,0.013794992119073868,0.006810784339904785
0.12049928307533264,0.014494838193058968,0.0064525604248046875
0.11833436787128448,0.014164300635457039,0.007660806179046631
0.11795666813850403,0.013927986845374107,0.004836618900299072
0.11765410006046295,0.01417318545281887,0.005223751068115234
0.11714398860931396,0.014295307919383049,0.00605541467666626
0.11669264733791351,0.012521082535386086,0.005244255065917969
0.1168728619813919,0.012333955615758896,0.005290389060974121
0.11488589644432068,0.011282052844762802,0.006621122360229492
0.11221686750650406,0.00988026149570942,0.004994750022888184
0.11221566796302795,0.009240031242370605,0.006254732608795166
0.11040183901786804,0.00974428653717041,0.005534648895263672
0.10919950902462006,0.011697249487042427,0.005654811859130859
0.10938756912946701,0.011465828865766525,0.005975842475891113
0.10855899751186371,0.010891512036323547,0.003628253936767578
0.10847123712301254,0.011830933392047882,0.004364907741546631
0.10778392106294632,0.012325609102845192,0.005074620246887207
0.10745652765035629,0.011485520750284195,0.005315423011779785
0.10649806261062622,0.011504044756293297,0.004856228828430176
0.10559973120689392,0.011667683720588684,0.0044602155685424805
0.10505837202072144,0.011010998860001564,0.003105759620666504
0.10475976020097733,0.01074725016951561,0.004145681858062744
0.10430817306041718,0.011778127402067184,0.0041811466217041016
0.10263269394636154,0.011559886857867241,0.004157066345214844
0.10144990682601929,0.011126521974802017,0.004486680030822754
0.10054461658000946,0.01156027615070343,0.0031084418296813965
0.09960734844207764,0.010883631184697151,0.0030902624130249023
0.09944916516542435,0.009545370936393738,0.003423631191253662
0.09826863557100296,0.00927677471190691,0.003543853759765625
0.09756854176521301,0.008991182781755924,0.0031024813652038574
0.09707926213741302,0.009227527305483818,0.002266407012939453
0.09554595500230789,0.010177133604884148,0.004651069641113281
0.09549697488546371,0.010575524531304836,0.0033135414123535156
0.09534737467765808,0.011072298511862755,0.0023128390312194824
0.09412551671266556,0.013247238472104073,-0.018707573413848877
0.09843547642230988,0.008958087302744389,-0.024663209915161133
0.08722320944070816,0.007835726253688335,0.09695100784301758
0.08986793458461761,0.013934945687651634,-0.04009377956390381
0.09453874081373215,0.01598719321191311,-0.024316906929016113
0.09344436228275299,0.015670374035835266,0.030035436153411865
0.09387380629777908,0.014031924307346344,0.013083457946777344
0.0969715416431427,0.010286126285791397,-0.011422157287597656
0.09283410012722015,0.005814667791128159,-0.012624263763427734
0.08921729028224945,0.0004049427807331085,0.03501725196838379
0.08994888514280319,0.0010259663686156273,-0.008310675621032715
0.08896984159946442,0.0032913079485297203,-0.01831233501434326
0.08758637309074402,0.003856698051095009,0.024906158447265625
0.08894727379083633,0.008997702039778233,0.003686666488647461
0.09075155109167099,0.011245361529290676,-0.01634049415588379
0.08897116035223007,0.014698775485157967,0.009178638458251953
0.08954395353794098,0.01392004732042551,0.01564157009124756
0.09126225858926773,0.01295464951545,-0.012273192405700684
0.08978099375963211,0.01145842019468546,0.004563689231872559
0.0899423211812973,0.008360513485968113,0.011224031448364258
0.0908983051776886,0.008242905139923096,-0.0032012462615966797
0.09080122411251068,0.009117912501096725,-0.0022473931312561035
0.09022987633943558,0.009401517920196056,0.008792519569396973
0.08982718735933304,0.010936299338936806,0.002667665481567383
0.0873880460858345,0.012102481909096241,-0.006143093109130859
0.0852271169424057,0.010006469674408436,0.004624068737030029
0.08402349799871445,0.008497447706758976,0.007837891578674316
0.08186209201812744,0.005037900060415268,-0.0033502578735351562
0.08001545816659927,0.0021423958241939545,0.0016663670539855957
0.07752696424722672,0.0005051558837294579,0.008254528045654297
0.07914891093969345,0.001972528174519539,-0.0016635656356811523
0.08148431032896042,0.006130710244178772,0.0023187994956970215
0.08218609541654587,0.011542188934981823,0.00536876916885376
0.08367361128330231,0.01654447242617607,0.0011888742446899414
0.08379662781953812,0.018664248287677765,0.0013909339904785156
0.08424960821866989,0.018022354692220688,0.0025390982627868652
0.08416876196861267,0.015244556590914726,0.003629446029663086
0.08299919217824936,0.010499764233827591,-0.0002688169479370117
0.08082149922847748,0.005874470807611942,0.0024094581604003906
0.07902995496988297,0.0030441051349043846,0.0026606321334838867
0.07795798033475876,-0.0006122086197137833,0.00031626224517822266
0.07621294260025024,-0.003251276910305023,-0.000685572624206543
0.0728858932852745,-0.001732674427330494,0.003928005695343018
0.07244441658258438,0.003537307493388653,0.0009739398956298828
0.07325132191181183,0.00886100810021162,3.552436828613281e-05
0.07326845824718475,0.012676278129220009,0.0021026134490966797
0.07378605008125305,0.013668615370988846,0.002097487449645996
0.07522650808095932,0.011330309323966503,0.00046062469482421875
0.07656629383563995,0.009606737643480301,0.0012218356132507324
0.07777922600507736,0.008174975402653217,0.0006859302520751953
0.07853024452924728,0.007687156088650227,0.0016019344329833984
0.0782492458820343,0.008109650574624538,0.00047218799591064453
0.07698755711317062,0.009070583619177341,0.0020273923873901367
0.07549494504928589,0.009142176248133183,0.0005913972854614258
0.07481980323791504,0.008421502076089382,0.0009567737579345703
0.073880136013031,0.007401890121400356,0.0024358034133911133
0.0725366398692131,0.006316609680652618,0.0007256269454956055
0.0721818208694458,0.0032017873600125313,0.001319289207458496
0.07054168730974197,0.0006921021267771721,0.0009669065475463867
0.06824547052383423,0.000855584628880024,-0.0004063844680786133
0.0666370689868927,0.0019189398735761642,-0.0005893707275390625
0.06671914458274841,0.0064092883840203285,0.0005398392677307129
0.0661354511976242,0.01157508697360754,0.0027379393577575684
0.06672614067792892,0.017270799726247787,0.001397252082824707
0.06759772449731827,0.02110791951417923,-0.0007513761520385742
0.0682838186621666,0.020648222416639328,0.0013890266418457031
0.06946250051259995,0.016041550785303116,0.0015465021133422852
0.06900111585855484,0.011848636902868748,0.0018404722213745117
0.06886765360832214,0.007282833568751812,0.0011140704154968262
0.06815344095230103,0.002178063616156578,0.0012111663818359375
0.06798992305994034,-0.0009513897821307182,0.0009723901748657227
0.06723754107952118,-0.0012653740122914314,0.0015121102333068848
0.06725939363241196,-0.0003583896905183792,0.0001595020294189453
0.06614403426647186,0.0021287454292178154,0.0015234947204589844
0.06404466181993484,0.00382868479937315,0.0007511377334594727
0.06260871887207031,0.006252310238778591,0.0001780986785888672
0.06369736790657043,0.008055045269429684,0.0010553598403930664
0.06391385942697525,0.007859521545469761,0.00031554698944091797
0.06549714505672455,0.007062671706080437,-0.0019960403442382812
0.06663437932729721,0.006263449788093567,-0.0020331144332885742
0.06709282845258713,0.005963686853647232,-0.0015823841094970703
0.06740657985210419,0.0052977632731199265,-0.0017882585525512695
0.06587923318147659,0.0051154643297195435,-0.0026487112045288086
0.06389278173446655,0.005441741086542606,-0.0006864070892333984
0.06064191460609436,0.007097075693309307,0.0009251832962036133
0.058985039591789246,0.007274560630321503,-0.00025516748428344727
0.057077161967754364,0.006015090271830559,0.0012801289558410645
0.05665092170238495,0.005093238316476345,0.001274704933166504
0.05696871876716614,0.005905251018702984,-0.0001653432846069336
0.057739704847335815,0.005973360501229763,0.001705467700958252
0.058917395770549774,0.005898330360651016,0.00185394287109375
0.05970217287540436,0.008305228315293789,-8.755922317504883e-05
0.06113649159669876,0.010015659965574741,0.0008399486541748047
0.06211978197097778,0.011014186777174473,-0.0002766847610473633
0.06429630517959595,0.011416621506214142,-0.0014519691467285156
0.06321463733911514,0.010934649035334587,0.0006225109100341797
0.06334790587425232,0.010690336115658283,0.00026929378509521484
0.06404730677604675,0.007729901000857353,-0.00046503543853759766
0.06334469467401505,0.0056251036003232,0.0003877878189086914
0.061139337718486786,0.0047951312735676765,0.000660240650177002
0.05875135213136673,0.0024070963263511658,-0.0011424422264099121
0.056094273924827576,0.0005459487438201904,-0.00010782480239868164
0.05479826778173447,0.0003475649282336235,0.0012159347534179688
0.054109252989292145,0.0025356197729706764,-0.00078582763671875
0.054312221705913544,0.005268263630568981,-0.0009406805038452148
0.05488813668489456,0.007507244125008583,-0.00030243396759033203
0.055333010852336884,0.008165587671101093,0.0011910200119018555
0.055879734456539154,0.008340099826455116,1.4901161193847656e-05
0.05611509084701538,0.008615725673735142,1.531839370727539e-05
0.05611264705657959,0.007946615107357502,3.165006637573242e-05
0.05707765370607376,0.007239334285259247,0.0005814433097839355
0.05605915188789368,0.007735860534012318,0.0005064010620117188
0.05765794217586517,0.008020434528589249,0.0011327862739562988
0.05711086094379425,0.009109723381698132,-0.00020873546600341797
0.05609247088432312,0.009351556189358234,-0.0005278587341308594
0.055454470217227936,0.009066862054169178,-0.0011227130889892578
0.05465336889028549,0.009243017062544823,0.0005726218223571777
0.05396638065576553,0.008344819769263268,1.0251998901367188e-05
0.05209115147590637,0.0070792678743600845,-0.0015305280685424805
0.05235687643289566,0.004376900382339954,0.00030231475830078125
0.05172329396009445,0.0026527531445026398,0.00019729137420654297
0.0523027703166008,0.0006880173459649086,-0.0019680261611938477
0.05300922691822052,0.000963263213634491,0.0006590485572814941
0.053677886724472046,0.0031764311715960503,0.0007826685905456543
0.05500413477420807,0.005219082348048687,-0.0021445751190185547
0.05500093474984169,0.006872384808957577,-0.0008148550987243652
0.05543416365981102,0.007706690579652786,0.0005462765693664551
0.05484152212738991,0.007228038273751736,0.00103759765625
0.054912079125642776,0.005233737640082836,-0.0011417865753173828
0.05299089103937149,0.00224296934902668,0.0004941225051879883
0.05282638221979141,0.0015400191769003868,0.0006957054138183594
0.0510324127972126,0.0018612537533044815,-0.00023162364959716797
0.049328967928886414,0.004785946570336819,-0.0008244514465332031
0.04964279755949974,0.00712828803807497,0.0001697540283203125
0.0483856163918972,0.008463641628623009,0.0004926919937133789
0.047859787940979004,0.010645868256688118,0.006111264228820801
0.04712589457631111,0.011606823652982712,0.005458712577819824
0.04665849730372429,0.00878614280372858,-0.004912972450256348
0.04536215960979462,0.005550043657422066,-0.007655143737792969
0.04552684724330902,-0.0015964806079864502,-0.006734251976013184
0.04706019535660744,-0.00620860792696476,-0.006256520748138428
0.050960391759872437,-0.0033064456656575203,0.0020178556442260742
0.05654359608888626,0.003559364937245846,0.0019152164459228516
0.05848594754934311,0.009802998043596745,0.0015228986740112305
0.058789804577827454,0.013799629174172878,0.00023180246353149414
0.05623874440789223,0.013409973122179508,0.0019922852516174316
0.05432577058672905,0.01154689397662878,-0.000672459602355957
0.05140863358974457,0.007640291936695576,-0.0017954111099243164
0.04937715828418732,0.003857385367155075,-0.0005384683609008789
0.04757953807711601,0.0022277478128671646,0.001877427101135254
0.047551773488521576,0.000573422759771347,-0.0002701282501220703
0.04714576527476311,0.0009083123877644539,0.0018690824508666992
0.04703402891755104,0.0009636431932449341,0.003306269645690918
0.04731839895248413,-0.0006377547979354858,-0.0011598467826843262
0.04677113518118858,-0.0041671982035040855,-0.001277625560760498
0.04371670261025429,-0.005869998596608639,0.0007873177528381348
0.04122345149517059,-0.004614855162799358,-0.000778496265411377
0.03810787945985794,0.0002946276217699051,-0.0032434463500976562
0.03779428452253342,0.0056921448558568954,-0.003786802291870117
0.039946503937244415,0.012466689571738243,-0.00016391277313232422
0.04241659864783287,0.016824722290039062,-0.0022475719451904297
0.04680263623595238,0.019556552171707153,-2.872943878173828e-05
0.04795494303107262,0.018894687294960022,0.00031375885009765625
0.04891519993543625,0.01610664837062359,-0.0003046989440917969
0.04952998459339142,0.011657156981527805,-0.0019140243530273438
0.051187723875045776,0.007377524860203266,-0.0007002353668212891
0.05054456368088722,0.005516016855835915,0.000558316707611084
0.04782503470778465,0.0038410117849707603,-0.0004711747169494629
0.04777448624372482,0.0029668044298887253,-0.003271043300628662
0.04811061918735504,0.0008634580299258232,-0.0007927417755126953
0.04645882174372673,-0.0008376250043511391,0.0013197660446166992
0.044922035187482834,-0.0027343658730387688,-0.0026417970657348633
0.044161356985569,-0.004757420159876347,-0.001674652099609375
0.04190890118479729,-0.00443008728325367,-8.165836334228516e-05
0.04352058842778206,-0.0012416336685419083,-0.0015398263931274414
0.045262619853019714,0.0037168599665164948,-0.0015031099319458008
0.045702431350946426,0.009580124169588089,0.00025844573974609375
0.04691535234451294,0.014094025827944279,2.1636486053466797e-05
0.04632778838276863,0.01755656488239765,-0.0008550882339477539
0.04494689032435417,0.01706867292523384,0.0002818107604980469
0.04506487026810646,0.01553272269666195,-0.0005950927734375
0.041623372584581375,0.009667521342635155,-0.0019748806953430176
0.038875021040439606,0.0035409480333328247,-0.0013250112533569336
0.03777975216507912,-0.0007087728008627892,-0.0011337995529174805
0.036609817296266556,-0.0034730760380625725,-0.0005619525909423828
0.03817844018340111,-0.004782005213201046,-0.0011342763900756836
0.03994668275117874,-0.004640871658921242,-0.0006232857704162598
0.04177273064851761,-0.0013397745788097382,-0.0006924867630004883
0.043332695960998535,0.0013776673004031181,-0.001524806022644043
0.0447993129491806,0.003361339680850506,-0.0008454322814941406
0.04493086040019989,0.004697047173976898,-0.0001341104507446289
0.044828303158283234,0.006019501946866512,-0.000796198844909668
0.04556029662489891,0.0074228690937161446,-2.3245811462402344e-05
0.04559650644659996,0.008646580390632153,0.00023037195205688477
0.0460050106048584,0.010148532688617706,0.00020891427993774414
0.04589911922812462,0.011053802445530891,-0.00048470497131347656
0.04528475180268288,0.012540233321487904,-0.0010565519332885742
0.04362800344824791,0.012391680851578712,-0.0015370845794677734
0.04176381230354309,0.009234242141246796,-3.355741500854492e-05
0.03870340809226036,0.005732502788305283,-0.0008792877197265625
0.035766392946243286,0.0013832664117217064,-0.0008715391159057617
0.035205990076065063,-0.0018187910318374634,-0.0015957355499267578
0.036084990948438644,-0.004449452273547649,-0.0006564855575561523
0.03713840991258621,-0.0033625485375523567,-0.00014495849609375
0.039943985641002655,-0.00037790555506944656,-0.0006711483001708984
0.04212615266442299,0.003755326382815838,-0.0005104541778564453
0.04261932149529457,0.006920994259417057,0.0006277561187744141
0.042489148676395416,0.010829468257725239,0.000316619873046875
0.042158398777246475,0.010587933473289013,2.1576881408691406e-05
0.040991198271512985,0.009816591627895832,-0.0006090402603149414
0.03800670802593231,0.007881679572165012,-0.0008426904678344727
0.03649963065981865,0.0050522685050964355,-0.0001608133316040039
0.03739801049232483,0.0020813466981053352,-0.0009137392044067383
0.03708307072520256,0.0008895900100469589,0.0005909204483032227
0.039579518139362335,0.00019915960729122162,-0.0024818778038024902
0.04244089126586914,-0.0008537285029888153,-0.0024570226669311523
0.04316761717200279,0.000334741547703743,-0.0009374618530273438
0.042808692902326584,0.0006380798295140266,-0.0013096332550048828
0.04215594008564949,0.0011433912441134453,-0.003237605094909668
0.04049945995211601,0.002377615310251713,-0.00037479400634765625
0.03870629891753197,0.004456453025341034,-0.000899195671081543
0.037040453404188156,0.007196004502475262,-0.0026133060455322266
0.03589648753404617,0.010462090373039246,-0.00039136409759521484
0.03576236590743065,0.013017040677368641,-0.00024437904357910156
0.03659701719880104,0.014997745864093304,-0.0011507272720336914
0.03708013892173767,0.014486261643469334,-0.0017061233520507812
0.03766091912984848,0.011962929740548134,0.00016486644744873047
0.03846132010221481,0.00799260288476944,-0.0015189647674560547
0.03793424740433693,0.003485625609755516,-0.001447439193725586
0.03824474662542343,-0.002843177877366543,-0.0006132125854492188
0.037620119750499725,-0.005798870697617531,-0.001259446144104004
0.03757471963763237,-0.0072100283578038216,-0.0017066001892089844
0.037978190928697586,-0.007110418751835823,-0.00023162364959716797
0.037230998277664185,-0.00576502550393343,-0.0011212825775146484
0.03648752346634865,-0.0019912701100111008,-0.0010036230087280273
0.03532033786177635,0.0009419778361916542,-0.0009932518005371094
0.034835271537303925,0.004487356171011925,-0.0001741647720336914
0.034342702478170395,0.008515710942447186,-0.0017051100730895996
0.034662362188100815,0.010590790770947933,-0.0018618106842041016
0.03523120656609535,0.012522385455667973,-0.0005692839622497559
0.03676087036728859,0.013016529381275177,0.0008903145790100098
0.03862536698579788,0.011563385836780071,-0.0013418197631835938
0.039979852735996246,0.011640092357993126,-0.0024911165237426758
0.04091557860374451,0.010573850013315678,-0.0019617080688476562
0.04089369997382164,0.0056664003059268,-0.0015839338302612305
0.03979823738336563,0.001924143172800541,-0.0007025599479675293
0.0384194478392601,-0.0018730834126472473,-0.0009199976921081543
0.03557394817471504,-0.004196153953671455,-0.0010009407997131348
0.03393840044736862,-0.004931277595460415,-0.0013412237167358398
0.03320953994989395,-0.003741561435163021,-0.0006595253944396973
0.0331239216029644,-0.001326393336057663,-0.0012748241424560547
0.032718341797590256,0.0008531082421541214,-0.001523733139038086
0.032161399722099304,0.005618172697722912,-0.000536501407623291
0.03289761766791344,0.008432954549789429,-0.0004038810729980469
0.03335205838084221,0.010016419924795628,-0.0008817911148071289
0.03282156586647034,0.010575827211141586,-0.0016034841537475586
0.03365800157189369,0.008924698457121849,-0.0010271072387695312
0.034704916179180145,0.00712828803807497,-0.0001304149627685547
0.03582606092095375,0.005994393490254879,-0.0007902383804321289
0.037387341260910034,0.003624795936048031,-0.0013739466667175293
0.0371488593518734,0.0026997029781341553,-0.001087188720703125
0.03793547302484512,0.0022881096228957176,-0.0020829439163208008
0.03597576543688774,0.001468355767428875,-0.0014618635177612305
0.034060683101415634,-0.0008174041286110878,-0.000886082649230957
0.03221486508846283,-0.0006349794566631317,-0.000935971736907959
0.03059595823287964,-0.00023531168699264526,-0.001488804817199707
0.030556395649909973,-0.00026232190430164337,-0.0005015730857849121
0.030684109777212143,0.001616758294403553,-0.0003375411033630371
0.032222848385572433,0.003753120079636574,-0.0015624761581420898
0.03401784598827362,0.006918592378497124,-0.001368403434753418
0.03573745861649513,0.008113249205052853,-0.0011736154556274414
0.038097310811281204,0.00908475462347269,-0.0005514025688171387
0.039492376148700714,0.009086445905268192,-0.0021114349365234375
0.03871716186404228,0.009076159447431564,-0.0019466876983642578
0.03761063143610954,0.005108363926410675,-0.0008974075317382812
0.03500845655798912,0.0032453760504722595,-0.0008400082588195801
0.032866571098566055,0.0008021555840969086,-0.0009502768516540527
0.03143585845828056,0.0005255592986941338,-0.0004658699035644531
0.029276631772518158,0.0002770833671092987,-0.00042450428009033203
0.02848382294178009,0.0010762447491288185,-0.0011310577392578125
0.02995452657341957,0.0015342934057116508,-0.0004183650016784668
0.02812311425805092,0.003300621174275875,-0.001291513442993164
0.02902717888355255,0.004010540433228016,-0.00030362606048583984
0.029107198119163513,0.004576035775244236,-0.0016037225723266602
0.03127744421362877,0.0038568181917071342,-0.0013169050216674805
0.03147812932729721,0.004266907460987568,-0.0011209845542907715
0.033315856009721756,0.0043023861944675446,-0.001093149185180664
0.03387359157204628,0.004406405612826347,-0.0004544258117675781
0.03609120473265648,0.004453512839972973,-0.0019983649253845215
0.03656962886452675,0.0047182347625494,-0.0007800459861755371
0.0355805866420269,0.0043423231691122055,-0.0016980767250061035
0.03547782450914383,0.0035058902576565742,-0.002448856830596924
0.03499658405780792,0.0013958029448986053,-0.0007433891296386719
0.03339245542883873,0.0004546642303466797,-0.00032007694244384766
0.031951021403074265,-0.00016447249799966812,-0.0019259452819824219
0.03177060931921005,-0.0010017557069659233,-0.0016696453094482422
0.030325792729854584,0.0008156206458806992,-0.0015664100646972656
0.0292200930416584,0.0027159424498677254,-0.0019513368606567383
0.029041927307844162,0.006124446168541908,-0.0019390583038330078
0.029671944677829742,0.0075080543756484985,-0.001149296760559082
0.028869692236185074,0.008733409456908703,-0.0013664960861206055
0.02933521196246147,0.01029227115213871,-0.0021176934242248535
0.029604408890008926,0.008979342877864838,-0.0018463730812072754
0.029093895107507706,0.006817365065217018,-0.0009486675262451172
0.02819284051656723,0.003930460661649704,-0.0010426044464111328
0.029629956930875778,0.002271050587296486,-0.0007390975952148438
0.030574407428503036,-0.0001424439251422882,-0.00039082765579223633
0.033457718789577484,-0.0018137767910957336,-0.002087235450744629
0.03306182473897934,-0.0021587610244750977,0.0002599954605102539
0.033311132341623306,-0.0014993669465184212,-0.0015277862548828125
0.03309643268585205,-0.0008571883663535118,-0.0016829967498779297
0.03290535882115364,0.0006703371182084084,-0.0017926692962646484
0.03131304308772087,0.001931292936205864,-0.001032412052154541
0.030900850892066956,0.002032732591032982,-0.002515077590942383
0.029849622398614883,0.0030425582081079483,-0.0007174015045166016
0.029036913067102432,0.005119874142110348,-0.0006131529808044434
0.030213847756385803,0.007517865858972073,-0.0013486146926879883
0.02974504604935646,0.009544306434690952,-0.0015651583671569824
0.030193042010068893,0.010115438140928745,-0.0010185837745666504
0.030460931360721588,0.009722618386149406,-0.0003962516784667969
0.029545146971940994,0.0074280500411987305,-0.0012995004653930664
0.030598178505897522,0.005311339162290096,-0.0011963844299316406
0.0293840691447258,0.0018169591203331947,-0.0019621849060058594
0.028663653880357742,-0.0008310107514262199,-0.0018733739852905273
0.030149634927511215,-0.0026145726442337036,-0.0006708502769470215
0.03124912455677986,-0.002987498417496681,-0.00045990943908691406
0.0309789776802063,-0.0017710858955979347,-0.0018355846405029297
0.03078528493642807,-0.00041691679507493973,-0.0012281537055969238
0.031103458255529404,0.0018702270463109016,-0.002482116222381592
0.030802424997091293,0.00376080721616745,-0.001508474349975586
0.028772417455911636,0.005444942973554134,-0.0007631182670593262
0.027088884264230728,0.00599153246730566,-0.00027740001678466797
0.027167990803718567,0.006738818250596523,-0.00015807151794433594
0.02655503898859024,0.006688250228762627,-0.0018084049224853516
0.026876285672187805,0.0061803050339221954,-0.0011850595474243164
0.027962535619735718,0.005438419058918953,4.857778549194336e-05
0.029119983315467834,0.004785754717886448,-0.0010524392127990723
0.030079320073127747,0.003778618760406971,-0.001665353775024414
0.030542343854904175,0.0023034466430544853,-0.002278447151184082
0.030815493315458298,0.001169651746749878,-0.0014111995697021484
0.0298219695687294,1.3111159205436707e-05,-0.002756357192993164
0.028440892696380615,0.00010419730097055435,-0.0019809603691101074
0.028285495936870575,0.00012047216296195984,-0.0012052655220031738
0.027861565351486206,0.0003552287817001343,-0.0012999773025512695
0.026791974902153015,0.002481643110513687,-0.0019439458847045898
0.027276169508695602,0.004191191866993904,-0.0014123320579528809
0.028018668293952942,0.004356699995696545,-0.0012011528015136719
0.02837330475449562,0.006155894137918949,-0.0021494626998901367
0.02946578338742256,0.0067327674478292465,-0.0013889074325561523
0.029009416699409485,0.005822287872433662,-0.0011467933654785156
0.029140517115592957,0.0048018768429756165,-0.001378178596496582
0.02946210280060768,0.0038393763825297356,-0.0013805031776428223
0.029426496475934982,0.00243398267775774,-0.001993536949157715
0.028140787035226822,0.0010235616937279701,-0.0007143020629882812
0.02726665884256363,0.0010411739349365234,-0.0010676980018615723
0.027895160019397736,-0.0004844069480895996,-0.0018939375877380371
0.02690398320555687,0.0006149662658572197,-0.0020488500595092773
0.025679845362901688,0.002541331574320793,-0.0011963248252868652
0.02433299645781517,0.0019385730847716331,-0.001977086067199707
0.02512865513563156,0.0030601918697357178,-0.0012316107749938965
0.024924296885728836,0.003345899283885956,-0.0012183189392089844
0.02417745813727379,0.004692752845585346,-0.0014792680740356445
0.025982607156038284,0.0058783842250704765,-0.0016796588897705078
0.02662447839975357,0.005290398374199867,-0.00026285648345947266
0.02699378877878189,0.004692612215876579,-0.00012767314910888672
0.02942337468266487,0.004705734550952911,-0.0019146203994750977
0.03047061711549759,0.002942056395113468,-0.0021753907203674316
0.03152896463871002,0.0019343914464116096,-0.0006204843521118164
0.03063226491212845,0.0010004183277487755,-0.001995980739593506
0.0290677547454834,0.0008823992684483528,-0.0021812915802001953
0.02869226038455963,0.0006041126325726509,-0.00015413761138916016
0.026499617844820023,0.0006977217271924019,-0.00043076276779174805
0.027361232787370682,0.0008259564638137817,-0.0023401379585266113
0.025420356541872025,0.0014562737196683884,-0.001457512378692627
0.024407032877206802,0.002578030340373516,-0.0006209015846252441
0.023738354444503784,0.0027721216902136803,-0.0019664764404296875
0.023495599627494812,0.003916485235095024,-0.00148087739944458
0.0233965665102005,0.005284029990434647,-0.0018191337585449219
0.024028006941080093,0.006445610895752907,-0.002111077308654785
0.02399645745754242,0.0063154855743050575,-0.0009987354278564453
0.024195168167352676,0.005022487603127956,-0.0005583763122558594
0.024980958551168442,0.005150902085006237,-0.0019641518592834473
0.02602338045835495,0.0035865511745214462,-0.0012336969375610352
0.027150839567184448,0.0021896176040172577,-0.0013421177864074707
0.028655383735895157,-2.7985312044620514e-05,-0.002106904983520508
0.029871296137571335,-0.0008087418973445892,-0.001940906047821045
0.02797022834420204,-0.0004979036748409271,0.0004379749298095703
0.026735913008451462,0.0006183059886097908,-0.0027222633361816406
0.02748623490333557,0.001958688721060753,-0.0022202730178833008
0.026107847690582275,0.0010319659486413002,-0.0004825592041015625
0.026180848479270935,0.0015726657584309578,-0.0017361640930175781
0.026290230453014374,0.003202531486749649,-0.0011584758758544922
0.0257902629673481,0.003648764453828335,-0.00042814016342163086
0.024966362863779068,0.004026005044579506,-0.001696765422821045
0.026651877909898758,0.004652535542845726,-0.003911256790161133
0.026625894010066986,0.0047430116683244705,-0.0004494190216064453
0.024445559829473495,0.005195834673941135,-0.0005118846893310547
0.025014329701662064,0.004816805012524128,-0.0014750957489013672
0.024150606244802475,0.0037341145798563957,-0.0014770030975341797
0.02441815286874771,0.0027071749791502953,-0.0008379220962524414
0.024083945900201797,0.0019678259268403053,-0.002365410327911377
0.025397665798664093,0.0009257961064577103,-0.0014057159423828125
0.024177461862564087,-0.000349569134414196,-0.0006442070007324219
0.02457534521818161,-0.0004525519907474518,-0.002446413040161133
0.02479349449276924,4.320591688156128e-05,-0.002020597457885742
0.025617290288209915,0.0018339036032557487,-0.0009846687316894531
0.026499252766370773,0.002702862024307251,-0.002329111099243164
0.026509996503591537,0.0034118453040719032,-0.0019794702529907227
0.02531585842370987,0.004058308899402618,-0.0017985105514526367
0.02429313212633133,0.004173236899077892,-0.0010980963706970215
0.02465306967496872,0.004517797380685806,-0.002503633499145508
0.024908404797315598,0.00450169388204813,-0.0011320710182189941
0.023888099938631058,0.0035456130281090736,-0.0011029839515686035
0.024377882480621338,0.0031668106094002724,-0.0019284486770629883
0.02495415508747101,0.002339509315788746,-0.0022047758102416992
0.024573061615228653,0.00219764094799757,-0.0020842552185058594
0.02463008463382721,0.0014703907072544098,-0.002101302146911621
0.024907495826482773,0.002001718617975712,-0.0019806623458862305
0.024073459208011627,0.002502724528312683,-0.00042629241943359375
0.02429836615920067,0.0012420839630067348,-0.0007942914962768555
0.024189554154872894,0.0012015057727694511,-0.002351820468902588
0.0234684981405735,0.0017281556501984596,-0.001971602439880371
0.02329597994685173,0.0022894730791449547,-0.001378178596496582
0.024406664073467255,0.002853663172572851,-0.001028895378112793
0.023974739015102386,0.003250003792345524,-0.0006948709487915039
0.024451300501823425,0.004543275572359562,-0.0018558502197265625
0.025130655616521835,0.003986716736108065,-0.001246809959411621
0.024586360901594162,0.0035008047707378864,-0.0010040998458862305
0.024112097918987274,0.0028944327495992184,-0.0013260841369628906
0.022938977926969528,0.0025409571826457977,-0.000992417335510254
0.022991843521595,0.0012027909979224205,-0.0026115775108337402
0.02284611389040947,0.0015456280671060085,-0.0018347501754760742
0.022826530039310455,0.0007510818541049957,-0.0022783875465393066
0.02267109975218773,0.0012431684881448746,-0.0010290145874023438
0.024055764079093933,0.0019517727196216583,-0.0018090009689331055
0.02301117405295372,0.0020496579818427563,-0.001749873161315918
0.02345845103263855,0.003108521457761526,-0.0018732547760009766
0.023676753044128418,0.003744071815162897,-0.0018440485000610352
0.023244749754667282,0.0034506754018366337,-0.0006860494613647461
0.02444855496287346,0.0038356613367795944,-0.001328110694885254
0.023193851113319397,0.004395617637783289,-0.0017564892768859863
0.0237400084733963,0.003986026626080275,-0.0015440583229064941
0.0240587517619133,0.00308083463460207,-0.001621544361114502
0.024391595274209976,0.0036932332441210747,-0.002202630043029785
0.02500665932893753,0.0026470241136848927,-0.0010747909545898438
0.024314232170581818,0.0008747358806431293,-0.0012744665145874023
0.024432078003883362,0.0005565322935581207,-0.0021306872367858887
0.02295982837677002,0.00034875189885497093,-0.0017205476760864258
0.02296500653028488,-7.431488484144211e-06,-0.0007762908935546875
0.02223031222820282,0.0005654101260006428,-0.002120792865753174
0.023033108562231064,0.0012777266092598438,-0.00261080265045166
0.021217789500951767,0.0025659725069999695,-0.001208186149597168
0.02020779624581337,0.00245534535497427,-0.0017126798629760742
0.020945314317941666,0.004262904636561871,-0.001973390579223633
0.020829930901527405,0.004750092513859272,-0.0018985271453857422
0.021150991320610046,0.004567149560898542,-0.0017468929290771484
0.020787563174962997,0.004721482750028372,-0.001839280128479004
0.02191627398133278,0.004925430752336979,-0.0018866658210754395
0.023216810077428818,0.0037966459058225155,-0.0017502903938293457
0.02393477037549019,0.0027578631415963173,-0.0027741193771362305
0.024921566247940063,0.002300628926604986,-0.0015854835510253906
0.024243652820587158,0.0013596420176327229,-0.0018771886825561523
0.02436908707022667,0.00047331489622592926,-0.0014365911483764648
0.024505361914634705,0.0010918788611888885,-0.0017886161804199219
0.023428693413734436,0.0014964244328439236,-0.0007680654525756836
0.02320295199751854,0.0007467484101653099,-0.001304030418395996
0.02306513488292694,0.0007206597365438938,-0.0020073652267456055
0.020910896360874176,0.0010867295786738396,-0.0009404420852661133
0.021626032888889313,0.0020702676847577095,-0.0017502307891845703
0.0214499831199646,0.0025676279328763485,-0.001766800880432129
0.02099325880408287,0.003495011944323778,-0.0015240907669067383
0.02137688919901848,0.0037890831008553505,-0.001617431640625
0.021007463335990906,0.0040244958363473415,-0.00209200382232666
0.020311202853918076,0.0035030716098845005,-0.0017269253730773926
0.020901283249258995,0.0034634582698345184,-0.0005688071250915527
0.020720627158880234,0.0028167525306344032,-0.0013326406478881836
0.02074485830962658,0.0017633698880672455,-0.002340555191040039
0.020284242928028107,0.0009468621574342251,-0.002005934715270996
0.020412996411323547,0.0004704003222286701,-0.0011527538299560547
0.021142983809113503,0.000966640654951334,-0.0023897886276245117
0.021562382578849792,0.0010083667002618313,-0.0014908313751220703
0.022378159686923027,0.001761662308126688,-0.0019191503524780273
0.022959338501095772,0.001761582214385271,-0.0015538930892944336
0.021911125630140305,0.002196254674345255,-0.0023785829544067383
0.02209300361573696,0.0016172812320291996,-0.0016928911209106445
0.022549577057361603,0.0024815425276756287,-0.0013886690139770508
0.022479746490716934,0.0027515380643308163,-0.0026868581771850586
0.02227850630879402,0.0030982806347310543,-0.0027184486389160156
0.022768551483750343,0.0022900355979800224,-0.0017275810241699219
0.023639017716050148,0.0029496178030967712,-0.0012860298156738281
0.022312594577670097,0.002265031449496746,-0.0013942122459411621
0.02183838002383709,0.0020411573350429535,-0.0011973381042480469
0.02209792099893093,0.002081394661217928,-0.0011377334594726562
0.020243393257260323,0.001390094868838787,-0.0022681355476379395
0.019442550837993622,0.0012978389859199524,-0.0018115043640136719
0.0195934996008873,0.0010186880826950073,-0.0016142725944519043
0.019911637529730797,0.001042827032506466,-0.001248776912689209
0.0206716638058424,0.0018914067186415195,-0.0016617774963378906
0.021001236513257027,0.0018197917379438877,-0.0017088055610656738
0.019791414961218834,0.0027639144100248814,-0.0012368559837341309
0.020716682076454163,0.003407452255487442,-0.0011162757873535156
0.02064056135714054,0.003752731718122959,-0.001285552978515625
0.021407144144177437,0.002880618441849947,-0.0020192861557006836
0.023195022717118263,0.003157523460686207,-0.012243866920471191
0.17082741856575012,-0.15173780918121338,-6.377696990966797e-06
0.09271411597728729,-0.05231770500540733,0.004173755645751953
-0.09060996025800705,0.37637102603912354,0.0044481754302978516
0.02386736497282982,0.36449697613716125,-0.012090802192687988
0.07193224132061005,0.4175603985786438,0.007579922676086426
0.07408902049064636,0.2897762954235077,-0.0041065216064453125
0.09984501451253891,0.2260807603597641,0.0006102323532104492
0.11155867576599121,0.19829103350639343,-0.003415703773498535
0.11330486088991165,0.1892915964126587,0.0007817745208740234
0.11536642909049988,0.21696895360946655,-0.0006527900695800781
0.07025689631700516,0.22280219197273254,-0.0029430389404296875
0.07956810295581818,0.2682932913303375,0.003921031951904297
0.11739859730005264,0.2663198411464691,-0.0019421577453613281
0.1792801469564438,0.28371021151542664,-0.0011838674545288086
0.22774061560630798,0.3007771074771881,-0.0007311701774597168
0.23609383404254913,0.2886964976787567,0.0004703998565673828
0.061800308525562286,0.11292420327663422,-0.00014388561248779297
-0.2092193365097046,0.010254761204123497,-0.0048607587814331055
-0.07313986122608185,0.10089687258005142,-0.0054253339767456055
0.05099901556968689,-0.0648258626461029,0.0006331205368041992
0.04549867659807205,-0.16121940314769745,-0.0008913278579711914
0.04246487468481064,-0.23044171929359436,-0.0025377273559570312
0.021019188687205315,-0.22396120429039001,-0.0013158321380615234
0.037764884531497955,-0.10038235038518906,-0.0010091066360473633
0.07747508585453033,0.042511235922575,-0.0005210638046264648
0.10393020510673523,0.10089072585105896,-0.0020793676376342773
0.17348612844944,0.1666390746831894,-0.0003434419631958008
0.20591841638088226,0.21968816220760345,0.002135753631591797
0.140588641166687,0.1585935652256012,-0.0006386041641235352
0.044755104929208755,0.0605599507689476,0.002473115921020508
-0.030171554535627365,-0.01877809502184391,-0.004725217819213867
-0.06446656584739685,-0.08079983294010162,-0.0007686614990234375
-0.10550855845212936,-0.14292453229427338,-0.013629913330078125
-0.03752177953720093,-0.13087734580039978,-0.024805307388305664
-0.01603272184729576,-0.18286752700805664,0.012535452842712402
-0.0040585994720458984,-0.1496342569589615,0.008478641510009766
-0.017643675208091736,-0.11339648813009262,-0.0018074512481689453
-0.057248905301094055,-0.12007278203964233,-0.0026932954788208008
-0.03364065662026405,-0.07072032243013382,-0.00043898820877075195
-0.016534237191081047,-0.051704347133636475,-0.0031284689903259277
-0.005251748487353325,-0.06379462033510208,-0.001454174518585205
-0.0003583654761314392,-0.11876607686281204,-0.0012320280075073242
0.16352279484272003,-0.19306105375289917,0.025835394859313965
0.22545166313648224,-0.3091052770614624,-0.07237386703491211
-0.7715113162994385,-0.8076595664024353,0.05583071708679199
-1.0411015748977661,-0.9959765672683716,0.07429063320159912
-0.07094752043485641,-0.3327796459197998,-0.09506553411483765
0.2774507701396942,0.06156298890709877,-0.22304809093475342
0.039958707988262177,0.0695469081401825,0.21779310703277588
-0.08285373449325562,0.04949578642845154,0.21393907070159912
-0.027941934764385223,0.012431595474481583,0.09789025783538818
0.07989733666181564,-0.034850865602493286,0.20070326328277588
0.16348503530025482,-0.05039077252149582,0.37174952030181885
0.2086109071969986,-0.031197231262922287,0.5602377653121948
0.19263409078121185,0.016166411340236664,0.6282476186752319
0.10473453998565674,0.07210907340049744,0.6103899478912354
-0.0019509941339492798,0.1254633516073227,0.5597621202468872
-0.07203404605388641,0.15584227442741394,0.5128488540649414
-0.11645978689193726,0.17535912990570068,0.387328565120697
-0.16700832545757294,0.17541030049324036,0.2695578336715698
-0.17229923605918884,0.1668001413345337,0.22085821628570557
-0.11241579055786133,0.15597283840179443,0.2065831422805786
-0.03221578896045685,0.12351596355438232,0.1943339705467224
0.05799226462841034,0.1062404215335846,0.14732110500335693
0.1294894516468048,0.09593990445137024,0.09028613567352295
0.14946560561656952,0.0851220190525055,0.009949326515197754
0.12465740740299225,0.09513545036315918,-0.08731335401535034
0.08893066644668579,0.1218826174736023,-0.11649411916732788
0.05458866059780121,0.11498284339904785,-0.13074827194213867
0.0234784334897995,0.10079711675643921,-0.17198121547698975
-0.0019815266132354736,0.10530763864517212,-0.20680874586105347
-0.03704039752483368,0.1258460283279419,-0.22306311130523682
-0.05447293817996979,0.13020002841949463,-0.23584473133087158
-0.05648227035999298,0.12324178218841553,-0.23677277565002441
-0.02409510314464569,0.12581175565719604,-0.2179681658744812
0.054251015186309814,0.1251773238182068,-0.20265084505081177
0.1160607784986496,0.10085248947143555,-0.18461090326309204
0.11189042031764984,0.06620931625366211,-0.1736384630203247
0.051377296447753906,0.03598684072494507,-0.17507928609848022
-0.008963853120803833,0.01644420623779297,-0.15958172082901
-0.048208966851234436,-0.009694814682006836,-0.12376731634140015
-0.05290833115577698,-0.04050421714782715,-0.08808833360671997
-0.009453102946281433,-0.05785781145095825,-0.04989659786224365
0.010724052786827087,-0.08348315954208374,-0.027555346488952637
0.014898419380187988,-0.09170311689376831,-0.034860968589782715
0.024401023983955383,-0.07661819458007812,-0.06560462713241577
0.020829245448112488,-0.05509155988693237,-0.08663231134414673
0.027118951082229614,-0.03777480125427246,-0.07635092735290527
-0.009037062525749207,-0.05141955614089966,-0.056878864765167236
-0.03771322965621948,-0.06441181898117065,-0.040832698345184326
-0.01402931660413742,-0.04377174377441406,-0.02060157060623169
0.007665857672691345,-0.025684893131256104,0.006791591644287109
0.01224631816148758,-0.007173299789428711,0.016847550868988037
0.0052498504519462585,0.00330960750579834,0.009108662605285645
0.0027687251567840576,0.008617699146270752,-0.0026618242263793945
-0.013012394309043884,0.028925776481628418,-0.03153085708618164
-0.030416928231716156,0.05461251735687256,-0.06630921363830566
-0.03787730634212494,0.07963395118713379,-0.08310455083847046
-0.029607534408569336,0.09382408857345581,-0.07668399810791016
-0.019974954426288605,0.10787153244018555,-0.062309443950653076
-0.01955445110797882,0.12490081787109375,-0.05795937776565552
-0.014012113213539124,0.13673365116119385,-0.05785572528839111
-0.00430191308259964,0.14355844259262085,-0.06986981630325317
-0.008566498756408691,0.1513316035270691,-0.09905260801315308
-0.010408863425254822,0.15698379278182983,-0.12657254934310913
0.0086788609623909,0.16085940599441528,-0.13716256618499756
0.027473215013742447,0.1610325574874878,-0.13433045148849487
0.030168265104293823,0.15834754705429077,-0.12197685241699219
0.017206791788339615,0.15056347846984863,-0.12265563011169434
-0.001325845718383789,0.13963669538497925,-0.13473695516586304
-0.01531635969877243,0.12561911344528198,-0.1504918336868286
-0.019472438842058182,0.10912787914276123,-0.1634000539779663
-0.008975900709629059,0.08527374267578125,-0.16927087306976318
0.0027910880744457245,0.062012553215026855,-0.16392815113067627
0.016943607479333878,0.04694288969039917,-0.14135468006134033
0.027990754693746567,0.03395187854766846,-0.11479079723358154
0.03210357949137688,0.023537099361419678,-0.10156923532485962
0.03390037640929222,0.013061463832855225,-0.09538447856903076
0.03985331580042839,0.00015968084335327148,-0.08390223979949951
0.051643289625644684,-0.011003613471984863,-0.07326829433441162
0.05361044406890869,-0.019427895545959473,-0.06447100639343262
0.03948694467544556,-0.01903480291366577,-0.056892573833465576
0.02821945771574974,-0.017032146453857422,-0.03986966609954834
0.02805132046341896,-0.019855499267578125,-0.010698258876800537
0.035350240767002106,-0.020864546298980713,0.015762925148010254
0.04024168476462364,-0.01699960231781006,0.03670579195022583
0.036737196147441864,-0.012134075164794922,0.045313239097595215
0.023559577763080597,-0.00788789987564087,0.041321516036987305
1.5273690223693848e-07,0.005128145217895508,0.03761488199234009
-0.015892766416072845,0.01942664384841919,0.03681403398513794
-0.026338346302509308,0.02522796392440796,0.037499964237213135
-0.029530365020036697,0.02788984775543213,0.04478210210800171
-0.030733000487089157,0.032617151737213135,0.0481533408164978
-0.035265348851680756,0.032208919525146484,0.04270201921463013
-0.03667891025543213,0.030804872512817383,0.028154850006103516
-0.03620972856879234,0.030775725841522217,0.0068438053131103516
-0.03818376362323761,0.032290875911712646,-0.012529492378234863
-0.04695580527186394,0.031748831272125244,-0.03412860631942749
-0.06102444976568222,0.028394997119903564,-0.04519236087799072
-0.06503849476575851,0.0285797119140625,-0.04000747203826904
-0.060232482850551605,0.02790623903274536,-0.028748035430908203
-0.055500470101833344,0.025210022926330566,-0.0025415420532226562
-0.052387602627277374,0.023254752159118652,0.025638818740844727
-0.05948027968406677,0.018506109714508057,0.044083476066589355
-0.06864854693412781,0.014383554458618164,0.055432021617889404
-0.06138356029987335,0.010767757892608643,0.07150852680206299
-0.047847896814346313,0.0015758275985717773,0.07845735549926758
-0.03894290328025818,0.0013377070426940918,0.07905632257461548
-0.026459120213985443,0.004305124282836914,0.08593755960464478
-0.011965744197368622,0.0022594332695007324,0.09630978107452393
-0.0009731650352478027,0.0033298730850219727,0.10213613510131836
0.006875485181808472,0.011567413806915283,0.10352182388305664
0.015000082552433014,0.018634438514709473,0.10214769840240479
0.019637227058410645,0.023297488689422607,0.102480947971344
0.021151311695575714,0.028201818466186523,0.10394668579101562
0.02881155163049698,0.028313517570495605,0.10472100973129272
0.04262781888246536,0.025224030017852783,0.10442250967025757
0.06218712776899338,0.020634114742279053,0.10270631313323975
0.08245951682329178,0.014528751373291016,0.09801453351974487
0.08518081158399582,0.011868476867675781,0.08567607402801514
0.07392384111881256,0.010460972785949707,0.06267410516738892
0.06457679718732834,0.009772062301635742,0.04050403833389282
0.05535854399204254,0.006571710109710693,0.022745728492736816
0.05255620926618576,0.0024237632751464844,0.008391857147216797
0.052929721772670746,-0.0015811324119567871,-0.006486296653747559
0.06270013749599457,-0.0054236650466918945,-0.016543686389923096
0.07373476028442383,-0.010304272174835205,-0.02472066879272461
0.07537855207920074,-0.014129579067230225,-0.033942222595214844
0.07264512777328491,-0.017635643482208252,-0.042224109172821045
0.07378518581390381,-0.019169330596923828,-0.04622757434844971
0.07737575471401215,-0.022652804851531982,-0.04152810573577881
0.08018586039543152,-0.023720383644104004,-0.028731822967529297
0.0732726901769638,-0.024108946323394775,-0.022699832916259766
0.05769321322441101,-0.02816671133041382,-0.026640474796295166
0.043546631932258606,-0.03179210424423218,-0.02712070941925049
0.0328993946313858,-0.039322614669799805,-0.022589027881622314
0.0430573970079422,-0.05004602670669556,-0.01982903480529785
0.05627225339412689,-0.05834531784057617,-0.017897725105285645
0.07484966516494751,-0.06167811155319214,-0.01435995101928711
0.0867299735546112,-0.06417280435562134,-0.015047550201416016
0.07971055805683136,-0.062376320362091064,-0.018408656120300293
0.06244318187236786,-0.054730117321014404,-0.02281796932220459
0.03925338387489319,-0.04911935329437256,-0.019849181175231934
0.026902183890342712,-0.043211162090301514,-0.009378790855407715
0.026492655277252197,-0.03532296419143677,-0.0015181303024291992
0.02320590615272522,-0.030981242656707764,0.0002167224884033203
0.025044649839401245,-0.022376656532287598,0.003531336784362793
0.027982622385025024,-0.016613006591796875,0.004218101501464844
0.023161083459854126,-0.013722002506256104,-0.002725541591644287
0.018408596515655518,-0.006740748882293701,-0.011203348636627197
0.020249858498573303,-0.0005525350570678711,-0.014437496662139893
0.017379209399223328,0.0021293163299560547,-0.016790151596069336
0.020122818648815155,0.004641473293304443,-0.01769709587097168
0.013787910342216492,0.008270800113677979,-0.01687169075012207
-0.002201259136199951,0.011110901832580566,-0.018723487854003906
-0.008363209664821625,0.012410581111907959,-0.018089234828948975
-0.004267647862434387,0.013566136360168457,-0.016074299812316895
0.00250244140625,0.017194926738739014,-0.012166321277618408
0.010397113859653473,0.02057415246963501,-0.00860285758972168
0.015756651759147644,0.020258307456970215,-0.004228711128234863
0.018437445163726807,0.023588955402374268,0.0011891722679138184
0.030590839684009552,0.025893688201904297,0.009810686111450195
0.030843019485473633,0.022451400756835938,0.008102059364318848
0.018808677792549133,0.023555874824523926,-0.0035911202430725098
0.010924510657787323,0.02509462833404541,-0.006922423839569092
0.007490396499633789,0.02655702829360962,-0.0035728812217712402
0.010439284145832062,0.02977299690246582,0.006505370140075684
0.030411772429943085,0.027529358863830566,0.02006661891937256
0.05772586911916733,0.02367931604385376,0.03267669677734375
0.07136556506156921,0.019325613975524902,0.03899192810058594
0.08582153916358948,0.017016947269439697,0.04544496536254883
0.0933012142777443,0.00857686996459961,0.05197268724441528
0.07253295183181763,0.0015821456909179688,0.04923778772354126
0.04438306391239166,0.009419560432434082,0.05923640727996826
0.009988382458686829,0.03413891792297363,0.07233136892318726
0.06242360919713974,0.1567339301109314,-0.5180786848068237
-0.19651052355766296,0.029990315437316895,-0.5739592909812927
-0.08546644449234009,-0.3161458969116211,-0.07275539636611938
0.18759393692016602,0.09819889068603516,-0.020441830158233643
0.09067004173994064,0.17419719696044922,-0.08140712976455688
-0.027922004461288452,-0.10802692174911499,-0.03138911724090576
0.008479095995426178,-0.07289034128189087,0.0049332380294799805
0.023727111518383026,0.015384316444396973,0.006465315818786621
0.014654085040092468,0.014469444751739502,0.0011469721794128418
0.009239040315151215,-0.018972575664520264,0.014225482940673828
-0.007419109344482422,-0.021234750747680664,0.03297907114028931
-0.007074929773807526,-0.007647454738616943,0.038568973541259766
0.006190292537212372,-0.003876209259033203,0.03263986110687256
0.01207936555147171,-0.010194242000579834,0.01902902126312256
0.018127523362636566,-0.012409687042236328,0.009033501148223877
0.021018728613853455,-0.010235428810119629,-0.0024933815002441406
0.018579192459583282,-0.009480178356170654,-0.009974837303161621
0.01944752037525177,-0.010054528713226318,-0.017441213130950928
0.02330382913351059,-0.009442269802093506,-0.02379155158996582
0.021669819951057434,-0.00644075870513916,-0.02429330348968506
0.014317415654659271,-0.0028878450393676758,-0.022211849689483643
0.004763096570968628,0.0027454495429992676,-0.021671295166015625
0.0012694597244262695,0.0075299739837646484,-0.02358156442642212
0.009157799184322357,0.010032474994659424,-0.022599518299102783
0.015602394938468933,0.01118236780166626,-0.021912038326263428
0.014492034912109375,0.013232886791229248,-0.020445168018341064
0.011858448386192322,0.01664203405380249,-0.016996800899505615
0.019428685307502747,0.019301891326904297,-0.010621845722198486
0.02320151776075363,0.0192563533782959,-0.007876813411712646
0.019538387656211853,0.020733892917633057,-0.011470794677734375
0.012658759951591492,0.022076845169067383,-0.018135368824005127
0.008677572011947632,0.022478848695755005,-0.02343231439590454
0.007201142609119415,0.020604759454727173,-0.0196683406829834
0.0007768124341964722,0.017958611249923706,-0.019967854022979736
-0.0014634206891059875,0.016846507787704468,-0.02360844612121582
0.0029373914003372192,0.016216933727264404,-0.02539360523223877
0.008819125592708588,0.015324234962463379,-0.03000420331954956
0.014800965785980225,0.01355135440826416,-0.03366750478744507
0.018448196351528168,0.013663887977600098,-0.03397476673126221
0.017567850649356842,0.011941492557525635,-0.03196293115615845
0.013323202729225159,0.011530041694641113,-0.03062349557876587
0.004349552094936371,0.013743460178375244,-0.034492552280426025
-0.012622825801372528,0.014753490686416626,-0.035858750343322754
-0.020566225051879883,0.011050164699554443,-0.038125813007354736
-0.019405826926231384,0.015443295240402222,-0.04590260982513428
-0.02279765158891678,0.0264473557472229,-0.036100149154663086
-0.013370208442211151,0.023397862911224365,0.00569915771484375
0.021286465227603912,0.06395816802978516,0.03409087657928467
0.004476688802242279,0.08922573924064636,0.05149495601654053
-0.060185231268405914,0.03169858455657959,0.04331374168395996
-0.10398954898118973,-0.027059227228164673,0.031184911727905273
-0.020207807421684265,0.0039428770542144775,0.09636235237121582
0.06573542207479477,-0.009150654077529907,0.16598987579345703
0.063924640417099,-0.02314242720603943,0.17305684089660645
0.03339763730764389,-0.025180280208587646,0.10005885362625122
0.008931390941143036,-0.016802459955215454,-0.01954495906829834
0.0025250688195228577,-0.009080380201339722,-0.09234708547592163
0.07315059006214142,-0.014182716608047485,-0.29130983352661133
0.14314794540405273,-0.09952571988105774,-0.5214312076568604
0.05659317970275879,-0.0198286771774292,-0.25288277864456177
0.07140667736530304,0.01824432611465454,-0.3167593479156494
0.03861027956008911,0.03885680437088013,-0.12247967720031738
0.020225729793310165,0.06999117136001587,0.008473217487335205
0.016256600618362427,0.05502045154571533,0.016536712646484375
-0.009441565722227097,0.02863559126853943,0.025153636932373047
-0.03269166126847267,0.009906291961669922,-0.0013709664344787598
-0.0369596965610981,-0.015359282493591309,-0.055404722690582275
-0.030367858707904816,-0.02752673625946045,-0.12624722719192505
0.01570628210902214,-0.02011159062385559,-0.17897391319274902
0.03337783366441727,-0.019834250211715698,-0.1962938904762268
0.07844749093055725,0.00015035271644592285,-0.1886993646621704
0.07622212171554565,0.010050773620605469,-0.12433409690856934
0.04487887769937515,0.018378794193267822,-0.05009937286376953
0.008610205724835396,0.03586319088935852,0.01722884178161621
-0.023377150297164917,0.038998574018478394,0.07187771797180176
-0.04720111936330795,0.02199956774711609,0.11647272109985352
-0.05244172737002373,-0.0006362795829772949,0.13797491788864136
-0.02227356843650341,-0.0188867449760437,0.13150906562805176
0.020158877596259117,-0.023676753044128418,0.10871535539627075
0.04650028795003891,-0.01868337392807007,0.08126533031463623
0.05644848942756653,-0.020225465297698975,0.061446964740753174
0.06283394247293472,-0.026013612747192383,0.05372214317321777
0.05497509986162186,-0.027941837906837463,0.061296284198760986
0.02982177585363388,-0.022282660007476807,0.059989094734191895
0.03448706865310669,-0.027301326394081116,0.08474993705749512
0.056345388293266296,-0.02753157913684845,0.10417115688323975
0.0523960217833519,-0.032421842217445374,0.05812239646911621
0.03538145124912262,-0.04966425895690918,0.0881810188293457
0.01853911206126213,-0.03567083179950714,0.13633161783218384
0.005827814340591431,-0.022618278861045837,0.11236405372619629
-0.008896555751562119,-0.01780398190021515,0.07876205444335938
-0.009414102882146835,-0.017407670617103577,0.05017292499542236
-0.009481661021709442,-0.02246066927909851,0.011658787727355957
-0.0038075149059295654,-0.024732515215873718,-0.034101009368896484
0.007289167493581772,-0.034710876643657684,-0.0774187445640564
0.020339682698249817,-0.04305538535118103,-0.11349546909332275
0.02945985645055771,-0.04006683826446533,-0.1386461853981018
0.05465484783053398,-0.04941840469837189,-0.13970625400543213
0.09151631593704224,-0.07436737418174744,-0.12838268280029297
0.12460243701934814,-0.08239319175481796,-0.1255803108215332
0.15096859633922577,-0.07610879838466644,-0.11103415489196777
0.13647398352622986,-0.0777050256729126,-0.11426407098770142
0.07689837366342545,0.005149107426404953,0.8148136138916016
0.16782884299755096,-0.07666877657175064,0.24543160200119019
-0.09920237958431244,-0.08348709344863892,-0.03519022464752197
-0.08516588062047958,-0.13868683576583862,0.09221899509429932
-0.037044912576675415,-0.2392013520002365,0.010101079940795898
-0.15480108559131622,-0.1914023607969284,0.034667372703552246
-0.15672476589679718,-0.042593516409397125,0.031667470932006836
-0.09380580484867096,0.0807463526725769,-0.010153412818908691
-0.009104905650019646,0.2009088695049286,0.0148545503616333
0.08800548315048218,0.21676497161388397,-0.036686062812805176
0.11389384418725967,0.20456282794475555,-0.026858091354370117
0.10913413763046265,0.14807316660881042,-0.019463717937469482
0.09205210208892822,0.06080440431833267,-0.01427304744720459
0.07888708263635635,-0.011358749121427536,-0.0049211978912353516
0.06916935741901398,-0.09630601853132248,-0.0006386041641235352
0.02558346465229988,-0.16707369685173035,0.0083390474319458
-0.0239357128739357,-0.31742480397224426,-0.007923603057861328
-0.07944425940513611,-0.2970283329486847,-0.009810447692871094
-0.08119630813598633,-0.29452115297317505,-0.02051675319671631
-0.13772964477539062,-0.2115495502948761,-0.01201695203781128
-0.11113183200359344,-0.13356968760490417,-0.020937800407409668
-0.07798954844474792,-0.1258855015039444,-0.01677572727203369
-0.0325603187084198,-0.15055936574935913,-0.022130250930786133
-0.011739702895283699,-0.20913682878017426,-0.014627695083618164
-0.03192313015460968,-0.2625741958618164,0.03915888071060181
-0.06598004698753357,-0.2193339616060257,0.020095467567443848
-0.10059000551700592,-0.1596493422985077,-0.002201557159423828
-0.09963001310825348,-0.11382079124450684,0.004264712333679199
-0.08318127691745758,-0.018310710787773132,0.0031332969665527344
-0.04713290184736252,0.03981497511267662,-0.007305622100830078
0.01254894956946373,0.053264256566762924,0.0007343292236328125
0.05089303106069565,0.09751933068037033,9.21487808227539e-05
0.06980934739112854,0.15311728417873383,-0.004028916358947754
0.07827956229448318,0.15829846262931824,-0.0030229687690734863
0.09793071448802948,0.15486647188663483,-0.00017011165618896484
0.11144328117370605,0.16929031908512115,-0.0019249916076660156
0.13146717846393585,0.18859122693538666,-0.0027788877487182617
0.1468365490436554,0.20826277136802673,-0.0007784366607666016
0.14588573575019836,0.20507851243019104,0.0003681182861328125
0.13458183407783508,0.20581871271133423,-0.0010482072830200195
0.11924074590206146,0.21696460247039795,-0.0007715225219726562
0.08411362022161484,0.20570792257785797,-0.0003732442855834961
0.045558687299489975,0.19778107106685638,-0.0019280314445495605
0.02874959260225296,0.17444056272506714,-0.0017437934875488281
0.015215948224067688,0.12329399585723877,-0.0012543201446533203
-0.008365718647837639,0.0950290784239769,-0.0020922422409057617
-0.048744380474090576,0.09831778705120087,-0.002472519874572754
-0.1105271577835083,0.0935317724943161,-0.0009610652923583984
-0.15399716794490814,0.0759027898311615,-0.0021347999572753906
-0.14196178317070007,0.06514796614646912,-0.001918792724609375
-0.11853739619255066,0.05896097421646118,-0.0011839866638183594
-0.10248135030269623,0.06406242400407791,-0.0021424293518066406
-0.05981063097715378,0.07800474762916565,-0.0026592016220092773
0.0721675306558609,0.03426317870616913,-0.0033606290817260742
0.16203796863555908,0.028764553368091583,0.000499725341796875
0.1076383963227272,0.09432930499315262,-0.0016522407531738281
0.08936396986246109,0.1672634333372116,-0.0007679462432861328
0.08548931777477264,0.17412985861301422,-0.002248406410217285
0.08412009477615356,0.1444479525089264,-0.0033012032508850098
0.11717232316732407,0.1491169035434723,0.002497076988220215
0.14496563374996185,0.13159063458442688,-0.0022031068801879883
0.07904278486967087,0.018400151282548904,-0.0024625062942504883
0.004669796675443649,-0.0021393895149230957,-0.0015012025833129883
0.016941191628575325,0.0051930490881204605,-0.0020810365676879883
0.016942903399467468,0.0027275029569864273,-0.0032559633255004883
0.015981758013367653,0.0029325587674975395,-0.0027071237564086914
0.015795648097991943,0.003081769682466984,-0.0016701817512512207
0.016345994547009468,0.004150906577706337,-0.0040667057037353516
0.016653064638376236,0.0035767648369073868,-0.0025107860565185547
0.016672654077410698,0.0043120002374053,-0.0009698867797851562
0.017709720879793167,0.0038188444450497627,-0.0022516250610351562
0.016444800421595573,0.003033752553164959,-0.0029840469360351562
0.01923634484410286,0.002226034179329872,-0.0012596845626831055
0.01687593199312687,0.0027961526066064835,-0.001549839973449707
0.017266908660531044,0.0020824866369366646,-0.0021607279777526855
0.017134463414549828,0.0017708893865346909,-0.0014595389366149902
0.0165113378316164,0.003263019025325775,-0.0012619495391845703
0.016350451856851578,0.003734700381755829,-0.0031241178512573242
0.015238694846630096,0.003559693694114685,-0.014248549938201904
0.012345114722847939,0.0015554418787360191,-0.04498028755187988
0.008594164624810219,-0.009851268492639065,0.06111264228820801
0.010413611307740211,0.00495856162160635,0.02825915813446045
0.02472958341240883,0.009398228488862514,-0.038361549377441406
0.028176113963127136,0.014775026589632034,-0.025529146194458008
0.023403381928801537,0.00799766555428505,0.03349071741104126
0.02394077554345131,0.0054926639422774315,-0.010028362274169922
0.023572063073515892,0.001904844306409359,-0.0255165696144104
0.01942756213247776,-0.000963352620601654,0.01125645637512207
0.015043074265122414,-0.0011963127180933952,0.013742685317993164
0.015471825376152992,0.001077696681022644,-0.022222280502319336
0.010220352560281754,0.002656380645930767,-0.004156231880187988
0.005080804228782654,0.004145147278904915,0.02288132905960083
0.006128283217549324,0.007899665273725986,-0.01522064208984375
0.007936801761388779,0.006810855120420456,-0.012871384620666504
0.006876859813928604,0.0053616901859641075,0.016104519367218018
0.008561067283153534,0.002283181995153427,-0.0034578442573547363
0.013222206383943558,0.0007582418620586395,-0.014414668083190918
0.01555664837360382,-0.0018563251942396164,0.005466580390930176
0.018881577998399734,-0.0018199598416686058,0.0033142566680908203
0.02456817217171192,-0.000822063535451889,-0.012341499328613281
0.023829815909266472,0.0019299285486340523,-0.0011417865753173828
0.021589132025837898,0.0062512923032045364,0.005357980728149414
0.02224443294107914,0.00846121832728386,-0.009626507759094238
0.021821074187755585,0.009025453589856625,-0.005354404449462891
0.019465317949652672,0.005352542735636234,0.006241559982299805
0.01796567626297474,0.002709471620619297,-0.004241585731506348
0.015031270682811737,-0.0016595972701907158,-0.007080674171447754
0.010919205844402313,-0.003466910682618618,0.0032486915588378906
0.010836046189069748,-0.0029841428622603416,-0.002703249454498291
0.012498367577791214,0.00035044364631175995,-0.005878269672393799
0.013138428330421448,0.0026265885680913925,0.0017197132110595703
0.014369769021868706,0.004769312217831612,-0.00012755393981933594
0.014335157349705696,0.007863710634410381,-0.004843473434448242
0.014760484918951988,0.008298968896269798,-0.0011974573135375977
0.01570791006088257,0.007382405921816826,0.0021435022354125977
0.017067551612854004,0.006299988366663456,-0.0031668543815612793
0.018049579113721848,0.003424225375056267,-0.003579378128051758
0.015955794602632523,0.0015522083267569542,0.001210927963256836
0.015252353623509407,0.0011590998619794846,-0.0018717050552368164
0.014942752197384834,0.0019745994359254837,-0.0033217668533325195
0.015458164736628532,0.003606952726840973,-0.00036263465881347656
0.0157097727060318,0.004101913422346115,-0.00042432546615600586
0.015098154544830322,0.0040954481810331345,-0.003980457782745361
0.013183427974581718,0.0013297740370035172,-0.0014484524726867676
0.011299226433038712,-0.0009002536535263062,-0.0013422369956970215
0.010950209572911263,-0.002498304471373558,-0.0025025606155395508
0.013277260586619377,-0.00282499473541975,-0.0009315013885498047
0.015377238392829895,-0.0014336109161376953,-0.0008404254913330078
0.01700221188366413,0.0007247487083077431,-0.0020922422409057617
0.017858825623989105,0.003826310858130455,-0.002932310104370117
0.01776748150587082,0.006337747909128666,-0.002368450164794922
0.018567129969596863,0.00877117458730936,-0.001880645751953125
0.018271811306476593,0.008758575655519962,-0.002735614776611328
0.016297314316034317,0.007779693230986595,-0.0012254714965820312
0.01546417735517025,0.0051360949873924255,-0.001851499080657959
0.014000806957483292,0.0027422988787293434,-0.0020810365676879883
0.013482321053743362,0.0017572585493326187,-0.0009222030639648438
0.013646591454744339,0.0015462907031178474,-0.002295970916748047
0.01322624646127224,0.001562654972076416,-0.0023270249366760254
0.013504335656762123,0.0017586145550012589,-0.0015795230865478516
0.012667117640376091,0.0025382256135344505,-0.003243565559387207
0.012478727847337723,0.0032066330313682556,-0.0023136138916015625
0.012657972052693367,0.003922100178897381,-0.0013380050659179688
0.013095609843730927,0.003597463481128216,-0.0027271509170532227
0.014050956815481186,0.002936987206339836,-0.0025902986526489258
0.014559177681803703,0.001179233193397522,-0.001995861530303955
0.014736354351043701,0.0010901335626840591,-0.0013102293014526367
0.015744758769869804,0.001765357330441475,-0.002577364444732666
0.017898734658956528,0.0027031628414988518,-0.0029291510581970215
0.019287222996354103,0.0035041458904743195,-0.0013884305953979492
0.018315844237804413,0.005159598775207996,-0.002090930938720703
0.01614721305668354,0.00556579977273941,-0.0015880465507507324
0.014346707612276077,0.005019445903599262,-0.0012530684471130371
0.012448975816369057,0.0037356847897171974,-0.0016655921936035156
0.010737132281064987,0.0028122346848249435,-0.0017879009246826172
0.010545561090111732,0.003164864145219326,-0.001986682415008545
0.010264147073030472,0.002828441560268402,-0.0024454593658447266
0.010805286467075348,0.0027128392830491066,-0.002583622932434082
0.012909550219774246,0.0032742545008659363,-0.0005400776863098145
0.016255000606179237,0.003342950716614723,-0.0016852617263793945
0.017819669097661972,0.00306632649153471,-0.0017163753509521484
0.018298301845788956,0.002591014839708805,-0.0019000768661499023
0.01798243634402752,0.0037489384412765503,-0.0025263428688049316
0.01828075759112835,0.0026127519086003304,-0.0023743510246276855
0.016611548140645027,0.002866240218281746,-0.002146124839782715
0.015569347888231277,0.003323144279420376,-0.0014600753784179688
0.01470840722322464,0.0035718893632292747,-0.0021015405654907227
0.013489630073308945,0.0021499712020158768,-0.0016597509384155273
0.011547481641173363,0.001837095245718956,-0.001797795295715332
0.009766288101673126,0.0020325519144535065,-0.0018137097358703613
0.008646870031952858,0.0018285168334841728,-0.002150297164916992
0.009724726900458336,0.0012817690148949623,-0.0029906630516052246
0.010368319228291512,0.002407776191830635,-0.0012366175651550293
0.010381396859884262,0.0025834739208221436,-0.0016036033630371094
0.01327626034617424,0.003344024531543255,-0.0012837648391723633
0.016142696142196655,0.003992248326539993,-0.001650094985961914
0.017059456557035446,0.004773509688675404,-0.002718329429626465
0.018317390233278275,0.005074169486761093,-0.0015741586685180664
0.017805524170398712,0.005128898657858372,-0.0014524459838867188
0.01712825708091259,0.004255239851772785,-0.0016819238662719727
0.016881439834833145,0.0037635602056980133,-0.0034676790237426758
0.015376094728708267,0.0028783446177840233,-0.0016220808029174805
0.013766737654805183,0.0032856054604053497,-0.0011342763900756836
0.014095868915319443,0.002615423873066902,-0.0015619993209838867
0.013220775872468948,0.002880415879189968,-0.0022644996643066406
0.012142563238739967,0.0016655102372169495,-0.0022193193435668945
0.011204412207007408,0.0005674557760357857,-0.0017167329788208008
0.01128416508436203,2.6870518922805786e-05,-0.0018851757049560547
0.012093713507056236,-0.0003179917111992836,-0.0014889240264892578
0.012354390695691109,0.0003853794187307358,-0.00013178586959838867
0.012296965345740318,0.000368666835129261,-0.001963198184967041
0.01202269084751606,0.0019089067354798317,-0.0015817880630493164
0.013417759910225868,0.0034960750490427017,-0.0015212297439575195
0.014939334243535995,0.00500014703720808,-0.0017960667610168457
0.015943897888064384,0.005972759798169136,-0.0017806291580200195
0.016622500494122505,0.0069446684792637825,-0.0012012720108032227
0.01630944386124611,0.006669262424111366,-0.0018273591995239258
0.01467265747487545,0.00558081641793251,-0.001919388771057129
0.01345006562769413,0.003939475864171982,-0.001400589942932129
0.01217678003013134,0.0024484898895025253,-0.001599431037902832
0.01078493520617485,0.00011544208973646164,-0.0012645125389099121
0.011391999199986458,-0.0010162536054849625,-0.002165555953979492
0.011473264545202255,-0.00041809678077697754,-0.002028942108154297
0.012560233473777771,-0.0005200440064072609,-0.00225830078125
0.013966331258416176,-3.086403012275696e-06,-0.002015233039855957
0.014361878857016563,0.001238659955561161,-0.0009021759033203125
0.014703627675771713,0.002543439157307148,-0.0024591684341430664
0.014963148161768913,0.0029508154839277267,-0.003069758415222168
0.013901066035032272,0.0038208626210689545,-0.0017877817153930664
0.014526745304465294,0.004589978605508804,-0.002596735954284668
0.013971881940960884,0.005568615160882473,-0.0018034577369689941
0.013629430904984474,0.0059791747480630875,-0.0014683008193969727
0.013503434136509895,0.006415841169655323,-0.0018200874328613281
0.013150375336408615,0.005443303845822811,-0.0015614032745361328
0.01106860302388668,0.004079178906977177,-0.0010584592819213867
0.011116156354546547,0.0021791430190205574,-0.0021883249282836914
0.010419851168990135,0.0007261689752340317,-0.0018227100372314453
0.011211419478058815,0.00026972126215696335,-0.0007092952728271484
0.012807993218302727,-0.0008816588670015335,-0.0017626285552978516
0.012889709323644638,-0.0012489566579461098,-0.0018242597579956055
0.012883594259619713,-0.0009074360132217407,-0.0016112327575683594
0.012896021828055382,-0.0006630271673202515,-0.002344489097595215
0.013611363247036934,0.0014366768300533295,-0.0024517178535461426
0.013991866260766983,0.0021943282335996628,-0.0011093616485595703
0.01405513845384121,0.003620450384914875,-0.0012012720108032227
0.013606777414679527,0.004824410192668438,-0.0018880367279052734
0.013661425560712814,0.005761082284152508,-0.0026057958602905273
0.01357770524919033,0.00565382931381464,-0.0027741193771362305
0.012835318222641945,0.005116188898682594,-0.0030646324157714844
0.011555276811122894,0.004856747575104237,-0.0020276308059692383
0.01145409420132637,0.004437707364559174,-0.0008228421211242676
0.011314015835523605,0.003132076933979988,-0.002501845359802246
0.010995864868164062,0.0033864928409457207,-0.0026705265045166016
0.011479901149868965,0.0018213605508208275,-0.002824068069458008
0.013096749782562256,0.0017919689416885376,-0.002534627914428711
0.012314166873693466,0.0006953710690140724,-0.001802682876586914
0.013182681053876877,0.00053433608263731,-0.001955747604370117
0.014021452516317368,0.0008537974208593369,-0.0016968250274658203
0.013493750244379044,0.0004246346652507782,-0.0016818046569824219
0.013747869059443474,0.0017381198704242706,-0.0016518235206604004
0.014826590195298195,0.002346200868487358,-0.002384662628173828
0.014285791665315628,0.0027813278138637543,-0.0024611949920654297
0.012999974191188812,0.0035993726924061775,-0.0022941231727600098
0.012398267164826393,0.0039248475804924965,-0.0018672943115234375
0.011254146695137024,0.004034568555653095,-0.0014101862907409668
0.01168140210211277,0.003390856087207794,-0.002280592918395996
0.010621964931488037,0.0026999088004231453,-0.0021284818649291992
0.0101692546159029,0.0018801912665367126,-0.0020679235458374023
0.010883860290050507,0.002005583606660366,-0.0024039745330810547
0.010447511449456215,0.0008936375379562378,-0.0011377334594726562
0.01196499913930893,0.001611136831343174,-0.0018554925918579102
0.012659478932619095,0.0011323746293783188,-0.0031224489212036133
0.01226378045976162,0.0015552090480923653,-0.0006203651428222656
0.012266270816326141,0.0028159674257040024,-0.0023908615112304688
0.01337127573788166,0.0031431447714567184,-0.0030626654624938965
0.012150119990110397,0.003111868165433407,-0.0012930035591125488
0.011860379949212074,0.003089561127126217,-0.0020717382431030273
0.013145506381988525,0.002510073594748974,-0.002865433692932129
0.012112217023968697,0.0035254862159490585,-0.0016602277755737305
0.011386606842279434,0.002574182115495205,-0.001248478889465332
0.01173204556107521,0.0016571953892707825,-0.0023779869079589844
0.011737668886780739,0.0014873305335640907,-0.001767873764038086
0.012070335447788239,0.0010277489200234413,-0.001264810562133789
0.012641552835702896,0.0004784669727087021,-0.002241969108581543
0.011424005031585693,0.0016636531800031662,-0.0026394128799438477
0.011172022670507431,0.0020414451137185097,-0.0023497343063354492
0.011363429948687553,0.002401873469352722,-0.0016483068466186523
0.012393975630402565,0.0023475727066397667,-0.001984119415283203
0.011567628011107445,0.0020019980147480965,-0.002289414405822754
0.012715151533484459,0.002614629454910755,-0.0024576187133789062
0.012539541348814964,0.0028825057670474052,-0.002320528030395508
0.01178431510925293,0.0036122826859354973,-0.00203096866607666
0.01206435076892376,0.003343399614095688,-0.0021075010299682617
0.012246709316968918,0.002932126633822918,-0.001863718032836914
0.011484866961836815,0.004084949381649494,-0.0019098520278930664
0.011025574058294296,0.0025715669617056847,-0.0009794235229492188
0.010963981971144676,0.0020442651584744453,-0.0011172294616699219
0.01102730818092823,0.0015735384076833725,-0.001972198486328125
0.012043071910738945,0.0008148513734340668,-0.002964019775390625
0.011555483564734459,0.0017774775624275208,-0.0023235082626342773
0.01223035529255867,0.0009935377165675163,-0.001392960548400879
0.012296471744775772,0.0010840203613042831,-0.0014084577560424805
0.012290483340620995,0.0017175218090415,-0.002247929573059082
0.012859130278229713,0.0022337250411510468,-0.0024923086166381836
0.013287562876939774,0.0028749704360961914,-0.0023097991943359375
0.012433391064405441,0.0031844042241573334,-0.0015319585800170898
0.013526597991585732,0.0030331285670399666,-0.002081751823425293
0.012504922226071358,0.0027999430894851685,-0.002677440643310547
0.012101544067263603,0.0028598476201295853,-0.0028454065322875977
0.011630471795797348,0.002518697641789913,-0.00241851806640625
0.010873382911086082,0.002575085498392582,-0.0011219978332519531
0.010075477883219719,0.0021239109337329865,-0.0020227432250976562
0.010228026658296585,0.002217017114162445,-0.0021299123764038086
0.01090073212981224,0.001399381086230278,-0.001138448715209961
0.010846028104424477,0.0014152899384498596,-0.002069711685180664
0.010065235197544098,0.0017909472808241844,-0.002177000045776367
0.011112261563539505,0.0015551205724477768,-0.0018417835235595703
0.010975789278745651,0.0015592249110341072,-0.0014150142669677734
0.012527313083410263,0.0018943939357995987,-0.0024682283401489258
0.012696685269474983,0.002150910906493664,-0.0019192695617675781
0.013058530166745186,0.003092682920396328,-0.002423226833343506
0.012605296447873116,0.003054589033126831,-0.0032020211219787598
0.012279605492949486,0.0037602148950099945,-0.001813650131225586
0.01237683929502964,0.0034941937774419785,-0.0017226934432983398
0.012334512546658516,0.0032670218497514725,-0.0016774535179138184
0.011403743177652359,0.00341669749468565,-0.0012657642364501953
0.011338992044329643,0.002733694389462471,-0.0014796853065490723
0.010972129181027412,0.0023814216256141663,-0.0021361112594604492
0.01021994836628437,0.0011842036619782448,-0.0023041367530822754
0.009687000885605812,0.0006011724472045898,-0.0017399787902832031
0.010279916226863861,0.0006807004101574421,-0.0002447366714477539
0.010114474222064018,0.0006230240687727928,-0.0019388198852539062
0.010153084993362427,0.0019064797088503838,-0.0019088983535766602
0.010764816775918007,0.002339132595807314,-0.0011466741561889648
0.011562919244170189,0.0023758625611662865,-0.001803576946258545
0.011398794129490852,0.0026654847897589207,-0.0016055107116699219
0.011522950604557991,0.0024972031824290752,-0.0019870996475219727
0.011461993679404259,0.0026610270142555237,-0.0019873976707458496
0.01173468679189682,0.00227874843403697,-0.001758575439453125
0.01119270920753479,0.002156756352633238,-0.0011485815048217773
0.01119154877960682,0.0025019459426403046,-0.0017898082733154297
0.01128368079662323,0.002345683053135872,-0.0016071200370788574
0.011631056666374207,0.0027421624399721622,-0.0016228556632995605
0.011960214003920555,0.002132098190486431,-0.0021268725395202637
0.0116129070520401,0.0017258436419069767,-0.0023716092109680176
0.010761279612779617,0.002297324128448963,-0.0016551017761230469
0.010755747556686401,0.00225559389218688,-0.002174079418182373
0.011312125250697136,0.0013343407772481441,-0.0017015933990478516
0.01087760366499424,0.002654917072504759,-0.0034110546112060547
0.011550242081284523,0.002925948239862919,-0.0020532608032226562
0.011424105614423752,0.002348078414797783,-0.0013974905014038086
0.010952016338706017,0.001984870061278343,-0.001901388168334961
0.01079506240785122,0.002399314660578966,-0.0018100738525390625
0.010472878813743591,0.002920458558946848,-0.0009709596633911133
0.01126657985150814,0.0025075883604586124,-0.0016428232192993164
0.01066560298204422,0.0025385445915162563,-0.002909421920776367
0.011111162602901459,0.0015490255318582058,-0.0026351213455200195
0.01086517982184887,0.0011012060567736626,-0.0009570121765136719
0.010091211646795273,0.0010738437995314598,-0.0017203092575073242
0.010085530579090118,0.0014813975431025028,-0.002483546733856201
0.00979187898337841,0.0016442886553704739,-0.001248002052307129
0.010161006823182106,0.0028857369907200336,-0.0019960403442382812
0.010247290134429932,0.0029606549069285393,-0.0018894672393798828
0.010497257113456726,0.0025703106075525284,-0.0014777183532714844
0.011140726506710052,0.0027786651626229286,-0.002195119857788086
0.011339161545038223,0.0029827170073986053,-0.0023632049560546875
0.01117388904094696,0.002485326025635004,-0.0019975900650024414
0.011286834254860878,0.0022541522048413754,-0.0022727251052856445
0.010861784219741821,0.0022288551554083824,-0.0008997917175292969
0.010935613885521889,0.0018336446955800056,-0.002486884593963623
0.011133426800370216,0.001772461924701929,-0.0013885498046875
0.010921034961938858,0.0017350642010569572,-0.0016788244247436523
0.010825913399457932,0.001824905164539814,-0.0017703771591186523
0.011404579505324364,0.0015427875332534313,-0.0022586584091186523
0.01122388243675232,0.002083155792206526,-0.001984119415283203
0.0107119120657444,0.0020530554465949535,-0.0013895034790039062
0.010937746614217758,0.0026194825768470764,-0.0019239187240600586
0.010661548003554344,0.0024758977815508842,-0.002687215805053711
0.010343078523874283,0.0013923845253884792,-0.0020925402641296387
0.010319145396351814,0.0024675531312823296,-0.001985907554626465
0.010881023481488228,0.0025649764575064182,-0.002062380313873291
0.009638151153922081,0.0027601332403719425,-0.0019098520278930664
0.009791957214474678,0.002587899100035429,-0.0023983120918273926
0.010316476225852966,0.0016808724030852318,-0.001803278923034668
0.00934574007987976,0.0018661227077245712,-0.0014832615852355957
0.009123409166932106,0.0027257283218204975,-0.0029329657554626465
0.009472157806158066,0.0020162141881883144,-0.0013464689254760742
0.009163733571767807,0.002303228247910738,-0.002490997314453125
0.010365558788180351,0.0010967194102704525,-0.0021248459815979004
0.010855605825781822,0.0012361425906419754,-0.002247154712677002
0.010395916178822517,0.0024883062578737736,-0.0027205944061279297
0.010553855448961258,0.0026868986897170544,-0.002171933650970459
0.010831745341420174,0.0027878768742084503,-0.0015159845352172852
0.011424658820033073,0.002789124846458435,-0.002294480800628662
0.011410454288125038,0.002937417011708021,-0.0009672641754150391
0.011460995301604271,0.0031800889410078526,-0.0018068552017211914
0.011212075129151344,0.0021782713010907173,-0.0022497177124023438
0.011069729924201965,0.002835154067724943,-0.002143383026123047
0.010906411334872246,0.002493022009730339,-0.0026013851165771484
0.009819705039262772,0.0016917395405471325,-0.0015488862991333008
0.009011656045913696,0.002489544451236725,-0.0018085241317749023
0.010354524478316307,0.0017840401269495487,-0.0015796422958374023
0.00898926891386509,0.0021746791899204254,-0.0028465986251831055
0.009822031483054161,0.0025177649222314358,-0.0018553733825683594
0.00907229259610176,0.0012508896179497242,-0.001260519027709961
0.009517103433609009,0.0013897190801799297,-0.0015660524368286133
0.010155860334634781,0.0011025071144104004,-0.0022835731506347656
0.01096402108669281,0.002091864589601755,-0.0011394619941711426
0.010549088940024376,0.0016917185857892036,-0.0015976428985595703
0.010786700993776321,0.0024596508592367172,-0.002345561981201172
0.011239605024456978,0.002585515845566988,-0.0016589164733886719
0.010531796142458916,0.002016986720263958,-0.0027884244918823242
0.011153081431984901,0.002281028311699629,-0.0020411014556884766
0.010543519631028175,0.0024872259236872196,-0.0022550225257873535
0.010713569819927216,0.0018198476172983646,-0.0024691224098205566
0.01049019955098629,0.0014055934734642506,-0.002453923225402832
0.01027590036392212,0.0017569661140441895,-0.002133786678314209
0.009735755622386932,0.002078140154480934,-0.0018900632858276367
0.009626679122447968,0.002132722642272711,-0.0010662078857421875
0.010561145842075348,0.0023299292661249638,-0.00196683406829834
0.01000320166349411,0.0023083300329744816,-0.002455592155456543
0.010130578652024269,0.0028133895248174667,-0.002638578414916992
0.010017942637205124,0.0016753487288951874,-0.0019981861114501953
0.010146241635084152,0.0017192722298204899,-0.002212047576904297
0.008845945820212364,0.001292241271585226,-0.0015565156936645508
0.00900266319513321,0.0013128528371453285,-0.002274155616760254
0.009600458666682243,0.0015057134442031384,-0.00203019380569458
0.009788420051336288,0.001224283128976822,-0.0016336441040039062
0.01020565815269947,0.0013967743143439293,-0.002549409866333008
0.010111277922987938,0.002814455423504114,-0.00196993350982666
0.009943915531039238,0.0025936784222722054,-0.0023362040519714355
0.009126119315624237,0.0021024118177592754,-0.0029464364051818848
0.010495943948626518,0.001790529116988182,-0.002061605453491211
0.010311426594853401,0.0017037619836628437,-0.0025807619094848633
0.00952204130589962,0.0023062564432621002,-0.0017112493515014648
0.009730013087391853,0.0024986788630485535,-0.0017571449279785156
0.009800238534808159,0.003125076647847891,-0.002047300338745117
0.009659010916948318,0.0022869324311614037,-0.0026731491088867188
0.009985249489545822,0.0015911217778921127,-0.0024905800819396973
0.009975438937544823,0.002143104560673237,-0.0021701455116271973
0.010708613321185112,0.0018696244806051254,-0.002627849578857422
0.009574977681040764,0.0013852152042090893,-0.002170085906982422
0.009425181895494461,0.0019914316944777966,-0.0027501583099365234
0.010034287348389626,0.0007187528535723686,-0.0013310909271240234
0.009127447381615639,0.0014210538938641548,-0.001865386962890625
0.010716050863265991,0.0017476384527981281,-0.002872467041015625
0.00978788174688816,0.0013404288329184055,-0.0027201175689697266
0.009935924783349037,0.0017596706748008728,-0.002628922462463379
0.009313171729445457,0.00143719045445323,-0.0012407302856445312
0.009192975237965584,0.0016773417592048645,-0.0018207430839538574
0.008296631276607513,0.001492924988269806,-0.0015767216682434082
0.007889335975050926,0.002129059284925461,-0.0018824338912963867
0.00958961620926857,0.0019019125029444695,-0.001500844955444336
0.008704254403710365,0.002575238235294819,-0.0020505189895629883
0.009495828300714493,0.0031551714055240154,-0.0020967721939086914
0.010494086891412735,0.002036282792687416,-0.0020508766174316406
0.009940613061189651,0.000975009985268116,-0.001669466495513916
0.009974248707294464,0.0008377823978662491,-0.0014714598655700684
0.010266600176692009,0.0020303241908550262,-0.0010749101638793945
0.00961342453956604,0.0020144120790064335,-0.0008157491683959961
0.009782534092664719,0.0024366271682083607,-0.001319587230682373
0.010057294741272926,0.002217494882643223,-0.0016861557960510254
0.010667705908417702,0.0027228170074522495,-0.000816643238067627
0.009299339726567268,0.0014607659541070461,-0.002892017364501953
0.00876925140619278,0.003210958559066057,-0.002358078956604004
0.009460823610424995,0.002532457932829857,-0.002190530300140381
0.008942421525716782,0.0016600685194134712,-0.002053499221801758
0.00945783220231533,0.002473777625709772,-0.0019468069076538086
0.009020280092954636,0.002079382073134184,-0.0020084381103515625
0.009714549407362938,0.0013717105612158775,-0.0014595985412597656
0.009830711409449577,0.001538306474685669,-0.0019333958625793457
0.010048037394881248,0.0011611036024987698,-0.0022999048233032227
0.009340217337012291,0.001516495831310749,-0.002071201801300049
0.009217565879225731,0.0008146767504513264,-0.0013849735260009766
0.009074710309505463,0.0014796718023717403,-0.0019499659538269043
0.009514302015304565,0.0010726838372647762,-0.001858830451965332
0.010015560314059258,0.001229630783200264,-0.000744938850402832
0.009078744798898697,0.0023688701912760735,-0.0011572837829589844
0.009179048240184784,0.002300309482961893,-0.0016764402389526367
0.009620217606425285,0.0022784192115068436,-0.0014938712120056152
0.009022163227200508,0.002342325635254383,-0.0014483928680419922
0.00946960411965847,0.0019225217401981354,-0.001982569694519043
0.009235857054591179,0.0026465831324458122,-0.001784682273864746
0.009997634217143059,0.0023059691302478313,-0.0016933083534240723
0.009066566824913025,0.002192806452512741,-0.0025634169578552246
0.009570395573973656,0.0013495045714080334,-0.0023653507232666016
0.009572284296154976,0.0013592392206192017,-0.0013890862464904785
0.010769173502922058,0.0017084837891161442,-0.0019999146461486816
0.009623033925890923,0.0020723510533571243,-0.002747774124145508
0.009195709601044655,0.0019226204603910446,-0.0015884041786193848
0.009336128830909729,0.002699795179069042,-0.002092123031616211
0.00893779844045639,0.0024516931734979153,-0.001893758773803711
0.009479766711592674,0.0034310552291572094,-0.0017411112785339355
0.009104195982217789,0.0025405604392290115,-0.0016802549362182617
0.008612509816884995,0.001990450546145439,-0.003053903579711914
0.00922764278948307,0.0018601235933601856,-0.003008544445037842
0.008904347196221352,0.00254244077950716,-0.0021234750747680664
0.008282829076051712,0.002673390321433544,2.7835369110107422e-05
0.007123040035367012,0.001316287089139223,-0.0024138689041137695
0.008018413558602333,0.0013105343095958233,-0.0029178261756896973
0.00805901363492012,0.0005445787683129311,-0.0015295743942260742
0.00829530693590641,0.00026325276121497154,-0.0017586350440979004
0.009044023230671883,0.0003192080184817314,-0.001804649829864502
0.009692957624793053,0.0004142266698181629,-0.0018657445907592773
0.009278841316699982,0.0007431688718497753,-0.001454174518585205
0.009222785010933876,0.0017481837421655655,-9.632110595703125e-05
0.009503722190856934,0.002208039164543152,-0.002125859260559082
0.00964820571243763,0.0024784523993730545,-0.0011190176010131836
0.010292448103427887,0.003448625560849905,-0.0012871026992797852
0.010208098217844963,0.00290363235399127,-0.0019434690475463867
0.010356379672884941,0.002661751117557287,-0.0016993880271911621
0.009619852527976036,0.002453980501741171,-0.001257181167602539
0.009588226675987244,0.002903444692492485,-0.002173006534576416
0.008242089301347733,0.0026049218140542507,-0.0016848444938659668
0.008258664980530739,0.0033780811354517937,-0.001974940299987793
0.006407288834452629,0.002926134504377842,-0.0015480518341064453
0.007792666554450989,0.0027040517888963223,-0.002143383026123047
0.00739094614982605,0.001748364418745041,-0.00337982177734375
0.007751129567623138,0.001402200199663639,-0.0030444860458374023
0.007962828502058983,0.0009818295948207378,-0.0017322301864624023
0.008216725662350655,0.00026703206822276115,-0.0011218786239624023
0.009636182337999344,0.000989195890724659,-0.002007126808166504
0.010103505104780197,0.0005116495303809643,-0.0018699169158935547
0.010435167700052261,0.0024526589550077915,-0.0022667646408081055
0.009877577424049377,0.0031238114461302757,-0.0021448135375976562
0.010160380974411964,0.0025458759628236294,-0.0017178058624267578
0.009696613997220993,0.0035208333283662796,-0.0026337504386901855
0.009565219283103943,0.0032096183858811855,-0.002756178379058838
0.00914149172604084,0.0019326061010360718,-0.001047372817993164
0.009771784767508507,0.0008316617459058762,-0.000635981559753418
0.009024718776345253,0.0009241392835974693,-0.000864863395690918
0.007913302630186081,-0.00035895733162760735,-0.0012923479080200195
0.007763320580124855,-0.000857391394674778,-0.0012930631637573242
0.006699318066239357,-0.0009002075530588627,-0.0020714998245239258
0.0054073818027973175,-0.001368917990475893,-0.0026515722274780273
0.005828317254781723,0.0007165893912315369,-0.0017362236976623535
0.006895046681165695,0.0008291960693895817,-0.0001798868179321289
0.007304757833480835,0.002383495680987835,0.0006896257400512695
0.0076706018298864365,0.0017192661762237549,-0.0020265579223632812
0.007226372137665749,0.001188616268336773,-0.003415226936340332
0.007894618436694145,0.0004689204506576061,-0.0029882192611694336
0.008461523801088333,0.00038989121094346046,-0.0034456253051757812
0.005236482247710228,-0.000831089448183775,-0.0041474103927612305
0.005036003887653351,0.00017626071348786354,-0.0027893781661987305
0.008239677175879478,0.004868598189204931,-0.0005920529365539551
0.009832628071308136,0.008905000984668732,-0.0012333989143371582
0.01139938086271286,0.00919094868004322,-0.001096487045288086
0.011209333315491676,0.00798356905579567,-0.0026530027389526367
0.011459795758128166,0.0044140927493572235,-0.0029736757278442383
0.011867402121424675,0.0009806351736187935,-0.0014484524726867676
0.009618740528821945,-0.0004594800993800163,-0.0014333724975585938
0.009120233356952667,-0.0023099305108189583,-0.00216597318649292
0.00900108739733696,-0.0012837005779147148,-0.0022732019424438477
0.008553149178624153,0.0007803905755281448,-0.0024566650390625
0.008375139907002449,0.0021636076271533966,-0.0036318302154541016
0.007935553789138794,0.0036348295398056507,-0.0018314123153686523
0.007790170609951019,0.0038547213189303875,-0.0009925365447998047
0.00799706019461155,0.0024652546271681786,-0.0030681490898132324
0.0075051430612802505,0.0005515161901712418,-0.0027938485145568848
0.006971580907702446,0.00016254838556051254,-0.0014970898628234863
0.007671572268009186,-0.0012930859811604023,-0.0016651749610900879
0.007725277915596962,-0.0006944132037460804,-0.0029927492141723633
0.008632568642497063,0.0021599233150482178,-0.0014976263046264648
0.010142870247364044,0.004028137307614088,-0.0025048255920410156
0.009293975308537483,0.0057892585173249245,-0.002322256565093994
0.009695971384644508,0.0055712247267365456,-0.0032848119735717773
0.010341024026274681,0.005082929506897926,-0.00961923599243164
0.06750228255987167,0.004497751593589783,0.009164810180664062
0.13568848371505737,0.012653561308979988,0.001321554183959961
0.0034937039017677307,0.07119712978601456,-0.007254302501678467
0.04481370747089386,0.18547753989696503,-0.003790140151977539
0.01944304257631302,0.15077804028987885,0.004464507102966309
0.058076392859220505,0.16992338001728058,-0.0026923418045043945
0.1202564537525177,0.2749573588371277,-0.0033637285232543945
0.11361579596996307,0.34778085350990295,0.00035959482192993164
0.10526426136493683,0.3731421232223511,0.0015349388122558594
0.12247402966022491,0.3378153145313263,-0.00449216365814209
0.14146170020103455,0.2818445861339569,0.0006340742111206055
0.13025851547718048,0.29821157455444336,-0.0002371072769165039
0.09169817715883255,0.22130997478961945,-0.0037180185317993164
0.08157096803188324,0.11203911900520325,-0.0023164749145507812
0.07951559871435165,0.07954984903335571,-0.0002899169921875
0.04666639864444733,0.05772168189287186,-0.0023529529571533203
-0.00758872926235199,0.04007405787706375,-0.0014238357543945312
-0.04135723412036896,0.035726357251405716,-8.219480514526367e-05
-0.05894085019826889,0.02525307796895504,-0.0013196468353271484
-0.06929940730333328,0.029792683199048042,-0.002479732036590576
-0.0666470155119896,0.06479725986719131,-0.0021741390228271484
-0.04137605056166649,0.07905443012714386,-0.001288294792175293
-0.027452174574136734,0.060088761150836945,-0.004292607307434082
0.02300981432199478,0.07219740748405457,-0.002322554588317871
0.02268756926059723,0.0003625932149589062,-0.00030672550201416016
0.03577849641442299,-0.03947445750236511,-0.004654049873352051
0.02376859448850155,-0.07760996371507645,-0.00016677379608154297
-0.018115494400262833,-0.12799201905727386,-0.0009286403656005859
-0.0573350265622139,-0.14706358313560486,-0.0022088289260864258
-0.09331188350915909,-0.15876513719558716,-0.003916263580322266
-0.11718087643384933,-0.17748871445655823,-0.0030295848846435547
-0.13263750076293945,-0.21508446335792542,-0.0028449296951293945
-0.15377277135849,-0.23668786883354187,-0.0016074180603027344
-0.1583757847547531,-0.24281923472881317,-0.000873565673828125
-0.1261758953332901,-0.23506449162960052,-0.0030999183654785156
-0.07610761374235153,-0.14910702407360077,-0.0053882598876953125
-0.023115266114473343,-0.16148056089878082,-0.00285416841506958
-0.044089630246162415,-0.23401030898094177,0.004700422286987305
-0.048238568007946014,-0.15793149173259735,-0.005156278610229492
0.07324276864528656,-0.08893122524023056,-0.007981598377227783
0.1483907401561737,-0.09058801829814911,-0.005712270736694336
0.07799997925758362,-0.1266246885061264,0.0036340951919555664
-0.05217764526605606,-0.10068961977958679,0.009345293045043945
-0.16878825426101685,-0.08780990540981293,0.004293680191040039
-0.09925391525030136,-0.047713231295347214,0.04495018720626831
0.02264532260596752,0.007820780389010906,0.22459274530410767
0.13328884541988373,-0.03117256984114647,0.4955024719238281
0.16343572735786438,-0.08089696615934372,0.3043418526649475
0.1552119255065918,-0.03849604353308678,0.16207385063171387
0.1415017545223236,-0.053066130727529526,0.39354467391967773
0.13141484558582306,-0.032113756984472275,0.6957672834396362
0.10038425028324127,0.06086171045899391,0.707830548286438
0.09742714464664459,0.10629809647798538,0.6166740655899048
0.12528856098651886,0.16114281117916107,0.6176663637161255
0.14448127150535583,0.1874442845582962,0.6710859537124634
0.1686735898256302,0.17721596360206604,0.7564102411270142
0.19574791193008423,0.18198278546333313,0.8799991607666016
0.19410619139671326,0.1906585991382599,0.9494328498840332
0.16314846277236938,0.2126719355583191,0.9117475748062134
0.11920443177223206,0.2244991958141327,0.8222495317459106
0.10951563715934753,0.2399616539478302,0.7018564939498901
0.12374818325042725,0.2989901304244995,0.6072531938552856
0.16716203093528748,0.37507039308547974,0.5656847357749939
0.25346070528030396,0.4267028570175171,0.5017069578170776
0.24365589022636414,0.44198769330978394,0.46051836013793945
0.16364261507987976,0.45178675651550293,0.38223785161972046
0.07334831357002258,0.4322975277900696,0.3324732184410095
0.01789841055870056,0.4534757733345032,0.2294502854347229
0.029678940773010254,0.5595523715019226,0.1000211238861084
-0.040752410888671875,0.5476993322372437,-0.03349444270133972
-0.317575603723526,0.19289392232894897,-0.21776902675628662
-0.4280204176902771,0.12010699510574341,-0.35718896985054016
-0.4181143641471863,0.2679087519645691,-0.38451147079467773
-0.41599953174591064,0.2834970951080322,-0.3933286964893341
-0.36199891567230225,0.294833779335022,-0.36502254009246826
-0.2542315423488617,0.3184065818786621,-0.30706074833869934
-0.15228238701820374,0.3257337808609009,-0.2681078612804413
-0.10192932188510895,0.2979423999786377,-0.24980005621910095
-0.12291349470615387,0.28862476348876953,-0.2599153518676758
-0.15825730562210083,0.30759865045547485,-0.2626972198486328
-0.1833334118127823,0.3090340495109558,-0.19951139390468597
-0.1719028502702713,0.30486899614334106,-0.150709867477417
-0.13825684785842896,0.28837621212005615,-0.12661471962928772
-0.16655825078487396,0.2887529134750366,-0.1271735578775406
-0.2630999982357025,0.34180402755737305,-0.13791584968566895
-0.2405245006084442,0.3776164650917053,-0.11332572251558304
-0.01751474291086197,0.5468367338180542,-0.03927922993898392
-0.07937709242105484,0.40153342485427856,-0.007552847266197205
-0.17322692275047302,0.20358175039291382,-0.01907157152891159
-0.22175805270671844,0.07624220848083496,-0.07020890712738037
-0.16410017013549805,0.054866015911102295,-0.13878178596496582
-0.03476391360163689,0.21199768781661987,-0.11759353429079056
-0.025815412402153015,0.19668686389923096,-0.12475919723510742
-0.10590910911560059,0.15979164838790894,-0.10596680641174316
-0.09608680009841919,0.14396905899047852,-0.05249214172363281
-0.04952826350927353,0.14509040117263794,-0.00438225083053112
-0.039763886481523514,0.19099432229995728,0.01167309284210205
-0.013669651001691818,0.1615179181098938,-0.02474045753479004
-0.029864035546779633,0.1467711329460144,-0.060902297496795654
-0.0033432133495807648,0.1809186339378357,-0.048144638538360596
0.026612315326929092,0.17824405431747437,-0.011398255825042725
0.015882737934589386,0.18233883380889893,0.020877361297607422
0.0029257945716381073,0.17434918880462646,-0.0047264061868190765
-0.009654782712459564,0.18616479635238647,-0.08089643716812134
-0.03009035252034664,0.17356109619140625,-0.1644974946975708
-0.010280553251504898,0.15292870998382568,-0.23980587720870972
0.06350963562726974,0.08631932735443115,-0.30224770307540894
0.1660967767238617,-0.06454139947891235,-0.37465178966522217
0.193719744682312,-0.12507027387619019,-0.4691036343574524
0.03854553401470184,0.04289042949676514,-0.6145236492156982
-0.10539142787456512,0.038905203342437744,-0.687542736530304
0.11868808418512344,-0.11240613460540771,-0.8553718328475952
-0.026765935122966766,0.2057877779006958,-0.7606812119483948
-0.09518671035766602,-0.004113435745239258,-0.8243851661682129
0.03533773869276047,0.034731388092041016,-0.8283309936523438
0.09411009401082993,0.10636287927627563,-0.743928074836731
0.07644465565681458,0.13349878787994385,-0.6176564693450928
0.05150270462036133,0.16221845149993896,-0.4648391008377075
0.03450017422437668,0.17830079793930054,-0.284572571516037
-0.002284236252307892,0.17215663194656372,-0.09569132328033447
-0.06906014680862427,0.17703962326049805,0.06781992316246033
-0.14262616634368896,0.1848549246788025,0.19496190547943115
-0.18884390592575073,0.17142778635025024,0.2778518497943878
-0.20755110681056976,0.16023117303848267,0.30810755491256714
-0.20253771543502808,0.14367443323135376,0.3074617385864258
-0.17100344598293304,0.15094226598739624,0.27017730474472046
-0.1446755975484848,0.16638398170471191,0.196496844291687
-0.11289717257022858,0.1726817488670349,0.11568284034729004
-0.06883975863456726,0.16833215951919556,0.05491805076599121
-0.02193579636514187,0.19151276350021362,0.0005734562873840332
-0.010639753192663193,0.1815422773361206,-0.02529624104499817
0.0155582744628191,0.16315138339996338,-0.022309482097625732
0.08004377037286758,0.16887503862380981,-0.042160749435424805
0.09207611531019211,0.16613823175430298,-0.10773241519927979
0.007265439722687006,0.15745991468429565,-0.14612579345703125
-0.07735025882720947,0.16881918907165527,-0.11572003364562988
-0.14016345143318176,0.16537189483642578,-0.03514444828033447
-0.18508975207805634,0.15556848049163818,-1.6450881958007812e-05
-0.16833488643169403,0.16896432638168335,-0.025406479835510254
-0.15095221996307373,0.1608402132987976,-0.07571256160736084
-0.117338627576828,0.1477634310722351,-0.12172430753707886
-0.06706780940294266,0.10798859596252441,-0.15126055479049683
-0.006883915513753891,0.08479028940200806,-0.1489124298095703
0.006882689893245697,0.08155697584152222,-0.14288032054901123
-0.022819310426712036,0.09242326021194458,-0.13546717166900635
-0.07038145512342453,0.10153710842132568,-0.10775613784790039
-0.11087209731340408,0.1120113730430603,-0.07554495334625244
-0.15216371417045593,0.1155853271484375,-0.054892659187316895
-0.16922521591186523,0.10764849185943604,-0.05256766080856323
-0.16435591876506805,0.10607010126113892,-0.0794057846069336
-0.13016639649868011,0.10496366024017334,-0.11151242256164551
-0.0792209804058075,0.11143004894256592,-0.1253870725631714
-0.05198938399553299,0.10713130235671997,-0.12058311700820923
-0.016934707760810852,0.10636883974075317,-0.09193378686904907
-0.029275834560394287,0.10126334428787231,-0.05459034442901611
-0.05488528311252594,0.10307878255844116,-0.008933782577514648
-0.06634841114282608,0.10164487361907959,0.041651010513305664
-0.06791163980960846,0.08853137493133545,0.10240334272384644
-0.06318337470293045,0.0753096342086792,0.15838629007339478
-0.06971238553524017,0.06690943241119385,0.1967889666557312
-0.06529674679040909,0.055870115756988525,0.2418789267539978
-0.04891685023903847,0.05451071262359619,0.2854650020599365
-0.03911184147000313,0.053981661796569824,0.30786025524139404
-0.039784323424100876,0.04064810276031494,0.3216589689254761
-0.048078201711177826,0.0276242196559906,0.33599817752838135
-0.06590981781482697,0.014764964580535889,0.3406559228897095
-0.07373961806297302,0.010919332504272461,0.3220916986465454
-0.0714774876832962,0.02207404375076294,0.27805328369140625
-0.06815998256206512,0.03683027625083923,0.2118394374847412
-0.0585329495370388,0.04399856925010681,0.14309120178222656
-0.02816471830010414,0.04112643003463745,0.09600269794464111
0.019272789359092712,0.03893563151359558,0.07847142219543457
0.05336138978600502,0.05065062642097473,0.08623486757278442
0.06562136113643646,0.05742841958999634,0.11839216947555542
0.06681903451681137,0.04634895920753479,0.1546396017074585
0.06379462778568268,0.03887641429901123,0.1749025583267212
0.06919022649526596,0.03898119926452637,0.17693686485290527
0.06785285472869873,0.037251368165016174,0.16603171825408936
0.05316494032740593,0.03428362309932709,0.14832383394241333
0.03247514367103577,0.02555370330810547,0.1269822120666504
0.012615615501999855,0.02422797679901123,0.08995753526687622
-0.007643304765224457,0.022133275866508484,0.051493287086486816
-0.013998841866850853,0.007755115628242493,0.02786886692047119
-0.005271201953291893,0.0007002949714660645,0.014983177185058594
0.00593402236700058,0.007461652159690857,0.007891535758972168
0.025527223944664,0.010938391089439392,0.01474851369857788
0.05007785186171532,0.010217815637588501,0.037028729915618896
0.08227561414241791,0.017055988311767578,0.06917989253997803
0.11689423769712448,0.016222164034843445,0.11193740367889404
0.13674817979335785,0.014582596719264984,0.14713364839553833
0.14130263030529022,0.01225186139345169,0.15578150749206543
0.1321953386068344,0.01361943781375885,0.13004636764526367
0.11051234602928162,0.02005019783973694,0.08182495832443237
0.07278095930814743,0.021521449089050293,0.01875317096710205
0.036745354533195496,0.012268200516700745,-0.038439035415649414
0.018735717982053757,0.0015929564833641052,-0.07982158660888672
0.013761719688773155,-0.0070591941475868225,-0.10411489009857178
0.02938356250524521,-0.02080434560775757,-0.1092720627784729
0.06879343092441559,-0.031758420169353485,-0.07967191934585571
0.10671081393957138,-0.039312273263931274,-0.016585111618041992
0.10976092517375946,-0.0424082949757576,0.052890777587890625
0.08497001975774765,-0.04263363778591156,0.1053168773651123
0.0480600968003273,-0.03786041587591171,0.13087213039398193
0.007875990122556686,-0.037018898874521255,0.14394497871398926
-0.015184897929430008,-0.04345319792628288,0.1481480598449707
-0.007125912234187126,-0.04775339365005493,0.14528262615203857
0.018378350883722305,-0.05130008980631828,0.12661075592041016
0.04467935860157013,-0.05436401069164276,0.09643828868865967
0.048033617436885834,-0.04702363908290863,0.06535154581069946
0.029996681958436966,-0.03741084039211273,0.03390693664550781
0.011678628623485565,-0.032920222729444504,0.005021929740905762
-0.0003530271351337433,-0.02980484627187252,-0.009758293628692627
-0.012033279985189438,-0.02385054901242256,-0.01963871717453003
-0.03684595227241516,-0.011049020104110241,-0.026399672031402588
-0.06890374422073364,0.0010415578726679087,-0.022580623626708984
-0.09553106129169464,0.002076936885714531,-0.01818913221359253
-0.0998440608382225,-0.004038556478917599,-0.012246310710906982
-0.07966940104961395,-0.0038906559348106384,-0.006224393844604492
-0.05440161004662514,0.0005284231156110764,-0.006040215492248535
-0.03817375749349594,0.0028673559427261353,-0.005872488021850586
-0.018386535346508026,-0.0031059421598911285,-0.0005077123641967773
0.008987069129943848,0.00809897854924202,0.27330291271209717
-0.0014003962278366089,-0.0015998966991901398,0.526176393032074
-0.030075516551733017,0.0308493971824646,-0.09073758125305176
0.013486329466104507,0.006660338491201401,0.016021728515625
0.01069590449333191,-0.025221288204193115,-5.078315734863281e-05
0.004802614450454712,0.007424257695674896,-0.0045198798179626465
0.007709581404924393,0.013233533129096031,-0.018771052360534668
0.011616315692663193,0.011934572830796242,-0.014813482761383057
0.016593903303146362,0.017461461946368217,-0.0016478300094604492
0.02120366320014,0.01998515985906124,0.0046024322509765625
0.03553718328475952,0.01908906176686287,0.013018310070037842
0.04645833745598793,0.021846845746040344,0.013620972633361816
0.030472874641418457,0.02320636622607708,0.006266236305236816
0.009686268866062164,0.019553694874048233,-0.008646130561828613
0.008451325818896294,0.00804481003433466,-0.014065861701965332
0.009418910369277,-0.00974083412438631,-0.024601638317108154
0.028464138507843018,-0.0243118554353714,-0.008272349834442139
0.06129003316164017,-0.0372600182890892,0.007283926010131836
0.08390524983406067,-0.04459863156080246,0.012373089790344238
0.1290348321199417,-0.029762549325823784,0.15348482131958008
0.23594701290130615,0.05126700550317764,0.06895971298217773
0.07488718628883362,-0.05595479905605316,-0.028334856033325195
0.04194638133049011,-0.07839000970125198,-0.014324724674224854
0.042680151760578156,-0.022503742948174477,-0.014263629913330078
0.045934952795505524,0.003779788501560688,-0.01465141773223877
0.04971189424395561,-0.014436252415180206,-0.0342482328414917
0.06713086366653442,-0.21840199828147888,0.08946669101715088
0.17033152282238007,-0.5518595576286316,0.3706241846084595
0.418338418006897,-0.0774177685379982,0.0393526554107666
0.730095386505127,-0.29188695549964905,-0.35987937450408936
0.12363854050636292,-0.21788892149925232,0.05046278238296509
-0.36232051253318787,-0.0021728500723838806,-0.1352546215057373
-0.4001498222351074,-0.03246894106268883,-0.23154914379119873
-0.3514842092990875,-0.0366646982729435,-0.18511056900024414
-0.05728815495967865,-0.04163556173443794,-0.10450553894042969
-0.0510418601334095,-0.24240297079086304,-0.09268367290496826
-0.23483441770076752,-0.6146939396858215,-0.018683969974517822
-0.1921202391386032,-0.5640190839767456,0.5259686708450317
-0.35800686478614807,-0.17316460609436035,-0.052965641021728516
-0.26303088665008545,-0.09416118264198303,-0.011570453643798828
-0.10389462858438492,-0.10018215328454971,0.01050710678100586
-0.06958254426717758,-0.07867290079593658,-0.0054711103439331055
-0.08960913121700287,-0.05533706769347191,-0.00733494758605957
-0.10439454019069672,-0.014618059620261192,0.002001166343688965
-0.11098208278417587,0.02815546840429306,0.0029146671295166016
-0.11701138317584991,0.015674401074647903,-0.011048197746276855
-0.10931210219860077,-0.02100410871207714,0.0005631446838378906
-0.13644108176231384,-0.029763279482722282,0.0024873018264770508
-0.12857429683208466,0.028544118627905846,-0.005858063697814941
-0.10956422984600067,0.08468453586101532,-0.003399968147277832
-0.1145697683095932,0.1049787849187851,0.001542806625366211
-0.10140819102525711,0.13490362465381622,-0.004043698310852051
-0.09132307767868042,0.16311058402061462,-0.0054337382316589355
-0.059912100434303284,0.2039303034543991,-0.0048694610595703125
-0.004802001640200615,0.3300032913684845,-0.006609201431274414
0.10219206660985947,0.7984824180603027,0.012525796890258789
0.48477622866630554,1.2203330993652344,0.020522117614746094
0.8492081165313721,0.9770098328590393,-0.011428475379943848
0.8671828508377075,0.5757693648338318,-0.01573050022125244
0.46908214688301086,0.16778625547885895,0.007203996181488037
0.19414947926998138,-0.2564868927001953,0.004626572132110596
-0.10288745164871216,-0.36602625250816345,-0.0077165961265563965
-0.24042250216007233,-0.11298511922359467,-0.0006351470947265625
-0.16410692036151886,-0.00971138197928667,0.0035623908042907715
-0.07849617302417755,-0.014923244714736938,-0.004874110221862793
-0.054544128477573395,-0.007620405405759811,-0.0031027793884277344
0.005528703331947327,0.00046978704631328583,0.004924774169921875
-0.0017705820500850677,0.00546709168702364,-0.0031450986862182617
-0.022442515939474106,0.007059304043650627,-0.0060575008392333984
0.0245315283536911,-0.009929085150361061,0.0012685060501098633
-0.003978310152888298,-0.04392373189330101,-0.00487971305847168
-0.011722728610038757,-0.05369783192873001,-0.0049092769622802734
0.044231854379177094,-0.03433788940310478,0.001515507698059082
0.021513469517230988,0.00787360593676567,-0.001474618911743164
0.022720221430063248,0.031955644488334656,-0.005945086479187012
0.02442401647567749,0.02735111676156521,-0.0012298822402954102
0.018774230033159256,0.011363029479980469,-0.0010924339294433594
0.017930693924427032,0.015125103294849396,-0.003060579299926758
0.01599341444671154,0.01387900859117508,-0.0026024580001831055
0.012703251093626022,0.008477361872792244,-0.0010149478912353516
0.009851036593317986,0.000652397982776165,-0.0033807754516601562
0.006728619337081909,-0.007182373199611902,-0.002419888973236084
0.002920325845479965,-0.010481229051947594,0.0009208321571350098
0.0034748315811157227,-0.011440994217991829,-0.001979351043701172
0.004351256415247917,-0.009633158333599567,-0.00468069314956665
0.006274588406085968,-0.005500882863998413,-0.001965343952178955
0.007681488990783691,-0.0021244166418910027,-0.001141667366027832
0.009377904236316681,0.001146609429270029,-0.002149224281311035
0.0104599017649889,0.003158918581902981,0.0003986358642578125
0.012948308140039444,0.0034376163966953754,-0.0007762908935546875
0.015590095892548561,0.0035229045897722244,-0.0033246278762817383
0.017969751730561256,0.0020007314160466194,-0.0010055303573608398
0.01782432198524475,0.001536047551780939,-0.0008072853088378906
0.017529135569930077,0.001133341807872057,-0.0023636817932128906
0.015378329902887344,0.001125382725149393,-0.0017230510711669922
0.011901572346687317,0.002106480300426483,-0.0009605884552001953
0.009114012122154236,0.0034234030172228813,-0.0015254020690917969
0.0070176199078559875,0.0012792162597179413,-0.0020599365234375
0.0061445292085409164,-0.000871734693646431,0.0001824498176574707
0.004064057022333145,-0.004594066180288792,-0.002030491828918457
0.004510143771767616,-0.007588725537061691,-0.003267049789428711
0.005342932417988777,-0.009742369875311852,-0.00042957067489624023
0.009155023843050003,-0.0091404989361763,-0.0006892681121826172
0.011210277676582336,-0.006065405439585447,-0.001925349235534668
0.012360099703073502,-0.0012521441094577312,-0.0008116960525512695
0.014116425067186356,0.003762850072234869,-0.001284956932067871
0.014663230627775192,0.007103875745087862,-0.002139449119567871
0.014793423935770988,0.008717510849237442,-0.0017426013946533203
0.01378628984093666,0.0075143384747207165,-0.0025207996368408203
0.013095322996377945,0.004835266154259443,-0.0030699968338012695
0.011155521497130394,0.0012328228913247585,-0.0017428398132324219
0.00991055928170681,-0.002156936563551426,-0.0015140771865844727
0.00874967873096466,-0.005291513167321682,-0.0025061368942260742
0.00789826363325119,-0.007259333971887827,-0.0023235082626342773
0.007178880274295807,-0.006969432812184095,-0.002049565315246582
0.007611392065882683,-0.00411150511354208,-0.002599775791168213
0.007545897737145424,-0.003388941753655672,-0.002874612808227539
0.008847113698720932,-0.000981620978564024,-0.0008761882781982422
0.009096495807170868,0.0004961304366588593,-0.0009075403213500977
0.012008342891931534,0.0009480607695877552,-0.0020827651023864746
0.011689867824316025,-0.00043810904026031494,-0.0016559958457946777
0.011525217443704605,-7.35502690076828e-05,-0.0008782148361206055
0.012372097000479698,0.0014968598261475563,-0.0016418695449829102
0.012720100581645966,0.001981469802558422,-0.002085447311401367
0.012382475659251213,0.003558647818863392,-0.0015680789947509766
0.011276889592409134,0.004172745160758495,-0.0006386041641235352
0.0107280183583498,0.00409036036580801,-0.0022110939025878906
0.008387532085180283,0.0008201762102544308,-0.0016935467720031738
0.007295034825801849,-0.001871262677013874,0.0006394386291503906
0.005521552637219429,-0.005141420289874077,-0.0022150278091430664
0.005685565993189812,-0.00660967780277133,-0.004123210906982422
0.007291961461305618,-0.008023692294955254,-0.001957237720489502
0.008813126012682915,-0.007706299424171448,-0.0025679469108581543
0.00995681993663311,-0.005703933537006378,-0.0025533437728881836
0.011636834591627121,-0.0027423142455518246,-0.0015926361083984375
0.013267910107970238,0.0006171450950205326,-0.0019747018814086914
0.013975821435451508,0.0036177807487547398,-0.004279136657714844
0.014246933162212372,0.00450961384922266,-0.002677619457244873
0.014159874990582466,0.004626845475286245,-0.0014116168022155762
0.013211499899625778,0.00553893530741334,-0.0020835399627685547
0.010774960741400719,0.003312450833618641,-0.0016262531280517578
0.009530248120427132,0.0011692913249135017,-0.0019470453262329102
0.007723333314061165,-0.0009398320689797401,-0.0012912154197692871
0.0059649404138326645,-0.0029380470514297485,-0.002939760684967041
0.004627421498298645,-0.0030119908042252064,-0.0022997260093688965
0.00479477271437645,-0.003632675390690565,-0.0010185837745666504
0.006185334175825119,-0.0030899024568498135,-0.002087235450744629
0.008912226185202599,-0.0037650535814464092,-0.0018590092658996582
0.010626381263136864,-0.004306503105908632,-0.0028363466262817383
0.011759849265217781,-0.0034512411803007126,-0.0014330148696899414
0.012278633192181587,-0.002156741451472044,-0.0028981566429138184
0.012613976374268532,-0.0009522149339318275,-0.00300520658493042
0.013211309909820557,0.001024466473609209,-0.002044081687927246
0.012810388579964638,0.0018215016461908817,-0.0023343563079833984
0.012747647240757942,0.0028013326227664948,-0.0019683837890625
0.012352246791124344,0.003517182543873787,-0.0007936358451843262
0.01125575415790081,0.0030089467763900757,-0.0013740062713623047
0.010743938386440277,0.0010126503184437752,-0.002244114875793457
0.009169859811663628,-0.0009542335756123066,-0.0023819804191589355
0.007187562063336372,-0.00228814035654068,-0.001436471939086914
0.005903393030166626,-0.0035557947121560574,-0.001589655876159668
0.005661258473992348,-0.004791921935975552,-0.0011016130447387695
0.005517132580280304,-0.004498624242842197,-0.0021396875381469727
0.0071785785257816315,-0.0036827996373176575,-0.002475738525390625
0.008593546226620674,-0.0024195723235607147,-0.0009044408798217773
0.010709952563047409,-0.0012878342531621456,-0.0018661022186279297
0.011683283373713493,0.0007244800217449665,-0.0024462342262268066
0.012918611988425255,0.0029429858550429344,-0.001668393611907959
0.013375280424952507,0.0026388810947537422,-0.0018057823181152344
0.01268530823290348,0.003230402711778879,-0.0014700889587402344
0.012736102566123009,0.0036933873780071735,-0.002416551113128662
0.011807454749941826,0.0010031359270215034,-0.0018676519393920898
0.010534988716244698,-0.0004271487705409527,-0.002173185348510742
0.009044667705893517,-0.001344932708889246,-0.0010292530059814453
0.007426358759403229,-0.0030754166655242443,-0.0020061731338500977
0.006098294630646706,-0.0034996503964066505,-0.0017775297164916992
0.005713591352105141,-0.0035928403958678246,-0.0015794634819030762
0.005206538364291191,-0.004174957983195782,-0.001595139503479004
0.006767153739929199,-0.003249488305300474,-0.000924229621887207
0.008266706019639969,-0.0033195954747498035,-0.0022672414779663086
0.009007273241877556,-0.0020930725149810314,-0.0027403831481933594
0.01006401889026165,-0.0011347164399921894,-0.002404928207397461
0.010141381993889809,0.0004173615016043186,-0.002420365810394287
0.011748718097805977,0.0017885928973555565,-0.0011997818946838379
0.011502876877784729,0.0020608012564480305,-0.0020084381103515625
0.01097172126173973,0.0028541404753923416,-0.001016855239868164
0.0115605928003788,0.0024409061297774315,-0.0012761354446411133
0.010884461924433708,0.0017924443818628788,-0.002375006675720215
0.01070263609290123,0.00030265050008893013,-0.0022382140159606934
0.009523512795567513,-0.001120761502534151,-0.0013080835342407227
0.00832657516002655,-0.0026199771091341972,-0.0028191804885864258
0.007170608267188072,-0.003588397055864334,-0.0030791759490966797
0.006849437952041626,-0.0036336504854261875,-0.0017368793487548828
0.007556203752756119,-0.0029952782206237316,-0.0010199546813964844
0.007095303386449814,-0.002164904959499836,-0.0017069578170776367
0.007396280765533447,-0.0012882170267403126,-0.0025159120559692383
0.007837221026420593,-0.0009359852410852909,-0.0024247169494628906
0.008235959336161613,0.00020068977028131485,-0.0021961331367492676
0.009251581504940987,0.0007533002644777298,-0.001723170280456543
0.010234152898192406,0.0013000546023249626,-0.0016623735427856445
0.01007811538875103,0.0014569996856153011,-0.001174330711364746
0.01021011546254158,0.0011732522398233414,-0.002059638500213623
0.009188221767544746,0.0009927446953952312,-0.0010375380516052246
0.009859150275588036,-0.0001607229933142662,-0.0016329288482666016
0.008968900889158249,-0.0011347569525241852,-0.0019384026527404785
0.008564595133066177,-0.001295317430049181,-0.0016639232635498047
0.008623866364359856,-0.002607933711260557,-0.0016640424728393555
0.0077688973397016525,-0.0031694089993834496,-0.0017254352569580078
0.00796305388212204,-0.0034489724785089493,-0.002305269241333008
0.008559182286262512,-0.0034388918429613113,-0.0011153221130371094
0.008481711149215698,-0.003152601420879364,-0.0018938779830932617
0.009045649319887161,-0.002576412633061409,-0.002290666103363037
0.009173393249511719,-0.00023670075461268425,-0.0010854601860046387
0.009693054482340813,0.00047697219997644424,-0.0007194280624389648
0.00995645858347416,0.0014945506118237972,-0.001055300235748291
0.009485021233558655,0.0014842781238257885,-0.0013912320137023926
0.009011659771203995,0.00206096563488245,-0.0015439987182617188
0.008518671616911888,0.0009931130334734917,-0.0017729997634887695
0.008238693699240685,-2.832803875207901e-05,-0.0020325183868408203
0.00833466462790966,-0.0011976519599556923,-0.002078533172607422
0.007163159549236298,-0.002659717109054327,-0.0011937618255615234
0.006776759400963783,-0.001990347635000944,-0.002033233642578125
0.00761873833835125,-0.0029031895101070404,-0.002491176128387451
0.007698291912674904,-0.003052281215786934,-0.0016369223594665527
0.00736851803958416,-0.001803792081773281,-0.001972794532775879
0.008572416380047798,-0.00206028763204813,-0.0013779401779174805
0.008239557966589928,-0.00093048345297575,-0.002065002918243408
0.00956040434539318,-0.000497705303132534,-0.0034384727478027344
0.009468412026762962,-0.0002304157242178917,-0.003225088119506836
0.00925528071820736,0.0005974685773253441,-0.0020351409912109375
0.009179681539535522,0.0006319666281342506,-0.0026607513427734375
0.009300613775849342,3.9806123822927475e-05,-0.0002346038818359375
0.0091349296271801,0.0007144813425838947,-0.0008907318115234375
0.00933283381164074,7.812818512320518e-05,-0.001135110855102539
0.008665276691317558,-0.000818583182990551,-0.0018527507781982422
0.008043210953474045,-0.0009760591201484203,-0.0020821094512939453
0.007968489080667496,-0.002816447988152504,-0.003028392791748047
0.007335502654314041,-0.0029418673366308212,-0.0018233060836791992
0.006755605340003967,-0.002157899085432291,-0.0024644136428833008
0.007057497277855873,-0.0025976193137466908,-0.0024952292442321777
0.008540036156773567,-0.00173091609030962,-0.001686692237854004
0.00931440107524395,-0.0014105620793998241,-0.0018393993377685547
0.00899985060095787,-0.00024523166939616203,-0.002679109573364258
0.008871804922819138,0.0004207668825984001,-0.0024808645248413086
0.009785188362002373,0.0010382914915680885,-0.001397848129272461
0.009889069944620132,0.001512071117758751,-0.0017948150634765625
0.010256100445985794,0.0008340822532773018,-0.0023899078369140625
0.009726881980895996,0.0008405451662838459,-0.0009250640869140625
0.00855531357228756,-0.00020327791571617126,-0.0020694732666015625
0.008150119334459305,-0.0008764052763581276,-0.0021611452102661133
0.006701396778225899,-0.0014100447297096252,-0.001962900161743164
0.006983404979109764,-0.0022993655875325203,-0.002024054527282715
0.00587991438806057,-0.00275924289599061,-0.0012767314910888672
0.00676705501973629,-0.0024497699923813343,-0.0018262863159179688
0.008201198652386665,-0.002281110268086195,-0.0021011829376220703
0.008068472146987915,-0.002748402301222086,-0.003047466278076172
0.00798085518181324,-0.0024202028289437294,-0.0025746822357177734
0.009305184707045555,-0.002768556121736765,-0.0027886629104614258
0.008867209777235985,-0.0012245778925716877,-0.0018427371978759766
0.009868491441011429,7.938174530863762e-05,-0.0020108819007873535
0.009329015389084816,0.0005980501882731915,-0.0019502043724060059
0.009524529799818993,0.00093045923858881,-0.0023164749145507812
0.009626302868127823,0.0009604105725884438,-0.001981019973754883
0.008528955280780792,-0.00010419823229312897,-0.0020270347595214844
0.007812758907675743,-0.00021880259737372398,-0.002454519271850586
0.008136002346873283,-0.0005635707639157772,-0.0018901824951171875
0.0073081254959106445,-0.0016679046675562859,-0.0014325380325317383
0.007030963897705078,-0.002393363043665886,-0.0014633536338806152
0.007145620882511139,-0.0028513865545392036,-0.0010057687759399414
0.006960928440093994,-0.0027678064070641994,-0.0017232894897460938
0.006419651210308075,-0.0027700113132596016,-0.0015403032302856445
0.006821092218160629,-0.0017997496761381626,-0.001754164695739746
0.008833128958940506,-0.001177242025732994,-0.002288341522216797
0.008081629872322083,-6.3321553170681e-05,-0.0011290311813354492
0.008404701948165894,5.920184776186943e-05,-0.0014802217483520508
0.009971000254154205,0.0008486807346343994,-0.0016176700592041016
0.009859330952167511,0.0007950039580464363,-0.0019533634185791016
0.00937843881547451,0.0004190406762063503,-0.0019990205764770508
0.009553734213113785,-0.0007944479584693909,-0.0009306669235229492
0.0027273204177618027,0.024434994906187057,-0.006194591522216797
0.009537667036056519,0.05974319949746132,-0.00030410289764404297
0.02573619969189167,-0.019158318638801575,-0.0018600821495056152
0.006149418652057648,-0.024402113631367683,-0.0007454156875610352
0.0002970416098833084,-0.039503831416368484,-0.002727985382080078
0.0049078743904829025,-0.01135964971035719,-0.002192854881286621
0.007321957498788834,0.00042828964069485664,-0.0029398202896118164
0.006993327289819717,-0.004146633204072714,0.0006315708160400391
0.007176848128437996,-0.004312249831855297,-0.00354921817779541
0.008035741746425629,-0.004730370361357927,0.0005705952644348145
0.009457990527153015,-0.0037182639352977276,-0.0013976693153381348
0.008840566501021385,-0.002813291270285845,-0.002969086170196533
0.00882321409881115,-0.0009043770842254162,-0.0048912763595581055
0.00882665440440178,0.0009164093062281609,-0.0009240508079528809
0.007359733805060387,0.0019688932225108147,-0.0009393692016601562
0.006297631189227104,0.0018364517018198967,-0.0022515058517456055
0.004307268187403679,0.0036184745840728283,-0.0033349990844726562
0.00331697054207325,0.004333749413490295,0.0016547441482543945
0.0036353543400764465,0.0037252604961395264,-0.0017633438110351562
0.0060046277940273285,0.0030776383355259895,-0.0033350586891174316
0.007340932264924049,0.0012054634280502796,-0.0015804171562194824
0.00892338715493679,-0.0007873573340475559,-0.0015195012092590332
0.014977870509028435,0.011770917102694511,-0.009135067462921143
0.363804429769516,0.23325957357883453,-0.0010794997215270996
-0.07671155035495758,0.35140371322631836,0.019702494144439697
-0.27552223205566406,0.522706925868988,-0.01330256462097168
0.15663579106330872,0.4339747428894043,-0.007977604866027832
0.17387837171554565,0.37546780705451965,0.010759949684143066
0.07710639387369156,0.38210561871528625,0.0007041692733764648
0.06440753489732742,0.29811105132102966,-0.005537092685699463
0.04724407196044922,0.0014432878233492374,0.001405179500579834
-0.02992745116353035,-0.3179910182952881,-0.00033485889434814453
-0.008379088714718819,-0.22665750980377197,-0.012389898300170898
0.08807313442230225,0.032106664031744,-0.004272937774658203
0.10391760617494583,0.3100949227809906,0.007414042949676514
0.13879601657390594,0.439389705657959,-0.003787398338317871
0.17521724104881287,0.43756863474845886,-0.004871964454650879
0.22018900513648987,0.43851301074028015,0.002558469772338867
0.2254864126443863,0.38978463411331177,0.00013172626495361328
0.16114215552806854,0.2712269127368927,-0.005407094955444336
0.06506265699863434,0.15234072506427765,-0.0008588433265686035
0.08194079995155334,0.1146416962146759,-5.0008296966552734e-05
0.05980164557695389,0.06479128450155258,-0.006824493408203125
0.01382516697049141,0.005397452507168055,-0.0017752647399902344
-0.01793721318244934,-0.04512256756424904,0.0008028149604797363
-0.04657096788287163,-0.043904297053813934,-0.0024024248123168945
-0.08627327531576157,-0.07181345671415329,-0.0031924843788146973
-0.04775968939065933,-0.038594670593738556,-0.004074156284332275
-0.02681751549243927,-0.03918498381972313,-0.0005793571472167969
-0.09343892335891724,-0.15767470002174377,0.0026657581329345703
-0.2568158209323883,-0.403145968914032,0.00910794734954834
-0.44178009033203125,-0.6282385587692261,0.02766883373260498
-0.6296810507774353,-0.8774912357330322,0.02007746696472168
-0.5983374118804932,-0.9337006211280823,-0.006652712821960449
-0.11609622836112976,-0.5707561373710632,0.04823148250579834
0.16223298013210297,-0.1331854909658432,0.00804436206817627
0.2071392983198166,0.20512714982032776,-0.021516084671020508
0.03199141472578049,0.049877725541591644,0.005889892578125
-0.0143058430403471,-0.1366056650876999,0.10935068130493164
0.12180637568235397,-0.115619957447052,0.1419743299484253
0.19287611544132233,-0.09500931948423386,0.11637067794799805
0.1542595773935318,-0.13302691280841827,0.34476274251937866
0.12770570814609528,-0.11284047365188599,0.7794538140296936
0.13407902419567108,-0.0418519489467144,0.9014667272567749
0.1188729852437973,0.011403106153011322,0.8447604179382324
0.06701868027448654,0.041739508509635925,0.762759804725647
0.040017060935497284,0.0624786913394928,0.6720703840255737
0.0816294476389885,0.05648528039455414,0.5920198559761047
0.17206618189811707,0.0655907392501831,0.5139802098274231
0.2849630117416382,0.09756377339363098,0.41477274894714355
0.3218771815299988,0.13765892386436462,0.30375397205352783
0.31862783432006836,0.27303823828697205,0.18859660625457764
0.1805344521999359,0.21169337630271912,0.11922895908355713
-0.03654564917087555,0.06902879476547241,0.08097875118255615
-0.09363748133182526,0.10170644521713257,0.024583935737609863
-0.08097487688064575,0.1801147162914276,-0.040064990520477295
-0.08044135570526123,0.25279325246810913,-0.09049099683761597
-0.07179300487041473,0.2969573736190796,-0.15072154998779297
-0.10971786081790924,0.2535974979400635,-0.23511940240859985
-0.11427682638168335,0.22292447090148926,-0.2916414737701416
-0.04328266531229019,0.23075944185256958,-0.29113227128982544
-0.01534956693649292,0.20898103713989258,-0.269517719745636
-0.032532356679439545,0.17888957262039185,-0.259369432926178
-0.07735302299261093,0.16615968942642212,-0.26863449811935425
-0.13852602243423462,0.16561484336853027,-0.27791517972946167
-0.1647036075592041,0.16840976476669312,-0.26591116189956665
-0.11711408197879791,0.1761723756790161,-0.22772401571273804
-0.04565931856632233,0.16969269514083862,-0.17548322677612305
0.0021941959857940674,0.16535592079162598,-0.15449672937393188
-0.014820978045463562,0.16825276613235474,-0.17524480819702148
-0.06684786081314087,0.17373204231262207,-0.1963931918144226
-0.10932532697916031,0.16879308223724365,-0.20744222402572632
-0.13856720924377441,0.15688258409500122,-0.1993626356124878
-0.005617685616016388,0.24133193492889404,-0.19410622119903564
0.17753881216049194,0.3320470452308655,-0.18945860862731934
-0.04720186069607735,0.10292088985443115,-0.12870937585830688
-0.2803090512752533,-0.08503633737564087,-0.1124759316444397
-0.27677053213119507,-0.0729948878288269,-0.14113730192184448
-0.10879860073328018,0.036282896995544434,-0.15671563148498535
-0.03116993047297001,0.08059889078140259,-0.13020449876785278
-0.07746343314647675,0.03013402223587036,-0.07902806997299194
-0.14999297261238098,-0.00964200496673584,-0.05678671598434448
-0.1894921064376831,0.0001316666603088379,-0.06634879112243652
-0.15013980865478516,0.0425150990486145,-0.07164686918258667
-0.05869755893945694,0.05941897630691528,-0.053904950618743896
0.007811538875102997,0.036796510219573975,-0.029154479503631592
0.02889881283044815,0.012845873832702637,-0.02608710527420044
0.028425095602869987,0.013112246990203857,-0.04903179407119751
0.007374739274382591,0.02285712957382202,-0.0735737681388855
-0.017180560156702995,0.023511946201324463,-0.08763164281845093
-0.01895383931696415,0.017523467540740967,-0.09174340963363647
-0.012854533270001411,0.015990495681762695,-0.09329420328140259
-0.0073771364986896515,0.015069782733917236,-0.08954471349716187
-0.0019721612334251404,0.008391320705413818,-0.07368344068527222
0.017340805381536484,-0.004539012908935547,-0.046733975410461426
0.03035162016749382,-0.013760983943939209,-0.014462172985076904
0.02296462282538414,-0.0115622878074646,0.003254234790802002
0.00938212126493454,-0.009833812713623047,0.009445548057556152
-0.0066409241408109665,-0.006739020347595215,0.00635606050491333
-0.010562080889940262,-0.004027307033538818,-0.0031645894050598145
-0.009305212646722794,-0.005306243896484375,-0.012559473514556885
-0.004414819180965424,-0.006463527679443359,-0.017179250717163086
-0.000501532107591629,-0.0019196867942810059,-0.019997894763946533
0.002603670582175255,0.001336812973022461,-0.014953970909118652
0.01138688251376152,0.002116262912750244,0.003687560558319092
0.0248585045337677,0.00533825159072876,0.029239416122436523
0.034491002559661865,0.011280834674835205,0.05233389139175415
0.04112152010202408,0.014533936977386475,0.07041257619857788
0.0353337898850441,0.011955440044403076,0.077578604221344
0.02012231945991516,0.01009678840637207,0.07381981611251831
0.009449880570173264,0.008485138416290283,0.05995064973831177
-0.0026628170162439346,0.0061193108558654785,0.044500648975372314
-0.001956220716238022,0.003220975399017334,0.030720055103302002
0.003926001489162445,-0.001102149486541748,0.01750636100769043
0.004224846139550209,-0.0012412667274475098,0.008010029792785645
0.005765678361058235,-0.00151747465133667,4.494190216064453e-05
0.005858160555362701,-0.0029984116554260254,-0.003752768039703369
0.010457608848810196,8.988380432128906e-05,-0.004801630973815918
0.013577248901128769,0.0036410093307495117,-0.008401572704315186
0.0144260935485363,0.006226480007171631,-0.01286846399307251
0.010192442685365677,0.01026242971420288,-0.01672905683517456
0.0003906227648258209,0.010314762592315674,-0.020099937915802002
-0.01021990180015564,0.013464868068695068,-0.025154054164886475
-0.011335410177707672,0.01700615882873535,-0.024632513523101807
-0.004247855395078659,0.02022695541381836,-0.01591891050338745
0.003237750381231308,0.021310389041900635,-0.006861090660095215
0.0017351768910884857,0.021754682064056396,0.0010746121406555176
-0.0028465501964092255,0.024837791919708252,0.009546101093292236
-0.009520094841718674,0.026887118816375732,0.013371050357818604
-0.013096556067466736,0.025919973850250244,0.012719988822937012
-0.010958187282085419,0.023608386516571045,0.00940006971359253
-0.007786504924297333,0.0192297101020813,0.0025724172592163086
-0.0001468174159526825,0.013367295265197754,-0.004078924655914307
0.0034833773970603943,0.006976962089538574,-0.006684362888336182
-0.002017740160226822,0.006327450275421143,-0.0023764967918395996
-0.0035864971578121185,0.004812955856323242,0.0029250383377075195
-0.014427639544010162,0.003983914852142334,0.005018353462219238
-0.02825102210044861,0.007343709468841553,0.006982624530792236
-0.03602071851491928,0.007451117038726807,0.007922232151031494
-0.04616565257310867,0.010098397731781006,0.013299882411956787
-0.05665726959705353,0.014905750751495361,0.016464054584503174
-0.0720202624797821,0.02102428674697876,0.013731896877288818
-0.0845639556646347,0.026140272617340088,0.015730202198028564
-0.09126365929841995,0.031093478202819824,0.020090758800506592
-0.0928078442811966,0.030914902687072754,0.025946855545043945
-0.08550378680229187,0.029101967811584473,0.031036555767059326
-0.0787888914346695,0.029977738857269287,0.028432786464691162
-0.07394970953464508,0.0317952036857605,0.022862911224365234
-0.0682608112692833,0.028951048851013184,0.01890963315963745
-0.057688187807798386,0.028122544288635254,0.017008960247039795
-0.05333365872502327,0.028888463973999023,0.0131150484085083
-0.050691816955804825,0.02718496322631836,0.008587241172790527
-0.046094514429569244,0.02451092004776001,0.003820180892944336
-0.0400068424642086,0.02481919527053833,0.003825962543487549
-0.022809073328971863,0.02615952491760254,0.006381392478942871
0.0009038746356964111,0.025451958179473877,0.009697377681732178
0.025239206850528717,0.024534523487091064,0.015755534172058105
0.042109377682209015,0.023189544677734375,0.024148404598236084
0.0523318350315094,0.020110666751861572,0.030609965324401855
0.05494334548711777,0.023045599460601807,0.03191953897476196
0.05166945606470108,0.022977769374847412,0.033995985984802246
0.060870587825775146,0.014674901962280273,0.03791123628616333
0.07263466715812683,0.007732033729553223,0.03577941656112671
0.07620600610971451,0.005144298076629639,0.03529202938079834
0.07483229041099548,0.0005963444709777832,0.036740779876708984
0.07400530576705933,-0.005776107311248779,0.03811538219451904
0.073842354118824,-0.0068915486335754395,0.039412856101989746
0.07952120900154114,-0.008747279644012451,0.0369420051574707
0.08420755714178085,-0.012900888919830322,0.026491165161132812
0.0753096267580986,-0.012761175632476807,0.00958859920501709
0.06003308296203613,-0.014982283115386963,-0.00893479585647583
0.04490827023983002,-0.01661205291748047,-0.024477839469909668
0.03760640323162079,-0.01607513427734375,-0.03415191173553467
0.03694760799407959,-0.020190298557281494,-0.03657764196395874
0.03995617479085922,-0.02129298448562622,-0.03309774398803711
0.0399974063038826,-0.022440433502197266,-0.02573978900909424
0.029753513634204865,-0.0196266770362854,-0.01772761344909668
0.025510631501674652,-0.014788687229156494,-0.009658575057983398
0.025956496596336365,-0.014308810234069824,-0.004362285137176514
0.026941023766994476,-0.012342989444732666,-0.0001348257064819336
0.030625425279140472,-0.015424728393554688,-0.0004475712776184082
0.032637253403663635,-0.019350171089172363,-0.009771287441253662
0.03621956706047058,-0.018121659755706787,-0.01846170425415039
0.03515376150608063,-0.020389914512634277,-0.024375319480895996
0.02941029518842697,-0.02143937349319458,-0.0266268253326416
0.023499727249145508,-0.019783377647399902,-0.02635824680328369
0.017190255224704742,-0.017740070819854736,-0.0207364559173584
0.01560058444738388,-0.017614245414733887,-0.009492695331573486
0.020368076860904694,-0.01676177978515625,0.0040891170501708984
0.0263964980840683,-0.01714867353439331,0.010017216205596924
0.025678575038909912,-0.01843482255935669,0.007186174392700195
0.025543980300426483,-0.01905423402786255,0.001894235610961914
0.03011685609817505,-0.019348442554473877,-0.005311131477355957
0.03277482092380524,-0.01813340187072754,-0.011298120021820068
0.026530422270298004,-0.01639467477798462,-0.021003901958465576
0.016091272234916687,-0.012700259685516357,-0.02702242136001587
0.013698592782020569,-0.011202991008758545,-0.023139238357543945
0.017055176198482513,-0.008316993713378906,-0.013289093971252441
0.019248373806476593,-0.005171239376068115,-0.0058068037033081055
0.023562967777252197,-0.0026205778121948242,0.0021890997886657715
0.020378023386001587,-0.0012230873107910156,0.006528675556182861
0.00789063423871994,0.0008816123008728027,0.014236032962799072
0.0009840428829193115,0.008121967315673828,0.021790802478790283
0.003415443003177643,0.010340392589569092,0.024411439895629883
0.012956827878952026,0.007858633995056152,0.027210891246795654
0.02571360021829605,0.005384922027587891,0.016903698444366455
0.02951686829328537,-0.00016695261001586914,-0.00865107774734497
0.02647833526134491,-0.0030806660652160645,-0.03461503982543945
0.029873743653297424,-0.001062631607055664,-0.038651227951049805
0.03526952862739563,-0.0017795562744140625,-0.016171574592590332
0.0376439243555069,-0.00029778480529785156,0.019710958003997803
0.036815471947193146,-0.0030164718627929688,0.07323801517486572
0.043247468769550323,-0.020858049392700195,0.21534860134124756
0.19832195341587067,0.15738940238952637,0.11802107095718384
0.037697479128837585,-0.1534520983695984,-0.8213392496109009
0.00754130631685257,-0.06391984224319458,0.018965482711791992
0.006493650376796722,0.15564143657684326,0.17595988512039185
-0.1412690281867981,0.02886962890625,0.11352002620697021
-0.08638499677181244,0.032676756381988525,0.19977641105651855
0.01803906261920929,0.0376664400100708,0.17737871408462524
0.006117023527622223,0.019018113613128662,0.13990849256515503
-0.009982094168663025,0.0071759819984436035,0.11822783946990967
-0.011703208088874817,-0.014543533325195312,0.09200435876846313
-0.008620962500572205,-0.041816115379333496,0.049641311168670654
-0.0010806694626808167,-0.04071497917175293,-0.0023910999298095703
-0.007596023380756378,-0.029333829879760742,-0.042768657207489014
-0.0055800676345825195,-0.030969202518463135,-0.03729361295700073
0.0024425163865089417,-0.03285723924636841,-0.02216249704360962
-0.00043317675590515137,-0.02808469533920288,-0.012311697006225586
-0.0032062679529190063,-0.017216742038726807,-0.007097601890563965
-0.007229715585708618,-0.0019112825393676758,-0.005380511283874512
-0.013524506241083145,0.011873900890350342,-0.0047345757484436035
-0.018062181770801544,0.02187877893447876,-0.01150667667388916
-0.02106388658285141,0.03354257345199585,-0.02552008628845215
-0.022679854184389114,0.040483951568603516,-0.041886091232299805
-0.01842372864484787,0.041783034801483154,-0.05671238899230957
-0.014013279229402542,0.04110759496688843,-0.07586699724197388
-0.015900880098342896,0.04091900587081909,-0.09926819801330566
-0.026265595108270645,0.03768324851989746,-0.11782723665237427
-0.041012972593307495,0.03807497024536133,-0.13808149099349976
-0.05390502139925957,0.04453247785568237,-0.1535213589668274
-0.06696072220802307,0.05008202791213989,-0.16084039211273193
-0.07453222572803497,0.05498462915420532,-0.16338837146759033
-0.07774098217487335,0.05842691659927368,-0.16650390625
-0.07721947133541107,0.058899641036987305,-0.1722356677055359
-0.06770722568035126,0.058824896812438965,-0.1879228949546814
-0.06198379397392273,0.06505274772644043,-0.20158809423446655
-0.06393139064311981,0.07010126113891602,-0.2084043025970459
-0.06708064675331116,0.074893057346344,-0.20965957641601562
-0.07464109361171722,0.08107131719589233,-0.20121562480926514
-0.08321239799261093,0.0848395824432373,-0.18624067306518555
-0.07871416211128235,0.08405706286430359,-0.16481047868728638
-0.06785394251346588,0.08097440004348755,-0.14910012483596802
-0.05634904280304909,0.08446267247200012,-0.14101994037628174
-0.048684656620025635,0.0870644748210907,-0.12522685527801514
-0.0396968349814415,0.08658605813980103,-0.09531533718109131
-0.018978960812091827,0.09002384543418884,-0.036809325218200684
0.00549180805683136,0.11029726266860962,0.07233822345733643
0.02295110374689102,0.14421617984771729,0.19331181049346924
0.06528840214014053,0.14211469888687134,0.3352196216583252
0.11818643659353256,0.05875888466835022,0.485143780708313
0.10510771721601486,-0.0027600526809692383,0.530229926109314
-0.012695372104644775,-0.01860630512237549,0.5073457956314087
-0.16728559136390686,-0.036069244146347046,0.42051565647125244
-0.19588488340377808,-0.030480682849884033,0.29671430587768555
-0.15715166926383972,-0.051512300968170166,0.1270129680633545
-0.04092793166637421,-0.10411649942398071,-0.14159929752349854
0.05316902697086334,-0.1445120871067047,-0.21219730377197266
0.18553657829761505,-0.1761176884174347,-0.2379959225654602
0.2755681872367859,-0.2028575837612152,-0.2239995002746582
0.23450811207294464,-0.15515679121017456,-0.1333683729171753
0.11949865520000458,-0.10630089044570923,-0.010991036891937256
0.04067996144294739,-0.04172798991203308,0.12133240699768066
0.043760791420936584,-0.024837970733642578,0.16170215606689453
0.05004420876502991,-0.021956801414489746,0.11223578453063965
0.03135932981967926,-0.022108793258666992,0.029700160026550293
0.002186521887779236,-0.029193133115768433,-0.0509953498840332
-0.014958828687667847,-0.02349826693534851,-0.11064767837524414
-0.031441763043403625,-0.012345552444458008,-0.1338099241256714
-0.04015935957431793,-0.002750307321548462,-0.14486050605773926
-0.04894629120826721,-0.0009168088436126709,-0.13971644639968872
-0.018522650003433228,0.008437097072601318,-0.12424951791763306
0.0028838515281677246,0.007975965738296509,-0.08951550722122192
0.03822268545627594,-0.002474576234817505,-0.06719624996185303
0.056572169065475464,-0.0020576119422912598,-0.03812688589096069
0.049361586570739746,0.0021449923515319824,-0.007370293140411377
0.04530362784862518,0.005846917629241943,0.03165709972381592
0.03172066807746887,5.3495168685913086e-05,0.068267822265625
0.017221733927726746,-0.02391284704208374,0.08192884922027588
0.008625879883766174,-0.03598776459693909,0.06309771537780762
0.0004884153604507446,-0.0019173473119735718,0.04156088829040527
-0.018821701407432556,0.009463056921958923,0.01182788610458374
-0.03624771535396576,-0.005488112568855286,-0.03209441900253296
-0.041916802525520325,-0.018779322504997253,-0.07582682371139526
-0.04227630794048309,-0.010794386267662048,-0.06826859712600708
-0.013808444142341614,-0.0023223459720611572,-0.01759624481201172
0.034256383776664734,0.007902055978775024,0.061992526054382324
0.08563508093357086,0.005484908819198608,0.14253175258636475
0.09793293476104736,-0.002206355333328247,0.18526959419250488
0.08194787800312042,0.0008540451526641846,0.1756967306137085
0.051438815891742706,-0.0014925450086593628,0.14240539073944092
0.015124797821044922,0.0007703602313995361,0.10485804080963135
-0.005917690694332123,0.010381922125816345,0.0588231086730957
-0.018732532858848572,0.006933078169822693,0.012693643569946289
-0.013446688652038574,-0.0005671679973602295,-0.024440348148345947
0.00866740196943283,-0.012398630380630493,-0.04236626625061035
0.030385784804821014,-0.014707803726196289,-0.035008907318115234
0.04440537840127945,-0.01569487154483795,-0.02051222324371338
0.043820902705192566,-0.016728490591049194,-0.02300626039505005
0.04263521730899811,-0.014431290328502655,-0.01600712537765503
0.04734037071466446,-0.012345485389232635,-0.007481813430786133
0.031642891466617584,-0.022134356200695038,-0.0236167311668396
0.02316822111606598,-0.027692265808582306,-0.05435460805892944
0.053298622369766235,-0.021976225078105927,0.08833456039428711
0.1420985609292984,0.008513279259204865,0.4705619812011719
-8.849427103996277e-05,-0.02317294478416443,0.04434776306152344
-0.015937454998493195,-0.03385637700557709,0.05142700672149658
0.03786655142903328,-0.0316440612077713,0.036623477935791016
0.06799554079771042,-0.034487150609493256,0.04402422904968262
0.06326247751712799,-0.03441073000431061,0.04726219177246094
0.05105883255600929,-0.04351959377527237,0.03468680381774902
0.02506641298532486,-0.045662619173526764,0.008386969566345215
0.019143519923090935,-0.060877759009599686,-0.03339743614196777
0.04672907292842865,-0.08850668370723724,-0.09096348285675049
0.08944746851921082,-0.12299913913011551,-0.23402655124664307
0.11818061023950577,-0.10321061313152313,-0.287431538105011
-0.02251138538122177,0.08431382477283478,0.8108713626861572
-0.03641810640692711,-0.14631964266300201,-0.36650311946868896
-0.2479274719953537,-0.3111923336982727,0.15537166595458984
-0.2825833559036255,-0.477688193321228,-0.03183603286743164
-0.17977136373519897,-0.37062934041023254,0.011820316314697266
-0.1425362378358841,-0.32311543822288513,-0.053291380405426025
-0.07282767444849014,-0.28825047612190247,-0.011927247047424316
-0.04717661067843437,-0.30316340923309326,0.022621572017669678
-0.04787665605545044,-0.25528427958488464,0.0227736234664917
-0.05138753727078438,-0.11159825325012207,0.0021287202835083008
-0.06230785697698593,-0.05241641402244568,-0.0067059993743896484
-0.07283017039299011,-0.03164702281355858,0.005134463310241699
-0.039423905313014984,-0.03384510427713394,-0.0097581148147583
-0.037657685577869415,-0.002520269015803933,-0.0021746158599853516
-0.026662472635507584,0.026549754664301872,0.0036846399307250977
-0.002914411947131157,0.040799301117658615,-0.0015189647674560547
0.016903627663850784,0.03668218478560448,-0.0026332736015319824
0.05338854342699051,0.06093104928731918,-0.00026857852935791016
0.06187976896762848,0.0760006457567215,0.0009669065475463867
0.08190708607435226,0.055781491100788116,-0.004053473472595215
0.11306630074977875,0.04575090855360031,-0.002817988395690918
0.08074943721294403,0.0644892007112503,-0.002558887004852295
0.027860471978783607,0.10554824024438858,-0.0031998157501220703
0.016673829406499863,0.160986989736557,-0.0017348527908325195
0.03637632727622986,0.16260451078414917,-0.0012158751487731934
0.08225144445896149,0.14706918597221375,-0.0035194754600524902
0.12928831577301025,0.10758156329393387,-0.0008029937744140625
0.11780034750699997,0.09698781371116638,-0.0007263422012329102
0.0377582386136055,0.12263704091310501,-0.0014281272888183594
-0.0396340973675251,0.13803744316101074,-0.0018094778060913086
-0.07890772819519043,0.12129770964384079,-0.0027551651000976562
-0.08734841644763947,0.11573819816112518,-0.001854538917541504
-0.020269718021154404,0.06638756394386292,-0.00348663330078125
0.05092230811715126,0.05779659375548363,-0.0013193488121032715
0.07101698964834213,0.08905281871557236,-0.0015172958374023438
0.05177037790417671,0.11046662926673889,-0.0023561716079711914
0.02461358904838562,0.11466038227081299,-0.0006927251815795898
0.005573294125497341,0.12828171253204346,-5.14984130859375e-05
-0.001064380630850792,0.13005588948726654,-0.0020960569381713867
-0.006854879669845104,0.11988291144371033,-0.0024013519287109375
-0.02187841385602951,0.23095428943634033,-0.0015624761581420898
0.013869763351976871,0.3521427512168884,-0.0034700632095336914
0.09583868086338043,0.18775728344917297,-0.00043398141860961914
0.0566270612180233,0.0959213450551033,0.0012440085411071777
-0.03533356264233589,0.09930158406496048,-0.0018694400787353516
-0.08480417728424072,0.07292302697896957,-0.0031669139862060547
-0.08254463970661163,0.03645642101764679,-0.0017636418342590332
-0.06406839191913605,0.02847875840961933,-0.0011233091354370117
-0.011190731078386307,0.007688606157898903,-0.002909064292907715
-0.001789802685379982,-0.004742382559925318,-0.002528071403503418
-0.012875791639089584,-0.0003966623917222023,-0.001201033592224121
-0.0035342350602149963,-0.0033025105949491262,-0.0028644204139709473
0.007406285032629967,-0.004849947988986969,-0.0015218853950500488
0.0005555609241127968,-0.003860910190269351,-0.0018424391746520996
0.00018760189414024353,-0.003980583511292934,-0.0013541579246520996
0.00015046726912260056,-0.0038406492676585913,-0.002132415771484375
-0.000667245127260685,-0.003579606767743826,-0.0024986863136291504
-0.012425674125552177,-0.009094096720218658,-0.004024863243103027
-0.044490210711956024,-0.01974041387438774,-0.006527423858642578
-0.07177773863077164,-0.006055593490600586,-0.0024226903915405273
-0.156063050031662,-0.00576996523886919,0.003238499164581299
-0.1819668561220169,-0.027635345235466957,0.000675499439239502
0.06126473471522331,-0.07316755503416061,-0.001200556755065918
0.1806166023015976,-0.010891676880419254,-0.001474618911743164
0.14435411989688873,0.07252476364374161,-0.0017946958541870117
0.07866892963647842,0.06240534037351608,-0.0023589134216308594
0.002666989341378212,0.0016467131208628416,-0.001992464065551758
0.0011430326849222183,-0.0013272145297378302,-0.0005121231079101562
0.002558012492954731,-0.001115335151553154,-0.0015952587127685547
-0.001644509844481945,-0.00461242999881506,-0.002037644386291504
-0.002552775666117668,-0.006193450652062893,-0.00199204683303833
-0.00310539361089468,-0.006535855121910572,-0.00223618745803833
-0.0036555789411067963,-0.005933970212936401,-0.0025566816329956055
-0.003789292648434639,-0.004860670771449804,-0.0035943984985351562
-0.004248827695846558,-0.004115356132388115,-0.0019310712814331055
-0.004867458716034889,-0.0031429172959178686,-0.002282083034515381
-0.0032301023602485657,-0.002851218217983842,-0.0010004043579101562
-0.0024580899626016617,-0.0029182732105255127,-0.002160012722015381
-0.0019298121333122253,-0.0031520661432296038,-0.0016260147094726562
-0.0011824406683444977,-0.003441611537709832,-0.0019158124923706055
0.0014818841591477394,-0.003151807002723217,-0.0023124217987060547
0.0017017144709825516,-0.001961726928129792,-0.001976609230041504
0.002078247256577015,-0.0011199766304343939,-0.0013813972473144531
0.0020712073892354965,-0.000769441481679678,-0.0024951696395874023
0.0011889729648828506,0.00016187806613743305,-0.0023881196975708008
-4.583969712257385e-06,-0.00046868808567523956,-0.0014879703521728516
0.00017836038023233414,-0.0022768862545490265,-0.0022050142288208008
-0.0012421095743775368,-0.0035593353677541018,-0.00212860107421875
-0.003493973985314369,-0.00561857596039772,-0.0012131333351135254
-0.003374180756509304,-0.007201061118394136,-0.0020065903663635254
-0.004226277582347393,-0.007977211847901344,-0.0035479068756103516
-0.0037261107936501503,-0.006671719253063202,-0.0016100406646728516
-0.001847471110522747,-0.004879591055214405,-0.0030138492584228516
-0.0016591446474194527,-0.0027026734314858913,-0.0044939517974853516
-0.0006758961826562881,-0.00040350318886339664,-0.002250850200653076
0.0014739856123924255,0.00166996568441391,-0.0010300874710083008
0.002366003580391407,0.001249111955985427,-0.0026017427444458008
0.001753583550453186,0.0009246726986020803,-0.00199127197265625
0.000978756695985794,-0.00043236836791038513,-0.0012739896774291992
0.0006417315453290939,-0.0025618441868573427,-0.00289154052734375
0.0007771318778395653,-0.004037058912217617,-0.00025177001953125
-0.0013946490362286568,-0.005096891429275274,-0.00019073486328125
-0.001898590475320816,-0.0050829933024942875,-0.005455374717712402
-0.004152239300310612,-0.004936372861266136,-0.0027394890785217285
-0.004391510970890522,-0.004877539351582527,-0.0010612010955810547
-0.003966983407735825,-0.0041209012269973755,-0.0017175674438476562
-0.003075217828154564,-0.004800641909241676,-0.0024499893188476562
-0.0025583654642105103,-0.0029049271252006292,-0.001153111457824707
-0.001142389141023159,-0.003307925770059228,-0.0016720890998840332
0.0006471136584877968,-0.00244210846722126,-0.003442049026489258
0.001184527762234211,-0.0015509170480072498,-0.002358675003051758
0.0009214133024215698,-0.000608848175033927,-0.0010464191436767578
0.0015841377899050713,0.0001546789426356554,-0.0030301809310913086
0.0015004770830273628,-0.00041719130240380764,-0.0028928518295288086
0.0009171823039650917,0.0003028984647244215,-0.0011228322982788086
8.155032992362976e-05,-0.0013258990366011858,-0.002175569534301758
0.0005334392189979553,-0.0024477611295878887,-0.002969086170196533
-0.0014394400641322136,-0.0035069123841822147,-0.0018246769905090332
-0.0030440669506788254,-0.004761177115142345,-0.0029997825622558594
-0.0026980331167578697,-0.005009207874536514,-0.0029387474060058594
-0.0020665349438786507,-0.0056670838966965675,-0.001703023910522461
-0.002805013209581375,-0.00603377353399992,-0.0016726851463317871
-0.0020942222326993942,-0.003944487310945988,-0.0033665895462036133
-0.0014072014018893242,-0.003096658969298005,-0.0022526979446411133
-0.00217422004789114,-0.001623258227482438,-0.0015202760696411133
-0.00041667744517326355,-0.0009341712575405836,-0.0022374391555786133
0.0005106329917907715,-0.0004273226950317621,-0.0019932985305786133
0.0007455889135599136,1.0454794391989708e-05,-0.0016576051712036133
0.0011858893558382988,-0.0007538886275142431,-0.0017186403274536133
0.0018476955592632294,-0.0016884652432054281,-0.0019475221633911133
0.0013286508619785309,-0.0023964503780007362,-0.0013981461524963379
8.581206202507019e-05,-0.0037376692052930593,-0.0023289918899536133
-0.0007314244285225868,-0.004146645776927471,-0.0028478503227233887
-0.0020300941541790962,-0.004498984199017286,-0.0014899373054504395
-0.002852252684533596,-0.004332476295530796,-0.002298712730407715
-0.002946137450635433,-0.004404778126627207,-0.0029243826866149902
-0.003122808411717415,-0.004153093323111534,-0.0021156668663024902
-0.0024913009256124496,-0.003338979324325919,-0.0013068914413452148
-0.0016910014674067497,-0.0020409489516168833,-0.0021004676818847656
-0.00015068799257278442,-0.002150041051208973,-0.0023598670959472656
-2.8808601200580597e-05,-0.0011468634475022554,-0.0011391043663024902
0.0012469012290239334,-0.00012818747200071812,-0.002603888511657715
0.0019326098263263702,-0.0009335053618997335,-0.0015357732772827148
0.0017317915335297585,-0.0012958375737071037,-0.001169443130493164
0.00013564061373472214,-0.0006397508550435305,-0.0016883611679077148
0.0003488576039671898,-0.001634768908843398,-0.0021001100540161133
-0.00013609230518341064,-0.0029184024315327406,-0.002649366855621338
-0.00186149962246418,-0.0036817288491874933,-0.0014440417289733887
-0.0024916138499975204,-0.0036983259487897158,-0.0014592409133911133
-0.0027036918327212334,-0.00477735698223114,-0.002420485019683838
-0.0032562008127570152,-0.004681126214563847,-0.0031682252883911133
-0.003355453722178936,-0.0052017406560480595,-0.003397226333618164
-0.002423427999019623,-0.004265972413122654,-0.0034580230712890625
-0.0010905424132943153,-0.004133264534175396,-0.0018711090087890625
0.00014475546777248383,-0.003247492481023073,-0.0019625425338745117
0.0001725638285279274,-0.0013413557317107916,-0.002496659755706787
0.0011775363236665726,0.0008623104076832533,-0.0018711090087890625
0.0010927598923444748,0.0002587484195828438,-0.0016422271728515625
0.00013691093772649765,0.0005855928175151348,-0.0020694732666015625
0.0007436815649271011,-0.0002347819972783327,-0.0027103424072265625
0.00035408418625593185,-0.001960332505404949,-0.003336012363433838
-0.0002015708014369011,-0.002343235770240426,-0.002573072910308838
-0.0006006443873047829,-0.003061482449993491,-0.0018405914306640625
-0.00155645702034235,-0.0031326336320489645,-0.0022220611572265625
-0.002322440966963768,-0.0032645808532834053,-0.0013066530227661133
-0.002893286757171154,-0.003909653052687645,-0.0022374987602233887
-0.0033597592264413834,-0.004048373084515333,-0.0016576051712036133
-0.00330446008592844,-0.0037490034010261297,-0.001184701919555664
-0.001782105304300785,-0.003225819207727909,-0.002893686294555664
-0.002227046526968479,-0.0030031620990484953,-0.002191781997680664
-0.0015078643336892128,-0.0032454454340040684,-0.001688241958618164
-0.0005951877683401108,-0.0023212414234876633,-0.001383066177368164
0.0006960919126868248,-0.0019203382544219494,-0.0014136433601379395
0.0016429992392659187,-0.0011750224512070417,-0.0025885701179504395
0.002170111984014511,-0.0008179678115993738,-0.002023935317993164
0.0012076878920197487,-0.0006898676510900259,-0.002649545669555664
0.000924144871532917,-0.0012284156400710344,-0.002298593521118164
1.3078562915325165e-05,-0.0028521125204861164,-0.002100348472595215
-0.0006897943094372749,-0.0033581345342099667,-0.002115488052368164
-0.001620924100279808,-0.0034539790358394384,-0.002390146255493164
-0.0021849898621439934,-0.004195837303996086,-0.002893805503845215
-0.002455751411616802,-0.0031573765445500612,-0.003092050552368164
-0.003682653419673443,-0.0030813603661954403,-0.001718759536743164
-0.0027102967724204063,-0.003901625517755747,-0.002420783042907715
-0.0019020792096853256,-0.003412233665585518,-0.003061532974243164
-0.000491870567202568,-0.0023800055496394634,-0.0026799440383911133
-0.00046380702406167984,-0.001583802979439497,-0.0016728639602661133
-0.00021754391491413116,-0.0010239423718303442,-0.0015964508056640625
0.0011173579841852188,-0.0002981661818921566,-0.0026339292526245117
0.0010420577600598335,-0.0007333031389862299,-0.002267599105834961
0.00034385547041893005,-0.0020635949913412333,-0.001687765121459961
-1.433398574590683e-05,-0.002157104667276144,-0.0026033520698547363
2.78521329164505e-05,-0.0027701095677912235,-0.0015505552291870117
-0.0005225175991654396,-0.002635696204379201,-0.0012454986572265625
-0.0007274746894836426,-0.0020379135385155678,-0.0023134946823120117
-0.0015130583196878433,-0.0027260698843747377,-0.0023134946823120117
-0.0013832151889801025,-0.00314801512286067,-0.0014894604682922363
-0.0019327178597450256,-0.0028003717307001352,-0.0021609067916870117
-0.002748582512140274,-0.0036026567686349154,-0.0022982358932495117
-0.0019500777125358582,-0.002887404290959239,-0.0024203062057495117
-0.0013573970645666122,-0.0035257621202617884,-0.001764059066772461
-0.0002724621444940567,-0.003117153188213706,-0.001458883285522461
-0.00015429221093654633,-0.0031663840636610985,-0.001779317855834961
5.595572292804718e-05,-0.0027900123968720436,-0.002649068832397461
-0.0007793791592121124,-0.0018056225962936878,-0.0007416009902954102
0.00038942229002714157,-0.0017497718799859285,-0.0013366937637329102
0.0005877399817109108,-0.001971340738236904,-0.0015501976013183594
0.0005410118028521538,-0.0021417217794805765,-0.0025877952575683594
0.0005221227183938026,-0.00200683088041842,-0.0023282766342163086
-0.00048075243830680847,-0.002604746725410223,-0.0022977590560913086
-0.0011349180713295937,-0.0028145296964794397,-0.0024961233139038086
-0.0020784959197044373,-0.0031071894336491823,-0.0015347599983215332
-0.0027586137875914574,-0.003132706740871072,-0.002358675003051758
-0.0026160087436437607,-0.0028499977197498083,-0.0015804767608642578
-0.002457483671605587,-0.00237855757586658,-0.0017637014389038086
-0.0006709154695272446,-0.002719848183915019,-0.002633392810821533
-0.0007818732410669327,-0.002215107437223196,-0.002023041248321533
0.0004404047504067421,-0.0018604500219225883,-0.0016871094703674316
-0.00013867579400539398,-0.002455744193866849,-0.0018395185470581055
0.000369013287127018,-0.001837167888879776,-0.0018242597579956055
-5.5509619414806366e-05,-0.002092542825266719,-0.0018852949142456055
0.00018493738025426865,-0.003038394497707486,-0.0014122724533081055
-9.127520024776459e-05,-0.0019955674652010202,-0.002159714698791504
-0.0012901769950985909,-0.0029915333725512028,-0.001671433448791504
-0.0012594182044267654,-0.001979772001504898,-0.0029224753379821777
-0.0010655596852302551,-0.002485941629856825,-0.0019611120223999023
-0.0016241008415818214,-0.0030137088615447283,-0.0024188756942749023
-0.002503596246242523,-0.003130571451038122,-0.002495288848876953
-0.0013376660645008087,-0.0023841557558625937,-0.002846360206604004
-0.0014648400247097015,-0.00197723344899714,-0.0031821131706237793
-0.0005605518817901611,-0.002628854475915432,-0.002510666847229004
-0.000944049097597599,-0.0034713097847998142,-0.002434253692626953
0.0004800744354724884,-0.002407228574156761,-0.0015643835067749023
0.0004036072641611099,-0.0019367306958884,-0.0018082857131958008
-0.00011673197150230408,-0.002225167118012905,-0.0020066499710083008
0.0003307880833745003,-0.0011999872513115406,-0.0022963285446166992
0.0001340853050351143,-0.001572253881022334,-0.002540409564971924
0.00021124910563230515,-0.0017017589416354895,-0.0016095638275146484
0.00018648896366357803,-0.0017182533629238605,-0.0024794340133666992
-0.001343877986073494,-0.0024900254793465137,-0.0021438002586364746
-0.0016007665544748306,-0.003163153538480401,-0.0021742582321166992
-0.001983160153031349,-0.003452315228059888,-0.0015943646430969238
-0.001827385276556015,-0.0032145828008651733,-0.0019299983978271484
-0.0018419092521071434,-0.0025847051292657852,-0.0021588802337646484
-0.002081986516714096,-0.002326288726180792,-0.0026013851165771484
-0.0014477875083684921,-0.002937822137027979,-0.0022962093353271484
-0.000787234865128994,-0.0026686752680689096,-0.0020673274993896484
-0.0007525291293859482,-0.0024425273295491934,-0.0019910335540771484
-0.00036111660301685333,-0.0028439348097890615,-0.0013195276260375977
0.0005747899413108826,-0.002146422630175948,-0.002967357635498047
-0.00028028152883052826,-0.002010862110182643,-0.002387523651123047
2.4883076548576355e-05,-0.0018601813353598118,-0.0028758645057678223
-0.00013321451842784882,-0.0020150854252278805,-0.001334547996520996
-0.0007132254540920258,-0.0015847934409976006,-0.0020059943199157715
-0.0009465385228395462,-0.0022976009640842676,-0.0019907355308532715
-0.001553053967654705,-0.0030250553973019123,-0.001822829246520996
-0.0017361752688884735,-0.0018069581128656864,-0.002219557762145996
-0.0020082220435142517,-0.002520087407901883,-0.002448439598083496
-0.0014764145016670227,-0.00313233002088964,-0.0029214024543762207
-0.0015047593042254448,-0.002347855130210519,-0.0020668506622314453
-0.0012293178588151932,-0.0023486479185521603,-0.0008919239044189453
0.00016903318464756012,-0.0012529303785413504,-0.0025093555450439453
-0.00040772557258605957,-0.001823898172006011,-0.0023262500762939453
0.0003342805430293083,-0.0028819357976317406,-0.0021584033966064453
0.0004121977835893631,-0.0010476575698703527,-0.000983595848083496
0.000129014253616333,-0.0012935413978993893,-0.0017462968826293945
0.00040576793253421783,-0.0022550548892468214,-0.0021430253982543945
-0.0006706230342388153,-0.0023491461761295795,-0.0024023056030273438
-0.0008221287280321121,-0.002919382182881236,-0.0026769638061523438
-0.0008709197863936424,-0.0024474267847836018,-0.0022497177124023438
-0.002174920402467251,-0.0015522176399827003,-0.002356410026550293
-0.002231009304523468,-0.003068318124860525,-0.002249598503112793
-0.0023988913744688034,-0.00343660032376647,-0.001929163932800293
-0.0017747953534126282,-0.002367283683270216,-0.002875208854675293
-0.0013813246041536331,-0.0030585252679884434,-0.002234339714050293
-0.0012058978900313377,-0.0028940089978277683,-0.002295374870300293
-0.001346176490187645,-0.0027277041226625443,-0.0023716092109680176
-0.0006121061742305756,-0.0024679922498762608,-0.002249598503112793
0.00013564527034759521,-0.001703233690932393,-0.002325713634490967
0.00026908330619335175,-0.002091848524287343,-0.0021120309829711914
0.00041019730269908905,-0.001427923794835806,-0.0019135475158691406
0.0008578244596719742,-0.0014625785406678915,-0.00218808650970459
4.6703964471817017e-05,-0.0013034222647547722,-0.0016387701034545898
0.00024171080440282822,-0.0013895058073103428,-0.0015624761581420898
0.0003876127302646637,-0.0011206853669136763,-0.0014556646347045898
-0.0006596986204385757,-0.0024075962137430906,-0.00235593318939209
-0.0007175598293542862,-0.0017791681457310915,-0.0008910298347473145
-0.0014544213190674782,-0.002243007766082883,-0.0018216967582702637
-0.0010143518447875977,-0.0023282235488295555,-0.0014707446098327637
-0.000647704117000103,-0.002309296512976289,-0.0013181567192077637
-0.001628013327717781,-0.002309575444087386,-0.0021420717239379883
-0.0008882852271199226,-0.002264076843857765,-0.0016232132911682129
-0.000634368509054184,-0.0023653372190892696,-0.0018367767333984375
-0.000547429546713829,-0.001809766748920083,-0.0014096498489379883
-0.00043637119233608246,-0.0019712415523827076,-0.001806497573852539
-0.000647498294711113,-0.0023727344814687967,-0.001684427261352539
-0.00017956551164388657,-0.0015410250052809715,-0.001013040542602539
-0.0005372744053602219,-0.0019594263285398483,-0.002340555191040039
-0.0006560226902365685,-0.002197777386754751,-0.001775979995727539
-0.000829184427857399,-0.0018828704487532377,-0.001531839370727539
-0.0010847244411706924,-0.001980026252567768,-0.002371072769165039
-0.0011325497180223465,-0.0015251059085130692,-0.002981424331665039
-0.0007151542231440544,-0.0020466167479753494,-0.001684427261352539
-0.0007620900869369507,-0.0025761479046195745,-0.0016078948974609375
-0.0007603485137224197,-0.0019699998665601015,-0.0021266937255859375
-0.00024478137493133545,-0.002342619001865387,-0.0035152435302734375
0.0002377321943640709,-0.0025512631982564926,-0.0019892454147338867
-0.0003503561019897461,-0.002870336174964905,-0.001806020736694336
-0.0007581776008009911,-0.0022518166806548834,-0.0023095011711120605
0.0001620529219508171,-0.0017950329929590225,-0.002019524574279785
6.847549229860306e-05,-0.002813971834257245,-0.002263665199279785
0.00027594249695539474,-0.0014092731289565563,-0.002446770668029785
-0.0006077010184526443,-0.0020009323488920927,-0.0019279718399047852
-0.0003665955737233162,-0.0010509176645427942,-0.002126455307006836
-0.0007291827350854874,-0.0011320540215820074,-0.0009819269180297852
-0.0008644014596939087,-0.0020158339757472277,-0.0016838312149047852
-0.0010812701657414436,-0.003139996435493231,-0.0018516778945922852
-0.0009348131716251373,-0.0024327244609594345,-0.001928091049194336
-0.001622048206627369,-0.0025842729955911636,-0.0017753839492797852
-0.00014336779713630676,-0.0024591516703367233,-0.0010429620742797852
-0.0006927726790308952,-0.0028517371974885464,-0.0015465021133422852
-0.001153692603111267,-0.0029121588449925184,-0.002416253089904785
-0.0005541220307350159,-0.002320017898455262,-0.002400994300842285
-0.00019980687648057938,-0.0029961972031742334,-0.0023093819618225098
-0.0004886500537395477,-0.0024751913733780384,-0.0013176798820495605
-0.00096079520881176,-0.0024443715810775757,-0.0026909708976745605
-0.0006936751306056976,-0.002244087867438793,-0.002141714096069336
-0.000894901342689991,-0.002046506153419614,-0.001348257064819336
-0.0005325572565197945,-0.0023078343365341425,-0.0018059015274047852
-0.001041126437485218,-0.002477348316460848,-0.002614617347717285
-0.0007982207462191582,-0.0018514308612793684,-0.001958489418029785
-0.00043254904448986053,-0.001536691328510642,-0.002477288246154785
-0.0004387553781270981,-0.0018036316614598036,-0.0013939142227172852
-0.000594843178987503,-0.0023308529052883387,-0.0020957589149475098
-0.0002841465175151825,-0.0013321915175765753,-0.0016226768493652344
0.00033618509769439697,-0.0021940048318356276,-0.002797722816467285
-2.4368055164813995e-05,-0.0017135327216237783,-0.002355337142944336
0.00018530990928411484,-0.0018841144628822803,-0.0020350217819213867
-0.0006180917844176292,-0.0024182461202144623,-0.0020045042037963867
1.0453164577484131e-05,-0.002681395737454295,-0.0017145872116088867
-2.5920569896697998e-05,-0.0018457556143403053,-0.00043272972106933594
-0.0007865764200687408,-0.0018406978342682123,-0.001317739486694336
-0.0007603270933032036,-0.0012679598294198513,-0.002858877182006836
-0.0004733428359031677,-0.0017313251737505198,-0.0018061399459838867
-0.0010921657085418701,-0.0024366197176277637,-0.0017147064208984375
-0.0017152242362499237,-0.0018859028350561857,-0.0010126829147338867
-0.001707262359559536,-0.002365527441725135,-0.0017908811569213867
-0.0001161918044090271,-0.0017861919477581978,-0.002584218978881836
-0.0009193355217576027,-0.0018612626008689404,-0.002187490463256836
-0.0005806228145956993,-0.002332298783585429,-0.002172231674194336
-0.00027041975408792496,-0.002617083489894867,-0.0025995373725891113
-0.0005972692742943764,-0.0024215364828705788,-0.0021570920944213867
-4.158914089202881e-05,-0.002217773115262389,-0.002157151699066162
-0.0006144614890217781,-0.002631070790812373,-0.0022182464599609375
0.0004627350717782974,-0.0022689918987452984,-0.0012112259864807129
-0.00028290506452322006,-0.0015678985510021448,-0.0007686614990234375
-0.0008269520476460457,-0.0015733062755316496,-0.002309858798980713
-0.0006568683311343193,-0.0022232222836464643,-0.0017453432083129883
-0.000747285783290863,-0.001996333012357354,-0.0010739564895629883
-0.0009670881554484367,-0.0012991810217499733,-0.0014859437942504883
-0.0014213565737009048,-0.002110792323946953,-0.0011349916458129883
-0.0011923378333449364,-0.0017960888799279928,-0.0017300844192504883
-0.0006457874551415443,-0.002024217275902629,-0.0008603334426879883
-6.931554526090622e-05,-0.002545325318351388,-0.0011502504348754883
-0.00024083536118268967,-0.001848843414336443,-0.0019894838333129883
-0.0003626365214586258,-0.0018855161033570766,-0.0013942718505859375
-0.0002740388736128807,-0.002191163832321763,-0.0010433197021484375
0.0003317026421427727,-0.002281003398820758,-0.0014704465866088867
-0.00030213966965675354,-0.0013719515409320593,-0.001912832260131836
-0.0001753680408000946,-0.0014548655599355698,-0.0021723508834838867
-0.0012700706720352173,-0.0020319800823926926,-0.0011348128318786621
-0.0009979652240872383,-0.0011611760128289461,-0.002141892910003662
-0.00018731411546468735,-0.001870058011263609,-0.0021723508834838867
-0.0002731187269091606,-0.0018855512607842684,-0.0019892454147338867
-0.00103718601167202,-0.0013905609957873821,-0.0014246702194213867
-3.335531800985336e-05,-0.0022290886845439672,-0.002385854721069336
-0.0010558869689702988,-0.0016252647619694471,-0.0018365979194641113
-0.0007397318258881569,-0.0014706016518175602,-0.0018671751022338867
-0.00035430770367383957,-0.0016717487014830112,-0.001653432846069336
0.00020605605095624924,-0.002327658236026764,-0.001256704330444336
-0.0006088074296712875,-0.0024447196628898382,-0.002416372299194336
-0.00039569009095430374,-0.0018902048468589783,-0.002370774745941162
-0.0001167934387922287,-0.001960954861715436,-0.0024776458740234375
-0.0004412364214658737,-0.0014979301486164331,-0.0023099184036254883
-0.0005576284602284431,-0.0015698480419814587,-0.0025392770767211914
-0.004008139483630657,0.0046178847551345825,-0.002707540988922119
-0.060732170939445496,0.22802597284317017,-0.0025406479835510254
0.042942412197589874,0.221389040350914,-0.0009090900421142578
0.08116377890110016,0.09131977707147598,-0.0007424354553222656
0.06195475533604622,0.10008317977190018,-0.0008504390716552734
0.057724036276340485,0.09297055006027222,-0.0028046369552612305
0.032411836087703705,0.07522596418857574,-0.002057671546936035
0.029618989676237106,0.07228372991085052,-0.00048655271530151367
0.034931980073451996,0.12791740894317627,-7.486343383789062e-05
0.030338522046804428,0.1244729608297348,-0.0019365549087524414
0.00990239530801773,0.07930383086204529,0.0011608004570007324
-0.03411588445305824,0.05175941437482834,-0.008925437927246094
-0.10806155204772949,0.17473718523979187,0.0022592544555664062
-0.07560883462429047,0.29397547245025635,-0.004362881183624268
-0.028490224853157997,0.30202391743659973,-0.0008533000946044922
-0.0044165789149701595,0.3056175112724304,-0.001036524772644043
0.01965901628136635,0.27238497138023376,-0.00022804737091064453
0.034942470490932465,0.23071208596229553,-0.0012052059173583984
0.021304095163941383,0.132918581366539,-0.00360107421875
-0.00531803211197257,0.059516534209251404,-0.0017094612121582031
-0.01572255790233612,0.009077818132936954,-0.0025337934494018555
-0.013907596468925476,-0.014109661802649498,-0.0021216869354248047
-0.019966375082731247,0.01678595505654812,-0.0006871223449707031
-0.01735946722328663,0.03003840520977974,-0.0030516386032104492
-0.0023590181954205036,0.04549793154001236,-0.003402233123779297
0.018734879791736603,0.06782078742980957,-0.0016620159149169922
0.047728173434734344,0.062342703342437744,-0.0016156435012817383
0.06799376755952835,0.04660375788807869,-0.0016764998435974121
0.07787835597991943,0.040606267750263214,-0.005140066146850586
0.033683791756629944,-0.00345283723436296,-0.0021800994873046875
0.02822897955775261,0.0008311141282320023,-0.0024698972702026367
0.04296350106596947,-0.03607255592942238,-0.0014168024063110352
0.06014955788850784,-0.09134986996650696,0.0007038116455078125
0.0386553518474102,-0.11174152046442032,-0.0022414326667785645
-0.005201602354645729,-0.08168100565671921,-0.00433194637298584
-0.016817832365632057,-0.04435025155544281,-0.0005323886871337891
-0.0018021594732999802,-0.022978397086262703,-0.0008214116096496582
0.04643453657627106,-0.015645895153284073,-0.006420254707336426
0.03700394928455353,-0.07096832245588303,0.002597630023956299
0.02082572504878044,-0.056442368775606155,-0.0014768242835998535
0.024232642725110054,-0.055476319044828415,-0.0025450587272644043
0.012637713924050331,-0.1204698234796524,-0.005290985107421875
-0.029486099258065224,-0.1872892528772354,-0.003306269645690918
-0.26638370752334595,-0.37483343482017517,0.0007069110870361328
-0.6701546311378479,-0.682719349861145,-0.0025894641876220703
-0.3781495690345764,-0.44200125336647034,-0.002605438232421875
-0.0636984333395958,-0.11567357182502747,0.0035409927368164062
0.03308394178748131,-0.06578971445560455,0.010965824127197266
0.03715866059064865,-0.05528261139988899,0.027237415313720703
0.08228098601102829,-0.07665756344795227,0.05794113874435425
0.047493286430835724,-0.08150702714920044,0.16211724281311035
0.10294125974178314,-0.07788112014532089,0.199135422706604
0.165264293551445,-0.06370262801647186,0.15915799140930176
0.167892724275589,-0.05792144685983658,0.0997464656829834
0.1718437671661377,-0.06867480278015137,0.1782921552658081
0.18694926798343658,-0.08645512163639069,0.6289061307907104
0.19870725274085999,-0.06382666528224945,0.8337351679801941
0.20051297545433044,-0.035976577550172806,0.9026088714599609
0.19274434447288513,0.016147471964359283,1.0143039226531982
0.1629863679409027,0.11297260224819183,0.9326034188270569
0.11635659635066986,0.21667657792568207,0.8791159391403198
0.05857284367084503,0.23605404794216156,0.8300961852073669
0.013319194316864014,0.23697732388973236,0.7508722543716431
-0.04044005274772644,0.2581551671028137,0.6255698800086975
-0.04066909849643707,0.27595141530036926,0.49914467334747314
0.02997460961341858,0.2956261932849884,0.33646905422210693
0.20426279306411743,0.27808505296707153,0.19686418771743774
0.35895344614982605,0.24597743153572083,0.0930795669555664
0.23473891615867615,0.26151037216186523,0.05633866786956787
0.1502341330051422,0.2917592525482178,-0.018525242805480957
0.0698736310005188,0.323367714881897,-0.10685336589813232
0.020623087882995605,0.3415498733520508,-0.17314136028289795
-0.008847296237945557,0.35878944396972656,-0.22927993535995483
-0.037020474672317505,0.39004600048065186,-0.2544160485267639
-0.04794028401374817,0.3976629376411438,-0.22947674989700317
0.01842305064201355,0.4435909390449524,-0.206035315990448
0.016460895538330078,0.4278600215911865,-0.17833280563354492
-0.02801664173603058,0.34549808502197266,-0.1592862606048584
-0.05029398202896118,0.31635624170303345,-0.14703112840652466
-0.09216450154781342,0.38931041955947876,-0.1364668905735016
-0.18220055103302002,0.47161364555358887,-0.15105146169662476
-0.3377034068107605,0.5591486692428589,-0.1711539328098297
-0.4129689931869507,0.5507775545120239,-0.16136354207992554
-0.40891414880752563,0.4989274740219116,-0.13243591785430908
-0.3020157516002655,0.39786189794540405,-0.10960575938224792
-0.14005571603775024,0.32070809602737427,-0.11167240142822266
-0.0840391218662262,0.3140244483947754,-0.13515493273735046
-0.06055302172899246,0.2313339114189148,-0.19273900985717773
-0.03729189932346344,0.15285742282867432,-0.24381223320960999
-0.07124616205692291,0.13415902853012085,-0.23277387022972107
-0.12207943201065063,0.09013593196868896,-0.18142332136631012
-0.18142810463905334,-0.22612279653549194,-0.284470796585083
-0.04528142511844635,0.05069613456726074,-0.2916504144668579
-0.1155615746974945,0.1610284447669983,-0.19689393043518066
-0.19504611194133759,0.010016798973083496,-0.06414651870727539
-0.17806847393512726,0.027293026447296143,0.06484055519104004
-0.1956329196691513,0.009379029273986816,0.08388221263885498
-0.18892331421375275,0.051052212715148926,0.0827937126159668
-0.17709556221961975,0.058632075786590576,0.07737946510314941
-0.16445860266685486,0.023622632026672363,0.08515036106109619
-0.1279962807893753,0.013096809387207031,0.09271535277366638
-0.07925654947757721,0.008942365646362305,0.08010853826999664
-0.04553034156560898,-0.005698680877685547,0.03221774101257324
-0.033453695476055145,-0.022824227809906006,-0.03197075426578522
-0.008027296513319016,-0.026625394821166992,-0.10000729560852051
0.0181538425385952,0.05037999153137207,-0.123807892203331
0.015284597873687744,0.030379652976989746,-0.1133803203701973
0.04709354415535927,0.03183978796005249,-0.0659043937921524
0.04133082181215286,-0.010164737701416016,-0.05169118940830231
0.028347579762339592,0.013156890869140625,-0.03886689245700836
0.016658319160342216,0.02548438310623169,-0.023391716182231903
-0.007503448985517025,0.01764613389968872,-0.003849029541015625
-0.03483270853757858,0.0012387633323669434,0.01661217212677002
-0.060971930623054504,0.0012761950492858887,0.028960339725017548
-0.07571129500865936,0.010053515434265137,0.03109191358089447
-0.07042339444160461,0.010048389434814453,0.020005814731121063
-0.056169770658016205,0.01366358995437622,0.019812218844890594
-0.026684435084462166,0.01635819673538208,0.020903468132019043
-0.008694488555192947,0.007266342639923096,0.019952289760112762
-0.006935860961675644,0.0036056041717529297,0.01945149153470993
-0.006945716682821512,-0.0013576149940490723,0.00022494792938232422
-0.014003470540046692,0.0001609325408935547,-0.024123668670654297
-0.034418925642967224,0.014596760272979736,-0.02691160887479782
-0.053099021315574646,0.02105623483657837,0.0036938264966011047
-0.051864638924598694,0.012971818447113037,0.02708292007446289
-0.04901512712240219,0.009204983711242676,0.023562785238027573
-0.058361612260341644,0.0072768330574035645,0.004861470311880112
-0.05528106540441513,0.007255196571350098,-0.01799524575471878
-0.04610896110534668,0.006334960460662842,-0.022837642580270767
-0.023500308394432068,0.011134922504425049,-0.027732376009225845
0.012168439105153084,0.01421499252319336,-0.0484846830368042
0.04102514311671257,0.006287217140197754,-0.05335891619324684
0.06733177602291107,-0.012560844421386719,-0.01629173755645752
0.0742555633187294,-0.05632525682449341,0.01966416835784912
0.04516230523586273,-0.10354405641555786,0.022705446928739548
-0.01635615900158882,-0.1713656187057495,-0.015946026891469955
-0.0007473612204194069,-0.20503747463226318,-0.14967000484466553
0.019260205328464508,-0.26965296268463135,-0.43027496337890625
-0.03122938796877861,-0.17895710468292236,-0.7142369747161865
0.045126430690288544,-0.142645001411438,-0.8072576522827148
0.027449801564216614,-0.08993041515350342,-0.6541585922241211
0.009166921488940716,-0.069530189037323,-0.5358326435089111
0.065145343542099,-0.03573328256607056,-0.6002061367034912
0.06683330237865448,0.01397562026977539,-0.5584043264389038
0.04662458226084709,0.05652815103530884,-0.43286359310150146
0.019059553742408752,0.0815083384513855,-0.31191205978393555
-0.017437219619750977,0.11572301387786865,-0.19396068155765533
-0.05886802077293396,0.14773738384246826,-0.0811452567577362
-0.09597274661064148,0.16265368461608887,0.018978863954544067
-0.10329893976449966,0.1788889765739441,0.10190340876579285
-0.07471517473459244,0.18590128421783447,0.16154745221138
-0.020660262554883957,0.1740170121192932,0.1872464418411255
0.022207051515579224,0.15942668914794922,0.1836014688014984
0.03693288192152977,0.15481460094451904,0.16498658061027527
0.03908688575029373,0.14363813400268555,0.16392406821250916
0.021005287766456604,0.12480473518371582,0.1808898150920868
-0.023102011531591415,0.11177033185958862,0.2017728090286255
-0.08255226165056229,0.10293740034103394,0.22408044338226318
-0.1349959373474121,0.08580726385116577,0.25697094202041626
-0.17988328635692596,0.08221715688705444,0.2842220067977905
-0.2156553864479065,0.09353291988372803,0.3045758605003357
-0.24186745285987854,0.09030753374099731,0.32307958602905273
-0.25395920872688293,0.08965820074081421,0.3338414430618286
-0.22774414718151093,0.09217721223831177,0.3355240225791931
-0.16906796395778656,0.10109400749206543,0.30396807193756104
-0.11124787479639053,0.104400634765625,0.23787984251976013
-0.06151729077100754,0.09995168447494507,0.15092545747756958
-0.03194613382220268,0.1053159236907959,0.08347278833389282
-0.02235666662454605,0.10732585191726685,0.06085658073425293
-0.02727431058883667,0.11075687408447266,0.06532201170921326
-0.048700615763664246,0.1153598427772522,0.08333396911621094
-0.06302204728126526,0.11909401416778564,0.09383457899093628
-0.07769691944122314,0.09996193647384644,0.08526718616485596
-0.05975041538476944,0.10513085126876831,0.05158966779708862
0.009078462608158588,0.09130740165710449,-0.01892143487930298
0.05556235834956169,0.07738226652145386,-0.10077831149101257
0.049782514572143555,0.06650614738464355,-0.15721938014030457
0.03893011063337326,0.07126837968826294,-0.15962660312652588
0.0003389772027730942,0.04577767848968506,-0.14211004972457886
-0.017948584631085396,0.032205164432525635,-0.1207851767539978
-0.009465642273426056,0.028248071670532227,-0.10424232482910156
-0.02229209989309311,0.03139990568161011,-0.09730863571166992
-0.05944376438856125,0.03817051649093628,-0.09551370143890381
-0.07417729496955872,0.03675854206085205,-0.09120833873748779
-0.06543171405792236,0.03848832845687866,-0.07947385311126709
-0.04953493922948837,0.034416139125823975,-0.07663142681121826
-0.025293424725532532,0.029408693313598633,-0.0876152515411377
-0.06830953806638718,0.04361283779144287,-0.11592459678649902
-0.12758782505989075,0.051468491554260254,-0.13301509618759155
-0.15279516577720642,0.0506061315536499,-0.13546687364578247
-0.13705208897590637,0.05727958679199219,-0.1560998558998108
-0.050634607672691345,0.0622403621673584,-0.16919493675231934
0.06532406806945801,0.062152981758117676,-0.16313964128494263
0.13220296800136566,0.05600231885910034,-0.1367943286895752
0.12161751091480255,0.047801971435546875,-0.08469897508621216
0.05385121703147888,0.05227440595626831,-0.032519638538360596
-0.03518528491258621,0.07186013460159302,0.014694750308990479
-0.10570318251848221,0.08272802829742432,0.06328094005584717
-0.12060684710741043,0.07377749681472778,0.11231064796447754
-0.16065555810928345,0.05730462074279785,0.13371694087982178
-0.1784232258796692,0.05045199394226074,0.12999236583709717
-0.15238194167613983,0.05473518371582031,0.10949575901031494
-0.1153368130326271,0.05970674753189087,0.0687447190284729
-0.01745864748954773,0.06597387790679932,0.01384735107421875
0.059749785810709,0.04242676496505737,0.010215997695922852
0.07816371321678162,0.04236161708831787,-0.018850862979888916
0.08362177014350891,0.05404067039489746,-0.043677449226379395
0.09845132380723953,0.0505865216255188,-0.05110752582550049
0.09590759873390198,0.04017379879951477,-0.05492210388183594
0.08497429639101028,0.029778391122817993,-0.05923736095428467
0.0857037752866745,0.026352882385253906,-0.06287169456481934
0.0846654623746872,0.018642574548721313,-0.055885910987854004
0.06395955383777618,0.009376347064971924,-0.04699206352233887
0.043980278074741364,0.010253459215164185,-0.04033464193344116
0.02247493714094162,0.01359790563583374,-0.03085273504257202
-0.003619696944952011,0.014729827642440796,-0.014044225215911865
-0.015422334894537926,0.019583523273468018,-0.00018107891082763672
0.025558270514011383,0.01753804087638855,0.038106322288513184
0.06890562921762466,0.0023390352725982666,0.06762611865997314
0.09322337806224823,-0.0062396228313446045,0.060653507709503174
0.09373059868812561,-0.014308035373687744,0.04684758186340332
0.1015465259552002,-0.02534353733062744,0.030170738697052002
0.10246872901916504,-0.032515496015548706,-0.004503607749938965
0.09237895160913467,-0.03543749451637268,-0.04335463047027588
0.08003656566143036,-0.04712769389152527,-0.08222007751464844
0.05426632612943649,-0.053300052881240845,-0.10223406553268433
0.0014603985473513603,-0.04551394283771515,-0.05862081050872803
-0.041665464639663696,-0.0286778062582016,-0.00033354759216308594
-0.058171916753053665,-0.00216008722782135,0.07415032386779785
-0.033445075154304504,-0.017171964049339294,0.08560013771057129
-8.679460734128952e-06,0.003888338804244995,0.09981226921081543
0.009919974021613598,0.0025147944688796997,0.13268494606018066
0.012789828702807426,0.0014884620904922485,0.15218466520309448
0.014497866854071617,-0.001306489109992981,0.17775952816009521
0.007116233929991722,-0.004860192537307739,0.195320725440979
-0.005234678275883198,-0.007743522524833679,0.1965242624282837
0.0026506949216127396,-0.014006875455379486,0.18180036544799805
0.03055340051651001,-0.015492163598537445,0.15185487270355225
0.0546962134540081,-0.005274713039398193,0.11494648456573486
0.060275446623563766,0.004115484654903412,0.07921862602233887
0.041955310851335526,0.006670497357845306,0.05545377731323242
0.010388156399130821,0.007390640676021576,0.03895598649978638
-0.0005718941101804376,-0.0017739608883857727,0.04176962375640869
0.004177449271082878,0.0029144808650016785,0.047460734844207764
0.00913502648472786,0.01902168244123459,0.05817633867263794
0.0023257313296198845,0.027060944586992264,0.0711098313331604
-0.008753362111747265,0.02792961150407791,0.08014655113220215
-0.012565171346068382,0.036601509898900986,0.08143150806427002
-0.007608088664710522,0.0374714657664299,0.07868838310241699
0.007933116517961025,0.025749733671545982,0.07653343677520752
0.035868920385837555,0.028140461072325706,0.06440401077270508
0.04996342211961746,0.04287366941571236,0.04500782489776611
0.035454072058200836,0.04750697687268257,0.0267905592918396
0.009943300858139992,0.0459655337035656,0.012492537498474121
-0.015236388891935349,0.047548405826091766,0.004302322864532471
-0.027543257921934128,0.04073159769177437,0.0012238025665283203
-0.02463260479271412,0.03643475100398064,-0.0005557537078857422
-0.01892060972750187,0.032311879098415375,-0.0032897591590881348
-0.011914394795894623,0.022167393937706947,-0.01147007942199707
0.001951899379491806,0.01787690259516239,-0.020128607749938965
0.01816307194530964,0.011130005121231079,-0.022497713565826416
0.03820435702800751,0.0012212172150611877,-0.014089703559875488
0.06413589417934418,0.03250330314040184,0.4014878273010254
0.021398529410362244,0.00886087492108345,0.3627971410751343
0.008989962749183178,0.012927858158946037,-0.04112732410430908
0.0503835529088974,0.005163518711924553,0.044893622398376465
0.052359625697135925,-0.036394745111465454,0.021553397178649902
0.049180105328559875,-0.03366769850254059,0.020873546600341797
0.038986049592494965,-0.03149544820189476,0.015972375869750977
0.030098900198936462,-0.02978060580790043,0.0144500732421875
0.026003677397966385,-0.014338521286845207,0.0027674436569213867
0.010230908170342445,-0.009587569162249565,0.0006541609764099121
-0.008757764473557472,-0.01557270810008049,0.001348733901977539
-0.002258787862956524,-0.09916666150093079,-0.02687680721282959
0.0813353881239891,-0.5670901536941528,-0.1356874704360962
0.6249035000801086,-0.3157206177711487,0.028751611709594727
0.4317903518676758,-0.20310792326927185,-0.030521154403686523
-0.13018865883350372,0.10485542565584183,0.20587897300720215
-0.24921229481697083,0.20893731713294983,0.018776118755340576
-0.3134899437427521,0.00732780434191227,-0.051647186279296875
-0.21168109774589539,-0.18132896721363068,0.0028072595596313477
0.004492685664445162,-0.28536370396614075,0.017253637313842773
0.01599573902785778,-0.40297627449035645,0.0022552013397216797
-0.42231425642967224,-0.45004063844680786,0.009517908096313477
-0.32641658186912537,-0.18011422455310822,-0.007770538330078125
-0.14512623846530914,-0.26451826095581055,0.0019948482513427734
-0.09574198722839355,-0.17836053669452667,-0.006886005401611328
-0.037258081138134,-0.08281446993350983,-0.001042008399963379
-0.019652439281344414,-0.04234479367733002,0.002894282341003418
0.006364887114614248,-0.008739152923226357,-0.003896355628967285
0.02345835417509079,0.04101303964853287,-0.0032101869583129883
0.06813319772481918,0.11687637120485306,-0.003347933292388916
0.07666792720556259,0.11444942653179169,-0.0002815723419189453
0.038103822618722916,0.10663639008998871,-0.005088508129119873
0.07658864557743073,0.11361495405435562,0.0004655122756958008
0.10575449466705322,0.13877800107002258,-0.0008774399757385254
0.08779346197843552,0.16084761917591095,-0.003197193145751953
0.03800522908568382,0.10521712154150009,-8.463859558105469e-05
-0.025766439735889435,0.05630512535572052,-0.002144753932952881
-0.05524851754307747,0.059081993997097015,-0.001839756965637207
-0.04020464047789574,0.05333281308412552,-0.0024198293685913086
0.018771477043628693,0.07457716763019562,0.00017398595809936523
0.06033255532383919,0.07663583755493164,-0.0022220611572265625
0.045897986739873886,0.07665741443634033,-0.003549814224243164
0.04701332747936249,0.10803639888763428,-0.00033032894134521484
0.05319148302078247,0.12455946207046509,-0.0020242929458618164
0.0423000305891037,0.11804528534412384,-0.0032758116722106934
0.050886597484350204,0.0890691801905632,-0.0012621283531188965
0.08034257590770721,0.0473179928958416,-0.0017812848091125488
0.0552406869828701,0.0045718043111264706,-0.0020409226417541504
-0.002831467892974615,0.09949342906475067,-0.0017516613006591797
0.06444987654685974,0.27770867943763733,-0.0022100210189819336
0.13311295211315155,0.41664573550224304,-0.0030802488327026367
0.07367531210184097,0.3259052038192749,-0.002103745937347412
-0.026856480166316032,0.11082635074853897,-0.004087209701538086
-0.06430307030677795,0.014036396518349648,-5.8650970458984375e-05
-0.041972629725933075,0.01317377295345068,0.006518125534057617
0.00418256176635623,0.0036352563183754683,0.0007203817367553711
-0.0016558123752474785,0.0046230461448431015,-0.007045626640319824
-0.0014195209369063377,0.002887208480387926,-0.003916740417480469
-0.002179989591240883,-0.0004836869193241,-0.0030460357666015625
-0.0018290868028998375,-0.0029632290825247765,-0.0033347010612487793
-0.000428167637437582,-0.0049230074509978294,-0.001395583152770996
0.0010467581450939178,-0.005871681030839682,0.0009551644325256348
0.0010203258134424686,-0.006195446476340294,0.0022987723350524902
-0.000160969328135252,-0.0052689192816615105,-0.007878363132476807
-0.0006514671258628368,-0.006676751188933849,-0.0001264810562133789
-0.0020805783569812775,-0.006991531699895859,0.0027425289154052734
-0.002361834514886141,-0.00848028901964426,-0.004535675048828125
-0.002168768085539341,-0.009266155771911144,-0.0037418603897094727
-0.003132492769509554,-0.009842881932854652,-0.0003542900085449219
-0.0021029007621109486,-0.008645908907055855,-0.0013763904571533203
-0.0005844645202159882,-0.005617197602987289,-0.0053282976150512695
0.0007046679966151714,-0.0028619165532290936,0.0006685256958007812
0.0010915650054812431,0.00040180154610425234,-0.0015132427215576172
0.0012487713247537613,0.002639312297105789,-0.004076600074768066
0.0012309551239013672,0.004050221294164658,-0.0023827552795410156
-0.0002514678053557873,0.0026320156175643206,-0.00027692317962646484
-0.0006147758103907108,-0.0013676058733835816,-0.002016425132751465
-0.0010980097576975822,-0.004356528166681528,-0.002580881118774414
-0.0022048805840313435,-0.006974868942052126,-0.00033777952194213867
-0.001995631493628025,-0.007930958643555641,-0.0014364123344421387
-0.002018359489738941,-0.007193281780928373,-0.002672433853149414
-0.0021104561164975166,-0.004888167604804039,-0.0016349554061889648
-0.0022106762044131756,-0.0036369513254612684,-0.0019401907920837402
-0.00266042398288846,-0.0021122500766068697,-0.002825140953063965
-0.0031561157666146755,-0.0006719890516251326,-0.0018333196640014648
-0.003272924106568098,-0.0009709186851978302,-0.002321481704711914
-0.00276402710005641,-0.0017700413009151816,-0.0018331408500671387
-0.003161385655403137,-0.0028993566520512104,-0.0015736818313598633
-0.002477840054780245,-0.003817486111074686,-0.0016500353813171387
-0.001051011960953474,-0.004333432763814926,-0.001268625259399414
0.000554853118956089,-0.004517309367656708,-0.0015890002250671387
0.0011643953621387482,-0.003600252326577902,-0.0017110109329223633
0.001313885673880577,-0.002827468328177929,-0.0020618438720703125
0.0008884603157639503,-0.0024310164153575897,-0.0018633604049682617
0.000817540567368269,-0.0031016466673463583,-0.002046346664428711
-0.0007730149663984776,-0.0038339539896696806,-0.00244295597076416
-0.002339079510420561,-0.0044211954809725285,-0.00209200382232666
-0.0031972513534128666,-0.0061056665144860744,-0.0009018778800964355
-0.00406675087288022,-0.006306678522378206,-0.002107381820678711
-0.002884854096919298,-0.005093746818602085,-0.002656698226928711
-0.0036997655406594276,-0.0037684128619730473,-0.0021074414253234863
-0.00232483446598053,-0.001633900566957891,-0.0016801953315734863
-0.0015913662500679493,0.00032408139668405056,-0.003053426742553711
-9.901495650410652e-05,0.0017765797674655914,-0.001817464828491211
-5.959393456578255e-05,0.0005648842779919505,-0.0008714199066162109
2.950383350253105e-05,-0.00011016812641173601,-0.0026262998580932617
0.0011326149106025696,-0.0031682816334068775,-0.0012832880020141602
0.0013763615861535072,-0.004843476228415966,-0.0006880760192871094
0.0002657044678926468,-0.006714486982673407,-0.0018935203552246094
-0.0013398905284702778,-0.006986897438764572,-0.0029768943786621094
-0.0014262800104916096,-0.006130799651145935,-0.0013289451599121094
-0.0017049959860742092,-0.005907455459237099,-0.0018628835678100586
-0.0026302901096642017,-0.004196943715214729,-0.0023969411849975586
-0.0030329586006700993,-0.002418301533907652,-0.0009169578552246094
-0.0025240834802389145,-0.0016609146259725094,-0.0023818016052246094
-0.0026682382449507713,-0.0008303058566525578,-0.0025497078895568848
-0.0019858754239976406,-0.0009408448822796345,-0.00253450870513916
-0.002725563943386078,-0.001491066301241517,-0.00209200382232666
-0.002466479316353798,-0.0005215752171352506,-0.00232088565826416
-0.0017608939670026302,-0.0013131065061315894,-0.00288546085357666
-0.0018847109749913216,-0.0017664876068010926,-0.0016952753067016602
-0.0013766949996352196,-0.002199974376708269,-0.0022292733192443848
-0.00014379806816577911,-0.00231212773360312,-0.0007641911506652832
0.0005399012006819248,-0.003083587856963277,-0.002152681350708008
0.0008091903291642666,-0.004113445989787579,-0.001877903938293457
-0.0003534010611474514,-0.0055244555696845055,-0.0016794204711914062
-0.0005205082707107067,-0.006155374925583601,-0.0019081830978393555
-0.0012455754913389683,-0.006448125932365656,-0.0025949478149414062
-0.0022746510803699493,-0.007268209476023912,-0.0023813247680664062
-0.0017011933960020542,-0.005569337867200375,-0.0022745132446289062
-0.0019648680463433266,-0.004121836274862289,-0.0030679702758789062
-0.0012987907975912094,-0.002154052257537842,-0.0009469389915466309
-0.0013928962871432304,-0.0012799507239833474,-0.0022593140602111816
-0.00048679206520318985,-0.0008079492254182696,-0.0018472671508789062
-0.00011969637125730515,0.00038368545938283205,-0.001328587532043457
-0.0010005072690546513,-5.2995397709310055e-05,-0.002061128616333008
-0.0013549784198403358,-0.0012206549290567636,-0.0015118122100830078
-0.0015853224322199821,-0.0009973800042644143,-0.0023509860038757324
-0.0013676034286618233,-0.002345181070268154,-0.002671360969543457
-0.0022459770552814007,-0.003606915008276701,-0.002061009407043457
-0.0033285734243690968,-0.003658460918813944,-0.002289891242980957
-0.0036776233464479446,-0.0038755727000534534,-0.0020151734352111816
-0.0031154914759099483,-0.003789283335208893,-0.0019388794898986816
-0.0030978205613791943,-0.004219836089760065,-0.001481175422668457
-0.0019181198440492153,-0.0037910589016973972,-0.0016186237335205078
-0.0012308843433856964,-0.003897546324878931,-0.0014050602912902832
-0.0006348844617605209,-0.003978612832725048,-0.002717316150665283
-0.0005366094410419464,-0.003700887318700552,-0.0016950368881225586
-0.00036712363362312317,-0.003953566309064627,-0.0014357566833496094
7.123872637748718e-05,-0.0029102079570293427,-0.0012984275817871094
0.00013340963050723076,-0.0029400275088846684,-0.0019698143005371094
0.0004914598539471626,-0.0021120188757777214,-0.0019394159317016602
0.0008229897357523441,-0.0012178709730505943,-0.00219881534576416
0.00014217616990208626,-0.002435103990137577,-0.0022904276847839355
-0.0003013717941939831,-0.0020011919550597668,-0.001664876937866211
-0.0007320549339056015,-0.002981994766741991,-0.0023365020751953125
-0.002169386949390173,-0.0034377998672425747,-0.0018025040626525879
-0.0029148822650313377,-0.0034732355270534754,-0.0013905167579650879
-0.003530038520693779,-0.004550951533019543,-0.0015125870704650879
-0.0033422796986997128,-0.00324309547431767,-0.0026721954345703125
-0.003351071383804083,-0.0028425767086446285,-0.0010700821876525879
-0.0029011070728302,-0.0035437631886452436,-0.0022755861282348633
-0.0031208153814077377,-0.002883435459807515,-0.0014973282814025879
-0.0024591046385467052,-0.0023405812680721283,-0.0023212432861328125
-0.0016524018719792366,-0.002096099080517888,-0.002733290195465088
0.00012521445751190186,-0.0028343985322862864,-0.002443373203277588
0.0004525585100054741,-0.003031691536307335,-0.0020771026611328125
0.0010504587553441525,-0.003463681088760495,-0.0027484893798828125
0.0012518181465566158,-0.0035851341672241688,-0.0020006895065307617
0.0008072825148701668,-0.003335239365696907,-0.002870321273803711
-0.0010030921548604965,-0.0037064654752612114,-0.002839803695678711
-0.0009744195267558098,-0.0036547149065881968,-0.0026567578315734863
-0.0018680584616959095,-0.0036844711285084486,-0.003038167953491211
-0.0028956206515431404,-0.002713519847020507,-0.0013900995254516602
-0.0034408760257065296,-0.002117822179570794,-0.0016190409660339355
-0.002929652575403452,-0.0019626235589385033,-0.0019091367721557617
-0.0032979859970510006,-0.0017967873718589544,-0.0021228790283203125
-0.002238280139863491,-0.002741782460361719,-0.0018025040626525879
-0.0009471513330936432,-0.002404231810942292,-0.0018178224563598633
-0.0020309840328991413,-0.0029134992510080338,-0.0022451281547546387
4.39891591668129e-05,-0.0028135450556874275,-0.001970648765563965
-8.952245116233826e-05,-0.002425826620310545,-0.002153754234313965
0.00042041391134262085,-0.002687911270186305,-0.0016959905624389648
0.00021964451298117638,-0.002116576535627246,-0.0019096136093139648
-0.00025563593953847885,-0.002968334127217531,-0.002336859703063965
-0.0015202723443508148,-0.0030678785406053066,-0.002352118492126465
-0.0014035929925739765,-0.0029769616667181253,-0.0014367103576660156
-0.0018521822057664394,-0.003249136731028557,-0.0018335580825805664
-0.0028690635226666927,-0.0034533822908997536,-0.002489745616912842
-0.0022733272053301334,-0.0036743497475981712,-0.0014979839324951172
-0.00251922570168972,-0.003941925708204508,-0.0020932555198669434
-0.0024517159909009933,-0.002418776974081993,-0.0031919479370117188
-0.00252698827534914,-0.0012910794466733932,-0.0013151764869689941
-0.0014514676295220852,-0.0020039337687194347,-0.0018491744995117188
-0.0021915240213274956,-0.00231362646445632,-0.0014981627464294434
-0.0013697505928575993,-0.0024641109630465508,-0.0017119050025939941
-0.0012066224589943886,-0.0027752863243222237,-0.002597212791442871
-0.0012092413380742073,-0.0028495488222688437,-0.0014529228210449219
0.00042126327753067017,-0.003264287719503045,-0.002048015594482422
0.00021488498896360397,-0.0032055589836090803,-0.0023989081382751465
-0.00015524914488196373,-0.0034968960098922253,-0.0019869208335876465
0.0002766442485153675,-0.003143425565212965,-0.0015140175819396973
-0.0004597017541527748,-0.0025436817668378353,-0.0017122626304626465
-0.0014952784404158592,-0.0028647994622588158,-0.001635909080505371
-0.001129684504121542,-0.004665462765842676,-0.001895308494567871
-0.0022350200451910496,-0.004016663413494825,-0.002810955047607422
-0.002228432334959507,-0.004158331546932459,-0.0017580986022949219
-0.0021227034740149975,-0.0037031497340649366,-0.001636207103729248
-0.0019193855114281178,-0.002922649960964918,-0.0025823116302490234
-0.0022948142141103745,-0.0022274567745625973,-0.002505958080291748
-0.0019463710486888885,-0.0019055654993280768,-0.0016820430755615234
-0.000106841791421175,-0.001753864111378789,-0.0018957257270812988
-0.0012631886638700962,-0.001394971739500761,-0.0016211271286010742
-0.00040394486859440804,-0.002309405244886875,-0.0015447735786437988
-0.001197541132569313,-0.002981474157422781,-0.001987278461456299
-0.0011714096181094646,-0.0035855199676007032,-0.003009617328643799
-0.0014329724945127964,-0.0034377030096948147,-0.0014684796333312988
-0.0016154106706380844,-0.003795202821493149,-0.0017278790473937988
-0.0013979403302073479,-0.003937494475394487,-0.0015904903411865234
-0.002118461299687624,-0.0028762994334101677,-0.0019261837005615234
-0.0007162350229918957,-0.003227420849725604,-0.0017889738082885742
-0.001208541914820671,-0.002685104962438345,-0.0023840665817260742
-0.001401558518409729,-0.003045434597879648,-0.001789093017578125
-0.0009985333308577538,-0.0028507267124950886,-0.001514434814453125
-0.0008524386212229729,-0.0023910710588097572,-0.002872467041015625
6.080185994505882e-05,-0.002804785966873169,-0.0020943880081176758
-0.0011021378450095654,-0.003046439029276371,-0.0022774934768676758
-0.00045160483568906784,-0.00262834457680583,-0.0027506351470947266
-0.00181093392893672,-0.0019597713835537434,-0.0019266009330749512
-0.0018036402761936188,-0.0022031632252037525,-0.001407921314239502
-0.0006997277960181236,-0.0015590445837005973,-0.0023235082626342773
-0.001902143470942974,-0.0023855254985392094,-0.0012554526329040527
-0.0020011449232697487,-0.0025399390142410994,-0.0018353462219238281
-0.0010911216959357262,-0.0031540486961603165,-0.001438736915588379
-0.001585845835506916,-0.00336523842997849,-0.0027510523796081543
-0.0023099142126739025,-0.003475806675851345,-0.0022170543670654297
-0.0022967150434851646,-0.003312013577669859,-0.0016220808029174805
-0.0016658143140375614,-0.0025199558585882187,-0.0031479597091674805
-0.002137997653335333,-0.002646284643560648,-0.0009353160858154297
-0.0014853784814476967,-0.002991506364196539,-0.0011947154998779297
-0.0005735964514315128,-0.002030158881098032,-0.0017440319061279297
-0.0011621033772826195,-0.002225822303444147,-0.0025069713592529297
0.0002779662609100342,-0.001911200932227075,-0.0017287731170654297
0.0002820529043674469,-0.0019746492616832256,-0.0024764537811279297
0.00040875980630517006,-0.0020934599451720715,-0.0010421276092529297
-0.0010235188528895378,-0.0026350875850766897,-0.0016525983810424805
-0.0014522369019687176,-0.002972367452457547,-0.0019273757934570312
-0.0012812078930437565,-0.0027479403652250767,-0.002476632595062256
-0.0020059915259480476,-0.0029441756196320057,-0.0018815994262695312
-0.0020759403705596924,-0.0029669618234038353,-0.001805424690246582
-0.0018302332609891891,-0.003693294245749712,-0.001607060432434082
-0.0018475777469575405,-0.0031717699021101,-0.0015612244606018066
-0.002379009034484625,-0.003597747068852186,-0.0012409090995788574
-0.0012424122542142868,-0.0034365220926702023,-0.001973271369934082
-0.0012618210166692734,-0.0029183882288634777,-0.002308964729309082
-0.0014148950576782227,-0.0035530799068510532,-0.0022632479667663574
-0.0014364523813128471,-0.0028191162273287773,-0.0028583407402038574
-0.0005658166483044624,-0.00345752015709877,-0.002476811408996582
-0.0005140104331076145,-0.00276181660592556,-0.002904057502746582
-0.0013430733233690262,-0.002833872800692916,-0.002247929573059082
-0.0009122435003519058,-0.0021059121936559677,-0.002232789993286133
-0.001094672828912735,-0.00212243665009737,-0.0018208026885986328
-0.0013576773926615715,-0.0023804460652172565,-0.002369999885559082
-0.0012873928062617779,-0.002950846217572689,-0.002476811408996582
-0.0017158626578748226,-0.0032375864684581757,-0.0020801424980163574
-0.002060058992356062,-0.0026562423445284367,-0.0019276738166809082
-0.0015237098559737206,-0.002219651360064745,-0.002980530261993408
-0.001970924437046051,-0.0029828441329300404,-0.002827882766723633
-0.0019301054999232292,-0.002700015902519226,-0.0016682147979736328
-0.001653327140957117,-0.0024225302040576935,-0.0018055438995361328
-0.0012025362811982632,-0.002387958811596036,-0.002248048782348633
-0.0012408182956278324,-0.001634671469219029,-0.0014088153839111328
-0.0009209723211824894,-0.002104137558490038,-0.002110719680786133
-0.00020978273823857307,-0.0023940508253872395,-0.0018055438995361328
0.0004900279454886913,-0.002718307077884674,-0.0009357929229736328
3.117229789495468e-05,-0.002683761529624462,-0.002598881721496582
-0.0007520513609051704,-0.0026984764263033867,-0.002202153205871582
-0.000780145637691021,-0.0031260596588253975,-0.001240849494934082
-0.0013461438938975334,-0.002638893900439143,-0.0015459656715393066
-0.0010611065663397312,-0.0034906133078038692,-0.0020647644996643066
-0.0027333488687872887,-0.00290607288479805,-0.0019578933715820312
-0.0027647814713418484,-0.0035573977511376143,-0.0028886795043945312
-0.0018860041163861752,-0.003029090818017721,-0.0020799636840820312
-0.002431575208902359,-0.0029126987792551517,-0.0019730329513549805
-0.003292583394795656,-0.0036792405880987644,-0.0009506940841674805
-0.0012672143056988716,-0.002899338025599718,-0.002430558204650879
-0.0010535619221627712,-0.0032215253449976444,-0.0019267797470092773
-0.0016247131861746311,-0.0023768176324665546,-0.0022927522659301758
-0.0007456573657691479,-0.0021126545034348965,-0.0013005733489990234
-0.0002611139789223671,-0.002240533474832773,-0.0019866228103637695
-0.0005194740369915962,-0.0023829247802495956,-0.002657294273376465
-0.0008837687782943249,-0.0022989963181316853,-0.0024279356002807617
-0.00038126856088638306,-0.0021106593776494265,-0.0006729364395141602
-8.183112367987633e-05,-0.0018847292521968484,0.0001817941665649414
7.26841390132904e-05,-0.002073028590530157,-0.002000093460083008
-0.0013159671798348427,-0.002970293164253235,-0.002824068069458008
-0.0022780359722673893,-0.003333712462335825,-0.000870823860168457
-0.002795611973851919,-0.003293565008789301,-0.0030983686447143555
-0.0023861615918576717,-0.0036086938343942165,-0.0029915571212768555
-0.0025628688745200634,-0.002809897530823946,-0.0014350414276123047
-0.0019944109953939915,-0.0031807529740035534,-0.0011143684387207031
-0.0017327526584267616,-0.003738841973245144,-0.002335071563720703
-0.0005980124697089195,-0.004134995862841606,-0.002716541290283203
-0.0010483888909220695,-0.00318334624171257,-0.0024265050888061523
-0.0003187316469848156,-0.002738150767982006,-0.0022127628326416016
-0.0007128757424652576,-0.002357908058911562,-0.003494441509246826
-0.0010132757015526295,-0.0018250963184982538,-0.000931084156036377
-0.0002575651742517948,-0.0006711562164127827,-0.0036014318466186523
-0.0006317929364740849,-0.0008243031334131956,-0.0014803409576416016
-0.00046747922897338867,-0.0008329532574862242,-0.0007783174514770508
-0.000964287668466568,-0.0014472322072833776,0.000152587890625
-0.0010697431862354279,-0.0028989342972636223,-0.0032196044921875
-0.0011651646345853806,-0.004914357326924801,-0.0013731718063354492
-0.002143289428204298,-0.0025560485664755106,-0.0021516084671020508
0.02966095507144928,0.21529653668403625,-0.005020737648010254
0.0054466500878334045,0.39868441224098206,0.007414877414703369
-0.07595653831958771,0.26699942350387573,-0.0006417632102966309
-0.02669333666563034,0.23870247602462769,-0.004548192024230957
0.03416934981942177,0.22519512474536896,-0.0012220144271850586
0.052884507924318314,0.1882713884115219,0.0008376836776733398
0.08773184567689896,0.1672011911869049,-0.0017567873001098633
0.08992085605859756,0.1423003226518631,-0.0009638071060180664
0.0576917789876461,0.15476255118846893,8.869171142578125e-05
0.09974818676710129,0.1538161039352417,-0.002368330955505371
0.13782961666584015,0.09986460208892822,-0.003497481346130371
0.10557903349399567,0.06637315452098846,-0.00015604496002197266
0.1356075406074524,0.006685582920908928,-0.0013312101364135742
0.10420486330986023,0.008628270588815212,-0.0002785921096801758
0.08416156470775604,0.04725935682654381,-0.007831931114196777
0.060616668313741684,0.1207810714840889,0.0020555853843688965
0.08980925381183624,0.24212391674518585,-0.0032241344451904297
0.13493452966213226,0.2931039035320282,-0.0002338886260986328
0.14102120697498322,0.2626418173313141,-0.0018818378448486328
0.11503859609365463,0.2303231805562973,-0.001072704792022705
0.10267715156078339,0.25125575065612793,-0.0034984350204467773
0.06404262781143188,0.19745026528835297,-0.002857387065887451
-0.0006548254750669003,0.11271113902330399,0.0007287263870239258
-0.08970705419778824,-0.037518952041864395,-0.0013920068740844727
-0.17331625521183014,-0.16887424886226654,-0.004443049430847168
-0.2084476202726364,-0.22031688690185547,-0.0020163655281066895
-0.20814551413059235,-0.21339300274848938,-0.0030534863471984863
-0.17405034601688385,-0.14969825744628906,-0.004502534866333008
-0.13109521567821503,-0.07767130434513092,-0.0020912885665893555
-0.09309140592813492,-0.02069368027150631,-0.002762138843536377
-0.044590968638658524,0.020290441811084747,-0.002258777618408203
0.002847831230610609,0.019522354006767273,0.0001825094223022461
0.03124420903623104,0.004859006032347679,-0.0028078556060791016
0.03794468566775322,-0.003795404452830553,-0.003020942211151123
0.03864438831806183,-0.048384662717580795,0.002367734909057617
0.05933137610554695,-0.13440845906734467,0.021204590797424316
0.0654456615447998,-0.11599314957857132,-0.04616439342498779
0.029255932196974754,-0.24303792417049408,0.009036839008331299
-0.048382218927145004,-0.2700742185115814,0.010241091251373291
-0.6948362588882446,-0.45422524213790894,-0.007262289524078369
-1.3249847888946533,-0.9559810757637024,-0.0019108057022094727
-0.2590121626853943,-0.3264383375644684,0.0008004307746887207
0.18860988318920135,0.180013507604599,-0.0050078630447387695
0.14931482076644897,-0.11285179853439331,0.18141090869903564
0.21743260324001312,-0.19292965531349182,0.35042595863342285
0.2232150435447693,-0.04170151799917221,0.4256305694580078
0.3234429359436035,-0.03298640623688698,0.5178196430206299
0.4446449875831604,-0.07948266714811325,0.7798559665679932
0.4673716127872467,-0.019505813717842102,0.849969744682312
0.3591384291648865,0.059684187173843384,0.7148762941360474
0.1510421633720398,0.08558402955532074,0.5188357830047607
0.0012442320585250854,0.07607433199882507,0.35170531272888184
-0.014478728175163269,0.059338778257369995,0.2711828351020813
0.049376413226127625,0.047201186418533325,0.2595517635345459
0.11739106476306915,0.041235536336898804,0.24297672510147095
0.14040519297122955,0.04316017031669617,0.1973174810409546
0.11009262502193451,0.061356544494628906,0.11669832468032837
0.09115186333656311,0.054179370403289795,0.0187644362449646
0.04850035905838013,0.05316132307052612,-0.03143489360809326
0.005881220102310181,0.09307068586349487,-0.04363751411437988
4.220008850097656e-05,0.11274135112762451,-0.04626995325088501
0.017717093229293823,0.054607272148132324,-0.06118476390838623
-0.0278531014919281,0.04612940549850464,-0.08285462856292725
-0.08786560595035553,0.11556845903396606,-0.11355555057525635
-0.13472484052181244,0.15489059686660767,-0.14242315292358398
-0.1367378532886505,0.15795302391052246,-0.15528297424316406
-0.14453554153442383,0.13819509744644165,-0.1456354260444641
-0.15048472583293915,0.15118587017059326,-0.14685434103012085
-0.1345137059688568,0.19308817386627197,-0.1612592339515686
-0.16519573330879211,0.19011175632476807,-0.17487233877182007
-0.13397812843322754,0.21220248937606812,-0.1933702826499939
-0.08551210165023804,0.2246030569076538,-0.1981564164161682
-0.07679381966590881,0.19977986812591553,-0.18106186389923096
-0.0909031480550766,0.17028987407684326,-0.1684269905090332
-0.11873486638069153,0.16175228357315063,-0.1677364706993103
-0.12582188844680786,0.1599329710006714,-0.16233700513839722
-0.1190837174654007,0.14609473943710327,-0.15242153406143188
-0.1213483214378357,0.11952108144760132,-0.15390968322753906
-0.12654384970664978,0.08898240327835083,-0.1622467041015625
-0.1276923269033432,0.06801235675811768,-0.16451269388198853
-0.1122695654630661,0.04858177900314331,-0.1551705002784729
-0.08448931574821472,0.024097025394439697,-0.12930196523666382
-0.0551912784576416,0.0032648444175720215,-0.10346239805221558
-0.060197025537490845,-2.014636993408203e-05,-0.0964728593826294
-0.07384742796421051,0.0018366575241088867,-0.09196889400482178
-0.07395100593566895,0.0006029009819030762,-0.08296757936477661
-0.07274225354194641,-0.0008031129837036133,-0.07484710216522217
-0.06098020076751709,0.0012642145156860352,-0.06746941804885864
-0.04851877689361572,0.009794533252716064,-0.06282025575637817
-0.04914103448390961,0.015751361846923828,-0.06529408693313599
-0.048595741391181946,0.020779907703399658,-0.0721973180770874
-0.051479846239089966,0.02785414457321167,-0.0731695294380188
-0.04287439584732056,0.03468567132949829,-0.0666579008102417
-0.013209939002990723,0.035058796405792236,-0.051610708236694336
-0.003203853964805603,0.029933512210845947,-0.04343914985656738
-0.0031469613313674927,0.02788519859313965,-0.044547080993652344
-0.002705499529838562,0.022979557514190674,-0.04997819662094116
-0.007944688200950623,0.017617523670196533,-0.06152009963989258
-0.014774948358535767,0.01559537649154663,-0.0661386251449585
-0.01999056339263916,0.014035522937774658,-0.0655832290649414
-0.019119814038276672,0.012104690074920654,-0.057773053646087646
-0.01332959532737732,0.0064675211906433105,-0.043338239192962646
-0.01296737790107727,0.0031949877738952637,-0.028273820877075195
-0.020194724202156067,0.0037862062454223633,-0.018100976943969727
-0.023241370916366577,0.004112064838409424,-0.007240712642669678
-0.018926650285720825,0.00014418363571166992,0.009736239910125732
-0.009360536932945251,-0.0028219223022460938,0.017872154712677002
-0.002332329750061035,0.00041103363037109375,0.02143949270248413
0.0017457306385040283,0.004664421081542969,0.020209014415740967
0.006478533148765564,0.007222294807434082,0.018353939056396484
-0.0007334351539611816,0.011445581912994385,0.012917101383209229
-0.009507253766059875,0.02010399103164673,0.006903886795043945
-0.01433473825454712,0.022414565086364746,0.0036453604698181152
-0.016630008816719055,0.02435547113418579,0.005461513996124268
-0.01709887385368347,0.028672456741333008,0.013733983039855957
-0.024220749735832214,0.031017303466796875,0.02788609266281128
-0.02834460139274597,0.03139013051986694,0.03975319862365723
-0.026031047105789185,0.03125333786010742,0.042123258113861084
-0.030467331409454346,0.02752363681793213,0.03914964199066162
-0.040560632944107056,0.021714389324188232,0.030922293663024902
-0.05421479046344757,0.016041815280914307,0.019640862941741943
-0.06469666957855225,0.011002600193023682,0.009330928325653076
-0.064642533659935,0.007927477359771729,0.004471957683563232
-0.057651832699775696,0.005466759204864502,0.002285182476043701
-0.05553436279296875,0.006071209907531738,0.009003758430480957
-0.04874797165393829,0.0075792670249938965,0.02280104160308838
-0.042796820402145386,0.007131993770599365,0.04169321060180664
-0.03395603597164154,0.005482077598571777,0.05578494071960449
-0.025303706526756287,0.005434155464172363,0.06493985652923584
-0.019430622458457947,0.008377254009246826,0.06949925422668457
-0.012573301792144775,0.01035928726196289,0.06788033246994019
0.0007859468460083008,0.013250112533569336,0.06623256206512451
0.027323812246322632,0.016667425632476807,0.06584930419921875
0.04656907916069031,0.01877206563949585,0.05645895004272461
0.044131308794021606,0.021248698234558105,0.03856933116912842
0.038572341203689575,0.023546695709228516,0.016595125198364258
0.0396062433719635,0.02535879611968994,-0.0015501976013183594
0.03569720685482025,0.02678048610687256,-0.0103873610496521
0.033535316586494446,0.028350114822387695,-0.012262701988220215
0.03109721839427948,0.027994751930236816,-0.004594206809997559
0.02499993145465851,0.026574552059173584,0.006341993808746338
0.024129077792167664,0.021937131881713867,0.009349167346954346
0.03370806574821472,0.015071630477905273,0.009010732173919678
0.037076354026794434,0.007724881172180176,0.004179954528808594
0.029636472463607788,-0.0012539029121398926,-0.0010410547256469727
0.028447017073631287,-0.006072819232940674,0.0013632774353027344
0.026461422443389893,-0.007287025451660156,0.004386603832244873
0.01755644381046295,-0.00961923599243164,0.0027109384536743164
0.010949239134788513,-0.012703180313110352,0.0029720664024353027
0.00560373067855835,-0.018625974655151367,-0.004731655120849609
0.0027499794960021973,-0.024190425872802734,-0.01891613006591797
0.003985404968261719,-0.027918636798858643,-0.028915226459503174
0.009645640850067139,-0.029658854007720947,-0.02717447280883789
0.013900354504585266,-0.027734339237213135,-0.02001667022705078
0.015610918402671814,-0.02035433053970337,-0.007982969284057617
0.013016611337661743,-0.015501558780670166,0.012115776538848877
0.008318409323692322,-0.008524119853973389,0.02881300449371338
-0.0030888766050338745,-0.0017973780632019043,0.03705477714538574
-0.012238964438438416,-0.0009232163429260254,0.032897114753723145
-0.014309033751487732,-0.001095116138458252,0.028253614902496338
-0.003378137946128845,-0.0018813610076904297,0.02315300703048706
0.01196412742137909,-0.004523038864135742,0.016154944896697998
0.015690132975578308,-0.007009565830230713,0.006754577159881592
0.011884912848472595,-0.003884553909301758,0.0021012425422668457
0.005690187215805054,0.001501619815826416,0.001553654670715332
0.00016461312770843506,0.005287289619445801,9.72747802734375e-05
0.008419007062911987,0.0035272836685180664,0.00042307376861572266
0.018368199467658997,0.00039005279541015625,-0.0026757121086120605
0.017473503947257996,-0.0033318400382995605,-0.0096970796585083
0.013886526226997375,-0.0011663436889648438,-0.012950301170349121
0.01035425066947937,0.0009330511093139648,-0.009321451187133789
0.010481506586074829,-0.0008022785186767578,-0.0039133429527282715
0.012117967009544373,-0.0026747584342956543,0.0008271932601928711
0.01258520781993866,-0.003028571605682373,0.0014646053314208984
0.014886289834976196,-0.004612743854522705,0.0007416009902954102
0.013784274458885193,-0.009138286113739014,-0.005997180938720703
0.005743756890296936,-0.008899033069610596,-0.01560288667678833
-0.0023146867752075195,-0.008526027202606201,-0.02375715970993042
-0.005309760570526123,-0.009822309017181396,-0.02876943349838257
-0.00429399311542511,-0.00993955135345459,-0.028949379920959473
-0.0019067078828811646,-0.006313681602478027,-0.028720617294311523
-0.007339879870414734,-0.0025606155395507812,-0.02734905481338501
-0.012892201542854309,-0.0015522241592407227,-0.015310108661651611
-0.021054476499557495,0.0012968778610229492,-0.011960387229919434
-0.030781298875808716,0.009086012840270996,-0.009185850620269775
-0.02620193362236023,0.011558115482330322,0.0011039376258850098
-0.009024068713188171,0.010672271251678467,0.01213526725769043
0.0012377947568893433,0.012270629405975342,0.02014744281768799
0.0003220289945602417,0.015975236892700195,0.03133964538574219
-0.00347079336643219,0.018267393112182617,0.0432056188583374
-0.01447594165802002,0.019566714763641357,0.05307936668395996
-0.023177430033683777,0.018746912479400635,0.06341111660003662
-0.02328650653362274,0.01997917890548706,0.07292020320892334
-0.020823821425437927,0.02342092990875244,0.06810534000396729
-0.00046071410179138184,0.02345132827758789,0.05823439359664917
0.008370935916900635,0.02310633659362793,0.05695688724517822
0.0026748180389404297,0.02075427770614624,0.057315707206726074
-0.00205819308757782,0.023843824863433838,0.0803518295288086
-0.020556285977363586,0.02852654457092285,0.21734774112701416
0.12464448809623718,0.05798381567001343,-0.4224081039428711
0.23898530006408691,-0.27306097745895386,-0.7819509506225586
0.21390488743782043,-0.27986544370651245,-0.394481897354126
0.10056371986865997,0.08238232135772705,-0.08814829587936401
-0.1534968465566635,0.05821484327316284,0.10042297840118408
-0.180617094039917,0.03321009874343872,0.1581745147705078
-0.0611996054649353,0.03038477897644043,0.15238863229751587
-0.0008367002010345459,0.041708528995513916,0.10415780544281006
0.006298422813415527,0.043411433696746826,0.03566336631774902
-0.0032825767993927,0.033553481101989746,0.004167377948760986
-0.009948238730430603,0.028769254684448242,0.002239227294921875
-0.023599833250045776,0.02355104684829712,-0.015655040740966797
-0.04948534071445465,0.02487272024154663,-0.03485363721847534
-0.05846436321735382,0.019637346267700195,-0.03631860017776489
-0.060865312814712524,0.012557387351989746,-0.026798486709594727
-0.06164558231830597,0.010010957717895508,-0.013974905014038086
-0.05749945342540741,0.008902013301849365,0.00038373470306396484
-0.04752744734287262,0.017232239246368408,0.013640761375427246
-0.0391867458820343,0.022561728954315186,0.024795830249786377
-0.02547559142112732,0.024893581867218018,0.03010714054107666
-0.0012872964143753052,0.034207701683044434,0.04459118843078613
-0.016414880752563477,0.02233731746673584,0.02907085418701172
-0.03620372712612152,0.018623411655426025,-0.00410228967666626
-0.04424542188644409,0.029768943786621094,-0.028646767139434814
-0.052077487111091614,0.026937484741210938,-0.04807239770889282
-0.05017051100730896,0.011693894863128662,-0.08405053615570068
-0.05246917903423309,0.014348804950714111,-0.09964168071746826
-0.06742033362388611,0.02733510732650757,-0.12003982067108154
-0.07792051136493683,0.032622337341308594,-0.14124953746795654
-0.08845852315425873,0.043120503425598145,-0.15678328275680542
-0.0752921849489212,0.04968911409378052,-0.18621867895126343
-0.07579216361045837,0.05822896957397461,-0.2049158811569214
-0.07433955371379852,0.07634562253952026,-0.21551251411437988
-0.08681449294090271,0.08754175901412964,-0.21767926216125488
-0.11252743005752563,0.09348011016845703,-0.21454036235809326
-0.13313966989517212,0.11492013931274414,-0.21203047037124634
-0.13726286590099335,0.15092068910598755,-0.20508646965026855
-0.12471163272857666,0.16128897666931152,-0.16658776998519897
-0.1426449865102768,0.1142963171005249,-0.10226482152938843
-0.15597617626190186,0.08670353889465332,-0.08550721406936646
-0.10670214891433716,0.03436654806137085,-0.04772526025772095
-0.03865259885787964,0.012414813041687012,0.02690941095352173
-0.0027173906564712524,0.046378761529922485,0.1405646800994873
-0.0450725257396698,0.0031683743000030518,0.26826977729797363
-0.012940675020217896,-0.03179168701171875,0.27366334199905396
0.06796854734420776,-0.07024955749511719,0.10353100299835205
0.15593907237052917,-0.14225992560386658,-0.06533312797546387
0.1320413053035736,-0.1482575535774231,-0.07646703720092773
0.13456274569034576,-0.12766993045806885,-0.034287095069885254
0.12381766736507416,-0.10140711069107056,0.05678838491439819
0.10016968846321106,-0.05583316087722778,0.11443781852722168
0.08688338100910187,-0.04674974083900452,0.13798803091049194
0.04986514151096344,-0.04016846418380737,0.13132524490356445
-0.015910163521766663,-0.03591954708099365,0.10351192951202393
-0.0727090835571289,-0.03783169388771057,0.04590809345245361
-0.08175510168075562,-0.04303506016731262,-0.05005371570587158
-0.03912477195262909,-0.05307495594024658,-0.14335936307907104
0.014588043093681335,-0.061584293842315674,-0.17728102207183838
0.046587973833084106,-0.058439940214157104,-0.16419529914855957
0.06418976187705994,-0.04830896854400635,-0.12184131145477295
0.07992368191480637,-0.02249404788017273,-0.06970489025115967
0.05525524169206619,-0.001477658748626709,-0.01818549633026123
0.034387439489364624,0.008275091648101807,0.01823437213897705
0.02041689306497574,0.014722555875778198,0.02548748254776001
0.013378739356994629,0.02863025665283203,0.012796342372894287
0.0021616965532302856,0.0396827757358551,0.00837242603302002
-0.009459532797336578,0.02379162609577179,0.009525299072265625
0.011859573423862457,-0.021406471729278564,0.0031473636627197266
0.01914333552122116,-0.03769218921661377,-0.016291797161102295
0.02645476907491684,0.003448501229286194,-0.031305134296417236
0.07349429279565811,-0.0020809322595596313,-0.04871779680252075
0.06821569800376892,-0.009808450937271118,-0.019920051097869873
0.044233646243810654,-0.01583695411682129,0.02628791332244873
0.026121895760297775,-0.005463629961013794,0.0692906379699707
0.004785869270563126,0.02289380133152008,0.11745321750640869
0.0032346732914447784,0.027979545295238495,0.1677945852279663
0.007956154644489288,0.030597612261772156,0.1993420124053955
0.010478153824806213,0.03223070502281189,0.19858801364898682
0.02073870599269867,0.02339315414428711,0.16870200634002686
0.02928696759045124,0.010534919798374176,0.1414417028427124
0.04016408324241638,-0.00151129812002182,0.10981309413909912
0.05282566696405411,-0.008359745144844055,0.08575785160064697
0.05632300302386284,-0.022012285888195038,0.07863444089889526
0.05084792524576187,-0.034400761127471924,0.06639033555984497
0.03953709453344345,-0.027519050985574722,0.05048954486846924
0.020754849538207054,-0.009371627122163773,0.04868823289871216
0.011398172937333584,-0.008581288158893585,0.056505560874938965
0.03060288541018963,-0.01952916756272316,0.060302138328552246
0.05097983777523041,-0.019158806651830673,0.029378890991210938
0.10909508168697357,0.000324394553899765,-0.22693943977355957
0.1401386857032776,0.010386491194367409,-0.39727842807769775
-0.0014874543994665146,-0.03997988998889923,-0.13561475276947021
-0.032481368631124496,-0.1214698851108551,-0.028160810470581055
0.0323600247502327,-0.09133504331111908,-0.057610154151916504
0.043564554303884506,-0.017967741936445236,-0.06479537487030029
-0.042113494127988815,0.11554908752441406,0.7539564371109009
-0.03721766173839569,0.008167196065187454,0.007240593433380127
-0.016140896826982498,0.02482941746711731,-0.015076518058776855
0.005693148821592331,-0.0019342992454767227,0.034154534339904785
0.013988538645207882,-0.02590760588645935,0.06145763397216797
0.041635677218437195,-0.017870794981718063,0.0036047697067260742
0.03685477375984192,-0.02604397013783455,-0.003215014934539795
0.02536371909081936,-0.05470579117536545,-0.023549437522888184
0.017211847007274628,-0.08576063811779022,-0.02855074405670166
-0.004497564863413572,-0.1993304044008255,-0.021933317184448242
-0.18711310625076294,-0.32150253653526306,0.18275022506713867
-0.21653036773204803,-0.19943846762180328,0.07618594169616699
-0.14553870260715485,-0.20261302590370178,-0.07826626300811768
-0.14602340757846832,-0.24844162166118622,-0.02197253704071045
-0.1688695102930069,-0.43567776679992676,0.03059142827987671
-0.14831452071666718,-0.30862292647361755,-0.0019399523735046387
-0.15278391540050507,-0.22342893481254578,-0.002230048179626465
-0.08400054275989532,-0.21896691620349884,-0.008073925971984863
-0.021441398188471794,-0.21197368204593658,0.008069515228271484
-0.034466180950403214,-0.22342197597026825,-0.011263728141784668
-0.027748530730605125,-0.2238796204328537,-0.0011169910430908203
-0.03360766917467117,-0.1819010227918625,0.0019040107727050781
-0.04363034665584564,-0.11394453048706055,-0.0025823116302490234
-0.059828296303749084,-0.04534098133444786,-0.005161404609680176
-0.08506710827350616,0.033472541719675064,0.0004993677139282227
-0.060496486723423004,0.06584104150533676,0.00014829635620117188
-0.03278939053416252,0.07735627889633179,-0.009846389293670654
-0.023227950558066368,0.07899699360132217,0.0024366378784179688
-0.014170615002512932,0.07457726448774338,-0.0038803815841674805
0.013004227541387081,0.08939870446920395,-0.00520777702331543
0.02194591611623764,0.14249646663665771,-0.0009653568267822266
0.009423734620213509,0.19860154390335083,0.0018885135650634766
0.019841566681861877,0.22992420196533203,-0.003558516502380371
0.05297108739614487,0.22975635528564453,-0.0011779069900512695
0.08341685682535172,0.2713250517845154,-0.001421809196472168
0.11967397481203079,0.26932910084724426,-0.0002925395965576172
0.16788806021213531,0.229877769947052,-0.0019098520278930664
0.1378050148487091,0.21326622366905212,-0.0005820989608764648
0.04310571774840355,0.21394675970077515,0.0015085339546203613
-0.007222708314657211,0.2595612406730652,-0.001833200454711914
0.0076209781691432,0.5344058275222778,-0.000963747501373291
0.19504645466804504,0.49722161889076233,-0.000826418399810791
0.24196799099445343,0.3142428994178772,0.00019609928131103516
0.07351386547088623,0.24180260300636292,0.0015849471092224121
-0.08195961266756058,0.130195751786232,-0.0018326044082641602
-0.1476503610610962,-0.009652554988861084,-0.0015119314193725586
-0.04574236646294594,0.021830476820468903,-0.003876805305480957
0.019295794889330864,0.010132239200174809,-0.0016031265258789062
0.005741836503148079,-0.0563785582780838,-0.0021524429321289062
-0.0101600531488657,0.0015624407678842545,-0.003922522068023682
-0.002580000553280115,-0.004834459163248539,-0.003235936164855957
-0.0031140027567744255,-0.004378956742584705,-0.001587986946105957
-0.003258536569774151,-0.0036415946669876575,-0.0021831393241882324
-0.0027900133281946182,-0.0029030083678662777,-0.004029393196105957
-0.0032395431771874428,-0.003018153365701437,0.00022780895233154297
-0.004412306472659111,-0.004294436424970627,-0.004243016242980957
-0.005379891023039818,-0.005490520969033241,-0.002061009407043457
-0.005856991745531559,-0.00579125015065074,-0.002854466438293457
-0.004584379028528929,-0.006457212846726179,-0.002167940139770508
-0.005110789556056261,-0.006784411147236824,-0.002091526985168457
-0.005716244224458933,-0.0053770821541547775,-0.003266453742980957
-0.00492493249475956,-0.0036380442325025797,-0.000779271125793457
-0.0026976079680025578,-0.0015436583198606968,-0.001999974250793457
-0.0037017567083239555,1.2583797797560692e-05,-0.001969456672668457
-0.003815638367086649,3.979797475039959e-05,-0.0024271011352539062
0.001486536581069231,0.00011876155622303486,-0.0028237104415893555
-0.002942611463367939,-0.001080176094546914,-0.00209122896194458
-0.005817328579723835,-0.0026258984580636024,-0.0019081830978393555
-0.007418193854391575,-0.0037390715442597866,-0.0020301342010498047
-0.0033864816650748253,-0.0051816352643072605,-0.002274155616760254
-0.004441720433533192,-0.005779826082289219,-0.0006719827651977539
-0.005169181618839502,-0.006133221089839935,-0.003128647804260254
-0.004438579548150301,-0.005092342384159565,-0.002045154571533203
-0.004056626930832863,-0.004049964714795351,-0.002335071563720703
-0.003834849689155817,-0.002835117746144533,-0.0019078254699707031
-0.003648690413683653,-0.0027043370064347982,-0.0023654699325561523
-0.003117090091109276,-0.002578986808657646,-0.0025484561920166016
-0.0032179648987948895,-0.00328627391718328,-0.0020447969436645508
-0.002657335251569748,-0.002417278941720724,-0.0013428926467895508
-0.0030451598577201366,-0.0021309347357600927,-0.0030059814453125
-0.003582579083740711,-0.003422687528654933,-0.0021209120750427246
-0.0031579388305544853,-0.0035478174686431885,-0.0027313232421875
-0.004099356476217508,-0.0029926118440926075,-0.0024565458297729492
-0.004536602180451155,-0.0032324420753866434,-0.0011442899703979492
-0.005843737628310919,-0.0025713436771184206,-0.0028227567672729492
-0.006046415772289038,-0.0023832309525460005,-0.0010526180267333984
-0.006234395317733288,-0.0034271886106580496,-0.0030057430267333984
-0.005676427856087685,-0.003848402062430978,-0.0014644861221313477
-0.0054094367660582066,-0.0034664373379200697,-0.0023952722549438477
-0.004368912428617477,-0.003969294019043446,-0.003142833709716797
-0.003931661136448383,-0.003797925775870681,-0.0014643669128417969
-0.003950054757297039,-0.004015116021037102,-0.0018457770347595215
-0.0032622837461531162,-0.0031603293027728796,-0.001845717430114746
-0.003588536288589239,-0.0034749950282275677,-0.00250166654586792
-0.0032330346293747425,-0.002074016025289893,-0.0021660327911376953
-0.0031303586438298225,-0.0014991681091487408,-0.0031270980834960938
-0.0017579752020537853,-0.0014033284969627857,-0.0022268295288085938
-0.002916361205279827,-0.0014172224327921867,-0.003020167350769043
-0.0024872533977031708,-0.0023061626125127077,-0.002577662467956543
-0.0032987366430461407,-0.0036290453281253576,-0.001738429069519043
-0.0037924419157207012,-0.0044465502724051476,-0.00036525726318359375
-0.003395186737179756,-0.004740452393889427,-0.00016689300537109375
-0.0040508657693862915,-0.005098374560475349,-0.0026540756225585938
-0.004939451813697815,-0.004473436623811722,-0.0022420883178710938
-0.0042144726030528545,-0.003717245766893029,-0.0021504759788513184
-0.005313601810485125,-0.002283003181219101,-0.002074122428894043
-0.005229386501014233,-0.0004927855916321278,-0.002226710319519043
-0.004015868995338678,-0.0015363041311502457,-0.0017077922821044922
-0.004511579871177673,-0.0010956954210996628,-0.0024858713150024414
-0.004471173044294119,-0.0011245254427194595,-0.0018907785415649414
-0.004300343804061413,-0.002808523364365101,-0.0013414621353149414
-0.004554919432848692,-0.0035221450962126255,-0.0023180246353149414
-0.004141948185861111,-0.0038633181247860193,-0.003950715065002441
-0.003514999058097601,-0.0034174963366240263,-0.0017685890197753906
-0.0032438174821436405,-0.0036221290938556194,-0.0015244483947753906
-0.0033012116327881813,-0.0042826952412724495,-0.0013719797134399414
-0.002568792551755905,-0.003920220769941807,-0.0025620460510253906
-0.002109700348228216,-0.004032216966152191,-0.0018906593322753906
-0.002511894330382347,-0.003270369954407215,-0.0020127296447753906
-0.002092843409627676,-0.0038691030349582434,-0.003019571304321289
-0.003385535441339016,-0.004582975525408983,-0.002104043960571289
-0.003949213307350874,-0.004643552005290985,-0.0028517842292785645
-0.003586387727409601,-0.003744827350601554,-0.00202786922454834
-0.004758663475513458,-0.001813296228647232,-0.0018752813339233398
-0.005100358743220568,-0.0017318031750619411,-0.001783609390258789
-0.003769014962017536,-0.0002609230577945709,-0.003080606460571289
-0.003931807354092598,0.00021858676336705685,-0.0018750429153442383
-0.004308395087718964,0.00020484416745603085,-0.002195596694946289
-0.0038482118397951126,-0.0015743637923151255,-0.001859903335571289
-0.004521717317402363,-0.0030920596327632666,-0.0016766786575317383
-0.0044577945955097675,-0.005360991694033146,-0.0024394989013671875
-0.004462671000510454,-0.0056719244457781315,-0.0030955076217651367
-0.0037770699709653854,-0.0056775277480483055,-0.0017222166061401367
-0.0031222193501889706,-0.005605744197964668,-0.001889944076538086
-0.003390516620129347,-0.004259674809873104,-0.002210378646850586
-0.0036408789455890656,-0.0035556750372052193,-0.0015085935592651367
-0.003417608328163624,-0.002882142085582018,-0.001538991928100586
-0.003557192161679268,-0.002684646286070347,-0.0012794733047485352
-0.003893595188856125,-0.0019709323532879353,-0.002759575843811035
-0.003906913101673126,-0.0024997293949127197,-0.0015999078750610352
-0.004350447561591864,-0.002645519096404314,-0.0017829537391662598
-0.004010149743407965,-0.002997566480189562,-0.0014319419860839844
-0.0033385283313691616,-0.002850507851690054,-0.0024389028549194336
-0.003684000577777624,-0.0026509847957640886,-0.0020726919174194336
-0.003994247876107693,-0.0014806396793574095,-0.002240419387817383
-0.0038228128105401993,-0.00105729466304183,-0.002331852912902832
-0.004243204835802317,-0.001696787541732192,-0.001919865608215332
-0.003938704263418913,-0.002642234554514289,-0.003430485725402832
-0.0031113619916141033,-0.003290743799880147,-0.0031099319458007812
-0.004240550100803375,-0.003877607872709632,-0.0014160871505737305
-0.003763709682971239,-0.0037283385172486305,-0.0020416975021362305
-0.0046346718445420265,-0.004800184164196253,-0.0013855695724487305
-0.004548066761344671,-0.003966020420193672,-0.001568615436553955
-0.0036706337705254555,-0.0031432376708835363,-0.0022857189178466797
-0.003890618681907654,-0.002272403798997402,-0.0016295909881591797
-0.0029237717390060425,-0.0015941758174449205,-0.0012328624725341797
-0.003056237008422613,-0.0019652009941637516,-0.0017668604850769043
-0.0034704147838056087,-0.001448973547667265,-0.0024992823600769043
-0.002763227093964815,-0.0027538968715816736,-0.001659989356994629
-0.003458117600530386,-0.0037646021228283644,-0.002697587013244629
-0.004148276522755623,-0.0037606507539749146,-0.003735184669494629
-0.0035032331943511963,-0.003198367077857256,-0.002728104591369629
-0.0036591775715351105,-0.0031383377499878407,-0.001690506935119629
-0.003238528501242399,-0.0025320746935904026,-0.002453446388244629
-0.0031748791225254536,-0.0020106432493776083,-0.0024687647819519043
-0.004295716993510723,-0.0021772009786218405,-0.0023619532585144043
-0.004674352239817381,-0.002169026294723153,-0.001309037208557129
-0.004568824544548988,-0.0023405803367495537,-0.001385331153869629
-0.0043447501957416534,-0.002680425299331546,-0.002087116241455078
-0.004311665426939726,-0.002541982103139162,-0.0009731054306030273
-0.0032929377630352974,-0.002739313058555126,-0.0029720664024353027
-0.003502262756228447,-0.0025362535379827023,-0.002377033233642578
-0.0028061498887836933,-0.002891576150432229,-0.0022090673446655273
-0.00099839735776186,-0.003553221933543682,-0.0014308691024780273
-0.0015967842191457748,-0.002747585531324148,-0.0011562108993530273
-0.0018976600840687752,-0.002220451831817627,-0.0026972293853759766
-0.001958676613867283,-0.004042188636958599,-0.0022852420806884766
-0.0031845872290432453,-0.0031045761425048113,-0.0022547245025634766
-0.0033919312991201878,-0.0038506616838276386,-0.0014460086822509766
-0.0033390619792044163,-0.00404396653175354,-0.0016443729400634766
-0.004161237273365259,-0.003473845310509205,-0.0024529695510864258
-0.004435162991285324,-0.0034122071228921413,-0.0016595125198364258
-0.004578344989567995,-0.0028999943751841784,-0.0025750398635864258
-0.00423788046464324,-0.0026284034829586744,-0.0019036531448364258
-0.00435083732008934,-0.0016427873633801937,-0.002300262451171875
-0.005029648542404175,-0.0018505675252526999,-0.001628875732421875
-0.0046511245891451836,-0.0018616358283907175,-0.002101898193359375
-0.003948835656046867,-0.0025920341722667217,-0.0021170377731323242
-0.0035522282123565674,-0.001961263595148921,-0.0020254850387573242
-0.0037826313637197018,-0.002875758334994316,-0.0031089186668395996
-0.003383190371096134,-0.002929039066657424,-0.0020102262496948242
-0.00219643022865057,-0.0032867768313735723,-0.0024985074996948242
-0.002631101291626692,-0.003303698031231761,-0.0015828609466552734
-0.0030952696688473225,-0.003404584713280201,-0.0021016597747802734
-0.002872221637517214,-0.002865878399461508,-0.0025289058685302734
-0.002485926728695631,-0.0029477993957698345,-0.0014759302139282227
-0.0024408120661973953,-0.003564429236575961,-0.0015674829483032227
-0.0034007318317890167,-0.003188009839504957,-0.0019641518592834473
-0.0033201263286173344,-0.002653764095157385,-0.0012470483779907227
-0.0030384138226509094,-0.002299451967701316,-0.0020252466201782227
-0.003835679031908512,-0.0013850252144038677,-0.0022083520889282227
-0.004350769333541393,-0.001496814889833331,-0.0018573403358459473
-0.004041166044771671,-0.0013986914418637753,-0.0008655786514282227
-0.0043775602243840694,-0.0019282791763544083,-0.002910315990447998
-0.004607972223311663,-0.0015006933826953173,-0.0019794702529907227
-0.004666186403483152,-0.002564172027632594,-0.0015521049499511719
-0.004500203300267458,-0.0029822082724422216,-0.002330183982849121
-0.00414925767108798,-0.0021128165535628796,-0.001551985740661621
-0.004410569556057453,-0.0029070728924125433,-0.0021011829376220703
-0.00391426170244813,-0.0031962483190000057,-0.001612842082977295
-0.002803368028253317,-0.003101644106209278,-0.0019789934158325195
-0.0027689049020409584,-0.004264343064278364,-0.0018415451049804688
-0.0026953695341944695,-0.003808449488133192,-0.0011396408081054688
-0.002470890525728464,-0.003326194128021598,-0.001673579216003418
-0.0023648543283343315,-0.002719370648264885,-0.001749873161315918
-0.003170785028487444,-0.0028472268022596836,-0.001810908317565918
-0.003129000775516033,-0.002686582738533616,-0.001475214958190918
-0.0036124675534665585,-0.001367093762382865,-0.0003002285957336426
-0.0035808938555419445,-0.0016592657193541527,-0.002375483512878418
-0.004088211804628372,-0.0012323134578764439,-0.003412961959838867
-0.0036891563795506954,-0.001639913534745574,-0.0010019540786743164
-0.003965978976339102,-0.002435155678540468,-0.0024820566177368164
-0.0027167238295078278,-0.0029485009144991636,-0.0023598670959472656
-0.0027438215911388397,-0.003225055057555437,-0.0022377967834472656
-0.0034176120534539223,-0.003387438366189599,-0.0020394325256347656
-0.0032512578181922436,-0.0027034408412873745,-0.002710700035095215
-0.003852425143122673,-0.002428980777040124,-0.002390265464782715
-0.0034662126563489437,-0.0027563953772187233,-0.0010780692100524902
-0.003998844418674707,-0.001885751262307167,-0.0011848211288452148
-0.0025468613021075726,-0.002048133872449398,-0.002756476402282715
-0.002918482292443514,-0.0017663263715803623,-0.0016120672225952148
-0.003888114355504513,-0.0024974688421934843,-0.0015357732772827148
-0.0036876923404634,-0.002326118526980281,-0.002939581871032715
-0.0028226436115801334,-0.0032495809718966484,-0.002863287925720215
-0.0041694180108606815,-0.002269557910040021,-0.0009101629257202148
-0.003302565310150385,-0.003389063524082303,-0.0017340779304504395
-0.002445767167955637,-0.002716704737395048,-0.002695322036743164
-0.0023495079949498177,-0.003095699707046151,-0.0017186403274536133
-0.002360129728913307,-0.002774287713691592,-0.0012608766555786133
-0.00277826189994812,-0.0031963686924427748,-0.0021152496337890625
-0.003343852236866951,-0.0036441818810999393,-0.0019931793212890625
-0.0032175462692976,-0.002779595321044326,-0.0018100142478942871
-0.0031530605629086494,-0.003352596191689372,-0.002877950668334961
-0.0027944822795689106,-0.0023471429012715816,-0.002252340316772461
-0.0038486518897116184,-0.002191022504121065,-0.0016418695449829102
-0.00367018673568964,-0.002558075590059161,-0.002420186996459961
-0.003767926711589098,-0.0018332779873162508,-0.0018402338027954102
-0.002482379786670208,-0.0015399542171508074,-0.0020537376403808594
-0.0034773866645991802,-0.0015262288507074118,-0.0018248558044433594
-0.0034932857379317284,-0.0020636694971472025,-0.0018399953842163086
-0.0029480434022843838,-0.002484544413164258,-0.0014584064483642578
-0.0016918028704822063,-0.0027555504348129034,-0.0015194416046142578
-0.002177842427045107,-0.0031703952699899673,-0.002038240432739258
-0.002843241672962904,-0.003721700981259346,-0.002709627151489258
-0.0021493094973266125,-0.004060869570821524,0.0001894235610961914
-0.0025412016548216343,-0.003995545208454132,-0.0022977590560913086
-0.003425035160034895,-0.002233249368146062,-0.0021451711654663086
-0.0029760822653770447,-0.003100573318079114,-0.0015805959701538086
-0.0034218397922813892,-0.0031101666390895844,-0.002404451370239258
-0.0036088572815060616,-0.002490533981472254,-0.002541780471801758
-0.0037276544608175755,-0.0017297090962529182,-0.0015194416046142578
-0.004480576608330011,-0.00161417992785573,-0.001748204231262207
-0.003406320232897997,-0.0019357565324753523,-0.0031976699829101562
-0.004343491978943348,-0.0018612081184983253,-0.0019617080688476562
-0.003959671128541231,-0.002094584982842207,-0.0016413331031799316
-0.0035233204253017902,-0.002052891068160534,-0.001671910285949707
-0.003091829363256693,-0.00187525968067348,-0.0019770264625549316
-0.0024480042047798634,-0.0024151073303073645,-0.0025873184204101562
-0.002870849333703518,-0.002842093352228403,-0.0026330947875976562
-0.0030072228983044624,-0.0033670433331280947,-0.0020378828048706055
-0.0015071486122906208,-0.0032954190392047167,-0.0029532909393310547
-0.0021499800495803356,-0.003490930888801813,-0.0028007030487060547
-0.002779906615614891,-0.004049024544656277,-0.0013968944549560547
-0.0030412860214710236,-0.0033841223921626806,-0.001671433448791504
-0.0034963255748152733,-0.0024303500540554523,-0.003746628761291504
-0.003099539317190647,-0.002490085316821933,-0.002556443214416504
-0.002411157824099064,-0.00161127676256001,-0.0006490945816040039
-0.003276845905929804,-0.0023257944267243147,-0.001503586769104004
-0.003245675005018711,-0.0016303902957588434,-0.002480149269104004
-0.0034753596410155296,-0.0022680647671222687,-0.0015645027160644531
-0.003940148279070854,-0.0016004142817109823,-0.002373218536376953
-0.004347286187112331,-0.0013893430586904287,-0.0019458532333374023
-0.00414542481303215,-0.0021955736447125673,-0.0025256872177124023
-0.003595619462430477,-0.0021755762863904238,-0.0022203922271728516
-0.0033349678851664066,-0.0028033596463501453,-0.0020982027053833008
-0.0031177783384919167,-0.003048149636015296,-0.0019301176071166992
-0.003794312011450529,-0.0033061669673770666,-0.0019606351852416992
-0.003489287570118904,-0.0020645956974476576,-0.0019453763961791992
-0.0016862773336470127,-0.003911074250936508,-0.0021284818649291992
-0.00248671043664217,-0.003367814002558589,-0.0012739896774291992
-0.0025555803440511227,-0.0027357768267393112,-0.0018385648727416992
-0.0020008091814816,-0.002581071574240923,-0.0031813383102416992
-0.001991627737879753,-0.0019497841130942106,-0.0018995404243469238
-0.001188510563224554,-0.0020546282175928354,-0.001365363597869873
-0.002775766421109438,-0.002302564214915037,-0.0021740198135375977
-0.003093173261731863,-0.0021622590720653534,-0.002494335174560547
-0.0022175684571266174,-0.0023324391804635525,-0.0015330314636230469
-0.002596300095319748,-0.0023830714635550976,-0.0017923712730407715
-0.002437127288430929,-0.001738299848511815,-0.002494215965270996
-0.0028476091101765633,-0.002079953672364354,-0.0017466545104980469
-0.004431397654116154,-0.002776784123852849,-0.0008462667465209961
-0.004088160581886768,-0.0022248050663620234,-0.0015940070152282715
-0.0035341852344572544,-0.0024915505200624466,-0.0017619132995605469
-0.0027821925468742847,-0.0025843370240181684,-0.0015330314636230469
-0.0029863216914236546,-0.00214394717477262,-0.001365065574645996
-0.002157153096050024,-0.0028793420642614365,-0.002601027488708496
-0.0030050952918827534,-0.0021659070625901222,-0.0020515918731689453
-0.0016362532041966915,-0.001659249421209097,-0.0026619434356689453
-0.0025445534847676754,-0.0021844124421477318,-0.0019141435623168945
-0.0031632580794394016,-0.002077030250802636,-0.0018073320388793945
-0.0023363973014056683,-0.0013736630789935589,-0.0007849931716918945
-0.0021661724895238876,-0.002216275781393051,-0.0015937089920043945
-0.003007176797837019,-0.00233828485943377,-0.0013341903686523438
-0.0021707098931074142,-0.0030265285167843103,-0.0013647079467773438
-0.002537109889090061,-0.0027561713941395283,-0.0014867782592773438
-0.0026958161033689976,-0.003036107635125518,-0.0014715194702148438
-0.002108465414494276,-0.0025346993934363127,-0.001959681510925293
-0.0030511394143104553,-0.0021039890125393867,-0.001700282096862793
-0.003076187800616026,-0.0018770592287182808,-0.002158045768737793
-0.0024979300796985626,-0.002343381755053997,-0.001334071159362793
-0.0020891441963613033,-0.001732091186568141,-0.0024023056030273438
-0.0028434074483811855,-0.0017262680921703577,-0.0020207762718200684
-0.0033241165801882744,-0.0018878816626966,-0.002371668815612793
-0.003127255942672491,-0.0029121593106538057,-0.001074671745300293
-0.003170488402247429,-0.002494943095371127,-0.001303553581237793
-0.0027841138653457165,-0.0019108499400317669,-0.0026004910469055176
-0.003109984565526247,-0.0027336739003658295,-0.002112269401550293
-0.0031208163127303123,-0.001970324432477355,-0.001776576042175293
-0.003579859621822834,-0.0017700872849673033,-0.002402186393737793
-0.0025011096149683,-0.0029471649322658777,-0.002432703971862793
-0.0024075419642031193,-0.0034747947938740253,-0.0017001628875732422
-0.0032726614736020565,-0.002990373643115163,-0.0029512643814086914
-0.0023947996087372303,-0.0031570936553180218,-0.0031343698501586914
-0.0011464692652225494,-0.0029740016907453537,-0.0019747018814086914
-0.0026102326810359955,-0.0030887953471392393,-0.0018984079360961914
-0.0019318265840411186,-0.0028286250308156013,-0.0033479928970336914
-0.0021062041632831097,-0.002884675282984972,-0.0013033151626586914
-0.001864550169557333,-0.0022278553806245327,-0.0019289255142211914
-0.003098634537309408,-0.0013217800296843052,-0.0026003122329711914
-0.0031019942834973335,-0.00198416062630713,-0.0021119117736816406
-0.0031926180236041546,-0.0019202826078981161,-0.0028595924377441406
-0.0024528037756681442,-0.001581481657922268,-0.0020661354064941406
-0.0032667131163179874,-0.0017856161575764418,-0.0024476051330566406
-0.003167202230542898,-0.0014427255373448133,-0.00226438045501709
-0.0032742046751081944,-0.003053379012271762,-0.002584695816040039
-0.0033990396186709404,-0.002746791811659932,-0.001409769058227539
-0.003299652598798275,-0.002997787669301033,-0.001775979995727539
-0.0024440279230475426,-0.002394862240180373,-0.003118753433227539
-0.0024049188941717148,-0.0028310681227594614,-0.00229489803314209
-0.002440059557557106,-0.00289849448017776,-0.00038754940032958984
-0.0027539576403796673,-0.002976477611809969,-0.0025389790534973145
-0.0020331204868853092,-0.0027629768010228872,-0.0027678608894348145
-0.0028593535535037518,-0.0025132340379059315,-0.0025542378425598145
-0.0025602630339562893,-0.0019803487230092287,-0.0019132494926452637
-0.0030443640425801277,-0.002964494051411748,-0.0008604526519775391
-0.003400214947760105,-0.0024815057404339314,-0.0022031664848327637
-0.0031994967721402645,-0.0021784750279039145,-0.0023710131645202637
-0.0032368628308176994,-0.0014450123999267817,-0.0016996264457702637
-0.0028396272100508213,-0.0017782936338335276,-0.001714944839477539
-0.0032537756487727165,-0.002334298100322485,-0.002493143081665039
-0.0027839788235723972,-0.00199875864200294,-0.0020505189895629883
-0.002929018810391426,-0.002237643813714385,-0.0022488832473754883
-0.0022851498797535896,-0.003500993363559246,-0.0012265443801879883
-0.002807396464049816,-0.0032246317714452744,-0.0010433793067932129
-0.003130627330392599,-0.0023865436669439077,-0.0015926361083984375
-0.0019951844587922096,-0.002155786845833063,-0.0012264251708984375
-0.0019127721898257732,-0.0025172121822834015,-0.0022181272506713867
-0.002122788690030575,-0.0023710799869149923,-0.0023401975631713867
-0.0016184095293283463,-0.0020327798556536436,-0.0011959075927734375
-0.002226867713034153,-0.0017977631650865078,-0.0019435882568359375
-0.003239788580685854,-0.0016674594953656197,-0.0018213987350463867
-0.0019966973923146725,-0.003084680764004588,-0.0006312131881713867
-0.002093326300382614,-0.002516339533030987,-0.001806020736694336
-0.002176110167056322,-0.002380544086918235,-0.0016533732414245605
-0.002856828738003969,-0.0019851000979542732,-0.002523064613342285
-0.002305505331605673,-0.002754778368398547,-0.0022330880165100098
-0.002939934842288494,-0.0024752719327807426,-0.0018821954727172852
-0.002860233187675476,-0.003278879914432764,-0.002507805824279785
-0.0031277118250727654,-0.0033238602336496115,-0.0025839805603027344
-0.004009948577731848,-0.002912332769483328,-0.0014395713806152344
-0.0036153383553028107,-0.002476986264809966,-0.0012259483337402344
-0.004172689747065306,-0.0024807280860841274,-0.0025382637977600098
-0.0037345662713050842,-0.002364719519391656,-0.0012565255165100098
-0.0031936680898070335,-0.0016823138576000929,-0.0020194649696350098
-0.0025680959224700928,-0.0030957618728280067,-0.0027822256088256836
-0.0025578155182302,-0.0026538544334471226,-0.0016683340072631836
-0.002167288213968277,-0.003136932384222746,-0.0018362998962402344
-0.002094462513923645,-0.0025466433726251125,-0.002248227596282959
-0.0014463230036199093,-0.0021152819972485304,-0.002553284168243408
-0.0013251332566142082,-0.002113181399181485,-0.0013935565948486328
-0.0018274281173944473,-0.0012945069465786219,-0.002660036087036133
-0.0026472038589417934,-0.0031266019213944674,-0.0014851093292236328
-0.0030440879054367542,-0.003419805085286498,-0.0014545917510986328
-0.002001824788749218,-0.003432710887864232,-0.0019123554229736328
-0.003037526272237301,-0.003369040321558714,-0.002003908157348633
-0.0021289726719260216,-0.0033221528865396976,-0.001820683479309082
-0.002797256223857403,-0.001838380703702569,-0.001576542854309082
-0.003269740380346775,-0.002253907034173608,-0.001546025276184082
-0.002237228211015463,-0.001965278759598732,-0.002019047737121582
-0.0035947617143392563,-0.0020373472943902016,-0.002431035041809082
-0.0031876079738140106,-0.002117692492902279,-0.001881718635559082
-0.002915999386459589,-0.0024109045043587685,-0.0024616122245788574
-0.0030754716135561466,-0.0022514706943184137,-0.002827763557434082
-0.0026975017972290516,-0.0014827316626906395,-0.0026903152465820312
-0.0027633430436253548,-0.0023807063698768616,-0.0007066726684570312
-0.0027007320895791054,-0.0025917154271155596,-0.0016527175903320312
-0.002645854838192463,-0.0029806296806782484,-0.002034306526184082
-0.0029047690331935883,-0.003092608880251646,-0.0018814802169799805
-0.0027743829414248466,-0.0031854407861828804,-0.0028886795043945312
-0.002664361149072647,-0.002961118007078767,-0.0019578933715820312
-0.002513197250664234,-0.003025360871106386,-0.0018968582153320312
-0.0013806656934320927,-0.002740992698818445,-0.0006761550903320312
-0.002378461416810751,-0.003041645744815469,-0.0011186599731445312
-0.0028337561525404453,-0.0018791938200592995,-0.0019425153732299805
-0.002225861418992281,-0.002041354775428772,-0.0021865367889404297
-0.0020148749463260174,-0.002038112375885248,-0.002476334571838379
-0.003110025078058243,-0.0015737516805529594,-0.002110123634338379
-0.002613728865981102,-0.0014508944004774094,-0.002339005470275879
-0.0016699149273335934,-0.0020605281461030245,-0.001423478126525879
-0.002138481941074133,-0.0015946903731673956,-0.002522110939025879
-0.0021082921884953976,-0.0015323522966355085,-0.0015304088592529297
-0.0027551143430173397,-0.002453925320878625,-0.001988053321838379
-0.0017682160250842571,-0.002555576851591468,-0.0018963813781738281
-0.002398502081632614,-0.0023572419304400682,-0.0019572973251342773
-0.003239287994801998,-0.0025251556653529406,-0.0017589330673217773
-0.0024856911040842533,-0.002819056622684002,-0.0019420385360717773
-0.0027715489268302917,-0.002637034049257636,-0.0022319555282592773
-0.0026139807887375355,-0.0033505719620734453,-0.0014994144439697266
-0.002631625160574913,-0.0030321236699819565,-0.0026438236236572266
-0.002143369521945715,-0.002951798029243946,-0.0018961429595947266
-0.0029032393358647823,-0.0027166223153471947,-0.0021097660064697266
-0.003053785767406225,-0.002337842946872115,-0.0012552738189697266
-0.002752115949988365,-0.0037612251471728086,-0.0032083988189697266
0.0023456383496522903,-0.04424010217189789,-0.0038650035858154297
0.06073605269193649,-0.27757346630096436,-0.0017294883728027344
0.014140039682388306,-0.2923225462436676,0.0011390447616577148
-0.02870209701359272,-0.19917894899845123,-0.0007686614990234375
-0.1179657131433487,-0.11549466848373413,-0.00433957576751709
-0.1453023999929428,0.03094535879790783,-0.0018832087516784668
-0.09528518468141556,0.14300437271595,-0.0015019774436950684
-0.04583987593650818,0.22802942991256714,-0.0024328231811523438
0.013589595444500446,0.28235283493995667,-0.0027533769607543945
0.10343331098556519,0.26252004504203796,0.0002524852752685547
0.15481281280517578,0.17398114502429962,-0.00179213285446167
0.12123291939496994,0.17717114090919495,-0.0024178028106689453
0.1267022043466568,0.20610342919826508,-0.0006479024887084961
0.13739971816539764,0.19588641822338104,-0.001441359519958496
0.14547643065452576,0.19441761076450348,-0.0035772323608398438
0.1290716826915741,0.17682385444641113,-0.0011200904846191406
0.07135827839374542,0.12852807343006134,-0.00031119585037231445
-0.010962387546896935,0.10225985944271088,-0.00195920467376709
-0.038522519171237946,0.12572944164276123,-0.0028287768363952637
-0.023157021030783653,0.14332172274589539,-0.0007383823394775391
0.0064622401259839535,0.14440147578716278,-0.0018676519393920898
0.060321107506752014,0.15443530678749084,-0.0016387701034545898
0.10070084035396576,0.15577484667301178,-0.0018525123596191406
0.1038753092288971,0.14032088220119476,-0.0009222626686096191
0.08189796656370163,0.12713946402072906,-0.001380622386932373
0.04466943442821503,0.11658816784620285,-0.0006488561630249023
-0.005332276225090027,0.10823528468608856,-0.002648472785949707
-0.013036415912210941,0.12369086593389511,-0.003183305263519287
-0.022992249578237534,0.10270161926746368,-0.00022399425506591797
-0.045737214386463165,0.05910095199942589,-0.002192974090576172
-0.05864190310239792,0.02589498646557331,-0.0034750699996948242
-0.05150661617517471,0.009634803980588913,-0.0021632909774780273
-0.019030341878533363,0.020858103409409523,0.001117110252380371
0.01447040494531393,0.03452320396900177,-0.004589498043060303
0.062117114663124084,0.04733002930879593,-0.0011866092681884766
0.07878979295492172,-0.011379830539226532,-0.0029866695404052734
0.1083538606762886,0.014043831266462803,-0.001994311809539795
0.0578814335167408,0.015398707240819931,-0.002131223678588867
0.05143340677022934,-0.028985746204853058,-0.004679441452026367
-0.00776783237233758,-0.0818449929356575,-0.001505732536315918
-0.10863269865512848,-0.14072030782699585,-0.00030034780502319336
-0.17187023162841797,-0.16983360052108765,-0.003931760787963867
-0.18220466375350952,-0.18300729990005493,-0.0035500526428222656
-0.19505223631858826,-0.16852262616157532,-0.0028325319290161133
-0.17255672812461853,-0.13166819512844086,0.00011229515075683594
-0.1155417189002037,-0.15027107298374176,-0.0006512999534606934
-0.11123554408550262,-0.23404259979724884,-0.0010952353477478027
-0.1319650411605835,-0.24229969084262848,-0.0011582374572753906
-0.12893527746200562,-0.19652287662029266,0.001662135124206543
-0.10743529349565506,-0.12850898504257202,0.00025522708892822266
-0.07385571300983429,-0.03605787456035614,0.00359344482421875
-0.04240056872367859,0.013110129162669182,-7.152557373046875e-05
-0.04769405722618103,0.042555179446935654,-0.008678913116455078
-0.06020912155508995,0.06327509880065918,-0.01702558994293213
-0.05854959413409233,0.06604522466659546,0.00426030158996582
-0.06426727771759033,0.08174629509449005,0.005938053131103516
-0.03567438945174217,0.06379034370183945,0.04632604122161865
0.030743572860956192,0.059810515493154526,0.21115416288375854
0.14404729008674622,0.07809916883707047,0.3749867081642151
0.18955259025096893,0.034680210053920746,0.24984204769134521
0.15820252895355225,-0.029263632372021675,0.08426916599273682
0.1234835758805275,-0.05576234683394432,0.01020658016204834
0.09032715111970901,-0.07826714962720871,-0.011668682098388672
0.036385416984558105,-0.07150406390428543,-0.023420095443725586
0.00202883780002594,-0.032257333397865295,-0.0411534309387207
-0.00773581862449646,-0.03182964399456978,-0.059089601039886475
0.05048079788684845,-0.03568495064973831,-0.04909622669219971
0.15268850326538086,-0.028593195602297783,-0.033082544803619385
0.24838605523109436,-0.06370937079191208,0.10224366188049316
0.3575092554092407,-0.08479765057563782,0.7495328187942505
0.2550629675388336,-0.19439594447612762,1.0730615854263306
0.13403195142745972,-0.0955432578921318,1.0909706354141235
0.06689086556434631,0.016146007925271988,0.8137696385383606
0.08813786506652832,0.08404265344142914,0.6316059827804565
0.08475929498672485,0.09078546613454819,0.6431190967559814
0.06512999534606934,0.10375069081783295,0.6440914869308472
0.061881810426712036,0.1406095176935196,0.552680253982544
0.0718076229095459,0.18373921513557434,0.4597276449203491
0.10879498720169067,0.22533884644508362,0.3844141960144043
0.1224098801612854,0.25425997376441956,0.29251664876937866
0.11830145120620728,0.29289981722831726,0.19069212675094604
0.12051990628242493,0.3456479609012604,0.11546427011489868
0.10250997543334961,0.3724216818809509,0.06935107707977295
0.05423292517662048,0.3838346600532532,-0.00417250394821167
0.048630714416503906,0.4189178943634033,-0.039317786693573
0.1395466923713684,0.5164957046508789,-0.06820768117904663
0.1726953685283661,0.4776883125305176,-0.10592156648635864
0.1625441312789917,0.40509986877441406,-0.16311222314834595
0.1358160674571991,0.38968586921691895,-0.2413538694381714
0.044356197118759155,0.30897700786590576,-0.27606964111328125
-0.06739166378974915,0.1660832166671753,-0.2114499807357788
-0.20881247520446777,0.14095711708068848,-0.19655796885490417
-0.2527884244918823,0.19219273328781128,-0.17665261030197144
-0.1429981142282486,0.28632473945617676,-0.08815127611160278
-0.004616677761077881,0.3242994546890259,0.007823765277862549
0.025460436940193176,0.2984392046928406,0.059583842754364014
-0.0027879923582077026,0.2979643940925598,0.052286386489868164
-0.0701436698436737,0.31066805124282837,0.017911791801452637
-0.1559421420097351,0.30039310455322266,-0.00021183490753173828
-0.21128341555595398,0.27782052755355835,0.016239911317825317
-0.2639535069465637,0.23741227388381958,0.03876802325248718
-0.2930072546005249,0.23443394899368286,0.025355249643325806
-0.27266523241996765,0.27764415740966797,-0.05746069550514221
-0.22769233584403992,0.30411607027053833,-0.15844392776489258
-0.08685587346553802,0.3523246645927429,-0.22204625606536865
-0.031489431858062744,0.28859490156173706,-0.23089739680290222
-0.07297612726688385,0.20098072290420532,-0.22252608835697174
-0.21675659716129303,0.1295270323753357,-0.30741751194000244
-0.3112451136112213,0.13101935386657715,-0.3701915740966797
-0.28604331612586975,0.13115400075912476,-0.3347843885421753
-0.23481696844100952,0.08667230606079102,-0.22812463343143463
-0.19610540568828583,0.07483780384063721,-0.12205614149570465
-0.17585276067256927,0.07246935367584229,-0.05257248878479004
-0.14296337962150574,0.08117049932479858,-0.012702226638793945
-0.08929497003555298,0.07324188947677612,-0.009244449436664581
-0.052955739200115204,0.06250369548797607,-0.03790486603975296
-0.05964915454387665,0.07768607139587402,-0.0759258046746254
-0.08015356212854385,0.08728951215744019,-0.07952641695737839
-0.09985899925231934,0.07882708311080933,-0.02793823927640915
-0.10822810232639313,0.0483851432800293,0.024348624050617218
-0.10561882704496384,0.05596679449081421,-0.010576963424682617
-0.10922132432460785,0.05282795429229736,-0.055109500885009766
-0.08491719514131546,0.03617453575134277,-0.06745993345975876
-0.034144435077905655,0.029153645038604736,-0.05028820037841797
0.022148005664348602,0.02094203233718872,-0.03809963911771774
0.05819745361804962,0.026740849018096924,-0.041123270988464355
0.019854385405778885,0.02203500270843506,-0.0159078910946846
-0.028933264315128326,0.03760617971420288,0.041871897876262665
-0.05968716740608215,0.06032907962799072,0.07762586325407028
-0.06460559368133545,0.05853074789047241,0.07266057282686234
-0.03854922577738762,0.051612794399261475,0.03269732743501663
0.010553538799285889,0.04339224100112915,-0.02706277370452881
0.032064005732536316,0.022687673568725586,-0.08601534366607666
-0.0006664246320724487,0.015223383903503418,-0.12010550498962402
-0.05287501960992813,0.023008346557617188,-0.10486460477113724
-0.08591096103191376,0.010231971740722656,-0.0450979508459568
-0.0940045714378357,0.011207640171051025,0.03133320435881615
-0.10016997158527374,-0.07279211282730103,0.05337762087583542
0.021808207035064697,-0.09447413682937622,-0.04261064529418945
0.06393445283174515,-0.02440619468688965,-0.061158061027526855
0.0526348352432251,-0.05853778123855591,0.0036977455019950867
0.06642074882984161,-0.04385596513748169,0.07182681560516357
0.04707101732492447,-0.02904874086380005,0.07999897748231888
0.04078640788793564,-0.015466868877410889,0.06749558448791504
0.03773612156510353,-0.001105189323425293,0.06356751918792725
0.01945112645626068,-0.0013117194175720215,0.05670285224914551
-0.018637489527463913,0.005943596363067627,0.03030681610107422
-0.07921835780143738,0.030343353748321533,-0.001210339367389679
-0.13851173222064972,0.04332929849624634,-0.0012655258178710938
-0.15391696989536285,0.055211782455444336,0.0065413787961006165
-0.11036069691181183,0.06118667125701904,0.0037478208541870117
-0.01793694496154785,0.060534894466400146,-0.0046296194195747375
0.0743950754404068,0.04096263647079468,-0.025554902851581573
0.11847736686468124,0.0182492733001709,-0.07487201690673828
0.060494281351566315,-0.006299793720245361,-0.17821940779685974
-0.05657384172081947,-0.031467437744140625,-0.2677006721496582
-0.13464447855949402,-0.04990416765213013,-0.27500081062316895
-0.14197777211666107,-0.07372993230819702,-0.23583364486694336
-0.0638018250465393,-0.11399304866790771,-0.23766972124576569
0.023594966158270836,-0.13790786266326904,-0.3540950119495392
0.08964432775974274,-0.11543136835098267,-0.4542818069458008
0.1911584883928299,-0.1324692964553833,-0.5122764110565186
0.12810730934143066,-0.041399478912353516,-0.41521990299224854
0.018290864303708076,-0.018127262592315674,-0.18725541234016418
-0.021494586020708084,0.02538532018661499,-0.014482945203781128
0.020827651023864746,0.007504403591156006,-0.05020114779472351
-0.016500551253557205,0.021318554878234863,-0.06338962912559509
-0.07615120708942413,0.056525230407714844,0.0431847870349884
-0.10619448125362396,0.05894935131072998,0.14314663410186768
-0.09139935672283173,0.05738955736160278,0.20421123504638672
-0.04084791615605354,0.053320229053497314,0.21184277534484863
0.014031244441866875,0.04481858015060425,0.17914754152297974
0.06818756461143494,0.026243925094604492,0.1270732879638672
0.09464582800865173,0.016813933849334717,0.08952230215072632
0.10443107038736343,0.007124006748199463,0.07343292236328125
0.0659739226102829,0.0031014084815979004,0.07708951830863953
-0.0069196708500385284,0.013181686401367188,0.11005967855453491
-0.09081374853849411,0.017713963985443115,0.1659439206123352
-0.17484818398952484,0.015590667724609375,0.20112505555152893
-0.22508664429187775,0.03257626295089722,0.17508918046951294
-0.253191202878952,0.03720271587371826,0.12051445245742798
-0.27541303634643555,0.02706468105316162,0.05073341727256775
-0.2931220829486847,0.061520397663116455,-0.05863398313522339
-0.27038854360580444,0.11051183938980103,-0.14347821474075317
-0.1917162537574768,0.12121802568435669,-0.17157405614852905
-0.09917979687452316,0.14812982082366943,-0.20479530096054077
-0.020549822598695755,0.20001423358917236,-0.3002493381500244
0.051420535892248154,0.18787842988967896,-0.3230389952659607
0.09575874358415604,0.22128742933273315,-0.20188331604003906
0.08301486074924469,0.21629291772842407,-0.03203815221786499
0.018693692982196808,0.1972680687904358,0.1283523440361023
-0.03059309720993042,0.17468947172164917,0.24674880504608154
-0.08829234540462494,0.15671712160110474,0.28089213371276855
-0.13051515817642212,0.1366649866104126,0.27889007329940796
-0.1290825605392456,0.10483342409133911,0.23546403646469116
-0.11883488297462463,0.08720403909683228,0.16014671325683594
-0.11194422841072083,0.06978046894073486,0.10941213369369507
-0.12271079421043396,0.05578410625457764,0.10389095544815063
-0.1438826024532318,0.04553043842315674,0.14461129903793335
-0.16537174582481384,0.038625478744506836,0.17430251836776733
-0.21000106632709503,0.04163527488708496,0.19498813152313232
-0.2504555881023407,0.05443716049194336,0.20049655437469482
-0.25199317932128906,0.0704115629196167,0.19298100471496582
-0.20532362163066864,0.09190011024475098,0.1753634810447693
-0.09325758367776871,0.10337811708450317,0.12973541021347046
0.04538293182849884,0.09839606285095215,0.023601949214935303
0.19412758946418762,0.08684271574020386,-0.08197277784347534
0.3045886158943176,0.059666216373443604,-0.14864212274551392
0.3205120265483856,0.04180508852005005,-0.1687638759613037
0.24845339357852936,0.027238190174102783,-0.15352731943130493
0.150940403342247,0.022608458995819092,-0.1359437108039856
0.043228425085544586,0.024776101112365723,-0.1264006495475769
-0.03997065871953964,0.017867982387542725,-0.11896216869354248
-0.09525270760059357,0.00742495059967041,-0.12004393339157104
-0.13570445775985718,0.001422584056854248,-0.12687718868255615
-0.13963207602500916,0.006110966205596924,-0.12856972217559814
-0.06566521525382996,0.016754329204559326,-0.12439590692520142
0.023826703429222107,0.01241987943649292,-0.10209643840789795
0.15206140279769897,0.003854691982269287,-0.06314003467559814
0.25295233726501465,-0.008721113204956055,-0.027793407440185547
0.26825448870658875,-0.019400417804718018,-0.012078523635864258
0.21179959177970886,-0.023434698581695557,-0.02530956268310547
0.12732408940792084,-0.024692118167877197,-0.059567809104919434
0.053780604153871536,-0.027291864156723022,-0.09555888175964355
0.0032247379422187805,-0.03440159559249878,-0.09000438451766968
0.01290062814950943,-0.04583317041397095,-0.05980336666107178
0.04576343670487404,-0.05480527877807617,-0.034614622592926025
0.053672466427087784,-0.08312323689460754,-0.023198306560516357
0.036652568727731705,-0.09530273079872131,-0.024241209030151367
0.050930339843034744,-0.01394990086555481,-0.0011365413665771484
0.013701118528842926,-0.11081349849700928,0.03179001808166504
0.07672487944364548,-0.08948731422424316,0.01358175277709961
0.1077454686164856,-0.03396791219711304,0.013396739959716797
0.11278626322746277,-0.07568755745887756,0.03366410732269287
0.1532837152481079,-0.06830516457557678,0.059295058250427246
0.19049711525440216,-0.03523746132850647,0.08014070987701416
0.19002825021743774,-0.03695070743560791,0.09187573194503784
0.17690472304821014,-0.05629873275756836,0.10271531343460083
0.16838768124580383,-0.03754511475563049,0.10848164558410645
0.12592889368534088,-0.027478039264678955,0.09693574905395508
0.05968927592039108,-0.04618242383003235,0.0781862735748291
0.016802571713924408,-0.04391056299209595,0.05749356746673584
-0.015122907236218452,-0.02592223882675171,0.03711646795272827
-0.048221904784440994,-0.010193586349487305,0.02942788600921631
-0.07836175709962845,0.0026282072067260742,0.04580056667327881
-0.098012775182724,0.005152106285095215,0.06585454940795898
-0.07529965043067932,0.013478636741638184,0.08056247234344482
-0.043213725090026855,0.02618415653705597,0.08210951089859009
-0.029385428875684738,0.03661984205245972,0.07067322731018066
-0.02216131053864956,0.03953447937965393,0.05152463912963867
-0.015620596706867218,0.04262752830982208,0.027867674827575684
-0.015171872451901436,0.04492829740047455,0.017274796962738037
0.00016584061086177826,0.057212069630622864,0.025080859661102295
0.007695745676755905,0.06296998262405396,0.03600490093231201
0.004105674102902412,0.06589733064174652,0.043039798736572266
-0.011491958051919937,0.06431016325950623,0.0364454984664917
-0.0369919128715992,0.06143932044506073,0.030942559242248535
-0.06779320538043976,0.0776519924402237,0.030524075031280518
-0.09657633304595947,0.07581302523612976,0.02411961555480957
-0.10277563333511353,0.06889863312244415,0.025127828121185303
-0.08802108466625214,0.07699210196733475,0.028814733028411865
-0.07212229073047638,0.06680216640233994,0.03842669725418091
-0.04768318310379982,0.05579855293035507,0.05396580696105957
-0.011682141572237015,0.04806138575077057,0.0773003101348877
0.02432180568575859,0.049517303705215454,0.1022232174873352
0.017441481351852417,0.05976146087050438,0.10795795917510986
-0.039416540414094925,0.052999019622802734,0.08823233842849731
-0.08930448442697525,0.03902477025985718,0.047572970390319824
-0.10693919658660889,0.03954631835222244,0.004414796829223633
-0.11540062725543976,0.040400438010692596,-0.023706555366516113
-0.11812867224216461,0.0335521474480629,-0.028155922889709473
-0.10619409382343292,0.005383353680372238,-0.007253527641296387
-0.07679562270641327,-0.006158196367323399,0.015018105506896973
-0.02867017686367035,0.0010541705414652824,0.02481776475906372
0.010091029107570648,-0.007126424461603165,0.022331953048706055
0.027264513075351715,-0.0003408733755350113,0.3823268413543701
0.017769694328308105,-0.00461382232606411,0.4258662462234497
0.012731015682220459,0.015145575627684593,-0.07619798183441162
0.04286467283964157,-0.021932652220129967,0.011613845825195312
0.02037520706653595,-0.07355290651321411,0.0008196830749511719
0.02877245843410492,-0.04958082735538483,0.013736367225646973
0.057540930807590485,-0.031027458608150482,0.0010919570922851562
0.08023622632026672,-0.03500395268201828,-0.006313145160675049
0.08942504972219467,-0.03800253942608833,-0.017814993858337402
0.08751402795314789,-0.03203680366277695,-0.02814042568206787
0.06314707547426224,-0.02304196171462536,-0.0237884521484375
0.04254985600709915,-0.014434018172323704,-0.02349334955215454
0.026537656784057617,-0.017846396192908287,-0.02708268165588379
0.016240663826465607,-0.020407669246196747,-0.15208733081817627
-0.021606873720884323,-0.014989765360951424,0.03777420520782471
-0.045723021030426025,0.03152357414364815,0.045122385025024414
-0.0573674775660038,0.08219574391841888,0.05619645118713379
-0.026586458086967468,0.06802409887313843,0.03463280200958252
0.0349038690328598,0.047060079872608185,-0.008448898792266846
0.07738332450389862,0.038398683071136475,0.045821189880371094
0.09845330566167831,0.027112524956464767,0.023035407066345215
0.08618569374084473,0.008986573666334152,0.004167437553405762
0.01720748096704483,-0.025386499240994453,0.00525134801864624
0.04741651564836502,-0.045695580542087555,0.005029857158660889
0.1902553141117096,-0.197289377450943,-0.03370070457458496
0.7084885835647583,-0.57450932264328,0.06526756286621094
0.05124945938587189,-0.2507134974002838,0.027195394039154053
0.004369910806417465,-0.30836886167526245,-0.004239916801452637
-0.3487160801887512,-0.27072054147720337,-0.007353425025939941
-0.4636370837688446,-0.5396577715873718,0.0022284984588623047
-0.42465946078300476,-0.5885871052742004,-0.013335764408111572
-0.307592511177063,-0.37629133462905884,0.0006254911422729492
-0.2395571917295456,-0.33875277638435364,-0.0058904290199279785
-0.25686702132225037,-0.20833730697631836,-0.0012979507446289062
-0.25908032059669495,0.004695259965956211,-0.004670381546020508
-0.20685449242591858,0.11360451579093933,-0.0005815029144287109
-0.1510649174451828,0.13307996094226837,0.0012339353561401367
-0.10798437148332596,0.07167410105466843,-0.006044507026672363
-0.05654909089207649,0.010705645196139812,-0.0021685361862182617
0.01073416881263256,-0.02207036502659321,-0.0012676715850830078
0.020794672891497612,-0.008785202167928219,-0.0031288862228393555
-0.08182226866483688,0.01798776537179947,-0.0033878684043884277
-0.1000099703669548,0.060378722846508026,-0.0008085966110229492
0.00203082337975502,0.14088521897792816,-0.002745985984802246
-0.0034134485758841038,0.12076342850923538,-0.0039664506912231445
-0.1295192390680313,0.06794683635234833,-0.002104461193084717
-0.09124082326889038,0.0853622630238533,-0.0006392002105712891
-0.04793677479028702,0.3758038580417633,-0.0033095479011535645
0.061339881271123886,0.9074831604957581,0.0009167194366455078
0.29927530884742737,0.9022281169891357,0.0063027143478393555
0.48827674984931946,0.6810212135314941,0.0006110668182373047
0.5393821001052856,0.3013821542263031,-0.0001977682113647461
0.34233954548835754,-0.025592641904950142,-6.0439109802246094e-05
0.12536334991455078,-0.09623437374830246,-0.004119396209716797
0.0060734376311302185,-0.0011752949794754386,-0.0024715662002563477
-0.018398400396108627,0.03240297734737396,-0.0022274255752563477
-0.03595167025923729,0.06121254712343216,-0.0022734403610229492
-0.03487778827548027,0.01821066439151764,-0.0051727294921875
-0.04934502765536308,0.009045382030308247,-0.0036622285842895508
-0.05671793222427368,-0.016842680051922798,0.004455447196960449
0.011028635315597057,-0.02801850065588951,0.012664794921875
0.1302967518568039,-0.07258002460002899,-0.006149232387542725
0.024519337341189384,-0.020658940076828003,-0.012527287006378174
-0.013348894193768501,0.004092473536729813,-0.00019800662994384766
0.0005444525741040707,-0.011043781414628029,0.0030828118324279785
0.006251294631510973,-0.020193221047520638,-0.006194353103637695
0.07099676877260208,-0.08978068083524704,-0.0023795366287231445
0.043365370482206345,-0.07352545112371445,0.002518773078918457
-0.003331607673317194,-0.02858762815594673,-0.0026689767837524414
-0.024321340024471283,-0.014483235776424408,-0.005888581275939941
-0.0260019488632679,-0.05169159546494484,0.0013288259506225586
-0.04490680992603302,-0.08542133867740631,-0.00228726863861084
-0.07008001208305359,-0.06528596580028534,-0.006544351577758789
-0.06775158643722534,-0.041609182953834534,-0.0007916688919067383
-0.03792640194296837,0.0001730405492708087,-0.0009138584136962891
0.009961796924471855,0.06772325187921524,-0.002989053726196289
0.03233284875750542,0.05746709182858467,-0.0007459521293640137
0.04785793274641037,0.10998302698135376,0.0011156797409057617
0.025683211162686348,0.10740842670202255,-0.002912580966949463
0.0009088590741157532,0.05210103839635849,-0.002744734287261963
-0.008718211203813553,-0.010019599460065365,-0.0007457733154296875
-0.004754970315843821,-0.00010410149116069078,-0.0013103485107421875
-0.002949767280369997,-0.0016662029083818197,-0.0033396482467651367
-0.0010032490827143192,-0.003451745491474867,-0.0019358396530151367
-0.0002300255000591278,-0.005746625363826752,-0.0020580291748046875
-0.0003434848040342331,-0.00738037284463644,-0.0037517547607421875
-0.0008574402891099453,-0.007081605494022369,-0.0022565126419067383
-0.0012956717982888222,-0.006487390957772732,-0.0006543397903442383
-0.0010220427066087723,-0.0049130553379654884,-0.0028058290481567383
-0.0021313969045877457,-0.0026155291125178337,-0.0023176074028015137
-0.00219870638102293,-0.001354525564238429,-0.001569986343383789
-0.00267305551096797,-0.0009755012579262257,-0.0013410449028015137
-0.004415309987962246,-0.0022383732721209526,-0.002775430679321289
-0.004398470278829336,-0.0037706634029746056,-0.0019055604934692383
-0.005117133725434542,-0.0057175313122570515,-0.0001812577247619629
-0.004409711807966232,-0.006984820123761892,-0.0039043426513671875
-0.003973895683884621,-0.006395743694156408,-0.0026684999465942383
-0.0023875911720097065,-0.004617015365511179,-0.0007001161575317383
-0.0012159300968050957,-0.0032370290718972683,-0.0006695985794067383
-0.0012419032864272594,-0.00035843835212290287,-0.0012188553810119629
-0.00057982187718153,0.00043828575871884823,-0.0017224550247192383
-0.0013095508329570293,-6.915105041116476e-05,-0.0020886659622192383
-0.0023489934392273426,-0.00169355608522892,-0.0015240907669067383
-0.004810935351997614,-0.003335351822897792,-0.0022259950637817383
-0.004241711460053921,-0.005023357458412647,-0.003049910068511963
-0.004231671802699566,-0.006405803374946117,-0.0011273622512817383
-0.0031085913069546223,-0.006658926606178284,-0.0019665956497192383
-0.0017494568601250648,-0.005590958520770073,-0.0024701356887817383
-0.0023329700343310833,-0.004760446026921272,-0.001127481460571289
-0.0024959626607596874,-0.0035491823218762875,-0.002058267593383789
-0.003024472389370203,-0.003489152528345585,-0.0029889345169067383
-0.003977640066295862,-0.0037590705323964357,-0.002103865146636963
-0.004486079327762127,-0.004001012537628412,-0.0014781951904296875
-0.0030570565722882748,-0.0053077759221196175,-0.0020275115966796875
-0.0019755098037421703,-0.005188822280615568,-0.0020122528076171875
-0.0009502251632511616,-0.0050948248244822025,-0.0016765594482421875
-0.0007265899330377579,-0.004126869607716799,-0.0025920867919921875
-0.0012121675536036491,-0.0022420957684516907,-0.0030193328857421875
-0.0016853599809110165,-0.0012174035655334592,-0.0019054412841796875
-0.0032785702496767044,-0.0012798883253708482,-0.0018595457077026367
-0.003913225140422583,-0.0010626147268339992,-0.002164602279663086
-0.004986398387700319,-0.0025487449020147324,-0.001783132553100586
-0.005587934982031584,-0.00428880425170064,-0.0010811090469360352
-0.0050057824701070786,-0.005280794110149145,-0.0012794733047485352
-0.0046939244493842125,-0.006085224915295839,-0.0012336373329162598
-0.00494119618088007,-0.006363565102219582,-0.002011895179748535
-0.003206229768693447,-0.0065158661454916,-0.002164483070373535
-0.0016671526245772839,-0.005206763278692961,-0.0030494332313537598
-0.0006459346041083336,-0.004046441987156868,-0.002606987953186035
-0.0007816199213266373,-0.003460340667515993,-0.0016609430313110352
-0.00043576164171099663,-0.0023938207887113094,-0.0019812583923339844
-7.416540756821632e-05,-0.002517890650779009,-0.002942681312561035
-0.001578357070684433,-0.0025924197398126125,-0.0021491050720214844
-0.00222635455429554,-0.002747019287198782,-0.0031714439392089844
-0.0026117628440260887,-0.003125592600554228,-0.0017066001892089844
-0.004604372661560774,-0.003355101216584444,-0.0019050240516662598
-0.004736502654850483,-0.003981377463787794,-0.0026374459266662598
-0.005546400789171457,-0.003359818598255515,-0.0022559762001037598
-0.005680208094418049,-0.0035934399347752333,-0.002179741859436035
-0.005333523266017437,-0.0031675684731453657,-0.003141164779663086
-0.004587000235915184,-0.003179705236107111,-0.002301931381225586
-0.002883525565266609,-0.003335947636514902,-0.001767873764038086
-0.0032588178291916847,-0.0043985373340547085,-0.001416921615600586
-0.0020173480734229088,-0.005536890588700771,-0.0018593072891235352
-0.002373531460762024,-0.005289014894515276,-0.0014320015907287598
-0.0026203892193734646,-0.005114917643368244,-0.0025916099548339844
-0.0012274100445210934,-0.004979779943823814,-0.003018796443939209
-0.0010177991352975368,-0.0051796408370137215,-0.001965939998626709
-0.002359324600547552,-0.003591259242966771,-0.001752316951751709
-0.0016089435666799545,-0.0032584480941295624,-0.0015386343002319336
-0.0011733481660485268,-0.003724935930222273,-0.0015540122985839844
-0.002115450333803892,-0.003338802605867386,-0.0014777183532714844
-0.00354394456371665,-0.0033424822613596916,-0.0020728111267089844
-0.0040977392345666885,-0.004027398303151131,-0.003156125545501709
-0.003822016529738903,-0.003926178906112909,-0.002164304256439209
-0.00497540645301342,-0.003939311020076275,-0.0012793540954589844
-0.005018665920943022,-0.003622658085078001,-0.0015997886657714844
-0.005715922452509403,-0.003260951954871416,-0.0026372671127319336
-0.004777040332555771,-0.002000347711145878,-0.0016607046127319336
-0.003034008666872978,-0.0029457276687026024,-0.0015538930892944336
-0.0021095219999551773,-0.0029053539037704468,-0.0017827749252319336
-0.0004480388015508652,-0.002361978404223919,-0.0021489858627319336
-0.0006963321939110756,-0.0026210176292806864,-0.0026830434799194336
-0.0004921508952975273,-0.003366066375747323,-0.0015081167221069336
-0.0021690065041184425,-0.004053983837366104,-0.002911865711212158
-0.0029153870418667793,-0.004827429540455341,-0.002957582473754883
-0.002470592502504587,-0.004115355666726828,-0.002255678176879883
-0.0025739315897226334,-0.004676180891692638,-0.001706242561340332
-0.0024420698173344135,-0.004047367721796036,-0.003033757209777832
-0.002979364711791277,-0.0035072755999863148,-0.002804875373840332
-0.003576616756618023,-0.0035093193873763084,-0.0014010071754455566
-0.0034216190688312054,-0.0032116989605128765,-0.00018036365509033203
-0.003258079756051302,-0.0031024455092847347,-0.002820134162902832
-0.0029529305174946785,-0.003860169555991888,-0.002499699592590332
-0.0029671997763216496,-0.00344166811555624,-0.001782536506652832
-0.0028344839811325073,-0.003924919292330742,-0.001828312873840332
-0.003429220523685217,-0.0046448977664113045,-0.0019960403442382812
-0.0029861261136829853,-0.003581770695745945,-0.0010957717895507812
-0.0023749270476400852,-0.002873585792258382,-0.0012787580490112305
-0.003458400722593069,-0.002231783466413617,-0.0008056163787841797
-0.0031805415637791157,-0.002448182087391615,-0.0019347667694091797
-0.0021213223226368427,-0.0018212338909506798,-0.0021483898162841797
-0.0024681868962943554,-0.003219383768737316,-0.002209305763244629
-0.0014336379244923592,-0.004808427300304174,-0.0007138252258300781
-0.0025304146111011505,-0.004985604900866747,-0.0016751289367675781
-0.0030309963040053844,-0.005600626580417156,-0.0020261406898498535
-0.0025182259269058704,-0.00469567347317934,-0.002133011817932129
-0.0030981693416833878,-0.0044626714661717415,-0.002163529396057129
-0.002081412822008133,-0.0036825663410127163,-0.0022092461585998535
-0.0029231212101876736,-0.0019233778584748507,-0.002514481544494629
-0.003117865417152643,-0.0011240083258599043,-0.001476883888244629
-0.0029131723567843437,-0.0013020094484090805,-0.002239823341369629
-0.003691081888973713,-0.0025962581858038902,-0.002026081085205078
-0.0029825037345290184,-0.002521942835301161,-0.0023158788681030273
-0.002324691042304039,-0.002865570830181241,-0.0028346776962280273
-0.002035954501479864,-0.00393824465572834,-0.0026515722274780273
-0.0024842219427227974,-0.00416271248832345,-0.0021938085556030273
-0.0019321944564580917,-0.003213601652532816,-0.001476585865020752
-0.00216104369610548,-0.0031555434688925743,-0.0017817020416259766
-0.002965455874800682,-0.0033194662537425756,-0.0017206668853759766
-0.0031170351430773735,-0.0031611428130418062,-0.0028191804885864258
-0.0029601636342704296,-0.0036101527512073517,-0.0020409822463989258
-0.002857102546840906,-0.0037101313937455416,-0.002544403076171875
-0.0014266795478761196,-0.00465915584936738,-0.0026358962059020996
-0.0021758764050900936,-0.0057759759947657585,-0.002239227294921875
-0.001939102541655302,-0.004990019835531712,-0.0023459196090698242
-0.002800114918500185,-0.004152280744165182,-0.0014914274215698242
-0.0028160326182842255,-0.0033731565345078707,-0.0021017789840698242
-0.002324477769434452,-0.0021188321989029646,-0.0016745328903198242
-0.0030564400367438793,-0.0023027868010103703,-0.0019339323043823242
-0.003390701487660408,-0.0013057945761829615,-0.0011404156684875488
-0.003996032755821943,-0.0017943368293344975,-0.0024679899215698242
-0.0039239488542079926,-0.0030891180504113436,-0.0023458003997802734
-0.0039815050549805164,-0.0036537148989737034,-0.0017355680465698242
-0.002915480639785528,-0.004330609459429979,-0.0027731657028198242
-0.0034692217595875263,-0.004702351987361908,-0.0022084712982177734
-0.0032692980021238327,-0.00481310673058033,-0.0025136470794677734
-0.003489808179438114,-0.004412737675011158,-0.001262366771697998
-0.0015073060058057308,-0.0029320456087589264,-0.001735389232635498
-0.002085708547383547,-0.00237560854293406,-0.0023305416107177734
-0.0018386738374829292,-0.0033690978307276964,-0.002101600170135498
-0.0033893841318786144,-0.0038049931172281504,-0.0022236108779907227
-0.0025404230691492558,-0.0036713387817144394,-0.0025593042373657227
-0.0018856911920011044,-0.0040903231129050255,-0.0023761987686157227
-0.0028571360744535923,-0.0035928653087466955,-0.0013233423233032227
-0.0024376604706048965,-0.004232610110193491,-0.002452373504638672
-0.002162498887628317,-0.0035713249817490578,-0.0012621879577636719
-0.0029318234883248806,-0.002965932711958885,-0.0028490424156188965
-0.003232027404010296,-0.0021630926057696342,-0.0020706653594970703
-0.0029000663198530674,-0.0022078221663832664,-0.001185595989227295
-0.003917957190424204,-0.0024416560772806406,-0.002223193645477295
-0.0027557341381907463,-0.0032180892303586006,-0.0025435686111450195
-0.0032835816964507103,-0.0033623441122472286,-0.0016584396362304688
-0.0037502143532037735,-0.0035909335128962994,-0.002329707145690918
-0.0027284440584480762,-0.004121303558349609,-0.0019025802612304688
-0.0031137075275182724,-0.00293679884634912,-0.001963496208190918
-0.0018626670353114605,-0.002520340960472822,-0.002177000045776367
-0.0024644015356898308,-0.00255233864299953,-0.0017192363739013672
-0.0019061812199652195,-0.0022512273862957954,-0.0017040371894836426
-0.0017488361336290836,-0.002506279619410634,-0.002588987350463867
-0.00150336604565382,-0.002616692101582885,-0.002772092819213867
-0.0016485857777297497,-0.0029463842511177063,-0.0010783672332763672
-0.0020475387573242188,-0.0034923036582767963,-0.0021768808364868164
-0.0019662249833345413,-0.0040286811999976635,-0.003031432628631592
-0.001914224587380886,-0.003461743239313364,-0.0031839609146118164
-0.0024851220659911633,-0.003971554804593325,-0.0027872323989868164
-0.002852971199899912,-0.0032528757583349943,-0.0021768808364868164
-0.002897136379033327,-0.0028418537694960833,-0.002939939498901367
-0.0029350072145462036,-0.002755779307335615,-0.0017496347427368164
-0.0037372224032878876,-0.002679588971659541,-0.0027719736099243164
-0.0031751669012010098,-0.0033396424259990454,-0.0024515390396118164
-0.002762623131275177,-0.0033504620660096407,-0.0022836923599243164
-0.0030485372990369797,-0.003576290560886264,-0.0022379159927368164
-0.00213445071130991,-0.0035482782404869795,-0.0025582313537597656
-0.0024330532178282738,-0.0042981356382369995,-0.0024209022521972656
-0.0023109097965061665,-0.004081114660948515,-0.002466559410095215
-0.002403044607490301,-0.0036780252121388912,-0.001993417739868164
-0.0022627334110438824,-0.003669685684144497,-0.0011846423149108887
-0.0025379755534231663,-0.004100427497178316,-0.002969980239868164
-0.0030636563897132874,-0.003949426114559174,-0.001016855239868164
-0.0030600535683333874,-0.0027563769835978746,-0.001642465591430664
-0.002420024946331978,-0.003274014452472329,-0.0027104616165161133
-0.0025123865343630314,-0.003617990994825959,-0.0012149810791015625
-0.0033197328448295593,-0.004050476476550102,-0.0024509429931640625
-0.0036856411024928093,-0.0030764692928642035,-0.0008487701416015625
-0.003114377148449421,-0.0034362294245511293,-0.0018100738525390625
-0.0023308848030865192,-0.0021906057372689247,-0.0019474029541015625
-0.0019266852177679539,-0.00187016767449677,-0.002160966396331787
-0.001893649809062481,-0.002058732323348522,-0.002633810043334961
-0.002293902914971113,-0.0016055710148066282,-0.001962423324584961
-0.0019275587983429432,-0.002951122121885419,-0.002038717269897461
-0.0021101729944348335,-0.003451666561886668,-0.0005891919136047363
-0.00269524659961462,-0.0037507498636841774,-0.0015046000480651855
-0.0026981071569025517,-0.0037690317258238792,-0.0019165277481079102
-0.0024317950010299683,-0.004647074732929468,-0.001840353012084961
-0.002046865876764059,-0.0035884391982108355,-0.0015197992324829102
-0.0026370100677013397,-0.002985898405313492,-0.0016876459121704102
-0.0029147425666451454,-0.0036833886988461018,-0.0012603402137756348
-0.002862689085304737,-0.003724111244082451,-0.00200808048248291
-0.0032043778337538242,-0.004099898040294647,-0.00284731388092041
-0.002498708199709654,-0.0037852253299206495,-0.0016418695449829102
-0.002256471198052168,-0.004106524866074324,-0.0011687278747558594
-0.00250552361831069,-0.002758156042546034,-0.0007872581481933594
-0.002424676902592182,-0.002843545749783516,-0.0015805959701538086
-0.002850438468158245,-0.0036569952499121428,-0.0025876760482788086
-0.0019108126871287823,-0.0030534665565937757,-0.002663850784301758
-0.002136033959686756,-0.003669734112918377,-0.0011532306671142578
-0.0018619936890900135,-0.0031483054626733065,-0.0017940998077392578
-0.0021259458735585213,-0.0032362297642976046,-0.0010769367218017578
-0.002557463478296995,-0.0026990827172994614,-0.002358555793762207
-0.0029067774303257465,-0.002708248794078827,-0.002022862434387207
-0.0022111162543296814,-0.004265126772224903,-0.002068638801574707
-0.002855876460671425,-0.004395994357764721,-0.001992344856262207
-0.0021374342031776905,-0.004025918431580067,-0.0007410049438476562
-0.0030722967348992825,-0.003649539779871702,-0.002007603645324707
-0.002532197628170252,-0.0035283409524708986,-0.002526402473449707
-0.0022943178191781044,-0.0034528106916695833,-0.0019465088844299316
-0.0019406597130000591,-0.0036785202100872993,-0.0015038847923278809
-0.001186293549835682,-0.0033004642464220524,-0.002083718776702881
-0.0021022805012762547,-0.0028274136129766703,-0.0017937421798706055
-0.0024527274072170258,-0.0037957197055220604,-0.001137852668762207
-0.0022047292441129684,-0.0039731645956635475,-0.0014429092407226562
-0.0024029952473938465,-0.0033544981852173805,-0.0022822022438049316
-0.0026711085811257362,-0.0033075083047151566,-0.0029687881469726562
-0.0029143034480512142,-0.004205424804240465,-0.002434670925140381
-0.0031144353561103344,-0.0032957314979285,-0.0021142959594726562
-0.0032037575729191303,-0.0038590061012655497,-0.0013818740844726562
-0.0026015890762209892,-0.003021447453647852,-0.0019311904907226562
-0.0024341982789337635,-0.0033109767828136683,-0.0019159913063049316
-0.0027922657318413258,-0.00300952373072505,-0.002053380012512207
-0.002383784856647253,-0.002384789055213332,-0.0022365450859069824
-0.0020001507364213467,-0.0033717025071382523,-0.0007717609405517578
-0.001465579029172659,-0.0033996731508523226,-0.0011379122734069824
-0.0021330085583031178,-0.003196055768057704,-0.002450108528137207
-0.001813960261642933,-0.0031396690756082535,-0.002511143684387207
-0.0018909163773059845,-0.0028403489850461483,-0.001122593879699707
-0.0026333099231123924,-0.0023105593863874674,-0.0016719698905944824
-0.0035443315282464027,-0.001985760172829032,-0.002190709114074707
-0.0025429734960198402,-0.0024543541949242353,-0.0011835694313049316
-0.0023670936934649944,-0.002605949528515339,-0.001717686653137207
-0.002662947401404381,-0.003119670320302248,-0.001763463020324707
-0.0018360428512096405,-0.004236704669892788,-0.0019770264625549316
-0.0014798501506447792,-0.004124640952795744,-0.0013513565063476562
-0.0026780101470649242,-0.0048003606498241425,-0.0015343427658081055
-0.002723630517721176,-0.004355147015303373,-0.0014275312423706055
-0.002865952905267477,-0.005031703971326351,-0.0020073652267456055
-0.002391648944467306,-0.003274337388575077,-0.001061081886291504
0.00019165221601724625,-0.001618384150788188,-0.007286667823791504
0.12874971330165863,0.06036737561225891,0.002555251121520996
0.08896718919277191,0.17040513455867767,0.00566786527633667
-0.03775207698345184,0.2064989060163498,-0.005822181701660156
0.020864205434918404,0.23019157350063324,-0.006066560745239258
-0.01783085986971855,0.254855215549469,0.004324495792388916
-0.05222012847661972,0.2624717950820923,-0.0013974905014038086
-0.0009904103353619576,0.17787937819957733,-0.005654573440551758
0.04556678980588913,0.06880243122577667,0.0003573894500732422
0.03926966339349747,0.0056528206914663315,0.003058314323425293
0.08130433410406113,0.08584440499544144,0.0005864500999450684
0.06781462579965591,0.08862631022930145,-0.010674774646759033
0.03780899941921234,0.1332293152809143,0.003790140151977539
0.06554494053125381,0.23157252371311188,-0.0008335709571838379
0.09322601556777954,0.3257717192173004,0.0008292198181152344
0.08639772236347198,0.3718179762363434,-0.0010785460472106934
0.062309276312589645,0.35419729351997375,0.0023696422576904297
0.06001775339245796,0.34747108817100525,-0.0013997554779052734
0.05503741651773453,0.34202149510383606,-0.0018887519836425781
0.012639694847166538,0.27107754349708557,0.0016202330589294434
0.007137455511838198,0.2175959199666977,-0.002912163734436035
0.021802742034196854,0.1487663835287094,-0.0012035369873046875
0.03730760142207146,0.10316703468561172,-0.002699136734008789
0.07676448673009872,0.12397982180118561,-0.002088785171508789
0.0910525843501091,0.08942677825689316,-0.003934800624847412
0.11119148880243301,0.12484460324048996,-0.003111124038696289
0.0940282866358757,0.11889417469501495,0.004365205764770508
0.05117146298289299,0.05285056680440903,-0.004210233688354492
0.03342895954847336,0.020336531102657318,-0.002714991569519043
-0.0032577463425695896,-0.04418376833200455,-0.0014175176620483398
-0.02896108292043209,-0.1046929806470871,-0.001051783561706543
-0.06495679914951324,-0.1687171459197998,-0.009824633598327637
-0.09348488599061966,-0.20848733186721802,0.001695871353149414
-0.08667881786823273,-0.23039834201335907,-0.004636287689208984
-0.1072370633482933,-0.2747817933559418,0.0005208253860473633
-0.5063749551773071,-0.5561961531639099,0.012419283390045166
-1.1366711854934692,-1.0096745491027832,0.025614500045776367
-0.739490807056427,-0.9199367761611938,0.06878316402435303
-0.18255020678043365,-0.5198915004730225,0.17369890213012695
-0.01031862199306488,-0.10219521075487137,0.02981358766555786
0.18284980952739716,0.032984741032123566,-0.0014830231666564941
0.06958889961242676,-0.19415119290351868,0.04938685894012451
0.21622934937477112,-0.2697276771068573,0.23873364925384521
0.4260740578174591,-0.17492058873176575,0.45500457286834717
0.49805697798728943,-0.125212624669075,0.5501848459243774
0.433459609746933,-0.14023429155349731,0.5503542423248291
0.32758766412734985,-0.1389501988887787,0.5334213972091675
0.2585955560207367,-0.0955454632639885,0.5130339860916138
0.2037503719329834,-0.05327250063419342,0.49190813302993774
0.14402292668819427,-0.03976476192474365,0.4634484052658081
0.10659557580947876,-0.03270559012889862,0.4432804584503174
0.09550854563713074,-0.020329177379608154,0.4645730257034302
0.0927000492811203,-0.02342808246612549,0.532812237739563
0.08634811639785767,-0.04971328377723694,0.5957722663879395
0.08724112808704376,-0.044910728931427,0.5986151695251465
0.0897369533777237,-0.021589279174804688,0.5570418834686279
0.09472639858722687,-0.0035668015480041504,0.49907386302948
0.09511400759220123,0.022547662258148193,0.43731987476348877
0.09764301776885986,0.034559935331344604,0.3449835181236267
0.11646895110607147,0.03140878677368164,0.21270877122879028
0.09918828308582306,0.02922731637954712,0.09828990697860718
0.07107281684875488,0.037384033203125,0.012137770652770996
0.03130084276199341,0.060700953006744385,-0.04985237121582031
-0.04386533796787262,0.08453422784805298,-0.09762859344482422
-0.1011626124382019,0.10178446769714355,-0.11707448959350586
-0.12295037508010864,0.12098425626754761,-0.1097368597984314
-0.14089560508728027,0.14549076557159424,-0.09639185667037964
-0.142198383808136,0.16810649633407593,-0.08447438478469849
-0.1289856731891632,0.18636780977249146,-0.08351826667785645
-0.10611283034086227,0.17961132526397705,-0.08649355173110962
-0.04838769882917404,0.23045235872268677,-0.045616328716278076
-0.05045090615749359,0.17701220512390137,-0.029125630855560303
-0.04270528256893158,0.17970585823059082,-0.08171147108078003
-0.033046163618564606,0.24985253810882568,-0.1296573281288147
-0.06317396461963654,0.25813281536102295,-0.15848463773727417
-0.15293759107589722,0.2515735626220703,-0.15671050548553467
-0.27746474742889404,0.2630882263183594,-0.13004058599472046
-0.3064120411872864,0.29493725299835205,-0.10915464162826538
-0.2784535586833954,0.3345400094985962,-0.07857710123062134
-0.19866007566452026,0.37644433975219727,-0.03522127866744995
-0.039504632353782654,0.38280051946640015,0.00033926963806152344
0.130087211728096,0.34037941694259644,0.016398847103118896
0.20834216475486755,0.2676160931587219,-0.0066359639167785645
0.1891959309577942,0.23687517642974854,-0.06858521699905396
0.09914909303188324,0.2708079218864441,-0.13542932271957397
-0.026305915787816048,0.3037770986557007,-0.1855974793434143
-0.11576168239116669,0.3093257546424866,-0.2157381772994995
-0.13242241740226746,0.29347485303878784,-0.22889792919158936
-0.10078513622283936,0.2630775570869446,-0.2343577742576599
-0.0715518519282341,0.22761839628219604,-0.2371736764907837
-0.05797148495912552,0.20435237884521484,-0.2392866313457489
-0.006352020427584648,0.19068092107772827,-0.21968752145767212
0.07370363920927048,0.1530379056930542,-0.1747574806213379
0.1008419394493103,0.13250607252120972,-0.1312379240989685
0.08659474551677704,0.13681471347808838,-0.1061120331287384
0.04513852670788765,0.1411423683166504,-0.10128802061080933
-0.0010360442101955414,0.13356173038482666,-0.11878329515457153
-0.06314031779766083,0.11200755834579468,-0.13367235660552979
-0.12776631116867065,0.07506287097930908,-0.13866984844207764
-0.16280558705329895,0.048059165477752686,-0.12758159637451172
-0.17462816834449768,0.03351634740829468,-0.09379422664642334
-0.16223230957984924,0.029587626457214355,-0.04891079664230347
-0.11910945177078247,0.02171933650970459,0.0003460049629211426
-0.05553454905748367,0.01591700315475464,0.03452420234680176
0.002060607075691223,0.01657402515411377,0.046816349029541016
0.041069939732551575,0.01817256212234497,0.04947692155838013
0.056110680103302,0.01838463544845581,0.04450356960296631
0.05764952301979065,0.02031862735748291,0.03138899803161621
0.034503959119319916,0.02366560697555542,0.01033473014831543
0.008868813514709473,0.024545371532440186,-0.010943114757537842
-0.021805521100759506,0.01885432004928589,-0.029400169849395752
-0.04515322297811508,0.01602858304977417,-0.04773026704788208
-0.055793650448322296,0.014412462711334229,-0.061933159828186035
-0.05547602102160454,0.006272375583648682,-0.0747232437133789
-0.047789011150598526,-0.0019505023956298828,-0.08270883560180664
-0.035458534955978394,-0.012291967868804932,-0.07044607400894165
-0.01950058341026306,-0.012281835079193115,-0.04219555854797363
-0.023269064724445343,-0.005060672760009766,-0.024291634559631348
-0.047082897275686264,0.003207385540008545,-0.018961429595947266
-0.07510720193386078,0.01249772310256958,-0.012156903743743896
-0.09560227394104004,0.0244329571723938,-0.0013728141784667969
-0.0995006412267685,0.030923187732696533,0.01521378755569458
-0.09063909947872162,0.037589848041534424,0.028902828693389893
-0.07921598851680756,0.03896421194076538,0.03485745191574097
-0.062485821545124054,0.03724759817123413,0.033107876777648926
-0.041968271136283875,0.036632657051086426,0.02947300672531128
-0.03502146154642105,0.03835117816925049,0.021028995513916016
-0.04224078357219696,0.03693950176239014,-0.0003610849380493164
-0.04191423952579498,0.03143882751464844,-0.02304530143737793
-0.03310130536556244,0.024245917797088623,-0.03428494930267334
-0.02558521367609501,0.020221054553985596,-0.03231632709503174
-0.023738745599985123,0.015332281589508057,-0.01943868398666382
-0.016378674656152725,0.01256173849105835,-0.0033090710639953613
-0.00273020938038826,0.015361785888671875,0.011011838912963867
0.017796557396650314,0.015308856964111328,0.03208035230636597
0.04017823934555054,0.013968706130981445,0.05816483497619629
0.04437429830431938,0.00993126630783081,0.07812696695327759
0.04332469031214714,0.0017234086990356445,0.08350521326065063
0.06237472593784332,-0.0051018595695495605,0.08161097764968872
0.06158123165369034,-0.014714181423187256,0.07345879077911377
0.049563903361558914,-0.017416834831237793,0.05899250507354736
0.0494997575879097,-0.020601749420166016,0.04912525415420532
0.06613010913133621,-0.025765955448150635,0.045038044452667236
0.06851352751255035,-0.026678860187530518,0.037581801414489746
0.058495886623859406,-0.022059202194213867,0.03094613552093506
0.039194412529468536,-0.020465970039367676,0.026109158992767334
0.038972944021224976,-0.02155017852783203,0.022290825843811035
0.048446450382471085,-0.024808228015899658,0.022670626640319824
0.05194816738367081,-0.0313224196434021,0.019631505012512207
0.05179578438401222,-0.0351635217666626,0.009924471378326416
0.05203550308942795,-0.03535747528076172,-0.004307806491851807
0.05004075914621353,-0.037880778312683105,-0.01720362901687622
0.04332512617111206,-0.03814411163330078,-0.024961888790130615
0.0362970270216465,-0.03468066453933716,-0.02753812074661255
0.02696571871638298,-0.031834304332733154,-0.024317383766174316
0.018759798258543015,-0.027945399284362793,-0.016754508018493652
0.017869574949145317,-0.02180182933807373,-0.004917025566101074
0.011648626998066902,-0.017977595329284668,0.0015172958374023438
0.00032105855643749237,-0.01772308349609375,0.002107858657836914
-0.010632429271936417,-0.015450119972229004,-0.0034278035163879395
-0.015650488436222076,-0.0119437575340271,-0.009481728076934814
-0.0020034722983837128,-0.007399499416351318,-0.01173710823059082
0.01482122391462326,0.000915229320526123,-0.01585286855697632
0.019779719412326813,0.0017567276954650879,-0.023257672786712646
0.016423530876636505,0.0023903846740722656,-0.030761361122131348
-0.001355055719614029,0.005219995975494385,-0.037513673305511475
-0.014286698773503304,0.006773054599761963,-0.03710061311721802
-0.02270001918077469,0.012367069721221924,-0.0234525203704834
-0.026380043476819992,0.01664048433303833,-0.010695040225982666
-0.02348107099533081,0.02041637897491455,-0.0059792399406433105
-0.019709136337041855,0.021767795085906982,-0.003789663314819336
-0.010625246912240982,0.016302168369293213,-0.0012489557266235352
0.00434691458940506,0.014240145683288574,-0.005666971206665039
0.01108357310295105,0.010472655296325684,-0.01577383279800415
0.02107347548007965,0.004617810249328613,-0.022773027420043945
0.03201104328036308,0.0023789405822753906,-0.01659214496612549
0.03585585579276085,-0.0008233785629272461,0.0037590861320495605
0.02773144841194153,0.0027581453323364258,0.02627885341644287
0.014433205127716064,0.0010887384414672852,0.02793574333190918
0.01392320916056633,0.0013190507888793945,0.036386072635650635
0.01282324269413948,-0.009091198444366455,0.02154451608657837
-0.009011201560497284,-0.01901191473007202,-0.061053693294525146
0.059915415942668915,-0.007393062114715576,-0.06573724746704102
0.13111461699008942,-0.006400167942047119,-0.9770604968070984
0.08813035488128662,-0.2943938374519348,-0.36885547637939453
0.08518849313259125,0.22289025783538818,0.15928107500076294
-0.10183830559253693,0.14068466424942017,0.27977317571640015
-0.20540064573287964,0.0034636259078979492,0.18232136964797974
-0.12968604266643524,0.0618666410446167,0.11683738231658936
-0.05932757258415222,0.066531240940094,0.11854326725006104
-0.022357746958732605,0.024288177490234375,0.10692673921585083
-0.020201288163661957,0.009720683097839355,0.10161429643630981
-0.007160026580095291,0.0013104677200317383,0.09833115339279175
0.0030883699655532837,-0.008681654930114746,0.08539050817489624
0.01084643229842186,-0.03777909278869629,0.03637415170669556
0.01126052439212799,-0.020960986614227295,-0.020000576972961426
-0.014634035527706146,-0.009297668933868408,-0.018008828163146973
-0.030609816312789917,-0.011273801326751709,0.015114903450012207
-0.04006683826446533,-0.0018888115882873535,0.03322136402130127
-0.04032810032367706,0.009940087795257568,0.02906852960586548
-0.03312421590089798,0.02333766222000122,0.026278555393218994
-0.030016347765922546,0.02352142333984375,0.03561657667160034
-0.025492217391729355,0.01777571439743042,0.03886079788208008
-0.015835795551538467,0.01860034465789795,0.03158307075500488
-0.003665320575237274,0.019672811031341553,0.027433574199676514
0.01400797814130783,0.021463334560394287,0.03178596496582031
0.01939898356795311,0.01668649911880493,0.035640180110931396
0.024457786232233047,0.008775413036346436,0.03315478563308716
0.024199552834033966,-0.008639037609100342,0.017736971378326416
0.01873929426074028,-0.00032395124435424805,-0.0036614537239074707
0.001722581684589386,0.014833807945251465,-0.029891490936279297
-0.008283436298370361,0.007480621337890625,-0.043357253074645996
-0.005338646471500397,0.0039348602294921875,-0.050463974475860596
-0.00440400093793869,0.003094911575317383,-0.05848652124404907
-0.0007690005004405975,-0.00405430793762207,-0.05706381797790527
0.02093714103102684,-0.010331273078918457,-0.038762807846069336
0.03649580106139183,-0.005232512950897217,-0.024384915828704834
0.03320487588644028,0.0004540681838989258,-0.013893544673919678
0.01308385655283928,0.005983173847198486,-0.0022556185722351074
-0.009807933121919632,0.008695423603057861,0.005207240581512451
-0.022627290338277817,0.013295114040374756,0.0074694156646728516
-0.027663912624120712,0.017987430095672607,0.005446195602416992
-0.024930082261562347,0.01919376850128174,-0.0023874640464782715
-0.014123138040304184,0.01976954936981201,-0.010799586772918701
-0.0021907351911067963,0.011082708835601807,-0.011707484722137451
0.016587331891059875,0.005580008029937744,-0.004903554916381836
0.030187245458364487,0.003226935863494873,0.004071950912475586
0.026413146406412125,0.004166662693023682,0.016053378582000732
0.019487414509058,0.00975710153579712,0.030643045902252197
0.022093050181865692,0.010570943355560303,0.03863459825515747
0.06531047821044922,0.0013885498046875,-0.10929280519485474
0.014207269996404648,-0.026843667030334473,-0.2100784182548523
-0.042170941829681396,0.022206485271453857,-0.09729248285293579
-0.037478137761354446,0.059063494205474854,-0.09984904527664185
-0.07007912546396255,0.05771523714065552,-0.059367597103118896
-0.062039151787757874,0.1101033091545105,0.03869825601577759
-0.03619156405329704,0.159044086933136,0.06798553466796875
0.009687423706054688,0.17565631866455078,0.03790956735610962
0.06332101672887802,0.13079196214675903,-0.02772963047027588
0.03626742959022522,0.12351179122924805,-0.09329009056091309
-0.06157548725605011,0.08890759944915771,-0.1455593705177307
-0.11666075885295868,0.07825666666030884,-0.2133069634437561
-0.103158138692379,0.10843324661254883,-0.2526634931564331
-0.11859648674726486,0.1174655556678772,-0.2756888270378113
-0.10795004665851593,0.15683913230895996,-0.300881564617157
-0.06814885139465332,0.18962210416793823,-0.3059110641479492
-0.04188337177038193,0.1873195767402649,-0.3155079483985901
0.0016175135970115662,0.1798761487007141,-0.3262363076210022
0.026409544050693512,0.1682313084602356,-0.3364906311035156
0.03950027376413345,0.16026610136032104,-0.33413398265838623
0.05681870877742767,0.15937483310699463,-0.33366143703460693
0.04968506842851639,0.16206055879592896,-0.3563293218612671
0.040432438254356384,0.17132103443145752,-0.3939507007598877
0.01586340367794037,0.17471736669540405,-0.3902192711830139
-0.026203326880931854,0.17498350143432617,-0.3743193745613098
-0.058049485087394714,0.1610594391822815,-0.3494177460670471
-0.07002149522304535,0.1528579294681549,-0.3028748035430908
-0.0517766997218132,0.1284102201461792,-0.23615002632141113
0.014466248452663422,0.10158991813659668,-0.15936779975891113
0.06529434770345688,0.07786834239959717,-0.09062469005584717
0.10835684090852737,0.05397242307662964,-0.028536200523376465
0.11805931478738785,0.02348405122756958,0.020646870136260986
0.12520480155944824,-0.0041603147983551025,0.06372356414794922
0.15326640009880066,-0.011781483888626099,0.10559409856796265
0.1611320972442627,-0.02961251139640808,0.14096975326538086
0.13351528346538544,-0.04093661904335022,0.17834782600402832
0.09671326726675034,-0.04663354158401489,0.2222180962562561
0.05033758655190468,-0.040838927030563354,0.25804948806762695
-0.007219962775707245,-0.02104268968105316,0.2735328674316406
-0.05079038813710213,-0.011761650443077087,0.29583585262298584
-0.08451400697231293,-0.02936267852783203,0.32057785987854004
-0.09344987571239471,-0.061285749077796936,0.338337779045105
-0.0953802615404129,-0.08248929679393768,0.3509814739227295
-0.09632454067468643,-0.09375990927219391,0.3588114380836487
-0.08401641994714737,-0.09570926427841187,0.3612159490585327
-0.07677614688873291,-0.09638076275587082,0.36873364448547363
-0.09297071397304535,-0.10434622317552567,0.3670215606689453
-0.09630848467350006,-0.11929479241371155,0.3448060154914856
-0.0628693476319313,-0.13064542412757874,0.311173677444458
-0.0359974130988121,-0.13590726256370544,0.27513831853866577
-0.03054785542190075,-0.14008493721485138,0.24917101860046387
-0.030531760305166245,-0.13168583810329437,0.23524034023284912
-0.01809319481253624,-0.11600765585899353,0.21743786334991455
-0.023117024451494217,-0.10011816024780273,0.2012021541595459
-0.03856836259365082,-0.08418451249599457,0.18553853034973145
-0.045088991522789,-0.07243544608354568,0.161932110786438
-0.02618858963251114,-0.08066514134407043,0.121859610080719
-0.0154868233948946,-0.04416121542453766,0.09263277053833008
-0.014529824256896973,-0.04491967335343361,0.05571472644805908
-0.013416333124041557,-0.055169567465782166,-0.0245816707611084
-0.031150277704000473,-0.022990643978118896,-0.035124778747558594
-0.026015810668468475,0.025389619171619415,0.01755070686340332
-0.03761482983827591,0.012528158724308014,0.024255573749542236
-0.06983519345521927,0.02624611184000969,0.05591022968292236
-0.060681357979774475,0.03900187462568283,0.08408856391906738
-0.03559250384569168,0.032779380679130554,0.09429192543029785
-0.011693831533193588,0.03260277211666107,0.10508841276168823
0.0035896487534046173,0.021980050951242447,0.0950460433959961
0.013590056449174881,0.005776096601039171,0.0560297966003418
0.02291705831885338,0.001531035639345646,0.008144915103912354
0.028706297278404236,-0.005101005081087351,-0.053337156772613525
0.04477303847670555,-0.014780416153371334,-0.11566376686096191
0.051765840500593185,-0.0057177357375621796,-0.165604829788208
0.05127764493227005,-0.009747287258505821,-0.16604113578796387
0.044506900012493134,0.001857813447713852,-0.09861904382705688
0.04361502453684807,0.09521255642175674,0.8649858832359314
0.0903145968914032,0.05748175084590912,0.06141459941864014
0.09916237741708755,0.04391215741634369,-0.010653257369995117
0.08998966217041016,-0.016821732744574547,0.02755272388458252
0.0367124006152153,0.0033249706029891968,0.030791401863098145
0.014665370807051659,0.02031184360384941,-0.0016268491744995117
0.020141661167144775,0.0058557502925395966,-0.016004085540771484
0.044532883912324905,0.003558056429028511,-0.005375981330871582
0.055840205401182175,0.013979729264974594,0.012622654438018799
0.04605402424931526,0.008494080044329166,0.03769946098327637
0.049287986010313034,-0.006419899873435497,0.0031396150588989258
0.008547374047338963,-0.028942914679646492,0.0022808313369750977
-0.028508367016911507,-0.07478979229927063,-0.024583637714385986
-0.029030613601207733,-0.1271257996559143,-0.012404322624206543
0.05282953009009361,-0.11617400497198105,0.010072827339172363
0.010179423727095127,-0.021651020273566246,0.09317505359649658
0.015120074152946472,-0.004904348403215408,0.02541041374206543
-0.14619170129299164,-0.2227807492017746,-0.017298460006713867
-0.19597794115543365,-0.27485352754592896,0.0008594989776611328
-0.10086554288864136,-0.22248686850070953,-0.002543210983276367
-0.10737349092960358,-0.1518729329109192,0.000905156135559082
-0.11933346837759018,-0.06856393814086914,-0.005732536315917969
-0.08712434023618698,-0.05271300673484802,-0.0028030872344970703
-0.024282963946461678,-0.06781264394521713,0.001713395118713379
0.02061913162469864,-0.0836992934346199,-0.006129741668701172
0.059493787586688995,-0.0823247954249382,-0.0025593042373657227
0.08898741006851196,-0.05555545538663864,0.0023846030235290527
0.06169145554304123,0.0004547832068055868,-0.002696692943572998
0.01643282175064087,0.03484201431274414,-0.0023305416107177734
3.066565841436386e-05,0.025966711342334747,-0.00010287761688232422
0.003787216730415821,-0.0009161578491330147,-0.0029411911964416504
-0.044916074723005295,-0.022365838289260864,-0.0048487186431884766
-0.11663949489593506,-0.002081365790218115,-0.00040853023529052734
-0.10264434665441513,0.004953620955348015,-0.0008358955383300781
-0.04700269177556038,-0.008212651126086712,-0.0042539238929748535
-0.006122039631009102,0.015221985056996346,-0.0039945244789123535
0.05136017128825188,0.015704361721873283,-0.0010191798210144043
0.045539360493421555,0.031466107815504074,-0.002956986427307129
0.013684726320207119,0.05901670083403587,-0.003567337989807129
-0.013635762967169285,0.07068196684122086,-0.001064896583557129
-0.011177679523825645,0.046929698437452316,-0.0014309883117675781
-0.02689303457736969,0.0465417355298996,-0.0032924413681030273
-0.053217433393001556,0.06225305050611496,-0.0005914568901062012
-0.08958647400140762,0.10029375553131104,-0.0020714998245239258
-0.09949662536382675,0.09344162046909332,-0.0026055574417114258
-0.10773751139640808,0.08463945984840393,-0.0033532381057739258
-0.12354976683855057,0.10443058609962463,-0.0008354783058166504
-0.09765037894248962,0.12727487087249756,-0.0021324753761291504
-0.04794195294380188,0.13823722302913666,-0.0011254549026489258
-0.005268867593258619,0.16093085706233978,-0.000637054443359375
0.013853530399501324,0.18162930011749268,0.00011074542999267578
0.023985564708709717,0.19865155220031738,-0.0028647184371948242
0.014825809746980667,0.21551309525966644,-0.0009877681732177734
0.0258006751537323,0.22734381258487701,-0.0010181069374084473
0.06738435477018356,0.24187715351581573,-0.001704573631286621
0.10195264965295792,0.2288060039281845,-0.0021469593048095703
0.10753300040960312,0.12680891156196594,-0.0021317005157470703
0.07934074103832245,-0.017255093902349472,-0.001323103904724121
0.06055184453725815,-0.09576141089200974,-0.002894759178161621
-0.002194934291765094,-0.012919355183839798,-0.001567244529724121
-0.00849552545696497,-0.00018956884741783142,-0.003093123435974121
-0.005929785780608654,-0.006800446659326553,-0.003413558006286621
-0.007193461991846561,-0.004957516677677631,-0.001551985740661621
-0.007822761312127113,-0.005171615164726973,-0.002452254295349121
-0.008393379859626293,-0.004032022785395384,-0.001887679100036621
-0.007336379960179329,-0.003965798299759626,-0.001429915428161621
-0.008006115444004536,-0.0033320216462016106,-0.001460433006286621
-0.0075459606014192104,-0.0023998732212930918,-0.0035355091094970703
-0.006091299466788769,-0.0022858809679746628,-0.0025742053985595703
-0.0064909206703305244,-0.0017768830293789506,-0.0011246204376220703
-0.005886822938919067,-0.0009599949698895216,-0.0019638538360595703
-0.006827293895184994,-0.0017720323521643877,-0.0013687610626220703
-0.0073014614172279835,-0.001886140787974,-0.0010788440704345703
-0.007156338542699814,-0.003019698429852724,-0.0015060901641845703
-0.007228664588183165,-0.0031572245061397552,-0.0034592151641845703
-0.007101972587406635,-0.004952236544340849,-0.0022689104080200195
-0.0061873141676187515,-0.005996861960738897,-0.0025130510330200195
-0.005893393885344267,-0.006967269349843264,-0.0019789934158325195
-0.006455421447753906,-0.006546421907842159,-0.0015363693237304688
-0.005506287328898907,-0.004537758883088827,-0.0017957687377929688
-0.005320767872035503,-0.003925681114196777,-0.0022076964378356934
-0.0057237157598137856,-0.004311772529035807,-0.002528071403503418
-0.0053590754978358746,-0.0029904828406870365,-0.002207636833190918
-0.005649817641824484,-0.0019059175392612815,-0.003138422966003418
-0.00571622047573328,-0.0011452652979642153,-0.0030162930488586426
-0.005496100056916475,-0.0009341086260974407,-0.0011088252067565918
-0.00657311175018549,-0.00115383870434016,-0.0022684335708618164
-0.006305906921625137,-0.0011873458279296756,-0.001932680606842041
-0.006000653374940157,-0.0024559306912124157,-0.0014901161193847656
-0.00676305778324604,-0.003621615469455719,-0.0016121268272399902
-0.0070942472666502,-0.003429870121181011,-0.0020546317100524902
-0.006228538695722818,-0.004424558952450752,-0.0016273260116577148
-0.006129245273768902,-0.0058897132985293865,-0.002924323081970215
-0.005904093850404024,-0.005095719825476408,-0.0021002888679504395
-0.005714823957532644,-0.005110080353915691,-0.0022986531257629395
-0.005712662823498249,-0.00473008630797267,-0.0016577839851379395
-0.005578286945819855,-0.004393653944134712,-0.002344369888305664
-0.0052585480734705925,-0.003758723847568035,-0.001932382583618164
-0.005678331013768911,-0.003766067326068878,-0.0014287829399108887
-0.005801089107990265,-0.003539209719747305,-0.0007878541946411133
-0.006462026387453079,-0.0011097879614681005,-0.0013675689697265625
-0.007688703015446663,-0.0014201623853296041,-0.0012912750244140625
-0.006729661487042904,-0.0013300558784976602,-0.0018253326416015625
-0.007649432867765427,-0.000737662659958005,-0.0019472837448120117
-0.0061986735090613365,-0.0023422951344400644,-0.0017489194869995117
-0.005434627179056406,-0.0028273763600736856,-0.0015658140182495117
-0.005635176785290241,-0.0029451448936015368,-0.0016115903854370117
-0.005585130304098129,-0.004706459119915962,-0.003961443901062012
-0.013692488893866539,-0.011804759502410889,-0.05973207950592041
-0.024471621960401535,-0.03671622648835182,0.049078404903411865
-0.016942443326115608,0.003676830790936947,0.07074564695358276
0.006875042803585529,0.021912647411227226,-0.06543904542922974
0.016862208023667336,0.02584892325103283,-0.03263258934020996
0.006147926673293114,0.01513080857694149,0.04431748390197754
0.002700046868994832,0.003444577567279339,-0.004709005355834961
0.0002655182033777237,-0.007646346464753151,-0.028421223163604736
-0.006950618699193001,-0.016633423045277596,0.002279520034790039
-0.010436495766043663,-0.022864418104290962,0.02915024757385254
-0.00881214439868927,-0.01766011491417885,-0.02501845359802246
-0.011378457769751549,-0.011495034210383892,-0.017968952655792236
-0.012215064838528633,-0.007778513245284557,0.02940952777862549
-0.007829815149307251,-0.0012147307861596346,-0.012918412685394287
-0.004536361899226904,0.0004250241909176111,-0.022073686122894287
-0.006523819174617529,0.0010671792551875114,0.019720077514648438
-0.006753087043762207,-0.0032173083163797855,0.0006008744239807129
-0.005135854706168175,-0.004135671071708202,-0.02138698101043701
-0.005958870053291321,-0.006045173387974501,0.006811320781707764
-0.004187618847936392,-0.00725580845028162,0.006765484809875488
-0.001212284667417407,-0.0029174890369176865,-0.010278463363647461
-0.0016431305557489395,0.003828692017123103,-0.0005433559417724609
-0.00294101657345891,0.007427188567817211,0.003851175308227539
-0.0035994115751236677,0.010986283421516418,-0.004220724105834961
-0.006394104100763798,0.009939425624907017,-0.008310079574584961
-0.009689036756753922,0.004081391263753176,0.005254983901977539
-0.01301712729036808,-0.0038756378926336765,0.0009063482284545898
-0.01582357846200466,-0.013113799504935741,-0.00792849063873291
-0.01752937212586403,-0.01903533935546875,0.0024323463439941406
-0.01704682782292366,-0.021411452442407608,-0.0017943382263183594
-0.012873390689492226,-0.017826704308390617,-0.005914211273193359
-0.0076695638708770275,-0.012156493961811066,0.0007233619689941406
-0.003785444423556328,-0.0045556616969406605,-0.0008025169372558594
-0.0021262504160404205,0.003185118781402707,-0.004556179046630859
-4.242477007210255e-05,0.006140422075986862,-0.0018552541732788086
0.0017223749309778214,0.007493467070162296,-0.0010312795639038086
0.0024725322145968676,0.00737194437533617,0.0001742839813232422
0.0029801419004797935,0.0043220617808401585,-0.005211830139160156
0.0019975360482931137,-0.0009053726680576801,-0.00034427642822265625
-0.0006910769734531641,-0.006142869126051664,-0.0014427900314331055
-0.004394026473164558,-0.009058130905032158,-0.0055779218673706055
-0.007440682966262102,-0.011476395651698112,-0.00013053417205810547
-0.01241412851959467,-0.01081051118671894,0.0009833574295043945
-0.013338940218091011,-0.009010972455143929,-0.0033653974533081055
-0.013821402564644814,-0.006282115820795298,-0.0021904706954956055
-0.013637268915772438,-0.0043935757130384445,5.251169204711914e-05
-0.010943522676825523,-0.0035169385373592377,-0.004494726657867432
-0.005444721784442663,-0.0029493363108485937,-0.004036962985992432
-0.001971322577446699,-0.0023456139024347067,0.00023555755615234375
0.0017731962725520134,-0.0004516530316323042,-0.0021752119064331055
0.002076303819194436,-0.0001387437805533409,-0.0030601024627685547
-0.000895113218575716,0.0004971278831362724,-0.001091599464416504
-0.0035354483406990767,0.0009208354167640209,-0.0006032586097717285
-0.006604140158742666,0.0016644245479255915,-0.004112720489501953
-0.008395922370254993,0.002058665733784437,-0.0013202428817749023
-0.008915109559893608,0.0019964121747761965,-0.0013812780380249023
-0.008132915943861008,0.0008431482128798962,-0.0017322301864624023
-0.006114744581282139,-0.003056740155443549,-0.0019458532333374023
-0.005552350543439388,-0.007927415892481804,-0.00048106908798217773
-0.006056873127818108,-0.01129902619868517,-0.0012288093566894531
-0.005763045512139797,-0.014384962618350983,-0.002357959747314453
-0.006867889314889908,-0.013607191853225231,-0.0030292868614196777
-0.007164324168115854,-0.009438025765120983,-0.0032275915145874023
-0.006668448448181152,-0.0039527202025055885,-0.0021289587020874023
-0.006693090312182903,0.0017140619456768036,-0.0023883581161499023
-0.006220042705535889,0.005602903198450804,-0.00031310319900512695
-0.003885071026161313,0.008106585592031479,-0.003776848316192627
-0.0030021879356354475,0.006016887724399567,-0.0017778873443603516
-0.0020926082506775856,0.002386595355346799,-0.0005113482475280762
-0.0016694569494575262,-0.0021559689193964005,-0.0028458833694458008
-0.0021058316342532635,-0.005369458347558975,-0.0013657808303833008
-0.002463185228407383,-0.00872295256704092,-0.00054168701171875
-0.004437151364982128,-0.00988760031759739,-0.00153350830078125
-0.006198282819241285,-0.009742057882249355,-0.00240325927734375
-0.007559801451861858,-0.0074201468378305435,-0.00154876708984375
-0.009894250892102718,-0.006100902333855629,-0.00251007080078125
-0.010007897391915321,-0.003973552491515875,-0.00272369384765625
-0.009210445918142796,-0.003059673821553588,-0.00260162353515625
-0.007731781341135502,-0.002475699642673135,-0.0021284818649291992
-0.007048816420137882,-0.0020382541697472334,-0.0009688138961791992
-0.005785840563476086,-0.0017048704903572798,-0.0012739896774291992
-0.004509539343416691,-0.001700680935755372,-0.0021588802337646484
-0.0034889187663793564,-0.000408366322517395,-0.0020366907119750977
-0.0033028796315193176,0.0012432935182005167,-0.0034556984901428223
-0.001475959550589323,0.0022674091160297394,-0.002524852752685547
-0.0015226835384964943,0.0028760344721376896,-0.002067089080810547
-0.0027829918544739485,0.0015501240268349648,-0.002631664276123047
-0.004353636875748634,-0.0018875799141824245,-0.0006173849105834961
-0.005229205824434757,-0.0058318134397268295,-0.001822829246520996
-0.008527025580406189,-0.009296251460909843,-0.002646923065185547
-0.009956075809895992,-0.010549469850957394,-0.002616286277770996
-0.009911113418638706,-0.010845237411558628,-0.002357006072998047
-0.00922860112041235,-0.009154172614216805,-0.001502394676208496
-0.007019959390163422,-0.005820462480187416,-0.0017465949058532715
-0.005038202740252018,-0.0027641397900879383,-0.0008158087730407715
-0.004442554898560047,0.0003039098810404539,-0.001227736473083496
-0.0028504941146820784,0.00199248013086617,-0.0027077198028564453
-0.0028918543830513954,0.0023078087251633406,-0.0024788379669189453
-0.0022772892843931913,0.0012364848516881466,-0.0015937089920043945
-0.00277524720877409,6.261561065912247e-05,-0.0032567977905273438
-0.0027229352854192257,-0.002269323915243149,-0.0024023056030273438
-0.0035344029311090708,-0.003883766708895564,-0.002020716667175293
-0.004704901948571205,-0.005105908494442701,-0.002768397331237793
-0.005610636901110411,-0.004869405180215836,-0.001944422721862793
-0.007379572838544846,-0.0036860399413853884,-0.0017919540405273438
-0.008788012899458408,-0.00353865884244442,-0.001196742057800293
-0.010561833158135414,-0.0031664918642491102,-0.001685023307800293
-0.011016699485480785,-0.0030305914115160704,-0.001974940299987793
-0.011731281876564026,-0.004035409539937973,-0.001273036003112793
-0.010106159374117851,-0.004248864017426968,-0.002417445182800293
-0.006557655520737171,-0.004697960801422596,-0.002875089645385742
-0.0029937427025288343,-0.0035679247230291367,-0.002432584762573242
-0.0022076668683439493,-0.0016436560545116663,-0.002234220504760742
0.000202567083761096,-0.0002296948805451393,-0.003546476364135742
0.0012107903603464365,-0.0006787152960896492,-0.0028291940689086914
0.00023913918994367123,0.0007803200278431177,-0.0017915964126586914
-0.0006140174809843302,0.0008619145955890417,-0.0016999244689941406
-0.002650762442499399,-0.0005367030389606953,-0.0018829107284545898
-0.0056518679484725,-0.00201830524019897,-0.0016235113143920898
-0.007825198583304882,-0.003868982195854187,-0.0017303228378295898
-0.010268935933709145,-0.005070065148174763,-0.00235593318939209
-0.011234801262617111,-0.00653604744002223,-0.0014556646347045898
-0.011336993426084518,-0.007829135283827782,-0.00256955623626709
-0.011125165037810802,-0.006937336642295122,-0.00276792049407959
-0.00824966561049223,-0.005625688470900059,-0.0013488531112670898
-0.005708083510398865,-0.004139171913266182,-0.0018218755722045898
-0.0042155422270298,-0.003287739120423794,-0.0017913579940795898
-0.00474931625649333,-0.002129595959559083,-0.001714944839477539
-0.0026326854713261127,-0.0020018902141600847,-0.0018368959426879883
-0.0036232098937034607,-0.0009492335375398397,-0.0018368959426879883
-0.003731925506144762,-0.001085094641894102,-0.0024929046630859375
-0.0024673347361385822,-0.0012623476795852184,-0.0016535520553588867
-0.003257052507251501,-0.0003751092590391636,-0.0022333860397338867
-0.0031212212052196264,-0.0008718480821698904,-0.0015619993209838867
-0.004932099487632513,-0.00136612169444561,-0.0015314817428588867
-0.006054661702364683,-0.002280574757605791,-0.0011194944381713867
-0.00784250721335411,-0.0038131207693368196,-0.0017451047897338867
-0.00817468948662281,-0.003965835087001324,-0.0024164915084838867
-0.00866783782839775,-0.0047381059266626835,-0.0017603635787963867
-0.007347611710429192,-0.004670482128858566,-0.0011652708053588867
-0.007263220380991697,-0.004117047414183617,-0.0010431408882141113
-0.006221005693078041,-0.003072492079809308,-0.0016840100288391113
-0.005778513383120298,-0.002938547870144248,-0.001699209213256836
-0.004921511746942997,-0.0024963633622974157,-0.002340078353881836
-0.0038293765392154455,-0.0025713492650538683,-0.0025841593742370605
-0.0039780111983418465,-0.0013119771610945463,-0.0018516778945922852
-0.003008454106748104,-0.0014540129341185093,-0.002065300941467285
-0.0024390555918216705,-0.0009451690129935741,-0.002004265785217285
-0.0027529809158295393,-0.0002521118149161339,-0.0025992393493652344
-0.0038782069459557533,-0.0014900639653205872,-0.001851499080657959
-0.00568985752761364,-0.003490277798846364,-0.0019125938415527344
-0.006120502948760986,-0.005007938947528601,-0.0023245811462402344
-0.007456363644450903,-0.005345718469470739,-0.0023093223571777344
-0.007835844531655312,-0.005071582272648811,-0.0022940635681152344
-0.007865791209042072,-0.004859883338212967,-0.002492368221282959
-0.006343563552945852,-0.004970298148691654,-0.002965390682220459
-0.006423765793442726,-0.0034125708043575287,-0.0023854970932006836
-0.006747374311089516,-0.0020580370910465717,-0.002629578113555908
-0.00573631701990962,-0.0015996403526514769,-0.0034230947494506836
-0.003832561429589987,-0.0012105735950171947,-0.0022329092025756836
-0.003821095684543252,-0.001494786934927106,-0.0026296377182006836
-0.0047720554284751415,-0.0012191054411232471,-0.0019887685775756836
-0.004686801694333553,-0.001721906941384077,-0.002568542957305908
-0.004473960027098656,-0.0026956265792250633,-0.002782106399536133
-0.004147907719016075,-0.001970483921468258,-0.003010988235473633
-0.005569819360971451,-0.002210655715316534,-0.0019276142120361328
-0.006322530563920736,-0.0031728120520710945,-0.0013630390167236328
-0.005614297464489937,-0.003596798051148653,-0.002003788948059082
-0.006467568688094616,-0.0037652042228728533,-0.0027208328247070312
-0.006845646537840366,-0.004171859472990036,-0.0014848709106445312
-0.005406980402767658,-0.002956721233204007,-0.0024155378341674805
-0.0045110611245036125,-0.0036567531060427427,-0.0010727643966674805
-0.003956876695156097,-0.003061553230509162,-0.0016068220138549805
-0.0043109385296702385,-0.002722121076658368,-0.0021103620529174805
-0.003991193138062954,-0.0018214310985058546,-0.0020797252655029297
-0.004542604088783264,-0.0023025991395115852,-0.001728653907775879
-0.005007535219192505,-0.0020861923694610596,-0.001240372657775879
-0.005172760225832462,-0.0017947293817996979,-0.002140522003173828
-0.0051870765164494514,-0.0013216177467256784,-0.0015301704406738281
-0.003999031148850918,-0.0025290909688919783,-0.0017895698547363281
-0.0042795054614543915,-0.002486117882654071,-0.0019115209579467773
-0.005151762627065182,-0.0026219256687909365,-0.0013927817344665527
-0.005418485030531883,-0.002830839715898037,-0.0021251440048217773
-0.006411013193428516,-0.0035857832990586758,-0.0020335912704467773
-0.006521984934806824,-0.00370474043302238,-0.0019267797470092773
-0.006589017808437347,-0.0032574969809502363,-0.0024607181549072266
-0.005544776096940041,-0.002824046416208148,-0.0019266605377197266
-0.0052967555820941925,-0.0023433363530784845,-0.0014535188674926758
-0.004234393127262592,-0.0021495046094059944,-0.0022164583206176758
-0.003924260381609201,-0.0015106031205505133,-0.0014230012893676758
-0.0036730116698890924,-0.0011884942650794983,-0.0016213655471801758
-0.002887926297262311,-0.0015244160313159227,-0.0020333528518676758
-0.0035217045806348324,-0.002077557146549225,-0.001499176025390625
-0.0042823320254683495,-0.0021853395737707615,-0.0011938810348510742
-0.004659160040318966,-0.0022729146294295788,-0.0017584562301635742
-0.0050167301669716835,-0.002274540951475501,-0.0012701749801635742
-0.005815066397190094,-0.0031781867146492004,-0.0024144649505615234
-0.006593500263988972,-0.0034305881708860397,-0.0029637813568115234
-0.0059198373928666115,-0.0033397385850548744,-0.0019414424896240234
-0.0051696039736270905,-0.0033187277149409056,-0.0024448633193969727
-0.0055984556674957275,-0.0021329494193196297,-0.0013462305068969727
-0.004914896562695503,-0.0022690051700919867,-0.0016514062881469727
-0.005274775438010693,-0.0032818082254379988,-0.0021396875381469727
-0.00467318668961525,-0.0033704449888318777,-0.002292156219482422
-0.00428689643740654,-0.003239876125007868,-0.0016512870788574219
-0.004152641631662846,-0.0025463218335062265,-0.0017886161804199219
-0.004314548801630735,-0.0015871422365307808,-0.002170085906982422
-0.004021765198558569,-0.001326041528955102,-0.0024296045303344727
-0.00464657275006175,-0.001591771375387907,-0.0013461709022521973
-0.004214594606310129,-0.0013510189019143581,-0.0013155937194824219
-0.005407243501394987,-0.002167434897273779,-0.002398967742919922
-0.005417149513959885,-0.0021742742974311113,-0.001986861228942871
-0.0060553960502147675,-0.0027727310080081224,-0.002337813377380371
-0.005483921151608229,-0.0036658712197095156,-0.003207564353942871
-0.005804332438856363,-0.003111419267952442,-0.0021851062774658203
-0.0053919581696391106,-0.0029919887892901897,-0.0019257068634033203
-0.004878017120063305,-0.0018708202987909317,-0.001406848430633545
-0.0044050030410289764,-0.0018461041618138552,-0.0017273426055908203
-0.004620064981281757,-0.0019304025918245316,-0.001467883586883545
-0.004292644094675779,-0.002583390334621072,-0.0018492937088012695
-0.003930562641471624,-0.002703324658796191,-0.0026273727416992188
-0.004972765222191811,-0.0020604454912245274,-0.0010862350463867188
-0.003998128697276115,-0.0018576746806502342,-0.001574397087097168
-0.003648997750133276,-0.00261602527461946,-0.002550959587097168
-0.003792844247072935,-0.002356615150347352,-0.001620173454284668
-0.004143977537751198,-0.0025468384847044945,-0.001772761344909668
-0.004390598274767399,-0.0025798731949180365,-0.002566218376159668
-0.004695764277130365,-0.0027037737891077995,-0.0017879009246826172
-0.005186410620808601,-0.0023649795912206173,-0.0007654428482055664
-0.005592959932982922,-0.0028632250614464283,-0.0030541419982910156
-0.0055885533802211285,-0.0024119436275213957,-0.003206610679626465
-0.0053176372312009335,-0.0030876188538968563,-0.0018333196640014648
-0.005802779924124479,-0.0032059161458164454,-0.0018485784530639648
-0.006091723218560219,-0.0029009967111051083,-0.002443552017211914
-0.004542322363704443,-0.0020943942945450544,-0.0022755861282348633
-0.00321950763463974,-0.001342009985819459,-0.0029927492141723633
-0.003270220011472702,-0.0009804158471524715,-0.0010701417922973633
-0.004318514373153448,-0.0009501513559371233,-0.0019246935844421387
-0.0038449731655418873,-0.0011099979747086763,-0.002504587173461914
-0.003269110806286335,-0.0017687433864921331,-0.0019704103469848633
-0.0035631642676889896,-0.0017987345345318317,-0.0018635392189025879
-0.003962208982557058,-0.0024820619728416204,-0.0016803741455078125
-0.0045386990532279015,-0.002316711936146021,-0.0021686553955078125
-0.00456481147557497,-0.002581884851679206,-0.0025347471237182617
-0.0044882032088935375,-0.0025728894397616386,-0.0019092559814453125
-0.00407458795234561,-0.002499506575986743,-0.002214372158050537
-0.003961300943046808,-0.0028866601642221212,-0.0018175840377807617
-0.004803748801350594,-0.0019421186298131943,-0.0021075010299682617
-0.004582611843943596,-0.0015213130973279476,-0.0020769834518432617
-0.004731970839202404,-0.001993712270632386,-0.0010393857955932617
-0.004393210634589195,-0.0025584064424037933,-0.0008867979049682617
-0.004629716742783785,-0.0030825070571154356,-0.0016192197799682617
-0.00565266003832221,-0.0033295864704996347,-0.0021075010299682617
-0.005292538553476334,-0.0030035427771508694,-0.0028704404830932617
-0.004880906082689762,-0.002104409271851182,-0.0019396543502807617
-0.005231847986578941,-0.002911063376814127,-0.0014361143112182617
-0.004373655188828707,-0.0030130159575492144,-0.0021380186080932617
-0.004796457476913929,-0.002090958645567298,-0.001985311508178711
-0.004646939691156149,-0.0021792908664792776,-0.001817464828491211
-0.004787609446793795,-0.0023592994548380375,-0.0019088983535766602
-0.003755871206521988,-0.002108535263687372,-0.00251924991607666
-0.004617058672010899,-0.0022933203727006912,-0.0016646385192871094
-0.004553811624646187,-0.00185876851901412,-0.0013747811317443848
-0.004220315255224705,-0.0017021605744957924,-0.0014357566833496094
-0.0039757611230015755,-0.002374422037974,-0.0020003318786621094
-0.0031936424784362316,-0.001999728614464402,-0.001420438289642334
-0.0044878083281219006,-0.00240880623459816,-0.0019544363021850586
-0.004101086407899857,-0.0022110913414508104,-0.0019239187240600586
-0.004481079056859016,-0.0015667350962758064,-0.0023969411849975586
-0.0038186348974704742,-0.0029538036324083805,-0.0017101764678955078
-0.004263678565621376,-0.0033039459958672523,-0.0023816823959350586
-0.005107462406158447,-0.0028387627098709345,-0.0019391775131225586
-0.0048647006042301655,-0.0026308868546038866,-0.002457857131958008
-0.0055068121291697025,-0.002460226183757186,-0.002442598342895508
-0.005828713998198509,-0.002291205106303096,-0.002549409866333008
-0.004217040725052357,-0.0019420122262090445,-0.001984834671020508
-0.004123516380786896,-0.0016758323181420565,-0.0021831393241882324
-0.004956624936312437,-0.0018754347693175077,-0.001984715461730957
-0.0048881894908845425,-0.001842755125835538,-0.001649022102355957
-0.005330068990588188,-0.0020953763741999865,-0.0007181167602539062
-0.004168273415416479,-0.001659539993852377,-0.0020914077758789062
-0.0035878028720617294,-0.0016498283948749304,-0.0028696060180664062
-0.004222715273499489,-0.0026593953371047974,-0.0016794204711914062
-0.004299717023968697,-0.0029599308036267757,-0.0014199018478393555
-0.004201238974928856,-0.002699797973036766,-0.0018929839134216309
-0.004075013101100922,-0.0016512265428900719,-0.0020456314086914062
-0.005282951053231955,-0.0023039146326482296,-0.0019845962524414062
-0.004659464582800865,-0.0027511061634868383,-0.0013590455055236816
-0.00499759241938591,-0.0023085882421582937,-0.0012674927711486816
-0.004776615183800459,-0.0022092980798333883,-0.002472996711730957
-0.004316607490181923,-0.002131585031747818,-0.002183079719543457
-0.00500901136547327,-0.002381980186328292,-0.0018167495727539062
-0.005126511678099632,-0.0021805278956890106,-0.0015726089477539062
-0.004446810111403465,-0.002336139790713787,-0.0021981000900268555
-0.0036828648298978806,-0.0021047729533165693,-0.0025185346603393555
-0.0034349607303738594,-0.001454611076042056,-0.0014656782150268555
-0.004359975922852755,-0.0022286567836999893,-0.0021981000900268555
-0.004763919860124588,-0.002655599033460021,-0.0018317699432373047
-0.0036447858437895775,-0.0020485094282776117,-0.0024573802947998047
-0.004493201617151499,-0.0025357918348163366,-0.001755356788635254
-0.00436062877997756,-0.0016980285290628672,-0.001587510108947754
-0.004808345343917608,-0.002054821467027068,-0.0015721321105957031
-0.0048744152300059795,-0.003221832914277911,-0.0017399787902832031
-0.005687561817467213,-0.0027987826615571976,-0.0017857551574707031
-0.005068676080554724,-0.0028376600239425898,-0.003006577491760254
-0.0041342126205563545,-0.0024034488014876842,-0.002151966094970703
-0.005084583070129156,-0.002565975533798337,-0.002365589141845703
-0.005346912425011396,-0.0014620106667280197,-0.0019534826278686523
-0.004365692380815744,-0.0009082199539989233,-0.0014499425888061523
-0.0032734242267906666,-0.0010935538448393345,-0.0025637149810791016
-0.004151981323957443,-0.0013110954314470291,-0.0015565156936645508
-0.0047559840604662895,-0.0020374180749058723,-0.0012054443359375
-0.004480700474232435,-0.0016147592104971409,-0.0011442899703979492
-0.0032638912089169025,-0.001634077401831746,-0.0024718046188354492
-0.003912008833140135,-0.0025130778085440397,-0.0021817684173583984
-0.0042568775825202465,-0.0028902373742312193,-0.0020596981048583984
-0.003956987056881189,-0.001754092052578926,-0.0013730525970458984
-0.004081995226442814,-0.002075292868539691,-0.0017545223236083984
-0.004037549719214439,-0.002220040885731578,-0.0015561580657958984
-0.004909959156066179,-0.0022613396868109703,-0.0028531551361083984
-0.005367959383875132,-0.0032864385284483433,-0.002334296703338623
-0.005027517676353455,-0.0031386101618409157,-0.001617133617401123
-0.005516160745173693,-0.0028983750380575657,-0.001678168773651123
-0.004976164549589157,-0.0021971198730170727,-0.0024563074111938477
-0.004576892126351595,-0.0027330939192324877,-0.0010982751846313477
-0.004160454962402582,-0.0021081429440528154,-0.0018763542175292969
-0.0038894033059477806,-0.002337500685825944,-0.002761363983154297
-0.003766932524740696,-0.0017589731141924858,-0.0018458366394042969
-0.003770552109926939,-0.0023149889893829823,-0.0024563074111938477
-0.00457317428663373,-0.00323979533277452,-0.0031734704971313477
-0.00531088188290596,-0.004605996888130903,-0.002593517303466797
-0.005180443171411753,-0.006791570223867893,-0.0015864968299865723
-0.004154613241553307,-0.0073251426219940186,-0.0024868249893188477
-0.0029413849115371704,-0.006105800159275532,-0.0017848014831542969
-0.002880210056900978,-0.005960267037153244,-0.00018262863159179688
-0.004141818732023239,-0.005334913730621338,-0.002135753631591797
-0.0028442926704883575,-0.0033711327705532312,-0.0005030632019042969
-0.0030882791616022587,2.113240770995617e-05,-0.0020288825035095215
-0.004962635692209005,0.0027259443886578083,-0.0016322135925292969
-0.004239990375936031,0.0038711910601705313,-0.0053095221519470215
-0.0040990919806063175,0.004616215825080872,0.0003363490104675293
-0.004610690753906965,0.006252096965909004,0.001007676124572754
-0.005405922885984182,0.0064786141738295555,-0.0019220709800720215
-0.006614441983401775,0.005446319002658129,-0.003249526023864746
-0.0066660670563578606,0.004453261382877827,-0.0034326910972595215
-0.0067950282245874405,0.0029097178485244513,-0.003463149070739746
-0.0061361831612885,-0.0006548264063894749,-0.003066420555114746
-0.010970527306199074,-0.005509472917765379,-0.0007013082504272461
-0.008821485564112663,-0.007939696311950684,-0.003310561180114746
-0.006465863436460495,-0.0093352310359478,-0.001998305320739746
-0.0024410346522927284,-0.009060678072273731,-0.002410292625427246
0.002068702597171068,-0.008001813665032387,-0.003981888294219971
0.000970709603279829,-0.006655748467892408,-0.0006248950958251953
0.0002282564528286457,-0.004583318717777729,-0.0026848912239074707
0.0014607179909944534,-0.002427720231935382,-0.0010826587677001953
0.00025270693004131317,-0.0015112371183931828,-0.0016165971755981445
-0.0013617738150060177,0.0003037797287106514,-0.002409994602203369
-0.002556141000241041,0.0006897167768329382,-0.0021505355834960938
-0.0046394094824790955,0.001898889895528555,-0.0014028549194335938
-0.0046029300428926945,0.001972255762666464,-0.0014181137084960938
-0.005443866364657879,0.002871227217838168,-0.002898097038269043
-0.006771114654839039,0.0019808609504252672,-0.001646876335144043
-0.007250975351780653,5.066790618002415e-05,-0.002241969108581543
-0.008219949901103973,-0.0008533131331205368,-0.001906275749206543
-0.006624047178775072,-0.004065125714987516,-0.0023031234741210938
-0.0059035541489720345,-0.005377482157200575,-0.001967310905456543
-0.005428280681371689,-0.005844462662935257,-0.0021046996116638184
-0.0048561301082372665,-0.006224283017218113,-0.002379298210144043
-0.00489282701164484,-0.004876476246863604,-0.001738429069519043
-0.0038195461966097355,-0.00258926535025239,-0.002531886100769043
-0.0025640614330768585,-0.0006252559833228588,-0.0018756389617919922
-0.0030889157205820084,0.0012544747442007065,-0.002348661422729492
-0.0025944611988961697,0.0025608576834201813,-0.002363920211791992
-0.0020669964142143726,0.0018206380773335695,-0.0021961331367492676
-0.003432914149016142,0.0010162293910980225,-0.0013720989227294922
-0.003564212005585432,-0.00023724068887531757,-0.0021196603775024414
-0.003920186311006546,-0.0026108932215720415,-0.0024248361587524414
-0.0046632178127765656,-0.003535728668794036,-0.0020433664321899414
-0.0050100055523216724,-0.004937708377838135,-0.0017076730728149414
-0.0049727000296115875,-0.005382047966122627,-0.0016314387321472168
-0.005193010438233614,-0.005834318231791258,-0.002531707286834717
-0.005471509415656328,-0.005140995141118765,-0.002012968063354492
-0.004602234344929457,-0.004125417210161686,-0.0018298625946044922
-0.004635263234376907,-0.0023540626280009747,-0.002684354782104492
-0.00479781674221158,-0.0009265225380659103,-0.0018144845962524414
-0.004904563073068857,0.0007218546234071255,-0.0012499094009399414
-0.0047658332623541355,0.0007499235216528177,-0.001448214054107666
-0.005524727050215006,0.0021259491331875324,-0.0029283761978149414
-0.0049520330503582954,0.002566786017268896,-0.0020432472229003906
-0.003963410388678312,0.001883509336039424,-0.0012955665588378906
-0.003694305196404457,0.0005120423156768084,-0.0014480352401733398
-0.003849239554256201,-0.0018886120524257421,-0.0025620460510253906
0.01952686533331871,-0.023050053045153618,-0.011519432067871094
0.16534452140331268,-0.23221828043460846,0.011536240577697754
0.13447259366512299,-0.1781250685453415,-0.002700328826904297
0.075026735663414,0.0019022622145712376,-0.003737926483154297
-0.07278036326169968,0.13972967863082886,-0.004897594451904297
-0.17630456387996674,0.2099684774875641,0.0023500919342041016
-0.17123860120773315,0.06609398126602173,-0.0036467313766479492
-0.017003560438752174,0.014978675171732903,-0.0041351318359375
-0.048745047301054,0.13283036649227142,0.00027430057525634766
-0.08804492652416229,0.17033091187477112,-0.0009008646011352539
-0.09668087214231491,0.17715083062648773,-0.0027015209197998047
-0.06788100302219391,0.15942604839801788,-0.0022591352462768555
0.007930804044008255,0.10176555067300797,-0.00042819976806640625
0.06968841701745987,0.06726958602666855,-0.0037241578102111816
0.09697876870632172,0.06985551118850708,-0.000855565071105957
0.07427114993333817,0.10664331167936325,0.001356959342956543
0.04274863004684448,0.15231801569461823,-0.0028085708618164062
0.02812027931213379,0.1729445606470108,-0.0021982192993164062
0.01702011004090309,0.1678861528635025,0.000685572624206543
0.00016272254288196564,0.16725067794322968,-0.0013132691383361816
-0.01734824851155281,0.15229643881320953,-0.0032512545585632324
-0.01579505391418934,0.18983136117458344,-0.0008251667022705078
-0.014704372733831406,0.17402693629264832,-0.0008406639099121094
-0.011487521231174469,0.19996969401836395,-0.004091024398803711
0.015608953312039375,0.220282182097435,-0.0008717775344848633
0.046096835285425186,0.1831008493900299,0.0003026723861694336
0.054943766444921494,0.15165066719055176,-0.0011777281761169434
0.06525703519582748,0.1269022822380066,-0.0020780563354492188
0.07494006305932999,0.10460594296455383,-0.00012481212615966797
0.07634163647890091,0.10937274992465973,-0.0038633346557617188
0.05245321989059448,0.08002889901399612,-0.0022000670433044434
0.03358630836009979,0.06645853072404861,-0.0016047358512878418
0.029002690687775612,0.050299424678087234,-0.0007804036140441895
0.02544265426695347,0.007538347505033016,-0.004747331142425537
0.043844666332006454,-0.008205345831811428,-0.0019240975379943848
0.042056068778038025,-0.0852755531668663,-7.718801498413086e-05
0.045799728482961655,-0.12480690330266953,-0.002182304859161377
0.030565213412046432,-0.14238160848617554,-0.0024105310440063477
-0.007250497117638588,-0.14639878273010254,-0.0020895004272460938
-0.04934138432145119,-0.14346350729465485,-0.0018754005432128906
-0.07920796424150467,-0.15366940200328827,-0.0022411346435546875
-0.10406231880187988,-0.15667782723903656,-0.002316892147064209
-0.1181776374578476,-0.14304983615875244,-0.001843273639678955
-0.0969875231385231,-0.141496479511261,-0.003551661968231201
-0.07163015007972717,-0.1515759527683258,-0.0004990100860595703
-0.06431970745325089,-0.1651199907064438,0.0011199116706848145
-0.06412903964519501,-0.17231540381908417,0.0034418106079101562
-0.06515555083751678,-0.18211345374584198,0.014374494552612305
-0.021950099617242813,-0.18604958057403564,0.026430726051330566
0.016177484765648842,-0.18222053349018097,-0.05247032642364502
-0.1493704915046692,-0.2512730360031128,-0.06526994705200195
-0.3947819173336029,-0.20277470350265503,0.10780543088912964
-0.23398329317569733,-0.0992736965417862,0.15248525142669678
0.04630771651864052,-0.11430761218070984,0.14750123023986816
0.1086018830537796,-0.027396181598305702,0.16947948932647705
0.14370816946029663,-0.038304105401039124,0.0880511999130249
0.14930295944213867,-0.0983433648943901,0.2915722131729126
0.19227898120880127,-0.07698386162519455,0.7659303545951843
0.2335386872291565,-0.004168728366494179,1.0062873363494873
0.24013009667396545,0.03968077898025513,1.1803902387619019
0.22807610034942627,0.08270293474197388,1.3341785669326782
0.2356238067150116,0.12969303131103516,1.3436949253082275
0.26193928718566895,0.20222339034080505,1.1938380002975464
0.2447269707918167,0.2756722569465637,0.9950727224349976
0.16250495612621307,0.27900972962379456,0.7990456819534302
0.08282072842121124,0.26814699172973633,0.6309130191802979
0.030383169651031494,0.2785494029521942,0.5103380680084229
0.00551663339138031,0.29457536339759827,0.40609264373779297
-0.007418349385261536,0.3169865906238556,0.32682132720947266
-0.0025906264781951904,0.33279091119766235,0.26182323694229126
-0.06554435193538666,0.3427026867866516,0.06111347675323486
-0.05257856845855713,0.311609148979187,0.04391276836395264
-0.03662344813346863,0.33222484588623047,0.06781679391860962
-0.13146448135375977,0.4962630271911621,0.014903903007507324
-0.14919684827327728,0.5497120022773743,0.15980595350265503
-0.13096113502979279,0.4599158763885498,0.14463675022125244
-0.15766267478466034,0.3264469504356384,0.13080614805221558
-0.12316596508026123,0.2561687231063843,0.13649356365203857
-0.07267604768276215,0.28822487592697144,0.09319961071014404
-0.07356750965118408,0.32806193828582764,0.02270495891571045
-0.1021042913198471,0.34174448251724243,-0.038530170917510986
-0.12784786522388458,0.34220975637435913,-0.08872300386428833
-0.1400527060031891,0.3544957637786865,-0.1813848912715912
-0.17849792540073395,0.27859026193618774,-0.2991163730621338
-0.19490298628807068,0.2764464020729065,-0.3838847279548645
-0.18937227129936218,0.2731517553329468,-0.4346480369567871
-0.10122300684452057,0.2715681195259094,-0.3504403829574585
0.008391745388507843,0.2508231997489929,-0.254807710647583
-0.023763436824083328,0.25478559732437134,-0.2073480784893036
-0.11532808840274811,0.2816687226295471,-0.18872188031673431
-0.18247584998607635,0.34483039379119873,-0.21082940697669983
-0.14842528104782104,0.3369821310043335,-0.16807661950588226
-0.08896495401859283,0.32252418994903564,-0.12290346622467041
-0.05854905769228935,0.31697261333465576,-0.0993114784359932
-0.09268517047166824,0.2906075119972229,-0.0833817794919014
-0.1489793211221695,0.2901694178581238,-0.06760942190885544
-0.17574623227119446,0.3003978133201599,-0.045714735984802246
-0.16627591848373413,0.28180068731307983,-0.03618239611387253
-0.07533451914787292,0.26249802112579346,-0.061737529933452606
0.05015210062265396,0.251987099647522,-0.10884105414152145
0.05739036202430725,0.21566373109817505,-0.13249552249908447
0.055225446820259094,0.22752177715301514,-0.12379848957061768
0.0430445596575737,0.21139949560165405,-0.09189307689666748
-0.01306617259979248,0.20093059539794922,-0.05298614874482155
-0.10747808963060379,0.16021913290023804,-0.003729822114109993
-0.18958941102027893,0.13291633129119873,0.07028710842132568
-0.22572818398475647,0.10078930854797363,0.12437868118286133
-0.22455427050590515,0.11588400602340698,0.13264262676239014
-0.2162335366010666,0.143560528755188,0.0800396203994751
-0.17224133014678955,0.1170034408569336,-0.0053117284551262856
-0.08899901807308197,0.06121152639389038,-0.11256706714630127
0.007980763912200928,0.1039726734161377,-0.15194159746170044
0.07483039796352386,0.07051670551300049,-0.11050724983215332
0.10097180306911469,0.04982173442840576,-0.02591359242796898
0.06756077706813812,0.05769413709640503,0.01998424530029297
0.009296029806137085,0.06505566835403442,-0.00014114752411842346
-0.039073169231414795,0.07544499635696411,-0.04076802730560303
-0.06888096034526825,0.07848101854324341,-0.06938570737838745
-0.07994765043258667,0.0775766372680664,-0.09138274192810059
-0.07788869738578796,0.07484704256057739,-0.10172367095947266
-0.060056984424591064,0.07219338417053223,-0.10362249612808228
-0.04419434070587158,0.08759582042694092,-0.10816640406847
-0.03392934799194336,0.07821530103683472,-0.12162858247756958
-0.020207852125167847,0.08996903896331787,-0.12775248289108276
-0.00039631128311157227,0.09135138988494873,-0.10034364461898804
0.0014611482620239258,0.027108371257781982,-0.115355484187603
-0.006097272038459778,-0.05525815486907959,-0.20282667875289917
-0.022155076265335083,-0.06573045253753662,-0.28774237632751465
0.003604292869567871,-0.0895128846168518,-0.32136285305023193
0.1250912994146347,-0.08434224128723145,-0.3615819215774536
0.024977684020996094,-0.10897880792617798,-0.5058460235595703
0.00674852728843689,-0.12839144468307495,-0.6182329654693604
0.038515567779541016,-0.023971140384674072,-0.6052942276000977
0.020879104733467102,-0.04621607065200806,-0.5119813680648804
0.063153475522995,-0.034342169761657715,-0.39782392978668213
0.10810472071170807,-0.06947469711303711,-0.4878203868865967
0.10488952696323395,0.019850313663482666,-0.4161977767944336
0.10410773754119873,0.09286129474639893,-0.2502405643463135
0.04707278311252594,0.10955828428268433,-0.12345005571842194
-0.02191615104675293,0.13822805881500244,-0.011853829026222229
-0.09895506501197815,0.17512202262878418,0.0965515673160553
-0.17495626211166382,0.20632028579711914,0.19880452752113342
-0.22211608290672302,0.23265868425369263,0.26980459690093994
-0.2556123435497284,0.25698649883270264,0.30742669105529785
-0.25050264596939087,0.2639201879501343,0.3226326107978821
-0.22052854299545288,0.2739347815513611,0.305824339389801
-0.18951892852783203,0.27936112880706787,0.2621126174926758
-0.1787039339542389,0.28934329748153687,0.19403579831123352
-0.16067075729370117,0.3046804666519165,0.1255556046962738
-0.11547441780567169,0.294028103351593,0.08987775444984436
-0.047494128346443176,0.251156210899353,0.08770394325256348
0.006633841432631016,0.2306605577468872,0.07298755645751953
0.05614861100912094,0.23616188764572144,0.03988775610923767
0.14206163585186005,0.2173159122467041,0.0074173808097839355
0.21463845670223236,0.1336546540260315,-0.005736589431762695
0.19437113404273987,0.0985460877418518,-0.072161465883255
0.10506851971149445,0.09072637557983398,-0.2729679346084595
0.018702182918787003,0.0922589898109436,-0.41820746660232544
0.016375325620174408,0.06815105676651001,-0.31760674715042114
0.08657005429267883,0.05759185552597046,-0.17466557025909424
0.17440631985664368,0.05709272623062134,-0.10210421681404114
0.14543209969997406,0.009584784507751465,0.06795820593833923
-0.08627816289663315,0.06918478012084961,0.17166179418563843
-0.2285410612821579,0.10610061883926392,0.32676976919174194
-0.2645244300365448,0.08968478441238403,0.45214545726776123
-0.2310192883014679,0.0666704773902893,0.4221428632736206
-0.1976051777601242,0.03920036554336548,0.2913072109222412
-0.23030556738376617,0.024879515171051025,0.1111418604850769
-0.3060513436794281,0.026387453079223633,-0.07050591707229614
-0.31188544631004333,0.029632389545440674,-0.17490506172180176
-0.1708206832408905,0.022198498249053955,-0.17980116605758667
-0.013036761432886124,0.014061808586120605,-0.16083556413650513
0.058858148753643036,0.0010232329368591309,-0.14351731538772583
0.05391936004161835,-0.013163506984710693,-0.11847776174545288
0.0333552211523056,-0.026633739471435547,-0.07483434677124023
0.02987048029899597,-0.035729289054870605,-0.027323663234710693
-0.0004914812743663788,-0.03106933832168579,-0.0027739405632019043
-0.025666363537311554,-0.034442126750946045,-0.004869997501373291
-0.044228628277778625,-0.02966099977493286,-0.02075016498565674
-0.06907546520233154,-0.025417745113372803,-0.045190393924713135
-0.10214883089065552,-0.02812093496322632,-0.06496763229370117
-0.14102321863174438,-0.038986027240753174,-0.09456050395965576
-0.15866053104400635,-0.041798174381256104,-0.1259441375732422
-0.13477455079555511,-0.03930395841598511,-0.135095477104187
-0.08553113788366318,-0.030946791172027588,-0.11384367942810059
-0.008454576134681702,-0.03517550230026245,-0.05356645584106445
0.06523238867521286,-0.05422770977020264,0.011047720909118652
0.11565975844860077,-0.06099063158035278,0.04888123273849487
0.14327818155288696,-0.05818629264831543,0.06429076194763184
0.14954212307929993,-0.0581059455871582,0.06000322103500366
0.1366037130355835,-0.05409330129623413,0.04494357109069824
0.09172788262367249,-0.043836116790771484,0.01865595579147339
0.05222238600254059,-0.035903215408325195,-0.00932222604751587
0.030641630291938782,-0.028232067823410034,-0.016240060329437256
0.025174926966428757,-0.013471990823745728,0.0028570890426635742
0.01206597313284874,-0.000491023063659668,0.023635506629943848
-0.0008166059851646423,0.011100590229034424,0.03879046440124512
0.013546433299779892,0.01627248525619507,0.057639479637145996
0.028308894485235214,0.01326531171798706,0.06612801551818848
0.03682313859462738,0.01825442910194397,0.051197588443756104
0.03691205009818077,0.02664703130722046,0.034665465354919434
0.0276113823056221,0.0348203182220459,0.030873894691467285
0.013063725084066391,0.043647557497024536,0.05045628547668457
-0.006626926362514496,0.049781471490859985,0.08213341236114502
-0.02965635061264038,0.05607032775878906,0.09708118438720703
-0.04555850103497505,0.06112492084503174,0.07778871059417725
-0.0589408278465271,0.05524221062660217,0.040802836418151855
-0.040900327265262604,0.03760823607444763,0.01962125301361084
-0.008164435625076294,0.02169126272201538,0.03168994188308716
0.011476496234536171,0.013137072324752808,0.0628315806388855
0.014194095507264137,0.003447234630584717,0.09580421447753906
-0.003367016091942787,-0.0028517544269561768,0.1109548807144165
-0.023241473361849785,-0.003514707088470459,0.09256875514984131
-0.03960336372256279,-0.0024505257606506348,0.05647432804107666
-0.06156613677740097,-0.002167612314224243,0.026203393936157227
-0.06598508358001709,-0.008766621351242065,0.009410381317138672
-0.045299213379621506,-0.013823047280311584,-0.014102280139923096
-0.03378075361251831,-0.011597931385040283,-0.04641222953796387
-0.03155658766627312,-0.00046819448471069336,-0.04016005992889404
-0.016047542914748192,0.01403208076953888,0.054183244705200195
0.004049993120133877,0.01456230878829956,0.20408642292022705
-0.0019224770367145538,0.020570963621139526,0.34510302543640137
-0.03279951214790344,0.04165661334991455,0.4395924210548401
-0.06943249702453613,0.05101870000362396,0.43821048736572266
-0.10004319250583649,0.03897862136363983,0.34846341609954834
-0.08904674649238586,-0.007461920380592346,0.24153953790664673
0.022186823189258575,0.0114976167678833,0.2070026397705078
0.18319997191429138,0.07772751152515411,0.30874133110046387
0.30431491136550903,0.09380532801151276,0.556299090385437
0.29722970724105835,0.14390258491039276,0.8723191022872925
0.16088087856769562,0.2212221920490265,1.1127264499664307
-0.018897712230682373,0.2520514130592346,1.2352640628814697
-0.09936204552650452,0.2186869978904724,1.2669156789779663
-0.01915934681892395,0.2038196623325348,1.2162469625473022
0.06882962584495544,0.25227296352386475,1.1532752513885498
0.10433200001716614,0.2888774871826172,1.1183016300201416
0.175836443901062,0.3283699154853821,1.14768385887146
0.293323278427124,0.3918291926383972,1.2283740043640137
0.41084498167037964,0.4528597593307495,1.2557861804962158
0.5360143780708313,0.5177351236343384,1.1713135242462158
0.5441554188728333,0.673591673374176,0.9657313823699951
0.37801164388656616,0.869565486907959,0.6687912940979004
0.10235834121704102,0.9940553307533264,0.4175379276275635
-0.2409462332725525,1.0938680171966553,0.19653654098510742
-0.502013623714447,1.1217495203018188,0.0713341236114502
-0.6337495446205139,0.9854235649108887,0.03687316179275513
-0.6069495677947998,0.862022340297699,-0.006970852613449097
-0.5476150512695312,0.8133071064949036,-0.0391789972782135
-0.5706151127815247,0.7249268293380737,-0.10700619220733643
-0.5516684055328369,0.6661921739578247,-0.1831815242767334
-0.5867973566055298,0.5838910341262817,-0.2276146411895752
-0.6511012315750122,0.5110204219818115,-0.2691866159439087
-0.6479665637016296,0.4872594475746155,-0.2847643494606018
-0.5661321878433228,0.4251555800437927,-0.21598857641220093
-0.4913167357444763,0.3524622917175293,-0.12120711803436279
-0.4051811397075653,0.3470349907875061,-0.023112237453460693
-0.29635298252105713,0.3202880024909973,0.1275317668914795
-0.1986953318119049,0.2624109387397766,0.24751794338226318
-0.0774262547492981,0.23518985509872437,0.3251948356628418
0.052749842405319214,0.17619264125823975,0.40913093090057373
0.07430580258369446,0.1354219913482666,0.4382976293563843
0.052127718925476074,0.12567323446273804,0.40204399824142456
0.014532536268234253,0.11325633525848389,0.3290560245513916
-0.04797002673149109,0.10620343685150146,0.23875921964645386
-0.09668263792991638,0.10132604837417603,0.1557902693748474
-0.11457869410514832,0.07949322462081909,0.10639309883117676
-0.16183507442474365,0.07090681791305542,0.032508671283721924
-0.1675289273262024,0.06714344024658203,-0.01985090970993042
-0.1630539894104004,0.04392606019973755,-0.03983640670776367
-0.13373041152954102,0.030018270015716553,-0.06311047077178955
-0.07555791735649109,0.01010829210281372,-0.06891167163848877
-0.03395110368728638,-0.008676707744598389,-0.05737572908401489
0.001843273639678955,-0.02093636989593506,-0.04715836048126221
0.02979293465614319,-0.0335041880607605,-0.031334877014160156
0.013995200395584106,-0.03806561231613159,-0.02532196044921875
0.0032270848751068115,-0.03103584051132202,-0.010949432849884033
-0.0063935816287994385,-0.03214496374130249,0.014631092548370361
-0.019939899444580078,-0.02678239345550537,0.029810845851898193
-0.011535853147506714,-0.027487874031066895,0.029385864734649658
-0.012312263250350952,-0.026868045330047607,0.00040650367736816406
-0.013506561517715454,-0.017954528331756592,-0.03672116994857788
-0.0025796890258789062,-0.02000868320465088,-0.047445058822631836
0.00990864634513855,-0.020071327686309814,-0.05991470813751221
0.025009840726852417,-0.011665165424346924,-0.06946295499801636
0.03173479437828064,-0.013661503791809082,-0.07318824529647827
0.03841504454612732,-0.012615084648132324,-0.060133516788482666
0.025070279836654663,-0.011017322540283203,-0.03019404411315918
0.022979944944381714,-0.01140439510345459,0.000751495361328125
0.030564486980438232,-0.018135428428649902,0.028578519821166992
0.01423722505569458,-0.020829856395721436,0.0479736328125
-0.010388553142547607,-0.014452755451202393,0.04753684997558594
-0.042702674865722656,-0.005240440368652344,0.0410153865814209
-0.05210396647453308,-0.00398176908493042,0.026028931140899658
-0.03169158101081848,-0.0010731220245361328,0.008184492588043213
-0.007086008787155151,-0.004735231399536133,0.0012261271476745605
0.013614535331726074,-0.00688326358795166,-0.005426645278930664
0.027865886688232422,-0.005351662635803223,-0.0005223751068115234
0.028412163257598877,-0.009687483310699463,0.018513917922973633
0.018781453371047974,-0.0076187849044799805,0.03540295362472534
0.011511802673339844,-0.0052075982093811035,0.0412672758102417
0.006598532199859619,-0.0066446661949157715,0.025200843811035156
-0.0022732019424438477,-0.005673408508300781,0.0003623366355895996
-0.026393026113510132,0.0008352398872375488,-0.013190209865570068
-0.03845706582069397,0.006689488887786865,-0.010129392147064209
-0.024594217538833618,0.008285045623779297,-0.00019156932830810547
-0.0030788779258728027,0.008801043033599854,0.011458635330200195
0.008711010217666626,0.013878822326660156,0.027411043643951416
0.009044140577316284,0.011504411697387695,0.04769986867904663
0.022223085165023804,0.00821918249130249,0.06634342670440674
0.03749856352806091,-0.0061446428298950195,0.07407379150390625
0.05224037170410156,-0.021017134189605713,0.06495195627212524
0.04090601205825806,-0.02660280466079712,0.030763864517211914
0.010608434677124023,-0.027053117752075195,-0.0014432072639465332
-0.03877151012420654,-0.019760608673095703,-0.0368230938911438
-0.0509202778339386,-0.004313051700592041,-0.06869208812713623
-0.03857380151748657,0.003861069679260254,-0.06263506412506104
-0.037697046995162964,0.01017308235168457,-0.03864586353302002
-0.03769770264625549,0.024812936782836914,-0.018570661544799805
-0.03457322716712952,0.042618393898010254,0.006397664546966553
-0.044875890016555786,0.05782449245452881,0.03932899236679077
-0.07029852271080017,0.07360690832138062,0.06335461139678955
-0.1276400089263916,0.09220832586288452,0.06104344129562378
-0.26125290989875793,0.11784517765045166,0.01962524652481079
-0.44210851192474365,0.18914902210235596,-0.06280231475830078
-0.5834321975708008,0.2632213234901428,-0.13763916492462158
-0.6756578683853149,0.3267592191696167,-0.1902393102645874
-0.7210565209388733,0.42172229290008545,-0.2376217246055603
-0.7038091421127319,0.5079438090324402,-0.23671656847000122
-0.6946986317634583,0.5819826126098633,-0.20170378684997559
-0.7033227682113647,0.6869544386863708,-0.14462658762931824
-0.7261950969696045,0.778635561466217,-0.06813275814056396
-0.7547523379325867,0.8390662670135498,0.0012797713279724121
-0.8050768375396729,0.8750888109207153,0.06896382570266724
-0.8797255754470825,0.8902068734169006,0.126447856426239
-0.910751223564148,0.8789864182472229,0.17956560850143433
-0.8919353485107422,0.8283023238182068,0.2259063720703125
-0.7992210388183594,0.7699612975120544,0.22765743732452393
-0.6456509828567505,0.743736207485199,0.18453502655029297
-0.4526766836643219,0.7336843609809875,0.1681993007659912
-0.25766414403915405,0.704946756362915,0.1938025951385498
-0.09603297710418701,0.6248638033866882,0.30167245864868164
0.04422205686569214,0.479647696018219,0.5072460770606995
0.1002863347530365,0.4158896207809448,0.6393714547157288
0.13863414525985718,0.34710654616355896,0.7414315938949585
0.3713604211807251,0.141670823097229,0.8287557363510132
0.4707145690917969,0.07904690504074097,0.8829330205917358
0.4804716110229492,0.011621624231338501,0.8881121873855591
0.373761385679245,-0.024159133434295654,0.8191602230072021
0.1531762033700943,0.011450141668319702,0.7036594152450562
-0.08797777444124222,0.11670815944671631,0.6577941179275513
-0.21373435854911804,0.13494254648685455,0.6807255744934082
-0.24419254064559937,0.09370560944080353,0.6977685689926147
-0.25049030780792236,0.09546880424022675,0.6754680275917053
-0.22965562343597412,0.09200812876224518,0.611208438873291
-0.1971435546875,0.08385676145553589,0.4697083830833435
-0.14604181051254272,0.09006904065608978,0.2822100520133972
-0.09196392446756363,0.09322848916053772,0.12692689895629883
-0.015833918005228043,0.08905774354934692,0.028999924659729004
0.06951449066400528,0.09065684676170349,-0.003670334815979004
0.09243139624595642,0.08491119742393494,0.022696971893310547
0.05233174189925194,0.08100907504558563,0.07736384868621826
0.013655823655426502,0.0820527970790863,0.1380901336669922
-0.00632655480876565,0.084897980093956,0.1728428602218628
-0.02567771077156067,0.08311178535223007,0.1734134554862976
-0.048546597361564636,0.07599064707756042,0.14806580543518066
-0.06509646028280258,0.06275630742311478,0.08748042583465576
0.005934883840382099,-0.0241222083568573,-0.07094109058380127
0.044922105967998505,0.05537357181310654,-0.11685717105865479
0.1561318337917328,-0.04785861074924469,-0.2164381742477417
0.14842122793197632,-0.1030273512005806,-0.23467397689819336
0.1712983101606369,-0.0009838193655014038,-0.13777053356170654
0.14107975363731384,-0.018245112150907516,-0.04551815986633301
0.025023434311151505,-0.0423547588288784,-0.010315299034118652
-0.03831524774432182,-0.09568709135055542,-0.009026408195495605
0.004829661920666695,-0.028715360909700394,-0.02233874797821045
0.05973159521818161,-0.030457325279712677,-0.04100453853607178
0.04263295978307724,-0.06991308927536011,-0.04709732532501221
0.020877428352832794,-0.0623273104429245,-0.06823074817657471
-0.042472898960113525,-0.04081089422106743,0.08613228797912598
-0.07149650156497955,-0.021831033751368523,0.7411376237869263
0.04031311348080635,0.07252633571624756,0.40018969774246216
0.04753725603222847,0.007094854023307562,-0.015307188034057617
0.048687200993299484,-0.1943242996931076,-0.22583121061325073
-0.0449693538248539,-0.09529231488704681,0.006888329982757568
-0.044712331146001816,-0.13564488291740417,0.07158839702606201
-0.006796676199883223,-0.0950860008597374,0.023120403289794922
0.012379917316138744,-0.05991068482398987,-0.005279183387756348
-0.04172676056623459,-0.10264581441879272,0.001068115234375
0.019623802974820137,-0.09142027050256729,0.004806160926818848
0.058129116892814636,-0.1356898695230484,-0.012634813785552979
0.10493464022874832,-0.2125062644481659,0.007216095924377441
0.06837750226259232,-0.32893994450569153,-0.008668303489685059
-0.17466317117214203,-0.5947906970977783,-0.01739490032196045
-0.288717120885849,-0.4638487696647644,0.008270740509033203
-0.26076915860176086,-0.2886982560157776,-0.004516184329986572
-0.20458780229091644,-0.2199055552482605,-0.00033539533615112305
-0.11107254028320312,-0.15752729773521423,-0.009307682514190674
-0.045478034764528275,-0.1438043713569641,0.005142033100128174
-0.030848447233438492,-0.128573939204216,-0.003128528594970703
-0.03174333646893501,-0.09562157094478607,-0.0070809125900268555
-0.06063547357916832,-0.10761839151382446,-0.0002607107162475586
-0.041240811347961426,-0.09694619476795197,-0.001939535140991211
-0.04371710866689682,-0.09815903007984161,-0.006197094917297363
-0.06526663899421692,-0.0023129028268158436,-0.0030690431594848633
-0.0892324224114418,0.06592869013547897,0.0003948211669921875
-0.08082611113786697,0.12853282690048218,-0.0024585723876953125
-0.07123029232025146,0.15561923384666443,-0.0031298398971557617
-0.056052327156066895,0.18927188217639923,-0.0023972392082214355
-0.01900680549442768,0.24128687381744385,-0.0015729665756225586
0.02432846836745739,0.26294276118278503,-0.003068208694458008
0.11868362128734589,0.2690306603908539,0.0005939006805419922
0.200552836060524,0.30330967903137207,-0.0003371238708496094
0.1470794528722763,0.5528717041015625,-0.0015124678611755371
0.30215945839881897,0.7566540837287903,0.002408444881439209
0.37752842903137207,0.6776387691497803,-0.0020323991775512695
0.10844358056783676,0.5065410733222961,0.0004544258117675781
-0.05938374996185303,0.07094506174325943,-0.0023990869522094727
-0.047637905925512314,-0.04127417132258415,-0.004947483539581299
-0.030108816921710968,0.0023470395244657993,-0.0014837384223937988
-0.012596197426319122,0.04068944603204727,0.0037806034088134766
-0.0022843354381620884,0.04888899251818657,-0.0007966756820678711
-0.01007099263370037,0.030181042850017548,-0.004610836505889893
-0.039687033742666245,-0.003520295489579439,-0.001878976821899414
-0.04310111328959465,-0.0299083162099123,-0.0014204978942871094
-0.04532332718372345,-0.017720812931656837,-0.0033575892448425293
-0.07009860128164291,-0.01065237820148468,-0.0030057430267333984
-0.04620629549026489,-0.02326222136616707,-0.0010975003242492676
0.005755760706961155,-0.041288893669843674,-0.0008373260498046875
0.05101178586483002,-0.06049049645662308,-0.0035985708236694336
0.09728726744651794,-0.012427406385540962,-1.2636184692382812e-05
0.050910767167806625,0.014951699413359165,-0.001233220100402832
0.03228794038295746,-0.018967775627970695,-0.0015382766723632812
-0.007391241379082203,-0.006267078686505556,-0.0013244152069091797
-0.003985701594501734,-0.0073525141924619675,-0.00017970800399780273
-0.0027051400393247604,-0.007456492632627487,-0.0014307498931884766
-0.0023796451278030872,-0.0068480633199214935,-0.0035822391510009766
-0.0024146498180925846,-0.007150555029511452,-0.0023006200790405273
-0.0014859898947179317,-0.005934176966547966,-0.0036590099334716797
-0.0016308194026350975,-0.006257550325244665,-0.0032472610473632812
-0.0031932033598423004,-0.005375450477004051,-0.002240300178527832
-0.003298607189208269,-0.005745420232415199,-0.0025453567504882812
-0.0029854350723326206,-0.006344071589410305,-0.0029420852661132812
-0.0032659857533872128,-0.007391533814370632,-0.0022401809692382812
-0.003043196629732847,-0.008596459403634071,-0.0012634992599487305
-0.003928676247596741,-0.009368633851408958,-0.0023316144943237305
-0.0033714058808982372,-0.008738921023905277,-0.0018279552459716797
-0.0032917573116719723,-0.007506042253226042,-0.0022399425506591797
-0.0033141300082206726,-0.005997345317155123,-0.0014007091522216797
-0.002604131121188402,-0.004280631430447102,-0.0022246241569519043
-0.0021945415064692497,-0.003141402266919613,-0.001522660255432129
-0.001645715907216072,-0.0027834102511405945,-0.0012938380241394043
-0.0019518360495567322,-0.004029947333037853,-0.0034148693084716797
-0.0015785791911184788,-0.00371261197142303,-0.002819657325744629
-0.0016167284920811653,-0.0057226382195949554,-0.001324295997619629
-0.0020602033473551273,-0.007227200083434582,-0.0013090968132019043
-0.0026408685371279716,-0.008379777893424034,-0.0017210841178894043
-0.0036261938512325287,-0.00878162682056427,-0.0022093653678894043
-0.0034068292006850243,-0.008876143023371696,-0.0031707286834716797
-0.00397908128798008,-0.008687120862305164,-0.0023314356803894043
-0.00377994729205966,-0.0066784885711967945,-0.001782059669494629
-0.004150460474193096,-0.005828806199133396,-0.0023618340492248535
-0.003124901559203863,-0.005285030696541071,-0.0016751289367675781
-0.0036368859000504017,-0.005597435403615236,-0.002514362335205078
-0.0025550764985382557,-0.0048993974924087524,-0.0022091269493103027
-0.0027309199795126915,-0.005591095890849829,-0.0009731054306030273
-0.0024117054417729378,-0.005163547582924366,-0.0017818212509155273
-0.001488029956817627,-0.005197784397751093,-0.0020563602447509766
-0.0015755831263959408,-0.0054799532517790794,-0.0013391971588134766
-0.0009916434064507484,-0.005014676600694656,-0.0030024051666259766
-0.0011116275563836098,-0.006060336716473103,-0.0028954744338989258
-0.0018482822924852371,-0.004750093445181847,-0.0028344392776489258
-0.0015476392582058907,-0.006042980123311281,-0.0021326541900634766
-0.0018783039413392544,-0.0069937692023813725,-0.0023919343948364258
-0.0033239368349313736,-0.007916401140391827,-0.0022088289260864258
-0.0038903369568288326,-0.008642063476145267,-0.0024224519729614258
-0.00398377887904644,-0.00754235265776515,-0.0022392868995666504
-0.0031125014647841454,-0.006679587531834841,-0.0030785202980041504
-0.0033997735008597374,-0.006134854629635811,-0.0015221834182739258
-0.002856223378330469,-0.004012959077954292,-0.0016747713088989258
-0.002812557388097048,-0.002736710011959076,-0.0035821199417114258
-0.001859502401202917,-0.0024051491636782885,-0.0020866990089416504
-0.0027877530083060265,-0.0016606315039098263,-0.001064300537109375
-0.0024339943192899227,-0.0023284251801669598,-0.001232147216796875
-0.0026283091865479946,-0.004158038180321455,-0.0030630826950073242
-0.002365961205214262,-0.005417720414698124,-0.0024526119232177734
-0.003393163438886404,-0.0072595588862895966,-0.0024068355560302734
-0.004050999414175749,-0.008682597428560257,-0.0028644800186157227
-0.0024226289242506027,-0.008775643073022366,-0.0016283988952636719
-0.001840654294937849,-0.008916934952139854,-0.001765608787536621
-0.0019373027607798576,-0.008261829614639282,-0.0022385120391845703
-0.002587426919490099,-0.007720022927969694,-0.0016739368438720703
-0.0026184464804828167,-0.007299675606191158,-0.0026199817657470703
-0.0022908453829586506,-0.006035250145941973,-0.0020401477813720703
-0.0027548004873096943,-0.005141864065080881,-0.0008041858673095703
-0.0023375898599624634,-0.005531053524464369,-0.0016890168190002441
-0.001867673359811306,-0.005195522680878639,-0.0027418136596679688
-0.001348706427961588,-0.0033892355859279633,-0.0019482970237731934
-0.0017007137648761272,-0.0034839590080082417,-0.001734614372253418
-0.0022914856672286987,-0.0032417583279311657,-0.004160761833190918
-0.0033721034415066242,-0.0033596667926758528,-0.002436518669128418
-0.0031825373880565166,-0.00399416359141469,-0.001078486442565918
-0.002389071509242058,-0.004818597808480263,-0.002192378044128418
-0.0023865895345807076,-0.005610805004835129,-0.0015820860862731934
-0.002698548138141632,-0.006457759998738766,-0.0012159347534179688
-0.0033508334308862686,-0.006230813916772604,-0.0020246505737304688
-0.002971907611936331,-0.007234497461467981,-0.002131342887878418
-0.0037259752862155437,-0.0058119758032262325,-0.001948237419128418
-0.0024602990597486496,-0.005665997974574566,-0.0017497539520263672
-0.002224794588983059,-0.006444947794079781,-0.002833068370819092
-0.0019275504164397717,-0.005196623038500547,-0.002238035202026367
-0.0013741250149905682,-0.0048720515333116055,-0.0031078457832336426
-0.001935045700520277,-0.004621204454451799,-0.002299070358276367
-0.0010212427005171776,-0.004718901123851538,-0.0026195645332336426
-0.0012249178253114223,-0.00574721721932292,-0.002055048942565918
-0.0020671929232776165,-0.0041983225382864475,-0.003214597702026367
-0.0017359014600515366,-0.004508107900619507,-0.0014597177505493164
-0.001683009322732687,-0.005511533468961716,-0.0014140605926513672
-0.0028943424113094807,-0.005960059352219105,-0.002604365348815918
-0.0038507268764078617,-0.005458260886371136,-0.003107905387878418
-0.004469051491469145,-0.005704544018954039,-0.002939939498901367
-0.004104491788893938,-0.0064870393835008144,-0.003458857536315918
-0.003883073106408119,-0.006024403031915426,-0.002634882926940918
-0.00373111292719841,-0.005590514279901981,-0.0012004971504211426
-0.0024769087322056293,-0.00480204913765192,-0.0024059414863586426
-0.0016423570923507214,-0.005013519432395697,-0.0033672451972961426
-0.0012852083891630173,-0.004043973051011562,-0.0008342862129211426
0.00012785382568836212,-0.0042127082124352455,-0.0001323223114013672
-0.0006206771358847618,-0.005471923854202032,-0.002253293991088867
-0.00045600254088640213,-0.0050904275849461555,-0.0019176006317138672
-0.00044101523235440254,-0.005459388252347708,-0.0021311044692993164
-0.0008133677765727043,-0.005537410732358694,-0.0029398202896118164
-0.0020514349453151226,-0.005588257685303688,-0.0022683143615722656
-0.002928726375102997,-0.005709402728825808,-0.0020241737365722656
-0.003556025680154562,-0.00561628257855773,-0.0022377371788024902
-0.004048456903547049,-0.005721717607229948,-0.0018868446350097656
-0.004009919241070747,-0.004869205877184868,-0.0028176307678222656
-0.004082356579601765,-0.0055657075718045235,-0.0010474920272827148
-0.0030283904634416103,-0.005297024734318256,-0.0006201267242431641
-0.003818060737103224,-0.005512845702469349,-0.001627206802368164
-0.003223113249987364,-0.004709486849606037,-0.002359628677368164
-0.0026681055314838886,-0.004421946592628956,-0.003412485122680664
-0.0011740089394152164,-0.0038700485602021217,-0.002069711685180664
-0.00016822433099150658,-0.0037190886214375496,-0.002283334732055664
-0.00010481243953108788,-0.004096966702491045,-0.0028020739555358887
-0.0004030759446322918,-0.004229054320603609,-0.0014439821243286133
-0.0007772734388709068,-0.004818830639123917,-0.0014287233352661133
-0.0016512619331479073,-0.006240892689675093,-0.0010014772415161133
-0.0019205687567591667,-0.005991386715322733,-0.004159986972808838
-0.0027048573829233646,-0.005668430123478174,-0.0013370513916015625
-0.003989797551184893,-0.005141600966453552,-0.0010929107666015625
-0.002887205220758915,-0.005352311301976442,-0.0025578737258911133
-0.0038762036710977554,-0.004317547660320997,-0.0023137331008911133
-0.002922557294368744,-0.004369043745100498,-0.002817392349243164
-0.002557150088250637,-0.004216513596475124,-0.002344369888305664
-0.002163178287446499,-0.002878615166991949,-0.002451181411743164
-0.0025723772123456,-0.003270575311034918,-0.0029698610305786133
-0.002405209932476282,-0.0032616876997053623,-0.0022679567337036133
-0.002793228253722191,-0.003429663833230734,-0.0015659332275390625
-0.001860911026597023,-0.00429040752351284,-0.0021152496337890625
-0.0027145110070705414,-0.005169474054127932,-0.0023899078369140625
-0.001233961433172226,-0.005374582018703222,-0.0021762847900390625
-0.0019200933165848255,-0.00556709710508585,-0.0013675689697265625
-0.0027007502503693104,-0.004633741453289986,-0.0015506744384765625
-0.003181327134370804,-0.00590643472969532,-0.0027254819869995117
-0.0017463341355323792,-0.00511538190767169,-0.0031222105026245117
-0.002625636290758848,-0.005273555871099234,-0.0020389556884765625
-0.001660891342908144,-0.006304449867457151,-0.0022219419479370117
-0.001955356914550066,-0.006633100099861622,-0.0005587935447692871
-0.0014126659370958805,-0.006207386031746864,-0.0027866363525390625
-0.0019317828118801117,-0.005376612301915884,-0.0023899078369140625
-0.001564370933920145,-0.0041588363237679005,-0.0012454986572265625
-0.0022443505004048347,-0.0032312078401446342,-0.002618730068206787
-0.002798601984977722,-0.003310926491394639,-0.0026644468307495117
-0.0016054529696702957,-0.0035120220854878426,-0.0023134946823120117
-0.0024341968819499016,-0.004346596542745829,-0.003167867660522461
-0.002569385338574648,-0.0041647739708423615,-0.00312197208404541
-0.002271037083119154,-0.004779334180057049,-0.00286257266998291
-0.002372455783188343,-0.0052296738140285015,-0.0017944574356079102
-0.0017593102529644966,-0.005206819623708725,-0.0035185813903808594
-0.0026028896681964397,-0.005084481555968523,-0.0039000511169433594
-0.0013251174241304398,-0.004895934835076332,-0.0014128684997558594
-0.0016924161463975906,-0.004893306642770767,-0.0011686086654663086
-0.002539563924074173,-0.003941740840673447,-0.002358675003051758
-0.0022038454189896584,-0.004525820259004831,-0.001107335090637207
-0.002169402316212654,-0.003918701317161322,-0.001320958137512207
-0.0013379808515310287,-0.0034503075294196606,-0.0025262832641601562
-0.0012840558774769306,-0.003601452335715294,-0.002236485481262207
-0.0019146492704749107,-0.003969104960560799,-0.002038121223449707
-0.0030574118718504906,-0.004485517740249634,-0.001702427864074707
-0.002093043178319931,-0.004639130551367998,-0.0026329755783081055
-0.0018660365603864193,-0.0049962266348302364,-0.0020684003829956055
-0.002584550529718399,-0.00466514565050602,-0.002724587917327881
-0.002929557114839554,-0.00529282633215189,-0.003563821315765381
-0.0029511013999581337,-0.0051188222132623196,-0.0020989179611206055
-0.0028650681488215923,-0.005349589511752129,-0.00043570995330810547
-0.003777848556637764,-0.004877843894064426,-0.0018395185470581055
-0.0022881915792822838,-0.005192578304558992,-0.0026482343673706055
-0.0021958095021545887,-0.004367878194898367,-0.0028312206268310547
-0.0024253414012491703,-0.0034330333583056927,-0.0033347606658935547
-0.0016739587299525738,-0.0031836670823395252,-0.0019767284393310547
-0.0025288816541433334,-0.0033326400443911552,-0.0011985301971435547
-0.002247184980660677,-0.0034853853285312653,-0.0027244091033935547
-0.001773628406226635,-0.003045063465833664,-0.0025718212127685547
-0.0007419772446155548,-0.0026558623649179935,-0.0016410350799560547
-0.0014454200863838196,-0.003706497373059392,-0.003686070442199707
-0.0004445505328476429,-0.0027431054040789604,-0.0035643577575683594
-0.001539931632578373,-0.003946601413190365,0.0050563812255859375
0.0005234680138528347,0.00031280587427318096,-0.0036873817443847656
0.03893575817346573,0.12493698298931122,-0.0037797093391418457
0.06976165622472763,0.20006270706653595,-8.785724639892578e-05
0.08892582356929779,0.17393262684345245,-0.0001798868179321289
0.07940779626369476,0.12443064898252487,-0.001462101936340332
0.04518386721611023,0.18121188879013062,-0.0023016929626464844
0.09420327097177505,0.28182128071784973,0.0002919435501098633
0.15451309084892273,0.30814751982688904,-0.0003033280372619629
0.19663593173027039,0.3359532654285431,-0.001783609390258789
0.24780723452568054,0.3916770815849304,-0.00041043758392333984
0.24135728180408478,0.42848411202430725,0.0006880760192871094
0.2058795839548111,0.413394033908844,0.0034340620040893555
0.16925346851348877,0.3488059937953949,-0.007171630859375
-0.006342925596982241,0.3166251480579376,0.0054770708084106445
-0.07087739557027817,0.22863824665546417,-0.005845308303833008
-0.016573118045926094,0.24397066235542297,0.0003033876419067383
-0.056041423231363297,0.2023726850748062,-0.0015586614608764648
-0.06241278722882271,0.13411229848861694,-0.004045963287353516
-0.06826519966125488,0.08209626376628876,-0.0011619329452514648
-0.06559903919696808,0.08018256723880768,-0.0038471221923828125
-0.040697164833545685,0.01991036906838417,-0.0005813837051391602
-0.02103145234286785,0.009904664941132069,-0.005433320999145508
0.03716287016868591,0.03902987763285637,-0.0014510154724121094
0.0685051828622818,-0.005538200959563255,0.0010360479354858398
0.08382035791873932,-0.05258892476558685,-0.003938496112823486
0.05451476573944092,-0.08418296277523041,-0.00549471378326416
-0.0395951047539711,-0.13246317207813263,-0.003540933132171631
-0.1134868934750557,-0.16024872660636902,0.003706693649291992
-0.1323077529668808,-0.18250757455825806,-0.0074776411056518555
-0.1321350485086441,-0.22037625312805176,0.0051711201667785645
-0.10091865062713623,-0.22829589247703552,-0.002046942710876465
-0.16109031438827515,-0.28057512640953064,-0.008837103843688965
-0.9064099788665771,-0.7232568264007568,-0.0024895071983337402
-0.7273358106613159,-0.7250044345855713,-0.007447004318237305
-0.31301918625831604,-0.4447827637195587,0.00480729341506958
0.05615901201963425,-0.1423451453447342,0.0075304508209228516
0.14440563321113586,-0.02395271137356758,0.019145727157592773
-0.05945352092385292,-0.09800547361373901,-0.028108954429626465
-0.03631620109081268,-0.09889762103557587,-0.018134117126464844
0.03856361657381058,-0.05388713628053665,0.07607126235961914
0.11391013115644455,-0.2758348286151886,0.06021285057067871
0.24262546002864838,-0.2813376188278198,0.18114781379699707
0.30950140953063965,-0.08477463573217392,0.3340715169906616
0.2820337414741516,-0.10209854692220688,0.7410786151885986
0.32520657777786255,-0.1043730303645134,1.0173693895339966
0.3201727271080017,-0.047366395592689514,1.0500339269638062
0.21204182505607605,-0.0030392631888389587,0.9650871753692627
0.10886067897081375,0.017867490649223328,0.8563297986984253
0.07171636819839478,0.019431158900260925,0.7807475328445435
0.11548319458961487,0.02207815647125244,0.7212916016578674
0.17708590626716614,0.01796489953994751,0.6444090604782104
0.183999702334404,0.018128812313079834,0.5532848834991455
0.1234266459941864,0.04901275038719177,0.4715096354484558
0.054329901933670044,0.07100576162338257,0.402024507522583
-0.001321643590927124,0.07905727624893188,0.3225991129875183
-0.05021139979362488,0.09271979331970215,0.22918719053268433
-0.0954306423664093,0.09805887937545776,0.134937584400177
-0.13632036745548248,0.13271546363830566,0.03788340091705322
-0.15750935673713684,0.15907377004623413,-0.03862965106964111
-0.12126898765563965,0.1920592188835144,-0.09140914678573608
-0.052666619420051575,0.23208266496658325,-0.11183685064315796
-0.061048075556755066,0.19113999605178833,-0.1129387617111206
-0.06632597744464874,0.15349090099334717,-0.12381494045257568
-0.06486791372299194,0.1558234691619873,-0.1556013822555542
-0.08525699377059937,0.16763663291931152,-0.18779540061950684
-0.12170673906803131,0.16752320528030396,-0.18973463773727417
-0.14314475655555725,0.17683929204940796,-0.17094063758850098
-0.144171342253685,0.1843268871307373,-0.16200000047683716
-0.15407142043113708,0.19262999296188354,-0.1552984118461609
-0.16039179265499115,0.2035503387451172,-0.1473495364189148
-0.14402854442596436,0.20941925048828125,-0.13743901252746582
-0.10459049046039581,0.21827667951583862,-0.12501251697540283
-0.07463591545820236,0.23129934072494507,-0.11130291223526001
-0.07917028665542603,0.2592505216598511,-0.09691500663757324
-0.12092111259698868,0.2916527986526489,-0.0725778341293335
-0.16218158602714539,0.3075072169303894,-0.04272425174713135
-0.15449148416519165,0.3012704849243164,-0.0056858062744140625
-0.1165659949183464,0.27493715286254883,0.021416783332824707
-0.1096927672624588,0.2545352578163147,0.016468584537506104
-0.11604852974414825,0.26212018728256226,-0.02887272834777832
-0.11674906313419342,0.274430513381958,-0.0830298662185669
-0.11299780756235123,0.27902132272720337,-0.12790122628211975
-0.09449470788240433,0.27771854400634766,-0.16092520952224731
-0.049373067915439606,0.2639051079750061,-0.1791265606880188
0.00463930144906044,0.24198895692825317,-0.18717420101165771
0.0031706951558589935,0.22016113996505737,-0.1953587532043457
-0.016706019639968872,0.20486223697662354,-0.20695999264717102
-0.033598143607378006,0.1985454559326172,-0.20492112636566162
-0.05837095528841019,0.18491965532302856,-0.18560749292373657
-0.06392012536525726,0.16624706983566284,-0.17542970180511475
-0.06058792397379875,0.14509481191635132,-0.17962148785591125
-0.016717035323381424,0.12081825733184814,-0.18344032764434814
0.08734852075576782,0.09202426671981812,-0.17881006002426147
0.14138564467430115,0.045430898666381836,-0.1590009331703186
0.13160273432731628,0.01753675937652588,-0.13669437170028687
0.09991249442100525,0.03309226036071777,-0.12082785367965698
0.012604113668203354,0.048772215843200684,-0.09630227088928223
-0.048549190163612366,0.0740707516670227,-0.049831509590148926
-0.0668259710073471,0.08596265316009521,0.008534371852874756
-0.07902885228395462,0.06968450546264648,0.05479228496551514
-0.055015020072460175,0.06320512294769287,0.049163639545440674
-0.026527799665927887,0.06151682138442993,0.00834357738494873
-0.02827145904302597,0.032472074031829834,-0.027694284915924072
-0.0011078380048274994,0.01258552074432373,-0.058432817459106445
0.040976349264383316,0.0060544610023498535,-0.07695817947387695
0.06870691478252411,0.010514438152313232,-0.07149136066436768
0.05123959109187126,0.006235003471374512,-0.0520780086517334
0.014519333839416504,-0.01161259412765503,-0.03667527437210083
-0.009762696921825409,-0.02223104238510132,-0.03422433137893677
-0.019134212285280228,-0.018191277980804443,-0.04017525911331177
-0.018144391477108,-0.02267831563949585,-0.03761792182922363
-0.01718869060277939,-0.03245145082473755,-0.02457648515701294
-0.012183897197246552,-0.03589826822280884,-0.014171361923217773
0.005631331354379654,-0.03508061170578003,-0.005383014678955078
0.026846513152122498,-0.02720332145690918,0.009348154067993164
0.025596238672733307,-0.018901705741882324,0.019146203994750977
0.013082817196846008,-0.01976567506790161,0.032291412353515625
-0.005184650421142578,-0.011051177978515625,0.038273394107818604
-0.04835417866706848,0.00623929500579834,0.03541988134384155
-0.08492455631494522,0.01976478099822998,0.035452425479888916
-0.08447053283452988,0.02366197109222412,0.0455973744392395
-0.06886056810617447,0.025849103927612305,0.060081541538238525
-0.052062273025512695,0.021444320678710938,0.06860214471817017
-0.03562881797552109,0.020005404949188232,0.061715781688690186
-0.030208133161067963,0.01984196901321411,0.04334056377410889
-0.039628610014915466,0.020593225955963135,0.01390063762664795
-0.04742346704006195,0.015685200691223145,0.001547694206237793
-0.04374350607395172,0.016266167163848877,0.006015419960021973
-0.04185519367456436,0.0200996994972229,0.022607088088989258
-0.04885964095592499,0.02463477849960327,0.03868210315704346
-0.05966059863567352,0.033983051776885986,0.04803812503814697
-0.05122612416744232,0.03741276264190674,0.059427857398986816
-0.029377512633800507,0.037164270877838135,0.07679527997970581
0.00031007081270217896,0.034864068031311035,0.09362274408340454
0.010706841945648193,0.030381977558135986,0.09301590919494629
0.017620883882045746,0.024868249893188477,0.08115673065185547
0.019580833613872528,0.016190528869628906,0.06775271892547607
0.012735478579998016,0.013042867183685303,0.05750548839569092
0.005404926836490631,0.015233516693115234,0.04631584882736206
0.006243176758289337,0.014066517353057861,0.04252278804779053
0.003986142575740814,0.010393202304840088,0.05017513036727905
0.0072946324944496155,0.009235024452209473,0.05940043926239014
0.01075679063796997,0.008198857307434082,0.059841036796569824
0.012172050774097443,0.0038112401962280273,0.05191987752914429
0.015009090304374695,-0.0025070905685424805,0.04017001390457153
0.020828604698181152,-0.008698105812072754,0.03201860189437866
0.030820846557617188,-0.014191865921020508,0.01716095209121704
0.04396672546863556,-0.01873159408569336,0.0025308728218078613
0.05438157916069031,-0.025500476360321045,-0.006517350673675537
0.05687323957681656,-0.02870333194732666,-0.015151143074035645
0.04356171935796738,-0.02716153860092163,-0.01896578073501587
0.021584056317806244,-0.025942325592041016,-0.017813920974731445
0.005895882844924927,-0.02511131763458252,-0.01595020294189453
0.003902338445186615,-0.0210077166557312,-0.015620052814483643
0.013035386800765991,-0.021298706531524658,-0.015409588813781738
0.03006170690059662,-0.024631857872009277,-0.017258763313293457
0.03354153037071228,-0.0219232439994812,-0.020177841186523438
0.020360521972179413,-0.013522148132324219,-0.019205987453460693
0.012486524879932404,-0.008667409420013428,-0.017301321029663086
0.015085265040397644,-0.0061910152435302734,-0.010761499404907227
0.017409197986125946,-0.00467449426651001,-0.007510066032409668
0.01249733567237854,-0.0018829703330993652,-0.010037600994110107
0.012509636580944061,-0.0014845728874206543,-0.016400575637817383
0.01315838098526001,-0.003239154815673828,-0.020415425300598145
0.01439126580953598,-0.0005661249160766602,-0.01611870527267456
0.007787182927131653,-0.0004902482032775879,-0.005846917629241943
0.005296915769577026,-0.0009976625442504883,0.0028228759765625
0.008836530148983002,-0.0001468658447265625,0.0023279786109924316
0.01755916327238083,-0.0009543895721435547,-0.008899331092834473
0.028616733849048615,-0.001972973346710205,-0.02113443613052368
0.03551265597343445,-0.006228506565093994,-0.028629720211029053
0.03180921822786331,-0.0049481987953186035,-0.03430098295211792
0.0222780704498291,-0.002833247184753418,-0.02944129705429077
0.011674396693706512,-0.00571441650390625,-0.018178224563598633
0.006109006702899933,-0.003374934196472168,-0.0018935799598693848
0.0007936805486679077,0.0031872987747192383,0.01307821273803711
-0.0035497620701789856,0.002801656723022461,0.022147953510284424
-0.004519276320934296,0.005263149738311768,0.024326086044311523
0.0034706145524978638,0.0036085844039916992,0.025286436080932617
0.013953492045402527,-6.276369094848633e-05,0.025709569454193115
0.020395837724208832,-0.0032015442848205566,0.030565738677978516
0.02116427570581436,-0.007140457630157471,0.036483705043792725
0.016959011554718018,-0.005319356918334961,0.05090385675430298
-0.0008374899625778198,0.0018050670623779297,0.041014790534973145
-0.007853545248508453,0.00027889013290405273,0.039567410945892334
-0.021679282188415527,0.005073070526123047,0.04566621780395508
-0.03526649624109268,0.011717379093170166,0.042108237743377686
-0.03407900780439377,-0.016275346279144287,-0.014542937278747559
0.0735960453748703,-0.1084098219871521,-0.5824123620986938
0.23279094696044922,0.0972183346748352,-0.6128995418548584
0.03258185833692551,-0.2113305926322937,-0.11479753255844116
0.07214712351560593,0.05350232124328613,0.10275137424468994
-0.08988882601261139,0.06770986318588257,0.15845340490341187
-0.12308369576931,0.014677047729492188,0.15218549966812134
-0.08640319854021072,0.041335463523864746,0.121337890625
-0.0703793466091156,0.042729973793029785,0.09643775224685669
-0.04990628361701965,0.03919851779937744,0.08932393789291382
-0.036738984286785126,0.027053892612457275,0.061555445194244385
-0.01747584342956543,0.03353285789489746,0.006362617015838623
-0.0009473562240600586,0.017242372035980225,0.002929866313934326
0.005005963146686554,0.0033179521560668945,-0.01166081428527832
-0.008856557309627533,0.007062733173370361,-0.036517441272735596
-0.01954391598701477,0.011640727519989014,-0.049420297145843506
-0.028438985347747803,0.005223572254180908,-0.04449772834777832
-0.033869341015815735,0.0031621456146240234,-0.03736472129821777
-0.034182868897914886,0.0073923468589782715,-0.03625345230102539
-0.04061594605445862,0.01033937931060791,-0.044040679931640625
-0.04402419924736023,0.013506174087524414,-0.057992398738861084
-0.035980142652988434,0.019977033138275146,-0.06770592927932739
-0.02808031439781189,0.026407718658447266,-0.07800281047821045
-0.02247081696987152,0.0307043194770813,-0.09776866436004639
-0.021586336195468903,0.038655757904052734,-0.12703704833984375
-0.025582291185855865,0.04532885551452637,-0.16108828783035278
-0.04440288990736008,0.04954063892364502,-0.1902744174003601
-0.06605042517185211,0.05908554792404175,-0.2158612608909607
-0.08985580503940582,0.08078658580780029,-0.24245715141296387
-0.10468506813049316,0.10340893268585205,-0.2588344216346741
-0.10289918631315231,0.12175458669662476,-0.2635008692741394
-0.10272175073623657,0.16054582595825195,-0.27818918228149414
-0.09202685952186584,0.1939372420310974,-0.28562092781066895
-0.03962797671556473,0.22812116146087646,-0.27659696340560913
-0.0054387301206588745,0.2701115012168884,-0.2558019757270813
-0.02844170480966568,0.2979600429534912,-0.22873753309249878
-0.1520172655582428,0.3548188805580139,-0.1921820044517517
-0.3367120623588562,0.329190731048584,-0.13863712549209595
-0.3857957720756531,0.34060168266296387,-0.07456082105636597
-0.3905249238014221,0.36063915491104126,-0.006427347660064697
-0.3864145576953888,0.3308643102645874,-0.012159466743469238
-0.332658052444458,0.2904757261276245,-0.026344656944274902
-0.23114506900310516,0.2659826874732971,-0.08809012174606323
-0.06446738541126251,0.20814460515975952,-0.16420316696166992
0.14154699444770813,0.12184351682662964,-0.2149999737739563
0.30963000655174255,0.05939602851867676,-0.24978679418563843
0.3282724618911743,0.01158297061920166,-0.2705037593841553
0.22276148200035095,0.017081022262573242,-0.24379831552505493
0.13624778389930725,0.05484116077423096,-0.17004555463790894
0.13984254002571106,0.03886854648590088,-0.14190202951431274
0.26027438044548035,-0.048418402671813965,-0.3188607096672058
0.23357975482940674,-0.07019639015197754,-0.07778656482696533
0.17239093780517578,-0.05532795190811157,0.08205479383468628
0.16939309239387512,-0.04944831132888794,0.09430170059204102
0.12261366844177246,-0.05746576189994812,0.12009161710739136
0.10282111167907715,-0.07351747155189514,0.08764535188674927
0.07337278127670288,-0.11036801338195801,0.013977885246276855
0.09907379746437073,-0.10988008975982666,-0.02233278751373291
0.07869550585746765,-0.14241647720336914,0.010416090488433838
0.09098543226718903,-0.15759193897247314,0.05921202898025513
0.11073070764541626,-0.16854655742645264,0.13685625791549683
0.1218845397233963,-0.17744314670562744,0.22385919094085693
0.1239328682422638,-0.1740114986896515,0.287664532661438
0.12094351649284363,-0.1543678641319275,0.32776588201522827
0.10749034583568573,-0.1385585218667984,0.3591703176498413
0.07490554451942444,-0.12724265456199646,0.38582319021224976
0.0561080127954483,-0.10889515280723572,0.394694447517395
0.05716003477573395,-0.08214645087718964,0.37871044874191284
0.06212238222360611,-0.0671810656785965,0.34573662281036377
0.05770520865917206,-0.03873889148235321,0.2896648645401001
0.019849151372909546,0.0060324519872665405,0.23584115505218506
-0.02844323217868805,0.02170942723751068,0.19343900680541992
-0.05311114341020584,0.03921091556549072,0.16272366046905518
-0.06760894507169724,0.06821856647729874,0.146905779838562
-0.08862999826669693,0.08322729915380478,0.13593626022338867
-0.08646892011165619,0.08590991795063019,0.1334092617034912
-0.06071963161230087,0.08091781288385391,0.1354193091392517
-0.04034211486577988,0.06764545291662216,0.12384641170501709
-0.025124162435531616,0.05639117211103439,0.09101665019989014
-0.024044997990131378,0.05342040956020355,0.06205028295516968
-0.027586355805397034,0.05224800854921341,0.03915810585021973
-0.026629000902175903,0.029131881892681122,0.011853337287902832
-0.030552424490451813,-0.06664419174194336,0.041814208030700684
0.027863092720508575,0.04696466773748398,0.043426454067230225
0.026331119239330292,0.031525563448667526,-0.019534945487976074
-0.033067040145397186,-0.004919243045151234,-0.04067671298980713
-0.029841795563697815,0.009431318379938602,-0.038004279136657715
-0.006784908473491669,-0.00047747217467986047,-0.026937663555145264
0.009473640471696854,-0.03276999667286873,-0.009923338890075684
0.03181111067533493,-0.041831038892269135,-0.019752860069274902
0.050808314234018326,-0.04099901020526886,-0.0022282004356384277
0.030619774013757706,-0.008519048802554607,0.6860242486000061
-0.009538579732179642,-0.005634198896586895,0.1725224256515503
-0.08940563350915909,-0.0818924754858017,-0.00844508409500122
-0.06910581886768341,-0.12784050405025482,-0.005156397819519043
-0.05802634730935097,-0.149488165974617,-0.012595832347869873
-0.10780800879001617,-0.15329663455486298,-0.16005313396453857
-0.12065248191356659,-0.08340990543365479,0.0509716272354126
-0.18078292906284332,-0.0785665214061737,0.003773331642150879
-0.1390022337436676,-0.22753731906414032,0.11316895484924316
0.01658286526799202,-0.348779559135437,0.17824065685272217
-0.1690671443939209,-0.43088993430137634,-0.01080012321472168
-0.24723874032497406,-0.35974571108818054,-0.005231499671936035
-0.18577587604522705,-0.2540614902973175,-0.004224658012390137
-0.0976276770234108,-0.200239896774292,-0.001768350601196289
0.03176891431212425,-0.20203687250614166,0.00216829776763916
0.12683922052383423,-0.19446469843387604,-0.0032029151916503906
0.16273824870586395,-0.19495949149131775,-0.002806544303894043
0.17622889578342438,-0.15077662467956543,-0.00157088041305542
0.1701345443725586,-0.06456512957811356,-0.0011897683143615723
0.15769833326339722,-0.05899437516927719,-0.0032805800437927246
0.14797580242156982,-0.05938411131501198,-0.0036777853965759277
0.1151558980345726,-0.05419391766190529,-0.0023964643478393555
0.10319619625806808,-0.08611501008272171,-0.0037546753883361816
0.033730365335941315,0.000638582045212388,-0.0030221939086914062
-0.07649926096200943,0.1405731588602066,-0.002167344093322754
-0.13505935668945312,0.20429421961307526,-0.001129150390625
-0.09548886865377426,0.2237287163734436,-0.004729866981506348
-0.08450165390968323,0.25795793533325195,-0.00010573863983154297
-0.07566148787736893,0.3292129337787628,-0.00341641902923584
-0.05472085252404213,0.31235069036483765,-0.002271413803100586
0.010623354464769363,0.24969956278800964,-0.0003635883331298828
0.037588220089673996,0.21806392073631287,-0.00048530101776123047
0.020286353304982185,0.22151803970336914,-0.0013244152069091797
-0.031608909368515015,0.250711590051651,-0.0025603175163269043
-0.10220781713724136,0.29893958568573,0.0008881092071533203
-0.050911664962768555,0.4350276589393616,-0.0007141828536987305
0.054458122700452805,0.41019102931022644,-0.0018891692161560059
0.16779348254203796,0.261047899723053,-0.000516057014465332
0.16191841661930084,0.14278696477413177,-0.0017521381378173828
0.09069596230983734,0.09067340940237045,-0.006314635276794434
0.06618087738752365,0.04290947690606117,-0.0010199546813964844
0.018920380622148514,0.003785207634791732,0.0013604164123535156
-0.009165987372398376,-0.0026023713871836662,-0.0031713247299194336
-0.0026898225769400597,-0.002538026310503483,-0.006131529808044434
-0.004565936978906393,-0.004267786629498005,-0.0011420249938964844
-0.004739527590572834,-0.005099964793771505,-0.0016913414001464844
-0.0043222540989518166,-0.00460509117692709,-0.004193782806396484
-0.004307116847485304,-0.00308748590759933,-0.0017677545547485352
-0.0036984295584261417,-0.002260527340695262,-0.0006843805313110352
-0.003979913890361786,-0.0017303652130067348,-0.003491997718811035
-0.0043825069442391396,-0.0017700684256851673,-0.0026069283485412598
-0.00511842779815197,-0.0016718304250389338,-0.00034862756729125977
-0.0048988452181220055,-0.0030566807836294174,-0.00417858362197876
-0.0045724892988801,-0.0031089168041944504,-0.003339409828186035
-0.005990337114781141,-0.0030341227538883686,-0.0010353326797485352
-0.0054118093103170395,-0.001646009972319007,-0.0025610923767089844
-0.004729368723928928,-0.0014018171932548285,-0.0024236440658569336
-0.004321113228797913,-0.00037895352579653263,-0.0016301870346069336
-0.0030606123618781567,0.0002818955108523369,-0.0017216205596923828
-0.002801369410008192,-0.0007755765691399574,-0.002820134162902832
-0.002759457565844059,-0.0009891644585877657,-0.0018434524536132812
-0.0027838055975735188,-0.0030712743755429983,-0.0023010969161987305
-0.0033170091919600964,-0.004095143638551235,-0.0024231672286987305
-0.0037679742090404034,-0.004404802806675434,-0.0021636486053466797
-0.004348175600171089,-0.003950345329940319,-0.001125931739807129
-0.004543285816907883,-0.0033409709576517344,-0.003292679786682129
-0.0030601047910749912,-0.002520001260563731,-0.002621293067932129
-0.004425061400979757,-0.0015790555626153946,-0.0010952949523925781
-0.0030061337165534496,-0.002215264132246375,-0.0018429756164550781
-0.003293096087872982,-0.001880850875750184,-0.0023006200790405273
-0.003066990990191698,-0.002182796597480774,-0.0021631717681884766
-0.003832027781754732,-0.0018238697666674852,-0.0020258426666259766
-0.0035171625204384327,-0.0019146332051604986,-0.0032160282135009766
-0.004049531649798155,-0.0032376679591834545,-0.0026971101760864258
-0.0040889824740588665,-0.002163206459954381,-0.0027276277542114258
-0.003987944684922695,-0.0008528465405106544,-0.004558563232421875
-0.005281053017824888,-0.00016817706637084484,-0.005992889404296875
-0.007817650213837624,0.0036519046407192945,-0.012981295585632324
-0.009157929569482803,0.0040206024423241615,-0.011485815048217773
-0.009401547722518444,0.0007482410874217749,0.049228787422180176
-0.002528727985918522,-1.9260216504335403e-05,-0.018855929374694824
-0.0008542900905013084,-0.0057490114122629166,-0.015086889266967773
-0.0021923710592091084,-0.009519889950752258,0.002476036548614502
-0.0018128869123756886,-0.013730207458138466,0.0036052465438842773
0.00038362108170986176,-0.011065027676522732,-0.014964580535888672
0.0008660675957798958,-0.005112744867801666,-0.006068587303161621
0.002106456086039543,0.0004208316095173359,0.01277613639831543
0.0019144192337989807,0.004346718546003103,-0.00854027271270752
0.003868652042001486,0.0056497035548090935,-0.0077925920486450195
-0.003505375236272812,0.004279897082597017,0.0057419538497924805
-0.005038183648139238,0.0008610920049250126,-0.0009261369705200195
-0.0059081618674099445,-0.0019637462683022022,-0.011332452297210693
-0.0070261782966554165,-0.0034071574918925762,0.003331303596496582
-0.00861157663166523,-0.00508423987776041,0.0019579529762268066
-0.006713565438985825,-0.00393311120569706,-0.012278497219085693
-0.006143293343484402,-0.0010178100783377886,0.004155158996582031
-0.0043225581757724285,-0.0003727257717400789,6.568431854248047e-05
-0.002679241355508566,-0.0011626987252384424,-0.007777273654937744
-0.004074831493198872,-0.002144521102309227,-0.0018872618675231934
-0.006021412089467049,-0.004348549991846085,0.003987371921539307
-0.006646936759352684,-0.0047157928347587585,-0.006068170070648193
-0.0047905524261295795,-0.00676318071782589,-0.006464838981628418
-0.004471311811357737,-0.005540688056498766,0.003590822219848633
-0.0026867245323956013,-0.0031943286303430796,5.0067901611328125e-06
-0.002873742487281561,-0.000986618921160698,-0.006922483444213867
-0.003138713538646698,0.001171301119029522,-0.0005443692207336426
-0.003879787400364876,0.004079789854586124,0.0016682147979736328
-0.0028189942240715027,0.004166455939412117,-0.006312131881713867
-0.004685171879827976,0.0025455367285758257,-0.0015207529067993164
-0.005905885715037584,-0.0006139134056866169,0.0006308555603027344
-0.007019414566457272,-0.004709881730377674,-0.0034737586975097656
-0.004265298135578632,-0.007558552082628012,-0.004007697105407715
-0.004972991067916155,-0.008691972121596336,0.002050161361694336
-0.0029624556191265583,-0.007822657003998756,-0.002634286880493164
-0.0017510163597762585,-0.005471725016832352,-0.005243420600891113
-0.0016513830050826073,-0.002924741245806217,-5.543231964111328e-05
-0.0018322537653148174,-0.0001268475316464901,-0.0006352663040161133
-0.00141249131411314,0.001614703331142664,-0.004572033882141113
-0.0018912684172391891,0.001326136989519,-0.0010013580322265625
-0.0025528138503432274,0.0016538961790502071,-0.0017031431198120117
-0.0038658054545521736,0.00166815216653049,-0.004129290580749512
-0.004101744387298822,0.0011575939133763313,-0.002923727035522461
-0.003951669204980135,2.821139059960842e-05,-0.000985860824584961
-0.003314801026135683,-0.00020814081653952599,-0.002755880355834961
-0.003175289835780859,-0.000988160027191043,-0.00255739688873291
-0.0035407617688179016,-0.0035137475933879614,-0.0007110834121704102
-0.003960354253649712,-0.0055038537830114365,-0.00231325626373291
-0.004850101191550493,-0.008583939634263515,-0.0030760765075683594
-0.006871695630252361,-0.010660468600690365,-0.0024198293685913086
-0.005700540263205767,-0.009705644100904465,-0.0019010305404663086
-0.004376999102532864,-0.00695033511146903,-0.0026944875717163086
-0.0033295685425400734,-0.004291295539587736,-0.002312898635864258
-0.0015768264420330524,-0.0011182886082679033,-0.0008938312530517578
-0.0008161221630871296,0.001868750900030136,-0.002846956253051758
-0.002257778774946928,0.003957927227020264,-0.0022670626640319824
-0.0027754586189985275,0.004624118097126484,-0.0017024874687194824
-0.003450969234108925,0.0046399543061852455,-0.0021753311157226562
-0.004898580256849527,0.00430487934499979,-0.0025107860565185547
-0.005262801423668861,0.0029203081503510475,-0.002632737159729004
-0.005348820239305496,0.0027014068327844143,-0.002281785011291504
-0.004419754724949598,0.00035037961788475513,-0.002510666847229004
-0.004224168602377176,-0.0017016325145959854,-0.002937793731689453
-0.0041712867096066475,-0.00462326779961586,-0.002144336700439453
-0.0019964082166552544,-0.007929326966404915,-0.002068042755126953
-0.0018689623102545738,-0.009640093892812729,-0.002678394317626953
-0.0036427858285605907,-0.009190917015075684,-0.002144455909729004
-0.0031821872107684612,-0.007910139858722687,-0.0025563836097717285
-0.002549507189542055,-0.005280774552375078,-0.002632617950439453
-0.0005135484971106052,-0.0026581643614917994,-0.0015645027160644531
-0.000891445204615593,0.0006467611528933048,-0.0024036765098571777
-0.0014276662841439247,0.003181452862918377,-0.0018848180770874023
-0.00321630435064435,0.003347537713125348,-0.00022149085998535156
-0.0040357341058552265,0.0034413961693644524,-0.0026323795318603516
-0.004834864288568497,0.0030972715467214584,-0.0029526948928833008
-0.005361730232834816,0.0015253156889230013,-0.0015181899070739746
-0.005089724436402321,-0.0009182586800307035,-0.0019301176071166992
-0.005494358018040657,-0.0010154224000871181,-0.0015791654586791992
-0.005233388859778643,-0.002757286187261343,-0.0018994808197021484
-0.003572175744920969,-0.0043680304661393166,-0.0020825862884521484
-0.0028186803683638573,-0.005674806423485279,-0.0025707483291625977
-0.0025207549333572388,-0.00554448738694191,-0.0023877620697021484
-0.0024711424484848976,-0.005693688988685608,-0.001945197582244873
-0.0023056543432176113,-0.005744870752096176,-0.0023418664932250977
-0.002544425893574953,-0.004667866975069046,-0.0020671486854553223
-0.001982704736292362,-0.0028540631756186485,-0.002357006072998047
-0.0027293777093291283,6.178230978548527e-05,-0.0028297901153564453
-0.002879817970097065,0.0022896574810147285,-0.0019447803497314453
-0.003026183694601059,0.003869506763294339,-0.0009377598762512207
-0.003988255281001329,0.0035869653802365065,-0.0016548633575439453
-0.0026215780526399612,0.0019792101811617613,-0.0028144121170043945
-0.0031986357644200325,0.0002910199109464884,-0.0014258623123168945
-0.00335983419790864,-0.0018464017193764448,-0.0021123886108398438
-0.003897416405379772,-0.0035571474581956863,-0.002097010612487793
-0.003812792245298624,-0.005351603962481022,-0.001883387565612793
-0.003881314769387245,-0.0054170917719602585,-0.002753138542175293
-0.004048158880323172,-0.004144482314586639,-0.0021581053733825684
-0.004249386955052614,-0.00298544904217124,-0.0015478134155273438
-0.004097497556358576,-0.0025713101495057344,-0.0020819902420043945
-0.003933639265596867,-0.0016022908966988325,-0.0025091171264648438
-0.004868421703577042,-0.0018950225785374641,-0.0019598007202148438
-0.0049222013913095,-0.0008236172143369913,-0.001547694206237793
-0.0035681016743183136,-0.0009751534089446068,-0.0019443035125732422
-0.002626157831400633,0.0004066347610205412,-0.002798795700073242
-0.0033247508108615875,0.0003670006990432739,-0.0034548044204711914
-0.0020627882331609726,0.0002975058741867542,-0.0022034645080566406
-0.0012604868970811367,0.0007576977368444204,-0.0014099478721618652
-0.0014231549575924873,-0.0006711282767355442,-0.0009216666221618652
-0.0010594534687697887,-0.002637250814586878,-0.0012420415878295898
-0.0017633549869060516,-0.004682275466620922,-0.0018676519393920898
-0.0032651652581989765,-0.005305902101099491,-0.0021117329597473145
-0.0031179841607809067,-0.005253484006971121,-0.00336301326751709
-0.0034491531550884247,-0.004339410923421383,-0.002264261245727539
-0.0037201251834630966,-0.002945795189589262,-0.003103494644165039
-0.00386750977486372,-0.0009321293327957392,-0.002935647964477539
-0.004625240806490183,0.0008212656248360872,-0.002386331558227539
-0.005052351392805576,0.00205897050909698,-0.0021116137504577637
-0.004419346805661917,0.002862845314666629,-0.0025998353958129883
-0.003989766351878643,0.0019368925131857395,-0.0027064085006713867
-0.0031938920728862286,0.0011631492525339127,-0.0016230344772338867
-0.003112423699349165,-0.00028140051290392876,-0.001989006996154785
-0.0008926610462367535,-0.0010987985879182816,-0.0027213096618652344
-0.0013516340404748917,-0.0015345374122262,-0.0012108087539672852
-0.0013441601768136024,-0.0023476039059460163,-0.002080559730529785
-0.0018716766498982906,-0.0027408269234001637,-0.0020958781242370605
-0.001173239666968584,-0.004106063395738602,-0.002355217933654785
-0.002167320344597101,-0.004917791113257408,-0.002202630043029785
-0.0033459793776273727,-0.005053604952991009,-0.0032248497009277344
-0.00508674792945385,-0.0037385064642876387,-0.0032399892807006836
-0.005245487205684185,-0.0035759159363806248,-0.0019583702087402344
-0.0044810110703110695,-0.0016680376138538122,-0.0018972158432006836
-0.002702615689486265,-0.0008636179845780134,-0.002324402332305908
-0.0034383321180939674,0.0006218566559255123,-0.0024310946464538574
-0.0027412581257522106,0.0018719686195254326,-0.0026142001152038574
-0.002884066663682461,0.0020468467846512794,-0.002629399299621582
-0.0031372644007205963,0.0019811689853668213,-0.0020341873168945312
-0.0020452640019357204,0.001148776151239872,-0.0021867752075195312
-0.001799010206013918,0.00013743294402956963,-0.0021712779998779297
-0.0020398744381964207,-0.0009682797826826572,-0.0019118785858154297
-0.002835386898368597,-0.001950256060808897,-0.0014846324920654297
-0.002496629022061825,-0.002512968610972166,-0.0022627711296081543
-0.0038533122278749943,-0.0029228520579636097,-0.0018660426139831543
-0.0038120709359645844,-0.003308336716145277,-0.0024306774139404297
-0.0038538845255970955,-0.003664147574454546,-0.0024459362030029297
-0.0038969898596405983,-0.0022227568551898003,-0.0021101832389831543
-0.0029938840307295322,-0.0027850628830492496,-0.0015609264373779297
-0.003158804029226303,-0.002133606467396021,-0.001438915729522705
-0.0035279840230941772,-0.002305365167558193,-0.0021102428436279297
-0.0036688982509076595,-0.0009979596361517906,-0.0018813610076904297
-0.0025873584672808647,6.180722266435623e-05,-0.002064347267150879
-0.002488373313099146,0.0009919372387230396,-0.0026288628578186035
-0.002089922782033682,0.001499297097325325,-0.0013013482093811035
-0.002153491135686636,0.0007744231261312962,-0.0015758275985717773
-0.003190313931554556,-0.0005115261301398277,-0.0016368627548217773
-0.002716491464525461,-0.0006222412921488285,-0.0015605688095092773
-0.0031368313357234,-0.0012070033699274063,-0.0016978979110717773
-0.003939198795706034,-0.0012272470630705357,-0.0010876059532165527
-0.004024319350719452,-0.0021909005008637905,-0.0022929906845092773
-0.0037655658088624477,-0.002414083108305931,-0.0030558109283447266
-0.0032608448527753353,-0.0020323777571320534,-0.0016367435455322266
-0.0030440702103078365,-0.001725449226796627,-0.0022318363189697266
-0.003055177628993988,-0.001909757498651743,-0.0021401643753051758
-0.0035277684219181538,-0.0015337467193603516,-0.0016976594924926758
-0.002488291822373867,-0.0011773975566029549,-0.0025520920753479004
-0.002352028153836727,-0.000539916567504406,-0.0019722580909729004
-0.002202630043029785,-0.0006642909720540047,-0.0016518831253051758
-0.0030573057010769844,-0.00022255023941397667,-0.001758575439453125
-0.002656320109963417,-0.0009070797823369503,-0.002124786376953125
-0.002815036568790674,-0.0011517186649143696,-0.001834869384765625
-0.0024499353021383286,-0.000487583689391613,-0.0016669034957885742
-0.0027026068419218063,-0.00024024490267038345,-0.002948760986328125
-0.003390846773982048,-0.0015388079918920994,-0.0033454298973083496
-0.0036499397829174995,-0.0016323355957865715,-0.0021094083786010742
-0.0034509720280766487,-0.00197625532746315,-0.0017126798629760742
-0.004221006762236357,-0.0011670757085084915,-0.0018194913864135742
-0.0035134153440594673,-0.0012500286102294922,-0.0022467374801635742
-0.0037854211404919624,-0.0007757195271551609,-0.002094089984893799
-0.0045697311870753765,-0.001600863877683878,-0.0025212764739990234
-0.0031136064790189266,-0.0009857737459242344,-0.0016974210739135742
-0.003046880941838026,-0.0008217939175665379,-0.0014379620552062988
-0.003230068366974592,-0.001280508004128933,-0.0019109249114990234
-0.0030097053386271,-0.0018164324574172497,-0.0025823116302490234
-0.0031936834566295147,-0.0011077295057475567,-0.0024296045303344727
-0.002246413379907608,-0.0016954592429101467,-0.0015597343444824219
-0.0013350937515497208,-0.0006435415707528591,-0.0021089911460876465
-0.0012227408587932587,-0.0011999662965536118,-0.0020477771759033203
-0.0012901565060019493,-0.0010670009069144726,-0.0017424821853637695
-0.0002768919803202152,-0.0013887551613152027,-0.0019407272338867188
-0.0011915890499949455,-0.0014438936486840248,-0.0025510787963867188
-0.0018204539082944393,-0.002271575853228569,-0.0015897750854492188
-0.0028905682265758514,-0.002089098561555147,-0.002306818962097168
-0.00297193368896842,-0.0018810275942087173,-0.0017726421356201172
-0.0027837208472192287,-0.0016656001098453999,-0.002566099166870117
-0.004870804026722908,-0.0013630157336592674,-0.0023828744888305664
-0.00463777594268322,-0.0005311835557222366,-0.0021387338638305664
-0.004396905656903982,0.00012722192332148552,-0.0015131235122680664
-0.004897799808532,0.00034994306042790413,-0.0016046762466430664
-0.004942063242197037,-0.0002780216746032238,-0.002428710460662842
-0.0047745481133461,0.00022091064602136612,-0.0023828744888305664
-0.003315654117614031,-0.000304659828543663,-0.0011317133903503418
-0.002919362857937813,-0.0013348329812288284,-0.0012995004653930664
-0.0023074792698025703,-0.002618021797388792,-0.0028711557388305664
-0.0006861495785415173,-0.002243512775748968,-0.0027643442153930664
-0.0013964120298624039,-0.0016954857856035233,-0.001833498477935791
-0.001962656155228615,-0.0016229203902184963,-0.0023676156997680664
-0.002175097819417715,-0.0016804137267172337,-0.0024132728576660156
-0.0018275459297001362,-0.0016649523749947548,-0.0012534856796264648
-0.0023555289953947067,-0.0014100228436291218,-0.0018944740295410156
-0.003049096092581749,-0.0009037014096975327,-0.002809882164001465
-0.003908366430550814,-0.0006155055016279221,-0.0014671087265014648
-0.0035162176936864853,-0.0003806622698903084,-0.002397775650024414
-0.0031677871011197567,-0.0003626798279583454,-0.002351999282836914
-0.003357204142957926,-0.0008727596141397953,-0.002443552017211914
-0.004162658005952835,-0.00025774817913770676,-0.0019857287406921387
-0.0036982130259275436,-0.00023613637313246727,-0.0019856691360473633
-0.0028961547650396824,-0.00037839310243725777,-0.0030536651611328125
-0.0033785239793360233,-0.0011497572995722294,-0.0023821592330932617
-0.003440618049353361,-0.0009098844602704048,-0.003099203109741211
-0.0024159541353583336,-0.0008016652427613735,-0.002305746078491211
-0.0026172930374741554,-0.0017945216968655586,-0.0016649961471557617
-0.0023325528018176556,-0.0016028783284127712,-0.002016007900238037
-0.0024825292639434338,-0.0021350537426769733,-0.0036182403564453125
-0.00285825552418828,-0.0024891337379813194,-0.0023212432861328125
-0.0028473148122429848,-0.0026566446758806705,-0.0022600889205932617
-0.0026934249326586723,-0.001572873443365097,-0.0023363232612609863
-0.0030364994890987873,-0.0008222307078540325,-0.0012835264205932617
-0.0023742481134831905,-0.001105832401663065,-0.0012378096580505371
-0.0024206223897635937,-0.00029690423980355263,-0.0028551816940307617
-0.0026023578830063343,-0.0005476409569382668,-0.002321004867553711
-0.002673172391951084,-0.0004551387391984463,-0.0029923319816589355
-0.001648596953600645,-0.00047378940507769585,-0.0032517313957214355
-0.0019565289840102196,-6.137602031230927e-05,-0.002473592758178711
-0.002135107759386301,-0.0004094243049621582,-0.001878499984741211
-0.0025065913796424866,-0.0013992935419082642,-0.0025650858879089355
-0.0023556272499263287,-0.0004390100948512554,-0.002305746078491211
-0.0021008471958339214,-2.3737549781799316e-05,-0.0016189813613891602
-0.0025860355235636234,-0.0010963967069983482,-0.00256502628326416
-0.0033833524212241173,-0.0011868719011545181,-0.00270235538482666
-0.0034921844489872456,-0.0012182262726128101,-0.00203096866607666
-0.0026256837882101536,-0.0011262688785791397,-0.00241243839263916
-0.00328632490709424,-0.0007938360795378685,-0.00297701358795166
-0.002622307278215885,-0.0015218807384371758,-0.00210726261138916
-0.002329855225980282,-0.0016366662457585335,-0.0007185935974121094
-0.0017937878146767616,-0.0028831101953983307,-0.0027785301208496094
-0.0018844641745090485,-0.0021377168595790863,-0.0010083913803100586
-0.0026210290379822254,-0.001983010210096836,-0.0012677907943725586
-0.0016782828606665134,-0.0009442279115319252,-0.0010999441146850586
-0.002470657229423523,-0.0008107232861220837,-0.0023053884506225586
-0.0029639150016009808,-0.00040536466985940933,-0.0023511648178100586
-0.0036463243886828423,-0.0005229562520980835,-0.0016645193099975586
-0.003074382897466421,-0.00038885418325662613,-0.0029309988021850586
-0.001523082610219717,-0.0008655986748635769,-0.003419160842895508
-0.0029886066913604736,-0.001306057907640934,-0.002000093460083008
-0.0031394781544804573,-0.00034704897552728653,-0.002290010452270508
-0.002878714818507433,-0.0006583137437701225,-0.002534151077270508
-0.002241459209471941,-0.0001339181326329708,-0.002396821975708008
-0.0024171024560928345,-0.0012817163951694965,-0.002396702766418457
-0.002640348859131336,-0.0014569107443094254,-0.002015233039855957
-0.003647227305918932,-0.0008811233565211296,-0.0017558932304382324
-0.0033459458500146866,-0.0012808917090296745,-0.002762913703918457
-0.002332658041268587,-0.0011670025996863842,-0.0033121705055236816
-0.002651615533977747,-0.0016825427301228046,-0.0022134780883789062
-0.0030126473866403103,-0.0018479754216969013,-0.002366006374359131
-0.002099210862070322,-0.001790495589375496,-0.0023506879806518555
-0.0024667209945619106,-0.0016743442974984646,-0.0016945600509643555
-0.0024826843291521072,-0.00119074247777462,-0.0018622875213623047
-0.002952996175736189,-0.0011590034700930119,-0.0021369457244873047
-0.002318399026989937,-0.00033790338784456253,-0.0026099681854248047
-0.002194826491177082,-0.00020225439220666885,-0.0019537806510925293
-0.002789468504488468,-0.0006892327219247818,-0.0019841790199279785
-0.0024132970720529556,-0.0012901201844215393,-0.002441883087158203
-0.0021928688511252403,-0.0008275914005935192,-0.0011906623840332031
-0.0033181351609528065,-0.0014270078390836716,-0.0028232336044311523
-0.0031879469752311707,-0.0007835407741367817,-0.0023044347763061523
-0.0027838177047669888,-0.0011319145560264587,-0.0024112462997436523
-0.0029920381493866444,-0.000970854889601469,-0.002213001251220703
-0.0026976405642926693,-0.001589540857821703,-0.0006107091903686523
-0.0037116054445505142,-0.0013065356761217117,-0.0018010139465332031
-0.002724065911024809,-0.0011966889724135399,-0.0014346837997436523
-0.002516318578273058,-0.0007974207401275635,-0.0022891759872436523
-0.002074378076940775,-0.0009280424565076828,-0.0014040470123291016
-0.0007681231945753098,-0.0016306373290717602,-0.0008088350296020508
-0.0010004020296037197,-0.0009948541410267353,-0.0026397705078125
-0.0013491339050233364,-0.0011234618723392487,-0.002471923828125
-0.0014050528407096863,-0.002103553619235754,-0.0034178495407104492
-0.0031068045645952225,-0.0020300387404859066,-0.0017087459564208984
-0.003286636434495449,-0.0018141120672225952,-0.0020900964736938477
-0.003088683355599642,-0.0010433783754706383,-0.0014034509658813477
-0.004199465271085501,-0.0017115981318056583,-0.0019373893737792969
-0.003218533471226692,-0.0024034217931330204,-0.003203749656677246
-0.0022506783716380596,-0.0027222689241170883,-0.0017082691192626953
-0.0016964585520327091,-0.0006998591125011444,-0.0008080005645751953
-0.0019355886615812778,-0.0007951143197715282,-0.0023033618927001953
-0.002787649631500244,-8.96998681128025e-05,-0.0019218921661376953
-0.0024264701642096043,0.000685310922563076,-0.0022423863410949707
-0.0017656427808105946,0.00021439651027321815,0.0001990795135498047
-0.0019127028062939644,0.00027171801775693893,-0.0013724565505981445
-0.0013952096924185753,-0.0004229503683745861,-0.0016469955444335938
-2.6531051844358444e-05,-0.0004316745325922966,-0.0015554428100585938
-0.0005945940501987934,0.0015179854817688465,0.00029081106185913086
-0.00120227737352252,0.0024097594432532787,-0.0044394731521606445
-0.010365050286054611,-3.78643162548542e-05,-0.004302024841308594
-0.014105862006545067,-0.00025370530784130096,-0.0037680864334106445
-0.012044170871376991,0.0010763625614345074,-0.0017539262771606445
-0.009289507754147053,0.0020314371213316917,-0.0024253129959106445
-0.004552606958895922,0.00047777406871318817,-0.002974390983581543
-0.0021488158963620663,-0.0012684580869972706,-0.002226710319519043
0.0013226307928562164,-0.003249081317335367,-0.0028675198554992676
0.005384127143770456,-0.004348603542894125,-0.0029438138008117676
0.00611559534445405,-0.004143431782722473,-0.003004789352416992
0.0035993983037769794,-0.002711972687393427,-0.0002428293228149414
0.0034026624634861946,-0.0008333330042660236,-0.0030808448791503906
0.0018742959946393967,0.0010589826852083206,-0.0019363760948181152
0.00021728500723838806,0.0022273981012403965,-0.0008683204650878906
-0.002702070400118828,0.0021301284432411194,-0.0017229914665222168
-0.003922573756426573,0.00045551499351859093,-0.0015551447868347168
-0.0066788517870008945,-0.001043421681970358,-0.001799166202545166
-0.0059074959717690945,-0.0024260967038571835,-0.002791106700897217
-0.006071751471608877,-0.0023963460698723793,-0.0036913156509399414
-0.005037807393819094,-0.0027713384479284286,-0.0012193918228149414
-0.0040129199624061584,-0.0018825894221663475,-0.0018297433853149414
-0.0025729089975357056,-0.0007310342043638229,-0.002989530563354492
-0.0014841742813587189,0.00017593102529644966,-0.0012958049774169922
-0.0017471425235271454,0.0005195392295718193,-0.0019060373306274414
-0.0007786680944263935,0.0004717777483165264,-0.0029587745666503906
-0.0015052747912704945,-0.00030732015147805214,-0.00314176082611084
-0.002179680857807398,-0.0012828707695007324,-0.0009597539901733398
-0.0005140425637364388,-0.0011916616931557655,-0.00323331356048584
-0.0021128631196916103,-0.0008070226758718491,-0.0010819435119628906
-0.003419528715312481,-0.0005287830717861652,-0.0026535987854003906
-0.002912377007305622,0.0008591050282120705,-0.0025162696838378906
-0.0027622422203421593,0.0014773099683225155,-0.00247037410736084
-0.0022231563925743103,0.0016732490621507168,-0.001463472843170166
-0.0030715209431946278,0.00010025035589933395,-0.0032334327697753906
-0.003797415178269148,-0.0014669736847281456,-0.0023025870323181152
-0.002825357485562563,-0.0033921077847480774,-0.0015090703964233398
-0.0021549835801124573,-0.003982789348810911,-0.0024397969245910645
-0.002450483851134777,-0.003959528170526028,-0.002653360366821289
-0.000370868481695652,-0.002790279220789671,-0.001966714859008789
-0.0006163213402032852,-0.0006034639663994312,-0.001768350601196289
-0.000737418420612812,0.00043310457840561867,-0.00276029109954834
-0.0005688765086233616,0.0027295751497149467,-0.0018754005432128906
-0.00043599121272563934,0.00412760628387332,-0.0023790597915649414
-0.001643990632146597,0.0028116214089095592,-0.0029894113540649414
-0.003482482396066189,0.0017453641630709171,-0.0019822120666503906
-0.0043992530554533005,-0.0009787813760340214,-0.0026230812072753906
-0.004735973197966814,-0.0018813288770616055,-0.0020281076431274414
-0.002861286047846079,-0.003062684088945389,-0.004927158355712891
0.016410965472459793,-0.05143669247627258,-0.005691587924957275
0.352467805147171,-0.44825631380081177,0.00025790929794311523
0.24231001734733582,-0.3857312798500061,0.01753091812133789
-0.1146407350897789,0.05747412517666817,-0.017808616161346436
-0.14520125091075897,0.2727084755897522,-0.003892660140991211
-0.10976286977529526,0.3674706518650055,0.0017223358154296875
-0.07048758864402771,0.34178927540779114,-0.0008870959281921387
0.03133133426308632,0.2985420525074005,-0.005739390850067139
0.0643998458981514,0.27287718653678894,-0.0012840032577514648
0.1304728239774704,0.2338784784078598,0.0013097524642944336
0.147628515958786,0.1589411050081253,-0.005953550338745117
0.1058458611369133,0.09878776222467422,-0.0005674362182617188
0.045631974935531616,0.15873484313488007,0.002011120319366455
0.012421725317835808,0.16477012634277344,-0.002749621868133545
0.015384332276880741,0.15293577313423157,-0.0016510486602783203
0.02510567009449005,0.16516657173633575,0.0014464259147644043
0.02691560797393322,0.1991041898727417,-0.0005524158477783203
0.015997912734746933,0.19433705508708954,-0.004764080047607422
0.03771967068314552,0.1940428912639618,0.0012934207916259766
0.02432064898312092,0.19757552444934845,0.0009726285934448242
0.023229198530316353,0.23899738490581512,-0.0026900768280029297
0.055707234889268875,0.2586093842983246,-2.0503997802734375e-05
0.08203583210706711,0.2247534990310669,0.001779317855834961
0.07488333433866501,0.17079484462738037,-0.003561675548553467
0.08621514588594437,0.17733356356620789,-0.0027684569358825684
0.10096867382526398,0.15804217755794525,0.0007100105285644531
0.0963791012763977,0.14285822212696075,-0.004599928855895996
0.03657930716872215,0.10373993217945099,-0.0031042098999023438
0.03238115459680557,0.090898796916008,-0.0006927847862243652
0.00014733336865901947,0.06195032224059105,-0.002538323402404785
0.02934243343770504,0.05667348578572273,-0.006062626838684082
-0.008589323610067368,0.029845502227544785,0.0018879175186157227
-0.037623871117830276,-0.005182597786188126,-0.0003846883773803711
-0.0532970204949379,-0.014571459963917732,-0.003938794136047363
-0.0625704824924469,-0.03591114655137062,-0.0026099085807800293
-0.05625959113240242,-0.06063118577003479,-0.003111600875854492
-0.049945201724767685,-0.11653006821870804,-0.001507580280303955
-0.048627808690071106,-0.13558794558048248,-0.0013222694396972656
-0.10248854756355286,-0.19404460489749908,0.005838871002197266
-0.1612648218870163,-0.2658952474594116,0.026302456855773926
-0.11219881474971771,-0.30842840671539307,0.03210091590881348
-0.014299804344773293,-0.4039662778377533,-0.044828057289123535
-0.06390675902366638,-0.41004982590675354,-0.006635904312133789
-0.1314544677734375,-0.2688325047492981,0.0044786930084228516
-0.2423170655965805,-0.29452380537986755,-0.030044972896575928
-0.8182114958763123,-0.7574383616447449,-0.08217823505401611
-0.37670227885246277,-0.7014541029930115,-0.03619420528411865
0.04163629561662674,-0.08826148509979248,0.023000597953796387
-0.06076853349804878,0.043131232261657715,0.11363399028778076
0.0527983121573925,-0.03146473318338394,0.20241302251815796
0.12606437504291534,-0.17706313729286194,0.24533623456954956
0.2519071102142334,-0.2189483940601349,0.27672815322875977
0.33912980556488037,-0.17278385162353516,0.2679234743118286
0.35330238938331604,-0.1167200580239296,0.5498354434967041
0.30469220876693726,-0.07112167775630951,0.7732802033424377
0.1905370056629181,-0.01231810450553894,0.745720386505127
0.08121755719184875,0.02895312011241913,0.6726198196411133
0.01455707848072052,0.0591064989566803,0.6266266107559204
0.009000271558761597,0.03991132974624634,0.6057149767875671
0.12474249303340912,-0.006685495376586914,0.5815087556838989
0.1752726137638092,0.024540036916732788,0.5252469778060913
0.12123601138591766,0.05703452229499817,0.4965619444847107
0.06848017871379852,0.07755222916603088,0.5666103363037109
0.0006457716226577759,0.0995076596736908,0.6756432056427002
-0.022941917181015015,0.09632101655006409,0.752822995185852
-0.09221148490905762,0.07435503602027893,0.7032669186592102
-0.1729963719844818,0.06972524523735046,0.5772873163223267
-0.10076981782913208,0.1835731565952301,0.40297573804855347
-0.03448973596096039,0.2261757254600525,0.2525594234466553
-0.003952383995056152,0.23369991779327393,0.1413838267326355
-0.013738065958023071,0.2388933300971985,0.06495934724807739
-0.03373841941356659,0.2433120608329773,0.042633771896362305
-0.03400962054729462,0.26656603813171387,0.06024676561355591
-0.046908631920814514,0.3134338855743408,0.09467709064483643
-0.12908753752708435,0.34949374198913574,0.10653465986251831
-0.11668504774570465,0.349079430103302,0.09519535303115845
-0.08496151864528656,0.3610113859176636,0.06558936834335327
-0.07618139684200287,0.3809313178062439,0.02337712049484253
-0.08516737818717957,0.39870262145996094,-0.001442551612854004
-0.09590643644332886,0.3658449053764343,-0.042727887630462646
-0.0551954060792923,0.3368445038795471,-0.1174735426902771
-0.023403659462928772,0.33793896436691284,-0.16449379920959473
0.0051288902759552,0.32455897331237793,-0.18385565280914307
0.02530781924724579,0.2648746967315674,-0.21308696269989014
0.024672776460647583,0.1485832929611206,-0.31589627265930176
0.07057736814022064,0.33491718769073486,-0.28505057096481323
0.08003639429807663,0.32068437337875366,-0.23791450262069702
0.06849505007266998,0.3220013976097107,-0.1657354235649109
0.052356526255607605,0.3097764849662781,-0.12695437669754028
0.05443818122148514,0.30153149366378784,-0.1282038688659668
0.04740740358829498,0.3207396864891052,-0.15106546878814697
0.005651108920574188,0.34188276529312134,-0.1944555938243866
-0.03505600243806839,0.3333667516708374,-0.24634942412376404
-0.042179543524980545,0.3204464316368103,-0.28553274273872375
-0.08754041790962219,0.27087128162384033,-0.2666970491409302
-0.10264309495687485,0.27699577808380127,-0.19906914234161377
-0.08812855184078217,0.33039194345474243,-0.11748674511909485
-0.06734224408864975,0.2757745385169983,-0.09491369128227234
-0.05729048699140549,0.24894064664840698,-0.08839131891727448
-0.03769659250974655,0.239621102809906,-0.09715016186237335
-0.04863417521119118,0.2101501226425171,-0.13842345774173737
-0.07930944859981537,0.19206953048706055,-0.19427190721035004
-0.06051458790898323,0.17290306091308594,-0.24923203885555267
-0.03417271375656128,0.1513139009475708,-0.28851425647735596
-0.029385117813944817,0.14508652687072754,-0.2731516361236572
-0.0534357950091362,0.14677000045776367,-0.22562873363494873
-0.1047792136669159,0.1305534839630127,-0.18293370306491852
-0.13848432898521423,0.09986209869384766,-0.14716003835201263
-0.13137833774089813,0.09836804866790771,-0.12238787114620209
-0.11651268601417542,0.07168382406234741,-0.13693952560424805
-0.10636722296476364,0.06087446212768555,-0.1624276340007782
-0.1171259954571724,0.0467146635055542,-0.18148982524871826
-0.1256813108921051,0.03274738788604736,-0.2044895887374878
-0.13948312401771545,0.027250587940216064,-0.19134904444217682
-0.1310787796974182,0.021716177463531494,-0.1546420007944107
-0.10590028762817383,0.02910095453262329,-0.10541558265686035
-0.09573144465684891,0.018907248973846436,-0.0670083612203598
-0.10666754096746445,-0.012251615524291992,-0.05356454849243164
-0.1274341344833374,-0.040482938289642334,-0.027240872383117676
-0.13873286545276642,-0.06533128023147583,0.02743518352508545
-0.12119311094284058,-0.060845792293548584,0.07721447944641113
-0.09811674058437347,-0.06241023540496826,0.09803368151187897
-0.07183007895946503,-0.10714221000671387,0.07422733306884766
-0.02927192486822605,-0.14082205295562744,0.01467333734035492
-0.012584732845425606,-0.15263384580612183,-0.07954753935337067
-0.011868825182318687,-0.23853737115859985,-0.24857592582702637
0.01717519946396351,-0.299313485622406,-0.5486668348312378
0.2147800326347351,0.007344365119934082,-0.7804819345474243
0.2936049699783325,0.07441204786300659,-0.8097602128982544
0.1511436402797699,-0.07368171215057373,-0.6893541812896729
0.13033007085323334,-0.06842702627182007,-0.4913177788257599
0.14474330842494965,0.02905064821243286,-0.293336421251297
-0.05651184171438217,0.06511282920837402,-0.2955307960510254
0.027041710913181305,-0.03170996904373169,-0.222077876329422
0.05284545198082924,0.038190364837646484,-0.07162967324256897
-0.00811383780092001,0.059673845767974854,-0.030277550220489502
-0.008535395376384258,0.046083033084869385,0.07969233393669128
0.01879313215613365,0.05306887626647949,0.174880713224411
0.029827602207660675,0.06692183017730713,0.2326546311378479
0.00985681265592575,0.07000285387039185,0.26494985818862915
-0.009728547185659409,0.07941544055938721,0.291023313999176
-0.010246634483337402,0.0889386534690857,0.3066728115081787
-0.00024440232664346695,0.0811530351638794,0.31453704833984375
0.0067976899445056915,0.08017045259475708,0.32358425855636597
0.0035567618906497955,0.0816848874092102,0.3192704916000366
0.0004003699868917465,0.07158958911895752,0.30061423778533936
0.004359608516097069,0.07360279560089111,0.2708149552345276
0.022663678973913193,0.07817733287811279,0.24333447217941284
0.04974912106990814,0.060105741024017334,0.22319245338439941
0.04646532982587814,0.04722791910171509,0.2063775658607483
0.025584246963262558,0.06207740306854248,0.1959667205810547
-0.009879786521196365,0.04944729804992676,0.1859891414642334
-0.038656625896692276,0.027361810207366943,0.17966151237487793
-0.07970510423183441,0.028666555881500244,0.1660110354423523
-0.08810903131961823,0.014065861701965332,0.13688668608665466
-0.054246943444013596,0.023962736129760742,0.0811535120010376
-0.03164663165807724,0.041754066944122314,-0.01637136936187744
-0.0324748158454895,0.0866503119468689,-0.02576082944869995
-0.16693507134914398,0.16484469175338745,0.1062086820602417
-0.3116913437843323,0.13135063648223877,0.31950056552886963
-0.38413456082344055,0.08939254283905029,0.4691288471221924
-0.2520866394042969,0.06448948383331299,0.32784026861190796
0.033631302416324615,0.05579018592834473,0.127463698387146
0.14345058798789978,0.040029823780059814,0.007528811693191528
0.10917247086763382,-0.008671939373016357,-0.04692220687866211
0.056520603597164154,-0.040435850620269775,-0.10819759964942932
0.020945923402905464,0.0065160393714904785,-0.18838101625442505
-0.018585331737995148,0.02658379077911377,-0.1768311858177185
-0.05358278751373291,0.02098768949508667,-0.1044914722442627
-0.10637269169092178,0.029758214950561523,-0.06009793281555176
-0.15365798771381378,0.04659533500671387,-0.021308809518814087
-0.14812228083610535,0.08551472425460815,-0.0012601017951965332
-0.1114775612950325,0.1240149736404419,-0.004703402519226074
-0.08905317634344101,0.11710715293884277,-0.004748106002807617
-0.051829904317855835,0.10508882999420166,-0.010770201683044434
-0.021739255636930466,0.10630553960800171,-0.032095372676849365
-0.01106969639658928,0.09051811695098877,-0.05758073925971985
-0.014774952083826065,0.07107937335968018,-0.08538830280303955
0.0013581924140453339,0.06071680784225464,-0.09100145101547241
-0.012966115027666092,0.040391385555267334,-0.09367436170578003
-0.028065670281648636,0.02694171667098999,-0.0914289653301239
-0.0302143394947052,0.016055047512054443,-0.07480752468109131
-0.024190500378608704,0.011236429214477539,-0.05487796664237976
-0.01797715201973915,0.00728374719619751,-0.046490609645843506
-0.014862194657325745,-0.0009989738464355469,-0.043306827545166016
-0.014364086091518402,-0.004319548606872559,-0.043523192405700684
0.00766000896692276,-0.005732476711273193,-0.03694683313369751
0.0417163148522377,-0.010662555694580078,-0.021523267030715942
0.0641094446182251,-0.01423424482345581,-0.007528126239776611
0.07138528674840927,-0.014259576797485352,-0.005603373050689697
0.06178933382034302,-0.01708930730819702,-0.012044370174407959
0.044395409524440765,-0.018303334712982178,-0.01938575506210327
0.021986357867717743,-0.013496160507202148,-0.030734658241271973
-0.0003692209720611572,-0.01023167371749878,-0.04027742147445679
-0.009380176663398743,-0.011305451393127441,-0.05085378885269165
-0.014728978276252747,-0.009072184562683105,-0.0600166916847229
-0.023745007812976837,-0.0068473219871521,-0.06627029180526733
-0.03454870730638504,0.0019797682762145996,-0.07499110698699951
-0.04440314322710037,0.008954405784606934,-0.09060609340667725
-0.05511928349733353,0.0212399959564209,-0.1185305118560791
-0.06434724479913712,0.03693854808807373,-0.15422707796096802
-0.07976392656564713,0.04215461015701294,-0.19562286138534546
-0.09657552093267441,0.05000114440917969,-0.24599677324295044
-0.10310032963752747,0.06720030307769775,-0.3026891350746155
-0.10529674589633942,0.0951077938079834,-0.356375515460968
-0.1240675151348114,0.13326460123062134,-0.40245628356933594
-0.15609681606292725,0.16829437017440796,-0.437299907207489
-0.19192427396774292,0.21400362253189087,-0.46351033449172974
-0.22696664929389954,0.2677391767501831,-0.4899042248725891
-0.259626567363739,0.3056003451347351,-0.5111084580421448
-0.28092139959335327,0.32941538095474243,-0.5380656123161316
-0.2904590368270874,0.37039756774902344,-0.5745887160301208
-0.30795353651046753,0.43157827854156494,-0.6127505302429199
-0.31758439540863037,0.46881580352783203,-0.6387748122215271
-0.2995370328426361,0.4851562976837158,-0.6492192149162292
-0.26895904541015625,0.5063197016716003,-0.6494813561439514
-0.24941083788871765,0.5515767335891724,-0.6281101703643799
-0.262883722782135,0.5838154554367065,-0.5404255390167236
-0.2796664237976074,0.5425758361816406,-0.38734257221221924
-0.22679123282432556,0.5382586717605591,-0.19679111242294312
-0.13837593793869019,0.5336273312568665,0.023427248001098633
-0.025053448975086212,0.46845743060112,0.2611583471298218
0.13069044053554535,0.36825814843177795,0.4959474802017212
0.27530819177627563,0.288874089717865,0.6893090009689331
0.3474346101284027,0.22559857368469238,0.8249186277389526
0.3563407361507416,0.13725146651268005,0.8900430202484131
0.3342858552932739,0.05538071691989899,0.8923277258872986
0.29967057704925537,-0.00816294550895691,0.8507039546966553
0.27787071466445923,-0.06723939627408981,0.7960751056671143
0.26781734824180603,-0.11885719001293182,0.7612831592559814
0.25983038544654846,-0.16128337383270264,0.7159730195999146
0.26040664315223694,-0.15351468324661255,0.6248446702957153
0.24415796995162964,-0.1308276355266571,0.516553521156311
0.2131023108959198,-0.1056707352399826,0.40870988368988037
0.1884515881538391,-0.06721064448356628,0.3074612617492676
0.18150843679904938,-0.03691539540886879,0.2182159423828125
0.19355925917625427,-0.02786620333790779,0.16094541549682617
0.22190511226654053,-0.026473000645637512,0.15648990869522095
0.23991459608078003,-0.014992713928222656,0.21332800388336182
0.2098151445388794,-0.0027419589459896088,0.2812119126319885
0.14210018515586853,0.01590641587972641,0.29120707511901855
0.08403080701828003,0.030784346163272858,0.2431931495666504
0.054154906421899796,0.043357718735933304,0.16562330722808838
0.02972416952252388,0.04520095884799957,0.08563864231109619
0.03162657096982002,0.03682570531964302,0.018090903759002686
0.054750360548496246,0.024114904925227165,-0.0063588619232177734
0.06942880898714066,0.021984748542308807,-0.0014220476150512695
0.06674621999263763,0.02536461502313614,0.02425968647003174
0.03823529928922653,0.023564625531435013,0.04796022176742554
0.004160251468420029,0.03405735641717911,0.04566168785095215
0.03243270888924599,0.015242774039506912,-0.02824842929840088
0.17485463619232178,-0.1631496250629425,-0.26626700162887573
0.10725115239620209,-0.19315794110298157,-0.02428126335144043
0.23171621561050415,0.018672142177820206,-0.0339389443397522
0.09037227183580399,-0.029398448765277863,0.02835977077484131
-0.03323983773589134,0.056654639542102814,0.7680269479751587
-0.19917631149291992,0.04140806198120117,0.17684364318847656
-0.27809178829193115,0.04496807977557182,-0.07945060729980469
-0.1738545447587967,0.07263784110546112,0.008936822414398193
-0.14937591552734375,0.04868562892079353,0.07654350996017456
-0.1522815227508545,0.01813247986137867,0.054372191429138184
-0.14043046534061432,0.02777707763016224,0.015742778778076172
-0.08227359503507614,-0.031053196638822556,-0.029267549514770508
-0.06746584177017212,-0.11164723336696625,-0.05597895383834839
-0.059751834720373154,-0.13623875379562378,0.05579674243927002
0.04425288736820221,-0.06270900368690491,0.20924365520477295
0.159132719039917,-0.10343590378761292,-0.02671712636947632
0.08528336137533188,-0.17506757378578186,0.013323783874511719
0.042989980429410934,-0.06726507842540741,0.017540812492370605
0.11909350752830505,-0.1357652246952057,0.09732222557067871
0.10696392506361008,-0.3200654089450836,0.06741166114807129
-0.20222729444503784,-0.49960827827453613,-0.15195953845977783
-0.5976843237876892,-1.0741186141967773,-0.4239003658294678
-0.4888157248497009,-0.9768949747085571,0.262448787689209
-0.4247869551181793,-0.6295010447502136,0.11420923471450806
-0.18892048299312592,-0.24247069656848907,-0.03287076950073242
0.06908395886421204,-0.1345314383506775,0.006786227226257324
0.1677277535200119,-0.13546724617481232,-0.0013473033905029297
0.1656673103570938,-0.08605697751045227,-0.007512450218200684
0.1272801011800766,-0.0392109751701355,9.655952453613281e-06
0.033076632767915726,-0.08253489434719086,-0.0018371343612670898
-0.0766276940703392,0.014323001727461815,-0.00917673110961914
-0.14328911900520325,0.12400904297828674,0.0009704232215881348
-0.11051388829946518,0.1113370731472969,-0.002432107925415039
-0.04438816383481026,0.1680172234773636,-0.004018962383270264
-0.02280193194746971,0.29213860630989075,-0.003927707672119141
0.10359842330217361,0.30888211727142334,0.0007258057594299316
0.10697966068983078,0.2975901663303375,-0.0012733936309814453
0.0147642120718956,0.5951387882232666,-0.003287792205810547
0.4483315646648407,1.4349726438522339,0.0023426413536071777
1.017757534980774,1.4443022012710571,0.007774710655212402
0.6214077472686768,0.5876263380050659,0.005989372730255127
0.12457510083913803,0.13266046345233917,-0.0037915706634521484
-0.3290117681026459,0.028047500178217888,-0.005424380302429199
-0.4009605944156647,-0.08085715025663376,-0.0004956722259521484
-0.3507448732852936,-0.07185763865709305,-0.0005414485931396484
-0.19202812016010284,-0.049188144505023956,-0.0030437707901000977
-0.07111773639917374,0.003634906141087413,-0.0013958215713500977
-0.06198403984308243,0.03560703620314598,0.0004658699035644531
-0.06287581473588943,-0.03189010173082352,-0.003180861473083496
-0.0423065647482872,-0.0696817934513092,-0.0025244951248168945
-0.09327144920825958,-0.04080451652407646,0.00011587142944335938
-0.1632639765739441,-0.061430949717760086,-0.0013634562492370605
-0.11068955063819885,-0.05171578750014305,-0.007283329963684082
-0.011934706009924412,0.06069360673427582,-0.003300309181213379
0.1560295671224594,0.04461568593978882,-0.0037270784378051758
0.2273884266614914,-0.031386811286211014,0.0005304217338562012
0.1158132404088974,-0.01556022372096777,-0.0010868310928344727
-0.016216596588492393,-0.007764673791825771,-0.003894209861755371
-0.0019355639815330505,-0.006954059936106205,0.0005919933319091797
-0.0022161260712891817,-0.001419181004166603,-3.349781036376953e-05
-0.002458736300468445,0.003691243939101696,-0.004015982151031494
-0.0036404896527528763,0.007465169299393892,-0.0014525055885314941
-0.005115465726703405,0.007979433052241802,-0.0011167526245117188
-0.006274615414440632,0.005790208000689745,-0.0027952194213867188
-0.007492152042686939,0.0014495279174298048,-0.0023984909057617188
-0.009164951741695404,-0.004159541800618172,-0.0011166930198669434
-0.009025000035762787,-0.008253920823335648,-0.0015897154808044434
-0.007210508454591036,-0.00986657477915287,-0.003924250602722168
-0.006418393459171057,-0.010759785771369934,-0.001574397087097168
-0.005257194396108389,-0.007054060697555542,-0.001391291618347168
-0.004451689310371876,-0.003891955828294158,-0.004046380519866943
-0.0034735044464468956,-0.00046312506310641766,-0.003542780876159668
-0.0037941867485642433,0.0020026876591145992,-0.000811457633972168
-0.004529152996838093,0.00256267748773098,-0.0012996196746826172
-0.003606286831200123,0.0027781366370618343,-0.002291381359100342
-0.00396394357085228,0.0016105505637824535,-0.0011621713638305664
-0.00265835365280509,0.0008907555602490902,-0.002718329429626465
-0.00280168978497386,-0.0012011658400297165,-0.0032218098640441895
-0.004836640320718288,-0.0028765173628926277,-0.001253366470336914
-0.0044197868555784225,-0.0037805812899023294,-0.001207590103149414
-0.00495165167376399,-0.0037999500054866076,-0.001940011978149414
-0.005440359469503164,-0.00406754482537508,-0.0010854601860046387
-0.006258106324821711,-0.0029180701822042465,-0.0005056262016296387
-0.007162141148000956,-0.00227253302000463,-0.0017873644828796387
-0.00555393286049366,-0.0026387576945126057,-0.0006429553031921387
-0.006486942991614342,-0.002587054157629609,-0.003267526626586914
-0.0059840078465640545,-0.0021040383726358414,-0.0019093751907348633
-0.004511204548180103,-0.0016744120512157679,-0.0013599991798400879
-0.003682014998048544,-0.0012187636457383633,-0.0014973878860473633
-0.004222797695547342,-0.001381720881909132,-0.002046644687652588
-0.004655538126826286,-0.0003505230415612459,-0.0019092559814453125
-0.004281372297555208,-0.00011084671132266521,-0.0025501251220703125
-0.0040381900034844875,0.00035158894024789333,-0.0023822784423828125
-0.0035506002604961395,0.00045948917977511883,-0.002748429775238037
-0.003371428232640028,0.0006234834436327219,-0.0018328428268432617
-0.0018797237426042557,-0.0015665446408092976,-0.0020464658737182617
-0.001579489093273878,-0.003886918071657419,-0.001634359359741211
-0.00162157928571105,-0.006656181998550892,-0.0009171366691589355
-0.004062780179083347,-0.00882119033485651,-0.00244295597076416
-0.0050559332594275475,-0.009712833911180496,-0.00204622745513916
-0.007592294365167618,-0.00884239748120308,-0.00316011905670166
-0.007873850874602795,-0.0058931331150233746,-0.002397298812866211
-0.007534220349043608,-0.001660216599702835,-0.004029989242553711
-0.007035139016807079,0.0024647903628647327,-0.0015426874160766602
-0.005736859515309334,0.0051643457263708115,0.0006545782089233398
-0.004099107347428799,0.007277430035173893,-0.0024428367614746094
-0.0029826881363987923,0.006824623327702284,-0.0024886131286621094
-0.003044129814952612,0.004183560609817505,-0.002671480178833008
-0.004252600017935038,0.0018487661145627499,-0.003998994827270508
-0.0051987022161483765,-0.00032247044146060944,-0.0028848648071289062
-0.007478382438421249,-0.0024148724041879177,-0.0020456314086914062
-0.00837692990899086,-0.0037783975712955,-0.0008705854415893555
-0.008408891968429089,-0.003937526140362024,-0.00042808055877685547
-0.007676156237721443,-0.003773649223148823,-0.0003364682197570801
-0.0054698544554412365,-0.004557780455797911,-0.0025337934494018555
-0.0012688757851719856,-0.005904367193579674,-0.0016945600509643555
0.000284325797110796,-0.006555668078362942,-0.00126725435256958
9.597744792699814e-06,-0.007603358943015337,-0.0010077953338623047
0.0008395216427743435,-0.006555994972586632,-0.0018622875213623047
0.00023051397874951363,-0.006142657250165939,-0.0016639232635498047
-0.0019150986336171627,-0.0036593624390661716,-0.0018012523651123047
-0.0024806559085845947,-0.0007208455353975296,-0.0031744837760925293
-0.0038496567867696285,0.0018906057812273502,-0.0008245706558227539
-0.005952618084847927,0.004329643212258816,-0.0011296272277832031
-0.006873364094644785,0.005559862591326237,-0.0011906623840332031
-0.007458466570824385,0.00470753014087677,-0.0022433996200561523
-0.009207293391227722,0.002452596090734005,-0.0007480382919311523
-0.009925520047545433,-0.00011522602289915085,-0.0019229650497436523
-0.008941920474171638,-0.0025240029208362103,-0.0029451847076416016
-0.009125404059886932,-0.005152367986738682,-0.0011904239654541016
-0.008477026596665382,-0.00667081493884325,-0.0016481876373291016
-0.006830549333244562,-0.0062311203218996525,-0.0023347139358520508
-0.004319682251662016,-0.005255033262073994,-0.0017547607421875
-0.0013542678207159042,-0.003584466641768813,-0.0009765625
0.0016317395493388176,-0.003571620676666498,-0.00286865234375
0.0009523443877696991,-0.0014688170049339533,-0.0007017850875854492
0.0009044893085956573,-0.00029716012068092823,-0.0033872127532958984
0.0008356859907507896,-0.0005459701642394066,-0.0012052059173583984
-0.0017630457878112793,-0.00034463033080101013,-0.0010372400283813477
-0.00284910062327981,-0.0018714310135692358,-0.0032346248626708984
-0.003998409956693649,-0.0014814611058682203,-0.004317879676818848
-0.006105712149292231,-0.0027046387549489737,0.0019687414169311523
-0.00726135540753603,-0.0014345722738653421,-0.0027920007705688477
-0.007913116365671158,-0.0006167592946439981,-0.005981087684631348
-0.008136522024869919,-0.0007092677988111973,-0.0005489587783813477
-0.006400515325367451,-0.0021357208024710417,-0.0007168054580688477
-0.005188209004700184,-0.002465963363647461,-0.002562999725341797
-0.005533506628125906,-0.004361937753856182,-0.0008997917175292969
-0.004325882066041231,-0.0031023873016238213,0.00021409988403320312
-0.004287393763661385,-0.003113849787041545,-0.002929210662841797
-0.005340344272553921,-0.0014828997664153576,-0.003630995750427246
-0.005612283945083618,0.00013557448983192444,-0.0010369420051574707
-0.005479501094669104,0.0018694275058805943,-0.0017845630645751953
-0.0047630323097109795,0.0022192567121237516,-0.0031883716583251953
-0.004442120436578989,0.0023260703310370445,-0.0017234086990356445
-0.003751454409211874,0.0009847392793744802,-0.0015401840209960938
-0.003906258847564459,-0.0007930339779704809,-0.002714872360229492
-0.004193300846964121,-0.0040149446576833725,-0.0023180246353149414
-0.0028021549805998802,-0.006426150910556316,-0.0012191534042358398
-0.0021111685782670975,-0.008265859447419643,-0.003645181655883789
-0.002490056212991476,-0.008661097846925259,-0.002531290054321289
-0.0028316196985542774,-0.007001406978815794,-0.001417398452758789
-0.0024703694507479668,-0.004585879389196634,-0.0023177266120910645
-0.0035156486555933952,-0.001724759116768837,-0.0007766485214233398
-0.0036112945526838303,0.00130423903465271,-0.00401151180267334
-0.004519996698945761,0.002740119583904743,-0.0012802481651306152
-0.01380477286875248,0.017703281715512276,-0.00344693660736084
-0.09500254690647125,0.12197442352771759,-0.0016769766807556152
-0.08053718507289886,0.06615583598613739,-0.00231778621673584
-0.008698096498847008,-0.013302764855325222,-0.00247037410736084
-0.007827825844287872,0.003029891289770603,-7.474422454833984e-05
-0.02718333899974823,0.03177303820848465,-0.001661539077758789
-0.04293367266654968,0.031152144074440002,-0.002210855484008789
-0.04574189707636833,0.041215986013412476,-0.0011883974075317383
-0.008666825480759144,0.041764553636312485,-0.002042829990386963
0.002172290813177824,0.0585048608481884,-0.0032939910888671875
0.0035162740387022495,0.0811832994222641,-0.0015696287155151367
-0.07191779464483261,0.11978008598089218,-0.0011881589889526367
-0.13094455003738403,0.13470271229743958,-0.0010662078857421875
-0.14616401493549347,0.13286419212818146,-0.0018900632858276367
-0.0999382883310318,0.11067857593297958,-0.0010814666748046875
-0.0556124709546566,0.0890825018286705,-0.0010204315185546875
-0.06532707065343857,0.09688417613506317,-0.0013866424560546875
-0.0802779346704483,0.10211165994405746,-0.0017377138137817383
-0.04164944589138031,0.08718261122703552,-0.0005322694778442383
0.03850606456398964,0.05195895582437515,-0.0019663572311401367
0.07224182784557343,0.055714674293994904,-0.0015998482704162598
0.036097656935453415,0.09192010760307312,-0.0023016929626464844
-0.028587721288204193,0.11911944299936295,-0.002866387367248535
-0.06060496345162392,0.1212361678481102,-0.001920461654663086
-0.04079774022102356,0.08061801642179489,-0.0007911920547485352
-0.014322636649012566,-0.0013898848555982113,-0.0024695396423339844
0.005415113642811775,-0.05158323049545288,-0.002927422523498535
0.059392571449279785,-0.07346351444721222,-0.0009440183639526367
0.06075088307261467,-0.08361279219388962,-0.0015238523483276367
-0.009583353996276855,-0.0951097160577774,-0.0028665661811828613
-0.040069177746772766,-0.11506380140781403,-0.003186941146850586
-0.0019202837720513344,-0.11120536178350449,-0.0014778375625610352
0.13516514003276825,-0.09650702774524689,-0.0017066001892089844
0.2768711745738983,-0.0926007479429245,-0.0012640953063964844
0.2323852926492691,-0.07204363495111465,-0.0013405084609985352
0.1449940949678421,-0.029125235974788666,-0.0021494626998901367
0.03671194240450859,0.031316209584474564,-0.0025159716606140137
-0.029111672192811966,0.01923837512731552,-0.0021195411682128906
-0.058186125010252,-0.003456415608525276,-0.002043604850769043
-0.08420880138874054,-0.05684009939432144,-0.0032036304473876953
-0.08644846826791763,-0.13112016022205353,-0.004943251609802246
-0.08389534056186676,-0.26665031909942627,-0.0028375983238220215
-0.10590509325265884,-0.24486584961414337,-0.001494765281677246
-0.16574877500534058,-0.13745033740997314,-0.005095779895782471
-0.20270803570747375,-0.15283054113388062,-0.0048972368240356445
-0.1377691626548767,-0.052658747881650925,0.0034185051918029785
-0.06034255772829056,0.050482749938964844,0.0005952715873718262
0.0854276567697525,-0.00437675416469574,-0.005569577217102051
0.05561257526278496,-0.03599856421351433,-0.0030517578125
-0.06572531908750534,-0.08389963209629059,-0.0007781982421875
-0.12830783426761627,-0.1572480946779251,-0.0003814697265625
-0.24717606604099274,-0.21503475308418274,-0.005020081996917725
-0.26751694083213806,-0.2154543399810791,-0.0013425350189208984
-0.0973900556564331,-0.10246454924345016,-0.0027616024017333984
0.05238792300224304,-0.020183758810162544,-0.0010221004486083984
0.11378713697195053,-0.01742877997457981,-0.0005643367767333984
0.11865483969449997,-0.017207928001880646,-0.0028685331344604492
0.0859750285744667,0.016147593036293983,-0.0023193359375
0.06173942983150482,0.057408347725868225,-0.0028382539749145508
0.04274052008986473,0.04859556257724762,-0.0019227862358093262
0.058850761502981186,0.06762151420116425,-0.0005495548248291016
0.05118689686059952,0.06920387595891953,-0.0019077062606811523
0.02889387309551239,0.05084092170000076,3.0338764190673828e-05
0.0003764833090826869,0.06242024898529053,-0.0022735595703125
-0.001395157421939075,0.086837999522686,-0.0021513700485229492
0.008591561578214169,0.09949912130832672,-0.0019681453704833984
0.022906308993697166,0.13246560096740723,-0.0018459558486938477
0.036008141934871674,0.1428271383047104,-0.0010219216346740723
0.07152113318443298,0.1610165238380432,-0.0018458366394042969
0.08275764435529709,0.14599503576755524,-0.001876235008239746
0.10031154006719589,0.11352334916591644,-0.001403212547302246
0.11978349089622498,0.08943668007850647,-0.0007013082504272461
0.14749333262443542,0.09214609116315842,-0.0019526481628417969
0.17363116145133972,0.09411007165908813,-0.0005031824111938477
0.22375403344631195,0.10065358877182007,0.00016808509826660156
0.17383825778961182,0.0665283054113388,-0.0023802518844604492
0.05169946700334549,0.025854792445898056,-0.0010988116264343262
-0.016136959195137024,0.04997142776846886,0.0009148120880126953
-0.06352970749139786,0.0420629121363163,0.0019516944885253906
-0.0790569856762886,0.0714341476559639,0.003583669662475586
-0.10597046464681625,0.08728909492492676,0.013196468353271484
-0.2179623246192932,0.08062155544757843,0.008345484733581543
-0.08366065472364426,0.10920599848031998,0.014330863952636719
-0.014101037755608559,0.030128270387649536,0.015727698802947998
0.0034946827217936516,-0.00522879883646965,0.0024042129516601562
0.03154859319329262,0.032832320779561996,-0.001088857650756836
0.06729574501514435,0.026494663208723068,-0.0012367963790893555
0.0916772335767746,-0.036219917237758636,-0.004372656345367432
0.09613217413425446,-0.06820043176412582,-0.004362940788269043
0.12671421468257904,-0.09120026975870132,0.10415005683898926
0.1986633837223053,-0.17362681031227112,0.3229803442955017
0.24038687348365784,-0.17126710712909698,0.44099998474121094
0.21701622009277344,-0.09979220479726791,0.4168664216995239
0.1831074059009552,-0.05525001510977745,0.2876824140548706
0.13398310542106628,-0.005045220255851746,0.1636652946472168
0.11906388401985168,0.01786002144217491,0.0957556962966919
0.1273665726184845,0.020612727850675583,0.0359424352645874
0.11521701514720917,-0.004967421293258667,-0.007487654685974121
0.11971646547317505,-0.02259020507335663,0.06033235788345337
0.22448334097862244,0.07357963919639587,0.30242931842803955
0.11102470755577087,-0.013106182217597961,0.6514917612075806
0.04652196168899536,-0.07087107747793198,0.8508288860321045
0.16996639966964722,-0.013698630034923553,0.8368222713470459
0.3205263316631317,0.10663193464279175,0.6950179934501648
0.3683149814605713,0.1943185180425644,0.5276224613189697
0.3646930456161499,0.2589603066444397,0.3568177819252014
0.30718302726745605,0.2884412407875061,0.2693268656730652
0.24416226148605347,0.3055488169193268,0.2212391495704651
0.2043587565422058,0.31062158942222595,0.19709795713424683
0.19903063774108887,0.2811638414859772,0.19318991899490356
0.16237497329711914,0.23351147770881653,0.206125408411026
0.10323095321655273,0.18364956974983215,0.23660045862197876
0.07841229438781738,0.1507669985294342,0.26537325978279114
0.07757991552352905,0.18111440539360046,0.2672865390777588
0.11914891004562378,0.2572820782661438,0.20860710740089417
0.137423574924469,0.3226880133152008,-0.04594612121582031
0.1183176040649414,0.3853705823421478,-0.13816678524017334
0.0936097502708435,0.4400613605976105,-0.1808168888092041
0.11671030521392822,0.4161740243434906,-0.2839775085449219
0.18415898084640503,0.3338639438152313,-0.29550760984420776
0.2676432728767395,0.26063072681427,-0.2099021077156067
0.35833990573883057,0.21748670935630798,-0.06175589561462402
0.4402309060096741,0.23156657814979553,0.025701820850372314
0.45592552423477173,0.2339034378528595,0.09217572212219238
0.36910682916641235,0.23357588052749634,0.12208986282348633
0.25454723834991455,0.2225947082042694,0.07440108060836792
0.18736028671264648,0.17918556928634644,0.45761168003082275
0.15861430764198303,0.14246627688407898,0.527245819568634
-0.051914602518081665,0.06530404090881348,-0.3572256565093994
-0.169697105884552,-0.18798920512199402,-0.6634639501571655
-0.24871018528938293,-0.09226945042610168,-0.702172040939331
-0.22094357013702393,0.07361975312232971,-0.7102985978126526
-0.13873085379600525,0.1680246889591217,-0.6260879039764404
-0.05343906581401825,0.22374841570854187,-0.47775524854660034
0.04577575623989105,0.2522351145744324,-0.30701422691345215
0.12326306104660034,0.24945199489593506,-0.1308416724205017
0.15897724032402039,0.20120394229888916,0.003909707069396973
0.16886772215366364,0.12793022394180298,0.06899100542068481
0.18446098268032074,0.05998194217681885,0.056549072265625
0.17965121567249298,0.017251163721084595,0.00894021987915039
0.13683518767356873,0.007970303297042847,-0.02752465009689331
0.0882420614361763,0.02526944875717163,-0.0635576844215393
0.02960154414176941,0.06337994337081909,-0.1033051609992981
-0.0036841630935668945,0.0968373715877533,-0.11673843860626221
0.008776158094406128,0.1087435781955719,-0.11110144853591919
0.02443160116672516,0.11631831526756287,-0.09399974346160889
0.03532077372074127,0.12140831351280212,-0.05904728174209595
0.055187664926052094,0.11941766738891602,-0.02191448211669922
0.08246108144521713,0.12073951959609985,0.011270642280578613
0.08803096413612366,0.12638133764266968,0.03406250476837158
0.07763683050870895,0.12373197078704834,0.06890153884887695
0.055012088268995285,0.10358184576034546,0.10681557655334473
0.021802477538585663,0.07561910152435303,0.13354051113128662
0.0010820813477039337,0.05732935667037964,0.162075936794281
-0.005195163190364838,0.05872279405593872,0.17481791973114014
0.0034642182290554047,0.06277018785476685,0.18037188053131104
0.009439531713724136,0.06157654523849487,0.19063591957092285
0.005975756794214249,0.04796642065048218,0.19499260187149048
0.0003299228847026825,0.03954797983169556,0.18887567520141602
-0.0055068060755729675,0.04246103763580322,0.16698461771011353
-0.007722727954387665,0.04140341281890869,0.1423957347869873
-0.007636323571205139,0.03480648994445801,0.11444747447967529
-0.02162737399339676,0.029004335403442383,0.08893918991088867
-0.03734893351793289,0.018308043479919434,0.07479679584503174
-0.05012216791510582,0.0013058781623840332,0.06398338079452515
-0.06101936846971512,-0.00041991472244262695,0.06328225135803223
-0.05284518748521805,0.009948313236236572,0.0681387186050415
-0.03135180473327637,0.0006495118141174316,0.07660365104675293
-0.008468108251690865,0.006805002689361572,0.09144526720046997
0.022982606664299965,0.02573370933532715,0.11057257652282715
0.05385173112154007,0.02385944128036499,0.1262592077255249
0.07501412183046341,0.0017591118812561035,0.11483681201934814
0.10132254660129547,-0.06890112161636353,0.1159977912902832
0.06254873424768448,-0.0685681700706482,0.0893557071685791
-0.01971384696662426,-0.02479112148284912,0.04666858911514282
-0.0625004917383194,-0.030840396881103516,-0.007391214370727539
-0.05112416297197342,-0.02003157138824463,-0.05380523204803467
0.011649670079350471,-0.017182528972625732,-0.057863712310791016
0.06884168088436127,0.008744359016418457,-0.006882309913635254
0.08949323743581772,0.024609148502349854,0.024141669273376465
0.08379568159580231,0.008056998252868652,0.01796811819076538
0.05328984186053276,-0.01755225658416748,-0.0017864108085632324
0.024060212075710297,-0.03071308135986328,-0.035281479358673096
0.01235760748386383,-0.02406477928161621,-0.059401869773864746
0.025731511414051056,-0.008743345737457275,-0.06041961908340454
0.04209858551621437,0.002663552761077881,-0.05018341541290283
0.045142967253923416,0.0016723275184631348,-0.04149949550628662
0.04065873846411705,0.00020271539688110352,-0.03763532638549805
0.03826676681637764,-0.004284262657165527,-0.02625894546508789
0.03303155675530434,-0.00882333517074585,-0.012945413589477539
0.02336285635828972,-0.00598376989364624,0.0011577010154724121
0.01762932911515236,-0.0026554465293884277,0.014692902565002441
0.015658169984817505,-0.003974795341491699,0.031716227531433105
0.0136122927069664,-0.00119781494140625,0.0434761643409729
0.012177910655736923,0.007740139961242676,0.051298558712005615
0.0065592192113399506,-0.0019294023513793945,0.0402601957321167
-0.008349742740392685,-0.011536478996276855,0.023748278617858887
-0.02339368686079979,-0.01644611358642578,0.007568418979644775
-0.02716083824634552,-0.022478818893432617,-0.0009145140647888184
-0.0208231620490551,-0.023537755012512207,-0.006064355373382568
-0.01949605718255043,-0.016588926315307617,-0.02379244565963745
-0.01850920170545578,-0.004446148872375488,-0.034185826778411865
-0.022863861173391342,0.006607532501220703,-0.030787229537963867
-0.03922474384307861,0.017320215702056885,-0.019233644008636475
-0.05035633593797684,0.02357006072998047,0.006571292877197266
-0.0646790862083435,0.01979881525039673,0.030702590942382812
-0.07600247114896774,0.010405898094177246,0.04972946643829346
-0.06813038140535355,-0.003880918025970459,0.0555952787399292
-0.05976233631372452,-0.010566174983978271,0.04718935489654541
-0.06401955336332321,-0.01734745502471924,0.03481435775756836
-0.07789105921983719,-0.01940321922302246,0.020584821701049805
-0.09485109150409698,-0.01882338523864746,-0.0063054561614990234
-0.10596407949924469,-0.02495396137237549,-0.018488824367523193
-0.10914170742034912,0.00016105175018310547,-0.007413744926452637
-0.07658270001411438,0.04709118604660034,0.005453646183013916
-0.02537180483341217,0.045958101749420166,0.010338902473449707
0.028545454144477844,0.018551111221313477,0.0038477182388305664
0.06144113838672638,0.006784617900848389,-0.008019089698791504
0.07858581095933914,0.010519921779632568,-0.010440468788146973
0.08419783413410187,0.020113468170166016,0.0016293525695800781
0.07737281918525696,0.018085241317749023,0.015245258808135986
0.06978584825992584,0.008663356304168701,0.016932904720306396
0.06494364142417908,0.005238950252532959,0.003934502601623535
0.06476955115795135,0.011894822120666504,-0.020776033401489258
0.0669025331735611,0.01895207166671753,-0.03339278697967529
0.05862443149089813,0.025531649589538574,-0.030861079692840576
0.04755015671253204,0.03757721185684204,-0.03470480442047119
0.025615215301513672,0.046110451221466064,-0.05825155973434448
0.01663389801979065,0.04020094871520996,-0.09236103296279907
0.04273155331611633,0.03280550241470337,-0.09057682752609253
0.03974659740924835,0.023517966270446777,-0.07066404819488525
0.030181169509887695,0.008501529693603516,-0.04832780361175537
0.025011107325553894,-0.010163724422454834,-0.02632129192352295
0.023059621453285217,-0.02592986822128296,-0.004049777984619141
0.02161499857902527,-0.03122103214263916,0.020898818969726562
0.02267409861087799,-0.015537440776824951,0.08797931671142578
0.08041021227836609,-0.030793190002441406,0.23966902494430542
0.13939014077186584,-0.020016789436340332,0.17308920621871948
0.12082931399345398,0.027910292148590088,0.051355719566345215
0.07459697127342224,0.04536163806915283,-0.03582298755645752
0.031083732843399048,0.018243849277496338,-0.10739469528198242
-0.016072377562522888,-0.006906270980834961,-0.12941277027130127
-0.02691878378391266,-0.026492774486541748,-0.08219248056411743
-0.00033517181873321533,-0.008850276470184326,0.0009540915489196777
0.027900323271751404,0.023830175399780273,0.04838371276855469
0.04223714768886566,0.02160543203353882,0.07497632503509521
0.03761230409145355,0.017429590225219727,0.060416340827941895
0.029601991176605225,0.0033687949180603027,0.007013678550720215
0.02233363687992096,-0.003473043441772461,-0.03223484754562378
0.01924900710582733,0.0042871832847595215,-0.05682063102722168
0.02984023094177246,0.019915997982025146,-0.06538879871368408
0.03775797784328461,0.034206509590148926,-0.06362688541412354
0.03619413077831268,0.033471763134002686,-0.06543362140655518
0.03379887342453003,0.023046433925628662,-0.06411480903625488
0.028807416558265686,0.01741957664489746,-0.04824262857437134
0.022387921810150146,0.0073386430740356445,-0.02782762050628662
0.017976567149162292,-0.0007078647613525391,-0.003666520118713379
0.01613953709602356,0.0015638470649719238,0.026017069816589355
0.019592702388763428,0.0010709762573242188,0.044231295585632324
0.023743629455566406,-0.0023154616355895996,0.03815805912017822
0.03006710112094879,-0.004161834716796875,0.01880180835723877
0.03131873905658722,-0.0017147660255432129,-0.0031589269638061523
0.025159969925880432,0.003939390182495117,-0.031013548374176025
0.019685447216033936,0.013763666152954102,-0.049437522888183594
0.015565365552902222,0.023742198944091797,-0.05149209499359131
0.011347949504852295,0.0275232195854187,-0.04610627889633179
0.009085491299629211,0.023248255252838135,-0.04101139307022095
0.012042313814163208,0.014497876167297363,-0.03276562690734863
0.024523481726646423,0.011189401149749756,-0.026297926902770996
0.03839908540248871,0.010769188404083252,-0.002153456211090088
0.043577149510383606,0.0072863101959228516,0.038146138191223145
0.03613021969795227,5.9604644775390625e-06,0.07680237293243408
0.023303747177124023,-0.009744524955749512,0.1096389889717102
0.002051413059234619,-0.01686626672744751,0.128068745136261
-0.014629542827606201,-0.02784097194671631,0.1284695267677307
-0.019397109746932983,-0.042011916637420654,0.10035699605941772
-0.01786511391401291,-0.05794864892959595,0.0274275541305542
-0.013890758156776428,-0.0539432168006897,-0.032859086990356445
-0.0270623117685318,-0.06286758184432983,-0.07813787460327148
-0.04519514739513397,-0.054605722427368164,-0.09475201368331909
0.004073783755302429,0.013988375663757324,-0.04648172855377197
0.0549420565366745,0.06883883476257324,0.016836106777191162
0.08002504706382751,0.09984052181243896,0.05400872230529785
0.0916198343038559,0.10397613048553467,0.049671471118927
0.08530716598033905,0.0911979079246521,0.03408229351043701
0.07289732247591019,0.0689387321472168,0.018399417400360107
0.07164140790700912,0.044000864028930664,-0.004593372344970703
