Timestamp
1023179284
1023179294
1023179304
1023179314
1023179325
1023179335
1023179345
1023179355
1023179365
1023179375
1023179385
1023179395
1023179405
1023179415
1023179425
1023179435
1023179446
1023179456
1023179466
1023179476
1023179486
1023179496
1023179506
1023179516
1023179526
1023179536
1023179546
1023179557
1023179567
1023179577
1023179587
1023179597
1023179607
1023179617
1023179627
1023179637
1023179647
1023179657
1023179667
1023179678
1023179688
1023179698
1023179708
1023179718
1023179728
1023179738
1023179748
1023179758
1023179768
1023179778
1023179788
1023179799
1023179809
1023179819
1023179829
1023179839
1023179849
1023179859
1023179869
1023179879
1023179889
1023179899
1023179909
1023179920
1023179930
1023179940
1023179950
1023179960
1023179970
1023179980
1023179990
1023180000
1023180010
1023180020
1023180030
1023180041
1023180051
1023180061
1023180071
1023180081
1023180091
1023180101
1023180111
1023180121
1023180131
1023180141
1023180152
1023180162
1023180172
1023180182
1023180192
1023180202
1023180212
1023180222
1023180232
1023180242
1023180252
1023180262
1023180273
1023180283
1023180293
1023180303
1023180313
1023180323
1023180333
1023180343
1023180353
1023180363
1023180373
1023180383
1023180394
1023180404
1023180414
1023180424
1023180434
1023180444
1023180454
1023180464
1023180474
1023180484
1023180494
1023180505
1023180515
1023180525
1023180535
1023180545
1023180555
1023180565
1023180575
1023180585
1023180595
1023180605
1023180615
1023180626
1023180636
1023180646
1023180656
1023180666
1023180676
1023180686
1023180696
1023180706
1023180716
1023180726
1023180736
1023180747
1023180757
1023180767
1023180777
1023180787
1023180797
1023180807
1023180817
1023180827
1023180837
1023180847
1023180858
1023180868
1023180878
1023180888
1023180898
1023180908
1023180918
1023180928
1023180938
1023180948
1023180958
1023180968
1023180979
1023180989
1023180999
1023181009
1023181019
1023181029
1023181039
1023181049
1023181059
1023181069
1023181079
1023181089
1023181100
1023181110
1023181120
1023181130
1023181140
1023181150
1023181160
1023181170
1023181180
1023181190
1023181200
1023181210
1023181221
1023181231
1023181241
1023181251
1023181261
1023181271
1023181281
1023181291
1023181301
1023181311
1023181321
1023181332
1023181342
1023181352
1023181362
1023181372
1023181382
1023181392
1023181402
1023181412
1023181422
1023181432
1023181442
1023181453
1023181463
1023181473
1023181483
1023181493
1023181503
1023181513
1023181523
1023181533
1023181543
1023181553
1023181564
1023181574
1023181584
1023181594
1023181604
1023181614
1023181624
1023181634
1023181644
1023181654
1023181664
1023181674
1023181685
1023181695
1023181705
1023181715
1023181725
1023181735
1023181745
1023181755
1023181765
1023181775
1023181785
1023181796
1023181806
1023181816
1023181826
1023181836
1023181846
1023181856
1023181866
1023181876
1023181886
1023181896
1023181906
1023181917
1023181927
1023181937
1023181947
1023181957
1023181967
1023181977
1023181987
1023181997
1023182007
1023182017
1023182027
1023182038
1023182048
1023182058
1023182068
1023182078
1023182088
1023182098
1023182108
1023182118
1023182128
1023182138
1023182149
1023182159
1023182169
1023182179
1023182189
1023182199
1023182209
1023182219
1023182229
1023182239
1023182249
1023182259
1023182270
1023182280
1023182290
1023182300
1023182310
1023182320
1023182330
1023182340
1023182350
1023182360
1023182370
1023182380
1023182391
1023182401
1023182411
1023182421
1023182431
1023182441
1023182451
1023182461
1023182471
1023182481
1023182491
1023182502
1023182512
1023182522
1023182532
1023182542
1023182552
1023182562
1023182572
1023182582
1023182592
1023182602
1023182612
1023182623
1023182633
1023182643
1023182653
1023182663
1023182673
1023182683
1023182693
1023182703
1023182713
1023182723
1023182734
1023182744
1023182754
1023182764
1023182774
1023182784
1023182794
1023182804
1023182814
1023182824
1023182834
1023182844
1023182855
1023182865
1023182875
1023182885
1023182895
1023182905
1023182915
1023182925
1023182935
1023182945
1023182955
1023182965
1023182976
1023182986
1023182996
1023183006
1023183016
1023183026
1023183036
1023183046
1023183056
1023183066
1023183076
1023183087
1023183097
1023183107
1023183117
1023183127
1023183137
1023183147
1023183157
1023183167
1023183177
1023183187
1023183197
1023183208
1023183218
1023183228
1023183238
1023183248
1023183258
1023183268
1023183278
1023183288
1023183298
1023183308
1023183318
1023183329
1023183339
1023183349
1023183359
1023183369
1023183379
1023183389
1023183399
1023183409
1023183419
1023183429
1023183440
1023183450
1023183460
1023183470
1023183480
1023183490
1023183500
1023183510
1023183520
1023183530
1023183540
1023183550
1023183561
1023183571
1023183581
1023183591
1023183601
1023183611
1023183621
1023183631
1023183641
1023183651
1023183661
1023183671
1023183682
1023183692
1023183702
1023183712
1023183722
1023183732
1023183742
1023183752
1023183762
1023183772
1023183782
1023183792
1023183803
1023183813
1023183823
1023183833
1023183843
1023183853
1023183863
1023183873
1023183883
1023183893
1023183903
1023183913
1023183924
1023183934
1023183944
1023183954
1023183964
1023183974
1023183984
1023183994
1023184004
1023184014
1023184024
1023184035
1023184045
1023184055
1023184065
1023184075
1023184085
1023184095
1023184105
1023184115
1023184125
1023184135
1023184145
1023184156
1023184166
1023184176
1023184186
1023184196
1023184206
1023184216
1023184226
1023184236
1023184246
1023184256
1023184266
1023184277
1023184287
1023184297
1023184307
1023184317
1023184327
1023184337
1023184347
1023184357
1023184367
1023184377
1023184388
1023184398
1023184408
1023184418
1023184428
1023184438
1023184448
1023184458
1023184468
1023184478
1023184488
1023184498
1023184509
1023184519
1023184529
1023184539
1023184549
1023184559
1023184569
1023184579
1023184589
1023184599
1023184609
1023184619
1023184630
1023184640
1023184650
1023184660
1023184670
1023184680
1023184690
1023184700
1023184710
1023184720
1023184730
1023184741
1023184751
1023184761
1023184771
1023184781
1023184791
1023184801
1023184811
1023184821
1023184831
1023184841
1023184851
1023184862
1023184872
1023184882
1023184892
1023184902
1023184912
1023184922
1023184932
1023184942
1023184952
1023184962
1023184973
1023184983
1023184993
1023185003
1023185013
1023185023
1023185033
1023185043
1023185053
1023185063
1023185073
1023185083
1023185094
1023185104
1023185114
1023185124
1023185134
1023185144
1023185154
1023185164
1023185174
1023185184
1023185194
1023185205
1023185215
1023185225
1023185235
1023185245
1023185255
1023185265
1023185275
1023185285
1023185295
1023185305
1023185315
1023185326
1023185336
1023185346
1023185356
1023185366
1023185376
1023185386
1023185396
1023185406
1023185416
1023185426
1023185436
1023185447
1023185457
1023185467
1023185477
1023185487
1023185497
1023185507
1023185517
1023185527
1023185537
1023185547
1023185558
1023185568
1023185578
1023185588
1023185598
1023185608
1023185618
1023185628
1023185638
1023185648
1023185658
1023185668
1023185679
1023185689
1023185699
1023185709
1023185719
1023185729
1023185739
1023185749
1023185759
1023185769
1023185779
1023185790
1023185800
1023185810
1023185820
1023185830
1023185840
1023185850
1023185860
1023185870
1023185880
1023185890
1023185900
1023185911
1023185921
1023185931
1023185941
1023185951
1023185961
1023185971
1023185981
1023185991
1023186001
1023186011
1023186021
1023186032
1023186042
1023186052
1023186062
1023186072
1023186082
1023186092
1023186102
1023186112
1023186122
1023186132
1023186143
1023186153
1023186163
1023186173
1023186183
1023186193
1023186203
1023186213
1023186223
1023186233
1023186243
1023186253
1023186264
1023186274
1023186284
1023186294
1023186304
1023186314
1023186324
1023186334
1023186344
1023186354
1023186364
1023186374
1023186385
1023186395
1023186405
1023186415
1023186425
1023186435
1023186445
1023186455
1023186465
1023186475
1023186485
1023186496
1023186506
1023186516
1023186526
1023186536
1023186546
1023186556
1023186566
1023186576
1023186586
1023186596
1023186606
1023186617
1023186627
1023186637
1023186647
1023186657
1023186667
1023186677
1023186687
1023186697
1023186707
1023186717
1023186727
1023186738
1023186748
1023186758
1023186768
1023186778
1023186788
1023186798
1023186808
1023186818
1023186828
1023186838
1023186849
1023186859
1023186869
1023186879
1023186889
1023186899
1023186909
1023186919
1023186929
1023186939
1023186949
1023186959
1023186970
1023186980
1023186990
1023187000
1023187010
1023187020
1023187030
1023187040
1023187050
1023187060
1023187070
1023187081
1023187091
1023187101
1023187111
1023187121
1023187131
1023187141
1023187151
1023187161
1023187171
1023187181
1023187191
1023187202
1023187212
1023187222
1023187232
1023187242
1023187252
1023187262
1023187272
1023187282
1023187292
1023187302
1023187313
1023187323
1023187333
1023187343
1023187353
1023187363
1023187373
1023187383
1023187393
1023187403
1023187413
1023187423
1023187434
1023187444
1023187454
1023187464
1023187474
1023187484
1023187494
1023187504
1023187514
1023187524
1023187534
1023187544
1023187555
1023187565
1023187575
1023187585
1023187595
1023187605
1023187615
1023187625
1023187635
1023187645
1023187655
1023187666
1023187676
1023187686
1023187696
1023187706
1023187716
1023187726
1023187736
1023187746
1023187756
1023187766
1023187776
1023187787
1023187797
1023187807
1023187817
1023187827
1023187837
1023187847
1023187857
1023187867
1023187877
1023187887
1023187898
1023187908
1023187918
1023187928
1023187938
1023187948
1023187958
1023187968
1023187978
1023187988
1023187998
1023188008
1023188019
1023188029
1023188039
1023188049
1023188059
1023188069
1023188079
1023188089
1023188099
1023188109
1023188119
1023188130
1023188140
1023188150
1023188160
1023188170
1023188180
1023188190
1023188200
1023188210
1023188220
1023188230
1023188240
1023188251
1023188261
1023188271
1023188281
1023188291
1023188301
1023188311
1023188321
1023188331
1023188341
1023188351
1023188362
1023188372
1023188382
1023188392
1023188402
1023188412
1023188422
1023188432
1023188442
1023188452
1023188462
1023188472
1023188483
1023188493
1023188503
1023188513
1023188523
1023188533
1023188543
1023188553
1023188563
1023188573
1023188583
1023188594
1023188604
1023188614
1023188624
1023188634
1023188644
1023188654
1023188664
1023188674
1023188684
1023188694
1023188704
1023188715
1023188725
1023188735
1023188745
1023188755
1023188765
1023188775
1023188785
1023188795
1023188805
1023188815
1023188826
1023188836
1023188846
1023188856
1023188866
1023188876
1023188886
1023188896
1023188906
1023188916
1023188926
1023188936
1023188947
1023188957
1023188967
1023188977
1023188987
1023188997
1023189007
1023189017
1023189027
1023189037
1023189047
1023189058
1023189068
1023189078
1023189088
1023189098
1023189108
1023189118
1023189128
1023189138
1023189148
1023189158
1023189168
1023189179
1023189189
1023189199
1023189209
1023189219
1023189229
1023189239
1023189249
1023189259
1023189269
1023189279
1023189290
1023189300
1023189310
1023189320
1023189330
1023189340
1023189350
1023189360
1023189370
1023189380
1023189390
1023189400
1023189411
1023189421
1023189431
1023189441
1023189451
1023189461
1023189471
1023189481
1023189491
1023189501
1023189511
1023189522
1023189532
1023189542
1023189552
1023189562
1023189572
1023189582
1023189592
1023189602
1023189612
1023189622
1023189632
1023189643
1023189653
1023189663
1023189673
1023189683
1023189693
1023189703
1023189713
1023189723
1023189733
1023189743
1023189754
1023189764
1023189774
1023189784
1023189794
1023189804
1023189814
1023189824
1023189834
1023189844
1023189854
1023189864
1023189875
1023189885
1023189895
1023189905
1023189915
1023189925
1023189935
1023189945
1023189955
1023189965
1023189975
1023189985
1023189996
1023190006
1023190016
1023190026
1023190036
1023190046
1023190056
1023190066
1023190076
1023190086
1023190096
1023190107
1023190117
1023190127
1023190137
1023190147
1023190157
1023190167
1023190177
1023190187
1023190197
1023190207
1023190217
1023190228
1023190238
1023190248
1023190258
1023190268
1023190278
1023190288
1023190298
1023190308
1023190318
1023190328
1023190338
1023190349
1023190359
1023190369
1023190379
1023190389
1023190399
1023190409
1023190419
1023190429
1023190439
1023190449
1023190460
1023190470
1023190480
1023190490
1023190500
1023190510
1023190520
1023190530
1023190540
1023190550
1023190560
1023190570
1023190581
1023190591
1023190601
1023190611
1023190621
1023190631
1023190641
1023190651
1023190661
1023190671
1023190681
1023190692
1023190702
1023190712
1023190722
1023190732
1023190742
1023190752
1023190762
1023190772
1023190782
1023190792
1023190802
1023190813
1023190823
1023190833
1023190843
1023190853
1023190863
1023190873
1023190883
1023190893
1023190903
1023190913
1023190924
1023190934
1023190944
1023190954
1023190964
1023190974
1023190984
1023190994
1023191004
1023191014
1023191024
1023191034
1023191045
1023191055
1023191065
1023191075
1023191085
1023191095
1023191105
1023191115
1023191125
1023191135
1023191145
1023191156
1023191166
1023191176
1023191186
1023191196
1023191206
1023191216
1023191226
1023191236
1023191246
1023191256
1023191266
1023191277
1023191287
1023191297
1023191307
1023191317
1023191327
1023191337
1023191347
1023191357
1023191367
1023191377
1023191388
1023191398
1023191408
1023191418
1023191428
1023191438
1023191448
1023191458
1023191468
1023191478
1023191488
1023191498
1023191509
1023191519
1023191529
1023191539
1023191549
1023191559
1023191569
1023191579
1023191589
1023191599
1023191609
1023191620
1023191630
1023191640
1023191650
1023191660
1023191670
1023191680
1023191690
1023191700
1023191710
1023191720
1023191730
1023191741
1023191751
1023191761
1023191771
1023191781
1023191791
1023191801
1023191811
1023191821
1023191831
1023191841
1023191852
1023191862
1023191872
1023191882
1023191892
1023191902
1023191912
1023191922
1023191932
1023191942
1023191952
1023191962
1023191973
1023191983
1023191993
1023192003
1023192013
1023192023
1023192033
1023192043
1023192053
1023192063
1023192073
1023192084
1023192094
1023192104
1023192114
1023192124
1023192134
1023192144
1023192154
1023192164
1023192174
1023192184
1023192194
1023192205
1023192215
1023192225
1023192235
1023192245
1023192255
1023192265
1023192275
1023192285
1023192295
1023192305
1023192316
1023192326
1023192336
1023192346
1023192356
1023192366
1023192376
1023192386
1023192396
1023192406
1023192416
1023192426
1023192437
1023192447
1023192457
1023192467
1023192477
1023192487
1023192497
1023192507
1023192517
1023192527
1023192537
1023192547
1023192558
1023192568
1023192578
1023192588
1023192598
1023192608
1023192618
1023192628
1023192638
1023192648
1023192658
1023192668
1023192679
1023192689
1023192699
1023192709
1023192719
1023192729
1023192739
1023192749
1023192759
1023192769
1023192779
1023192790
1023192800
1023192810
1023192820
1023192830
1023192840
1023192850
1023192860
1023192870
1023192880
1023192890
1023192900
1023192911
1023192921
1023192931
1023192941
1023192951
1023192961
1023192971
1023192981
1023192991
1023193001
1023193011
1023193022
1023193032
1023193042
1023193052
1023193062
1023193072
1023193082
1023193092
1023193102
1023193112
1023193122
1023193132
1023193143
1023193153
1023193163
1023193173
1023193183
1023193193
1023193203
1023193213
1023193223
1023193233
1023193243
1023193253
1023193264
1023193274
1023193284
1023193294
1023193304
1023193314
1023193324
1023193334
1023193344
1023193354
1023193364
1023193374
1023193385
1023193395
1023193405
1023193415
1023193425
1023193435
1023193445
1023193455
1023193465
1023193475
1023193485
1023193496
1023193506
1023193516
1023193526
1023193536
1023193546
1023193556
1023193566
1023193576
1023193586
1023193596
1023193606
1023193617
1023193627
1023193637
1023193647
1023193657
1023193667
1023193677
1023193687
1023193697
1023193707
1023193717
1023193727
1023193738
1023193748
1023193758
1023193768
1023193778
1023193788
1023193798
1023193808
1023193818
1023193828
1023193838
1023193848
1023193859
1023193869
1023193879
1023193889
1023193899
1023193909
1023193919
1023193929
1023193939
1023193949
1023193959
1023193969
1023193980
1023193990
1023194000
1023194010
1023194020
1023194030
1023194040
1023194050
1023194060
1023194070
1023194080
1023194090
1023194101
1023194111
1023194121
1023194131
1023194141
1023194151
1023194161
1023194171
1023194181
1023194191
1023194201
1023194212
1023194222
1023194232
1023194242
1023194252
1023194262
1023194272
1023194282
1023194292
1023194302
1023194312
1023194322
1023194333
1023194343
1023194353
1023194363
1023194373
1023194383
1023194393
1023194403
1023194413
1023194423
1023194433
1023194443
1023194454
1023194464
1023194474
1023194484
1023194494
1023194504
1023194514
1023194524
1023194534
1023194544
1023194554
1023194564
1023194575
1023194585
1023194595
1023194605
1023194615
1023194625
1023194635
1023194645
1023194655
1023194665
1023194675
1023194686
1023194696
1023194706
1023194716
1023194726
1023194736
1023194746
1023194756
1023194766
1023194776
1023194786
1023194796
1023194807
1023194817
1023194827
1023194837
1023194847
1023194857
1023194867
1023194877
1023194887
1023194897
1023194907
1023194917
1023194928
1023194938
1023194948
1023194958
1023194968
1023194978
1023194988
1023194998
1023195008
1023195018
1023195028
1023195038
1023195049
1023195059
1023195069
1023195079
1023195089
1023195099
1023195109
1023195119
1023195129
1023195139
1023195149
1023195159
1023195170
1023195180
1023195190
1023195200
1023195210
1023195220
1023195230
1023195240
1023195250
1023195260
1023195270
1023195281
1023195291
1023195301
1023195311
1023195321
1023195331
1023195341
1023195351
1023195361
1023195371
1023195381
1023195391
1023195402
1023195412
1023195422
1023195432
1023195442
1023195452
1023195462
1023195472
1023195482
1023195492
1023195502
1023195512
1023195523
1023195533
1023195543
1023195553
1023195563
1023195573
1023195583
1023195593
1023195603
1023195613
1023195623
1023195634
1023195644
1023195654
1023195664
1023195674
1023195684
1023195694
1023195704
1023195714
1023195724
1023195734
1023195744
1023195755
1023195765
1023195775
1023195785
1023195795
1023195805
1023195815
1023195825
1023195835
1023195845
1023195855
1023195865
1023195876
1023195886
1023195896
1023195906
1023195916
1023195926
1023195936
1023195946
1023195956
1023195966
1023195976
1023195987
1023195997
1023196007
1023196017
1023196027
1023196037
1023196047
1023196057
1023196067
1023196077
1023196087
1023196097
1023196108
1023196118
1023196128
1023196138
1023196148
1023196158
1023196168
1023196178
1023196188
1023196198
1023196208
1023196218
1023196229
1023196239
1023196249
1023196259
1023196269
1023196279
1023196289
1023196299
1023196309
1023196319
1023196329
1023196340
1023196350
1023196360
1023196370
1023196380
1023196390
1023196400
1023196410
1023196420
1023196430
1023196440
1023196450
1023196461
1023196471
1023196481
1023196491
1023196501
1023196511
1023196521
1023196531
1023196541
1023196551
1023196561
1023196571
1023196582
1023196592
1023196602
1023196612
1023196622
1023196632
1023196642
1023196652
1023196662
1023196672
1023196682
1023196692
1023196703
1023196713
1023196723
1023196733
1023196743
1023196753
1023196763
1023196773
1023196783
1023196793
1023196803
1023196814
1023196824
1023196834
1023196844
1023196854
1023196864
1023196874
1023196884
1023196894
1023196904
1023196914
1023196924
1023196935
1023196945
1023196955
1023196965
1023196975
1023196985
1023196995
1023197005
1023197015
1023197025
1023197035
1023197045
1023197056
1023197066
1023197076
1023197086
1023197096
1023197106
1023197116
1023197126
1023197136
1023197146
1023197156
1023197167
1023197177
1023197187
1023197197
1023197207
1023197217
1023197227
1023197237
1023197247
1023197257
1023197267
1023197277
1023197288
1023197298
1023197308
1023197318
1023197328
1023197338
1023197348
1023197358
1023197368
1023197378
1023197388
1023197398
1023197409
1023197419
1023197429
1023197439
1023197449
1023197459
1023197469
1023197479
1023197489
1023197499
1023197509
1023197519
1023197530
1023197540
1023197550
1023197560
1023197570
1023197580
1023197590
1023197600
1023197610
1023197620
1023197630
1023197641
1023197651
1023197661
1023197671
1023197681
1023197691
1023197701
1023197711
1023197721
1023197731
1023197741
1023197751
1023197762
1023197772
1023197782
1023197792
1023197802
1023197812
1023197822
1023197832
1023197842
1023197852
1023197862
1023197873
1023197883
1023197893
1023197903
1023197913
1023197923
1023197933
1023197943
1023197953
1023197963
1023197973
1023197983
1023197994
1023198004
1023198014
1023198024
1023198034
1023198044
1023198054
1023198064
1023198074
1023198084
1023198094
1023198104
1023198115
1023198125
1023198135
1023198145
1023198155
1023198165
1023198175
1023198185
1023198195
1023198205
1023198215
1023198225
1023198236
1023198246
1023198256
1023198266
1023198276
1023198286
1023198296
1023198306
1023198316
1023198326
1023198336
1023198347
1023198357
1023198367
1023198377
1023198387
1023198397
1023198407
1023198417
1023198427
1023198437
1023198447
1023198457
1023198468
1023198478
1023198488
1023198498
1023198508
1023198518
1023198528
1023198538
1023198548
1023198558
1023198568
1023198578
1023198589
1023198599
1023198609
1023198619
1023198629
1023198639
1023198649
1023198659
1023198669
1023198679
1023198689
1023198699
1023198710
1023198720
1023198730
1023198740
1023198750
1023198760
1023198770
1023198780
1023198790
1023198800
1023198810
1023198821
1023198831
1023198841
1023198851
1023198861
1023198871
1023198881
1023198891
1023198901
1023198911
1023198921
1023198931
1023198942
1023198952
1023198962
1023198972
1023198982
1023198992
1023199002
1023199012
1023199022
1023199032
1023199042
1023199052
1023199063
1023199073
1023199083
1023199093
1023199103
1023199113
1023199123
1023199133
1023199143
1023199153
1023199163
1023199173
1023199184
1023199194
1023199204
1023199214
1023199224
1023199234
1023199244
1023199254
1023199264
1023199274
1023199284
1023199294
1023199305
1023199315
1023199325
1023199335
1023199345
1023199355
1023199365
1023199375
1023199385
1023199395
1023199405
1023199416
1023199426
1023199436
1023199446
1023199456
1023199466
1023199476
1023199486
1023199496
1023199506
1023199516
1023199526
1023199537
1023199547
1023199557
1023199567
1023199577
1023199587
1023199597
1023199607
1023199617
1023199627
1023199637
1023199647
1023199658
1023199668
1023199678
1023199688
1023199698
1023199708
1023199718
1023199728
1023199738
1023199748
1023199758
1023199768
1023199779
1023199789
1023199799
1023199809
1023199819
1023199829
1023199839
1023199849
1023199859
1023199869
1023199879
1023199889
1023199900
1023199910
1023199920
1023199930
1023199940
1023199950
1023199960
1023199970
1023199980
1023199990
1023200000
1023200010
1023200021
1023200031
1023200041
1023200051
1023200061
1023200071
1023200081
1023200091
1023200101
1023200111
1023200121
1023200131
1023200142
1023200152
1023200162
1023200172
1023200182
1023200192
1023200202
1023200212
1023200222
1023200232
1023200242
1023200252
1023200263
1023200273
1023200283
1023200293
1023200303
1023200313
1023200323
1023200333
1023200343
1023200353
1023200363
1023200373
1023200384
1023200394
1023200404
1023200414
1023200424
1023200434
1023200444
1023200454
1023200464
1023200474
1023200484
1023200494
1023200505
1023200515
1023200525
1023200535
1023200545
1023200555
1023200565
1023200575
1023200585
1023200595
1023200605
1023200616
1023200626
1023200636
1023200646
1023200656
1023200666
1023200676
1023200686
1023200696
1023200706
1023200716
1023200726
1023200737
1023200747
1023200757
1023200767
1023200777
1023200787
1023200797
1023200807
1023200817
1023200827
1023200837
1023200847
1023200858
1023200868
1023200878
1023200888
1023200898
1023200908
1023200918
1023200928
1023200938
1023200948
1023200958
1023200968
1023200979
1023200989
1023200999
1023201009
1023201019
1023201029
1023201039
1023201049
1023201059
1023201069
1023201079
1023201090
1023201100
1023201110
1023201120
1023201130
1023201140
1023201150
1023201160
1023201170
1023201180
1023201190
1023201200
1023201211
1023201221
1023201231
1023201241
1023201251
1023201261
1023201271
1023201281
1023201291
1023201301
1023201311
1023201321
1023201332
1023201342
1023201352
1023201362
1023201372
1023201382
1023201392
1023201402
1023201412
1023201422
1023201432
1023201442
1023201453
1023201463
1023201473
1023201483
1023201493
1023201503
1023201513
1023201523
1023201533
1023201543
1023201553
1023201564
1023201574
1023201584
1023201594
1023201604
1023201614
1023201624
1023201634
1023201644
1023201654
1023201664
1023201674
1023201685
1023201695
1023201705
1023201715
1023201725
1023201735
1023201745
1023201755
1023201765
1023201775
1023201785
1023201795
1023201806
1023201816
1023201826
1023201836
1023201846
1023201856
1023201866
1023201876
1023201886
1023201896
1023201906
1023201916
1023201927
1023201937
1023201947
1023201957
1023201967
1023201977
1023201987
1023201997
1023202007
1023202017
1023202027
1023202037
1023202048
1023202058
1023202068
1023202078
1023202088
1023202098
1023202108
1023202118
1023202128
1023202138
1023202148
1023202159
1023202169
1023202179
1023202189
1023202199
1023202209
1023202219
1023202229
1023202239
1023202249
1023202259
1023202269
1023202280
1023202290
1023202300
1023202310
1023202320
1023202330
1023202340
1023202350
1023202360
1023202370
1023202380
1023202390
1023202401
1023202411
1023202421
1023202431
1023202441
1023202451
1023202461
1023202471
1023202481
1023202491
1023202501
1023202511
1023202522
1023202532
1023202542
1023202552
1023202562
1023202572
1023202582
1023202592
1023202602
1023202612
1023202622
1023202633
1023202643
1023202653
1023202663
1023202673
1023202683
1023202693
1023202703
1023202713
1023202723
1023202733
1023202743
1023202754
1023202764
1023202774
1023202784
1023202794
1023202804
1023202814
1023202824
1023202834
1023202844
1023202854
1023202864
1023202875
1023202885
1023202895
1023202905
1023202915
1023202925
1023202935
1023202945
1023202955
1023202965
1023202975
1023202985
1023202996
1023203006
1023203016
1023203026
1023203036
1023203046
1023203056
1023203066
1023203076
1023203086
1023203096
1023203106
1023203117
1023203127
1023203137
1023203147
1023203157
1023203167
1023203177
1023203187
1023203197
1023203207
1023203217
1023203227
1023203238
1023203248
1023203258
1023203268
1023203278
1023203288
1023203298
1023203308
1023203318
1023203328
1023203338
1023203348
1023203359
1023203369
1023203379
1023203389
1023203399
1023203409
1023203419
1023203429
1023203439
1023203449
1023203459
1023203469
1023203480
1023203490
1023203500
1023203510
1023203520
1023203530
1023203540
1023203550
1023203560
1023203570
1023203580
1023203591
1023203601
1023203611
1023203621
1023203631
1023203641
1023203651
1023203661
1023203671
1023203681
1023203691
1023203701
1023203712
1023203722
1023203732
1023203742
1023203752
1023203762
1023203772
1023203782
1023203792
1023203802
1023203812
1023203822
1023203833
1023203843
1023203853
1023203863
1023203873
1023203883
1023203893
1023203903
1023203913
1023203923
1023203933
1023203943
1023203954
1023203964
1023203974
1023203984
1023203994
1023204004
1023204014
1023204024
1023204034
1023204044
1023204054
1023204065
1023204075
1023204085
1023204095
1023204105
1023204115
1023204125
1023204135
1023204145
1023204155
1023204165
1023204175
1023204186
1023204196
1023204206
1023204216
1023204226
1023204236
1023204246
1023204256
1023204266
1023204276
1023204286
1023204296
1023204307
1023204317
1023204327
1023204337
1023204347
1023204357
1023204367
1023204377
1023204387
1023204397
1023204407
1023204417
1023204428
1023204438
1023204448
1023204458
1023204468
1023204478
1023204488
1023204498
1023204508
1023204518
1023204528
1023204538
1023204549
1023204559
1023204569
1023204579
1023204589
1023204599
1023204609
1023204619
1023204629
1023204639
1023204649
1023204659
1023204670
1023204680
1023204690
1023204700
1023204710
1023204720
1023204730
1023204740
1023204750
1023204760
1023204770
1023204780
1023204791
1023204801
1023204811
1023204821
1023204831
1023204841
1023204851
1023204861
1023204871
1023204881
1023204891
1023204901
1023204912
1023204922
1023204932
1023204942
1023204952
1023204962
1023204972
1023204982
1023204992
1023205002
1023205012
1023205023
1023205033
1023205043
1023205053
1023205063
1023205073
1023205083
1023205093
1023205103
1023205113
1023205123
1023205133
1023205144
1023205154
1023205164
1023205174
1023205184
1023205194
1023205204
1023205214
1023205224
1023205234
1023205244
1023205254
1023205265
1023205275
1023205285
1023205295
1023205305
1023205315
1023205325
1023205335
1023205345
1023205355
1023205365
1023205375
1023205386
1023205396
1023205406
1023205416
1023205426
1023205436
1023205446
1023205456
1023205466
1023205476
1023205486
1023205496
1023205507
1023205517
1023205527
1023205537
1023205547
1023205557
1023205567
1023205577
1023205587
1023205597
1023205607
1023205617
1023205628
1023205638
1023205648
1023205658
1023205668
1023205678
1023205688
1023205698
1023205708
1023205718
1023205728
1023205738
1023205749
1023205759
1023205769
1023205779
1023205789
1023205799
1023205809
1023205819
1023205829
1023205839
1023205849
1023205859
1023205870
1023205880
1023205890
1023205900
1023205910
1023205920
1023205930
1023205940
1023205950
1023205960
1023205970
1023205981
1023205991
1023206001
1023206011
1023206021
1023206031
1023206041
1023206051
1023206061
1023206071
1023206081
1023206091
1023206102
1023206112
1023206122
1023206132
1023206142
1023206152
1023206162
1023206172
1023206182
1023206192
1023206202
1023206212
1023206222
1023206233
1023206243
1023206253
1023206263
1023206273
1023206283
1023206293
1023206303
1023206313
1023206323
1023206333
1023206344
1023206354
1023206364
1023206374
1023206384
1023206394
1023206404
1023206414
1023206424
1023206434
1023206444
1023206454
1023206465
1023206475
1023206485
1023206495
1023206505
1023206515
1023206525
1023206535
1023206545
1023206555
1023206565
1023206575
1023206586
1023206596
1023206606
1023206616
1023206626
1023206636
1023206646
1023206656
1023206666
1023206676
1023206686
1023206696
1023206707
1023206717
1023206727
1023206737
1023206747
1023206757
1023206767
1023206777
1023206787
1023206797
1023206807
1023206817
1023206828
1023206838
1023206848
1023206858
1023206868
1023206878
1023206888
1023206898
1023206908
1023206918
1023206928
1023206938
1023206949
1023206959
1023206969
1023206979
1023206989
1023206999
1023207009
1023207019
1023207029
1023207039
1023207049
1023207059
1023207070
1023207080
1023207090
1023207100
1023207110
1023207120
1023207130
1023207140
1023207150
1023207160
1023207170
1023207180
1023207191
1023207201
1023207211
1023207221
1023207231
1023207241
1023207251
1023207261
1023207271
1023207281
1023207291
1023207301
1023207312
1023207322
1023207332
1023207342
1023207352
1023207362
1023207372
1023207382
1023207392
1023207402
1023207412
1023207422
1023207433
1023207443
1023207453
1023207463
1023207473
1023207483
1023207493
1023207503
1023207513
1023207523
1023207533
1023207544
1023207554
1023207564
1023207574
1023207584
1023207594
1023207604
1023207614
1023207624
1023207634
1023207644
1023207654
1023207665
1023207675
1023207685
1023207695
1023207705
1023207715
1023207725
1023207735
1023207745
1023207755
1023207765
1023207775
1023207786
1023207796
1023207806
1023207816
1023207826
1023207836
1023207846
1023207856
1023207866
1023207876
1023207886
1023207896
1023207907
1023207917
1023207927
1023207937
1023207947
1023207957
1023207967
1023207977
1023207987
1023207997
1023208007
1023208017
1023208028
1023208038
1023208048
1023208058
1023208068
1023208078
1023208088
1023208098
1023208108
1023208118
1023208128
1023208139
1023208149
1023208159
1023208169
1023208179
1023208189
1023208199
1023208209
1023208219
1023208229
1023208239
1023208249
1023208260
1023208270
1023208280
1023208290
1023208300
1023208310
1023208320
1023208330
1023208340
1023208350
1023208360
1023208370
1023208381
1023208391
1023208401
1023208411
1023208421
1023208431
1023208441
1023208451
1023208461
1023208471
1023208481
1023208492
1023208502
1023208512
1023208522
1023208532
1023208542
1023208552
1023208562
1023208572
1023208582
1023208592
1023208602
1023208613
1023208623
1023208633
1023208643
1023208653
1023208663
1023208673
1023208683
1023208693
1023208703
1023208713
1023208723
1023208734
1023208744
1023208754
1023208764
1023208774
1023208784
1023208794
1023208804
1023208814
1023208824
1023208834
1023208845
1023208855
1023208865
1023208875
1023208885
1023208895
1023208905
1023208915
1023208925
1023208935
1023208945
1023208955
1023208966
1023208976
1023208986
1023208996
1023209006
1023209016
1023209026
1023209036
1023209046
1023209056
1023209066
1023209076
1023209087
1023209097
1023209107
1023209117
1023209127
1023209137
1023209147
1023209157
1023209167
1023209177
1023209187
1023209198
1023209208
1023209218
1023209228
1023209238
1023209248
1023209258
1023209268
1023209278
1023209288
1023209298
1023209308
1023209319
1023209329
1023209339
1023209349
1023209359
1023209369
1023209379
1023209389
1023209399
1023209409
1023209419
1023209429
1023209440
1023209450
1023209460
1023209470
1023209480
1023209490
1023209500
1023209510
1023209520
1023209530
1023209540
1023209550
1023209561
1023209571
1023209581
1023209591
1023209601
1023209611
1023209621
1023209631
1023209641
1023209651
1023209661
1023209671
1023209682
1023209692
1023209702
1023209712
1023209722
1023209732
1023209742
1023209752
1023209762
1023209772
1023209782
1023209793
1023209803
1023209813
1023209823
1023209833
1023209843
1023209853
1023209863
1023209873
1023209883
1023209893
1023209903
1023209914
1023209924
1023209934
1023209944
1023209954
1023209964
1023209974
1023209984
1023209994
1023210004
1023210014
1023210024
1023210035
1023210045
1023210055
1023210065
1023210075
1023210085
1023210095
1023210105
1023210115
1023210125
1023210135
1023210145
1023210156
1023210166
1023210176
1023210186
1023210196
1023210206
1023210216
1023210226
1023210236
1023210246
1023210256
1023210266
1023210277
1023210287
1023210297
1023210307
1023210317
1023210327
1023210337
1023210347
1023210357
1023210367
1023210377
1023210387
1023210398
1023210408
1023210418
1023210428
1023210438
1023210448
1023210458
1023210468
1023210478
1023210488
1023210498
1023210508
1023210519
1023210529
1023210539
1023210549
1023210559
1023210569
1023210579
1023210589
1023210599
1023210609
1023210619
1023210629
1023210640
1023210650
1023210660
1023210670
1023210680
1023210690
1023210700
1023210710
1023210720
1023210730
1023210740
1023210750
1023210761
1023210771
1023210781
1023210791
1023210801
1023210811
1023210821
1023210831
1023210841
1023210851
1023210861
1023210871
1023210882
1023210892
1023210902
1023210912
1023210922
1023210932
1023210942
1023210952
1023210962
1023210972
1023210982
1023210992
1023211003
1023211013
1023211023
1023211033
1023211043
1023211053
1023211063
1023211073
1023211083
1023211093
1023211103
1023211114
1023211124
1023211134
1023211144
1023211154
1023211164
1023211174
1023211184
1023211194
1023211204
1023211214
1023211224
1023211235
1023211245
1023211255
1023211265
1023211275
1023211285
1023211295
1023211305
1023211315
1023211325
1023211335
1023211345
1023211356
1023211366
1023211376
1023211386
1023211396
1023211406
1023211416
1023211426
1023211436
1023211446
1023211456
1023211466
1023211477
1023211487
1023211497
1023211507
1023211517
1023211527
1023211537
1023211547
1023211557
1023211567
1023211577
1023211587
1023211598
1023211608
1023211618
1023211628
1023211638
1023211648
1023211658
1023211668
1023211678
1023211688
1023211698
1023211708
1023211719
1023211729
1023211739
1023211749
1023211759
1023211769
1023211779
1023211789
1023211799
1023211809
1023211819
1023211829
1023211840
1023211850
1023211860
1023211870
1023211880
1023211890
1023211900
1023211910
1023211920
1023211930
1023211940
1023211951
1023211961
1023211971
1023211981
1023211991
1023212001
1023212011
1023212021
1023212031
1023212041
1023212051
1023212061
1023212072
1023212082
1023212092
1023212102
1023212112
1023212122
1023212132
1023212142
1023212152
1023212162
1023212172
1023212182
1023212193
1023212203
1023212213
1023212223
1023212233
1023212243
1023212253
1023212263
1023212273
1023212283
1023212293
1023212303
1023212314
1023212324
1023212334
1023212344
1023212354
1023212364
1023212374
1023212384
1023212394
1023212404
1023212414
1023212425
1023212435
1023212445
1023212455
1023212465
1023212475
1023212485
1023212495
1023212505
1023212515
1023212525
1023212535
1023212546
1023212556
1023212566
1023212576
1023212586
1023212596
1023212606
1023212616
1023212626
1023212636
1023212646
1023212656
1023212667
1023212677
1023212687
1023212697
1023212707
1023212717
1023212727
1023212737
1023212747
1023212757
1023212767
1023212777
1023212788
1023212798
1023212808
1023212818
1023212828
1023212838
1023212848
1023212858
1023212868
1023212878
1023212888
1023212899
1023212909
1023212919
1023212929
1023212939
1023212949
1023212959
1023212969
1023212979
1023212989
1023212999
1023213009
1023213020
1023213030
1023213040
1023213050
1023213060
1023213070
1023213080
1023213090
1023213100
1023213110
1023213120
1023213131
1023213141
1023213151
1023213161
1023213171
1023213181
1023213191
1023213201
1023213211
1023213221
1023213231
1023213241
1023213252
1023213262
1023213272
1023213282
1023213292
1023213302
1023213312
1023213322
1023213332
1023213342
1023213352
1023213362
1023213373
1023213383
1023213393
1023213403
1023213413
1023213423
1023213433
1023213443
1023213453
1023213463
1023213473
1023213483
1023213494
1023213504
1023213514
1023213524
1023213534
1023213544
1023213554
1023213564
1023213574
1023213584
1023213594
1023213605
1023213615
1023213625
1023213635
1023213645
1023213655
1023213665
1023213675
1023213685
1023213695
1023213705
1023213715
1023213726
1023213736
1023213746
1023213756
1023213766
1023213776
1023213786
1023213796
1023213806
1023213816
1023213826
1023213836
1023213847
1023213857
1023213867
1023213877
1023213887
1023213897
1023213907
1023213917
1023213927
1023213937
1023213947
1023213957
1023213968
1023213978
1023213988
1023213998
1023214008
1023214018
1023214028
1023214038
1023214048
1023214058
1023214068
1023214079
1023214089
1023214099
1023214109
1023214119
1023214129
1023214139
1023214149
1023214159
1023214169
1023214179
1023214189
1023214200
1023214210
1023214220
1023214230
1023214240
1023214250
1023214260
1023214270
1023214280
1023214290
1023214300
1023214311
1023214321
1023214331
1023214341
1023214351
1023214361
1023214371
1023214381
1023214391
1023214401
1023214411
1023214421
1023214432
1023214442
1023214452
1023214462
1023214472
1023214482
1023214492
1023214502
1023214512
1023214522
1023214532
1023214543
1023214553
1023214563
1023214573
1023214583
1023214593
1023214603
1023214613
1023214623
1023214633
1023214643
1023214653
1023214664
1023214674
1023214684
1023214694
1023214704
1023214714
1023214724
1023214734
1023214744
1023214754
1023214764
1023214774
1023214785
1023214795
1023214805
1023214815
1023214825
1023214835
1023214845
1023214855
1023214865
1023214875
1023214885
1023214896
1023214906
1023214916
1023214926
1023214936
1023214946
1023214956
1023214966
1023214976
1023214986
1023214996
1023215006
1023215017
1023215027
1023215037
1023215047
1023215057
1023215067
1023215077
1023215087
1023215097
1023215107
1023215117
1023215128
1023215138
1023215148
1023215158
1023215168
1023215178
1023215188
1023215198
1023215208
1023215218
1023215228
1023215238
1023215249
1023215259
1023215269
1023215279
1023215289
1023215299
1023215309
1023215319
1023215329
1023215339
1023215349
1023215359
1023215370
1023215380
1023215390
1023215400
1023215410
1023215420
1023215430
1023215440
1023215450
1023215460
1023215470
1023215480
1023215491
1023215501
1023215511
1023215521
1023215531
1023215541
1023215551
1023215561
1023215571
1023215581
1023215591
1023215602
1023215612
1023215622
1023215632
1023215642
1023215652
1023215662
1023215672
1023215682
1023215692
1023215702
1023215712
1023215723
1023215733
1023215743
1023215753
1023215763
1023215773
1023215783
1023215793
1023215803
1023215813
1023215823
1023215833
1023215844
1023215854
1023215864
1023215874
1023215884
1023215894
1023215904
1023215914
1023215924
1023215934
1023215944
1023215955
1023215965
1023215975
1023215985
1023215995
1023216005
1023216015
1023216025
1023216035
1023216045
1023216055
1023216065
1023216076
1023216086
1023216096
1023216106
1023216116
1023216126
1023216136
1023216146
1023216156
1023216166
1023216176
1023216186
1023216197
1023216207
1023216217
1023216227
1023216237
1023216247
1023216257
1023216267
1023216277
1023216287
1023216297
1023216308
1023216318
1023216328
1023216338
1023216348
1023216358
1023216368
1023216378
1023216388
1023216398
1023216408
1023216418
1023216429
1023216439
1023216449
1023216459
1023216469
1023216479
1023216489
1023216499
1023216509
1023216519
1023216529
1023216539
1023216550
1023216560
1023216570
1023216580
1023216590
1023216600
1023216610
1023216620
1023216630
1023216640
1023216650
1023216660
1023216671
1023216681
1023216691
1023216701
1023216711
1023216721
1023216731
1023216741
1023216751
1023216761
1023216771
1023216782
1023216792
1023216802
1023216812
1023216822
1023216832
1023216842
1023216852
1023216862
1023216872
1023216882
1023216892
1023216903
1023216913
1023216923
1023216933
1023216943
1023216953
1023216963
1023216973
1023216983
1023216993
1023217003
1023217013
1023217024
1023217034
1023217044
1023217054
1023217064
1023217074
1023217084
1023217094
1023217104
1023217114
1023217124
1023217135
1023217145
1023217155
1023217165
1023217175
1023217185
1023217195
1023217205
1023217215
1023217225
1023217235
1023217245
1023217256
1023217266
1023217276
1023217286
1023217296
1023217306
1023217316
1023217326
1023217336
1023217346
1023217356
1023217366
1023217377
1023217387
1023217397
1023217407
1023217417
1023217427
1023217437
1023217447
1023217457
1023217467
1023217477
1023217487
1023217498
1023217508
1023217518
1023217528
1023217538
1023217548
1023217558
1023217568
1023217578
1023217588
1023217598
1023217608
1023217619
1023217629
1023217639
1023217649
1023217659
1023217669
1023217679
1023217689
1023217699
1023217709
1023217719
1023217730
1023217740
1023217750
1023217760
1023217770
1023217780
1023217790
1023217800
1023217810
1023217820
1023217830
1023217840
1023217851
1023217861
1023217871
1023217881
1023217891
1023217901
1023217911
1023217921
1023217931
1023217941
1023217951
1023217961
1023217972
1023217982
1023217992
1023218002
1023218012
1023218022
1023218032
1023218042
1023218052
1023218062
1023218072
1023218082
1023218093
1023218103
1023218113
1023218123
1023218133
1023218143
1023218153
1023218163
1023218173
1023218183
1023218193
1023218204
1023218214
1023218224
1023218234
1023218244
1023218254
1023218264
1023218274
1023218284
1023218294
1023218304
1023218314
1023218325
1023218335
1023218345
1023218355
1023218365
1023218375
1023218385
1023218395
1023218405
1023218415
1023218425
1023218435
1023218446
1023218456
1023218466
1023218476
1023218486
1023218496
1023218506
1023218516
1023218526
1023218536
1023218546
1023218556
1023218567
1023218577
1023218587
1023218597
1023218607
1023218617
1023218627
1023218637
1023218647
1023218657
1023218667
1023218678
1023218688
1023218698
1023218708
1023218718
1023218728
1023218738
1023218748
1023218758
1023218768
1023218778
1023218788
1023218799
1023218809
1023218819
1023218829
1023218839
1023218849
1023218859
1023218869
1023218879
1023218889
1023218899
1023218909
1023218920
1023218930
1023218940
1023218950
1023218960
1023218970
1023218980
1023218990
1023219000
1023219010
1023219020
1023219031
1023219041
1023219051
1023219061
1023219071
1023219081
1023219091
1023219101
1023219111
1023219121
1023219131
1023219141
1023219152
1023219162
1023219172
1023219182
1023219192
1023219202
1023219212
1023219222
1023219232
1023219242
1023219252
1023219262
1023219273
1023219283
1023219293
1023219303
1023219313
1023219323
1023219333
1023219343
1023219353
1023219363
1023219373
1023219383
1023219394
1023219404
1023219414
1023219424
1023219434
1023219444
1023219454
1023219464
1023219474
1023219484
1023219494
1023219504
1023219515
1023219525
1023219535
1023219545
1023219555
1023219565
1023219575
1023219585
1023219595
1023219605
1023219615
1023219625
1023219636
1023219646
1023219656
1023219666
1023219676
1023219686
1023219696
1023219706
1023219716
1023219726
1023219736
1023219747
1023219757
1023219767
1023219777
1023219787
1023219797
1023219807
1023219817
1023219827
1023219837
1023219847
1023219857
1023219868
1023219878
1023219888
1023219898
1023219908
1023219918
1023219928
1023219938
1023219948
1023219958
1023219968
1023219978
1023219989
1023219999
1023220009
1023220019
1023220029
1023220039
1023220049
1023220059
1023220069
1023220079
1023220089
1023220100
1023220110
1023220120
1023220130
1023220140
1023220150
1023220160
1023220170
1023220180
1023220190
1023220200
1023220210
1023220221
1023220231
1023220241
1023220251
1023220261
1023220271
1023220281
1023220291
1023220301
1023220311
1023220321
1023220331
1023220342
1023220352
1023220362
1023220372
1023220382
1023220392
1023220402
1023220412
1023220422
1023220432
1023220442
1023220452
1023220463
1023220473
1023220483
1023220493
1023220503
1023220513
1023220523
1023220533
1023220543
1023220553
1023220563
1023220574
1023220584
1023220594
1023220604
1023220614
1023220624
1023220634
1023220644
1023220654
1023220664
1023220674
1023220684
1023220695
1023220705
1023220715
1023220725
1023220735
1023220745
1023220755
1023220765
1023220775
1023220785
1023220795
1023220805
1023220816
1023220826
1023220836
1023220846
1023220856
1023220866
1023220876
1023220886
1023220896
1023220906
1023220916
1023220927
1023220937
1023220947
1023220957
1023220967
1023220977
1023220987
1023220997
1023221007
1023221017
1023221027
1023221037
1023221048
1023221058
1023221068
1023221078
1023221088
1023221098
1023221108
1023221118
1023221128
1023221138
1023221148
1023221158
1023221169
1023221179
1023221189
1023221199
1023221209
1023221219
1023221229
1023221239
1023221249
1023221259
1023221269
1023221280
1023221290
1023221300
1023221310
1023221320
1023221330
1023221340
1023221350
1023221360
1023221370
1023221380
1023221390
1023221401
1023221411
1023221421
1023221431
1023221441
1023221451
1023221461
1023221471
1023221481
1023221491
1023221501
1023221511
1023221522
1023221532
1023221542
1023221552
1023221562
1023221572
1023221582
1023221592
1023221602
1023221612
1023221622
1023221633
1023221643
1023221653
1023221663
1023221673
1023221683
1023221693
1023221703
1023221713
1023221723
1023221733
1023221743
1023221754
1023221764
1023221774
1023221784
1023221794
1023221804
1023221814
1023221824
1023221834
1023221844
1023221854
1023221864
1023221875
1023221885
1023221895
1023221905
1023221915
1023221925
1023221935
1023221945
1023221955
1023221965
1023221975
1023221985
1023221996
1023222006
1023222016
1023222026
1023222036
1023222046
1023222056
1023222066
1023222076
1023222086
1023222096
1023222107
1023222117
1023222127
1023222137
1023222147
1023222157
1023222167
1023222177
1023222187
1023222197
1023222207
1023222217
1023222228
1023222238
1023222248
1023222258
1023222268
1023222278
1023222288
1023222298
1023222308
1023222318
1023222328
1023222338
1023222349
1023222359
1023222369
1023222379
1023222389
1023222399
1023222409
1023222419
1023222429
1023222439
1023222449
1023222459
1023222470
1023222480
1023222490
1023222500
1023222510
1023222520
1023222530
1023222540
1023222550
1023222560
1023222570
1023222581
1023222591
1023222601
1023222611
1023222621
1023222631
1023222641
1023222651
1023222661
1023222671
1023222681
1023222691
1023222702
1023222712
1023222722
1023222732
1023222742
1023222752
1023222762
1023222772
1023222782
1023222792
1023222802
1023222812
1023222823
1023222833
1023222843
1023222853
1023222863
1023222873
1023222883
1023222893
1023222903
1023222913
1023222923
1023222934
1023222944
1023222954
1023222964
1023222974
1023222984
1023222994
1023223004
1023223014
1023223024
1023223034
1023223044
1023223055
1023223065
1023223075
1023223085
1023223095
1023223105
1023223115
1023223125
1023223135
1023223145
1023223155
1023223166
1023223176
1023223186
1023223196
1023223206
1023223216
1023223226
1023223236
1023223246
1023223256
1023223266
1023223276
1023223287
1023223297
1023223307
1023223317
1023223327
1023223337
1023223347
1023223357
1023223367
1023223377
1023223387
1023223397
1023223408
1023223418
1023223428
1023223438
1023223448
1023223458
1023223468
1023223478
1023223488
1023223498
1023223508
1023223518
1023223529
1023223539
1023223549
1023223559
1023223569
1023223579
1023223589
1023223599
1023223609
1023223619
1023223629
1023223640
1023223650
1023223660
1023223670
1023223680
1023223690
1023223700
1023223710
1023223720
1023223730
1023223740
1023223750
1023223761
1023223771
1023223781
1023223791
1023223801
1023223811
1023223821
1023223831
1023223841
1023223851
1023223861
1023223872
1023223882
1023223892
1023223902
1023223912
1023223922
1023223932
1023223942
1023223952
1023223962
1023223972
1023223982
1023223993
1023224003
1023224013
1023224023
1023224033
1023224043
1023224053
1023224063
1023224073
1023224083
1023224093
1023224103
1023224114
1023224124
1023224134
1023224144
1023224154
1023224164
1023224174
1023224184
1023224194
1023224204
1023224214
1023224224
1023224235
1023224245
1023224255
1023224265
1023224275
1023224285
1023224295
1023224305
1023224315
1023224325
1023224335
1023224346
1023224356
1023224366
1023224376
1023224386
1023224396
1023224406
1023224416
1023224426
1023224436
1023224446
1023224456
1023224467
1023224477
1023224487
1023224497
1023224507
1023224517
1023224527
1023224537
1023224547
1023224557
1023224567
1023224577
1023224588
1023224598
1023224608
1023224618
1023224628
1023224638
1023224648
1023224658
1023224668
1023224678
1023224688
1023224698
1023224709
1023224719
1023224729
1023224739
1023224749
1023224759
1023224769
1023224779
1023224789
1023224799
1023224809
1023224820
1023224830
1023224840
1023224850
1023224860
1023224870
1023224880
1023224890
1023224900
1023224910
1023224920
1023224930
1023224941
1023224951
1023224961
1023224971
1023224981
1023224991
1023225001
1023225011
1023225021
1023225031
1023225041
1023225051
1023225062
1023225072
1023225082
1023225092
1023225102
1023225112
1023225122
1023225132
1023225142
1023225152
1023225162
1023225172
1023225183
1023225193
1023225203
1023225213
1023225223
1023225233
1023225243
1023225253
1023225263
1023225273
1023225283
1023225294
1023225304
1023225314
1023225324
1023225334
1023225344
1023225354
1023225364
1023225374
1023225384
1023225394
1023225404
1023225415
1023225425
1023225435
1023225445
1023225455
1023225465
1023225475
1023225485
1023225495
1023225505
1023225515
1023225525
1023225536
1023225546
1023225556
1023225566
1023225576
1023225586
1023225596
1023225606
1023225616
1023225626
1023225636
1023225646
1023225657
1023225667
1023225677
1023225687
1023225697
1023225707
1023225717
1023225727
1023225737
1023225747
1023225757
1023225768
1023225778
1023225788
1023225798
1023225808
1023225818
1023225828
1023225838
1023225848
1023225858
1023225868
1023225878
1023225889
1023225899
1023225909
1023225919
1023225929
1023225939
1023225949
1023225959
1023225969
1023225979
1023225989
1023225999
1023226010
1023226020
1023226030
1023226040
1023226050
1023226060
1023226070
1023226080
1023226090
1023226100
1023226110
1023226120
1023226131
1023226141
1023226151
1023226161
1023226171
1023226181
1023226191
1023226201
1023226211
1023226221
1023226231
1023226241
1023226252
1023226262
1023226272
1023226282
1023226292
1023226302
1023226312
1023226322
1023226332
1023226342
1023226352
1023226363
1023226373
1023226383
1023226393
1023226403
1023226413
1023226423
1023226433
1023226443
1023226453
1023226463
1023226473
1023226484
1023226494
1023226504
1023226514
1023226524
1023226534
1023226544
1023226554
1023226564
1023226574
1023226584
1023226594
1023226605
1023226615
1023226625
1023226635
1023226645
1023226655
1023226665
1023226675
1023226685
1023226695
1023226705
1023226715
1023226726
1023226736
1023226746
1023226756
1023226766
1023226776
1023226786
1023226796
1023226806
1023226816
1023226826
1023226837
1023226847
1023226857
1023226867
1023226877
1023226887
1023226897
1023226907
1023226917
1023226927
1023226937
1023226947
1023226958
1023226968
1023226978
1023226988
1023226998
1023227008
1023227018
1023227028
1023227038
1023227048
1023227058
1023227068
1023227079
1023227089
1023227099
1023227109
1023227119
1023227129
1023227139
1023227149
1023227159
1023227169
1023227179
1023227189
1023227200
1023227210
1023227220
1023227230
1023227240
1023227250
1023227260
1023227270
1023227280
1023227290
1023227300
1023227311
1023227321
1023227331
1023227341
1023227351
1023227361
1023227371
1023227381
1023227391
1023227401
1023227411
1023227421
1023227432
1023227442
1023227452
1023227462
1023227472
1023227482
1023227492
1023227502
1023227512
1023227522
1023227532
1023227542
1023227553
1023227563
1023227573
1023227583
1023227593
1023227603
1023227613
1023227623
1023227633
1023227643
1023227653
1023227663
1023227674
1023227684
1023227694
1023227704
1023227714
1023227724
1023227734
1023227744
1023227754
1023227764
1023227774
1023227784
1023227795
1023227805
1023227815
1023227825
1023227835
1023227845
1023227855
1023227865
1023227875
1023227885
1023227895
1023227906
1023227916
1023227926
1023227936
1023227946
1023227956
1023227966
1023227976
1023227986
1023227996
1023228006
1023228016
1023228027
1023228037
1023228047
1023228057
1023228067
1023228077
1023228087
1023228097
1023228107
1023228117
1023228127
1023228137
1023228148
1023228158
1023228168
1023228178
1023228188
1023228198
1023228208
1023228218
1023228228
1023228238
1023228248
1023228258
1023228269
1023228279
1023228289
1023228299
1023228309
1023228319
1023228329
1023228339
1023228349
1023228359
1023228369
1023228379
1023228390
1023228400
1023228410
1023228420
1023228430
1023228440
1023228450
1023228460
1023228470
1023228480
1023228490
1023228500
1023228511
1023228521
1023228531
1023228541
1023228551
1023228561
1023228571
1023228581
1023228591
1023228601
1023228611
1023228621
1023228632
1023228642
1023228652
1023228662
1023228672
1023228682
1023228692
1023228702
1023228712
1023228722
1023228732
1023228743
1023228753
1023228763
1023228773
1023228783
1023228793
1023228803
1023228813
1023228823
1023228833
1023228843
1023228853
1023228864
1023228874
1023228884
1023228894
1023228904
1023228914
1023228924
1023228934
1023228944
1023228954
1023228964
1023228974
1023228985
1023228995
1023229005
1023229015
1023229025
1023229035
1023229045
1023229055
1023229065
1023229075
1023229085
1023229095
1023229106
1023229116
1023229126
1023229136
1023229146
1023229156
1023229166
1023229176
1023229186
1023229196
1023229206
1023229216
1023229227
1023229237
1023229247
1023229257
1023229267
1023229277
1023229287
1023229297
1023229307
1023229317
1023229327
1023229337
1023229348
1023229358
1023229368
1023229378
1023229388
1023229398
1023229408
1023229418
1023229428
1023229438
1023229448
1023229458
1023229469
1023229479
1023229489
1023229499
1023229509
1023229519
1023229529
1023229539
1023229549
1023229559
1023229569
1023229579
1023229590
1023229600
1023229610
1023229620
1023229630
1023229640
1023229650
1023229660
1023229670
1023229680
1023229690
1023229700
1023229711
1023229721
1023229731
1023229741
1023229751
1023229761
1023229771
1023229781
1023229791
1023229801
1023229811
1023229821
1023229832
1023229842
1023229852
1023229862
1023229872
1023229882
1023229892
1023229902
1023229912
1023229922
1023229932
1023229942
1023229953
1023229963
1023229973
1023229983
1023229993
1023230003
1023230013
1023230023
1023230033
1023230043
1023230053
1023230063
1023230074
1023230084
1023230094
1023230104
1023230114
1023230124
1023230134
1023230144
1023230154
1023230164
1023230174
1023230184
1023230195
1023230205
1023230215
1023230225
1023230235
1023230245
1023230255
1023230265
1023230275
1023230285
1023230295
1023230305
1023230316
1023230326
1023230336
1023230346
1023230356
1023230366
1023230376
1023230386
1023230396
1023230406
1023230416
1023230426
1023230437
1023230447
1023230457
1023230467
1023230477
1023230487
1023230497
1023230507
1023230517
1023230527
1023230537
1023230548
1023230558
1023230568
1023230578
1023230588
1023230598
1023230608
1023230618
1023230628
1023230638
1023230648
1023230658
1023230669
1023230679
1023230689
1023230699
1023230709
1023230719
1023230729
1023230739
1023230749
1023230759
1023230769
1023230779
1023230790
1023230800
1023230810
1023230820
1023230830
1023230840
1023230850
1023230860
1023230870
1023230880
1023230890
1023230900
1023230910
1023230921
1023230931
1023230941
1023230951
1023230961
1023230971
1023230981
1023230991
1023231001
1023231011
1023231021
1023231031
1023231042
1023231052
1023231062
1023231072
1023231082
1023231092
1023231102
1023231112
1023231122
1023231132
1023231142
1023231152
1023231163
1023231173
1023231183
1023231193
1023231203
1023231213
1023231223
1023231233
1023231243
1023231253
1023231263
1023231274
1023231284
1023231294
1023231304
1023231314
1023231324
1023231334
1023231344
1023231354
1023231364
1023231374
1023231384
1023231395
1023231405
1023231415
1023231425
1023231435
1023231445
1023231455
1023231465
1023231475
1023231485
1023231495
1023231505
1023231516
1023231526
1023231536
1023231546
1023231556
1023231566
1023231576
1023231586
1023231596
1023231606
1023231616
1023231626
1023231637
1023231647
1023231657
1023231667
1023231677
1023231687
1023231697
1023231707
1023231717
1023231727
1023231737
1023231747
1023231758
1023231768
1023231778
1023231788
1023231798
1023231808
1023231818
1023231828
1023231838
1023231848
1023231858
1023231868
1023231879
1023231889
1023231899
1023231909
1023231919
1023231929
1023231939
1023231949
1023231959
1023231969
1023231979
1023231989
1023232000
1023232010
1023232020
1023232030
1023232040
1023232050
1023232060
1023232070
1023232080
1023232090
1023232100
1023232111
1023232121
1023232131
1023232141
1023232151
1023232161
1023232171
1023232181
1023232191
1023232201
1023232211
1023232221
1023232232
1023232242
1023232252
1023232262
1023232272
1023232282
1023232292
1023232302
1023232312
1023232322
1023232332
1023232342
1023232353
1023232363
1023232373
1023232383
1023232393
1023232403
1023232413
1023232423
1023232433
1023232443
1023232453
1023232463
1023232474
1023232484
1023232494
1023232504
1023232514
1023232524
1023232534
1023232544
1023232554
1023232564
1023232574
1023232584
1023232595
1023232605
1023232615
1023232625
1023232635
1023232645
1023232655
1023232665
1023232675
1023232685
1023232695
1023232705
1023232716
1023232726
1023232736
1023232746
1023232756
1023232766
1023232776
1023232786
1023232796
1023232806
1023232816
1023232826
1023232837
1023232847
1023232857
1023232867
1023232877
1023232887
1023232897
1023232907
1023232917
1023232927
1023232937
1023232947
1023232958
1023232968
1023232978
1023232988
1023232998
1023233008
1023233018
1023233028
1023233038
1023233048
1023233058
1023233068
1023233079
1023233089
1023233099
1023233109
1023233119
1023233129
1023233139
1023233149
1023233159
1023233169
1023233179
1023233189
1023233199
1023233210
1023233220
1023233230
1023233240
1023233250
1023233260
1023233270
1023233280
1023233290
1023233300
1023233310
1023233320
1023233331
1023233341
1023233351
1023233361
1023233371
1023233381
1023233391
1023233401
1023233411
1023233421
1023233431
1023233441
1023233452
1023233462
1023233472
1023233482
1023233492
1023233502
1023233512
1023233522
1023233532
1023233542
1023233552
1023233562
1023233573
1023233583
1023233593
1023233603
1023233613
1023233623
1023233633
1023233643
1023233653
1023233663
1023233673
1023233683
1023233694
1023233704
1023233714
1023233724
1023233734
1023233744
1023233754
1023233764
1023233774
1023233784
1023233794
1023233804
1023233815
1023233825
1023233835
1023233845
1023233855
1023233865
1023233875
1023233885
1023233895
1023233905
1023233915
1023233925
1023233936
1023233946
1023233956
1023233966
1023233976
1023233986
1023233996
1023234006
1023234016
1023234026
1023234036
1023234046
1023234056
1023234067
1023234077
1023234087
1023234097
1023234107
1023234117
1023234127
1023234137
1023234147
1023234157
1023234167
1023234177
1023234188
1023234198
1023234208
1023234218
1023234228
1023234238
1023234248
1023234258
1023234268
1023234278
1023234288
1023234298
1023234309
1023234319
1023234329
1023234339
1023234349
1023234359
1023234369
1023234379
1023234389
1023234399
1023234409
1023234419
1023234430
1023234440
1023234450
1023234460
1023234470
1023234480
1023234490
1023234500
1023234510
1023234520
1023234530
1023234540
1023234551
1023234561
1023234571
1023234581
1023234591
1023234601
1023234611
1023234621
1023234631
1023234641
1023234651
1023234662
1023234672
1023234682
1023234692
1023234702
1023234712
1023234722
1023234732
1023234742
1023234752
1023234762
1023234772
1023234783
1023234793
1023234803
1023234813
1023234823
1023234833
1023234843
1023234853
1023234863
1023234873
1023234883
1023234893
1023234904
1023234914
1023234924
1023234934
1023234944
1023234954
1023234964
1023234974
1023234984
1023234994
1023235004
1023235014
1023235025
1023235035
1023235045
1023235055
1023235065
1023235075
1023235085
1023235095
1023235105
1023235115
1023235125
1023235135
1023235146
1023235156
1023235166
1023235176
1023235186
1023235196
1023235206
1023235216
1023235226
1023235236
1023235246
1023235256
1023235267
1023235277
1023235287
1023235297
1023235307
1023235317
1023235327
1023235337
1023235347
1023235357
1023235367
1023235378
1023235388
1023235398
1023235408
1023235418
1023235428
1023235438
1023235448
1023235458
1023235468
1023235478
1023235488
1023235499
1023235509
1023235519
1023235529
1023235539
1023235549
1023235559
1023235569
1023235579
1023235589
1023235599
1023235609
1023235620
1023235630
1023235640
1023235650
1023235660
1023235670
1023235680
1023235690
1023235700
1023235710
1023235720
1023235730
1023235741
1023235751
1023235761
1023235771
1023235781
1023235791
1023235801
1023235811
1023235821
1023235831
1023235841
1023235851
1023235862
1023235872
1023235882
1023235892
1023235902
1023235912
1023235922
1023235932
1023235942
1023235952
1023235962
1023235972
1023235983
1023235993
1023236003
1023236013
1023236023
1023236033
1023236043
1023236053
1023236063
1023236073
1023236083
1023236094
1023236104
1023236114
1023236124
1023236134
1023236144
1023236154
1023236164
1023236174
1023236184
1023236194
1023236204
1023236215
1023236225
1023236235
1023236245
1023236255
1023236265
1023236275
1023236285
1023236295
1023236305
1023236315
1023236325
1023236336
1023236346
1023236356
1023236366
1023236376
1023236386
1023236396
1023236406
1023236416
1023236426
1023236436
1023236446
1023236457
1023236467
1023236477
1023236487
1023236497
1023236507
1023236517
1023236527
1023236537
1023236547
1023236557
1023236568
1023236578
1023236588
1023236598
1023236608
1023236618
1023236628
1023236638
1023236648
1023236658
1023236668
1023236678
1023236689
1023236699
1023236709
1023236719
1023236729
1023236739
1023236749
1023236759
1023236769
1023236779
1023236789
1023236799
1023236810
1023236820
1023236830
1023236840
1023236850
1023236860
1023236870
1023236880
1023236890
1023236900
1023236910
1023236920
1023236931
1023236941
1023236951
1023236961
1023236971
1023236981
1023236991
1023237001
1023237011
1023237021
1023237031
1023237041
1023237052
1023237062
1023237072
1023237082
1023237092
1023237102
1023237112
1023237122
1023237132
1023237142
1023237152
1023237162
1023237173
1023237183
1023237193
1023237203
1023237213
1023237223
1023237233
1023237243
1023237253
1023237263
1023237273
1023237284
1023237294
1023237304
1023237314
1023237324
1023237334
1023237344
1023237354
1023237364
1023237374
1023237384
1023237394
1023237405
1023237415
1023237425
1023237435
1023237445
1023237455
1023237465
1023237475
1023237485
1023237495
1023237505
1023237515
1023237526
1023237536
1023237546
1023237556
1023237566
1023237576
1023237586
1023237596
1023237606
1023237616
1023237626
1023237636
1023237647
1023237657
1023237667
1023237677
1023237687
1023237697
1023237707
1023237717
1023237727
1023237737
1023237747
1023237757
1023237768
1023237778
1023237788
1023237798
1023237808
1023237818
1023237828
1023237838
1023237848
1023237858
1023237868
1023237878
1023237889
1023237899
1023237909
1023237919
1023237929
1023237939
1023237949
1023237959
1023237969
1023237979
1023237989
1023237999
1023238010
1023238020
1023238030
1023238040
1023238050
1023238060
1023238070
1023238080
1023238090
1023238100
1023238110
1023238121
1023238131
1023238141
1023238151
1023238161
1023238171
1023238181
1023238191
1023238201
1023238211
1023238221
1023238231
1023238242
1023238252
1023238262
1023238272
1023238282
1023238292
1023238302
1023238312
1023238322
1023238332
1023238342
1023238352
1023238363
1023238373
1023238383
1023238393
1023238403
1023238413
1023238423
1023238433
1023238443
1023238453
1023238463
1023238473
1023238484
1023238494
1023238504
1023238514
1023238524
1023238534
1023238544
1023238554
1023238564
1023238574
1023238584
1023238594
1023238605
1023238615
1023238625
1023238635
1023238645
1023238655
1023238665
1023238675
1023238685
1023238695
1023238705
1023238715
1023238726
1023238736
1023238746
1023238756
1023238766
1023238776
1023238786
1023238796
1023238806
1023238816
1023238826
1023238836
1023238847
1023238857
1023238867
1023238877
1023238887
1023238897
1023238907
1023238917
1023238927
1023238937
1023238947
1023238957
1023238967
1023238978
1023238988
1023238998
1023239008
1023239018
1023239028
1023239038
1023239048
1023239058
1023239068
1023239078
1023239088
1023239099
1023239109
1023239119
1023239129
1023239139
1023239149
1023239159
1023239169
1023239179
1023239189
1023239199
1023239209
1023239220
1023239230
1023239240
1023239250
1023239260
1023239270
1023239280
1023239290
1023239300
1023239310
1023239320
1023239330
1023239341
1023239351
1023239361
1023239371
1023239381
1023239391
1023239401
1023239411
1023239421
1023239431
1023239441
1023239451
1023239462
1023239472
1023239482
1023239492
1023239502
1023239512
1023239522
1023239532
1023239542
1023239552
1023239562
1023239572
1023239583
1023239593
1023239603
1023239613
1023239623
1023239633
1023239643
1023239653
1023239663
1023239673
1023239683
1023239693
1023239704
1023239714
1023239724
1023239734
1023239744
1023239754
1023239764
1023239774
1023239784
1023239794
1023239804
1023239814
1023239825
1023239835
1023239845
1023239855
1023239865
1023239875
1023239885
1023239895
1023239905
1023239915
1023239925
1023239935
1023239946
1023239956
1023239966
1023239976
1023239986
1023239996
1023240006
1023240016
1023240026
1023240036
1023240046
1023240056
1023240067
1023240077
1023240087
1023240097
1023240107
1023240117
1023240127
1023240137
1023240147
1023240157
1023240167
1023240177
1023240188
1023240198
1023240208
1023240218
1023240228
1023240238
1023240248
1023240258
1023240268
1023240278
1023240288
1023240298
1023240309
1023240319
1023240329
1023240339
1023240349
1023240359
1023240369
1023240379
1023240389
1023240399
1023240409
1023240419
1023240430
1023240440
1023240450
1023240460
1023240470
1023240480
1023240490
1023240500
1023240510
1023240520
1023240530
1023240540
1023240551
1023240561
1023240571
1023240581
1023240591
1023240601
1023240611
1023240621
1023240631
1023240641
1023240651
1023240662
1023240672
1023240682
1023240692
1023240702
1023240712
1023240722
1023240732
1023240742
1023240752
1023240762
1023240772
1023240783
1023240793
1023240803
1023240813
1023240823
1023240833
1023240843
1023240853
1023240863
1023240873
1023240883
1023240893
1023240904
1023240914
1023240924
1023240934
1023240944
1023240954
1023240964
1023240974
1023240984
1023240994
1023241004
1023241014
1023241025
1023241035
1023241045
1023241055
1023241065
1023241075
1023241085
1023241095
1023241105
1023241115
1023241125
1023241135
1023241146
1023241156
1023241166
1023241176
1023241186
1023241196
1023241206
1023241216
1023241226
1023241236
1023241246
1023241256
1023241267
1023241277
1023241287
1023241297
1023241307
1023241317
1023241327
1023241337
1023241347
1023241357
1023241367
1023241377
1023241388
1023241398
1023241408
1023241418
1023241428
1023241438
1023241448
1023241458
1023241468
1023241478
1023241488
1023241498
1023241509
1023241519
1023241529
1023241539
1023241549
1023241559
1023241569
1023241579
1023241589
1023241599
1023241609
1023241619
1023241630
1023241640
1023241650
1023241660
1023241670
1023241680
1023241690
1023241700
1023241710
1023241720
1023241730
1023241740
1023241751
1023241761
1023241771
1023241781
1023241791
1023241801
1023241811
1023241821
1023241831
1023241841
1023241851
1023241861
1023241872
1023241882
1023241892
1023241902
1023241912
1023241922
1023241932
1023241942
1023241952
1023241962
1023241972
1023241983
1023241993
1023242003
1023242013
1023242023
1023242033
1023242043
1023242053
1023242063
1023242073
1023242083
1023242093
1023242104
1023242114
1023242124
1023242134
1023242144
1023242154
1023242164
1023242174
1023242184
1023242194
1023242204
1023242214
1023242225
1023242235
1023242245
1023242255
1023242265
1023242275
1023242285
1023242295
1023242305
1023242315
1023242325
1023242335
1023242346
1023242356
1023242366
1023242376
1023242386
1023242396
1023242406
1023242416
1023242426
1023242436
1023242446
1023242457
1023242467
1023242477
1023242487
1023242497
1023242507
1023242517
1023242527
1023242537
1023242547
1023242557
1023242567
1023242578
1023242588
1023242598
1023242608
1023242618
1023242628
1023242638
1023242648
1023242658
1023242668
1023242678
1023242688
1023242699
1023242709
1023242719
1023242729
1023242739
1023242749
1023242759
1023242769
1023242779
1023242789
1023242799
1023242809
1023242820
1023242830
1023242840
1023242850
1023242860
1023242870
1023242880
1023242890
1023242900
1023242910
1023242920
1023242931
1023242941
1023242951
1023242961
1023242971
1023242981
1023242991
1023243001
1023243011
1023243021
1023243031
1023243041
1023243052
1023243062
1023243072
1023243082
1023243092
1023243102
1023243112
1023243122
1023243132
1023243142
1023243152
1023243162
1023243173
1023243183
1023243193
1023243203
1023243213
1023243223
1023243233
1023243243
1023243253
1023243263
1023243273
1023243284
1023243294
1023243304
1023243314
1023243324
1023243334
1023243344
1023243354
1023243364
1023243374
1023243384
1023243394
1023243405
1023243415
1023243425
1023243435
1023243445
1023243455
1023243465
1023243475
1023243485
1023243495
1023243505
1023243516
1023243526
1023243536
1023243546
1023243556
1023243566
1023243576
1023243586
1023243596
1023243606
1023243616
1023243626
1023243637
1023243647
1023243657
1023243667
1023243677
1023243687
1023243697
1023243707
1023243717
1023243727
1023243737
1023243747
1023243758
1023243768
1023243778
1023243788
1023243798
1023243808
1023243818
1023243828
1023243838
1023243848
1023243858
1023243869
1023243879
1023243889
1023243899
1023243909
1023243919
1023243929
1023243939
1023243949
1023243959
1023243969
1023243979
1023243990
1023244000
1023244010
1023244020
1023244030
1023244040
1023244050
1023244060
1023244070
1023244080
1023244090
1023244100
1023244111
1023244121
1023244131
1023244141
1023244151
1023244161
1023244171
1023244181
1023244191
1023244201
1023244211
1023244221
1023244232
1023244242
1023244252
1023244262
1023244272
1023244282
1023244292
1023244302
1023244312
1023244322
1023244332
1023244342
1023244353
1023244363
1023244373
1023244383
1023244393
1023244403
1023244413
1023244423
1023244433
1023244443
1023244453
1023244464
1023244474
1023244484
1023244494
1023244504
1023244514
1023244524
1023244534
1023244544
1023244554
1023244564
1023244574
1023244585
1023244595
1023244605
1023244615
1023244625
1023244635
1023244645
1023244655
1023244665
1023244675
1023244685
1023244695
1023244706
1023244716
1023244726
1023244736
1023244746
1023244756
1023244766
1023244776
1023244786
1023244796
1023244806
1023244816
1023244827
1023244837
1023244847
1023244857
1023244867
1023244877
1023244887
1023244897
1023244907
1023244917
1023244927
1023244937
1023244948
1023244958
1023244968
1023244978
1023244988
1023244998
1023245008
1023245018
1023245028
1023245038
1023245048
1023245058
1023245069
1023245079
1023245089
1023245099
1023245109
1023245119
1023245129
1023245139
1023245149
1023245159
1023245169
1023245180
1023245190
1023245200
1023245210
1023245220
1023245230
1023245240
1023245250
1023245260
1023245270
1023245280
1023245290
1023245301
1023245311
1023245321
1023245331
1023245341
1023245351
1023245361
1023245371
1023245381
1023245391
1023245401
1023245411
1023245421
1023245432
1023245442
1023245452
1023245462
1023245472
1023245482
1023245492
1023245502
1023245512
1023245522
1023245532
1023245542
1023245553
1023245563
1023245573
1023245583
1023245593
1023245603
1023245613
1023245623
1023245633
1023245643
1023245653
1023245663
1023245674
1023245684
1023245694
1023245704
1023245714
1023245724
1023245734
1023245744
1023245754
1023245764
1023245774
1023245784
1023245795
1023245805
1023245815
1023245825
1023245835
1023245845
1023245855
1023245865
1023245875
1023245885
1023245895
1023245905
1023245916
1023245926
1023245936
1023245946
1023245956
1023245966
1023245976
1023245986
1023245996
1023246006
1023246016
1023246026
1023246037
1023246047
1023246057
1023246067
1023246077
1023246087
1023246097
1023246107
1023246117
1023246127
1023246137
1023246147
1023246158
1023246168
1023246178
1023246188
1023246198
1023246208
1023246218
1023246228
1023246238
1023246248
1023246258
1023246268
1023246279
1023246289
1023246299
1023246309
1023246319
1023246329
1023246339
1023246349
1023246359
1023246369
1023246379
1023246389
1023246400
1023246410
1023246420
1023246430
1023246440
1023246450
1023246460
1023246470
1023246480
1023246490
1023246500
1023246510
1023246521
1023246531
1023246541
1023246551
1023246561
1023246571
1023246581
1023246591
1023246601
1023246611
1023246621
1023246631
1023246642
1023246652
1023246662
1023246672
1023246682
1023246692
1023246702
1023246712
1023246722
1023246732
1023246742
1023246752
1023246763
1023246773
1023246783
1023246793
1023246803
1023246813
1023246823
1023246833
1023246843
1023246853
1023246863
1023246873
1023246884
1023246894
1023246904
1023246914
1023246924
1023246934
1023246944
1023246954
1023246964
1023246974
1023246984
1023246994
1023247005
1023247015
1023247025
1023247035
1023247045
1023247055
1023247065
1023247075
1023247085
1023247095
1023247105
1023247115
1023247126
1023247136
1023247146
1023247156
1023247166
1023247176
1023247186
1023247196
1023247206
1023247216
1023247226
1023247236
1023247247
1023247257
1023247267
1023247277
1023247287
1023247297
1023247307
1023247317
1023247327
1023247337
1023247347
1023247357
1023247368
1023247378
1023247388
1023247398
1023247408
1023247418
1023247428
1023247438
1023247448
1023247458
1023247468
1023247478
1023247489
1023247499
1023247509
1023247519
1023247529
1023247539
1023247549
1023247559
1023247569
1023247579
1023247589
1023247599
1023247610
1023247620
1023247630
1023247640
1023247650
1023247660
1023247670
1023247680
1023247690
1023247700
1023247710
1023247720
1023247731
1023247741
1023247751
1023247761
1023247771
1023247781
1023247791
1023247801
1023247811
1023247821
1023247831
1023247841
1023247852
1023247862
1023247872
1023247882
1023247892
1023247902
1023247912
1023247922
1023247932
1023247942
1023247952
1023247962
1023247973
1023247983
1023247993
1023248003
1023248013
1023248023
1023248033
1023248043
1023248053
1023248063
1023248073
1023248083
1023248093
1023248104
1023248114
1023248124
1023248134
1023248144
1023248154
1023248164
1023248174
1023248184
1023248194
1023248204
1023248214
1023248225
1023248235
1023248245
1023248255
1023248265
1023248275
1023248285
1023248295
1023248305
1023248315
1023248325
1023248335
1023248346
1023248356
1023248366
1023248376
1023248386
1023248396
1023248406
1023248416
1023248426
1023248436
1023248446
1023248456
1023248467
1023248477
1023248487
1023248497
1023248507
1023248517
1023248527
1023248537
1023248547
1023248557
1023248567
1023248577
1023248588
1023248598
1023248608
1023248618
1023248628
1023248638
1023248648
1023248658
1023248668
1023248678
1023248688
1023248698
1023248709
1023248719
1023248729
1023248739
1023248749
1023248759
1023248769
1023248779
1023248789
1023248799
1023248809
1023248819
1023248830
1023248840
1023248850
1023248860
1023248870
1023248880
1023248890
1023248900
1023248910
1023248920
1023248930
1023248940
1023248951
1023248961
1023248971
1023248981
1023248991
1023249001
1023249011
1023249021
1023249031
1023249041
1023249051
1023249061
1023249072
1023249082
1023249092
1023249102
1023249112
1023249122
1023249132
1023249142
1023249152
1023249162
1023249172
1023249182
1023249193
1023249203
1023249213
1023249223
1023249233
1023249243
1023249253
1023249263
1023249273
1023249283
1023249293
1023249303
1023249314
1023249324
1023249334
1023249344
1023249354
1023249364
1023249374
1023249384
1023249394
1023249404
1023249414
1023249424
1023249435
1023249445
1023249455
1023249465
1023249475
1023249485
1023249495
1023249505
1023249515
1023249525
1023249535
1023249545
1023249556
1023249566
1023249576
1023249586
1023249596
1023249606
1023249616
1023249626
1023249636
1023249646
1023249656
1023249666
1023249677
1023249687
1023249697
1023249707
1023249717
1023249727
1023249737
1023249747
1023249757
1023249767
1023249777
1023249787
1023249798
1023249808
1023249818
1023249828
1023249838
1023249848
1023249858
1023249868
1023249878
1023249888
1023249898
1023249908
1023249919
1023249929
1023249939
1023249949
1023249959
1023249969
1023249979
1023249989
1023249999
1023250009
1023250019
1023250029
1023250040
1023250050
1023250060
1023250070
1023250080
1023250090
1023250100
1023250110
1023250120
1023250130
1023250140
1023250150
1023250161
1023250171
1023250181
1023250191
1023250201
1023250211
1023250221
1023250231
1023250241
1023250251
1023250261
1023250271
1023250282
1023250292
1023250302
1023250312
1023250322
1023250332
1023250342
1023250352
1023250362
1023250372
1023250382
1023250392
1023250403
1023250413
1023250423
1023250433
1023250443
1023250453
1023250463
1023250473
1023250483
1023250493
1023250503
1023250513
1023250524
1023250534
1023250544
1023250554
1023250564
1023250574
1023250584
1023250594
1023250604
1023250614
1023250624
1023250634
1023250645
1023250655
1023250665
1023250675
1023250685
1023250695
1023250705
1023250715
1023250725
1023250735
1023250745
1023250755
1023250766
1023250776
1023250786
1023250796
1023250806
1023250816
1023250826
1023250836
1023250846
1023250856
1023250866
1023250876
1023250887
1023250897
1023250907
1023250917
1023250927
1023250937
1023250947
1023250957
1023250967
1023250977
1023250987
1023250997
1023251008
1023251018
1023251028
1023251038
1023251048
1023251058
1023251068
1023251078
1023251088
1023251098
1023251108
1023251118
1023251129
1023251139
1023251149
1023251159
1023251169
1023251179
1023251189
1023251199
1023251209
1023251219
1023251229
1023251239
1023251250
1023251260
1023251270
1023251280
1023251290
1023251300
1023251310
1023251320
1023251330
1023251340
1023251350
1023251360
1023251371
1023251381
1023251391
1023251401
1023251411
1023251421
1023251431
1023251441
1023251451
1023251461
1023251471
1023251481
1023251492
1023251502
1023251512
1023251522
1023251532
1023251542
1023251552
1023251562
1023251572
1023251582
1023251592
1023251602
1023251613
1023251623
1023251633
1023251643
1023251653
1023251663
1023251673
1023251683
1023251693
1023251703
1023251713
1023251723
1023251733
1023251744
1023251754
1023251764
1023251774
1023251784
1023251794
1023251804
1023251814
1023251824
1023251834
1023251844
1023251854
1023251865
1023251875
1023251885
1023251895
1023251905
1023251915
1023251925
1023251935
1023251945
1023251955
1023251965
1023251975
1023251986
1023251996
1023252006
1023252016
1023252026
1023252036
1023252046
1023252056
1023252066
1023252076
1023252086
1023252096
1023252107
1023252117
1023252127
1023252137
1023252147
1023252157
1023252167
1023252177
1023252187
1023252197
1023252207
1023252217
1023252228
1023252238
1023252248
1023252258
1023252268
1023252278
1023252288
1023252298
1023252308
1023252318
1023252328
1023252338
1023252349
1023252359
1023252369
1023252379
1023252389
1023252399
1023252409
1023252419
1023252429
1023252439
1023252449
1023252459
1023252470
1023252480
1023252490
1023252500
1023252510
1023252520
1023252530
1023252540
1023252550
1023252560
1023252570
1023252580
1023252591
1023252601
1023252611
1023252621
1023252631
1023252641
1023252651
1023252661
1023252671
1023252681
1023252691
1023252701
1023252712
1023252722
1023252732
1023252742
1023252752
1023252762
1023252772
1023252782
1023252792
1023252802
1023252812
1023252822
1023252833
1023252843
1023252853
1023252863
1023252873
1023252883
1023252893
1023252903
1023252913
1023252923
1023252933
1023252943
1023252954
1023252964
1023252974
1023252984
1023252994
1023253004
1023253014
1023253024
1023253034
1023253044
1023253054
1023253064
1023253075
1023253085
1023253095
1023253105
1023253115
1023253125
1023253135
1023253145
1023253155
1023253165
1023253175
1023253185
1023253196
1023253206
1023253216
1023253226
1023253236
1023253246
1023253256
1023253266
1023253276
1023253286
1023253296
1023253306
1023253317
1023253327
1023253337
1023253347
1023253357
1023253367
1023253377
1023253387
1023253397
1023253407
1023253417
1023253427
1023253438
1023253448
1023253458
1023253468
1023253478
1023253488
1023253498
1023253508
1023253518
1023253528
1023253538
1023253548
1023253559
1023253569
1023253579
1023253589
1023253599
1023253609
1023253619
1023253629
1023253639
1023253649
1023253659
1023253669
1023253680
1023253690
1023253700
1023253710
1023253720
1023253730
1023253740
1023253750
1023253760
1023253770
1023253780
1023253790
1023253801
1023253811
1023253821
1023253831
1023253841
1023253851
1023253861
1023253871
1023253881
1023253891
1023253901
1023253911
1023253922
1023253932
1023253942
1023253952
1023253962
1023253972
1023253982
1023253992
1023254002
1023254012
1023254022
1023254032
1023254043
1023254053
1023254063
1023254073
1023254083
1023254093
1023254103
1023254113
1023254123
1023254133
1023254143
1023254153
1023254164
1023254174
1023254184
1023254194
1023254204
1023254214
1023254224
1023254234
1023254244
1023254254
1023254264
1023254274
1023254285
1023254295
1023254305
1023254315
1023254325
1023254335
1023254345
1023254355
1023254365
1023254375
1023254385
1023254395
1023254406
1023254416
1023254426
1023254436
1023254446
1023254456
1023254466
1023254476
1023254486
1023254496
1023254506
1023254516
1023254527
1023254537
1023254547
1023254557
1023254567
1023254577
1023254587
1023254597
1023254607
1023254617
1023254627
1023254637
1023254648
1023254658
1023254668
1023254678
1023254688
1023254698
1023254708
1023254718
1023254728
1023254738
1023254748
1023254758
1023254769
1023254779
1023254789
1023254799
1023254809
1023254819
1023254829
1023254839
1023254849
1023254859
1023254869
1023254879
1023254890
1023254900
1023254910
1023254920
1023254930
1023254940
1023254950
1023254960
1023254970
1023254980
1023254990
1023255000
1023255011
1023255021
1023255031
1023255041
1023255051
1023255061
1023255071
1023255081
1023255091
1023255101
1023255111
1023255121
1023255132
1023255142
1023255152
1023255162
1023255172
1023255182
1023255192
1023255202
1023255212
1023255222
1023255232
1023255242
1023255253
1023255263
1023255273
1023255283
1023255293
1023255303
1023255313
1023255323
1023255333
1023255343
1023255353
1023255363
1023255374
1023255384
1023255394
1023255404
1023255414
1023255424
1023255434
1023255444
1023255454
1023255464
1023255474
1023255484
1023255495
1023255505
1023255515
1023255525
1023255535
1023255545
1023255555
1023255565
1023255575
1023255585
1023255595
1023255605
1023255616
1023255626
1023255636
1023255646
1023255656
1023255666
1023255676
1023255686
1023255696
1023255706
1023255716
1023255726
1023255737
1023255747
1023255757
1023255767
1023255777
1023255787
1023255797
1023255807
1023255817
1023255827
1023255837
1023255847
1023255858
1023255868
1023255878
1023255888
1023255898
1023255908
1023255918
1023255928
1023255938
1023255948
1023255958
1023255968
1023255979
1023255989
1023255999
1023256009
1023256019
1023256029
1023256039
1023256049
1023256059
1023256069
1023256079
1023256089
1023256099
1023256110
1023256120
1023256130
1023256140
1023256150
1023256160
1023256170
1023256180
1023256190
1023256200
1023256210
1023256220
1023256231
1023256241
1023256251
1023256261
1023256271
1023256281
1023256291
1023256301
1023256311
1023256321
1023256331
1023256341
1023256352
1023256362
1023256372
1023256382
1023256392
1023256402
1023256412
1023256422
1023256432
1023256442
1023256452
1023256463
1023256473
1023256483
1023256493
1023256503
1023256513
1023256523
1023256533
1023256543
1023256553
1023256563
1023256573
1023256584
1023256594
1023256604
1023256614
1023256624
1023256634
1023256644
1023256654
1023256664
1023256674
1023256684
1023256694
1023256705
1023256715
1023256725
1023256735
1023256745
1023256755
1023256765
1023256775
1023256785
1023256795
1023256805
1023256815
1023256826
1023256836
1023256846
1023256856
1023256866
1023256876
1023256886
1023256896
1023256906
1023256916
1023256926
1023256936
1023256947
1023256957
1023256967
1023256977
1023256987
1023256997
1023257007
1023257017
1023257027
1023257037
1023257047
1023257057
1023257068
1023257078
1023257088
1023257098
1023257108
1023257118
1023257128
1023257138
1023257148
1023257158
1023257168
1023257178
1023257189
1023257199
1023257209
1023257219
1023257229
1023257239
1023257249
1023257259
1023257269
1023257279
1023257289
1023257299
1023257310
1023257320
1023257330
1023257340
1023257350
1023257360
1023257370
1023257380
1023257390
1023257400
1023257410
1023257421
1023257431
1023257441
1023257451
1023257461
1023257471
1023257481
1023257491
1023257501
1023257511
1023257521
1023257531
1023257542
1023257552
1023257562
1023257572
1023257582
1023257592
1023257602
1023257612
1023257622
1023257632
1023257642
1023257652
1023257663
1023257673
1023257683
1023257693
1023257703
1023257713
1023257723
1023257733
1023257743
1023257753
1023257763
1023257773
1023257784
1023257794
1023257804
1023257814
1023257824
1023257834
1023257844
1023257854
1023257864
1023257874
1023257884
1023257894
1023257905
1023257915
1023257925
1023257935
1023257945
1023257955
1023257965
1023257975
1023257985
1023257995
1023258005
1023258015
1023258026
1023258036
1023258046
1023258056
1023258066
1023258076
1023258086
1023258096
1023258106
1023258116
1023258126
1023258136
1023258147
1023258157
1023258167
1023258177
1023258187
1023258197
1023258207
1023258217
1023258227
1023258237
1023258247
1023258257
1023258268
1023258278
1023258288
1023258298
1023258308
1023258318
1023258328
1023258338
1023258348
1023258358
1023258368
1023258378
1023258388
1023258399
1023258409
1023258419
1023258429
1023258439
1023258449
1023258459
1023258469
1023258479
1023258489
1023258499
1023258509
1023258520
1023258530
1023258540
1023258550
1023258560
1023258570
1023258580
1023258590
1023258600
1023258610
1023258620
1023258630
1023258641
1023258651
1023258661
1023258671
1023258681
1023258691
1023258701
1023258711
1023258721
1023258731
1023258741
1023258752
1023258762
1023258772
1023258782
1023258792
1023258802
1023258812
1023258822
1023258832
1023258842
1023258852
1023258862
1023258873
1023258883
1023258893
1023258903
1023258913
1023258923
1023258933
1023258943
1023258953
1023258963
1023258973
1023258983
1023258994
1023259004
1023259014
1023259024
1023259034
1023259044
1023259054
1023259064
1023259074
1023259084
1023259094
1023259104
1023259115
1023259125
1023259135
1023259145
1023259155
1023259165
1023259175
1023259185
1023259195
1023259205
1023259215
1023259225
1023259236
1023259246
1023259256
1023259266
1023259276
1023259286
1023259296
1023259306
1023259316
1023259326
1023259336
1023259347
1023259357
1023259367
1023259377
1023259387
1023259397
1023259407
1023259417
1023259427
1023259437
1023259447
1023259457
1023259468
1023259478
1023259488
1023259498
1023259508
1023259518
1023259528
1023259538
1023259548
1023259558
1023259568
1023259578
1023259589
1023259599
1023259609
1023259619
1023259629
1023259639
1023259649
1023259659
1023259669
1023259679
1023259689
1023259699
1023259710
1023259720
1023259730
1023259740
1023259750
1023259760
1023259770
1023259780
1023259790
1023259800
1023259810
1023259820
1023259831
1023259841
1023259851
1023259861
1023259871
1023259881
1023259891
1023259901
1023259911
1023259921
1023259931
1023259941
1023259952
1023259962
1023259972
1023259982
1023259992
1023260002
1023260012
1023260022
1023260032
1023260042
1023260052
1023260062
1023260073
1023260083
1023260093
1023260103
1023260113
1023260123
1023260133
1023260143
1023260153
1023260163
1023260173
1023260183
1023260194
1023260204
1023260214
1023260224
1023260234
1023260244
1023260254
1023260264
1023260274
1023260284
1023260294
1023260304
1023260315
1023260325
1023260335
1023260345
1023260355
1023260365
1023260375
1023260385
1023260395
1023260405
1023260415
1023260425
1023260436
1023260446
1023260456
1023260466
1023260476
1023260486
1023260496
1023260506
1023260516
1023260526
1023260536
1023260547
1023260557
1023260567
1023260577
1023260587
1023260597
1023260607
1023260617
1023260627
1023260637
1023260647
1023260657
1023260668
1023260678
1023260688
1023260698
1023260708
1023260718
1023260728
1023260738
1023260748
1023260758
1023260768
1023260778
1023260789
1023260799
1023260809
1023260819
1023260829
1023260839
1023260849
1023260859
1023260869
1023260879
1023260889
1023260899
1023260910
1023260920
1023260930
1023260940
1023260950
1023260960
1023260970
1023260980
1023260990
1023261000
1023261010
1023261020
1023261031
1023261041
1023261051
1023261061
1023261071
1023261081
1023261091
1023261101
1023261111
1023261121
1023261131
1023261141
1023261152
1023261162
1023261172
1023261182
1023261192
1023261202
1023261212
1023261222
1023261232
1023261242
1023261252
1023261262
1023261272
1023261283
1023261293
1023261303
1023261313
1023261323
1023261333
1023261343
1023261353
1023261363
1023261373
1023261383
1023261393
1023261404
1023261414
1023261424
1023261434
1023261444
1023261454
1023261464
1023261474
1023261484
1023261494
1023261504
1023261514
1023261525
1023261535
1023261545
1023261555
1023261565
1023261575
1023261585
1023261595
1023261605
1023261615
1023261625
1023261635
1023261646
1023261656
1023261666
1023261676
1023261686
1023261696
1023261706
1023261716
1023261726
1023261736
1023261746
1023261756
1023261767
1023261777
1023261787
1023261797
1023261807
1023261817
1023261827
1023261837
1023261847
1023261857
1023261867
1023261877
1023261888
1023261898
1023261908
1023261918
1023261928
1023261938
1023261948
1023261958
1023261968
