Timestamp
313201433
313201443
313201453
313201463
313201474
313201484
313201494
313201504
313201514
313201524
313201534
313201544
313201554
313201564
313201574
313201584
313201595
313201605
313201615
313201625
313201635
313201645
313201655
313201665
313201675
313201685
313201695
313201706
313201716
313201726
313201736
313201746
313201756
313201766
313201776
313201786
313201796
313201806
313201816
313201827
313201837
313201847
313201857
313201867
313201877
313201887
313201897
313201907
313201917
313201927
313201937
313201948
313201958
313201968
313201978
313201988
313201998
313202008
313202018
313202028
313202038
313202048
313202058
313202069
313202079
313202089
313202099
313202109
313202119
313202129
313202139
313202149
313202159
313202169
313202179
313202190
313202200
313202210
313202220
313202230
313202240
313202250
313202260
313202270
313202280
313202290
313202300
313202311
313202321
313202331
313202341
313202351
313202361
313202371
313202381
313202391
313202401
313202411
313202422
313202432
313202442
313202452
313202462
313202472
313202482
313202492
313202502
313202512
313202522
313202532
313202543
313202553
313202563
313202573
313202583
313202593
313202603
313202613
313202623
313202633
313202643
313202653
313202664
313202674
313202684
313202694
313202704
313202714
313202724
313202734
313202744
313202754
313202764
313202774
313202785
313202795
313202805
313202815
313202825
313202835
313202845
313202855
313202865
313202875
313202885
313202895
313202906
313202916
313202926
313202936
313202946
313202956
313202966
313202976
313202986
313202996
313203006
313203016
313203027
313203037
313203047
313203057
313203067
313203077
313203087
313203097
313203107
313203117
313203127
313203137
313203148
313203158
313203168
313203178
313203188
313203198
313203208
313203218
313203228
313203238
313203248
313203258
313203269
313203279
313203289
313203299
313203309
313203319
313203329
313203339
313203349
313203359
313203369
313203379
313203390
313203400
313203410
313203420
313203430
313203440
313203450
313203460
313203470
313203480
313203490
313203500
313203511
313203521
313203531
313203541
313203551
313203561
313203571
313203581
313203591
313203601
313203611
313203621
313203632
313203642
313203652
313203662
313203672
313203682
313203692
313203702
313203712
313203722
313203732
313203742
313203753
313203763
313203773
313203783
313203793
313203803
313203813
313203823
313203833
313203843
313203853
313203863
313203874
313203884
313203894
313203904
313203914
313203924
313203934
313203944
313203954
313203964
313203974
313203984
313203995
313204005
313204015
313204025
313204035
313204045
313204055
313204065
313204075
313204085
313204095
313204105
313204116
313204126
313204136
313204146
313204156
313204166
313204176
313204186
313204196
313204206
313204216
313204226
313204237
313204247
313204257
313204267
313204277
313204287
313204297
313204307
313204317
313204327
313204337
313204347
313204358
313204368
313204378
313204388
313204398
313204408
313204418
313204428
313204438
313204448
313204458
313204468
313204479
313204489
313204499
313204509
313204519
313204529
313204539
313204549
313204559
313204569
313204579
313204589
313204600
313204610
313204620
313204630
313204640
313204650
313204660
313204670
313204680
313204690
313204700
313204710
313204721
313204731
313204741
313204751
313204761
313204771
313204781
313204791
313204801
313204811
313204821
313204831
313204842
313204852
313204862
313204872
313204882
313204892
313204902
313204912
313204922
313204932
313204942
313204953
313204963
313204973
313204983
313204993
313205003
313205013
313205023
313205033
313205043
313205053
313205063
313205074
313205084
313205094
313205104
313205114
313205124
313205134
313205144
313205154
313205164
313205174
313205184
313205195
313205205
313205215
313205225
313205235
313205245
313205255
313205265
313205275
313205285
313205295
313205305
313205316
313205326
313205336
313205346
313205356
313205366
313205376
313205386
313205396
313205406
313205416
313205426
313205437
313205447
313205457
313205467
313205477
313205487
313205497
313205507
313205517
313205527
313205537
313205547
313205558
313205568
313205578
313205588
313205598
313205608
313205618
313205628
313205638
313205648
313205658
313205668
313205679
313205689
313205699
313205709
313205719
313205729
313205739
313205749
313205759
313205769
313205779
313205789
313205800
313205810
313205820
313205830
313205840
313205850
313205860
313205870
313205880
313205890
313205900
313205910
313205921
313205931
313205941
313205951
313205961
313205971
313205981
313205991
313206001
313206011
313206021
313206031
313206042
313206052
313206062
313206072
313206082
313206092
313206102
313206112
313206122
313206132
313206142
313206152
313206163
313206173
313206183
313206193
313206203
313206213
313206223
313206233
313206243
313206253
313206263
313206273
313206284
313206294
313206304
313206314
313206324
313206334
313206344
313206354
313206364
313206374
313206384
313206394
313206405
313206415
313206425
313206435
313206445
313206455
313206465
313206475
313206485
313206495
313206505
313206515
313206526
313206536
313206546
313206556
313206566
313206576
313206586
313206596
313206606
313206616
313206626
313206636
313206647
313206657
313206667
313206677
313206687
313206697
313206707
313206717
313206727
313206737
313206747
313206757
313206768
313206778
313206788
313206798
313206808
313206818
313206828
313206838
313206848
313206858
313206868
313206878
313206889
313206899
313206909
313206919
313206929
313206939
313206949
313206959
313206969
313206979
313206989
313207000
313207010
313207020
313207030
313207040
313207050
313207060
313207070
313207080
313207090
313207100
313207110
313207121
313207131
313207141
313207151
313207161
313207171
313207181
313207191
313207201
313207211
313207221
313207231
313207242
313207252
313207262
313207272
313207282
313207292
313207302
313207312
313207322
313207332
313207342
313207352
313207363
313207373
313207383
313207393
313207403
313207413
313207423
313207433
313207443
313207453
313207463
313207474
313207484
313207494
313207504
313207514
313207524
313207534
313207544
313207554
313207564
313207574
313207584
313207595
313207605
313207615
313207625
313207635
313207645
313207655
313207665
313207675
313207685
313207695
313207705
313207716
313207726
313207736
313207746
313207756
313207766
313207776
313207786
313207796
313207806
313207816
313207826
313207837
313207847
313207857
313207867
313207877
313207887
313207897
313207907
313207917
313207927
313207937
313207947
313207958
313207968
313207978
313207988
313207998
313208008
313208018
313208028
313208038
313208048
313208058
313208069
313208079
313208089
313208099
313208109
313208119
313208129
313208139
313208149
313208159
313208169
313208179
313208190
313208200
313208210
313208220
313208230
313208240
313208250
313208260
313208270
313208280
313208290
313208300
313208311
313208321
313208331
313208341
313208351
313208361
313208371
313208381
313208391
313208401
313208411
313208421
313208432
313208442
313208452
313208462
313208472
313208482
313208492
313208502
313208512
313208522
313208532
313208542
313208553
313208563
313208573
313208583
313208593
313208603
313208613
313208623
313208633
313208643
313208653
313208664
313208674
313208684
313208694
313208704
313208714
313208724
313208734
313208744
313208754
313208764
313208774
313208785
313208795
313208805
313208815
313208825
313208835
313208845
313208855
313208865
313208875
313208885
313208895
313208906
313208916
313208926
313208936
313208946
313208956
313208966
313208976
313208986
313208996
313209006
313209016
313209027
313209037
313209047
313209057
313209067
313209077
313209087
313209097
313209107
313209117
313209127
313209137
313209148
313209158
313209168
313209178
313209188
313209198
313209208
313209218
313209228
313209238
313209248
313209258
313209269
313209279
313209289
313209299
313209309
313209319
313209329
313209339
313209349
313209359
313209369
313209379
313209390
313209400
313209410
313209420
313209430
313209440
313209450
313209460
313209470
313209480
313209490
313209500
313209511
313209521
313209531
313209541
313209551
313209561
313209571
313209581
313209591
313209601
313209611
313209622
313209632
313209642
313209652
313209662
313209672
313209682
313209692
313209702
313209712
313209722
313209732
313209743
313209753
313209763
313209773
313209783
313209793
313209803
313209813
313209823
313209833
313209843
313209853
313209864
313209874
313209884
313209894
313209904
313209914
313209924
313209934
313209944
313209954
313209964
313209974
313209985
313209995
313210005
313210015
313210025
313210035
313210045
313210055
313210065
313210075
313210085
313210095
313210106
313210116
313210126
313210136
313210146
313210156
313210166
313210176
313210186
313210196
313210206
313210216
313210227
313210237
313210247
313210257
313210267
313210277
313210287
313210297
313210307
313210317
313210327
313210337
313210348
313210358
313210368
313210378
313210388
313210398
313210408
313210418
313210428
313210438
313210448
313210459
313210469
313210479
313210489
313210499
313210509
313210519
313210529
313210539
313210549
313210559
313210569
313210580
313210590
313210600
313210610
313210620
313210630
313210640
313210650
313210660
313210670
313210680
313210690
313210701
313210711
313210721
313210731
313210741
313210751
313210761
313210771
313210781
313210791
313210801
313210811
313210822
313210832
313210842
313210852
313210862
313210872
313210882
313210892
313210902
313210912
313210922
313210932
313210943
313210953
313210963
313210973
313210983
313210993
313211003
313211013
313211023
313211033
313211043
313211054
313211064
313211074
313211084
313211094
313211104
313211114
313211124
313211134
313211144
313211154
313211164
313211175
313211185
313211195
313211205
313211215
313211225
313211235
313211245
313211255
313211265
313211275
313211285
313211296
313211306
313211316
313211326
313211336
313211346
313211356
313211366
313211376
313211386
313211396
313211406
313211417
313211427
313211437
313211447
313211457
313211467
313211477
313211487
313211497
313211507
313211517
313211527
313211538
313211548
313211558
313211568
313211578
313211588
313211598
313211608
313211618
313211628
313211638
313211649
313211659
313211669
313211679
313211689
313211699
313211709
313211719
313211729
313211739
313211749
313211759
313211770
313211780
313211790
313211800
313211810
313211820
313211830
313211840
313211850
313211860
313211870
313211880
313211891
313211901
313211911
313211921
313211931
313211941
313211951
313211961
313211971
313211981
313211991
313212002
313212012
313212022
313212032
313212042
313212052
313212062
313212072
313212082
313212092
313212102
313212112
313212123
313212133
313212143
313212153
313212163
313212173
313212183
313212193
313212203
313212213
313212223
313212233
313212244
313212254
313212264
313212274
313212284
313212294
313212304
313212314
313212324
313212334
313212344
313212354
313212365
313212375
313212385
313212395
313212405
313212415
313212425
313212435
313212445
313212455
313212465
313212475
313212486
313212496
313212506
313212516
313212526
313212536
313212546
313212556
313212566
313212576
313212586
313212596
313212607
313212617
313212627
313212637
313212647
313212657
313212667
313212677
313212687
313212697
313212707
313212718
313212728
313212738
313212748
313212758
313212768
313212778
313212788
313212798
313212808
313212818
313212828
313212839
313212849
313212859
313212869
313212879
313212889
313212899
313212909
313212919
313212929
313212939
313212949
313212960
313212970
313212980
313212990
313213000
313213010
313213020
313213030
313213040
313213050
313213060
313213070
313213081
313213091
313213101
313213111
313213121
313213131
313213141
313213151
313213161
313213171
313213181
313213192
313213202
313213212
313213222
313213232
313213242
313213252
313213262
313213272
313213282
313213292
313213302
313213313
313213323
313213333
313213343
313213353
313213363
313213373
313213383
313213393
313213403
313213413
313213423
313213434
313213444
313213454
313213464
313213474
313213484
313213494
313213504
313213514
313213524
313213534
313213544
313213555
313213565
313213575
313213585
313213595
313213605
313213615
313213625
313213635
313213645
313213655
313213665
313213676
313213686
313213696
313213706
313213716
313213726
313213736
313213746
313213756
313213766
313213776
313213786
313213797
313213807
313213817
313213827
313213837
313213847
313213857
313213867
313213877
313213887
313213897
313213907
313213918
313213928
313213938
313213948
313213958
313213968
313213978
313213988
313213998
313214008
313214018
313214028
313214039
313214049
313214059
313214069
313214079
313214089
313214099
313214109
313214119
313214129
313214139
313214149
313214160
313214170
313214180
313214190
313214200
313214210
313214220
313214230
313214240
313214250
313214260
313214270
313214281
313214291
313214301
313214311
313214321
313214331
313214341
313214351
313214361
313214371
313214381
313214391
313214402
313214412
313214422
313214432
313214442
313214452
313214462
313214472
313214482
313214492
313214502
313214512
313214523
313214533
313214543
313214553
313214563
313214573
313214583
313214593
313214603
313214613
313214623
313214634
313214644
313214654
313214664
313214674
313214684
313214694
313214704
313214714
313214724
313214734
313214744
313214755
313214765
313214775
313214785
313214795
313214805
313214815
313214825
313214835
313214845
313214855
313214865
313214876
313214886
313214896
313214906
313214916
313214926
313214936
313214946
313214956
313214966
313214976
313214986
313214997
313215007
313215017
313215027
313215037
313215047
313215057
313215067
313215077
313215087
313215097
313215107
313215118
313215128
313215138
313215148
313215158
313215168
313215178
313215188
313215198
313215208
313215218
313215228
313215239
313215249
313215259
313215269
313215279
313215289
313215299
313215309
313215319
313215329
313215339
313215349
313215360
313215370
313215380
313215390
313215400
313215410
313215420
313215430
313215440
313215450
313215460
313215471
313215481
313215491
313215501
313215511
313215521
313215531
313215541
313215551
313215561
313215571
313215581
313215592
313215602
313215612
313215622
313215632
313215642
313215652
313215662
313215672
313215682
313215692
313215702
313215713
313215723
313215733
313215743
313215753
313215763
313215773
313215783
313215793
313215803
313215813
313215823
313215834
313215844
313215854
313215864
313215874
313215884
313215894
313215904
313215914
313215924
313215934
313215944
313215955
313215965
313215975
313215985
313215995
313216005
313216015
313216025
313216035
313216045
313216055
313216066
313216076
313216086
313216096
313216106
313216116
313216126
313216136
313216146
313216156
313216166
313216176
313216187
313216197
313216207
313216217
313216227
313216237
313216247
313216257
313216267
313216277
313216287
313216297
313216308
313216318
313216328
313216338
313216348
313216358
313216368
313216378
313216388
313216398
313216408
313216418
313216429
313216439
313216449
313216459
313216469
313216479
313216489
313216499
313216509
313216519
313216529
313216539
313216550
313216560
313216570
313216580
313216590
313216600
313216610
313216620
313216630
313216640
313216650
313216660
313216671
313216681
313216691
313216701
313216711
313216721
313216731
313216741
313216751
313216761
313216771
313216781
313216792
313216802
313216812
313216822
313216832
313216842
313216852
313216862
313216872
313216882
313216892
313216903
313216913
313216923
313216933
313216943
313216953
313216963
313216973
313216983
313216993
313217003
313217013
313217024
313217034
313217044
313217054
313217064
313217074
313217084
313217094
313217104
313217114
313217124
313217134
313217145
313217155
313217165
313217175
313217185
313217195
313217205
313217215
313217225
313217235
313217245
313217255
313217266
313217276
313217286
313217296
313217306
313217316
313217326
313217336
313217346
313217356
313217366
313217377
313217387
313217397
313217407
313217417
313217427
313217437
313217447
313217457
313217467
313217477
313217487
313217498
313217508
313217518
313217528
313217538
313217548
313217558
313217568
313217578
313217588
313217598
313217608
313217619
313217629
313217639
313217649
313217659
313217669
313217679
313217689
313217699
313217709
313217719
313217729
313217740
313217750
313217760
313217770
313217780
313217790
313217800
313217810
313217820
313217830
313217840
313217850
313217861
313217871
313217881
313217891
313217901
313217911
313217921
313217931
313217941
313217951
313217961
313217971
313217982
313217992
313218002
313218012
313218022
313218032
313218042
313218052
313218062
313218072
313218082
313218092
313218103
313218113
313218123
313218133
313218143
313218153
313218163
313218173
313218183
313218193
313218203
313218214
313218224
313218234
313218244
313218254
313218264
313218274
313218284
313218294
313218304
313218314
313218324
313218335
313218345
313218355
313218365
313218375
313218385
313218395
313218405
313218415
313218425
313218435
313218445
313218456
313218466
313218476
313218486
313218496
313218506
313218516
313218526
313218536
313218546
313218556
313218566
313218577
313218587
313218597
313218607
313218617
313218627
313218637
313218647
313218657
313218667
313218677
313218688
313218698
313218708
313218718
313218728
313218738
313218748
313218758
313218768
313218778
313218788
313218798
313218809
313218819
313218829
313218839
313218849
313218859
313218869
313218879
313218889
313218899
313218909
313218919
313218930
313218940
313218950
313218960
313218970
313218980
313218990
313219000
313219010
313219020
313219030
313219040
313219051
313219061
313219071
313219081
313219091
313219101
313219111
313219121
313219131
313219141
313219151
313219162
313219172
313219182
313219192
313219202
313219212
313219222
313219232
313219242
313219252
313219262
313219272
313219283
313219293
313219303
313219313
313219323
313219333
313219343
313219353
313219363
313219373
313219383
313219393
313219404
313219414
313219424
313219434
313219444
313219454
313219464
313219474
313219484
313219494
313219504
313219515
313219525
313219535
313219545
313219555
313219565
313219575
313219585
313219595
313219605
313219615
313219625
313219636
313219646
313219656
313219666
313219676
313219686
313219696
313219706
313219716
313219726
313219736
313219746
313219757
313219767
313219777
313219787
313219797
313219807
313219817
313219827
313219837
313219847
313219857
313219867
313219878
313219888
313219898
313219908
313219918
313219928
313219938
313219948
313219958
313219968
313219978
313219989
313219999
313220009
313220019
313220029
313220039
313220049
313220059
313220069
313220079
313220089
313220099
313220110
313220120
313220130
313220140
313220150
313220160
313220170
313220180
313220190
313220200
313220210
313220220
313220231
313220241
313220251
313220261
313220271
313220281
313220291
313220301
313220311
313220321
313220331
313220341
313220352
313220362
313220372
313220382
313220392
313220402
313220412
313220422
313220432
313220442
313220452
313220463
313220473
313220483
313220493
313220503
313220513
313220523
313220533
313220543
313220553
313220563
313220573
313220584
313220594
313220604
313220614
313220624
313220634
313220644
313220654
313220664
313220674
313220684
313220694
313220705
313220715
313220725
313220735
313220745
313220755
313220765
313220775
313220785
313220795
313220805
313220815
313220826
313220836
313220846
313220856
313220866
313220876
313220886
313220896
313220906
313220916
313220926
313220937
313220947
313220957
313220967
313220977
313220987
313220997
313221007
313221017
313221027
313221037
313221047
313221058
313221068
313221078
313221088
313221098
313221108
313221118
313221128
313221138
313221148
313221158
313221168
313221179
313221189
313221199
313221209
313221219
313221229
313221239
313221249
313221259
313221269
313221279
313221289
313221300
313221310
313221320
313221330
313221340
313221350
313221360
313221370
313221380
313221390
313221400
313221411
313221421
313221431
313221441
313221451
313221461
313221471
313221481
313221491
313221501
313221511
313221521
313221532
313221542
313221552
313221562
313221572
313221582
313221592
313221602
313221612
313221622
313221632
313221642
313221653
313221663
313221673
313221683
313221693
313221703
313221713
313221723
313221733
313221743
313221753
313221763
313221774
313221784
313221794
313221804
313221814
313221824
313221834
313221844
313221854
313221864
313221874
313221885
313221895
313221905
313221915
313221925
313221935
313221945
313221955
313221965
313221975
313221985
313221995
313222006
313222016
313222026
313222036
313222046
313222056
313222066
313222076
313222086
313222096
313222106
313222116
313222127
313222137
313222147
313222157
313222167
313222177
313222187
313222197
313222207
313222217
313222227
313222238
313222248
313222258
313222268
313222278
313222288
313222298
313222308
313222318
313222328
313222338
313222348
313222359
313222369
313222379
313222389
313222399
313222409
313222419
313222429
313222439
313222449
313222459
313222469
313222480
313222490
313222500
313222510
313222520
313222530
313222540
313222550
313222560
313222570
313222580
313222590
313222601
313222611
313222621
313222631
313222641
313222651
313222661
313222671
313222681
313222691
313222701
313222711
313222722
313222732
313222742
313222752
313222762
313222772
313222782
313222792
313222802
313222812
313222822
313222833
313222843
313222853
313222863
313222873
313222883
313222893
313222903
313222913
313222923
313222933
313222943
313222954
313222964
313222974
313222984
313222994
313223004
313223014
313223024
313223034
313223044
313223054
313223064
313223075
313223085
313223095
313223105
313223115
313223125
313223135
313223145
313223155
313223165
313223175
313223185
313223196
313223206
313223216
313223226
313223236
313223246
313223256
313223266
313223276
313223286
313223296
313223306
313223317
313223327
313223337
313223347
313223357
313223367
313223377
313223387
313223397
313223407
313223417
313223427
313223438
313223448
313223458
313223468
313223478
313223488
313223498
313223508
313223518
313223528
313223538
313223549
313223559
313223569
313223579
313223589
313223599
313223609
313223619
313223629
313223639
313223649
313223659
313223670
313223680
313223690
313223700
313223710
313223720
313223730
313223740
313223750
313223760
313223770
313223780
313223791
313223801
313223811
313223821
313223831
313223841
313223851
313223861
313223871
313223881
313223891
313223901
313223912
313223922
313223932
313223942
313223952
313223962
313223972
313223982
313223992
313224002
313224012
313224022
313224033
313224043
313224053
313224063
313224073
313224083
313224093
313224103
313224113
313224123
313224133
313224143
313224154
313224164
313224174
313224184
313224194
313224204
313224214
313224224
313224234
313224244
313224254
313224264
313224275
313224285
313224295
313224305
313224315
313224325
313224335
313224345
313224355
313224365
313224375
313224386
313224396
313224406
313224416
313224426
313224436
313224446
313224456
313224466
313224476
313224486
313224496
313224507
313224517
313224527
313224537
313224547
313224557
313224567
313224577
313224587
313224597
313224607
313224617
313224628
313224638
313224648
313224658
313224668
313224678
313224688
313224698
313224708
313224718
313224728
313224738
313224749
313224759
313224769
313224779
313224789
313224799
313224809
313224819
313224829
313224839
313224849
313224859
313224870
313224880
313224890
313224900
313224910
313224920
313224930
313224940
313224950
313224960
313224970
313224980
313224991
313225001
313225011
313225021
313225031
313225041
313225051
313225061
313225071
313225081
313225091
313225102
313225112
313225122
313225132
313225142
313225152
313225162
313225172
313225182
313225192
313225202
313225212
313225223
313225233
313225243
313225253
313225263
313225273
313225283
313225293
313225303
313225313
313225323
313225333
313225344
313225354
313225364
313225374
313225384
313225394
313225404
313225414
313225424
313225434
313225444
313225454
313225465
313225475
313225485
313225495
313225505
313225515
313225525
313225535
313225545
313225555
313225565
313225575
313225586
313225596
313225606
313225616
313225626
313225636
313225646
313225656
313225666
313225676
313225686
313225696
313225707
313225717
313225727
313225737
313225747
313225757
313225767
313225777
313225787
313225797
313225807
313225817
313225828
313225838
313225848
313225858
313225868
313225878
313225888
313225898
313225908
313225918
313225928
313225939
313225949
313225959
313225969
313225979
313225989
313225999
313226009
313226019
313226029
313226039
313226049
313226060
313226070
313226080
313226090
313226100
313226110
313226120
313226130
313226140
313226150
313226160
313226170
313226181
313226191
313226201
313226211
313226221
313226231
313226241
313226251
313226261
313226271
313226281
313226292
313226302
313226312
313226322
313226332
313226342
313226352
313226362
313226372
313226382
313226392
313226402
313226413
313226423
313226433
313226443
313226453
313226463
313226473
313226483
313226493
313226503
313226513
313226523
313226534
313226544
313226554
313226564
313226574
313226584
313226594
313226604
313226614
313226624
313226634
313226644
313226655
313226665
313226675
313226685
313226695
313226705
313226715
313226725
313226735
313226745
313226755
313226765
313226776
313226786
313226796
313226806
313226816
313226826
313226836
313226846
313226856
313226866
313226876
313226887
313226897
313226907
313226917
313226927
313226937
313226947
313226957
313226967
313226977
313226987
313226997
313227008
313227018
313227028
313227038
313227048
313227058
313227068
313227078
313227088
313227098
313227108
313227118
313227129
313227139
313227149
313227159
313227169
313227179
313227189
313227199
313227209
313227219
313227229
313227240
313227250
313227260
313227270
313227280
313227290
313227300
313227310
313227320
313227330
313227340
313227350
313227361
313227371
313227381
313227391
313227401
313227411
313227421
313227431
313227441
313227451
313227461
313227471
313227482
313227492
313227502
313227512
313227522
313227532
313227542
313227552
313227562
313227572
313227582
313227592
313227603
313227613
313227623
313227633
313227643
313227653
313227663
313227673
313227683
313227693
313227703
313227714
313227724
313227734
313227744
313227754
313227764
313227774
313227784
313227794
313227804
313227814
313227824
313227835
313227845
313227855
313227865
313227875
313227885
313227895
313227905
313227915
313227925
313227935
313227945
313227956
313227966
313227976
313227986
313227996
313228006
313228016
313228026
313228036
313228046
313228056
313228066
313228077
313228087
313228097
313228107
313228117
313228127
313228137
313228147
313228157
313228167
313228177
313228188
313228198
313228208
313228218
313228228
313228238
313228248
313228258
313228268
313228278
313228288
313228298
313228309
313228319
313228329
313228339
313228349
313228359
313228369
313228379
313228389
313228399
313228409
313228419
313228430
313228440
313228450
313228460
313228470
313228480
313228490
313228500
313228510
313228520
313228530
313228540
313228551
313228561
313228571
313228581
313228591
313228601
313228611
313228621
313228631
313228641
313228651
313228661
313228672
313228682
313228692
313228702
313228712
313228722
313228732
313228742
313228752
313228762
313228772
313228782
313228793
313228803
313228813
313228823
313228833
313228843
313228853
313228863
313228873
313228883
313228893
313228903
313228914
313228924
313228934
313228944
313228954
313228964
313228974
313228984
313228994
313229004
313229014
313229024
313229035
313229045
313229055
313229065
313229075
313229085
313229095
313229105
313229115
313229125
313229135
313229146
313229156
313229166
313229176
313229186
313229196
313229206
313229216
313229226
313229236
313229246
313229256
313229267
313229277
313229287
313229297
313229307
313229317
313229327
313229337
313229347
313229357
313229367
313229377
313229388
313229398
313229408
313229418
313229428
313229438
313229448
313229458
313229468
313229478
313229488
313229498
313229509
313229519
313229529
313229539
313229549
313229559
313229569
313229579
313229589
313229599
313229609
313229619
313229630
313229640
313229650
313229660
313229670
313229680
313229690
313229700
313229710
313229720
313229730
313229740
313229751
313229761
313229771
313229781
313229791
313229801
313229811
313229821
313229831
313229841
313229851
313229861
313229872
313229882
313229892
313229902
313229912
313229922
313229932
313229942
313229952
313229962
313229972
313229982
313229993
313230003
313230013
313230023
313230033
313230043
313230053
313230063
313230073
313230083
313230093
313230103
313230114
313230124
313230134
313230144
313230154
313230164
313230174
313230184
313230194
313230204
313230214
313230224
313230235
313230245
313230255
313230265
313230275
313230285
313230295
313230305
313230315
313230325
313230335
313230345
313230356
313230366
313230376
313230386
313230396
313230406
313230416
313230426
313230436
313230446
313230456
313230466
313230477
313230487
313230497
313230507
313230517
313230527
313230537
313230547
313230557
313230567
313230577
313230587
313230598
313230608
313230618
313230628
313230638
313230648
313230658
313230668
313230678
313230688
313230698
313230708
313230719
313230729
313230739
313230749
313230759
313230769
313230779
313230789
313230799
313230809
313230819
313230829
313230840
313230850
313230860
313230870
313230880
313230890
313230900
313230910
313230920
313230930
313230940
313230950
313230961
313230971
313230981
313230991
313231001
313231011
313231021
313231031
313231041
313231051
313231061
313231072
313231082
313231092
313231102
313231112
313231122
313231132
313231142
313231152
313231162
313231172
313231182
313231193
313231203
313231213
313231223
313231233
313231243
313231253
313231263
313231273
313231283
313231293
313231303
313231314
313231324
313231334
313231344
313231354
313231364
313231374
313231384
313231394
313231404
313231414
313231424
313231435
313231445
313231455
313231465
313231475
313231485
313231495
313231505
313231515
313231525
313231535
313231545
313231556
313231566
313231576
313231586
313231596
313231606
313231616
313231626
313231636
313231646
313231656
313231666
313231677
313231687
313231697
313231707
313231717
313231727
313231737
313231747
313231757
313231767
313231777
313231787
313231798
313231808
313231818
313231828
313231838
313231848
313231858
313231868
313231878
313231888
313231898
313231908
313231919
313231929
313231939
313231949
313231959
313231969
313231979
313231989
313231999
313232009
313232019
313232029
313232040
313232050
313232060
313232070
313232080
313232090
313232100
313232110
313232120
313232130
313232140
313232150
313232161
313232171
313232181
313232191
313232201
313232211
313232221
313232231
313232241
313232251
313232261
313232271
313232282
313232292
313232302
313232312
313232322
313232332
313232342
313232352
313232362
313232372
313232382
313232392
313232403
313232413
313232423
313232433
313232443
313232453
313232463
313232473
313232483
313232493
313232503
313232513
313232524
313232534
313232544
313232554
313232564
313232574
313232584
313232594
313232604
313232614
313232624
313232634
313232645
313232655
313232665
313232675
313232685
313232695
313232705
313232715
313232725
313232735
313232745
313232755
313232766
313232776
313232786
313232796
313232806
313232816
313232826
313232836
313232846
313232856
313232866
313232876
313232887
313232897
313232907
313232917
313232927
313232937
313232947
313232957
313232967
313232977
313232987
313232997
313233008
313233018
313233028
313233038
313233048
313233058
313233068
313233078
313233088
313233098
313233108
313233118
313233129
313233139
313233149
313233159
313233169
313233179
313233189
313233199
313233209
313233219
313233229
313233239
313233250
313233260
313233270
313233280
313233290
313233300
313233310
313233320
313233330
313233340
313233350
313233360
313233371
313233381
313233391
313233401
313233411
313233421
313233431
313233441
313233451
313233461
313233471
313233481
313233491
313233502
313233512
313233522
313233532
313233542
313233552
313233562
313233572
313233582
313233592
313233602
313233612
313233623
313233633
313233643
313233653
313233663
313233673
313233683
313233693
313233703
313233713
313233723
313233733
313233744
313233754
313233764
313233774
313233784
313233794
313233804
313233814
313233824
313233834
313233844
313233854
313233865
313233875
313233885
313233895
313233905
313233915
313233925
313233935
313233945
313233955
313233965
313233975
313233986
313233996
313234006
313234016
313234026
313234036
313234046
313234056
313234066
313234076
313234086
313234096
313234107
313234117
313234127
313234137
313234147
313234157
313234167
313234177
313234187
313234197
313234207
313234217
313234228
313234238
313234248
313234258
313234268
313234278
313234288
313234298
313234308
313234318
313234328
313234338
313234349
313234359
313234369
313234379
313234389
313234399
313234409
313234419
313234429
313234439
313234449
313234459
313234469
313234480
313234490
313234500
313234510
313234520
313234530
313234540
313234550
313234560
313234570
313234580
313234590
313234601
313234611
313234621
313234631
313234641
313234651
313234661
313234671
313234681
313234691
313234701
313234711
313234722
313234732
313234742
313234752
313234762
313234772
313234782
313234792
313234802
313234812
313234822
313234832
313234843
313234853
313234863
313234873
313234883
313234893
313234903
313234913
313234923
313234933
313234943
313234953
313234964
313234974
313234984
313234994
313235004
313235014
313235024
313235034
313235044
313235054
313235064
313235074
313235085
313235095
313235105
313235115
313235125
313235135
313235145
313235155
313235165
313235175
313235185
313235195
313235206
313235216
313235226
313235236
313235246
313235256
313235266
313235276
313235286
313235296
313235306
313235316
313235327
313235337
313235347
313235357
313235367
313235377
313235387
313235397
313235407
313235417
313235427
313235437
313235447
313235458
313235468
313235478
313235488
313235498
313235508
313235518
313235528
313235538
313235548
313235558
313235568
313235579
313235589
313235599
313235609
313235619
313235629
313235639
313235649
313235659
313235669
313235679
313235689
313235700
313235710
313235720
313235730
313235740
313235750
313235760
313235770
313235780
313235790
313235800
313235810
313235821
313235831
313235841
313235851
313235861
313235871
313235881
313235891
313235901
313235911
313235921
313235931
313235942
313235952
313235962
313235972
313235982
313235992
313236002
313236012
313236022
313236032
313236042
313236052
313236063
313236073
313236083
313236093
313236103
313236113
313236123
313236133
313236143
313236153
313236163
313236173
313236184
313236194
313236204
313236214
313236224
313236234
313236244
313236254
313236264
313236274
313236284
313236294
313236305
313236315
313236325
313236335
313236345
313236355
313236365
313236375
313236385
313236395
313236405
313236415
313236426
313236436
313236446
313236456
313236466
313236476
313236486
313236496
313236506
313236516
313236526
313236536
313236547
313236557
313236567
313236577
313236587
313236597
313236607
313236617
313236627
313236637
313236647
313236657
313236668
313236678
313236688
313236698
313236708
313236718
313236728
313236738
313236748
313236758
313236768
313236778
313236788
313236799
313236809
313236819
313236829
313236839
313236849
313236859
313236869
313236879
313236889
313236899
313236909
313236920
313236930
313236940
313236950
313236960
313236970
313236980
313236990
313237000
313237010
313237020
313237030
313237041
313237051
313237061
313237071
313237081
313237091
313237101
313237111
313237121
313237131
313237141
313237151
313237162
313237172
313237182
313237192
313237202
313237212
313237222
313237232
313237242
313237252
313237262
313237272
313237283
313237293
313237303
313237313
313237323
313237333
313237343
313237353
313237363
313237373
313237383
313237393
313237404
313237414
313237424
313237434
313237444
313237454
313237464
313237474
313237484
313237494
313237504
313237514
313237525
313237535
313237545
313237555
313237565
313237575
313237585
313237595
313237605
313237615
313237625
313237635
313237646
313237656
313237666
313237676
313237686
313237696
313237706
313237716
313237726
313237736
313237746
313237756
313237767
313237777
313237787
313237797
313237807
313237817
313237827
313237837
313237847
313237857
313237867
313237877
313237888
313237898
313237908
313237918
313237928
313237938
313237948
313237958
313237968
313237978
313237988
313237998
313238009
313238019
313238029
313238039
313238049
313238059
313238069
313238079
313238089
313238099
313238109
313238119
313238130
313238140
313238150
313238160
313238170
313238180
313238190
313238200
313238210
313238220
313238230
313238240
313238250
313238261
313238271
313238281
313238291
313238301
313238311
313238321
313238331
313238341
313238351
313238361
313238371
313238382
313238392
313238402
313238412
313238422
313238432
313238442
313238452
313238462
313238472
313238482
313238492
313238503
313238513
313238523
313238533
313238543
313238553
313238563
313238573
313238583
313238593
313238603
313238613
313238624
313238634
313238644
313238654
313238664
313238674
313238684
313238694
313238704
313238714
313238724
313238734
313238745
313238755
313238765
313238775
313238785
313238795
313238805
313238815
313238825
313238835
313238845
313238855
313238865
313238876
313238886
313238896
313238906
313238916
313238926
313238936
313238946
313238956
313238966
313238976
313238986
313238997
313239007
313239017
313239027
313239037
313239047
313239057
313239067
313239077
313239087
313239097
313239107
313239118
313239128
313239138
313239148
313239158
313239168
313239178
313239188
313239198
313239208
313239218
313239228
313239239
313239249
313239259
313239269
313239279
313239289
313239299
313239309
313239319
313239329
313239339
313239349
313239360
313239370
313239380
313239390
313239400
313239410
313239420
313239430
313239440
313239450
313239460
313239470
313239480
313239491
313239501
313239511
313239521
313239531
313239541
313239551
313239561
313239571
313239581
313239591
313239601
313239612
313239622
313239632
313239642
313239652
313239662
313239672
313239682
313239692
313239702
313239712
313239722
313239733
313239743
313239753
313239763
313239773
313239783
313239793
313239803
313239813
313239823
313239833
313239843
313239854
313239864
313239874
313239884
313239894
313239904
313239914
313239924
313239934
313239944
313239954
313239964
313239974
313239985
313239995
313240005
313240015
313240025
313240035
313240045
313240055
313240065
313240075
313240085
313240095
313240106
313240116
313240126
313240136
313240146
313240156
313240166
313240176
313240186
313240196
313240206
313240216
313240227
313240237
313240247
313240257
313240267
313240277
313240287
313240297
313240307
313240317
313240327
313240337
313240348
313240358
313240368
313240378
313240388
313240398
313240408
313240418
313240428
313240438
313240448
313240458
313240469
313240479
313240489
313240499
313240509
313240519
313240529
313240539
313240549
313240559
313240569
313240579
313240590
313240600
313240610
313240620
313240630
313240640
313240650
313240660
313240670
313240680
313240690
313240700
313240710
313240721
313240731
313240741
313240751
313240761
313240771
313240781
313240791
313240801
313240811
313240821
313240831
313240842
313240852
313240862
313240872
313240882
313240892
313240902
313240912
313240922
313240932
313240942
313240952
313240963
313240973
313240983
313240993
313241003
313241013
313241023
313241033
313241043
313241053
313241063
313241073
313241084
313241094
313241104
313241114
313241124
313241134
313241144
313241154
313241164
313241174
313241184
313241194
313241205
313241215
313241225
313241235
313241245
313241255
313241265
313241275
313241285
313241295
313241305
313241315
313241326
313241336
313241346
313241356
313241366
313241376
313241386
313241396
313241406
313241416
313241426
313241436
313241447
313241457
313241467
313241477
313241487
313241497
313241507
313241517
313241527
313241537
313241547
313241557
313241568
313241578
313241588
313241598
313241608
313241618
313241628
313241638
313241648
313241658
313241668
313241678
313241689
313241699
313241709
313241719
313241729
313241739
313241749
313241759
313241769
313241779
313241789
313241799
313241810
313241820
313241830
313241840
313241850
313241860
313241870
313241880
313241890
313241900
313241910
313241920
313241931
313241941
313241951
313241961
313241971
313241981
313241991
313242001
313242011
313242021
313242031
313242041
313242052
313242062
313242072
313242082
313242092
313242102
313242112
313242122
313242132
313242142
313242152
313242163
313242173
313242183
313242193
313242203
313242213
313242223
313242233
313242243
313242253
313242263
313242273
313242284
313242294
313242304
313242314
313242324
313242334
313242344
313242354
313242364
313242374
313242384
313242394
313242405
313242415
313242425
313242435
313242445
313242455
313242465
313242475
313242485
313242495
313242505
313242515
313242526
313242536
313242546
313242556
313242566
313242576
313242586
313242596
313242606
313242616
313242626
313242636
313242647
313242657
313242667
313242677
313242687
313242697
313242707
313242717
313242727
313242737
313242747
313242757
313242768
313242778
313242788
313242798
313242808
313242818
313242828
313242838
313242848
313242858
313242868
313242878
313242889
313242899
313242909
313242919
313242929
313242939
313242949
313242959
313242969
313242979
313242989
313243000
313243010
313243020
313243030
313243040
313243050
313243060
313243070
313243080
313243090
313243100
313243110
313243120
313243131
313243141
313243151
313243161
313243171
313243181
313243191
313243201
313243211
313243221
313243231
313243241
313243252
313243262
313243272
313243282
313243292
313243302
313243312
313243322
313243332
313243342
313243352
313243362
313243373
313243383
313243393
313243403
313243413
313243423
313243433
313243443
313243453
313243463
313243473
313243483
313243493
313243504
313243514
313243524
313243534
313243544
313243554
313243564
313243574
313243584
313243594
313243604
313243614
313243625
313243635
313243645
313243655
313243665
313243675
313243685
313243695
313243705
313243715
313243725
313243735
313243746
313243756
313243766
313243776
313243786
313243796
313243806
313243816
313243826
313243836
313243846
313243856
313243867
313243877
313243887
313243897
313243907
313243917
313243927
313243937
313243947
313243957
313243967
313243977
313243988
313243998
313244008
313244018
313244028
313244038
313244048
313244058
313244068
313244078
313244088
313244098
313244109
313244119
313244129
313244139
313244149
313244159
313244169
313244179
313244189
313244199
313244209
313244219
313244230
313244240
313244250
313244260
313244270
313244280
313244290
313244300
313244310
313244320
313244330
313244340
313244351
313244361
313244371
313244381
313244391
313244401
313244411
313244421
313244431
313244441
313244451
313244461
313244471
313244482
313244492
313244502
313244512
313244522
313244532
313244542
313244552
313244562
313244572
313244582
313244592
313244603
313244613
313244623
313244633
313244643
313244653
313244663
313244673
313244683
313244693
313244703
313244713
313244724
313244734
313244744
313244754
313244764
313244774
313244784
313244794
313244804
313244814
313244824
313244834
313244845
313244855
313244865
313244875
313244885
313244895
313244905
313244915
313244925
313244935
313244945
313244955
313244966
313244976
313244986
313244996
313245006
313245016
313245026
313245036
313245046
313245056
313245066
313245076
313245087
313245097
313245107
313245117
313245127
313245137
313245147
313245157
313245167
313245177
313245187
313245197
313245208
313245218
313245228
313245238
313245248
313245258
313245268
313245278
313245288
313245298
313245308
313245318
313245329
313245339
313245349
313245359
313245369
313245379
313245389
313245399
313245409
313245419
313245429
313245439
313245449
313245460
313245470
313245480
313245490
313245500
313245510
313245520
313245530
313245540
313245550
313245560
313245570
313245581
313245591
313245601
313245611
313245621
313245631
313245641
313245651
313245661
313245671
313245681
313245691
313245702
313245712
313245722
313245732
313245742
313245752
313245762
313245772
313245782
313245792
313245802
313245812
313245823
313245833
313245843
313245853
313245863
313245873
313245883
313245893
313245903
313245913
313245923
313245933
313245944
313245954
313245964
313245974
313245984
313245994
313246004
313246014
313246024
313246034
313246044
313246054
313246065
313246075
313246085
313246095
313246105
313246115
313246125
313246135
313246145
313246155
313246165
313246175
313246186
313246196
313246206
313246216
313246226
313246236
313246246
313246256
313246266
313246276
313246286
313246296
313246306
313246317
313246327
313246337
313246347
313246357
313246367
313246377
313246387
313246397
313246407
313246417
313246427
313246438
313246448
313246458
313246468
313246478
313246488
313246498
313246508
313246518
313246528
313246538
313246548
313246559
313246569
313246579
313246589
313246599
313246609
313246619
313246629
313246639
313246649
313246659
313246669
313246680
313246690
313246700
313246710
313246720
313246730
313246740
313246750
313246760
313246770
313246780
313246790
313246800
313246811
313246821
313246831
313246841
313246851
313246861
313246871
313246881
313246891
313246901
313246911
313246921
313246932
313246942
313246952
313246962
313246972
313246982
313246992
313247002
313247012
313247022
313247032
313247042
313247053
313247063
313247073
313247083
313247093
313247103
313247113
313247123
313247133
313247143
313247153
313247163
313247174
313247184
313247194
313247204
313247214
313247224
313247234
313247244
313247254
313247264
313247274
313247284
313247295
313247305
313247315
313247325
313247335
313247345
313247355
313247365
313247375
313247385
313247395
313247405
313247415
313247426
313247436
313247446
313247456
313247466
313247476
313247486
313247496
313247506
313247516
313247526
313247536
313247547
313247557
313247567
313247577
313247587
313247597
313247607
313247617
313247627
313247637
313247647
313247657
313247668
313247678
313247688
313247698
313247708
313247718
313247728
313247738
313247748
313247758
313247768
313247778
313247789
313247799
313247809
313247819
313247829
313247839
313247849
313247859
313247869
313247879
313247889
313247899
313247910
313247920
313247930
313247940
313247950
313247960
313247970
313247980
313247990
313248000
313248010
313248020
313248031
313248041
313248051
313248061
313248071
313248081
313248091
313248101
313248111
313248121
313248131
313248141
313248152
313248162
313248172
313248182
313248192
313248202
313248212
313248222
313248232
313248242
313248252
313248262
313248273
313248283
313248293
313248303
313248313
313248323
313248333
313248343
313248353
313248363
313248373
313248383
313248393
313248404
313248414
313248424
313248434
313248444
313248454
313248464
313248474
313248484
313248494
313248504
313248514
313248525
313248535
313248545
313248555
313248565
313248575
313248585
313248595
313248605
313248615
313248625
313248635
313248646
313248656
313248666
313248676
313248686
313248696
313248706
313248716
313248726
313248736
313248746
313248756
313248767
313248777
313248787
313248797
313248807
313248817
313248827
313248837
313248847
313248857
313248867
313248877
313248887
313248898
313248908
313248918
313248928
313248938
313248948
313248958
313248968
313248978
313248988
313248998
313249008
313249019
313249029
313249039
313249049
313249059
313249069
313249079
313249089
313249099
313249109
313249119
313249129
313249140
313249150
313249160
313249170
313249180
313249190
313249200
313249210
313249220
313249230
313249240
313249250
313249261
313249271
313249281
313249291
313249301
313249311
313249321
313249331
313249341
313249351
313249361
313249371
313249382
313249392
313249402
313249412
313249422
313249432
313249442
313249452
313249462
313249472
313249482
313249492
313249503
313249513
313249523
313249533
313249543
313249553
313249563
313249573
313249583
313249593
313249603
313249613
313249624
313249634
313249644
313249654
313249664
313249674
313249684
313249694
313249704
313249714
313249724
313249734
313249745
313249755
313249765
313249775
313249785
313249795
313249805
313249815
313249825
313249835
313249845
313249855
313249866
313249876
313249886
313249896
313249906
313249916
313249926
313249936
313249946
313249956
313249966
313249976
313249987
313249997
313250007
313250017
313250027
313250037
313250047
313250057
313250067
313250077
313250087
313250097
313250107
313250118
313250128
313250138
313250148
313250158
313250168
313250178
313250188
313250198
313250208
313250218
313250228
313250239
313250249
313250259
313250269
313250279
313250289
313250299
313250309
313250319
313250329
313250339
313250349
313250360
313250370
313250380
313250390
313250400
313250410
313250420
313250430
313250440
313250450
313250460
313250470
313250481
313250491
313250501
313250511
313250521
313250531
313250541
313250551
313250561
313250571
313250581
313250591
313250602
313250612
313250622
313250632
313250642
313250652
313250662
313250672
313250682
313250692
313250702
313250712
313250723
313250733
313250743
313250753
313250763
313250773
313250783
313250793
313250803
313250813
313250823
313250833
313250844
313250854
313250864
313250874
313250884
313250894
313250904
313250914
313250924
313250934
313250944
313250954
313250965
313250975
313250985
313250995
313251005
313251015
313251025
313251035
313251045
313251055
313251065
313251075
313251086
313251096
313251106
313251116
313251126
313251136
313251146
313251156
313251166
313251176
313251186
313251196
313251207
313251217
313251227
313251237
313251247
313251257
313251267
313251277
313251287
313251297
313251307
313251317
313251328
313251338
313251348
313251358
313251368
313251378
313251388
313251398
313251408
313251418
313251428
313251438
313251449
313251459
313251469
313251479
313251489
313251499
313251509
313251519
313251529
313251539
313251549
313251559
313251570
313251580
313251590
313251600
313251610
313251620
313251630
313251640
313251650
313251660
313251670
313251680
313251691
313251701
313251711
313251721
313251731
313251741
313251751
313251761
313251771
313251781
313251791
313251801
313251812
313251822
313251832
313251842
313251852
313251862
313251872
313251882
313251892
313251902
313251912
313251922
313251932
313251943
313251953
313251963
313251973
313251983
313251993
313252003
313252013
313252023
313252033
313252043
313252053
313252064
313252074
313252084
313252094
313252104
313252114
313252124
313252134
313252144
313252154
313252164
313252174
313252185
313252195
313252205
313252215
313252225
313252235
313252245
313252255
313252265
313252275
313252285
313252295
313252306
313252316
313252326
313252336
313252346
313252356
313252366
313252376
313252386
313252396
313252406
313252416
313252427
313252437
313252447
313252457
313252467
313252477
313252487
313252497
313252507
313252517
313252527
313252537
313252548
313252558
313252568
313252578
313252588
313252598
313252608
313252618
313252628
313252638
313252648
313252658
313252669
313252679
313252689
313252699
313252709
313252719
313252729
313252739
313252749
313252759
313252769
313252779
313252790
313252800
313252810
313252820
313252830
313252840
313252850
313252860
313252870
313252880
313252890
313252900
313252910
313252921
313252931
313252941
313252951
313252961
313252971
313252981
313252991
313253001
313253011
313253021
313253031
313253042
313253052
313253062
313253072
313253082
313253092
313253102
313253112
313253122
313253132
313253142
313253152
313253163
313253173
313253183
313253193
313253203
313253213
313253223
313253233
313253243
313253253
313253263
313253273
313253284
313253294
313253304
313253314
313253324
313253334
313253344
313253354
313253364
313253374
313253384
313253394
313253405
313253415
313253425
313253435
313253445
313253455
313253465
313253475
313253485
313253495
313253505
313253515
313253526
313253536
313253546
313253556
313253566
313253576
313253586
313253596
313253606
313253616
313253626
313253636
313253647
313253657
313253667
313253677
313253687
313253697
313253707
313253717
313253727
313253737
313253747
313253757
313253768
313253778
313253788
313253798
313253808
313253818
313253828
313253838
313253848
313253858
313253868
313253878
313253889
313253899
313253909
313253919
313253929
313253939
313253949
313253959
313253969
313253979
313253989
313253999
313254010
313254020
313254030
313254040
313254050
313254060
313254070
313254080
313254090
313254100
313254110
313254120
313254131
313254141
313254151
313254161
313254171
313254181
313254191
313254201
313254211
313254221
313254231
313254241
313254252
313254262
313254272
313254282
313254292
313254302
313254312
313254322
313254332
313254342
313254352
313254362
313254373
313254383
313254393
313254403
313254413
313254423
313254433
313254443
313254453
313254463
313254473
313254483
313254494
313254504
313254514
313254524
313254534
313254544
313254554
313254564
313254574
313254584
313254594
313254604
313254615
313254625
313254635
313254645
313254655
313254665
313254675
313254685
313254695
313254705
313254715
313254725
313254736
313254746
313254756
313254766
313254776
313254786
313254796
313254806
313254816
313254826
313254836
313254846
313254857
313254867
313254877
313254887
313254897
313254907
313254917
313254927
313254937
313254947
313254957
313254967
313254978
313254988
313254998
313255008
313255018
313255028
313255038
313255048
313255058
313255068
313255078
313255088
313255099
313255109
313255119
313255129
313255139
313255149
313255159
313255169
313255179
313255189
313255199
313255209
313255220
313255230
313255240
313255250
313255260
313255270
313255280
313255290
313255300
313255310
313255320
313255331
313255341
313255351
313255361
313255371
313255381
313255391
313255401
313255411
313255421
313255431
313255441
313255452
313255462
313255472
313255482
313255492
313255502
313255512
313255522
313255532
313255542
313255552
313255562
313255573
313255583
313255593
313255603
313255613
313255623
313255633
313255643
313255653
313255663
313255673
313255683
313255694
313255704
313255714
313255724
313255734
313255744
313255754
313255764
313255774
313255784
313255794
313255804
313255815
313255825
313255835
313255845
313255855
313255865
313255875
313255885
313255895
313255905
313255915
313255925
313255936
313255946
313255956
313255966
313255976
313255986
313255996
313256006
313256016
313256026
313256036
313256047
313256057
313256067
313256077
313256087
313256097
313256107
313256117
313256127
313256137
313256147
313256157
313256168
313256178
313256188
313256198
313256208
313256218
313256228
313256238
313256248
313256258
313256268
313256278
313256289
313256299
313256309
313256319
313256329
313256339
313256349
313256359
313256369
313256379
313256389
313256399
313256410
313256420
313256430
313256440
313256450
313256460
313256470
313256480
313256490
313256500
313256510
313256520
313256531
313256541
313256551
313256561
313256571
313256581
313256591
313256601
313256611
313256621
313256631
313256641
313256652
313256662
313256672
313256682
313256692
313256702
313256712
313256722
313256732
313256742
313256752
313256762
313256773
313256783
313256793
313256803
313256813
313256823
313256833
313256843
313256853
313256863
313256873
313256883
313256894
313256904
313256914
313256924
313256934
313256944
313256954
313256964
313256974
313256984
313256994
313257004
313257015
313257025
313257035
313257045
313257055
313257065
313257075
313257085
313257095
313257105
313257115
313257125
313257136
313257146
313257156
313257166
313257176
313257186
313257196
313257206
313257216
313257226
313257236
313257246
313257257
313257267
313257277
313257287
313257297
313257307
313257317
313257327
313257337
313257347
313257357
313257367
313257378
313257388
313257398
313257408
313257418
313257428
313257438
313257448
313257458
313257468
313257478
313257488
313257499
313257509
313257519
313257529
313257539
313257549
313257559
313257569
313257579
313257589
313257599
313257609
313257620
313257630
313257640
313257650
313257660
313257670
313257680
313257690
313257700
313257710
313257720
313257730
313257741
313257751
313257761
313257771
313257781
313257791
313257801
313257811
313257821
313257831
313257841
313257851
313257862
313257872
313257882
313257892
313257902
313257912
313257922
313257932
313257942
313257952
313257962
313257972
313257983
313257993
313258003
313258013
313258023
313258033
313258043
313258053
313258063
313258073
313258083
313258093
313258104
313258114
313258124
313258134
313258144
313258154
313258164
313258174
313258184
313258194
313258204
313258214
313258225
313258235
313258245
313258255
313258265
313258275
313258285
313258295
313258305
313258315
313258325
313258335
313258346
313258356
313258366
313258376
313258386
313258396
313258406
313258416
313258426
313258436
313258446
313258456
313258467
313258477
313258487
313258497
313258507
313258517
313258527
313258537
313258547
313258557
313258567
313258577
313258588
313258598
313258608
313258618
313258628
313258638
313258648
313258658
313258668
313258678
313258688
313258698
313258709
313258719
313258729
313258739
313258749
313258759
313258769
313258779
313258789
313258799
313258809
313258819
313258830
313258840
313258850
313258860
313258870
313258880
313258890
313258900
313258910
313258920
313258930
313258940
313258951
313258961
313258971
313258981
313258991
313259001
313259011
313259021
313259031
313259041
313259051
313259061
313259072
313259082
313259092
313259102
313259112
313259122
313259132
313259142
313259152
313259162
313259172
313259182
313259192
313259203
313259213
313259223
313259233
313259243
313259253
313259263
313259273
313259283
313259293
313259303
313259313
313259324
313259334
313259344
313259354
313259364
313259374
313259384
313259394
313259404
313259414
313259424
313259434
313259445
313259455
313259465
313259475
313259485
313259495
313259505
313259515
313259525
313259535
313259545
313259555
313259566
313259576
313259586
313259596
313259606
313259616
313259626
313259636
313259646
313259656
313259666
313259676
313259687
313259697
313259707
313259717
313259727
313259737
313259747
313259757
313259767
313259777
313259787
313259797
313259808
313259818
313259828
313259838
313259848
313259858
313259868
313259878
313259888
313259898
313259908
313259918
313259929
313259939
313259949
313259959
313259969
313259979
313259989
313259999
313260009
313260019
313260029
313260039
313260050
313260060
313260070
313260080
313260090
313260100
313260110
313260120
313260130
313260140
313260150
313260160
313260171
313260181
313260191
313260201
313260211
313260221
313260231
313260241
313260251
313260261
313260271
313260281
313260292
313260302
313260312
313260322
313260332
313260342
313260352
313260362
313260372
313260382
313260392
313260402
313260413
313260423
313260433
313260443
313260453
313260463
313260473
313260483
313260493
313260503
313260513
313260523
313260534
313260544
313260554
313260564
313260574
313260584
313260594
313260604
313260614
313260624
313260634
313260644
313260655
313260665
313260675
313260685
313260695
313260705
313260715
313260725
313260735
313260745
313260755
313260765
313260776
313260786
313260796
313260806
313260816
313260826
313260836
313260846
313260856
313260866
313260876
313260886
313260897
313260907
313260917
313260927
313260937
313260947
313260957
313260967
313260977
313260987
313260997
313261007
313261018
313261028
313261038
313261048
313261058
313261068
313261078
313261088
313261098
313261108
313261118
313261128
313261139
313261149
313261159
313261169
313261179
313261189
313261199
313261209
313261219
313261229
313261239
313261249
313261260
313261270
313261280
313261290
313261300
313261310
313261320
313261330
313261340
313261350
313261360
313261370
313261381
313261391
313261401
313261411
313261421
313261431
313261441
313261451
313261461
313261471
313261481
313261491
313261502
313261512
313261522
313261532
313261542
313261552
313261562
313261572
313261582
313261592
313261602
313261612
313261623
313261633
313261643
313261653
313261663
313261673
313261683
313261693
313261703
313261713
313261723
313261733
313261744
313261754
313261764
313261774
313261784
313261794
313261804
313261814
313261824
313261834
313261844
313261854
313261865
313261875
313261885
313261895
313261905
313261915
313261925
313261935
313261945
313261955
313261965
313261975
313261986
313261996
313262006
313262016
313262026
313262036
313262046
313262056
313262066
313262076
313262086
313262096
313262107
313262117
313262127
313262137
313262147
313262157
313262167
313262177
313262187
313262197
313262207
313262217
313262228
313262238
313262248
313262258
313262268
313262278
313262288
313262298
313262308
313262318
313262328
313262338
313262349
313262359
313262369
313262379
313262389
313262399
313262409
313262419
313262429
313262439
313262449
313262459
313262470
313262480
313262490
313262500
313262510
313262520
313262530
313262540
313262550
313262560
313262570
313262580
313262591
313262601
313262611
313262621
313262631
313262641
313262651
313262661
313262671
313262681
313262691
313262701
313262711
313262722
313262732
313262742
313262752
313262762
313262772
313262782
313262792
313262802
313262812
313262822
313262832
313262843
313262853
313262863
313262873
313262883
313262893
313262903
313262913
313262923
313262933
313262943
313262953
313262964
313262974
313262984
313262994
313263004
313263014
313263024
313263034
313263044
313263054
313263064
313263074
313263085
313263095
313263105
313263115
313263125
313263135
313263145
313263155
313263165
313263175
313263185
313263195
313263206
313263216
313263226
313263236
313263246
313263256
313263266
313263276
313263286
313263296
313263306
313263316
313263327
313263337
313263347
313263357
313263367
313263377
313263387
313263397
313263407
313263417
313263427
313263437
313263447
313263458
313263468
313263478
313263488
313263498
313263508
313263518
313263528
313263538
313263548
313263558
313263568
313263579
313263589
313263599
313263609
313263619
313263629
313263639
313263649
313263659
313263669
313263679
313263689
313263700
313263710
313263720
313263730
313263740
313263750
313263760
313263770
313263780
313263790
313263800
313263810
313263821
313263831
313263841
313263851
313263861
313263871
313263881
313263891
313263901
313263911
313263921
313263931
313263942
313263952
313263962
313263972
313263982
313263992
313264002
313264012
313264022
313264032
313264042
313264052
313264063
313264073
313264083
313264093
313264103
313264113
313264123
313264133
313264143
313264153
313264163
313264173
313264184
313264194
313264204
313264214
313264224
313264234
313264244
313264254
313264264
313264274
313264284
313264294
313264305
313264315
313264325
313264335
313264345
313264355
313264365
313264375
313264385
313264395
313264405
313264415
313264426
313264436
313264446
313264456
313264466
313264476
313264486
313264496
313264506
313264516
313264526
313264536
313264547
313264557
313264567
313264577
313264587
313264597
313264607
313264617
313264627
313264637
313264647
313264657
313264668
313264678
313264688
313264698
313264708
313264718
313264728
313264738
313264748
313264758
313264768
313264778
313264788
313264799
313264809
313264819
313264829
313264839
313264849
313264859
313264869
313264879
313264889
313264899
313264909
313264920
313264930
313264940
313264950
313264960
313264970
313264980
313264990
313265000
313265010
313265020
313265030
313265041
313265051
313265061
313265071
313265081
313265091
313265101
313265111
313265121
313265131
313265141
313265151
313265162
313265172
313265182
313265192
313265202
313265212
313265222
313265232
313265242
313265252
313265262
313265272
313265283
313265293
313265303
313265313
313265323
313265333
313265343
313265353
313265363
313265373
313265383
313265393
313265404
313265414
313265424
313265434
313265444
313265454
313265464
313265474
313265484
313265494
313265504
313265514
313265525
313265535
313265545
313265555
313265565
313265575
313265585
313265595
313265605
313265615
313265625
313265635
313265646
313265656
313265666
313265676
313265686
313265696
313265706
313265716
313265726
313265736
313265746
313265756
313265767
313265777
313265787
313265797
313265807
313265817
313265827
313265837
313265847
313265857
313265867
313265877
313265888
313265898
313265908
313265918
313265928
313265938
313265948
313265958
313265968
313265978
313265988
313265998
313266009
313266019
313266029
313266039
313266049
313266059
313266069
313266079
313266089
313266099
313266109
313266119
313266130
313266140
313266150
313266160
313266170
313266180
313266190
313266200
313266210
313266220
313266230
313266240
313266251
313266261
313266271
313266281
313266291
313266301
313266311
313266321
313266331
313266341
313266351
313266361
313266372
313266382
313266392
313266402
313266412
313266422
313266432
313266442
313266452
313266462
313266472
313266482
313266493
313266503
313266513
313266523
313266533
313266543
313266553
313266563
313266573
313266583
313266593
313266603
313266614
313266624
313266634
313266644
313266654
313266664
313266674
313266684
313266694
313266704
313266714
313266724
313266734
313266745
313266755
313266765
313266775
313266785
313266795
313266805
313266815
313266825
313266835
313266845
313266855
313266866
313266876
313266886
313266896
313266906
313266916
313266926
313266936
313266946
313266956
313266966
313266976
313266987
313266997
313267007
313267017
313267027
313267037
313267047
313267057
313267067
313267077
313267087
313267097
313267108
313267118
313267128
313267138
313267148
313267158
313267168
313267178
313267188
313267198
313267208
313267218
313267229
313267239
313267249
313267259
313267269
313267279
313267289
313267299
313267309
313267319
313267329
313267339
313267350
313267360
313267370
313267380
313267390
313267400
313267410
313267420
313267430
313267440
313267450
313267460
313267470
313267481
313267491
313267501
313267511
313267521
313267531
313267541
313267551
313267561
313267571
313267581
313267591
313267602
313267612
313267622
313267632
313267642
313267652
313267662
313267672
313267682
313267692
313267702
313267712
313267723
313267733
313267743
313267753
313267763
313267773
313267783
313267793
313267803
313267813
313267823
313267833
313267844
313267854
313267864
313267874
313267884
313267894
313267904
313267914
313267924
313267934
313267944
313267954
313267965
313267975
313267985
313267995
313268005
313268015
313268025
313268035
313268045
313268055
313268065
313268075
313268086
313268096
313268106
313268116
313268126
313268136
313268146
313268156
313268166
313268176
313268186
313268196
313268207
313268217
313268227
313268237
313268247
313268257
313268267
313268277
313268287
313268297
313268307
313268317
313268328
313268338
313268348
313268358
313268368
313268378
313268388
313268398
313268408
313268418
313268428
313268438
313268449
313268459
313268469
313268479
313268489
313268499
313268509
313268519
313268529
313268539
313268549
313268559
313268570
313268580
313268590
313268600
313268610
313268620
313268630
313268640
313268650
313268660
313268670
313268680
313268690
313268701
313268711
313268721
313268731
313268741
313268751
313268761
313268771
313268781
313268791
313268801
313268811
313268822
313268832
313268842
313268852
313268862
313268872
313268882
313268892
313268902
313268912
313268922
313268932
313268943
313268953
313268963
313268973
313268983
313268993
313269003
313269013
313269023
313269033
313269043
313269053
313269064
313269074
313269084
313269094
313269104
313269114
313269124
313269134
313269144
313269154
313269164
313269174
313269184
313269195
313269205
313269215
313269225
313269235
313269245
313269255
313269265
313269275
313269285
313269295
313269305
313269316
313269326
313269336
313269346
313269356
313269366
313269376
313269386
313269396
313269406
313269416
313269426
313269437
313269447
313269457
313269467
313269477
313269487
313269497
313269507
313269517
313269527
313269537
313269547
313269557
313269568
313269578
313269588
313269598
313269608
313269618
313269628
313269638
313269648
313269658
313269668
313269678
313269689
313269699
313269709
313269719
313269729
313269739
313269749
313269759
313269769
313269779
313269789
313269799
313269810
313269820
313269830
313269840
313269850
313269860
313269870
313269880
313269890
313269900
313269910
313269920
313269931
313269941
313269951
313269961
313269971
313269981
313269991
313270001
313270011
313270021
313270031
313270041
313270051
313270062
313270072
313270082
313270092
313270102
313270112
313270122
313270132
313270142
313270152
313270162
313270172
313270183
313270193
313270203
313270213
313270223
313270233
313270243
313270253
313270263
313270273
313270283
313270293
313270304
313270314
313270324
313270334
313270344
313270354
313270364
313270374
313270384
313270394
313270404
313270414
313270425
313270435
313270445
313270455
313270465
313270475
313270485
313270495
313270505
313270515
313270525
313270535
313270545
313270556
313270566
313270576
313270586
313270596
313270606
313270616
313270626
313270636
313270646
313270656
313270666
313270677
313270687
313270697
313270707
313270717
313270727
313270737
313270747
313270757
313270767
313270777
313270787
313270798
313270808
313270818
313270828
313270838
313270848
313270858
313270868
313270878
313270888
313270898
313270908
313270918
313270929
313270939
313270949
313270959
313270969
313270979
313270989
313270999
313271009
313271019
313271029
313271039
313271050
313271060
313271070
313271080
313271090
313271100
313271110
313271120
313271130
313271140
313271150
313271160
313271171
313271181
313271191
313271201
313271211
313271221
313271231
313271241
313271251
313271261
313271271
313271281
313271291
313271302
313271312
313271322
313271332
313271342
313271352
313271362
313271372
313271382
313271392
313271402
313271412
313271423
313271433
313271443
313271453
313271463
313271473
313271483
313271493
313271503
313271513
313271523
313271533
313271544
313271554
313271564
313271574
313271584
313271594
313271604
313271614
313271624
313271634
313271644
313271654
313271664
313271675
313271685
313271695
313271705
313271715
313271725
313271735
313271745
313271755
313271765
313271775
313271785
313271796
313271806
313271816
313271826
313271836
313271846
313271856
313271866
313271876
313271886
313271896
313271906
313271917
313271927
313271937
313271947
313271957
313271967
313271977
313271987
313271997
313272007
313272017
313272027
313272037
313272048
313272058
313272068
313272078
313272088
313272098
313272108
313272118
313272128
313272138
313272148
313272158
313272169
313272179
313272189
313272199
313272209
313272219
313272229
313272239
313272249
313272259
313272269
313272279
313272289
313272300
313272310
313272320
313272330
313272340
313272350
313272360
313272370
313272380
313272390
313272400
313272410
313272421
313272431
313272441
313272451
313272461
313272471
313272481
313272491
313272501
313272511
313272521
313272531
313272541
313272552
313272562
313272572
313272582
313272592
313272602
313272612
313272622
313272632
313272642
313272652
313272662
313272673
313272683
313272693
313272703
313272713
313272723
313272733
313272743
313272753
313272763
313272773
313272783
313272794
313272804
313272814
313272824
313272834
313272844
313272854
313272864
313272874
313272884
313272894
313272904
313272915
313272925
313272935
313272945
313272955
313272965
313272975
313272985
313272995
313273005
313273015
313273025
313273035
313273046
313273056
313273066
313273076
313273086
313273096
313273106
313273116
313273126
313273136
313273146
313273156
313273167
313273177
313273187
313273197
313273207
313273217
313273227
313273237
313273247
313273257
313273267
313273277
313273288
313273298
313273308
313273318
313273328
313273338
313273348
313273358
313273368
313273378
313273388
313273398
313273408
313273419
313273429
313273439
313273449
313273459
313273469
313273479
313273489
313273499
313273509
313273519
313273529
313273540
313273550
313273560
313273570
313273580
313273590
313273600
313273610
313273620
313273630
313273640
313273650
313273661
313273671
313273681
313273691
313273701
313273711
313273721
313273731
313273741
313273751
313273761
313273771
313273781
313273792
313273802
313273812
313273822
313273832
313273842
313273852
313273862
313273872
313273882
313273892
313273902
313273913
313273923
313273933
313273943
313273953
313273963
313273973
313273983
313273993
313274003
313274013
313274023
313274034
313274044
313274054
313274064
313274074
313274084
313274094
313274104
313274114
313274124
313274134
313274144
313274154
313274165
313274175
313274185
313274195
313274205
313274215
313274225
313274235
313274245
313274255
313274265
313274275
313274286
313274296
313274306
313274316
313274326
313274336
313274346
313274356
313274366
313274376
313274386
313274396
313274407
313274417
313274427
313274437
313274447
313274457
313274467
313274477
313274487
313274497
313274507
313274517
313274528
313274538
313274548
313274558
313274568
313274578
313274588
313274598
313274608
313274618
313274628
313274638
313274648
313274659
313274669
313274679
313274689
313274699
313274709
313274719
313274729
313274739
313274749
313274759
313274769
313274780
313274790
313274800
313274810
313274820
313274830
313274840
313274850
313274860
313274870
313274880
313274890
313274900
313274911
313274921
313274931
313274941
313274951
313274961
313274971
313274981
313274991
313275001
313275011
313275021
313275032
313275042
313275052
313275062
313275072
313275082
313275092
313275102
313275112
313275122
313275132
313275142
313275153
313275163
313275173
313275183
313275193
313275203
313275213
313275223
313275233
313275243
313275253
313275263
313275273
313275284
313275294
313275304
313275314
313275324
313275334
313275344
313275354
313275364
313275374
313275384
313275394
313275405
313275415
313275425
313275435
313275445
313275455
313275465
313275475
313275485
313275495
313275505
313275515
313275526
313275536
313275546
313275556
313275566
313275576
313275586
313275596
313275606
313275616
313275626
313275636
313275647
313275657
313275667
313275677
313275687
313275697
313275707
313275717
313275727
313275737
313275747
313275757
313275768
313275778
313275788
313275798
313275808
313275818
313275828
313275838
313275848
313275858
313275868
313275878
313275889
313275899
313275909
313275919
313275929
313275939
313275949
313275959
313275969
313275979
313275989
313275999
313276010
313276020
313276030
313276040
313276050
313276060
313276070
313276080
313276090
313276100
313276110
313276120
313276130
313276141
313276151
313276161
313276171
313276181
313276191
313276201
313276211
313276221
313276231
313276241
313276251
313276262
313276272
313276282
313276292
313276302
313276312
313276322
313276332
313276342
313276352
313276362
313276372
313276383
313276393
313276403
313276413
313276423
313276433
313276443
313276453
313276463
313276473
313276483
313276493
313276504
313276514
313276524
313276534
313276544
313276554
313276564
313276574
313276584
313276594
313276604
313276614
313276624
313276635
313276645
313276655
313276665
313276675
313276685
313276695
313276705
313276715
313276725
313276735
313276745
313276756
313276766
313276776
313276786
313276796
313276806
313276816
313276826
313276836
313276846
313276856
313276866
313276877
313276887
313276897
313276907
313276917
313276927
313276937
313276947
313276957
313276967
313276977
313276987
313276998
313277008
313277018
313277028
313277038
313277048
313277058
313277068
313277078
313277088
313277098
313277108
313277119
313277129
313277139
313277149
313277159
313277169
313277179
313277189
313277199
313277209
313277219
313277229
313277240
313277250
313277260
313277270
313277280
313277290
313277300
313277310
313277320
313277330
313277340
313277350
313277361
313277371
313277381
313277391
313277401
313277411
313277421
313277431
313277441
313277451
313277461
313277471
313277482
313277492
313277502
313277512
313277522
313277532
313277542
313277552
313277562
313277572
313277582
313277592
313277602
313277613
313277623
313277633
313277643
313277653
313277663
313277673
313277683
313277693
313277703
313277713
313277723
313277734
313277744
313277754
313277764
313277774
313277784
313277794
313277804
313277814
313277824
313277834
313277844
313277855
313277865
313277875
313277885
313277895
313277905
313277915
313277925
313277935
313277945
313277955
313277965
313277976
313277986
313277996
313278006
313278016
313278026
313278036
313278046
313278056
313278066
313278076
313278086
313278097
313278107
313278117
313278127
313278137
313278147
313278157
313278167
313278177
313278187
313278197
313278207
313278218
313278228
313278238
313278248
313278258
313278268
313278278
313278288
313278298
313278308
313278318
313278328
313278339
313278349
313278359
313278369
313278379
313278389
313278399
313278409
313278419
313278429
313278439
313278449
313278459
313278470
313278480
313278490
313278500
313278510
313278520
313278530
313278540
313278550
313278560
313278570
313278580
313278591
313278601
313278611
313278621
313278631
313278641
313278651
313278661
313278671
313278681
313278691
313278701
313278712
313278722
313278732
313278742
313278752
313278762
313278772
313278782
313278792
313278802
313278812
313278822
313278833
313278843
313278853
313278863
313278873
313278883
313278893
313278903
313278913
313278923
313278933
313278943
313278954
313278964
313278974
313278984
313278994
313279004
313279014
313279024
313279034
313279044
313279054
313279064
313279075
313279085
313279095
313279105
313279115
313279125
313279135
313279145
313279155
313279165
313279175
313279185
313279196
313279206
313279216
313279226
313279236
313279246
313279256
313279266
313279276
313279286
313279296
313279306
313279317
313279327
313279337
313279347
313279357
313279367
313279377
313279387
313279397
313279407
313279417
313279427
313279438
313279448
313279458
313279468
313279478
313279488
313279498
313279508
313279518
313279528
313279538
313279548
313279558
313279569
313279579
313279589
313279599
313279609
313279619
313279629
313279639
313279649
313279659
313279669
313279679
313279690
313279700
313279710
313279720
313279730
313279740
313279750
313279760
313279770
313279780
313279790
313279800
313279811
313279821
313279831
313279841
313279851
313279861
313279871
313279881
313279891
313279901
313279911
313279921
313279932
313279942
313279952
313279962
313279972
313279982
313279992
313280002
313280012
313280022
313280032
313280042
313280053
313280063
313280073
313280083
313280093
313280103
313280113
313280123
313280133
313280143
313280153
313280163
313280173
313280184
313280194
313280204
313280214
313280224
313280234
313280244
313280254
313280264
313280274
313280284
313280294
313280305
313280315
313280325
313280335
313280345
313280355
313280365
313280375
313280385
313280395
313280405
313280415
313280426
313280436
313280446
313280456
313280466
313280476
313280486
313280496
313280506
313280516
313280526
313280536
313280546
313280557
313280567
313280577
313280587
313280597
313280607
313280617
313280627
313280637
313280647
313280657
313280667
313280678
313280688
313280698
313280708
313280718
313280728
313280738
313280748
313280758
313280768
313280778
313280788
313280799
313280809
313280819
313280829
313280839
313280849
313280859
313280869
313280879
313280889
313280899
313280909
313280919
313280930
313280940
313280950
313280960
313280970
313280980
313280990
313281000
313281010
313281020
313281030
313281040
313281051
313281061
313281071
313281081
313281091
313281101
313281111
313281121
313281131
313281141
313281151
313281161
313281172
313281182
313281192
313281202
313281212
313281222
313281232
313281242
313281252
313281262
313281272
313281282
313281293
313281303
313281313
313281323
313281333
313281343
313281353
313281363
313281373
313281383
313281393
313281403
313281414
313281424
313281434
313281444
313281454
313281464
313281474
313281484
313281494
313281504
313281514
313281524
313281535
313281545
313281555
313281565
313281575
313281585
313281595
313281605
313281615
313281625
313281635
313281645
313281656
313281666
313281676
313281686
313281696
313281706
313281716
313281726
313281736
313281746
313281756
313281766
313281777
313281787
313281797
313281807
313281817
313281827
313281837
313281847
313281857
313281867
313281877
313281887
313281897
313281908
313281918
313281928
313281938
313281948
313281958
313281968
313281978
313281988
313281998
313282008
313282019
313282029
313282039
313282049
313282059
313282069
313282079
313282089
313282099
313282109
313282119
313282129
313282139
313282150
313282160
313282170
313282180
313282190
313282200
313282210
313282220
313282230
313282240
313282250
313282260
313282271
313282281
313282291
313282301
313282311
313282321
313282331
313282341
313282351
313282361
313282371
313282381
313282392
313282402
313282412
313282422
313282432
313282442
313282452
313282462
313282472
313282482
313282492
313282502
313282513
313282523
313282533
313282543
313282553
313282563
313282573
313282583
313282593
313282603
313282613
313282623
313282634
313282644
313282654
313282664
313282674
313282684
313282694
313282704
313282714
313282724
313282734
313282744
313282755
313282765
313282775
313282785
313282795
313282805
313282815
313282825
313282835
313282845
313282855
313282865
313282875
313282886
313282896
313282906
313282916
313282926
313282936
313282946
313282956
313282966
313282976
313282986
313282996
313283007
313283017
313283027
313283037
313283047
313283057
313283067
313283077
313283087
313283097
313283107
313283117
313283128
313283138
313283148
313283158
313283168
313283178
313283188
313283198
313283208
313283218
313283228
313283238
313283249
313283259
313283269
313283279
313283289
313283299
313283309
313283319
313283329
313283339
313283349
313283359
313283370
313283380
313283390
313283400
313283410
313283420
313283430
313283440
313283450
313283460
313283470
313283480
313283491
313283501
313283511
313283521
313283531
313283541
313283551
313283561
313283571
313283581
313283591
313283601
313283612
313283622
313283632
313283642
313283652
313283662
313283672
313283682
313283692
313283702
313283712
313283722
313283733
313283743
313283753
313283763
313283773
313283783
313283793
313283803
313283813
313283823
313283833
313283843
313283854
313283864
313283874
313283884
313283894
313283904
313283914
313283924
313283934
313283944
313283954
313283964
313283975
313283985
313283995
313284005
313284015
313284025
313284035
313284045
313284055
313284065
313284075
313284085
313284095
313284106
313284116
313284126
313284136
313284146
313284156
313284166
313284176
313284186
313284196
313284206
313284216
313284227
313284237
313284247
313284257
313284267
313284277
313284287
313284297
313284307
313284317
313284327
313284337
313284348
313284358
313284368
313284378
313284388
313284398
313284408
313284418
313284428
313284438
313284448
313284458
313284469
313284479
313284489
313284499
313284509
313284519
313284529
313284539
313284549
313284559
313284569
313284579
313284590
313284600
313284610
313284620
313284630
313284640
313284650
313284660
313284670
313284680
313284690
313284700
313284711
313284721
313284731
313284741
313284751
313284761
313284771
313284781
313284791
313284801
313284811
313284821
313284832
313284842
313284852
313284862
313284872
313284882
313284892
313284902
313284912
313284922
313284932
313284942
313284953
313284963
313284973
313284983
313284993
313285003
313285013
313285023
313285033
313285043
313285053
313285063
313285074
313285084
313285094
313285104
313285114
313285124
313285134
313285144
313285154
313285164
313285174
313285184
313285195
313285205
313285215
313285225
313285235
313285245
313285255
313285265
313285275
313285285
313285295
313285305
313285315
313285326
313285336
313285346
313285356
313285366
313285376
313285386
313285396
313285406
313285416
313285426
313285436
313285447
313285457
313285467
313285477
313285487
313285497
313285507
313285517
313285527
313285537
313285547
313285557
313285568
313285578
313285588
313285598
313285608
313285618
313285628
313285638
313285648
313285658
313285668
313285678
313285688
313285699
313285709
313285719
313285729
313285739
313285749
313285759
313285769
313285779
313285789
313285799
313285809
313285820
313285830
313285840
313285850
313285860
313285870
313285880
313285890
313285900
313285910
313285920
313285930
313285941
313285951
313285961
313285971
313285981
313285991
313286001
313286011
313286021
313286031
313286041
313286051
313286061
313286072
313286082
313286092
313286102
313286112
313286122
313286132
313286142
313286152
313286162
313286172
313286182
313286193
313286203
313286213
313286223
313286233
313286243
313286253
313286263
313286273
313286283
313286293
313286303
313286314
313286324
313286334
313286344
313286354
313286364
313286374
313286384
313286394
313286404
313286414
313286424
313286435
313286445
313286455
313286465
313286475
313286485
313286495
313286505
313286515
313286525
313286535
313286545
313286555
313286566
313286576
313286586
313286596
313286606
313286616
313286626
313286636
313286646
313286656
313286666
313286676
313286687
313286697
313286707
313286717
313286727
313286737
313286747
313286757
313286767
313286777
313286787
313286797
313286808
313286818
313286828
313286838
313286848
313286858
313286868
313286878
313286888
313286898
313286908
313286918
313286929
313286939
313286949
313286959
313286969
313286979
313286989
313286999
313287009
313287019
313287029
313287039
313287050
313287060
313287070
313287080
313287090
313287100
313287110
313287120
313287130
313287140
313287150
313287160
313287171
313287181
313287191
313287201
313287211
313287221
313287231
313287241
313287251
313287261
313287271
313287281
313287292
313287302
313287312
313287322
313287332
313287342
313287352
313287362
313287372
313287382
313287392
313287402
313287413
313287423
313287433
313287443
313287453
313287463
313287473
313287483
313287493
313287503
313287513
313287523
313287534
313287544
313287554
313287564
313287574
313287584
313287594
313287604
313287614
313287624
313287634
313287644
313287655
313287665
313287675
313287685
313287695
313287705
313287715
313287725
313287735
313287745
313287755
313287765
313287776
313287786
313287796
313287806
313287816
313287826
313287836
313287846
313287856
313287866
313287876
313287886
313287897
313287907
313287917
313287927
313287937
313287947
313287957
313287967
313287977
313287987
313287997
313288007
313288018
313288028
313288038
313288048
313288058
313288068
313288078
313288088
313288098
313288108
313288118
313288128
313288139
313288149
313288159
313288169
313288179
313288189
313288199
313288209
313288219
313288229
313288239
313288249
313288259
313288270
313288280
313288290
313288300
313288310
313288320
313288330
313288340
313288350
313288360
313288370
313288380
313288391
313288401
313288411
313288421
313288431
313288441
313288451
313288461
313288471
313288481
313288491
313288501
313288512
313288522
313288532
313288542
313288552
313288562
313288572
313288582
313288592
313288602
313288612
313288622
313288633
313288643
313288653
313288663
313288673
313288683
313288693
313288703
313288713
313288723
313288733
313288743
313288754
313288764
313288774
313288784
313288794
313288804
313288814
313288824
313288834
313288844
313288854
313288864
313288875
313288885
313288895
313288905
313288915
313288925
313288935
313288945
313288955
313288965
313288975
313288985
313288996
313289006
313289016
313289026
313289036
313289046
313289056
313289066
313289076
313289086
313289096
313289106
313289117
313289127
313289137
313289147
313289157
313289167
313289177
313289187
313289197
313289207
313289217
313289227
313289238
313289248
313289258
313289268
313289278
313289288
313289298
313289308
313289318
313289328
313289338
313289348
313289359
313289369
313289379
313289389
313289399
313289409
313289419
313289429
313289439
313289449
313289459
313289469
313289480
313289490
313289500
313289510
313289520
313289530
313289540
313289550
313289560
313289570
313289580
313289590
313289601
313289611
313289621
313289631
313289641
313289651
313289661
313289671
313289681
313289691
313289701
313289711
313289722
313289732
313289742
313289752
313289762
313289772
313289782
313289792
313289802
313289812
313289822
313289832
313289843
313289853
313289863
313289873
313289883
313289893
313289903
313289913
313289923
313289933
313289943
313289953
313289963
313289974
313289984
313289994
313290004
313290014
313290024
313290034
313290044
313290054
313290064
313290074
313290084
313290095
313290105
313290115
313290125
313290135
313290145
313290155
313290165
313290175
313290185
313290195
313290205
313290216
313290226
313290236
313290246
313290256
313290266
313290276
313290286
313290296
313290306
313290316
313290326
313290337
313290347
313290357
313290367
313290377
313290387
313290397
313290407
313290417
313290427
313290437
313290447
313290458
313290468
313290478
313290488
313290498
313290508
313290518
313290528
313290538
313290548
313290558
313290568
313290579
313290589
313290599
313290609
313290619
313290629
313290639
313290649
313290659
313290669
313290679
313290689
313290699
313290710
313290720
313290730
313290740
313290750
313290760
313290770
313290780
313290790
313290800
313290810
313290820
313290831
313290841
313290851
313290861
313290871
313290881
313290891
313290901
313290911
313290921
313290931
313290941
313290952
313290962
313290972
313290982
313290992
313291002
313291012
313291022
313291032
313291042
313291052
313291062
313291073
313291083
313291093
313291103
313291113
313291123
313291133
313291143
313291153
313291163
313291173
313291183
313291194
313291204
313291214
313291224
313291234
313291244
313291254
313291264
313291274
313291284
313291294
313291304
313291315
313291325
313291335
313291345
313291355
313291365
313291375
313291385
313291395
313291405
313291415
313291425
313291436
313291446
313291456
313291466
313291476
313291486
313291496
313291506
313291516
313291526
313291536
313291546
313291557
313291567
313291577
313291587
313291597
313291607
313291617
313291627
313291637
313291647
313291657
313291667
313291678
313291688
313291698
313291708
313291718
313291728
313291738
313291748
313291758
313291768
313291778
313291788
313291798
313291809
313291819
313291829
313291839
313291849
313291859
313291869
313291879
313291889
313291899
313291909
313291920
313291930
313291940
313291950
313291960
313291970
313291980
313291990
313292000
313292010
313292020
313292030
313292040
313292051
313292061
313292071
313292081
313292091
313292101
313292111
313292121
313292131
313292141
313292151
313292161
313292172
313292182
313292192
313292202
313292212
313292222
313292232
313292242
313292252
313292262
313292272
313292282
313292293
313292303
313292313
313292323
313292333
313292343
313292353
313292363
313292373
313292383
313292393
313292403
313292414
313292424
313292434
313292444
313292454
313292464
313292474
313292484
313292494
313292504
313292514
313292524
313292535
313292545
313292555
313292565
313292575
313292585
313292595
313292605
313292615
313292625
313292635
313292645
313292656
313292666
313292676
313292686
313292696
313292706
313292716
313292726
313292736
313292746
313292756
313292766
313292777
313292787
313292797
313292807
313292817
313292827
313292837
313292847
313292857
313292867
313292877
313292887
313292898
313292908
313292918
313292928
313292938
313292948
313292958
313292968
313292978
313292988
313292998
313293008
313293019
313293029
313293039
313293049
313293059
313293069
313293079
313293089
313293099
313293109
313293119
313293129
313293139
313293150
313293160
313293170
313293180
313293190
313293200
313293210
313293220
313293230
313293240
313293250
313293260
313293271
313293281
313293291
313293301
313293311
313293321
313293331
313293341
313293351
313293361
313293371
313293381
313293392
313293402
313293412
313293422
313293432
313293442
313293452
313293462
313293472
313293482
313293492
313293502
313293513
313293523
313293533
313293543
313293553
313293563
313293573
313293583
313293593
313293603
313293613
313293623
313293634
313293644
313293654
313293664
313293674
313293684
313293694
313293704
313293714
313293724
313293734
313293744
313293754
313293765
313293775
313293785
313293795
313293805
313293815
313293825
313293835
313293845
313293855
313293865
313293875
313293886
313293896
313293906
313293916
313293926
313293936
313293946
313293956
313293966
313293976
313293986
313293996
313294007
313294017
313294027
313294037
313294047
313294057
313294067
313294077
313294087
313294097
313294107
313294117
313294128
313294138
313294148
313294158
313294168
313294178
313294188
313294198
313294208
313294218
313294228
313294238
313294249
313294259
313294269
313294279
313294289
313294299
313294309
313294319
313294329
313294339
313294349
313294359
313294370
313294380
313294390
313294400
313294410
313294420
313294430
313294440
313294450
313294460
313294470
313294480
313294491
313294501
313294511
313294521
313294531
313294541
313294551
313294561
313294571
313294581
313294591
313294601
313294612
313294622
313294632
313294642
313294652
313294662
313294672
313294682
313294692
313294702
313294712
313294722
313294733
313294743
313294753
313294763
313294773
313294783
313294793
313294803
313294813
313294823
313294833
313294843
313294854
313294864
313294874
313294884
313294894
313294904
313294914
313294924
313294934
313294944
313294954
313294964
313294975
313294985
313294995
313295005
313295015
313295025
313295035
313295045
313295055
313295065
313295075
313295085
313295096
313295106
313295116
313295126
313295136
313295146
313295156
313295166
313295176
313295186
313295196
313295206
313295217
313295227
313295237
313295247
313295257
313295267
313295277
313295287
313295297
313295307
313295317
313295327
313295337
313295348
313295358
313295368
313295378
313295388
313295398
313295408
313295418
313295428
313295438
313295448
313295458
313295469
313295479
313295489
313295499
313295509
313295519
313295529
313295539
313295549
313295559
313295569
313295579
313295590
313295600
313295610
313295620
313295630
313295640
313295650
313295660
313295670
313295680
313295690
313295700
313295711
313295721
313295731
313295741
313295751
313295761
313295771
313295781
313295791
313295801
313295811
313295821
313295832
313295842
313295852
313295862
313295872
313295882
313295892
313295902
313295912
313295922
313295932
313295942
313295952
313295963
313295973
313295983
313295993
313296003
313296013
313296023
313296033
313296043
313296053
313296063
313296073
313296084
313296094
313296104
313296114
313296124
313296134
313296144
313296154
313296164
313296174
313296184
313296194
313296205
313296215
313296225
313296235
313296245
313296255
313296265
313296275
313296285
313296295
313296305
313296315
313296326
313296336
313296346
313296356
313296366
313296376
313296386
313296396
313296406
313296416
313296426
313296436
313296447
313296457
313296467
313296477
313296487
313296497
313296507
313296517
313296527
313296537
313296547
313296557
313296568
313296578
313296588
313296598
313296608
313296618
313296628
313296638
313296648
313296658
313296668
313296678
313296689
313296699
313296709
313296719
313296729
313296739
313296749
313296759
313296769
313296779
313296789
313296799
313296810
313296820
313296830
313296840
313296850
313296860
313296870
313296880
313296890
313296900
313296910
313296920
313296931
313296941
313296951
313296961
313296971
313296981
313296991
313297001
313297011
313297021
313297031
313297041
313297052
313297062
313297072
313297082
313297092
313297102
313297112
313297122
313297132
313297142
313297152
313297162
313297173
313297183
313297193
313297203
313297213
313297223
313297233
313297243
313297253
313297263
313297273
313297283
313297294
313297304
313297314
313297324
313297334
313297344
313297354
313297364
313297374
313297384
313297394
313297404
313297415
313297425
313297435
313297445
313297455
313297465
313297475
313297485
313297495
313297505
313297515
313297525
313297536
313297546
313297556
313297566
313297576
313297586
313297596
313297606
313297616
313297626
313297636
313297646
313297657
313297667
313297677
313297687
313297697
313297707
313297717
313297727
313297737
313297747
313297757
313297768
313297778
313297788
313297798
313297808
313297818
313297828
313297838
313297848
313297858
313297868
313297878
313297889
313297899
313297909
313297919
313297929
313297939
313297949
313297959
313297969
313297979
313297989
313297999
313298010
313298020
313298030
313298040
313298050
313298060
313298070
313298080
313298090
313298100
313298110
313298120
313298131
313298141
313298151
313298161
313298171
313298181
313298191
313298201
313298211
313298221
313298231
313298241
313298252
313298262
313298272
313298282
313298292
313298302
313298312
313298322
313298332
313298342
313298352
313298363
313298373
313298383
313298393
313298403
313298413
313298423
313298433
313298443
313298453
313298463
313298473
313298484
313298494
313298504
313298514
313298524
313298534
313298544
313298554
313298564
313298574
313298584
313298594
313298605
313298615
313298625
313298635
313298645
313298655
313298665
313298675
313298685
313298695
313298705
313298715
313298726
313298736
313298746
313298756
313298766
313298776
313298786
313298796
313298806
313298816
313298826
313298836
313298847
313298857
313298867
313298877
313298887
313298897
313298907
313298917
313298927
313298937
313298947
313298957
313298968
313298978
313298988
313298998
313299008
313299018
313299028
313299038
313299048
313299058
313299068
313299079
313299089
313299099
313299109
313299119
313299129
313299139
313299149
313299159
313299169
313299179
313299189
313299200
313299210
313299220
313299230
313299240
313299250
313299260
313299270
313299280
313299290
313299300
313299310
313299321
313299331
313299341
313299351
313299361
313299371
313299381
313299391
313299401
313299411
313299421
313299431
313299442
313299452
313299462
313299472
313299482
313299492
313299502
313299512
313299522
313299532
313299542
313299552
313299563
313299573
313299583
313299593
313299603
313299613
313299623
313299633
313299643
313299653
313299663
313299674
313299684
313299694
313299704
313299714
313299724
313299734
313299744
313299754
313299764
313299774
313299784
313299795
313299805
313299815
313299825
313299835
313299845
313299855
313299865
313299875
313299885
313299895
313299905
313299916
313299926
313299936
313299946
313299956
313299966
313299976
313299986
313299996
313300006
313300016
313300026
313300037
313300047
313300057
313300067
313300077
313300087
313300097
313300107
313300117
313300127
313300137
313300148
313300158
313300168
313300178
313300188
313300198
313300208
313300218
313300228
313300238
313300248
313300258
313300269
313300279
313300289
313300299
313300309
313300319
313300329
313300339
313300349
313300359
313300369
313300379
313300390
313300400
313300410
313300420
313300430
313300440
313300450
313300460
313300470
313300480
313300490
313300500
313300511
313300521
313300531
313300541
313300551
313300561
313300571
313300581
313300591
313300601
313300611
313300621
313300632
313300642
313300652
313300662
313300672
313300682
313300692
313300702
313300712
313300722
313300732
313300742
313300753
313300763
313300773
313300783
313300793
313300803
313300813
313300823
313300833
313300843
313300853
313300863
313300874
313300884
313300894
313300904
313300914
313300924
313300934
313300944
313300954
313300964
313300974
313300984
313300995
313301005
313301015
313301025
313301035
313301045
313301055
313301065
313301075
313301085
313301095
313301105
313301116
313301126
313301136
313301146
313301156
313301166
313301176
313301186
313301196
313301206
313301216
313301226
313301237
313301247
313301257
313301267
313301277
313301287
313301297
313301307
313301317
313301327
313301337
313301348
313301358
313301368
313301378
313301388
313301398
313301408
313301418
313301428
313301438
313301448
313301458
313301469
313301479
313301489
313301499
313301509
313301519
313301529
313301539
313301549
313301559
313301569
313301579
313301589
313301600
313301610
313301620
313301630
313301640
313301650
313301660
313301670
313301680
313301690
313301700
313301710
313301721
313301731
313301741
313301751
313301761
313301771
313301781
313301791
313301801
313301811
313301821
313301831
313301842
313301852
313301862
313301872
313301882
313301892
313301902
313301912
313301922
313301932
313301942
313301952
313301963
313301973
313301983
313301993
313302003
313302013
313302023
313302033
313302043
313302053
313302063
313302073
313302084
313302094
313302104
313302114
313302124
313302134
313302144
313302154
313302164
313302174
313302184
313302194
313302205
313302215
313302225
313302235
313302245
313302255
313302265
313302275
313302285
313302295
313302305
313302315
313302326
313302336
313302346
313302356
313302366
313302376
313302386
313302396
313302406
313302416
313302426
313302436
313302447
313302457
313302467
313302477
313302487
313302497
313302507
313302517
313302527
313302537
313302547
313302557
313302568
313302578
313302588
313302598
313302608
313302618
313302628
313302638
313302648
313302658
313302668
313302678
313302689
313302699
313302709
313302719
313302729
313302739
313302749
313302759
313302769
313302779
313302789
313302799
313302810
313302820
313302830
313302840
313302850
313302860
313302870
313302880
313302890
313302900
313302910
313302920
313302931
313302941
313302951
313302961
313302971
313302981
313302991
313303001
313303011
313303021
313303031
313303041
313303052
313303062
313303072
313303082
313303092
313303102
313303112
313303122
313303132
313303142
313303152
313303162
313303173
313303183
313303193
313303203
313303213
313303223
313303233
313303243
313303253
313303263
313303273
313303283
313303293
313303304
313303314
313303324
313303334
313303344
313303354
313303364
313303374
313303384
313303394
313303404
313303414
313303425
313303435
313303445
313303455
313303465
313303475
313303485
313303495
313303505
313303515
313303525
313303535
313303546
313303556
313303566
313303576
313303586
313303596
313303606
313303616
313303626
313303636
313303646
313303656
313303667
313303677
313303687
313303697
313303707
313303717
313303727
313303737
313303747
313303757
313303767
313303777
313303788
313303798
313303808
313303818
313303828
313303838
313303848
313303858
313303868
313303878
313303888
313303898
313303909
313303919
313303929
313303939
313303949
313303959
313303969
313303979
313303989
313303999
313304009
313304019
313304030
313304040
313304050
313304060
313304070
313304080
313304090
313304100
313304110
313304120
313304130
313304140
313304151
313304161
313304171
313304181
313304191
313304201
313304211
313304221
313304231
313304241
313304251
313304261
313304271
313304282
313304292
313304302
313304312
313304322
313304332
313304342
313304352
313304362
313304372
313304382
313304392
313304403
313304413
313304423
313304433
313304443
313304453
313304463
313304473
313304483
313304493
313304503
313304513
313304524
313304534
313304544
313304554
313304564
313304574
313304584
313304594
313304604
313304614
313304624
313304634
313304645
313304655
313304665
313304675
313304685
313304695
313304705
313304715
313304725
313304735
313304745
313304755
313304766
313304776
313304786
313304796
313304806
313304816
313304826
313304836
313304846
313304856
313304866
313304876
313304887
313304897
313304907
313304917
313304927
313304937
313304947
313304957
313304967
313304977
313304987
313304997
313305008
313305018
313305028
313305038
313305048
313305058
313305068
313305078
313305088
313305098
313305108
313305119
313305129
313305139
313305149
313305159
313305169
313305179
313305189
313305199
313305209
313305219
313305229
313305240
313305250
313305260
313305270
313305280
313305290
313305300
313305310
313305320
313305330
313305340
313305350
313305361
313305371
313305381
313305391
313305401
313305411
313305421
