X,Y,Z
-6.519538879394531,15.076080322265625,-52.518768310546875
-6.3679962158203125,15.060089111328125,-52.60084533691406
-6.110923767089844,15.073417663574219,-52.6136474609375
-5.31463623046875,15.064254760742188,-52.64527893066406
-4.647727966308594,15.058853149414062,-52.693572998046875
-3.8661727905273438,15.049812316894531,-52.66725158691406
-3.2665786743164062,14.999038696289062,-52.615234375
-2.54833984375,14.842521667480469,-52.65386962890625
-1.8977203369140625,14.528121948242188,-52.84150695800781
-1.283905029296875,14.079429626464844,-52.97850036621094
-0.879180908203125,13.655410766601562,-53.14549255371094
-0.5310134887695312,13.112091064453125,-53.1922607421875
-0.4554443359375,12.530891418457031,-53.396636962890625
-0.37335205078125,11.906196594238281,-53.50852966308594
-0.03582763671875,11.595161437988281,-53.56468200683594
0.4958648681640625,11.6612548828125,-53.403717041015625
0.936614990234375,12.060516357421875,-53.206329345703125
1.25933837890625,12.812881469726562,-53.04618835449219
1.5144424438476562,14.017372131347656,-52.65989685058594
1.7835464477539062,15.367950439453125,-52.36845397949219
2.1272659301757812,16.920181274414062,-52.06495666503906
2.392974853515625,18.51325225830078,-51.71315002441406
2.7082366943359375,20.124229431152344,-51.2091064453125
3.2677993774414062,21.624473571777344,-50.68748474121094
4.025108337402344,23.12396240234375,-49.8524169921875
4.7692413330078125,24.404800415039062,-49.15020751953125
5.213279724121094,25.62535858154297,-48.39030456542969
5.630485534667969,26.64574432373047,-47.508514404296875
6.0319976806640625,27.515884399414062,-46.920135498046875
6.407371520996094,28.1827392578125,-46.443145751953125
7.063575744628906,28.8941650390625,-46.02130126953125
7.912239074707031,29.38013458251953,-45.76335144042969
8.7906494140625,29.680938720703125,-45.40925598144531
9.709915161132812,29.709930419921875,-45.18243408203125
10.433158874511719,29.66510772705078,-44.987060546875
10.741317749023438,29.4259033203125,-44.929962158203125
10.766754150390625,29.142784118652344,-44.986907958984375
10.698799133300781,29.019744873046875,-45.06922912597656
10.570785522460938,28.88703155517578,-45.181304931640625
10.487525939941406,28.67353057861328,-45.46702575683594
10.273780822753906,28.374755859375,-45.74760437011719
10.301429748535156,28.079856872558594,-45.8480224609375
10.377220153808594,27.888832092285156,-45.97126770019531
10.56585693359375,27.896568298339844,-46.04917907714844
10.339866638183594,27.829986572265625,-46.08856201171875
9.820236206054688,27.982086181640625,-46.151824951171875
8.959266662597656,28.233108520507812,-46.32814025878906
8.343360900878906,28.54925537109375,-46.303253173828125
7.726585388183594,28.804664611816406,-46.21766662597656
7.037162780761719,29.341407775878906,-45.88795471191406
6.240547180175781,30.04320526123047,-45.50764465332031
5.3450775146484375,30.68437957763672,-45.02471923828125
4.155479431152344,31.569618225097656,-44.60697937011719
2.7905960083007812,32.687278747558594,-44.085906982421875
1.2326431274414062,33.810760498046875,-43.41130065917969
-0.3673248291015625,34.694091796875,-42.60951232910156
-1.8353652954101562,35.644775390625,-41.6630859375
-3.0430755615234375,36.58137512207031,-40.78947448730469
-3.87664794921875,37.490264892578125,-40.20233154296875
-4.550140380859375,37.96569061279297,-39.740753173828125
-5.592384338378906,38.22837829589844,-39.3114013671875
-7.1134185791015625,38.33470916748047,-38.69012451171875
-9.453018188476562,38.14842987060547,-38.09141540527344
-12.296630859375,37.6717529296875,-37.60847473144531
-15.561126708984375,36.56224060058594,-37.513458251953125
-18.880126953125,34.971519470214844,-37.37815856933594
-22.3438720703125,32.71979522705078,-37.41401672363281
-25.80463409423828,30.01795196533203,-37.53520202636719
-29.502464294433594,26.446487426757812,-37.60740661621094
-33.32494354248047,22.09710693359375,-37.5194091796875
-36.99779510498047,16.946563720703125,-36.869720458984375
-40.50281524658203,10.99822998046875,-35.542877197265625
-43.44915008544922,4.190330505371094,-33.31781005859375
-45.62177276611328,-3.2427139282226562,-30.20703125
-46.569740295410156,-11.392684936523438,-26.165512084960938
-46.149757385253906,-19.688804626464844,-21.139572143554688
-43.874107360839844,-27.513568878173828,-15.540359497070312
-40.14795684814453,-34.57470703125,-9.996719360351562
-35.320213317871094,-40.43897247314453,-4.524749755859375
-29.571495056152344,-44.89753723144531,0.7593536376953125
-23.47557830810547,-47.86163330078125,5.963653564453125
-17.410743713378906,-49.30200958251953,11.129806518554688
-11.637435913085938,-49.541786193847656,16.20026397705078
-6.336944580078125,-48.584415435791016,21.397262573242188
-1.5802993774414062,-46.41261291503906,26.48497772216797
2.2098770141601562,-43.04146957397461,31.368270874023438
5.074974060058594,-38.926185607910156,36.17169952392578
7.23663330078125,-33.9460334777832,40.61168670654297
8.5323486328125,-27.91055679321289,44.93077850341797
8.998710632324219,-20.95690155029297,48.73265075683594
8.744956970214844,-13.546356201171875,51.48668670654297
7.904243469238281,-6.0893707275390625,53.29454040527344
6.321983337402344,1.0256500244140625,54.05010223388672
4.415977478027344,7.5890960693359375,53.96836853027344
2.0982513427734375,13.641716003417969,53.06446838378906
-0.3478851318359375,19.214385986328125,51.47380065917969
-2.82659912109375,24.529273986816406,49.142616271972656
-5.0437164306640625,29.769989013671875,45.93597412109375
-6.9988861083984375,34.86515808105469,41.87140655517578
-8.796440124511719,39.64757537841797,36.79365539550781
-10.418876647949219,43.814300537109375,30.81818389892578
-11.867294311523438,47.180442810058594,24.267906188964844
-13.289695739746094,49.67735290527344,17.507278442382812
-14.531936645507812,51.23466491699219,10.489639282226562
-15.834144592285156,51.71397399902344,3.61273193359375
-17.073394775390625,51.09253692626953,-3.17633056640625
-18.36762237548828,49.64500427246094,-9.824722290039062
-19.881187438964844,47.23114776611328,-16.105148315429688
-21.237030029296875,44.02251434326172,-22.020919799804688
-22.57884979248047,39.88410186767578,-27.533294677734375
-24.07459259033203,34.82848358154297,-32.363250732421875
-25.53290557861328,29.281105041503906,-36.41180419921875
-26.911781311035156,23.04217529296875,-39.42079162597656
-28.13544464111328,16.56708526611328,-41.36286926269531
-28.992408752441406,9.903274536132812,-42.332916259765625
-29.09009552001953,3.415050506591797,-42.55918884277344
-28.18506622314453,-2.5999107360839844,-42.120269775390625
-26.604148864746094,-8.249507904052734,-41.26435852050781
-24.47846221923828,-13.388988494873047,-40.18931579589844
-21.893150329589844,-17.90755844116211,-39.12934875488281
-18.987152099609375,-21.97122573852539,-38.29060363769531
-15.786956787109375,-25.55258560180664,-38.134521484375
-11.919425964355469,-28.18462562561035,-38.570281982421875
-7.404243469238281,-29.799007415771484,-39.51397705078125
-2.37457275390625,-30.017547607421875,-40.5296630859375
3.1371002197265625,-28.99838638305664,-41.50616455078125
8.807243347167969,-26.96235466003418,-42.15568542480469
14.413185119628906,-24.131141662597656,-42.50396728515625
19.895187377929688,-20.477924346923828,-42.2095947265625
24.782875061035156,-16.147186279296875,-41.62957763671875
28.97350311279297,-11.324295043945312,-40.743865966796875
32.08815002441406,-6.176761627197266,-39.796722412109375
34.013038635253906,-1.0064201354980469,-39.29280090332031
34.682823181152344,4.273860931396484,-38.911834716796875
33.79645538330078,9.498970031738281,-38.922454833984375
31.884986877441406,14.577316284179688,-39.3101806640625
28.914505004882812,19.345596313476562,-39.943450927734375
25.03662872314453,23.810150146484375,-40.455352783203125
20.586448669433594,27.950119018554688,-40.855072021484375
15.543022155761719,31.628318786621094,-40.90660095214844
10.059410095214844,34.470497131347656,-40.4627685546875
4.260810852050781,36.75444793701172,-39.78114318847656
-1.5745086669921875,38.03245544433594,-38.84407043457031
-7.677085876464844,38.697914123535156,-37.60163879394531
-13.799491882324219,38.578582763671875,-36.07037353515625
-19.449966430664062,37.681732177734375,-34.5830078125
-24.526222229003906,35.99591064453125,-33.39958190917969
-28.844154357910156,33.579872131347656,-32.55732727050781
-32.599586486816406,30.624427795410156,-32.21649169921875
-35.66004180908203,27.206932067871094,-32.03501892089844
-38.337806701660156,23.01831817626953,-32.33221435546875
-40.70917510986328,18.286415100097656,-32.67256164550781
-42.72412872314453,12.812812805175781,-32.91204833984375
-44.183677673339844,6.645240783691406,-32.71940612792969
-45.03911590576172,-0.40763092041015625,-32.09501647949219
-44.97351837158203,-8.02529525756836,-30.745803833007812
-43.842979431152344,-16.119670867919922,-28.554183959960938
-41.58197784423828,-24.144489288330078,-25.667236328125
-37.945899963378906,-31.676433563232422,-22.3519287109375
-33.192909240722656,-38.14155197143555,-18.75274658203125
-27.26673126220703,-43.47795867919922,-15.0467529296875
-20.8726806640625,-47.7120361328125,-11.857666015625
-14.339096069335938,-50.50813293457031,-9.240585327148438
-7.803031921386719,-52.045257568359375,-6.795928955078125
-1.5174102783203125,-52.72948455810547,-4.3703765869140625
4.395599365234375,-52.54597091674805,-1.553619384765625
9.711318969726562,-51.81291198730469,1.74395751953125
14.424186706542969,-50.38686752319336,5.5866546630859375
18.769485473632812,-48.19669723510742,9.932823181152344
22.576324462890625,-45.252994537353516,14.53533935546875
25.89592742919922,-41.61000061035156,19.125587463378906
28.81958770751953,-37.32337951660156,23.752769470214844
31.0230712890625,-32.393455505371094,28.167800903320312
32.534461975097656,-26.87472915649414,32.2445068359375
33.41044616699219,-20.882186889648438,35.99077606201172
33.612693786621094,-14.674797058105469,39.21955871582031
33.020118713378906,-8.403945922851562,42.009979248046875
31.425125122070312,-1.9239273071289062,44.375450134277344
28.89073944091797,4.5522613525390625,46.10015106201172
25.70697021484375,11.24749755859375,47.044532775878906
21.780960083007812,17.989486694335938,47.10713195800781
17.50902557373047,24.797767639160156,45.970497131347656
13.197746276855469,31.335479736328125,43.412315368652344
9.196052551269531,37.63067626953125,39.488075256347656
5.3900146484375,43.0863037109375,34.4188232421875
1.6212081909179688,47.32488250732422,28.63481903076172
-1.9617996215820312,50.33522033691406,22.543594360351562
-5.412628173828125,52.39698028564453,16.420608520507812
-8.398887634277344,53.509239196777344,10.493202209472656
-11.016738891601562,53.636619567871094,4.8478851318359375
-13.391822814941406,53.17015075683594,-0.805084228515625
-15.458221435546875,52.02726745605469,-6.3390960693359375
-17.25975799560547,50.3424072265625,-11.530685424804688
-19.064476013183594,48.059776306152344,-16.535614013671875
-20.887306213378906,45.13079071044922,-21.398666381835938
-22.452560424804688,41.69309997558594,-25.835845947265625
-23.779640197753906,37.63378143310547,-30.098251342773438
-24.73841094970703,33.184669494628906,-33.87474060058594
-25.62084197998047,28.369873046875,-37.1102294921875
-26.521217346191406,23.325607299804688,-39.473602294921875
-27.61023712158203,18.13060760498047,-40.90032958984375
-28.55779266357422,12.949546813964844,-41.510650634765625
-29.282508850097656,7.7385406494140625,-41.49163818359375
-29.65900421142578,2.7279586791992188,-40.79838562011719
-29.35852813720703,-2.093738555908203,-39.679168701171875
-28.60755157470703,-6.687099456787109,-38.08164978027344
-27.716636657714844,-11.35516357421875,-36.076141357421875
-26.802772521972656,-16.26628875732422,-34.161865234375
-26.802772521972656,-16.26628875732422,-34.161865234375
-25.807655334472656,-21.024246215820312,-32.43385314941406
-24.56574249267578,-25.55438232421875,-31.7418212890625
-22.295127868652344,-29.2437686920166,-32.028228759765625
-18.908790588378906,-31.707130432128906,-33.06550598144531
-14.604438781738281,-32.842288970947266,-34.76243591308594
-9.696357727050781,-32.63639831542969,-36.65959167480469
-4.226509094238281,-31.452167510986328,-38.52809143066406
1.6511764526367188,-29.37946891784668,-40.202728271484375
7.871574401855469,-26.864370346069336,-41.562408447265625
13.907722473144531,-23.717777252197266,-42.18537902832031
19.306175231933594,-19.73236846923828,-42.416717529296875
23.5367431640625,-15.019294738769531,-42.29728698730469
26.650436401367188,-9.758674621582031,-42.099639892578125
28.67247772216797,-4.077442169189453,-42.09562683105469
29.260894775390625,1.540191650390625,-42.26387023925781
28.87103271484375,6.857402801513672,-42.42457580566406
27.57128143310547,11.635185241699219,-42.57275390625
25.404052734375,16.093666076660156,-42.83363342285156
22.146026611328125,20.203292846679688,-43.09498596191406
18.16791534423828,23.791534423828125,-43.48646545410156
13.624519348144531,27.044692993164062,-43.74806213378906
8.78253173828125,29.741905212402344,-43.63688659667969
3.7273483276367188,31.762802124023438,-43.03715515136719
-1.2274932861328125,33.193199157714844,-42.22271728515625
-5.880378723144531,34.311058044433594,-41.33686828613281
-10.256591796875,34.761566162109375,-40.43550109863281
-14.420547485351562,34.37757110595703,-39.8243408203125
-18.32451629638672,33.31849670410156,-39.280853271484375
-21.75293731689453,31.817337036132812,-38.95030212402344
-24.92925262451172,29.62633514404297,-39.050506591796875
-27.904518127441406,26.994361877441406,-39.16893005371094
-30.654457092285156,23.837059020996094,-39.209442138671875
-33.173606872558594,20.246780395507812,-39.21588134765625
-35.526954650878906,16.320083618164062,-39.09844970703125
-37.72698211669922,12.056999206542969,-38.792510986328125
-39.27544403076172,7.407356262207031,-38.25184631347656
-40.470359802246094,2.310871124267578,-37.632965087890625
-40.95856475830078,-3.1213645935058594,-36.74176025390625
-40.765480041503906,-8.896724700927734,-35.72062683105469
-39.847023010253906,-14.904178619384766,-34.47166442871094
-37.880409240722656,-20.919410705566406,-32.816009521484375
-35.119102478027344,-26.893836975097656,-31.216323852539062
-31.45294952392578,-32.32906723022461,-29.368667602539062
-26.981849670410156,-37.48979949951172,-26.941558837890625
-22.206390380859375,-41.936370849609375,-24.326507568359375
-17.111190795898438,-45.48057556152344,-21.124862670898438
-11.791244506835938,-48.22505187988281,-17.841705322265625
-6.569038391113281,-50.09394454956055,-14.537582397460938
-1.4090347290039062,-51.2584342956543,-11.362060546875
3.6031265258789062,-51.49198532104492,-7.9448699951171875
8.471977233886719,-51.24605178833008,-4.2701263427734375
13.216835021972656,-50.3768424987793,-0.49237060546875
17.742782592773438,-48.88357925415039,3.2745513916015625
21.942947387695312,-46.694942474365234,7.073951721191406
25.976791381835938,-43.946189880371094,10.97772216796875
29.659698486328125,-40.46833801269531,14.752082824707031
33.04893493652344,-36.35011672973633,18.188095092773438
35.89435577392578,-31.682327270507812,21.435340881347656
38.26300811767578,-26.62605094909668,24.535202026367188
40.29972839355469,-21.135841369628906,27.205810546875
41.7526741027832,-15.190921783447266,29.210922241210938
42.63893508911133,-9.078792572021484,30.75640106201172
42.83298110961914,-2.494487762451172,31.947242736816406
42.504032135009766,4.277713775634766,32.605987548828125
41.452606201171875,11.192306518554688,32.74024200439453
39.445037841796875,17.934860229492188,32.515106201171875
36.646324157714844,24.365753173828125,32.00086212158203
32.99297332763672,30.279220581054688,31.07733917236328
28.672073364257812,35.75104522705078,29.503707885742188
23.86164093017578,40.63501739501953,27.348861694335938
18.92157745361328,44.91827392578125,24.69805145263672
13.937759399414062,48.4283447265625,21.584815979003906
9.157302856445312,51.126976013183594,17.70050048828125
4.50390625,53.20885467529297,13.346832275390625
0.04540252685546875,54.36614990234375,8.524909973144531
-4.362876892089844,54.657997131347656,3.518951416015625
-8.577423095703125,54.20379638671875,-1.6119537353515625
-12.571685791015625,52.77276611328125,-6.6683197021484375
-16.402069091796875,50.61973571777344,-11.674453735351562
-19.6876220703125,47.87541961669922,-16.627105712890625
-22.67839813232422,44.28819274902344,-21.161529541015625
-25.253944396972656,40.14056396484375,-25.400253295898438
-27.46562957763672,35.474151611328125,-29.099655151367188
-29.14997100830078,30.562088012695312,-32.33250427246094
-30.48155975341797,25.355789184570312,-34.91862487792969
-31.342689514160156,20.146820068359375,-36.99241638183594
-31.73186492919922,14.940841674804688,-38.61968994140625
-31.736793518066406,9.699836730957031,-39.45964050292969
-31.33869171142578,4.739471435546875,-39.657379150390625
-30.789146423339844,0.05582427978515625,-39.220855712890625
-30.131797790527344,-4.215141296386719,-37.8712158203125
-29.653526306152344,-8.230365753173828,-36.010162353515625
-29.53099822998047,-12.311153411865234,-33.800323486328125
-29.34093475341797,-16.490280151367188,-32.00505065917969
-28.509666442871094,-20.61231231689453,-31.173126220703125
-26.87902069091797,-24.34972381591797,-31.76373291015625
-24.165687561035156,-27.31965446472168,-33.42503356933594
-20.433555603027344,-29.534400939941406,-35.70440673828125
-15.875503540039062,-30.35585594177246,-38.074310302734375
-11.047760009765625,-29.947341918945312,-40.21903991699219
-6.048980712890625,-28.483627319335938,-42.28761291503906
-1.1963729858398438,-25.973419189453125,-44.29087829589844
3.201873779296875,-22.553680419921875,-46.06056213378906
6.9576263427734375,-18.497657775878906,-47.55804443359375
10.318565368652344,-14.304000854492188,-48.75831604003906
13.271186828613281,-9.900665283203125,-49.65362548828125
15.347419738769531,-5.3685760498046875,-50.05842590332031
16.62268829345703,-0.5235252380371094,-50.20487976074219
16.79388427734375,4.420192718505859,-50.13948059082031
16.063323974609375,9.5577392578125,-50.08293151855469
14.095550537109375,14.509376525878906,-49.92529296875
11.150970458984375,18.77239227294922,-49.64402770996094
7.339508056640625,22.27587127685547,-49.27415466308594
2.7600173950195312,24.961029052734375,-48.72398376464844
-2.41802978515625,26.829986572265625,-47.95515441894531
-7.925483703613281,27.74217987060547,-46.78971862792969
-13.648391723632812,27.979827880859375,-45.37249755859375
-19.235931396484375,27.492027282714844,-43.529327392578125
-24.581153869628906,26.52154541015625,-41.53434753417969
-29.21985626220703,24.832740783691406,-39.519134521484375
-33.119850158691406,22.544876098632812,-37.70964050292969
-36.46674346923828,19.43378448486328,-36.32228088378906
-39.27422332763672,15.519882202148438,-35.38957214355469
-41.54645538330078,10.838310241699219,-34.698699951171875
-43.17076873779297,5.147373199462891,-33.94831848144531
-44.12218475341797,-1.2384719848632812,-32.88813781738281
-44.03644561767578,-8.040210723876953,-31.6226806640625
-42.945213317871094,-15.01736068725586,-30.120712280273438
-40.85979461669922,-21.953636169433594,-28.37921142578125
-37.966392517089844,-28.45357894897461,-26.257766723632812
-34.097923278808594,-33.96920394897461,-24.1644287109375
-29.81768035888672,-38.80356216430664,-21.9979248046875
-25.342979431152344,-42.59101486206055,-20.203750610351562
-20.742523193359375,-45.47665023803711,-18.6025390625
-15.971435546875,-47.653629302978516,-17.566970825195312
-11.32037353515625,-49.129173278808594,-16.7027587890625
-6.78875732421875,-50.058555603027344,-15.950347900390625
-2.2888107299804688,-50.72636795043945,-15.048004150390625
2.00689697265625,-50.93217468261719,-13.492568969726562
6.118309020996094,-50.87775802612305,-11.642440795898438
10.211753845214844,-50.559898376464844,-9.25732421875
14.069953918457031,-50.01008605957031,-6.089874267578125
17.707923889160156,-49.0479736328125,-2.518218994140625
21.356307983398438,-47.56417465209961,1.274810791015625
24.895538330078125,-45.431236267089844,5.5051116943359375
28.261863708496094,-42.6912956237793,9.822296142578125
31.417373657226562,-39.2667236328125,14.130119323730469
34.18639373779297,-35.07230758666992,18.420394897460938
36.375450134277344,-30.166444778442383,22.728660583496094
38.038787841796875,-24.65634536743164,26.77349090576172
38.968170166015625,-18.60751724243164,30.427635192871094
39.13213348388672,-12.230972290039062,33.74542236328125
38.479331970214844,-5.578666687011719,36.46831512451172
36.976165771484375,1.2634162902832031,38.60663604736328
34.791038513183594,8.093513488769531,40.03300476074219
31.930992126464844,15.23504638671875,40.33867645263672
28.64409637451172,22.156539916992188,39.70244598388672
25.09966278076172,28.914306640625,37.773773193359375
21.447845458984375,34.994544982910156,35.122833251953125
17.647293090820312,40.3018798828125,31.89238739013672
13.492378234863281,44.561309814453125,28.352279663085938
9.552391052246094,47.90631866455078,24.419265747070312
5.536224365234375,50.34983825683594,20.401329040527344
1.6397018432617188,51.93328094482422,16.22472381591797
-2.1274795532226562,53.12554931640625,11.798042297363281
-5.668357849121094,53.58366394042969,7.169036865234375
-9.200103759765625,53.526214599609375,2.6592254638671875
-12.610557556152344,52.85064697265625,-1.89892578125
-15.839683532714844,51.555877685546875,-6.2469482421875
-18.72130584716797,49.83564758300781,-10.560012817382812
-21.275672912597656,47.42063903808594,-14.881637573242188
-23.394081115722656,44.656227111816406,-19.056442260742188
-25.150733947753906,41.59393310546875,-22.804168701171875
-26.65711212158203,38.274742126464844,-26.186355590820312
-28.093299865722656,34.63591003417969,-29.20489501953125
-29.60124969482422,30.710891723632812,-31.684127807617188
-31.19190216064453,26.33922576904297,-33.51556396484375
-33.00031280517578,21.688934326171875,-34.48863220214844
-34.612266540527344,16.593963623046875,-35.03863525390625
-35.890159606933594,11.197380065917969,-34.67866516113281
-36.66876983642578,5.5061798095703125,-33.88348388671875
-36.705528259277344,-0.2632942199707031,-32.67475891113281
-35.98664093017578,-5.881687164306641,-31.422088623046875
-34.73113250732422,-11.306232452392578,-30.012252807617188
-33.15259552001953,-16.515254974365234,-28.7958984375
-31.333641052246094,-21.334972381591797,-27.8463134765625
-29.124183654785156,-25.81144905090332,-27.679916381835938
-26.394859313964844,-29.383312225341797,-28.342391967773438
-23.12053680419922,-31.991615295410156,-29.953018188476562
-19.187843322753906,-33.456451416015625,-32.08233642578125
-14.596038818359375,-33.85682678222656,-34.360443115234375
-9.70965576171875,-33.361907958984375,-36.6741943359375
-4.520408630371094,-31.95218276977539,-38.78987121582031
0.8177871704101562,-29.794219970703125,-40.88922119140625
6.004524230957031,-26.4620361328125,-42.68830871582031
10.861396789550781,-22.502490997314453,-44.32508850097656
14.990325927734375,-17.736862182617188,-45.512481689453125
18.275344848632812,-12.480377197265625,-46.33343505859375
20.394561767578125,-6.897274017333984,-46.81230163574219
21.446212768554688,-1.24542236328125,-47.04234313964844
21.53118896484375,4.4453887939453125,-47.057952880859375
20.730300903320312,10.0155029296875,-46.88629150390625
19.01628875732422,15.109710693359375,-46.76837158203125
16.36334228515625,19.625953674316406,-46.389068603515625
12.487754821777344,23.547882080078125,-46.08966064453125
7.761138916015625,26.724273681640625,-45.77565002441406
2.4353485107421875,29.079635620117188,-45.1231689453125
-2.8993988037109375,30.827919006347656,-44.26164245605469
-7.973167419433594,32.07563018798828,-42.978668212890625
-12.810699462890625,32.442787170410156,-41.69110107421875
-17.366844177246094,32.025245666503906,-40.512725830078125
-21.623184204101562,30.723289489746094,-39.66131591796875
-25.46318817138672,28.68964385986328,-39.11482238769531
-28.943504333496094,25.85162353515625,-38.680755615234375
-32.251014709472656,22.570632934570312,-38.501190185546875
-34.95417022705078,18.686485290527344,-38.383575439453125
-37.233726501464844,14.389083862304688,-37.84336853027344
-39.42823028564453,9.602890014648438,-37.31854248046875
-41.029075622558594,4.012592315673828,-36.17521667480469
-42.352745056152344,-2.3387374877929688,-34.478790283203125
-43.039222717285156,-8.92059326171875,-32.08204650878906
-42.750144958496094,-15.627105712890625,-29.501861572265625
-41.49846649169922,-22.13187026977539,-26.612762451171875
-39.465782165527344,-28.170419692993164,-23.909194946289062
-36.427528381347656,-33.43681335449219,-21.485626220703125
-32.54016876220703,-37.93312072753906,-19.653961181640625
-28.280479431152344,-41.63739776611328,-18.335586547851562
-23.630226135253906,-44.52067565917969,-17.417984008789062
-18.795730590820312,-47.00334167480469,-16.763290405273438
-14.081253051757812,-48.934043884277344,-16.209396362304688
-9.48797607421875,-50.21244430541992,-15.266204833984375
-4.984947204589844,-51.08245086669922,-13.718475341796875
-0.6735992431640625,-51.46042251586914,-11.53857421875
3.6717453002929688,-51.586456298828125,-9.109817504882812
7.807861328125,-51.326053619384766,-6.295196533203125
11.663177490234375,-50.71882629394531,-3.488525390625
15.606025695800781,-49.73981475830078,-0.568878173828125
19.602020263671875,-48.254798889160156,2.5250244140625
23.42961883544922,-46.32220458984375,5.60162353515625
27.34168243408203,-43.898048400878906,8.644477844238281
31.00336456298828,-40.85343933105469,11.833015441894531
34.072166442871094,-37.25651168823242,15.081016540527344
36.50172424316406,-33.137596130371094,18.2108154296875
38.60157012939453,-28.575098037719727,21.42052459716797
40.21717071533203,-23.665775299072266,24.68932342529297
40.99383544921875,-18.518455505371094,27.776840209960938
41.127593994140625,-13.103355407714844,30.751930236816406
40.680450439453125,-7.303245544433594,33.53546142578125
39.665924072265625,-1.4085502624511719,35.89813995361328
38.04850769042969,4.545543670654297,37.394020080566406
36.09992980957031,10.656478881835938,38.24492645263672
33.728668212890625,16.60527801513672,38.30902862548828
31.104629516601562,22.500465393066406,37.64282989501953
28.192955017089844,27.86321258544922,36.47692108154297
24.90253448486328,32.83001708984375,35.02644348144531
21.196678161621094,37.099853515625,33.373008728027344
17.20550537109375,40.735443115234375,31.51805877685547
12.939254760742188,43.792945861816406,29.398147583007812
8.139152526855469,46.21858215332031,27.364425659179688
3.3075180053710938,48.01496124267578,25.20789337158203
-1.7178955078125,49.27198791503906,22.736221313476562
-6.682472229003906,49.983489990234375,19.829376220703125
-11.464225769042969,50.15296173095703,16.51360321044922
-15.962966918945312,49.73059844970703,12.9505615234375
-20.331016540527344,49.00209045410156,9.13702392578125
-24.316383361816406,47.642417907714844,5.1595916748046875
-27.891639709472656,45.743431091308594,1.2675628662109375
-31.21288299560547,43.42290496826172,-2.568084716796875
-34.153480529785156,40.61573028564453,-6.39794921875
-36.50035858154297,37.47569274902344,-10.283126831054688
-38.554664611816406,33.99639892578125,-14.00408935546875
-39.99140167236328,30.305831909179688,-17.388763427734375
-41.050132751464844,26.487167358398438,-20.495437622070312
-41.73676300048828,22.7340087890625,-23.22894287109375
-42.013755798339844,19.037109375,-25.613189697265625
-42.15522003173828,15.449470520019531,-27.671951293945312
-42.033851623535156,11.873863220214844,-29.344573974609375
-41.80321502685547,8.376251220703125,-30.731704711914062
-41.20801544189453,5.3914794921875,-32.08854675292969
-40.409706115722656,2.5334854125976562,-33.30389404296875
-39.53728485107422,0.06615066528320312,-34.16986083984375
-38.73651885986328,-2.112957000732422,-35.07423400878906
-37.86418914794922,-4.254634857177734,-36.01808166503906
-36.95832061767578,-6.093372344970703,-36.71232604980469
-36.354103088378906,-7.937648773193359,-37.17274475097656
-35.76976776123047,-9.537227630615234,-37.47674560546875
-35.141746520996094,-10.93753433227539,-37.907684326171875
-34.408531188964844,-11.958309173583984,-38.466766357421875
-33.53882598876953,-12.408935546875,-39.066192626953125
-32.805747985839844,-12.18441390991211,-39.6197509765625
-32.262062072753906,-11.540897369384766,-40.12513732910156
-32.11998748779297,-10.644515991210938,-40.72358703613281
-32.16320037841797,-9.45291519165039,-40.759857177734375
-32.760154724121094,-8.01324462890625,-40.56684875488281
-33.677345275878906,-6.758888244628906,-40.003570556640625
-34.98662567138672,-5.443416595458984,-39.1004638671875
-36.55852508544922,-4.3578338623046875,-37.85133361816406
-38.372886657714844,-3.3048324584960938,-36.29820251464844
-40.192237854003906,-2.3152694702148438,-34.67497253417969
-42.175498962402344,-1.427093505859375,-32.474365234375
-44.296241760253906,-0.8993911743164062,-29.600738525390625
-46.36559295654297,-0.7326545715332031,-26.138412475585938
-48.22338104248047,-0.6730613708496094,-22.345230102539062
-50.107261657714844,-0.7138252258300781,-17.832717895507812
-51.64044952392578,-0.6523551940917969,-12.62359619140625
-52.748512268066406,-0.654266357421875,-7.0933074951171875
-53.263938903808594,-0.249664306640625,-1.335174560546875
-53.159629821777344,0.09259414672851562,4.4832000732421875
-52.31995391845703,0.5006752014160156,10.241470336914062
-50.920448303222656,0.9331626892089844,15.9754638671875
-49.184837341308594,1.420989990234375,20.910751342773438
-47.519432067871094,1.9597396850585938,24.526687622070312
-46.30419158935547,2.5661849975585938,27.04920196533203
-45.148277282714844,3.224040985107422,29.056350708007812
-43.640052795410156,4.024208068847656,31.205787658691406
-41.638023376464844,5.275184631347656,33.63407897949219
-39.29340362548828,6.705829620361328,36.041893005371094
-37.052772521972656,8.541099548339844,38.087127685546875
-35.115638732910156,10.112319946289062,39.60008239746094
-33.872840881347656,11.60467529296875,40.53575897216797
-33.32421112060547,12.77508544921875,40.62568664550781
-33.31969451904297,13.900505065917969,40.3544921875
-33.47747039794922,14.962669372558594,40.061744689941406
-33.22466278076172,16.152069091796875,39.85237121582031
-32.47673797607422,17.44910430908203,39.896026611328125
-31.37029266357422,18.931625366210938,39.965919494628906
-30.175392150878906,20.345977783203125,40.289649963378906
-28.674583435058594,21.68079376220703,40.65965270996094
-26.88640594482422,22.87804412841797,41.358154296875
-25.304222106933594,23.654701232910156,42.030418395996094
-24.04747772216797,24.180465698242188,42.51448059082031
-22.87487030029297,24.677459716796875,42.85479736328125
-21.547935485839844,25.111312866210938,43.123680114746094
-20.538421630859375,25.674942016601562,43.10527038574219
-19.794876098632812,26.453125,43.03003692626953
-19.276275634765625,27.171432495117188,42.98107147216797
-18.55548858642578,27.82061004638672,42.93772888183594
-17.765945434570312,28.53546905517578,42.70094299316406
-16.635696411132812,29.5887451171875,42.26781463623047
-14.885955810546875,30.614532470703125,41.9141845703125
-12.621681213378906,31.829742431640625,41.7169189453125
-10.24395751953125,33.05247497558594,41.495277404785156
-8.055549621582031,34.07652282714844,41.193138122558594
-6.077484130859375,34.762176513671875,41.05902862548828
-4.136558532714844,35.15612030029297,41.02825164794922
-2.3370819091796875,35.600852966308594,41.037811279296875
-1.0861892700195312,36.003257751464844,40.88610076904297
-1.0861892700195312,36.003257751464844,40.88610076904297
-0.5511016845703125,36.4388427734375,40.55332946777344
-0.4112701416015625,36.816856384277344,39.991004943847656
-0.422210693359375,37.250823974609375,39.34690856933594
-0.5309524536132812,37.87434387207031,38.74237060546875
-0.8626251220703125,38.34105682373047,38.243927001953125
-1.2567291259765625,38.69877624511719,37.94682312011719
-1.5606460571289062,38.900054931640625,37.71910095214844
-1.8802108764648438,39.078453063964844,37.60694885253906
-2.1731719970703125,39.08454895019531,37.64726257324219
-2.489837646484375,39.173118591308594,37.64649963378906
-2.8631515502929688,39.234901428222656,37.70506286621094
-3.1301116943359375,39.065032958984375,37.77870178222656
-3.2856063842773438,39.06657409667969,37.726654052734375
-3.5594100952148438,39.10075378417969,37.63694763183594
-3.7898941040039062,38.99067687988281,37.658302307128906
-3.8617782592773438,38.89900207519531,37.77342987060547
-4.0014801025390625,38.90008544921875,37.647705078125
-4.02227783203125,38.933082580566406,37.592445373535156
-4.003509521484375,38.950157165527344,37.653038024902344
-4.03594970703125,38.971412658691406,37.70094299316406
-3.950103759765625,38.978797912597656,37.79150390625
-3.917327880859375,38.95995330810547,37.64404296875
-3.8894195556640625,38.886688232421875,37.75032043457031
-3.881103515625,38.701019287109375,38.015472412109375
-3.8049697875976562,38.564918518066406,38.125
-3.5144729614257812,38.394920349121094,38.15657043457031
-3.2695541381835938,38.27244567871094,38.34551239013672
-2.6953506469726562,38.1986083984375,38.539878845214844
-2.3597946166992188,38.000267028808594,38.59941101074219
-2.1270217895507812,37.70477294921875,38.83958435058594
-1.9543228149414062,37.340232849121094,39.168678283691406
-1.7726669311523438,36.84839630126953,39.44813537597656
-1.6121597290039062,36.42840576171875,39.82568359375
-1.5324859619140625,35.87682342529297,40.231170654296875
-1.438720703125,35.42010498046875,40.83154296875
-1.2508926391601562,35.12001037597656,41.185585021972656
-1.1079177856445312,34.99458312988281,41.39311218261719
-1.1080245971679688,34.95275115966797,41.58368682861328
-1.1342697143554688,34.932518005371094,41.641822814941406
-1.1312026977539062,34.99400329589844,41.52332305908203
-1.1438140869140625,35.084083557128906,41.32511901855469
-1.080474853515625,35.08769989013672,41.310218811035156
-1.0823593139648438,35.07562255859375,41.3126220703125
-1.03778076171875,34.927589416503906,41.16917419433594
-1.2499923706054688,34.97333526611328,41.17138671875
-1.5620269775390625,34.98358917236328,41.286155700683594
-1.88250732421875,34.993438720703125,41.26353454589844
-2.0056991577148438,35.0948486328125,41.31201171875
-2.0432815551757812,35.13700866699219,41.14807891845703
-2.0591201782226562,35.216583251953125,41.20219421386719
-2.0558700561523438,35.07731628417969,41.288658142089844
-1.9813919067382812,35.037574768066406,41.308868408203125
-1.99578857421875,35.122398376464844,41.18792724609375
-2.0032501220703125,35.143341064453125,41.2236328125
-1.9586181640625,35.178993225097656,41.23577880859375
-1.944915771484375,35.23674774169922,41.297813415527344
-1.9582138061523438,35.29943084716797,41.25031280517578
-2.0499114990234375,35.20970916748047,41.3033447265625
-2.0478439331054688,35.19563293457031,41.294395446777344
-1.946075439453125,35.207061767578125,41.273475646972656
-2.0253524780273438,35.2164306640625,41.28411102294922
-2.0757827758789062,35.09905242919922,41.28313446044922
-2.048980712890625,35.10626220703125,41.247772216796875
-2.142059326171875,35.16114044189453,41.101158142089844
-2.0885543823242188,35.05565643310547,41.12053680419922
-2.0642547607421875,35.091064453125,41.14302062988281
-2.0605697631835938,35.017784118652344,41.08879852294922
-2.149810791015625,35.091949462890625,41.053001403808594
-2.1552734375,35.125770568847656,41.055274963378906
-2.1069107055664062,35.19276428222656,41.086151123046875
-1.9850082397460938,35.198875427246094,41.03271484375
-1.9916915893554688,35.19843292236328,40.831092834472656
-2.0622634887695312,35.147926330566406,40.941864013671875
-2.0256271362304688,35.20867156982422,40.91874694824219
-2.1293487548828125,35.109230041503906,40.92388916015625
-2.1499862670898438,35.08655548095703,41.08935546875
-2.1511077880859375,35.01903533935547,41.18437957763672
-2.1553573608398438,35.0859375,41.09027862548828
-2.18084716796875,35.094139099121094,41.08373260498047
-2.2039108276367188,35.106163024902344,41.08610534667969
-2.2216796875,35.213218688964844,41.10807800292969
-2.1908340454101562,35.16429138183594,41.05522155761719
-2.1554107666015625,35.132102966308594,41.043785095214844
-2.1215744018554688,35.08259582519531,41.17155456542969
-2.1727676391601562,35.05535888671875,41.22338104248047
-2.2892074584960938,35.036460876464844,41.21067810058594
-2.2770233154296875,34.97904968261719,41.090538024902344
-2.2894210815429688,34.95948028564453,41.13751220703125
-2.1811752319335938,34.88874053955078,41.041526794433594
-2.1827468872070312,34.96253967285156,40.973358154296875
-2.1695938110351562,35.026092529296875,41.06156921386719
-2.1206283569335938,34.93733215332031,41.13682556152344
-2.0745849609375,35.018310546875,41.140724182128906
-2.0930709838867188,34.98590087890625,41.08452606201172
-2.1250457763671875,35.036659240722656,41.18394470214844
-2.1608657836914062,35.012451171875,41.30836486816406
-2.1768341064453125,35.024131774902344,41.40034484863281
-2.0881805419921875,34.99932861328125,41.343666076660156
-2.1237945556640625,34.99971008300781,41.261810302734375
-1.9933547973632812,35.02268981933594,41.15043640136719
-2.0827713012695312,35.09815979003906,41.002593994140625
-2.138671875,35.01862335205078,40.795143127441406
-2.0267333984375,34.97576904296875,40.76715850830078
-2.0104293823242188,34.945465087890625,40.95207214355469
-1.9722442626953125,35.049644470214844,41.01251220703125
-1.9527969360351562,35.10021209716797,41.06007385253906
-1.9231491088867188,35.06819152832031,40.92547607421875
-1.98626708984375,34.991661071777344,40.956390380859375
-1.8131866455078125,34.937782287597656,41.027191162109375
-1.9137954711914062,34.89750671386719,41.2083740234375
-1.9484939575195312,34.957542419433594,41.363525390625
-1.9897003173828125,35.014060974121094,41.35467529296875
-1.9628829956054688,35.05403137207031,41.27032470703125
-1.9561233520507812,35.065025329589844,41.285179138183594
-1.915283203125,35.05696105957031,41.13660430908203
-1.9032363891601562,35.040435791015625,40.982704162597656
-1.9396286010742188,35.00799560546875,41.05957794189453
-1.9512863159179688,34.96397399902344,41.083106994628906
-1.876220703125,34.936073303222656,41.14495086669922
-1.9921875,34.903289794921875,41.266571044921875
-2.0137405395507812,34.847877502441406,41.24323272705078
-2.0183944702148438,34.78672790527344,41.15009307861328
-1.98699951171875,34.90123748779297,41.14643859863281
-2.0094451904296875,34.98722839355469,41.19264221191406
-1.9737319946289062,35.02903747558594,41.263526916503906
-1.9468002319335938,34.929962158203125,41.149208068847656
-1.994110107421875,34.942970275878906,41.02611541748047
-1.8165130615234375,35.03202819824219,41.03971862792969
-1.741729736328125,34.93531036376953,40.97784423828125
-1.72015380859375,35.039894104003906,41.00121307373047
-1.9138641357421875,35.034507751464844,40.84759521484375
-1.9208450317382812,35.11793518066406,40.75652313232422
-2.0926437377929688,35.16786193847656,40.818626403808594
-2.0808029174804688,35.107078552246094,40.74334716796875
-1.9666900634765625,35.08466339111328,40.76581573486328
-1.907257080078125,35.09040069580078,40.646934509277344
-1.895355224609375,35.17150115966797,40.639808654785156
-1.9790725708007812,35.03971862792969,40.6058349609375
-2.0652236938476562,35.08537292480469,40.68397521972656
-2.0517654418945312,35.11023712158203,40.71815490722656
-2.078369140625,35.081214904785156,40.779510498046875
-2.0350265502929688,35.077781677246094,40.855247497558594
-1.966033935546875,34.940025329589844,40.93181610107422
-1.9379501342773438,34.913169860839844,41.041351318359375
-2.0857086181640625,34.78376770019531,41.10675811767578
-1.9808197021484375,34.83378601074219,41.10160827636719
-1.9632797241210938,34.87379455566406,41.12610626220703
-1.9591064453125,35.03242492675781,41.01500701904297
-1.9051361083984375,35.03144073486328,40.83203887939453
-1.8404083251953125,35.021751403808594,40.682769775390625
-1.9627914428710938,34.947906494140625,40.803993225097656
-2.0187454223632812,34.98047637939453,40.89540100097656
-2.03131103515625,34.918174743652344,41.014747619628906
-1.944610595703125,34.894195556640625,40.98706817626953
-1.96405029296875,34.87999725341797,40.897613525390625
-1.9178619384765625,34.948829650878906,40.79078674316406
-1.9560317993164062,35.13006591796875,40.88780975341797
-1.9934158325195312,35.21472930908203,41.07549285888672
-2.1277999877929688,35.142982482910156,41.132545471191406
-2.0906753540039062,35.13298034667969,40.9957275390625
-1.956146240234375,35.099578857421875,41.11145782470703
-2.0085830688476562,35.08948516845703,41.08655548095703
-1.915985107421875,35.108604431152344,41.24170684814453
-1.6956100463867188,34.92255401611328,41.32799530029297
-1.7260360717773438,34.96156311035156,41.35740661621094
-1.798431396484375,34.89564514160156,41.49614715576172
-1.8054656982421875,34.929962158203125,41.526268005371094
-1.9034500122070312,35.00080871582031,41.53996276855469
-1.9932327270507812,34.990692138671875,41.60536193847656
-1.9330291748046875,34.950714111328125,41.61260223388672
-2.0452499389648438,34.958518981933594,41.56928253173828
-2.0560379028320312,34.950401306152344,41.55949401855469
-2.0419540405273438,35.05602264404297,41.5400390625
-2.0194549560546875,35.080345153808594,41.474769592285156
-2.0408782958984375,35.022605895996094,41.51775360107422
-1.9812469482421875,35.00708770751953,41.678016662597656
-1.9821701049804688,35.006103515625,41.70392608642578
-1.9471969604492188,35.04113006591797,41.76130676269531
-1.958251953125,34.91808319091797,41.73460388183594
-1.938201904296875,34.968544006347656,41.632652282714844
-2.0704116821289062,34.99037170410156,41.623619079589844
-2.0828475952148438,35.00395202636719,41.475494384765625
-2.0486831665039062,35.00965881347656,41.3204345703125
-1.9955368041992188,35.096290588378906,41.37214660644531
-1.9464035034179688,35.21150207519531,41.518760681152344
-1.9103622436523438,35.1685791015625,41.420082092285156
-1.732421875,35.13928985595703,41.25444793701172
-1.7569198608398438,35.15266418457031,41.15540313720703
-1.9142990112304688,35.100318908691406,41.29722595214844
-2.0287322998046875,35.01832580566406,41.45947265625
-2.1468124389648438,34.988670349121094,41.49547576904297
-2.2150039672851562,34.899681091308594,41.437477111816406
-2.2418060302734375,34.907188415527344,41.44602966308594
-2.131622314453125,34.97737121582031,41.427528381347656
-2.1372528076171875,34.99872589111328,41.27588653564453
-2.1596832275390625,35.04639434814453,41.256080627441406
-1.98956298828125,35.00251007080078,41.263702392578125
-1.9458847045898438,35.022186279296875,41.406333923339844
-1.9536056518554688,34.99742126464844,41.45697784423828
-2.1219863891601562,35.01335144042969,41.32269287109375
-2.0572357177734375,35.06523895263672,41.11389923095703
-2.0111541748046875,35.10265350341797,41.079193115234375
-1.9392547607421875,35.02656555175781,41.052581787109375
-1.97882080078125,34.99403381347656,41.18003845214844
-2.0183181762695312,35.042816162109375,41.07373809814453
-1.9917373657226562,35.08379364013672,41.1160888671875
-2.1039199829101562,35.06146240234375,41.23908996582031
-2.134429931640625,35.095375061035156,41.24427795410156
-2.1532135009765625,35.061431884765625,41.245513916015625
-2.142059326171875,35.072174072265625,41.28977966308594
-1.969757080078125,35.092872619628906,41.311058044433594
-1.9928207397460938,35.06523132324219,41.289878845214844
-2.0205230712890625,35.042579650878906,41.25092315673828
-1.98114013671875,35.19245910644531,41.20619201660156
-2.024688720703125,35.195228576660156,41.281150817871094
-1.9786834716796875,35.1185302734375,41.402191162109375
-1.9561996459960938,35.123374938964844,41.510826110839844
-1.9412918090820312,35.12110900878906,41.561500549316406
-1.970703125,35.12653350830078,41.49278259277344
-1.876953125,35.288970947265625,41.387725830078125
-1.8361129760742188,35.269561767578125,41.24006652832031
-1.8384017944335938,35.2545166015625,41.37721252441406
-1.7291793823242188,35.286399841308594,41.24451446533203
-1.8506393432617188,35.37505340576172,41.204444885253906
-1.901275634765625,35.290321350097656,41.280433654785156
-2.0919418334960938,35.32868194580078,41.27185821533203
-2.0555572509765625,35.25092315673828,41.20912170410156
-1.9993209838867188,35.211280822753906,41.25242614746094
-1.9218521118164062,35.26847839355469,41.24015808105469
-1.8694305419921875,35.33654022216797,41.35530090332031
-1.9928512573242188,35.30432891845703,41.54991912841797
-2.0148696899414062,35.331398010253906,41.49974060058594
-1.9625473022460938,35.34858703613281,41.39898681640625
-1.9533538818359375,35.347755432128906,41.55876159667969
-2.12408447265625,35.203758239746094,41.435829162597656
-2.0169830322265625,35.33946228027344,41.189659118652344
-1.9766006469726562,35.275482177734375,40.99482727050781
-1.9725799560546875,35.27527618408203,40.881103515625
-1.9449920654296875,35.28678894042969,40.880035400390625
-2.0976104736328125,35.17832946777344,40.885658264160156
-2.0796737670898438,35.17176055908203,41.078895568847656
-2.0376358032226562,35.29170227050781,41.176246643066406
-1.92205810546875,35.302085876464844,41.18189239501953
-1.9468536376953125,35.27708435058594,41.34552001953125
-2.104095458984375,35.162139892578125,41.31511688232422
-2.082855224609375,35.266357421875,41.2939453125
-2.1647186279296875,35.326988220214844,41.248291015625
-2.0129623413085938,35.33582305908203,41.24790954589844
-2.0790176391601562,35.30968475341797,41.24745178222656
-2.0264434814453125,35.27447509765625,41.1312255859375
-1.9759368896484375,35.106475830078125,41.139862060546875
-2.0536880493164062,35.07000732421875,41.23407745361328
-2.084197998046875,35.15801239013672,41.22028350830078
-2.0874786376953125,35.15440368652344,41.172828674316406
-2.1390838623046875,35.11956787109375,41.11024475097656
-2.0588531494140625,34.93879699707031,41.26472473144531
-2.0471267700195312,34.880645751953125,41.47254180908203
-1.9754867553710938,35.04412078857422,41.43724822998047
-2.0055084228515625,35.041404724121094,41.41808319091797
-2.1025314331054688,35.16011047363281,41.30370330810547
-2.1627578735351562,35.07823944091797,41.24440002441406
-2.01373291015625,35.05726623535156,41.28258514404297
-2.0729446411132812,35.08921813964844,41.39503479003906
-2.074676513671875,35.02888488769531,41.501014709472656
-2.0718460083007812,35.07904052734375,41.53254699707031
-2.09588623046875,35.129981994628906,41.60246276855469
-2.1401138305664062,35.12133026123047,41.488807678222656
-2.1039962768554688,35.04615783691406,41.42554473876953
-2.1037216186523438,34.93248748779297,41.504486083984375
-2.089019775390625,34.96404266357422,41.43682098388672
-2.1063613891601562,34.890113830566406,41.40971374511719
-2.1690292358398438,35.04907989501953,41.4384765625
-1.9784011840820312,35.02220153808594,41.32018280029297
-1.8380126953125,35.06621551513672,41.424461364746094
-1.8752212524414062,35.20750427246094,41.415382385253906
-1.8437957763671875,35.341026306152344,41.400245666503906
-1.8378982543945312,35.318809509277344,41.24327087402344
-1.679168701171875,35.31489562988281,41.32167053222656
-1.7439193725585938,35.27141571044922,41.34033966064453
-1.854400634765625,35.135475158691406,41.35218811035156
-1.7906646728515625,35.05487823486328,41.29197692871094
-1.9660873413085938,35.02934265136719,41.281280517578125
-1.9953994750976562,35.027748107910156,41.430633544921875
-2.0693893432617188,35.13300323486328,41.384925842285156
-2.10955810546875,35.240440368652344,41.30950927734375
-2.0792465209960938,35.29609680175781,41.37211608886719
-2.0841903686523438,35.18610382080078,41.293556213378906
-2.0871124267578125,35.230621337890625,41.319114685058594
-2.0722274780273438,35.251548767089844,41.29155731201172
-1.9647140502929688,35.109046936035156,41.40227508544922
-1.9294357299804688,35.099609375,41.582252502441406
-2.0239791870117188,35.02782440185547,41.68792724609375
-2.0150375366210938,35.100074768066406,41.631629943847656
-2.0993423461914062,35.203330993652344,41.550498962402344
-1.9664840698242188,35.20307159423828,41.45414733886719
-1.9188461303710938,35.09845733642578,41.33134460449219
-1.9792556762695312,35.02959442138672,41.303009033203125
-1.97137451171875,34.997825622558594,41.29053497314453
-2.0030364990234375,34.99168395996094,41.11460876464844
-2.0158157348632812,35.06395721435547,41.17705535888672
-2.1014404296875,35.08961486816406,41.315093994140625
-2.018035888671875,35.208892822265625,41.54718017578125
-2.0106430053710938,35.235145568847656,41.52574920654297
-1.9991378784179688,35.10374450683594,41.515625
-1.8994293212890625,35.08331298828125,41.728660583496094
-1.755645751953125,35.11042785644531,41.886085510253906
-1.6937484741210938,35.096641540527344,41.82209777832031
-1.8728256225585938,35.01997375488281,41.62188720703125
-2.074249267578125,35.00276184082031,41.525970458984375
-2.2068862915039062,34.986595153808594,41.55950164794922
-2.18646240234375,34.989776611328125,41.56867980957031
-2.1212692260742188,34.9591064453125,41.55998992919922
-2.1201095581054688,34.960784912109375,41.428062438964844
-1.9723281860351562,35.009307861328125,41.37567138671875
-2.0030441284179688,35.020484924316406,41.28874969482422
-2.0049896240234375,35.00718688964844,41.25550842285156
-2.0709381103515625,34.994422912597656,41.193519592285156
-2.1189422607421875,35.03692626953125,41.03810119628906
-1.9895706176757812,35.051795959472656,40.997154235839844
-1.9546432495117188,35.076751708984375,41.03034210205078
-1.853790283203125,35.08287811279297,41.04411315917969
-1.8354568481445312,35.07933807373047,41.23115539550781
-1.9203414916992188,35.085914611816406,41.27667236328125
-1.939697265625,35.09809875488281,41.40606689453125
-1.9751434326171875,35.023643493652344,41.40289306640625
-2.0637130737304688,35.005455017089844,41.39506530761719
-1.9871368408203125,34.99432373046875,41.45197296142578
-2.1097640991210938,35.053443908691406,41.37694549560547
-2.1666946411132812,34.905250549316406,41.420188903808594
-2.0352325439453125,34.946624755859375,41.40077209472656
-1.92205810546875,34.78166961669922,41.259193420410156
-1.9961700439453125,34.831504821777344,41.28761291503906
-1.980438232421875,34.81355285644531,41.241668701171875
-1.9610977172851562,34.824371337890625,41.28211975097656
-2.0148773193359375,34.843101501464844,41.26463317871094
-1.9716567993164062,34.78584289550781,41.31427764892578
-1.9851837158203125,34.79248046875,41.30419921875
-1.9362106323242188,34.92577362060547,41.40020751953125
-1.93560791015625,34.932044982910156,41.51378631591797
-1.9920730590820312,34.89923858642578,41.5906982421875
-1.837677001953125,34.829559326171875,41.52001953125
-1.8429107666015625,34.76512145996094,41.345069885253906
-1.826751708984375,34.82244873046875,41.25822448730469
-1.6930160522460938,34.914024353027344,41.40618133544922
-1.7723388671875,34.94786071777344,41.563079833984375
-1.951934814453125,34.92182922363281,41.61592102050781
-1.872802734375,34.906646728515625,41.544593811035156
-1.779388427734375,34.96302795410156,41.42046356201172
-1.708038330078125,35.02101135253906,41.293296813964844
-1.7508163452148438,34.982215881347656,41.247650146484375
-1.8660964965820312,34.864952087402344,41.270233154296875
-1.9097824096679688,34.856834411621094,41.34516906738281
-1.9441680908203125,34.93907165527344,41.42711639404297
-2.0084609985351562,34.81565856933594,41.426780700683594
-1.9542770385742188,34.840423583984375,41.278953552246094
-1.8511505126953125,34.78313446044922,41.279937744140625
-1.96484375,34.77222442626953,41.24744415283203
-2.0037841796875,34.81065368652344,41.24022674560547
-2.1259384155273438,34.76490783691406,41.258636474609375
-2.1585311889648438,34.824462890625,41.14836120605469
-2.1217880249023438,34.80705261230469,41.05455017089844
-2.1051101684570312,34.880104064941406,40.86358642578125
-2.1344757080078125,34.82798767089844,40.89237976074219
-2.1344757080078125,34.82798767089844,40.89237976074219
-2.055328369140625,34.78009796142578,40.97673034667969
-1.96844482421875,34.75884246826172,41.11859130859375
-1.9478988647460938,34.918121337890625,41.179931640625
-1.8824386596679688,34.89741516113281,41.25310516357422
-1.8561859130859375,34.76849365234375,41.339988708496094
-1.9116973876953125,34.744834899902344,41.542564392089844
-1.9595565795898438,34.87715148925781,41.549903869628906
-1.9434661865234375,34.819480895996094,41.40467071533203
-1.8836288452148438,34.81492614746094,41.291419982910156
-1.81732177734375,34.80119323730469,41.25904083251953
-1.9517364501953125,34.86925506591797,41.31238555908203
-1.9828872680664062,34.91473388671875,41.27642059326172
-1.8358840942382812,34.943138122558594,41.10504150390625
-1.7371368408203125,34.898040771484375,41.243011474609375
-1.74493408203125,34.9122314453125,41.217552185058594
-1.688873291015625,34.885108947753906,41.14839172363281
-1.69476318359375,34.889076232910156,41.21686553955078
-1.7612380981445312,34.93798828125,41.23419189453125
-1.857757568359375,34.9373779296875,41.30799865722656
-1.864105224609375,34.88963317871094,41.53748321533203
-1.8262863159179688,34.86244201660156,41.56736755371094
-1.7732696533203125,34.93456268310547,41.560218811035156
-1.7251052856445312,34.943092346191406,41.543304443359375
-1.6920623779296875,34.80504608154297,41.47703552246094
-1.6485443115234375,34.777870178222656,41.450355529785156
-1.6872024536132812,34.876182556152344,41.27912139892578
-1.690673828125,34.896141052246094,41.269256591796875
-1.8122482299804688,34.908668518066406,41.257530212402344
-1.9824752807617188,35.05095672607422,41.359840393066406
-2.0087509155273438,35.092369079589844,41.532562255859375
-1.9666366577148438,35.069732666015625,41.59203338623047
-1.9987945556640625,35.06658172607422,41.54729461669922
-1.967132568359375,34.936500549316406,41.53266906738281
-1.9446945190429688,35.056922912597656,41.48583984375
-1.918548583984375,35.030601501464844,41.35626983642578
-1.9569091796875,34.91871643066406,41.31999206542969
-1.9048690795898438,34.92626190185547,41.25519561767578
-1.8497467041015625,34.96546936035156,41.26313781738281
-1.9660110473632812,35.08079528808594,41.304344177246094
-1.9891433715820312,35.007789611816406,41.31681823730469
-1.9741973876953125,35.058555603027344,41.238372802734375
-1.9559097290039062,35.014862060546875,41.335357666015625
-1.9601364135742188,35.0899658203125,41.44972229003906
-2.0240020751953125,35.08928680419922,41.44617462158203
-1.900665283203125,35.07475280761719,41.351287841796875
-1.7245635986328125,34.936073303222656,41.36692810058594
-1.777587890625,34.824432373046875,41.525177001953125
-1.7076416015625,34.796104431152344,41.57786560058594
-1.7124404907226562,34.903961181640625,41.542816162109375
-1.7333450317382812,35.01654052734375,41.34980773925781
-1.8556671142578125,34.92852783203125,41.31085205078125
-1.9148025512695312,34.925376892089844,41.322959899902344
-1.9761505126953125,34.95465087890625,41.157630920410156
-2.0160980224609375,34.91270446777344,41.086708068847656
-1.8216552734375,34.821563720703125,41.160133361816406
-1.9501113891601562,34.75126647949219,41.17988586425781
-1.8379058837890625,34.816436767578125,41.241241455078125
-1.8830032348632812,34.77642822265625,41.33983612060547
-1.9386062622070312,34.93016052246094,41.36310577392578
-1.9194717407226562,34.95440673828125,41.29766845703125
-1.9645843505859375,35.065452575683594,41.23457336425781
-1.83349609375,35.19379425048828,41.11035919189453
-1.7881698608398438,35.16527557373047,41.15595245361328
-1.8337326049804688,35.23175048828125,41.23310089111328
-1.9407196044921875,35.138427734375,41.42906951904297
-1.9868240356445312,35.12256622314453,41.470130920410156
-1.9429779052734375,35.007659912109375,41.343284606933594
-1.9588241577148438,35.08533477783203,41.51117706298828
-1.8253402709960938,35.00914764404297,41.587158203125
-1.7966995239257812,35.082923889160156,41.539573669433594
-1.8134231567382812,34.93280029296875,41.57594299316406
-1.7693862915039062,34.95343017578125,41.73124694824219
-1.7871322631835938,34.95545196533203,41.59674072265625
-1.8668441772460938,34.879852294921875,41.4468994140625
-1.8097991943359375,34.865333557128906,41.44524383544922
-1.8457870483398438,34.912376403808594,41.43927001953125
-1.9164886474609375,34.903564453125,41.504234313964844
-1.8767852783203125,34.98979187011719,41.53083038330078
-1.8190231323242188,35.00831604003906,41.34357452392578
-1.8494033813476562,35.04957580566406,41.24494171142578
-1.8155059814453125,35.046302795410156,41.273162841796875
-1.8544921875,34.99951171875,41.22834014892578
-1.7963790893554688,35.017333984375,41.201805114746094
-1.7327499389648438,34.93218994140625,41.318702697753906
-1.6671905517578125,34.944610595703125,41.38591003417969
-1.8825225830078125,34.89293670654297,41.37957763671875
-1.9299240112304688,34.902496337890625,41.409400939941406
-1.7565536499023438,34.93988037109375,41.35661315917969
-1.5631103515625,34.88282012939453,41.27356719970703
-1.523651123046875,34.920135498046875,41.148529052734375
-1.422027587890625,34.97309112548828,41.23320770263672
-1.26068115234375,35.08039093017578,41.276458740234375
-1.11138916015625,34.9964599609375,41.25276184082031
-1.2313385009765625,34.98551940917969,41.301918029785156
-1.4962615966796875,34.95245361328125,41.270538330078125
-1.696746826171875,34.98265838623047,41.245826721191406
-2.0225067138671875,35.033348083496094,41.29502868652344
-2.6269760131835938,35.190879821777344,41.10039520263672
-3.0615997314453125,35.343719482421875,40.97821044921875
-3.4661483764648438,35.46415710449219,40.79864501953125
-3.6994476318359375,35.57469177246094,40.6380615234375
-3.762603759765625,35.691871643066406,40.52268981933594
-3.7350006103515625,35.700035095214844,40.595458984375
-3.847900390625,35.734886169433594,40.527191162109375
-4.1880950927734375,35.78367614746094,40.383811950683594
-4.6456451416015625,35.95234680175781,40.26072692871094
-5.3398284912109375,35.87250518798828,40.178924560546875
-6.426666259765625,35.941383361816406,39.976806640625
-7.5182952880859375,35.99590301513672,39.64833068847656
-8.695320129394531,36.248451232910156,39.23407745361328
-9.958030700683594,36.35173034667969,38.72914123535156
-11.046310424804688,36.471580505371094,38.37861633300781
-12.210662841796875,36.68180847167969,37.808837890625
-13.431739807128906,36.856964111328125,37.090660095214844
-14.939949035644531,37.03240966796875,36.27228546142578
-16.527603149414062,37.296226501464844,35.27679443359375
-18.218360900878906,37.82310485839844,33.925384521484375
-20.012008666992188,38.349395751953125,32.34599304199219
-21.74150848388672,38.8643798828125,30.45740509033203
-23.225318908691406,39.510528564453125,28.369476318359375
-24.467491149902344,40.21026611328125,26.157119750976562
-25.39220428466797,41.03174591064453,23.91888427734375
-26.08454132080078,41.73872375488281,21.828948974609375
-26.769569396972656,42.23974609375,19.99066162109375
-27.621681213378906,42.42665100097656,18.16046142578125
-28.637123107910156,42.38355255126953,16.694618225097656
-29.656639099121094,42.091575622558594,15.731338500976562
-30.606117248535156,41.72887420654297,15.162574768066406
-31.242042541503906,41.32286834716797,14.972114562988281
-31.943397521972656,40.79667663574219,14.902015686035156
-32.448143005371094,40.477996826171875,15.006927490234375
-32.81708526611328,40.24626159667969,15.272674560546875
-32.93718719482422,39.898284912109375,15.729400634765625
-33.078941345214844,39.53779602050781,16.19556427001953
-33.11524200439453,39.05950164794922,16.90068817138672
-33.295066833496094,38.65675354003906,17.65991973876953
-33.428810119628906,38.114219665527344,18.425704956054688
-33.614341735839844,37.583412170410156,19.04686737060547
-34.05004119873047,37.087791442871094,19.82117462158203
-34.324806213378906,36.407684326171875,20.655601501464844
-34.517295837402344,35.79058074951172,21.44921875
-34.39141082763672,35.27226257324219,22.351654052734375
-34.197364807128906,34.8040771484375,23.284469604492188
-33.706932067871094,34.555442810058594,24.42682647705078
-33.15435028076172,34.244842529296875,25.506431579589844
-32.34302520751953,34.098297119140625,26.660484313964844
-31.661170959472656,33.85270690917969,27.943138122558594
-30.930946350097656,33.590972900390625,29.12409210205078
-30.06145477294922,33.29889678955078,30.186080932617188
-29.31000518798828,33.24427795410156,30.831016540527344
-28.60143280029297,33.436866760253906,31.31000518798828
-27.636878967285156,33.800933837890625,32.17486572265625
-26.39801788330078,34.02679443359375,32.95184326171875
-25.33777618408203,34.01338195800781,33.66204071044922
-24.55602264404297,33.931297302246094,34.38849639892578
-23.632469177246094,33.77356719970703,35.329856872558594
-22.95288848876953,33.55613708496094,35.92372131347656
-22.306007385253906,33.293418884277344,36.57057189941406
-21.809463500976562,32.90849304199219,37.14787292480469
-21.36541748046875,32.640350341796875,37.78429412841797
-20.775306701660156,32.467430114746094,38.16132354736328
-20.257843017578125,32.40440368652344,38.66704559326172
-19.61011505126953,32.15522766113281,39.115478515625
-18.856735229492188,32.153076171875,39.63715362548828
-18.105804443359375,32.01631164550781,40.030364990234375
-17.445777893066406,31.75556182861328,40.40190887451172
-16.756553649902344,31.616409301757812,40.86909484863281
-16.009902954101562,31.497108459472656,41.29637145996094
-15.362434387207031,31.399642944335938,41.60540008544922
-14.700103759765625,31.28838348388672,41.866485595703125
-13.952125549316406,31.22270965576172,42.08160400390625
-13.300804138183594,31.19329833984375,42.33818817138672
-12.761665344238281,31.200927734375,42.47480010986328
-12.363807678222656,31.2222900390625,42.77400207519531
-11.892936706542969,31.181007385253906,42.94599151611328
-11.576133728027344,31.239028930664062,43.012062072753906
-11.324867248535156,31.250282287597656,42.89715576171875
-11.062522888183594,31.232017517089844,42.85392761230469
-10.72869873046875,31.352439880371094,42.948646545410156
-10.460845947265625,31.327438354492188,42.98097229003906
-10.164276123046875,31.340187072753906,43.3050537109375
-9.876785278320312,31.34136199951172,43.444801330566406
-9.472602844238281,31.208084106445312,43.79486846923828
-9.135276794433594,30.905624389648438,43.868438720703125
-8.881362915039062,30.545242309570312,43.95153045654297
-8.726364135742188,30.096603393554688,44.36481475830078
-8.731529235839844,29.597396850585938,44.778480529785156
-8.804306030273438,29.036415100097656,45.09686279296875
-8.854667663574219,28.36565399169922,45.462135314941406
-8.987998962402344,27.69732666015625,45.730621337890625
-8.980949401855469,27.128997802734375,46.17491149902344
-8.971565246582031,26.465347290039062,46.791839599609375
-9.101486206054688,25.89818572998047,47.15415954589844
-9.286979675292969,25.600013732910156,47.303749084472656
-9.469985961914062,25.26953887939453,47.51454162597656
-9.6055908203125,25.05223846435547,47.572540283203125
-9.751106262207031,24.835662841796875,47.580116271972656
-9.945518493652344,24.776718139648438,47.432579040527344
-9.9691162109375,24.877288818359375,47.289642333984375
-9.996986389160156,25.022926330566406,47.110252380371094
-10.033012390136719,25.146018981933594,47.06007385253906
-9.759651184082031,25.30462646484375,46.93438720703125
-9.603378295898438,25.433868408203125,46.89331817626953
-9.733360290527344,25.50084686279297,46.89677429199219
-9.636848449707031,25.493011474609375,46.920677185058594
-9.645599365234375,25.443756103515625,47.0545654296875
-9.843215942382812,25.441856384277344,47.05297088623047
-9.923385620117188,25.38825225830078,47.036537170410156
-10.085952758789062,25.287872314453125,46.98487854003906
-10.188438415527344,25.261146545410156,46.94929504394531
-10.464591979980469,25.250137329101562,47.08415222167969
-10.691680908203125,25.21050262451172,47.09815979003906
-10.68280029296875,25.17108154296875,47.10021209716797
-10.8438720703125,25.13385009765625,47.21607208251953
-10.978492736816406,25.194091796875,47.16114044189453
-11.026382446289062,25.2296142578125,47.00232696533203
-11.079605102539062,25.17156219482422,46.828407287597656
-11.349540710449219,25.213363647460938,46.63670349121094
-11.57501220703125,25.29065704345703,46.630271911621094
-11.574737548828125,25.40203094482422,46.69005584716797
-11.535720825195312,25.472366333007812,46.71246337890625
-11.599235534667969,25.673561096191406,46.65753173828125
-11.631729125976562,25.675071716308594,46.55908966064453
-11.7022705078125,25.61200714111328,46.729209899902344
-11.832550048828125,25.481842041015625,46.57820129394531
-12.034530639648438,25.370033264160156,46.570350646972656
-12.114028930664062,25.28008270263672,46.513671875
-12.411407470703125,25.16650390625,46.45538330078125
-12.707061767578125,25.081809997558594,46.30070495605469
-13.048690795898438,24.954666137695312,46.28266143798828
-13.603569030761719,24.91767120361328,46.14170837402344
-14.186538696289062,24.761085510253906,46.070884704589844
-14.632492065429688,24.794418334960938,46.043373107910156
-15.112525939941406,24.599021911621094,46.07481384277344
-15.395751953125,24.495620727539062,46.07002258300781
-15.757240295410156,24.462051391601562,45.987037658691406
-16.117019653320312,24.52814483642578,45.67615509033203
-16.378341674804688,24.680801391601562,45.37370300292969
-16.75518798828125,25.017791748046875,45.10810852050781
-16.99445343017578,25.29998016357422,44.825286865234375
-17.238662719726562,25.512550354003906,44.82568359375
-17.30481719970703,25.836578369140625,44.74774169921875
-17.05529022216797,26.16651153564453,44.735939025878906
-16.74535369873047,26.485015869140625,44.72974395751953
-16.50250244140625,26.900558471679688,44.63175964355469
-16.31414031982422,27.24616241455078,44.31812286376953
-16.062461853027344,27.70594024658203,44.259971618652344
-16.032791137695312,28.00676727294922,44.325592041015625
-16.04833221435547,28.240814208984375,44.337646484375
-16.012603759765625,28.488327026367188,44.21302795410156
-16.148849487304688,28.54144287109375,44.326171875
-16.18102264404297,28.38536834716797,44.658409118652344
-16.289634704589844,28.34748077392578,45.01495361328125
-16.365280151367188,28.160430908203125,45.450111389160156
-16.411338806152344,28.199478149414062,46.11448669433594
-16.51001739501953,28.609580993652344,47.055564880371094
-16.720542907714844,29.28942108154297,48.02922058105469
-16.95500946044922,30.158599853515625,48.959228515625
-17.449493408203125,31.526451110839844,49.82527160644531
-17.939605712890625,32.92363739013672,50.594444274902344
-18.498458862304688,34.31468200683594,51.23966979980469
-19.25867462158203,35.659332275390625,51.85499572753906
-20.23180389404297,36.750465393066406,52.318084716796875
-21.13689422607422,37.60498809814453,52.69779968261719
-21.942153930664062,38.40313720703125,52.945777893066406
-22.724510192871094,39.34144592285156,53.264892578125
-23.339866638183594,40.25254821777344,53.375877380371094
-23.70598602294922,41.066184997558594,53.260009765625
-24.29230499267578,41.84392547607422,53.01494598388672
-24.970542907714844,42.58855438232422,52.61669158935547
-25.75617218017578,43.12562561035156,51.79229736328125
-26.542396545410156,43.64105987548828,50.66740417480469
-27.13976287841797,43.966285705566406,49.63038635253906
-27.366798400878906,44.55786895751953,48.86924743652344
-27.02368927001953,45.727447509765625,48.25703430175781
-26.149192810058594,47.388694763183594,48.13047790527344
-25.12207794189453,49.341224670410156,48.190460205078125
-24.193199157714844,51.2159423828125,48.222389221191406
-23.677040100097656,52.717620849609375,48.03923797607422
-23.604408264160156,53.41221618652344,47.342376708984375
-23.891197204589844,53.45775604248047,46.37671661376953
-24.45732879638672,52.95519256591797,45.13706970214844
-25.28430938720703,52.193763732910156,43.803466796875
-26.07421112060547,51.35813903808594,42.714805603027344
-27.09705352783203,50.50995635986328,42.076454162597656
-28.243568420410156,49.72991943359375,41.8323974609375
-29.44971466064453,49.320167541503906,41.471221923828125
-30.430763244628906,49.20409393310547,41.43791961669922
-31.16010284423828,49.362632751464844,41.10627746582031
-31.67943572998047,49.46669006347656,40.531761169433594
-31.989662170410156,49.63188934326172,39.21758270263672
-32.32836151123047,49.836631774902344,37.11399841308594
-33.06151580810547,50.540008544921875,34.66417694091797
-34.27490997314453,52.612823486328125,31.971221923828125
-37.08403778076172,58.348052978515625,29.280677795410156
-43.29088592529297,67.61800384521484,26.7188720703125
-50.168434143066406,73.15306091308594,24.67816162109375
-53.14739227294922,72.92849731445312,23.660682678222656
-53.77159881591797,72.071533203125,23.535362243652344
-53.72956085205078,71.88880920410156,23.798934936523438
-53.578468322753906,71.93000793457031,23.88713836669922
-53.494911193847656,71.86427307128906,23.81170654296875
-53.43164825439453,71.8931884765625,23.83197021484375
-53.46082305908203,71.9764404296875,23.936477661132812
-53.46155548095703,72.03660583496094,24.016746520996094
-53.32323455810547,71.96992492675781,23.989593505859375
-53.40142059326172,71.97702026367188,23.98016357421875
-53.356407165527344,72.0557861328125,23.875259399414062
-53.507591247558594,72.32969665527344,23.682167053222656
-53.57152557373047,72.39772033691406,23.67987060546875
-53.48479461669922,72.56465148925781,23.61542510986328
-53.187843322753906,72.65121459960938,23.735061645507812
-52.90271759033203,72.7698974609375,23.702064514160156
-52.467979431152344,72.99412536621094,23.874160766601562
-51.925621032714844,73.39996337890625,24.059463500976562
-51.20952606201172,73.81266784667969,24.34979248046875
-50.29871368408203,74.28739929199219,24.47972869873047
-49.47492218017578,74.67007446289062,24.628456115722656
-48.462806701660156,75.11064147949219,24.77569580078125
-47.379966735839844,75.46627807617188,24.92583465576172
-45.99279022216797,75.75241088867188,25.39550018310547
-44.36632537841797,76.08372497558594,25.835235595703125
-42.68669891357422,76.58737182617188,26.157691955566406
-40.785545349121094,77.00491333007812,26.619552612304688
-38.626487731933594,77.41036987304688,26.842941284179688
-36.51947784423828,77.99870300292969,27.14983367919922
-34.75629425048828,78.529541015625,27.266159057617188
-33.013343811035156,78.93768310546875,27.436477661132812
-31.31867218017578,79.15342712402344,27.211990356445312
-29.92839813232422,79.32415771484375,27.071983337402344
-28.38922882080078,79.33840942382812,26.880775451660156
-27.17772674560547,79.43212890625,26.739845275878906
-25.810569763183594,79.48954772949219,26.616958618164062
-24.68230438232422,79.60443115234375,26.49481964111328
-23.717979431152344,79.67202758789062,26.192092895507812
-23.05718231201172,79.61965942382812,26.105148315429688
-22.606773376464844,79.59507751464844,26.1177978515625
-22.362442016601562,79.32051086425781,26.262535095214844
-22.02167510986328,79.08702087402344,26.50128173828125
-21.908790588378906,78.87103271484375,26.88910675048828
-21.631324768066406,78.38580322265625,27.11756134033203
-21.405319213867188,77.99169921875,27.214378356933594
-21.02631378173828,77.61019897460938,27.31744384765625
-20.70892333984375,77.23674011230469,27.361160278320312
-20.53215789794922,76.95013427734375,27.31610107421875
-20.475875854492188,76.85919189453125,27.438156127929688
-20.520278930664062,76.7491455078125,27.638526916503906
-20.782608032226562,76.63534545898438,27.820228576660156
-21.063926696777344,76.46780395507812,27.97093963623047
-21.418197631835938,76.43515014648438,28.100967407226562
-21.555397033691406,76.37420654296875,28.076873779296875
-21.672340393066406,76.19577026367188,28.1063232421875
-21.454727172851562,76.09675598144531,28.26165008544922
-21.22179412841797,76.04708862304688,28.298912048339844
-20.78473663330078,76.0816650390625,28.177703857421875
-20.58026123046875,76.22367858886719,27.95067596435547
-20.34418487548828,76.34022521972656,27.828018188476562
-20.12261962890625,76.49327087402344,27.716049194335938
-20.059860229492188,76.39524841308594,27.80455780029297
-20.052658081054688,76.12940979003906,27.911277770996094
-20.033203125,75.76593017578125,28.053016662597656
-19.825180053710938,75.2774658203125,28.373497009277344
-19.612869262695312,74.92643737792969,28.641677856445312
-19.499771118164062,74.66117858886719,28.573013305664062
-19.310867309570312,74.42817687988281,28.552734375
-19.070068359375,74.41546630859375,28.343597412109375
-19.122283935546875,74.61361694335938,28.14019012451172
-19.25171661376953,74.96224975585938,27.989425659179688
-19.397476196289062,75.41177368164062,27.819931030273438
-19.652923583984375,75.70697021484375,27.824440002441406
-19.652923583984375,75.70697021484375,27.824440002441406
-20.060714721679688,75.71107482910156,27.913604736328125
-20.317703247070312,75.49037170410156,27.97962188720703
-20.54712677001953,75.10719299316406,28.148727416992188
-20.594947814941406,74.88426208496094,28.42047882080078
-20.7874755859375,74.68234252929688,28.589859008789062
-21.009498596191406,74.41230773925781,28.72332763671875
-21.06103515625,74.23042297363281,28.969680786132812
-21.08380126953125,74.02601623535156,28.976776123046875
-21.186981201171875,73.78535461425781,29.058807373046875
-21.162132263183594,73.5802001953125,29.172409057617188
-21.211776733398438,73.43846130371094,29.4586181640625
-21.441673278808594,73.25521850585938,29.47966766357422
-21.614898681640625,73.2283935546875,29.343955993652344
-21.724411010742188,73.21391296386719,29.463424682617188
-21.949676513671875,73.30375671386719,29.640296936035156
-22.200958251953125,73.35820007324219,29.793487548828125
-22.477867126464844,73.41659545898438,29.834388732910156
-22.69232940673828,73.33796691894531,29.958724975585938
-23.09038543701172,73.31398010253906,30.083961486816406
-23.748374938964844,73.36241149902344,30.053543090820312
-24.40471649169922,73.2325439453125,30.2349853515625
-25.18616485595703,73.27511596679688,30.367111206054688
-25.984962463378906,73.1656494140625,30.44664764404297
-26.80791473388672,73.13233947753906,30.27069854736328
-27.286155700683594,73.13551330566406,30.139022827148438
-27.42498016357422,73.46876525878906,30.00206756591797
-27.438011169433594,73.85386657714844,29.687652587890625
-27.21257781982422,74.28074645996094,29.495872497558594
-26.85137176513672,74.80122375488281,29.180824279785156
-26.127952575683594,74.89164733886719,28.96649169921875
-25.59349822998047,74.77110290527344,29.105743408203125
-25.057777404785156,74.46896362304688,29.07994842529297
-24.640037536621094,73.778076171875,29.238380432128906
-24.18828582763672,73.03224182128906,29.440345764160156
-24.015174865722656,72.04402160644531,29.706275939941406
-24.16936492919922,71.15312194824219,30.09363555908203
-24.61510467529297,70.38453674316406,30.496192932128906
-25.543418884277344,70.02363586425781,30.86963653564453
-26.96027374267578,69.75160217285156,31.11438751220703
-28.47260284423828,69.55370330810547,31.107818603515625
-30.17761993408203,69.49048614501953,31.077987670898438
-31.784828186035156,69.58633422851562,30.837738037109375
-33.170814514160156,69.9544448852539,30.693984985351562
-34.29424285888672,70.23621368408203,30.642295837402344
-35.139747619628906,70.59093475341797,30.415054321289062
-36.04991912841797,71.09331512451172,30.152320861816406
-36.86334991455078,71.54966735839844,29.862144470214844
-37.81420135498047,71.90287780761719,29.62226104736328
-38.81781768798828,72.15484619140625,29.413345336914062
-39.84516143798828,72.23211669921875,29.11541748046875
-40.890586853027344,72.10160827636719,28.83917999267578
-42.06945037841797,71.9315185546875,28.52735137939453
-43.41846466064453,71.535400390625,28.328216552734375
-44.724098205566406,71.0541763305664,28.18694305419922
-45.99828338623047,70.59698486328125,28.062255859375
-47.06908416748047,70.2263412475586,27.725868225097656
-47.84168243408203,69.70880889892578,27.566017150878906
-48.492897033691406,69.24038696289062,27.514381408691406
-49.04753875732422,68.92061614990234,27.390426635742188
-49.462059020996094,68.72313690185547,27.26904296875
-49.769081115722656,68.73139190673828,26.99671173095703
-50.08551788330078,68.88130950927734,26.640869140625
-50.39684295654297,69.13008880615234,26.450294494628906
-50.74695587158203,69.25202941894531,26.288612365722656
-51.094871520996094,69.22227478027344,26.179100036621094
-51.389137268066406,69.09053039550781,26.216201782226562
-51.77484893798828,69.10479736328125,26.031883239746094
-52.15392303466797,69.3068618774414,25.827178955078125
-52.48114776611328,69.63219451904297,25.60053253173828
-52.77747344970703,70.02269744873047,25.165252685546875
-53.19054412841797,70.34049224853516,24.816795349121094
-53.66185760498047,70.53759765625,24.35302734375
-54.06818389892578,71.10318756103516,23.86986541748047
-54.45661163330078,71.5457763671875,23.63945770263672
-54.62506866455078,71.92140197753906,23.439125061035156
-54.845542907714844,72.30400085449219,23.13391876220703
-55.107032775878906,72.5968017578125,22.976348876953125
-55.43151092529297,72.69120788574219,22.684249877929688
-55.88123321533203,72.85806274414062,22.23626708984375
-56.383995056152344,73.24859619140625,21.572357177734375
-56.916282653808594,73.82041931152344,20.97833251953125
-57.530235290527344,74.53507995605469,20.14960479736328
-58.084632873535156,75.4696044921875,19.212974548339844
-58.49109649658203,76.39488220214844,18.41748046875
-58.55866241455078,77.49665832519531,17.705039978027344
-58.311866760253906,78.34231567382812,17.338584899902344
-57.72663116455078,79.02914428710938,17.34710693359375
-56.84752655029297,79.64425659179688,17.498870849609375
-56.03130340576172,80.20930480957031,17.451210021972656
-55.377525329589844,80.94288635253906,17.459999084472656
-54.80695343017578,81.83613586425781,17.18053436279297
-54.17066192626953,82.79718017578125,16.94537353515625
-53.443580627441406,83.78874206542969,16.58832550048828
-52.756370544433594,84.78482055664062,16.084632873535156
-51.91246795654297,85.51606750488281,15.878814697265625
-51.00000762939453,86.33256530761719,15.705520629882812
-49.99126434326172,87.13711547851562,15.452377319335938
-48.87866973876953,87.91119384765625,15.369132995605469
-47.830604553222656,88.51461791992188,15.364387512207031
-46.87567901611328,88.84516906738281,15.362152099609375
-46.17827606201172,89.09942626953125,15.375778198242188
-45.40081024169922,89.37872314453125,15.467002868652344
-44.744590759277344,89.51667785644531,15.768783569335938
-44.12261199951172,89.48858642578125,15.89239501953125
-43.70886993408203,89.58749389648438,16.036453247070312
-43.290428161621094,89.6920166015625,16.13459014892578
-42.934165954589844,89.76197814941406,16.15723419189453
-42.68726348876953,89.90171813964844,16.155853271484375
-42.475929260253906,89.97386169433594,15.889251708984375
-42.250389099121094,90.12184143066406,15.71136474609375
-41.816383361816406,90.31315612792969,15.613372802734375
-41.212074279785156,90.40483093261719,15.556686401367188
-40.389854431152344,90.82850646972656,15.295806884765625
-39.56932830810547,91.30250549316406,15.069221496582031
-38.716758728027344,91.44253540039062,15.224769592285156
-37.87110137939453,91.40657043457031,15.388648986816406
-37.38707733154297,91.4644775390625,15.50274658203125
-36.66669464111328,91.4473876953125,15.633125305175781
-36.24842071533203,91.4593505859375,15.854942321777344
-35.96588897705078,91.2879638671875,16.219322204589844
-35.821434020996094,91.047607421875,16.412979125976562
-35.622886657714844,90.86009216308594,16.575363159179688
-35.484336853027344,90.62655639648438,16.736068725585938
-35.36260223388672,90.56687927246094,16.84991455078125
-35.19727325439453,90.56048583984375,16.912811279296875
-34.985084533691406,90.58969116210938,17.249977111816406
-34.865089416503906,90.51473999023438,17.487625122070312
-34.866294860839844,90.211181640625,17.773239135742188
-34.81452178955078,89.97615051269531,17.78278350830078
-34.67339324951172,89.76652526855469,17.88970947265625
-34.57451629638672,89.64814758300781,18.027252197265625
-34.399070739746094,89.57330322265625,18.098739624023438
-34.363304138183594,89.49446105957031,18.100921630859375
-34.31749725341797,89.55746459960938,18.241256713867188
-34.259605407714844,89.49774169921875,18.416053771972656
-34.22803497314453,89.60920715332031,18.29791259765625
-34.26622772216797,89.67326354980469,18.472122192382812
-34.19029998779297,89.69613647460938,18.37891387939453
-33.875038146972656,89.617431640625,18.305267333984375
-33.70758819580078,89.72323608398438,18.351974487304688
-33.474876403808594,89.68455505371094,18.29894256591797
-33.14324188232422,89.69439697265625,18.456573486328125
-32.75170135498047,89.54081726074219,18.43480682373047
-32.34821319580078,89.28977966308594,18.612655639648438
-31.57994842529297,88.80154418945312,19.022750854492188
-30.62213897705078,88.10006713867188,19.680076599121094
-29.96277618408203,87.39549255371094,20.50019073486328
-30.31682586669922,86.86833190917969,20.882431030273438
-31.27544403076172,86.70640563964844,21.008651733398438
-31.78943634033203,86.79844665527344,20.925125122070312
-32.02045440673828,86.70852661132812,20.875938415527344
-31.925025939941406,86.80897521972656,20.977813720703125
-31.74852752685547,86.79975891113281,20.970260620117188
-31.566383361816406,86.83563232421875,20.95807647705078
-31.41724395751953,86.87188720703125,20.848739624023438
-31.39025115966797,86.84722900390625,20.994857788085938
-31.25957489013672,86.8865966796875,21.02873992919922
-31.058494567871094,86.92385864257812,21.159278869628906
-30.81847381591797,86.88679504394531,21.044708251953125
-30.70488739013672,86.71659851074219,20.738479614257812
-30.572853088378906,86.72341918945312,20.58111572265625
-30.61536407470703,86.7152099609375,20.541793823242188
-30.73094940185547,86.66317749023438,20.555038452148438
-30.76842498779297,86.75674438476562,20.433486938476562
-30.603675842285156,86.83500671386719,20.408676147460938
-30.597755432128906,86.8248291015625,20.571334838867188
-30.74529266357422,86.87109375,20.748672485351562
-30.714027404785156,86.72279357910156,20.83008575439453
-30.74799346923828,86.74357604980469,20.857772827148438
-30.888343811035156,86.79740905761719,20.860153198242188
-30.943321228027344,86.82460021972656,20.858657836914062
-31.007041931152344,86.85235595703125,20.904090881347656
-31.06165313720703,86.8016357421875,21.058631896972656
-30.968650817871094,86.698486328125,21.16474151611328
-30.850059509277344,86.72262573242188,21.110671997070312
-30.796852111816406,86.68150329589844,21.303741455078125
-30.90642547607422,86.6651611328125,21.32793426513672
-30.952491760253906,86.67869567871094,21.244476318359375
-30.92267608642578,86.67071533203125,21.027542114257812
-30.81922149658203,86.74276733398438,20.957244873046875
-30.91614532470703,86.84980773925781,20.994491577148438
-31.057151794433594,86.78265380859375,21.0445556640625
-31.12189483642578,86.67324829101562,20.984786987304688
-31.070213317871094,86.72109985351562,21.02880096435547
-31.031410217285156,86.6854248046875,20.96685791015625
-31.039146423339844,86.71087646484375,20.976280212402344
-31.05970001220703,86.72286987304688,20.976234436035156
-31.07672882080078,86.65097045898438,20.88866424560547
-31.03862762451172,86.80230712890625,20.97906494140625
-31.09551239013672,86.86126708984375,20.98487091064453
-31.06830596923828,86.85162353515625,20.904685974121094
-30.99799346923828,86.83270263671875,20.889739990234375
-30.88311004638672,86.7281494140625,20.777175903320312
-30.865455627441406,86.63780212402344,20.75939178466797
-31.002037048339844,86.53990173339844,20.82775115966797
-30.99481964111328,86.559326171875,20.675064086914062
-30.999732971191406,86.59828186035156,20.816741943359375
-31.07396697998047,86.48504638671875,20.842315673828125
-31.014564514160156,86.46354675292969,20.795005798339844
-31.023094177246094,86.5372314453125,20.718719482421875
-31.18346405029297,86.60986328125,20.53882598876953
-31.070228576660156,86.69740295410156,20.48853302001953
-31.077613830566406,86.69538879394531,20.46288299560547
-31.01366424560547,86.65576171875,20.5228271484375
-30.97986602783203,86.72906494140625,20.76348876953125
-30.803382873535156,86.72567749023438,20.80486297607422
-30.80535125732422,86.75062561035156,20.761520385742188
-31.017860412597656,86.79441833496094,20.54193115234375
-31.02873992919922,86.81916809082031,20.45104217529297
-30.973548889160156,86.76057434082031,20.41210174560547
-30.983863830566406,86.75143432617188,20.392227172851562
-31.10315704345703,86.78677368164062,20.44696807861328
-31.128746032714844,86.77793884277344,20.49578857421875
-31.04705047607422,86.80450439453125,20.58867645263672
-31.074562072753906,86.86923217773438,20.758056640625
-31.09142303466797,86.85295104980469,20.744735717773438
-31.011009216308594,86.85012817382812,20.547691345214844
-31.02039337158203,86.83523559570312,20.56787872314453
-30.874046325683594,86.81645202636719,20.48541259765625
-30.86957550048828,86.73260498046875,20.48596954345703
-30.87023162841797,86.74981689453125,20.44507598876953
-31.00756072998047,86.66378784179688,20.373634338378906
-31.103981018066406,86.73408508300781,20.458229064941406
-31.273475646972656,86.83462524414062,20.404869079589844
-31.213157653808594,86.85096740722656,20.37743377685547
-31.053428649902344,86.8016357421875,20.315902709960938
-30.99456024169922,86.83517456054688,20.46636962890625
-30.91326141357422,86.83685302734375,20.503509521484375
-30.84819793701172,86.84255981445312,20.651336669921875
-30.90314483642578,86.88560485839844,20.731643676757812
-30.964210510253906,86.80181884765625,20.83708953857422
-30.97563934326172,86.7894287109375,20.820587158203125
-31.17755889892578,86.82861328125,20.717689514160156
-31.20282745361328,86.80094909667969,20.637832641601562
-31.23613739013672,86.89425659179688,20.560653686523438
-31.248435974121094,86.93562316894531,20.56481170654297
-31.07555389404297,86.99392700195312,20.611953735351562
-31.149681091308594,86.92941284179688,20.6309814453125
-31.134727478027344,87.07501220703125,20.612205505371094
-31.21959686279297,86.96418762207031,20.68268585205078
-31.12995147705078,86.92640686035156,20.807601928710938
-31.032875061035156,86.897705078125,20.817840576171875
-31.072776794433594,86.9366455078125,20.768028259277344
-31.000083923339844,86.95831298828125,20.666824340820312
-30.99799346923828,86.81350708007812,20.817489624023438
-31.00493621826172,86.97148132324219,20.799697875976562
-31.133445739746094,86.90971374511719,20.805252075195312
-31.206138610839844,86.94264221191406,20.834388732910156
-31.18610382080078,86.90762329101562,20.877487182617188
-31.22136688232422,86.90956115722656,20.78705596923828
-31.151771545410156,86.94425964355469,20.880348205566406
-31.11017608642578,86.95399475097656,20.90032958984375
-31.062171936035156,87.01112365722656,20.88922882080078
-31.075111389160156,87.02342224121094,20.787452697753906
-31.208641052246094,86.96835327148438,20.90795135498047
-31.145408630371094,86.91261291503906,20.98833465576172
-31.091697692871094,86.88592529296875,20.840362548828125
-31.048377990722656,86.87965393066406,20.767333984375
-31.098106384277344,86.7911376953125,20.816978454589844
-31.17237091064453,86.78215026855469,20.69940948486328
-31.17450714111328,86.88223266601562,20.639663696289062
-31.19782257080078,86.98704528808594,20.667938232421875
-31.175254821777344,87.07618713378906,20.788185119628906
-31.22467803955078,87.13426208496094,20.84864044189453
-31.21027374267578,87.09637451171875,20.830001831054688
-31.22632598876953,87.09535217285156,20.887481689453125
-31.22856903076172,87.09016418457031,20.85009765625
-31.26964569091797,87.05332946777344,20.81816864013672
-31.37537384033203,87.09341430664062,20.919395446777344
-31.34577178955078,87.04708862304688,20.90808868408203
-31.35979461669922,86.98872375488281,20.87969970703125
-31.239341735839844,87.03280639648438,20.806259155273438
-31.23583221435547,87.08123779296875,20.65887451171875
-31.06230926513672,87.04893493652344,20.71996307373047
-31.057029724121094,87.11880493164062,20.77484130859375
-31.144447326660156,87.15052795410156,20.804061889648438
-31.103660583496094,87.00270080566406,20.908843994140625
-31.08586883544922,86.97319030761719,20.946365356445312
-31.030601501464844,87.00234985351562,21.0009765625
-31.00574493408203,87.024658203125,21.014610290527344
-31.01996612548828,86.84962463378906,20.88958740234375
-31.08753204345703,86.83836364746094,20.79827880859375
-31.013832092285156,86.81167602539062,20.77440643310547
-31.143165588378906,86.86170959472656,20.790122985839844
-31.15619659423828,86.8150634765625,20.724655151367188
-31.193992614746094,86.83749389648438,20.714111328125
-31.17395782470703,86.79136657714844,20.723838806152344
-31.07176971435547,86.90097045898438,20.71527862548828
-31.08916473388672,86.99690246582031,20.661087036132812
-31.11676788330078,87.00999450683594,20.732696533203125
-31.137962341308594,86.84486389160156,20.84294891357422
-31.102394104003906,86.83760070800781,20.721084594726562
-31.061805725097656,86.808349609375,20.715614318847656
-30.94361114501953,86.79179382324219,20.64330291748047
-30.964515686035156,86.84022521972656,20.64783477783203
-31.056846618652344,86.78778076171875,20.49791717529297
-31.084922790527344,86.875244140625,20.405868530273438
-30.957069396972656,86.91777038574219,20.312843322753906
-30.957786560058594,86.85491943359375,20.504104614257812
-30.96160125732422,86.82012939453125,20.482887268066406
-30.996681213378906,86.94952392578125,20.6014404296875
-31.07904815673828,86.90509033203125,20.68560028076172
-31.02800750732422,86.85841369628906,20.658592224121094
-31.04985809326172,86.83653259277344,20.602859497070312
-31.03008270263672,86.76683044433594,20.455230712890625
-31.00171661376953,86.67070007324219,20.514785766601562
-30.985313415527344,86.5440673828125,20.64563751220703
-31.051109313964844,86.56196594238281,20.675933837890625
-30.99274444580078,86.63946533203125,20.71337890625
-31.078025817871094,86.70326232910156,20.773330688476562
-31.013267517089844,86.74351501464844,20.927268981933594
-30.995582580566406,86.61488342285156,20.869590759277344
-30.99224090576172,86.55787658691406,20.827362060546875
-31.031089782714844,86.50064086914062,20.761428833007812
-30.978004455566406,86.5855712890625,20.61347198486328
-31.038841247558594,86.53999328613281,20.577774047851562
-31.00733184814453,86.45014953613281,20.505836486816406
-31.070762634277344,86.55699157714844,20.558486938476562
-31.004249572753906,86.54319763183594,20.502586364746094
-31.025367736816406,86.54315185546875,20.515220642089844
-31.01972198486328,86.60791015625,20.528976440429688
-31.07996368408203,86.61518859863281,20.68255615234375
-31.05120086669922,86.549560546875,20.701942443847656
-31.03649139404297,86.41172790527344,20.583969116210938
-30.960289001464844,86.53828430175781,20.418548583984375
-30.85352325439453,86.59931945800781,20.534255981445312
-30.864891052246094,86.67620849609375,20.665969848632812
-30.88512420654297,86.654052734375,20.65192413330078
-30.953086853027344,86.65066528320312,20.504119873046875
-31.057212829589844,86.62507629394531,20.558998107910156
-31.151939392089844,86.5953369140625,20.58214569091797
-31.101768493652344,86.59614562988281,20.515411376953125
-31.003334045410156,86.55680847167969,20.599365234375
-31.008766174316406,86.52157592773438,20.630325317382812
-31.06055450439453,86.49742126464844,20.503746032714844
-30.89984893798828,86.47795104980469,20.555633544921875
-31.020179748535156,86.40660095214844,20.80835723876953
-30.98963165283203,86.42277526855469,20.80126953125
-31.050437927246094,86.48159790039062,20.896934509277344
-31.021141052246094,86.57298278808594,20.845703125
-31.105735778808594,86.54017639160156,20.88909149169922
-31.14275360107422,86.56520080566406,20.71936798095703
-31.180702209472656,86.52789306640625,20.839012145996094
-31.03644561767578,86.5185546875,20.83441925048828
-31.01782989501953,86.63217163085938,20.666343688964844
-31.04267120361328,86.66998291015625,20.554229736328125
-30.984657287597656,86.57827758789062,20.606483459472656
-31.011131286621094,86.48271179199219,20.770248413085938
-30.92644500732422,86.39488220214844,20.700416564941406
-30.790184020996094,86.47157287597656,20.740745544433594
-30.751426696777344,86.49571228027344,20.777450561523438
-30.812721252441406,86.63247680664062,20.786033630371094
-30.742164611816406,86.59237670898438,20.807830810546875
-30.766151428222656,86.55133056640625,20.867408752441406
-30.89002227783203,86.54425048828125,20.929031372070312
-31.004920959472656,86.53126525878906,20.902847290039062
-30.99939727783203,86.54258728027344,20.835845947265625
-30.989784240722656,86.70330810546875,20.85472869873047
-31.121437072753906,86.61900329589844,20.988265991210938
-31.121437072753906,86.61900329589844,20.988265991210938
-31.03467559814453,86.66598510742188,21.00530242919922
-31.06256866455078,86.63401794433594,20.863922119140625
-31.18755340576172,86.61122131347656,20.93193817138672
-31.190025329589844,86.5523681640625,21.08477020263672
-31.28887176513672,86.58633422851562,20.98859405517578
-31.35211944580078,86.57803344726562,20.985694885253906
-31.36754608154297,86.50798034667969,21.11273193359375
-31.27619171142578,86.57730102539062,21.218292236328125
-31.07103729248047,86.60079956054688,21.320968627929688
-31.05286407470703,86.51847839355469,21.184608459472656
-31.189613342285156,86.449951171875,21.030609130859375
-31.16454315185547,86.44203186035156,21.05884552001953
-31.21405792236328,86.37969970703125,20.980270385742188
-31.227012634277344,86.34532165527344,20.932647705078125
-31.205345153808594,86.33975219726562,20.751388549804688
-31.17938995361328,86.41909790039062,20.678817749023438
-31.25524139404297,86.38134765625,20.797515869140625
-31.28588104248047,86.38203430175781,20.819580078125
-31.223533630371094,86.38531494140625,20.768821716308594
-31.163490295410156,86.45808410644531,20.55390167236328
-31.132362365722656,86.49937438964844,20.61529541015625
-31.221458435058594,86.60113525390625,20.800498962402344
-31.211341857910156,86.71073913574219,20.826004028320312
-31.19603729248047,86.5799560546875,20.783309936523438
-31.23249053955078,86.62261962890625,20.842056274414062
-31.15825653076172,86.63153076171875,20.74791717529297
-31.22148895263672,86.70048522949219,20.812240600585938
-31.165122985839844,86.59906005859375,21.00251007080078
-31.15209197998047,86.58847045898438,21.0963134765625
-31.15058135986328,86.55288696289062,21.070091247558594
-31.209556579589844,86.5653076171875,21.034881591796875
-31.220420837402344,86.68272399902344,21.237449645996094
-31.23052215576172,86.72177124023438,21.12297821044922
-31.089576721191406,86.62516784667969,21.024368286132812
-31.08153533935547,86.55099487304688,21.06432342529297
-31.017127990722656,86.51602172851562,21.107208251953125
-31.04338836669922,86.65438842773438,21.15955352783203
-31.086402893066406,86.69195556640625,21.10686492919922
-31.026878356933594,86.65597534179688,21.179458618164062
-31.088218688964844,86.64169311523438,21.182723999023438
-31.165489196777344,86.77000427246094,21.169265747070312
-31.135597229003906,86.76177978515625,21.015602111816406
-31.227439880371094,86.81449890136719,21.063804626464844
-31.076683044433594,86.74406433105469,21.212745666503906
-31.079444885253906,86.71574401855469,21.282020568847656
-31.108558654785156,86.56546020507812,21.243667602539062
-31.09868621826172,86.60153198242188,21.100845336914062
-31.15984344482422,86.53401184082031,21.097267150878906
-31.31291961669922,86.67021179199219,21.340232849121094
-31.387351989746094,86.74143981933594,21.472702026367188
-31.23413848876953,86.65354919433594,21.385231018066406
-31.05150604248047,86.64347839355469,21.363555908203125
-31.068214416503906,86.59425354003906,21.06188201904297
-31.07457733154297,86.57759094238281,20.988609313964844
-31.027061462402344,86.56477355957031,20.902976989746094
-30.878807067871094,86.77410888671875,20.72150421142578
-30.976707458496094,86.8406982421875,20.716835021972656
-30.995399475097656,86.82257080078125,20.71239471435547
-31.03691864013672,86.67901611328125,20.72223663330078
-31.06798553466797,86.65519714355469,20.723670959472656
-31.120506286621094,86.73277282714844,20.78601837158203
-31.093345642089844,86.68269348144531,20.78772735595703
-31.040931701660156,86.68568420410156,20.802635192871094
-31.003822326660156,86.73257446289062,20.979476928710938
-31.07238006591797,86.66337585449219,21.0325927734375
-30.999488830566406,86.6488037109375,21.044891357421875
-30.99494171142578,86.68894958496094,20.997100830078125
-30.998573303222656,86.64332580566406,20.909507751464844
-31.026329040527344,86.58903503417969,20.745620727539062
-30.981895446777344,86.57623291015625,20.830856323242188
-31.15033721923828,86.51588439941406,20.766639709472656
-31.224342346191406,86.59414672851562,20.783241271972656
-31.19306182861328,86.59184265136719,20.791114807128906
-31.217384338378906,86.55316162109375,20.7413330078125
-31.053749084472656,86.52107238769531,20.797691345214844
-31.024436950683594,86.62672424316406,20.85271453857422
-31.01793670654297,86.76919555664062,20.901710510253906
-31.075660705566406,86.68241882324219,20.97644805908203
-31.155174255371094,86.69366455078125,20.957717895507812
-31.106651306152344,86.74446105957031,20.999862670898438
-31.06922149658203,86.77069091796875,21.030174255371094
-30.97602081298828,86.77439880371094,21.065757751464844
-30.911766052246094,86.71589660644531,20.975502014160156
-31.03833770751953,86.70759582519531,20.936599731445312
-31.05036163330078,86.72831726074219,20.905372619628906
-31.02118682861328,86.6739501953125,20.88604736328125
-31.02727508544922,86.79368591308594,20.795387268066406
-30.888450622558594,86.86273193359375,20.864356994628906
-30.83129119873047,86.81753540039062,20.810935974121094
-30.81079864501953,86.70564270019531,20.875770568847656
-30.83118438720703,86.62783813476562,20.811874389648438
-30.840492248535156,86.62432861328125,20.681556701660156
-31.001991271972656,86.60414123535156,20.689254760742188
-31.08116912841797,86.70878601074219,20.80242919921875
-30.92957305908203,86.81927490234375,20.976669311523438
-30.85198211669922,86.85868835449219,20.881668090820312
-30.894309997558594,86.80696105957031,20.81537628173828
-30.93457794189453,86.69975280761719,20.864479064941406
-30.896263122558594,86.68345642089844,20.90699005126953
-31.02442169189453,86.83087158203125,21.03020477294922
-31.190834045410156,86.85781860351562,21.07366943359375
-31.17516326904297,86.79704284667969,20.98424530029297
-31.119056701660156,86.83390808105469,20.982894897460938
-31.084388732910156,86.80287170410156,20.990646362304688
-31.086585998535156,86.77153015136719,21.118873596191406
-31.066551208496094,86.76107788085938,21.08800506591797
-31.091270446777344,86.71609497070312,21.240699768066406
-31.07361602783203,86.73388671875,21.32140350341797
-31.08490753173828,86.80184936523438,21.42310333251953
-31.02239227294922,86.83332824707031,21.292495727539062
-31.085304260253906,86.83489990234375,21.224197387695312
-31.160926818847656,86.87162780761719,21.1307373046875
-31.11754608154297,86.83128356933594,21.18279266357422
-31.08275604248047,86.80303955078125,21.105499267578125
-31.18476104736328,86.86215209960938,21.199493408203125
-31.225379943847656,86.78982543945312,21.2586669921875
-31.05254364013672,86.7733154296875,21.30615234375
-31.07489776611328,86.81398010253906,21.23889923095703
-31.129066467285156,86.79933166503906,21.083999633789062
-31.215003967285156,86.82411193847656,20.853836059570312
-31.20159149169922,86.72074890136719,20.82923126220703
-31.13481903076172,86.61772155761719,20.921401977539062
-31.052268981933594,86.60063171386719,21.08234405517578
-31.200218200683594,86.53196716308594,21.08856964111328
-31.197776794433594,86.56407165527344,21.12279510498047
-31.23389434814453,86.62509155273438,21.02252960205078
-31.21282196044922,86.57060241699219,21.037307739257812
-31.176597595214844,86.50868225097656,21.031402587890625
-31.175193786621094,86.606689453125,21.15019989013672
-31.15807342529297,86.5628662109375,21.1204833984375
-31.14922332763672,86.51445007324219,21.177642822265625
-31.153343200683594,86.61557006835938,21.207130432128906
-31.068336486816406,86.80307006835938,21.18378448486328
-31.126731872558594,86.69563293457031,21.121429443359375
-31.280738830566406,86.59147644042969,21.293594360351562
-31.293678283691406,86.55477905273438,21.243934631347656
-31.308616638183594,86.47981262207031,21.19324493408203
-31.344459533691406,86.53767395019531,21.110549926757812
-31.129661560058594,86.50990295410156,21.15125274658203
-31.02849578857422,86.50553894042969,21.058700561523438
-31.01396942138672,86.50761413574219,21.1588134765625
-31.188072204589844,86.48825073242188,21.292526245117188
-31.210105895996094,86.60551452636719,21.260040283203125
-31.04193878173828,86.6519775390625,21.20867919921875
-31.07622528076172,86.63243103027344,21.267112731933594
-31.012916564941406,86.60076904296875,21.339927673339844
-30.98296356201172,86.56979370117188,21.213058471679688
-30.93903350830078,86.60433959960938,21.219261169433594
-30.95868682861328,86.74490356445312,21.31475067138672
-30.922645568847656,86.88052368164062,21.35675048828125
-31.039878845214844,86.93130493164062,21.444175720214844
-31.087989807128906,86.8828125,21.369949340820312
-31.036537170410156,86.82057189941406,21.3258056640625
-31.03069305419922,86.592529296875,21.06134033203125
-31.016868591308594,86.58157348632812,21.051719665527344
-31.059837341308594,86.58358764648438,21.088348388671875
-30.938987731933594,86.70745849609375,21.227188110351562
-30.97136688232422,86.76914978027344,21.31719207763672
-30.99980926513672,86.78028869628906,21.158607482910156
-31.075904846191406,86.82176208496094,21.07209014892578
-31.084495544433594,86.82673645019531,20.999656677246094
-31.087425231933594,86.79231262207031,21.14734649658203
-31.111915588378906,86.66792297363281,21.297935485839844
-31.05815887451172,86.60731506347656,21.26605224609375
-31.179115295410156,86.61140441894531,21.253555297851562
-31.17664337158203,86.56803894042969,21.335708618164062
-31.18341827392578,86.47064208984375,21.267982482910156
-31.17565155029297,86.50941467285156,21.259811401367188
-31.220802307128906,86.63002014160156,21.31573486328125
-31.258033752441406,86.6507568359375,21.33306121826172
-31.22541046142578,86.75125122070312,21.361480712890625
-31.16608428955078,86.83616638183594,21.20795440673828
-31.078468322753906,86.68002319335938,21.153884887695312
-31.051612854003906,86.674072265625,21.160552978515625
-31.06938934326172,86.68467712402344,21.066482543945312
-31.03752899169922,86.673828125,21.15496826171875
-31.15485382080078,86.73548889160156,21.221656799316406
-31.179725646972656,86.76600646972656,21.153892517089844
-31.05443572998047,86.78901672363281,21.181785583496094
-31.024314880371094,86.86502075195312,21.185653686523438
-31.01935577392578,86.79592895507812,21.137252807617188
-31.00922393798828,86.83180236816406,21.029129028320312
-31.032249450683594,86.7813720703125,21.043777465820312
-31.055198669433594,86.84819030761719,21.12139892578125
-31.04450225830078,86.76071166992188,21.265541076660156
-30.915443420410156,86.62947082519531,21.350616455078125
-30.81031036376953,86.60624694824219,21.278602600097656
-30.76911163330078,86.52813720703125,21.35400390625
-30.717674255371094,86.66810607910156,21.424758911132812
-30.73778533935547,86.69949340820312,21.509140014648438
-30.85370635986328,86.64634704589844,21.387779235839844
-30.937049865722656,86.6956787109375,21.23314666748047
-30.930091857910156,86.72689819335938,21.198638916015625
-30.92174530029297,86.81489562988281,21.12462615966797
-31.059486389160156,86.71687316894531,20.977821350097656
-31.03087615966797,86.73660278320312,20.945266723632812
-31.089271545410156,86.71784973144531,21.06415557861328
-31.17797088623047,86.67402648925781,21.218612670898438
-31.129661560058594,86.722412109375,21.17340087890625
-31.02777862548828,86.81477355957031,21.253623962402344
-30.928993225097656,86.741943359375,21.301124572753906
-30.88617706298828,86.51451110839844,21.195526123046875
-30.795143127441406,86.44023132324219,21.1495361328125
-30.992652893066406,86.39346313476562,21.22388458251953
-30.99297332763672,86.48350524902344,21.271339416503906
-31.058372497558594,86.58934020996094,21.225669860839844
-31.043434143066406,86.51655578613281,21.185386657714844
-30.99993133544922,86.49813842773438,21.038726806640625
-31.062522888183594,86.53559875488281,21.038238525390625
-30.98090362548828,86.50048828125,20.97247314453125
-30.92375946044922,86.47998046875,21.23603057861328
-30.895301818847656,86.48663330078125,21.37751007080078
-30.949562072753906,86.49020385742188,21.38104248046875
-30.92938995361328,86.52125549316406,21.223167419433594
-30.915122985839844,86.50608825683594,21.04381561279297
-30.98371124267578,86.43656921386719,21.002471923828125
-31.009910583496094,86.44889831542969,20.906051635742188
-31.09624481201172,86.38543701171875,21.027862548828125
-31.17316436767578,86.36302185058594,20.980125427246094
-31.082862854003906,86.40251159667969,21.00713348388672
-31.087867736816406,86.37260437011719,21.067733764648438
-30.92595672607422,86.50639343261719,21.06519317626953
-30.862159729003906,86.46113586425781,20.85729217529297
-30.89842987060547,86.42243957519531,20.836753845214844
-31.050758361816406,86.5484619140625,20.978797912597656
-31.18682098388672,86.48959350585938,21.11109161376953
-31.031028747558594,86.49473571777344,21.194061279296875
-31.13971710205078,86.45344543457031,21.123489379882812
-31.023948669433594,86.54524230957031,21.09819793701172
-31.007911682128906,86.59228515625,21.302932739257812
-31.08910369873047,86.56378173828125,21.347023010253906
-31.038169860839844,86.45632934570312,21.189414978027344
-31.065086364746094,86.38835144042969,21.049346923828125
-31.158912658691406,86.48501586914062,20.914215087890625
-31.22441864013672,86.55038452148438,20.829421997070312
-31.16168975830078,86.51094055175781,20.729957580566406
-31.08112335205078,86.559326171875,20.829917907714844
-31.081565856933594,86.56222534179688,20.78923797607422
-31.03221893310547,86.430908203125,20.855667114257812
-31.013038635253906,86.38740539550781,20.872520446777344
-30.92346954345703,86.4224853515625,20.921669006347656
-30.90673065185547,86.34043884277344,21.081520080566406
-30.754615783691406,86.36282348632812,21.293777465820312
-30.72008514404297,86.36878967285156,21.265289306640625
-30.590660095214844,86.5302734375,21.285842895507812
-30.48827362060547,86.56065368652344,21.295303344726562
-30.33202362060547,86.43153381347656,21.174461364746094
-30.269126892089844,86.39614868164062,21.259841918945312
-30.140419006347656,86.4169921875,21.231964111328125
-30.146507263183594,86.38859558105469,21.077980041503906
-30.228797912597656,86.47149658203125,21.03388214111328
-30.42603302001953,86.58197021484375,21.009971618652344
-30.58098602294922,86.62242126464844,21.026893615722656
-30.46916961669922,86.77442932128906,20.778602600097656
-30.50428009033203,86.90052795410156,20.677810668945312
-30.620277404785156,86.97212219238281,20.779273986816406
-30.690345764160156,87.01893615722656,20.760635375976562
-30.990257263183594,86.93081665039062,20.83538818359375
-31.24138641357422,86.87257385253906,20.783416748046875
-31.381935119628906,86.86769104003906,20.81334686279297
-31.75598907470703,86.96186828613281,20.66968536376953
-32.21576690673828,86.92515563964844,20.58465576171875
-32.86627960205078,87.02293395996094,20.484130859375
-33.577552795410156,87.23760986328125,20.378341674804688
-34.28807830810547,87.41915893554688,20.367393493652344
-35.19115447998047,87.55030822753906,19.951370239257812
-36.413368225097656,87.572265625,19.354026794433594
-37.65361785888672,87.64277648925781,18.864768981933594
-39.081947326660156,87.76290893554688,18.522659301757812
-40.535743713378906,87.91133117675781,18.04145050048828
-41.99602508544922,88.16680908203125,17.445663452148438
-43.272438049316406,88.45516967773438,16.678977966308594
-44.725303649902344,88.80448913574219,15.780097961425781
-46.287330627441406,89.25648498535156,14.691856384277344
-47.94982147216797,89.61349487304688,13.305717468261719
-49.80223846435547,89.90428161621094,11.738304138183594
-51.508201599121094,90.16812133789062,10.293853759765625
-53.13469696044922,90.44064331054688,8.99237060546875
-54.35230255126953,90.68949890136719,7.6137542724609375
-55.55725860595703,90.8909912109375,6.3054656982421875
-56.629127502441406,91.03654479980469,5.0648193359375
-57.66718292236328,90.92839050292969,3.9445037841796875
-58.733421325683594,90.82649230957031,2.895355224609375
-59.696693420410156,90.55250549316406,2.13568115234375
-60.582435607910156,90.14755249023438,1.6563568115234375
-61.43482208251953,89.68290710449219,1.1436920166015625
-62.39641571044922,89.21969604492188,0.8568878173828125
-63.227867126464844,88.62228393554688,0.5858306884765625
-63.88170623779297,87.92698669433594,0.4438323974609375
-64.5285873413086,87.36346435546875,0.5494537353515625
-64.99280548095703,86.84233093261719,0.91448974609375
-65.28792572021484,86.16578674316406,1.42254638671875
-65.47119903564453,85.59243774414062,2.0491943359375
-65.4002456665039,85.03302001953125,2.77423095703125
-65.27831268310547,84.54945373535156,3.98583984375
-65.0822982788086,83.72207641601562,5.3396453857421875
-64.86400604248047,82.69395446777344,6.71270751953125
-65.01001739501953,81.42747497558594,7.9778289794921875
-65.1461410522461,80.12080383300781,9.074462890625
-65.31392669677734,78.7430419921875,9.80450439453125
-65.71953582763672,77.55886840820312,10.278411865234375
-66.11199188232422,76.27571105957031,10.6689453125
-66.57524871826172,75.24220275878906,11.101303100585938
-67.00708770751953,74.46708679199219,11.271148681640625
-67.1195297241211,73.87705993652344,11.234207153320312
-67.20366668701172,73.40678405761719,11.563331604003906
-67.28430938720703,72.75015258789062,11.948356628417969
-67.15209197998047,72.04618835449219,12.294013977050781
-67.09481048583984,71.38633728027344,12.652946472167969
-66.96477508544922,70.69615936279297,13.090446472167969
-66.72783660888672,70.0832290649414,13.830619812011719
-66.39427947998047,69.47716522216797,14.636398315429688
-65.8896255493164,68.98359680175781,15.431282043457031
-65.33707427978516,68.56099700927734,16.021896362304688
-64.87267303466797,68.42447662353516,16.600189208984375
-64.40250396728516,68.19328308105469,17.19110107421875
-64.07653045654297,67.87141418457031,17.674942016601562
-63.675209045410156,67.69083404541016,18.176353454589844
-63.391990661621094,67.67997741699219,18.80426025390625
-63.13738250732422,67.72244262695312,19.166976928710938
-62.84709930419922,67.8331527709961,19.422454833984375
-62.532020568847656,68.10562896728516,19.596893310546875
-62.315101623535156,68.31629943847656,19.680007934570312
-62.11821746826172,68.52520751953125,19.762725830078125
-61.637855529785156,68.77828216552734,19.910003662109375
-61.142478942871094,68.87020874023438,20.12830352783203
-60.81603240966797,68.77593994140625,20.32183837890625
-60.69397735595703,68.70315551757812,20.556968688964844
-60.41101837158203,68.49526977539062,20.906776428222656
-60.151756286621094,68.32978057861328,21.27654266357422
-59.939064025878906,68.21763610839844,21.428848266601562
-59.76850128173828,68.25908660888672,21.468589782714844
-59.46959686279297,68.21373748779297,21.680519104003906
-59.433982849121094,68.3994140625,21.78607940673828
-59.365882873535156,68.46692657470703,21.98040008544922
-59.252952575683594,68.52141571044922,21.935150146484375
-59.22101593017578,68.54048156738281,21.78404998779297
-59.40868377685547,68.5969467163086,21.711685180664062
-59.603919982910156,68.47627258300781,21.60979461669922
-59.761253356933594,68.39009857177734,21.453453063964844
-60.08916473388672,68.2951889038086,21.424530029296875
-60.36841583251953,68.42655944824219,21.428184509277344
-60.534812927246094,68.64952087402344,21.40252685546875
-60.68376922607422,68.72151184082031,21.278640747070312
-60.80559539794922,68.60139465332031,20.97692108154297
-61.103919982910156,68.603759765625,20.872360229492188
-61.366477966308594,68.46056365966797,20.90044403076172
-61.472923278808594,68.26805114746094,20.77892303466797
-61.63359832763672,68.06729888916016,20.633766174316406
-62.037559509277344,67.69873809814453,20.637351989746094
-62.487510681152344,67.37151336669922,20.613845825195312
-62.73505401611328,67.04672241210938,20.48645782470703
-63.04279327392578,66.58845520019531,20.425559997558594
-63.23542022705078,66.32986450195312,20.319541931152344
-63.49736785888672,66.03006744384766,20.178848266601562
-63.61670684814453,65.80378723144531,20.0682373046875
-63.809059143066406,65.39582061767578,20.056304931640625
-63.68419647216797,65.2099380493164,20.00971221923828
-63.750511169433594,65.06135559082031,20.0511474609375
-63.735191345214844,64.77165985107422,20.06463623046875
-63.689369201660156,64.55803680419922,20.127761840820312
-63.78734588623047,64.49955749511719,20.084144592285156
-63.78734588623047,64.49955749511719,20.084144592285156
-63.89720916748047,64.44029235839844,20.102218627929688
-63.94702911376953,64.30553436279297,20.186546325683594
-63.98126983642578,64.10594940185547,20.19220733642578
-63.928550720214844,63.794639587402344,20.24700927734375
-64.14017486572266,63.541297912597656,20.15021514892578
-64.21379852294922,63.23637390136719,20.003387451171875
-64.28462982177734,63.073875427246094,19.821372985839844
-64.48458099365234,63.044776916503906,19.719314575195312
-64.59464263916016,63.0731201171875,19.62396240234375
-64.77313995361328,63.271400451660156,19.44725799560547
-64.8816146850586,63.56459045410156,19.31450653076172
-65.04598236083984,63.62892150878906,19.198570251464844
-65.30013275146484,63.6781005859375,19.11109161376953
-65.47454071044922,63.72936248779297,18.996292114257812
-65.60688018798828,63.802459716796875,18.861351013183594
-65.76038360595703,63.81318664550781,18.539825439453125
-66.0390853881836,63.72710418701172,18.271934509277344
-66.36589813232422,63.77576446533203,18.076324462890625
-66.8442153930664,63.718971252441406,17.745208740234375
-66.98870086669922,63.727195739746094,17.296897888183594
-67.12911224365234,63.73772430419922,17.15624237060547
-67.28795623779297,63.804588317871094,17.181007385253906
-67.38872528076172,63.971160888671875,17.131019592285156
-67.29792022705078,64.31523132324219,17.147811889648438
-67.2148666381836,64.63491821289062,17.175254821777344
-67.17412567138672,64.76640319824219,17.03032684326172
-67.32196807861328,64.8498764038086,16.89000701904297
-67.4677505493164,64.70169830322266,16.640243530273438
-67.72089385986328,64.46847534179688,16.419700622558594
-67.98271942138672,64.39540100097656,16.107315063476562
-68.02201080322266,64.1302261352539,16.046546936035156
-67.96361541748047,64.06050872802734,16.192291259765625
-67.91126251220703,64.1686019897461,16.334442138671875
-67.86463165283203,64.31790924072266,16.337059020996094
-67.71794891357422,64.58810424804688,16.34112548828125
-67.7745590209961,65.00355529785156,16.476058959960938
-67.8444595336914,65.11402893066406,16.63726806640625
-67.94527435302734,65.23834991455078,16.607826232910156
-68.01982879638672,65.35942840576172,16.789627075195312
-68.01355743408203,65.24256896972656,16.916534423828125
-68.16265106201172,65.17499542236328,16.91448211669922
-68.23955535888672,65.3584213256836,16.57837677001953
-68.50084686279297,65.54960632324219,16.456092834472656
-68.71776580810547,65.7419204711914,16.431060791015625
-68.74385833740234,65.97992706298828,16.485084533691406
-68.75359344482422,66.17369079589844,16.59526824951172
-68.6834945678711,66.30228424072266,16.857643127441406
-68.50634002685547,66.52787017822266,16.947402954101562
-68.58490753173828,66.75067901611328,16.90753936767578
-68.8814468383789,67.2237319946289,16.973312377929688
-69.16344451904297,67.60820770263672,17.00933837890625
-69.33878326416016,67.73482513427734,17.010520935058594
-69.39464569091797,67.63407897949219,17.07147216796875
-69.43122100830078,67.41871643066406,17.0897216796875
-69.40779876708984,67.31441497802734,16.982833862304688
-69.3783187866211,67.28556060791016,16.888259887695312
-69.63300323486328,67.7472152709961,16.87834930419922
-70.43070220947266,69.03334045410156,17.041908264160156
-71.85523223876953,70.71845245361328,17.04656219482422
-70.8847427368164,67.67424011230469,16.74957275390625
-63.59638214111328,55.11418914794922,16.947731018066406
-54.62419891357422,41.09747314453125,19.323196411132812
-49.89842987060547,33.06200408935547,24.18597412109375
-48.176979064941406,29.35570526123047,30.102684020996094
-47.04778289794922,26.710655212402344,35.86650848388672
-45.216651916503906,24.0789794921875,40.014625549316406
-42.780799865722656,21.698440551757812,42.67473602294922
-40.15435028076172,20.028297424316406,44.04939270019531
-37.884620666503906,19.087692260742188,44.410736083984375
-36.047203063964844,18.893478393554688,44.30218505859375
-34.723426818847656,18.78211212158203,43.686622619628906
-34.083778381347656,18.58331298828125,42.90052032470703
-33.980430603027344,18.154029846191406,42.16400146484375
-33.896461486816406,17.384674072265625,41.669837951660156
-33.970420837402344,16.51367950439453,41.25470733642578
-33.86023712158203,15.715965270996094,41.105926513671875
-33.602256774902344,15.124618530273438,41.20112609863281
-33.157554626464844,15.032005310058594,41.42982482910156
-32.425926208496094,15.225616455078125,41.81536865234375
-31.128135681152344,15.914306640625,42.43706512451172
-29.728797912597656,16.710418701171875,42.97505187988281
-28.50641632080078,17.635574340820312,43.599281311035156
-27.034828186035156,18.41667938232422,44.07283020019531
-25.59398651123047,18.90276336669922,44.62255859375
-24.297523498535156,19.43073272705078,45.032867431640625
-23.23094940185547,19.87804412841797,45.398704528808594
-22.202011108398438,20.22479248046875,45.76655578613281
-21.24311065673828,20.368621826171875,46.08018493652344
-20.35413360595703,20.467391967773438,46.42875671386719
-19.58588409423828,20.650978088378906,46.676605224609375
-18.771957397460938,20.786148071289062,46.979705810546875
-17.64421844482422,20.970123291015625,47.212379455566406
-16.56158447265625,21.381568908691406,47.55522155761719
-15.442634582519531,21.748855590820312,47.75818634033203
-14.111724853515625,22.02349853515625,47.95531463623047
-12.806983947753906,22.236175537109375,48.40144348144531
-11.651283264160156,22.371917724609375,48.63348388671875
-10.645278930664062,22.383522033691406,48.7332763671875
-9.808258056640625,22.381988525390625,48.96781921386719
-9.118484497070312,22.148529052734375,49.17649841308594
-8.382209777832031,22.001808166503906,49.197105407714844
-7.871330261230469,21.907699584960938,49.219749450683594
-7.360328674316406,21.894187927246094,49.375831604003906
-6.862068176269531,21.727386474609375,49.68248748779297
-6.1789093017578125,21.41515350341797,49.77587890625
-5.470466613769531,21.214523315429688,49.92298126220703
-4.7845458984375,20.92102813720703,50.1103515625
-3.974395751953125,20.716476440429688,50.247589111328125
-3.5245208740234375,20.48479461669922,50.471412658691406
-3.2044448852539062,20.2276611328125,50.57096862792969
-3.1444854736328125,20.09112548828125,50.644386291503906
-3.1611480712890625,19.992523193359375,50.66444396972656
-3.1034698486328125,20.07421112060547,50.698402404785156
-3.0384597778320312,20.19416046142578,50.588470458984375
-2.8343734741210938,20.42388916015625,50.43305969238281
-2.5854263305664062,20.89673614501953,49.982688903808594
-2.5438385009765625,21.24144744873047,49.929901123046875
-2.5058746337890625,21.64513397216797,49.835052490234375
-2.4377975463867188,21.979278564453125,49.97296142578125
-2.3690414428710938,22.132911682128906,50.10576629638672
-2.17816162109375,22.167564392089844,50.15479278564453
-2.1482772827148438,22.085708618164062,50.173728942871094
-2.3185348510742188,21.924072265625,50.252708435058594
-2.441070556640625,21.905242919921875,50.16582489013672
-2.7767333984375,21.796653747558594,50.13665008544922
-3.0678253173828125,21.66297149658203,50.15929412841797
-3.412139892578125,21.417770385742188,50.25726318359375
-3.8582916259765625,21.101600646972656,50.448509216308594
-4.177734375,20.65428924560547,50.43475341796875
-4.441032409667969,20.326507568359375,50.573333740234375
-4.5782318115234375,19.977188110351562,50.664710998535156
-4.690422058105469,19.755470275878906,50.815818786621094
-4.692314147949219,19.5634765625,51.06651306152344
-4.7114410400390625,19.534393310546875,51.075172424316406
-4.735931396484375,19.553482055664062,50.927978515625
-4.844017028808594,19.65435791015625,50.75932312011719
-4.842185974121094,19.75176239013672,50.591094970703125
-4.832328796386719,19.621597290039062,50.647911071777344
-4.989509582519531,19.551658630371094,50.73017120361328
-5.092918395996094,19.615447998046875,50.85014343261719
-4.993377685546875,19.63129425048828,50.84221649169922
-4.769157409667969,19.660491943359375,50.805259704589844
-4.6050872802734375,19.921981811523438,50.80317687988281
-4.4665374755859375,20.079971313476562,50.688385009765625
-4.466575622558594,20.41887664794922,50.65863037109375
-4.328224182128906,20.74579620361328,50.64057159423828
-4.464080810546875,21.205787658691406,50.590309143066406
-4.542213439941406,21.483383178710938,50.36376190185547
-4.721466064453125,21.732528686523438,50.29621887207031
-4.794120788574219,22.059005737304688,50.15467834472656
-4.6365509033203125,22.273338317871094,49.83708953857422
-4.419075012207031,22.634803771972656,49.668609619140625
-4.084556579589844,23.075729370117188,49.533416748046875
-3.5872344970703125,23.62378692626953,49.45777893066406
-3.1763534545898438,24.03388214111328,49.29840850830078
-2.8758773803710938,24.329086303710938,49.110069274902344
-2.818603515625,24.515670776367188,49.106475830078125
-2.8879241943359375,24.70616912841797,48.95182800292969
-3.1290664672851562,24.82843017578125,48.6824951171875
-3.3183135986328125,24.917701721191406,48.50196838378906
-3.73095703125,24.930465698242188,48.55340576171875
-3.9431991577148438,24.73773193359375,48.530494689941406
-4.073150634765625,24.596023559570312,48.597808837890625
-4.122154235839844,24.483978271484375,48.64411163330078
-4.223533630371094,24.400588989257812,48.82984161376953
-4.315971374511719,24.36255645751953,49.056541442871094
-4.276420593261719,24.35894775390625,48.925445556640625
-4.242828369140625,24.401947021484375,48.753211975097656
-4.155677795410156,24.499664306640625,48.76133728027344
-4.1747283935546875,24.56078338623047,48.778160095214844
-4.2505035400390625,24.589324951171875,48.590675354003906
-4.389625549316406,24.47498321533203,48.66999816894531
-4.6495819091796875,24.16997528076172,48.943695068359375
-4.802192687988281,23.685897827148438,49.089088439941406
-4.999542236328125,23.152313232421875,49.18950653076172
-5.2504425048828125,22.662017822265625,49.357215881347656
-5.4196929931640625,22.006141662597656,49.719337463378906
-5.580314636230469,21.450958251953125,49.989479064941406
-5.7960662841796875,20.837860107421875,50.30091857910156
-6.053703308105469,20.188743591308594,50.55926513671875
-6.3311309814453125,19.68042755126953,50.81114196777344
-6.690208435058594,19.32532501220703,51.011680603027344
-6.9719390869140625,19.112335205078125,50.97880554199219
-7.277656555175781,19.040496826171875,50.93798828125
-7.574211120605469,19.071136474609375,51.073577880859375
-7.733451843261719,19.074134826660156,51.16168975830078
-7.8825225830078125,19.093475341796875,51.039588928222656
-8.154045104980469,19.10259246826172,50.984352111816406
-8.532142639160156,19.132766723632812,50.90057373046875
-8.8182373046875,19.078689575195312,50.81500244140625
-9.006240844726562,19.027603149414062,50.84523010253906
-9.388221740722656,18.972633361816406,50.819908142089844
-10.045158386230469,18.846656799316406,50.655052185058594
-10.839614868164062,18.721435546875,50.57367706298828
-11.516807556152344,18.62987518310547,50.41864013671875
-12.209983825683594,18.558853149414062,50.26361083984375
-13.010833740234375,18.578269958496094,50.015296936035156
-13.846908569335938,18.670570373535156,49.83924102783203
-14.683319091796875,18.857284545898438,49.59342956542969
-15.2510986328125,19.117652893066406,49.260032653808594
-15.81756591796875,19.44702911376953,48.932701110839844
-16.574920654296875,19.812034606933594,48.591331481933594
-17.27135467529297,19.818679809570312,48.27680206298828
-18.16033935546875,19.744720458984375,47.99293518066406
-19.107986450195312,19.455543518066406,47.811805725097656
-19.97295379638672,19.074546813964844,47.71540069580078
-20.94300079345703,18.55169677734375,47.506553649902344
-22.07189178466797,17.921340942382812,47.18986511230469
-23.130760192871094,17.168739318847656,46.82771301269531
-24.296531677246094,16.381088256835938,46.526397705078125
-25.467201232910156,15.615592956542969,46.134742736816406
-26.49872589111328,14.754013061523438,45.76714324951172
-27.40613555908203,14.016357421875,45.51628112792969
-28.14574432373047,13.321693420410156,45.23805236816406
-28.733436584472656,12.594139099121094,45.163902282714844
-29.23137664794922,11.956573486328125,45.174476623535156
-29.67407989501953,11.295555114746094,45.061012268066406
-30.220985412597656,10.876777648925781,44.75279235839844
-30.859336853027344,10.445106506347656,44.44109344482422
-31.422142028808594,10.073402404785156,43.93024444580078
-31.950904846191406,9.864616394042969,43.50804138183594
-32.347190856933594,9.633003234863281,43.018882751464844
-32.732444763183594,9.346115112304688,42.800865173339844
-32.991722106933594,9.264503479003906,42.444244384765625
-33.21623992919922,9.20574951171875,42.38606262207031
-33.38831329345703,9.0101318359375,42.306060791015625
-33.53917694091797,8.725723266601562,41.97313690185547
-33.704246520996094,8.552352905273438,41.7938232421875
-33.97570037841797,8.500175476074219,41.67259216308594
-34.165489196777344,8.804412841796875,41.43830108642578
-34.259742736816406,9.439376831054688,41.30406188964844
-34.288536071777344,10.095573425292969,41.13715362548828
-34.433860778808594,10.771858215332031,40.863067626953125
-34.52843475341797,11.263664245605469,40.516639709472656
-34.77019500732422,11.612510681152344,40.369224548339844
-34.88654327392578,11.698249816894531,40.152984619140625
-35.08173370361328,11.889022827148438,39.841880798339844
-35.487464904785156,12.394157409667969,39.244529724121094
-35.76030731201172,12.896797180175781,38.70085144042969
-36.186439514160156,13.552719116210938,38.31426239013672
-36.41858673095703,14.527824401855469,37.835601806640625
-36.543907165527344,15.555679321289062,37.36622619628906
-36.441795349121094,16.730262756347656,36.95379638671875
-35.97504425048828,17.878585815429688,36.825401306152344
-35.378273010253906,18.875770568847656,37.01863098144531
-34.837425231933594,19.545387268066406,37.28516387939453
-34.44873809814453,20.020111083984375,37.60749816894531
-34.09107208251953,20.432754516601562,37.61449432373047
-33.769630432128906,20.77838897705078,37.602294921875
-33.520790100097656,21.393478393554688,37.825584411621094
-33.174781799316406,22.023277282714844,38.015235900878906
-32.599021911621094,22.61553955078125,37.782127380371094
-32.154090881347656,23.28521728515625,37.71577453613281
-31.46251678466797,23.879470825195312,37.827064514160156
-30.699440002441406,24.461105346679688,38.006439208984375
-29.901084899902344,25.18329620361328,38.056861877441406
-29.022865295410156,25.882217407226562,38.26387023925781
-28.191368103027344,26.504676818847656,38.40141296386719
-27.19007110595703,27.329299926757812,38.597999572753906
-26.274559020996094,28.0006103515625,38.76142883300781
-25.517616271972656,28.58160400390625,38.944793701171875
-24.701622009277344,29.104629516601562,39.096473693847656
-24.17009735107422,29.435653686523438,39.215301513671875
-23.574363708496094,29.858734130859375,39.40850067138672
-22.923118591308594,30.16492462158203,39.688743591308594
-22.199691772460938,30.551651000976562,39.73760986328125
-21.470680236816406,30.94097900390625,39.82158660888672
-20.60645294189453,31.281089782714844,39.90397644042969
-19.771240234375,31.63001251220703,40.04808044433594
-18.825286865234375,32.094635009765625,40.11285400390625
-17.927330017089844,32.618797302246094,39.91880798339844
-17.090858459472656,33.316314697265625,39.74641418457031
-16.2598876953125,33.739601135253906,39.60437774658203
-15.452491760253906,34.06061553955078,39.606781005859375
-14.737442016601562,34.522193908691406,39.49242401123047
-14.266250610351562,34.81089782714844,39.31983947753906
-13.869354248046875,35.09007263183594,39.1943359375
-13.177436828613281,35.36366271972656,39.20325469970703
-12.425270080566406,35.644752502441406,39.35411834716797
-11.769859313964844,36.00983428955078,39.171142578125
-11.075210571289062,36.48155975341797,38.77375793457031
-10.411483764648438,37.034820556640625,38.406272888183594
-9.921859741210938,37.65001678466797,38.16637420654297
-9.406539916992188,38.27738952636719,37.87599182128906
-9.009025573730469,38.720741271972656,37.40104675292969
-8.325424194335938,38.998779296875,37.031280517578125
-7.7740936279296875,39.06654357910156,36.94132995605469
-7.145317077636719,39.02747344970703,37.106468200683594
-6.725807189941406,39.02098083496094,37.08697509765625
-6.526145935058594,38.98652648925781,37.20293426513672
-6.3988800048828125,38.87677764892578,37.490028381347656
-6.139335632324219,38.94963836669922,37.643470764160156
-6.101783752441406,38.90303039550781,37.81969451904297
-6.021537780761719,38.92781066894531,38.010498046875
-5.911224365234375,38.94389343261719,37.86439514160156
-5.6502838134765625,38.76747131347656,37.81897735595703
-5.660575866699219,38.53179168701172,38.04353332519531
-5.6446075439453125,38.354042053222656,38.263771057128906
-5.6149444580078125,38.18190002441406,38.530487060546875
-5.609535217285156,37.96442413330078,38.72428894042969
-5.476951599121094,37.80225372314453,38.910057067871094
-5.2230987548828125,37.58966064453125,39.03862762451172
-4.96923828125,37.54310607910156,39.079750061035156
-4.6495819091796875,37.51203918457031,39.103919982910156
-4.155723571777344,37.446868896484375,39.12835693359375
-3.6226654052734375,37.44050598144531,39.11748504638672
-3.0782546997070312,37.545005798339844,39.12049102783203
-2.6303634643554688,37.48878479003906,39.243560791015625
-2.3593215942382812,37.32392120361328,39.37731170654297
-2.3004608154296875,37.134742736816406,39.38976287841797
-2.144561767578125,37.122764587402344,39.40338134765625
-2.1269378662109375,37.080589294433594,39.54625701904297
-2.0202713012695312,37.082176208496094,39.58503723144531
-1.9658432006835938,37.020301818847656,39.73284149169922
-2.0564041137695312,36.93273162841797,39.77074432373047
-2.0306320190429688,36.88771057128906,39.86470031738281
-2.0099563598632812,36.952423095703125,39.744110107421875
-1.892333984375,37.072357177734375,39.807884216308594
-1.883636474609375,36.99787902832031,39.80774688720703
-1.8928146362304688,36.94158172607422,39.85466003417969
-1.9352645874023438,36.921165466308594,39.75355529785156
-1.9466934204101562,36.87648010253906,39.829566955566406
-1.9595108032226562,36.88951110839844,40.052215576171875
-1.8051223754882812,36.83305358886719,40.095924377441406
-1.6635208129882812,36.67759704589844,40.18934631347656
-1.715972900390625,36.554420471191406,40.37860870361328
-1.647674560546875,36.338340759277344,40.56780242919922
-1.8884658813476562,36.03759765625,40.73222351074219
-2.2684097290039062,35.61058807373047,41.01348876953125
-2.3084259033203125,35.20110321044922,41.34375
-2.117431640625,34.94898986816406,41.42212677001953
-1.8344955444335938,34.88059997558594,41.406150817871094
-1.6302490234375,34.95801544189453,41.440391540527344
-1.4734344482421875,34.90293884277344,41.46172332763672
-1.5666275024414062,34.90106964111328,41.53337097167969
-1.5098342895507812,35.00471496582031,41.58930206298828
-1.67071533203125,35.04003143310547,41.56407165527344
-1.7238922119140625,35.02381896972656,41.571998596191406
-1.7253189086914062,35.082244873046875,41.669044494628906
-1.6606292724609375,35.13518524169922,41.68438720703125
-1.6220245361328125,35.13441467285156,41.58940887451172
-1.5471649169921875,35.135986328125,41.60449981689453
-1.391204833984375,35.195716857910156,41.58373260498047
-1.5084381103515625,35.33241271972656,41.57118225097656
-1.5967559814453125,35.207359313964844,41.56187438964844
-1.6836929321289062,35.17078399658203,41.61389923095703
-1.6238174438476562,35.22956848144531,41.520660400390625
-1.55047607421875,35.170433044433594,41.44023132324219
-1.4218292236328125,35.174354553222656,41.46879577636719
-1.3990325927734375,35.191978454589844,41.486961364746094
-1.4915390014648438,35.33240509033203,41.558631896972656
-1.5809555053710938,35.313636779785156,41.42182922363281
-1.5160369873046875,35.31080627441406,41.39117431640625
-1.5836257934570312,35.22252655029297,41.572410583496094
-1.5886001586914062,35.184814453125,41.603111267089844
-1.4033966064453125,35.17084503173828,41.370399475097656
-1.3397979736328125,35.23387908935547,41.377281188964844
-1.3440093994140625,35.182395935058594,41.68119812011719
-1.4816131591796875,35.134361267089844,41.785911560058594
-1.5862579345703125,35.12421417236328,41.81806182861328
-1.5126571655273438,35.20624542236328,41.789634704589844
-1.5421218872070312,35.19807434082031,41.800697326660156
-1.4997329711914062,35.158721923828125,41.768707275390625
-1.515045166015625,35.19629669189453,41.65809631347656
-1.5073471069335938,35.232765197753906,41.62726593017578
-1.5086822509765625,35.136962890625,41.557212829589844
-1.502288818359375,35.08087921142578,41.54951477050781
-1.3895416259765625,35.127777099609375,41.53844451904297
-1.5107879638671875,35.15812683105469,41.57304382324219
-1.5813980102539062,35.19580841064453,41.602561950683594
-1.5182571411132812,35.22602844238281,41.449806213378906
-1.5182571411132812,35.22602844238281,41.449806213378906
-1.4931793212890625,35.337860107421875,41.28607940673828
-1.3630752563476562,35.315406799316406,41.166786193847656
-1.4769973754882812,35.331024169921875,41.23792266845703
-1.5735931396484375,35.367515563964844,41.21797180175781
-1.6531219482421875,35.25078582763672,41.252784729003906
-1.6293487548828125,35.20979309082031,41.23668670654297
-1.6166839599609375,35.335533142089844,41.37890625
-1.5583953857421875,35.33026885986328,41.48755645751953
-1.6023712158203125,35.316062927246094,41.585968017578125
-1.5946884155273438,35.29423522949219,41.62303924560547
-1.610931396484375,35.378570556640625,41.58647918701172
-1.527496337890625,35.47065734863281,41.605499267578125
-1.5760421752929688,35.38409423828125,41.564422607421875
-1.5897598266601562,35.357688903808594,41.45072937011719
-1.6964874267578125,35.23155975341797,41.34716796875
-1.7311172485351562,35.2808837890625,41.388084411621094
-1.8524703979492188,35.26856994628906,41.299049377441406
-1.73236083984375,35.30231475830078,41.24016571044922
-1.747772216796875,35.290931701660156,41.35319519042969
-1.6934051513671875,35.394989013671875,41.27122497558594
-1.6888351440429688,35.328346252441406,41.26957702636719
-1.66864013671875,35.33436584472656,41.291656494140625
-1.6286239624023438,35.22289276123047,41.365501403808594
-1.6957931518554688,35.1641845703125,41.440040588378906
-1.69976806640625,35.30194091796875,41.37077331542969
-1.7617645263671875,35.32832336425781,41.28099822998047
-1.762481689453125,35.314208984375,41.311119079589844
-1.679656982421875,35.454063415527344,41.35010528564453
-1.702117919921875,35.440765380859375,41.51936340332031
-1.7345733642578125,35.477691650390625,41.442283630371094
-1.68060302734375,35.384132385253906,41.29478454589844
-1.7321548461914062,35.33573913574219,41.41716003417969
-1.7434234619140625,35.3250732421875,41.421775817871094
-1.6981277465820312,35.2720947265625,41.38446044921875
-1.661102294921875,35.26593017578125,41.52445983886719
-1.826263427734375,35.33904266357422,41.433128356933594
-1.8861770629882812,35.31874084472656,41.42985534667969
-1.8048553466796875,35.34172058105469,41.504859924316406
-1.8057327270507812,35.276519775390625,41.278411865234375
-1.7807769775390625,35.32354736328125,41.25962829589844
-1.7411270141601562,35.311920166015625,41.210548400878906
-1.7148284912109375,35.36155700683594,41.48789978027344
-1.8154983520507812,35.284751892089844,41.57122039794922
-1.6754989624023438,35.35936737060547,41.59119415283203
-1.724761962890625,35.226593017578125,41.434600830078125
-1.7293548583984375,35.27825927734375,41.472618103027344
-1.6950302124023438,35.308258056640625,41.363136291503906
-1.660797119140625,35.30689239501953,41.30747985839844
-1.73046875,35.36518859863281,41.224998474121094
-1.734100341796875,35.33863067626953,41.194610595703125
-1.6422576904296875,35.370147705078125,41.089271545410156
-1.6207275390625,35.25494384765625,41.07689666748047
-1.714202880859375,35.23771667480469,41.093414306640625
-1.6408233642578125,35.21448516845703,41.24528503417969
-1.6240921020507812,35.23661804199219,41.218727111816406
-1.60101318359375,35.22187042236328,41.20710754394531
-1.5724639892578125,35.253387451171875,41.195838928222656
-1.5220260620117188,35.08464050292969,41.179481506347656
-1.609771728515625,35.048988342285156,41.11509704589844
-1.7112503051757812,35.19359588623047,41.24458312988281
-1.811767578125,35.232940673828125,41.13615417480469
-1.66729736328125,35.22358703613281,41.08271789550781
-1.7004852294921875,35.14582061767578,41.257789611816406
-1.6364974975585938,35.22801971435547,41.22001647949219
-1.6714706420898438,35.22514343261719,41.19769287109375
-1.6444320678710938,35.213287353515625,41.21684265136719
-1.6586456298828125,35.23017120361328,41.253135681152344
-1.7077713012695312,35.29786682128906,41.23358154296875
-1.7208480834960938,35.34718322753906,41.19701385498047
-1.9404449462890625,35.376953125,41.262916564941406
-2.0139999389648438,35.382789611816406,41.175209045410156
-2.0045394897460938,35.431861877441406,40.923240661621094
-1.852020263671875,35.43830871582031,40.93359375
-1.888824462890625,35.42774963378906,41.05547332763672
-1.8095779418945312,35.469329833984375,41.05613708496094
-1.738494873046875,35.45116424560547,41.121055603027344
-1.7052078247070312,35.314842224121094,41.08074951171875
-1.685089111328125,35.457923889160156,41.05998992919922
-1.57733154296875,35.44450378417969,40.923492431640625
-1.6539382934570312,35.36138153076172,40.886192321777344
-1.6208724975585938,35.18651580810547,41.026947021484375
-1.7090988159179688,35.09535217285156,41.093536376953125
-1.6873092651367188,35.111045837402344,40.954681396484375
-1.646240234375,35.229591369628906,41.052642822265625
-1.6453475952148438,35.27760314941406,41.2186279296875
-1.6980514526367188,35.34532928466797,41.220458984375
-1.6728439331054688,35.18357849121094,41.126312255859375
-1.6925277709960938,35.170989990234375,41.103363037109375
-1.7357254028320312,35.32746887207031,41.02656555175781
-1.9152374267578125,35.261085510253906,40.922637939453125
-1.9957733154296875,35.261558532714844,40.99671173095703
-1.7744216918945312,35.18116760253906,41.195106506347656
-1.6949996948242188,35.25865936279297,41.38574981689453
-1.7138519287109375,35.31028747558594,41.437461853027344
-1.668304443359375,35.3536376953125,41.35270690917969
-1.63714599609375,35.3302001953125,41.30476379394531
-1.72174072265625,35.28271484375,41.30464172363281
-1.81591796875,35.35585021972656,41.27728271484375
-1.755462646484375,35.421302795410156,41.25989532470703
-1.71697998046875,35.42426300048828,41.223716735839844
-1.5648193359375,35.41249084472656,41.36272430419922
-1.6173095703125,35.33080291748047,41.42552185058594
-1.6970748901367188,35.328758239746094,41.438209533691406
-1.6574172973632812,35.285797119140625,41.256805419921875
-1.6860809326171875,35.262962341308594,41.18927001953125
-1.6546707153320312,35.43711853027344,41.22553253173828
-1.651092529296875,35.52729797363281,41.191192626953125
-1.6856460571289062,35.582672119140625,41.25746154785156
-1.614013671875,35.616973876953125,41.14556884765625
-1.5597305297851562,35.54747009277344,41.06846618652344
-1.6508560180664062,35.464561462402344,41.107269287109375
-1.7025833129882812,35.49358367919922,41.219757080078125
-1.781158447265625,35.43828582763672,41.21189880371094
-1.8618850708007812,35.450950622558594,41.192787170410156
-1.9894943237304688,35.531089782714844,41.18434143066406
-1.9447708129882812,35.446617126464844,41.265708923339844
-2.0197830200195312,35.430992126464844,41.204803466796875
-1.8570022583007812,35.453895568847656,41.117652893066406
-1.8384780883789062,35.434288024902344,40.98059844970703
-1.8086090087890625,35.50151062011719,40.93236541748047
-1.8880615234375,35.543601989746094,41.08561706542969
-1.943450927734375,35.47172546386719,41.17955017089844
-2.0093994140625,35.50382995605469,41.26927947998047
-2.0310440063476562,35.420265197753906,41.17608642578125
-1.994781494140625,35.44355773925781,41.15733337402344
-1.8819046020507812,35.44950866699219,41.160888671875
-1.6944122314453125,35.42003631591797,41.104888916015625
-1.7261810302734375,35.40758514404297,40.955589294433594
-1.58673095703125,35.496063232421875,41.106048583984375
-1.658905029296875,35.423316955566406,41.0797119140625
-1.656463623046875,35.40039825439453,41.135986328125
-1.6849288940429688,35.49333190917969,41.24360656738281
-1.616973876953125,35.5048828125,41.236305236816406
-1.5203628540039062,35.470375061035156,41.297264099121094
-1.5678939819335938,35.459739685058594,41.241424560546875
-1.5012054443359375,35.442596435546875,41.24656677246094
-1.5399627685546875,35.42847442626953,41.24169921875
-1.5486984252929688,35.49322509765625,41.23919677734375
-1.5358505249023438,35.430694580078125,41.22027587890625
-1.5200424194335938,35.37608337402344,41.228233337402344
-1.5829620361328125,35.335723876953125,41.292816162109375
-1.59979248046875,35.291175842285156,41.29315185546875
-1.5507736206054688,35.43932342529297,41.272605895996094
-1.5208511352539062,35.48145294189453,41.221580505371094
-1.5114974975585938,35.433067321777344,41.1463623046875
-1.496063232421875,35.47123718261719,41.110374450683594
-1.6382293701171875,35.55073547363281,40.94670867919922
-1.76861572265625,35.6240234375,41.02306365966797
-1.6852645874023438,35.55152893066406,41.020545959472656
-1.690185546875,35.51860809326172,41.100372314453125
-1.6572036743164062,35.481956481933594,41.13066101074219
-1.7303543090820312,35.464637756347656,41.26634979248047
-1.756866455078125,35.398231506347656,41.101478576660156
-1.9390182495117188,35.342323303222656,41.0628662109375
-1.8897857666015625,35.42479705810547,41.22136688232422
-1.888702392578125,35.484580993652344,41.19781494140625
-1.8042526245117188,35.50567626953125,41.300743103027344
-1.9757461547851562,35.45320129394531,41.342369079589844
-1.9941482543945312,35.353614807128906,41.302757263183594
-1.9793167114257812,35.36486053466797,41.36170196533203
-1.994720458984375,35.27935791015625,41.43772888183594
-1.9939422607421875,35.35979461669922,41.37030792236328
-1.9955520629882812,35.35723114013672,41.41126251220703
-1.9549026489257812,35.18670654296875,41.451812744140625
-1.9221878051757812,35.17317199707031,41.26348876953125
-1.9217529296875,35.183807373046875,41.20707702636719
-1.9405136108398438,35.233245849609375,41.15416717529297
-1.85162353515625,35.327842712402344,41.14503479003906
-1.9635086059570312,35.28290557861328,41.231239318847656
-1.9497222900390625,35.343833923339844,41.297210693359375
-1.94110107421875,35.35784149169922,41.24469757080078
-2.0835037231445312,35.37452697753906,41.288902282714844
-2.0048294067382812,35.38288879394531,41.123260498046875
-1.9390487670898438,35.36949157714844,41.134864807128906
-1.9202957153320312,35.296669006347656,41.073875427246094
-1.9547653198242188,35.18622589111328,41.059173583984375
-1.997344970703125,35.18761444091797,41.232757568359375
-1.9947280883789062,35.13529968261719,41.322792053222656
-1.9615249633789062,35.093482971191406,41.36970520019531
-1.9138641357421875,35.180694580078125,41.26201629638672
-1.8242950439453125,35.16288757324219,41.31221008300781
-1.8035964965820312,35.20228576660156,41.253318786621094
-1.7687835693359375,35.19142150878906,41.23827362060547
-1.8076400756835938,35.23938751220703,41.25366973876953
-1.8666000366210938,35.15039825439453,41.31371307373047
-1.6920547485351562,35.12628173828125,41.32794189453125
-1.6907882690429688,35.10101318359375,41.50696563720703
-1.6902084350585938,35.09986877441406,41.565635681152344
-1.6387863159179688,35.060874938964844,41.48644256591797
-1.7244796752929688,35.062538146972656,41.41613006591797
-1.6938934326171875,35.171226501464844,41.338661193847656
-1.6702957153320312,35.225196838378906,41.21167755126953
-1.696197509765625,35.23542785644531,41.23384094238281
-1.653839111328125,35.21961975097656,41.20310974121094
-1.666351318359375,35.2607421875,41.289085388183594
-1.7897415161132812,35.356101989746094,41.292449951171875
-1.9744415283203125,35.415672302246094,41.26043701171875
-1.9796524047851562,35.489166259765625,41.15705108642578
-1.997467041015625,35.37572479248047,41.06127166748047
-1.9836959838867188,35.254188537597656,41.102691650390625
-2.0221939086914062,35.21540069580078,41.115150451660156
-1.727447509765625,35.18927001953125,41.21495056152344
-1.848388671875,35.155372619628906,41.2506103515625
-1.8327865600585938,35.13087463378906,41.26005554199219
-1.860198974609375,35.29216766357422,41.29280090332031
-1.8531646728515625,35.26206970214844,41.265846252441406
-1.85589599609375,35.329620361328125,41.03369140625
-1.7877426147460938,35.38427734375,40.995384216308594
-1.841339111328125,35.30615997314453,41.016204833984375
-1.8449783325195312,35.3463134765625,41.114295959472656
-1.8256912231445312,35.28950500488281,41.219337463378906
-1.707427978515625,35.21642303466797,41.23332977294922
-1.7184371948242188,35.22578430175781,41.23358917236328
-1.7016372680664062,35.17053985595703,41.241363525390625
-1.6604843139648438,35.264495849609375,41.20538330078125
-1.7762451171875,35.334129333496094,41.107147216796875
-1.7568283081054688,35.342430114746094,41.01531219482422
-1.9433135986328125,35.421356201171875,40.92445373535156
-2.0158767700195312,35.434959411621094,40.92308807373047
-2.0088348388671875,35.317047119140625,41.155311584472656
-1.9075927734375,35.274505615234375,41.400421142578125
-1.7984237670898438,35.34156036376953,41.360382080078125
-1.717926025390625,35.287315368652344,41.32232666015625
-1.668548583984375,35.32972717285156,41.23857879638672
-1.658477783203125,35.278709411621094,41.314231872558594
-1.7558670043945312,35.350181579589844,41.39451599121094
-1.7858734130859375,35.276634216308594,41.26042175292969
-1.775909423828125,35.35497283935547,41.25993347167969
-1.84368896484375,35.29176330566406,41.25627899169922
-1.7654190063476562,35.27296447753906,41.24597930908203
-1.6557693481445312,35.216026306152344,41.36040496826172
-1.5667495727539062,35.33222198486328,41.282615661621094
-1.6597518920898438,35.448638916015625,41.267677307128906
-1.7063980102539062,35.503204345703125,41.30256652832031
-1.7442626953125,35.495826721191406,41.354103088378906
-1.7311782836914062,35.57606506347656,41.441429138183594
-1.5750808715820312,35.63184356689453,41.38660430908203
-1.6002960205078125,35.61250305175781,41.37311553955078
-1.6516952514648438,35.63206481933594,41.276954650878906
-1.6707763671875,35.532752990722656,41.23774719238281
-1.6254043579101562,35.4840087890625,41.239654541015625
-1.5382080078125,35.485023498535156,41.25822448730469
-1.6870880126953125,35.504859924316406,41.266258239746094
-1.8435821533203125,35.48802947998047,41.26763916015625
-1.9517898559570312,35.51567077636719,41.261436462402344
-1.8622817993164062,35.54620361328125,41.32835388183594
-1.7400360107421875,35.509544372558594,41.42156219482422
-1.8519744873046875,35.51448059082031,41.40736389160156
-1.842987060546875,35.46782684326172,41.509010314941406
-1.8160552978515625,35.48198699951172,41.5626220703125
-1.82916259765625,35.40904998779297,41.51789093017578
-1.872283935546875,35.29761505126953,41.36497497558594
-1.8621292114257812,35.340309143066406,41.35437774658203
-1.8552093505859375,35.22986602783203,41.562408447265625
-1.8176193237304688,35.20403289794922,41.53413391113281
-1.8587646484375,35.241065979003906,41.600685119628906
-1.849884033203125,35.246551513671875,41.45256805419922
-1.886505126953125,35.2559814453125,41.57335662841797
-1.8431777954101562,35.332557678222656,41.541717529296875
-1.7198715209960938,35.287208557128906,41.55048370361328
-1.7095108032226562,35.28273010253906,41.69225311279297
-1.667724609375,35.260528564453125,41.681312561035156
-1.5530776977539062,35.259849548339844,41.880271911621094
-1.5953369140625,35.25874328613281,41.739952087402344
-1.7149276733398438,35.421119689941406,41.58775329589844
-1.6436233520507812,35.453094482421875,41.600799560546875
-1.654144287109375,35.39672088623047,41.61798095703125
-1.6995162963867188,35.29484558105469,41.497039794921875
-1.6113128662109375,35.302215576171875,41.45875549316406
-1.5544662475585938,35.328094482421875,41.52606201171875
-1.4546051025390625,35.29742431640625,41.420448303222656
-1.3809738159179688,35.26959228515625,41.2518310546875
-1.4281768798828125,35.27696228027344,41.23259735107422
-1.5528564453125,35.445037841796875,41.36585235595703
-1.6708984375,35.47972106933594,41.51854705810547
-1.7423782348632812,35.48748016357422,41.57795715332031
-1.6737899780273438,35.48863220214844,41.545692443847656
-1.7287521362304688,35.47029113769531,41.688514709472656
-1.7008056640625,35.315162658691406,41.70365905761719
-1.7277755737304688,35.284759521484375,41.60533142089844
-1.7107772827148438,35.34574890136719,41.622894287109375
-1.578094482421875,35.22465515136719,41.52772521972656
-1.568939208984375,35.21954345703125,41.367774963378906
-1.3373870849609375,35.25096130371094,41.48698425292969
-1.2818756103515625,35.206695556640625,41.50505065917969
-1.378021240234375,35.16698455810547,41.52745819091797
-1.4567718505859375,35.13410949707031,41.492454528808594
-1.4639511108398438,35.16107177734375,41.42876434326172
-1.4631195068359375,35.18677520751953,41.314170837402344
-1.5470657348632812,35.21714782714844,41.20124053955078
-1.6849746704101562,35.115882873535156,41.09223937988281
-1.7789306640625,35.10438537597656,41.08171844482422
-1.7816543579101562,35.158538818359375,41.20885467529297
-1.840087890625,35.226112365722656,41.19482421875
-1.8703079223632812,35.15723419189453,41.25859832763672
-1.78106689453125,35.150482177734375,41.295127868652344
-1.6405181884765625,35.291526794433594,41.29059600830078
-1.5181045532226562,35.29638671875,41.29888916015625
-1.599365234375,35.300941467285156,41.20335388183594
-1.7540054321289062,35.2647705078125,41.089202880859375
-1.8100662231445312,35.245887756347656,41.08827209472656
-1.713958740234375,35.16412353515625,41.151756286621094
-1.6821670532226562,35.16741180419922,41.08338165283203
-1.6222457885742188,35.134864807128906,40.96063995361328
-1.6823348999023438,35.157325744628906,41.08020782470703
-1.7823257446289062,35.069793701171875,41.011085510253906
-1.6797561645507812,35.12713623046875,41.0089111328125
-1.8090133666992188,35.21595764160156,41.06536865234375
-1.850189208984375,35.17250061035156,41.092437744140625
-1.6876373291015625,35.14630126953125,41.07209014892578
-1.6901016235351562,35.224578857421875,41.01886749267578
-1.6444854736328125,35.21092224121094,41.10707092285156
-1.6208724975585938,35.21974182128906,41.061737060546875
-1.7002182006835938,35.34089660644531,40.980201721191406
-1.697967529296875,35.35443115234375,40.87239074707031
-1.7171859741210938,35.387062072753906,40.73821258544922
-1.6791305541992188,35.298583984375,40.82220458984375
-1.7900161743164062,35.12255096435547,40.81703186035156
-1.7253952026367188,35.12290954589844,40.65349578857422
-1.6970062255859375,35.17650604248047,40.55554962158203
-1.7061920166015625,35.128684997558594,40.575279235839844
-1.68707275390625,35.076087951660156,40.77947998046875
-1.6442642211914062,35.02690887451172,41.06217956542969
-1.655792236328125,34.97547912597656,41.061424255371094
-1.7198410034179688,34.99668884277344,41.201927185058594
-1.7974014282226562,35.17353820800781,41.217933654785156
-1.87091064453125,35.20747375488281,41.25712585449219
-1.8462142944335938,35.21662139892578,41.25182342529297
-1.9871749877929688,35.332847595214844,41.32073974609375
-1.8538894653320312,35.27959442138672,41.43438720703125
-1.799591064453125,35.1702880859375,41.258018493652344
-1.8519515991210938,35.185752868652344,41.2781982421875
-1.6896209716796875,35.18311309814453,41.261329650878906
-1.7098541259765625,35.06169891357422,41.22132873535156
-1.6414260864257812,35.04596710205078,41.109230041503906
-1.6785964965820312,35.074134826660156,41.09313201904297
-1.634735107421875,35.131675720214844,41.08428192138672
-1.7085189819335938,35.05828094482422,41.18647003173828
-1.8371124267578125,35.133140563964844,41.11937713623047
-1.9497299194335938,35.174705505371094,41.07707214355469
-1.851409912109375,35.23515319824219,41.088111877441406
-1.928070068359375,35.19978332519531,40.943275451660156
-1.9370193481445312,35.1427001953125,41.086158752441406
-1.8122711181640625,35.102203369140625,41.052207946777344
-1.7641830444335938,35.194725036621094,41.107208251953125
-1.6520538330078125,35.215057373046875,41.066200256347656
-1.6445693969726562,35.2999267578125,40.923301696777344
-1.7682876586914062,35.33599090576172,40.79291534423828
-1.6944503784179688,35.288719177246094,40.837120056152344
-1.7488250732421875,35.16961669921875,40.78253173828125
-1.7895126342773438,35.22589111328125,40.810325622558594
-1.9520187377929688,35.240867614746094,40.785888671875
-1.9472579956054688,35.177650451660156,40.67347717285156
-1.8865966796875,35.06324768066406,40.76637268066406
-1.7553176879882812,35.03446960449219,40.74671173095703
-1.6688156127929688,35.09490203857422,40.74376678466797
-1.5097732543945312,35.08473205566406,40.763038635253906
-1.4244003295898438,35.05779266357422,40.93109893798828
-1.4857940673828125,35.04192352294922,41.006324768066406
-1.673492431640625,35.054359436035156,41.17071533203125
-1.7024765014648438,35.02971649169922,41.09492492675781
-1.7024765014648438,35.02971649169922,41.09492492675781
-1.7236862182617188,35.08244323730469,41.254661560058594
-1.7300033569335938,35.06642150878906,41.105743408203125
-1.6434707641601562,35.194129943847656,40.94952392578125
-1.6784591674804688,35.29972839355469,40.93785095214844
-1.8016815185546875,35.316802978515625,41.05908203125
-1.7444686889648438,35.29624938964844,41.05824279785156
-1.6714401245117188,35.32391357421875,41.021087646484375
-1.7242813110351562,35.34336853027344,41.04627990722656
-1.7080612182617188,35.36359405517578,41.11656951904297
-1.714599609375,35.21070098876953,41.224632263183594
-1.7188949584960938,35.16271209716797,41.35871124267578
-1.7005691528320312,35.232460021972656,41.26423645019531
-1.6523666381835938,35.20966339111328,41.217857360839844
-1.746673583984375,35.281646728515625,41.20684814453125
-1.793670654296875,35.343833923339844,41.26317596435547
-1.7264251708984375,35.37113952636719,41.28407287597656
-1.6844406127929688,35.354034423828125,41.30695343017578
-1.7649002075195312,35.241905212402344,41.30809783935547
-1.9193649291992188,35.17918395996094,41.161231994628906
-1.935760498046875,35.28368377685547,41.21424865722656
-2.0132064819335938,35.27147674560547,41.22496795654297
-1.994171142578125,35.2718505859375,41.124839782714844
-2.0025711059570312,35.35777282714844,41.13236999511719
-2.0159072875976562,35.311073303222656,41.257896423339844
-1.9703521728515625,35.38097381591797,41.324249267578125
-2.025726318359375,35.358619689941406,41.513160705566406
-1.96356201171875,35.28471374511719,41.29448699951172
-1.929412841796875,35.34998321533203,41.12274169921875
-2.0115585327148438,35.306129455566406,41.080482482910156
-2.1076507568359375,35.31683349609375,41.075103759765625
-1.9886245727539062,35.23805236816406,41.145751953125
-2.0051422119140625,35.106201171875,41.109588623046875
-1.8318099975585938,35.13427734375,41.08704376220703
-1.8977279663085938,35.30388641357422,41.25642395019531
-2.0606460571289062,35.24497985839844,41.24281311035156
-1.9604721069335938,35.23906707763672,41.36731719970703
-2.0096359252929688,35.098419189453125,41.31713104248047
-1.9649276733398438,35.189208984375,41.30828094482422
-1.8336181640625,35.204673767089844,41.24928283691406
-1.7987289428710938,35.07279968261719,41.21192932128906
-1.8419570922851562,35.03666687011719,41.27439880371094
-1.76019287109375,35.12345886230469,41.30121612548828
-1.742156982421875,35.158485412597656,41.284027099609375
-1.6510467529296875,35.25189971923828,41.278419494628906
-1.6845779418945312,35.32482147216797,41.250701904296875
-1.8076858520507812,35.35564422607422,41.21808624267578
-1.7908172607421875,35.340599060058594,41.2962646484375
-1.8275680541992188,35.32328796386719,41.250091552734375
-1.9471206665039062,35.324737548828125,41.20112609863281
-2.0065231323242188,35.180503845214844,41.251991271972656
-1.9763259887695312,35.18763732910156,41.385215759277344
-1.8309249877929688,35.26206970214844,41.540199279785156
-1.7737655639648438,35.336700439453125,41.57715606689453
-1.728729248046875,35.340675354003906,41.37078094482422
-1.6859664916992188,35.20872497558594,41.18958282470703
-1.6741409301757812,35.048583984375,41.1595458984375
-1.6470718383789062,35.05962371826172,41.274658203125
-1.8175506591796875,35.017616271972656,41.475799560546875
-1.8003082275390625,35.070152282714844,41.300140380859375
-1.782867431640625,35.043487548828125,41.194976806640625
-1.7355270385742188,35.08995819091797,41.10884094238281
-1.6825180053710938,35.11317443847656,41.134735107421875
-1.6435928344726562,35.17811584472656,41.14826965332031
-1.6199722290039062,35.212425231933594,40.970054626464844
-1.6309127807617188,35.07920837402344,41.02362823486328
-1.657501220703125,35.099945068359375,41.112510681152344
-1.678466796875,35.070526123046875,41.19309997558594
-1.7270050048828125,35.01612854003906,41.23536682128906
-1.6662216186523438,35.09143829345703,41.30397033691406
-1.6850967407226562,35.061431884765625,41.130950927734375
-1.6705703735351562,35.03802490234375,41.276405334472656
-1.7210311889648438,35.05865478515625,41.50135803222656
-1.6453475952148438,35.00437927246094,41.57695007324219
-1.6574630737304688,35.040077209472656,41.539024353027344
-1.5997314453125,35.03907012939453,41.59868621826172
-1.5678482055664062,35.10272979736328,41.53739929199219
-1.7021331787109375,35.04863739013672,41.561668395996094
-1.7221832275390625,34.99821472167969,41.52656555175781
-1.5679092407226562,34.968994140625,41.61988830566406
-1.673553466796875,34.83154296875,41.516075134277344
-1.6818771362304688,34.80309295654297,41.29192352294922
-1.6916885375976562,34.81608581542969,41.431007385253906
-1.68115234375,34.88506317138672,41.52616882324219
-1.6415634155273438,34.96887969970703,41.518516540527344
-1.660186767578125,35.06166076660156,41.46891784667969
-1.7214889526367188,35.02801513671875,41.31909942626953
-1.8176116943359375,35.19374084472656,41.41905212402344
-1.8494720458984375,35.0477294921875,41.49249267578125
-1.6886215209960938,35.03123474121094,41.588478088378906
-1.6441574096679688,35.101966857910156,41.34272003173828
-1.5140380859375,35.13706970214844,41.307884216308594
-1.5606460571289062,35.145660400390625,41.314208984375
-1.5366287231445312,35.1202392578125,41.323402404785156
-1.6943893432617188,35.03907012939453,41.403594970703125
-1.7353668212890625,35.033714294433594,41.54925537109375
-1.6019210815429688,35.059844970703125,41.52827453613281
-1.5720977783203125,35.05473327636719,41.360877990722656
-1.543731689453125,35.08314514160156,41.169708251953125
-1.4907150268554688,35.187522888183594,41.14043426513672
-1.5590362548828125,35.163238525390625,41.24793243408203
-1.454803466796875,35.092689514160156,41.458030700683594
-1.5697555541992188,35.07831573486328,41.69221496582031
-1.508453369140625,35.198822021484375,41.73583221435547
-1.394866943359375,35.242591857910156,41.690818786621094
-1.3588180541992188,35.23186492919922,41.83197021484375
-1.3913345336914062,35.195030212402344,41.81275939941406
-1.3578338623046875,35.160926818847656,41.78105926513672
-1.2476119995117188,35.152320861816406,41.73827362060547
-1.2860260009765625,35.225135803222656,41.61168670654297
-1.4757766723632812,35.28071594238281,41.743003845214844
-1.61767578125,35.305809020996094,41.60063171386719
-1.6555404663085938,35.338279724121094,41.542442321777344
-1.6871719360351562,35.27471923828125,41.500892639160156
-1.6349716186523438,35.424224853515625,41.47236633300781
-1.6233139038085938,35.385284423828125,41.540504455566406
-1.5672683715820312,35.22126007080078,41.574501037597656
-1.51678466796875,35.19438934326172,41.54425811767578
-1.5401382446289062,35.164466857910156,41.722511291503906
-1.5871963500976562,35.16704559326172,41.648277282714844
-1.573150634765625,35.235687255859375,41.63600158691406
-1.5521774291992188,35.32295227050781,41.59492492675781
-1.5004501342773438,35.27313995361328,41.43072509765625
-1.6387863159179688,35.264739990234375,41.31927490234375
-1.6533737182617188,35.24365997314453,41.24333953857422
-1.6283645629882812,35.229820251464844,41.52647399902344
-1.6328506469726562,35.17639923095703,41.509422302246094
-1.71484375,35.206512451171875,41.585960388183594
-1.6446609497070312,35.1199951171875,41.47949981689453
-1.6447830200195312,35.187416076660156,41.333091735839844
-1.6717147827148438,35.092689514160156,41.41588592529297
-1.6638336181640625,35.11296844482422,41.56169891357422
-1.6551513671875,35.16449737548828,41.69373321533203
-1.5845947265625,35.309600830078125,41.65071105957031
-1.5246963500976562,35.2926025390625,41.472015380859375
-1.5047988891601562,35.41327667236328,41.54230499267578
-1.4850921630859375,35.36968231201172,41.543846130371094
-1.5318069458007812,35.35167694091797,41.56732177734375
-1.5643463134765625,35.356727600097656,41.52397155761719
-1.5977020263671875,35.32032775878906,41.665550231933594
-1.5268096923828125,35.200111389160156,41.70124053955078
-1.5381927490234375,35.23847198486328,41.676185607910156
-1.4907150268554688,35.225669860839844,41.74652099609375
-1.3779983520507812,35.184120178222656,41.99280548095703
-1.2727584838867188,35.260459899902344,41.78559112548828
-1.26959228515625,35.339576721191406,41.786712646484375
-1.38397216796875,35.346405029296875,41.731040954589844
-1.5543136596679688,35.351898193359375,41.74970245361328
-1.5291595458984375,35.330047607421875,41.538429260253906
-1.52777099609375,35.36607360839844,41.61060333251953
-1.5425643920898438,35.33625030517578,41.645973205566406
-1.5620956420898438,35.324684143066406,41.727378845214844
-1.5091400146484375,35.299560546875,41.76580047607422
-1.3891448974609375,35.281158447265625,41.47456359863281
-1.385162353515625,35.320655822753906,41.32794952392578
-1.4513320922851562,35.34275817871094,41.349098205566406
-1.4858932495117188,35.38160705566406,41.35581970214844
-1.5648727416992188,35.32355499267578,41.396568298339844
-1.5611648559570312,35.327362060546875,41.389488220214844
-1.6108016967773438,35.177886962890625,41.386253356933594
-1.6068496704101562,35.16133117675781,41.53868865966797
-1.62066650390625,35.22724151611328,41.684539794921875
-1.5099258422851562,35.248748779296875,41.563209533691406
-1.391632080078125,35.20238494873047,41.526397705078125
-1.254425048828125,35.240455627441406,41.575660705566406
-1.34393310546875,35.237220764160156,41.42286682128906
-1.4229278564453125,35.24890899658203,41.346435546875
-1.4446792602539062,35.213218688964844,41.4808349609375
-1.4730911254882812,35.275726318359375,41.51032257080078
-1.4846725463867188,35.337684631347656,41.410064697265625
-1.5476760864257812,35.310279846191406,41.29278564453125
-1.5901031494140625,35.27391052246094,41.13880157470703
-1.4239425659179688,35.36156463623047,41.19793701171875
-1.2742919921875,35.468231201171875,41.37389373779297
-1.3624038696289062,35.32001495361328,41.38569641113281
-1.4383392333984375,35.340789794921875,41.33332061767578
-1.5411376953125,35.301910400390625,41.37299346923828
-1.4407730102539062,35.31340789794922,41.45008850097656
-1.5208892822265625,35.36164855957031,41.29011535644531
-1.4878387451171875,35.44910430908203,41.2913818359375
-1.47607421875,35.357810974121094,41.271568298339844
-1.6390533447265625,35.30156707763672,41.12818908691406
-1.7190399169921875,35.36907958984375,41.14202117919922
-1.544036865234375,35.286109924316406,41.27073669433594
-1.5752716064453125,35.33815002441406,41.34403991699219
-1.5978546142578125,35.27436828613281,41.458168029785156
-1.412384033203125,35.328392028808594,41.50957489013672
-1.6218490600585938,35.324913024902344,41.464637756347656
-1.8384475708007812,35.30192565917969,41.378868103027344
-2.1223907470703125,35.27842712402344,41.2841796875
-2.4888992309570312,35.270225524902344,41.22967529296875
-2.500152587890625,35.31190490722656,41.16819763183594
-2.6172332763671875,35.259681701660156,41.079254150390625
-2.5337753295898438,35.23851013183594,41.22369384765625
-2.5177383422851562,35.212913513183594,41.20613098144531
-2.523345947265625,35.20164489746094,41.20458221435547
-2.5437088012695312,35.32456970214844,41.259613037109375
-2.5859832763671875,35.33251953125,41.231056213378906
-2.5311126708984375,35.27983093261719,41.237701416015625
-2.5020523071289062,35.23052215576172,41.19434356689453
-2.5809860229492188,35.237403869628906,41.376136779785156
-2.6084976196289062,35.09320068359375,41.41993713378906
-2.5719528198242188,35.049560546875,41.41425323486328
-2.4531326293945312,35.097198486328125,41.37688446044922
-2.4702835083007812,35.212120056152344,41.44276428222656
-2.189483642578125,35.32416534423828,41.25897216796875
-1.8432235717773438,35.347801208496094,41.27197265625
-1.75299072265625,35.32460021972656,41.39130401611328
-1.749908447265625,35.173240661621094,41.488670349121094
-1.6763916015625,35.33021545410156,41.42442321777344
-1.701568603515625,35.36909484863281,41.460601806640625
-1.9446487426757812,35.54698181152344,41.45140838623047
-2.0608291625976562,35.696083068847656,41.28484344482422
-2.1608963012695312,35.66809844970703,41.11201477050781
-2.3701324462890625,35.84503936767578,41.01972961425781
-2.3980865478515625,35.82843780517578,40.861793518066406
-2.5328140258789062,35.800804138183594,40.783172607421875
-2.7418212890625,35.884361267089844,40.808868408203125
-2.9999160766601562,35.83085632324219,40.69648742675781
-3.2679672241210938,35.88245391845703,40.72453308105469
-3.63525390625,35.95397186279297,40.74054718017578
-4.075202941894531,36.031219482421875,40.58995819091797
-4.6327056884765625,36.2176513671875,40.465911865234375
-5.5824127197265625,36.27264404296875,40.178260803222656
-6.537498474121094,36.382286071777344,39.79083251953125
-7.734130859375,36.527626037597656,39.54070281982422
-9.248466491699219,36.586647033691406,39.08209228515625
-10.830322265625,36.85352325439453,38.328575134277344
-12.420196533203125,37.179107666015625,37.56275939941406
-13.760856628417969,37.73176574707031,36.671913146972656
-15.137710571289062,38.38105773925781,35.42439270019531
-16.29584503173828,39.120323181152344,34.037147521972656
-17.47466278076172,39.81962585449219,32.54570007324219
-18.687942504882812,40.42890167236328,30.92181396484375
-20.179718017578125,40.957069396972656,29.32445526123047
-21.76317596435547,41.164207458496094,27.766555786132812
-23.32489776611328,41.10591125488281,26.619895935058594
-24.775245666503906,40.94305419921875,25.769683837890625
-26.029579162597656,40.58710479736328,25.22303009033203
-27.14861297607422,40.239402770996094,24.72260284423828
-28.18830108642578,39.88252258300781,24.379364013671875
-28.962928771972656,39.49806213378906,23.963111877441406
-29.75603485107422,39.10777282714844,23.604888916015625
-30.645606994628906,38.87169647216797,23.19415283203125
-31.54944610595703,38.511505126953125,23.025741577148438
-32.182411193847656,37.881431579589844,22.793296813964844
-32.699928283691406,37.356956481933594,22.96855926513672
-33.159889221191406,36.623504638671875,23.29766845703125
-33.552146911621094,35.86720275878906,24.04742431640625
-33.918251037597656,34.98717498779297,24.649581909179688
-34.350181579589844,34.254859924316406,25.371627807617188
-34.69757843017578,33.58655548095703,25.930274963378906
-34.76531219482422,32.91303253173828,26.5025634765625
-34.67559051513672,32.266700744628906,27.424156188964844
-34.53559112548828,31.353790283203125,28.40582275390625
-34.473777770996094,30.514862060546875,29.380599975585938
-34.337547302246094,29.572547912597656,30.31317138671875
-34.054054260253906,28.74774932861328,31.325225830078125
-33.65540313720703,27.99095916748047,32.33191680908203
-33.334632873535156,27.294754028320312,33.270835876464844
-33.29412078857422,26.57073974609375,33.8809814453125
-33.409278869628906,26.0330810546875,34.33295440673828
-33.50421905517578,25.46222686767578,34.75062561035156
-33.580909729003906,24.82599639892578,35.03517150878906
-33.619041442871094,24.234397888183594,35.380096435546875
-33.67021942138672,23.589942932128906,35.603797912597656
-33.637794494628906,22.922073364257812,36.056983947753906
-33.70844268798828,22.403060913085938,36.480194091796875
-33.685813903808594,21.73876953125,36.885154724121094
-33.53923797607422,20.989662170410156,37.21784973144531
-33.68274688720703,20.310302734375,37.530548095703125
-33.59520721435547,19.620567321777344,37.86847686767578
-33.340599060058594,19.069252014160156,38.37168884277344
-33.037254333496094,18.661956787109375,38.84901428222656
-32.84990692138672,18.228660583496094,39.299354553222656
-32.693580627441406,17.928245544433594,39.56358337402344
-32.56238555908203,17.578041076660156,39.64910888671875
-32.657386779785156,17.220489501953125,39.697731018066406
-32.85979461669922,16.861648559570312,39.70707702636719
-33.00133514404297,16.41705322265625,39.990333557128906
-33.068992614746094,15.873077392578125,40.13166809082031
-33.10877227783203,15.314300537109375,40.474395751953125
-33.049415588378906,14.79095458984375,40.685638427734375
-32.923667907714844,14.368408203125,40.80810546875
-32.59185028076172,13.982078552246094,40.992774963378906
-32.20258331298828,13.778121948242188,41.26564025878906
-31.871177673339844,13.830757141113281,41.66566467285156
-31.285789489746094,14.159919738769531,41.963226318359375
-30.610984802246094,14.628021240234375,42.12590789794922
-29.871253967285156,15.226127624511719,42.310096740722656
-29.29102325439453,15.76190185546875,42.55641174316406
-28.59357452392578,16.294464111328125,42.8143310546875
-27.845802307128906,16.719688415527344,43.230255126953125
-27.027183532714844,17.169326782226562,43.78515625
-26.19835662841797,17.602279663085938,44.201942443847656
-25.456886291503906,17.951217651367188,44.535179138183594
-24.83094024658203,18.27984619140625,44.886016845703125
-24.107948303222656,18.4644775390625,45.105308532714844
-23.56456756591797,18.66674041748047,45.274192810058594
-22.909645080566406,18.988113403320312,45.4957275390625
-22.422027587890625,19.24219512939453,45.644012451171875
-21.78907012939453,19.46521759033203,45.983802795410156
-21.4468994140625,19.798500061035156,46.09492492675781
-21.075302124023438,19.908157348632812,46.171852111816406
-20.692657470703125,20.212852478027344,46.15824890136719
-20.429306030273438,20.29730224609375,46.1868896484375
-20.05980682373047,20.488082885742188,46.18518829345703
-19.783447265625,20.722679138183594,46.252403259277344
-19.70789337158203,20.78186798095703,46.4239501953125
-19.63855743408203,20.982009887695312,46.497642517089844
-19.464439392089844,21.099075317382812,46.45729064941406
-19.457015991210938,21.140335083007812,46.41241455078125
-19.477394104003906,21.07947540283203,46.477012634277344
-19.58990478515625,20.98841094970703,46.44438171386719
-19.81414794921875,20.726913452148438,46.39447021484375
-20.002723693847656,20.50408172607422,46.360687255859375
-20.12384796142578,20.167984008789062,46.32556915283203
-20.296791076660156,19.970565795898438,46.410743713378906
-20.538528442382812,19.61194610595703,46.516502380371094
-20.816551208496094,19.290199279785156,46.586273193359375
-20.9248046875,19.14861297607422,46.496490478515625
-21.01508331298828,19.132125854492188,46.398887634277344
-21.056167602539062,19.243087768554688,46.280784606933594
-20.923141479492188,19.455101013183594,46.14195251464844
-20.91619110107422,19.774024963378906,46.073150634765625
-20.839645385742188,19.896812438964844,45.998497009277344
-20.8626708984375,20.042625427246094,45.898284912109375
-20.98162078857422,20.194137573242188,45.851409912109375
-20.997177124023438,20.28858184814453,45.720558166503906
-21.102699279785156,20.254135131835938,45.66065979003906
-21.101150512695312,20.174697875976562,45.62604522705078
-21.154319763183594,20.144393920898438,45.684715270996094
-21.21131134033203,20.08306884765625,45.687591552734375
-21.255828857421875,20.1763916015625,45.628318786621094
-21.17766571044922,20.330307006835938,45.64299774169922
-21.14178466796875,20.487037658691406,45.72943878173828
-21.058128356933594,20.631614685058594,45.645347595214844
-20.95323944091797,20.789085388183594,45.42042541503906
-20.935531616210938,20.91240692138672,45.35725402832031
-20.995391845703125,20.808517456054688,45.427040100097656
-21.115440368652344,20.7188720703125,45.491119384765625
-21.29547882080078,20.593360900878906,45.63434600830078
-21.311538696289062,20.476913452148438,45.736778259277344
-21.250144958496094,20.285743713378906,45.758323669433594
-21.17303466796875,20.300537109375,45.694297790527344
-21.139793395996094,20.38666534423828,45.68433380126953
-21.14759063720703,20.45026397705078,45.837074279785156
-21.144248962402344,20.55462646484375,45.90950012207031
-21.15570068359375,20.66783905029297,45.88801574707031
-21.068016052246094,20.682876586914062,45.785064697265625
-21.120162963867188,20.67768096923828,45.75604248046875
-21.202598571777344,20.683853149414062,45.72248840332031
-21.298568725585938,20.546539306640625,45.86271667480469
-21.43920135498047,20.476295471191406,45.86469268798828
-21.53864288330078,20.29631805419922,45.72969055175781
-21.639190673828125,20.130050659179688,45.56853485107422
-21.964767456054688,19.888099670410156,45.500892639160156
-22.145294189453125,19.816497802734375,45.49071502685547
-22.337234497070312,19.7244873046875,45.34534454345703
-22.53656768798828,19.704315185546875,45.23529815673828
-22.752525329589844,19.72711944580078,45.252845764160156
-22.82520294189453,19.732192993164062,45.40728759765625
-22.940528869628906,19.640335083007812,45.27625274658203
-23.20661163330078,19.46453094482422,45.310935974121094
-23.267311096191406,19.46709442138672,45.151100158691406
-23.31488800048828,19.584793090820312,45.10826110839844
-23.39110565185547,19.60907745361328,45.19879913330078
-23.39110565185547,19.60907745361328,45.19879913330078
-23.96723175048828,19.81688690185547,44.844337463378906
-24.27648162841797,19.823486328125,44.70219421386719
-24.27648162841797,19.823486328125,44.70219421386719
-24.642860412597656,19.68360137939453,44.570098876953125
-25.123878479003906,19.358535766601562,44.4708251953125
-25.47541046142578,18.853286743164062,44.427345275878906
-25.727134704589844,18.161659240722656,44.68273162841797
-25.53295135498047,17.661392211914062,44.925933837890625
-25.23535919189453,17.19733428955078,45.34052276611328
-24.684547424316406,17.064010620117188,46.13965606689453
-24.102272033691406,17.132614135742188,47.409202575683594
-23.502586364746094,17.52191162109375,48.992095947265625
-22.934425354003906,18.268028259277344,50.801124572753906
-22.79645538330078,19.600601196289062,52.90831756591797
-22.836448669433594,21.271377563476562,55.33013153076172
-23.024391174316406,23.32787322998047,57.59440612792969
-23.43384552001953,25.695907592773438,59.97618103027344
-24.038978576660156,28.41478729248047,62.376914978027344
-24.931251525878906,31.59545135498047,64.63169860839844
-26.29833221435547,35.44429016113281,66.60369110107422
-28.10466766357422,40.04491424560547,67.97666931152344
-30.11376190185547,45.04466247558594,68.71150970458984
-32.215476989746094,49.784820556640625,69.10679626464844
-34.32622528076172,53.77589416503906,69.35967254638672
-36.006813049316406,56.58635711669922,69.50566864013672
-37.302833557128906,58.51277160644531,69.72850036621094
-38.21495819091797,59.888580322265625,70.0100326538086
-39.00330352783203,60.54052734375,70.12898254394531
-39.835548400878906,60.96080017089844,69.3774185180664
-40.637779235839844,61.17064666748047,67.94259643554688
-41.286155700683594,61.54444885253906,65.95490264892578
-42.06578826904297,61.92951965332031,63.29912567138672
-42.79918670654297,62.41065216064453,60.241188049316406
-43.781471252441406,62.838531494140625,57.14280700683594
-44.735206604003906,63.35350799560547,53.741363525390625
-45.452552795410156,63.798133850097656,50.333717346191406
-46.18000030517578,64.22805786132812,46.780799865722656
-46.72431182861328,64.69769287109375,42.792633056640625
-47.33458709716797,65.5733871459961,38.46214294433594
-48.363670349121094,67.37696838378906,33.67333984375
-51.408180236816406,70.35946655273438,28.398361206054688
-54.554283142089844,71.66914367675781,24.461013793945312
-55.80261993408203,71.09008026123047,22.893829345703125
-56.18054962158203,70.80620574951172,22.471542358398438
-56.097328186035156,70.79491424560547,22.434402465820312
-55.89672088623047,71.03487396240234,22.511764526367188
-55.628990173339844,71.19627380371094,22.569671630859375
-55.40174102783203,71.40536499023438,22.702178955078125
-55.212989807128906,71.73654174804688,22.839073181152344
-55.03022003173828,71.97991943359375,23.01654052734375
-54.96965789794922,72.20135498046875,23.049911499023438
-54.882606506347656,72.34304809570312,22.996009826660156
-54.74579620361328,72.52076721191406,23.08917999267578
-54.68311309814453,72.50537109375,23.137924194335938
-54.57659149169922,72.67720031738281,23.17388153076172
-54.35517120361328,72.63714599609375,23.212013244628906
-54.14836883544922,72.8521728515625,23.330360412597656
-53.733497619628906,72.97169494628906,23.38402557373047
-53.07769012451172,73.35295104980469,23.540328979492188
-52.210289001464844,73.74940490722656,23.986618041992188
-51.13275909423828,74.19786071777344,24.402549743652344
-49.955772399902344,74.79763793945312,24.807655334472656
-48.482643127441406,75.48576354980469,25.290122985839844
-46.676307678222656,76.26747131347656,25.733177185058594
-44.818443298339844,77.07615661621094,26.206031799316406
-42.854530334472656,78.09732055664062,26.560569763183594
-40.57471466064453,79.04481506347656,26.7821044921875
-38.49591827392578,79.74777221679688,26.944435119628906
-36.43311309814453,80.31101989746094,27.101219177246094
-34.53527069091797,80.7139892578125,27.168594360351562
-32.621971130371094,81.05203247070312,27.099388122558594
-30.90656280517578,81.46354675292969,27.281394958496094
-29.29999542236328,81.76803588867188,27.297836303710938
-27.80451202392578,81.91033935546875,27.396377563476562
-26.56890106201172,81.88699340820312,27.264633178710938
-25.478477478027344,82.01568603515625,27.136924743652344
-24.31450653076172,81.91763305664062,27.019935607910156
-23.223899841308594,81.87962341308594,26.95372772216797
-22.141983032226562,81.69052124023438,26.871124267578125
-21.24939727783203,81.40194702148438,26.855941772460938
-20.56507110595703,81.15156555175781,26.954307556152344
-20.114112854003906,80.83285522460938,27.121009826660156
-19.778289794921875,80.55145263671875,27.18431854248047
-19.707366943359375,80.28219604492188,27.19715118408203
-19.81555938720703,80.02900695800781,27.3309326171875
-19.770706176757812,79.90989685058594,27.466705322265625
-19.865699768066406,79.79940795898438,27.55615234375
-19.844696044921875,79.78378295898438,27.437637329101562
-19.740280151367188,79.92408752441406,27.351661682128906
-19.5548095703125,80.04689025878906,27.32988739013672
-19.377593994140625,79.85968017578125,27.44251251220703
-19.29816436767578,79.73127746582031,27.539276123046875
-19.042076110839844,79.73696899414062,27.65406036376953
-18.929412841796875,79.75384521484375,27.818649291992188
-19.076194763183594,79.59783935546875,27.884307861328125
-19.21503448486328,79.54312133789062,27.955764770507812
-19.222503662109375,79.57662963867188,28.069839477539062
-19.33155059814453,79.744384765625,28.05339813232422
-19.425155639648438,79.96701049804688,27.744308471679688
-19.67401123046875,80.190185546875,27.51532745361328
-20.108787536621094,80.29034423828125,27.426162719726562
-20.448387145996094,80.39276123046875,27.25823211669922
-20.635398864746094,80.42448425292969,27.172927856445312
-20.900787353515625,80.52310180664062,27.203536987304688
-21.20850372314453,80.69699096679688,27.280792236328125
-21.53124237060547,80.78634643554688,27.346755981445312
-21.919830322265625,80.95146179199219,27.212806701660156
-22.163917541503906,81.14414978027344,27.15741729736328
-22.61786651611328,81.3634033203125,27.02533721923828
-22.93195343017578,81.57371520996094,27.02045440673828
-23.22313690185547,81.58709716796875,26.94317626953125
-23.27147674560547,81.58819580078125,27.080589294433594
-23.01555633544922,81.46160888671875,27.106063842773438
-22.57099151611328,81.11723327636719,27.206809997558594
-22.306739807128906,80.94143676757812,27.427024841308594
-22.26563262939453,80.84062194824219,27.570411682128906
-22.350906372070312,80.71549987792969,27.78118133544922
-22.66423797607422,80.74183654785156,27.7144775390625
-23.20594024658203,80.82139587402344,27.71947479248047
-23.652626037597656,80.82916259765625,27.716567993164062
-24.04419708251953,80.92063903808594,27.713706970214844
-24.537574768066406,80.928955078125,27.78644561767578
-25.01824188232422,80.90278625488281,27.817977905273438
-25.538063049316406,80.61483764648438,27.75432586669922
-25.94823455810547,80.233642578125,27.828353881835938
-26.65247344970703,79.94914245605469,28.03459930419922
-27.459434509277344,79.80441284179688,28.334487915039062
-28.362403869628906,79.48283386230469,28.47418975830078
-29.485862731933594,79.20027160644531,28.548805236816406
-30.95592498779297,78.88095092773438,28.6077880859375
-32.57366180419922,78.36557006835938,28.444496154785156
-34.069740295410156,77.87159729003906,28.43115997314453
-35.74219512939453,76.98455810546875,28.543701171875
-37.39037322998047,76.09855651855469,28.717864990234375
-39.11748504638672,75.02058410644531,28.679977416992188
-40.761756896972656,73.9185791015625,28.512962341308594
-42.22437286376953,72.80960083007812,28.44952392578125
-43.382530212402344,72.00314331054688,28.246681213378906
-44.373390197753906,71.53260803222656,28.047447204589844
-44.94707489013672,71.50459289550781,27.954872131347656
-45.300193786621094,71.77857971191406,27.655548095703125
-45.432594299316406,72.06549072265625,27.33576202392578
-45.69609832763672,72.34330749511719,27.118614196777344
-46.101158142089844,72.31402587890625,26.945152282714844
-46.625160217285156,72.06930541992188,26.924087524414062
-47.455162048339844,71.39244079589844,26.960784912109375
-48.16466522216797,70.35222625732422,27.1279296875
-48.798255920410156,69.20378112792969,27.033111572265625
-49.52001190185547,68.08430480957031,26.923622131347656
-49.979820251464844,67.04371643066406,26.664352416992188
-50.26116180419922,66.55204010009766,26.63054656982422
-50.58570098876953,66.02317810058594,26.76763153076172
-50.86090850830078,65.53226470947266,26.789382934570312
-50.92198944091797,65.05010223388672,26.887924194335938
-51.008705139160156,64.44416046142578,27.013763427734375
-51.14276885986328,63.71910095214844,27.003829956054688
-51.350364685058594,63.01512145996094,27.050865173339844
-51.687095642089844,62.34363555908203,26.953514099121094
-52.200843811035156,62.046714782714844,26.543899536132812
-52.738121032714844,62.12584686279297,26.311134338378906
-53.18688201904297,62.385337829589844,26.04045867919922
-53.71564483642578,62.983497619628906,25.60907745361328
-54.108177185058594,63.56440734863281,25.34442138671875
-54.63072967529297,64.21845245361328,25.006240844726562
-54.873268127441406,65.03375244140625,24.443992614746094
-55.35210418701172,65.70111083984375,23.93584442138672
-55.73668670654297,66.3703384399414,23.5518798828125
-55.973045349121094,67.0887451171875,23.269790649414062
-56.21021270751953,67.83576202392578,22.91327667236328
-56.66394805908203,68.4682388305664,22.624053955078125
-57.042213439941406,69.05973815917969,22.139198303222656
-57.42328643798828,69.7982177734375,21.559127807617188
-57.866600036621094,70.56515502929688,20.914154052734375
-58.040977478027344,71.25094604492188,20.521240234375
-58.00585174560547,71.70790100097656,20.32696533203125
-57.62506866455078,71.88185119628906,20.692115783691406
-57.03075408935547,72.12112426757812,21.139007568359375
-56.31769561767578,72.236083984375,21.556838989257812
-55.294639587402344,72.57781982421875,22.272010803222656
-54.123939514160156,72.94549560546875,22.91168212890625
-52.974998474121094,73.18777465820312,23.55511474609375
-51.977394104003906,73.63261413574219,23.95842742919922
-51.10753631591797,74.34092712402344,24.000244140625
-50.48987579345703,75.05162048339844,23.93677520751953
-49.848731994628906,76.05143737792969,23.851409912109375
-49.05182647705078,77.04641723632812,23.84313201904297
-48.04155731201172,78.10017395019531,23.980926513671875
-46.898155212402344,79.00274658203125,24.092567443847656
-45.774940490722656,79.92587280273438,24.200271606445312
-44.765052795410156,80.54071044921875,24.258941650390625
-43.70726776123047,81.31864929199219,24.09387969970703
-42.790184020996094,82.050048828125,23.96898651123047
-42.057762145996094,82.93449401855469,23.70629119873047
-41.48242950439453,83.72712707519531,23.21894073486328
-41.04198455810547,84.53462219238281,22.569137573242188
-40.53081512451172,85.37741088867188,22.04991912841797
-39.809349060058594,86.41513061523438,21.458335876464844
-39.03644561767578,87.44447326660156,20.887863159179688
-38.20195770263672,88.46182250976562,20.38056182861328
-37.254661560058594,89.42582702636719,19.8914794921875
-36.39386749267578,90.26191711425781,19.392578125
-35.700660705566406,91.01361083984375,18.908309936523438
-35.014015197753906,91.63681030273438,18.399917602539062
-34.45940399169922,92.06845092773438,18.026512145996094
-33.99059295654297,92.47628784179688,17.765098571777344
-33.466026306152344,92.62969970703125,17.788063049316406
-33.000389099121094,92.53764343261719,17.953224182128906
-32.353736877441406,92.51692199707031,18.150413513183594
-31.68933868408203,92.57722473144531,18.242965698242188
-31.16686248779297,92.4779052734375,18.24334716796875
-30.90514373779297,92.44662475585938,18.229202270507812
-30.671897888183594,92.5560302734375,18.215469360351562
-30.44280242919922,92.72938537597656,18.383949279785156
-30.298667907714844,92.61895751953125,18.387306213378906
-30.002967834472656,92.60089111328125,18.395965576171875
-29.96112823486328,92.55345153808594,18.355667114257812
-29.92668914794922,92.46675109863281,18.592666625976562
-29.945640563964844,92.22590637207031,18.684288024902344
-29.91986846923828,92.08430480957031,18.81426239013672
-29.845130920410156,91.84883117675781,19.01372528076172
-29.90123748779297,91.66639709472656,19.13562774658203
-30.01787567138672,91.41452026367188,19.37537384033203
-30.00330352783203,91.21035766601562,19.5579833984375
-29.97339630126953,91.05755615234375,19.68299102783203
-29.64795684814453,90.95278930664062,19.80517578125
-29.23241424560547,90.9163818359375,19.88178253173828
-28.93932342529297,90.7806396484375,19.96990203857422
-28.37071990966797,90.60572814941406,20.123558044433594
-27.626792907714844,90.50149536132812,20.47119140625
-27.29875946044922,90.40359497070312,20.709083557128906
-27.04846954345703,90.28721618652344,20.735595703125
-26.87480926513672,90.18389892578125,20.7904052734375
-26.76258087158203,90.22459411621094,20.758773803710938
-26.73155975341797,90.20234680175781,20.79650115966797
-26.75562286376953,90.11088562011719,20.802139282226562
-26.66185760498047,90.12367248535156,20.812049865722656
-26.46520233154297,90.12319946289062,20.824302673339844
-26.413002014160156,90.0106201171875,20.873321533203125
-26.30164337158203,90.10069274902344,20.949363708496094
-26.166587829589844,90.18389892578125,20.925636291503906
-26.158287048339844,90.23309326171875,20.96654510498047
-26.02147674560547,90.1351318359375,20.851837158203125
-25.938987731933594,90.1273193359375,20.804855346679688
-26.007408142089844,90.14231872558594,20.728485107421875
-25.983497619628906,90.09375,20.702072143554688
-26.02307891845703,90.07167053222656,20.6795654296875
-26.102317810058594,90.09234619140625,20.561729431152344
-26.028297424316406,89.94943237304688,20.48846435546875
-25.90837860107422,89.92704772949219,20.608543395996094
-25.744468688964844,89.94541931152344,20.83238983154297
-25.805931091308594,89.99406433105469,20.844947814941406
-25.94915008544922,90.0977783203125,20.775306701660156
-25.821754455566406,90.04133605957031,20.92888641357422
-25.86206817626953,90.0184326171875,20.91827392578125
-25.88738250732422,89.97062683105469,20.914100646972656
-25.702354431152344,89.9312744140625,20.796035766601562
-25.78936004638672,89.91691589355469,20.52568817138672
-25.72594451904297,89.95736694335938,20.42266845703125
-25.634376525878906,89.85409545898438,20.713943481445312
-25.64122772216797,89.82980346679688,20.754310607910156
-25.777366638183594,89.92842102050781,20.617164611816406
-25.83161163330078,89.90208435058594,20.6007080078125
-25.84076690673828,89.92520141601562,20.60570526123047
-25.86219024658203,89.90892028808594,20.658836364746094
-25.839195251464844,89.95762634277344,20.716552734375
-25.80036163330078,89.91941833496094,20.71845245361328
-25.76764678955078,90.018798828125,20.74529266357422
-25.86444854736328,90.06047058105469,20.73949432373047
-25.88188934326172,90.08561706542969,20.76679229736328
-25.819435119628906,90.17523193359375,20.90001678466797
-25.879112243652344,90.193359375,20.99742889404297
-25.826988220214844,90.17398071289062,21.020729064941406
-25.811561584472656,90.24908447265625,20.966697692871094
-25.814720153808594,90.14543151855469,20.82868194580078
-25.703407287597656,90.15573120117188,20.512779235839844
-25.829917907714844,90.14743041992188,20.4678955078125
-25.772010803222656,90.13406372070312,20.592994689941406
-25.798561096191406,90.06965637207031,20.612388610839844
-25.77558135986328,90.19291687011719,20.70410919189453
-25.851158142089844,90.17384338378906,20.580039978027344
-25.729164123535156,90.176513671875,20.665451049804688
-25.80455780029297,90.25949096679688,20.576202392578125
-25.78459930419922,90.18515014648438,20.548126220703125
-25.849937438964844,90.12425231933594,20.746200561523438
-25.81401824951172,90.09780883789062,20.720169067382812
-25.868812561035156,90.02684020996094,20.678207397460938
-25.78673553466797,90.00875854492188,20.751182556152344
-25.77996063232422,89.92117309570312,20.788597106933594
-25.927406311035156,89.83258056640625,20.891143798828125
-25.91761016845703,89.97113037109375,20.87317657470703
-25.95105743408203,89.98654174804688,20.959556579589844
-25.96099090576172,89.88514709472656,20.98052978515625
-25.967262268066406,89.78500366210938,20.954742431640625
-25.89067840576172,89.90863037109375,21.00354766845703
-25.855812072753906,90.01202392578125,21.03217315673828
-25.93561553955078,90.11323547363281,21.061630249023438
-25.992469787597656,90.07389831542969,20.95983123779297
-26.07471466064453,90.03912353515625,20.92120361328125
-26.05876922607422,90.12185668945312,20.92120361328125
-25.860694885253906,90.08218383789062,20.939598083496094
-25.765296936035156,90.13877868652344,20.91901397705078
-25.75275421142578,90.04933166503906,20.965682983398438
-25.630470275878906,90.12765502929688,20.892547607421875
-25.55933380126953,90.12544250488281,20.776878356933594
-25.69721221923828,90.14044189453125,20.75830841064453
-25.54833221435547,90.12008666992188,20.651519775390625
-25.48418426513672,90.08975219726562,20.569496154785156
-25.748863220214844,90.13554382324219,20.7052001953125
-25.767982482910156,90.04243469238281,20.966224670410156
-25.954734802246094,89.98312377929688,21.05467987060547
-26.01520538330078,89.93815612792969,20.988662719726562
-26.00196075439453,89.99464416503906,20.909751892089844
-25.990013122558594,89.96829223632812,20.880874633789062
-25.940773010253906,89.90304565429688,20.86541748046875
-25.99370574951172,89.84358215332031,20.87621307373047
-25.97980499267578,89.84820556640625,20.954238891601562
-26.02838897705078,89.88450622558594,20.967132568359375
-25.98522186279297,89.9599609375,20.91497802734375
-25.975807189941406,90.01641845703125,21.118125915527344
-25.86383819580078,90.07435607910156,21.120346069335938
-25.81049346923828,90.01713562011719,20.942153930664062
-25.798561096191406,89.969482421875,20.84709930419922
-25.86833953857422,89.91630554199219,20.86461639404297
-25.916969299316406,89.98492431640625,21.09820556640625
-25.974830627441406,90.06605529785156,21.160064697265625
-25.951927185058594,90.12007141113281,21.207321166992188
-25.823951721191406,90.13374328613281,21.24748992919922
-25.81043243408203,90.06265258789062,21.325149536132812
-25.86414337158203,90.02122497558594,21.31707000732422
-25.91490936279297,89.9344482421875,21.221595764160156
-25.91503143310547,89.97434997558594,21.21015167236328
-25.985862731933594,89.93167114257812,21.18396759033203
-26.05164337158203,89.94950866699219,21.16913604736328
-26.01622772216797,90.00408935546875,21.198211669921875
-25.96215057373047,90.20697021484375,21.11334228515625
-25.99657440185547,90.26155090332031,21.099838256835938
-25.96192169189453,90.17832946777344,21.11823272705078
-26.03980255126953,90.14179992675781,21.159774780273438
-26.16423797607422,90.05508422851562,21.184677124023438
-26.26605987548828,89.97996520996094,21.235946655273438
-26.119285583496094,90.04190063476562,20.998687744140625
-25.98786163330078,90.04460144042969,20.937774658203125
-26.00615692138672,90.11911010742188,20.923049926757812
-25.993675231933594,90.12127685546875,20.905609130859375
-26.03705596923828,90.07081604003906,20.874343872070312
-25.920326232910156,90.06402587890625,20.837173461914062
-25.85456085205078,90.0518798828125,20.808380126953125
-25.91899871826172,90.07243347167969,20.803176879882812
-25.947776794433594,90.09040832519531,20.769569396972656
-25.94884490966797,90.13201904296875,20.832427978515625
-25.967247009277344,90.24520874023438,20.8984375
-25.914283752441406,90.10055541992188,20.934951782226562
-25.869956970214844,90.14299011230469,20.89282989501953
-25.88013458251953,90.150390625,20.87493133544922
-25.75592803955078,90.11396789550781,20.81402587890625
-25.65605926513672,90.07835388183594,20.870201110839844
-25.81085968017578,90.11747741699219,20.938125610351562
-25.806922912597656,90.10565185546875,20.884178161621094
-25.829185485839844,90.10829162597656,20.870147705078125
-25.79419708251953,90.0892333984375,20.893760681152344
-25.79651641845703,90.07513427734375,21.17182159423828
-25.82501983642578,90.06529235839844,21.235923767089844
-25.786415100097656,90.12141418457031,21.205039978027344
-25.774436950683594,90.09184265136719,21.247650146484375
-25.70934295654297,90.18620300292969,21.23175811767578
-25.60675811767578,90.13728332519531,20.972320556640625
-25.651573181152344,90.07582092285156,20.829627990722656
-25.75098419189453,90.05351257324219,20.69994354248047
-25.780967712402344,90.06434631347656,20.64868927001953
-25.74950408935547,90.06045532226562,20.768821716308594
-25.666954040527344,90.10308837890625,20.772079467773438
-25.675621032714844,90.23689270019531,20.598731994628906
-25.785301208496094,90.13519287109375,20.57099151611328
-25.785301208496094,90.13519287109375,20.57099151611328
-25.769081115722656,90.06840515136719,20.551620483398438
-25.788352966308594,90.07249450683594,20.616043090820312
-25.75383758544922,90.08831787109375,20.53955841064453
-25.80048370361328,90.0797119140625,20.487464904785156
-25.802345275878906,90.08421325683594,20.47057342529297
-25.739479064941406,90.08799743652344,20.56555938720703
-25.59355926513672,90.1414794921875,20.747230529785156
-25.58922576904297,89.9942626953125,20.921302795410156
-25.624290466308594,89.91476440429688,20.948524475097656
-25.639854431152344,90.01515197753906,20.882850646972656
-25.627113342285156,89.99813842773438,20.7921142578125
-25.77330780029297,90.05465698242188,20.811195373535156
-25.91260528564453,90.039794921875,20.74261474609375
-25.95220184326172,90.08010864257812,20.7481689453125
-25.96062469482422,90.13681030273438,20.706619262695312
-25.82286834716797,90.08189392089844,20.702285766601562
-25.809532165527344,90.23162841796875,20.597259521484375
-25.748756408691406,90.2515869140625,20.69164276123047
-25.83625030517578,90.09182739257812,20.774391174316406
-25.73979949951172,90.05894470214844,20.784835815429688
-25.560813903808594,90.07537841796875,20.795989990234375
-25.534706115722656,89.96733093261719,20.73810577392578
-25.530540466308594,89.96379089355469,20.805274963378906
-25.57048797607422,89.97079467773438,20.619110107421875
-25.54552459716797,89.90968322753906,20.57232666015625
-25.560890197753906,89.98721313476562,20.430709838867188
-25.540550231933594,90.03147888183594,20.484397888183594
-25.615272521972656,90.22280883789062,20.51879119873047
-25.81389617919922,90.13156127929688,20.570907592773438
-25.97834014892578,90.07554626464844,20.571800231933594
-25.869422912597656,90.12358093261719,20.871932983398438
-25.99370574951172,90.09555053710938,20.879714965820312
-25.82408905029297,90.06300354003906,20.817962646484375
-25.84667205810547,90.12013244628906,20.940460205078125
-25.84577178955078,90.09309387207031,20.903152465820312
-25.837974548339844,90.08908081054688,20.939712524414062
-25.879722595214844,90.05029296875,21.09197235107422
-25.886940002441406,90.13250732421875,20.993209838867188
-25.845314025878906,90.18513488769531,20.91338348388672
-25.88141632080078,90.13449096679688,20.827545166015625
-25.62177276611328,90.08981323242188,20.751014709472656
-25.564292907714844,90.08990478515625,20.859817504882812
-25.529945373535156,90.04693603515625,20.93915557861328
-25.560462951660156,90.18637084960938,21.05925750732422
-25.700340270996094,90.19087219238281,20.961990356445312
-25.753135681152344,90.08912658691406,20.90178680419922
-25.788108825683594,90.07911682128906,20.844100952148438
-25.765342712402344,90.04499816894531,20.83551025390625
-25.724754333496094,90.12515258789062,20.788803100585938
-25.849647521972656,90.11761474609375,20.790748596191406
-25.823753356933594,90.04423522949219,20.663421630859375
-25.863319396972656,90.05160522460938,20.665977478027344
-25.814796447753906,90.12004089355469,20.761802673339844
-25.787635803222656,90.12136840820312,20.81110382080078
-25.818992614746094,90.08914184570312,20.724777221679688
-25.83531951904297,90.15541076660156,20.782508850097656
-25.849037170410156,90.05462646484375,20.79296875
-25.831687927246094,90.12721252441406,20.723655700683594
-25.745521545410156,90.25430297851562,20.890403747558594
-25.79582977294922,90.22328186035156,21.013877868652344
-25.68665313720703,90.14601135253906,21.06237030029297
-25.636009216308594,90.23196411132812,20.924171447753906
-25.822593688964844,90.20112609863281,20.820823669433594
-25.73773956298828,90.27584838867188,20.78105926513672
-25.693885803222656,90.18994140625,20.76226806640625
-25.70598602294922,90.1923828125,20.631256103515625
-25.791847229003906,90.25613403320312,20.61707305908203
-25.87201690673828,90.2830810546875,20.72551727294922
-25.973243713378906,90.25556945800781,20.704605102539062
-25.96582794189453,90.1556396484375,20.90838623046875
-25.90509796142578,90.1888427734375,20.95507049560547
-25.824806213378906,90.28651428222656,20.784866333007812
-25.87364959716797,90.335693359375,20.779144287109375
-25.836524963378906,90.39726257324219,20.73468017578125
-25.827293395996094,90.30455017089844,20.70092010498047
-25.73975372314453,90.26673889160156,20.76256561279297
-25.79711151123047,90.14460754394531,20.76654815673828
-25.76001739501953,90.11659240722656,20.843650817871094
-25.707237243652344,90.075439453125,20.89257049560547
-25.702110290527344,90.05976867675781,20.748069763183594
-25.660362243652344,90.13105773925781,20.631668090820312
-25.58985137939453,90.11366271972656,20.588668823242188
-25.685218811035156,90.0736083984375,20.701377868652344
-25.66168975830078,89.98040771484375,20.740638732910156
-25.721900939941406,90.00044250488281,20.671340942382812
-25.841285705566406,90.08248901367188,20.62438201904297
-25.822181701660156,90.05612182617188,20.63703155517578
-25.88701629638672,90.07562255859375,20.60321044921875
-25.87053680419922,90.11546325683594,20.608070373535156
-25.883384704589844,90.01499938964844,20.58368682861328
-25.663780212402344,90.0650634765625,20.747604370117188
-25.53624725341797,90.06718444824219,20.806289672851562
-25.672813415527344,90.06570434570312,20.805152893066406
-25.76738739013672,90.0567626953125,20.7852783203125
-25.81273651123047,89.94456481933594,20.838890075683594
-25.74364471435547,89.94720458984375,20.932464599609375
-25.73253631591797,89.86723327636719,20.96129608154297
-25.742164611816406,89.83354187011719,20.960647583007812
-25.837730407714844,89.85784912109375,20.874778747558594
-25.79419708251953,89.89231872558594,20.885231018066406
-25.820152282714844,89.83650207519531,20.942214965820312
-25.810142517089844,89.7939453125,20.88874053955078
-25.746315002441406,89.86659240722656,20.788719177246094
-25.727577209472656,90.06529235839844,20.80084228515625
-25.751564025878906,90.07144165039062,20.845420837402344
-25.75867462158203,90.05604553222656,20.854576110839844
-25.853233337402344,90.03260803222656,20.92133331298828
-25.86540985107422,89.83567810058594,20.911415100097656
-25.78339385986328,89.94570922851562,20.788681030273438
-25.81690216064453,90.056884765625,20.723983764648438
-25.852134704589844,90.03102111816406,20.75695037841797
-25.874717712402344,90.04170227050781,20.68279266357422
-25.714683532714844,90.00532531738281,20.658775329589844
-25.694114685058594,90.10504150390625,20.580848693847656
-25.84105682373047,90.11050415039062,20.84893035888672
-25.727439880371094,90.02388000488281,20.89635467529297
-25.707786560058594,89.96284484863281,20.893814086914062
-25.74304962158203,89.9168701171875,20.93670654296875
-25.849891662597656,89.9305419921875,21.075233459472656
-25.815589904785156,89.91728210449219,21.087509155273438
-25.798622131347656,90.04798889160156,20.990867614746094
-25.83086395263672,90.09962463378906,21.056884765625
-25.87743377685547,90.19453430175781,21.105262756347656
-25.749549865722656,90.15846252441406,21.078468322753906
-25.55248260498047,90.10206604003906,20.974815368652344
-25.78032684326172,90.04829406738281,20.835716247558594
-25.92115020751953,90.1024169921875,20.735076904296875
-25.91358184814453,89.97329711914062,20.84075164794922
-25.82634735107422,89.91946411132812,20.833969116210938
-25.70240020751953,89.91801452636719,20.744003295898438
-25.67377471923828,89.95301818847656,20.68719482421875
-25.817832946777344,90.00370788574219,20.59935760498047
-25.96021270751953,90.0316162109375,20.553077697753906
-25.94945526123047,90.02851867675781,20.734519958496094
-25.948280334472656,90.10116577148438,20.705780029296875
-26.00688934326172,90.06779479980469,20.732330322265625
-25.921226501464844,90.00874328613281,20.80664825439453
-25.90074920654297,89.87115478515625,20.643898010253906
-25.743247985839844,89.974609375,20.688377380371094
-25.74720001220703,90.09812927246094,20.6181640625
-25.774940490722656,90.11174011230469,20.769439697265625
-25.86249542236328,90.07548522949219,20.885597229003906
-25.86888885498047,90.10539245605469,20.763717651367188
-25.88872528076172,90.22496032714844,20.715438842773438
-25.73418426513672,90.18321228027344,20.877182006835938
-25.61998748779297,90.16389465332031,20.86273193359375
-25.625755310058594,90.23554992675781,20.777992248535156
-25.681358337402344,90.19366455078125,20.816673278808594
-25.65886688232422,90.1114501953125,21.038818359375
-25.67212677001953,90.08132934570312,21.216201782226562
-25.712074279785156,90.08181762695312,21.02734375
-25.65435028076172,90.12570190429688,20.875144958496094
-25.739234924316406,90.08985900878906,20.82805633544922
-25.78881072998047,90.11845397949219,20.8697509765625
-25.83092498779297,90.13742065429688,20.865493774414062
-25.879966735839844,90.06307983398438,20.82160186767578
-25.79088592529297,90.13215637207031,20.781417846679688
-25.828956604003906,90.07945251464844,20.818389892578125
-25.812522888183594,90.04656982421875,20.77538299560547
-25.965919494628906,90.03361511230469,20.862380981445312
-25.894569396972656,90.04267883300781,20.888893127441406
-25.831031799316406,90.09039306640625,20.764083862304688
-25.800636291503906,90.13908386230469,20.786453247070312
-25.85588836669922,90.06211853027344,20.83843231201172
-25.798362731933594,90.10060119628906,20.85997772216797
-25.800270080566406,89.99314880371094,20.792564392089844
-25.78321075439453,90.08505249023438,20.65949249267578
-25.82105255126953,90.08615112304688,20.512611389160156
-25.891563415527344,90.11708068847656,20.413108825683594
-25.94611358642578,90.01652526855469,20.422897338867188
-25.95801544189453,90.01075744628906,20.598228454589844
-25.885108947753906,90.01821899414062,20.73290252685547
-25.82599639892578,90.05645751953125,20.815505981445312
-25.759971618652344,90.15493774414062,20.841957092285156
-25.77466583251953,90.27790832519531,20.857269287109375
-25.861106872558594,90.38087463378906,20.911361694335938
-25.894569396972656,90.22994995117188,20.94782257080078
-25.817115783691406,90.16893005371094,20.79576873779297
-25.786903381347656,90.09355163574219,20.912315368652344
-25.88135528564453,90.06143188476562,20.93792724609375
-25.95740509033203,90.12811279296875,21.170120239257812
-26.06580352783203,90.22230529785156,21.221923828125
-26.09192657470703,90.22319030761719,21.092506408691406
-26.052635192871094,90.10330200195312,21.00469207763672
-25.870018005371094,90.10665893554688,20.93871307373047
-25.870399475097656,90.05645751953125,20.96923065185547
-25.86522674560547,90.02897644042969,20.985000610351562
-25.81053924560547,89.95962524414062,20.86981201171875
-25.774024963378906,89.96156311035156,20.77819061279297
-25.77684783935547,89.89549255371094,20.81269073486328
-25.93334197998047,89.85121154785156,20.646644592285156
-25.98908233642578,89.92303466796875,20.589950561523438
-25.831932067871094,89.90191650390625,20.56871795654297
-25.81531524658203,90.06773376464844,20.735183715820312
-25.77275848388672,90.078369140625,20.842575073242188
-25.59429168701172,89.9522705078125,20.931678771972656
-25.727272033691406,89.91244506835938,21.053543090820312
-25.77716827392578,89.98036193847656,21.074569702148438
-25.86280059814453,89.98098754882812,20.968162536621094
-25.864967346191406,90.02354431152344,20.982322692871094
-25.89183807373047,90.11903381347656,21.077362060546875
-25.82514190673828,90.04891967773438,21.06421661376953
-25.96533966064453,90.00311279296875,21.162574768066406
-25.829795837402344,89.96971130371094,21.205841064453125
-25.879554748535156,89.97334289550781,21.16223907470703
-25.88007354736328,90.00959777832031,21.172813415527344
-25.88201141357422,89.95063781738281,21.18860626220703
-25.868247985839844,89.99270629882812,21.191734313964844
-25.86273956298828,90.09053039550781,21.24871063232422
-25.665306091308594,90.08413696289062,21.171127319335938
-25.582252502441406,90.11860656738281,20.944541931152344
-25.66826629638672,90.11805725097656,20.883743286132812
-25.73047637939453,90.2086181640625,20.916229248046875
-25.70934295654297,90.22222900390625,21.00042724609375
-25.71599578857422,90.20652770996094,20.972206115722656
-25.752098083496094,90.19969177246094,20.9232177734375
-25.836448669433594,90.12396240234375,20.969444274902344
-25.92127227783203,90.08328247070312,20.90876007080078
-25.913780212402344,90.10455322265625,20.873252868652344
-25.873023986816406,90.0751953125,20.895339965820312
-25.888954162597656,90.039306640625,20.796669006347656
-25.95439910888672,90.09107971191406,20.734451293945312
-25.867225646972656,90.1612548828125,20.740257263183594
-25.87889862060547,90.255859375,20.796356201171875
-25.61585235595703,90.26255798339844,20.758506774902344
-25.747169494628906,90.18287658691406,20.75688934326172
-25.804298400878906,90.07997131347656,20.830810546875
-25.87102508544922,90.06741333007812,20.93730926513672
-25.701499938964844,90.12812805175781,20.91852569580078
-25.60260772705078,90.05708312988281,20.969390869140625
-25.619773864746094,90.04891967773438,20.816253662109375
-25.77397918701172,90.03829956054688,20.8128662109375
-25.75957489013672,90.07011413574219,20.788330078125
-25.799232482910156,90.09089660644531,20.77863311767578
-25.76311492919922,90.15431213378906,20.841339111328125
-25.82361602783203,90.08018493652344,20.84741973876953
-25.785850524902344,90.11785888671875,20.97833251953125
-25.82463836669922,90.0833740234375,20.954086303710938
-25.96326446533203,90.11958312988281,20.962478637695312
-26.02149200439453,90.10560607910156,20.844680786132812
-26.03797149658203,90.07666015625,20.762100219726562
-26.04590606689453,90.21115112304688,20.808677673339844
-25.97594451904297,90.18388366699219,20.886123657226562
-25.919395446777344,90.23451232910156,21.033981323242188
-25.88983917236328,90.24650573730469,20.984725952148438
-25.834129333496094,90.25711059570312,20.914260864257812
-25.910621643066406,90.24000549316406,20.8646240234375
-25.98041534423828,90.24247741699219,20.95050811767578
-25.844810485839844,90.23040771484375,20.95429229736328
-25.852699279785156,90.254150390625,20.99903106689453
-25.924110412597656,90.19920349121094,21.01873016357422
-25.981407165527344,90.2601318359375,21.063316345214844
-25.997535705566406,90.10118103027344,20.927093505859375
-26.005943298339844,90.13096618652344,20.95648956298828
-26.00476837158203,90.12200927734375,21.088088989257812
-25.98340606689453,90.10182189941406,21.179718017578125
-25.994895935058594,90.10989379882812,21.256546020507812
-26.03412628173828,90.12675476074219,21.28900146484375
-26.006675720214844,90.05604553222656,21.28937530517578
-26.04424285888672,90.1385498046875,21.146087646484375
-26.00194549560547,90.22018432617188,21.07958984375
-26.02867889404297,90.23747253417969,21.08771514892578
-26.03797149658203,90.12374877929688,21.17137908935547
-25.90581512451172,90.13407897949219,21.120895385742188
-25.81188201904297,90.04794311523438,20.9019775390625
-25.871803283691406,90.10585021972656,20.788345336914062
-25.828712463378906,90.16709899902344,20.80877685546875
-25.831153869628906,90.12776184082031,20.899261474609375
-25.70075225830078,90.07484436035156,20.944679260253906
-25.58232879638672,90.08671569824219,20.826255798339844
-25.61931610107422,90.1419677734375,20.64270782470703
-25.692100524902344,90.03367614746094,20.735946655273438
-25.73670196533203,90.02226257324219,20.755340576171875
-25.71045684814453,90.07861328125,20.82927703857422
-25.62169647216797,90.09635925292969,20.85052490234375
-25.685768127441406,90.1236572265625,20.92668914794922
-25.568580627441406,90.11187744140625,20.860939025878906
-25.567543029785156,90.12789916992188,20.787338256835938
-25.702415466308594,90.09475708007812,20.755844116210938
-25.73328399658203,90.23200988769531,20.720748901367188
-25.71776580810547,90.09989929199219,20.75029754638672
-25.66234588623047,90.14218139648438,20.734519958496094
-25.65448760986328,90.07756042480469,20.818153381347656
-25.70806121826172,90.02532958984375,20.985458374023438
-25.652732849121094,90.03861999511719,21.13182830810547
-25.74401092529297,89.97445678710938,21.133132934570312
-25.851463317871094,90.02568054199219,21.1470947265625
-25.804466247558594,90.08871459960938,21.0755615234375
-25.66887664794922,90.10275268554688,20.95458984375
-25.705543518066406,89.98176574707031,20.946754455566406
-25.70142364501953,89.98835754394531,20.971954345703125
-25.635643005371094,90.04496765136719,21.01056671142578
-25.61536407470703,90.00955200195312,21.046592712402344
-25.561912536621094,89.93522644042969,20.934051513671875
-25.604408264160156,89.97718811035156,20.881271362304688
-25.690330505371094,90.05953979492188,20.94824981689453
-25.669837951660156,90.11087036132812,21.005126953125
-25.709678649902344,90.18197631835938,21.157546997070312
-25.63848114013672,90.09408569335938,21.201492309570312
-25.609046936035156,89.96884155273438,21.250518798828125
-25.55828094482422,89.88719177246094,21.293296813964844
-25.569297790527344,89.82203674316406,21.233078002929688
-25.633995056152344,89.83734130859375,21.328231811523438
-25.672828674316406,89.87117004394531,21.3662109375
-25.678184509277344,90.00343322753906,21.300376892089844
-25.821144104003906,90.15202331542969,21.156890869140625
-25.84900665283203,90.17152404785156,20.933815002441406
-25.742637634277344,90.15107727050781,21.062835693359375
-25.66161346435547,90.15458679199219,21.138534545898438
-25.79235076904297,90.15690612792969,21.2186279296875
-25.847984313964844,90.13218688964844,21.12287139892578
-25.876304626464844,90.08914184570312,21.167465209960938
-25.891380310058594,90.11776733398438,21.163490295410156
-25.908042907714844,90.11196899414062,21.253501892089844
-25.72191619873047,90.17472839355469,21.266014099121094
-25.724021911621094,90.19841003417969,21.279586791992188
-25.666053771972656,90.31565856933594,21.1895751953125
-25.73772430419922,90.31889343261719,21.167633056640625
-25.96776580810547,90.31251525878906,21.292098999023438
-26.018272399902344,90.25209045410156,21.38836669921875
-25.905982971191406,90.19158935546875,21.383934020996094
-25.862892150878906,90.22750854492188,21.38733673095703
-25.87932586669922,90.222412109375,21.397689819335938
-25.90599822998047,90.10371398925781,21.282485961914062
-25.81488800048828,90.00872802734375,21.23877716064453
-25.78142547607422,90.10957336425781,21.140419006347656
-25.795021057128906,90.19845581054688,21.017227172851562
-25.849693298339844,90.068603515625,20.984970092773438
-25.884605407714844,90.03681945800781,20.901771545410156
-25.974464416503906,89.9273681640625,21.16192626953125
-26.01679229736328,89.97549438476562,21.178192138671875
-26.08574676513672,89.87364196777344,21.35387420654297
-26.14966583251953,89.85450744628906,21.306808471679688
-26.103187561035156,89.96427917480469,21.13585662841797
-26.07341766357422,89.9903564453125,21.0460205078125
-26.074562072753906,89.971923828125,21.219505310058594
-25.976173400878906,89.9576416015625,21.214645385742188
-25.987266540527344,89.84237670898438,21.209609985351562
-26.00627899169922,89.84568786621094,21.234268188476562
-25.883689880371094,89.969970703125,21.3834228515625
-25.886131286621094,89.81817626953125,21.249122619628906
-25.85065460205078,89.96484375,21.235580444335938
-25.789833068847656,89.97795104980469,21.138687133789062
-25.71965789794922,89.92703247070312,20.96442413330078
-25.64440155029297,89.99513244628906,21.096817016601562
-25.64702606201172,90.08888244628906,21.185325622558594
-25.75702667236328,90.04180908203125,21.22296905517578
-25.801231384277344,90.18914794921875,21.38623046875
-25.82085418701172,90.16122436523438,21.291053771972656
-25.84166717529297,90.13955688476562,21.286529541015625
-25.791419982910156,90.11480712890625,21.275001525878906
-25.69652557373047,90.09576416015625,21.38121795654297
-25.715415954589844,90.04635620117188,21.342857360839844
-25.71556854248047,90.03236389160156,21.258216857910156
-25.74748992919922,90.10653686523438,21.212005615234375
-25.59709930419922,89.97024536132812,21.121994018554688
-25.58783721923828,89.85090637207031,21.08397674560547
-25.692832946777344,89.85919189453125,21.182884216308594
-25.79692840576172,89.8463134765625,21.24505615234375
-25.80089569091797,89.78022766113281,21.269203186035156
-25.81140899658203,89.77960205078125,21.214767456054688
-25.830223083496094,89.857666015625,21.19537353515625
-25.818382263183594,89.85227966308594,21.24958038330078
-25.808860778808594,89.851318359375,21.38567352294922
-25.90991973876953,89.71513366699219,21.254432678222656
-25.92888641357422,89.67999267578125,21.224029541015625
-26.087547302246094,89.77085876464844,21.271865844726562
-26.087547302246094,89.77085876464844,21.271865844726562
-26.09307098388672,89.90585327148438,21.384803771972656
-26.017173767089844,89.82901000976562,21.368896484375
-26.008995056152344,89.75344848632812,21.39818572998047
-26.006996154785156,89.69538879394531,21.50023651123047
-25.99469757080078,89.74026489257812,21.41388702392578
-26.026649475097656,89.84700012207031,21.44286346435547
-26.028953552246094,89.8636474609375,21.40876007080078
-26.04224395751953,89.82783508300781,21.41576385498047
-25.918495178222656,89.83671569824219,21.420066833496094
-25.984458923339844,89.83110046386719,21.357215881347656
-26.01673126220703,89.87052917480469,21.533233642578125
-26.089271545410156,89.83915710449219,21.533531188964844
-26.155860900878906,89.72012329101562,21.546775817871094
-26.08745574951172,89.66752624511719,21.399276733398438
-26.123985290527344,89.81903076171875,21.450721740722656
-26.16284942626953,89.958984375,21.303176879882812
-26.06548309326172,89.93276977539062,21.37274169921875
-25.863685607910156,90.07392883300781,21.225868225097656
-25.815086364746094,89.96665954589844,21.23957061767578
-25.81145477294922,89.86215209960938,21.344970703125
-25.95061492919922,89.75022888183594,21.4239501953125
-25.914466857910156,89.76148986816406,21.32555389404297
-25.837425231933594,89.82502746582031,21.19025421142578
-25.86449432373047,89.83242797851562,20.95075225830078
-25.75586700439453,89.87252807617188,20.939239501953125
-25.764427185058594,89.95375061035156,20.816665649414062
-25.86864471435547,89.97238159179688,20.782196044921875
-25.925025939941406,90.05191040039062,20.869422912597656
-25.92919158935547,90.03816223144531,21.152313232421875
-25.987937927246094,90.01962280273438,21.284530639648438
-25.91588592529297,90.06317138671875,21.222984313964844
-25.82616424560547,90.016845703125,21.14276885986328
-25.80211639404297,90.00880432128906,20.956687927246094
-25.814353942871094,89.92430114746094,20.894012451171875
-25.85736846923828,89.91354370117188,21.079811096191406
-25.900123596191406,89.99406433105469,21.174171447753906
-25.85442352294922,90.07447814941406,21.126976013183594
-25.83568572998047,89.99049377441406,21.183692932128906
-25.78722381591797,89.98983764648438,21.230201721191406
-25.843223571777344,90.02981567382812,21.219085693359375
-25.792579650878906,90.10427856445312,21.241607666015625
-25.812599182128906,89.99153137207031,21.24237060546875
-25.86052703857422,89.99824523925781,21.187705993652344
-25.860496520996094,90.00566101074219,21.30925750732422
-25.841468811035156,90.08285522460938,21.265708923339844
-25.863258361816406,90.09312438964844,21.23961639404297
-25.85266876220703,90.06698608398438,21.33008575439453
-25.84363555908203,90.118896484375,21.283653259277344
-25.78083038330078,90.10514831542969,21.261672973632812
-25.72016143798828,89.9560546875,21.115821838378906
-25.648216247558594,89.91845703125,21.218666076660156
-25.70671844482422,89.96463012695312,21.135208129882812
-25.576927185058594,89.96186828613281,21.238571166992188
-25.633827209472656,89.98127746582031,21.123924255371094
-25.729469299316406,90.07601928710938,21.131607055664062
-25.81159210205078,90.09663391113281,21.156219482421875
-25.85137176513672,90.133544921875,21.463623046875
-25.82054901123047,90.06138610839844,21.570465087890625
-25.946937561035156,90.0506591796875,21.505943298339844
-25.96240997314453,90.02153015136719,21.6729736328125
-26.037269592285156,90.0814208984375,21.675918579101562
-25.98436737060547,90.07705688476562,21.6268310546875
-25.941505432128906,90.05172729492188,21.545455932617188
-26.04936981201172,90.08035278320312,21.445213317871094
-26.24388885498047,89.94277954101562,21.450057983398438
-26.16655731201172,89.805908203125,21.374977111816406
-26.07361602783203,89.90802001953125,21.555404663085938
-26.062721252441406,90.07565307617188,21.32721710205078
-25.87474822998047,89.95480346679688,21.125625610351562
-25.80963897705078,90.05670166015625,21.002174377441406
-25.846702575683594,90.03010559082031,20.90766143798828
-25.73760223388672,90.09002685546875,20.896041870117188
-25.808998107910156,89.95248413085938,21.04277801513672
-25.79053497314453,89.91023254394531,21.139747619628906
-25.78150177001953,89.81559753417969,21.233489990234375
-25.83594512939453,89.79110717773438,21.391189575195312
-25.852455139160156,89.80337524414062,21.416603088378906
-25.82573699951172,89.79475402832031,21.391250610351562
-25.81774139404297,89.82589721679688,21.260047912597656
-25.88300323486328,89.79190063476562,21.14380645751953
-26.085533142089844,89.83380126953125,21.202919006347656
-26.374473571777344,89.83067321777344,21.082054138183594
-26.59131622314453,89.94729614257812,21.180641174316406
-26.843833923339844,90.08506774902344,21.1126708984375
-27.177268981933594,90.07411193847656,20.997222900390625
-27.340003967285156,90.13412475585938,20.94231414794922
-27.506141662597656,90.4039306640625,20.73973846435547
-27.744422912597656,90.56666564941406,20.751846313476562
-28.19965362548828,90.56694030761719,20.735557556152344
-28.493263244628906,90.55703735351562,20.717910766601562
-28.916343688964844,90.54092407226562,20.739089965820312
-29.27507781982422,90.65092468261719,20.465850830078125
-29.869285583496094,90.79637145996094,20.25554656982422
-30.754676818847656,91.04281616210938,20.018699645996094
-31.69922637939453,91.03244018554688,19.823814392089844
-33.135032653808594,91.16665649414062,19.543182373046875
-34.827980041503906,91.28115844726562,19.066162109375
-36.332374572753906,91.54315185546875,18.53607940673828
-37.69605255126953,91.706298828125,17.974449157714844
-38.768226623535156,91.79092407226562,17.359176635742188
-39.848731994628906,91.89328002929688,16.758010864257812
-41.06267547607422,92.13502502441406,16.25359344482422
-42.452064514160156,92.25125122070312,15.554298400878906
-44.218238830566406,92.44682312011719,14.702903747558594
-46.16968536376953,92.42933654785156,13.461761474609375
-48.22327423095703,92.35955810546875,12.387062072753906
-50.077186584472656,92.316650390625,11.25128173828125
-51.45441436767578,92.2508544921875,10.49285888671875
-52.436622619628906,92.17790222167969,10.139389038085938
-53.05060577392578,91.98359680175781,10.132057189941406
-53.310707092285156,91.30072021484375,10.438026428222656
-53.474037170410156,90.605224609375,11.024024963378906
-53.78972625732422,89.4195556640625,11.801544189453125
-54.15111541748047,88.13880920410156,12.63433837890625
-54.727821350097656,86.61021423339844,13.521163940429688
-55.51227569580078,84.9827880859375,14.439262390136719
-56.36077117919922,83.39573669433594,15.271408081054688
-57.058326721191406,81.95001220703125,15.899642944335938
-57.52983856201172,80.65193176269531,16.483016967773438
-57.81861114501953,79.63420104980469,17.024566650390625
-57.90581512451172,78.83876037597656,17.467559814453125
-57.768531799316406,78.29034423828125,17.916221618652344
-57.63239288330078,77.93785095214844,18.245018005371094
-57.587928771972656,77.50022888183594,18.336692810058594
-57.73944854736328,77.093994140625,18.71477508544922
-57.67908477783203,76.53153991699219,19.245262145996094
-57.71631622314453,75.69546508789062,19.749725341796875
-57.87030792236328,74.57879638671875,20.16925811767578
-57.89690399169922,73.66578674316406,20.41497039794922
-57.74175262451172,72.96568298339844,20.937210083007812
-57.55345916748047,72.33462524414062,21.245147705078125
-57.15485382080078,71.81629943847656,21.65692901611328
-56.707237243652344,71.20252227783203,22.05059051513672
-56.273704528808594,70.71426391601562,22.509002685546875
-56.01567840576172,70.38689422607422,22.958450317382812
-55.716773986816406,70.07666778564453,23.186660766601562
-55.444786071777344,69.81780242919922,23.417770385742188
-55.26396942138672,69.79696655273438,23.60204315185547
-54.96373748779297,69.52090454101562,23.952590942382812
-54.60559844970703,69.31892395019531,24.23779296875
-54.402809143066406,68.88824462890625,24.693809509277344
-54.17304229736328,68.7429428100586,25.03832244873047
-53.86229705810547,68.48439025878906,25.08379364013672
-53.836143493652344,68.25774383544922,25.211875915527344
-53.829444885253906,68.11402130126953,25.093292236328125
-53.708763122558594,68.08770751953125,25.13641357421875
-53.75074005126953,68.23640441894531,25.02618408203125
-53.802696228027344,68.48845672607422,24.894676208496094
-53.865943908691406,68.58116149902344,24.79462432861328
-54.07506561279297,68.66426849365234,24.781822204589844
-54.213157653808594,68.76148986816406,24.71227264404297
-54.38056182861328,68.81700134277344,24.504135131835938
-54.423973083496094,68.68212127685547,24.332809448242188
-54.53913116455078,68.52928924560547,24.300216674804688
-54.65874481201172,68.26876068115234,24.243194580078125
-54.813133239746094,67.92700958251953,24.233993530273438
-54.756614685058594,67.56664276123047,24.33740997314453
-54.831382751464844,67.54166412353516,24.4632568359375
-54.664833068847656,67.87667846679688,24.34417724609375
-54.63532257080078,68.35040283203125,24.21454620361328
-54.603538513183594,68.71078491210938,23.91779327392578
-54.70653533935547,69.2406005859375,23.842498779296875
-54.903053283691406,69.63473510742188,23.64556121826172
-55.18317413330078,69.76011657714844,23.50048065185547
-55.441566467285156,69.84642791748047,23.29022216796875
-55.78270721435547,69.8882827758789,23.132057189941406
-56.219215393066406,69.77896118164062,22.904296875
-56.820274353027344,69.6787338256836,22.735145568847656
-57.126609802246094,69.46117401123047,22.52704620361328
-57.47661590576172,69.45469665527344,22.327423095703125
-57.70050811767578,69.36927795410156,22.195648193359375
-57.99713897705078,69.14317321777344,21.923721313476562
-58.216529846191406,69.02655792236328,21.703338623046875
-58.31810760498047,69.01128387451172,21.42664337158203
-58.404808044433594,68.91594696044922,21.423233032226562
-58.384666442871094,68.9483413696289,21.569595336914062
-58.153526306152344,68.92037963867188,21.924537658691406
-58.029579162597656,68.74112701416016,22.097312927246094
-57.99071502685547,68.5472183227539,22.14702606201172
-57.933815002441406,68.32057189941406,22.166725158691406
-58.137184143066406,68.17965698242188,22.23419952392578
-58.237770080566406,67.8777847290039,22.334716796875
-58.325950622558594,67.63351440429688,22.38689422607422
-58.68627166748047,67.35944366455078,22.391189575195312
-58.96326446533203,67.15625,22.423858642578125
-59.15241241455078,66.82018280029297,22.381813049316406
-59.31336212158203,66.52741241455078,22.390647888183594
-59.52832794189453,66.2762222290039,22.427940368652344
-59.63086700439453,66.13136291503906,22.56182861328125
-59.713768005371094,66.1297378540039,22.679237365722656
-59.84087371826172,65.99813842773438,22.522605895996094
-60.359397888183594,65.7518081665039,22.382972717285156
-61.107749938964844,65.38672637939453,22.286468505859375
-62.067909240722656,64.9804916381836,22.05669403076172
-63.31720733642578,64.47720336914062,21.783798217773438
-65.0412826538086,64.14617919921875,21.382110595703125
-66.77303314208984,64.40076446533203,21.09447479248047
-67.80025482177734,65.0972900390625,20.884628295898438
-68.57805633544922,65.58551788330078,20.646728515625
-68.91268157958984,66.23340606689453,20.506591796875
-67.86408233642578,67.84162902832031,20.354293823242188
-64.2754898071289,70.26478576660156,20.337066650390625
-57.670066833496094,72.10235595703125,20.58208465576172
-50.368873596191406,71.34593200683594,20.81256866455078
-44.738426208496094,68.1669692993164,21.535255432128906
-41.09209442138672,63.824363708496094,22.66571044921875
-38.85395050048828,59.345458984375,24.67669677734375
-36.83350372314453,55.59101104736328,28.453147888183594
-34.337181091308594,52.09751892089844,33.53578186035156
-31.288719177246094,47.53984069824219,38.629547119140625
-28.54706573486328,41.7147216796875,42.554237365722656
-26.594871520996094,35.86444854736328,45.096458435058594
-25.46039581298828,31.22187042236328,46.44232940673828
-24.783348083496094,28.044349670410156,46.90879821777344
-24.14093780517578,26.093032836914062,46.97443389892578
-23.337135314941406,24.89617156982422,46.832489013671875
-22.43144989013672,24.10535430908203,46.790924072265625
-21.520851135253906,23.458084106445312,46.98741149902344
-20.53894805908203,23.002120971679688,47.18603515625
-19.503936767578125,22.636192321777344,47.15187072753906
-18.439239501953125,22.51305389404297,46.997955322265625
-17.35454559326172,22.31500244140625,47.126861572265625
-16.407615661621094,22.303489685058594,47.26166534423828
-15.290634155273438,22.314117431640625,47.55486297607422
-14.168937683105469,22.332725524902344,47.81078338623047
-13.228446960449219,22.393295288085938,48.17753601074219
-12.232765197753906,22.611709594726562,48.37229919433594
-11.348747253417969,22.739654541015625,48.667198181152344
-10.405311584472656,22.708694458007812,48.858421325683594
-9.487922668457031,22.5335693359375,49.02440643310547
-8.587440490722656,22.47553253173828,49.08319091796875
-7.845832824707031,22.302085876464844,49.30182647705078
-7.040824890136719,22.16424560546875,49.43431091308594
-6.466896057128906,22.11670684814453,49.59607696533203
-5.811126708984375,22.11304473876953,49.76854705810547
-5.126991271972656,22.088485717773438,49.93035125732422
-4.589073181152344,22.101760864257812,49.975791931152344
-3.9636764526367188,22.16303253173828,50.001800537109375
-3.2989349365234375,22.339767456054688,49.951873779296875
-2.7770462036132812,22.52983856201172,50.10271453857422
-2.2641830444335938,22.811805725097656,50.052268981933594
-1.773040771484375,23.072616577148438,49.99125671386719
-1.3207550048828125,23.24982452392578,49.77613830566406
-0.8317489624023438,23.5130615234375,49.662986755371094
-0.5603790283203125,23.766250610351562,49.579681396484375
-0.26442718505859375,23.962486267089844,49.395782470703125
0.05135345458984375,24.202476501464844,49.34589385986328
0.23403167724609375,24.46764373779297,49.339500427246094
0.4482574462890625,24.818893432617188,49.30378723144531
0.45655059814453125,24.961944580078125,49.310577392578125
0.3206787109375,24.94281005859375,49.24970245361328
0.0551300048828125,24.90174102783203,49.337013244628906
-0.3380889892578125,24.714561462402344,49.613250732421875
-0.6812896728515625,24.34986114501953,49.87561798095703
-0.773590087890625,23.815902709960938,50.004638671875
-0.9679031372070312,23.190528869628906,50.296234130859375
-1.0723724365234375,22.599441528320312,50.51372528076172
-1.3141021728515625,22.010597229003906,50.56715393066406
-1.5457763671875,21.65283203125,50.79301452636719
-1.8560256958007812,21.35883331298828,51.041419982910156
-2.1197891235351562,21.14971923828125,51.06718444824219
-2.3681259155273438,21.080421447753906,51.01997375488281
-2.4929733276367188,21.324050903320312,50.828521728515625
-2.6111297607421875,21.55998992919922,50.78600311279297
-2.8251113891601562,21.899513244628906,50.68280029296875
-2.9506683349609375,22.32098388671875,50.403724670410156
-3.2813186645507812,22.554344177246094,50.171470642089844
-3.6641769409179688,22.696517944335938,50.16551971435547
-3.948394775390625,22.536643981933594,50.16365051269531
-4.0931243896484375,22.27715301513672,50.11210632324219
-4.4793243408203125,21.859405517578125,50.25487518310547
-4.805412292480469,21.465904235839844,50.391265869140625
-5.036262512207031,21.204452514648438,50.576805114746094
-5.351799011230469,20.8741455078125,50.59169006347656
-5.408515930175781,20.61719512939453,50.78282928466797
-5.5122528076171875,20.497848510742188,50.744476318359375
-5.821495056152344,20.321380615234375,50.72590637207031
-5.973793029785156,20.335182189941406,50.783103942871094
-6.0941619873046875,20.33605194091797,50.64850616455078
-6.261932373046875,20.301979064941406,50.63572692871094
-6.492645263671875,20.158035278320312,50.616249084472656
-6.8355255126953125,20.07544708251953,50.66358947753906
-7.11724853515625,19.934829711914062,50.76793670654297
-7.167816162109375,19.809219360351562,50.7879638671875
-7.0986785888671875,19.74164581298828,50.699302673339844
-7.0644378662109375,19.89990234375,50.76838684082031
-6.948844909667969,20.23406982421875,50.72411346435547
-6.9393157958984375,20.460525512695312,50.601478576660156
-6.887031555175781,20.841659545898438,50.343841552734375
-6.822059631347656,21.1322021484375,50.310394287109375
-6.682823181152344,21.548309326171875,50.20067596435547
-6.68310546875,21.8697509765625,50.027244567871094
-6.748619079589844,22.02698516845703,49.99176025390625
-6.892494201660156,22.181472778320312,49.84283447265625
-7.1333465576171875,21.995704650878906,49.801475524902344
-7.512725830078125,21.777786254882812,49.791358947753906
-7.888877868652344,21.470619201660156,49.890602111816406
-8.245506286621094,21.046615600585938,49.81273651123047
-8.545539855957031,20.832420349121094,49.745277404785156
-8.916297912597656,20.56964874267578,49.790367126464844
-9.335647583007812,20.441795349121094,49.840576171875
-9.888824462890625,20.259872436523438,49.741065979003906
-10.639686584472656,20.27112579345703,49.5684814453125
-11.323402404785156,20.4488525390625,49.40065002441406
-12.03570556640625,20.454910278320312,49.17064666748047
-12.834976196289062,20.456130981445312,49.01811218261719
-13.738746643066406,20.419876098632812,48.875694274902344
-14.742088317871094,20.292999267578125,48.67230987548828
-15.579124450683594,20.07312774658203,48.398643493652344
-16.483055114746094,19.72821807861328,48.09490966796875
-17.489486694335938,19.412033081054688,47.815460205078125
-18.384010314941406,18.879661560058594,47.784828186035156
-19.323081970214844,18.458038330078125,47.558982849121094
-20.350364685058594,17.83916473388672,47.286354064941406
-21.40833282470703,17.23633575439453,47.01966094970703
-22.456314086914062,16.595298767089844,46.89257049560547
-23.379249572753906,15.827056884765625,46.58544158935547
-24.198402404785156,15.165229797363281,46.58677673339844
-24.933616638183594,14.473464965820312,46.445579528808594
-25.63445281982422,13.655052185058594,46.31520080566406
-26.146812438964844,13.023963928222656,45.98847198486328
-26.508079528808594,12.457725524902344,45.68529510498047
-27.10332489013672,11.931076049804688,45.328765869140625
-27.65154266357422,11.675567626953125,45.03931427001953
-28.266502380371094,11.252166748046875,44.74531555175781
-29.00353240966797,11.096595764160156,44.365806579589844
-29.800209045410156,10.895072937011719,44.17857360839844
-30.638893127441406,10.628616333007812,43.895118713378906
-31.235206604003906,10.434364318847656,43.70720672607422
-31.517250061035156,10.221694946289062,43.39849853515625
-31.66149139404297,10.049110412597656,43.38422393798828
-31.67969512939453,9.970222473144531,43.306549072265625
-31.630836486816406,9.753021240234375,43.21843719482422
-31.67046356201172,9.517379760742188,43.228965759277344
-31.558067321777344,9.607635498046875,43.18518829345703
-31.653160095214844,9.701141357421875,43.03791809082031
-31.84319305419922,9.467910766601562,43.15380096435547
-32.031883239746094,9.073158264160156,43.087608337402344
-32.352577209472656,8.737388610839844,43.00115966796875
-32.39032745361328,8.318817138671875,42.91462707519531
-32.359397888183594,8.039665222167969,43.00104522705078
-32.269630432128906,8.166419982910156,43.11747741699219
-32.06267547607422,8.309417724609375,43.21916961669922
-31.861061096191406,8.538803100585938,43.293678283691406
-31.895591735839844,8.594802856445312,43.31776428222656
-31.90198516845703,8.611381530761719,43.28106689453125
-31.838600158691406,8.615928649902344,43.20634460449219
-31.917762756347656,8.331779479980469,43.06267547607422
-32.225379943847656,8.038887023925781,42.989219665527344
-32.44519805908203,7.613914489746094,42.826148986816406
-32.598182678222656,7.2765045166015625,42.67964172363281
-32.74066925048828,6.6614532470703125,42.56635284423828
-32.84998321533203,6.139209747314453,42.38090515136719
-33.083351135253906,5.6126861572265625,42.102500915527344
-33.59015655517578,5.249904632568359,41.92914581298828
-33.94336700439453,4.8704681396484375,41.79908752441406
-34.22754669189453,4.580562591552734,41.60358428955078
-34.492332458496094,4.592987060546875,41.60408020019531
-34.743263244628906,4.905250549316406,41.49805450439453
-34.662437438964844,5.259227752685547,41.280059814453125
-34.62165069580078,5.494930267333984,41.221954345703125
-34.596214294433594,5.786838531494141,41.259742736816406
-34.55950164794922,5.72186279296875,41.08680725097656
-34.39482879638672,5.608314514160156,41.28424835205078
-34.37218475341797,5.3215789794921875,41.364410400390625
-34.411399841308594,5.157173156738281,41.41783142089844
-34.51532745361328,5.038116455078125,41.406410217285156
-34.464866638183594,5.008884429931641,41.418426513671875
-34.464866638183594,5.008884429931641,41.418426513671875
-34.40876007080078,5.179443359375,41.474327087402344
-34.358787536621094,5.252876281738281,41.61590576171875
-34.215660095214844,5.4408111572265625,41.716278076171875
-34.121360778808594,5.533489227294922,41.82609558105469
-34.004737854003906,5.56494140625,41.997047424316406
-34.064979553222656,5.539943695068359,41.884010314941406
-34.14966583251953,5.625766754150391,41.72932434082031
-34.20380401611328,5.827533721923828,41.67266082763672
-34.31865692138672,6.294319152832031,41.457618713378906
-34.591087341308594,7.122989654541016,41.17164611816406
-34.85413360595703,8.087646484375,40.82117462158203
-35.108131408691406,9.136978149414062,40.33845520019531
-35.20287322998047,10.307365417480469,39.893287658691406
-35.29863739013672,11.384117126464844,39.6375732421875
-35.11432647705078,12.457939147949219,39.54700469970703
-34.956138610839844,13.148651123046875,39.365333557128906
-34.968849182128906,13.735275268554688,39.370872497558594
-34.92774200439453,14.420234680175781,39.098968505859375
-34.876991271972656,15.388839721679688,38.86267852783203
-34.722496032714844,16.518272399902344,38.401756286621094
-34.42139434814453,17.821121215820312,38.136253356933594
-34.048805236816406,19.034469604492188,37.725563049316406
-33.623863220214844,20.474998474121094,37.29773712158203
-33.22551727294922,21.686363220214844,36.95414733886719
-32.722023010253906,22.966651916503906,36.695457458496094
-32.16596221923828,24.002166748046875,36.761688232421875
-31.261131286621094,24.967140197753906,36.81221008300781
-30.459754943847656,25.654647827148438,37.135101318359375
-29.451942443847656,26.20941162109375,37.349853515625
-28.59001922607422,26.786346435546875,37.750526428222656
-27.66869354248047,27.307472229003906,38.206642150878906
-26.609169006347656,27.82183074951172,38.49609375
-25.84648895263672,28.314834594726562,38.68510437011719
-24.96729278564453,29.012985229492188,38.88072967529297
-24.11304473876953,29.581336975097656,39.04222869873047
-23.30382537841797,29.990493774414062,39.0860595703125
-22.269515991210938,30.28272247314453,39.2142333984375
-21.468307495117188,30.636306762695312,39.54069519042969
-20.740150451660156,30.905776977539062,39.66999816894531
-20.10102081298828,31.11164093017578,40.03094482421875
-19.457786560058594,31.201126098632812,40.252716064453125
-18.976585388183594,31.42125701904297,40.30914306640625
-18.50518035888672,31.793212890625,40.18122863769531
-18.184181213378906,32.24662780761719,39.962059020996094
-17.85234832763672,32.49463653564453,39.916236877441406
-17.433738708496094,32.84722137451172,39.95588684082031
-16.958587646484375,33.225364685058594,39.83592224121094
-16.49073028564453,33.637603759765625,39.57750701904297
-15.978096008300781,33.989593505859375,39.31416320800781
-15.427024841308594,34.25959014892578,39.19409942626953
-14.722747802734375,34.32524108886719,39.33079528808594
-14.1201171875,34.33552551269531,39.53364562988281
-13.691879272460938,34.4310302734375,39.77526092529297
-13.464309692382812,34.44947814941406,39.92554473876953
-13.163436889648438,34.42689514160156,40.058135986328125
-12.965461730957031,34.47803497314453,40.03643798828125
-12.695266723632812,34.3924560546875,40.07487487792969
-12.601043701171875,34.39347839355469,40.11866760253906
-12.367607116699219,34.36028289794922,40.170005798339844
-12.289962768554688,34.51573944091797,40.21953582763672
-12.05517578125,34.560646057128906,40.218589782714844
-11.547042846679688,34.550628662109375,40.20165252685547
-11.101348876953125,34.68061828613281,40.17205047607422
-10.579360961914062,34.92365264892578,40.221832275390625
-10.212303161621094,34.98240661621094,40.25579071044922
-9.759902954101562,35.030357360839844,40.286720275878906
-9.300201416015625,35.15906524658203,40.10752868652344
-8.976654052734375,35.425628662109375,40.19391632080078
-8.670578002929688,35.67517852783203,40.057350158691406
-8.357307434082031,35.8216552734375,39.788536071777344
-8.096717834472656,36.078857421875,39.58555603027344
-7.7915802001953125,36.27391815185547,39.591896057128906
-7.4856414794921875,36.526123046875,39.58836364746094
-7.1913299560546875,36.80339050292969,39.52808380126953
-6.914276123046875,36.858787536621094,39.57366180419922
-6.6741485595703125,36.633079528808594,39.497764587402344
-6.460289001464844,36.581153869628906,39.540618896484375
-6.210174560546875,36.415016174316406,39.65259552001953
-5.904457092285156,36.463531494140625,39.72003936767578
-5.544166564941406,36.44060516357422,39.80741882324219
-4.9030303955078125,36.277427673339844,39.935516357421875
-4.1089630126953125,36.28028106689453,40.07678985595703
-3.3299484252929688,36.16187286376953,40.179107666015625
-2.7161636352539062,36.14837646484375,40.51660919189453
-2.188079833984375,35.98363494873047,40.66100311279297
-1.9758377075195312,35.88563537597656,40.85150146484375
-1.82440185546875,35.90803527832031,41.043609619140625
-1.802642822265625,35.72966766357422,41.10376739501953
-1.7729110717773438,35.65155029296875,41.129119873046875
-1.8534469604492188,35.48296356201172,41.24274444580078
-1.8060150146484375,35.47388458251953,41.2322998046875
-1.8609390258789062,35.46808624267578,41.27729797363281
-1.8444442749023438,35.568389892578125,40.98109436035156
-1.90130615234375,35.561370849609375,41.022850036621094
-1.7604217529296875,35.43733215332031,41.20122528076172
-1.6444778442382812,35.308631896972656,41.36042022705078
-1.512176513671875,35.26850128173828,41.442787170410156
-1.3034133911132812,35.357566833496094,41.467384338378906
-1.2067642211914062,35.30865478515625,41.457618713378906
-1.0221939086914062,35.32783508300781,41.34392547607422
-0.8461990356445312,35.29791259765625,41.165489196777344
-0.7135772705078125,35.187286376953125,41.16181945800781
-0.6069793701171875,35.21876525878906,41.11670684814453
-0.393280029296875,35.28880310058594,41.08314514160156
-0.31621551513671875,35.355926513671875,41.13780212402344
-0.1107330322265625,35.29740905761719,41.12553405761719
-0.08685302734375,35.266700744628906,41.23991394042969
0.075897216796875,35.13092041015625,41.29247283935547
0.073089599609375,35.187095642089844,41.429710388183594
0.084075927734375,35.31202697753906,41.556800842285156
0.05144500732421875,35.33855438232422,41.568946838378906
0.05953216552734375,35.36499786376953,41.551177978515625
0.03568267822265625,35.34666442871094,41.44090270996094
0.02671051025390625,35.3048095703125,41.273475646972656
0.1409454345703125,35.32487487792969,41.16302490234375
0.20111846923828125,35.387168884277344,41.15636444091797
0.158843994140625,35.32642364501953,41.082183837890625
0.0632781982421875,35.337554931640625,41.095436096191406
0.168121337890625,35.29718017578125,41.2774658203125
0.2384033203125,35.29705047607422,41.413719177246094
0.13872528076171875,35.27674102783203,41.54425048828125
0.14312744140625,35.108123779296875,41.49977111816406
0.0508575439453125,35.04109191894531,41.525115966796875
0.0972442626953125,35.014366149902344,41.46690368652344
0.07627105712890625,35.03855895996094,41.37139892578125
0.05652618408203125,35.02238464355469,41.30584716796875
0.0675506591796875,35.07127380371094,41.31036376953125
0.026336669921875,35.04637145996094,41.25115203857422
0.01413726806640625,35.09385681152344,41.297035217285156
0.1081695556640625,35.03545379638672,41.28611755371094
0.06932830810546875,35.124916076660156,41.34264373779297
0.20468902587890625,35.26758575439453,41.437355041503906
0.07604217529296875,35.187171936035156,41.32258605957031
0.08936309814453125,35.26318359375,41.32447814941406
0.01053619384765625,35.257965087890625,41.45269012451172
-0.03948211669921875,35.271270751953125,41.59149169921875
0.0466156005859375,35.283782958984375,41.63848876953125
-0.01775360107421875,35.28022766113281,41.56732940673828
-0.02265167236328125,35.333160400390625,41.560325622558594
-0.1592559814453125,35.306983947753906,41.47551727294922
-0.2447357177734375,35.31071472167969,41.35161590576172
-0.25930023193359375,35.32012176513672,41.291099548339844
-0.2441253662109375,35.28209686279297,41.42601776123047
-0.17133331298828125,35.304908752441406,41.571929931640625
0.02466583251953125,35.37199401855469,41.624732971191406
-0.0793609619140625,35.396575927734375,41.44194030761719
-0.2059478759765625,35.363067626953125,41.56474304199219
-0.2711334228515625,35.442359924316406,41.413673400878906
-0.2754058837890625,35.47711944580078,41.294410705566406
-0.2817230224609375,35.492279052734375,41.27172088623047
-0.20001983642578125,35.48900604248047,41.40296173095703
-0.17082977294921875,35.50239562988281,41.515235900878906
-0.19368743896484375,35.48883056640625,41.521759033203125
-0.29737091064453125,35.501220703125,41.708717346191406
-0.36605072021484375,35.397789001464844,41.72999572753906
-0.27191162109375,35.331809997558594,41.61273956298828
-0.2743072509765625,35.32237243652344,41.63751220703125
-0.259185791015625,35.3101806640625,41.55290222167969
-0.24408721923828125,35.36339569091797,41.58429718017578
-0.39133453369140625,35.319488525390625,41.71498107910156
-0.435150146484375,35.33543395996094,41.68559265136719
-0.48513031005859375,35.47606658935547,41.55995178222656
-0.3734130859375,35.3524169921875,41.30059051513672
-0.26006317138671875,35.332374572753906,41.432518005371094
-0.18231964111328125,35.35441589355469,41.519981384277344
-0.23097991943359375,35.359886169433594,41.67613983154297
-0.2046051025390625,35.34185791015625,41.716514587402344
-0.1132659912109375,35.327919006347656,41.75679016113281
-0.14528656005859375,35.335052490234375,41.819549560546875
-0.2296600341796875,35.46257019042969,41.827728271484375
-0.253082275390625,35.52691650390625,41.75755310058594
-0.12970733642578125,35.49812316894531,41.607643127441406
0.02208709716796875,35.44181823730469,41.433189392089844
0.07807159423828125,35.36334228515625,41.51532745361328
-0.055389404296875,35.44709014892578,41.499916076660156
-0.06449127197265625,35.491905212402344,41.371604919433594
-0.213165283203125,35.39716339111328,41.2498779296875
-0.21558380126953125,35.31248474121094,41.278900146484375
-0.23860931396484375,35.383331298828125,41.42057800292969
-0.292938232421875,35.247154235839844,41.316001892089844
-0.2844696044921875,35.158103942871094,41.228851318359375
-0.27472686767578125,35.185081481933594,41.145606994628906
-0.1776580810546875,35.147193908691406,41.081336975097656
-0.16533660888671875,35.149009704589844,41.084930419921875
-0.2497711181640625,35.295166015625,41.109130859375
-0.16937255859375,35.38086700439453,41.037628173828125
-0.0524139404296875,35.49711608886719,40.95013427734375
-0.0507965087890625,35.53118133544922,40.98418426513672
-0.14862823486328125,35.531455993652344,40.800132751464844
-0.048248291015625,35.54444122314453,40.9150390625
-0.09980010986328125,35.45624542236328,41.03926086425781
0.058502197265625,35.42461395263672,41.199745178222656
0.03375244140625,35.413787841796875,41.233619689941406
0.066375732421875,35.419158935546875,41.21003723144531
-0.01300811767578125,35.40904235839844,41.097145080566406
-0.10424041748046875,35.45220184326172,41.028053283691406
-0.2267913818359375,35.42674255371094,41.01658630371094
-0.14373779296875,35.41900634765625,40.97728729248047
-0.12000274658203125,35.477333068847656,41.100830078125
-0.12647247314453125,35.42546844482422,41.085426330566406
-0.10579681396484375,35.51465606689453,40.937538146972656
-0.14963531494140625,35.50853729248047,40.79078674316406
-0.29913330078125,35.39130401611328,40.922119140625
-0.2393646240234375,35.42810821533203,40.94343566894531
-0.19208526611328125,35.469635009765625,41.09358215332031
-0.3092041015625,35.459197998046875,41.129920959472656
-0.3667144775390625,35.389137268066406,41.10993957519531
-0.25606536865234375,35.40331268310547,41.16065216064453
-0.222991943359375,35.331817626953125,41.077728271484375
-0.20554351806640625,35.46153259277344,41.06806945800781
-0.2352752685546875,35.45093536376953,41.101318359375
-0.18123626708984375,35.41734313964844,41.07478332519531
-0.221923828125,35.41576385498047,40.97666931152344
0.04134368896484375,35.38397216796875,40.854888916015625
0.14478302001953125,35.436279296875,40.88715362548828
0.065093994140625,35.45890808105469,41.072853088378906
0.034423828125,35.50300598144531,41.23796081542969
0.07574462890625,35.448143005371094,41.181480407714844
0.1031036376953125,35.476287841796875,41.08003234863281
0.0840606689453125,35.33967590332031,41.23136901855469
0.08361053466796875,35.42717742919922,41.423805236816406
0.0648345947265625,35.420555114746094,41.273651123046875
0.08499908447265625,35.54164123535156,41.124656677246094
0.0358734130859375,35.581153869628906,41.096595764160156
0.00289154052734375,35.524497985839844,41.09321594238281
-0.03987884521484375,35.46027374267578,41.145362854003906
-0.05054473876953125,35.37641906738281,41.17131805419922
0.05281829833984375,35.35186767578125,41.12384033203125
0.12393951416015625,35.36511993408203,40.96802520751953
0.11304473876953125,35.376136779785156,40.8724365234375
0.02414703369140625,35.50148010253906,40.862266540527344
0.0474853515625,35.4630126953125,40.952484130859375
0.10536956787109375,35.462806701660156,41.046844482421875
0.03973388671875,35.42925262451172,41.22962188720703
-0.08444976806640625,35.4122314453125,41.21128845214844
-0.0809478759765625,35.32903289794922,41.066184997558594
-0.12009429931640625,35.20362091064453,41.13291931152344
-0.02327728271484375,35.17039489746094,41.23750305175781
0.059814453125,35.154579162597656,41.20124053955078
-0.04105377197265625,35.15779113769531,41.10455322265625
-0.00627899169921875,35.217613220214844,41.082557678222656
-0.09787750244140625,35.16273498535156,41.26624298095703
-0.05338287353515625,35.082435607910156,41.25933074951172
-0.18178558349609375,35.149566650390625,41.185333251953125
-0.25777435302734375,35.26263427734375,41.158935546875
-0.13445281982421875,35.31843566894531,41.28861999511719
-0.02272796630859375,35.348785400390625,41.24607849121094
0.020355224609375,35.383705139160156,41.18024444580078
0.09569549560546875,35.36564636230469,41.199951171875
0.1204071044921875,35.38224792480469,41.238975524902344
0.082733154296875,35.40022277832031,41.30730438232422
0.006591796875,35.42169189453125,41.263710021972656
-0.04949188232421875,35.464080810546875,41.16215515136719
-0.15190887451171875,35.521087646484375,41.053932189941406
-0.21215057373046875,35.343833923339844,40.865028381347656
-0.241973876953125,35.329612731933594,40.94024658203125
-0.23578643798828125,35.379844665527344,40.984413146972656
-0.24352264404296875,35.46549987792969,41.00550079345703
-0.3361968994140625,35.460044860839844,41.06420135498047
-0.33152008056640625,35.384132385253906,41.03776550292969
-0.22350311279296875,35.376014709472656,40.82617950439453
-0.2104034423828125,35.342254638671875,40.83587646484375
-0.237335205078125,35.29157257080078,40.969512939453125
-0.2290802001953125,35.33709716796875,40.91926574707031
-0.2679443359375,35.308746337890625,40.957916259765625
-0.1693115234375,35.26432800292969,40.82102966308594
-0.2010498046875,35.32420349121094,40.76616668701172
-0.062469482421875,35.338470458984375,40.894256591796875
-0.09014892578125,35.298728942871094,41.03289031982422
0.00119781494140625,35.247528076171875,41.21649169921875
-0.10091400146484375,35.289466857910156,41.266639709472656
-0.0301971435546875,35.276588439941406,41.42680358886719
-0.0989532470703125,35.273887634277344,41.432861328125
-0.05286407470703125,35.17522430419922,41.45469665527344
-0.118927001953125,35.3189697265625,41.354949951171875
-0.1655426025390625,35.22612762451172,41.20402526855469
-0.24535369873046875,35.22850036621094,41.192466735839844
-0.18378448486328125,35.252960205078125,41.17796325683594
-0.075042724609375,35.28630828857422,41.13562774658203
0.080078125,35.219879150390625,40.98011016845703
0.03759002685546875,35.24113464355469,40.98455047607422
0.07549285888671875,35.26341247558594,40.92176818847656
0.10182952880859375,35.25464630126953,40.868080139160156
0.14405059814453125,35.122337341308594,40.71703338623047
0.13323211669921875,35.19712829589844,40.7147216796875
0.119354248046875,35.226722717285156,40.61250305175781
0.1977386474609375,35.22782897949219,40.589385986328125
0.1049346923828125,35.292137145996094,40.857582092285156
-0.01630401611328125,35.3092041015625,41.03471374511719
-0.02938079833984375,35.29724884033203,41.1597900390625
0.01660919189453125,35.18285369873047,41.196533203125
0.08158111572265625,35.24505615234375,41.28727722167969
0.02719879150390625,35.29139709472656,41.17407989501953
0.032440185546875,35.37542724609375,41.0506591796875
0.02548980712890625,35.32725524902344,40.844017028808594
0.0233612060546875,35.36811065673828,40.85895538330078
-0.03929901123046875,35.413429260253906,40.928619384765625
-0.21178436279296875,35.493927001953125,40.91248321533203
-0.21728515625,35.480140686035156,41.018089294433594
-0.1673736572265625,35.527610778808594,40.96565246582031
-0.06381988525390625,35.52275848388672,41.02472686767578
-0.05034637451171875,35.431365966796875,41.098838806152344
-0.20654296875,35.380104064941406,41.10936737060547
-0.05416107177734375,35.365516662597656,41.015350341796875
-0.20243072509765625,35.297119140625,40.84435272216797
-0.1014556884765625,35.339744567871094,40.861854553222656
-0.08817291259765625,35.24524688720703,40.859161376953125
-0.0599365234375,35.096229553222656,40.80744171142578
-0.0372161865234375,35.13529968261719,40.80778503417969
0.0088348388671875,35.33152770996094,40.84296417236328
0.06390380859375,35.32093811035156,41.048789978027344
-0.07563018798828125,35.481536865234375,41.13855743408203
-0.13146209716796875,35.37696075439453,41.27857208251953
-0.16333770751953125,35.39146423339844,41.126190185546875
-0.21227264404296875,35.407196044921875,40.975852966308594
-0.14342498779296875,35.382484436035156,40.86860656738281
-0.089874267578125,35.31689453125,40.871421813964844
-0.11089324951171875,35.43855285644531,40.82279968261719
-0.18161773681640625,35.506736755371094,40.87837219238281
-0.2691192626953125,35.353919982910156,40.952392578125
-0.3275146484375,35.37664031982422,40.971275329589844
-0.3492431640625,35.485992431640625,40.910667419433594
-0.23748779296875,35.49305725097656,41.018959045410156
-0.1329803466796875,35.4293212890625,41.12993621826172
0.04601287841796875,35.419456481933594,41.110076904296875
0.101409912109375,35.32356262207031,41.136940002441406
0.0518646240234375,35.307594299316406,41.19402313232422
0.026611328125,35.31913757324219,41.230506896972656
0.0796051025390625,35.29998779296875,41.19397735595703
0.1137542724609375,35.374916076660156,41.050331115722656
0.11151885986328125,35.375823974609375,40.96571350097656
-0.1459808349609375,35.39726257324219,41.0059814453125
-0.14125823974609375,35.24042510986328,40.9739990234375
-0.19564056396484375,35.166778564453125,41.10729217529297
-0.13933563232421875,35.14691162109375,41.19950866699219
-0.0009307861328125,35.131065368652344,41.30591583251953
0.15596771240234375,35.080772399902344,41.341278076171875
0.0767364501953125,35.15521240234375,41.28973388671875
-0.010772705078125,35.30809020996094,41.22461700439453
-0.16402435302734375,35.32103729248047,41.35198974609375
-0.1140289306640625,35.35246276855469,41.283294677734375
0.001983642578125,35.36901092529297,41.22374725341797
0.083038330078125,35.368263244628906,41.146018981933594
0.0766448974609375,35.331565856933594,40.99041748046875
0.15021514892578125,35.29876708984375,40.82672882080078
0.17401123046875,35.33842468261719,40.90290832519531
0.1897125244140625,35.407981872558594,40.985572814941406
0.2449951171875,35.4903564453125,41.10105895996094
0.26198577880859375,35.488555908203125,41.09052276611328
0.19771575927734375,35.52892303466797,41.103309631347656
0.0819091796875,35.51421356201172,41.191497802734375
0.0963897705078125,35.52558135986328,41.13841247558594
0.00061798095703125,35.56920623779297,41.198570251464844
0.04276275634765625,35.62151336669922,41.28468322753906
0.03199005126953125,35.55480194091797,41.294952392578125
-0.08766937255859375,35.51567077636719,41.250640869140625
-0.072540283203125,35.37394714355469,41.29657745361328
-0.0637359619140625,35.332115173339844,41.117706298828125
-0.0954437255859375,35.35541534423828,40.989173889160156
-0.19930267333984375,35.34288024902344,40.79883575439453
-0.1895904541015625,35.37238311767578,41.031646728515625
-0.2755889892578125,35.303794860839844,41.09752655029297
-0.2755889892578125,35.303794860839844,41.09752655029297
-0.30780029296875,35.47454071044922,41.080543518066406
-0.2531585693359375,35.464447021484375,40.97285461425781
-0.2453155517578125,35.428749084472656,41.06663513183594
-0.191253662109375,35.51372528076172,41.13451385498047
-0.17120361328125,35.40772247314453,41.209007263183594
-0.3311920166015625,35.343727111816406,41.21282196044922
-0.243865966796875,35.35554504394531,41.15087890625
-0.23846435546875,35.39459991455078,41.262939453125
-0.26743316650390625,35.318695068359375,41.41059875488281
-0.2781219482421875,35.3575439453125,41.293907165527344
-0.240142822265625,35.39476776123047,41.235687255859375
-0.17505645751953125,35.35502624511719,41.12592315673828
-0.20653533935546875,35.29296112060547,41.067596435546875
-0.035736083984375,35.301368713378906,41.20691680908203
-0.090362548828125,35.29994201660156,41.34881591796875
-0.0829925537109375,35.295692443847656,41.43971252441406
-0.04344940185546875,35.36515808105469,41.31932830810547
0.06130218505859375,35.334251403808594,41.25743865966797
0.076934814453125,35.28923034667969,41.27935028076172
0.0940704345703125,35.390899658203125,41.2581787109375
0.05696868896484375,35.495155334472656,41.22100067138672
0.0246429443359375,35.43097686767578,41.40563201904297
0.01125335693359375,35.514137268066406,41.34778594970703
0.202239990234375,35.473182678222656,41.291748046875
0.145751953125,35.45049285888672,41.235816955566406
0.04767608642578125,35.463348388671875,41.12775421142578
0.22277069091796875,35.467628479003906,41.091880798339844
0.24529266357421875,35.42656707763672,41.152122497558594
0.25249481201171875,35.436683654785156,41.124053955078125
0.18112945556640625,35.46076965332031,41.0743408203125
0.13191986083984375,35.51023864746094,41.13597106933594
0.06101226806640625,35.527442932128906,41.15117645263672
0.0269622802734375,35.46392822265625,41.149940490722656
0.0220794677734375,35.52075958251953,41.245887756347656
0.062713623046875,35.53931427001953,41.246009826660156
0.1270599365234375,35.48500061035156,41.2459716796875
0.15096282958984375,35.620445251464844,41.21284484863281
0.0890045166015625,35.657958984375,41.20618438720703
0.13083648681640625,35.63072204589844,41.15533447265625
0.1011199951171875,35.50799560546875,41.25669860839844
0.0532073974609375,35.37831115722656,41.28150177001953
0.0379638671875,35.39146423339844,41.224853515625
0.01265716552734375,35.43626403808594,41.185752868652344
-0.13124847412109375,35.403038024902344,41.08124542236328
-0.228729248046875,35.426513671875,41.22607421875
-0.27239990234375,35.43000793457031,41.37434387207031
-0.22864532470703125,35.431297302246094,41.41826629638672
-0.265380859375,35.57617950439453,41.45647430419922
-0.10816192626953125,35.549102783203125,41.38517761230469
-0.0222015380859375,35.447235107421875,41.37153625488281
-0.0633697509765625,35.441490173339844,41.399940490722656
-0.054901123046875,35.540687561035156,41.408363342285156
-0.12409210205078125,35.56385803222656,41.579063415527344
0.01738739013671875,35.449424743652344,41.487876892089844
0.01734161376953125,35.45314025878906,41.434326171875
0.02728271484375,35.34227752685547,41.54253387451172
-0.10073089599609375,35.373863220214844,41.539710998535156
-0.0140228271484375,35.320640563964844,41.41117858886719
0.07776641845703125,35.38391876220703,41.44773864746094
0.0526275634765625,35.432281494140625,41.456756591796875
0.06345367431640625,35.58226776123047,41.474388122558594
0.00730133056640625,35.58735656738281,41.599578857421875
2.288818359375e-05,35.69859313964844,41.55906677246094
-0.0891571044921875,35.69648742675781,41.58042907714844
-0.09502410888671875,35.680450439453125,41.444435119628906
-0.01953887939453125,35.597694396972656,41.422027587890625
0.062835693359375,35.67268371582031,41.4945068359375
0.11669921875,35.58125305175781,41.445884704589844
0.0965423583984375,35.562164306640625,41.31305694580078
-0.03264617919921875,35.70008850097656,41.413414001464844
0.06681060791015625,35.68022155761719,41.381805419921875
0.1193389892578125,35.738014221191406,41.29205322265625
0.08535003662109375,35.60015106201172,41.24962615966797
0.0629730224609375,35.46788787841797,41.261192321777344
0.08104705810546875,35.56477355957031,41.21929931640625
0.0162506103515625,35.646644592285156,41.23890686035156
0.0456390380859375,35.55509948730469,41.242271423339844
0.06780242919921875,35.63172912597656,41.358619689941406
0.0599212646484375,35.64744567871094,41.284645080566406
0.21552276611328125,35.51615905761719,41.23976135253906
0.2444610595703125,35.4427490234375,41.2540283203125
0.15509796142578125,35.45802307128906,41.26245880126953
0.09679412841796875,35.33134460449219,41.224609375
0.11838531494140625,35.301170349121094,41.27808380126953
0.08945465087890625,35.339820861816406,41.267730712890625
0.1152801513671875,35.36109924316406,41.370811462402344
0.02979278564453125,35.34278106689453,41.40869903564453
0.18860626220703125,35.441551208496094,41.402374267578125
0.17369842529296875,35.45000457763672,41.37310791015625
0.13922882080078125,35.44654083251953,41.26075744628906
0.128173828125,35.41650390625,41.3023681640625
0.0963287353515625,35.39213562011719,41.335365295410156
0.066009521484375,35.4071044921875,41.25299072265625
0.11441802978515625,35.31468200683594,41.303192138671875
0.07180023193359375,35.32615661621094,41.322669982910156
0.10137176513671875,35.35735321044922,41.23744201660156
0.0639190673828125,35.32830047607422,41.26020050048828
0.02329254150390625,35.36714172363281,41.30724334716797
0.00722503662109375,35.478858947753906,41.345191955566406
0.01312255859375,35.516197204589844,41.3515625
0.08221435546875,35.38488006591797,41.43946838378906
0.03525543212890625,35.30364990234375,41.277374267578125
0.06145477294921875,35.321990966796875,41.32329559326172
0.06389617919921875,35.34269714355469,41.55213165283203
0.0146636962890625,35.35362243652344,41.673187255859375
0.02362060546875,35.487220764160156,41.775733947753906
0.0502166748046875,35.56018829345703,41.73121643066406
0.066986083984375,35.5465087890625,41.63446807861328
0.12784576416015625,35.45506286621094,41.55162048339844
0.23999786376953125,35.382080078125,41.37378692626953
0.09002685546875,35.30180358886719,41.303016662597656
0.07372283935546875,35.256011962890625,41.369110107421875
0.04785919189453125,35.308746337890625,41.45246124267578
0.09368133544921875,35.291847229003906,41.33912658691406
0.1576385498046875,35.34947967529297,41.200462341308594
0.22344207763671875,35.47534942626953,41.172706604003906
0.19008636474609375,35.506004333496094,41.15541076660156
0.22353363037109375,35.499725341796875,41.08818817138672
0.217529296875,35.46661376953125,41.13990020751953
0.20287322998046875,35.51832580566406,41.22796630859375
0.230438232421875,35.424537658691406,41.30377960205078
0.16727447509765625,35.41120147705078,41.268272399902344
0.20137786865234375,35.34660339355469,41.26853942871094
0.2991180419921875,35.352935791015625,41.29871368408203
0.31894683837890625,35.480804443359375,41.276206970214844
0.33931732177734375,35.44170379638672,41.39569854736328
0.29552459716796875,35.49165344238281,41.38007354736328
0.275787353515625,35.47540283203125,41.44507598876953
0.1207427978515625,35.49150085449219,41.29821014404297
0.0949554443359375,35.49302673339844,41.15497589111328
0.079681396484375,35.54473876953125,40.956321716308594
0.11911773681640625,35.581809997558594,40.82594299316406
0.05493927001953125,35.535675048828125,41.07017517089844
0.11278533935546875,35.445648193359375,41.226097106933594
0.04761505126953125,35.466651916503906,41.25128936767578
0.02184295654296875,35.589622497558594,41.29327392578125
0.1034393310546875,35.50370788574219,41.24560546875
0.08484649658203125,35.48170471191406,41.264610290527344
0.0497283935546875,35.456336975097656,41.30659484863281
0.08458709716796875,35.43376922607422,41.443275451660156
-0.02100372314453125,35.44966125488281,41.66841125488281
-0.0279541015625,35.6026611328125,41.70716094970703
-0.0806732177734375,35.63634490966797,41.631996154785156
0.0467071533203125,35.580780029296875,41.458953857421875
0.1995391845703125,35.553993225097656,41.30083465576172
0.211029052734375,35.63621520996094,41.260589599609375
0.22049713134765625,35.486610412597656,41.27501678466797
0.131927490234375,35.32965850830078,41.37062072753906
-0.05218505859375,35.354347229003906,41.391021728515625
0.054779052734375,35.37220001220703,41.359291076660156
-0.043426513671875,35.45880126953125,41.33563232421875
0.02445220947265625,35.580360412597656,41.331809997558594
-0.04892730712890625,35.55200958251953,41.437217712402344
-0.03499603271484375,35.601158142089844,41.53187561035156
-0.07544708251953125,35.55384063720703,41.568382263183594
0.07428741455078125,35.634765625,41.44349670410156
-0.0212249755859375,35.66094970703125,41.26128387451172
0.01728057861328125,35.493202209472656,41.23089599609375
0.11014556884765625,35.492958068847656,41.280029296875
0.04314422607421875,35.42845916748047,41.305824279785156
0.09476470947265625,35.49626159667969,41.237693786621094
0.049591064453125,35.463645935058594,41.22572326660156
0.03353118896484375,35.33875274658203,41.09772491455078
0.16796875,35.310508728027344,41.10399627685547
0.1669464111328125,35.384117126464844,41.13774108886719
0.21300506591796875,35.383872985839844,41.18342590332031
0.255035400390625,35.36677551269531,41.14665985107422
0.1987152099609375,35.417755126953125,41.231178283691406
0.212188720703125,35.47020721435547,41.404930114746094
0.2031097412109375,35.464439392089844,41.37963104248047
0.11574554443359375,35.36311340332031,41.25559997558594
0.03638458251953125,35.36671447753906,41.303245544433594
0.10569000244140625,35.37467956542969,41.24358367919922
0.08229827880859375,35.357704162597656,41.39385986328125
0.0321502685546875,35.37477111816406,41.58485412597656
0.14365386962890625,35.23567199707031,41.53199768066406
0.176239013671875,35.226959228515625,41.321807861328125
0.14398956298828125,35.26200866699219,41.30176544189453
0.07781982421875,35.35398864746094,41.35460662841797
0.09534454345703125,35.40711975097656,41.48271942138672
0.10861968994140625,35.41239929199219,41.557884216308594
0.1184234619140625,35.46928405761719,41.45836639404297
0.0258636474609375,35.32318115234375,41.48865509033203
0.02643585205078125,35.25189208984375,41.40431213378906
0.1030120849609375,35.363624572753906,41.571563720703125
0.05860137939453125,35.377708435058594,41.59178161621094
-0.03105926513671875,35.39845275878906,41.460540771484375
-0.14437103271484375,35.320533752441406,41.536865234375
-0.06414031982421875,35.401084899902344,41.53144073486328
0.02419281005859375,35.45899963378906,41.586647033691406
0.09867095947265625,35.45985412597656,41.59789276123047
-0.0703887939453125,35.400917053222656,41.59429931640625
-0.150726318359375,35.30702209472656,41.46760559082031
-0.25942230224609375,35.32289123535156,41.581336975097656
-0.18421173095703125,35.28168487548828,41.57170104980469
-0.160308837890625,35.31324005126953,41.45965576171875
-0.1504974365234375,35.229942321777344,41.57911682128906
0.0347442626953125,35.212440490722656,41.576324462890625
0.0574798583984375,35.32209777832031,41.458824157714844
0.061492919921875,35.41802978515625,41.57788848876953
-0.063568115234375,35.458473205566406,41.580535888671875
-0.10112762451171875,35.32422637939453,41.566490173339844
-0.05810546875,35.309974670410156,41.561561584472656
0.074798583984375,35.379669189453125,41.43449401855469
0.10593414306640625,35.3614501953125,41.338279724121094
0.1127777099609375,35.360748291015625,41.252288818359375
0.0808868408203125,35.361122131347656,41.3427734375
-0.01898956298828125,35.353538513183594,41.51714324951172
-0.04904937744140625,35.355316162109375,41.523887634277344
-0.0373382568359375,35.40721893310547,41.56401062011719
0.00054931640625,35.50459289550781,41.43885803222656
0.0213165283203125,35.477195739746094,41.450103759765625
0.10266876220703125,35.489402770996094,41.47090148925781
0.03647613525390625,35.42530822753906,41.53888702392578
-0.0504913330078125,35.49717712402344,41.66212463378906
-0.20459747314453125,35.42909240722656,41.60657501220703
0.0132293701171875,35.509063720703125,41.59075164794922
0.04851531982421875,35.51715087890625,41.63429260253906
-0.18985748291015625,35.59107208251953,41.54566192626953
-0.16547393798828125,35.53277587890625,41.41609191894531
-0.1271514892578125,35.499420166015625,41.306114196777344
-0.09336090087890625,35.421653747558594,41.342010498046875
0.0015411376953125,35.45863342285156,41.356834411621094
0.073944091796875,35.428016662597656,41.343994140625
-0.07633209228515625,35.365692138671875,41.52606201171875
0.004302978515625,35.32365417480469,41.57447814941406
0.0663909912109375,35.45673370361328,41.52154541015625
0.042633056640625,35.38520812988281,41.43763732910156
0.05670166015625,35.30540466308594,41.40746307373047
0.01992034912109375,35.349700927734375,41.53478240966797
0.05521392822265625,35.38526153564453,41.560943603515625
0.094390869140625,35.39894104003906,41.531646728515625
-0.0722808837890625,35.48271942138672,41.54015350341797
-0.01667022705078125,35.490455627441406,41.407798767089844
0.0474853515625,35.44770050048828,41.29570007324219
0.02030181884765625,35.4400634765625,41.313621520996094
-0.076171875,35.43382263183594,41.138885498046875
-0.01975250244140625,35.38896942138672,41.25701904296875
-0.083587646484375,35.44810485839844,41.32896423339844
-0.081146240234375,35.44883728027344,41.41644287109375
-0.096343994140625,35.53179931640625,41.44145965576172
-0.06103515625,35.51927947998047,41.45204162597656
-0.002288818359375,35.47209167480469,41.422393798828125
0.0016326904296875,35.44902801513672,41.55036926269531
0.05498504638671875,35.41593933105469,41.61083221435547
0.18470001220703125,35.337799072265625,41.43177032470703
0.2042083740234375,35.43231201171875,41.19237518310547
0.23029327392578125,35.46598815917969,41.027099609375
0.12523651123046875,35.372764587402344,41.02960205078125
0.064727783203125,35.33641052246094,40.926597595214844
0.09717559814453125,35.34712219238281,40.98786163330078
0.065277099609375,35.46685791015625,41.02289581298828
-0.0061187744140625,35.471160888671875,41.15065002441406
-0.028778076171875,35.408241271972656,41.246742248535156
-0.162109375,35.38673400878906,41.299285888671875
-0.066009521484375,35.39207458496094,41.159912109375
-0.12288665771484375,35.37322998046875,41.03369140625
-0.153778076171875,35.30390167236328,40.929718017578125
-0.0994110107421875,35.23584747314453,40.9434814453125
0.10912322998046875,35.26483154296875,41.09575653076172
0.37176513671875,35.30426788330078,41.00213623046875
0.4568939208984375,35.4249267578125,41.03478240966797
0.6164169311523438,35.42395782470703,41.11753845214844
0.51483154296875,35.47138977050781,41.254066467285156
0.5205154418945312,35.49658203125,41.22083282470703
0.444061279296875,35.616973876953125,41.24945068359375
0.38101959228515625,35.691978454589844,41.10673522949219
0.220977783203125,35.776634216308594,41.05585479736328
0.0721893310546875,35.80781555175781,40.93279266357422
-0.15605926513671875,36.077308654785156,40.965057373046875
-0.49320220947265625,36.07347106933594,40.84107208251953
-0.9371566772460938,36.10785675048828,40.82478332519531
-1.1220550537109375,36.26811218261719,40.83605194091797
-1.5842361450195312,36.36516571044922,40.98637390136719
-2.0038223266601562,36.433135986328125,40.95903778076172
-2.3653717041015625,36.45105743408203,40.70142364501953
-2.843353271484375,36.508872985839844,40.33319854736328
-3.5792160034179688,36.62254333496094,40.29015350341797
-4.741790771484375,36.70826721191406,40.006614685058594
-6.2324371337890625,36.83226013183594,39.413169860839844
-7.9030914306640625,36.901763916015625,38.954559326171875
-9.839874267578125,37.11328125,38.409149169921875
-11.82281494140625,37.333709716796875,37.867401123046875
-13.826461791992188,37.47844696044922,36.942955017089844
-15.783363342285156,37.813026428222656,35.757164001464844
-17.628883361816406,38.094993591308594,34.22724914550781
-19.545799255371094,38.64073181152344,32.514434814453125
-21.26494598388672,39.13347625732422,30.499801635742188
-23.034584045410156,39.79481506347656,28.39422607421875
-24.76789093017578,40.26013946533203,26.320602416992188
-26.56328582763672,40.50053405761719,24.456802368164062
-28.277427673339844,40.492218017578125,22.5509033203125
-29.837501525878906,40.155731201171875,20.67900848388672
-31.41022491455078,39.784812927246094,19.140701293945312
-32.876548767089844,39.34606170654297,17.78009033203125
-34.271400451660156,38.750152587890625,16.581893920898438
-35.64861297607422,37.983367919921875,15.952957153320312
-36.80120086669922,37.035400390625,15.568679809570312
-37.851417541503906,35.954925537109375,15.565559387207031
-38.95777130126953,34.71148681640625,15.903701782226562
-39.83191680908203,33.49772644042969,16.497055053710938
-40.532981872558594,32.20275115966797,17.275833129882812
-41.15874481201172,30.941482543945312,18.118003845214844
-41.480125427246094,29.895721435546875,18.93175506591797
-41.79851531982422,28.88483428955078,19.756996154785156
-42.064247131347656,28.002296447753906,20.468727111816406
-42.19440460205078,27.38793182373047,20.841163635253906
-42.20105743408203,26.78350830078125,21.483924865722656
-42.265052795410156,26.23253631591797,22.104103088378906
-42.29766082763672,25.70056915283203,22.864463806152344
-42.002357482910156,25.2711181640625,23.798439025878906
-41.567726135253906,25.05071258544922,24.627120971679688
-41.092124938964844,24.68907928466797,25.533485412597656
-40.790184020996094,24.453079223632812,26.465126037597656
-40.31859588623047,24.131187438964844,27.585166931152344
-39.78063201904297,23.950645446777344,28.558914184570312
-39.35356903076172,23.813438415527344,29.397560119628906
-38.906410217285156,23.646163940429688,29.964508056640625
-38.52985382080078,23.577560424804688,30.50794219970703
-38.212181091308594,23.459877014160156,31.01036834716797
-38.04395294189453,23.37799072265625,31.37957763671875
-37.87537384033203,23.453353881835938,31.707901000976562
-37.591148376464844,23.649581909179688,31.7601318359375
-37.340553283691406,24.07952117919922,31.76856231689453
-37.048057556152344,24.524398803710938,31.81438446044922
-36.812278747558594,24.917930603027344,31.859786987304688
-36.53418731689453,25.36113739013672,31.81812286376953
-36.199485778808594,25.738204956054688,31.730873107910156
-35.99474334716797,26.22509002685547,31.57923126220703
-35.84320831298828,26.625885009765625,31.474746704101562
-35.781532287597656,26.774635314941406,31.473831176757812
-35.721778869628906,26.915847778320312,31.56420135498047
-35.459617614746094,27.013961791992188,31.737747192382812
-35.24126434326172,26.96356201171875,32.06001281738281
-34.792381286621094,26.834609985351562,32.24208068847656
-34.61339569091797,26.760108947753906,32.59856414794922
-34.37322235107422,26.97900390625,32.61335754394531
-34.18451690673828,27.218917846679688,32.690940856933594
-33.939292907714844,27.841575622558594,32.63092041015625
-33.42522430419922,28.732467651367188,32.43461608886719
-32.786781311035156,29.51141357421875,32.43352508544922
-31.926673889160156,30.544418334960938,32.48193359375
-30.803672790527344,31.392959594726562,32.68733215332031
-29.741127014160156,32.167327880859375,32.90275573730469
-28.803428649902344,32.819053649902344,32.965667724609375
-27.80132293701172,33.42872619628906,33.322914123535156
-26.877967834472656,33.91527557373047,33.65013885498047
-26.056251525878906,34.08845520019531,34.11009979248047
-25.311744689941406,34.06455993652344,34.595367431640625
-24.638404846191406,34.03712463378906,35.195648193359375
-24.142555236816406,33.927825927734375,35.670982360839844
-23.69898223876953,33.665199279785156,36.31829833984375
-23.37476348876953,33.15302276611328,37.03699493408203
-23.151222229003906,32.63579559326172,37.76622009277344
-22.966712951660156,31.899688720703125,38.54676818847656
-22.93824005126953,31.227569580078125,39.12628936767578
-22.83623504638672,30.441184997558594,39.696800231933594
-22.80756378173828,29.76081085205078,40.30848693847656
-22.723793029785156,29.071075439453125,40.90447998046875
-22.457565307617188,28.398948669433594,41.22611999511719
-22.285865783691406,27.89013671875,41.61799621582031
-21.9271240234375,27.32459259033203,42.22174835205078
-21.608047485351562,26.98046112060547,42.601097106933594
-20.970779418945312,26.59405517578125,43.35973358154297
-20.448333740234375,26.283187866210938,43.89299774169922
-19.92870330810547,25.96155548095703,44.257469177246094
-19.461151123046875,25.688026428222656,44.59379577636719
-19.047332763671875,25.408187866210938,44.893028259277344
-18.587112426757812,25.22624969482422,45.23963928222656
-18.587112426757812,25.22624969482422,45.23963928222656
-18.32733154296875,24.995018005371094,45.37200927734375
-18.061859130859375,24.73303985595703,45.692604064941406
-18.070480346679688,24.402313232421875,45.81183624267578
-18.082122802734375,24.028472900390625,45.99211120605469
-18.048858642578125,23.688735961914062,46.213096618652344
-18.010093688964844,23.374794006347656,46.235511779785156
-18.121597290039062,22.985305786132812,46.30583953857422
-18.285858154296875,22.550048828125,46.38922882080078
-18.39452362060547,22.204238891601562,46.575103759765625
-18.333351135253906,21.871551513671875,46.71449279785156
-18.276992797851562,21.740081787109375,46.894325256347656
-18.315757751464844,21.38189697265625,46.939674377441406
-18.247230529785156,21.112503051757812,47.123863220214844
-18.267372131347656,20.826393127441406,47.288909912109375
-18.259567260742188,20.519332885742188,47.324485778808594
-18.1820068359375,20.36273956298828,47.585914611816406
-17.999069213867188,20.134735107421875,47.735107421875
-18.13396453857422,19.976951599121094,47.773216247558594
-18.172584533691406,19.771102905273438,47.846466064453125
-18.10541534423828,19.587738037109375,47.91282653808594
-18.108741760253906,19.302391052246094,47.973533630371094
-18.048202514648438,19.173904418945312,48.070770263671875
-17.877342224121094,19.06128692626953,48.11372375488281
-17.804519653320312,18.89405059814453,48.219139099121094
-17.749740600585938,18.820556640625,48.282470703125
-17.723731994628906,18.853927612304688,48.28337860107422
-17.67675018310547,18.94420623779297,48.32269287109375
-17.46959686279297,19.037109375,48.307647705078125
-17.475128173828125,19.1160888671875,48.29107666015625
-17.505897521972656,19.43146514892578,48.192176818847656
-17.57672119140625,19.380615234375,48.09870147705078
-17.679534912109375,19.346282958984375,48.01451110839844
-17.686065673828125,19.3812255859375,48.14098358154297
-17.683029174804688,19.343467712402344,48.11925506591797
-17.53216552734375,19.10987091064453,48.162681579589844
-17.519027709960938,18.997451782226562,48.266441345214844
-17.68451690673828,18.814979553222656,48.337989807128906
-17.82152557373047,18.571441650390625,48.45848846435547
-17.88018798828125,18.358001708984375,48.6556396484375
-17.73241424560547,18.15618896484375,48.58192443847656
-17.792579650878906,17.86003875732422,48.408592224121094
-17.97028350830078,17.560707092285156,48.43822479248047
-18.31397247314453,17.308860778808594,48.491981506347656
-18.63220977783203,16.996665954589844,48.4266357421875
-18.980331420898438,16.576522827148438,48.46253967285156
-19.24755859375,16.020782470703125,48.301055908203125
-19.42236328125,15.630844116210938,48.386016845703125
-19.691055297851562,15.00836181640625,48.48180389404297
-19.900657653808594,14.558197021484375,48.332763671875
-19.98126983642578,14.203254699707031,48.38154602050781
-20.04686737060547,14.094718933105469,48.48462677001953
-20.03766632080078,13.920867919921875,48.47046661376953
-19.956802368164062,13.819450378417969,48.39228820800781
-19.993408203125,13.925025939941406,48.463165283203125
-19.88641357421875,14.166435241699219,48.572608947753906
-19.69232177734375,14.419364929199219,48.66780090332031
-19.62242889404297,14.679237365722656,48.736366271972656
-19.40607452392578,14.922920227050781,48.896583557128906
-19.040618896484375,15.221900939941406,49.11034393310547
-18.713104248046875,15.635025024414062,49.703941345214844
-18.139442443847656,16.041915893554688,50.296836853027344
-17.696998596191406,16.72986602783203,50.93861389160156
-17.159317016601562,17.740875244140625,51.73558807373047
-16.79712677001953,19.06568145751953,52.564598083496094
-16.56055450439453,20.59545135498047,53.654022216796875
-16.301254272460938,22.50493621826172,54.79307556152344
-16.322509765625,24.355941772460938,55.73021697998047
-16.55579376220703,26.336463928222656,56.44702911376953
-17.106666564941406,28.629547119140625,57.0858154296875
-17.730438232421875,31.18433380126953,57.67388153076172
-18.587875366210938,33.74290466308594,58.35717010498047
-19.7744140625,36.446380615234375,59.004180908203125
-20.872352600097656,39.351051330566406,59.823036193847656
-21.87397003173828,42.38121795654297,60.71488952636719
-22.75994110107422,45.487892150878906,61.959228515625
-23.518348693847656,48.829566955566406,63.25062561035156
-24.470252990722656,52.72510528564453,64.47840118408203
-25.883934020996094,57.782676696777344,65.22047424316406
-28.16393280029297,64.24085235595703,65.10054016113281
-31.731834411621094,72.68153381347656,63.76213073730469
-36.237083435058594,82.48451232910156,60.52342987060547
-40.92198944091797,92.76296997070312,55.37095642089844
-45.190162658691406,102.34530639648438,49.312843322753906
-48.516014099121094,109.95223999023438,43.43757629394531
-50.682456970214844,114.97018432617188,39.59184265136719
-51.918128967285156,117.49111938476562,37.14093780517578
-52.31902313232422,117.73040771484375,36.02507781982422
-51.826881408691406,116.10194396972656,35.57130432128906
-51.03430938720703,113.06257629394531,35.38928985595703
-49.977333068847656,109.26751708984375,35.715538024902344
-48.67589569091797,105.1378173828125,36.626068115234375
-47.31993865966797,101.10276794433594,37.50493621826172
-45.811058044433594,97.22662353515625,38.15234375
-44.657310485839844,93.3822021484375,37.81739807128906
-43.80841827392578,89.59390258789062,35.934425354003906
-43.67835235595703,85.58424377441406,32.41643524169922
-45.01679229736328,81.03431701660156,28.751571655273438
-48.405067443847656,75.58438110351562,26.817367553710938
-51.03656768798828,71.00468444824219,26.237594604492188
-52.04199981689453,69.0009994506836,26.11040496826172
-52.212440490722656,68.52400970458984,26.069923400878906
-52.096641540527344,68.4026107788086,26.111724853515625
-52.03314971923828,68.4024429321289,26.17931365966797
-51.96949005126953,68.41431427001953,26.220382690429688
-51.880516052246094,68.34520721435547,26.170761108398438
-51.867027282714844,68.1695327758789,26.150588989257812
-51.715065002441406,68.04122161865234,26.460296630859375
-51.68494415283203,67.95142364501953,26.633872985839844
-51.554847717285156,67.83984375,26.63898468017578
-51.456336975097656,67.89741516113281,26.645530700683594
-51.236961364746094,67.97870635986328,26.70983123779297
-51.25165557861328,68.05937957763672,26.742507934570312
-51.10816192626953,68.26839447021484,26.663116455078125
-50.745277404785156,68.24533081054688,26.83802032470703
-50.514808654785156,68.21329498291016,26.93065643310547
-50.435264587402344,68.02741241455078,27.0389404296875
-50.193077087402344,67.87065124511719,27.086196899414062
-49.84441375732422,67.5360107421875,27.296043395996094
-49.409828186035156,67.22156524658203,27.502952575683594
-49.15839385986328,66.80635833740234,27.590103149414062
-49.13939666748047,66.61739349365234,27.550979614257812
-49.041099548339844,66.60711669921875,27.559059143066406
-48.86864471435547,66.59883880615234,27.567848205566406
-48.64746856689453,66.7337875366211,27.514968872070312
-48.295204162597656,67.02257537841797,27.701515197753906
-47.862831115722656,67.34616088867188,27.738754272460938
-47.46495819091797,67.78008270263672,27.670913696289062
-47.143898010253906,68.21560668945312,27.65216827392578
-46.970863342285156,68.54280090332031,27.54840850830078
-46.871070861816406,68.8114242553711,27.538536071777344
-46.81293487548828,68.98926544189453,27.513267517089844
-46.808326721191406,69.08881378173828,27.61400604248047
-46.85277557373047,69.37759399414062,27.90198516845703
-46.86278533935547,69.78173828125,28.25311279296875
-47.048316955566406,69.91776275634766,28.686378479003906
-47.464271545410156,69.48137664794922,28.83539581298828
-47.75627899169922,68.95399475097656,28.934181213378906
-47.73896026611328,68.72066497802734,28.934547424316406
-47.733924865722656,68.49249267578125,28.96990966796875
-47.52465057373047,68.42189025878906,28.911651611328125
-47.362648010253906,68.62950134277344,28.908843994140625
-47.29468536376953,68.82818603515625,28.97857666015625
-47.04309844970703,69.04510498046875,28.92786407470703
-46.728599548339844,69.0603256225586,28.971786499023438
-46.519737243652344,69.21366882324219,28.90831756591797
-46.51299285888672,69.31964874267578,28.88243865966797
-46.44078826904297,69.51263427734375,28.948867797851562
-46.38922882080078,69.54534912109375,29.07776641845703
-46.24695587158203,69.54948425292969,29.085983276367188
-46.151451110839844,69.59198760986328,29.29729461669922
-45.63231658935547,69.72811889648438,29.44976043701172
-45.054359436035156,69.88822174072266,29.764083862304688
-44.27753448486328,70.03160095214844,29.95545196533203
-43.615516662597656,70.32768249511719,30.027450561523438
-42.519142150878906,70.6784439086914,30.27588653564453
-41.661476135253906,71.03797912597656,30.459335327148438
-40.714073181152344,71.44488525390625,30.713653564453125
-39.81993865966797,71.87808227539062,30.8338623046875
-38.865318298339844,72.51179504394531,30.851608276367188
-37.855567932128906,73.21859741210938,30.86957550048828
-36.691001892089844,74.00790405273438,30.867897033691406
-35.468727111816406,74.64169311523438,30.80052947998047
-34.341026306152344,75.40086364746094,30.500259399414062
-33.07349395751953,76.10981750488281,30.436233520507812
-31.789955139160156,76.88597106933594,30.419097900390625
-30.471397399902344,77.42135620117188,30.276100158691406
-29.410118103027344,78.04777526855469,29.825965881347656
-28.28630828857422,78.54049682617188,29.517990112304688
-27.28716278076172,79.07820129394531,29.253524780273438
-26.378074645996094,79.66041564941406,28.981300354003906
-25.822303771972656,79.96217346191406,28.876068115234375
-25.56861114501953,80.08692932128906,28.954086303710938
-25.307395935058594,80.0809326171875,28.98932647705078
-24.83417510986328,79.85823059082031,29.01641082763672
-24.704002380371094,79.55072021484375,29.111480712890625
-24.45525360107422,79.3502197265625,29.14820098876953
-24.179847717285156,79.14259338378906,29.23133087158203
-24.14319610595703,79.1558837890625,29.261680603027344
-24.05719757080078,79.12362670898438,29.31256866455078
-23.870887756347656,79.08854675292969,29.3211669921875
-23.60778045654297,79.13052368164062,29.2969970703125
-23.447593688964844,79.1331787109375,29.402671813964844
-23.31206512451172,79.124267578125,29.328102111816406
-23.028343200683594,79.038330078125,29.38751983642578
-22.92121124267578,78.91262817382812,29.390724182128906
-22.795555114746094,78.807861328125,29.39434051513672
-22.78838348388672,78.88482666015625,29.59308624267578
-22.82074737548828,78.90922546386719,29.50835418701172
-22.81627655029297,78.8155517578125,29.308433532714844
-22.641090393066406,78.91433715820312,29.407371520996094
-22.73719024658203,79.07310485839844,29.467811584472656
-22.850059509277344,79.24822998046875,29.318771362304688
-22.66547393798828,79.20501708984375,29.304611206054688
-22.589515686035156,79.28244018554688,29.25749969482422
-22.42011260986328,79.24278259277344,29.282577514648438
-22.383323669433594,79.28825378417969,29.290557861328125
-22.293365478515625,79.22592163085938,29.238937377929688
-22.07360076904297,79.19241333007812,29.22728729248047
-21.949867248535156,79.09243774414062,29.143112182617188
-21.935829162597656,78.94627380371094,29.062271118164062
-22.04339599609375,78.70182800292969,29.05162811279297
-22.207534790039062,78.57186889648438,29.211082458496094
-22.298622131347656,78.24119567871094,29.444686889648438
-22.437477111816406,78.06825256347656,29.719871520996094
-22.51830291748047,77.98033142089844,29.804473876953125
-22.673606872558594,77.92584228515625,29.774009704589844
-22.81122589111328,77.81108093261719,29.916351318359375
-22.86701202392578,77.72616577148438,29.7803955078125
-22.99321746826172,77.53907775878906,29.789207458496094
-23.052330017089844,77.49424743652344,29.70513916015625
-23.079978942871094,77.39154052734375,29.750625610351562
-23.151649475097656,77.28030395507812,29.83905792236328
-23.327232360839844,77.22662353515625,29.97278594970703
-23.480979919433594,76.98681640625,29.956512451171875
-23.615562438964844,76.84674072265625,30.2064208984375
-23.701255798339844,76.86759948730469,30.376609802246094
-23.92296600341797,76.717041015625,30.55693817138672
-24.035728454589844,76.61082458496094,30.533615112304688
-24.09960174560547,76.72343444824219,30.496536254882812
-24.15131378173828,76.76560974121094,30.415809631347656
-24.41210174560547,76.87791442871094,30.2779541015625
-24.722984313964844,77.06602478027344,30.130020141601562
-24.93712615966797,77.09161376953125,30.2777099609375
-25.027015686035156,77.01373291015625,30.31128692626953
-25.03388214111328,77.06234741210938,30.187789916992188
-25.275428771972656,77.05572509765625,30.023460388183594
-25.465110778808594,77.04246520996094,29.970054626464844
-25.686378479003906,77.01736450195312,30.049835205078125
-25.869178771972656,77.07353210449219,30.205345153808594
-26.155235290527344,77.17778015136719,30.32135772705078
-26.46839141845703,77.21551513671875,30.26349639892578
-26.98841094970703,77.18544006347656,30.10192108154297
-27.71546173095703,77.26203918457031,30.077651977539062
-28.73194122314453,77.52508544921875,30.180221557617188
-29.835350036621094,77.61860656738281,29.935089111328125
-31.09947967529297,77.75827026367188,29.914634704589844
-32.322837829589844,77.80464172363281,29.757431030273438
-33.58519744873047,77.68002319335938,29.67157745361328
-34.65837860107422,77.53681945800781,29.57471466064453
-35.644248962402344,77.33815002441406,29.53162384033203
-36.46436309814453,76.9984130859375,29.51494598388672
-37.27521514892578,76.5574951171875,29.664588928222656
-38.040977478027344,76.029541015625,29.80944061279297
-38.679786682128906,75.6578369140625,29.837806701660156
-39.61615753173828,75.08003234863281,29.78387451171875
-40.487815856933594,74.62605285644531,29.600845336914062
-41.35491180419922,74.2366943359375,29.4495849609375
-42.46063995361328,73.89030456542969,29.297401428222656
-43.54261016845703,73.70906066894531,28.994903564453125
-44.331092834472656,73.64115905761719,28.70782470703125
-44.818321228027344,73.57539367675781,28.377899169921875
-45.29882049560547,73.68984985351562,28.070518493652344
-45.73346710205078,73.76162719726562,27.741744995117188
-46.21503448486328,73.649658203125,27.713844299316406
-46.736351013183594,73.38105773925781,27.63104248046875
-47.39269256591797,72.87223815917969,27.57660675048828
-47.920814514160156,72.24980163574219,27.544570922851562
-48.404823303222656,71.39450073242188,27.667137145996094
-49.12989044189453,70.57341003417969,27.550209045410156
-49.822120666503906,69.80291748046875,27.362228393554688
-50.50507354736328,69.13667297363281,27.22382354736328
-51.07276153564453,68.47643280029297,27.115386962890625
-51.459617614746094,67.9867172241211,27.07379913330078
-51.727821350097656,67.64962768554688,27.061439514160156
-51.870140075683594,67.2724380493164,27.062347412109375
-51.88707733154297,66.92815399169922,27.07086944580078
-52.010108947753906,66.693359375,26.90294647216797
-52.241737365722656,66.5256576538086,26.773292541503906
-52.41411590576172,66.5761489868164,26.782508850097656
-52.722679138183594,66.61766815185547,26.59398651123047
-53.11713409423828,66.85704040527344,26.34613037109375
-53.550941467285156,67.31964111328125,26.057144165039062
-54.00975799560547,67.9485092163086,25.56501007080078
-54.755332946777344,68.96420288085938,24.914878845214844
-55.358009338378906,70.05514526367188,24.236007690429688
-56.09233856201172,71.15563201904297,23.385643005371094
-56.95252227783203,72.27462768554688,22.55561065673828
-57.553245544433594,73.52488708496094,21.596511840820312
-57.819908142089844,74.76820373535156,20.79491424560547
-57.862709045410156,76.06394958496094,20.183937072753906
-57.564598083496094,77.29747009277344,19.859970092773438
-57.32476043701172,78.23085021972656,19.54503631591797
-57.19544219970703,79.05429077148438,19.109176635742188
-57.013160705566406,79.71176147460938,18.631591796875
-57.179664611816406,80.62530517578125,18.0189208984375
-57.051475524902344,81.30462646484375,17.339683532714844
-56.66999053955078,82.01119995117188,16.966567993164062
-56.11711883544922,82.75038146972656,16.845184326171875
-55.20287322998047,83.4085693359375,16.89641571044922
-54.18773651123047,84.07426452636719,17.227523803710938
-52.78246307373047,84.94404602050781,17.634918212890625
-51.418663024902344,85.70912170410156,18.140625
-50.12220001220703,86.38046264648438,18.292137145996094
-48.96503448486328,86.89694213867188,18.457748413085938
-48.207557678222656,87.27639770507812,18.624053955078125
-47.49652862548828,87.73443603515625,18.571929931640625
-46.97779083251953,88.02264404296875,18.6800537109375
-46.31029510498047,88.29791259765625,18.545120239257812
-45.794395446777344,88.69944763183594,18.661277770996094
-45.05504608154297,89.08763122558594,18.68657684326172
-44.313087463378906,89.60182189941406,18.57683563232422
-43.68096160888672,90.08573913574219,18.312026977539062
-42.862815856933594,90.72845458984375,18.058326721191406
-42.091697692871094,91.38973999023438,17.77696990966797
-41.383323669433594,91.94334411621094,17.435401916503906
-40.798545837402344,92.53260803222656,17.175628662109375
-40.213661193847656,93.05387878417969,16.879356384277344
-39.49549102783203,93.43293762207031,16.644332885742188
-39.013404846191406,93.52659606933594,16.824729919433594
-38.533226013183594,93.23918151855469,17.16582489013672
-38.192100524902344,92.93328857421875,17.565200805664062
-37.67925262451172,92.64695739746094,18.013824462890625
-36.92400360107422,92.44749450683594,18.502532958984375
-36.149940490722656,92.42817687988281,18.94983673095703
-35.25035858154297,92.35829162597656,19.195045471191406
-34.422950744628906,92.26815795898438,19.520645141601562
-33.46399688720703,92.142822265625,19.71337890625
-32.608970642089844,92.16404724121094,20.100936889648438
-31.92809295654297,92.01878356933594,20.400489807128906
-31.21977996826172,91.8297119140625,20.38172149658203
-30.53429412841797,91.706298828125,20.52587127685547
-30.26697540283203,91.6358642578125,20.742469787597656
-30.18657684326172,91.60861206054688,20.776840209960938
-30.143943786621094,91.56027221679688,20.877540588378906
-30.102073669433594,91.45869445800781,20.84656524658203
-29.996070861816406,91.19483947753906,20.80121612548828
-29.917930603027344,91.05735778808594,20.975311279296875
-29.747657775878906,90.92778015136719,21.124610900878906
-29.726844787597656,90.81916809082031,21.344200134277344
-29.774620056152344,90.68208312988281,21.51317596435547
-29.85926055908203,90.65339660644531,21.489295959472656
-29.69249725341797,90.55192565917969,21.46910858154297
-29.556419372558594,90.53067016601562,21.444358825683594
-29.445106506347656,90.58311462402344,21.631881713867188
-29.417015075683594,90.6463623046875,21.73615264892578
-29.40003204345703,90.69590759277344,21.73499298095703
-29.375465393066406,90.65501403808594,21.717247009277344
-29.406822204589844,90.59588623046875,21.44146728515625
-29.310157775878906,90.5665283203125,21.374107360839844
-29.26013946533203,90.61061096191406,21.38238525390625
-29.28681182861328,90.61895751953125,21.487197875976562
-29.18102264404297,90.55058288574219,21.653221130371094
-28.966835021972656,90.59043884277344,21.577468872070312
-28.96355438232422,90.56379699707031,21.53925323486328
-28.99573516845703,90.54080200195312,21.50463104248047
-28.907005310058594,90.45088195800781,21.403846740722656
-29.14929962158203,90.43783569335938,21.572998046875
-29.196998596191406,90.41975402832031,21.703598022460938
-29.192604064941406,90.47265625,21.743019104003906
-29.085121154785156,90.40243530273438,21.848831176757812
-29.15601348876953,90.47285461425781,21.80035400390625
-29.258445739746094,90.49374389648438,21.586288452148438
-29.16967010498047,90.489501953125,21.682960510253906
-29.102500915527344,90.42530822753906,21.728408813476562
-29.195777893066406,90.37548828125,21.75494384765625
-29.07707977294922,90.201416015625,21.846908569335938
-28.988243103027344,90.15678405761719,21.85150146484375
-29.06377410888672,90.16934204101562,21.817665100097656
-29.066795349121094,90.28054809570312,21.838279724121094
-28.98133087158203,90.34269714355469,21.79473114013672
-28.930274963378906,90.3223876953125,21.62285614013672
-28.930274963378906,90.3223876953125,21.62285614013672
-28.90943145751953,90.4195556640625,21.6463623046875
-29.046180725097656,90.67582702636719,21.77301025390625
-29.12639617919922,90.6551513671875,22.04241943359375
-29.13245391845703,90.61924743652344,22.01953125
-29.09398651123047,90.5772705078125,21.954071044921875
-29.03839874267578,90.49436950683594,21.98235321044922
-29.11402130126953,90.43635559082031,21.884376525878906
-29.07959747314453,90.43620300292969,21.7979736328125
-29.09186553955078,90.42317199707031,21.7296142578125
-29.083412170410156,90.527099609375,21.777488708496094
-29.064552307128906,90.53598022460938,21.8414306640625
-29.027061462402344,90.48722839355469,21.796348571777344
-29.02312469482422,90.49131774902344,21.84752655029297
-29.063621520996094,90.53077697753906,21.874908447265625
-28.95195770263672,90.61709594726562,21.85955810546875
-28.98101043701172,90.56683349609375,21.802398681640625
-28.95372772216797,90.57505798339844,21.799156188964844
-29.101661682128906,90.54216003417969,21.748023986816406
-29.080360412597656,90.77015686035156,21.668899536132812
-29.03520965576172,90.71148681640625,21.729202270507812
-28.982643127441406,90.66409301757812,21.75183868408203
-28.97168731689453,90.82302856445312,21.651382446289062
-29.019920349121094,90.86805725097656,21.690017700195312
-29.13237762451172,90.93255615234375,21.740249633789062
-29.074562072753906,90.8819580078125,21.79645538330078
-29.064186096191406,90.72817993164062,21.742095947265625
-29.13172149658203,90.5909423828125,21.564559936523438
-29.16297149658203,90.579345703125,21.52672576904297
-29.20087432861328,90.6243896484375,21.479827880859375
-29.155982971191406,90.70204162597656,21.445526123046875
-28.96892547607422,90.74978637695312,21.34624481201172
-28.927391052246094,90.64924621582031,21.300926208496094
-28.963584899902344,90.59805297851562,21.495872497558594
-29.027854919433594,90.61920166015625,21.488998413085938
-29.07109832763672,90.57925415039062,21.617568969726562
-29.04743194580078,90.67686462402344,21.68316650390625
-29.041282653808594,90.652099609375,21.627967834472656
-29.20337677001953,90.73411560058594,21.62207794189453
-29.31243133544922,90.59757995605469,21.51080322265625
-29.31201934814453,90.58526611328125,21.456268310546875
-29.328575134277344,90.655517578125,21.333641052246094
-29.410865783691406,90.81675720214844,21.347572326660156
-29.40436553955078,90.85720825195312,21.379531860351562
-29.262657165527344,90.84675598144531,21.314414978027344
-29.227928161621094,90.71395874023438,21.333099365234375
-29.125694274902344,90.63265991210938,21.297576904296875
-29.328956604003906,90.62591552734375,21.291946411132812
-29.325889587402344,90.64323425292969,21.206695556640625
-29.27082061767578,90.54646301269531,21.1578369140625
-29.27989959716797,90.4891357421875,21.191978454589844
-29.162452697753906,90.44873046875,21.186119079589844
-29.171104431152344,90.57518005371094,21.307708740234375
-29.36205291748047,90.47007751464844,21.602508544921875
-29.37456512451172,90.44816589355469,21.633193969726562
-29.401390075683594,90.58891296386719,21.626739501953125
-29.233970642089844,90.6220703125,21.552589416503906
-29.221519470214844,90.5589599609375,21.52460479736328
-29.23961639404297,90.58067321777344,21.47307586669922
-29.347084045410156,90.56695556640625,21.457763671875
-29.35730743408203,90.53121948242188,21.621505737304688
-29.28740692138672,90.48042297363281,21.756484985351562
-29.30805206298828,90.42694091796875,21.81940460205078
-29.31006622314453,90.57435607910156,21.832725524902344
-29.258506774902344,90.58833312988281,21.756820678710938
-29.10875701904297,90.54669189453125,21.531951904296875
-28.98479461669922,90.44831848144531,21.511863708496094
-29.171714782714844,90.50675964355469,21.666709899902344
-29.109153747558594,90.60142517089844,21.66443634033203
-29.23133087158203,90.59832763671875,21.614097595214844
-29.382286071777344,90.58277893066406,21.737030029296875
-29.25501251220703,90.55314636230469,21.745689392089844
-29.396827697753906,90.53121948242188,21.74596405029297
-29.309043884277344,90.44766235351562,21.846961975097656
-29.150840759277344,90.49179077148438,21.85974884033203
-29.08843231201172,90.5877685546875,21.701080322265625
-29.151512145996094,90.57743835449219,21.64568328857422
-29.116249084472656,90.61949157714844,21.635414123535156
-29.063758850097656,90.73770141601562,21.772010803222656
-29.195228576660156,90.75827026367188,21.749298095703125
-29.19426727294922,90.72280883789062,21.641624450683594
-29.21501922607422,90.74082946777344,21.699874877929688
-29.25109100341797,90.57965087890625,21.674713134765625
-29.269554138183594,90.65556335449219,21.750259399414062
-29.12145233154297,90.56520080566406,21.656723022460938
-29.25151824951172,90.5242919921875,21.613815307617188
-29.296852111816406,90.60757446289062,21.6064453125
-29.32628631591797,90.54826354980469,21.66021728515625
-29.339256286621094,90.57225036621094,21.648208618164062
-29.49956512451172,90.52706909179688,21.622177124023438
-29.49317169189453,90.57536315917969,21.611236572265625
-29.38860321044922,90.53335571289062,21.52216339111328
-29.271446228027344,90.6153564453125,21.548324584960938
-29.16265106201172,90.60243225097656,21.62926483154297
-29.258934020996094,90.61152648925781,21.80731201171875
-29.23271942138672,90.58090209960938,21.78308868408203
-29.299400329589844,90.62498474121094,21.864120483398438
-29.23609161376953,90.78144836425781,21.892677307128906
-29.402137756347656,90.86627197265625,21.844436645507812
-29.34247589111328,90.768798828125,21.75019073486328
-29.36835479736328,90.87344360351562,21.525039672851562
-29.39990997314453,90.67622375488281,21.5455322265625
-29.43785858154297,90.56326293945312,21.461585998535156
-29.421180725097656,90.56355285644531,21.499740600585938
-29.218421936035156,90.47209167480469,21.632705688476562
-29.189857482910156,90.43580627441406,21.673118591308594
-29.189796447753906,90.58204650878906,21.679092407226562
-29.262779235839844,90.68780517578125,21.640830993652344
-29.16905975341797,90.72880554199219,21.685409545898438
-29.33000946044922,90.70899963378906,21.7919921875
-29.41693878173828,90.72831726074219,21.781723022460938
-29.152427673339844,90.65426635742188,21.657485961914062
-29.064430236816406,90.71078491210938,21.514877319335938
-29.07579803466797,90.81007385253906,21.608177185058594
-29.12787628173828,90.75582885742188,21.61725616455078
-29.18384552001953,90.82827758789062,21.647796630859375
-29.19310760498047,90.859375,21.8096923828125
-29.15105438232422,90.92697143554688,21.768028259277344
-29.079185485839844,90.97285461425781,21.8343505859375
-29.100547790527344,90.89958190917969,21.856979370117188
-29.08612823486328,90.82899475097656,21.669647216796875
-29.08422088623047,90.79621887207031,21.6221923828125
-29.21257781982422,90.98002624511719,21.638275146484375
-29.239768981933594,90.93577575683594,21.634857177734375
-29.214073181152344,90.87570190429688,21.769760131835938
-29.11151885986328,90.88192749023438,21.746444702148438
-29.153099060058594,90.90325927734375,21.817298889160156
-29.09949493408203,90.81260681152344,21.77985382080078
-29.05052947998047,90.83563232421875,21.813339233398438
-29.04369354248047,90.81637573242188,21.950653076171875
-29.14080047607422,90.88136291503906,21.99279022216797
-29.08850860595703,90.95379638671875,21.887054443359375
-29.044212341308594,90.94140625,21.60279083251953
-29.150245666503906,90.90974426269531,21.474205017089844
-29.15851593017578,90.883544921875,21.378868103027344
-29.096153259277344,90.89749145507812,21.308326721191406
-29.17896270751953,90.84324645996094,21.186447143554688
-29.10009002685547,90.84126281738281,21.200332641601562
-29.045448303222656,90.85501098632812,21.2540283203125
-29.111244201660156,90.9481201171875,21.269989013671875
-29.065528869628906,90.95262145996094,21.362579345703125
-29.095924377441406,90.95484924316406,21.37352752685547
-29.18218231201172,90.95915222167969,21.364776611328125
-29.24498748779297,90.99449157714844,21.38799285888672
-29.21491241455078,90.93708801269531,21.46143341064453
-29.10828399658203,90.95686340332031,21.42577362060547
-29.19329071044922,90.96534729003906,21.59233856201172
-29.237831115722656,91.00843811035156,21.602691650390625
-29.22551727294922,91.04190063476562,21.6378173828125
-29.236167907714844,90.99002075195312,21.502700805664062
-29.11072540283203,90.9305419921875,21.422607421875
-29.179603576660156,90.92364501953125,21.37560272216797
-29.36896514892578,90.8253173828125,21.405921936035156
-29.26952362060547,90.7896728515625,21.55523681640625
-29.27727508544922,90.80950927734375,21.654159545898438
-29.293006896972656,90.80270385742188,21.646133422851562
-29.170570373535156,90.81755065917969,21.465057373046875
-29.209632873535156,90.92465209960938,21.399658203125
-29.19324493408203,90.88668823242188,21.33202362060547
-29.169654846191406,90.87002563476562,21.297286987304688
-29.227943420410156,90.76145935058594,21.553878784179688
-29.247215270996094,90.77235412597656,21.61725616455078
-29.28704071044922,90.78330993652344,21.64788055419922
-29.19861602783203,90.75828552246094,21.52080535888672
-29.245201110839844,90.69917297363281,21.429779052734375
-29.208900451660156,90.71144104003906,21.331710815429688
-29.07575225830078,90.77029418945312,21.4461669921875
-29.17157745361328,90.84379577636719,21.617446899414062
-29.372642517089844,90.93954467773438,21.47655487060547
-29.42444610595703,90.82461547851562,21.439804077148438
-29.263710021972656,90.7894287109375,21.635360717773438
-29.12281036376953,90.82380676269531,21.612075805664062
-29.11817169189453,90.85282897949219,21.7373046875
-29.014747619628906,90.72152709960938,21.650863647460938
-29.15721893310547,90.76087951660156,21.54615020751953
-29.23175811767578,90.71257019042969,21.4755859375
-29.19188690185547,90.85174560546875,21.586273193359375
-29.236793518066406,90.88330078125,21.391281127929688
-29.264503479003906,90.80581665039062,21.33020782470703
-29.27404022216797,90.79954528808594,21.3663330078125
-29.20264434814453,90.7374267578125,21.39173126220703
-29.12657928466797,90.68751525878906,21.25140380859375
-29.22728729248047,90.66825866699219,21.19086456298828
-29.30304718017578,90.75189208984375,21.21776580810547
-29.23114776611328,90.87010192871094,21.21051025390625
-29.239479064941406,90.89132690429688,21.32757568359375
-29.204933166503906,90.78263854980469,21.44061279296875
-29.21924591064453,90.78730773925781,21.526214599609375
-29.20551300048828,90.95654296875,21.51116180419922
-29.094337463378906,90.99641418457031,21.490440368652344
-29.11370086669922,90.843505859375,21.476486206054688
-29.09233856201172,90.751220703125,21.53614044189453
-29.123390197753906,90.74623107910156,21.462875366210938
-29.197349548339844,90.71958923339844,21.615577697753906
-29.10344696044922,90.59249877929688,21.501632690429688
-29.058128356933594,90.54084777832031,21.50707244873047
-29.03722381591797,90.61181640625,21.339004516601562
-29.123085021972656,90.63371276855469,21.18737030029297
-29.082420349121094,90.58802795410156,21.265663146972656
-29.063194274902344,90.61492919921875,21.433753967285156
-29.196922302246094,90.64117431640625,21.50334930419922
-29.27513885498047,90.68185424804688,21.50666046142578
-29.24370574951172,90.79591369628906,21.50847625732422
-29.33165740966797,90.823974609375,21.527206420898438
-29.33515167236328,90.79743957519531,21.65149688720703
-29.28931427001953,90.80020141601562,21.52863311767578
-29.26624298095703,90.85371398925781,21.46582794189453
-29.17438507080078,90.74391174316406,21.404144287109375
-29.090843200683594,90.75300598144531,21.464866638183594
-29.131553649902344,90.68341064453125,21.592697143554688
-28.97620391845703,90.84439086914062,21.47197723388672
-29.10271453857422,90.72691345214844,21.244544982910156
-29.043724060058594,90.74723815917969,21.236732482910156
-29.045860290527344,90.71151733398438,21.256149291992188
-29.07775115966797,90.73439025878906,21.424102783203125
-29.15129852294922,90.59649658203125,21.642654418945312
-29.130027770996094,90.53523254394531,21.51929473876953
-29.12000274658203,90.56059265136719,21.595474243164062
-29.04615020751953,90.72200012207031,21.645675659179688
-28.994422912597656,90.68260192871094,21.499786376953125
-29.03868865966797,90.69784545898438,21.469711303710938
-29.22454071044922,90.61044311523438,21.468978881835938
-29.247398376464844,90.61346435546875,21.494369506835938
-29.250221252441406,90.53999328613281,21.3572998046875
-29.095481872558594,90.42759704589844,21.37267303466797
-29.04918670654297,90.42239379882812,21.47087860107422
-29.03327178955078,90.5714111328125,21.60065460205078
-29.15052032470703,90.60954284667969,21.774246215820312
-29.263572692871094,90.59513854980469,21.657485961914062
-29.253684997558594,90.57179260253906,21.50542449951172
-29.28327178955078,90.53584289550781,21.592864990234375
-29.21149444580078,90.53230285644531,21.51325225830078
-29.17285919189453,90.44088745117188,21.409454345703125
-29.31053924560547,90.57058715820312,21.450889587402344
-29.30187225341797,90.60694885253906,21.47411346435547
-29.36310577392578,90.732421875,21.406646728515625
-29.31061553955078,90.7525634765625,21.49207305908203
-29.200279235839844,90.72186279296875,21.617156982421875
-29.081077575683594,90.68701171875,21.6407470703125
-29.067222595214844,90.69378662109375,21.778045654296875
-29.19597625732422,90.66851806640625,21.757667541503906
-29.282127380371094,90.68809509277344,21.81702423095703
-29.117576599121094,90.72181701660156,21.71612548828125
-29.11450958251953,90.70954895019531,21.693099975585938
-29.07379913330078,90.67181396484375,21.701034545898438
-29.127281188964844,90.57221984863281,21.66851806640625
-28.994789123535156,90.69931030273438,21.646987915039062
-28.936912536621094,90.85417175292969,21.67919921875
-28.994346618652344,90.74641418457031,21.624420166015625
-29.00690460205078,90.73944091796875,21.633270263671875
-28.959144592285156,90.77320861816406,21.768051147460938
-29.08405303955078,90.72474670410156,21.834182739257812
-29.119773864746094,90.59355163574219,21.756851196289062
-29.308570861816406,90.58561706542969,21.687774658203125
-29.31879425048828,90.62944030761719,21.573867797851562
-29.32317352294922,90.70896911621094,21.555755615234375
-29.401695251464844,90.61190795898438,21.46070098876953
-29.398887634277344,90.63981628417969,21.462989807128906
-29.36400604248047,90.65939331054688,21.483200073242188
-29.326271057128906,90.55912780761719,21.508079528808594
-29.409400939941406,90.63497924804688,21.535263061523438
-29.416969299316406,90.5484619140625,21.50591278076172
-29.34185028076172,90.66740417480469,21.532257080078125
-29.356468200683594,90.67974853515625,21.399253845214844
-29.395179748535156,90.73875427246094,21.343917846679688
-29.346153259277344,90.61354064941406,21.41838836669922
-29.32044219970703,90.59115600585938,21.477005004882812
-29.337989807128906,90.72056579589844,21.32636260986328
-29.38915252685547,90.63414001464844,21.337013244628906
-29.328834533691406,90.61813354492188,21.30854034423828
-29.21215057373047,90.6458740234375,21.194313049316406
-29.274696350097656,90.63926696777344,21.18462371826172
-29.354835510253906,90.55384826660156,21.178451538085938
-29.41614532470703,90.62002563476562,21.152679443359375
-29.427223205566406,90.63980102539062,21.119033813476562
-29.42528533935547,90.72598266601562,21.271255493164062
-29.38080596923828,90.6612548828125,21.37004852294922
-29.37517547607422,90.58033752441406,21.229644775390625
-29.32825469970703,90.62411499023438,21.29326629638672
-29.34130096435547,90.54786682128906,21.323890686035156
-29.279075622558594,90.40699768066406,21.256019592285156
-29.278053283691406,90.40193176269531,21.21404266357422
-29.21520233154297,90.54121398925781,21.294815063476562
-29.129722595214844,90.70730590820312,21.28227996826172
-29.14281463623047,90.667724609375,21.22631072998047
-29.133934020996094,90.66276550292969,21.285614013671875
-29.07642364501953,90.65242004394531,21.446945190429688
-29.241249084472656,90.67514038085938,21.514572143554688
-29.37000274658203,90.64486694335938,21.485755920410156
-29.22547149658203,90.57997131347656,21.350631713867188
-29.28893280029297,90.58340454101562,21.376426696777344
-29.317787170410156,90.49925231933594,21.28235626220703
-29.321144104003906,90.53741455078125,21.323631286621094
-29.274559020996094,90.56875610351562,21.31658172607422
-29.29090118408203,90.6248779296875,21.546218872070312
-29.31708526611328,90.62628173828125,21.543601989746094
-29.35234832763672,90.63638305664062,21.38886260986328
-29.39325714111328,90.46844482421875,21.334518432617188
-29.409385681152344,90.45565795898438,21.485435485839844
-29.41466522216797,90.33663940429688,21.595901489257812
-29.35279083251953,90.46054077148438,21.59088134765625
-29.142494201660156,90.4844970703125,21.62957763671875
-29.18431854248047,90.41343688964844,21.635757446289062
-29.313804626464844,90.38351440429688,21.61579132080078
-29.38787078857422,90.41452026367188,21.628021240234375
-29.352027893066406,90.48768615722656,21.61468505859375
-29.37413787841797,90.59486389160156,21.71906280517578
-29.33403778076172,90.59982299804688,21.835433959960938
-29.404701232910156,90.54722595214844,21.80834197998047
-29.407630920410156,90.48110961914062,21.714393615722656
-29.359474182128906,90.46992492675781,21.677276611328125
-29.400611877441406,90.4576416015625,21.597206115722656
-29.34174346923828,90.49620056152344,21.480621337890625
-29.35047149658203,90.40818786621094,21.544097900390625
-29.418235778808594,90.41445922851562,21.48047637939453
-29.415382385253906,90.39654541015625,21.414321899414062
-29.263511657714844,90.38565063476562,21.401046752929688
-29.34803009033203,90.42057800292969,21.421630859375
-29.251075744628906,90.43888854980469,21.58685302734375
-29.21607208251953,90.45220947265625,21.628311157226562
-29.270057678222656,90.55061340332031,21.625343322753906
-29.27776336669922,90.55430603027344,21.682518005371094
-29.23230743408203,90.56242370605469,21.780296325683594
-29.25469207763672,90.52349853515625,21.66192626953125
-29.31250762939453,90.49563598632812,21.449325561523438
-29.33238983154297,90.3187255859375,21.316917419433594
-29.333641052246094,90.31793212890625,21.356101989746094
-29.515235900878906,90.43104553222656,21.3104248046875
-29.43120574951172,90.30690002441406,21.332351684570312
-29.435935974121094,90.23269653320312,21.337623596191406
-29.238975524902344,90.30307006835938,21.407249450683594
-29.10620880126953,90.31123352050781,21.628868103027344
-29.17261505126953,90.34152221679688,21.633270263671875
-29.232154846191406,90.269775390625,21.622703552246094
-29.15196990966797,90.24951171875,21.396812438964844
-29.30559539794922,90.27932739257812,21.28484344482422
-29.35639190673828,90.33792114257812,21.2685546875
-29.41022491455078,90.21044921875,21.20984649658203
-29.40752410888672,90.3243408203125,21.290794372558594
-29.345680236816406,90.4642333984375,21.305068969726562
-29.378135681152344,90.37225341796875,21.411041259765625
-29.50035858154297,90.20951843261719,21.486129760742188
-29.40557098388672,90.19911193847656,21.591018676757812
-29.382179260253906,90.19557189941406,21.539779663085938
-29.31017303466797,90.15086364746094,21.386444091796875
-29.30792999267578,90.18690490722656,21.234024047851562
-29.386314392089844,90.15821838378906,21.164634704589844
-29.386314392089844,90.15821838378906,21.164634704589844
-29.358482360839844,90.15867614746094,21.146812438964844
-29.311012268066406,90.17741394042969,21.26818084716797
-29.28656768798828,90.28672790527344,21.306488037109375
-29.24742889404297,90.1612548828125,21.26714324951172
-29.475929260253906,90.311767578125,21.34148406982422
-29.44329071044922,90.32424926757812,21.3154296875
-29.42328643798828,90.19282531738281,21.480674743652344
-29.315834045410156,90.16165161132812,21.382545471191406
-29.315101623535156,90.40692138671875,21.392822265625
-29.339622497558594,90.39501953125,21.353790283203125
-29.332847595214844,90.383544921875,21.380264282226562
-29.29566192626953,90.24673461914062,21.361976623535156
-29.36571502685547,90.32473754882812,21.481292724609375
-29.47626495361328,90.353271484375,21.478118896484375
-29.382896423339844,90.42071533203125,21.467811584472656
-29.47704315185547,90.46249389648438,21.47705078125
-29.480552673339844,90.43405151367188,21.524940490722656
-29.56000518798828,90.42366027832031,21.350479125976562
-29.44646453857422,90.49169921875,21.324508666992188
-29.41747283935547,90.45149230957031,21.312698364257812
-29.37885284423828,90.49929809570312,21.354156494140625
-29.402427673339844,90.42277526855469,21.374282836914062
-29.25275421142578,90.45352172851562,21.32666015625
-29.11615753173828,90.47172546386719,21.378829956054688
-29.122459411621094,90.33903503417969,21.348175048828125
-29.17748260498047,90.46014404296875,21.279937744140625
-29.157676696777344,90.45262145996094,21.20061492919922
-29.284584045410156,90.54855346679688,21.219818115234375
-29.308738708496094,90.61685180664062,21.15209197998047
-29.20842742919922,90.5347900390625,21.218597412109375
-29.347755432128906,90.42201232910156,21.331642150878906
-29.32001495361328,90.48518371582031,21.35901641845703
-29.30316925048828,90.41488647460938,21.187957763671875
-29.40337371826172,90.44833374023438,21.226455688476562
-29.42736053466797,90.44477844238281,21.053512573242188
-29.376380920410156,90.45439147949219,21.105682373046875
-29.357261657714844,90.58882141113281,21.16021728515625
-29.43022918701172,90.60231018066406,21.22528839111328
-29.425743103027344,90.454833984375,21.24517059326172
-29.31743621826172,90.44476318359375,21.090408325195312
-29.243186950683594,90.34199523925781,21.040061950683594
-29.374549865722656,90.38313293457031,21.119369506835938
-29.372154235839844,90.39569091796875,21.00952911376953
-29.282737731933594,90.56715393066406,21.067794799804688
-29.23896026611328,90.71673583984375,21.17443084716797
-29.200965881347656,90.66935729980469,21.288330078125
-29.247047424316406,90.71583557128906,21.333404541015625
-29.25666046142578,90.67300415039062,21.28923797607422
-29.364112854003906,90.6116943359375,21.34613800048828
-29.339988708496094,90.54275512695312,21.36682891845703
-29.274986267089844,90.58656311035156,21.39978790283203
-29.242820739746094,90.5145263671875,21.475914001464844
-29.308555603027344,90.49356079101562,21.65601348876953
-29.394920349121094,90.33821105957031,21.528846740722656
-29.365089416503906,90.22908020019531,21.41327667236328
-29.357383728027344,90.19038391113281,21.38764190673828
-29.309410095214844,90.23707580566406,21.376564025878906
-29.38233184814453,90.35734558105469,21.352523803710938
-29.413047790527344,90.43205261230469,21.45477294921875
-29.37065887451172,90.46214294433594,21.330299377441406
-29.441062927246094,90.35324096679688,21.354026794433594
-29.48711395263672,90.33233642578125,21.324424743652344
-29.497840881347656,90.44973754882812,21.46007537841797
-29.516075134277344,90.48994445800781,21.368026733398438
-29.60413360595703,90.47064208984375,21.32958984375
-29.768150329589844,90.5169677734375,21.293373107910156
-29.65935516357422,90.43605041503906,21.216690063476562
-29.70348358154297,90.55990600585938,21.232215881347656
-29.615089416503906,90.55294799804688,21.19556427001953
-29.576637268066406,90.57186889648438,21.18597412109375
-29.395973205566406,90.5179443359375,21.140243530273438
-29.276039123535156,90.49632263183594,21.199798583984375
-29.08643341064453,90.44221496582031,21.341270446777344
-28.998329162597656,90.47978210449219,21.45513916015625
-28.89826202392578,90.43754577636719,21.446060180664062
-28.794029235839844,90.53456115722656,21.35883331298828
-28.93785858154297,90.61387634277344,21.35059356689453
-28.890281677246094,90.51583862304688,21.35382080078125
-29.045738220214844,90.50999450683594,21.35405731201172
-29.28095245361328,90.53861999511719,21.506431579589844
-29.777137756347656,90.69908142089844,21.472915649414062
-30.387351989746094,90.66049194335938,21.245567321777344
-30.90039825439453,90.73202514648438,21.05194854736328
-31.01404571533203,90.80580139160156,20.909011840820312
-31.24506378173828,90.87232971191406,20.90534210205078
-31.131736755371094,91.05023193359375,20.77802276611328
-31.055885314941406,91.21783447265625,20.676162719726562
-30.776283264160156,91.16372680664062,20.839279174804688
-30.582252502441406,91.08094787597656,20.841896057128906
-30.51073455810547,91.14762878417969,20.78924560546875
-30.78258514404297,91.32350158691406,20.720901489257812
-31.24744415283203,91.42901611328125,20.638580322265625
-32.09642791748047,91.55712890625,20.410240173339844
-33.145774841308594,91.66775512695312,19.9527587890625
-34.308555603027344,91.91339111328125,19.779869079589844
-35.429161071777344,92.11067199707031,19.42998504638672
-36.551231384277344,92.25398254394531,19.02698516845703
-37.77159881591797,92.40171813964844,18.43677520751953
-39.36547088623047,92.55136108398438,17.629684448242188
-41.15123748779297,92.69938659667969,16.98883056640625
-43.253273010253906,92.85891723632812,15.830764770507812
-45.428550720214844,93.03678894042969,14.564369201660156
-47.75505828857422,93.24993896484375,12.943206787109375
-49.791542053222656,93.53143310546875,11.109451293945312
-51.837608337402344,93.79971313476562,9.358680725097656
-53.77617645263672,94.01026916503906,7.490928649902344
-55.395835876464844,94.24287414550781,5.6990814208984375
-56.954124450683594,94.33930969238281,3.843780517578125
-58.382835388183594,94.3743896484375,2.38604736328125
-59.54265594482422,94.1639404296875,0.92431640625
-60.58948516845703,93.80184936523438,-0.1640472412109375
-61.792762756347656,93.24009704589844,-0.9324798583984375
-62.856178283691406,92.3626708984375,-1.3317718505859375
-63.788902282714844,91.39846801757812,-1.4199371337890625
-64.75530242919922,90.40097045898438,-1.3072967529296875
-65.65811920166016,89.23721313476562,-0.983489990234375
-66.4285659790039,87.95095825195312,-0.300994873046875
-66.94258880615234,86.80281066894531,0.7227325439453125
-67.15692901611328,85.47097778320312,1.9552154541015625
-67.28145599365234,84.16764831542969,3.346710205078125
-67.23332977294922,82.70556640625,4.898162841796875
-67.2563247680664,81.24102783203125,6.5688934326171875
-67.2148666381836,79.52830505371094,8.2481689453125
-66.9328384399414,77.88081359863281,9.600761413574219
-66.65924835205078,76.33673095703125,11.133689880371094
-66.36194610595703,74.79191589355469,12.495849609375
-65.89408111572266,73.53724670410156,13.762191772460938
-65.28771209716797,72.42472839355469,15.017425537109375
-64.6117172241211,71.27220153808594,16.213958740234375
-63.908287048339844,70.39189147949219,17.297035217285156
-63.15375518798828,69.66265106201172,18.030899047851562
-62.54747772216797,69.16764068603516,18.734268188476562
-62.139976501464844,68.9091567993164,19.125259399414062
-61.793006896972656,68.65426635742188,19.497901916503906
-61.43122100830078,68.33295440673828,20.067108154296875
-60.84137725830078,67.80445861816406,20.829391479492188
-59.970985412597656,67.01765441894531,21.50804901123047
-59.178001403808594,66.1524429321289,22.328445434570312
-58.42987823486328,65.19389343261719,22.936279296875
-57.72675323486328,64.31785583496094,23.519371032714844
-57.017066955566406,63.75239562988281,24.004905700683594
-56.51483917236328,63.437904357910156,24.320167541503906
-56.30010223388672,63.35039520263672,24.554351806640625
-56.048866271972656,63.16822052001953,24.817153930664062
-55.676658630371094,63.04383087158203,25.102561950683594
-55.383995056152344,63.03234100341797,25.287033081054688
-55.24897003173828,63.08702087402344,25.21924591064453
-55.094337463378906,62.94109344482422,25.385818481445312
-54.68639373779297,62.940399169921875,25.687240600585938
-54.18041229248047,62.837181091308594,25.821701049804688
-53.77410125732422,62.65186309814453,26.178970336914062
-53.13886260986328,62.572357177734375,26.5902099609375
-52.66608428955078,62.226417541503906,26.96599578857422
-52.108497619628906,61.72679901123047,27.279747009277344
-51.44654083251953,61.32423400878906,27.73876953125
-51.030860900878906,61.033958435058594,27.870361328125
-50.705101013183594,60.796592712402344,28.056602478027344
-50.308311462402344,60.25392150878906,28.16088104248047
-50.16136932373047,59.74291229248047,28.41295623779297
-50.028404235839844,59.037010192871094,28.434608459472656
-49.88959503173828,58.41411590576172,28.569244384765625
-49.90094757080078,57.7061767578125,28.902244567871094
-49.92389678955078,57.00385284423828,29.074501037597656
-49.908851623535156,56.39507293701172,29.080703735351562
-49.92095184326172,55.72920227050781,28.97736358642578
-50.114463806152344,54.966392517089844,28.925201416015625
-50.277015686035156,54.20465087890625,28.78246307373047
-50.60265350341797,53.42311096191406,28.441001892089844
-50.790000915527344,53.154457092285156,28.246932983398438
-50.80425262451172,53.15167999267578,28.1983642578125
-50.747718811035156,53.30723571777344,28.107070922851562
-50.93901824951172,53.46775817871094,28.02745819091797
-51.12012481689453,53.611900329589844,28.057418823242188
-51.351036071777344,53.71195983886719,28.025245666503906
-51.481544494628906,53.630645751953125,28.004478454589844
-51.606712341308594,53.317298889160156,27.902481079101562
-51.69129180908203,52.786102294921875,27.83667755126953
-51.785316467285156,52.34840393066406,27.673194885253906
-51.829002380371094,51.89704132080078,27.415328979492188
-51.992103576660156,51.61186981201172,27.269882202148438
-52.108665466308594,51.70409393310547,27.217124938964844
-52.243309020996094,51.990203857421875,27.137664794921875
-52.48377227783203,52.48095703125,27.11090087890625
-52.47692108154297,52.943023681640625,26.92267608642578
-52.758018493652344,53.45220184326172,26.80010223388672
-52.866615295410156,53.77722930908203,26.774803161621094
-53.035423278808594,53.96326446533203,26.464141845703125
-53.41905975341797,54.2073974609375,26.417869567871094
-53.70964813232422,54.467308044433594,26.43177032470703
-54.057334899902344,54.47608947753906,26.39087677001953
-54.444297790527344,54.53961181640625,26.304275512695312
-54.966209411621094,54.583961486816406,26.142967224121094
-55.341407775878906,54.736289978027344,25.981842041015625
-55.671607971191406,55.049903869628906,25.921844482421875
-55.936317443847656,55.641929626464844,25.863693237304688
-56.34076690673828,56.530067443847656,25.851776123046875
-56.79442596435547,57.54753112792969,25.92137908935547
-57.34636688232422,58.61302947998047,25.86180877685547
-57.80663299560547,59.61054992675781,25.85852813720703
-58.507591247558594,60.613128662109375,25.76361083984375
-59.253868103027344,61.59282684326172,25.775604248046875
-59.931541442871094,62.490867614746094,25.594558715820312
-59.796241760253906,63.24913787841797,25.42516326904297
-57.44446563720703,63.487953186035156,25.386703491210938
-52.34374237060547,60.81060791015625,25.736976623535156
-46.64952850341797,53.0301513671875,27.040130615234375
-42.505699157714844,42.204551696777344,29.762351989746094
-39.293052673339844,33.43157958984375,33.80522918701172
-35.91864776611328,27.862709045410156,38.63041687011719
-32.26964569091797,24.675765991210938,42.98639678955078
-29.35686492919922,23.035903930664062,46.44334411621094
-27.173988342285156,22.196128845214844,48.454345703125
-25.87042999267578,21.66509246826172,49.51941680908203
-25.05297088623047,21.1248779296875,49.946510314941406
-24.508705139160156,20.467987060546875,50.09864044189453
-23.66735076904297,19.782135009765625,50.495140075683594
-22.604591369628906,18.984886169433594,50.89618682861328
-21.212890625,18.012191772460938,51.485252380371094
-19.669952392578125,16.88750457763672,51.76103210449219
-18.172317504882812,15.528549194335938,51.95745086669922
-16.93426513671875,14.365036010742188,51.811729431152344
-15.888031005859375,13.199020385742188,51.59966278076172
-15.131263732910156,12.664329528808594,51.34214782714844
-14.46337890625,12.571060180664062,51.22307586669922
-13.583663940429688,12.806716918945312,51.216094970703125
-12.571563720703125,13.435295104980469,51.167213439941406
-11.77166748046875,13.974647521972656,51.11576843261719
-11.089981079101562,14.362411499023438,51.0931396484375
-10.39990234375,14.472282409667969,51.03111267089844
-10.063774108886719,14.351524353027344,51.072105407714844
-9.648155212402344,14.338058471679688,51.251060485839844
-9.218360900878906,14.363548278808594,51.30479431152344
-8.678390502929688,14.350921630859375,51.371673583984375
-7.901329040527344,14.443138122558594,51.683128356933594
-7.032615661621094,14.704177856445312,51.744842529296875
-6.0491485595703125,14.993408203125,51.86994171142578
-4.930305480957031,15.367774963378906,51.881858825683594
-3.962188720703125,15.726127624511719,51.96894073486328
-2.9976043701171875,15.988632202148438,51.94317626953125
-2.0825576782226562,16.493736267089844,51.936492919921875
-1.2492294311523438,16.913780212402344,51.76927185058594
-0.451324462890625,17.366180419921875,51.90037536621094
0.2304840087890625,17.611297607421875,52.01848602294922
0.919952392578125,17.792373657226562,51.899574279785156
1.3495864868164062,17.933799743652344,51.758216857910156
1.6955337524414062,18.176895141601562,51.747276306152344
1.9487991333007812,18.402267456054688,51.48015594482422
2.1399688720703125,18.48003387451172,51.321800231933594
2.4033126831054688,18.725494384765625,51.24853515625
2.6967315673828125,19.210281372070312,51.129783630371094
2.9679641723632812,19.68791961669922,50.9930419921875
3.2491607666015625,20.307769775390625,50.768577575683594
3.5182876586914062,20.911598205566406,50.44799041748047
3.5921554565429688,21.377029418945312,50.2650146484375
3.6466827392578125,21.707534790039062,50.077125549316406
3.6586761474609375,21.878936767578125,50.07891082763672
3.4303741455078125,21.96526336669922,49.924827575683594
3.246826171875,21.833511352539062,49.863800048828125
3.0069427490234375,21.73676300048828,49.984832763671875
2.7712173461914062,21.488258361816406,49.982887268066406
2.5919418334960938,21.220054626464844,50.11573028564453
2.516021728515625,21.061668395996094,50.31011962890625
2.48529052734375,20.881431579589844,50.480987548828125
2.6589889526367188,20.758956909179688,50.54142761230469
2.7674636840820312,20.821800231933594,50.380271911621094
2.8648529052734375,20.92449188232422,50.361793518066406
2.833343505859375,21.166351318359375,50.40516662597656
2.73248291015625,21.27336883544922,50.4306640625
2.4751205444335938,21.283737182617188,50.5067138671875
2.35919189453125,21.15100860595703,50.57416534423828
2.1151275634765625,20.91449737548828,50.5037841796875
1.7972946166992188,20.404518127441406,50.54901123046875
1.5755462646484375,19.67247772216797,50.558074951171875
1.219818115234375,19.04851531982422,50.815277099609375
0.7139434814453125,18.11931610107422,51.121665954589844
0.10381317138671875,17.350662231445312,51.626991271972656
-0.5018386840820312,16.495819091796875,51.938804626464844
-0.945465087890625,15.6737060546875,52.20265197753906
-1.5560989379882812,14.918502807617188,52.401512145996094
-1.9869384765625,14.521316528320312,52.40669250488281
-2.3084716796875,14.364463806152344,52.45866394042969
-2.6701812744140625,14.376007080078125,52.47259521484375
-2.8721771240234375,14.699371337890625,52.48628234863281
-2.8586349487304688,15.047332763671875,52.29436492919922
-2.8318023681640625,15.28363037109375,52.30493927001953
-2.6613311767578125,15.445091247558594,52.318260192871094
-2.5454177856445312,15.499313354492188,52.23448181152344
-2.5293045043945312,15.509979248046875,52.246337890625
-2.460235595703125,15.394096374511719,52.151466369628906
-2.613983154296875,15.220100402832031,52.22344970703125
-2.9034500122070312,14.978424072265625,52.25712585449219
-3.186859130859375,14.696540832519531,52.300636291503906
-3.4141693115234375,14.25653076171875,52.34326934814453
-3.33062744140625,13.923362731933594,52.29658508300781
-3.3707199096679688,13.702537536621094,52.37230682373047
-3.3857650756835938,13.402931213378906,52.36028289794922
-3.4328460693359375,13.284172058105469,52.44059753417969
-3.5380630493164062,13.243865966796875,52.525047302246094
-3.6554718017578125,13.259170532226562,52.5018310546875
-3.9039230346679688,13.258010864257812,52.52412414550781
-4.187431335449219,13.267692565917969,52.518165588378906
-4.6451263427734375,13.30999755859375,52.47699737548828
-5.165596008300781,13.332832336425781,52.48616027832031
-5.737968444824219,13.419486999511719,52.57847595214844
-6.2271575927734375,13.481605529785156,52.59514617919922
-6.652748107910156,13.518028259277344,52.44139862060547
-7.089385986328125,13.581146240234375,52.46581268310547
-7.4392852783203125,13.608840942382812,52.482826232910156
-7.986518859863281,13.561004638671875,52.426475524902344
-8.691154479980469,13.680488586425781,52.15447998046875
-9.474433898925781,13.619781494140625,51.84550476074219
-10.28448486328125,13.698722839355469,51.71704864501953
-11.303642272949219,13.556221008300781,51.36567687988281
-12.266883850097656,13.34783935546875,51.16896057128906
-13.335174560546875,13.078453063964844,51.13853454589844
-14.2637939453125,12.729209899902344,51.02049255371094
-15.4173583984375,12.290870666503906,51.00819396972656
-16.480545043945312,12.029899597167969,50.754241943359375
-17.6300048828125,11.716835021972656,50.62614440917969
-18.710647583007812,11.554092407226562,50.32365417480469
-19.8935546875,11.299049377441406,49.81829071044922
-21.02666473388672,10.785850524902344,49.29059600830078
-22.175247192382812,10.428871154785156,48.779075622558594
-23.07941436767578,9.827644348144531,48.48884582519531
-24.00371551513672,9.251472473144531,48.10320281982422
-24.715492248535156,8.621658325195312,47.847923278808594
-25.181678771972656,8.164649963378906,47.56353759765625
-25.70250701904297,7.9194183349609375,47.286705017089844
-26.018394470214844,7.6731414794921875,46.86708068847656
-26.30608367919922,7.621490478515625,46.72235870361328
-26.59685516357422,7.585968017578125,46.745635986328125
-26.59685516357422,7.585968017578125,46.745635986328125
-26.832542419433594,6.656116485595703,46.854827880859375
-27.048912048339844,6.303821563720703,46.62420654296875
-27.353660583496094,6.106403350830078,46.42185974121094
-27.635276794433594,6.132587432861328,46.185211181640625
-27.936500549316406,6.461483001708984,45.93971252441406
-28.21320343017578,6.769458770751953,45.89429473876953
-28.29314422607422,7.2454071044921875,45.710594177246094
-28.581321716308594,7.74224853515625,45.54729461669922
-29.02452850341797,8.0938720703125,45.40223693847656
-29.02452850341797,8.0938720703125,45.40223693847656
-29.475563049316406,8.503082275390625,44.946441650390625
-29.984535217285156,8.785209655761719,44.52980041503906
-30.537391662597656,8.907470703125,44.051734924316406
-30.93488311767578,8.886161804199219,43.773101806640625
-31.414512634277344,8.755287170410156,43.49547576904297
-31.789695739746094,8.601615905761719,43.35309600830078
-32.134986877441406,8.534774780273438,43.27424621582031
-32.31401824951172,8.65399169921875,43.051490783691406
-32.411476135253906,8.756210327148438,43.008697509765625
-32.376136779785156,8.890312194824219,43.15550994873047
-32.52338409423828,8.911796569824219,42.905670166015625
-32.720619201660156,8.989349365234375,42.77345275878906
-32.853111267089844,9.226783752441406,42.59776306152344
-32.805885314941406,9.599876403808594,42.315635681152344
-33.075416564941406,9.995681762695312,42.108673095703125
-33.23430633544922,10.438087463378906,41.78107452392578
-33.44715118408203,11.071273803710938,41.534881591796875
-33.517311096191406,11.940132141113281,41.299034118652344
-33.66309356689453,12.975944519042969,40.937950134277344
-34.07263946533203,14.143119812011719,40.21846008300781
-34.346473693847656,15.100357055664062,39.31102752685547
-34.82941436767578,15.941719055175781,38.535072326660156
-35.057228088378906,16.433639526367188,38.18358612060547
-35.131752014160156,16.90691375732422,38.18585205078125
-34.84844207763672,17.451629638671875,38.498924255371094
-34.40868377685547,18.016754150390625,38.479949951171875
-33.74921417236328,18.96422576904297,38.5589599609375
-32.848350524902344,20.161964416503906,38.714263916015625
-32.009422302246094,21.30988311767578,38.84882354736328
-31.07518768310547,22.412208557128906,39.01356506347656
-30.243797302246094,23.728225708007812,39.088829040527344
-29.47661590576172,24.923866271972656,38.92572784423828
-28.745582580566406,26.19084930419922,38.569618225097656
-27.80493927001953,27.31427764892578,38.367210388183594
-26.768089294433594,28.40247344970703,38.38934326171875
-25.69628143310547,29.25244903564453,38.342369079589844
-24.448219299316406,30.207962036132812,38.46125793457031
-23.202430725097656,30.905555725097656,38.558128356933594
-21.98053741455078,31.624534606933594,38.76458740234375
-20.819313049316406,32.353294372558594,38.78993225097656
-19.669715881347656,33.036643981933594,38.92395782470703
-18.540565490722656,33.71282958984375,38.84087371826172
-17.467620849609375,34.38585662841797,38.7242431640625
-16.279876708984375,34.91587829589844,38.666015625
-15.29345703125,35.522216796875,38.47394561767578
-14.328956604003906,36.027496337890625,38.45624542236328
-13.433219909667969,36.481544494628906,38.4046630859375
-12.548530578613281,36.88079071044922,38.2655029296875
-11.698699951171875,37.213134765625,38.15435791015625
-11.042991638183594,37.53923797607422,37.95264434814453
-10.562950134277344,37.93926239013672,37.670677185058594
-10.121498107910156,38.28947448730469,37.32225799560547
-9.6080322265625,38.77043151855469,36.972381591796875
-8.890739440917969,39.32902526855469,36.48780822753906
-8.551872253417969,39.693359375,36.203399658203125
-8.262870788574219,39.919212341308594,36.121734619140625
-7.843742370605469,39.921730041503906,36.085060119628906
-7.463890075683594,40.00358581542969,36.07166290283203
-7.083824157714844,39.931671142578125,36.20294189453125
-6.5069580078125,39.82977294921875,36.49590301513672
-5.833961486816406,39.88783264160156,36.55645751953125
-5.3923187255859375,39.7880859375,36.58110809326172
-4.86163330078125,39.691436767578125,36.689422607421875
-4.5200653076171875,39.803367614746094,36.811012268066406
-4.189697265625,39.717384338378906,36.70561218261719
-3.957061767578125,39.634559631347656,36.74211883544922
-3.748199462890625,39.55754089355469,36.878387451171875
-3.5695648193359375,39.44422912597656,37.23601531982422
-3.2137451171875,39.19123840332031,37.58977508544922
-3.0715713500976562,38.966087341308594,38.008384704589844
-2.903778076171875,38.729095458984375,38.20143127441406
-2.75140380859375,38.72747039794922,38.48078155517578
-2.5739364624023438,38.61824035644531,38.70515441894531
-2.41693115234375,38.57252502441406,38.89991760253906
-2.3365707397460938,38.345703125,39.000343322753906
-2.1436080932617188,38.14453125,39.21116638183594
-2.0627288818359375,37.97265625,39.472084045410156
-1.9874801635742188,37.78392791748047,39.63728332519531
-2.1023788452148438,37.660484313964844,39.889320373535156
-2.0957183837890625,37.562049865722656,40.01367950439453
-2.1161346435546875,37.35176086425781,40.035377502441406
-2.0650634765625,37.29496765136719,40.019676208496094
-1.8817138671875,37.08262634277344,40.03155517578125
-1.8634109497070312,37.01570129394531,40.170021057128906
-1.9856796264648438,36.79438781738281,40.448516845703125
-2.1203689575195312,36.476097106933594,40.69145965576172
-2.1183853149414062,36.14862060546875,41.05058288574219
-1.8863677978515625,35.852996826171875,41.417335510253906
-1.666961669921875,35.665863037109375,41.439971923828125
-1.38037109375,35.64131164550781,41.27178192138672
-1.0571136474609375,35.71208953857422,41.16252136230469
-0.8843536376953125,35.61724853515625,41.25959014892578
-0.69329833984375,35.61640930175781,41.30724334716797
-0.5881271362304688,35.51256561279297,41.38385772705078
-0.41962432861328125,35.39373779296875,41.537017822265625
-0.313323974609375,35.42278289794922,41.502052307128906
-0.27056884765625,35.424713134765625,41.42792510986328
-0.1851348876953125,35.416358947753906,41.309722900390625
-0.20491790771484375,35.57794189453125,41.289703369140625
-0.1799774169921875,35.64945983886719,41.23393249511719
-0.22730255126953125,35.661773681640625,41.35496520996094
-0.2835235595703125,35.64922332763672,41.50299835205078
-0.1963958740234375,35.487091064453125,41.54926300048828
-0.26593780517578125,35.506813049316406,41.43138885498047
-0.18903350830078125,35.56031036376953,41.28050231933594
-0.169769287109375,35.609130859375,41.28398132324219
-0.36071014404296875,35.61589813232422,41.29639434814453
-0.21178436279296875,35.53340148925781,41.34944152832031
-0.21482086181640625,35.559600830078125,41.540802001953125
-0.2576751708984375,35.63551330566406,41.617225646972656
-0.2161102294921875,35.69703674316406,41.54132080078125
-0.268096923828125,35.69615173339844,41.400299072265625
-0.1934051513671875,35.7615966796875,41.2930908203125
-0.18415069580078125,35.71393585205078,41.24116516113281
-0.17414093017578125,35.68126678466797,41.268524169921875
-0.13167572021484375,35.75132751464844,41.393577575683594
-0.0950164794921875,35.67505645751953,41.45989990234375
-0.072265625,35.60723876953125,41.482177734375
-0.199249267578125,35.593116760253906,41.42382049560547
-0.2280426025390625,35.59455108642578,41.26422119140625
-0.12920379638671875,35.62684631347656,41.338539123535156
-0.22580718994140625,35.73267364501953,41.404998779296875
-0.251983642578125,35.72767639160156,41.29595947265625
-0.22936248779296875,35.69891357421875,41.24443817138672
-0.28543853759765625,35.48597717285156,41.255645751953125
-0.30751800537109375,35.50895690917969,41.40155029296875
-0.446929931640625,35.497169494628906,41.440696716308594
-0.45682525634765625,35.47216796875,41.395782470703125
-0.36856842041015625,35.583595275878906,41.19072723388672
-0.3259429931640625,35.60414123535156,41.11175537109375
-0.32678985595703125,35.589111328125,41.113075256347656
-0.30859375,35.616851806640625,41.29100799560547
-0.2338104248046875,35.65045928955078,41.39783477783203
-0.12850189208984375,35.69403076171875,41.321502685546875
-0.1849822998046875,35.612327575683594,41.31608581542969
-0.17156982421875,35.485633850097656,41.27400207519531
-0.2223663330078125,35.52722930908203,41.241668701171875
-0.26092529296875,35.60584259033203,41.12603759765625
-0.26410675048828125,35.63885498046875,41.15404510498047
-0.22470855712890625,35.55274200439453,41.122535705566406
-0.2102813720703125,35.45807647705078,41.223655700683594
-0.22086334228515625,35.60173797607422,41.506439208984375
-0.17978668212890625,35.57676696777344,41.49275207519531
-0.0797271728515625,35.50794982910156,41.321937561035156
-0.03730010986328125,35.579734802246094,41.256011962890625
-0.05657958984375,35.63874053955078,41.434959411621094
-0.15769195556640625,35.60393524169922,41.78661346435547
-0.24250030517578125,35.72724914550781,41.88005828857422
-0.2751922607421875,35.762237548828125,41.898338317871094
-0.24271392822265625,35.782859802246094,41.84154510498047
-0.22803497314453125,35.731109619140625,41.747825622558594
-0.18790435791015625,35.74981689453125,41.72001647949219
-0.182220458984375,35.75885772705078,41.77337646484375
-0.31764984130859375,35.73167419433594,41.712135314941406
-0.364044189453125,35.76045227050781,41.49921417236328
-0.39066314697265625,35.78691101074219,41.33124542236328
-0.22805023193359375,35.72277069091797,41.248497009277344
-0.24288177490234375,35.763526916503906,41.41450500488281
-0.310028076171875,35.88385772705078,41.46159362792969
-0.352386474609375,35.73481750488281,41.36244201660156
-0.3170013427734375,35.686317443847656,41.32395935058594
-0.25518035888671875,35.67347717285156,41.291770935058594
-0.22350311279296875,35.722389221191406,41.34119415283203
-0.28514862060546875,35.72339630126953,41.51866149902344
-0.287322998046875,35.72234344482422,41.51074981689453
-0.2588958740234375,35.704345703125,41.5977783203125
-0.36936187744140625,35.84166717529297,41.48774719238281
-0.22441864013671875,35.788978576660156,41.548744201660156
-0.26848602294921875,35.756752014160156,41.59541320800781
-0.29000091552734375,35.63715362548828,41.725502014160156
-0.24286651611328125,35.61382293701172,41.77307891845703
-0.26392364501953125,35.71210479736328,41.77848815917969
-0.27264404296875,35.73518371582031,41.79212951660156
-0.35271453857421875,35.74029541015625,41.643638610839844
-0.303497314453125,35.728309631347656,41.61341857910156
-0.2443389892578125,35.77385711669922,41.58534240722656
-0.25408935546875,35.642616271972656,41.57203674316406
-0.30855560302734375,35.63005828857422,41.596168518066406
-0.3917694091796875,35.655845642089844,41.5472412109375
-0.3549346923828125,35.805442810058594,41.579490661621094
-0.388580322265625,35.88117980957031,41.607627868652344
-0.3107757568359375,35.92353057861328,41.61137390136719
-0.2248382568359375,35.877532958984375,41.56903839111328
-0.33748626708984375,35.843292236328125,41.60234832763672
-0.3387451171875,35.893333435058594,41.562400817871094
-0.38468170166015625,35.927146911621094,41.63622283935547
-0.37613677978515625,35.84174346923828,41.68572235107422
-0.32867431640625,35.90617370605469,41.699249267578125
-0.125274658203125,35.8736572265625,41.75981140136719
-0.10451507568359375,35.88500213623047,41.649070739746094
-0.13904571533203125,35.845428466796875,41.755104064941406
0.03484344482421875,35.910179138183594,41.66254425048828
0.03033447265625,35.99873352050781,41.605064392089844
-0.077117919921875,35.92118835449219,41.62286376953125
-0.15335845947265625,35.890357971191406,41.673423767089844
-0.19055938720703125,35.87445831298828,41.74851989746094
-0.153900146484375,35.825721740722656,41.70698547363281
-0.06295013427734375,35.75800323486328,41.74603271484375
-0.24930572509765625,35.838172912597656,41.84538269042969
-0.28609466552734375,35.898475646972656,41.75988006591797
-0.29659271240234375,35.87879180908203,41.64910125732422
-0.2671051025390625,35.882347106933594,41.5823974609375
-0.2562255859375,35.9173583984375,41.34113311767578
-0.263763427734375,35.85038757324219,41.312889099121094
-0.2924652099609375,35.82532501220703,41.272254943847656
-0.1016082763671875,35.74696350097656,41.416114807128906
-0.07352447509765625,35.68988037109375,41.41719055175781
0.0195159912109375,35.7598876953125,41.49589538574219
0.01537322998046875,35.89038848876953,41.61555480957031
-0.0071563720703125,35.90350341796875,41.55882263183594
-0.08512115478515625,35.922691345214844,41.563819885253906
-0.193695068359375,35.879364013671875,41.56133270263672
-0.23873138427734375,35.73535919189453,41.609718322753906
-0.24384307861328125,35.75623321533203,41.59576416015625
-0.28961181640625,35.791221618652344,41.627227783203125
-0.2324371337890625,35.79911804199219,41.589263916015625
-0.17240142822265625,35.99988555908203,41.54395294189453
-0.1179962158203125,36.01203155517578,41.53184509277344
-0.03572845458984375,36.008697509765625,41.56121063232422
0.04976654052734375,35.93153381347656,41.569847106933594
0.00724029541015625,35.863441467285156,41.65803527832031
0.01438140869140625,35.763763427734375,41.67021942138672
0.02600860595703125,35.69409942626953,41.666297912597656
-0.06351470947265625,35.83580780029297,41.781044006347656
-0.2214813232421875,35.853790283203125,41.74762725830078
-0.26776885986328125,35.872032165527344,41.992706298828125
-0.11681365966796875,35.95310974121094,42.04719543457031
-0.238555908203125,36.048362731933594,41.98307800292969
-0.269683837890625,36.059173583984375,41.892608642578125
-0.28586578369140625,36.159645080566406,41.97291564941406
-0.12335968017578125,36.027137756347656,41.96929931640625
0.0075225830078125,36.014678955078125,42.029335021972656
0.0135345458984375,35.93531036376953,41.849403381347656
-0.10767364501953125,35.923622131347656,41.71437072753906
-0.1454620361328125,35.8656005859375,41.77143859863281
-0.16974639892578125,35.851478576660156,41.712615966796875
-0.26786041259765625,35.82582092285156,41.648406982421875
-0.08660888671875,35.8653564453125,41.424774169921875
-0.05352783203125,35.8421630859375,41.322853088378906
-0.129791259765625,35.903160095214844,41.32489776611328
-0.1743316650390625,35.92760467529297,41.3441162109375
-0.19986724853515625,35.89622497558594,41.53535461425781
-0.202911376953125,35.88874816894531,41.480262756347656
-0.232086181640625,35.89323425292969,41.50598907470703
-0.234405517578125,35.86992645263672,41.65460205078125
-0.26677703857421875,35.89704895019531,41.66807556152344
-0.29637908935546875,35.86393737792969,41.857215881347656
-0.2075958251953125,35.99652099609375,41.84148406982422
-0.178009033203125,35.975990295410156,42.01966857910156
-0.27942657470703125,35.946197509765625,42.033424377441406
-0.2986297607421875,35.95849609375,42.038002014160156
-0.3826904296875,35.95384216308594,41.8814697265625
-0.4019927978515625,35.8568115234375,41.935035705566406
-0.40676116943359375,35.87229919433594,41.902008056640625
-0.3671875,35.817657470703125,41.985328674316406
-0.2828369140625,35.797889709472656,42.029457092285156
-0.1954345703125,35.73101043701172,41.918357849121094
-0.12712860107421875,35.69121551513672,41.865081787109375
-0.038238525390625,35.59562683105469,41.90111541748047
0.14115142822265625,35.609039306640625,41.758522033691406
0.06868743896484375,35.57325744628906,41.691200256347656
0.10324859619140625,35.64276885986328,41.71893310546875
-0.0503387451171875,35.72265625,41.73540496826172
-0.0476226806640625,35.690574645996094,41.71880340576172
0.035858154296875,35.772377014160156,41.69781494140625
0.11820220947265625,35.688026428222656,41.73091125488281
0.20067596435546875,35.764617919921875,41.684814453125
0.250030517578125,35.78864288330078,41.716766357421875
0.20121002197265625,35.655426025390625,41.655845642089844
0.2070465087890625,35.750099182128906,41.669647216796875
0.04991912841796875,35.67706298828125,41.705833435058594
0.06333160400390625,35.542808532714844,41.78047180175781
-0.00853729248046875,35.606483459472656,41.74859619140625
-0.02507781982421875,35.65380096435547,41.78723907470703
-0.11544036865234375,35.75006103515625,41.64324188232422
-0.13968658447265625,35.64588928222656,41.64228820800781
-0.0603485107421875,35.66413879394531,41.60162353515625
-0.00243377685546875,35.624305725097656,41.588623046875
-0.10790252685546875,35.65264129638672,41.44114685058594
-0.11983489990234375,35.58332061767578,41.287261962890625
-0.09393310546875,35.52020263671875,41.267295837402344
-0.13942718505859375,35.46257781982422,41.329078674316406
-0.25191497802734375,35.62396240234375,41.503204345703125
-0.27066802978515625,35.727378845214844,41.680633544921875
-0.28128814697265625,35.787803649902344,41.58747863769531
-0.27004241943359375,35.732200622558594,41.507225036621094
-0.30585479736328125,35.85990905761719,41.471702575683594
-0.331390380859375,35.74176788330078,41.450599670410156
-0.21796417236328125,35.768218994140625,41.272796630859375
-0.29854583740234375,35.652862548828125,41.258018493652344
-0.39048004150390625,35.61320495605469,41.403358459472656
-0.37551116943359375,35.572792053222656,41.39289855957031
-0.400146484375,35.660247802734375,41.40301513671875
-0.37850189208984375,35.73155212402344,41.520774841308594
-0.2783355712890625,35.750587463378906,41.60162353515625
-0.233245849609375,35.721893310546875,41.47710418701172
-0.2976531982421875,35.682716369628906,41.32703399658203
-0.31542205810546875,35.76641845703125,41.404502868652344
-0.312255859375,35.716575622558594,41.54766082763672
-0.39925384521484375,35.58418273925781,41.55943298339844
-0.414154052734375,35.577972412109375,41.60169982910156
-0.242431640625,35.67662811279297,41.62622833251953
-0.27191925048828125,35.71702575683594,41.62421417236328
-0.26451873779296875,35.593116760253906,41.61296844482422
-0.25029754638671875,35.64606475830078,41.719696044921875
-0.31403350830078125,35.693359375,41.706871032714844
-0.4066009521484375,35.70245361328125,41.556793212890625
-0.4205780029296875,35.731842041015625,41.58277130126953
-0.38988494873046875,35.67186737060547,41.46330261230469
-0.5283126831054688,35.536468505859375,41.38140106201172
-0.6154251098632812,35.487884521484375,41.461181640625
-0.629486083984375,35.427162170410156,41.459503173828125
-0.635101318359375,35.50811004638672,41.45295715332031
-0.5719833374023438,35.60786437988281,41.40742492675781
-0.4831085205078125,35.74932098388672,41.47618103027344
-0.33990478515625,35.72474670410156,41.502174377441406
-0.1222686767578125,35.71094512939453,41.553932189941406
-0.2009429931640625,35.613365173339844,41.616477966308594
-0.24463653564453125,35.53428649902344,41.7459716796875
-0.33246612548828125,35.44068145751953,41.69354248046875
-0.34918212890625,35.50267028808594,41.738525390625
-0.334197998046875,35.59973907470703,41.796875
-0.35498809814453125,35.66168212890625,41.761627197265625
-0.14145660400390625,35.66545867919922,41.59666442871094
-0.1730499267578125,35.587913513183594,41.63337707519531
-0.162872314453125,35.58959197998047,41.56105041503906
-0.19194793701171875,35.62212371826172,41.46043395996094
-0.24001312255859375,35.64805603027344,41.533241271972656
-0.19660186767578125,35.58116149902344,41.72322082519531
-0.33449554443359375,35.547035217285156,41.66632843017578
-0.33409881591796875,35.45891571044922,41.567283630371094
-0.3330078125,35.445770263671875,41.538047790527344
-0.31853485107421875,35.61083221435547,41.52630615234375
-0.3411865234375,35.726539611816406,41.592445373535156
-0.36449432373046875,35.73615264892578,41.58330535888672
-0.41515350341796875,35.71025085449219,41.49036407470703
-0.259033203125,35.634483337402344,41.41014862060547
-0.2617645263671875,35.48443603515625,41.54717254638672
-0.22442626953125,35.564666748046875,41.582176208496094
-0.1905517578125,35.555030822753906,41.60124969482422
-0.11347198486328125,35.736358642578125,41.698585510253906
0.0189056396484375,35.780517578125,41.717620849609375
0.06894683837890625,35.780296325683594,41.66088104248047
0.028167724609375,35.750946044921875,41.580284118652344
-0.10645294189453125,35.717674255371094,41.68726348876953
-0.22118377685546875,35.728912353515625,41.73954772949219
-0.10345458984375,35.59886169433594,41.697044372558594
-0.14943695068359375,35.733497619628906,41.731224060058594
0.001434326171875,35.69024658203125,41.745811462402344
-0.03304290771484375,35.60186767578125,41.699066162109375
-0.12970733642578125,35.554046630859375,41.65672302246094
-0.1555328369140625,35.531524658203125,41.500823974609375
-0.1555328369140625,35.531524658203125,41.500823974609375
-0.19753265380859375,35.55354309082031,41.57427978515625
-0.208526611328125,35.67131805419922,41.6185302734375
-0.22295379638671875,35.570579528808594,41.58660125732422
-0.24764251708984375,35.60493469238281,41.609413146972656
-0.1253814697265625,35.608863830566406,41.54505920410156
0.01556396484375,35.70995330810547,41.67963409423828
0.04730224609375,35.67558288574219,41.78742218017578
0.02153778076171875,35.648216247558594,41.743858337402344
0.01798248291015625,35.48346710205078,41.73278045654297
0.0834808349609375,35.52898406982422,41.777442932128906
-0.00046539306640625,35.4061279296875,41.713645935058594
-0.104949951171875,35.323768615722656,41.883338928222656
-0.1130523681640625,35.331932067871094,41.750091552734375
-0.05471038818359375,35.297607421875,41.820762634277344
-0.0462493896484375,35.29022979736328,41.79358673095703
-0.07917022705078125,35.43531799316406,41.69708251953125
-0.0645294189453125,35.43443298339844,41.648658752441406
-0.05236053466796875,35.38550567626953,41.59424591064453
0.06835174560546875,35.399208068847656,41.55741882324219
0.0549774169921875,35.59691619873047,41.616920471191406
0.09635162353515625,35.698524475097656,41.612037658691406
0.0400238037109375,35.75377655029297,41.52245330810547
0.02820587158203125,35.717201232910156,41.52191162109375
-0.00116729736328125,35.69000244140625,41.609031677246094
0.0885162353515625,35.674591064453125,41.544952392578125
0.025970458984375,35.66222381591797,41.518516540527344
0.0736541748046875,35.64692687988281,41.516265869140625
0.0344085693359375,35.628623962402344,41.572540283203125
0.00974273681640625,35.58671569824219,41.645423889160156
0.06610107421875,35.597755432128906,41.62007141113281
0.1191253662109375,35.72923278808594,41.391876220703125
0.12152099609375,35.68797302246094,41.256813049316406
0.0768280029296875,35.86238098144531,41.337120056152344
0.0388641357421875,35.87010955810547,41.55731964111328
0.00048828125,35.79199981689453,41.566917419433594
0.0305023193359375,35.70857238769531,41.55387878417969
-0.06258392333984375,35.729095458984375,41.575294494628906
-0.23528289794921875,35.750587463378906,41.595916748046875
-0.3827056884765625,35.76026153564453,41.57599639892578
-0.28216552734375,35.89280700683594,41.610321044921875
-0.0931396484375,35.83265686035156,41.561622619628906
-0.15177154541015625,35.83379364013672,41.52606201171875
-0.2559356689453125,35.74201965332031,41.65678405761719
-0.22265625,35.69605255126953,41.741371154785156
-0.13312530517578125,35.675086975097656,41.72949981689453
-0.2048797607421875,35.66625213623047,41.68806457519531
-0.24959564208984375,35.8604736328125,41.87921142578125
-0.12823486328125,35.81196594238281,41.73017883300781
-0.2596435546875,35.709869384765625,41.717994689941406
-0.2471160888671875,35.778900146484375,41.75566101074219
-0.27198028564453125,35.79875946044922,41.71873474121094
-0.3897857666015625,35.798675537109375,41.79852294921875
-0.34722137451171875,35.705322265625,41.77239990234375
-0.41573333740234375,35.676536560058594,41.699119567871094
-0.42218780517578125,35.73363494873047,41.587806701660156
-0.40750885009765625,35.693817138671875,41.510101318359375
-0.3131103515625,35.62103271484375,41.413787841796875
-0.334381103515625,35.63678741455078,41.65418243408203
-0.27649688720703125,35.52738952636719,41.76720428466797
-0.1907196044921875,35.42547607421875,41.797149658203125
-0.23297119140625,35.34062957763672,41.72846984863281
-0.29042816162109375,35.33861541748047,41.761817932128906
-0.34455108642578125,35.40544128417969,41.677703857421875
-0.291900634765625,35.4554443359375,41.56817626953125
-0.16487884521484375,35.377044677734375,41.556488037109375
0.0421295166015625,35.32744598388672,41.467872619628906
0.11357879638671875,35.43110656738281,41.460235595703125
0.079071044921875,35.5198974609375,41.52849578857422
0.02893829345703125,35.440589904785156,41.706871032714844
0.0444488525390625,35.43963623046875,41.62700653076172
-0.05553436279296875,35.425071716308594,41.46746063232422
-0.07428741455078125,35.470924377441406,41.426048278808594
-0.134185791015625,35.433982849121094,41.55567169189453
-0.0689239501953125,35.49354553222656,41.55266571044922
0.0609130859375,35.443695068359375,41.52660369873047
0.05846405029296875,35.386131286621094,41.560546875
-0.13323211669921875,35.465606689453125,41.58403015136719
-0.25048065185546875,35.425010681152344,41.552001953125
-0.24533843994140625,35.4564208984375,41.53532409667969
-0.32790374755859375,35.438995361328125,41.61231231689453
-0.38539886474609375,35.35906982421875,41.52943420410156
-0.34220123291015625,35.32860565185547,41.498573303222656
-0.34627532958984375,35.28680419921875,41.41456604003906
-0.32833099365234375,35.33888244628906,41.54435729980469
-0.2494964599609375,35.43370056152344,41.699485778808594
-0.2136077880859375,35.455162048339844,41.639678955078125
-0.23809051513671875,35.46117401123047,41.61003112792969
-0.28449249267578125,35.4603271484375,41.62120819091797
-0.39244842529296875,35.46549987792969,41.62196350097656
-0.24945068359375,35.41693115234375,41.63714599609375
-0.0884857177734375,35.575355529785156,41.593284606933594
-0.050537109375,35.45307922363281,41.59040069580078
-0.13530731201171875,35.36400604248047,41.58985137939453
-0.13842010498046875,35.39044952392578,41.53369140625
-0.15296173095703125,35.469093322753906,41.60157775878906
-0.21079254150390625,35.5989990234375,41.61743927001953
-0.2561187744140625,35.527008056640625,41.4263916015625
-0.24016571044921875,35.47516632080078,41.55882263183594
-0.27214813232421875,35.510040283203125,41.53407287597656
-0.26413726806640625,35.488380432128906,41.49163055419922
-0.2521514892578125,35.44733428955078,41.28375244140625
-0.27008819580078125,35.518096923828125,41.38196563720703
-0.35721588134765625,35.68681335449219,41.418792724609375
-0.4111480712890625,35.64966583251953,41.41559600830078
-0.5116119384765625,35.652130126953125,41.377418518066406
-0.3986053466796875,35.572792053222656,41.300498962402344
-0.42311859130859375,35.54474639892578,41.394378662109375
-0.3472442626953125,35.456443786621094,41.43147277832031
-0.383056640625,35.43199920654297,41.457618713378906
-0.26749420166015625,35.597412109375,41.444480895996094
-0.3072509765625,35.64897918701172,41.445640563964844
-0.2258758544921875,35.636627197265625,41.47808074951172
-0.21295928955078125,35.57133483886719,41.331268310546875
-0.25335693359375,35.46660614013672,41.437522888183594
-0.23552703857421875,35.54890441894531,41.484954833984375
-0.26959228515625,35.70252227783203,41.59013366699219
-0.3807220458984375,35.76155090332031,41.555320739746094
-0.39752960205078125,35.71289825439453,41.60332489013672
-0.44879150390625,35.682273864746094,41.562538146972656
-0.518280029296875,35.687835693359375,41.55193328857422
-0.5743026733398438,35.77867126464844,41.65208435058594
-0.55914306640625,35.696258544921875,41.67912292480469
-0.536865234375,35.68714141845703,41.5721435546875
-0.49518585205078125,35.63768768310547,41.53241729736328
-0.7642288208007812,35.648643493652344,41.623191833496094
-0.9047088623046875,35.58905029296875,41.84153747558594
-1.0766983032226562,35.59312438964844,41.910621643066406
-1.508514404296875,35.725677490234375,41.7613525390625
-2.1440048217773438,35.68986511230469,41.773345947265625
-2.7383270263671875,35.65242004394531,41.65399169921875
-3.1669921875,35.53828430175781,41.456138610839844
-3.3686141967773438,35.50849151611328,41.31584930419922
-3.5752639770507812,35.558631896972656,41.221580505371094
-3.7302703857421875,35.656005859375,41.24834442138672
-3.656951904296875,35.799591064453125,41.180442810058594
-3.6710052490234375,35.77838134765625,41.29124450683594
-3.7692642211914062,35.78441619873047,41.22509002685547
-4.08551025390625,36.020668029785156,40.90336608886719
-4.6039581298828125,36.17182922363281,40.78285217285156
-5.27581787109375,36.44111633300781,40.583900451660156
-5.913948059082031,36.43513488769531,40.36370086669922
-6.845451354980469,36.57762145996094,40.06718444824219
-7.913352966308594,36.73783874511719,39.66234588623047
-9.450630187988281,36.90039825439453,39.26908874511719
-11.28271484375,37.07173156738281,38.48377990722656
-13.447998046875,37.20408630371094,37.471778869628906
-16.01305389404297,37.258262634277344,36.25970458984375
-18.583663940429688,37.60515594482422,34.80323028564453
-20.89611053466797,38.02227020263672,32.95488739013672
-23.221275329589844,38.602569580078125,30.840782165527344
-25.373130798339844,39.05889129638672,28.355751037597656
-27.42913055419922,39.52191925048828,25.790359497070312
-29.243690490722656,39.83673095703125,23.312950134277344
-30.81690216064453,40.043792724609375,20.731491088867188
-32.34290313720703,40.01006317138672,18.25817108154297
-33.934486389160156,39.677513122558594,16.078140258789062
-35.52820587158203,39.011558532714844,14.315849304199219
-37.04041290283203,38.30139923095703,12.749320983886719
-38.30792999267578,37.52336883544922,11.668609619140625
-39.367942810058594,36.68128967285156,10.867134094238281
-40.231056213378906,35.89027404785156,10.460182189941406
-40.920433044433594,34.92169952392578,10.530967712402344
-41.49390411376953,34.18659973144531,10.727272033691406
-41.818031311035156,33.369285583496094,11.163307189941406
-42.163429260253906,32.61228942871094,12.118385314941406
-42.32111358642578,31.60094451904297,13.423248291015625
-42.65373992919922,30.584617614746094,15.067100524902344
-42.662498474121094,29.696815490722656,16.53447723388672
-42.73485565185547,28.877593994140625,17.91643524169922
-42.633705139160156,28.006248474121094,19.427391052246094
-42.545066833496094,27.162673950195312,21.08722686767578
-42.289100646972656,26.513534545898438,22.70093536376953
-41.82457733154297,26.02362823486328,23.88225555419922
-41.260108947753906,25.529281616210938,25.207725524902344
-40.80670928955078,25.184959411621094,26.334426879882812
-40.291847229003906,25.10277557373047,27.11383819580078
-39.878150939941406,25.15929412841797,27.683753967285156
-39.499717712402344,25.06512451171875,28.369468688964844
-39.07379913330078,24.967735290527344,29.018333435058594
-38.68126678466797,24.93975067138672,29.64763641357422
-38.30699920654297,24.938804626464844,30.24590301513672
-37.751182556152344,24.983787536621094,30.870895385742188
-37.077842712402344,25.06554412841797,31.462234497070312
-36.485679626464844,25.130447387695312,32.17198181152344
-35.88928985595703,25.043838500976562,32.95726013183594
-35.33263397216797,24.883407592773438,33.619468688964844
-34.969444274902344,24.626968383789062,34.11665344238281
-34.565528869628906,24.27068328857422,34.70629119873047
-34.26093292236328,23.895736694335938,35.22911834716797
-33.853477478027344,23.507240295410156,35.82988739013672
-33.375877380371094,23.17005157470703,36.62317657470703
-32.825477600097656,22.859420776367188,37.42584228515625
-32.026527404785156,22.627197265625,38.091529846191406
-31.52935028076172,22.555084228515625,38.65312194824219
-31.14891815185547,22.478073120117188,38.99029541015625
-30.966148376464844,22.41082763671875,39.11286163330078
-30.850135803222656,22.395828247070312,39.16944122314453
-31.061622619628906,22.29253387451172,39.04206085205078
-31.15778350830078,22.18895721435547,38.951255798339844
-31.201744079589844,22.06969451904297,39.031700134277344
-31.13665008544922,21.954452514648438,39.25182342529297
-30.699623107910156,21.820350646972656,39.66132354736328
-30.26604461669922,21.63707733154297,40.236045837402344
-29.95563507080078,21.3436279296875,40.692100524902344
-29.695762634277344,21.054580688476562,40.892913818359375
-29.629798889160156,20.91246795654297,41.03429412841797
-29.56713104248047,20.736167907714844,41.09992980957031
-29.634666442871094,20.631271362304688,41.11775207519531
-29.74144744873047,20.66363525390625,41.03204345703125
-29.921958923339844,20.673263549804688,40.86188507080078
-30.07386016845703,20.84905242919922,40.637359619140625
-30.267112731933594,20.908584594726562,40.34589385986328
-30.62877655029297,20.813644409179688,40.095314025878906
-30.747230529785156,20.67949676513672,39.98375701904297
-30.77904510498047,20.46844482421875,39.896446228027344
-30.81029510498047,20.229766845703125,39.90135192871094
-30.890357971191406,20.226776123046875,40.082550048828125
-30.801475524902344,20.299789428710938,40.141746520996094
-30.47148895263672,20.478431701660156,40.41680145263672
-29.94971466064453,20.74205780029297,40.543663024902344
-29.442832946777344,21.20384979248047,40.80474853515625
-28.797264099121094,21.72142791748047,41.020408630371094
-28.045387268066406,22.204551696777344,41.387908935546875
-27.424095153808594,22.712249755859375,41.65294647216797
-26.48186492919922,23.136741638183594,41.998985290527344
-25.599952697753906,23.644676208496094,42.40418243408203
-24.63359832763672,24.078529357910156,42.71123504638672
-23.760292053222656,24.26020050048828,43.071372985839844
-22.72541046142578,24.54967498779297,43.404815673828125
-21.88848114013672,24.679183959960938,43.68882751464844
-20.942947387695312,24.540672302246094,44.125892639160156
-20.136444091796875,24.419517517089844,44.56233215332031
-19.233444213867188,24.186904907226562,44.91987609863281
-18.316864013671875,24.189926147460938,45.43199157714844
-17.574676513671875,24.16168975830078,45.917152404785156
-16.85943603515625,24.120521545410156,46.25200653076172
-16.013046264648438,24.052894592285156,46.447242736816406
-15.24072265625,24.050880432128906,46.623878479003906
-14.404640197753906,23.94335174560547,46.880096435546875
-13.560661315917969,23.96343994140625,46.98748779296875
-12.769096374511719,23.95215606689453,47.12934875488281
-11.921905517578125,24.006752014160156,47.38683319091797
-11.298194885253906,24.003158569335938,47.487220764160156
-10.567367553710938,24.024246215820312,47.65110778808594
-9.755538940429688,23.893043518066406,48.094032287597656
-9.071495056152344,23.77007293701172,48.38599395751953
-8.570869445800781,23.597244262695312,48.57959747314453
-8.103340148925781,23.375343322753906,48.682029724121094
-7.638397216796875,23.151268005371094,48.83946228027344
-7.170204162597656,22.93219757080078,48.98162841796875
-6.8369293212890625,22.599082946777344,49.225982666015625
-6.499458312988281,22.359710693359375,49.23295593261719
-6.128456115722656,22.152198791503906,49.40825653076172
-5.786445617675781,21.739273071289062,49.53349304199219
-5.477729797363281,21.374679565429688,49.570289611816406
-5.1388397216796875,21.050025939941406,49.713722229003906
-4.814720153808594,20.863075256347656,50.026710510253906
-4.5417022705078125,20.59990692138672,50.21357727050781
-4.2719268798828125,20.2662353515625,50.478607177734375
-4.022804260253906,19.988731384277344,50.661109924316406
-3.8459854125976562,19.75708770751953,50.79149627685547
-3.8169631958007812,19.541763305664062,51.02964782714844
-3.780609130859375,19.424407958984375,51.2296142578125
-3.7047348022460938,19.12701416015625,51.349037170410156
-3.8812103271484375,18.772232055664062,51.44285583496094
-4.0015411376953125,18.387741088867188,51.46484375
-4.096885681152344,18.042083740234375,51.65631103515625
-4.2015838623046875,17.771446228027344,51.653221130371094
-4.303565979003906,17.37139892578125,51.81910705566406
-4.333740234375,17.156036376953125,51.806175231933594
-4.495292663574219,16.98851776123047,51.75244140625
-4.6383056640625,16.893020629882812,51.751609802246094
-4.821525573730469,16.871322631835938,51.62432098388672
-4.954780578613281,16.98651885986328,51.63343811035156
-5.2192230224609375,17.156387329101562,51.5509033203125
-5.475761413574219,17.19165802001953,51.50518798828125
-5.89642333984375,17.17681884765625,51.41973876953125
-6.14752197265625,17.143516540527344,51.28265380859375
-6.566078186035156,17.042579650878906,51.27467346191406
-6.931251525878906,16.939361572265625,51.22240447998047
-7.2207794189453125,16.80402374267578,51.23542022705078
-7.334388732910156,16.631439208984375,51.20155334472656
-7.4699554443359375,16.717437744140625,51.2030029296875
-7.521553039550781,16.721588134765625,51.24322509765625
-7.6740570068359375,16.974388122558594,51.064552307128906
-7.7937164306640625,17.222702026367188,51.03247833251953
-7.9477996826171875,17.377052307128906,51.072547912597656
-8.131050109863281,17.53777313232422,50.9771728515625
-8.167564392089844,17.58172607421875,50.89056396484375
-8.144432067871094,17.492294311523438,50.742652893066406
-8.390762329101562,17.462142944335938,50.80079650878906
-8.583580017089844,17.444984436035156,50.8966064453125
-8.779563903808594,17.396240234375,50.85667419433594
-8.809280395507812,17.36138916015625,50.91796875
-8.835296630859375,17.399986267089844,50.98344421386719
-8.870941162109375,17.526519775390625,50.89794921875
-9.033157348632812,17.494430541992188,50.895660400390625
-9.037986755371094,17.55522918701172,50.86512756347656
-9.265769958496094,17.418434143066406,50.79777526855469
-9.351142883300781,17.39752197265625,50.70921325683594
-9.363685607910156,17.44568634033203,50.73511505126953
-9.400505065917969,17.367019653320312,50.84654235839844
-9.348808288574219,17.33051300048828,50.78180694580078
-9.336029052734375,17.321067810058594,50.75225067138672
-9.35089111328125,17.330169677734375,50.79542541503906
-9.388336181640625,17.432106018066406,50.83185577392578
-9.393814086914062,17.430015563964844,50.904014587402344
-9.455833435058594,17.35193634033203,50.887535095214844
-9.557243347167969,17.41210174560547,51.1171875
-9.571128845214844,17.53730010986328,51.148109436035156
-9.588310241699219,17.58606719970703,51.01594543457031
-9.501602172851562,17.8006591796875,51.032386779785156
-9.552871704101562,17.933509826660156,50.99329376220703
-9.592063903808594,17.98432159423828,50.837684631347656
-9.568161010742188,17.94371795654297,50.75883483886719
-9.431724548339844,18.00440216064453,50.75023651123047
-9.518257141113281,17.996963500976562,50.67466735839844
-9.725975036621094,17.916351318359375,50.73023986816406
-9.851325988769531,17.757232666015625,50.74476623535156
-10.010719299316406,17.568626403808594,50.65283203125
-10.149032592773438,17.34125518798828,50.71141052246094
-10.333198547363281,17.067062377929688,50.74696350097656
-10.426406860351562,16.938125610351562,50.74603271484375
-10.721244812011719,16.78813934326172,50.732215881347656
-11.074562072753906,16.546302795410156,50.848411560058594
-11.327156066894531,16.35613250732422,50.89225769042969
-11.597381591796875,16.289939880371094,50.814903259277344
-11.870475769042969,16.122634887695312,50.797271728515625
-12.123039245605469,16.024070739746094,50.76891326904297
-12.396614074707031,15.985466003417969,50.47737121582031
-12.722084045410156,15.807762145996094,50.265785217285156
-13.045150756835938,15.648025512695312,50.243934631347656
-13.285713195800781,15.746467590332031,50.15971374511719
-13.71490478515625,15.743949890136719,50.097877502441406
-13.896064758300781,15.710891723632812,50.05175018310547
-14.226982116699219,15.618621826171875,50.084205627441406
-14.514091491699219,15.670890808105469,49.981468200683594
-14.703094482421875,15.741050720214844,49.85673522949219
-14.764144897460938,15.83099365234375,49.5025634765625
-14.715476989746094,16.064849853515625,49.30668640136719
-14.797470092773438,16.283836364746094,49.27217102050781
-14.990829467773438,16.625503540039062,49.237144470214844
-15.061203002929688,16.908401489257812,49.26435089111328
-14.939201354980469,17.0938720703125,49.308807373046875
-14.947639465332031,17.212051391601562,49.57215881347656
-14.800163269042969,17.19805908203125,50.019134521484375
-14.677291870117188,17.17725372314453,50.58026123046875
-14.452529907226562,17.30364227294922,51.13019561767578
-14.043258666992188,17.415679931640625,51.94208526611328
-13.163978576660156,17.788528442382812,53.008583068847656
-12.230606079101562,18.472320556640625,54.31581115722656
-11.251022338867188,19.491195678710938,55.71611785888672
-10.447700500488281,21.026390075683594,57.09490966796875
-9.748497009277344,23.1416015625,58.46113586425781
-9.358436584472656,25.791908264160156,59.74427795410156
-9.192680358886719,28.89751434326172,60.705421447753906
-9.174842834472656,32.16468811035156,61.10319519042969
-9.636062622070312,35.25165557861328,60.83100128173828
-9.636062622070312,35.25165557861328,60.83100128173828
-10.433395385742188,37.791160583496094,59.87543487548828
-11.421089172363281,39.65857696533203,58.488975524902344
-12.396369934082031,40.723663330078125,57.00890350341797
-13.348197937011719,41.289703369140625,55.67730712890625
-14.254081726074219,41.54414367675781,54.468597412109375
-14.772895812988281,41.625640869140625,53.21868133544922
-15.200912475585938,41.37065124511719,52.147117614746094
-15.36883544921875,41.05512237548828,51.12384796142578
-15.47625732421875,40.34260559082031,49.70655059814453
-15.616203308105469,39.241294860839844,48.24461364746094
-15.714668273925781,37.798927307128906,46.61033630371094
-15.929092407226562,36.434791564941406,45.119483947753906
-16.179244995117188,35.55216979980469,43.96589660644531
-16.460044860839844,35.456024169921875,43.16869354248047
-16.725868225097656,36.442848205566406,43.026954650878906
-17.439064025878906,38.35023498535156,43.463417053222656
-18.445899963378906,40.67694854736328,44.40559387207031
-19.572845458984375,43.311279296875,45.590789794921875
-20.67652130126953,45.49236297607422,46.69477844238281
-21.8199462890625,46.980308532714844,47.462425231933594
-22.90979766845703,47.8642578125,47.763092041015625
-24.04047393798828,48.280601501464844,47.43879699707031
-25.27330780029297,47.984764099121094,46.542572021484375
-26.691139221191406,47.106346130371094,45.51643371582031
-28.463890075683594,46.12153625488281,44.18543243408203
-30.230201721191406,45.29936218261719,42.225067138671875
-31.97502899169922,45.875450134277344,39.83991241455078
-33.75145721435547,49.54352569580078,36.896507263183594
-37.694297790527344,57.64549255371094,33.52886199951172
-43.849327087402344,63.93727111816406,30.63360595703125
-47.383705139160156,63.81098175048828,29.09980010986328
-48.043495178222656,62.312530517578125,28.59881591796875
-48.22637176513672,61.95221710205078,28.315208435058594
-48.37505340576172,61.932464599609375,28.26586151123047
-48.67121124267578,61.86621856689453,28.229232788085938
-48.71001434326172,61.84135437011719,28.33636474609375
-48.755516052246094,61.778350830078125,28.399368286132812
-48.759498596191406,61.747047424316406,28.3876953125
-48.760765075683594,61.93351745605469,28.377891540527344
-48.780006408691406,62.221710205078125,28.324745178222656
-48.82691192626953,62.43390655517578,28.32917022705078
-48.720848083496094,62.5653076171875,28.340431213378906
-48.62670135498047,62.62275695800781,28.376319885253906
-48.567466735839844,62.54205322265625,28.388526916503906
-48.39025115966797,62.59052276611328,28.350967407226562
-48.04120635986328,62.50755310058594,28.47533416748047
-47.71302032470703,62.58686828613281,28.593177795410156
-47.30579376220703,62.673728942871094,28.75921630859375
-47.06200408935547,62.93489074707031,28.86052703857422
-46.70026397705078,63.40673828125,29.062454223632812
-46.20146942138672,64.00909423828125,29.062881469726562
-45.576011657714844,64.74119567871094,29.046844482421875
-44.90424346923828,65.61542510986328,29.08350372314453
-44.08306121826172,66.21107482910156,29.170005798339844
-43.20557403564453,66.7673110961914,29.29021453857422
-42.248313903808594,67.19265747070312,29.406875610351562
-41.17121124267578,67.64969635009766,29.57685089111328
-39.789710998535156,68.1487045288086,29.651161193847656
-38.282630920410156,68.9695053100586,29.745712280273438
-36.670005798339844,70.0123062133789,29.885055541992188
-34.87189483642578,71.05036926269531,29.713302612304688
-33.17377471923828,72.06907653808594,29.474349975585938
-31.68260955810547,72.92979431152344,29.26435089111328
-30.288734436035156,73.71891784667969,29.152114868164062
-29.053443908691406,74.16160583496094,28.86351776123047
-28.14690399169922,74.5682373046875,28.617347717285156
-27.426979064941406,74.57850646972656,28.643760681152344
-26.915855407714844,74.47581481933594,28.574172973632812
-26.551536560058594,74.21916198730469,28.531089782714844
-26.30573272705078,74.02239990234375,28.589073181152344
-26.038108825683594,73.82920837402344,28.63105010986328
-25.79926300048828,73.49424743652344,28.625465393066406
-25.52124786376953,73.1455078125,28.87816619873047
-25.24658966064453,72.89675903320312,29.087188720703125
-24.93347930908203,72.74386596679688,29.378799438476562
-24.604026794433594,72.62869262695312,29.43669891357422
-24.203819274902344,72.64352416992188,29.45673370361328
-24.027870178222656,72.74310302734375,29.50360107421875
-23.951499938964844,72.76333618164062,29.492103576660156
-23.840675354003906,72.89625549316406,29.44719696044922
-23.910194396972656,72.94709777832031,29.47437286376953
-23.92064666748047,72.95826721191406,29.493255615234375
-23.785423278808594,72.85604858398438,29.341957092285156
-23.62110137939453,72.78890991210938,29.446548461914062
-23.487953186035156,72.85386657714844,29.531333923339844
-23.325584411621094,72.79225158691406,29.3524169921875
-23.19280242919922,72.74728393554688,29.19239044189453
-23.11731719970703,72.79966735839844,29.08106231689453
-23.31652069091797,72.96621704101562,29.03734588623047
-23.575782775878906,72.91520690917969,29.124229431152344
-23.70191192626953,73.02792358398438,29.125137329101562
-23.914894104003906,73.16755676269531,29.1953125
-24.074363708496094,73.34220886230469,29.179344177246094
-24.19072723388672,73.38325500488281,29.290199279785156
-24.32007598876953,73.57676696777344,29.32415008544922
-24.53856658935547,73.64945983886719,29.290847778320312
-24.72930145263672,73.71336364746094,29.287094116210938
-24.910423278808594,73.95755004882812,29.197853088378906
-25.11669158935547,74.325439453125,29.05115509033203
-25.103172302246094,74.75035095214844,28.894920349121094
-25.334815979003906,75.31504821777344,28.564369201660156
-25.69092559814453,75.95318603515625,28.34478759765625
-25.86388397216797,76.46195983886719,27.980140686035156
-26.296104431152344,76.81100463867188,27.8162841796875
-26.90526580810547,76.97483825683594,27.775482177734375
-27.29320526123047,76.99588012695312,27.687599182128906
-27.55127716064453,76.90321350097656,27.840927124023438
-27.86005401611328,76.69418334960938,27.838668823242188
-27.987510681152344,76.7362060546875,27.776077270507812
-28.283973693847656,76.72587585449219,27.585418701171875
-28.69135284423828,76.8546142578125,27.671096801757812
-28.927467346191406,76.91703796386719,27.822410583496094
-29.200477600097656,76.80032348632812,27.871864318847656
-29.33692169189453,76.64413452148438,27.962234497070312
-29.361473083496094,76.39991760253906,28.08867645263672
-29.565208435058594,76.06507873535156,28.29901885986328
-29.711509704589844,75.74765014648438,28.578018188476562
-29.73125457763672,75.19497680664062,28.904251098632812
-29.78693389892578,74.64387512207031,29.127479553222656
-30.42182159423828,74.37709045410156,29.260520935058594
-31.15306854248047,74.05984497070312,29.2744140625
-31.983116149902344,73.94947814941406,28.951690673828125
-33.055335998535156,73.89505004882812,28.95024871826172
-34.40666961669922,73.87971496582031,28.918228149414062
-36.02869415283203,73.69320678710938,28.75328826904297
-37.59906768798828,73.46409606933594,28.61212921142578
-38.95771026611328,72.86276245117188,28.335891723632812
-40.22480010986328,72.25840759277344,28.315628051757812
-41.60602569580078,71.453125,28.363792419433594
-42.62049102783203,70.45779418945312,28.425247192382812
-43.46479034423828,69.56584930419922,28.3101806640625
-44.30445098876953,68.62086486816406,28.31261444091797
-45.14856719970703,67.54875183105469,28.195281982421875
-46.03504180908203,66.65644836425781,28.261573791503906
-46.869773864746094,65.9819564819336,28.10572052001953
-47.724464416503906,65.48799896240234,27.86809539794922
-48.410362243652344,65.44942474365234,27.831512451171875
-48.93401336669922,65.6125717163086,27.657012939453125
-49.152122497558594,65.59458923339844,27.567405700683594
-49.577064514160156,65.48015594482422,27.318153381347656
-50.08238983154297,65.4006576538086,27.11559295654297
-50.809043884277344,65.32535552978516,26.706077575683594
-51.554969787597656,65.55999755859375,26.34344482421875
-52.255287170410156,65.81649017333984,25.957969665527344
-52.90033721923828,66.24687957763672,25.53789520263672
-53.51940155029297,66.79084777832031,24.97956085205078
-54.051490783691406,67.72447204589844,24.445335388183594
-54.40050506591797,68.6395492553711,23.87096405029297
-54.748741149902344,69.54488372802734,23.41455841064453
-55.03998565673828,70.20793914794922,23.146446228027344
-55.334007263183594,71.06974792480469,22.758956909179688
-55.59668731689453,71.88356018066406,22.291053771972656
-55.96295928955078,72.723388671875,21.565689086914062
-56.46680450439453,73.69660949707031,20.81407928466797
-56.96038055419922,74.84788513183594,19.966796875
-57.10112762451172,76.32742309570312,18.903457641601562
-57.04729461669922,77.96827697753906,17.9649658203125
-56.83661651611328,79.39764404296875,17.113082885742188
-56.240943908691406,80.65885925292969,16.604110717773438
-55.488853454589844,81.55451965332031,16.510536193847656
-54.656822204589844,82.44155883789062,16.724395751953125
-53.668373107910156,82.99847412109375,16.756858825683594
-52.698829650878906,83.71917724609375,16.60858917236328
-51.755088806152344,84.39199829101562,16.490234375
-51.053382873535156,84.96099853515625,16.453392028808594
-50.82372283935547,85.38899230957031,16.24498748779297
-50.422706604003906,85.713623046875,16.16289520263672
-50.05852508544922,85.96392822265625,16.071273803710938
-49.68163299560547,86.18142700195312,16.323204040527344
-49.084205627441406,86.27041625976562,16.431907653808594
-48.13237762451172,86.23837280273438,16.785972595214844
-46.833152770996094,86.50204467773438,17.23992919921875
-45.515953063964844,86.81301879882812,17.50897216796875
-44.364952087402344,87.25814819335938,17.605445861816406
-43.24671173095703,87.50076293945312,17.508209228515625
-42.434730529785156,87.80978393554688,17.593353271484375
-41.86730194091797,88.0142822265625,17.724281311035156
-41.629539489746094,88.13021850585938,17.86107635498047
-41.27942657470703,88.41067504882812,17.870513916015625
-40.719825744628906,88.58462524414062,17.865768432617188
-40.29907989501953,88.84414672851562,17.67425537109375
-39.67833709716797,88.92347717285156,17.568336486816406
-39.071861267089844,89.06596374511719,17.452720642089844
-38.39777374267578,89.25379943847656,17.429847717285156
-38.00151824951172,89.54005432128906,17.502662658691406
-37.84931182861328,89.57722473144531,17.47571563720703
-37.620887756347656,89.69499206542969,17.349349975585938
-37.578636169433594,89.85430908203125,17.337669372558594
-37.450950622558594,89.99635314941406,17.160552978515625
-37.32654571533203,89.97810363769531,16.99791717529297
-37.137001037597656,90.03488159179688,16.858047485351562
-36.79674530029297,90.17509460449219,16.861968994140625
-36.51171112060547,90.21635437011719,16.759475708007812
-36.489830017089844,90.39073181152344,16.56554412841797
-36.38428497314453,90.45364379882812,16.419235229492188
-36.387413024902344,90.49978637695312,16.40233612060547
-36.35393524169922,90.56388854980469,16.251693725585938
-36.394447326660156,90.627197265625,16.10436248779297
-36.322776794433594,90.57011413574219,16.03832244873047
-35.923683166503906,90.21243286132812,16.399505615234375
-35.67920684814453,89.9439697265625,16.752914428710938
-35.325035095214844,89.685302734375,17.142929077148438
-35.14232635498047,89.52598571777344,17.411231994628906
-35.08747100830078,89.1390380859375,17.723129272460938
-35.143333435058594,88.66110229492188,17.98058319091797
-34.84276580810547,88.53248596191406,18.280242919921875
-34.281578063964844,88.46818542480469,18.334449768066406
-33.70166778564453,88.29618835449219,18.37908935546875
-33.37364959716797,88.41700744628906,18.44953155517578
-32.965538024902344,88.50482177734375,18.624366760253906
-32.427696228027344,88.56980895996094,18.65349578857422
-31.95885467529297,88.44775390625,18.664993286132812
-31.72783660888672,88.24151611328125,18.887252807617188
-31.41802215576172,88.04405212402344,19.074234008789062
-31.23571014404297,87.93827819824219,19.297828674316406
-31.01610565185547,87.85411071777344,19.436012268066406
-30.55475616455078,87.5167236328125,19.784706115722656
-30.19463348388672,86.98397827148438,20.229263305664062
-30.17790985107422,86.51576232910156,20.595069885253906
-30.569862365722656,86.28459167480469,20.673004150390625
-30.92938995361328,86.33113098144531,20.689781188964844
-30.99712371826172,86.41139221191406,20.661026000976562
-31.027442932128906,86.46905517578125,20.61064910888672
-31.05193328857422,86.3228759765625,20.446807861328125
-31.029457092285156,86.29367065429688,20.396377563476562
-30.90943145751953,86.40434265136719,20.22442626953125
-30.91992950439453,86.37342834472656,20.22490692138672
-30.745765686035156,86.41569519042969,20.254913330078125
-30.73126983642578,86.32565307617188,20.302452087402344
-30.697303771972656,86.2652587890625,20.44097137451172
-30.73981475830078,86.27276611328125,20.648162841796875
-30.74488067626953,86.19758605957031,20.54669952392578
-30.71050262451172,86.12380981445312,20.56805419921875
-30.57404327392578,86.27900695800781,20.55699920654297
-30.55150604248047,86.24742126464844,20.58782958984375
-30.62206268310547,86.32405090332031,20.423599243164062
-30.68805694580078,86.28436279296875,20.342819213867188
-30.72126007080078,86.22175598144531,20.420005798339844
-30.76807403564453,86.15028381347656,20.46631622314453
-30.891197204589844,86.2186279296875,20.67023468017578
-30.77623748779297,86.21286010742188,20.7308349609375
-30.74810028076172,86.21441650390625,20.598831176757812
-30.62494659423828,86.19490051269531,20.603797912597656
-30.643348693847656,86.12158203125,20.54259490966797
-30.64904022216797,86.09944152832031,20.65777587890625
-30.70610809326172,86.18235778808594,20.73131561279297
-30.618812561035156,86.13197326660156,20.69550323486328
-30.649208068847656,86.04376220703125,20.714385986328125
-30.846702575683594,86.01980590820312,20.858489990234375
-30.80445098876953,85.88182067871094,20.71820068359375
-30.83538055419922,85.95121765136719,20.768173217773438
-30.846107482910156,86.05343627929688,20.73912811279297
-30.73731231689453,86.16043090820312,20.66400909423828
-30.77550506591797,86.13502502441406,20.581771850585938
-30.58106231689453,86.19795227050781,20.414596557617188
-30.53264617919922,86.14173889160156,20.547203063964844
-30.583213806152344,86.294677734375,20.641387939453125
-30.73505401611328,86.3333740234375,20.63360595703125
-30.697593688964844,86.41432189941406,20.749557495117188
-30.836647033691406,86.41671752929688,20.849090576171875
-30.834373474121094,86.33369445800781,20.848220825195312
-30.828330993652344,86.3167724609375,20.851852416992188
-30.752037048339844,86.30113220214844,20.875869750976562
-30.748817443847656,86.43228149414062,20.721092224121094
-30.86109161376953,86.30415344238281,20.851730346679688
-30.79302215576172,86.3011474609375,20.83989715576172
-30.76599884033203,86.30342102050781,20.991622924804688
-30.864295959472656,86.41554260253906,20.93927001953125
-30.91472625732422,86.39128112792969,20.809066772460938
-30.84569549560547,86.44105529785156,20.848037719726562
-30.830543518066406,86.41372680664062,20.914268493652344
-30.836524963378906,86.46522521972656,20.976600646972656
-30.835655212402344,86.42550659179688,20.979446411132812
-30.82703399658203,86.37896728515625,21.0335693359375
-30.84473419189453,86.32795715332031,20.861618041992188
-30.85382843017578,86.20137023925781,20.976097106933594
-30.77178192138672,86.21653747558594,21.142745971679688
-30.78479766845703,86.38578796386719,21.209312438964844
-30.879310607910156,86.46086120605469,21.154052734375
-30.763938903808594,86.42086791992188,21.140899658203125
-30.699134826660156,86.50349426269531,21.019805908203125
-30.589454650878906,86.597412109375,21.049354553222656
-30.62352752685547,86.45118713378906,20.993392944335938
-30.601417541503906,86.45082092285156,21.089813232421875
-30.588844299316406,86.41244506835938,21.15228271484375
-30.607200622558594,86.29324340820312,21.05664825439453
-30.69440460205078,86.24105834960938,20.871986389160156
-30.782188415527344,86.17330932617188,20.85736083984375
-31.00408172607422,86.24014282226562,20.952011108398438
-30.922630310058594,86.25267028808594,20.989341735839844
-30.888084411621094,86.21394348144531,21.025009155273438
-30.80066680908203,86.23178100585938,21.00688934326172
-30.78331756591797,86.2447509765625,21.050460815429688
-30.956932067871094,86.14790344238281,20.858840942382812
-31.005638122558594,86.17431640625,20.811073303222656
-31.02558135986328,86.06065368652344,20.84478759765625
-30.790565490722656,86.15052795410156,20.84796142578125
-30.79369354248047,86.2012939453125,20.926055908203125
-30.774436950683594,86.38215637207031,21.01782989501953
-30.82611846923828,86.38238525390625,20.85736083984375
-30.866371154785156,86.41450500488281,20.85535430908203
-30.643348693847656,86.24899291992188,20.976943969726562
-30.64434051513672,86.19650268554688,20.997520446777344
-30.60492706298828,86.21762084960938,21.030372619628906
-30.645240783691406,86.18849182128906,20.866226196289062
-30.64875030517578,86.14915466308594,21.01940155029297
-30.854026794433594,86.27171325683594,20.976547241210938
-30.84020233154297,86.3153076171875,20.903846740722656
-30.794700622558594,86.30888366699219,20.91655731201172
-30.709449768066406,86.33900451660156,20.836158752441406
-30.725013732910156,86.28364562988281,20.820098876953125
-30.65184783935547,86.24296569824219,20.80816650390625
-30.679405212402344,86.32989501953125,20.817344665527344
-30.669410705566406,86.35787963867188,20.793968200683594
-30.75859832763672,86.26634216308594,20.87286376953125
-30.75104522705078,86.31336975097656,20.87413787841797
-30.798500061035156,86.37638854980469,20.942596435546875
-30.76288604736328,86.40361022949219,20.980918884277344
-30.78057098388672,86.42771911621094,21.004417419433594
-30.747581481933594,86.29135131835938,20.984031677246094
-30.733741760253906,86.33045959472656,20.892189025878906
-30.69995880126953,86.36009216308594,20.8084716796875
-30.695274353027344,86.43673706054688,20.871017456054688
-30.61589813232422,86.45370483398438,20.861663818359375
-30.611473083496094,86.216796875,20.871978759765625
-30.66687774658203,86.30755615234375,20.805252075195312
-30.67169952392578,86.33802795410156,20.719070434570312
-30.737144470214844,86.1641845703125,20.731666564941406
-30.68573760986328,86.20146179199219,20.74181365966797
-30.71076202392578,86.20002746582031,20.748382568359375
-30.734336853027344,86.18815612792969,20.626327514648438
-30.683433532714844,86.2127685546875,20.48175811767578
-30.70685577392578,86.29054260253906,20.534408569335938
-30.74146270751953,86.27923583984375,20.50945281982422
-30.891380310058594,86.15798950195312,20.630279541015625
-31.022987365722656,86.28384399414062,20.612747192382812
-31.02344512939453,86.33399963378906,20.60595703125
-30.961021423339844,86.21112060546875,20.422897338867188
-30.740501403808594,86.21708679199219,20.49890899658203
-30.70258331298828,86.30296325683594,20.499977111816406
-30.703346252441406,86.30967712402344,20.53333282470703
-30.68468475341797,86.30477905273438,20.498321533203125
-30.73175811767578,86.28767395019531,20.48400115966797
-30.77532196044922,86.44264221191406,20.39917755126953
-30.668052673339844,86.42529296875,20.428916931152344
-30.56342315673828,86.46612548828125,20.350547790527344
-30.618614196777344,86.56704711914062,20.3233642578125
-30.65326690673828,86.48631286621094,20.375900268554688
-30.87854766845703,86.41023254394531,20.35662078857422
-30.99689483642578,86.48068237304688,20.455162048339844
-30.984642028808594,86.40660095214844,20.565994262695312
-30.987388610839844,86.37425231933594,20.713821411132812
-30.94384002685547,86.41911315917969,20.832809448242188
-30.77428436279297,86.38005065917969,20.745643615722656
-30.75867462158203,86.41159057617188,20.662948608398438
-30.71399688720703,86.30076599121094,20.602767944335938
-30.71131134033203,86.42877197265625,20.65093994140625
-30.743568420410156,86.51148986816406,20.68053436279297
-30.70014190673828,86.50311279296875,20.688682556152344
-30.72974395751953,86.59080505371094,20.557327270507812
-30.87494659423828,86.56689453125,20.498435974121094
-30.87494659423828,86.56689453125,20.498435974121094
-30.836036682128906,86.56845092773438,20.587844848632812
-30.797508239746094,86.44392395019531,20.632545471191406
-30.783668518066406,86.48210144042969,20.62310791015625
-30.715248107910156,86.45986938476562,20.801803588867188
-30.58148956298828,86.39407348632812,20.8111572265625
-30.60161590576172,86.47288513183594,20.86639404296875
-30.71642303466797,86.51443481445312,20.730796813964844
-30.732948303222656,86.58682250976562,20.672073364257812
-30.717506408691406,86.49003601074219,20.661842346191406
-30.762779235839844,86.48672485351562,20.8179931640625
-30.724342346191406,86.49436950683594,20.837738037109375
-30.743980407714844,86.42938232421875,20.702293395996094
-30.82720184326172,86.47952270507812,20.549758911132812
-30.772727966308594,86.38221740722656,20.51030731201172
-30.79615020751953,86.3509521484375,20.654632568359375
-30.81024932861328,86.35946655273438,20.842178344726562
-30.815956115722656,86.40055847167969,20.89019012451172
-30.790870666503906,86.45396423339844,20.645401000976562
-30.82495880126953,86.43208312988281,20.510086059570312
-30.964805603027344,86.39530944824219,20.400436401367188
-31.10124969482422,86.36602783203125,20.356040954589844
-31.029884338378906,86.371337890625,20.387710571289062
-30.947853088378906,86.40180969238281,20.351043701171875
-30.77289581298828,86.32975769042969,20.322433471679688
-30.68457794189453,86.30093383789062,20.391937255859375
-30.82459259033203,86.35203552246094,20.326614379882812
-30.81659698486328,86.38003540039062,20.410057067871094
-30.937232971191406,86.44717407226562,20.390304565429688
-30.981224060058594,86.475341796875,20.39611053466797
-31.053733825683594,86.40586853027344,20.359359741210938
-31.02092742919922,86.4571533203125,20.470352172851562
-31.03540802001953,86.48750305175781,20.546607971191406
-31.06299591064453,86.29899597167969,20.500831604003906
-31.051841735839844,86.25141906738281,20.389320373535156
-30.981422424316406,86.15513610839844,20.315399169921875
-31.00885772705078,86.20845031738281,20.273208618164062
-31.041831970214844,86.36001586914062,20.21385955810547
-31.04419708251953,86.50856018066406,20.353469848632812
-30.98413848876953,86.40107727050781,20.381874084472656
-31.00402069091797,86.40635681152344,20.320945739746094
-30.943641662597656,86.46916198730469,20.224136352539062
-30.93354034423828,86.40251159667969,20.144874572753906
-30.88909149169922,86.43792724609375,20.060546875
-30.894676208496094,86.45220947265625,20.315818786621094
-30.77637481689453,86.46881103515625,20.36461639404297
-30.73786163330078,86.40191650390625,20.321426391601562
-30.771400451660156,86.43673706054688,20.224075317382812
-30.59294891357422,86.33995056152344,20.32989501953125
-30.55951690673828,86.21881103515625,20.35460662841797
-30.575599670410156,86.19447326660156,20.527877807617188
-30.65448760986328,86.1624755859375,20.42724609375
-30.65705108642578,86.20199584960938,20.407752990722656
-30.657127380371094,86.18893432617188,20.35962677001953
-30.861854553222656,86.06452941894531,20.530906677246094
-30.986839294433594,86.18583679199219,20.55689239501953
-30.963645935058594,86.1756591796875,20.4473876953125
-31.01464080810547,86.19670104980469,20.40380859375
-31.11383819580078,86.2227783203125,20.28221893310547
-31.15930938720703,86.15646362304688,20.168655395507812
-31.07520294189453,86.25775146484375,20.103729248046875
-31.070396423339844,86.35984802246094,20.081069946289062
-31.075523376464844,86.29063415527344,20.045242309570312
-31.03105926513672,86.33474731445312,20.10626983642578
-30.952171325683594,86.26081848144531,20.248001098632812
-30.82593536376953,86.3050537109375,20.324737548828125
-30.71257781982422,86.26541137695312,20.458145141601562
-30.745262145996094,86.30967712402344,20.38939666748047
-30.78199005126953,86.35360717773438,20.35059356689453
-30.74054718017578,86.35501098632812,20.21546173095703
-30.80583953857422,86.24855041503906,20.15882110595703
-30.81359100341797,86.21839904785156,20.184356689453125
-30.876258850097656,86.24044799804688,20.221961975097656
-30.902626037597656,86.17813110351562,20.22907257080078
-30.74224090576172,86.132080078125,20.26630401611328
-30.72039031982422,86.30101013183594,20.254684448242188
-30.74187469482422,86.27305603027344,20.197166442871094
-30.82013702392578,86.22792053222656,20.224441528320312
-30.963951110839844,86.2083740234375,20.33734893798828
-30.87287139892578,86.15760803222656,20.32196044921875
-30.91472625732422,86.27349853515625,20.35723876953125
-30.80419158935547,86.42440795898438,20.364707946777344
-30.719810485839844,86.28630065917969,20.23340606689453
-30.833763122558594,86.15902709960938,20.387001037597656
-30.82195281982422,86.18583679199219,20.401893615722656
-30.89446258544922,86.22282409667969,20.409156799316406
-30.900230407714844,86.22575378417969,20.41980743408203
-30.74956512451172,86.38679504394531,20.427101135253906
-30.825523376464844,86.45147705078125,20.385498046875
-30.82103729248047,86.40275573730469,20.445030212402344
-30.84886932373047,86.37380981445312,20.457122802734375
-30.977333068847656,86.21331787109375,20.495201110839844
-30.868873596191406,86.27769470214844,20.396133422851562
-30.78240203857422,86.25047302246094,20.413055419921875
-30.761268615722656,86.15715026855469,20.3858642578125
-30.73302459716797,86.12490844726562,20.31481170654297
-30.732200622558594,86.13545227050781,20.141342163085938
-30.711692810058594,86.14283752441406,20.108383178710938
-30.61469268798828,86.14408874511719,20.03803253173828
-30.670249938964844,86.126220703125,20.096832275390625
-30.73297882080078,86.11274719238281,20.134681701660156
-30.73284149169922,86.11695861816406,20.320816040039062
-30.747337341308594,86.19058227539062,20.349044799804688
-30.769447326660156,86.22108459472656,20.24431610107422
-30.691917419433594,86.18769836425781,20.228179931640625
-30.76911163330078,86.13864135742188,20.07330322265625
-30.894325256347656,86.21998596191406,20.040283203125
-31.019142150878906,86.32374572753906,20.29680633544922
-30.88275909423828,86.33998107910156,20.337608337402344
-30.842002868652344,86.31648254394531,20.35295867919922
-30.95989227294922,86.205078125,20.414260864257812
-30.847740173339844,86.20088195800781,20.306541442871094
-30.93724822998047,86.20663452148438,20.21710968017578
-30.945396423339844,86.3115234375,20.276390075683594
-30.75391387939453,86.30166625976562,20.482940673828125
-30.86748504638672,86.2103271484375,20.49439239501953
-30.86754608154297,86.41055297851562,20.37635040283203
-31.01752471923828,86.49081420898438,20.41754150390625
-31.065940856933594,86.53175354003906,20.41753387451172
-31.01689910888672,86.45156860351562,20.448455810546875
-31.025962829589844,86.43962097167969,20.479827880859375
-31.03704071044922,86.35540771484375,20.568161010742188
-30.939796447753906,86.3206787109375,20.47516632080078
-30.97431182861328,86.27992248535156,20.445098876953125
-31.02472686767578,86.41552734375,20.297828674316406
-30.971534729003906,86.51583862304688,20.152618408203125
-30.998451232910156,86.536865234375,20.127708435058594
-30.99822235107422,86.56217956542969,20.28277587890625
-30.962486267089844,86.49819946289062,20.293411254882812
-31.111244201660156,86.41748046875,20.508216857910156
-31.16645050048828,86.47248840332031,20.519424438476562
-31.134788513183594,86.57887268066406,20.495803833007812
-31.164146423339844,86.56474304199219,20.434982299804688
-31.168800354003906,86.58468627929688,20.4044189453125
-31.054481506347656,86.57188415527344,20.44927215576172
-30.99872589111328,86.60185241699219,20.481773376464844
-30.97850799560547,86.57901000976562,20.546859741210938
-30.98670196533203,86.71292114257812,20.573745727539062
-31.07312774658203,86.69970703125,20.561424255371094
-31.045372009277344,86.64407348632812,20.50371551513672
-31.039955139160156,86.57594299316406,20.507705688476562
-30.946311950683594,86.54443359375,20.50152587890625
-31.026710510253906,86.55967712402344,20.550018310546875
-31.017417907714844,86.56077575683594,20.53166961669922
-31.016075134277344,86.54978942871094,20.516395568847656
-30.964820861816406,86.56771850585938,20.61066436767578
-30.81671905517578,86.44526672363281,20.6016845703125
-30.839134216308594,86.29627990722656,20.691993713378906
-30.988075256347656,86.2685546875,20.664947509765625
-31.00861358642578,86.40400695800781,20.68885040283203
-31.024070739746094,86.34757995605469,20.55279541015625
-30.96276092529297,86.41618347167969,20.53497314453125
-30.830848693847656,86.38529968261719,20.53528594970703
-30.79576873779297,86.42437744140625,20.521812438964844
-30.74286651611328,86.50900268554688,20.5091552734375
-30.77283477783203,86.55110168457031,20.635475158691406
-30.96167755126953,86.54414367675781,20.656494140625
-30.85967254638672,86.54098510742188,20.416954040527344
-30.911705017089844,86.60647583007812,20.10948944091797
-30.872032165527344,86.63569641113281,19.98352813720703
-30.705848693847656,86.59071350097656,19.870391845703125
-30.77410125732422,86.58657836914062,19.95989990234375
-30.805747985839844,86.63063049316406,20.101089477539062
-30.82347869873047,86.69969177246094,20.335960388183594
-30.820167541503906,86.63642883300781,20.40862274169922
-30.80805206298828,86.55928039550781,20.36370849609375
-30.827491760253906,86.61604309082031,20.23377227783203
-31.00719451904297,86.630859375,20.212020874023438
-30.881858825683594,86.61004638671875,20.274681091308594
-31.014488220214844,86.59234619140625,20.339309692382812
-30.926307678222656,86.68855285644531,20.2919921875
-31.013389587402344,86.70137023925781,20.18206787109375
-31.00293731689453,86.56558227539062,20.116378784179688
-31.05780792236328,86.42642211914062,20.032371520996094
-31.06475067138672,86.46229553222656,20.166221618652344
-31.179039001464844,86.377685546875,20.366012573242188
-31.03081512451172,86.35087585449219,20.3936767578125
-31.06700897216797,86.45515441894531,20.535354614257812
-30.884925842285156,86.54936218261719,20.577651977539062
-30.81519317626953,86.53036499023438,20.505332946777344
-30.74425506591797,86.50202941894531,20.542396545410156
-30.80292510986328,86.47434997558594,20.528732299804688
-30.94261932373047,86.45875549316406,20.38690948486328
-30.88475799560547,86.49177551269531,20.368301391601562
-30.963661193847656,86.43556213378906,20.415061950683594
-30.874366760253906,86.47122192382812,20.48455047607422
-30.80603790283203,86.44160461425781,20.41425323486328
-30.83911895751953,86.45503234863281,20.35082244873047
-31.01763153076172,86.47908020019531,20.378196716308594
-30.992149353027344,86.4271240234375,20.517662048339844
-30.948585510253906,86.51777648925781,20.550155639648438
-30.83757781982422,86.50086975097656,20.36951446533203
-30.80132293701172,86.57965087890625,20.371017456054688
-30.72673797607422,86.57832336425781,20.405731201171875
-30.820701599121094,86.43803405761719,20.54224395751953
-30.951759338378906,86.42225646972656,20.463279724121094
-31.000755310058594,86.52555847167969,20.374603271484375
-31.07042694091797,86.67713928222656,20.33679962158203
-30.980674743652344,86.68339538574219,20.455825805664062
-30.93109893798828,86.60704040527344,20.41893768310547
-30.808799743652344,86.56407165527344,20.52918243408203
-30.815330505371094,86.57998657226562,20.53545379638672
-30.91400909423828,86.55294799804688,20.53087615966797
-30.927513122558594,86.56991577148438,20.38231658935547
-30.98529815673828,86.52792358398438,20.35979461669922
-30.99854278564453,86.67669677734375,20.195327758789062
-30.928245544433594,86.79280090332031,20.25872039794922
-30.886940002441406,86.78672790527344,20.40345001220703
-31.02135467529297,86.7471923828125,20.467742919921875
-30.98163604736328,86.74380493164062,20.351593017578125
-30.992713928222656,86.57789611816406,20.358489990234375
-31.060585021972656,86.61778259277344,20.482627868652344
-31.084312438964844,86.68669128417969,20.363441467285156
-31.073814392089844,86.71861267089844,20.33746337890625
-31.08466339111328,86.66358947753906,20.272262573242188
-31.066551208496094,86.61436462402344,20.147384643554688
-31.008766174316406,86.55743408203125,20.214385986328125
-31.049827575683594,86.55439758300781,20.31597137451172
-31.02350616455078,86.53070068359375,20.307518005371094
-30.97795867919922,86.55653381347656,20.2698974609375
-31.05463409423828,86.67094421386719,20.262481689453125
-30.97832489013672,86.59579467773438,20.12713623046875
-31.112022399902344,86.551513671875,20.183677673339844
-31.13298797607422,86.59544372558594,20.240966796875
-31.026145935058594,86.54287719726562,20.310897827148438
-31.07257843017578,86.48648071289062,20.38153839111328
-30.88243865966797,86.42410278320312,20.441757202148438
-30.91699981689453,86.40130615234375,20.360267639160156
-30.96973419189453,86.38519287109375,20.17346954345703
-31.00023651123047,86.39637756347656,20.124855041503906
-31.054100036621094,86.46310424804688,20.17395782470703
-30.887351989746094,86.48504638671875,20.32177734375
-30.86858367919922,86.44577026367188,20.508766174316406
-31.01079559326172,86.43063354492188,20.46794891357422
-30.93372344970703,86.43806457519531,20.544517517089844
-30.79241180419922,86.30889892578125,20.423912048339844
-30.896888732910156,86.43025207519531,20.285720825195312
-30.972434997558594,86.56854248046875,20.203514099121094
-30.960182189941406,86.64315795898438,20.316741943359375
-31.07012176513672,86.62773132324219,20.45965576171875
-31.178260803222656,86.64395141601562,20.487396240234375
-31.15428924560547,86.58352661132812,20.624176025390625
-31.07538604736328,86.62467956542969,20.785797119140625
-31.083534240722656,86.7225341796875,20.812103271484375
-31.072776794433594,86.64498901367188,20.809310913085938
-31.11626434326172,86.57742309570312,20.707046508789062
-31.22589874267578,86.41693115234375,20.739105224609375
-31.304237365722656,86.40274047851562,20.574554443359375
-31.23175811767578,86.44253540039062,20.43975067138672
-31.196128845214844,86.55386352539062,20.333023071289062
-31.12902069091797,86.50697326660156,20.518844604492188
-31.170310974121094,86.45111083984375,20.6126708984375
-31.14014434814453,86.49774169921875,20.77814483642578
-31.17986297607422,86.56001281738281,20.73113250732422
-31.217002868652344,86.52711486816406,20.819358825683594
-31.12224578857422,86.50163269042969,20.740234375
-31.17035675048828,86.44949340820312,20.584518432617188
-31.02593231201172,86.48733520507812,20.41729736328125
-30.97362518310547,86.4471435546875,20.495849609375
-30.965858459472656,86.48199462890625,20.526962280273438
-31.07770538330078,86.55917358398438,20.53295135498047
-31.144752502441406,86.60751342773438,20.53607940673828
-31.20276641845703,86.56942749023438,20.49742889404297
-31.23223114013672,86.60311889648438,20.474349975585938
-31.137901306152344,86.42529296875,20.50279998779297
-31.16893768310547,86.36395263671875,20.50311279296875
-31.155540466308594,86.30416870117188,20.571929931640625
-31.24712371826172,86.33932495117188,20.518455505371094
-31.28998565673828,86.40309143066406,20.51325225830078
-31.23975372314453,86.383056640625,20.503082275390625
-31.11956024169922,86.38656616210938,20.39563751220703
-30.958152770996094,86.43885803222656,20.346771240234375
-31.04045867919922,86.42514038085938,20.340797424316406
-30.894493103027344,86.35456848144531,20.267433166503906
-30.98273468017578,86.36396789550781,20.391868591308594
-31.150840759277344,86.40521240234375,20.407394409179688
-31.24683380126953,86.43682861328125,20.370101928710938
-31.32465362548828,86.37985229492188,20.383590698242188
-31.189735412597656,86.21434020996094,20.26685333251953
-31.175071716308594,86.07942199707031,20.237579345703125
-31.17469024658203,86.1717529296875,20.34406280517578
-31.06066131591797,86.19483947753906,20.352645874023438
-31.03015899658203,86.26429748535156,20.381004333496094
-31.02344512939453,86.40725708007812,20.333450317382812
-31.00463104248047,86.4195556640625,20.384613037109375
-31.06098175048828,86.47001647949219,20.385780334472656
-31.027870178222656,86.49899291992188,20.46454620361328
-30.988807678222656,86.548583984375,20.47760772705078
-30.961631774902344,86.55250549316406,20.37586212158203
-31.14391326904297,86.608642578125,20.386444091796875
-31.238685607910156,86.61802673339844,20.514915466308594
-31.25896453857422,86.62953186035156,20.38123321533203
-31.46099090576172,86.56805419921875,20.328643798828125
-31.663429260253906,86.58621215820312,20.309288024902344
-31.842369079589844,86.64729309082031,20.277069091796875
-31.972373962402344,86.78926086425781,20.181922912597656
-32.03185272216797,86.78799438476562,20.14055633544922
-32.187034606933594,86.87626647949219,20.067001342773438
-32.312095642089844,87.03657531738281,19.894088745117188
-32.49004364013672,87.05818176269531,19.979034423828125
-32.81328582763672,87.13246154785156,19.981788635253906
-33.424171447753906,87.14495849609375,20.006027221679688
-34.377830505371094,87.13313293457031,19.911300659179688
-35.54106903076172,87.1534423828125,19.583908081054688
-36.697120666503906,87.15240478515625,19.14917755126953
-37.887428283691406,87.31466674804688,18.631874084472656
-38.96715545654297,87.61514282226562,18.03680419921875
-40.087867736816406,87.81809997558594,17.577919006347656
-41.339805603027344,88.03797912597656,17.074447631835938
-42.651206970214844,88.28361511230469,16.218917846679688
-44.181007385253906,88.45274353027344,15.254859924316406
-45.91364288330078,88.68898010253906,14.309089660644531
-47.726890563964844,88.95729064941406,13.048736572265625
-49.53137969970703,89.43562316894531,11.636001586914062
-51.265281677246094,89.86642456054688,9.9727783203125
-52.87529754638672,90.11991882324219,8.228263854980469
-54.55626678466797,90.52610778808594,6.392181396484375
-56.22669219970703,90.64381408691406,4.719482421875
-57.716880798339844,90.45639038085938,3.4513092041015625
-58.97801971435547,90.00102233886719,2.7047271728515625
-60.13623809814453,89.25253295898438,2.314453125
-61.187522888183594,88.32516479492188,2.3221435546875
-62.230003356933594,87.31044006347656,2.6652984619140625
-63.10822296142578,86.1727294921875,3.10888671875
-63.73815155029297,84.87892150878906,3.7948455810546875
-64.48107147216797,83.5052490234375,4.460418701171875
-65.12999725341797,82.37435913085938,5.2067718505859375
-65.68321990966797,81.3472900390625,5.5029296875
-66.42884063720703,80.52388000488281,5.644439697265625
-67.1474838256836,79.81352233886719,5.530029296875
-67.76107025146484,78.9049072265625,5.706787109375
-68.14873504638672,77.82513427734375,6.040863037109375
-68.24481964111328,76.93013000488281,6.5857391357421875
-68.22980499267578,75.82046508789062,7.339447021484375
-68.35208892822266,74.87286376953125,8.176193237304688
-68.2697525024414,73.9676513671875,8.910209655761719
-68.29718780517578,73.07333374023438,9.450569152832031
-68.2237319946289,72.40548706054688,9.938858032226562
-68.27434539794922,71.70852661132812,10.279205322265625
-68.34416961669922,71.1829833984375,10.472808837890625
-68.35761260986328,70.92405700683594,10.526222229003906
-68.35596466064453,70.57809448242188,10.55352783203125
-68.4833755493164,70.05550384521484,10.833030700683594
-68.64844512939453,69.27312469482422,11.146217346191406
-68.71228790283203,68.50272369384766,11.442428588867188
-68.88140106201172,67.74544525146484,11.584098815917969
-69.06816864013672,66.97345733642578,11.619232177734375
-69.25508880615234,66.32282257080078,11.50433349609375
-69.25508880615234,66.32282257080078,11.50433349609375
-69.4587631225586,65.50770568847656,11.351020812988281
-69.78926849365234,64.7869873046875,11.258438110351562
-70.05010223388672,64.01497650146484,11.28094482421875
-70.32770538330078,63.243621826171875,11.160179138183594
-70.59357452392578,62.52217102050781,11.090003967285156
-70.76529693603516,62.03868103027344,11.114952087402344
-70.84990692138672,61.62792205810547,11.092178344726562
-70.86490631103516,61.38117218017578,11.0621337890625
-70.85662078857422,61.00022888183594,11.058021545410156
-70.8569564819336,60.66028594970703,11.10504150390625
-70.77460479736328,60.274742126464844,11.136619567871094
-70.74236297607422,59.87159729003906,11.3675537109375
-70.60262298583984,59.670494079589844,11.427703857421875
-70.4019546508789,59.658897399902344,11.479522705078125
-70.4060287475586,59.645294189453125,11.497596740722656
-70.34149932861328,59.510459899902344,11.602058410644531
-70.34130096435547,59.40282440185547,11.662330627441406
-70.55472564697266,59.453880310058594,11.5263671875
-70.59029388427734,59.50507354736328,11.206863403320312
-70.64962005615234,59.40428924560547,11.04559326171875
-70.59746551513672,59.151336669921875,11.022605895996094
-70.7893295288086,58.961456298828125,10.966064453125
-71.07579803466797,58.635047912597656,10.892204284667969
-71.20996856689453,58.27117919921875,10.763313293457031
-71.3702163696289,57.95318603515625,10.716339111328125
-71.40726470947266,57.77894592285156,10.677032470703125
-71.3540267944336,57.92072296142578,10.7589111328125
-71.34021759033203,58.51250457763672,10.979393005371094
-71.39009857177734,59.54405975341797,11.165092468261719
-71.55362701416016,60.59564971923828,11.364906311035156
-71.68167877197266,61.234893798828125,11.216476440429688
-71.92310333251953,61.66199493408203,11.175788879394531
-72.09160614013672,62.10111999511719,11.16754150390625
-72.1830825805664,62.15608215332031,10.909561157226562
-72.11629486083984,61.94518280029297,10.6934814453125
-72.1850357055664,61.78074645996094,10.613815307617188
-72.39994049072266,61.719627380371094,10.67364501953125
-72.46259307861328,61.93677520751953,10.6761474609375
-72.45140838623047,62.31932830810547,10.93511962890625
-72.52045440673828,62.771339416503906,10.996742248535156
-72.37145233154297,63.329490661621094,11.009330749511719
-72.50777435302734,63.98827362060547,11.191307067871094
-72.56482696533203,64.5785140991211,11.252616882324219
-72.61949920654297,65.17929077148438,11.11004638671875
-72.77404022216797,65.81519317626953,10.804351806640625
-72.91915130615234,66.29288482666016,10.651962280273438
-72.99231719970703,67.18830871582031,10.521560668945312
-73.06177520751953,68.25794219970703,10.503196716308594
-73.09032440185547,69.56895446777344,10.454994201660156
-73.38532257080078,70.759521484375,10.495315551757812
-74.38367462158203,71.82168579101562,10.494880676269531
-75.4457778930664,69.9125747680664,10.157463073730469
-73.5596694946289,58.07298278808594,9.992057800292969
-67.65056610107422,38.2119140625,10.858512878417969
-61.167945861816406,22.279273986816406,13.677627563476562
-56.29949188232422,15.411231994628906,18.116989135742188
-52.85120391845703,14.683052062988281,22.912429809570312
-50.24701690673828,16.251052856445312,27.076202392578125
-48.02050018310547,18.028350830078125,30.32677459716797
-45.917869567871094,19.254600524902344,32.368553161621094
-44.09197235107422,19.774192810058594,33.744407653808594
-42.59349822998047,19.845436096191406,34.950782775878906
-41.16344451904297,19.553298950195312,36.19219970703125
-39.93474578857422,19.07695770263672,37.45427703857422
-38.63750457763672,18.7003173828125,38.58699035644531
-37.27910614013672,18.33245849609375,39.285316467285156
-35.925392150878906,17.97205352783203,39.883018493652344
-34.65351104736328,17.76983642578125,40.65589904785156
-33.41918182373047,17.619232177734375,41.355003356933594
-31.857627868652344,17.492462158203125,41.96826171875
-30.38135528564453,17.70873260498047,42.635284423828125
-28.789100646972656,17.966781616210938,43.382789611816406
-27.192283630371094,18.217620849609375,44.018760681152344
-25.736976623535156,18.641159057617188,44.593505859375
-24.681556701660156,19.031570434570312,45.10105895996094
-23.764503479003906,19.079994201660156,45.4876708984375
-22.90837860107422,19.108718872070312,45.70075225830078
-22.39861297607422,19.10633087158203,45.88105773925781
-21.782958984375,19.070480346679688,46.29339599609375
-21.253814697265625,19.140830993652344,46.54155731201172
-20.529586791992188,19.129547119140625,46.760581970214844
-19.674453735351562,19.208602905273438,47.08479309082031
-18.719375610351562,19.381393432617188,47.425811767578125
-17.60741424560547,19.689697265625,47.568214416503906
-16.54875946044922,19.873130798339844,47.84619903564453
-15.515419006347656,20.237152099609375,48.177452087402344
-14.668655395507812,20.375457763671875,48.35350799560547
-14.132377624511719,20.488121032714844,48.51237487792969
-13.516304016113281,20.570594787597656,48.73017120361328
-12.892356872558594,20.815292358398438,48.62195587158203
-12.175430297851562,20.9251708984375,48.68177032470703
-11.459884643554688,21.14715576171875,48.780738830566406
-10.699722290039062,21.438644409179688,48.86488342285156
-9.77508544921875,21.702224731445312,48.82331848144531
-8.906700134277344,21.86969757080078,48.81678009033203
-7.964820861816406,22.100830078125,48.962318420410156
-7.254234313964844,22.355224609375,49.03318786621094
-6.747306823730469,22.57866668701172,49.19072723388672
-6.357963562011719,22.764633178710938,49.218177795410156
-6.1331939697265625,22.70135498046875,49.27307891845703
-6.00634765625,22.534561157226562,49.234901428222656
-5.9189453125,22.513031005859375,49.36992645263672
-5.941009521484375,22.502647399902344,49.4443359375
-5.86053466796875,22.413719177246094,49.50641632080078
-5.5772247314453125,22.356040954589844,49.66619110107422
-5.342567443847656,22.348831176757812,49.78058624267578
-4.917236328125,22.367843627929688,49.62211608886719
-4.699317932128906,22.527740478515625,49.503395080566406
-4.4108428955078125,22.593643188476562,49.475738525390625
-4.36651611328125,22.586143493652344,49.58644104003906
-4.215911865234375,22.607284545898438,49.743934631347656
-4.211845397949219,22.535140991210938,49.73515319824219
-4.3082427978515625,22.57208251953125,49.7587890625
-4.289482116699219,22.460861206054688,49.707550048828125
-4.459434509277344,22.335556030273438,49.648223876953125
-4.6694488525390625,22.310646057128906,49.59290313720703
-4.74505615234375,22.288467407226562,49.63340759277344
-4.527656555175781,22.386871337890625,49.66072082519531
-4.318046569824219,22.57854461669922,49.486175537109375
-4.156806945800781,22.83319854736328,49.34513854980469
-4.1411285400390625,23.130752563476562,49.136329650878906
-4.211006164550781,23.28319549560547,49.281089782714844
-4.291404724121094,23.310394287109375,49.26305389404297
-4.512168884277344,23.25251007080078,49.199798583984375
-4.839714050292969,23.17376708984375,49.20491027832031
-4.9649200439453125,23.029685974121094,49.272361755371094
-5.1596221923828125,22.862228393554688,49.237144470214844
-5.346015930175781,22.801513671875,49.14983367919922
-5.5790252685546875,22.79338836669922,49.097991943359375
-5.857810974121094,22.701698303222656,49.22337341308594
-6.099723815917969,22.668418884277344,49.392066955566406
-6.390449523925781,22.597511291503906,49.368492126464844
-6.840339660644531,22.43053436279297,49.580352783203125
-7.237335205078125,22.11121368408203,49.60717010498047
-7.655235290527344,21.740585327148438,49.774635314941406
-8.001785278320312,21.118080139160156,49.735321044921875
-8.431640625,20.635009765625,49.80458068847656
-8.692146301269531,20.31732177734375,49.85198974609375
-9.015060424804688,20.038711547851562,49.96299743652344
-9.452957153320312,19.786094665527344,50.18793487548828
-9.811561584472656,19.702919006347656,50.25940704345703
-10.089241027832031,19.68053436279297,50.234771728515625
-10.165672302246094,19.586631774902344,50.18677520751953
-10.366294860839844,19.37469482421875,50.20240020751953
-10.661300659179688,19.147415161132812,50.043609619140625
-10.810264587402344,18.810897827148438,50.02296447753906
-11.179946899414062,18.495338439941406,49.93085479736328
-11.766677856445312,18.069671630859375,49.77330780029297
-12.616462707519531,17.48175811767578,49.727203369140625
-13.775283813476562,17.06609344482422,49.532470703125
-15.36517333984375,16.550506591796875,49.29505920410156
-16.925880432128906,15.976524353027344,49.02751159667969
-18.390945434570312,15.304649353027344,48.775840759277344
-19.722328186035156,14.692268371582031,48.61949920654297
-20.9967041015625,14.067573547363281,48.290061950683594
-22.095603942871094,13.561920166015625,47.72430419921875
-23.39221954345703,13.124832153320312,47.26976013183594
-24.380149841308594,12.885498046875,46.52893829345703
-25.476219177246094,12.527214050292969,45.889801025390625
-26.63860321044922,12.115829467773438,45.270103454589844
-27.79436492919922,11.617362976074219,44.881553649902344
-29.063377380371094,11.093414306640625,44.413352966308594
-30.20252227783203,10.439491271972656,43.88555908203125
-31.48180389404297,9.45806884765625,43.18938446044922
-32.63159942626953,8.386016845703125,42.50768280029297
-33.81432342529297,7.216053009033203,41.85395050048828
-34.910316467285156,6.094444274902344,41.20330810546875
-36.060691833496094,4.945770263671875,40.55084991455078
-37.06072235107422,3.9026718139648438,39.62762451171875
-38.05963897705078,2.981739044189453,38.70342254638672
-38.84752655029297,2.242877960205078,37.79217529296875
-39.55072784423828,1.6558151245117188,36.994300842285156
-40.06175994873047,1.2658920288085938,36.23504638671875
-40.52521514892578,0.7847518920898438,35.86797332763672
-40.797767639160156,0.23724365234375,35.6722412109375
-40.809410095214844,0.0323944091796875,35.787384033203125
-40.52983856201172,0.0674896240234375,35.906883239746094
-40.325889587402344,0.4737815856933594,35.9166259765625
-39.943443298339844,1.1594924926757812,36.128875732421875
-39.81609344482422,2.0667152404785156,36.424644470214844
-39.524391174316406,2.8396072387695312,36.67547607421875
-39.338233947753906,3.3119583129882812,36.77283477783203
-39.377174377441406,3.540882110595703,36.669639587402344
-39.586952209472656,3.778453826904297,36.457275390625
-39.946205139160156,3.6670379638671875,36.273529052734375
-40.043678283691406,3.536243438720703,36.198974609375
-40.02417755126953,3.0441932678222656,36.21669006347656
-40.020286560058594,2.6863861083984375,36.189476013183594
-40.095802307128906,2.2274246215820312,36.26373291015625
-40.140708923339844,1.9866790771484375,36.05193328857422
-40.36023712158203,1.7264404296875,35.93596649169922
-40.484352111816406,1.6445045471191406,35.933319091796875
-40.508079528808594,1.7212944030761719,35.74554443359375
-40.48949432373047,2.070018768310547,35.56208801269531
-40.480995178222656,2.422870635986328,35.384498596191406
-40.486106872558594,2.5957565307617188,35.342529296875
-40.678184509277344,2.8436965942382812,35.384002685546875
-40.78197479248047,3.0512046813964844,35.37001037597656
-40.69922637939453,3.19921875,35.347373962402344
-40.81793975830078,3.2487220764160156,35.291481018066406
-40.79778289794922,3.249744415283203,35.00682830810547
-40.88768768310547,3.3746299743652344,34.77330017089844
-41.097389221191406,3.744007110595703,34.57886505126953
-41.333824157714844,4.3804168701171875,34.31047058105469
-41.58586883544922,5.2998809814453125,34.04669952392578
-41.903831481933594,6.27734375,33.529808044433594
-42.12915802001953,7.430473327636719,33.14166259765625
-42.53919219970703,8.777000427246094,32.602561950683594
-42.795936584472656,10.328788757324219,32.044715881347656
-43.01306915283203,11.808479309082031,31.090194702148438
-43.16094207763672,13.307815551757812,30.312820434570312
-43.307899475097656,14.803031921386719,29.497360229492188
-43.185462951660156,16.09576416015625,28.918182373046875
-43.08765411376953,17.40715789794922,28.716773986816406
-42.618446350097656,18.55359649658203,28.92644500732422
-41.86176300048828,19.594802856445312,29.076148986816406
-41.007423400878906,20.576858520507812,29.36614990234375
-39.855079650878906,21.47589874267578,30.120628356933594
-38.66783905029297,22.267257690429688,31.08832550048828
-37.47917938232422,22.971763610839844,32.23211669921875
-36.30461883544922,23.465042114257812,33.33522033691406
-35.00330352783203,23.895065307617188,34.39562225341797
-33.859291076660156,24.43120574951172,35.24761199951172
-32.84449005126953,24.849708557128906,36.111915588378906
-31.84740447998047,25.20795440673828,36.79851531982422
-30.71057891845703,25.625091552734375,37.311012268066406
-29.60126495361328,26.382850646972656,37.700469970703125
-28.38579559326172,27.133766174316406,38.11415100097656
-27.131431579589844,27.815963745117188,38.404823303222656
-25.806251525878906,28.65471649169922,38.72901153564453
-24.505088806152344,29.308021545410156,38.77262878417969
-23.379005432128906,30.197677612304688,38.779945373535156
-22.146392822265625,31.0128173828125,38.64251708984375
-20.929733276367188,31.988609313964844,38.507423400878906
-19.770309448242188,32.78669738769531,38.404563903808594
-18.80884552001953,33.832496643066406,38.03844451904297
-17.88274383544922,34.75957489013672,37.769142150878906
-17.056869506835938,35.673797607421875,37.311431884765625
-16.15087890625,36.581138610839844,36.78968811035156
-15.267417907714844,37.341156005859375,36.186920166015625
-14.287544250488281,37.763572692871094,35.98542022705078
-13.405860900878906,37.77227783203125,36.437294006347656
-12.746711730957031,37.6109619140625,37.00697326660156
-12.064865112304688,37.49333190917969,37.414031982421875
-11.140678405761719,37.31610870361328,37.687774658203125
-10.269889831542969,37.35187530517578,37.92218780517578
-9.692115783691406,37.35087585449219,38.10883331298828
-8.956268310546875,37.436927795410156,38.20770263671875
-8.258773803710938,37.32090759277344,38.39942169189453
-7.6689910888671875,37.332054138183594,38.47471618652344
-7.2570037841796875,37.288780212402344,38.51200866699219
-6.834220886230469,37.20714569091797,38.570167541503906
-6.5045928955078125,37.06764221191406,38.604637145996094
-6.0280303955078125,36.98436737060547,38.692405700683594
-5.657012939453125,36.85289001464844,38.88300323486328
-5.3396453857421875,36.75023651123047,39.055763244628906
-4.902320861816406,36.682456970214844,39.20497131347656
-4.6757049560546875,36.58518981933594,39.343345642089844
-4.352790832519531,36.49864959716797,39.54229736328125
-4.056236267089844,36.496185302734375,39.68452453613281
-3.7331314086914062,36.55497741699219,39.727577209472656
-3.3892745971679688,36.45873260498047,39.75916290283203
-3.2676849365234375,36.25995635986328,39.87054443359375
-3.29498291015625,36.20391845703125,39.78684997558594
-3.34832763671875,36.26057434082031,39.790679931640625
-3.4439773559570312,36.24922180175781,39.87171173095703
-3.5658798217773438,36.230194091796875,39.94041442871094
-3.4610671997070312,36.30841064453125,39.884033203125
-3.4016265869140625,36.23082733154297,39.79277801513672
-3.40972900390625,36.12213897705078,39.78253173828125
-3.3910675048828125,36.067970275878906,39.908782958984375
-3.4449844360351562,36.05077362060547,40.08103942871094
-3.2965240478515625,36.13688659667969,40.02330780029297
-3.2204666137695312,36.08580017089844,40.10420227050781
-2.9897232055664062,36.03521728515625,40.104225158691406
-2.6544189453125,35.84968566894531,40.210968017578125
-2.5312347412109375,35.66270446777344,40.52826690673828
-2.6915206909179688,35.53656005859375,40.650367736816406
-2.6216049194335938,35.50445556640625,40.60664367675781
-2.6154556274414062,35.50647735595703,40.757080078125
-2.4563980102539062,35.40447235107422,40.834930419921875
-2.4545059204101562,35.3658447265625,40.88054656982422
-2.3252410888671875,35.32354736328125,40.702728271484375
-2.1733474731445312,35.401641845703125,40.687339782714844
-2.0474090576171875,35.58056640625,40.60429382324219
-1.7494735717773438,35.65576934814453,40.63966369628906
-1.7461318969726562,35.74755859375,40.743309020996094
-1.6463851928710938,35.59027862548828,40.80950164794922
-1.659393310546875,35.459136962890625,40.79157257080078
-1.5635757446289062,35.49268341064453,40.98375701904297
-1.5606918334960938,35.43702697753906,41.04095458984375
-1.4410324096679688,35.40031433105469,41.23242950439453
-1.4013214111328125,35.39385986328125,41.21204376220703
-1.4358673095703125,35.51750183105469,41.074974060058594
-1.4249038696289062,35.67564392089844,41.00159454345703
-1.348968505859375,35.739036560058594,40.881874084472656
-1.341400146484375,35.68769073486328,40.84833526611328
-1.369598388671875,35.74809265136719,40.874549865722656
-1.5256805419921875,35.82109832763672,40.957000732421875
-1.5737075805664062,35.90418243408203,40.77269744873047
-1.6042861938476562,35.87641906738281,40.97160339355469
-1.5149459838867188,35.87660217285156,40.997596740722656
-1.48907470703125,35.86125183105469,41.185302734375
-1.506744384765625,35.79240417480469,41.227752685546875
-1.4901809692382812,35.698974609375,41.28111267089844
-1.430572509765625,35.678955078125,41.279998779296875
-1.4984207153320312,35.730194091796875,41.26117706298828
-1.4831466674804688,35.64070129394531,41.15540313720703
-1.5046539306640625,35.49529266357422,41.08195495605469
-1.5054092407226562,35.42957305908203,40.9449462890625
-1.4809341430664062,35.41584777832031,40.888519287109375
-1.6270523071289062,35.442047119140625,40.96504211425781
-1.5530929565429688,35.47199249267578,41.006858825683594
-1.489593505859375,35.408103942871094,41.047264099121094
-1.52655029296875,35.40180206298828,41.05272674560547
-1.4890823364257812,35.404685974121094,40.930397033691406
-1.4917221069335938,35.49146270751953,41.02057647705078
-1.6118087768554688,35.42937469482422,41.139892578125
-1.6340789794921875,35.50157928466797,41.243896484375
-1.7156295776367188,35.418174743652344,41.24158477783203
-1.6881790161132812,35.533233642578125,41.24951171875
-1.6815185546875,35.58892822265625,41.25389099121094
-1.5333404541015625,35.58422088623047,41.251426696777344
-1.5419158935546875,35.65741729736328,41.28092956542969
-1.307891845703125,35.69713592529297,41.14112091064453
-1.3266067504882812,35.67327880859375,41.107322692871094
-1.3519973754882812,35.719268798828125,41.08728790283203
-1.4448471069335938,35.641265869140625,41.13286590576172
-1.513031005859375,35.595909118652344,41.081817626953125
-1.4380416870117188,35.679527282714844,41.06464385986328
-1.4805068969726562,35.679481506347656,41.122962951660156
-1.3810043334960938,35.59674072265625,40.986541748046875
-1.3785781860351562,35.581817626953125,40.92774963378906
-1.4930648803710938,35.62449645996094,40.86493682861328
-1.5487136840820312,35.589447021484375,40.795799255371094
-1.6542816162109375,35.53709411621094,40.78539276123047
-1.685394287109375,35.536529541015625,40.896949768066406
-1.4832382202148438,35.618553161621094,40.81774139404297
-1.474853515625,35.47419738769531,40.835365295410156
-1.4719314575195312,35.34709930419922,40.81907653808594
-1.410308837890625,35.28923034667969,40.86255645751953
-1.4212646484375,35.29486083984375,40.876197814941406
-1.3899383544921875,35.31749725341797,40.8779296875
-1.3429489135742188,35.273414611816406,40.96418762207031
-1.327545166015625,35.413360595703125,41.06560516357422
-1.4465866088867188,35.452659606933594,41.12995147705078
-1.4465866088867188,35.452659606933594,41.12995147705078
-1.4801406860351562,35.3319091796875,41.128700256347656
-1.5919342041015625,35.27922821044922,41.09693145751953
-1.528167724609375,35.26380157470703,41.17425537109375
-1.5775222778320312,35.313133239746094,41.189208984375
-1.5823440551757812,35.275062561035156,41.104827880859375
-1.5448837280273438,35.35462188720703,40.952232360839844
-1.5178909301757812,35.29144287109375,40.935401916503906
-1.5608901977539062,35.40704345703125,40.98920440673828
-1.512969970703125,35.47138214111328,40.95661163330078
-1.62554931640625,35.50846862792969,40.78773498535156
-1.7601852416992188,35.460845947265625,41.04496765136719
-1.7247085571289062,35.44618225097656,41.17146301269531
-1.6495513916015625,35.324989318847656,41.246299743652344
-1.547515869140625,35.31260681152344,41.2957763671875
-1.6696624755859375,35.442176818847656,41.36750793457031
-1.7198486328125,35.5726318359375,41.282562255859375
-1.65850830078125,35.534820556640625,41.300804138183594
-1.679443359375,35.555908203125,41.37126159667969
-1.737274169921875,35.51420593261719,41.24915313720703
-1.7436294555664062,35.42540740966797,41.109214782714844
-1.7273941040039062,35.44591522216797,41.028289794921875
-1.743682861328125,35.432952880859375,40.908485412597656
-1.6559906005859375,35.33799743652344,40.94744873046875
-1.5961532592773438,35.307464599609375,41.04643249511719
-1.6621856689453125,35.36225128173828,40.85072326660156
-1.6397171020507812,35.33329772949219,40.90235900878906
-1.6918869018554688,35.4609375,41.02861022949219
-1.6792755126953125,35.495506286621094,41.236724853515625
-1.6911697387695312,35.491241455078125,41.158355712890625
-1.6884918212890625,35.49755096435547,41.25391387939453
-1.7350997924804688,35.447845458984375,41.17119598388672
-1.713897705078125,35.419715881347656,41.09662628173828
-1.6588668823242188,35.33514404296875,41.106544494628906
-1.5687026977539062,35.363319396972656,41.25066375732422
-1.4456787109375,35.461265563964844,41.17927551269531
-1.3304519653320312,35.652496337890625,41.15363311767578
-1.50372314453125,35.748313903808594,41.13433074951172
-1.541412353515625,35.62938690185547,41.21266174316406
-1.616485595703125,35.614036560058594,41.46605682373047
-1.727691650390625,35.587059020996094,41.575897216796875
-1.70953369140625,35.50591278076172,41.554771423339844
-1.5997314453125,35.46087646484375,41.5994873046875
-1.5727767944335938,35.42118835449219,41.419898986816406
-1.604248046875,35.428733825683594,41.44654083251953
-1.6147994995117188,35.4151611328125,41.57698059082031
-1.6221771240234375,35.44062042236328,41.60792541503906
-1.5699462890625,35.47479248046875,41.703155517578125
-1.5713729858398438,35.52251434326172,41.689125061035156
-1.534423828125,35.449493408203125,41.86639404296875
-1.5210037231445312,35.49347686767578,41.753875732421875
-1.6367034912109375,35.39440155029297,41.695640563964844
-1.58856201171875,35.32221221923828,41.59325408935547
-1.6066970825195312,35.320045471191406,41.456207275390625
-1.4830856323242188,35.369110107421875,41.495887756347656
-1.5657882690429688,35.47564697265625,41.58836364746094
-1.5897598266601562,35.436492919921875,41.37976837158203
-1.4481353759765625,35.40984344482422,41.25035095214844
-1.5586090087890625,35.3104248046875,41.51482391357422
-1.4965896606445312,35.283912658691406,41.457725524902344
-1.4887161254882812,35.32598876953125,41.26221466064453
-1.4895858764648438,35.335487365722656,41.38092041015625
-1.4908294677734375,35.28644561767578,41.55145263671875
-1.61431884765625,35.315818786621094,41.55082702636719
-1.7035369873046875,35.329345703125,41.686683654785156
-1.7193450927734375,35.369659423828125,41.64551544189453
-1.5579452514648438,35.42461395263672,41.54624938964844
-1.5538864135742188,35.41204071044922,41.30903625488281
-1.61175537109375,35.42076873779297,41.21788787841797
-1.6362762451171875,35.48973846435547,41.51698303222656
-1.6307144165039062,35.41747283935547,41.549957275390625
-1.5929336547851562,35.3919677734375,41.2952880859375
-1.54656982421875,35.3052978515625,41.29308319091797
-1.5904006958007812,35.35963439941406,41.243995666503906
-1.5927581787109375,35.2728271484375,41.18876647949219
-1.5326309204101562,35.29411315917969,41.2596435546875
-1.508758544921875,35.293006896972656,41.273841857910156
-1.5842361450195312,35.339622497558594,41.28656768798828
-1.6735916137695312,35.20733642578125,41.237464904785156
-1.7119903564453125,35.1549072265625,41.2296142578125
-1.5827865600585938,35.209136962890625,41.23191833496094
-1.5667800903320312,35.17436218261719,41.201568603515625
-1.5635833740234375,35.22119903564453,41.36051940917969
-1.5225448608398438,35.288818359375,41.39857482910156
-1.4978179931640625,35.33299255371094,41.45567321777344
-1.5245361328125,35.454933166503906,41.414833068847656
-1.5031356811523438,35.3631591796875,41.39508056640625
-1.4927291870117188,35.28425598144531,41.458526611328125
-1.5837783813476562,35.390907287597656,41.42414093017578
-1.6775436401367188,35.465919494628906,41.33921813964844
-1.7190170288085938,35.49774169921875,41.376495361328125
-1.6475753784179688,35.44554901123047,41.40625
-1.5432052612304688,35.430328369140625,41.37584686279297
-1.5503463745117188,35.46392822265625,41.42469024658203
-1.6837081909179688,35.331077575683594,41.453948974609375
-1.719696044921875,35.28535461425781,41.43598175048828
-1.5535507202148438,35.44099426269531,41.390541076660156
-1.6760940551757812,35.49534606933594,41.56340026855469
-1.6137771606445312,35.52210998535156,41.52854919433594
-1.6804428100585938,35.511512756347656,41.578948974609375
-1.6767120361328125,35.39306640625,41.686180114746094
-1.74432373046875,35.33184051513672,41.72337341308594
-1.5498199462890625,35.183937072753906,41.6424560546875
-1.5945816040039062,35.251121520996094,41.466590881347656
-1.5450439453125,35.281471252441406,41.480865478515625
-1.5615234375,35.238563537597656,41.59846496582031
-1.577423095703125,35.24840545654297,41.3265380859375
-1.5759201049804688,35.348846435546875,41.3104248046875
-1.5903396606445312,35.20423889160156,41.233551025390625
-1.5254669189453125,35.147727966308594,41.23583221435547
-1.516510009765625,35.24205017089844,41.242759704589844
-1.5536422729492188,35.34186553955078,41.29026794433594
-1.4030380249023438,35.330299377441406,41.272430419921875
-1.3853530883789062,35.45582580566406,41.39164733886719
-1.445556640625,35.40929412841797,41.30670928955078
-1.5108642578125,35.482521057128906,41.30096435546875
-1.5659866333007812,35.36370849609375,41.54676055908203
-1.5524978637695312,35.315467834472656,41.51518249511719
-1.5636215209960938,35.30223083496094,41.56980895996094
-1.613128662109375,35.30791473388672,41.604949951171875
-1.6601028442382812,35.37078857421875,41.4312744140625
-1.57965087890625,35.338050842285156,41.440040588378906
-1.5330657958984375,35.371360778808594,41.493751525878906
-1.5370330810546875,35.31726837158203,41.596595764160156
-1.51593017578125,35.348426818847656,41.608917236328125
-1.5338821411132812,35.28955078125,41.580894470214844
-1.5133056640625,35.327606201171875,41.503257751464844
-1.5301742553710938,35.31584930419922,41.526756286621094
-1.5800399780273438,35.271636962890625,41.59416961669922
-1.4203033447265625,35.29331970214844,41.572509765625
-1.4202957153320312,35.36964416503906,41.474220275878906
-1.2875442504882812,35.42741394042969,41.274864196777344
-1.2187423706054688,35.515159606933594,41.305763244628906
-1.2400283813476562,35.35291290283203,41.28337097167969
-1.3693084716796875,35.306114196777344,41.23467254638672
-1.4754486083984375,35.265533447265625,41.34496307373047
-1.452117919921875,35.31304931640625,41.35676574707031
-1.3985366821289062,35.34928894042969,41.30537414550781
-1.3712539672851562,35.33094787597656,41.26140594482422
-1.3362884521484375,35.30076599121094,41.248573303222656
-1.4505157470703125,35.29509735107422,41.297088623046875
-1.5477066040039062,35.374298095703125,41.28730010986328
-1.5315322875976562,35.4769287109375,41.253662109375
-1.5734024047851562,35.42945861816406,41.23771667480469
-1.6496047973632812,35.46515655517578,41.11585235595703
-1.674713134765625,35.55052185058594,41.329078674316406
-1.6575927734375,35.47236633300781,41.474143981933594
-1.7814483642578125,35.476417541503906,41.46087646484375
-1.6887359619140625,35.48137664794922,41.4376220703125
-1.6627578735351562,35.506248474121094,41.441505432128906
-1.7166519165039062,35.608306884765625,41.530113220214844
-1.6704483032226562,35.48384094238281,41.53395080566406
-1.7005233764648438,35.47577667236328,41.54198455810547
-1.66900634765625,35.32275390625,41.374671936035156
-1.6805953979492188,35.41270446777344,41.28338623046875
-1.6435699462890625,35.489402770996094,41.18413543701172
-1.6831817626953125,35.47587585449219,41.08674621582031
-1.6097869873046875,35.33946228027344,41.176368713378906
-1.3354721069335938,35.33320617675781,41.25035095214844
-1.3641815185546875,35.36865234375,41.25486755371094
-1.2340240478515625,35.31809997558594,41.226287841796875
-1.2438735961914062,35.372901916503906,41.35612487792969
-1.2808456420898438,35.31950378417969,41.368675231933594
-1.4207916259765625,35.396507263183594,41.42778778076172
-1.39581298828125,35.442481994628906,41.365440368652344
-1.4177017211914062,35.52165985107422,41.36470031738281
-1.4291610717773438,35.50519561767578,41.423439025878906
-1.4884872436523438,35.42743682861328,41.518882751464844
-1.424560546875,35.541099548339844,41.35462188720703
-1.2794570922851562,35.56703186035156,41.271087646484375
-1.3604507446289062,35.51647186279297,41.19599914550781
-1.476806640625,35.498741149902344,41.132476806640625
-1.5073776245117188,35.46342468261719,41.1551513671875
-1.6184616088867188,35.57946014404297,41.21397399902344
-1.6045074462890625,35.58674621582031,41.31297302246094
-1.607818603515625,35.70890808105469,41.448699951171875
-1.6344451904296875,35.57057189941406,41.4312744140625
-1.6649398803710938,35.53626251220703,41.262908935546875
-1.6311798095703125,35.44695281982422,41.116004943847656
-1.7092437744140625,35.499755859375,40.9754638671875
-1.5441970825195312,35.47557830810547,40.94830322265625
-1.504913330078125,35.329345703125,41.047264099121094
-1.503509521484375,35.32500457763672,41.10145568847656
-1.5197906494140625,35.356285095214844,41.062156677246094
-1.571929931640625,35.34605407714844,41.14158630371094
-1.4092636108398438,35.18898010253906,41.074615478515625
-1.4025726318359375,35.279266357421875,41.060935974121094
-1.3679656982421875,35.30986022949219,41.12986755371094
-1.52569580078125,35.275978088378906,41.081031799316406
-1.49981689453125,35.294212341308594,41.04157257080078
-1.5368194580078125,35.258880615234375,41.077110290527344
-1.4416351318359375,35.341636657714844,41.178993225097656
-1.4464340209960938,35.28996276855469,41.40039825439453
-1.4491500854492188,35.367698669433594,41.45539093017578
-1.464080810546875,35.36915588378906,41.179786682128906
-1.464935302734375,35.45861053466797,41.11731719970703
-1.4593963623046875,35.47657012939453,40.97041320800781
-1.457000732421875,35.428077697753906,40.99150085449219
-1.5152206420898438,35.49559020996094,41.06843566894531
-1.5763702392578125,35.41960144042969,41.068885803222656
-1.5478973388671875,35.32847595214844,41.030677795410156
-1.520721435546875,35.30242156982422,40.88105773925781
-1.50439453125,35.31145477294922,40.930877685546875
-1.6284408569335938,35.31202697753906,41.174720764160156
-1.5548782348632812,35.33552551269531,41.09840393066406
-1.5537948608398438,35.33434295654297,41.12727355957031
-1.4472732543945312,35.30070495605469,41.266395568847656
-1.3602828979492188,35.329559326171875,41.236732482910156
-1.3364715576171875,35.322967529296875,41.35174560546875
-1.3351974487304688,35.304039001464844,41.46635437011719
-1.36468505859375,35.27704620361328,41.531585693359375
-1.3916015625,35.39067840576172,41.52874755859375
-1.4488372802734375,35.45429229736328,41.55213165283203
-1.4399566650390625,35.42225646972656,41.689964294433594
-1.3686141967773438,35.45945739746094,41.667396545410156
-1.4390335083007812,35.40925598144531,41.54869842529297
-1.5003509521484375,35.299415588378906,41.527984619140625
-1.5394821166992188,35.33708190917969,41.704978942871094
-1.4920730590820312,35.281158447265625,41.67662811279297
-1.4313507080078125,35.29236602783203,41.730995178222656
-1.3222427368164062,35.28143310546875,41.730506896972656
-1.2353515625,35.273040771484375,41.854766845703125
-1.4022750854492188,35.33887481689453,41.81639862060547
-1.4108200073242188,35.252471923828125,41.78361511230469
-1.3041305541992188,35.077049255371094,41.73589324951172
-1.286041259765625,35.11476135253906,41.64402770996094
-1.1766433715820312,35.08464050292969,41.521934509277344
-1.0878448486328125,35.0147705078125,41.470611572265625
-1.1078567504882812,34.99432373046875,41.56278991699219
-1.2168960571289062,35.025306701660156,41.73472595214844
-1.0940780639648438,35.06964111328125,41.720909118652344
-1.214080810546875,35.02997589111328,41.68561553955078
-1.2253952026367188,35.183135986328125,41.566200256347656
-1.2956085205078125,35.17670440673828,41.58232879638672
-1.4808502197265625,35.191253662109375,41.58472442626953
-1.6495208740234375,35.334983825683594,41.597740173339844
-1.75811767578125,35.33496856689453,41.54710388183594
-1.7511367797851562,35.322784423828125,41.49767303466797
-1.7753143310546875,35.37150573730469,41.37513732910156
-1.8254470825195312,35.220741271972656,41.17613983154297
-1.7769775390625,35.23332977294922,41.15101623535156
-1.8186721801757812,35.22351837158203,41.249359130859375
-1.7566909790039062,35.087982177734375,41.360450744628906
-1.69683837890625,35.20735168457031,41.46821594238281
-1.697998046875,35.123374938964844,41.39009094238281
-1.6899566650390625,35.06892395019531,41.375465393066406
-1.5548858642578125,35.073341369628906,41.38318634033203
-1.5877914428710938,35.00896453857422,41.407630920410156
-1.6361160278320312,34.992942810058594,41.4564208984375
-1.6759719848632812,35.13501739501953,41.470252990722656
-1.7312469482421875,35.198448181152344,41.52398681640625
-1.6380386352539062,35.177650451660156,41.61011505126953
-1.560302734375,35.14093780517578,41.45933532714844
-1.5447540283203125,35.16162109375,41.270240783691406
-1.5061264038085938,35.22566223144531,41.31346130371094
-1.4066925048828125,35.257110595703125,41.22882080078125
-1.41925048828125,35.40899658203125,41.31147766113281
-1.5378265380859375,35.356719970703125,41.371246337890625
-1.5401535034179688,35.29126739501953,41.43889617919922
-1.6852035522460938,35.355613708496094,41.520530700683594
-1.704986572265625,35.31389617919922,41.55353546142578
-1.7419662475585938,35.34532165527344,41.66065216064453
-1.5717544555664062,35.3743896484375,41.688133239746094
-1.5899658203125,35.367530822753906,41.752479553222656
-1.5498886108398438,35.29802703857422,41.652618408203125
-1.4308700561523438,35.324981689453125,41.71558380126953
-1.4202728271484375,35.330810546875,41.60223388671875
-1.4543991088867188,35.27410125732422,41.518890380859375
-1.3957061767578125,35.3270263671875,41.429969787597656
-1.521148681640625,35.46723175048828,41.43458557128906
-1.5183181762695312,35.408843994140625,41.25434112548828
-1.4325942993164062,35.48351287841797,41.35530090332031
-1.386322021484375,35.45368194580078,41.593505859375
-1.5081100463867188,35.43560028076172,41.611572265625
-1.56256103515625,35.40599822998047,41.46349334716797
-1.4794769287109375,35.427040100097656,41.448883056640625
-1.2814102172851562,35.468833923339844,41.653892517089844
-1.3705291748046875,35.33032989501953,41.71160125732422
-1.5287857055664062,35.392478942871094,41.79865264892578
-1.67596435546875,35.400794982910156,41.90220642089844
-1.609832763671875,35.470848083496094,41.7601318359375
-1.5146713256835938,35.53905487060547,41.71808624267578
-1.3506393432617188,35.49440002441406,41.76581573486328
-1.3600692749023438,35.504974365234375,41.713226318359375
-1.4655380249023438,35.47175598144531,41.75714111328125
-1.3830032348632812,35.49491882324219,41.714942932128906
-1.5272598266601562,35.43141174316406,41.68254852294922
-1.4211654663085938,35.443603515625,41.80951690673828
-1.2645645141601562,35.40589904785156,41.718299865722656
-1.2139129638671875,35.51457977294922,41.59596252441406
-1.3460235595703125,35.58496856689453,41.690834045410156
-1.4180984497070312,35.53739929199219,41.84974670410156
-1.4236221313476562,35.677093505859375,41.87879180908203
-1.5501785278320312,35.58561706542969,41.87353515625
-1.518402099609375,35.577735900878906,41.71922302246094
-1.5270004272460938,35.54493713378906,41.681396484375
-1.6082687377929688,35.522483825683594,41.90068054199219
-1.51715087890625,35.589630126953125,41.89788818359375
-1.38177490234375,35.642051696777344,41.73634338378906
-1.2696762084960938,35.462432861328125,41.6512451171875
-1.3650131225585938,35.41124725341797,41.75586700439453
-1.324951171875,35.41009521484375,41.759193420410156
-1.3579635620117188,35.38929748535156,41.74205017089844
-1.4294967651367188,35.410430908203125,41.64501953125
-1.3887252807617188,35.45893096923828,41.54350280761719
-1.378875732421875,35.586639404296875,41.41523742675781
-1.3040771484375,35.48426818847656,41.281410217285156
-1.3065261840820312,35.443450927734375,41.42334747314453
-1.2456588745117188,35.46617889404297,41.41168212890625
-1.2888717651367188,35.43213653564453,41.56104278564453
-1.2888031005859375,35.451805114746094,41.61028289794922
-1.311798095703125,35.57249450683594,41.6953125
-1.4163360595703125,35.469276428222656,41.83734893798828
-1.493560791015625,35.41277313232422,41.86487579345703
-1.593994140625,35.49037170410156,41.81787872314453
-1.7129974365234375,35.40418243408203,41.80254364013672
-1.74554443359375,35.463409423828125,41.60237121582031
-1.6301803588867188,35.55809783935547,41.62120056152344
-1.428619384765625,35.56787109375,41.56010437011719
-1.44134521484375,35.617393493652344,41.347381591796875
-1.507598876953125,35.630332946777344,41.32740783691406
-1.510772705078125,35.50587463378906,41.47813415527344
-1.3877410888671875,35.428504943847656,41.556304931640625
-1.466888427734375,35.47428894042969,41.53724670410156
-1.59320068359375,35.35258483886719,41.52362060546875
-1.7093276977539062,35.476402282714844,41.579185485839844
-1.694732666015625,35.44232940673828,41.509361267089844
-1.6922836303710938,35.478302001953125,41.310791015625
-1.7127838134765625,35.49803924560547,41.23387908935547
-1.6534042358398438,35.34431457519531,41.28660583496094
-1.7273025512695312,35.449378967285156,41.13603973388672
-2.02325439453125,35.430381774902344,41.12822723388672
-2.3072738647460938,35.63606262207031,41.06658935546875
-2.3506317138671875,35.73802947998047,41.17243194580078
-2.5041275024414062,35.75395965576172,41.130882263183594
-2.5539016723632812,35.708580017089844,40.940460205078125
-2.60595703125,35.761070251464844,40.92010498046875
-2.762359619140625,35.81700134277344,40.80310821533203
-3.2347183227539062,35.94917297363281,40.728309631347656
-4.187141418457031,35.918975830078125,40.639373779296875
-5.5860443115234375,36.07953643798828,40.525421142578125
-7.243827819824219,36.02185821533203,40.353492736816406
-9.441383361816406,36.050804138183594,39.77893829345703
-11.860092163085938,36.327850341796875,38.92408752441406
-14.220657348632812,36.4398193359375,37.899742126464844
-16.850662231445312,36.66088104248047,36.68145751953125
-19.18317413330078,36.92443084716797,35.15857696533203
-21.299118041992188,37.24201202392578,33.402626037597656
-23.339500427246094,37.87654113769531,31.42613983154297
-25.24913787841797,38.5367431640625,29.03028106689453
-27.19477081298828,39.21354675292969,26.509796142578125
-29.134971618652344,39.83161926269531,23.509666442871094
-29.134971618652344,39.83161926269531,23.509666442871094
-31.091209411621094,40.08287048339844,20.157455444335938
-33.06665802001953,40.203208923339844,16.56940460205078
-34.94304656982422,40.04474639892578,13.175125122070312
-36.565696716308594,39.64012908935547,10.1151123046875
-37.968101501464844,38.93211364746094,7.6016082763671875
-39.046226501464844,38.20696258544922,5.5606842041015625
-39.860984802246094,37.64189910888672,4.265350341796875
-40.605857849121094,37.03919219970703,3.896728515625
-41.20270538330078,36.382057189941406,4.0719451904296875
-41.73700714111328,35.58441162109375,4.5400390625
-42.124061584472656,34.97416687011719,5.403045654296875
-42.309715270996094,34.37614440917969,6.3415069580078125
-42.47846221923828,33.805084228515625,7.047027587890625
-42.74132537841797,33.436767578125,7.6873016357421875
-42.90491485595703,33.06444549560547,7.960205078125
-43.060157775878906,32.940338134765625,7.749427795410156
-43.326271057128906,32.81249237060547,7.963356018066406
-43.554954528808594,32.52294921875,8.714706420898438
-43.55286407470703,32.17498779296875,9.547714233398438
-43.63933563232422,31.71637725830078,10.573699951171875
-43.63422393798828,31.030540466308594,11.665374755859375
-43.769981384277344,30.372146606445312,12.710060119628906
-44.042320251464844,29.746925354003906,13.585090637207031
-44.363609313964844,29.096458435058594,14.275009155273438
-44.363868713378906,28.522781372070312,14.974624633789062
-44.366371154785156,27.911056518554688,15.508354187011719
-44.57567596435547,27.420761108398438,16.145187377929688
-44.554420471191406,26.98285675048828,16.907615661621094
-44.42101287841797,26.67388153076172,17.513938903808594
-44.27820587158203,26.40196990966797,18.20775604248047
-44.07567596435547,26.158645629882812,19.07140350341797
-43.65161895751953,25.751602172851562,20.31378936767578
-43.210899353027344,25.32799530029297,21.737091064453125
-42.43604278564453,24.8834228515625,23.33594512939453
-41.55847930908203,24.79913330078125,24.908004760742188
-40.37554168701172,25.040260314941406,26.583114624023438
-38.81262969970703,25.633399963378906,28.35230255126953
-37.072242736816406,26.310745239257812,30.004127502441406
-35.049110412597656,27.249893188476562,31.754074096679688
-32.871803283691406,27.91046142578125,33.445770263671875
-30.62352752685547,28.736900329589844,35.063636779785156
-28.23169708251953,29.235855102539062,36.63983154296875
-25.93537139892578,29.392601013183594,38.00738525390625
-23.934059143066406,29.430755615234375,39.225303649902344
-22.086158752441406,29.252464294433594,40.4185791015625
-20.339134216308594,29.277915954589844,41.490089416503906
-18.868301391601562,29.02587890625,42.225677490234375
-17.77813720703125,28.753997802734375,43.16651916503906
-16.770675659179688,28.30541229248047,43.86730194091797
-16.084579467773438,27.688827514648438,44.50469970703125
-15.60662841796875,27.001785278320312,45.039268493652344
-15.299362182617188,26.229774475097656,45.59727478027344
-15.024009704589844,25.500877380371094,46.13263702392578
-14.729629516601562,24.99224090576172,46.568214416503906
-14.698997497558594,24.287010192871094,46.856719970703125
-14.812950134277344,23.765670776367188,47.124717712402344
-14.915138244628906,23.288925170898438,47.190589904785156
-15.262626647949219,22.737579345703125,47.35569763183594
-15.694953918457031,22.369544982910156,47.401283264160156
-15.953773498535156,21.812911987304688,47.50105285644531
-16.253875732421875,21.468795776367188,47.47698211669922
-16.44518280029297,21.251052856445312,47.31822204589844
-16.77100372314453,20.90343475341797,47.451454162597656
-17.0399169921875,20.658645629882812,47.433326721191406
-17.178085327148438,20.515350341796875,47.461669921875
-17.31340789794922,20.449310302734375,47.522972106933594
-17.575599670410156,20.49768829345703,47.414588928222656
-17.789817810058594,20.6689453125,47.17158508300781
-17.888687133789062,20.670745849609375,47.18962097167969
-18.056320190429688,20.632225036621094,47.21144104003906
-18.319305419921875,20.69806671142578,47.01185607910156
-18.574737548828125,20.71741485595703,46.90785217285156
-18.762046813964844,20.578079223632812,46.78684997558594
-18.992210388183594,20.38909149169922,46.704742431640625
-19.073684692382812,20.340225219726562,46.698631286621094
-19.036849975585938,20.222190856933594,46.512855529785156
-19.2420654296875,20.01866912841797,46.546714782714844
-19.381149291992188,20.01934051513672,46.54158020019531
-19.447547912597656,20.064437866210938,46.53582763671875
-19.450759887695312,20.0372314453125,46.492225646972656
-19.440208435058594,20.05591583251953,46.656829833984375
-19.55261993408203,20.01667022705078,46.70417022705078
-19.645774841308594,19.92589569091797,46.84471893310547
-19.801971435546875,19.865135192871094,46.82554626464844
-19.95915985107422,19.97539520263672,46.79217529296875
-20.08953094482422,19.874069213867188,46.86305236816406
-20.171981811523438,19.75684356689453,46.73583984375
-20.106735229492188,19.625442504882812,46.7498779296875
-20.015419006347656,19.56427001953125,46.69043731689453
-20.141151428222656,19.33788299560547,46.74805450439453
-20.221328735351562,19.437408447265625,46.92774963378906
-20.283981323242188,19.52777099609375,47.04259490966797
-20.287338256835938,19.631080627441406,46.925437927246094
-20.284637451171875,19.612594604492188,46.79674530029297
-20.484100341796875,19.50084686279297,46.87928771972656
-20.653717041015625,19.36780548095703,46.936683654785156
-20.876922607421875,19.189727783203125,46.84172821044922
-21.332855224609375,19.098861694335938,46.71083068847656
-21.677772521972656,18.89806365966797,46.54381561279297
-21.98474884033203,18.649009704589844,46.30071258544922
-22.314422607421875,18.413658142089844,46.05741882324219
-22.529319763183594,18.29852294921875,45.989234924316406
-22.872703552246094,18.12841033935547,45.980682373046875
-23.09180450439453,18.164169311523438,45.906280517578125
-23.396766662597656,18.20024871826172,45.966339111328125
-23.540992736816406,18.275901794433594,45.80616760253906
-23.818809509277344,18.134849548339844,45.68385314941406
-24.09375762939453,18.065460205078125,45.407745361328125
-24.491737365722656,17.94159698486328,45.093482971191406
-24.93413543701172,17.706146240234375,45.115257263183594
-25.19408416748047,17.47486114501953,44.980873107910156
-25.735557556152344,17.164100646972656,44.83142852783203
-26.045249938964844,16.87047576904297,44.745635986328125
-26.369544982910156,16.50830841064453,44.645965576171875
-26.784812927246094,16.2685546875,44.561729431152344
-26.976280212402344,16.14971160888672,44.44452667236328
-27.098182678222656,16.143836975097656,44.267669677734375
-27.274879455566406,16.302749633789062,44.12371063232422
-27.352943420410156,16.654693603515625,43.923492431640625
-27.302330017089844,16.99559783935547,43.933204650878906
-27.29322052001953,17.175582885742188,43.89514923095703
-27.28179168701172,17.288619995117188,43.84516906738281
-27.358848571777344,17.48095703125,43.821014404296875
-27.454368591308594,17.527740478515625,43.86054992675781
-27.67345428466797,17.29767608642578,44.00263214111328
-27.832359313964844,17.0858154296875,44.015167236328125
-27.98522186279297,16.745040893554688,44.163719177246094
-28.18962860107422,16.26514434814453,44.29795837402344
-28.41143035888672,15.829986572265625,44.52587127685547
-28.53905487060547,15.518203735351562,44.631446838378906
-28.674781799316406,15.087142944335938,45.031219482421875
-28.41997528076172,14.764892578125,45.578765869140625
-28.05065155029297,14.780349731445312,46.306488037109375
-27.61736297607422,15.211708068847656,47.19453430175781
-27.147422790527344,15.910591125488281,48.37560272216797
-26.680198669433594,16.926406860351562,49.76751708984375
-26.25574493408203,18.178131103515625,51.331451416015625
-25.906211853027344,19.72248077392578,52.77702331542969
-25.77295684814453,21.60736083984375,54.48138427734375
-25.751502990722656,23.94537353515625,56.2440185546875
-25.95629119873047,26.800201416015625,57.676849365234375
-26.42821502685547,30.037948608398438,58.35791778564453
-27.07849884033203,33.558250427246094,58.54967498779297
-27.71886444091797,37.02272033691406,57.75071716308594
-28.43816375732422,39.951141357421875,56.392539978027344
-28.64019012451172,42.25553894042969,54.42528533935547
-28.908531188964844,43.694908142089844,52.611061096191406
-29.15827178955078,44.53291320800781,51.22064208984375
-29.372352600097656,44.91876983642578,50.472206115722656
-29.56261444091797,45.114768981933594,50.469032287597656
-29.959434509277344,45.116233825683594,50.62519073486328
-30.193641662597656,45.131019592285156,50.755332946777344
-30.56549835205078,45.134307861328125,50.566871643066406
-30.767295837402344,45.164306640625,50.224876403808594
-30.99578094482422,45.5965576171875,50.02690887451172
-31.40949249267578,46.25975036621094,49.984130859375
-31.824562072753906,46.87748718261719,50.33356475830078
-32.355186462402344,47.60406494140625,50.951011657714844
-33.095680236816406,48.50994110107422,51.93449401855469
-33.997520446777344,49.509185791015625,52.68273162841797
-34.916053771972656,50.47349548339844,53.03021240234375
-35.70722198486328,51.48651123046875,52.63262176513672
-36.32946014404297,52.261512756347656,51.60759735107422
-36.84626007080078,52.82029724121094,50.167747497558594
-37.37201690673828,53.61780548095703,48.652130126953125
-38.202659606933594,54.69459533691406,47.64777374267578
-39.06060028076172,55.72639465332031,47.23072052001953
-40.19280242919922,56.521034240722656,47.18898010253906
-41.46971893310547,56.92163848876953,47.254425048828125
-42.95995330810547,56.88719177246094,46.91899108886719
-44.737037658691406,56.372352600097656,45.61228942871094
-46.932762145996094,55.704559326171875,42.53302001953125
-50.125831604003906,55.73572540283203,36.93791198730469
-54.496742248535156,58.25306701660156,29.39611053466797
-58.183204650878906,61.08204650878906,23.754600524902344
-59.49761199951172,62.12858581542969,21.70917510986328
-59.874671936035156,62.58234405517578,21.28173065185547
-59.78675079345703,62.756141662597656,21.154457092285156
-59.80260467529297,62.979148864746094,21.254539489746094
-59.70984649658203,63.24397277832031,21.364303588867188
-59.396400451660156,63.46037292480469,21.499244689941406
-59.39051055908203,63.65919494628906,21.562332153320312
-59.23882293701172,63.81483459472656,21.55664825439453
-59.34204864501953,63.922218322753906,21.518264770507812
-59.462135314941406,64.15229797363281,21.36810302734375
-59.486595153808594,64.30046844482422,21.40294647216797
-59.321556091308594,64.5761489868164,21.451553344726562
-58.94532012939453,64.67001342773438,21.62824249267578
-58.299705505371094,64.81983184814453,22.01776123046875
-57.705162048339844,65.2751235961914,22.285072326660156
-57.16722869873047,65.66191864013672,22.67504119873047
-56.507911682128906,66.2001953125,22.864234924316406
-55.59876251220703,66.8310775756836,23.341964721679688
-54.448158264160156,67.58827209472656,23.65650177001953
-53.23584747314453,68.34190368652344,24.12591552734375
-51.760841369628906,69.21337127685547,24.71002960205078
-50.352394104003906,70.05692291259766,25.156455993652344
-48.63622283935547,70.94520568847656,25.517539978027344
-47.17394256591797,71.76484680175781,25.789276123046875
-45.70482635498047,72.4461669921875,26.266929626464844
-44.382728576660156,73.10238647460938,26.555343627929688
-43.07878875732422,73.43400573730469,26.94377899169922
-41.82831573486328,73.8662109375,27.214599609375
-40.606117248535156,74.14675903320312,27.644447326660156
-39.59992218017578,74.51104736328125,27.920204162597656
-38.844749450683594,74.86875915527344,28.097564697265625
-37.84838104248047,75.10125732421875,28.31017303466797
-36.896751403808594,75.25563049316406,28.393333435058594
-36.104637145996094,75.57072448730469,28.28553009033203
-35.258018493652344,75.76924133300781,28.415687561035156
-34.41655731201172,75.935302734375,28.51348114013672
-33.79840850830078,76.07719421386719,28.600181579589844
-33.326393127441406,76.18312072753906,28.51178741455078
-32.766212463378906,76.15223693847656,28.501190185546875
-32.40534210205078,76.23033142089844,28.51776123046875
-32.161354064941406,76.27284240722656,28.625450134277344
-32.11058807373047,76.11985778808594,28.772987365722656
-32.31102752685547,75.96034240722656,28.817214965820312
-32.30339813232422,75.99929809570312,28.754058837890625
-32.11479949951172,75.85639953613281,28.71849822998047
-32.081382751464844,75.73345947265625,28.780990600585938
-32.141624450683594,75.73423767089844,28.893394470214844
-32.181114196777344,75.62826538085938,28.872879028320312
-32.345298767089844,75.59150695800781,28.779220581054688
-32.296913146972656,75.65162658691406,28.589675903320312
-32.16748809814453,75.99441528320312,28.372840881347656
-31.88379669189453,76.15486145019531,28.413848876953125
-31.784950256347656,76.34625244140625,28.485984802246094
-31.92540740966797,76.30398559570312,28.50707244873047
-31.95209503173828,76.196044921875,28.5455322265625
-32.20264434814453,75.99339294433594,28.60546112060547
-32.39696502685547,75.63136291503906,28.66143035888672
-32.56920623779297,75.41854858398438,28.732566833496094
-32.521629333496094,75.00552368164062,28.926170349121094
-32.368873596191406,74.89837646484375,28.943267822265625
-32.17119598388672,74.99676513671875,29.01398468017578
-31.93529510498047,75.14816284179688,28.943710327148438
-31.75865936279297,75.41041564941406,28.89824676513672
-31.35956573486328,75.68240356445312,28.832229614257812
-30.985267639160156,75.99812316894531,28.71753692626953
-30.631813049316406,76.15184020996094,28.65729522705078
-30.36878204345703,76.25837707519531,28.790985107421875
-30.07538604736328,76.13206481933594,28.864295959472656
-29.738609313964844,75.87258911132812,28.938583374023438
-29.421897888183594,75.49464416503906,29.0919189453125
-29.11487579345703,75.0728759765625,29.073997497558594
-29.011756896972656,74.814208984375,29.074737548828125
-28.85071563720703,74.7962646484375,29.013671875
-28.69251251220703,75.10067749023438,28.900901794433594
-28.656715393066406,75.477294921875,28.873748779296875
-28.872657775878906,75.8330078125,28.710693359375
-29.13896942138672,76.27384948730469,28.602752685546875
-29.499778747558594,76.71072387695312,28.447486877441406
-29.770423889160156,77.13865661621094,28.15155792236328
-30.09862518310547,77.39546203613281,27.79022979736328
-30.29145050048828,77.61189270019531,27.702896118164062
-30.48619842529297,77.85760498046875,27.62256622314453
-30.690528869628906,78.0673828125,27.680404663085938
-30.762718200683594,78.22793579101562,27.64820098876953
-30.791969299316406,78.09420776367188,27.681259155273438
-30.74347686767578,77.98844909667969,27.64141845703125
-30.78197479248047,77.90382385253906,27.775779724121094
-31.102073669433594,77.80830383300781,27.78253173828125
-31.448707580566406,77.73890686035156,27.753372192382812
-32.07459259033203,77.74354553222656,27.630577087402344
-32.861656188964844,77.77151489257812,27.433799743652344
-33.52198028564453,77.86245727539062,27.084701538085938
-34.404151916503906,78.20379638671875,26.83495330810547
-35.05718231201172,78.51754760742188,26.559951782226562
-35.518348693847656,78.63163757324219,26.366539001464844
-35.92565155029297,78.48416137695312,26.416908264160156
-36.18383026123047,78.04583740234375,26.725082397460938
-36.24500274658203,77.47306823730469,27.15270233154297
-36.26897430419922,76.8668212890625,27.608779907226562
-35.82476043701172,75.98204040527344,28.130577087402344
-35.273902893066406,75.21420288085938,28.61711883544922
-34.34996795654297,74.3848876953125,29.168258666992188
-33.348793029785156,73.75749206542969,29.37946319580078
-32.413002014160156,73.26858520507812,29.74394989013672
-31.743690490722656,72.81929016113281,30.157203674316406
-31.271202087402344,72.338134765625,30.300521850585938
-31.17003631591797,71.88621520996094,30.477859497070312
-31.493797302246094,71.58683776855469,30.45433807373047
-32.254859924316406,71.45588684082031,30.575241088867188
-32.98920440673828,71.34417724609375,30.580841064453125
-33.72600555419922,71.25202941894531,30.58350372314453
-34.504859924316406,71.18952178955078,30.441009521484375
-35.271629333496094,71.27015686035156,30.143516540527344
-35.894004821777344,71.37702941894531,29.897018432617188
-36.558250427246094,71.68009948730469,29.68920135498047
-37.04187774658203,71.87446594238281,29.568756103515625
-37.557518005371094,72.01217651367188,29.445632934570312
-38.084022521972656,72.1502685546875,29.167625427246094
-38.714637756347656,72.31025695800781,28.995941162109375
-39.11412811279297,72.41555786132812,28.70513916015625
-39.65026092529297,72.29452514648438,28.545982360839844
-40.14885711669922,71.7994384765625,28.540237426757812
-40.84496307373047,71.38374328613281,28.592140197753906
-41.26805877685547,70.80149841308594,28.678504943847656
-41.93634796142578,70.21125793457031,28.679763793945312
-42.619300842285156,69.5515365600586,28.470382690429688
-43.64318084716797,68.84127044677734,28.38538360595703
-44.776649475097656,68.20013427734375,28.07672882080078
-45.83873748779297,67.58878326416016,27.77800750732422
-46.81287384033203,67.30577087402344,27.357803344726562
-47.960609436035156,67.36898803710938,27.039108276367188
-48.771156311035156,67.45509338378906,26.590896606445312
-49.441444396972656,67.55442810058594,26.193511962890625
-50.097999572753906,67.54084014892578,25.903350830078125
-50.77733612060547,67.22734832763672,25.594970703125
-51.405906677246094,66.88896179199219,25.44677734375
-51.992881774902344,66.67536926269531,25.155372619628906
-52.51256561279297,66.52955627441406,24.812667846679688
-53.008934020996094,66.4808578491211,24.63184356689453
-53.533226013183594,66.43508911132812,24.40483856201172
-53.991355895996094,66.30461120605469,24.28998565673828
-54.42394256591797,66.22288513183594,24.042190551757812
-54.897560119628906,66.38382720947266,23.72614288330078
-55.05687713623047,66.60639953613281,23.372711181640625
-55.456565856933594,66.87527465820312,22.8961181640625
-56.022789001464844,66.91470336914062,22.405685424804688
-56.72991180419922,66.67533874511719,21.99048614501953
-57.50769805908203,66.55791473388672,21.449180603027344
-58.250648498535156,66.44937896728516,20.980125427246094
-58.90917205810547,66.27452850341797,20.578338623046875
-59.561256408691406,66.56835174560547,20.0147705078125
-59.994483947753906,67.08794403076172,19.49268341064453
-60.388160705566406,68.14825439453125,18.84899139404297
-60.64311981201172,69.19747924804688,18.088150024414062
-61.25426483154297,70.24019622802734,17.204803466796875
-61.78655242919922,71.25230407714844,16.37824249267578
-62.25952911376953,72.14678955078125,15.589141845703125
-62.165245056152344,72.98588562011719,15.230255126953125
-61.69261932373047,73.64816284179688,15.412353515625
-60.853309631347656,74.232666015625,15.678543090820312
-60.12883758544922,74.72833251953125,16.15149688720703
-59.097938537597656,75.19282531738281,16.70305633544922
-58.44664764404297,75.80168151855469,17.091102600097656
-57.93103790283203,76.3406982421875,17.327354431152344
-57.51158905029297,76.82179260253906,17.462486267089844
-56.99024200439453,77.34971618652344,17.640945434570312
-56.181602478027344,77.84327697753906,17.852325439453125
-55.348670959472656,78.29312133789062,18.07189178466797
-54.49219512939453,78.83662414550781,18.3475341796875
-53.357688903808594,79.37705993652344,18.689849853515625
-52.33928680419922,79.95620727539062,18.96038055419922
-51.365135192871094,80.51692199707031,18.99779510498047
-50.59711456298828,81.04100036621094,19.071563720703125
-50.02758026123047,81.64060974121094,19.06719970703125
-49.712669372558594,82.13363647460938,18.980255126953125
-49.02277374267578,82.55076599121094,18.846893310546875
-48.381263732910156,83.02676391601562,18.8970947265625
-47.485511779785156,83.62257385253906,18.977371215820312
-46.681297302246094,84.099365234375,18.997589111328125
-46.681297302246094,84.099365234375,18.997589111328125
-45.856239318847656,84.58717346191406,19.066131591796875
-44.947593688964844,85.08988952636719,19.085296630859375
-44.279258728027344,85.6705322265625,19.00487518310547
-43.55860137939453,86.18315124511719,18.833480834960938
-43.068641662597656,86.71855163574219,18.457984924316406
-42.622413635253906,87.27644348144531,18.063812255859375
-42.15259552001953,87.80894470214844,17.73267364501953
-41.467185974121094,88.46273803710938,17.423873901367188
-40.68030548095703,89.095458984375,17.315773010253906
-39.62934112548828,89.53041076660156,17.404281616210938
-38.47960662841797,89.52662658691406,17.72943878173828
-37.28748321533203,89.36656188964844,17.976181030273438
-36.414207458496094,89.28477478027344,18.330894470214844
-35.540138244628906,89.21524047851562,18.701683044433594
-34.70856475830078,89.20628356933594,18.811904907226562
-33.922584533691406,89.33149719238281,18.859214782714844
-33.065528869628906,89.34701538085938,18.981040954589844
-31.990745544433594,89.3060302734375,19.100372314453125
-31.027305603027344,89.1158447265625,19.380294799804688
-29.926002502441406,88.92024230957031,19.70716094970703
-28.92548370361328,88.55897521972656,20.010719299316406
-28.27452850341797,88.29405212402344,20.369247436523438
-27.89435577392578,88.177734375,20.61524200439453
-27.698875427246094,88.10307312011719,20.537620544433594
-27.797569274902344,88.09947204589844,20.469390869140625
-27.825279235839844,88.12699890136719,20.647354125976562
-27.964805603027344,88.16392517089844,20.778366088867188
-28.23590850830078,88.03741455078125,20.74811553955078
-28.70195770263672,88.08724975585938,20.877342224121094
-29.085487365722656,87.92022705078125,20.913970947265625
-29.23340606689453,87.54425048828125,21.08782958984375
-29.251487731933594,87.41525268554688,21.125518798828125
-29.238563537597656,87.40182495117188,21.061508178710938
-29.406272888183594,87.37515258789062,21.171249389648438
-29.431190490722656,87.29090881347656,21.070877075195312
-29.54077911376953,87.2908935546875,20.881874084472656
-29.689491271972656,87.23265075683594,20.847732543945312
-29.71375274658203,87.28651428222656,20.74761199951172
-29.75562286376953,87.21058654785156,20.569053649902344
-29.879539489746094,87.27105712890625,20.54393768310547
-29.878746032714844,87.24156188964844,20.565185546875
-29.82947540283203,87.27571105957031,20.549652099609375
-29.885154724121094,87.25144958496094,20.5604248046875
-29.811317443847656,87.25361633300781,20.707931518554688
-29.770591735839844,87.27171325683594,20.895729064941406
-29.764122009277344,87.24879455566406,20.97198486328125
-29.61115264892578,87.24700927734375,20.829025268554688
-29.596763610839844,87.23417663574219,20.697052001953125
-29.634620666503906,87.31706237792969,20.588165283203125
-29.472923278808594,87.388671875,20.6435546875
-29.48584747314453,87.4564208984375,20.808242797851562
-29.414573669433594,87.55551147460938,20.909393310546875
-29.388160705566406,87.60734558105469,21.00745391845703
-29.432594299316406,87.51431274414062,20.874893188476562
-29.55731964111328,87.53974914550781,20.868667602539062
-29.56262969970703,87.48379516601562,20.80590057373047
-29.61345672607422,87.47932434082031,20.780654907226562
-29.656959533691406,87.55006408691406,20.94219207763672
-29.61882781982422,87.53656005859375,20.98548126220703
-29.59545135498047,87.50759887695312,21.134063720703125
-29.62714385986328,87.52005004882812,21.15076446533203
-29.44770050048828,87.46510314941406,21.195327758789062
-29.494468688964844,87.35005187988281,21.11956787109375
-29.530296325683594,87.3441162109375,21.089691162109375
-29.49871063232422,87.34371948242188,21.009925842285156
-29.503761291503906,87.22996520996094,20.915016174316406
-29.422813415527344,87.19935607910156,20.812103271484375
-29.47138214111328,87.23098754882812,20.95904541015625
-29.48584747314453,87.26885986328125,20.93719482421875
-29.641090393066406,87.24180603027344,20.903640747070312
-29.68024444580078,87.28190612792969,20.94854736328125
-29.831748962402344,87.39848327636719,21.088722229003906
-29.74213409423828,87.33769226074219,20.9920654296875
-29.708274841308594,87.38801574707031,20.998214721679688
-29.633567810058594,87.406982421875,21.022491455078125
-29.61290740966797,87.43586730957031,20.99524688720703
-29.73969268798828,87.35653686523438,20.965972900390625
-29.70569610595703,87.45106506347656,21.115142822265625
-29.71045684814453,87.48497009277344,21.270355224609375
-29.76781463623047,87.48939514160156,21.25611114501953
-29.65235137939453,87.41566467285156,21.290618896484375
-29.623680114746094,87.45022583007812,21.31853485107422
-29.633567810058594,87.52586364746094,21.299514770507812
-29.74205780029297,87.60250854492188,21.10614013671875
-29.703590393066406,87.61331176757812,21.071937561035156
-29.766014099121094,87.61393737792969,21.100257873535156
-29.791831970214844,87.56031799316406,21.088088989257812
-29.693138122558594,87.37968444824219,20.978309631347656
-29.59845733642578,87.3153076171875,21.008560180664062
-29.677574157714844,87.39242553710938,20.959274291992188
-29.66529083251953,87.36503601074219,20.84699249267578
-29.72980499267578,87.34178161621094,21.03345489501953
-29.76874542236328,87.33171081542969,21.15467071533203
-29.73717498779297,87.32911682128906,21.043968200683594
-29.749305725097656,87.34184265136719,20.846359252929688
-29.693519592285156,87.39973449707031,20.82225799560547
-29.737342834472656,87.43301391601562,20.85004425048828
-29.72022247314453,87.34637451171875,20.809288024902344
-29.745643615722656,87.42245483398438,20.942642211914062
-29.706092834472656,87.52459716796875,20.884483337402344
-29.71240997314453,87.42588806152344,20.814559936523438
-29.689048767089844,87.33694458007812,20.959991455078125
-29.73571014404297,87.34555053710938,21.017379760742188
-29.758079528808594,87.35369873046875,21.14228057861328
-29.784629821777344,87.40542602539062,20.988815307617188
-29.747337341308594,87.27180480957031,20.86461639404297
-29.70178985595703,87.34925842285156,20.885047912597656
-29.744239807128906,87.23965454101562,20.992530822753906
-29.70130157470703,87.33876037597656,21.112754821777344
-29.590171813964844,87.24830627441406,21.082992553710938
-29.67377471923828,87.12007141113281,21.283653259277344
-29.838661193847656,87.18513488769531,21.33612060546875
-29.903724670410156,87.24040222167969,21.2269287109375
-29.80278778076172,87.22019958496094,21.168441772460938
-29.72980499267578,87.25140380859375,21.163848876953125
-29.76422882080078,87.36820983886719,21.000198364257812
-29.714576721191406,87.2261962890625,21.00414276123047
-29.76874542236328,87.18812561035156,20.938880920410156
-29.76673126220703,87.31739807128906,20.990882873535156
-29.61302947998047,87.42906188964844,21.09288787841797
-29.591392517089844,87.45277404785156,21.071334838867188
-29.676658630371094,87.47145080566406,21.064552307128906
-29.63860321044922,87.53036499023438,21.15229034423828
-29.65343475341797,87.43142700195312,21.257949829101562
-29.601097106933594,87.36332702636719,21.39708709716797
-29.55107879638672,87.26200866699219,21.440223693847656
-29.60143280029297,87.28158569335938,21.30542755126953
-29.52124786376953,87.359130859375,21.2728271484375
-29.437950134277344,87.383056640625,21.33386993408203
-29.35840606689453,87.51963806152344,21.30567169189453
-29.321449279785156,87.56027221679688,21.3380126953125
-29.286720275878906,87.43128967285156,21.340652465820312
-29.406944274902344,87.47865295410156,21.343788146972656
-29.511741638183594,87.35060119628906,21.228294372558594
-29.582679748535156,87.39828491210938,21.076416015625
-29.56475067138672,87.34465026855469,20.99835205078125
-29.530860900878906,87.42037963867188,20.975486755371094
-29.440452575683594,87.35713195800781,20.84021759033203
-29.314353942871094,87.43873596191406,20.943031311035156
-29.359092712402344,87.52127075195312,21.121810913085938
-29.36290740966797,87.54042053222656,21.28968048095703
-29.33063507080078,87.48562622070312,21.364158630371094
-29.196754455566406,87.43467712402344,21.46105194091797
-29.154502868652344,87.34738159179688,21.458656311035156
-29.205039978027344,87.33430480957031,21.497665405273438
-29.04943084716797,87.36900329589844,21.361785888671875
-29.156333923339844,87.39222717285156,21.304244995117188
-29.135093688964844,87.31048583984375,21.153244018554688
-29.307273864746094,87.28480529785156,21.244796752929688
-29.25572967529297,87.33514404296875,21.296890258789062
-29.296897888183594,87.28143310546875,21.251487731933594
-29.309043884277344,87.32774353027344,21.279525756835938
-29.26380157470703,87.33760070800781,21.198394775390625
-29.32775115966797,87.49617004394531,21.20665740966797
-29.383338928222656,87.50668334960938,21.075363159179688
-29.33983612060547,87.48626708984375,21.163970947265625
-29.466575622558594,87.36848449707031,21.29376983642578
-29.49852752685547,87.26182556152344,21.318191528320312
-29.46741485595703,87.36677551269531,21.26300048828125
-29.45246124267578,87.41204833984375,21.169952392578125
-29.402870178222656,87.50218200683594,21.018646240234375
-29.40856170654297,87.45909118652344,20.985984802246094
-29.394309997558594,87.48837280273438,20.93767547607422
-29.42852020263672,87.50759887695312,20.92249298095703
-29.497596740722656,87.45585632324219,21.127349853515625
-29.47814178466797,87.364013671875,21.18383026123047
-29.41199493408203,87.35208129882812,21.1436767578125
-29.467491149902344,87.38337707519531,21.147537231445312
-29.454444885253906,87.45124816894531,21.092025756835938
-29.34484100341797,87.43330383300781,21.093978881835938
-29.272483825683594,87.42399597167969,21.2755126953125
-29.456993103027344,87.49151611328125,21.317138671875
-29.407508850097656,87.41996765136719,21.285926818847656
-29.411293029785156,87.41865539550781,21.43909454345703
-29.496681213378906,87.53103637695312,21.5809326171875
-29.450477600097656,87.54438781738281,21.76056671142578
-29.51020050048828,87.47322082519531,21.55461883544922
-29.495567321777344,87.40872192382812,21.333053588867188
-29.534934997558594,87.38471984863281,21.189376831054688
-29.54833221435547,87.35671997070312,21.246627807617188
-29.55817413330078,87.421142578125,21.374465942382812
-29.62421417236328,87.52613830566406,21.328598022460938
-29.580345153808594,87.3662109375,21.293678283691406
-29.579978942871094,87.33512878417969,21.340309143066406
-29.61772918701172,87.33604431152344,21.28131103515625
-29.62529754638672,87.46888732910156,21.252906799316406
-29.58142852783203,87.58625793457031,21.424224853515625
-29.465003967285156,87.55535888671875,21.444549560546875
-29.554161071777344,87.38328552246094,21.49193572998047
-29.74933624267578,87.44084167480469,21.48773956298828
-29.75556182861328,87.53520202636719,21.314964294433594
-29.63610076904297,87.59733581542969,21.26355743408203
-29.50688934326172,87.52651977539062,21.147850036621094
-29.36511993408203,87.47357177734375,21.13238525390625
-29.477455139160156,87.56729125976562,21.149192810058594
-29.383583068847656,87.59228515625,21.225204467773438
-29.38359832763672,87.57601928710938,21.28002166748047
-29.30341339111328,87.62161254882812,21.303115844726562
-29.369590759277344,87.54603576660156,21.348228454589844
-29.44715118408203,87.4791259765625,21.21887969970703
-29.52745819091797,87.44873046875,21.110870361328125
-29.63060760498047,87.51348876953125,21.17375946044922
-29.69274139404297,87.51875305175781,21.2486572265625
-29.648033142089844,87.53860473632812,21.23998260498047
-29.656898498535156,87.48025512695312,21.275665283203125
-29.649620056152344,87.48622131347656,21.33929443359375
-29.63671112060547,87.55070495605469,21.277320861816406
-29.652183532714844,87.47593688964844,21.327484130859375
-29.72026824951172,87.60897827148438,21.200294494628906
-29.620277404785156,87.5855712890625,21.106781005859375
-29.722084045410156,87.54656982421875,21.057167053222656
-29.747047424316406,87.55587768554688,20.963577270507812
-29.77338409423828,87.40374755859375,21.02629852294922
-29.597129821777344,87.35185241699219,21.145050048828125
-29.597740173339844,87.33186340332031,21.12830352783203
-29.74854278564453,87.34425354003906,21.160751342773438
-29.63751983642578,87.34037780761719,21.2205810546875
-29.51659393310547,87.47679138183594,21.31385040283203
-29.36829376220703,87.6226806640625,21.111289978027344
-29.34551239013672,87.668212890625,20.968841552734375
-29.36650848388672,87.625,20.929412841796875
-29.402000427246094,87.74185180664062,21.114517211914062
-29.404212951660156,87.64344787597656,21.21856689453125
-29.51036834716797,87.67109680175781,21.28624725341797
-29.674354553222656,87.65171813964844,21.220909118652344
-29.77727508544922,87.69607543945312,21.297401428222656
-29.63452911376953,87.57586669921875,21.300254821777344
-29.476341247558594,87.53158569335938,21.458030700683594
-29.613258361816406,87.54933166503906,21.481231689453125
-29.547691345214844,87.49418640136719,21.45128631591797
-29.597694396972656,87.47047424316406,21.414207458496094
-29.570152282714844,87.50044250488281,21.502784729003906
-29.584007263183594,87.36451721191406,21.53746795654297
-29.599754333496094,87.35679626464844,21.485076904296875
-29.64252471923828,87.365478515625,21.43512725830078
-29.603843688964844,87.40768432617188,21.45123291015625
-29.756370544433594,87.38429260253906,21.493911743164062
-29.71599578857422,87.23393249511719,21.382408142089844
-29.741905212402344,87.20729064941406,21.21489715576172
-29.72167205810547,87.31903076171875,21.222740173339844
-29.688636779785156,87.33026123046875,21.322769165039062
-29.74407196044922,87.34408569335938,21.43109893798828
-29.690467834472656,87.32249450683594,21.381973266601562
-29.66645050048828,87.24609375,21.160301208496094
-29.773841857910156,87.35888671875,21.241905212402344
-29.71202850341797,87.38743591308594,21.257545471191406
-29.798072814941406,87.40092468261719,21.140419006347656
-29.81182098388672,87.38272094726562,21.08936309814453
-29.767127990722656,87.39079284667969,21.11066436767578
-29.62189483642578,87.425048828125,21.146331787109375
-29.602867126464844,87.36624145507812,21.122032165527344
-29.62061309814453,87.39471435546875,21.1734619140625
-29.57080841064453,87.4368896484375,20.99010467529297
-29.451698303222656,87.48388671875,21.029251098632812
-29.502357482910156,87.52049255371094,21.080520629882812
-29.52619171142578,87.464599609375,21.12987518310547
-29.650291442871094,87.54501342773438,21.121749877929688
-29.689109802246094,87.56582641601562,21.370948791503906
-29.624732971191406,87.48045349121094,21.26708984375
-29.501686096191406,87.35537719726562,21.32959747314453
-29.61066436767578,87.4202880859375,21.351577758789062
-29.61186981201172,87.420654296875,21.30986785888672
-29.57964324951172,87.32728576660156,21.2685546875
-29.51232147216797,87.35244750976562,21.2633056640625
-29.41614532470703,87.3330078125,21.126266479492188
-29.650474548339844,87.33709716796875,21.13011932373047
-29.70142364501953,87.37016296386719,21.250396728515625
-29.74803924560547,87.39117431640625,21.31817626953125
-29.73589324951172,87.34014892578125,21.259620666503906
-29.730735778808594,87.394287109375,21.313095092773438
-29.690711975097656,87.40834045410156,21.285980224609375
-29.69220733642578,87.37181091308594,21.39514923095703
-29.774696350097656,87.37118530273438,21.377120971679688
-29.805015563964844,87.37983703613281,21.439002990722656
-29.776206970214844,87.35986328125,21.397491455078125
-29.747032165527344,87.39927673339844,21.356979370117188
-29.772499084472656,87.35441589355469,21.341758728027344
-29.74987030029297,87.31718444824219,21.299423217773438
-29.636512756347656,87.346435546875,21.34723663330078
-29.51824188232422,87.3524169921875,21.19287109375
-29.48615264892578,87.33134460449219,21.23035430908203
-29.573509216308594,87.35438537597656,21.25249481201172
-29.65538787841797,87.36698913574219,21.366241455078125
-29.774070739746094,87.33219909667969,21.56812286376953
-29.800865173339844,87.34611511230469,21.472732543945312
-29.76219940185547,87.32496643066406,21.378738403320312
-29.795860290527344,87.45651245117188,21.35430908203125
-29.666709899902344,87.41629028320312,21.147659301757812
-29.67760467529297,87.42866516113281,21.11663818359375
-29.58000946044922,87.47406005859375,21.145477294921875
-29.63031768798828,87.645263671875,21.119522094726562
-29.567283630371094,87.61448669433594,21.199676513671875
-29.70970916748047,87.51263427734375,21.302574157714844
-29.64904022216797,87.40826416015625,21.246353149414062
-29.64356231689453,87.43083190917969,21.394943237304688
-29.73462677001953,87.4873046875,21.29473114013672
-29.656715393066406,87.41322326660156,21.17101287841797
-29.726890563964844,87.4102783203125,21.103233337402344
-29.74517059326172,87.45724487304688,21.187278747558594
-29.76831817626953,87.46533203125,21.309303283691406
-29.75896453857422,87.38088989257812,21.447540283203125
-29.77123260498047,87.33363342285156,21.412498474121094
-29.745994567871094,87.34689331054688,21.414794921875
-29.714332580566406,87.41239929199219,21.277435302734375
-29.725379943847656,87.58673095703125,21.273963928222656
-29.798667907714844,87.66053771972656,21.432167053222656
-29.70844268798828,87.50909423828125,21.410614013671875
-29.779273986816406,87.29548645019531,21.440032958984375
-29.714439392089844,87.24958801269531,21.29291534423828
-29.75470733642578,87.18876647949219,21.18726348876953
-29.72777557373047,87.23268127441406,21.159828186035156
-29.669761657714844,87.20852661132812,21.131629943847656
-29.63506317138672,87.36250305175781,21.0162353515625
-29.736366271972656,87.33253479003906,21.116966247558594
-29.766197204589844,87.47389221191406,21.25049591064453
-29.667213439941406,87.52182006835938,21.322593688964844
-29.551170349121094,87.48454284667969,21.27197265625
-29.625038146972656,87.49391174316406,21.320343017578125
-29.62964630126953,87.61471557617188,21.321083068847656
-29.59294891357422,87.67678833007812,21.244651794433594
-29.48394012451172,87.80035400390625,21.22125244140625
-29.517311096191406,87.76968383789062,21.129776000976562
-29.493629455566406,87.80357360839844,21.079116821289062
-29.47296905517578,87.80593872070312,20.904556274414062
-29.30158233642578,87.66937255859375,20.81475067138672
-29.29241180419922,87.60392761230469,20.906768798828125
-29.301902770996094,87.72138977050781,21.037322998046875
-29.334678649902344,87.79197692871094,21.186126708984375
-29.30089569091797,87.64459228515625,21.277328491210938
-29.35491180419922,87.52545166015625,21.242584228515625
-29.482460021972656,87.578125,21.36847686767578
-29.424339294433594,87.61837768554688,21.462547302246094
-29.360435485839844,87.67686462402344,21.354835510253906
-29.37274932861328,87.59941101074219,21.210113525390625
-29.39147186279297,87.56280517578125,21.28253173828125
-29.51679229736328,87.55316162109375,21.4517822265625
-29.59429168701172,87.50703430175781,21.318870544433594
-29.390342712402344,87.38105773925781,21.328460693359375
-29.339454650878906,87.39561462402344,21.32379150390625
-29.41150665283203,87.39637756347656,21.40618896484375
-29.53150177001953,87.46966552734375,21.385848999023438
-29.712623596191406,87.54237365722656,21.203880310058594
-29.65245819091797,87.37052917480469,20.993240356445312
-29.585350036621094,87.3997802734375,20.958877563476562
-29.73578643798828,87.40461730957031,20.932907104492188
-29.677589416503906,87.35006713867188,20.978240966796875
-29.51905059814453,87.48678588867188,21.11717987060547
-29.49451446533203,87.57345581054688,21.073501586914062
-29.490928649902344,87.65139770507812,21.038284301757812
-29.50556182861328,87.68592834472656,21.02576446533203
-29.518882751464844,87.60456848144531,20.951072692871094
-29.62322235107422,87.48855590820312,20.9732666015625
-29.48766326904297,87.48884582519531,21.02790069580078
-29.469688415527344,87.45489501953125,20.99310302734375
-29.39842987060547,87.36968994140625,21.0609130859375
-29.418418884277344,87.35888671875,21.212745666503906
-29.48096466064453,87.36074829101562,21.11933135986328
-29.577003479003906,87.46780395507812,21.154212951660156
-29.613609313964844,87.50016784667969,20.9859619140625
-29.614891052246094,87.42677307128906,21.100631713867188
-29.61443328857422,87.37165832519531,21.24420928955078
-29.491294860839844,87.44929504394531,21.31170654296875
-29.445457458496094,87.52175903320312,21.149452209472656
-29.45482635498047,87.52597045898438,21.124656677246094
-29.44171905517578,87.54359436035156,21.072288513183594
-29.57854461669922,87.39817810058594,21.00096893310547
-29.561134338378906,87.37567138671875,20.984947204589844
-29.57764434814453,87.35511779785156,21.010223388671875
-29.57764434814453,87.35511779785156,21.010223388671875
-29.703468322753906,87.34199523925781,20.9927978515625
-29.53539276123047,87.3948974609375,21.16716766357422
-29.44483184814453,87.46315002441406,21.239608764648438
-29.438133239746094,87.50935363769531,21.130775451660156
-29.37519073486328,87.48576354980469,21.054893493652344
-29.34398651123047,87.54524230957031,20.95318603515625
-29.350975036621094,87.52619934082031,20.979522705078125
-29.322837829589844,87.51583862304688,21.153564453125
-29.34142303466797,87.43296813964844,21.141647338867188
-29.327064514160156,87.42991638183594,21.13782501220703
-29.29137420654297,87.48898315429688,21.095069885253906
-29.320655822753906,87.43112182617188,21.12255859375
-29.296546936035156,87.41192626953125,21.067245483398438
-29.321022033691406,87.42823791503906,21.060714721679688
-29.25537872314453,87.44377136230469,20.93524932861328
-29.25366973876953,87.35113525390625,20.84589385986328
-29.297645568847656,87.3992919921875,20.871292114257812
-29.457374572753906,87.2420654296875,21.079177856445312
-29.506187438964844,87.21281433105469,21.240158081054688
-29.59081268310547,87.36782836914062,21.239212036132812
-29.592063903808594,87.40005493164062,21.34906005859375
-29.674110412597656,87.38385009765625,21.36175537109375
-29.76758575439453,87.40592956542969,21.232826232910156
-29.62055206298828,87.39497375488281,21.100128173828125
-29.62445831298828,87.36225891113281,21.03119659423828
-29.47760772705078,87.32296752929688,21.04851531982422
-29.462989807128906,87.37393188476562,21.05255126953125
-29.498741149902344,87.37229919433594,20.931549072265625
-29.558372497558594,87.35073852539062,20.979270935058594
-29.431358337402344,87.35844421386719,21.071083068847656
-29.577659606933594,87.35980224609375,21.004928588867188
-29.68212127685547,87.40472412109375,21.008193969726562
-29.736732482910156,87.4969482421875,20.859718322753906
-29.75603485107422,87.53500366210938,20.92487335205078
-29.73387908935547,87.48335266113281,20.81359100341797
-29.73192596435547,87.45530700683594,20.750205993652344
-29.75043487548828,87.39675903320312,20.566856384277344
-29.600914001464844,87.40594482421875,20.401145935058594
-29.47411346435547,87.40641784667969,20.510276794433594
-29.535240173339844,87.42819213867188,20.609115600585938
-29.711875915527344,87.42161560058594,20.773391723632812
-29.729087829589844,87.42221069335938,20.794036865234375
-29.623939514160156,87.34141540527344,20.712615966796875
-29.575828552246094,87.25675964355469,20.570816040039062
-29.472328186035156,87.23258972167969,20.52887725830078
-29.43927764892578,87.1412353515625,20.359153747558594
-29.43280792236328,87.07968139648438,20.49073028564453
-29.53801727294922,87.15229797363281,20.583946228027344
-29.64289093017578,87.22592163085938,20.67876434326172
-29.723655700683594,87.22702026367188,20.640419006347656
-29.744789123535156,87.28886413574219,20.62738800048828
-29.772132873535156,87.36225891113281,20.790489196777344
-29.71404266357422,87.36566162109375,20.81500244140625
-29.611961364746094,87.39654541015625,20.731605529785156
-29.62793731689453,87.35575866699219,20.765670776367188
-29.553916931152344,87.42013549804688,20.91503143310547
-29.506202697753906,87.50169372558594,20.99274444580078
-29.571067810058594,87.42857360839844,20.971923828125
-29.58867645263672,87.2451171875,20.997360229492188
-29.63861846923828,87.25955200195312,20.887435913085938
-29.443763732910156,87.30142211914062,20.887130737304688
-29.42133331298828,87.28729248046875,20.86064910888672
-29.425437927246094,87.20408630371094,20.854827880859375
-29.490501403808594,87.36753845214844,20.88304901123047
-29.469398498535156,87.37155151367188,20.923553466796875
-29.48029327392578,87.31541442871094,21.015342712402344
-29.47644805908203,87.28326416015625,20.998023986816406
-29.31580352783203,87.30345153808594,20.89373016357422
-29.36583709716797,87.25904846191406,20.927162170410156
-29.37751007080078,87.23321533203125,20.95519256591797
-29.37445831298828,87.19277954101562,20.93604278564453
-29.47156524658203,87.27752685546875,20.948265075683594
-29.465736389160156,87.34815979003906,20.833663940429688
-29.561302185058594,87.32290649414062,20.68384552001953
-29.53601837158203,87.33596801757812,20.689964294433594
-29.52654266357422,87.38015747070312,20.816650390625
-29.50963592529297,87.38984680175781,20.82640838623047
-29.453712463378906,87.42457580566406,20.780303955078125
-29.48535919189453,87.42056274414062,20.97248077392578
-29.47156524658203,87.41714477539062,20.93920135498047
-29.496437072753906,87.36611938476562,21.178482055664062
-29.48816680908203,87.25477600097656,21.123184204101562
-29.460609436035156,87.208984375,21.037002563476562
-29.44042205810547,87.18675231933594,21.154579162597656
-29.40979766845703,87.23445129394531,21.11883544921875
-29.50298309326172,87.38734436035156,21.160720825195312
-29.563499450683594,87.39886474609375,20.981468200683594
-29.52617645263672,87.43287658691406,20.82568359375
-29.727256774902344,87.31214904785156,20.986740112304688
-30.078224182128906,87.40269470214844,20.929466247558594
-30.31627655029297,87.38172912597656,21.003555297851562
-30.624366760253906,87.48243713378906,20.851760864257812
-30.88446807861328,87.43453979492188,20.79730224609375
-31.33061981201172,87.49826049804688,20.872154235839844
-31.562416076660156,87.55416870117188,20.88098907470703
-31.67926788330078,87.59974670410156,20.800872802734375
-31.82976531982422,87.6278076171875,20.649436950683594
-32.20995330810547,87.65019226074219,20.410804748535156
-32.65235137939453,87.65618896484375,20.130615234375
-33.13672637939453,87.70979309082031,19.933639526367188
-34.05480194091797,87.72334289550781,19.696929931640625
-34.95014190673828,87.84812927246094,19.525100708007812
-35.86650848388672,87.98085021972656,19.042373657226562
-36.94818878173828,88.04901123046875,18.496726989746094
-38.176063537597656,88.27311706542969,18.143150329589844
-39.35047149658203,88.39805603027344,17.700927734375
-40.68163299560547,88.56192016601562,17.047157287597656
-42.260581970214844,88.72311401367188,16.362503051757812
-44.10919952392578,88.8363037109375,15.341606140136719
-45.852760314941406,89.17544555664062,14.066436767578125
-47.529685974121094,89.37886047363281,12.949729919433594
-49.095741271972656,89.71809387207031,11.820846557617188
-50.53881072998047,90.17291259765625,10.533241271972656
-51.994850158691406,90.39387512207031,8.932998657226562
-53.26543426513672,90.72407531738281,7.135650634765625
-54.450965881347656,90.96784973144531,5.5111236572265625
-55.70098114013672,91.07864379882812,4.065155029296875
-57.022300720214844,90.91255187988281,2.7630157470703125
-58.34162139892578,90.68864440917969,1.58746337890625
-59.58428192138672,90.27853393554688,0.4858551025390625
-60.81566619873047,89.79818725585938,-0.5721588134765625
-61.93286895751953,89.18032836914062,-1.38531494140625
-62.89942169189453,88.39079284667969,-1.9307861328125
-63.654090881347656,87.587646484375,-2.2230682373046875
-64.51953887939453,86.90254211425781,-2.1443328857421875
-64.92632293701172,86.25625610351562,-1.797698974609375
-65.31351470947266,85.65036010742188,-1.4915771484375
-65.63153839111328,84.98362731933594,-0.8799285888671875
-65.98296356201172,84.1280517578125,-0.24505615234375
-66.2566146850586,83.21556091308594,0.5395050048828125
-66.63924407958984,82.27667236328125,1.4546356201171875
-66.78389739990234,81.45909118652344,2.318695068359375
-66.75707244873047,80.75152587890625,3.2299041748046875
-66.7516098022461,80.05746459960938,4.2386016845703125
-66.87657928466797,79.68659973144531,4.8224639892578125
-66.8719711303711,79.39199829101562,4.9606475830078125
-66.7179946899414,79.37591552734375,5.27996826171875
-66.3850326538086,79.15818786621094,5.622222900390625
-66.2769546508789,78.76565551757812,5.948089599609375
-66.41854095458984,78.31907653808594,6.179473876953125
-66.61193084716797,77.39097595214844,6.3442230224609375
-66.94597625732422,76.25631713867188,6.604400634765625
-67.31856536865234,75.05940246582031,6.9411468505859375
-67.8047866821289,73.87535095214844,7.057136535644531
-68.34920501708984,72.72689819335938,7.2471466064453125
-68.71097564697266,71.50115966796875,7.562431335449219
-68.8961410522461,70.47090911865234,8.084365844726562
-68.75777435302734,69.6771011352539,8.449874877929688
-68.56786346435547,69.37876892089844,9.054000854492188
-68.21906280517578,69.35385131835938,9.581077575683594
-67.69217681884766,69.41586303710938,10.246345520019531
-67.08318328857422,69.4582748413086,10.734756469726562
-66.88434600830078,69.46398162841797,11.368476867675781
-66.53961944580078,69.19415283203125,11.659477233886719
-66.42757415771484,68.7653579711914,11.979652404785156
-66.25125885009766,68.2613296508789,12.474563598632812
-66.23938751220703,67.55189514160156,12.97271728515625
-66.09098052978516,66.98616027832031,13.439125061035156
-66.0555648803711,66.38481903076172,13.64508056640625
-66.12911224365234,66.01732635498047,13.597419738769531
-66.13330841064453,65.63523864746094,13.747489929199219
-66.13590240478516,65.25607299804688,13.871559143066406
-66.19385528564453,64.88145446777344,13.945213317871094
-66.1083755493164,64.5108642578125,14.002922058105469
-66.38971710205078,64.1648941040039,14.020523071289062
-66.37496185302734,63.75358581542969,13.900909423828125
-66.46334075927734,63.39091491699219,13.932563781738281
-66.63251495361328,63.04142761230469,14.074424743652344
-66.70146942138672,62.38732147216797,13.995094299316406
-66.93866729736328,61.814849853515625,13.95220947265625
-67.10283660888672,61.451194763183594,13.868339538574219
-67.21239471435547,61.278053283691406,13.675712585449219
-67.29088592529297,61.3099365234375,13.609123229980469
-67.30268096923828,61.468666076660156,13.664886474609375
-67.27696990966797,61.601806640625,13.753265380859375
-67.02042388916016,61.74249267578125,13.702789306640625
-66.96772003173828,61.938323974609375,13.536842346191406
-66.97599029541016,61.9716796875,13.474220275878906
-66.93059539794922,61.84771728515625,13.592109680175781
-66.9720230102539,61.614158630371094,13.783790588378906
-67.01911163330078,61.30474090576172,13.822494506835938
-67.17928314208984,61.173004150390625,13.740501403808594
-67.1871566772461,61.277183532714844,13.395782470703125
-67.28192901611328,61.594520568847656,13.158271789550781
-67.40697479248047,61.951805114746094,12.911346435546875
-67.62995147705078,62.561729431152344,12.715080261230469
-67.65282440185547,63.38374328613281,12.537162780761719
-67.84008026123047,64.13125610351562,12.321983337402344
-67.92557525634766,65.04010009765625,12.103668212890625
-68.42009735107422,66.0304946899414,12.1942138671875
-68.9757308959961,67.02793884277344,12.254692077636719
-69.69593048095703,67.86149597167969,11.90643310546875
-70.46993255615234,68.6501235961914,11.530342102050781
-71.27242279052734,69.5572280883789,11.47247314453125
-71.90824127197266,70.27963256835938,11.372856140136719
-72.34319305419922,70.94761657714844,11.183601379394531
-72.65581512451172,71.53176879882812,10.928863525390625
-73.00383758544922,72.14312744140625,10.726531982421875
-73.03768157958984,73.03172302246094,10.513252258300781
-72.25862884521484,73.60502624511719,10.415634155273438
-68.79303741455078,70.73995971679688,11.09100341796875
-63.31298065185547,60.98902130126953,12.400520324707031
-57.68651580810547,46.00599670410156,14.863296508789062
-52.924110412597656,32.709808349609375,18.63660430908203
-49.042030334472656,25.751548767089844,23.157196044921875
-45.87128448486328,24.249122619628906,27.765892028808594
-43.22742462158203,25.20128631591797,31.69196319580078
-40.668739318847656,26.793113708496094,34.63995361328125
-38.22901153564453,28.383262634277344,36.54015350341797
-36.10474395751953,29.3980712890625,37.80610656738281
-34.280494689941406,29.984153747558594,38.563392639160156
-32.59709930419922,30.21001434326172,39.2950439453125
-30.81726837158203,30.169227600097656,39.99055480957031
-29.447731018066406,29.9888916015625,40.64418029785156
-28.019065856933594,29.55400848388672,41.312522888183594
-26.422096252441406,29.15289306640625,41.680320739746094
-24.789833068847656,28.533653259277344,41.91881561279297
-23.49236297607422,27.965293884277344,42.29613494873047
-22.436546325683594,27.44750213623047,42.564125061035156
-21.368064880371094,27.109779357910156,42.89842224121094
-20.38208770751953,27.021324157714844,43.1400146484375
-19.5274658203125,26.992523193359375,43.47455596923828
-18.788055419921875,26.96086883544922,43.706756591796875
-18.03973388671875,27.143348693847656,43.80494689941406
-17.158340454101562,27.29119873046875,44.06212615966797
-16.4146728515625,27.32330322265625,44.466064453125
-15.478797912597656,27.29851531982422,44.69880676269531
-14.390594482421875,27.402481079101562,44.94407653808594
-13.370643615722656,27.56169891357422,45.29914093017578
-12.266883850097656,27.716598510742188,45.306434631347656
-11.07550048828125,27.86585235595703,45.35652160644531
-9.939132690429688,28.091110229492188,45.53153991699219
-8.970504760742188,28.2281494140625,45.56721496582031
-8.219558715820312,28.218994140625,45.71253204345703
-7.6731109619140625,28.058822631835938,45.80427551269531
-7.1259613037109375,27.923683166503906,45.94868469238281
-6.688850402832031,27.846206665039062,46.11528778076172
-6.3217926025390625,27.562049865722656,46.57757568359375
-5.905540466308594,27.277198791503906,47.06591033935547
-5.536773681640625,27.052085876464844,47.336830139160156
-4.985038757324219,26.857131958007812,47.464149475097656
-4.39947509765625,26.98192596435547,47.25848388671875
-3.9740066528320312,27.044349670410156,47.259552001953125
-3.5021514892578125,27.26140594482422,47.290687561035156
-3.1661224365234375,27.583030700683594,47.258872985839844
-2.9437484741210938,27.737205505371094,47.25379943847656
-2.7291946411132812,27.731231689453125,47.26695251464844
-2.7876052856445312,27.92436981201172,47.396751403808594
-2.7063140869140625,27.817596435546875,47.281898498535156
-2.8944015502929688,27.695762634277344,47.205352783203125
-3.1565628051757812,27.697021484375,47.17375183105469
-3.477264404296875,27.578575134277344,47.07294464111328
-3.7455520629882812,27.471954345703125,46.916412353515625
-4.215782165527344,27.411117553710938,47.01689147949219
-4.522651672363281,27.52753448486328,47.021331787109375
-4.799491882324219,27.67705535888672,47.03407287597656
-5.0519561767578125,27.95386505126953,46.99208068847656
-5.030357360839844,28.153663635253906,46.80329895019531
-5.174690246582031,28.38341522216797,46.61064147949219
-5.246856689453125,28.542442321777344,46.5599365234375
-5.345069885253906,28.704483032226562,46.56255340576172
-5.604400634765625,28.790924072265625,46.530181884765625
-5.7527618408203125,28.949806213378906,46.25537109375
-6.04058837890625,29.102622985839844,46.11912536621094
-6.18011474609375,29.523399353027344,45.965492248535156
-6.354270935058594,29.779708862304688,45.807029724121094
-6.4778289794921875,29.94922637939453,45.66217041015625
-6.6513214111328125,30.062355041503906,45.64014434814453
-6.68780517578125,30.073692321777344,45.59918212890625
-6.7187042236328125,30.152862548828125,45.40406036376953
-6.948829650878906,30.16857147216797,45.448272705078125
-7.4201507568359375,30.01709747314453,45.43925476074219
-7.696327209472656,29.97875213623047,45.527015686035156
-8.038345336914062,29.821624755859375,45.36791229248047
-8.464202880859375,29.744979858398438,45.451438903808594
-8.710121154785156,29.547889709472656,45.512290954589844
-8.793319702148438,29.161170959472656,45.58753204345703
-9.070755004882812,28.909690856933594,45.65460205078125
-9.267333984375,28.456809997558594,45.967140197753906
-9.425460815429688,27.998138427734375,46.17195129394531
-9.544425964355469,27.741958618164062,46.32019805908203
-9.437545776367188,27.313873291015625,46.51207733154297
-9.430389404296875,27.004241943359375,46.755348205566406
-9.488052368164062,26.674415588378906,47.001792907714844
-9.511611938476562,26.396881103515625,47.131553649902344
-9.653831481933594,26.05567169189453,47.18721008300781
-10.082626342773438,25.66240692138672,47.189598083496094
-10.607048034667969,25.452804565429688,47.41655731201172
-11.06536865234375,25.014450073242188,47.68074035644531
-11.393653869628906,24.787933349609375,47.56268310546875
-11.956558227539062,24.55284881591797,47.54021453857422
-12.685127258300781,24.453536987304688,47.69232177734375
-13.400657653808594,24.358924865722656,47.61186981201172
-14.0555419921875,24.00200653076172,47.37849426269531
-14.871406555175781,23.686134338378906,47.29884338378906
-15.824394226074219,23.078514099121094,47.289093017578125
-16.7431640625,22.411964416503906,47.005760192871094
-17.59949493408203,21.71306610107422,46.829612731933594
-18.76263427734375,21.062347412109375,46.845672607421875
-19.82830047607422,20.329391479492188,46.620628356933594
-21.063011169433594,19.51136016845703,46.2255859375
-22.356307983398438,18.743820190429688,45.82817840576172
-23.691368103027344,18.013954162597656,45.474334716796875
-24.80663299560547,17.287620544433594,45.11132049560547
-25.95848846435547,16.400634765625,44.581398010253906
-27.14556121826172,15.547813415527344,44.07200622558594
-28.285926818847656,14.827033996582031,43.62483215332031
-29.31287384033203,14.1630859375,43.14421081542969
-30.33417510986328,13.372611999511719,42.6259765625
-31.17388153076172,12.546669006347656,42.193504333496094
-31.935035705566406,11.734085083007812,41.85542297363281
-32.683799743652344,11.12884521484375,41.57684326171875
-33.371437072753906,10.413192749023438,41.432403564453125
-33.843040466308594,9.77935791015625,41.31725311279297
-34.31639862060547,9.113731384277344,41.09710693359375
-34.823936462402344,8.405715942382812,40.64171600341797
-35.267494201660156,7.840705871582031,40.384864807128906
-35.67768096923828,7.417640686035156,40.22516632080078
-35.89141082763672,7.2071533203125,39.97221374511719
-36.07073211669922,6.966053009033203,39.74342346191406
-36.344642639160156,6.985076904296875,39.53208923339844
-36.63109588623047,7.10888671875,39.31867218017578
-36.83086395263672,7.151241302490234,38.98662567138672
-37.164146423339844,7.10302734375,38.72356414794922
-37.367393493652344,6.745506286621094,38.554710388183594
-37.46936798095703,6.231052398681641,38.477210998535156
-37.49877166748047,5.466972351074219,38.623199462890625
-37.461463928222656,4.626739501953125,38.70793151855469
-37.607032775878906,3.730133056640625,38.500946044921875
-37.64763641357422,3.1246566772460938,38.382408142089844
-37.91790008544922,2.702159881591797,38.13179016113281
-38.12364959716797,2.398632049560547,37.913543701171875
-38.25060272216797,2.199310302734375,37.9342041015625
-38.34923553466797,2.1021270751953125,38.014373779296875
-38.513877868652344,2.0548171997070312,37.84429931640625
-38.51634979248047,2.140216827392578,37.780975341796875
-38.572288513183594,2.1879920959472656,37.67695617675781
-38.58588409423828,2.257762908935547,37.724693298339844
-38.64014434814453,2.072826385498047,37.709129333496094
-38.687232971191406,1.9121017456054688,37.48480224609375
-38.692222595214844,1.7168083190917969,37.25243377685547
-38.70771026611328,1.7331619262695312,37.1800537109375
-38.79743194580078,1.6898841857910156,37.31202697753906
-38.83753204345703,1.9961624145507812,37.366302490234375
-39.06751251220703,2.3935546875,37.27107238769531
-39.20641326904297,2.9529647827148438,36.968910217285156
-39.310157775878906,3.60076904296875,36.77717590332031
-39.494834899902344,4.484233856201172,36.48297119140625
-39.87781524658203,5.291561126708984,36.197265625
-40.371849060058594,6.183509826660156,35.65501403808594
-40.740318298339844,6.926502227783203,35.187950134277344
-41.04650115966797,7.5243988037109375,34.61994934082031
-41.26544952392578,8.103752136230469,34.498565673828125
-41.19957733154297,8.729408264160156,34.486122131347656
-40.601524353027344,9.310264587402344,34.906532287597656
-39.95964813232422,10.207138061523438,35.440704345703125
-39.15227508544922,10.955574035644531,36.25830841064453
-38.169273376464844,11.980339050292969,36.80198669433594
-37.17552947998047,13.009132385253906,37.46966552734375
-36.203590393066406,14.129020690917969,38.069061279296875
-35.173744201660156,15.099754333496094,38.604270935058594
-34.200782775878906,15.9327392578125,39.314788818359375
-33.038902282714844,16.652099609375,39.96050262451172
-31.895103454589844,17.48381805419922,40.811378479003906
-30.48065948486328,18.394371032714844,41.33912658691406
-29.081214904785156,19.548263549804688,41.86967468261719
-27.597267150878906,20.570655822753906,42.35918426513672
-25.90229034423828,21.635787963867188,42.904388427734375
-24.236732482910156,22.762664794921875,43.286460876464844
-22.75891876220703,23.823532104492188,43.448143005371094
-21.412269592285156,24.9539794921875,43.462974548339844
-20.37171173095703,25.98090362548828,43.325233459472656
-19.389236450195312,27.064781188964844,43.214561462402344
-19.389236450195312,27.064781188964844,43.214561462402344
-18.60918426513672,28.165313720703125,42.75865173339844
-17.864768981933594,29.14063262939453,42.39154815673828
-17.004051208496094,30.244781494140625,41.95067596435547
-15.924690246582031,31.51104736328125,41.5477294921875
-14.561111450195312,32.90223693847656,40.90989685058594
-13.120185852050781,34.364845275878906,40.019874572753906
-11.746101379394531,35.659400939941406,39.17958068847656
-10.74395751953125,36.793479919433594,38.52812194824219
-9.945663452148438,37.747894287109375,37.927330017089844
-9.429779052734375,38.22935485839844,37.39929962158203
-9.310890197753906,38.640113830566406,37.204803466796875
-9.25579833984375,38.80511474609375,37.04815673828125
-9.185928344726562,38.960845947265625,36.971954345703125
-8.797637939453125,39.00873565673828,36.98735809326172
-8.436775207519531,39.10350036621094,36.96733093261719
-7.987876892089844,39.188262939453125,36.82598876953125
-7.709434509277344,39.3175048828125,36.66459655761719
-7.6585693359375,39.34040832519531,36.722900390625
-7.776336669921875,39.257591247558594,36.832489013671875
-8.009376525878906,39.21673583984375,37.066932678222656
-8.104789733886719,38.99513244628906,37.09043884277344
-8.010116577148438,38.68965148925781,37.067893981933594
-7.782745361328125,38.60566711425781,37.17010498046875
-7.474113464355469,38.64795684814453,37.2955322265625
-6.928474426269531,38.66709899902344,37.366172790527344
-6.51165771484375,38.52790069580078,37.626251220703125
-5.9182891845703125,38.503082275390625,37.684410095214844
-5.546470642089844,38.51917266845703,37.879852294921875
-5.1150054931640625,38.52113342285156,38.00209045410156
-4.7094268798828125,38.40026092529297,38.17193603515625
-4.3050689697265625,38.326988220214844,38.3233642578125
-3.8975067138671875,38.22962188720703,38.53697967529297
-3.511383056640625,38.024169921875,38.745384216308594
-3.2177505493164062,37.91310119628906,38.877952575683594
-2.9272003173828125,37.75672912597656,39.0321044921875
-2.9050140380859375,37.50233459472656,39.09606170654297
-2.8851089477539062,37.34071350097656,39.307716369628906
-2.7840576171875,37.27400207519531,39.40192413330078
-2.5704879760742188,37.180755615234375,39.359107971191406
-2.5962600708007812,37.26042938232422,39.35992431640625
-2.6192703247070312,37.247650146484375,39.558204650878906
-2.5391921997070312,37.222389221191406,39.544227600097656
-2.5003280639648438,37.25688934326172,39.53997802734375
-2.4619064331054688,37.33464050292969,39.56034851074219
-2.6590347290039062,37.264015197753906,39.558197021484375
-2.93658447265625,36.97882080078125,39.78118896484375
-3.1421585083007812,36.408172607421875,40.395538330078125
-3.0207595825195312,35.93721008300781,40.94953918457031
-2.6924057006835938,35.56005096435547,41.12947082519531
-2.501617431640625,35.471092224121094,41.18798065185547
-2.3314132690429688,35.596435546875,41.211769104003906
-2.170806884765625,35.530296325683594,41.252784729003906
-1.9893264770507812,35.51305389404297,41.29052734375
-1.9006576538085938,35.43944549560547,41.219642639160156
-1.7756271362304688,35.42365264892578,41.190887451171875
-1.593505859375,35.431793212890625,41.25398254394531
-1.5045242309570312,35.37486267089844,41.32085418701172
-1.3238983154296875,35.37164306640625,41.389739990234375
-1.2696914672851562,35.389854431152344,41.323219299316406
-1.2480545043945312,35.4072265625,41.420684814453125
-1.2243881225585938,35.62297821044922,41.55133819580078
-1.162506103515625,35.74690246582031,41.54734802246094
-1.2787246704101562,35.74879455566406,41.60968017578125
-1.1863937377929688,35.7454833984375,41.56842041015625
-1.2265777587890625,35.752601623535156,41.43360900878906
-1.263916015625,35.56434631347656,41.271080017089844
-1.2212295532226562,35.63416290283203,41.229881286621094
-1.2609176635742188,35.668785095214844,41.250396728515625
-1.1840438842773438,35.70397186279297,41.21581268310547
-1.1749954223632812,35.70647430419922,41.24238586425781
-1.1406173706054688,35.69050598144531,41.400794982910156
-1.165802001953125,35.58717346191406,41.369789123535156
-1.1025924682617188,35.595237731933594,41.429473876953125
-0.9717330932617188,35.648414611816406,41.44862365722656
-1.119659423828125,35.60649108886719,41.492088317871094
-1.0177764892578125,35.66442108154297,41.390785217285156
-0.9588241577148438,35.64198303222656,41.389549255371094
-0.9258499145507812,35.697967529296875,41.30183410644531
-1.0312652587890625,35.625770568847656,41.26161193847656
-1.1012649536132812,35.55229949951172,41.29566955566406
-1.1126251220703125,35.657066345214844,41.35620880126953
-1.1214752197265625,35.698204040527344,41.35533905029297
-1.0876007080078125,35.74895477294922,41.5020751953125
-1.0046463012695312,35.742706298828125,41.44923400878906
-0.9374160766601562,35.77886199951172,41.265350341796875
-0.8846817016601562,35.725135803222656,41.256134033203125
-0.861572265625,35.678855895996094,41.293785095214844
-0.8724822998046875,35.66845703125,41.40370178222656
-0.8474807739257812,35.82695007324219,41.34967803955078
-1.078155517578125,35.865394592285156,41.36589050292969
-1.0457763671875,35.747650146484375,41.33208465576172
-1.1160888671875,35.720176696777344,41.31433868408203
-1.156829833984375,35.63032531738281,41.269073486328125
-1.0728683471679688,35.486656188964844,41.27388000488281
-1.0842666625976562,35.613975524902344,41.32129669189453
-1.136016845703125,35.538673400878906,41.465553283691406
-1.0073471069335938,35.4505615234375,41.54473114013672
-0.850311279296875,35.561195373535156,41.28728485107422
-0.8071212768554688,35.5677490234375,41.25316619873047
-1.0689849853515625,35.460205078125,41.27747344970703
-1.0775833129882812,35.45729064941406,41.24384307861328
-1.0722427368164062,35.497344970703125,41.207244873046875
-1.1385040283203125,35.521881103515625,41.39756774902344
-1.1214599609375,35.6728515625,41.452659606933594
-1.059814453125,35.67609405517578,41.36639404296875
-1.1172409057617188,35.845916748046875,41.34455108642578
-1.1016006469726562,35.910186767578125,41.41062927246094
-1.1457977294921875,35.868064880371094,41.261383056640625
-1.1360244750976562,35.87920379638672,41.16304016113281
-1.11590576171875,35.85228729248047,41.10600280761719
-1.1277236938476562,35.84346008300781,41.118568420410156
-1.1215438842773438,35.906410217285156,41.23619079589844
-0.9884796142578125,35.86359405517578,41.11848449707031
-0.9666290283203125,35.82792663574219,41.100982666015625
-0.9958572387695312,35.73243713378906,41.10282897949219
-0.9354019165039062,35.78533935546875,41.23316955566406
-0.8416366577148438,35.81904602050781,41.199493408203125
-0.964935302734375,35.82574462890625,41.17039489746094
-0.974395751953125,35.768096923828125,41.1566162109375
-1.042724609375,35.749420166015625,41.224632263183594
-1.0049514770507812,35.76092529296875,41.24067687988281
-0.9531478881835938,35.783958435058594,41.35508728027344
-0.8926315307617188,35.86326599121094,41.309608459472656
-0.8062973022460938,35.88743591308594,41.28395080566406
-0.8972244262695312,35.895790100097656,41.20146179199219
-0.9878463745117188,35.83648681640625,41.178955078125
-0.9195327758789062,35.716636657714844,41.176849365234375
-0.9187774658203125,35.68487548828125,41.15702819824219
-0.9418563842773438,35.66777801513672,41.15528106689453
-1.03155517578125,35.637786865234375,41.144622802734375
-1.0097274780273438,35.65088653564453,40.95716094970703
-1.056304931640625,35.59540557861328,40.93348693847656
-1.1721954345703125,35.70288848876953,40.912269592285156
-1.2544937133789062,35.74462890625,40.90318298339844
-1.3598785400390625,35.812294006347656,40.93623352050781
-1.487579345703125,35.77546691894531,41.086326599121094
-1.413848876953125,35.69451141357422,40.95062255859375
-1.368865966796875,35.686790466308594,41.038597106933594
-1.3588638305664062,35.746856689453125,41.22181701660156
-1.2311553955078125,35.766754150390625,41.11785125732422
-1.1241836547851562,35.737770080566406,41.06067657470703
-1.1065902709960938,35.720367431640625,41.13177490234375
-1.116668701171875,35.68373107910156,41.08184814453125
-1.2418670654296875,35.735145568847656,41.193389892578125
-1.2032318115234375,35.67658996582031,41.28630828857422
-1.3386611938476562,35.765464782714844,41.25205993652344
-1.2400588989257812,35.676734924316406,41.30177307128906
-1.2937469482421875,35.75768280029297,41.18213653564453
-1.2732009887695312,35.70390319824219,41.2762451171875
-1.123565673828125,35.72698211669922,41.24200439453125
-1.0768051147460938,35.69432830810547,41.20488739013672
-1.0690536499023438,35.757286071777344,41.26923370361328
-1.1016082763671875,35.70093536376953,41.306007385253906
-1.066162109375,35.66954803466797,41.28387451171875
-1.1592483520507812,35.69257354736328,41.18634033203125
-1.2136611938476562,35.66692352294922,41.02703094482422
-1.1994781494140625,35.760948181152344,41.02002716064453
-1.249237060546875,35.737083435058594,41.1717529296875
-1.1782989501953125,35.7626953125,41.36540985107422
-1.2376861572265625,35.748382568359375,41.303321838378906
-1.2056198120117188,35.79457092285156,41.078636169433594
-1.28131103515625,35.86919403076172,41.12689208984375
-1.2881317138671875,35.963348388671875,41.0797119140625
-1.3693084716796875,35.917205810546875,40.98796081542969
-1.3541183471679688,35.73054504394531,40.98590850830078
-1.24798583984375,35.770957946777344,41.017845153808594
-1.2649459838867188,35.694602966308594,41.033042907714844
-1.1606216430664062,35.738121032714844,41.04308319091797
-1.1311264038085938,35.78369140625,41.09319305419922
-1.1334304809570312,35.6319580078125,41.23808288574219
-1.0662002563476562,35.56439971923828,41.27287292480469
-1.1548309326171875,35.547889709472656,41.30509948730469
-1.2103347778320312,35.69580841064453,41.10957336425781
-1.2597808837890625,35.709625244140625,41.113121032714844
-1.0920944213867188,35.74742889404297,40.99296569824219
-1.0710906982421875,35.603248596191406,40.873390197753906
-1.052764892578125,35.62005615234375,40.779090881347656
-1.1462860107421875,35.629966735839844,40.82245635986328
-1.1851654052734375,35.63621520996094,40.85694885253906
-1.2561111450195312,35.556396484375,41.04374694824219
-1.201507568359375,35.611717224121094,40.95326232910156
-1.1316146850585938,35.67072296142578,40.94761657714844
-1.1104812622070312,35.67584991455078,40.89459991455078
-1.1450881958007812,35.70758056640625,40.982574462890625
-1.0723114013671875,35.76671600341797,41.07270812988281
-1.0847930908203125,35.77318572998047,41.05729675292969
-1.1050796508789062,35.69728088378906,41.06927490234375
-1.1122283935546875,35.575286865234375,40.96001434326172
-1.1015777587890625,35.665679931640625,40.80823516845703
-1.1976242065429688,35.647186279296875,40.79608154296875
-1.1741104125976562,35.639434814453125,40.860679626464844
-1.1592941284179688,35.58392333984375,41.067413330078125
-1.1924819946289062,35.59844970703125,40.969398498535156
-1.2484588623046875,35.571014404296875,41.023948669433594
-1.2084808349609375,35.591407775878906,41.024085998535156
-1.2412872314453125,35.65485382080078,41.066673278808594
-1.1244049072265625,35.671897888183594,41.200355529785156
-1.0238494873046875,35.755859375,41.27008056640625
-0.9662094116210938,35.78224182128906,41.29973602294922
-0.9109420776367188,35.701171875,41.1484375
-0.9883575439453125,35.75260925292969,41.08075714111328
-1.0158157348632812,35.593772888183594,41.117591857910156
-1.054718017578125,35.639678955078125,41.218841552734375
-1.0500869750976562,35.650352478027344,41.50059509277344
-1.0737533569335938,35.72895050048828,41.49970245361328
-0.92822265625,35.68926239013672,41.41996765136719
-0.8272323608398438,35.731719970703125,41.42942810058594
-0.78564453125,35.66172790527344,41.45570373535156
-0.9142303466796875,35.58135223388672,41.19728088378906
-1.045928955078125,35.65614318847656,40.97173309326172
-1.0213088989257812,35.57862854003906,40.929725646972656
-1.026092529296875,35.728355407714844,41.00086975097656
-1.0163726806640625,35.879173278808594,40.981666564941406
-0.9692840576171875,35.89086151123047,40.939659118652344
-0.9289093017578125,35.949806213378906,41.06849670410156
-1.065887451171875,35.87471008300781,41.12822723388672
-1.1272735595703125,35.83113098144531,41.12578582763672
-1.0605926513671875,35.81632995605469,41.24812316894531
-1.0443191528320312,35.821495056152344,41.23902130126953
-0.9715194702148438,35.78846740722656,41.234405517578125
-0.9842681884765625,35.796470642089844,41.21177673339844
-1.028594970703125,35.73949432373047,41.317901611328125
-0.969482421875,35.71162414550781,41.35130310058594
-0.9339370727539062,35.732383728027344,41.55186462402344
-1.0857696533203125,35.741844177246094,41.688270568847656
-1.1274871826171875,35.695762634277344,41.75390625
-1.2646408081054688,35.77399444580078,41.74689483642578
-1.1118621826171875,35.81305694580078,41.49372863769531
-1.156646728515625,35.81884002685547,41.33008575439453
-1.0911331176757812,35.82167053222656,41.206031799316406
-1.186431884765625,35.840667724609375,41.21570587158203
-1.2706756591796875,35.868309020996094,41.166893005371094
-1.2993927001953125,35.90399932861328,41.12561798095703
-1.1154632568359375,35.904144287109375,40.934837341308594
-1.0584945678710938,35.95470428466797,40.81281280517578
-1.0416412353515625,35.95137023925781,40.905799865722656
-1.122344970703125,36.025390625,40.966346740722656
-1.109771728515625,35.884422302246094,41.06665802001953
-1.21099853515625,35.86821746826172,40.98982238769531
-1.2134017944335938,35.82804870605469,40.87602233886719
-1.278076171875,35.86509704589844,40.902992248535156
-1.2601776123046875,35.837623596191406,41.06147766113281
-1.2699432373046875,35.87133026123047,41.27537536621094
-1.2389373779296875,35.82099914550781,41.217552185058594
-1.20623779296875,35.90150451660156,41.148109436035156
-1.2179489135742188,35.78643035888672,41.11414337158203
-1.2547454833984375,35.77088928222656,41.261451721191406
-1.2021942138671875,35.75196838378906,41.29846954345703
-1.198577880859375,35.835838317871094,41.335655212402344
-1.2525100708007812,35.83805847167969,41.41082000732422
-1.2868728637695312,35.80939483642578,41.31398010253906
-1.2784576416015625,35.83429718017578,41.270118713378906
-1.2785415649414062,35.731353759765625,41.22221374511719
-1.22119140625,35.759613037109375,41.399444580078125
-1.2387847900390625,35.85858917236328,41.56165313720703
-1.2500457763671875,35.878692626953125,41.67210388183594
-1.2900161743164062,35.84297180175781,41.763885498046875
-1.3146514892578125,35.872650146484375,41.691619873046875
-1.1544723510742188,35.888153076171875,41.71897888183594
-1.2589492797851562,35.88709259033203,41.615745544433594
-1.2448577880859375,35.908111572265625,41.605072021484375
-1.3333511352539062,35.79844665527344,41.59283447265625
-1.3747634887695312,35.739356994628906,41.55366516113281
-1.4659042358398438,35.77948760986328,41.64234924316406
-1.4830322265625,35.57685852050781,41.615692138671875
-1.2913665771484375,35.46546173095703,41.493431091308594
-1.1242141723632812,35.412261962890625,41.27549743652344
-1.22833251953125,35.49858856201172,41.243492126464844
-1.2278976440429688,35.68085479736328,41.21314239501953
-1.2370529174804688,35.665985107421875,41.30585479736328
-1.298095703125,35.78594207763672,41.40882110595703
-1.3172836303710938,35.878089904785156,41.55836486816406
-1.2109756469726562,35.91051483154297,41.55287170410156
-1.135009765625,35.888328552246094,41.53715515136719
-1.1136856079101562,35.766273498535156,41.453025817871094
-1.240936279296875,35.711204528808594,41.560585021972656
-1.1144485473632812,35.77684020996094,41.50630187988281
-1.2494583129882812,35.77134704589844,41.49964141845703
-1.1138153076171875,35.694114685058594,41.323997497558594
-1.1600418090820312,35.71155548095703,41.24388122558594
-1.246856689453125,35.832542419433594,41.164649963378906
-1.2168502807617188,35.83702087402344,41.10675811767578
-1.26953125,35.8134765625,41.03962707519531
-1.2603225708007812,35.96160888671875,41.178382873535156
-1.2085494995117188,36.08354949951172,41.17591094970703
-1.09771728515625,35.99034118652344,41.207313537597656
-1.1380462646484375,35.942115783691406,41.309906005859375
-1.1571884155273438,36.007179260253906,41.27565002441406
-1.1170578002929688,36.106170654296875,41.155723571777344
-1.1036834716796875,35.990997314453125,41.20979309082031
-1.1869888305664062,35.894737243652344,41.28376007080078
-1.2571868896484375,35.845970153808594,41.24528503417969
-1.246856689453125,35.831787109375,41.35575866699219
-1.2073593139648438,35.87339782714844,41.395286560058594
-1.2330474853515625,35.85540008544922,41.134925842285156
-1.33355712890625,35.80909729003906,41.25239562988281
-1.3574981689453125,35.80293273925781,41.306884765625
-1.3196868896484375,35.745338439941406,41.418052673339844
-1.1600875854492188,35.785736083984375,41.28556823730469
-1.1516189575195312,35.751976013183594,41.22320556640625
-1.2380599975585938,35.752288818359375,41.26898956298828
-1.22186279296875,35.71624755859375,41.213531494140625
-1.2572555541992188,35.729400634765625,41.10527038574219
-1.273895263671875,35.67140197753906,41.089111328125
-1.2556304931640625,35.623023986816406,40.96534729003906
-1.244476318359375,35.535797119140625,41.10270690917969
-1.1203994750976562,35.51348114013672,41.062904357910156
-1.1373519897460938,35.441246032714844,41.23021697998047
-1.1507492065429688,35.48400115966797,41.23542022705078
-1.1509246826171875,35.53246307373047,41.116302490234375
-1.13360595703125,35.534141540527344,41.091094970703125
-1.0808868408203125,35.46257019042969,41.058563232421875
-1.0914459228515625,35.36003875732422,41.064247131347656
-1.1850204467773438,35.46576690673828,41.1058349609375
-1.2731094360351562,35.49980926513672,40.97523498535156
-1.2874526977539062,35.50658416748047,40.991661071777344
-1.2311477661132812,35.49010467529297,40.925392150878906
-1.2131805419921875,35.32239532470703,41.01019287109375
-1.1839981079101562,35.40412902832031,41.2049560546875
-1.2671966552734375,35.44581604003906,41.224952697753906
-1.281585693359375,35.413047790527344,41.22932434082031
-1.19305419921875,35.48310852050781,41.21410369873047
-1.1495819091796875,35.42369079589844,41.105934143066406
-1.125518798828125,35.43360137939453,41.053070068359375
-1.1440353393554688,35.54563903808594,41.013946533203125
-1.2141494750976562,35.69288635253906,41.152130126953125
-1.2622756958007812,35.767112731933594,41.35920715332031
-1.1635818481445312,35.61204528808594,41.31952667236328
-1.1006927490234375,35.46416473388672,41.253883361816406
-1.0648574829101562,35.562217712402344,41.24646759033203
-1.1375350952148438,35.63835906982422,41.40049743652344
-1.2294235229492188,35.70197296142578,41.244781494140625
-1.2638778686523438,35.65282440185547,41.26634979248047
-1.280609130859375,35.589256286621094,41.12220001220703
-1.2054901123046875,35.58379364013672,41.058349609375
-1.1929550170898438,35.63671875,41.03406524658203
-1.2112579345703125,35.752479553222656,41.074981689453125
-1.2359466552734375,35.646034240722656,41.13666534423828
-1.3234405517578125,35.541778564453125,41.100433349609375
-1.3036575317382812,35.492340087890625,41.192291259765625
-1.2819976806640625,35.464088439941406,41.25941467285156
-1.1453323364257812,35.57927703857422,41.296112060546875
-1.2039947509765625,35.6402587890625,41.524147033691406
-1.2533721923828125,35.48943328857422,41.536781311035156
-1.110137939453125,35.438507080078125,41.49439239501953
-1.0937881469726562,35.344573974609375,41.46348571777344
-1.2035903930664062,35.41729736328125,41.583160400390625
-1.115203857421875,35.483543395996094,41.501861572265625
-1.1644744873046875,35.50103759765625,41.363739013671875
-1.1467514038085938,35.57368469238281,41.26182556152344
-1.0887298583984375,35.55352020263672,41.26866912841797
-1.2047958374023438,35.55621337890625,41.214195251464844
-1.2037506103515625,35.45439910888672,41.2061767578125
-1.2512283325195312,35.53086853027344,41.214088439941406
-1.2512283325195312,35.53086853027344,41.214088439941406
-1.2358169555664062,35.66310119628906,41.472320556640625
-1.185333251953125,35.68836975097656,41.57317352294922
-1.1500167846679688,35.68717956542969,41.46904754638672
-0.9765625,35.66688537597656,41.364349365234375
-1.0719070434570312,35.605934143066406,41.13324737548828
-1.0836944580078125,35.65369415283203,41.06909942626953
-1.1985931396484375,35.569557189941406,41.15228271484375
-1.2898025512695312,35.680816650390625,41.13702392578125
-1.2186203002929688,35.767662048339844,41.05305480957031
-1.2693557739257812,35.69176483154297,41.05699920654297
-1.2150497436523438,35.764305114746094,41.21260070800781
-1.2362823486328125,35.88618469238281,41.26213836669922
-1.11199951171875,35.833473205566406,41.22168731689453
-1.2489166259765625,35.70719909667969,41.24626159667969
-1.2475357055664062,35.747764587402344,41.26239776611328
-1.2190780639648438,35.70520782470703,41.2581787109375
-1.2905426025390625,35.749244689941406,41.360679626464844
-1.2225189208984375,35.74163055419922,41.3179931640625
-1.2297744750976562,35.82825469970703,41.418212890625
-1.2519989013671875,35.75691223144531,41.37592315673828
-1.227783203125,35.74882507324219,41.407203674316406
-1.2310714721679688,35.76134490966797,41.416664123535156
-1.1569442749023438,35.61628723144531,41.24653625488281
-1.1662445068359375,35.61980438232422,41.35868835449219
-1.1368331909179688,35.70257568359375,41.30047607421875
-1.1374588012695312,35.75849914550781,41.28521728515625
-0.9686203002929688,35.75621032714844,41.261451721191406
-1.0542984008789062,35.72370147705078,41.27909851074219
-1.0754241943359375,35.70997619628906,41.24017333984375
-1.0638351440429688,35.708335876464844,41.23558807373047
-1.2274093627929688,35.769187927246094,41.2188720703125
-1.314483642578125,35.67610168457031,41.29283142089844
-1.2427825927734375,35.71315002441406,41.25788879394531
-1.2401809692382812,35.67530059814453,41.20214080810547
-1.2052841186523438,35.7701416015625,41.238494873046875
-1.2183609008789062,35.80091094970703,41.21855926513672
-1.2578353881835938,35.89726257324219,41.10608673095703
-1.2388763427734375,35.920555114746094,41.12383270263672
-1.2415542602539062,35.907188415527344,41.000762939453125
-1.1427459716796875,35.904075622558594,40.90716552734375
-1.1093063354492188,35.75025177001953,40.97297668457031
-1.0594406127929688,35.68524932861328,41.02123260498047
-1.082672119140625,35.705352783203125,41.05748748779297
-0.9460067749023438,35.70857238769531,41.14795684814453
-0.976776123046875,35.70012664794922,41.18444061279297
-0.85003662109375,35.77751922607422,41.23680114746094
-0.9534072875976562,35.71198272705078,41.24894714355469
-1.0471954345703125,35.72685241699219,41.36133575439453
-1.1479034423828125,35.728721618652344,41.477386474609375
-1.2480316162109375,35.754730224609375,41.57843780517578
-1.2611160278320312,35.82695007324219,41.60731506347656
-1.2111282348632812,35.886085510253906,41.41558837890625
-1.2528610229492188,35.87200164794922,41.503944396972656
-1.1761398315429688,35.81950378417969,41.57166290283203
-1.1058197021484375,35.803382873535156,41.49427032470703
-1.20245361328125,35.728904724121094,41.43156433105469
-1.1384658813476562,35.71539306640625,41.55430603027344
-0.9890594482421875,35.765228271484375,41.53669738769531
-1.0258712768554688,35.616119384765625,41.56547546386719
-1.07464599609375,35.56751251220703,41.613258361816406
-1.0576248168945312,35.53582763671875,41.58289337158203
-1.0596694946289062,35.49946594238281,41.357276916503906
-1.2223281860351562,35.519432067871094,41.32933807373047
-1.0798110961914062,35.472801208496094,41.20587158203125
-1.0892410278320312,35.45501708984375,41.34735107421875
-1.0793075561523438,35.600318908691406,41.49623107910156
-0.998626708984375,35.505157470703125,41.55925750732422
-0.8218917846679688,35.438140869140625,41.58354187011719
-0.8299026489257812,35.47064971923828,41.44463348388672
-0.826995849609375,35.50665283203125,41.34516906738281
-1.0089035034179688,35.48564147949219,41.29296875
-1.11151123046875,35.44434356689453,41.37635803222656
-1.1785202026367188,35.503570556640625,41.553558349609375
-1.3870468139648438,35.52384948730469,41.57293701171875
-1.4860687255859375,35.47169494628906,41.584266662597656
-1.5255279541015625,35.43760681152344,41.44182586669922
-1.4222259521484375,35.48872375488281,41.336517333984375
-1.42279052734375,35.49497985839844,41.305938720703125
-1.4118881225585938,35.49812316894531,41.10472106933594
-1.2392959594726562,35.49554443359375,41.1494140625
-1.3711090087890625,35.609474182128906,41.21788024902344
-1.5457611083984375,35.554649353027344,41.23521423339844
-1.5465011596679688,35.53190612792969,41.08171081542969
-1.4359359741210938,35.606224060058594,41.05706024169922
-1.2590179443359375,35.684356689453125,41.081321716308594
-1.1118316650390625,35.727813720703125,41.150848388671875
-0.9404678344726562,35.86335754394531,41.16944122314453
-1.0654449462890625,35.93699645996094,41.12224578857422
-1.2978515625,36.12499237060547,41.01631164550781
-1.5304794311523438,36.27301788330078,40.78875732421875
-1.9114990234375,36.47346496582031,40.66392517089844
-2.4300994873046875,36.533546447753906,40.50006866455078
-2.81817626953125,36.55359649658203,40.386009216308594
-3.2946624755859375,36.50383758544922,40.34507751464844
-3.5606918334960938,36.376441955566406,40.28724670410156
-3.786285400390625,36.401031494140625,40.400184631347656
-3.9254608154296875,36.47505187988281,40.49920654296875
-3.9866867065429688,36.35759735107422,40.60636901855469
-4.0149993896484375,36.29286193847656,40.55274200439453
-4.000740051269531,36.23833465576172,40.60774230957031
-4.2042388916015625,36.402923583984375,40.60807800292969
-4.6714019775390625,36.602989196777344,40.28684997558594
-5.520652770996094,36.76185607910156,39.877098083496094
-6.522956848144531,36.81803894042969,39.62732696533203
-7.555137634277344,37.10585021972656,39.28413391113281
-8.719871520996094,37.352867126464844,38.87860107421875
-10.011474609375,37.41377258300781,38.42877197265625
-11.746078491210938,37.41069793701172,37.79773712158203
-13.655235290527344,37.482879638671875,36.961524963378906
-15.29742431640625,37.75616455078125,35.940589904785156
-16.814590454101562,38.17626953125,34.667999267578125
-18.2916259765625,38.866600036621094,33.2955322265625
-19.794029235839844,39.53038787841797,31.595108032226562
-21.165679931640625,40.223114013671875,29.689735412597656
-22.691749572753906,40.980873107910156,27.559219360351562
-24.251060485839844,41.837806701660156,24.91845703125
-25.90576934814453,42.57450866699219,21.73370361328125
-27.45551300048828,43.075958251953125,18.359146118164062
-28.728782653808594,43.59510040283203,14.816482543945312
-29.71448516845703,44.050262451171875,11.065711975097656
-30.445960998535156,44.31780242919922,7.5444183349609375
-31.14055633544922,44.38328552246094,4.3926239013671875
-31.49695587158203,44.444480895996094,1.9122314453125
-31.675392150878906,44.44642639160156,-0.208221435546875
-32.06354522705078,44.261512756347656,-1.64215087890625
-32.350791931152344,43.836448669433594,-2.8436431884765625
-32.671852111816406,43.438621520996094,-3.6439971923828125
-33.210227966308594,42.926971435546875,-4.0693359375
-33.858970642089844,42.493804931640625,-4.3355712890625
-34.53093719482422,42.20624542236328,-4.1650543212890625
-35.094688415527344,41.693580627441406,-4.0416717529296875
-35.43030548095703,41.411712646484375,-3.639312744140625
-35.69774627685547,41.14219665527344,-3.324310302734375
-36.034751892089844,40.95221710205078,-2.9592742919921875
-36.24414825439453,40.673736572265625,-2.4824371337890625
-36.45929718017578,40.52094268798828,-2.292266845703125
-36.55750274658203,40.309112548828125,-2.2484130859375
-36.691688537597656,40.09559631347656,-2.41705322265625
-37.06084442138672,40.09605407714844,-2.5763092041015625
-37.35869598388672,39.90693664550781,-2.6567535400390625
-37.630348205566406,39.75297546386719,-2.7774810791015625
-37.812355041503906,39.71240234375,-2.949249267578125
-38.002357482910156,39.45984649658203,-3.013427734375
-38.168861389160156,39.312835693359375,-3.3076934814453125
-38.15430450439453,39.11432647705078,-3.699676513671875
-38.20545196533203,39.004638671875,-3.914642333984375
-38.319496154785156,38.933921813964844,-4.195770263671875
-38.37236785888672,38.98277282714844,-4.3693389892578125
-38.234291076660156,39.02228546142578,-4.47027587890625
-38.07910919189453,39.05510711669922,-4.6070709228515625
-38.218711853027344,39.06690979003906,-4.5110626220703125
-38.26421356201172,38.948387145996094,-4.4269866943359375
-38.564598083496094,38.85380554199219,-4.2617034912109375
-38.66852569580078,38.787391662597656,-4.16015625
-38.835838317871094,38.626564025878906,-4.4187164306640625
-38.95482635498047,38.438331604003906,-4.6320343017578125
-39.027549743652344,38.22447204589844,-4.7170867919921875
-39.16112518310547,38.12217712402344,-4.780242919921875
-39.288597106933594,37.927825927734375,-4.7434844970703125
-39.31494903564453,37.91923522949219,-4.8183135986328125
-39.31519317626953,37.869895935058594,-4.70477294921875
-39.349998474121094,37.92218780517578,-4.6929779052734375
-39.32836151123047,37.87975311279297,-4.7214202880859375
-39.358680725097656,37.92621612548828,-4.8755950927734375
-39.22368621826172,37.93958282470703,-5.030029296875
-39.215614318847656,37.78368377685547,-5.2971649169921875
-39.29003143310547,37.77262878417969,-5.4960174560546875
-39.291603088378906,37.76377868652344,-5.663604736328125
-39.32410430908203,37.74119567871094,-5.8149261474609375
-39.449317932128906,37.73323059082031,-6.0357666015625
-39.482215881347656,37.726539611816406,-6.1890106201171875
-39.35753631591797,37.84580993652344,-6.35650634765625
-39.33745574951172,37.89564514160156,-6.4933929443359375
-39.24913787841797,37.78517150878906,-6.682769775390625
-39.052467346191406,37.72154998779297,-6.75634765625
-39.09198760986328,37.86981964111328,-6.8411407470703125
-39.013877868652344,37.795188903808594,-6.8890228271484375
-38.999046325683594,37.726890563964844,-6.7862396240234375
-39.060585021972656,37.535308837890625,-6.7985992431640625
-39.077857971191406,37.47601318359375,-6.9718017578125
-39.182273864746094,37.40582275390625,-7.2447052001953125
-39.244346618652344,37.4088134765625,-7.327667236328125
-39.311546325683594,37.24269104003906,-7.3554534912109375
-39.249839782714844,37.199607849121094,-7.3094482421875
-39.323463439941406,37.29579162597656,-7.429962158203125
-39.332740783691406,37.33757781982422,-7.5854339599609375
-39.41120147705078,37.45011901855469,-7.6270294189453125
-39.408958435058594,37.49153137207031,-7.6986541748046875
-39.417869567871094,37.360069274902344,-8.017990112304688
-39.336524963378906,37.41383361816406,-8.100540161132812
-39.248558044433594,37.47338104248047,-8.128570556640625
-39.174415588378906,37.48793029785156,-8.18243408203125
-39.185523986816406,37.381935119628906,-8.624069213867188
-39.12854766845703,37.33715057373047,-8.826614379882812
-38.92310333251953,37.33782958984375,-8.973342895507812
-38.879173278808594,37.463966369628906,-9.059677124023438
-38.94135284423828,37.52179718017578,-8.975601196289062
-38.980812072753906,37.50254821777344,-8.802520751953125
-38.979713439941406,37.392417907714844,-8.606658935546875
-38.990699768066406,37.52311706542969,-8.618408203125
-38.912086486816406,37.53636169433594,-8.608657836914062
-38.947044372558594,37.37786102294922,-8.498382568359375
-38.987998962402344,37.38824462890625,-8.460281372070312
-38.990135192871094,37.42711639404297,-8.496719360351562
-38.997901916503906,37.26936340332031,-8.61566162109375
-39.08100128173828,37.11589813232422,-8.675537109375
-39.14971160888672,37.045166015625,-8.6817626953125
-39.222938537597656,37.033477783203125,-8.849578857421875
-39.37671661376953,37.005226135253906,-8.970504760742188
-39.30022430419922,37.009971618652344,-8.969482421875
-39.29180145263672,36.962677001953125,-9.005081176757812
-39.302268981933594,36.97899627685547,-9.164535522460938
-39.326377868652344,36.93194580078125,-9.22998046875
-39.315223693847656,36.81988525390625,-9.213577270507812
-39.31708526611328,36.90924072265625,-9.211395263671875
-39.303001403808594,36.89776611328125,-9.206466674804688
-39.32695770263672,36.80877685546875,-9.18084716796875
-39.30071258544922,36.874855041503906,-9.174697875976562
-39.28168487548828,36.90690612792969,-9.08111572265625
-39.40558624267578,36.78977966308594,-9.048538208007812
-39.357200622558594,36.689613342285156,-9.028671264648438
-39.323081970214844,36.648658752441406,-8.952285766601562
-39.47895050048828,36.69258117675781,-8.7518310546875
-39.59809112548828,36.57764434814453,-8.50592041015625
-39.668190002441406,36.589256286621094,-8.429306030273438
-39.876991271972656,36.45103454589844,-8.4439697265625
-39.86248016357422,36.30226135253906,-8.564529418945312
-39.935203552246094,36.25879669189453,-8.696945190429688
-39.929588317871094,36.271324157714844,-8.89703369140625
-39.895957946777344,36.305519104003906,-9.118057250976562
-39.891563415527344,36.43217468261719,-9.1312255859375
-39.86676788330078,36.444305419921875,-9.25518798828125
-39.88581085205078,36.407630920410156,-9.403228759765625
-39.88567352294922,36.301292419433594,-9.465118408203125
-39.81529998779297,36.20166015625,-9.348846435546875
-39.832420349121094,36.19324493408203,-9.347732543945312
-39.765663146972656,36.27008819580078,-9.561187744140625
-39.761268615722656,36.370399475097656,-9.711166381835938
-39.768760681152344,36.42925262451172,-9.882858276367188
-39.704139709472656,36.42205047607422,-10.10345458984375
-39.86260223388672,36.45647430419922,-10.098220825195312
-39.70793914794922,36.411277770996094,-10.015045166015625
-39.715476989746094,36.4456787109375,-10.0133056640625
-39.71495819091797,36.443443298339844,-10.044723510742188
-39.857261657714844,36.45850372314453,-10.144393920898438
-40.015647888183594,36.40003967285156,-10.060592651367188
-40.039634704589844,36.255043029785156,-10.081588745117188
-40.18305206298828,36.208282470703125,-10.104690551757812
-40.28876495361328,36.220664978027344,-10.13507080078125
-40.192283630371094,36.21299743652344,-10.151702880859375
-40.18494415283203,36.16949462890625,-10.232208251953125
-40.10889434814453,36.196380615234375,-10.3970947265625
-40.03278350830078,36.16294860839844,-10.411529541015625
-39.950233459472656,36.256126403808594,-10.433334350585938
-39.85326385498047,36.317054748535156,-10.437057495117188
-39.863807678222656,36.343017578125,-10.289291381835938
-39.81616973876953,36.23711395263672,-10.196502685546875
-39.973472595214844,36.243438720703125,-10.208251953125
-39.974220275878906,36.20647430419922,-10.382827758789062
-39.969825744628906,36.19981384277344,-10.1558837890625
-40.06047821044922,36.13367462158203,-10.152755737304688
-40.35077667236328,36.01243591308594,-10.149459838867188
-40.280982971191406,35.91374206542969,-10.375457763671875
-40.21105194091797,35.90538024902344,-10.363555908203125
-40.10675811767578,35.87684631347656,-10.448532104492188
-40.15990447998047,35.883636474609375,-10.251815795898438
-40.17139434814453,35.767608642578125,-10.141021728515625
-40.19005584716797,35.7774658203125,-10.21038818359375
-40.05883026123047,35.860206604003906,-10.254318237304688
-40.018211364746094,35.90704345703125,-10.165878295898438
-40.07958221435547,35.89103698730469,-10.145462036132812
-40.141502380371094,35.94914245605469,-10.195388793945312
-40.11267852783203,35.954872131347656,-10.203384399414062
-40.05622100830078,35.83221435546875,-10.1563720703125
-40.02996063232422,35.84027862548828,-10.258987426757812
-40.05512237548828,35.911903381347656,-10.229888916015625
-40.10346221923828,35.963233947753906,-10.383834838867188
-40.018836975097656,36.067527770996094,-10.412582397460938
-39.95105743408203,36.01477813720703,-10.414535522460938
