X,Y,Z
-0.12534740567207336,0.01274518109858036,-0.2621632516384125
-0.11308088153600693,-0.10298088937997818,-0.1390541046857834
-0.1111772209405899,-0.1686278134584427,0.0020740306936204433
-0.09562968462705612,-0.14103373885154724,0.1003262996673584
-0.06641577184200287,-0.2279881089925766,0.06336893141269684
0.028858810663223267,-0.44042181968688965,-0.14893986284732819
0.14961564540863037,-0.625551164150238,-0.5184271335601807
0.11201740056276321,-0.617188036441803,-0.976706326007843
-0.1501086950302124,-0.5284081697463989,-1.4016506671905518
-0.6015701293945312,-0.5428510308265686,-1.6786731481552124
-0.7477403283119202,-0.6152833700180054,-1.715282678604126
-0.566565990447998,-0.7154339551925659,-1.5360703468322754
-0.27515894174575806,-0.7740170359611511,-1.2932556867599487
0.15609978139400482,-0.570803165435791,-1.0685948133468628
0.6314308047294617,-0.3777298629283905,-0.9025335311889648
1.103346586227417,-0.36759039759635925,-0.8232813477516174
1.5102325677871704,-0.40467125177383423,-0.874453067779541
1.8417719602584839,-0.5857259631156921,-1.0409663915634155
2.0131185054779053,-0.8310052156448364,-1.3544447422027588
1.8277174234390259,-0.932424783706665,-1.8207602500915527
1.241161823272705,-0.8113952875137329,-2.3475821018218994
0.6024303436279297,-0.6537803411483765,-2.4768927097320557
-0.41327568888664246,0.9434522986412048,-2.641693592071533
-0.8407468795776367,2.3082871437072754,-2.7712111473083496
-0.734050452709198,1.8714920282363892,-2.521800994873047
-0.6625877618789673,0.6087877750396729,-1.92283296585083
-0.7901480197906494,0.18538710474967957,-1.278267741203308
-1.079313039779663,0.7900130748748779,-0.7888981103897095
-1.2058336734771729,1.6915106773376465,-0.3828631043434143
-1.0071817636489868,0.9721366167068481,-0.14139056205749512
-0.6396194696426392,0.028318488970398903,-0.019443638622760773
-0.177196204662323,-0.4491082727909088,0.22410297393798828
0.2537287771701813,-1.143003225326538,0.5410815477371216
0.6708711385726929,-1.7031201124191284,0.7448160648345947
1.1650274991989136,-1.9515116214752197,0.7987186312675476
1.6642000675201416,-1.181101679801941,0.6199054718017578
1.8617644309997559,-0.3448564410209656,0.18882904946804047
2.0564677715301514,0.49909743666648865,-0.25804513692855835
2.376434564590454,1.3843646049499512,-0.6647517681121826
2.8262181282043457,2.4492504596710205,-0.6876972913742065
2.6602132320404053,2.328004837036133,-0.4078364372253418
1.57729172706604,1.585255742073059,-0.05311297997832298
0.2838890850543976,0.8602834343910217,0.15892991423606873
-0.84358811378479,0.3133324384689331,0.2989935576915741
-1.6622170209884644,-0.2548823952674866,0.42417028546333313
-2.0959975719451904,-0.4557467997074127,0.45767420530319214
-2.187873601913452,-0.2546228766441345,0.28642773628234863
-2.075345993041992,0.19036416709423065,-0.020598791539669037
-2.032686710357666,0.5433940887451172,-0.40124204754829407
-2.2667901515960693,1.02286958694458,-0.7644713521003723
-2.8841419219970703,1.798789381980896,-1.042212963104248
-3.227769613265991,2.664929151535034,-1.314023494720459
-3.34493350982666,3.611264228820801,-1.9354013204574585
-3.2193870544433594,4.624993324279785,-2.7819154262542725
-3.142624855041504,5.408585548400879,-3.4086875915527344
-3.247896909713745,5.839546203613281,-3.6802752017974854
-3.503436803817749,6.237956523895264,-3.6455440521240234
-3.857567310333252,5.995433807373047,-3.494722843170166
-4.055749416351318,5.22296667098999,-3.301964282989502
-3.981581211090088,4.29140043258667,-3.02052640914917
-3.684319019317627,3.4063165187835693,-2.5955066680908203
-3.220186471939087,2.8323240280151367,-2.057112693786621
-2.696040391921997,2.558591365814209,-1.4568980932235718
-2.2421891689300537,2.428981065750122,-0.8762286305427551
-1.919228196144104,2.4526782035827637,-0.40795841813087463
-1.6801698207855225,2.786560535430908,-0.05660755932331085
-1.4748258590698242,3.0573339462280273,0.21935012936592102
-1.251134991645813,3.063310384750366,0.4250012934207916
-1.0175803899765015,3.375628709793091,0.549741268157959
-0.8402836918830872,4.242119312286377,0.6548932790756226
-0.76282799243927,5.061452388763428,0.7643370032310486
-0.7569639682769775,5.582850456237793,0.8130438327789307
-0.7429322600364685,5.766963005065918,0.7760075330734253
-0.70822674036026,5.7111639976501465,0.6190235018730164
-0.6536941528320312,5.570059776306152,0.4477425217628479
-0.5560083389282227,5.433919906616211,0.29723185300827026
-0.4138443171977997,5.142025947570801,0.1620238721370697
-0.17137254774570465,4.032485008239746,0.01993783377110958
0.2675014138221741,1.3962832689285278,-0.22856664657592773
0.4014698565006256,0.4078958034515381,-0.5165472626686096
0.28521692752838135,0.8549383282661438,-0.5844435095787048
0.20121735334396362,1.4301975965499878,-0.5647803544998169
0.28751230239868164,1.7380732297897339,-0.5151483416557312
0.5781098008155823,1.6333364248275757,-0.2769176959991455
0.9484155178070068,1.3464915752410889,0.15288302302360535
1.0433433055877686,1.1704553365707397,0.7069762945175171
0.6227200031280518,1.0237059593200684,1.1773403882980347
-0.1763034164905548,1.1620452404022217,1.4294523000717163
-1.1024192571640015,1.527618646621704,1.6455694437026978
-1.831318974494934,1.7315407991409302,1.8290117979049683
-2.2556040287017822,1.2174197435379028,1.7967908382415771
-2.321026086807251,0.7070022225379944,1.6446776390075684
-2.053159475326538,0.5012326836585999,1.3590232133865356
-1.6388713121414185,0.6732560992240906,0.9974721074104309
-1.3058538436889648,0.8638134002685547,0.610453724861145
-1.17560613155365,0.7194410562515259,0.3052927255630493
-1.1107213497161865,0.6538563370704651,0.18381823599338531
-0.958283007144928,0.5912867188453674,0.23638103902339935
-0.6949419379234314,0.41172313690185547,0.45714202523231506
-0.42450854182243347,0.31240320205688477,0.5759525895118713
-0.22223974764347076,0.31677868962287903,0.7866668701171875
-0.14467863738536835,0.6360757350921631,1.0246394872665405
-0.23462122678756714,1.6375104188919067,0.9148252010345459
-0.5228328108787537,2.6888267993927,0.5634791254997253
-0.887592613697052,3.703047752380371,0.07385311275720596
-1.2383508682250977,4.932188034057617,-0.4011480212211609
-1.4519472122192383,5.844609260559082,-0.7054141163825989
-1.2628891468048096,5.52659273147583,-0.6681706309318542
-0.5223212242126465,4.39272403717041,-0.33724814653396606
0.926336944103241,2.793703079223633,0.04245232790708542
2.1199517250061035,2.216111898422241,0.3130551278591156
2.50724720954895,2.2086944580078125,0.4902932941913605
2.3273627758026123,1.8550629615783691,0.3372451663017273
2.1418495178222656,1.5029852390289307,-0.5488588809967041
1.7919001579284668,0.673707127571106,-1.4861563444137573
1.1580361127853394,-0.17268353700637817,-1.7946913242340088
0.46174484491348267,-0.6572422385215759,-1.7806191444396973
-0.15253694355487823,-1.0414029359817505,-1.7027091979980469
-0.44706055521965027,-1.2497100830078125,-1.721224308013916
-0.4178161323070526,-1.1562824249267578,-1.737765908241272
-0.17567507922649384,-0.899316668510437,-1.6495742797851562
0.15181410312652588,-0.5086999535560608,-1.4756916761398315
0.4102068543434143,-0.0017178060952574015,-1.1810508966445923
0.5065168738365173,0.26258254051208496,-0.7730967402458191
0.6085931658744812,0.34838831424713135,-0.42490509152412415
0.6701758503913879,0.5981137156486511,-0.12310557812452316
0.7267730832099915,0.5487553477287292,0.10095053911209106
0.7778540849685669,0.40245380997657776,0.24721187353134155
0.7409613132476807,0.23316703736782074,0.25137650966644287
0.6368969678878784,0.20234520733356476,0.019748061895370483
0.5229052901268005,0.0686502531170845,-0.20896795392036438
0.321257084608078,-0.11275602877140045,-0.26331374049186707
0.011898109689354897,-0.15957413613796234,-0.2603006064891815
-0.4109090566635132,-0.3299735486507416,-0.28883662819862366
-0.852109432220459,-0.6341515779495239,-0.33697399497032166
-1.2125605344772339,-1.037244200706482,-0.36379095911979675
-1.5418651103973389,-1.5228755474090576,-0.3379594683647156
-1.9062800407409668,-2.100877523422241,-0.39758285880088806
-2.1727607250213623,-2.7237842082977295,-0.4682128131389618
-2.3173599243164062,-3.268479585647583,-0.582716166973114
-2.3597445487976074,-3.6599209308624268,-0.7372767329216003
-2.3849658966064453,-3.964689254760742,-0.9255486130714417
-2.403764486312866,-4.184840202331543,-1.1314719915390015
-2.4156365394592285,-4.286550521850586,-1.3707267045974731
-2.3923492431640625,-4.315428733825684,-1.6450718641281128
-2.2918882369995117,-4.266966342926025,-1.9595444202423096
-2.0965278148651123,-4.140881061553955,-2.3087494373321533
-1.8456774950027466,-3.933399200439453,-2.652056932449341
-1.5661962032318115,-3.600268840789795,-2.972242593765259
-1.2802104949951172,-3.1485917568206787,-3.2696807384490967
-0.9948850870132446,-2.762296676635742,-3.47595477104187
-0.6296493411064148,-2.3253254890441895,-3.637125015258789
-0.1881621778011322,-1.8561004400253296,-3.7561960220336914
0.2631394863128662,-1.398496150970459,-3.852654218673706
0.6393066048622131,-0.992549479007721,-3.843745231628418
0.8762544393539429,-0.6435549855232239,-3.756457567214966
0.9821256995201111,-0.4279349446296692,-3.607051372528076
1.0117299556732178,-0.34394046664237976,-3.450091600418091
0.986165463924408,-0.32038387656211853,-3.292545795440674
0.9010093212127686,-0.27931180596351624,-3.1414835453033447
0.7884068489074707,-0.24868254363536835,-2.976804494857788
0.6766712665557861,-0.21924182772636414,-2.790531635284424
0.6180517077445984,-0.17598575353622437,-2.6092095375061035
0.6125000715255737,-0.12998977303504944,-2.4398927688598633
0.6788583397865295,-0.09847258031368256,-2.2860045433044434
0.7998066544532776,-0.06363923102617264,-2.1741364002227783
0.9394649267196655,-0.0285493154078722,-2.058912992477417
1.0663131475448608,0.023112546652555466,-1.9393612146377563
1.184919834136963,0.05022665113210678,-1.8172246217727661
1.2995346784591675,0.06073654815554619,-1.701413631439209
1.4074875116348267,0.0844825878739357,-1.595717191696167
1.5291430950164795,0.1173984557390213,-1.5199453830718994
1.6597566604614258,0.1881304830312729,-1.4730541706085205
1.7617453336715698,0.3034144639968872,-1.4286696910858154
1.828560709953308,0.4658311605453491,-1.4081592559814453
1.8717761039733887,0.6646060347557068,-1.4114831686019897
1.882633090019226,0.867507815361023,-1.4290498495101929
1.853906273841858,1.0322922468185425,-1.441367268562317
1.7722502946853638,1.1578516960144043,-1.4245367050170898
1.6324247121810913,1.244396686553955,-1.3852689266204834
1.467693567276001,1.2570949792861938,-1.3263696432113647
1.2973599433898926,1.2014192342758179,-1.2767668962478638
1.1420685052871704,1.0984227657318115,-1.2334823608398438
1.0142790079116821,0.9636533260345459,-1.1986147165298462
0.9060986042022705,0.7992456555366516,-1.1581915616989136
0.8069680333137512,0.6016247272491455,-1.1081421375274658
0.7242096662521362,0.40178683400154114,-1.0445659160614014
0.6346904039382935,0.22022823989391327,-0.9615434408187866
0.5471466779708862,0.08672576397657394,-0.8711125254631042
0.4862405061721802,0.021457551047205925,-0.7853243947029114
0.47525879740715027,0.0182343702763319,-0.6969611644744873
0.5086039900779724,0.0874621793627739,-0.6098811030387878
0.5912399291992188,0.23817217350006104,-0.5254478454589844
0.677519679069519,0.4302864670753479,-0.4500047266483307
0.7364967465400696,0.6136206388473511,-0.3830329477787018
0.7503744959831238,0.7517995238304138,-0.3073996901512146
0.7287112474441528,0.8379930257797241,-0.22951526939868927
0.6700617671012878,0.8769007325172424,-0.15727035701274872
0.5772607922554016,0.8793191313743591,-0.10773129761219025
0.45455649495124817,0.8373575806617737,-0.05324675142765045
0.30240780115127563,0.7276277542114258,0.032329969108104706
0.11056564003229141,0.5793266892433167,0.14148788154125214
-0.1037803664803505,0.41958579421043396,0.2448999583721161
-0.3310563862323761,0.2211078554391861,0.33933645486831665
-0.539713442325592,0.005469674244523048,0.4242817759513855
-0.7266034483909607,-0.2027951180934906,0.5118398666381836
-0.8917245268821716,-0.4001534879207611,0.5930484533309937
-1.0536249876022339,-0.6115413308143616,0.6542508602142334
-1.2366598844528198,-0.8176255226135254,0.7172699570655823
-1.4265785217285156,-0.9779813289642334,0.9237762689590454
-1.5900342464447021,-1.0405138731002808,1.1537448167800903
-1.7388402223587036,-1.0249991416931152,1.3696677684783936
-1.830297827720642,-0.9533720016479492,1.571747064590454
-1.824849247932434,-0.8367130160331726,1.761614203453064
-1.712930679321289,-0.6593545079231262,1.9283192157745361
-1.515904426574707,-0.42684057354927063,2.0632739067077637
-1.2932802438735962,-0.17071770131587982,2.1507761478424072
-1.10126793384552,0.06890366971492767,2.19331431388855
-0.9834703207015991,0.2594238221645355,2.2179367542266846
-0.9333666563034058,0.36576730012893677,2.266528606414795
-0.9423866271972656,0.40356671810150146,2.3886642456054688
-0.9903757572174072,0.36682069301605225,2.599024534225464
-1.0514143705368042,0.30088117718696594,2.84450364112854
-1.0812638998031616,0.2494608610868454,3.076681613922119
-1.0652401447296143,0.2134701907634735,3.278822898864746
-1.010277509689331,0.19121815264225006,3.454650640487671
-0.9550438523292542,0.19162416458129883,3.5883939266204834
-0.9262036681175232,0.194802388548851,3.686394214630127
-0.9308391809463501,0.1832892745733261,3.73325777053833
-0.9637302756309509,0.15389862656593323,3.7380359172821045
-1.0121620893478394,0.15269488096237183,3.707219362258911
-1.0735751390457153,0.1594577133655548,3.6491994857788086
-1.1397383213043213,0.14947058260440826,3.559309482574463
-1.2055844068527222,0.16387403011322021,3.4693801403045654
-1.2632412910461426,0.22420239448547363,3.4071526527404785
-1.2923117876052856,0.3324836194515228,3.371936798095703
-1.271398901939392,0.49784794449806213,3.355898857116699
-1.205642819404602,0.7317429780960083,3.345188617706299
-1.1133941411972046,1.0192859172821045,3.3281240463256836
-1.01876699924469,1.3573718070983887,3.2890470027923584
-0.913336992263794,1.7293230295181274,3.211745262145996
-0.8076750040054321,2.0927913188934326,3.119325637817383
-0.6843970417976379,2.420985698699951,3.019000291824341
-0.5700086951255798,2.6926186084747314,2.937882661819458
-0.4786427915096283,2.8918581008911133,2.875692367553711
-0.41611841320991516,3.018677234649658,2.824223756790161
-0.36363017559051514,3.0926620960235596,2.7730467319488525
-0.32755047082901,3.1738474369049072,2.7413594722747803
-0.2938949763774872,3.291949987411499,2.699800729751587
-0.2551523745059967,3.43487811088562,2.64091420173645
-0.2020007073879242,3.554807186126709,2.5535459518432617
-0.17797686159610748,3.636378765106201,2.438986301422119
-0.2053975760936737,3.6438148021698,2.298426389694214
-0.2819562554359436,3.5647354125976562,2.1571860313415527
-0.3899635374546051,3.4515624046325684,2.0095322132110596
-0.535921573638916,3.3233251571655273,1.8739694356918335
-0.6995052099227905,3.220323324203491,1.7490437030792236
-0.8675224781036377,3.1177260875701904,1.6175570487976074
-1.0296967029571533,3.013183832168579,1.4812755584716797
-1.187312364578247,2.8347835540771484,1.32754385471344
-1.292072057723999,2.6360602378845215,1.184145212173462
-1.3414784669876099,2.4511497020721436,1.0679115056991577
-1.3486442565917969,2.3060481548309326,0.9814812541007996
-1.3509838581085205,2.200634241104126,0.9202812910079956
-1.365756869316101,2.1548335552215576,0.9735268354415894
-1.394885540008545,2.0961763858795166,1.1102039813995361
-1.399295687675476,2.146001100540161,0.9984146356582642
-1.4041767120361328,2.1188390254974365,0.7342588901519775
-1.4510544538497925,1.9579949378967285,0.4727668762207031
-1.5605270862579346,1.837465524673462,0.2420625537633896
-1.7285984754562378,1.7394969463348389,-0.17564190924167633
-1.773520588874817,1.418873906135559,-0.2439091056585312
-1.6605182886123657,1.1202012300491333,-0.06312623620033264
-1.5079455375671387,0.925267219543457,0.10293517261743546
-1.3649280071258545,0.8631635904312134,0.13128763437271118
-1.212180495262146,0.8475849032402039,0.1409173607826233
-1.0304487943649292,0.82393878698349,0.08917046338319778
-0.8034407496452332,0.833882212638855,-0.010149730369448662
-0.5160296559333801,0.8025217652320862,-0.13900190591812134
-0.24389246106147766,0.7192001938819885,-0.2826799750328064
-0.013107754290103912,0.6758520603179932,-0.4328097701072693
0.1586560159921646,0.67393559217453,-0.5691670775413513
0.2396543174982071,0.694674551486969,-0.6494703888893127
0.209440216422081,0.7421542406082153,-0.6480940580368042
0.10626989603042603,0.7857914566993713,-0.6125333905220032
-0.012560884468257427,0.7639790773391724,-0.5910110473632812
-0.09523753821849823,0.6706275939941406,-0.5761796832084656
-0.11288737505674362,0.5638965964317322,-0.5570245981216431
-0.048125751316547394,0.4900001883506775,-0.5422684550285339
0.08624111115932465,0.4774841368198395,-0.5421392917633057
0.2685301601886749,0.5008960366249084,-0.5489009022712708
0.4482506811618805,0.5464267730712891,-0.5604928135871887
0.5994181036949158,0.6100257635116577,-0.5635541081428528
0.7056944370269775,0.6737290620803833,-0.5492830276489258
0.773104190826416,0.7186521291732788,-0.5239202976226807
0.8064850568771362,0.7316182255744934,-0.485242635011673
0.7916890382766724,0.7113164663314819,-0.43784427642822266
0.7405877709388733,0.6591174602508545,-0.3778539299964905
0.6595869660377502,0.5676316022872925,-0.3059644401073456
0.5819970965385437,0.45574870705604553,-0.2377459853887558
0.5229196548461914,0.3786482810974121,-0.19322824478149414
0.4615236818790436,0.33184748888015747,-0.16120772063732147
0.405821830034256,0.33447059988975525,-0.1226784810423851
0.3713828921318054,0.3759051263332367,-0.09231072664260864
0.35538312792778015,0.42301538586616516,-0.08594394475221634
0.32889240980148315,0.43585342168807983,-0.08937808871269226
0.27036231756210327,0.39541593194007874,-0.10761773586273193
0.19648222625255585,0.3187747001647949,-0.11870341002941132
0.1093979924917221,0.2297952026128769,-0.12412016093730927
0.042578477412462234,0.1540631651878357,-0.12503202259540558
0.005891083274036646,0.08432696014642715,-0.11926411837339401
0.008775819092988968,0.057483624666929245,-0.09541311115026474
0.025922736153006554,0.08141238987445831,-0.08013080805540085
0.0179580207914114,0.1122126504778862,-0.07547613233327866
-0.017856838181614876,0.11325719207525253,-0.0879441499710083
-0.0795135423541069,0.08073946088552475,-0.10708694905042648
-0.1445554941892624,0.031517691910266876,-0.126478374004364
-0.20205794274806976,-0.0019262831192463636,-0.1399390697479248
-0.21575099229812622,0.009837533347308636,-0.16391170024871826
-0.1684122383594513,0.07893644273281097,-0.20577393472194672
-0.08689188957214355,0.1251610815525055,-0.2480231523513794
-0.010132399387657642,0.10231328755617142,-0.24523216485977173
0.011658229865133762,0.09581305086612701,-0.19156521558761597
-0.04410490021109581,0.11870665103197098,-0.10722370445728302
-0.17519442737102509,0.08965641260147095,-0.012647496536374092
-0.48825138807296753,-0.25330546498298645,0.0889315977692604
-0.7465601563453674,-0.5155395269393921,0.1447218805551529
-0.8136278986930847,-0.49812746047973633,0.18943795561790466
-0.8550101518630981,-0.44963544607162476,0.19961605966091156
-0.8319820761680603,-0.40557318925857544,0.17751581966876984
-0.7073879241943359,-0.3267510235309601,0.12474802881479263
-0.5558295845985413,-0.22869716584682465,0.07663749158382416
-0.4233386516571045,-0.12350571155548096,0.04398363456130028
-0.3265972137451172,-0.008298162370920181,0.0219156164675951
-0.2517582178115845,0.0808495581150055,0.0012984862551093102
-0.16524918377399445,0.14502668380737305,-0.023238282650709152
-0.05323189124464989,0.21702107787132263,-0.05775361880660057
0.053531043231487274,0.23812156915664673,-0.09790103882551193
0.14066378772258759,0.2216993123292923,-0.10902154445648193
0.17060330510139465,0.27423495054244995,-0.10849956423044205
0.13225893676280975,0.3860885500907898,-0.11382488161325455
0.04253065958619118,0.4470389783382416,-0.1327703446149826
-0.07094617187976837,0.4001395106315613,-0.16379350423812866
-0.19496771693229675,0.2536454200744629,-0.18333524465560913
-0.41072121262550354,-0.06867897510528564,-0.1944081038236618
-0.48720455169677734,0.721929669380188,-0.26399487257003784
0.10820884257555008,-0.04164370521903038,0.09316520392894745
0.7856366038322449,0.8365169167518616,-0.1177092120051384
0.5649736523628235,0.121995709836483,-0.2988286316394806
0.0823681503534317,-0.1073453351855278,-0.26426640152931213
-0.2275305986404419,-0.1986287385225296,-0.2014332115650177
-0.23790894448757172,-0.3577781915664673,-0.1168845072388649
-0.17053821682929993,-0.24456672370433807,-0.1086331382393837
-0.06084074825048447,-0.04184504225850105,-0.11884130537509918
0.03574531152844429,0.17434082925319672,-0.11235027015209198
0.05855794996023178,0.3199118971824646,-0.10205528885126114
0.006792573723942041,0.3356495797634125,-0.11328016966581345
-0.05756723880767822,0.31642580032348633,-0.16281870007514954
-0.10719268023967743,0.20545779168605804,-0.23582777380943298
-0.1902894228696823,0.0462215393781662,-0.3248825669288635
-0.2748071849346161,-0.19372442364692688,-0.3386405408382416
-0.40897509455680847,-0.45809271931648254,-0.3198740482330322
-0.5492149591445923,-0.8480126857757568,-0.25004085898399353
-0.710243284702301,-1.3437339067459106,-0.12412820756435394
-0.8603509664535522,-1.7585324048995972,0.02665739692747593
-0.8943028450012207,-1.9625438451766968,0.18837305903434753
-0.7883990406990051,-1.8753632307052612,0.3433283269405365
-0.5034543871879578,-1.5848959684371948,0.4276312291622162
-0.12374532967805862,-1.200803279876709,0.4416646659374237
0.24574455618858337,-0.8732657432556152,0.42634668946266174
0.5165755152702332,-0.7014729976654053,0.40127596259117126
0.6365818381309509,-0.6934409141540527,0.42013218998908997
0.6259058713912964,-0.7542070746421814,0.4646122455596924
0.5294674634933472,-0.7937917709350586,0.4782116711139679
0.34549614787101746,-0.7845894694328308,0.4689287543296814
0.12421649694442749,-0.6619871258735657,0.4332520067691803
-0.06480411440134048,-0.4842706024646759,0.3458693027496338
-0.1977027803659439,-0.28311699628829956,0.22715863585472107
-0.3013745844364166,-0.10477372258901596,0.08874393999576569
-0.37958255410194397,0.017300253733992577,-0.07869112491607666
-0.4391036331653595,0.060442715883255005,-0.2220904678106308
-0.46686413884162903,0.057862911373376846,-0.33227208256721497
-0.4566211700439453,0.031085040420293808,-0.4112166166305542
-0.49168673157691956,-0.04025252163410187,-0.43852704763412476
-0.59635990858078,-0.1615191549062729,-0.46881383657455444
-0.7307661771774292,-0.3968488574028015,-0.5138580203056335
-0.846383273601532,-0.8047193884849548,-0.5815114378929138
-0.8517348766326904,-1.3674432039260864,-0.6642355918884277
-0.7178744077682495,-1.8949097394943237,-0.8159599900245667
-0.4568178057670593,-2.2690510749816895,-1.0563725233078003
-0.13313433527946472,-2.5965323448181152,-1.3297971487045288
0.16889475286006927,-2.920140266418457,-1.5642914772033691
0.36945614218711853,-3.2245194911956787,-1.767175555229187
0.41005441546440125,-3.5120062828063965,-1.9255568981170654
0.3102821707725525,-3.7960758209228516,-2.0473432540893555
0.1410904973745346,-4.14827823638916,-2.1342790126800537
-0.02688625454902649,-4.497869968414307,-2.191176652908325
-0.1864471435546875,-4.7578020095825195,-2.3242340087890625
-0.26895666122436523,-4.974120616912842,-2.470707416534424
-0.2524415850639343,-5.112255573272705,-2.649989128112793
-0.20353062450885773,-5.149476528167725,-2.8748650550842285
-0.141923725605011,-5.047273635864258,-3.1495718955993652
-0.062375158071517944,-4.812344551086426,-3.4442174434661865
0.043168842792510986,-4.46271276473999,-3.6961634159088135
0.20980681478977203,-3.963397264480591,-3.926790952682495
0.43533048033714294,-3.3390257358551025,-4.143098831176758
0.7476416230201721,-2.6553030014038086,-4.314394474029541
1.1369105577468872,-1.9663379192352295,-4.407305717468262
1.5858949422836304,-1.2977007627487183,-4.438982009887695
2.053051471710205,-0.7475960850715637,-4.37604284286499
2.4700047969818115,-0.31133711338043213,-4.262165546417236
2.814671754837036,0.027231601998209953,-4.174728870391846
3.069936990737915,0.27631333470344543,-4.116024494171143
3.227175712585449,0.44199338555336,-4.064007759094238
3.2901928424835205,0.5198138356208801,-4.00324821472168
3.2653791904449463,0.5073438882827759,-3.9010009765625
3.1653900146484375,0.42700594663619995,-3.7650625705718994
3.032942771911621,0.3195367455482483,-3.582092523574829
2.904367208480835,0.20576432347297668,-3.3664963245391846
2.8097426891326904,0.11260668933391571,-3.1393566131591797
2.786360263824463,0.07325005531311035,-2.9313266277313232
2.8276987075805664,0.11614958196878433,-2.7543210983276367
2.929875612258911,0.22328640520572662,-2.591332197189331
3.0563368797302246,0.3676571547985077,-2.4354827404022217
3.1818153858184814,0.5309493541717529,-2.288766384124756
3.2844624519348145,0.6820025444030762,-2.147193193435669
3.3468616008758545,0.8124309778213501,-2.0167787075042725
3.356980085372925,0.910393476486206,-1.8823076486587524
3.3267040252685547,0.9749166965484619,-1.7258774042129517
3.2446718215942383,1.0026905536651611,-1.5207868814468384
3.1043426990509033,1.025048017501831,-1.2800160646438599
2.9255642890930176,1.0311437845230103,-1.058100938796997
2.7338826656341553,1.0290518999099731,-0.8728859424591064
2.541038751602173,1.0210498571395874,-0.7416152954101562
2.3546316623687744,1.0317810773849487,-0.6460091471672058
2.1904256343841553,1.0447397232055664,-0.5832634568214417
2.025689125061035,1.0472261905670166,-0.5365681052207947
1.8326280117034912,1.0369211435317993,-0.5065244436264038
1.6075252294540405,1.013073444366455,-0.47056180238723755
1.341341257095337,0.9694916009902954,-0.428757905960083
1.0208547115325928,0.8831155896186829,-0.3542494475841522
0.6624537706375122,0.764220118522644,-0.2536778450012207
0.28792640566825867,0.6158425211906433,-0.1710396260023117
-0.053815197199583054,0.45432737469673157,-0.11835245788097382
-0.33730584383010864,0.2971673607826233,-0.10489457845687866
-0.5435336232185364,0.13771353662014008,-0.12479238212108612
-0.6950355768203735,-0.013981424272060394,-0.15224961936473846
-0.8219509124755859,-0.13584022223949432,-0.1793994903564453
-0.9776828289031982,-0.19725775718688965,-0.1950000375509262
-1.1875267028808594,-0.20968219637870789,-0.1418800950050354
-1.4210764169692993,-0.18674027919769287,0.005158089566975832
-1.6391663551330566,-0.12621088325977325,0.23927977681159973
-1.7861435413360596,-0.04253506660461426,0.48482781648635864
-1.8295016288757324,0.054433293640613556,0.6858975291252136
-1.8027578592300415,0.1555667519569397,0.8221538066864014
-1.7931276559829712,0.23221679031848907,0.9173825979232788
-1.855326771736145,0.24762719869613647,1.018790364265442
-2.018801212310791,0.20866301655769348,1.1475656032562256
-2.280487298965454,0.12620127201080322,1.31202232837677
-2.5853822231292725,0.010157494805753231,1.5146163702011108
-2.878465175628662,-0.1059231385588646,1.734805941581726
-3.107093334197998,-0.22293737530708313,1.952828049659729
-3.256870985031128,-0.3230232000350952,2.1631128787994385
-3.332226276397705,-0.39644840359687805,2.351768732070923
-3.34445858001709,-0.44838982820510864,2.5243399143218994
-3.315387725830078,-0.4985933303833008,2.673776865005493
-3.251070499420166,-0.5446356534957886,2.803286552429199
-3.1729235649108887,-0.5872440934181213,2.9220213890075684
-3.0918688774108887,-0.592531681060791,3.0178112983703613
-2.9986894130706787,-0.5524575114250183,3.101170063018799
-2.886869430541992,-0.46577373147010803,3.156895160675049
-2.755929470062256,-0.35839030146598816,3.189079999923706
-2.630246877670288,-0.23387306928634644,3.2189366817474365
-2.503467082977295,-0.08032798767089844,3.285320520401001
-2.3737123012542725,0.02785445749759674,3.316366195678711
-2.2386722564697266,0.05319789797067642,3.248018741607666
-2.097635507583618,0.1034112498164177,3.192345142364502
-1.9551434516906738,0.20841914415359497,3.198275566101074
-1.8160736560821533,0.2476898729801178,3.13407301902771
-1.6907141208648682,0.23942476511001587,3.012373685836792
-1.5776987075805664,0.25841468572616577,2.9159605503082275
-1.476866364479065,0.28658002614974976,2.8392412662506104
-1.387373924255371,0.28186023235321045,2.718379020690918
-1.310051679611206,0.23309801518917084,2.5691606998443604
-1.2421373128890991,0.18399053812026978,2.4284183979034424
-1.1837339401245117,0.13547015190124512,2.3015215396881104
-1.134729266166687,0.057462528347969055,2.1775026321411133
-1.0888488292694092,-0.02500119060277939,2.0456185340881348
-1.026690125465393,-0.09595538675785065,1.9242273569107056
-0.952329158782959,-0.1395561248064041,1.818752408027649
-0.8590959906578064,-0.17769359052181244,1.700795292854309
-0.7470274567604065,-0.1953338384628296,1.5697240829467773
-0.6202147006988525,-0.1876562535762787,1.4409394264221191
-0.4703296422958374,-0.15564319491386414,1.2996296882629395
-0.3090243339538574,-0.11538901925086975,1.1467961072921753
-0.14645537734031677,-0.06919622421264648,0.9758111238479614
0.0080450139939785,-0.02214653231203556,0.8090438842773438
0.1600870043039322,0.01290865708142519,0.6592022180557251
0.29047635197639465,0.031355880200862885,0.5059779286384583
0.40690523386001587,0.04575292766094208,0.3531830906867981
0.5135339498519897,0.05838226526975632,0.20162266492843628
0.6100724935531616,0.06987300515174866,0.05174822360277176
0.7036996483802795,0.07937779277563095,-0.11143054813146591
0.7927097082138062,0.10192172229290009,-0.2923198938369751
0.8866686224937439,0.12577258050441742,-0.4932100772857666
0.9833720326423645,0.15093599259853363,-0.7112371921539307
1.1110485792160034,0.1527577042579651,-0.9285998940467834
1.2477632761001587,0.1417282223701477,-1.1371960639953613
1.3691552877426147,0.1253727376461029,-1.310481309890747
1.4652725458145142,0.12306831032037735,-1.4409804344177246
1.5207326412200928,0.12772636115550995,-1.5518234968185425
1.5413702726364136,0.12636202573776245,-1.672395944595337
1.5843546390533447,0.11444936692714691,-1.8491744995117188
1.7024437189102173,0.160561203956604,-2.064546585083008
1.9105913639068604,0.2706926167011261,-2.2958884239196777
2.1646311283111572,0.3783183991909027,-2.506991147994995
2.3731963634490967,0.41585180163383484,-2.661602735519409
2.4812333583831787,0.37724024057388306,-2.7591817378997803
2.479581594467163,0.28980106115341187,-2.81671404838562
2.390950918197632,0.18823286890983582,-2.8590383529663086
2.2406766414642334,0.12949824333190918,-2.897517681121826
2.047135829925537,0.1138060986995697,-2.9314754009246826
1.8386132717132568,0.09359247237443924,-2.958909749984741
1.6221818923950195,0.04409283399581909,-2.9606406688690186
1.4055765867233276,-0.04911511391401291,-2.9391679763793945
1.212388515472412,-0.16909238696098328,-2.9084742069244385
1.0510128736495972,-0.3087865710258484,-2.8744072914123535
0.9291330575942993,-0.456724613904953,-2.834139108657837
0.8360096216201782,-0.5974923372268677,-2.7966911792755127
0.7641335725784302,-0.7061375975608826,-2.75032377243042
0.7080196142196655,-0.7633867263793945,-2.6971421241760254
0.6642209887504578,-0.7623315453529358,-2.6312592029571533
0.644558846950531,-0.7056408524513245,-2.5490047931671143
0.6556381583213806,-0.6247720718383789,-2.46332049369812
0.6987313032150269,-0.5430377721786499,-2.382608413696289
0.7767723202705383,-0.4755496084690094,-2.3235690593719482
0.8905867338180542,-0.3964756727218628,-2.280557155609131
1.0429840087890625,-0.305568128824234,-2.2333576679229736
1.2076613903045654,-0.19652846455574036,-2.1709561347961426
1.3660978078842163,-0.07895523309707642,-2.105867385864258
1.5034621953964233,0.033711232244968414,-2.0337095260620117
1.6098443269729614,0.12924201786518097,-1.9558831453323364
1.6926387548446655,0.2274859994649887,-1.8802738189697266
1.7547372579574585,0.31805506348609924,-1.8103210926055908
1.7943812608718872,0.3749977648258209,-1.7545031309127808
1.7981349229812622,0.3875918388366699,-1.6842596530914307
1.7515618801116943,0.34879910945892334,-1.6073969602584839
1.6573437452316284,0.28677624464035034,-1.5262060165405273
1.5330082178115845,0.21444189548492432,-1.447573184967041
1.396559238433838,0.15896505117416382,-1.3787195682525635
1.2514623403549194,0.12408482283353806,-1.3038647174835205
1.0942168235778809,0.1235966607928276,-1.2142165899276733
0.9300955533981323,0.15487530827522278,-1.101113200187683
0.7612980604171753,0.20140765607357025,-0.9656553268432617
0.5965051651000977,0.25714004039764404,-0.8065778613090515
0.44133347272872925,0.3053014576435089,-0.6375528573989868
0.297561913728714,0.3295050859451294,-0.4582180082798004
0.1494632512331009,0.32893887162208557,-0.2684118449687958
-0.0061103906482458115,0.29083144664764404,-0.06741593033075333
-0.16940796375274658,0.21306101977825165,0.12199527770280838
-0.33547306060791016,0.11047178506851196,0.28514721989631653
-0.5006135106086731,-0.0166933611035347,0.4440377950668335
-0.6571148633956909,-0.1597168743610382,0.5565924048423767
-0.8393994569778442,-0.3462076485157013,0.5778052806854248
-1.0191795825958252,-0.6107297539710999,0.7869455218315125
-1.2223176956176758,-0.8804906606674194,1.0980321168899536
-1.4968332052230835,-1.0093793869018555,1.4133409261703491
-1.825330138206482,-0.9654697179794312,1.7897965908050537
-2.122990608215332,-0.8134482502937317,2.1468820571899414
-2.27801513671875,-0.5992611050605774,2.3919215202331543
-2.226785659790039,-0.39318522810935974,2.529832363128662
-2.025101661682129,-0.23204879462718964,2.5867998600006104
-1.8084098100662231,-0.11242015659809113,2.60977840423584
-1.7065271139144897,-0.06490377336740494,2.6474263668060303
-1.7559325695037842,-0.10370313376188278,2.733668565750122
-1.9019140005111694,-0.20916910469532013,2.8427088260650635
-2.041745901107788,-0.3115542531013489,2.9505672454833984
-2.1169683933258057,-0.3632209002971649,3.044161081314087
-2.1192266941070557,-0.34943345189094543,3.130601406097412
-2.0997865200042725,-0.2701157331466675,3.247452974319458
-2.1024460792541504,-0.14917849004268646,3.366825819015503
-2.1186065673828125,-0.07608456909656525,3.471846580505371
-2.1772689819335938,-0.037545960396528244,3.5094854831695557
-2.243912935256958,0.024361081421375275,3.4804747104644775
-2.2624728679656982,0.11650639772415161,3.400285482406616
-2.236393451690674,0.236175537109375,3.3126211166381836
-2.191516160964966,0.3624594807624817,3.242182731628418
-2.134068250656128,0.4965413808822632,3.176210403442383
-2.0330474376678467,0.6378520131111145,3.0972821712493896
-1.9002459049224854,0.7761989831924438,2.9867939949035645
-1.7462968826293945,0.8848153352737427,2.8890140056610107
-1.6151212453842163,0.972296953201294,2.8134806156158447
-1.5126627683639526,1.048154354095459,2.764127016067505
-1.455674409866333,1.1494122743606567,2.7101376056671143
-1.4336683750152588,1.2500364780426025,2.631653308868408
-1.4025133848190308,1.3025633096694946,2.6055057048797607
-1.356706976890564,1.3036860227584839,2.5859739780426025
-1.3244601488113403,1.2658230066299438,2.549910306930542
-1.3239001035690308,1.223456859588623,2.524136781692505
-1.348681926727295,1.2255895137786865,2.5426411628723145
-1.3974508047103882,1.3042356967926025,2.5361125469207764
-1.445286512374878,1.4577205181121826,2.486405372619629
-1.4552993774414062,1.6415767669677734,2.38751220703125
-1.5086357593536377,1.8702442646026611,2.0081167221069336
-1.453410029411316,2.0204155445098877,1.639987587928772
-1.2543314695358276,1.972564458847046,1.3859667778015137
-0.9845530986785889,1.7685621976852417,1.2442307472229004
-0.7119522094726562,1.5691601037979126,1.1745107173919678
-0.5198646187782288,1.4178805351257324,1.1370376348495483
-0.3919104337692261,1.5498853921890259,1.1392911672592163
0.01841985248029232,1.6683900356292725,1.1485668420791626
0.6066396832466125,1.6620187759399414,1.199444055557251
0.7215210199356079,1.5057145357131958,1.0456234216690063
0.6793389320373535,1.334967017173767,0.7439940571784973
0.5392130613327026,1.2940287590026855,0.41078242659568787
0.4101456105709076,1.3216297626495361,0.19203944504261017
0.3165442943572998,1.2566180229187012,0.13369357585906982
0.24506372213363647,1.0651212930679321,0.1458761990070343
-0.9007599353790283,1.0751653909683228,-0.017404459416866302
-0.7863689064979553,0.3111383616924286,0.14960236847400665
-0.5140609741210938,-0.4881284236907959,0.29738131165504456
0.018381113186478615,-1.1145824193954468,0.3812812566757202
-0.3224223852157593,-0.8327659964561462,0.17295527458190918
-0.6946260333061218,-0.40621522068977356,0.048205092549324036
-0.6093716025352478,-0.49785593152046204,0.21735204756259918
-0.6203821897506714,-0.5409141778945923,0.29685112833976746
-0.6969403028488159,-0.4406297206878662,0.31410858035087585
-0.8685176372528076,-0.2846827507019043,0.17598800361156464
-0.9174370765686035,-0.19465354084968567,0.061121389269828796
-0.8646734952926636,-0.08079888671636581,-0.06760649383068085
-0.832780122756958,-0.07845734804868698,-0.2341253161430359
-0.7113479375839233,-0.2654309570789337,-0.42243608832359314
-0.4639917016029358,-0.5831449031829834,-0.6288672089576721
-0.22045253217220306,-0.7154824137687683,-0.8409083485603333
-0.039496056735515594,-0.5780962109565735,-0.9807864427566528
0.040775347501039505,-0.28191885352134705,-0.9830666780471802
0.3622615337371826,0.28317511081695557,-0.8528087139129639
0.419908344745636,0.6960178017616272,-0.5979154109954834
0.3753233551979065,0.8503531217575073,-0.3059297502040863
0.05822555720806122,0.8469011187553406,-0.05054592341184616
-0.2233714610338211,0.5775322318077087,0.18354305624961853
-0.37783321738243103,0.18100295960903168,0.3342590630054474
-0.4259841740131378,-0.10602520406246185,0.41923996806144714
-0.38366201519966125,-0.26133012771606445,0.4840991497039795
-0.2641734480857849,-0.24905985593795776,0.5310195088386536
-0.09456204622983932,-0.11683417111635208,0.5464264154434204
0.04867665469646454,0.03459136560559273,0.5260618925094604
0.13964144885540009,0.13748206198215485,0.5022329688072205
0.2322538197040558,0.16725464165210724,0.47848600149154663
0.320849746465683,0.14798080921173096,0.4911716878414154
0.3873782753944397,0.07452777773141861,0.5726093649864197
0.44075173139572144,-0.055896542966365814,0.6524463891983032
0.48771414160728455,-0.1918317824602127,0.6967505812644958
0.53770512342453,-0.24181903898715973,0.7035096883773804
0.576543390750885,-0.21934175491333008,0.6789668202400208
0.6006892323493958,-0.10024092346429825,0.6464192867279053
0.7011348605155945,0.09363117069005966,0.647074282169342
0.8636188507080078,0.30376309156417847,0.6672365069389343
1.041206955909729,0.4508603811264038,0.6770278811454773
1.217923641204834,0.5995510816574097,0.6435439586639404
1.2899199724197388,0.6842877268791199,0.5664675831794739
1.1437557935714722,0.6440231800079346,0.48257166147232056
0.6584060788154602,0.5690208077430725,0.37141209840774536
-0.01983499713242054,0.21835468709468842,0.3511587381362915
-0.700686514377594,-0.2486870288848877,0.609275758266449
-1.2746814489364624,-0.5083012580871582,0.8802366852760315
-1.6598001718521118,-0.8408646583557129,0.9291537404060364
-1.2702603340148926,-0.9778374433517456,0.7268224954605103
-1.1816288232803345,-0.9534072875976562,0.6591911315917969
-0.7488752603530884,-0.602392852306366,0.6447544097900391
-0.20990000665187836,-0.07572521269321442,0.6441015601158142
0.19312068819999695,0.3795347213745117,0.6891785264015198
0.4212786853313446,0.7814105749130249,0.7685694098472595
0.5793788433074951,1.157488465309143,0.8316437005996704
0.49773481488227844,1.398712158203125,0.9544422626495361
0.3868439793586731,1.589573621749878,1.110828161239624
0.2706804573535919,1.649350881576538,1.216576099395752
0.275530606508255,1.7926853895187378,1.2660375833511353
0.2275405377149582,1.8299025297164917,1.2169830799102783
-0.005227992776781321,1.6398048400878906,1.2353330850601196
-0.16518272459506989,1.39699387550354,1.2708346843719482
-0.1913461536169052,1.0680979490280151,1.2340812683105469
-0.0037306933663785458,0.6809707880020142,1.0717226266860962
0.15737484395503998,0.32516661286354065,0.8865923881530762
0.08256854116916656,-0.0014052267652004957,0.8065680861473083
-0.07499925047159195,-0.211371511220932,0.7856441736221313
-0.1611228585243225,-0.3613722622394562,0.811872661113739
-0.10583803057670593,-0.47335419058799744,0.8687167763710022
0.013889354653656483,-0.6479246020317078,0.9563403129577637
0.11058872938156128,-0.8688634037971497,1.0539520978927612
0.14041179418563843,-1.096105933189392,1.092089056968689
0.1151232123374939,-1.3230764865875244,1.0728930234909058
0.0791928842663765,-1.4717239141464233,1.0274429321289062
0.051380958408117294,-1.4532591104507446,0.9935872554779053
0.02219165675342083,-1.2983213663101196,0.9803488254547119
-0.0007789064547978342,-1.076156735420227,0.9783168435096741
0.01483696885406971,-0.8395305275917053,0.9703763723373413
0.06977718323469162,-0.6292883157730103,0.9580292105674744
0.13810448348522186,-0.4951035678386688,0.8945672512054443
0.19067981839179993,-0.4217230975627899,0.7891747951507568
0.2175426483154297,-0.3342163562774658,0.6841074228286743
0.2086101472377777,-0.27222514152526855,0.5918954610824585
0.0973200872540474,-0.05199114978313446,0.5991950631141663
-0.29443809390068054,0.5065109729766846,0.6547339558601379
-0.6358745098114014,1.0886266231536865,0.3804115951061249
-0.8767156600952148,1.5412806272506714,-0.039514560252428055
-0.9425513744354248,1.6698282957077026,-0.3791952133178711
-0.4266560971736908,0.88078773021698,-0.6049173474311829
0.20144830644130707,0.062390971928834915,-0.7856339812278748
0.336602121591568,0.1308099776506424,-0.9255018830299377
0.3212602436542511,0.5377512574195862,-1.1194350719451904
0.34816643595695496,0.8352077007293701,-1.2699222564697266
0.47254619002342224,0.9848589301109314,-1.280714750289917
0.6751424670219421,1.0653369426727295,-1.2333543300628662
0.8805778622627258,1.1233601570129395,-1.2405948638916016
0.9847109317779541,1.1088517904281616,-0.9458335638046265
0.9478132724761963,1.0132261514663696,-0.7895640134811401
0.7898284196853638,0.8603585958480835,-0.7129555344581604
0.5764937400817871,0.627151608467102,-0.7130582332611084
0.3578343689441681,0.374462366104126,-0.7766217589378357
0.14040972292423248,0.09471818059682846,-0.8788929581642151
0.022407976910471916,-0.29488125443458557,-1.0044537782669067
-0.004471462685614824,-0.7325183749198914,-1.105667233467102
-0.006135938223451376,-1.0094314813613892,-1.185767412185669
0.05911163240671158,-1.1528353691101074,-1.2672805786132812
0.15649917721748352,-1.2717212438583374,-1.3413339853286743
0.2050926387310028,-1.3983139991760254,-1.4138306379318237
0.21418359875679016,-1.5910190343856812,-1.4927343130111694
0.2518622577190399,-1.8854237794876099,-1.603760004043579
0.3137013912200928,-2.1572840213775635,-1.723220944404602
0.363034188747406,-2.3874599933624268,-1.8635393381118774
0.4311967194080353,-2.6010329723358154,-2.030202627182007
0.4860520660877228,-2.7256557941436768,-2.1592507362365723
0.4839053153991699,-2.745208501815796,-2.2774524688720703
0.46136119961738586,-2.7825212478637695,-2.4155073165893555
0.45652276277542114,-2.8334531784057617,-2.581101179122925
0.4314497411251068,-2.810628890991211,-2.7389321327209473
0.3726969361305237,-2.7472028732299805,-2.8941214084625244
0.28429117798805237,-2.690774440765381,-3.0504305362701416
0.18643544614315033,-2.709815740585327,-3.2256288528442383
0.1387089639902115,-2.7816696166992188,-3.4389946460723877
0.14296415448188782,-2.816913366317749,-3.683687448501587
0.190239816904068,-2.8126790523529053,-3.9153990745544434
0.25410187244415283,-2.7906742095947266,-4.106235980987549
0.3153640627861023,-2.7429635524749756,-4.292612075805664
0.4066532552242279,-2.6270458698272705,-4.509024143218994
0.5227015614509583,-2.4450483322143555,-4.744927406311035
0.6848702430725098,-2.2424252033233643,-4.966073989868164
0.8909927010536194,-2.0336837768554688,-5.176839351654053
1.1534373760223389,-1.8059767484664917,-5.413405418395996
1.483101487159729,-1.5589746236801147,-5.691035270690918
1.8308876752853394,-1.271744728088379,-5.941571235656738
2.151487112045288,-0.9609600305557251,-6.0738844871521
2.4032692909240723,-0.6001791954040527,-6.03739070892334
2.5677788257598877,-0.23370645940303802,-5.851853847503662
2.6390089988708496,0.11016036570072174,-5.554349422454834
2.635122537612915,0.3977580964565277,-5.210483551025391
2.583439588546753,0.6051843166351318,-4.856979846954346
2.5035881996154785,0.718104362487793,-4.519134998321533
2.410592555999756,0.7299580574035645,-4.2301225662231445
2.313129186630249,0.649893581867218,-3.9834749698638916
2.2021307945251465,0.5024303197860718,-3.7518911361694336
2.0828092098236084,0.31581780314445496,-3.5282211303710938
1.9628902673721313,0.12438978999853134,-3.299649715423584
1.8276891708374023,-0.029832640662789345,-3.054887533187866
1.7106781005859375,-0.13620008528232574,-2.798412799835205
1.627138614654541,-0.16381904482841492,-2.5672595500946045
1.5780107975006104,-0.10727347433567047,-2.3608670234680176
1.5649559497833252,0.028479456901550293,-2.1767468452453613
1.5869046449661255,0.21923662722110748,-2.0092647075653076
1.6289775371551514,0.45170629024505615,-1.8337560892105103
1.6753860712051392,0.7071976661682129,-1.6603212356567383
1.7161593437194824,0.9528512358665466,-1.4818378686904907
1.7381658554077148,1.1666362285614014,-1.3047863245010376
1.7357145547866821,1.3228029012680054,-1.1296323537826538
1.6956266164779663,1.3986796140670776,-0.9659370183944702
1.622974157333374,1.4027290344238281,-0.7996903657913208
1.5159006118774414,1.3595861196517944,-0.6374005079269409
1.4032524824142456,1.2824805974960327,-0.4893213212490082
1.2959786653518677,1.1847503185272217,-0.3680969178676605
1.19211745262146,1.0742331743240356,-0.270761638879776
1.0853720903396606,0.970298171043396,-0.18932697176933289
0.9856101870536804,0.8835045695304871,-0.12375517189502716
0.8967884182929993,0.8078566789627075,-0.07258839160203934
0.8234255909919739,0.7616711258888245,-0.028064463287591934
0.7212217450141907,0.8000293970108032,0.029402289539575577
0.5964356660842896,0.8801354765892029,0.10013015568256378
0.48681220412254333,0.9454697370529175,0.1660069078207016
0.39399078488349915,1.0047335624694824,0.2174653261899948
0.3091544806957245,1.0784640312194824,0.26587945222854614
0.19532060623168945,1.1269606351852417,0.3333737254142761
0.057931043207645416,1.1223325729370117,0.3923201262950897
-0.09250154346227646,1.0362352132797241,0.44106248021125793
-0.2308778017759323,0.8971388339996338,0.4636460840702057
-0.3712591230869293,0.7155896425247192,0.45425161719322205
-0.5488211512565613,0.48825234174728394,0.4608141779899597
-0.7779137492179871,0.2531668245792389,0.49400967359542847
-1.0468543767929077,0.012765154242515564,0.5352489948272705
-1.314218282699585,-0.20777025818824768,0.5935400128364563
-1.5403858423233032,-0.36654844880104065,0.6802477240562439
-1.6898034811019897,-0.4456343948841095,0.8273189663887024
-1.7433202266693115,-0.4324943423271179,1.0213603973388672
-1.7545641660690308,-0.30713990330696106,1.2302565574645996
-1.7715251445770264,-0.09819651395082474,1.429718017578125
-1.8317902088165283,0.11653900146484375,1.6201176643371582
-1.933444619178772,0.27935534715652466,1.8054035902023315
-2.0515737533569336,0.3602655529975891,1.9987010955810547
-2.155460834503174,0.37360239028930664,2.1985836029052734
-2.2336809635162354,0.3342798948287964,2.4158859252929688
-2.2788262367248535,0.26424115896224976,2.6407320499420166
-2.284930467605591,0.20177453756332397,2.846106767654419
-2.2684266567230225,0.1467949002981186,3.0338807106018066
-2.245917558670044,0.11398632079362869,3.187187671661377
-2.257065534591675,0.07370574027299881,3.298609972000122
-2.299988269805908,0.03533394634723663,3.3753106594085693
-2.3701248168945312,0.012395874597132206,3.41915225982666
-2.4557559490203857,0.01963525079190731,3.4275200366973877
-2.54095458984375,0.041682492941617966,3.406985282897949
-2.621260643005371,0.051789090037345886,3.3613288402557373
-2.692232370376587,0.05336647853255272,3.2971749305725098
-2.740882635116577,0.05305841192603111,3.2257142066955566
-2.755190849304199,0.04150375351309776,3.1491498947143555
-2.7462542057037354,0.01753881201148033,3.0672035217285156
-2.721280574798584,-0.018526514992117882,2.9873292446136475
-2.6833465099334717,-0.067212775349617,2.9077134132385254
-2.6440186500549316,-0.1194450855255127,2.8324341773986816
-2.596954107284546,-0.17652159929275513,2.757200241088867
-2.5485570430755615,-0.2419823408126831,2.677983283996582
-2.492918014526367,-0.31105414032936096,2.588438034057617
-2.436830520629883,-0.38535845279693604,2.48964262008667
-2.3697798252105713,-0.47314751148223877,2.3728201389312744
-2.287414789199829,-0.5428067445755005,2.2389023303985596
-2.182415008544922,-0.5937173962593079,2.0829741954803467
-2.0520551204681396,-0.6464450359344482,1.9102299213409424
-1.899533748626709,-0.6785238981246948,1.7323399782180786
-1.727744698524475,-0.7171663641929626,1.5534354448318481
-1.5418983697891235,-0.7419339418411255,1.3768643140792847
-1.3390110731124878,-0.7462794184684753,1.2153632640838623
-1.1217305660247803,-0.7304317951202393,1.0814905166625977
-0.9118835926055908,-0.6808977723121643,0.9690459966659546
-0.6993271708488464,-0.6011998057365417,0.8700524568557739
-0.47684720158576965,-0.5036002993583679,0.7649337649345398
-0.23531249165534973,-0.3950493335723877,0.6457173824310303
0.008704966865479946,-0.2796654999256134,0.5036563873291016
0.23799698054790497,-0.17361217737197876,0.34180545806884766
0.4430752694606781,-0.10115396231412888,0.15833762288093567
0.6173630356788635,-0.05286935344338417,-0.038092080503702164
0.7640592455863953,-0.021370017901062965,-0.23396757245063782
0.8765599727630615,-0.009051034227013588,-0.41071492433547974
0.9540555477142334,-0.011642290279269218,-0.559390127658844
1.0164008140563965,-0.03060958720743656,-0.6805879473686218
1.0838299989700317,-0.0503942146897316,-0.7981483936309814
1.1878526210784912,-0.07369943708181381,-0.9559363722801208
1.329016089439392,-0.06324440240859985,-1.1572819948196411
1.4805132150650024,-0.04508429765701294,-1.3937937021255493
1.615039348602295,-0.05665280297398567,-1.6609489917755127
1.7060421705245972,-0.10277056694030762,-1.9410117864608765
1.7732629776000977,-0.1791660040616989,-2.2182235717773438
1.8354012966156006,-0.26500335335731506,-2.4832763671875
1.91249418258667,-0.33264070749282837,-2.7339038848876953
2.024941921234131,-0.3552108407020569,-2.957690715789795
2.149101734161377,-0.3041660487651825,-3.140719175338745
2.2450387477874756,-0.22228437662124634,-3.289166212081909
2.285630702972412,-0.12542840838432312,-3.4131662845611572
2.2750327587127686,-0.011055123060941696,-3.506864547729492
2.212270975112915,0.1216999962925911,-3.5732650756835938
2.0855400562286377,0.2607579231262207,-3.6153435707092285
1.9041329622268677,0.37306129932403564,-3.64137864112854
1.673689365386963,0.425190269947052,-3.6573028564453125
1.3934534788131714,0.38143613934516907,-3.66691517829895
1.061954140663147,0.230049267411232,-3.663238048553467
0.6863539218902588,-0.011896518059074879,-3.623150110244751
0.30120381712913513,-0.3091510832309723,-3.5378854274749756
-0.05958288535475731,-0.611589789390564,-3.4169158935546875
-0.3482212424278259,-0.8994280099868774,-3.279764413833618
-0.542388379573822,-1.114944338798523,-3.11018443107605
-0.6267529129981995,-1.2419477701187134,-2.921898365020752
-0.6050583124160767,-1.2430636882781982,-2.7446115016937256
-0.4892615079879761,-1.1126986742019653,-2.6038808822631836
-0.2934286296367645,-0.8907849788665771,-2.4957435131073
-0.05111858993768692,-0.6104652881622314,-2.41119647026062
0.1921081691980362,-0.3011090159416199,-2.3420889377593994
0.3988419771194458,-0.0029288558289408684,-2.2701668739318848
0.5455110669136047,0.2396734058856964,-2.187561511993408
0.6203854084014893,0.42031562328338623,-2.1021077632904053
0.6529039144515991,0.5310717225074768,-2.0128908157348633
0.6692558526992798,0.5698496103286743,-1.9278640747070312
0.6784685254096985,0.5527505278587341,-1.8398857116699219
0.6927748918533325,0.5159754157066345,-1.7433643341064453
0.7135992050170898,0.4678930938243866,-1.6340285539627075
0.7332766652107239,0.40344715118408203,-1.5117064714431763
0.7353099584579468,0.33980292081832886,-1.3718276023864746
0.7129492163658142,0.3049485981464386,-1.2100359201431274
0.6886262893676758,0.3104759752750397,-1.0665165185928345
0.6658375859260559,0.3462662100791931,-0.9382835030555725
0.6300737261772156,0.39067602157592773,-0.8326454758644104
0.5753186941146851,0.4137074649333954,-0.7234271168708801
0.5074030160903931,0.44629576802253723,-0.6061191558837891
0.4154886305332184,0.46008414030075073,-0.4840845465660095
0.32730019092559814,0.4334373474121094,-0.3425244688987732
0.25211673974990845,0.368051141500473,-0.1774737387895584
0.18475154042243958,0.27556702494621277,0.05867487192153931
0.0736301839351654,0.13059404492378235,0.23068830370903015
-0.11763778328895569,0.03716956451535225,0.33329296112060547
-0.26573169231414795,-0.12182333320379257,0.4716445505619049
-0.3661525845527649,-0.31178393959999084,0.5956650376319885
-0.4467654228210449,-0.5137441158294678,0.7063478231430054
-0.4958677291870117,-0.6946923136711121,0.7749699950218201
-0.5260232090950012,-0.7602612972259521,0.8194471597671509
-0.5156363248825073,-0.7656581997871399,0.8529033660888672
-0.46981894969940186,-0.7581533789634705,1.062127947807312
-0.38802850246429443,-0.6864786744117737,1.4042298793792725
-0.2569037675857544,-0.5709114074707031,1.727554202079773
-0.13190004229545593,-0.3147995173931122,2.0391719341278076
-0.07602810859680176,-0.0019029488321393728,2.3328263759613037
-0.1347321718931198,0.3327927589416504,2.6266865730285645
-0.18075549602508545,0.5671841502189636,2.95389986038208
-0.24392300844192505,0.7341278791427612,3.1972227096557617
-0.3187762200832367,0.8455648422241211,3.4451041221618652
-0.366276353597641,0.8544023036956787,3.6833653450012207
-0.4037603437900543,0.838519275188446,3.9259438514709473
-0.4385683834552765,0.8031032085418701,4.142679691314697
-0.46915629506111145,0.7753565311431885,4.30391788482666
-0.506007194519043,0.787207841873169,4.41771125793457
-0.555985152721405,0.8273497223854065,4.4996514320373535
-0.6360523104667664,0.8921705484390259,4.544409275054932
-0.7560200095176697,0.9970656633377075,4.572474479675293
-0.8923397660255432,1.1553491353988647,4.5728654861450195
-0.9909565448760986,1.333235263824463,4.550321102142334
-1.0411131381988525,1.5045500993728638,4.501705169677734
-1.0626506805419922,1.6896138191223145,4.431293964385986
-1.0545719861984253,1.8631086349487305,4.352889537811279
-1.0460408926010132,2.0497024059295654,4.282157897949219
-1.0502287149429321,2.236504077911377,4.218770980834961
-1.0595521926879883,2.434114933013916,4.143453598022461
-1.090946078300476,2.612647771835327,4.041132926940918
-1.154903769493103,2.7612645626068115,3.9093503952026367
-1.240174412727356,2.8610289096832275,3.7526845932006836
-1.3432689905166626,2.927232503890991,3.5721895694732666
-1.4744070768356323,2.9616360664367676,3.3877813816070557
-1.6151924133300781,2.966083288192749,3.1805307865142822
-1.714417815208435,2.9657769203186035,2.955580711364746
-1.761456847190857,2.9537558555603027,2.7290027141571045
-1.7664198875427246,2.9601948261260986,2.5173137187957764
-1.7322965860366821,2.980339527130127,2.3200595378875732
-1.6521081924438477,3.000506639480591,2.125805139541626
-1.5454638004302979,3.006864547729492,1.9253580570220947
-1.4138221740722656,2.9842727184295654,1.6962567567825317
-1.2624859809875488,2.9790661334991455,1.4560240507125854
-1.1153043508529663,2.9918651580810547,1.2361571788787842
-0.9791880249977112,2.9480795860290527,1.004499077796936
-0.8702370524406433,2.8540077209472656,0.7654173970222473
-0.8022134304046631,2.7430074214935303,0.5125249028205872
-0.7790365219116211,2.611161231994629,0.26163414120674133
-0.78913414478302,2.4637629985809326,0.04662330076098442
-0.8068580031394958,2.3316633701324463,-0.1298326849937439
-0.7964450716972351,2.1644954681396484,-0.2593357264995575
-0.7650853395462036,1.9567689895629883,-0.3525104224681854
-0.7301462292671204,1.7215006351470947,-0.4155855178833008
-0.6744678020477295,1.5675326585769653,-0.45727917551994324
-0.5869755744934082,1.481401801109314,-0.4559188485145569
-0.4893302619457245,1.3502392768859863,-0.428779661655426
-0.4240682125091553,1.2075200080871582,-0.4021291732788086
-0.44379743933677673,1.0401493310928345,-0.40025296807289124
-0.3722117841243744,1.09113347530365,-0.3679826855659485
-0.32580646872520447,1.1374423503875732,-0.3752714991569519
-0.28030312061309814,1.1568903923034668,-0.40140900015830994
-0.1811416745185852,1.1875073909759521,-0.44432583451271057
-0.10944321006536484,1.0841259956359863,-0.50177401304245
-0.06149139627814293,0.9040244221687317,-0.5683903694152832
-0.030846623703837395,0.6960422992706299,-0.6266576051712036
0.07316899299621582,0.4753040373325348,-0.6679043769836426
0.2987009882926941,0.31571531295776367,-0.6889526844024658
0.6117257475852966,0.281354159116745,-0.6870477199554443
0.9616979360580444,0.36909371614456177,-0.6143234372138977
1.2503020763397217,0.5320655703544617,-0.5084505081176758
1.4048298597335815,0.7341583371162415,-0.42677026987075806
1.3924671411514282,0.8591148853302002,-0.39357316493988037
1.2177432775497437,0.8665985465049744,-0.3993019163608551
0.9397830367088318,0.7574033737182617,-0.3963268995285034
0.6301034688949585,0.5850145220756531,-0.3510066270828247
0.3712143898010254,0.4062040448188782,-0.28305551409721375
0.2014627754688263,0.2038574069738388,-0.20689474046230316
0.12544125318527222,-0.011812839657068253,-0.1351097673177719
0.10629492998123169,-0.1929723471403122,-0.060055069625377655
0.1205178052186966,-0.299961656332016,0.012638038024306297
0.1566096395254135,-0.34006309509277344,0.06608069688081741
0.21439756453037262,-0.326119065284729,0.09632941335439682
0.28468120098114014,-0.24943360686302185,0.11698143929243088
0.3594273328781128,-0.15045616030693054,0.14759501814842224
0.41982486844062805,-0.028525352478027344,0.1841241419315338
0.45261555910110474,0.11988089978694916,0.2132897526025772
0.4753016233444214,0.27148059010505676,0.2438221424818039
0.503732442855835,0.41741275787353516,0.27349987626075745
0.5296932458877563,0.5149717926979065,0.286386102437973
0.5116630792617798,0.5284631252288818,0.297186017036438
0.44186803698539734,0.46586617827415466,0.30734020471572876
0.3427308201789856,0.38480833172798157,0.3075697720050812
0.23249147832393646,0.2963632345199585,0.3014272153377533
0.12432213127613068,0.22289223968982697,0.2906491458415985
0.0384490005671978,0.1630186140537262,0.2718736529350281
-0.044084757566452026,0.08459624648094177,0.2736329436302185
-0.13389751315116882,-0.056972701102495193,0.2719982862472534
-0.19431450963020325,-0.19746004045009613,0.24708442389965057
-0.23024149239063263,-0.30408284068107605,0.20393918454647064
-0.23719394207000732,-0.3678692877292633,0.1425567865371704
-0.2005218267440796,-0.35707202553749084,0.07185570895671844
-0.13279098272323608,-0.27152809500694275,0.00039617065340280533
-0.052671436220407486,-0.1502247303724289,-0.0712491124868393
0.027047891169786453,-0.043706804513931274,-0.13288292288780212
0.08544003218412399,0.03983955457806587,-0.1881590187549591
0.10798129439353943,0.0908723771572113,-0.2216237634420395
0.03155932575464249,0.08064393699169159,-0.25085824728012085
-0.3022327423095703,-0.10163399577140808,-0.2557571232318878
-1.0446974039077759,-0.005959535948932171,-0.19745831191539764
0.7650987505912781,0.7243785858154297,0.3265868127346039
0.8665239214897156,0.363569438457489,0.23276454210281372
0.3003412187099457,0.02369496412575245,0.30703848600387573
-0.16481666266918182,-0.2025536298751831,0.25163885951042175
-0.3618280291557312,-0.44463416934013367,0.135713592171669
-0.3641095757484436,-0.3456134498119354,0.14820979535579681
-0.22117213904857635,-0.052786633372306824,0.13102495670318604
-0.06751802563667297,0.17371147871017456,0.0876830518245697
-0.014039351604878902,0.2523796558380127,0.06928008049726486
0.09606137126684189,0.23616866767406464,0.04653703421354294
0.2918125092983246,0.18175922334194183,0.01844281516969204
0.45157745480537415,0.14155447483062744,-0.001757973339408636
0.5624908804893494,0.03130093961954117,-0.06591778248548508
0.6224429607391357,-0.08857909590005875,-0.12798580527305603
0.5686795711517334,-0.2800731658935547,-0.1509196162223816
0.5176201462745667,-0.5241992473602295,-0.07647226005792618
0.5093438625335693,-0.6778359413146973,-0.006662285886704922
0.5297529697418213,-0.7297746539115906,0.051472704857587814
0.594171404838562,-0.6585326790809631,0.07075425982475281
0.6512980461120605,-0.4180401563644409,0.10272248834371567
0.6532333493232727,-0.12570549547672272,0.1466795653104782
0.6232348084449768,0.1075674369931221,0.17755356431007385
0.5912960171699524,0.1887509822845459,0.17831072211265564
0.5490241646766663,0.08542975038290024,0.15751387178897858
0.4714689254760742,-0.14888234436511993,0.15636098384857178
0.3531521260738373,-0.38911038637161255,0.17123247683048248
0.21407362818717957,-0.5727459788322449,0.1793615221977234
0.09240549057722092,-0.7045668959617615,0.18931308388710022
-0.02967407926917076,-0.7239342331886292,0.18841053545475006
-0.15503321588039398,-0.6361717581748962,0.15583333373069763
-0.2680513858795166,-0.49619603157043457,0.1142217218875885
-0.3473788797855377,-0.3393944799900055,0.04296283423900604
-0.39178231358528137,-0.2037850022315979,-0.047037094831466675
-0.4585290849208832,-0.1387910395860672,-0.10776422917842865
-0.527247428894043,-0.15790267288684845,-0.15597303211688995
-0.5739755034446716,-0.24291351437568665,-0.1946263313293457
-0.6275249719619751,-0.4005308449268341,-0.21808397769927979
-0.7086564898490906,-0.6260330080986023,-0.2060909867286682
-0.8311821818351746,-0.8725194931030273,-0.1866224855184555
-1.0234800577163696,-1.1293959617614746,-0.1584571897983551
-1.261860728263855,-1.3640981912612915,-0.1415269374847412
-1.496152400970459,-1.5919628143310547,-0.1784263253211975
-1.6502729654312134,-1.7988861799240112,-0.26181337237358093
-1.6801185607910156,-1.9401544332504272,-0.3813856542110443
-1.5762121677398682,-2.0406923294067383,-0.5497674942016602
-1.3130793571472168,-2.118837833404541,-0.7396209836006165
-0.9413937330245972,-2.2070975303649902,-0.872279942035675
-0.60760897397995,-2.2648534774780273,-0.87273108959198
-0.3806277811527252,-2.3568341732025146,-0.8417766094207764
-0.25895926356315613,-2.5411217212677,-0.8479802012443542
-0.23851630091667175,-2.7994742393493652,-0.8946760296821594
-0.28716757893562317,-3.0621206760406494,-0.983822226524353
-0.35245123505592346,-3.243535280227661,-1.1037046909332275
-0.40276187658309937,-3.233806848526001,-1.273104190826416
-0.3705866038799286,-3.1000328063964844,-1.4419331550598145
-0.277548611164093,-2.9014084339141846,-1.5974797010421753
-0.230699360370636,-2.7424473762512207,-1.7251242399215698
-0.22894072532653809,-2.6711342334747314,-1.7885425090789795
-0.30483680963516235,-2.672856569290161,-1.8275810480117798
-0.4149094521999359,-2.725550651550293,-1.9116475582122803
-0.5175431966781616,-2.7790729999542236,-2.033717393875122
-0.5947254300117493,-2.8250887393951416,-2.1829051971435547
-0.6374388337135315,-2.8209805488586426,-2.362499237060547
-0.6288390159606934,-2.75900936126709,-2.5513243675231934
-0.5453132390975952,-2.671628952026367,-2.753706216812134
-0.3633468449115753,-2.561950445175171,-2.9430644512176514
-0.08590193092823029,-2.4168899059295654,-3.104344367980957
0.258700966835022,-2.221400499343872,-3.2592833042144775
0.6336351633071899,-1.958487868309021,-3.4093997478485107
0.9928725361824036,-1.643104076385498,-3.5538368225097656
1.2977828979492188,-1.346843957901001,-3.6855242252349854
1.5487767457962036,-1.106508493423462,-3.796210289001465
1.7646911144256592,-0.9328948259353638,-3.897242546081543
2.0142810344696045,-0.8179898262023926,-4.001528263092041
2.292905569076538,-0.7510395646095276,-4.099231243133545
2.5671980381011963,-0.6819181442260742,-4.1383280754089355
2.7743067741394043,-0.5542717576026917,-4.102777004241943
2.8995156288146973,-0.3505643308162689,-4.001238822937012
2.951845407485962,-0.11658913642168045,-3.8093369007110596
2.948862075805664,0.1362045556306839,-3.5541224479675293
2.920577049255371,0.3750014007091522,-3.2482705116271973
2.889939069747925,0.580339252948761,-2.9075376987457275
2.8701400756835938,0.7625141143798828,-2.5726828575134277
2.8707942962646484,0.9209057688713074,-2.2934648990631104
2.8731300830841064,1.0120230913162231,-2.0989625453948975
2.844895839691162,1.030064582824707,-1.954045057296753
2.763094425201416,1.0195952653884888,-1.794298529624939
2.6400556564331055,0.9675614237785339,-1.6316782236099243
2.489335536956787,0.7957324385643005,-1.569408655166626
2.29534912109375,0.5895625948905945,-1.4843623638153076
2.048506021499634,0.45406869053840637,-1.236806035041809
1.7658838033676147,0.30402040481567383,-1.0005918741226196
1.5119229555130005,0.14428852498531342,-0.8857914805412292
1.3218616247177124,0.09568171203136444,-0.8086217641830444
1.2240769863128662,0.14414536952972412,-0.7437125444412231
1.206608533859253,0.20847736299037933,-0.7174125909805298
1.2419772148132324,0.2600843906402588,-0.7291057109832764
1.2990608215332031,0.3398225009441376,-0.7163300514221191
1.3360776901245117,0.44877347350120544,-0.667253851890564
1.3381497859954834,0.518409013748169,-0.6159785985946655
1.3127892017364502,0.536709189414978,-0.5715938210487366
1.2728208303451538,0.5238905549049377,-0.5155336260795593
1.2071845531463623,0.49470630288124084,-0.45201799273490906
1.120779037475586,0.4507671892642975,-0.379820853471756
1.0140541791915894,0.40566521883010864,-0.31898173689842224
0.921698272228241,0.36756661534309387,-0.29007086157798767
0.8421725630760193,0.34208497405052185,-0.28789904713630676
0.7705860733985901,0.3079569935798645,-0.3162507116794586
0.6873987913131714,0.27590370178222656,-0.36180007457733154
0.5800619125366211,0.24215149879455566,-0.3941643238067627
0.44034579396247864,0.1991472989320755,-0.40765243768692017
0.25873056054115295,0.14928001165390015,-0.40402087569236755
0.036526523530483246,0.10502014309167862,-0.3592989444732666
-0.20011748373508453,0.08329852670431137,-0.261491060256958
-0.4476383328437805,0.08672282099723816,-0.1246194913983345
-0.6670365333557129,0.10688235610723495,0.028555775061249733
-0.8521397709846497,0.13870713114738464,0.16791845858097076
-0.9960281252861023,0.18960347771644592,0.2938986122608185
-1.0988101959228516,0.25094565749168396,0.40863344073295593
-1.1843000650405884,0.2823449373245239,0.5211061835289001
-1.2465217113494873,0.2598974406719208,0.6242789030075073
-1.2937687635421753,0.17116452753543854,0.6998389959335327
-1.3676475286483765,0.021717775613069534,0.7497019171714783
-1.5030834674835205,-0.13743320107460022,0.806572437286377
-1.7185262441635132,-0.2688008248806,0.8957651257514954
-1.9713056087493896,-0.3333194851875305,1.0449155569076538
-2.1724319458007812,-0.3501165807247162,1.2461349964141846
-2.250016927719116,-0.3606140911579132,1.4665987491607666
-2.2005398273468018,-0.3458450138568878,1.646133303642273
-2.0688276290893555,-0.2829376757144928,1.7830641269683838
-1.9080125093460083,-0.19208472967147827,1.8704445362091064
-1.7796375751495361,-0.11085045337677002,1.9404783248901367
-1.724717617034912,-0.052885957062244415,2.0117075443267822
-1.7421221733093262,-0.009977019391953945,2.1038131713867188
-1.8046149015426636,0.0178972240537405,2.2241883277893066
-1.8599978685379028,0.017541706562042236,2.352800130844116
-1.8665359020233154,-0.011722704395651817,2.466933012008667
-1.8174946308135986,-0.02679426409304142,2.575117826461792
-1.7334448099136353,-0.022930283099412918,2.667940378189087
-1.6349314451217651,-0.01042135525494814,2.733546018600464
-1.54544997215271,-0.010832015424966812,2.7612345218658447
-1.4847615957260132,-0.008096500299870968,2.7552425861358643
-1.461384892463684,-0.0074634673073887825,2.7137110233306885
-1.4817441701889038,-0.004257244523614645,2.6520068645477295
-1.5370832681655884,-0.00932231079787016,2.567039728164673
-1.6185407638549805,-0.031696341931819916,2.462249994277954
-1.730946660041809,-0.07335031032562256,2.3673417568206787
-1.8467607498168945,-0.13826914131641388,2.2781283855438232
-1.9289213418960571,-0.23107284307479858,2.1964170932769775
-1.9742780923843384,-0.3290647566318512,2.1134214401245117
-1.9899932146072388,-0.3969005346298218,2.0364747047424316
-1.9764525890350342,-0.43622252345085144,1.9612702131271362
-1.9367640018463135,-0.47418320178985596,1.8842569589614868
-1.8813815116882324,-0.5125271081924438,1.8061903715133667
-1.814467191696167,-0.5363336205482483,1.721816062927246
-1.7321678400039673,-0.5506877303123474,1.637455940246582
-1.640413761138916,-0.5650070309638977,1.5631165504455566
-1.5419217348098755,-0.5811952352523804,1.4935574531555176
-1.4297325611114502,-0.583917498588562,1.426578402519226
-1.299592137336731,-0.5669485926628113,1.3518297672271729
-1.1591562032699585,-0.5380500555038452,1.2781137228012085
-1.018106460571289,-0.49839189648628235,1.1990748643875122
-0.8634442090988159,-0.4512645900249481,1.1201778650283813
-0.7040638327598572,-0.39952903985977173,1.0345003604888916
-0.5375885367393494,-0.33901163935661316,0.958484411239624
-0.3644925653934479,-0.27161598205566406,0.8859108090400696
-0.18826374411582947,-0.20092768967151642,0.8201903700828552
-0.005421298556029797,-0.13084419071674347,0.7619194984436035
0.17893096804618835,-0.06260281056165695,0.7024372816085815
0.36124885082244873,-0.0022133493330329657,0.6448941826820374
0.5449569225311279,0.06513772904872894,0.578948974609375
0.7257440686225891,0.1248273253440857,0.5009937882423401
0.8919159770011902,0.1682989001274109,0.40006107091903687
1.0407339334487915,0.22196762263774872,0.2677291929721832
1.1655006408691406,0.27498555183410645,0.11625683307647705
1.2666847705841064,0.3170965015888214,-0.03629343956708908
1.3173445463180542,0.3471561372280121,-0.17625081539154053
1.3335368633270264,0.33339351415634155,-0.3054610788822174
1.334181785583496,0.251694917678833,-0.42224976420402527
1.3539555072784424,0.1382356435060501,-0.544125497341156
1.4177749156951904,0.0511593297123909,-0.6829792261123657
1.5046159029006958,0.02187836356461048,-0.8461909890174866
1.5798989534378052,0.054755620658397675,-1.01890230178833
1.6179715394973755,0.1043611466884613,-1.209206461906433
1.6386710405349731,0.10879983752965927,-1.4093437194824219
1.641176700592041,0.06499360501766205,-1.6020236015319824
1.6448183059692383,-0.011018606834113598,-1.7841854095458984
1.6895160675048828,-0.11469104140996933,-1.9574369192123413
1.782547950744629,-0.1915258914232254,-2.126417636871338
1.9275696277618408,-0.21590864658355713,-2.2963099479675293
2.1059112548828125,-0.17406639456748962,-2.448622941970825
2.277644634246826,-0.0683971643447876,-2.5845327377319336
2.3827099800109863,0.07805299758911133,-2.6925840377807617
2.4104723930358887,0.22605891525745392,-2.7838635444641113
2.3840038776397705,0.33967387676239014,-2.845026969909668
2.3149099349975586,0.4160090386867523,-2.9086556434631348
2.193232297897339,0.43107160925865173,-2.986534595489502
2.007699728012085,0.38245871663093567,-3.082284450531006
1.7629475593566895,0.26357918977737427,-3.171142339706421
1.467387080192566,0.07540824264287949,-3.235657215118408
1.1455714702606201,-0.15605613589286804,-3.2456791400909424
0.8127751350402832,-0.3977012634277344,-3.2026405334472656
0.47742965817451477,-0.6109957098960876,-3.1375627517700195
0.15350747108459473,-0.7692884206771851,-3.062405824661255
-0.13771450519561768,-0.8784937858581543,-2.992306709289551
-0.3855338394641876,-0.9594861268997192,-2.917696714401245
-0.5654354095458984,-0.9897047877311707,-2.8178300857543945
-0.6678086519241333,-0.9861899018287659,-2.7087862491607666
-0.6992006301879883,-0.945595383644104,-2.6171021461486816
-0.6660569310188293,-0.8608484268188477,-2.5471906661987305
-0.5841798782348633,-0.7476769089698792,-2.4860751628875732
-0.47008416056632996,-0.6098446846008301,-2.4285473823547363
-0.341233491897583,-0.461910605430603,-2.3589975833892822
-0.21782825887203217,-0.32768839597702026,-2.2617714405059814
-0.10491795837879181,-0.20627355575561523,-2.1395561695098877
-0.009108735248446465,-0.10188150405883789,-2.0103933811187744
0.08278550207614899,-0.003809531219303608,-1.8934017419815063
0.15662850439548492,0.07240165770053864,-1.7878824472427368
0.2101399302482605,0.13308550417423248,-1.6820998191833496
0.23299941420555115,0.15567085146903992,-1.5774599313735962
0.23665593564510345,0.16266803443431854,-1.483257532119751
0.21912646293640137,0.1712757647037506,-1.3832240104675293
0.18917708098888397,0.1969614177942276,-1.2764812707901
0.15120366215705872,0.24353963136672974,-1.153831958770752
0.11784464120864868,0.3017722964286804,-1.007838249206543
0.08535972982645035,0.348972886800766,-0.8377123475074768
0.04404691606760025,0.39956656098365784,-0.659785807132721
0.02703022211790085,0.47395503520965576,-0.4801180362701416
0.03800191357731819,0.5654974579811096,-0.2957860231399536
0.07234972715377808,0.6664506793022156,-0.10164041072130203
0.10612979531288147,0.761994481086731,0.09176846593618393
0.12379452586174011,0.8192861080169678,0.281652569770813
0.10241067409515381,0.8028112649917603,0.46312010288238525
0.03221430629491806,0.7123680710792542,0.6203104853630066
-0.045438945293426514,0.5244826078414917,0.7465118169784546
-0.12146691232919693,0.2515687644481659,0.8322794437408447
-0.20762071013450623,-0.06526804715394974,0.8833295702934265
-0.32085636258125305,-0.35981303453445435,0.9126351475715637
-0.4713023006916046,-0.5936271548271179,0.957145631313324
-0.6415286660194397,-0.7416127324104309,1.0531092882156372
-0.8078822493553162,-0.8091284036636353,1.2322406768798828
-0.918505072593689,-0.8064413666725159,1.4738835096359253
-0.9171093106269836,-0.7543249130249023,1.7467080354690552
-0.8279727101325989,-0.643603503704071,1.9997036457061768
-0.7096835970878601,-0.4804478883743286,2.2202963829040527
-0.6123274564743042,-0.27808699011802673,2.4201056957244873
-0.586639404296875,-0.08169591426849365,2.6302435398101807
-0.6086443662643433,0.06779647618532181,2.8483407497406006
-0.654327392578125,0.1447940617799759,3.051469564437866
-0.705576479434967,0.14041517674922943,3.2231411933898926
-0.7494019865989685,0.08672051876783371,3.3528213500976562
-0.7639145255088806,-0.0012317490763962269,3.442486524581909
-0.7571247816085815,-0.08892937749624252,3.5178892612457275
-0.7685434818267822,-0.1500866562128067,3.6013855934143066
-0.8218176364898682,-0.1651071459054947,3.6849255561828613
-0.9266801476478577,-0.13960961997509003,3.7786285877227783
-1.081158995628357,-0.029217584058642387,3.8567728996276855
-1.2517975568771362,0.1537778228521347,3.8883254528045654
-1.4212685823440552,0.35122033953666687,3.8326756954193115
-1.5629303455352783,0.503864049911499,3.6711714267730713
-1.6529134511947632,0.5902301073074341,3.54581880569458
-1.7276562452316284,0.6434313654899597,3.4447391033172607
-1.807917594909668,0.6735210418701172,3.342930793762207
-1.8772087097167969,0.6691164374351501,3.2456202507019043
-1.9259530305862427,0.6614207029342651,3.159566640853882
-1.952968955039978,0.6650951504707336,3.080679416656494
-1.9612200260162354,0.6987153887748718,2.9997856616973877
-1.9283472299575806,0.7667945623397827,2.9237112998962402
-1.8818836212158203,0.833873987197876,2.858719825744629
-1.8225305080413818,0.927234411239624,2.787881851196289
-1.7281521558761597,1.029953122138977,2.7100963592529297
-1.6061859130859375,1.1122322082519531,2.6631715297698975
-1.472632646560669,1.2320270538330078,2.6090621948242188
-1.3457458019256592,1.377344012260437,2.5600459575653076
-1.2370104789733887,1.5972143411636353,2.452371835708618
-1.1459367275238037,1.8607226610183716,2.3109498023986816
-1.0610111951828003,2.102762460708618,2.1406354904174805
-0.9607114791870117,2.2841696739196777,1.9393384456634521
-0.8346155881881714,2.4352540969848633,1.7434706687927246
-0.6828233003616333,2.543928623199463,1.5605651140213013
-0.590714693069458,2.625844717025757,1.263371229171753
-0.4900410771369934,2.6522414684295654,1.0159614086151123
-0.33454763889312744,2.5245752334594727,0.8709549903869629
-0.19357895851135254,2.335214853286743,0.7558014988899231
-0.11060125380754471,2.174600124359131,0.5949779748916626
-0.08549875766038895,2.0124459266662598,0.3809981644153595
-0.07761739939451218,1.778148889541626,0.0970495194196701
-0.08634588867425919,1.4121769666671753,-0.285171777009964
-0.06434445083141327,1.0209314823150635,-0.6344895362854004
0.028716910630464554,0.6981492042541504,-0.8117170333862305
0.13093408942222595,0.3656173348426819,-0.805844783782959
0.18371067941188812,0.013836448080837727,-0.703463077545166
0.19868935644626617,-0.34800752997398376,-0.6192730665206909
0.21372483670711517,-0.6522854566574097,-0.6051589846611023
0.33520516753196716,-0.8826137185096741,-0.5675391554832458
0.9280905723571777,-0.21770979464054108,-0.37967774271965027
1.2788447141647339,0.2932378947734833,-0.3365590274333954
1.3635293245315552,0.5093997716903687,-0.2616150379180908
0.2446756809949875,0.7288314700126648,-0.31789666414260864
0.5748352408409119,0.14185985922813416,-0.10680382698774338
0.42954593896865845,-0.09768562018871307,-0.1247178465127945
-0.008458243682980537,0.01042746752500534,-0.22544386982917786
-0.27229946851730347,-0.21601152420043945,-0.296638160943985
-0.381259024143219,-0.6991119384765625,-0.305554062128067
-0.32863762974739075,-1.2088310718536377,-0.28907307982444763
-0.057799551635980606,-1.454385757446289,-0.302093505859375
0.32526901364326477,-1.284794569015503,-0.3148364722728729
0.5878685116767883,-0.7744594812393188,-0.28833821415901184
0.7387759685516357,-0.16770565509796143,-0.2642512619495392
0.7413337826728821,0.41731035709381104,-0.29912829399108887
0.5548680424690247,0.8618137836456299,-0.37032976746559143
0.24530622363090515,1.0529794692993164,-0.4431188702583313
-0.19382746517658234,0.9793625473976135,-0.5115898251533508
-0.7778698205947876,0.6569195985794067,-0.5355780720710754
-1.229540467262268,0.13245315849781036,-0.4850323498249054
-1.4374858140945435,-0.5319845080375671,-0.3324573040008545
-1.4093564748764038,-1.0530580282211304,-0.10795095562934875
-0.7538782358169556,-1.0805943012237549,0.10295890271663666
-0.17711478471755981,-0.7610615491867065,0.26739978790283203
0.4019467532634735,-0.15584897994995117,0.4414968192577362
0.5831703543663025,0.3224206566810608,0.49090269207954407
0.2472057044506073,0.5397866368293762,0.43691983819007874
0.2410159856081009,0.4556712210178375,0.3831769824028015
0.11166167259216309,0.5393218398094177,0.29633209109306335
-0.041165683418512344,0.6117092370986938,0.31267350912094116
-0.10608737170696259,0.6470851302146912,0.4387531578540802
-0.017162559553980827,0.5757989287376404,0.5899554491043091
0.11250746995210648,0.48529091477394104,0.6903477907180786
0.1936316192150116,0.3746453821659088,0.7543361186981201
0.3134385943412781,0.2803860008716583,0.7201189398765564
0.42748501896858215,0.351722776889801,0.668590784072876
0.5074731707572937,0.43197140097618103,0.595932126045227
0.5462563037872314,0.4486078917980194,0.5232262015342712
0.5569552779197693,0.41400426626205444,0.47273191809654236
0.5512273907661438,0.36117756366729736,0.4641709327697754
0.3695838153362274,0.3641680181026459,0.44191330671310425
-0.10272170603275299,0.37288615107536316,0.5432745814323425
-0.45956748723983765,0.002753978595137596,0.678556501865387
-0.627508282661438,-0.3701961636543274,0.6751015782356262
-0.5490421056747437,-0.3993670642375946,0.5783511996269226
-0.9182062745094299,-0.7514388561248779,0.6821165084838867
-0.5803377032279968,-0.5334439277648926,0.7331209778785706
0.03625809773802757,-0.2511882781982422,0.7062840461730957
0.5183848738670349,0.10510160773992538,0.7495248913764954
0.767871618270874,0.4597550332546234,0.8355098366737366
0.785642683506012,0.6966366767883301,0.8767619132995605
0.607586681842804,0.7967760562896729,0.883607029914856
0.28028562664985657,0.7118176221847534,0.8618144392967224
-0.07947683334350586,0.607930600643158,0.8424026966094971
-0.47411492466926575,0.4301317632198334,0.8607989549636841
-0.7164633870124817,0.3415358364582062,0.8649801015853882
-0.7545199394226074,0.244217187166214,0.8969184160232544
-0.64344722032547,0.19613461196422577,0.9241840839385986
-0.3897225260734558,0.16899725794792175,0.9278715252876282
-0.14707499742507935,0.21653735637664795,0.9331874251365662
0.1253775805234909,0.3189345598220825,0.9270108342170715
0.2975378930568695,0.32009702920913696,0.9024250507354736
0.35029613971710205,0.2665390968322754,0.853604257106781
0.35441815853118896,0.2383306324481964,0.824456512928009
0.3732861280441284,0.26194992661476135,0.8448946475982666
0.4479619562625885,0.30863380432128906,0.8663061857223511
0.5449864864349365,0.29998502135276794,0.8660393357276917
0.5968227982521057,0.21230021119117737,0.8166863918304443
0.56801438331604,0.03965987637639046,0.7460932731628418
0.45637089014053345,-0.17498238384723663,0.6961171627044678
0.3159903585910797,-0.3282354772090912,0.6799201965332031
0.17036762833595276,-0.4290875196456909,0.6777420043945312
0.007910056971013546,-0.5139032602310181,0.6672066450119019
-0.18148410320281982,-0.5902313590049744,0.6353853344917297
-0.35724273324012756,-0.6407780051231384,0.6006615161895752
-0.47437894344329834,-0.6734733581542969,0.5532470941543579
-0.5422714352607727,-0.6915205121040344,0.4720818102359772
-0.5723270773887634,-0.6765868663787842,0.362478107213974
-0.5719490647315979,-0.6423845291137695,0.22603178024291992
-0.5550888180732727,-0.5986282825469971,0.06604930013418198
-0.5420121550559998,-0.5390295386314392,-0.10690800100564957
-0.525928258895874,-0.430984765291214,-0.26376232504844666
-0.511898934841156,-0.2590484023094177,-0.39270269870758057
-0.49189165234565735,-0.06185568869113922,-0.5116515159606934
-0.4440779685974121,0.11835930496454239,-0.638037919998169
-0.37382885813713074,0.26917731761932373,-0.7789873480796814
-0.29413074254989624,0.4103274643421173,-0.9252958297729492
-0.3039388954639435,0.7035476565361023,-0.9265184998512268
-0.5941738486289978,1.2468912601470947,-0.6250642538070679
-0.8292252421379089,1.6590783596038818,-0.5946930646896362
-0.9092267155647278,1.7412421703338623,-0.7861953377723694
-0.4973616898059845,1.1024439334869385,-1.0466722249984741
0.17887578904628754,0.3628023862838745,-1.264047384262085
0.49824658036231995,0.36938145756721497,-1.344048261642456
0.6661854386329651,0.6877604126930237,-1.3968877792358398
0.923595666885376,0.872284471988678,-1.4206703901290894
1.222504734992981,0.8756573796272278,-1.455891489982605
1.4879765510559082,0.9095284938812256,-1.5298917293548584
1.6970360279083252,0.9204493761062622,-1.2709153890609741
1.7404029369354248,0.8842287659645081,-0.9759306311607361
1.645362138748169,0.697668731212616,-0.7537228465080261
1.4183564186096191,0.4017065763473511,-0.6102535724639893
1.1069687604904175,0.11737808585166931,-0.6570801138877869
0.8375316858291626,-0.22055920958518982,-0.8197129964828491
0.7531971335411072,-0.6630323529243469,-1.0222914218902588
0.7964985370635986,-1.028256893157959,-1.2130895853042603
0.9019376039505005,-1.2250643968582153,-1.3759862184524536
1.1185276508331299,-1.317081093788147,-1.523134469985962
1.3385459184646606,-1.4416117668151855,-1.665842056274414
1.444487452507019,-1.563673734664917,-1.779512643814087
1.4341740608215332,-1.7094823122024536,-1.894804835319519
1.3608660697937012,-1.8687145709991455,-2.0137455463409424
1.2568962574005127,-2.023340940475464,-2.143650531768799
1.1289862394332886,-2.178349256515503,-2.255427598953247
0.9274097681045532,-2.3167724609375,-2.314328670501709
0.6785807609558105,-2.4705240726470947,-2.3396520614624023
0.40883669257164,-2.645176410675049,-2.3717844486236572
0.14082121849060059,-2.8560523986816406,-2.4472153186798096
-0.07358309626579285,-3.141543388366699,-2.606212615966797
-0.21109089255332947,-3.474431276321411,-2.844526767730713
-0.28741276264190674,-3.786992311477661,-3.120668411254883
-0.3578706979751587,-4.040937423706055,-3.417506217956543
-0.45392513275146484,-4.2111334800720215,-3.706467866897583
-0.5760608911514282,-4.258166313171387,-3.963442087173462
-0.6717631220817566,-4.179035186767578,-4.19636344909668
-0.6602713465690613,-3.9792630672454834,-4.4272871017456055
-0.49133169651031494,-3.689368963241577,-4.668510913848877
-0.1562700867652893,-3.3169472217559814,-4.916871547698975
0.32095152139663696,-2.847240447998047,-5.15565299987793
0.8981693387031555,-2.31075382232666,-5.358824253082275
1.5272806882858276,-1.703931450843811,-5.489267349243164
2.1359801292419434,-1.0142507553100586,-5.533441543579102
2.669564962387085,-0.30476436018943787,-5.4786295890808105
3.0963265895843506,0.3889446258544922,-5.33870267868042
3.3928680419921875,1.030076026916504,-5.113283157348633
3.5643656253814697,1.5488547086715698,-4.809350490570068
3.612412214279175,1.9102253913879395,-4.44897985458374
3.5359411239624023,2.1052472591400146,-4.030916213989258
3.334355354309082,2.1137895584106445,-3.583747386932373
3.0551249980926514,1.9480242729187012,-3.1324820518493652
2.7323856353759766,1.6399517059326172,-2.7064590454101562
2.409721851348877,1.2635620832443237,-2.3328745365142822
2.134845495223999,0.9065942764282227,-2.0240471363067627
1.9219028949737549,0.6217840909957886,-1.7726728916168213
1.7776497602462769,0.3904353082180023,-1.5733627080917358
1.6947304010391235,0.22177226841449738,-1.4196282625198364
1.646409511566162,0.14371193945407867,-1.3002701997756958
1.6243599653244019,0.15795159339904785,-1.2050625085830688
1.6034809350967407,0.22491054236888885,-1.1247867345809937
1.5820294618606567,0.31275731325149536,-1.042576789855957
1.5684950351715088,0.42324861884117126,-0.9630808234214783
1.573429822921753,0.5608906745910645,-0.8964224457740784
1.5831031799316406,0.7178457379341125,-0.8295812010765076
1.6007205247879028,0.8511513471603394,-0.7588366866111755
1.633792519569397,0.954267144203186,-0.6848134398460388
1.679443359375,1.0393896102905273,-0.6194131374359131
1.7194268703460693,1.1147104501724243,-0.5587401986122131
1.7347829341888428,1.1809130907058716,-0.4999021589756012
1.6999915838241577,1.2318915128707886,-0.4300640821456909
1.642743468284607,1.2703297138214111,-0.35668545961380005
1.56403386592865,1.3021771907806396,-0.2823827266693115
1.4742070436477661,1.3323220014572144,-0.19607526063919067
1.3759232759475708,1.3746190071105957,-0.09623217582702637
1.262428641319275,1.4271697998046875,0.002208910882472992
1.1226344108581543,1.477847695350647,0.09627534449100494
0.9465014338493347,1.5040249824523926,0.18516448140144348
0.7387800812721252,1.5159177780151367,0.25965896248817444
0.5059409737586975,1.4785799980163574,0.3136598765850067
0.24399054050445557,1.3895885944366455,0.3580610156059265
-0.03365784138441086,1.2443655729293823,0.40329959988594055
-0.3140541911125183,1.041811466217041,0.44860392808914185
-0.5942821502685547,0.7921387553215027,0.5080771446228027
-0.8685444593429565,0.49728333950042725,0.5738064646720886
-1.126452088356018,0.18345856666564941,0.61786288022995
-1.3628400564193726,-0.09279464930295944,0.621978223323822
-1.59651780128479,-0.30083176493644714,0.5959141254425049
-1.8504420518875122,-0.47210168838500977,0.5859097242355347
-2.119467258453369,-0.6384068131446838,0.6335579752922058
-2.357041835784912,-0.7788865566253662,0.7364134788513184
-2.526693344116211,-0.8697850108146667,0.8653948903083801
-2.6507017612457275,-0.8872723579406738,0.9765505790710449
-2.7743406295776367,-0.858711838722229,1.0662089586257935
-2.9216387271881104,-0.8115890026092529,1.155960202217102
-3.0942132472991943,-0.7875380516052246,1.2737979888916016
-3.2664170265197754,-0.8087847232818604,1.4341293573379517
-3.3873183727264404,-0.87345290184021,1.6498217582702637
-3.424638509750366,-0.9521816968917847,1.8939021825790405
-3.391303062438965,-1.018201231956482,2.146317481994629
-3.2931697368621826,-1.0570569038391113,2.389216184616089
-3.147036075592041,-1.0806620121002197,2.6006243228912354
-3.0056188106536865,-1.1050093173980713,2.7895991802215576
-2.885861396789551,-1.1292229890823364,2.951173782348633
-2.823256254196167,-1.1572874784469604,3.0724105834960938
-2.814591646194458,-1.1834940910339355,3.153705358505249
-2.8378632068634033,-1.2005711793899536,3.200037956237793
-2.8958380222320557,-1.2270091772079468,3.2351059913635254
-2.9773507118225098,-1.2375978231430054,3.2546193599700928
-3.054375171661377,-1.2364060878753662,3.2822611331939697
-3.0955231189727783,-1.2277361154556274,3.304621934890747
-3.092297315597534,-1.2071757316589355,3.3322184085845947
-3.036269426345825,-1.1846405267715454,3.344817638397217
-2.9326720237731934,-1.1620707511901855,3.3410379886627197
-2.7828307151794434,-1.1249051094055176,3.3238043785095215
-2.6026644706726074,-1.0743207931518555,3.291327953338623
-2.3992202281951904,-1.0132193565368652,3.247858762741089
-2.1913375854492188,-0.9393720030784607,3.2098777294158936
-1.9931904077529907,-0.8602843284606934,3.1779820919036865
-1.810486078262329,-0.7756618857383728,3.1460812091827393
-1.6247094869613647,-0.6923231482505798,3.0942564010620117
-1.4346412420272827,-0.601826012134552,3.0172359943389893
-1.2344790697097778,-0.5172473788261414,2.9095053672790527
-1.0358076095581055,-0.4382084906101227,2.7802255153656006
-0.8319520354270935,-0.3633110523223877,2.642202138900757
-0.6364057064056396,-0.2930954694747925,2.4933557510375977
-0.44990724325180054,-0.23455747961997986,2.3368375301361084
-0.27545714378356934,-0.1778140515089035,2.1878654956817627
-0.11919697374105453,-0.1114877462387085,2.044924020767212
0.028149070218205452,-0.047466956079006195,1.9076889753341675
0.15260593593120575,0.026808904483914375,1.7780702114105225
0.2602727711200714,0.09319032728672028,1.640923023223877
0.35108405351638794,0.1579589694738388,1.4970237016677856
0.43440425395965576,0.22390149533748627,1.3365330696105957
0.5112438201904297,0.2853434979915619,1.1566942930221558
0.5860381722450256,0.3289612829685211,0.9511523246765137
0.6563553810119629,0.3463955223560333,0.7302690744400024
0.7240710258483887,0.349590003490448,0.5163021683692932
0.7750954627990723,0.34370630979537964,0.31588852405548096
0.807307779788971,0.3287081718444824,0.13218392431735992
0.8412033319473267,0.3005155324935913,-0.02652820572257042
0.8937951922416687,0.25705060362815857,-0.18158383667469025
0.9952973127365112,0.2100444734096527,-0.3772643804550171
1.1495658159255981,0.20043738186359406,-0.632349967956543
1.3197749853134155,0.22116625308990479,-0.9229133725166321
1.4505228996276855,0.2340887188911438,-1.2158071994781494
1.5129019021987915,0.22059059143066406,-1.5122791528701782
1.5297170877456665,0.163044735789299,-1.8009051084518433
1.542673945426941,0.09578737616539001,-2.068577527999878
1.586290717124939,0.05485672131180763,-2.338590621948242
1.6840955018997192,0.04792620241641998,-2.6308932304382324
1.8257602453231812,0.08422136306762695,-2.9247307777404785
1.991218090057373,0.16015973687171936,-3.1874186992645264
2.154561758041382,0.27051955461502075,-3.4071309566497803
2.283864974975586,0.40508875250816345,-3.594306468963623
2.3598735332489014,0.5412881374359131,-3.7669014930725098
2.3792920112609863,0.6462449431419373,-3.910842180252075
2.325205087661743,0.6804295182228088,-4.021452903747559
2.1967358589172363,0.6169824600219727,-4.098745822906494
2.002904176712036,0.45459458231925964,-4.130367755889893
1.7653312683105469,0.2313942313194275,-4.10381555557251
1.5157005786895752,-0.027674606069922447,-4.0044264793396
1.2689387798309326,-0.31698912382125854,-3.834883213043213
1.0564345121383667,-0.6138551235198975,-3.622542381286621
0.9263286590576172,-0.8812772035598755,-3.403374433517456
0.8811465501785278,-1.0823557376861572,-3.1877896785736084
0.9084092974662781,-1.190765142440796,-2.9576516151428223
0.996945858001709,-1.2095601558685303,-2.7203617095947266
1.1381422281265259,-1.1245307922363281,-2.5068724155426025
1.3191381692886353,-0.9556394815444946,-2.336193561553955
1.5224475860595703,-0.7313947677612305,-2.2048771381378174
1.717301845550537,-0.4838413894176483,-2.101219892501831
1.8868173360824585,-0.25831449031829834,-1.9934847354888916
1.997144341468811,-0.07366420328617096,-1.8585468530654907
2.058469533920288,0.057482827454805374,-1.7224713563919067
2.0804262161254883,0.14621855318546295,-1.6171702146530151
2.0782313346862793,0.18987490236759186,-1.5570482015609741
2.0674526691436768,0.22150419652462006,-1.5212057828903198
2.055824041366577,0.2521376311779022,-1.484683871269226
2.0480093955993652,0.28041720390319824,-1.4519219398498535
2.0275440216064453,0.2976091802120209,-1.4012386798858643
1.975061058998108,0.30236080288887024,-1.308991551399231
1.8778654336929321,0.30157607793807983,-1.177172064781189
1.753933310508728,0.31574755907058716,-1.0283751487731934
1.6225533485412598,0.3366768956184387,-0.8782445788383484
1.4928911924362183,0.36942845582962036,-0.7398358583450317
1.3630059957504272,0.40508875250816345,-0.6040791869163513
1.2345894575119019,0.43277549743652344,-0.4573483169078827
1.112918734550476,0.4494969844818115,-0.28531214594841003
0.9871986508369446,0.45868515968322754,-0.11076538264751434
0.8589567542076111,0.45236068964004517,0.05077708140015602
0.7287724018096924,0.4436468482017517,0.19177308678627014
0.577763557434082,0.4248892068862915,0.32786110043525696
0.4221939146518707,0.3532451093196869,0.4481763243675232
0.24321572482585907,0.23633523285388947,0.5358656644821167
0.003990896511822939,0.10502994060516357,0.6006563901901245
-0.2785680294036865,-0.010978530161082745,0.6816136837005615
-0.5466069579124451,-0.08270464837551117,0.842228353023529
-0.7475615739822388,-0.08317931741476059,1.0977997779846191
-0.8452330231666565,-0.021588120609521866,1.3828374147415161
-0.8311294913291931,0.11953981220722198,1.6559902429580688
-0.7482958436012268,0.3577811121940613,1.889401912689209
-0.6492568850517273,0.6488766074180603,2.0974905490875244
-0.5697295665740967,0.9394921660423279,2.323028326034546
-0.5462843775749207,1.1827435493469238,2.623417854309082
-0.5970304012298584,1.4410903453826904,2.9912304878234863
-0.655995786190033,1.6471242904663086,3.3683106899261475
-0.6993669867515564,1.8280887603759766,3.6714088916778564
-0.7327297925949097,1.9814465045928955,3.8725874423980713
-0.7629247307777405,2.135392427444458,3.9818778038024902
-0.8111560940742493,2.2893030643463135,4.026453971862793
-0.9154961109161377,2.4224259853363037,4.030000686645508
-1.094350814819336,2.515889883041382,3.9893715381622314
-1.3469284772872925,2.588848114013672,3.8950436115264893
-1.629767656326294,2.6284573078155518,3.750192880630493
-1.8840757608413696,2.6451735496520996,3.572427272796631
-2.087202310562134,2.6346521377563477,3.3905088901519775
-2.261216640472412,2.612217426300049,3.238826274871826
-2.420593738555908,2.590660810470581,3.124150514602661
-2.550947427749634,2.559821844100952,3.034841299057007
-2.635136365890503,2.5491209030151367,2.9559340476989746
-2.6724448204040527,2.575784921646118,2.8829572200775146
-2.659825563430786,2.6124470233917236,2.788267135620117
-2.5960824489593506,2.657735824584961,2.662658452987671
-2.477417230606079,2.7302937507629395,2.500966787338257
-2.3142058849334717,2.869398593902588,2.3295743465423584
-2.1378092765808105,3.0577592849731445,2.1581294536590576
-1.999358057975769,3.2713522911071777,2.0028393268585205
-1.9519518613815308,3.422778844833374,1.8664921522140503
-1.9938572645187378,3.4615442752838135,1.7743327617645264
-2.1110432147979736,3.4479727745056152,1.7287368774414062
-2.212021589279175,3.3931801319122314,1.6604033708572388
-2.2497756481170654,3.310720205307007,1.558571696281433
-2.2622694969177246,3.2119059562683105,1.414977788925171
-2.2534408569335938,3.0653536319732666,1.2387324571609497
-2.1897668838500977,2.8813159465789795,1.048120379447937
-2.083695411682129,2.7039716243743896,0.8523532152175903
-1.9335289001464844,2.5420796871185303,0.6571427583694458
-1.7301512956619263,2.4268622398376465,0.4557114839553833
-1.5062270164489746,2.3716158866882324,0.2529709041118622
-1.2862743139266968,2.3558828830718994,0.03595694899559021
-1.0911277532577515,2.3508949279785156,-0.17855054140090942
-0.9173952341079712,2.308420181274414,-0.37163111567497253
-0.7516171336174011,2.2183125019073486,-0.5443639755249023
-0.6168307662010193,2.078683853149414,-0.6771369576454163
-0.5081762075424194,1.847001314163208,-0.779433012008667
-0.4396674335002899,1.6138852834701538,-0.8051226139068604
-0.4124384820461273,1.4872820377349854,-0.7733527421951294
-0.3866546154022217,1.4348828792572021,-0.705467939376831
-0.37891891598701477,1.3968948125839233,-0.6046167016029358
-0.3947577178478241,1.3123798370361328,-0.4822162687778473
-0.4163990914821625,1.1832866668701172,-0.3599982261657715
-0.441689133644104,1.0190410614013672,-0.23179486393928528
-0.4799686074256897,0.796625018119812,-0.07129546999931335
-0.5320386290550232,0.5489444136619568,0.15917587280273438
-0.5907416343688965,0.25022777915000916,0.3904871344566345
-0.5852381587028503,-0.07477837055921555,0.483568400144577
-0.4509962499141693,-0.3449896275997162,0.3789479732513428
-0.17175233364105225,-0.6041154265403748,0.15926891565322876
0.17769433557987213,-0.5921213626861572,-0.09278116375207901
0.551886796951294,-0.37374845147132874,-0.25234803557395935
0.8723042607307434,-0.03803703561425209,-0.3068280518054962
1.1177080869674683,0.3170749247074127,-0.29545921087265015
1.2917611598968506,0.6916775107383728,-0.28488805890083313
1.3691792488098145,0.9344516396522522,-0.3165878355503082
1.303727626800537,0.9409518837928772,-0.3649175465106964
1.1029045581817627,0.6494396924972534,-0.35955676436424255
0.8234366178512573,0.36031362414360046,-0.36706608533859253
0.5623364448547363,0.16317138075828552,-0.4191378653049469
0.32664403319358826,-0.0495171882212162,-0.4155159592628479
0.17173413932323456,-0.18850111961364746,-0.36299118399620056
0.15233328938484192,-0.1762114316225052,-0.3075859844684601
0.237168088555336,-0.0683307945728302,-0.2578369975090027
0.34980249404907227,0.0347931906580925,-0.20208211243152618
0.43780526518821716,0.11947081983089447,-0.14100776612758636
0.4806957244873047,0.2239237278699875,-0.09454518556594849
0.4913889467716217,0.2996259331703186,-0.07937730848789215
0.45561790466308594,0.29316243529319763,-0.07344911247491837
0.3872614800930023,0.25489068031311035,-0.06268291175365448
0.2968958914279938,0.17842306196689606,-0.028412289917469025
0.19072413444519043,0.08964589238166809,0.046487681567668915
0.09669537842273712,-0.025499869138002396,0.13844023644924164
0.009251601062715054,-0.17786049842834473,0.22260160744190216
0.004995069932192564,-0.21585555374622345,0.26461803913116455
0.0695933997631073,-0.1229492723941803,0.2793431878089905
0.17188754677772522,0.052170611917972565,0.28430625796318054
0.29346561431884766,0.21242260932922363,0.2627137303352356
0.38350576162338257,0.2629574239253998,0.23663043975830078
0.43384915590286255,0.2740493714809418,0.22078756988048553
0.4630073010921478,0.2825765311717987,0.2253439724445343
0.47656723856925964,0.29359370470046997,0.24659709632396698
0.4570518732070923,0.2915057837963104,0.2661513388156891
0.41112470626831055,0.26940712332725525,0.27562981843948364
0.34817636013031006,0.23962420225143433,0.27708443999290466
0.2934723496437073,0.26320791244506836,0.26936373114585876
0.2453322410583496,0.4144213795661926,0.24165460467338562
-0.028958909213542938,-2.0915610790252686,0.12805044651031494
-0.9653154015541077,1.352602243423462,0.12928268313407898
0.4445090591907501,0.5052706599235535,0.2765693664550781
0.7610118985176086,-0.4317851662635803,0.20719505846500397
0.2506043314933777,-0.10864821821451187,0.3031802475452423
-0.05459766834974289,-0.0006911270320415497,0.3084237575531006
-0.11713047325611115,-0.24738767743110657,0.1437140852212906
-0.11138470470905304,-0.3287440538406372,0.12667545676231384
-0.05603017657995224,-0.21977581083774567,0.1593097746372223
0.052063535898923874,-0.026484381407499313,0.1367219090461731
0.1288301944732666,0.16786788403987885,0.0860593244433403
0.1911092847585678,0.3638634979724884,0.040867071598768234
0.28752902150154114,0.46406617760658264,-0.037954870611429214
0.32537519931793213,0.4719264805316925,-0.1563374400138855
0.3429512679576874,0.5302735567092896,-0.23074647784233093
0.363752156496048,0.5143771171569824,-0.2372155636548996
0.3937453329563141,0.3770281672477722,-0.22174692153930664
0.38740086555480957,0.09382228553295135,-0.1768934279680252
0.28497910499572754,-0.3357149660587311,-0.12599220871925354
0.2620341181755066,-0.6179863214492798,-0.08077893406152725
0.32876864075660706,-0.6834326982498169,-0.04787536710500717
0.41758185625076294,-0.48319095373153687,0.018343068659305573
0.5112998485565186,-0.12958014011383057,0.0700463205575943
0.5590795874595642,0.21870140731334686,0.10636145621538162
0.5883046388626099,0.4321630001068115,0.08692073822021484
0.5926069617271423,0.45386722683906555,0.04453627020120621
0.5458014011383057,0.32337507605552673,0.008270412683486938
0.4761214256286621,0.13730798661708832,0.0025784377939999104
0.3840343952178955,-0.023552369326353073,-0.0012122029438614845
0.2645849883556366,-0.13363200426101685,-0.00674971379339695
0.13029110431671143,-0.17065900564193726,-0.045889127999544144
-0.027888955548405647,-0.1681697517633438,-0.09011970460414886
-0.22687385976314545,-0.13199660181999207,-0.16684351861476898
-0.4460349678993225,-0.11176349222660065,-0.25580745935440063
-0.6780240535736084,-0.13471850752830505,-0.3133580982685089
-0.8872571587562561,-0.2065197229385376,-0.35030972957611084
-1.0355850458145142,-0.35005316138267517,-0.3706432282924652
-1.1106421947479248,-0.5703791975975037,-0.36799365282058716
-1.1079938411712646,-0.8376441597938538,-0.33528196811676025
-1.0853205919265747,-1.061011791229248,-0.29964780807495117
-1.0834108591079712,-1.244307041168213,-0.2898527979850769
-1.0933364629745483,-1.4628292322158813,-0.32070204615592957
-1.1318236589431763,-1.7506362199783325,-0.34159737825393677
-1.2231601476669312,-2.0499820709228516,-0.34926995635032654
-1.3298096656799316,-2.3421401977539062,-0.3962266743183136
-1.2499617338180542,-2.565133571624756,-0.4637468755245209
-0.8825920224189758,-2.6161084175109863,-0.5566704273223877
-0.34442901611328125,-2.4285762310028076,-0.6525684595108032
0.212241992354393,-2.0746219158172607,-0.698848307132721
0.6254029273986816,-1.7352014780044556,-0.7592266798019409
0.8334692716598511,-1.5445259809494019,-0.81083083152771
0.8565689921379089,-1.5027934312820435,-0.816491961479187
0.7322753071784973,-1.6149604320526123,-0.8088238835334778
0.5358810424804688,-1.8566497564315796,-0.8630245327949524
0.4212803542613983,-2.156545877456665,-0.9767743945121765
0.38565924763679504,-2.398170232772827,-1.0855497121810913
0.3425358831882477,-2.555776357650757,-1.1546541452407837
0.29772767424583435,-2.6431994438171387,-1.2117358446121216
0.22162052989006042,-2.6523890495300293,-1.309346318244934
0.11181121319532394,-2.6557037830352783,-1.454624056816101
-0.009851256385445595,-2.691262722015381,-1.5979876518249512
-0.19796016812324524,-2.774251699447632,-1.7273190021514893
-0.4244488477706909,-2.960510730743408,-1.8920689821243286
-0.6487097144126892,-3.249300003051758,-2.0732619762420654
-0.803502082824707,-3.5254385471343994,-2.254293918609619
-0.7653341889381409,-3.7273921966552734,-2.47579288482666
-0.5018956661224365,-3.8332769870758057,-2.7154648303985596
-0.09805712848901749,-3.756293296813965,-2.939575672149658
0.3481239378452301,-3.450934648513794,-3.1281802654266357
0.7929903268814087,-2.9819343090057373,-3.2709648609161377
1.2500457763671875,-2.465630531311035,-3.427584409713745
1.740818977355957,-1.971794605255127,-3.6032307147979736
2.2517952919006348,-1.5489264726638794,-3.788132667541504
2.7243385314941406,-1.1826411485671997,-3.9317431449890137
3.0667388439178467,-0.8769086003303528,-3.9613184928894043
3.212677001953125,-0.6755150556564331,-3.8517889976501465
3.175537347793579,-0.5337867736816406,-3.6349945068359375
2.99387788772583,-0.41014763712882996,-3.384016513824463
2.740675449371338,-0.31329989433288574,-3.1218719482421875
2.449570894241333,-0.25261685252189636,-2.8107991218566895
2.149567127227783,-0.20239166915416718,-2.48079252243042
1.881684422492981,-0.1757078617811203,-2.197787046432495
1.6814234256744385,-0.1637091487646103,-1.9827674627304077
1.5341408252716064,-0.12473991513252258,-1.8275641202926636
1.42025625705719,-0.06593151390552521,-1.6829755306243896
1.341916799545288,-0.008300179615616798,-1.5233761072158813
1.289031982421875,0.03177629038691521,-1.361493706703186
1.2537301778793335,0.05062934011220932,-1.2054500579833984
1.2139078378677368,0.09030793607234955,-1.0307886600494385
1.1713510751724243,0.16891033947467804,-0.8560046553611755
1.1524890661239624,0.2552870512008667,-0.7128562927246094
1.1649010181427002,0.3313367962837219,-0.624704897403717
1.2060952186584473,0.4006636440753937,-0.5667509436607361
1.269836664199829,0.45875489711761475,-0.5345325469970703
1.338369369506836,0.5162704586982727,-0.5108547806739807
1.4077119827270508,0.5732948780059814,-0.4694543480873108
1.4736253023147583,0.6163244247436523,-0.4389607012271881
1.5393438339233398,0.6385535597801208,-0.4551476836204529
1.587686538696289,0.673429548740387,-0.4486332833766937
1.6176396608352661,0.7396855354309082,-0.3732130825519562
1.624895453453064,0.734404981136322,-0.35859614610671997
1.612339735031128,0.645561933517456,-0.4279206395149231
1.5490167140960693,0.6170302033424377,-0.4061514139175415
1.4382054805755615,0.6033881902694702,-0.3127423822879791
1.306209921836853,0.5476025342941284,-0.28670093417167664
1.1999330520629883,0.48191195726394653,-0.33016398549079895
1.1231591701507568,0.47652220726013184,-0.3527526557445526
1.051845908164978,0.4885501265525818,-0.3542725145816803
0.9628099203109741,0.4833815395832062,-0.36149170994758606
0.8421865701675415,0.4754248261451721,-0.34575244784355164
0.7024960517883301,0.48987194895744324,-0.28692826628685
0.5534951090812683,0.5112017393112183,-0.20620253682136536
0.40947964787483215,0.5334641933441162,-0.11800848692655563
0.26273679733276367,0.5554107427597046,-0.021810051053762436
0.12436278909444809,0.5948048830032349,0.1069859117269516
-0.0038574938662350178,0.6694820523262024,0.23526930809020996
-0.1278238594532013,0.7371875047683716,0.333096444606781
-0.2699431777000427,0.7694572806358337,0.4097480773925781
-0.4299910068511963,0.7230380773544312,0.4597114324569702
-0.5994839072227478,0.5915423631668091,0.4827229976654053
-0.7740564942359924,0.4009501039981842,0.46462103724479675
-0.9769928455352783,0.21852782368659973,0.4496130645275116
-1.2020094394683838,0.08409649133682251,0.45531508326530457
-1.4422955513000488,0.018318282440304756,0.5178878903388977
-1.6728571653366089,0.04187600314617157,0.6458355784416199
-1.8334063291549683,0.09763140976428986,0.8145443797111511
-1.892162561416626,0.15617172420024872,0.9857243299484253
-1.8680803775787354,0.2277444452047348,1.1544095277786255
-1.7873693704605103,0.32152819633483887,1.2850357294082642
-1.6964538097381592,0.4119584858417511,1.3639278411865234
-1.6368284225463867,0.4793747365474701,1.4052494764328003
-1.6587193012237549,0.48117345571517944,1.4333889484405518
-1.7644577026367188,0.3870626389980316,1.4617799520492554
-1.9121243953704834,0.19967438280582428,1.4956156015396118
-2.0723154544830322,-0.03751722723245621,1.5258361101150513
-2.2301292419433594,-0.29658207297325134,1.5477172136306763
-2.3900301456451416,-0.5317952632904053,1.5741547346115112
-2.538506269454956,-0.7180975079536438,1.5983258485794067
-2.667370557785034,-0.8490505814552307,1.616987705230713
-2.765778064727783,-0.9229170680046082,1.6178926229476929
-2.830714702606201,-0.9618833065032959,1.6120185852050781
-2.8570210933685303,-0.9957690834999084,1.6055004596710205
-2.8418359756469727,-1.0227022171020508,1.6055142879486084
-2.770291805267334,-1.0422050952911377,1.6480079889297485
-2.665644407272339,-1.0288975238800049,1.6616241931915283
-2.526571273803711,-0.9852398633956909,1.6530290842056274
-2.369596481323242,-0.920795738697052,1.6443578004837036
-2.200122356414795,-0.8533424139022827,1.6572140455245972
-2.027493953704834,-0.7818158864974976,1.6899389028549194
-1.8569179773330688,-0.6928164958953857,1.7291592359542847
-1.6753180027008057,-0.5716006755828857,1.766891598701477
-1.4989802837371826,-0.4202311933040619,1.7979520559310913
-1.3211755752563477,-0.2647797465324402,1.8212019205093384
-1.1543152332305908,-0.12013573944568634,1.823756456375122
-1.0030910968780518,0.0015535065904259682,1.7976795434951782
-0.8746271729469299,0.11533679813146591,1.756986141204834
-0.7609683275222778,0.20835520327091217,1.7050102949142456
-0.6538509726524353,0.25815072655677795,1.6232011318206787
-0.5564013123512268,0.26546967029571533,1.5193114280700684
-0.4745434522628784,0.27040210366249084,1.4103705883026123
-0.4336371421813965,0.27981942892074585,1.3250865936279297
-0.40662604570388794,0.26850736141204834,1.2568180561065674
-0.3688809275627136,0.23665010929107666,1.185313105583191
-0.3154613971710205,0.20373396575450897,1.1052486896514893
-0.24245542287826538,0.17184831202030182,1.017808437347412
-0.1529090255498886,0.14488834142684937,0.9431962966918945
-0.05046839267015457,0.10485834628343582,0.8750842213630676
0.07008519023656845,0.06347309052944183,0.8018220067024231
0.21237891912460327,0.04342145472764969,0.7129436135292053
0.3630658984184265,0.045560505241155624,0.6181893944740295
0.513839602470398,0.05742562934756279,0.509544312953949
0.6663729548454285,0.0746496245265007,0.3809301555156708
0.8123395442962646,0.08720020949840546,0.23913218080997467
0.9424163103103638,0.0993540808558464,0.09806693345308304
1.0607918500900269,0.09165634214878082,-0.03664391115307808
1.1626455783843994,0.05716095119714737,-0.16363701224327087
1.2626090049743652,-0.00129002018366009,-0.28442952036857605
1.3779559135437012,-0.07016788423061371,-0.4155065715312958
1.522626519203186,-0.13580457866191864,-0.5547900795936584
1.6578072309494019,-0.1743977814912796,-0.6922997832298279
1.7687392234802246,-0.14726082980632782,-0.8443285822868347
1.8675717115402222,-0.07369659841060638,-1.0118520259857178
1.9721643924713135,-0.0001458164188079536,-1.181634783744812
2.0823328495025635,0.045838985592126846,-1.3300042152404785
2.218017101287842,0.0737413614988327,-1.4484604597091675
2.401967763900757,0.10363161563873291,-1.5240588188171387
2.624217987060547,0.16653698682785034,-1.5767391920089722
2.851346015930176,0.2521549463272095,-1.621938705444336
3.015674114227295,0.35156089067459106,-1.6741842031478882
3.0865423679351807,0.4364989399909973,-1.7374407052993774
3.0816524028778076,0.49740591645240784,-1.8201926946640015
3.015299081802368,0.5360265970230103,-1.9099433422088623
2.905430793762207,0.5238885283470154,-1.9980417490005493
2.7435333728790283,0.4618120789527893,-2.083866596221924
2.5405948162078857,0.3632981479167938,-2.173037528991699
2.3050696849823,0.22184059023857117,-2.25535249710083
2.03888201713562,0.04999430105090141,-2.343775987625122
1.7513697147369385,-0.15775088965892792,-2.428537607192993
1.4290704727172852,-0.3950772285461426,-2.4954330921173096
1.088744878768921,-0.647962212562561,-2.5542280673980713
0.7401063442230225,-0.885935366153717,-2.6007449626922607
0.40712493658065796,-1.0900318622589111,-2.6355128288269043
0.10995976626873016,-1.2484651803970337,-2.6563339233398438
-0.12561972439289093,-1.35454261302948,-2.6570708751678467
-0.28745242953300476,-1.4194831848144531,-2.6382334232330322
-0.39235353469848633,-1.450824499130249,-2.599438428878784
-0.4341002404689789,-1.438374400138855,-2.550682306289673
-0.4110071659088135,-1.40144944190979,-2.508357286453247
-0.3330417573451996,-1.340547800064087,-2.4588844776153564
-0.2172722965478897,-1.250956654548645,-2.4028549194335938
-0.08073967695236206,-1.1342049837112427,-2.3350183963775635
0.0673011839389801,-1.0026352405548096,-2.2632384300231934
0.20610760152339935,-0.8644996285438538,-2.18216872215271
0.3286460340023041,-0.7427313923835754,-2.0963151454925537
0.41862577199935913,-0.6434342265129089,-1.9960167407989502
0.48712357878685,-0.5586466193199158,-1.8803253173828125
0.5327543020248413,-0.47823089361190796,-1.7520440816879272
0.5667884349822998,-0.3938417136669159,-1.6187355518341064
0.5998339056968689,-0.30155012011528015,-1.4783885478973389
0.6225591897964478,-0.19420582056045532,-1.3284512758255005
0.6360380053520203,-0.06919962912797928,-1.169325351715088
0.6420093774795532,0.07231196016073227,-0.9883792996406555
0.6344344019889832,0.23485919833183289,-0.7940219044685364
0.6277799606323242,0.395599365234375,-0.5934507250785828
0.6175931692123413,0.5490524768829346,-0.3798672556877136
0.5805227756500244,0.6832097172737122,-0.15385223925113678
0.5143052935600281,0.789396345615387,0.06789229810237885
0.40946435928344727,0.8403666019439697,0.2767256796360016
0.27835509181022644,0.8318092823028564,0.46470433473587036
0.12470827251672745,0.756986141204834,0.6367548704147339
-0.05311543866991997,0.6038943529129028,0.7905557155609131
-0.21913769841194153,0.3871154487133026,0.9067147970199585
-0.37266916036605835,0.14289845526218414,0.981456458568573
-0.5146148800849915,-0.08831772208213806,1.0272343158721924
-0.655771017074585,-0.28755873441696167,1.06987726688385
-0.805652916431427,-0.40971261262893677,1.138428807258606
-0.9810256958007812,-0.431247740983963,1.2561980485916138
-1.1554557085037231,-0.3577735126018524,1.4363480806350708
-1.2671095132827759,-0.2205904871225357,1.6464132070541382
-1.2534807920455933,-0.06002238020300865,1.8491873741149902
-1.1191747188568115,0.16071991622447968,2.0001776218414307
-0.9232014417648315,0.4964880645275116,2.131389617919922
-0.7751211524009705,0.9860588908195496,2.2649924755096436
-0.6275625824928284,1.5928298234939575,2.441459894180298
-0.40433385968208313,2.2645132541656494,2.718784809112549
-0.08342506736516953,2.957181692123413,3.0849437713623047
0.24879689514636993,3.5448973178863525,3.451127767562866
0.43531644344329834,3.910865545272827,3.7468767166137695
0.39379632472991943,4.048637390136719,3.944417715072632
0.15358346700668335,3.9616286754608154,3.9943156242370605
-0.24381312727928162,3.6932215690612793,3.887587070465088
-0.7412558794021606,3.3023204803466797,3.6601531505584717
-1.3436318635940552,2.831275463104248,3.3841068744659424
-2.006044387817383,2.368635416030884,3.0921316146850586
-2.6380245685577393,1.9808738231658936,2.8041369915008545
-3.165097713470459,1.667910099029541,2.5259647369384766
-3.549791097640991,1.4120111465454102,2.2615034580230713
-3.7735817432403564,1.1744449138641357,2.005657434463501
-3.844310760498047,0.9622816443443298,1.7686142921447754
-3.7793242931365967,0.8117722868919373,1.5444951057434082
-3.5719046592712402,0.729002833366394,1.3392914533615112
-3.2952630519866943,0.6830385327339172,1.1883642673492432
-3.0268537998199463,0.6460038423538208,1.1118507385253906
-2.8447325229644775,0.5899940729141235,1.1325620412826538
-2.7765626907348633,0.49661120772361755,1.2844657897949219
-2.8246402740478516,0.3807924687862396,1.5067566633224487
-2.9400205612182617,0.27772095799446106,1.713500738143921
-3.0670340061187744,0.23006528615951538,1.8576557636260986
-3.153719663619995,0.2769003212451935,1.934659481048584
-3.180290460586548,0.3698267936706543,1.9137263298034668
-3.1431007385253906,0.46377965807914734,1.782801628112793
-3.0645880699157715,0.5699636340141296,1.5740742683410645
-2.977761745452881,0.6269637942314148,1.349149227142334
-2.896601915359497,0.6176390051841736,1.1485365629196167
-2.829195976257324,0.561363935470581,0.9466581344604492
-2.7513303756713867,0.5109772086143494,0.8144407272338867
-2.6075103282928467,0.4994407594203949,0.8186256885528564
-2.4282238483428955,0.5738846063613892,0.864531397819519
-2.215970993041992,0.688302218914032,0.8804384469985962
-2.0099456310272217,0.759728193283081,0.8670408725738525
-1.50251042842865,1.0663658380508423,0.7995140552520752
-0.7412567734718323,1.313411831855774,0.6661690473556519
-0.2204911708831787,1.3135992288589478,0.5114203095436096
0.12868493795394897,1.4511101245880127,0.25733983516693115
0.4969163239002228,1.354480504989624,0.05710702762007713
0.7379654049873352,1.2620518207550049,-0.037178993225097656
0.8771288990974426,1.1381195783615112,-0.08178438246250153
0.8335976600646973,1.0516068935394287,-0.1641562283039093
0.6221582889556885,1.078956961631775,-0.3151083290576935
0.3043297231197357,1.198660969734192,-0.541948139667511
-0.026983805000782013,1.3381679058074951,-0.8224828839302063
-0.3660643696784973,1.4090659618377686,-1.0981615781784058
-0.6810373067855835,1.3921517133712769,-1.3097399473190308
-0.9222331643104553,1.3329038619995117,-1.421721339225769
-0.8672147989273071,1.115044355392456,-1.4117499589920044
0.02039819397032261,-0.01597774401307106,-1.1918503046035767
0.9906700253486633,-1.2594645023345947,-0.8510005474090576
1.1994909048080444,-1.4300649166107178,-0.5503807663917542
0.7371542453765869,-0.8311246633529663,-0.4783390164375305
0.54594886302948,-0.7043355107307434,-0.4743751585483551
0.7513392567634583,-0.9327517747879028,-0.38084539771080017
0.9529339075088501,-1.1316301822662354,-0.177365243434906
0.9680531024932861,-1.2606819868087769,0.11413996666669846
0.8492369651794434,-1.3414934873580933,0.32452914118766785
0.6993858218193054,-1.3585314750671387,0.37007638812065125
0.5598495006561279,-1.1811063289642334,0.27346810698509216
0.4222925901412964,-0.8690345883369446,0.20762553811073303
0.29307255148887634,-0.6440829634666443,0.1708105206489563
0.19834762811660767,-0.5551741123199463,0.15468817949295044
0.1100049838423729,-0.4699295461177826,0.17778657376766205
0.1055343970656395,-0.34051740169525146,0.2639361321926117
0.19534310698509216,-0.19439613819122314,0.37755537033081055
0.31216949224472046,-0.15278260409832,0.5152384042739868
0.4031127393245697,-0.17167426645755768,0.6084492802619934
0.471415251493454,-0.18991485238075256,0.6256396174430847
0.43691161274909973,-0.23022711277008057,0.5716165900230408
0.3013158440589905,-0.19658035039901733,0.4991099238395691
0.15894697606563568,-0.15144430100917816,0.4668757915496826
0.07001811265945435,-0.06768397241830826,0.4424615502357483
0.03444227576255798,0.05038514360785484,0.479841411113739
0.03625394403934479,0.19089321792125702,0.5646605491638184
0.13863703608512878,0.3381063640117645,0.6321402788162231
0.2998529076576233,0.4008376896381378,0.6615442037582397
0.4342019259929657,0.41523393988609314,0.6659224629402161
0.5561233162879944,0.44956308603286743,0.6616126894950867
0.6153560280799866,0.5043089389801025,0.6581801772117615
0.6289670467376709,0.5531066656112671,0.6922820210456848
0.593095600605011,0.5742177963256836,0.6967209577560425
0.5445883870124817,0.5389811992645264,0.6682456731796265
0.5390819907188416,0.48033517599105835,0.6314370632171631
0.555500864982605,0.44030532240867615,0.6125360131263733
0.5919874906539917,0.44422391057014465,0.5926645398139954
0.6456963419914246,0.461403489112854,0.5458506941795349
0.663740873336792,0.46330657601356506,0.47580158710479736
0.6450390219688416,0.4832707941532135,0.3997109830379486
0.6673595309257507,0.48086169362068176,0.320442795753479
0.7318734526634216,0.4475613534450531,0.24488341808319092
0.7320124506950378,0.424435019493103,0.15366695821285248
0.07273413985967636,0.5910101532936096,0.08728112280368805
-0.7358362078666687,0.2468128651380539,0.22506669163703918
-1.3178647756576538,-0.3356729745864868,0.43797460198402405
-1.8768031597137451,-0.7808443307876587,0.4571440517902374
-1.4845370054244995,-1.1349886655807495,0.3518954813480377
-1.471792459487915,-1.0904936790466309,0.4455024003982544
-1.1111289262771606,-0.6999669671058655,0.5242698192596436
-0.6200880408287048,-0.15638011693954468,0.5185922384262085
-0.21593254804611206,0.24588608741760254,0.5080079436302185
0.0722518265247345,0.5619149208068848,0.4668826162815094
0.1084807813167572,0.7894257307052612,0.4190032184123993
0.13937371969223022,1.00872802734375,0.3167644739151001
0.13555768132209778,1.07246732711792,0.2674802839756012
0.0886964276432991,1.0582095384597778,0.278030663728714
0.09892664849758148,0.9222257137298584,0.2534053921699524
0.0335223451256752,0.6952314376831055,0.30981752276420593
0.0017003697576001287,0.4463597238063812,0.35966038703918457
-0.006628133822232485,0.20667149126529694,0.39317628741264343
-0.02431049756705761,-0.04712017998099327,0.4014357030391693
-0.008075867779552937,-0.19408193230628967,0.35363757610321045
0.04678315669298172,-0.19635185599327087,0.32354554533958435
0.12388726323843002,-0.05881129950284958,0.2908501625061035
0.2008705586194992,0.13001370429992676,0.29707929491996765
0.21923013031482697,0.28187915682792664,0.32736504077911377
0.1900489777326584,0.34030306339263916,0.3526361882686615
0.08921611309051514,0.3033730089664459,0.3741265833377838
-0.03375677019357681,0.18695074319839478,0.39316993951797485
-0.13628926873207092,0.035800375044345856,0.4122869074344635
-0.17612279951572418,-0.1213197112083435,0.4233724772930145
-0.15360258519649506,-0.2568940222263336,0.433089017868042
-0.10529100894927979,-0.3398047983646393,0.39659374952316284
-0.06700673699378967,-0.3779260814189911,0.32708045840263367
-0.053078439086675644,-0.3772207796573639,0.23837967216968536
-0.06599131226539612,-0.36493855714797974,0.17346060276031494
-0.10360869020223618,-0.3385816216468811,0.11212234944105148
-0.1637260913848877,-0.2712923288345337,0.04054217413067818
-0.23667310178279877,-0.18205183744430542,-0.07223481684923172
-0.3398064076900482,-0.1545238047838211,-0.215813547372818
-0.4508064389228821,-0.15402843058109283,-0.3593809902667999
-0.5230175256729126,-0.11495187133550644,-0.4966248571872711
-0.5299931764602661,-0.05084484815597534,-0.624860405921936
-0.4739967882633209,0.003769661532714963,-0.725640058517456
-0.3803047835826874,0.02776353992521763,-0.804468035697937
-0.28512632846832275,0.06195932626724243,-0.8695109486579895
-0.2325543314218521,0.13666857779026031,-0.9004068374633789
-0.26528167724609375,0.2711549997329712,-0.8668302297592163
-0.5259608626365662,0.7062910795211792,-0.6104832291603088
-0.6033172011375427,0.8530743718147278,-0.5748810172080994
-0.2726907730102539,0.4581628143787384,-0.7655944228172302
0.2575578987598419,0.053171101957559586,-1.0619803667068481
0.6165603995323181,0.13716065883636475,-1.2788238525390625
0.8275070190429688,0.4302077293395996,-1.358542799949646
1.0206290483474731,0.5546477437019348,-1.4033766984939575
1.223639726638794,0.6483196020126343,-1.29582941532135
1.3797366619110107,0.7591968178749084,-1.1100437641143799
1.4682526588439941,0.717622697353363,-1.003173828125
1.4106237888336182,0.5573596358299255,-0.9330083727836609
1.2094709873199463,0.24358892440795898,-0.890705406665802
0.9474208354949951,-0.14384549856185913,-0.8470467925071716
0.7038257718086243,-0.5444043874740601,-0.7914304137229919
0.3882111608982086,-0.8176848888397217,-0.7743802070617676
0.10231095552444458,-1.1488008499145508,-0.8787002563476562
-0.016042180359363556,-1.5461701154708862,-1.1008737087249756
0.07861428707838058,-1.832426905632019,-1.4086509943008423
0.3827785551548004,-1.906158685684204,-1.8605843782424927
0.6296327710151672,-2.0067715644836426,-2.1572606563568115
0.6730612516403198,-2.0023162364959717,-2.3317315578460693
0.5742337107658386,-2.0733323097229004,-2.4444448947906494
0.4062049090862274,-2.1958189010620117,-2.5152556896209717
0.2805178463459015,-2.3711373805999756,-2.608410120010376
0.2796877920627594,-2.5989458560943604,-2.7629427909851074
0.3985753059387207,-2.8707518577575684,-2.978038787841797
0.5896427035331726,-3.1532609462738037,-3.260411262512207
0.7965570092201233,-3.3757033348083496,-3.6048505306243896
0.9870485067367554,-3.525608539581299,-3.987046718597412
1.135829210281372,-3.5872106552124023,-4.359084606170654
1.2418761253356934,-3.5377745628356934,-4.692281723022461
1.3728642463684082,-3.4079771041870117,-4.968343257904053
1.5938793420791626,-3.215529203414917,-5.206010341644287
1.9428106546401978,-2.9400885105133057,-5.417480945587158
2.4183032512664795,-2.562408208847046,-5.605754375457764
2.9705517292022705,-2.0842082500457764,-5.750381946563721
3.5007846355438232,-1.5557440519332886,-5.8513641357421875
3.9339182376861572,-1.016348958015442,-5.890673637390137
4.218145370483398,-0.4733555316925049,-5.8235602378845215
4.341316223144531,0.041896890848875046,-5.682175159454346
4.298977851867676,0.4838573932647705,-5.462745666503906
4.061233043670654,0.8369976282119751,-5.1271233558654785
3.6060848236083984,1.0991511344909668,-4.643198490142822
3.023131847381592,1.2087430953979492,-4.122647762298584
2.4328997135162354,1.101670503616333,-3.6473848819732666
1.9078433513641357,0.8310054540634155,-3.245208501815796
1.4729199409484863,0.46306511759757996,-2.9050278663635254
1.1340081691741943,0.05320010334253311,-2.6178455352783203
0.8807765245437622,-0.3271598219871521,-2.3663907051086426
0.6994458436965942,-0.5860012173652649,-2.132399559020996
0.5803428888320923,-0.7129217982292175,-1.9220548868179321
0.5022336840629578,-0.7274954319000244,-1.7155603170394897
0.4641142785549164,-0.6402928829193115,-1.5201679468154907
0.4798048138618469,-0.4632517993450165,-1.3392506837844849
0.5404742956161499,-0.20219090580940247,-1.1668481826782227
0.6052055954933167,0.12009819597005844,-0.97209233045578
0.6751747727394104,0.45727601647377014,-0.7868450284004211
0.763159453868866,0.7702274918556213,-0.626738429069519
0.8596794605255127,1.046591877937317,-0.48540350794792175
0.9724986553192139,1.2850899696350098,-0.36132174730300903
1.0811922550201416,1.4580574035644531,-0.24227678775787354
1.1791715621948242,1.568408727645874,-0.1263275444507599
1.2527661323547363,1.6168168783187866,-0.02457238920032978
1.3030058145523071,1.6318610906600952,0.06385068595409393
1.3175690174102783,1.6134750843048096,0.14172811806201935
1.2887849807739258,1.5530918836593628,0.2135394662618637
1.2081246376037598,1.4833800792694092,0.27379414439201355
1.0905444622039795,1.4059239625930786,0.32092541456222534
0.9329974055290222,1.3175545930862427,0.3575812578201294
0.7453598380088806,1.2170039415359497,0.398551881313324
0.5446323752403259,1.1240566968917847,0.43902888894081116
0.35429173707962036,1.0535480976104736,0.4709649980068207
0.18610689043998718,1.0138720273971558,0.49816545844078064
0.012002469971776009,0.982664942741394,0.5178249478340149
-0.17474430799484253,0.9502800107002258,0.5452723503112793
-0.3908643424510956,0.909242570400238,0.5835313200950623
-0.6357981562614441,0.8237660527229309,0.6307929754257202
-0.9073684215545654,0.6913390159606934,0.6968960762023926
-1.1797233819961548,0.5100549459457397,0.7750127911567688
-1.4307348728179932,0.26832619309425354,0.8550178408622742
-1.6620254516601562,0.006250668317079544,0.9376226663589478
-1.8782979249954224,-0.252158522605896,1.0242985486984253
-2.088840961456299,-0.48399606347084045,1.108797311782837
-2.298820734024048,-0.6768523454666138,1.1905709505081177
-2.5050811767578125,-0.8207312226295471,1.2710431814193726
-2.656463384628296,-0.921306312084198,1.3677550554275513
-2.7247211933135986,-0.9775313138961792,1.5149427652359009
-2.7110178470611572,-0.9752663373947144,1.6889119148254395
-2.636676549911499,-0.8950833082199097,1.8774333000183105
-2.521674394607544,-0.7518830299377441,2.0637121200561523
-2.3834400177001953,-0.5428495407104492,2.243501901626587
-2.2473361492156982,-0.30124786496162415,2.4099340438842773
-2.1231188774108887,-0.08842813223600388,2.587311267852783
-1.9963767528533936,0.07859707623720169,2.7669413089752197
-1.8477585315704346,0.19558218121528625,2.940500259399414
-1.6724772453308105,0.2682153880596161,3.109020948410034
-1.5005830526351929,0.33035144209861755,3.248401403427124
-1.3430770635604858,0.3853606581687927,3.364109754562378
-1.2200407981872559,0.4322938323020935,3.4658913612365723
-1.132531762123108,0.48509714007377625,3.539163112640381
-1.0852675437927246,0.5685915946960449,3.5733320713043213
-1.0766578912734985,0.6479558944702148,3.545945405960083
-1.1011704206466675,0.7060490250587463,3.451568126678467
-1.1511077880859375,0.7260720133781433,3.2971441745758057
-1.2099095582962036,0.6969567537307739,3.0828962326049805
-1.2869609594345093,0.6257199048995972,2.8164703845977783
-1.3756825923919678,0.502953827381134,2.5441229343414307
-1.46376633644104,0.3280472457408905,2.264613628387451
-1.5299876928329468,0.11785636097192764,2.0020391941070557
-1.5846350193023682,-0.09971218556165695,1.7522953748703003
-1.6101315021514893,-0.3052033483982086,1.5337404012680054
-1.6184202432632446,-0.483862042427063,1.3479955196380615
-1.6151739358901978,-0.6344373226165771,1.2164297103881836
-1.6067852973937988,-0.7414029240608215,1.119717001914978
-1.5769946575164795,-0.8047792911529541,1.0348546504974365
-1.5252050161361694,-0.8423525094985962,0.9639251232147217
-1.4486680030822754,-0.861788809299469,0.9123908877372742
-1.3439027070999146,-0.8464490175247192,0.8609727025032043
-1.2168718576431274,-0.7924387454986572,0.8057761788368225
-1.0648740530014038,-0.7147002220153809,0.7396551966667175
-0.9062432646751404,-0.6452590227127075,0.669913113117218
-0.745623767375946,-0.5909393429756165,0.5976442098617554
-0.5837893486022949,-0.5475804209709167,0.5190956592559814
-0.4147709906101227,-0.5089659094810486,0.43409720063209534
-0.23659591376781464,-0.46445465087890625,0.34314069151878357
-0.065399669110775,-0.43321362137794495,0.24583439528942108
0.09789624065160751,-0.39973267912864685,0.1450379490852356
0.2574195861816406,-0.3565441966056824,0.044491369277238846
0.4168788492679596,-0.3015025556087494,-0.05641372501850128
0.5740959048271179,-0.22715136408805847,-0.16051696240901947
0.7158851027488708,-0.14314775168895721,-0.26292741298675537
0.844548225402832,-0.0710381269454956,-0.37272849678993225
0.9676111340522766,-0.0032561910338699818,-0.48402437567710876
1.0786010026931763,0.04640324041247368,-0.608053982257843
1.1654434204101562,0.07021284103393555,-0.7339197993278503
1.2197234630584717,0.06255785375833511,-0.8551120162010193
1.2460721731185913,0.018725989386439323,-0.975321352481842
1.2788935899734497,-0.056886475533246994,-1.086941123008728
1.3367598056793213,-0.14174775779247284,-1.18496835231781
1.4286268949508667,-0.2012968361377716,-1.3004451990127563
1.5246235132217407,-0.1960940957069397,-1.4518623352050781
1.5893348455429077,-0.17136690020561218,-1.6196050643920898
1.622145175933838,-0.17407946288585663,-1.7662415504455566
1.6422557830810547,-0.22059157490730286,-1.865721344947815
1.6545735597610474,-0.2661934494972229,-1.9396640062332153
1.6849634647369385,-0.2877456247806549,-2.0192172527313232
1.7380205392837524,-0.24434204399585724,-2.1292991638183594
1.8021332025527954,-0.14960487186908722,-2.2685437202453613
1.8222064971923828,-0.03059007041156292,-2.415339469909668
1.7636300325393677,0.08096841722726822,-2.5549750328063965
1.6189494132995605,0.1902240514755249,-2.6832611560821533
1.405350685119629,0.28370580077171326,-2.787288188934326
1.1497018337249756,0.366958886384964,-2.83406400680542
0.8997359871864319,0.4264427125453949,-2.835496187210083
0.6689080595970154,0.4430088996887207,-2.791727304458618
0.44441208243370056,0.4026247262954712,-2.6935651302337646
0.20277142524719238,0.30819040536880493,-2.5284886360168457
-0.055524833500385284,0.1643349528312683,-2.314258575439453
-0.3006385862827301,-0.0013880948536098003,-2.0829923152923584
-0.5065160989761353,-0.15667729079723358,-1.857977271080017
-0.647275447845459,-0.26594117283821106,-1.6846575736999512
-0.6986403465270996,-0.3247533440589905,-1.580513834953308
-0.6786525845527649,-0.3218684196472168,-1.5107799768447876
-0.6027569770812988,-0.27108460664749146,-1.4547172784805298
-0.47092941403388977,-0.19250376522541046,-1.396835207939148
-0.3047809302806854,-0.09420996159315109,-1.340226411819458
-0.11128412932157516,0.016788795590400696,-1.2886301279067993
0.099228635430336,0.13865691423416138,-1.237310767173767
0.3156827688217163,0.25719356536865234,-1.182940125465393
0.535587728023529,0.3888426721096039,-1.1256129741668701
0.7533597350120544,0.5246175527572632,-1.0528067350387573
0.9432089924812317,0.6511597633361816,-0.9742328524589539
1.0951069593429565,0.7446302771568298,-0.8981630206108093
1.2107877731323242,0.8143683075904846,-0.8263130784034729
1.3036551475524902,0.8697031736373901,-0.7749494910240173
1.380407452583313,0.9008195400238037,-0.7398162484169006
1.4208837747573853,0.8915270566940308,-0.7152608036994934
1.4154977798461914,0.8470664024353027,-0.7049562335014343
1.374176025390625,0.7768428325653076,-0.6914994716644287
1.3027985095977783,0.6933636665344238,-0.6803243160247803
1.2165021896362305,0.5940617918968201,-0.6567827463150024
1.1095821857452393,0.49690353870391846,-0.6240580677986145
0.9895044565200806,0.41242551803588867,-0.5738425254821777
0.8600010275840759,0.3477799594402313,-0.5111727118492126
0.7329105734825134,0.3194791376590729,-0.43821966648101807
0.6189429759979248,0.2990529537200928,-0.3482082784175873
0.5210661888122559,0.2797687351703644,-0.25530365109443665
0.42954397201538086,0.23151308298110962,-0.15626734495162964
0.32244232296943665,0.147698774933815,-0.044512804597616196
0.19002623856067657,0.03222411125898361,0.09394095093011856
0.04071599990129471,-0.13604582846164703,0.27315667271614075
-0.10954167693853378,-0.33039745688438416,0.4877946674823761
-0.24621695280075073,-0.5154091119766235,0.7251228094100952
-0.35701483488082886,-0.6383315920829773,0.9408053159713745
-0.4340766966342926,-0.6815826296806335,1.1373329162597656
-0.4849417507648468,-0.6222791075706482,1.327239751815796
-0.5221830606460571,-0.4731767177581787,1.5262459516525269
-0.5418307781219482,-0.30004143714904785,1.762418270111084
-0.5320184826850891,-0.13949812948703766,2.0350828170776367
-0.4943201541900635,0.01935250498354435,2.32289719581604
-0.4306335151195526,0.19094280898571014,2.587584972381592
-0.3806353211402893,0.3956189751625061,2.7796435356140137
-0.352186381816864,0.5832900404930115,2.881502628326416
-0.3764919936656952,0.7267012596130371,2.934587001800537
-0.47390875220298767,0.8135230541229248,2.9774866104125977
-0.6420996189117432,0.8423466682434082,3.0299789905548096
-0.8658267259597778,0.8364847898483276,3.1192164421081543
-1.1157593727111816,0.8160937428474426,3.220319986343384
-1.3526602983474731,0.7847101092338562,3.2131741046905518
-1.5367382764816284,0.7520115375518799,3.3166663646698
-1.643471598625183,0.8291152715682983,3.4152464866638184
-1.7034473419189453,0.9952238202095032,3.4464240074157715
-1.7243767976760864,1.1908817291259766,3.4200797080993652
-1.7134957313537598,1.3698474168777466,3.3365859985351562
-1.6912693977355957,1.519891619682312,3.1835803985595703
-1.660611629486084,1.6358495950698853,2.9971745014190674
-1.6559433937072754,1.7523120641708374,2.8285858631134033
-1.6616301536560059,1.8750680685043335,2.709970474243164
-1.664428472518921,2.0130679607391357,2.631121873855591
-1.6611371040344238,2.1247193813323975,2.56567645072937
-1.6543800830841064,2.2009761333465576,2.490858554840088
-1.6590319871902466,2.265505790710449,2.401829957962036
-1.6885449886322021,2.326117992401123,2.3074772357940674
-1.7354540824890137,2.37929368019104,2.195556879043579
-1.7913018465042114,2.4221689701080322,2.0908570289611816
-1.8583059310913086,2.446885585784912,1.9768794775009155
-1.9353835582733154,2.4165096282958984,1.8664683103561401
-2.0188398361206055,2.3498096466064453,1.7765556573867798
-2.071028470993042,2.277052164077759,1.694992184638977
-2.0880751609802246,2.2575769424438477,1.6382954120635986
-2.102025270462036,2.2616822719573975,1.583803415298462
-2.1181795597076416,2.225698947906494,1.5004034042358398
-2.103090524673462,2.1511433124542236,1.370753526687622
-2.0092217922210693,2.066479206085205,1.2126038074493408
-1.8250230550765991,1.9882676601409912,1.0499653816223145
-1.585686445236206,1.9702584743499756,0.8939650058746338
-1.3559894561767578,2.0067546367645264,0.7667876482009888
-1.1316416263580322,2.0744173526763916,0.6797488331794739
-0.9046754837036133,2.1756014823913574,0.605280876159668
-0.6713074445724487,2.297869920730591,0.519638180732727
-0.46937450766563416,2.3840954303741455,0.41761675477027893
-0.3121933937072754,2.357699155807495,0.2891291081905365
-0.22199943661689758,2.25227427482605,0.12706156075000763
-0.18597859144210815,2.0626943111419678,-0.06489429622888565
-0.1907045543193817,1.810962200164795,-0.2541179060935974
-0.250274658203125,1.5853853225708008,-0.3944025933742523
-0.33899614214897156,1.3681788444519043,-0.4499194025993347
-0.4337306320667267,1.1362332105636597,-0.43260619044303894
-0.5192565321922302,0.9568527340888977,-0.3748331069946289
-0.6172217130661011,0.8810716867446899,-0.26737987995147705
-0.7507999539375305,0.8999900817871094,-0.1311245560646057
-0.8440004587173462,0.9453905820846558,-0.006254790350794792
-0.8296163082122803,0.9235125184059143,0.033730074763298035
-0.6884466409683228,0.8004723191261292,-0.03430676460266113
-0.4624388813972473,0.6410183906555176,-0.15164953470230103
-0.2664361000061035,0.5209284424781799,-0.2776508927345276
-0.17484021186828613,0.4552208483219147,-0.40515992045402527
-0.19280482828617096,0.45359471440315247,-0.4787590503692627
-0.2307710498571396,0.5242809057235718,-0.4878699481487274
-0.18456333875656128,0.5872058272361755,-0.4755603075027466
-0.031124575063586235,0.5999858975410461,-0.43793314695358276
0.20309512317180634,0.6022258996963501,-0.3531530201435089
0.47405120730400085,0.6179884672164917,-0.25588980317115784
0.6776392459869385,0.608035683631897,-0.17607033252716064
0.7371688485145569,0.5596024990081787,-0.14482417702674866
0.6530504822731018,0.5010174512863159,-0.16693586111068726
0.4854696989059448,0.4154881238937378,-0.2282128632068634
0.3131330609321594,0.34250977635383606,-0.28895315527915955
0.20963507890701294,0.29433321952819824,-0.30903953313827515
0.20291993021965027,0.23796582221984863,-0.284249484539032
0.26343557238578796,0.16933229565620422,-0.2062402367591858
0.34636402130126953,0.08140723407268524,-0.09994282573461533
0.40293294191360474,-0.01702183112502098,-0.016767511144280434
0.3998359441757202,-0.11891597509384155,0.04204147681593895
0.34584081172943115,-0.1831553727388382,0.06182838976383209
0.26258933544158936,-0.21175746619701385,0.05840542912483215
0.1591208130121231,-0.21128718554973602,0.036318231374025345
0.0867704525589943,-0.15429234504699707,0.018376518040895462
0.07842570543289185,-0.04781650751829147,0.01303916983306408
0.12611573934555054,0.08960206806659698,0.023661985993385315
0.20823989808559418,0.21619969606399536,0.05145393684506416
0.28811371326446533,0.2912241220474243,0.09740890562534332
0.34845107793807983,0.32946890592575073,0.13782402873039246
0.37004345655441284,0.30949705839157104,0.15401364862918854
0.3433363139629364,0.2472534328699112,0.15417684614658356
0.29157590866088867,0.1764058917760849,0.1435316652059555
0.2167367786169052,0.11438339203596115,0.12495531886816025
0.1307334452867508,0.08839626610279083,0.11899436265230179
0.051619984209537506,0.10678140074014664,0.12353905290365219
0.007879428565502167,0.14472398161888123,0.11857917159795761
-0.007046152837574482,0.17642541229724884,0.12269269675016403
0.009121098555624485,0.20114541053771973,0.12811142206192017
0.058804046362638474,0.22667498886585236,0.12406454980373383
0.11929082870483398,0.22332978248596191,0.09756743162870407
0.15220369398593903,0.19536659121513367,0.034335460513830185
0.16619355976581573,0.18411579728126526,-0.018751459196209908
0.138599693775177,0.21077071130275726,-0.05266734957695007
0.0514695905148983,0.2548771798610687,-0.08409132063388824
-0.09705547988414764,0.27344247698783875,-0.1308707445859909
-0.4010755717754364,0.1260567605495453,-0.2271472066640854
-0.7432535290718079,-0.2642795443534851,-0.25018253922462463
0.8618243336677551,0.7227989435195923,0.11414428055286407
0.788466215133667,0.49741512537002563,-0.03151065856218338
0.36235538125038147,0.33478015661239624,0.15051187574863434
-0.035357922315597534,0.18570084869861603,0.04239966720342636
-0.26014095544815063,-0.0787755474448204,-0.02390718273818493
-0.3233250081539154,-0.11648005992174149,0.04629656299948692
-0.2778259515762329,-0.029403749853372574,0.07800043374300003
-0.15833505988121033,0.0534929484128952,0.10932576656341553
-0.07897791266441345,0.1482604593038559,0.09885181486606598
0.002942943014204502,0.18207891285419464,0.047702886164188385
0.1342168152332306,0.20074820518493652,-0.02628185786306858
0.2859010696411133,0.26497772336006165,-0.15745121240615845
0.4070360064506531,0.3286757469177246,-0.2868960201740265
0.4684208333492279,0.3809272348880768,-0.33573320508003235
0.4418233036994934,0.36660531163215637,-0.3343917429447174
0.3023396134376526,0.15886624157428741,-0.2674654424190521
0.12642529606819153,-0.20930325984954834,-0.17903119325637817
0.03987358137965202,-0.5631780624389648,-0.14071178436279297
-0.019320767372846603,-0.7602386474609375,-0.08302264660596848
-0.034338049590587616,-0.818769097328186,-0.05579842999577522
-0.001744955312460661,-0.7399547100067139,-0.02616303786635399
0.06415850669145584,-0.558154284954071,0.01751978136599064
0.13482095301151276,-0.3686186969280243,0.05410601943731308
0.17359372973442078,-0.2521594166755676,0.09747470170259476
0.18372705578804016,-0.2559317648410797,0.1264626681804657
0.17406345903873444,-0.3640272617340088,0.14092688262462616
0.1399257332086563,-0.5072498917579651,0.1506412923336029
0.08060544729232788,-0.6184752583503723,0.14862549304962158
0.030616048723459244,-0.648969292640686,0.1061728447675705
-0.005416734144091606,-0.6048355102539062,0.05454011261463165
-0.03552563115954399,-0.4799489974975586,-0.013119623064994812
-0.06211569160223007,-0.2952612042427063,-0.10006900876760483
-0.07377634197473526,-0.12307371199131012,-0.19474811851978302
-0.046272315084934235,-0.003056397195905447,-0.2749030888080597
0.00303611415438354,0.05220499262213707,-0.3257572054862976
0.04511813446879387,0.060975298285484314,-0.329410195350647
0.07067036628723145,0.04020290821790695,-0.32794225215911865
0.07827872037887573,-0.06854770332574844,-0.3105453848838806
0.07398384064435959,-0.27188751101493835,-0.29683545231819153
0.03141281381249428,-0.5468766093254089,-0.29807838797569275
-0.05397238954901695,-0.8828801512718201,-0.3154488801956177
-0.15927135944366455,-1.2740615606307983,-0.3147599399089813
-0.28974252939224243,-1.6894481182098389,-0.2670624554157257
-0.45632243156433105,-2.0741398334503174,-0.22874975204467773
-0.6220525503158569,-2.4926042556762695,-0.2672033905982971
-0.6715328693389893,-2.9087789058685303,-0.37475526332855225
-0.6056579947471619,-3.21116042137146,-0.5168538689613342
-0.5280619263648987,-3.3763415813446045,-0.6423892974853516
-0.4651910960674286,-3.4123029708862305,-0.7171085476875305
-0.4100790023803711,-3.3084776401519775,-0.7980919480323792
-0.38289371132850647,-3.130810022354126,-0.869699239730835
-0.39925500750541687,-2.9476234912872314,-0.9593677520751953
-0.4134930670261383,-2.867506504058838,-1.0245333909988403
-0.43888458609580994,-2.83834171295166,-1.130486249923706
-0.4431126117706299,-2.817268133163452,-1.2207921743392944
-0.4006443917751312,-2.6850903034210205,-1.2659759521484375
-0.3302333652973175,-2.4643871784210205,-1.3332165479660034
-0.171757772564888,-2.2067506313323975,-1.4170829057693481
0.04850641265511513,-1.917052149772644,-1.5182886123657227
0.26649120450019836,-1.6482917070388794,-1.579840064048767
0.45072710514068604,-1.460561990737915,-1.5454668998718262
0.5951439142227173,-1.3807734251022339,-1.4747939109802246
0.6863502264022827,-1.41146981716156,-1.4050770998001099
0.7174115180969238,-1.590262770652771,-1.3380098342895508
0.6883630752563477,-1.8544068336486816,-1.2888212203979492
0.6589964628219604,-2.1782100200653076,-1.3472447395324707
0.672332763671875,-2.519670009613037,-1.4562599658966064
0.7345820069313049,-2.715367555618286,-1.614216685295105
0.9058840274810791,-2.6375372409820557,-1.864843487739563
1.1459686756134033,-2.3633534908294678,-2.1482019424438477
1.3954213857650757,-2.0215601921081543,-2.408918619155884
1.6213345527648926,-1.7450119256973267,-2.5972490310668945
1.835351824760437,-1.562482237815857,-2.7022786140441895
2.077380418777466,-1.4568231105804443,-2.7711479663848877
2.3556907176971436,-1.3724040985107422,-2.8118629455566406
2.62154221534729,-1.2372227907180786,-2.83840274810791
2.809361696243286,-1.0299407243728638,-2.837122678756714
2.8886258602142334,-0.7668671011924744,-2.7750442028045654
2.8785526752471924,-0.5216650366783142,-2.641486406326294
2.780714750289917,-0.33476564288139343,-2.4275758266448975
2.645813226699829,-0.20091676712036133,-2.186461925506592
2.519659996032715,-0.12789887189865112,-1.9449994564056396
2.40641713142395,-0.09737905859947205,-1.7243847846984863
2.2959017753601074,-0.09712342917919159,-1.5541940927505493
2.185166835784912,-0.1069510281085968,-1.4218597412109375
2.0625686645507812,-0.13665205240249634,-1.3133795261383057
1.9216781854629517,-0.21885105967521667,-1.2645204067230225
1.7565631866455078,-0.2700496315956116,-1.210767388343811
1.5886298418045044,-0.2321629375219345,-1.0916414260864258
1.4135791063308716,-0.19975559413433075,-0.9730080366134644
1.2229819297790527,-0.19812387228012085,-0.9013620615005493
1.0489027500152588,-0.14554071426391602,-0.7871688604354858
0.9273627400398254,-0.07259220629930496,-0.6841886639595032
0.8612355589866638,-0.06087896600365639,-0.6652576923370361
0.8487381935119629,-0.09961677342653275,-0.6954025626182556
0.8715279698371887,-0.12152665108442307,-0.6949460506439209
0.9152205586433411,-0.11126043647527695,-0.6603862047195435
0.9753026366233826,-0.09141553938388824,-0.632801353931427
1.0252070426940918,-0.0648007020354271,-0.623231053352356
1.0656198263168335,-0.011483327485620975,-0.5887919068336487
1.0888869762420654,0.06406150013208389,-0.5524581074714661
1.100732684135437,0.12163547426462173,-0.5384821891784668
1.0902502536773682,0.1646186262369156,-0.5430976748466492
1.0578917264938354,0.18063461780548096,-0.5490344762802124
1.0001299381256104,0.1621650755405426,-0.5565504431724548
0.9212217330932617,0.11680047959089279,-0.5730613470077515
0.8149381875991821,0.05077299475669861,-0.580572247505188
0.6841451525688171,-0.009365607984364033,-0.5581849813461304
0.5498973727226257,-0.034802258014678955,-0.5045244693756104
0.43032407760620117,-0.016606643795967102,-0.4403217136859894
0.3447212874889374,0.06020718067884445,-0.37003156542778015
0.2916257083415985,0.16998334228992462,-0.28845781087875366
0.2359888106584549,0.29835838079452515,-0.19896921515464783
0.18419112265110016,0.4234979748725891,-0.10093416273593903
0.11410843580961227,0.517935574054718,0.008565964177250862
0.025706667453050613,0.5711092948913574,0.11647804826498032
-0.11024466902017593,0.5688958168029785,0.23257708549499512
-0.29972782731056213,0.5229482054710388,0.3465864062309265
-0.5137172937393188,0.4487679898738861,0.4585456848144531
-0.7300013899803162,0.347036212682724,0.5612136125564575
-0.913225531578064,0.23546813428401947,0.6264424324035645
-1.062469720840454,0.13113933801651,0.6408095955848694
-1.2095425128936768,0.045755207538604736,0.6487239599227905
-1.3874088525772095,0.009403850883245468,0.7003657817840576
-1.567518711090088,0.014489157125353813,0.8349688649177551
-1.7012437582015991,0.028381437063217163,1.0140119791030884
-1.741468906402588,0.04750240221619606,1.1820169687271118
-1.6854690313339233,0.07763318717479706,1.3273721933364868
-1.55320143699646,0.13401123881340027,1.4445704221725464
-1.403996467590332,0.20789213478565216,1.5155459642410278
-1.3183151483535767,0.2643141448497772,1.5701892375946045
-1.3317581415176392,0.2869812846183777,1.6547571420669556
-1.4117954969406128,0.28641560673713684,1.7673931121826172
-1.5062026977539062,0.27589109539985657,1.898017168045044
-1.5591179132461548,0.26692822575569153,2.0211925506591797
-1.5639089345932007,0.26735201478004456,2.137608289718628
-1.526833176612854,0.28580477833747864,2.2237513065338135
-1.4658734798431396,0.317200243473053,2.2731289863586426
-1.414360761642456,0.33899182081222534,2.2827155590057373
-1.3946481943130493,0.3405955135822296,2.2671024799346924
-1.415340781211853,0.3236231803894043,2.2200937271118164
-1.4850513935089111,0.2857927083969116,2.1511237621307373
-1.5937315225601196,0.24141190946102142,2.0677602291107178
-1.7272145748138428,0.18904851377010345,1.9889036417007446
-1.8600850105285645,0.13136471807956696,1.9050179719924927
-1.9770277738571167,0.049061648547649384,1.8180474042892456
-2.082538366317749,-0.027664555236697197,1.7461724281311035
-2.1662607192993164,-0.07057779282331467,1.700553297996521
-2.200355052947998,-0.10111892223358154,1.6608167886734009
-2.1824679374694824,-0.13115037977695465,1.6130967140197754
-2.128385305404663,-0.1569521427154541,1.5535300970077515
-2.0620384216308594,-0.17082220315933228,1.4916080236434937
-1.9766443967819214,-0.1861654818058014,1.4228070974349976
-1.8822736740112305,-0.20022660493850708,1.3543885946273804
-1.7756409645080566,-0.22193323075771332,1.271618127822876
-1.670653223991394,-0.22598609328269958,1.1843866109848022
-1.5662775039672852,-0.2181904911994934,1.1070561408996582
-1.4661891460418701,-0.20261822640895844,1.0409562587738037
-1.355084776878357,-0.1860664188861847,0.9849531054496765
-1.223421573638916,-0.16582274436950684,0.9273329973220825
-1.0664490461349487,-0.14691215753555298,0.8580191731452942
-0.8924822807312012,-0.1259654313325882,0.7907590270042419
-0.705037534236908,-0.10853131860494614,0.7279207110404968
-0.5139533877372742,-0.0932888388633728,0.6625481843948364
-0.3247901499271393,-0.06684764474630356,0.5896638631820679
-0.14443814754486084,-0.03923752158880234,0.504692792892456
0.025398822501301765,-0.018977787345647812,0.4156436026096344
0.17475192248821259,0.008709793910384178,0.33168160915374756
0.3022558391094208,0.035651665180921555,0.26240748167037964
0.41243308782577515,0.05593276023864746,0.19464528560638428
0.5069944858551025,0.06313155591487885,0.10087113082408905
0.5929456949234009,0.05316811054944992,-0.033787935972213745
0.665480375289917,0.02909473143517971,-0.17640420794487
0.7126664519309998,0.010617728345096111,-0.31054794788360596
0.7378628849983215,-0.016712162643671036,-0.43719401955604553
0.7339209914207458,-0.07445283979177475,-0.5499182343482971
0.7369847297668457,-0.18419504165649414,-0.6570433378219604
0.7836304306983948,-0.31298181414604187,-0.7686067223548889
0.87701016664505,-0.40974190831184387,-0.8933534622192383
1.003880262374878,-0.4090569019317627,-1.0015853643417358
1.1206477880477905,-0.306784063577652,-1.1026922464370728
1.2240478992462158,-0.1711851805448532,-1.2094305753707886
1.3297176361083984,-0.0868963971734047,-1.3491144180297852
1.4713972806930542,-0.0914480909705162,-1.5168278217315674
1.6268702745437622,-0.12304756790399551,-1.6719404458999634
1.8003549575805664,-0.1268719732761383,-1.7963051795959473
1.9679205417633057,-0.061448484659194946,-1.8796844482421875
2.1018526554107666,0.07366472482681274,-1.930107593536377
2.208199977874756,0.25587767362594604,-1.9655550718307495
2.2696754932403564,0.4494601786136627,-2.0026073455810547
2.303980827331543,0.6379062533378601,-2.0365476608276367
2.3018620014190674,0.7886817455291748,-2.0584592819213867
2.235130548477173,0.8791184425354004,-2.0666706562042236
2.0874881744384766,0.8842042088508606,-2.0477523803710938
1.864617109298706,0.7913389801979065,-2.0107884407043457
1.5934325456619263,0.6227825284004211,-1.9609692096710205
1.3283947706222534,0.44395768642425537,-1.8850528001785278
1.1218342781066895,0.30075445771217346,-1.7906954288482666
0.9889509677886963,0.19705256819725037,-1.6864755153656006
0.9323049783706665,0.15130670368671417,-1.5988050699234009
0.922929048538208,0.15393337607383728,-1.5458773374557495
0.9405879974365234,0.19273312389850616,-1.5045543909072876
0.9508965611457825,0.24641020596027374,-1.45506751537323
0.9627779722213745,0.30395227670669556,-1.3957788944244385
0.9892846345901489,0.3465615212917328,-1.3395215272903442
1.028550624847412,0.3633732497692108,-1.2801586389541626
1.0872818231582642,0.3649058938026428,-1.2284703254699707
1.1563442945480347,0.35600876808166504,-1.1993169784545898
1.2387245893478394,0.3387216627597809,-1.2063798904418945
1.3075437545776367,0.3156086802482605,-1.3506697416305542
1.4173914194107056,0.20559562742710114,-1.3270949125289917
1.549431324005127,0.09380030632019043,-1.2487757205963135
1.6348823308944702,0.034737251698970795,-1.209800362586975
1.6684995889663696,0.015965774655342102,-1.1977345943450928
1.66266667842865,0.001370321144349873,-1.1817893981933594
1.649106740951538,-0.01896107941865921,-1.166272759437561
1.6125730276107788,-0.022917205467820168,-1.1426116228103638
1.5486934185028076,-0.027135243639349937,-1.1054011583328247
1.4356422424316406,-0.03243359923362732,-1.0696256160736084
1.2822306156158447,-0.062024060636758804,-1.0278797149658203
1.0807323455810547,-0.10940462350845337,-0.9544928073883057
0.8429862856864929,-0.1619912087917328,-0.8408016562461853
0.5811560153961182,-0.19893485307693481,-0.6997936964035034
0.3331266939640045,-0.1816834807395935,-0.5297253131866455
0.14466170966625214,-0.10888996720314026,-0.35214337706565857
0.008853789418935776,-0.015080835670232773,-0.1788995862007141
-0.08859393745660782,0.09167863428592682,-0.03171626478433609
-0.17515067756175995,0.16302074491977692,0.09459171444177628
-0.2717893421649933,0.16427534818649292,0.22761261463165283
-0.4015498459339142,0.08793721348047256,0.3611263036727905
-0.5457655787467957,-0.05638934299349785,0.4862307012081146
-0.6775661110877991,-0.23286296427249908,0.597923219203949
-0.7910780310630798,-0.3929271996021271,0.7108138203620911
-0.8636727929115295,-0.5125274062156677,0.819135844707489
-0.9141269326210022,-0.5379970669746399,0.9360291957855225
-0.9436604380607605,-0.4460465908050537,1.0815664529800415
-0.9334269762039185,-0.257287859916687,1.2587268352508545
-0.8960123658180237,-0.04818161949515343,1.4577583074569702
-0.8356297612190247,0.10055619478225708,1.6642414331436157
-0.7732539176940918,0.18071357905864716,1.8430758714675903
-0.7626843452453613,0.21278443932533264,1.9981197118759155
-0.8657531142234802,0.22398874163627625,2.1360671520233154
-1.0951175689697266,0.2264481782913208,2.2780239582061768
-1.4192034006118774,0.229518860578537,2.4277775287628174
-1.8048573732376099,0.22494569420814514,2.610553026199341
-2.2161762714385986,0.176922008395195,2.7923319339752197
-2.591933012008667,0.09840989112854004,2.8925724029541016
-2.8740270137786865,0.006603703834116459,2.870992660522461
-3.0441365242004395,-0.11787057667970657,2.7850887775421143
-3.133897542953491,-0.2304213047027588,2.6942529678344727
-3.1872291564941406,-0.30860212445259094,2.6102283000946045
-3.200038194656372,-0.3280230760574341,2.499114990234375
-3.149667263031006,-0.28778964281082153,2.363797187805176
-3.0761044025421143,-0.19072751700878143,2.2287919521331787
-3.0286600589752197,-0.019947247579693794,2.1275742053985596
-3.0435140132904053,0.19921156764030457,2.074000120162964
-3.0802090167999268,0.393784761428833,2.0460355281829834
-3.101158618927002,0.5406539440155029,2.033980131149292
-3.101449966430664,0.6323505640029907,2.0507912635803223
-3.0656659603118896,0.6675351858139038,2.0715882778167725
-2.983370542526245,0.6758618354797363,2.0835001468658447
-2.843277931213379,0.6950938701629639,2.090277671813965
-2.6989705562591553,0.7533920407295227,2.101273775100708
-2.579695224761963,0.8510722517967224,2.118140459060669
-2.478057861328125,0.9932760000228882,2.1100234985351562
-2.3660025596618652,1.127471923828125,2.0707826614379883
-2.2583723068237305,1.231999158859253,1.9322643280029297
-2.119260549545288,1.3536630868911743,1.7397193908691406
-1.8054587841033936,1.4411356449127197,1.709382176399231
-1.4211074113845825,1.560678243637085,1.7308238744735718
-1.057702660560608,1.7272614240646362,1.6382931470870972
-0.7439602017402649,1.8571083545684814,1.4433611631393433
-0.485711932182312,1.8820898532867432,1.2362263202667236
-0.29307490587234497,1.7977395057678223,1.087809681892395
-0.15354658663272858,1.6517211198806763,0.9992047548294067
-0.052682504057884216,1.4868494272232056,0.9297402501106262
0.0205251332372427,1.3412461280822754,0.9064509272575378
0.07623889297246933,1.24827241897583,0.9322178959846497
0.18333551287651062,1.3983663320541382,1.0647482872009277
0.5966120958328247,1.8463425636291504,1.12790048122406
0.6250945925712585,1.784730315208435,1.047285795211792
0.8120827674865723,1.4537485837936401,0.9004713892936707
0.6784341931343079,1.470961570739746,0.8068649768829346
0.4924120008945465,1.4262712001800537,0.6374158263206482
0.4109363257884979,1.1252042055130005,0.5353525280952454
0.41727694869041443,0.7102152705192566,0.46185776591300964
0.24262075126171112,0.2993374764919281,0.33650463819503784
-0.15841639041900635,-0.04881128668785095,0.007982637733221054
-0.37435027956962585,-0.5701496005058289,-0.11704239249229431
-0.4499628245830536,-0.9861012101173401,-0.0033558355644345284
-0.4443771243095398,-1.1172698736190796,0.2952553629875183
-0.39082202315330505,-0.932067334651947,0.5206654667854309
-0.5741286873817444,-0.45441824197769165,0.43385469913482666
-0.32976922392845154,-0.34115660190582275,0.4664905369281769
-0.20736928284168243,-0.1698831170797348,0.46643248200416565
-0.2994372248649597,0.17557567358016968,0.41027286648750305
-0.33555686473846436,0.4017483592033386,0.30331283807754517
-0.16587357223033905,0.4546566605567932,0.14774514734745026
0.1545582264661789,0.3251953423023224,0.008648257702589035
0.4945599436759949,0.08740021288394928,-0.02576632797718048
0.7439695596694946,-0.15266059339046478,0.024995652958750725
0.8188701272010803,-0.30054575204849243,0.1004321277141571
0.7467383742332458,-0.2757788896560669,0.12088733911514282
0.6481039524078369,-0.10977736860513687,0.09346748888492584
0.5413785576820374,0.19718177616596222,0.07110919058322906
0.4173335134983063,0.5146426558494568,0.08817504346370697
0.23056389391422272,0.6981211304664612,0.14797605574131012
0.036448780447244644,0.6222420334815979,0.2714875638484955
-0.06935328990221024,0.3267424404621124,0.39887136220932007
-0.07297849655151367,0.07489316910505295,0.4908549189567566
-0.03345638886094093,-0.11136405915021896,0.5510839223861694
0.043946925550699234,-0.20535582304000854,0.5659719705581665
0.1120210513472557,-0.162190243601799,0.5389792323112488
0.16251730918884277,-0.014428943395614624,0.4807189702987671
0.19589123129844666,0.13583405315876007,0.43231308460235596
0.20607902109622955,0.24213559925556183,0.4468801021575928
0.18565097451210022,0.3509078621864319,0.48712286353111267
0.17564819753170013,0.341321736574173,0.6103193759918213
0.15807080268859863,0.20406027138233185,0.6916738748550415
0.11536440253257751,0.12669737637043,0.7543140649795532
0.04614085331559181,0.02622404508292675,0.7815012335777283
-0.1700412929058075,-0.20471613109111786,0.7672521471977234
-0.5028408169746399,-0.554036021232605,0.7774041295051575
-0.8333134055137634,-0.8921422958374023,0.939111590385437
-1.1070094108581543,-1.0382673740386963,1.0976465940475464
-1.28475022315979,-1.0949487686157227,1.1325985193252563
-1.3894907236099243,-1.0759047269821167,1.1096785068511963
-1.3583054542541504,-0.9449204206466675,1.0682355165481567
-1.1247371435165405,-0.7411766052246094,0.9922340512275696
-0.689608097076416,-0.51108717918396,0.9245700240135193
-0.18112707138061523,-0.22477521002292633,0.9123567938804626
0.2648799419403076,0.09802387654781342,0.9046708941459656
0.509111225605011,0.44436824321746826,0.9106507301330566
0.5157189965248108,0.709489643573761,0.8957213759422302
0.3793497681617737,0.8497596383094788,0.8267444372177124
0.30350473523139954,0.9472900032997131,0.7105125188827515
0.2682008147239685,1.0350406169891357,0.6135715842247009
0.24661104381084442,1.0039995908737183,0.5098119378089905
0.3025752305984497,0.8204020261764526,0.39730802178382874
0.2825351059436798,0.5115777850151062,0.3643551766872406
0.13927192986011505,0.1589169055223465,0.42658448219299316
-0.0540039949119091,-0.14507007598876953,0.5367450714111328
-0.22517600655555725,-0.3998381793498993,0.6314963698387146
-0.3435630798339844,-0.6163877844810486,0.6914629340171814
-0.4020783305168152,-0.6490983366966248,0.7720067501068115
-0.36090442538261414,-0.5308578610420227,0.8556334972381592
-0.2459149807691574,-0.41814300417900085,0.8846569061279297
-0.08358215540647507,-0.349896103143692,0.8372460603713989
0.07868078351020813,-0.3080967366695404,0.7468999028205872
0.1952378749847412,-0.3047037124633789,0.6612831354141235
0.2424570620059967,-0.3428465723991394,0.5828540921211243
0.2408156841993332,-0.36088210344314575,0.5615252256393433
0.18225356936454773,-0.3593052625656128,0.5191426277160645
0.12673313915729523,-0.35777226090431213,0.4663451910018921
0.09574778378009796,-0.35668063163757324,0.43521496653556824
0.07775085419416428,-0.33532294631004333,0.40937304496765137
0.06244833767414093,-0.28322380781173706,0.3446981906890869
0.06154261901974678,-0.1972809135913849,0.2668798565864563
0.05748555809259415,-0.08626118302345276,0.1875821202993393
0.04699284955859184,0.030534794554114342,0.09790719300508499
0.019979339092969894,0.13813209533691406,-0.0059355865232646465
-0.02390317991375923,0.23215313255786896,-0.10698395222425461
-0.05841881409287453,0.3585478365421295,-0.23197515308856964
-0.07056088745594025,0.4899810254573822,-0.364084929227829
-0.058944713324308395,0.5877270102500916,-0.48127174377441406
-0.014099136926233768,0.6704069375991821,-0.6044684052467346
0.09216631948947906,0.7692445516586304,-0.7496508955955505
0.28362706303596497,1.0353604555130005,-0.8030227422714233
0.5507255792617798,1.192075490951538,-0.8830690979957581
0.77409428358078,1.2448447942733765,-1.0209476947784424
0.8651940822601318,1.2716401815414429,-1.1445897817611694
0.8737227320671082,1.3354519605636597,-1.241402268409729
0.8799896836280823,1.3857492208480835,-1.318803310394287
0.9100871086120605,1.4054415225982666,-1.3812556266784668
0.9447385668754578,1.407748818397522,-1.407345175743103
0.9872876405715942,1.397057294845581,-1.3936100006103516
1.0159040689468384,1.393103837966919,-1.34920334815979
1.0029376745224,1.3262913227081299,-1.2908709049224854
0.9575712084770203,1.1949732303619385,-1.2510584592819214
0.8677287697792053,1.0099438428878784,-1.2285375595092773
0.7304348349571228,0.7799192070960999,-1.2114347219467163
0.5506269931793213,0.46207597851753235,-1.2194679975509644
0.3682606518268585,0.1081400215625763,-1.270324945449829
0.18920308351516724,-0.22737641632556915,-1.369961142539978
0.021560030058026314,-0.5581610202789307,-1.5339950323104858
-0.05274054408073425,-0.8366302251815796,-1.6584389209747314
-0.08160308003425598,-1.0300854444503784,-1.7178101539611816
-0.16378918290138245,-1.189528465270996,-1.742362380027771
-0.3569546341896057,-1.3273361921310425,-1.7454321384429932
-0.6061994433403015,-1.420624017715454,-1.7316337823867798
-0.7650734782218933,-1.4929994344711304,-1.7406038045883179
-0.7581824660301208,-1.5555920600891113,-1.7644717693328857
-0.6108771562576294,-1.6093072891235352,-1.8154793977737427
-0.32565999031066895,-1.663397192955017,-1.9157336950302124
0.05578242987394333,-1.6859097480773926,-2.028812885284424
0.4001907408237457,-1.7225970029830933,-2.1433987617492676
0.6261767745018005,-1.8236976861953735,-2.2176601886749268
0.7153039574623108,-1.9246294498443604,-2.257734537124634
0.7049314975738525,-1.9964189529418945,-2.2704567909240723
0.6749663949012756,-2.0964386463165283,-2.3179051876068115
0.6572822332382202,-2.095045566558838,-2.375575065612793
0.6413413882255554,-1.9650017023086548,-2.4041056632995605
0.607665479183197,-1.8308545351028442,-2.458317518234253
0.5832699537277222,-1.7234973907470703,-2.5883517265319824
0.6482201814651489,-1.6263362169265747,-2.772610902786255
0.7755402326583862,-1.5568733215332031,-3.011626720428467
0.9183139204978943,-1.5663479566574097,-3.2832894325256348
1.0268386602401733,-1.5903164148330688,-3.4928030967712402
1.0547171831130981,-1.6105815172195435,-3.559483766555786
1.0062787532806396,-1.628795862197876,-3.5760576725006104
0.9621057510375977,-1.619815707206726,-3.696540594100952
1.0057235956192017,-1.5539381504058838,-3.8736445903778076
1.188101887702942,-1.420815348625183,-4.119575500488281
1.470862865447998,-1.2433884143829346,-4.3929009437561035
1.8237212896347046,-1.025874137878418,-4.642920017242432
2.1955952644348145,-0.8103777766227722,-4.89962911605835
2.5391974449157715,-0.5953216552734375,-5.157663822174072
2.8467519283294678,-0.38927048444747925,-5.34286642074585
3.0403671264648438,-0.21055880188941956,-5.438660621643066
3.0869157314300537,-0.033399879932403564,-5.382628917694092
2.9954984188079834,0.14078070223331451,-5.185042381286621
2.818147659301758,0.27186158299446106,-4.883207321166992
2.5604493618011475,0.3472069501876831,-4.508682727813721
2.2632927894592285,0.34848475456237793,-4.103069305419922
1.996537685394287,0.2872605323791504,-3.697160243988037
1.7924702167510986,0.20707592368125916,-3.2665669918060303
1.6471638679504395,0.12198977917432785,-2.860004186630249
1.5456938743591309,0.07512233406305313,-2.513430595397949
1.4751843214035034,0.07259126752614975,-2.2135279178619385
1.437244176864624,0.09759795665740967,-1.926900863647461
1.4301729202270508,0.17496119439601898,-1.641183853149414
1.4527026414871216,0.30220478773117065,-1.3678776025772095
1.5020209550857544,0.4533863365650177,-1.1140706539154053
1.5748275518417358,0.6529316306114197,-0.8769935369491577
1.6610023975372314,0.8720144033432007,-0.6521782279014587
1.7496922016143799,1.0945703983306885,-0.4544057250022888
1.8298264741897583,1.2990559339523315,-0.28520870208740234
1.904692530632019,1.4697139263153076,-0.13895303010940552
1.965066909790039,1.584810733795166,-0.025737253949046135
1.999932885169983,1.6501439809799194,0.05800318345427513
1.9968422651290894,1.67221200466156,0.12869760394096375
1.9775011539459229,1.6414400339126587,0.18671344220638275
1.9445786476135254,1.5811601877212524,0.23791804909706116
1.897963523864746,1.5178242921829224,0.277964323759079
1.837611198425293,1.4583814144134521,0.33081182837486267
1.7490181922912598,1.3841036558151245,0.40011200308799744
1.6170004606246948,1.3015865087509155,0.4615090489387512
1.4504071474075317,1.2582203149795532,0.4878712594509125
1.2808539867401123,1.231801986694336,0.46298882365226746
1.1153059005737305,1.2099164724349976,0.4067365229129791
0.9579456448554993,1.1805769205093384,0.3482156991958618
0.7980810403823853,1.149079442024231,0.3123236894607544
0.6335301399230957,1.1132184267044067,0.31643638014793396
0.5055145025253296,1.0634574890136719,0.41926872730255127
0.3393572270870209,1.0856684446334839,0.3728373050689697
0.11303085088729858,1.0105297565460205,0.21883462369441986
-0.1325693279504776,0.793228805065155,0.1832883507013321
-0.39265188574790955,0.5791107416152954,0.20299802720546722
-0.6472069025039673,0.35575005412101746,0.2678057849407196
-0.8746865391731262,0.08525603264570236,0.37304389476776123
-1.0681380033493042,-0.17752711474895477,0.45575717091560364
-1.2405835390090942,-0.36576637625694275,0.524090588092804
-1.39452064037323,-0.5068230628967285,0.5838026404380798
-1.488188624382019,-0.5895431041717529,0.6219483017921448
-1.4939184188842773,-0.6147823929786682,0.7225486636161804
-1.4252339601516724,-0.43293118476867676,0.8479119539260864
-1.349358081817627,-0.14504772424697876,0.9871705174446106
-1.393492579460144,0.08411377668380737,1.1368839740753174
-1.5718822479248047,0.26115646958351135,1.2893227338790894
-1.8103724718093872,0.4212862551212311,1.4837472438812256
-2.0675036907196045,0.48992201685905457,1.6880346536636353
-2.320748805999756,0.49051085114479065,1.8884356021881104
-2.50883150100708,0.39975857734680176,2.0794618129730225
-2.614884614944458,0.253367155790329,2.2584683895111084
-2.6458587646484375,0.09436444938182831,2.44108510017395
-2.622274398803711,-0.05067434534430504,2.608945608139038
-2.6015560626983643,-0.19280405342578888,2.736912250518799
-2.599684000015259,-0.36586686968803406,2.827191114425659
-2.6568737030029297,-0.5674535632133484,2.9060840606689453
-2.7832210063934326,-0.7740175127983093,2.9971563816070557
-2.946854591369629,-0.9583921432495117,3.0808610916137695
-3.120068311691284,-1.1009571552276611,3.127683401107788
-3.2590370178222656,-1.2214466333389282,3.1217076778411865
-3.352245569229126,-1.3321093320846558,3.0798048973083496
-3.3891546726226807,-1.4279083013534546,3.0192551612854004
-3.3840928077697754,-1.4962843656539917,2.9281089305877686
-3.3390305042266846,-1.5346685647964478,2.8324551582336426
-3.2643892765045166,-1.5339322090148926,2.7334938049316406
-3.157461166381836,-1.5093629360198975,2.6335880756378174
-3.0140650272369385,-1.4803720712661743,2.534139394760132
-2.843322515487671,-1.4464702606201172,2.4479031562805176
-2.6764090061187744,-1.396864891052246,2.3904058933258057
-2.5032591819763184,-1.3415310382843018,2.3357198238372803
-2.3142459392547607,-1.2554683685302734,2.262284994125366
-2.111323595046997,-1.1266871690750122,2.1701953411102295
-1.9051309823989868,-0.9778004884719849,2.046696186065674
-1.7006622552871704,-0.8431843519210815,1.9025958776474
-1.4876632690429688,-0.725238025188446,1.739096999168396
-1.2847222089767456,-0.6080365180969238,1.5714163780212402
-1.1033235788345337,-0.5053356289863586,1.398742914199829
-0.9450734853744507,-0.40761813521385193,1.2232885360717773
-0.803831160068512,-0.33510568737983704,1.056179404258728
-0.6642865538597107,-0.281203031539917,0.9286757111549377
-0.5319593548774719,-0.23607981204986572,0.8144490122795105
-0.40033575892448425,-0.18100431561470032,0.7102685570716858
-0.27118629217147827,-0.12732723355293274,0.6160883903503418
-0.1431521773338318,-0.07803158462047577,0.5116608142852783
-0.0011068112216889858,-0.029537755995988846,0.3899226784706116
0.14918361604213715,0.01882311888039112,0.24877223372459412
0.2814461886882782,0.07632036507129669,0.09124992787837982
0.4050285816192627,0.11047860234975815,-0.06942524015903473
0.5184247493743896,0.10434556752443314,-0.22608216106891632
0.6199838519096375,0.06725892424583435,-0.37566524744033813
0.689112663269043,0.0339541956782341,-0.49509724974632263
0.7238232493400574,-0.007022001314908266,-0.598057210445404
0.7508041262626648,-0.07286833226680756,-0.703543484210968
0.8289297819137573,-0.13549548387527466,-0.8436998128890991
0.978304922580719,-0.14544595777988434,-1.0531845092773438
1.1720865964889526,-0.06241950765252113,-1.3132579326629639
1.3538957834243774,0.08606497198343277,-1.5840721130371094
1.468995451927185,0.20216786861419678,-1.7971532344818115
1.5297452211380005,0.22100438177585602,-1.939044713973999
1.5734516382217407,0.16592594981193542,-2.067451238632202
1.62334406375885,0.09798628091812134,-2.214578628540039
1.7163538932800293,0.060473524034023285,-2.3621737957000732
1.8328932523727417,0.05236490070819855,-2.513777017593384
1.944203495979309,0.11685281246900558,-2.6670546531677246
2.0300395488739014,0.23571385443210602,-2.791259527206421
2.071413516998291,0.39591658115386963,-2.8781511783599854
2.0522947311401367,0.5893757343292236,-2.9002888202667236
1.9820488691329956,0.748185396194458,-2.893764019012451
1.8741000890731812,0.8176510334014893,-2.8999109268188477
1.7219587564468384,0.7843583226203918,-2.904498338699341
1.5222169160842896,0.6787903308868408,-2.882005214691162
1.289072871208191,0.5066728591918945,-2.8136539459228516
1.0372480154037476,0.303234338760376,-2.6806278228759766
0.7831544280052185,0.11765409260988235,-2.4974820613861084
0.5739886164665222,-0.047085992991924286,-2.2830922603607178
0.43110623955726624,-0.1313454806804657,-2.0951361656188965
0.36479678750038147,-0.16771700978279114,-1.9680147171020508
0.3820817768573761,-0.18943855166435242,-1.8929435014724731
0.45716920495033264,-0.1734519749879837,-1.8313206434249878
0.5542784333229065,-0.11969394981861115,-1.7588328123092651
0.6606066226959229,-0.0482465997338295,-1.6721601486206055
0.7874663472175598,0.03056539036333561,-1.5775697231292725
0.9219094514846802,0.1292186677455902,-1.5034226179122925
1.0688730478286743,0.2286456674337387,-1.4330824613571167
1.2063989639282227,0.314182847738266,-1.3740071058273315
1.3179163932800293,0.39563724398612976,-1.3238445520401
1.3972618579864502,0.4747423529624939,-1.278207778930664
1.4523826837539673,0.5324157476425171,-1.239040732383728
1.4940413236618042,0.5578883290290833,-1.204940676689148
1.5343674421310425,0.5667564272880554,-1.1528258323669434
1.5676647424697876,0.5760686993598938,-1.0946376323699951
1.5841861963272095,0.5757302045822144,-1.0477840900421143
1.5796356201171875,0.5493825078010559,-1.0125250816345215
1.5415412187576294,0.49584153294563293,-0.9592217803001404
1.4785511493682861,0.4305053949356079,-0.8968319892883301
1.3965764045715332,0.36453863978385925,-0.8475381731987
1.3052297830581665,0.3096274435520172,-0.7849981188774109
1.2118476629257202,0.28309598565101624,-0.6970389485359192
1.1132116317749023,0.287090003490448,-0.5862032175064087
1.0159250497817993,0.31586065888404846,-0.4633910357952118
0.9092934131622314,0.3837098181247711,-0.2957432270050049
0.7916008830070496,0.4647034704685211,-0.13672587275505066
0.6610057353973389,0.5176090002059937,-0.00024824170395731926
0.5055999159812927,0.529547393321991,0.14196403324604034
0.30691632628440857,0.5121350884437561,0.33160316944122314
0.07225830852985382,0.4702211618423462,0.5279912948608398
-0.16733945906162262,0.38654547929763794,0.7075227499008179
-0.3754470944404602,0.2650637924671173,0.8768566846847534
-0.5401126742362976,0.13650767505168915,1.024424433708191
-0.6655076146125793,0.04837755486369133,1.1659338474273682
-0.7620940208435059,0.017873236909508705,1.3315844535827637
-0.8331884145736694,0.08416251093149185,1.5449793338775635
-0.8715966939926147,0.23761723935604095,1.788336992263794
-0.8580148816108704,0.443173885345459,2.055206298828125
-0.7753549814224243,0.6428138613700867,2.2967259883880615
-0.6533420085906982,0.8286649584770203,2.489658832550049
-0.5238463878631592,0.9953333735466003,2.6321866512298584
-0.42198681831359863,1.1040923595428467,2.717824935913086
-0.36934709548950195,1.1743932962417603,2.7570579051971436
-0.37109678983688354,1.2549067735671997,2.7903735637664795
-0.43954190611839294,1.3524740934371948,2.832441568374634
-0.5475437641143799,1.4946802854537964,2.886139154434204
-0.6660988926887512,1.6405882835388184,2.9663424491882324
-0.7815647721290588,1.7709020376205444,3.062201976776123
-0.871711015701294,1.9119399785995483,3.14054012298584
-0.9301527738571167,2.0530567169189453,3.1804332733154297
-0.9742826223373413,2.190298080444336,3.173710346221924
-1.0039385557174683,2.3360588550567627,3.120983600616455
-1.007591724395752,2.466453790664673,3.008272886276245
-0.9886125326156616,2.5995683670043945,2.8590219020843506
-0.9695513248443604,2.7600722312927246,2.679905891418457
-0.9560445547103882,2.951536178588867,2.472184419631958
-0.962570071220398,3.118138074874878,2.245450735092163
-0.9953463673591614,3.218512773513794,2.0056233406066895
-1.0619772672653198,3.2674272060394287,1.7695579528808594
-1.122580885887146,3.2948005199432373,1.5446358919143677
-1.1402281522750854,3.3185036182403564,1.3428808450698853
-1.117012858390808,3.3491384983062744,1.1974014043807983
-1.1000479459762573,3.373763084411621,1.0675305128097534
-1.110519289970398,3.3737852573394775,0.9327151775360107
-1.1555652618408203,3.3480894565582275,0.8062673211097717
-1.2345248460769653,3.3412363529205322,0.697162389755249
-1.3436508178710938,3.354919910430908,0.5897913575172424
-1.4616477489471436,3.335005521774292,0.4738512337207794
-1.5586823225021362,3.274876832962036,0.3457004725933075
-1.6197835206985474,3.193314552307129,0.21498481929302216
-1.6352161169052124,3.0808608531951904,0.09540478885173798
-1.6362252235412598,2.904318332672119,-0.019763344898819923
-1.6358689069747925,2.668936014175415,-0.14634498953819275
-1.6105188131332397,2.4088566303253174,-0.2662340998649597
-1.5543773174285889,2.176401376724243,-0.3899216651916504
-1.4489132165908813,1.9927668571472168,-0.5098935961723328
-1.2999426126480103,1.860723853111267,-0.5859001874923706
-1.1581002473831177,1.783478856086731,-0.5976670980453491
-1.0408587455749512,1.7492612600326538,-0.5271025896072388
-0.9589554071426392,1.7487446069717407,-0.39724263548851013
-0.8937314748764038,1.783198356628418,-0.2747361361980438
-0.8525459170341492,1.8002852201461792,-0.19886372983455658
-0.8463172316551208,1.756159782409668,-0.20810768008232117
-0.8476008772850037,1.6218669414520264,-0.3248537480831146
-0.8188623785972595,1.3950399160385132,-0.5034090280532837
-0.7396005392074585,1.1530113220214844,-0.661871075630188
-0.6381948590278625,0.9063655138015747,-0.7738122940063477
-0.5718406438827515,0.6385415196418762,-0.757193386554718
-0.579082727432251,0.3731940686702728,-0.5362693071365356
-0.6495662331581116,0.26185980439186096,-0.19122593104839325
-0.7014740705490112,0.34747639298439026,0.14206907153129578
-0.6637152433395386,0.5670105814933777,0.34711170196533203
-0.5541654825210571,0.804575502872467,0.3657146990299225
-0.3735831379890442,0.9030794501304626,0.23614230751991272
-0.1922776848077774,0.8173043131828308,0.037764765322208405
-0.07531511038541794,0.6234789490699768,-0.12425050139427185
-0.06423348188400269,0.40788906812667847,-0.19269758462905884
-0.11026915162801743,0.22056418657302856,-0.1883031129837036
-0.11188308149576187,0.10512371361255646,-0.17921467125415802
0.031238123774528503,0.05249911546707153,-0.16226792335510254
0.28203514218330383,0.02293090708553791,-0.10379180312156677
0.5739545822143555,0.03327808529138565,-0.001506707165390253
0.8251384496688843,0.08071930706501007,0.10939836502075195
1.0126076936721802,0.18277084827423096,0.17920513451099396
1.0965707302093506,0.26674386858940125,0.18989311158657074
1.0413426160812378,0.3139103353023529,0.15801507234573364
0.825613796710968,0.31025734543800354,0.09987740218639374
0.49504950642585754,0.2140626162290573,0.038892608135938644
0.1480455994606018,0.04130188003182411,-0.009567314758896828
-0.12391907721757889,-0.14723926782608032,-0.039817363023757935
-0.2743583917617798,-0.28130626678466797,-0.03547176346182823
-0.3149995505809784,-0.35308271646499634,0.010099451057612896
-0.2595446705818176,-0.36096739768981934,0.08831886202096939
-0.1463981419801712,-0.34226056933403015,0.15758608281612396
0.005828477907925844,-0.28624942898750305,0.1998026818037033
0.15437880158424377,-0.2102057784795761,0.2062467336654663
0.27433037757873535,-0.11218799650669098,0.19112443923950195
0.34336963295936584,-0.008287161588668823,0.16213646531105042
0.36866116523742676,0.08481801301240921,0.14285533130168915
0.34809038043022156,0.1519792079925537,0.15111006796360016
0.31666216254234314,0.21360348165035248,0.18459464609622955
0.3029367923736572,0.26709893345832825,0.22913362085819244
0.3139112591743469,0.30093222856521606,0.2846624255180359
0.3222520053386688,0.3328281342983246,0.3491748571395874
0.3055852949619293,0.35896041989326477,0.40865081548690796
0.2729029655456543,0.31749632954597473,0.4506334066390991
0.37740060687065125,0.21161846816539764,0.5734286308288574
0.34164395928382874,0.7274301648139954,0.7968600988388062
0.25050675868988037,-0.31616899371147156,0.21124638617038727
-0.26506736874580383,-0.5311238765716553,0.222437784075737
-0.4004613757133484,-0.2605958580970764,0.3858451843261719
-0.15364758670330048,-0.22751912474632263,0.3568233847618103
0.07288301736116409,-0.21495886147022247,0.26674649119377136
0.22403232753276825,-0.12398366630077362,0.19740551710128784
0.3260340392589569,-0.05298049747943878,0.15824605524539948
0.36483415961265564,-0.036662507802248,0.11460670083761215
0.38991880416870117,-0.03917710855603218,0.11868833750486374
0.40241116285324097,-0.10338885337114334,0.07085555791854858
0.2793987989425659,-0.2939942479133606,0.00296869408339262
0.035127293318510056,-0.5358772277832031,-0.023980366066098213
-0.20622237026691437,-0.8696638345718384,-0.0244035255163908
-0.49641451239585876,-1.1952155828475952,0.02494112215936184
-0.8143759965896606,-1.4453946352005005,0.09387297928333282
-1.107165813446045,-1.576560616493225,0.14372789859771729
-1.255581259727478,-1.7153587341308594,0.23978257179260254
-1.3618574142456055,-1.7643616199493408,0.3914125859737396
-1.4032195806503296,-1.7757806777954102,0.617847204208374
-1.4546390771865845,-1.8009201288223267,0.8611575961112976
-1.5558183193206787,-1.9197351932525635,1.0794140100479126
-1.7046204805374146,-2.151102304458618,1.2779655456542969
-1.9154096841812134,-2.4757537841796875,1.4378267526626587
-2.129577398300171,-2.8226799964904785,1.5516973733901978
-2.2594048976898193,-3.150289297103882,1.6281603574752808
-2.3556480407714844,-3.4687747955322266,1.690916895866394
-2.4583115577697754,-3.697526216506958,1.6902295351028442
-2.563084840774536,-3.7514383792877197,1.6301896572113037
-2.6890361309051514,-3.6783523559570312,1.5440547466278076
-2.8264193534851074,-3.510349988937378,1.3884222507476807
-2.95314884185791,-3.3836262226104736,1.203741431236267
-3.0698654651641846,-3.3607406616210938,0.9847906827926636
-3.2267885208129883,-3.403033494949341,0.7561904191970825
-3.446730852127075,-3.4819867610931396,0.5742496252059937
-3.6848978996276855,-3.560716390609741,0.46201589703559875
-3.873089551925659,-3.613699197769165,0.41674110293388367
-4.026828289031982,-3.5146775245666504,0.46823081374168396
-4.105501651763916,-3.2143800258636475,0.5758646130561829
-4.076545238494873,-2.8188250064849854,0.7039268016815186
-3.960167407989502,-2.5612990856170654,0.8066875338554382
-3.8600099086761475,-2.510625123977661,0.8804115653038025
-3.802807331085205,-2.6105785369873047,0.9283463358879089
-3.777005910873413,-2.7149722576141357,0.9476028084754944
-3.6895034313201904,-2.69393253326416,0.9207421541213989
-3.600902795791626,-2.6550281047821045,0.9296944737434387
-3.4670956134796143,-2.545668840408325,0.9251763820648193
-3.278261423110962,-2.3621163368225098,0.8852551579475403
-2.727344512939453,-2.0354413986206055,0.9462082386016846
-2.040297269821167,-1.823283076286316,0.9486661553382874
-1.7416810989379883,-1.3337997198104858,0.9704774618148804
-1.487028956413269,-1.2770644426345825,0.9041000604629517
-1.4480416774749756,-1.208276391029358,0.8454461097717285
-1.5348520278930664,-1.1122187376022339,0.7527713179588318
-1.6479817628860474,-1.0891929864883423,0.7163925766944885
-1.727034568786621,-1.0510963201522827,0.73643559217453
-1.741499423980713,-1.041440486907959,0.7563437819480896
-1.7185276746749878,-1.0508843660354614,0.7682176828384399
-1.6424510478973389,-1.019696831703186,0.7613912224769592
-1.657918930053711,-0.9686864018440247,0.7680474519729614
-1.6498924493789673,-0.9482886791229248,0.7587897777557373
-1.5250755548477173,-0.95399409532547,0.7546989917755127
-1.4271801710128784,-0.9144791960716248,0.6992368102073669
-1.3375190496444702,-0.8299481272697449,0.5928528904914856
-1.255037546157837,-0.6736336350440979,0.4690385162830353
-1.1638160943984985,-0.5239009857177734,0.3540423810482025
-1.0707378387451172,-0.4354581832885742,0.24432653188705444
-0.9897907376289368,-0.43260690569877625,0.1682729721069336
-0.9322419166564941,-0.4996655583381653,0.1304883062839508
-0.9037401676177979,-0.5790406465530396,0.12183988839387894
-0.8617826104164124,-0.6295280456542969,0.1202332153916359
-0.7794675230979919,-0.5910758972167969,0.10549389570951462
-0.6483670473098755,-0.48393961787223816,0.07864204794168472
-0.5108113288879395,-0.351779967546463,0.06202908977866173
-0.3941579759120941,-0.23943613469600677,0.06723610311746597
-0.311433345079422,-0.17152373492717743,0.07105807214975357
-0.27220579981803894,-0.1374315470457077,0.06960984319448471
-0.2546411454677582,-0.13721340894699097,0.06919106841087341
-0.24493789672851562,-0.17510353028774261,0.07481566816568375
-0.24194401502609253,-0.2540060877799988,0.09663655608892441
-0.23981454968452454,-0.3338620364665985,0.12287268042564392
-0.2206970751285553,-0.3783629536628723,0.14015763998031616
-0.1974513977766037,-0.39145639538764954,0.1453673243522644
-0.16579903662204742,-0.38315221667289734,0.11640312522649765
-0.13126316666603088,-0.3610996603965759,0.05399993807077408
-0.09176600724458694,-0.3381403386592865,-0.03136799484491348
-0.04356119781732559,-0.35243111848831177,-0.09485775232315063
0.004675882402807474,-0.3463144600391388,-0.1367712914943695
0.04205068573355675,-0.3160383105278015,-0.1445581018924713
0.06957970559597015,-0.27421051263809204,-0.13414332270622253
0.09856288135051727,-0.22625337541103363,-0.13086603581905365
0.12122263759374619,-0.23696155846118927,-0.14571934938430786
0.14180061221122742,-0.30373525619506836,-0.20392726361751556
0.17971836030483246,-0.3745805025100708,-0.33976757526397705
0.23316480219364166,-0.3635358512401581,-0.4874909818172455
0.3190716505050659,-0.21139055490493774,-0.5583284497261047
0.43426641821861267,-0.046409331262111664,-0.6369832754135132
0.5477727651596069,0.018490750342607498,-0.7338391542434692
0.6113892793655396,0.06635761260986328,-0.7385963797569275
0.6417130827903748,0.07135266810655594,-0.6861617565155029
0.6466606855392456,-0.0016317914705723524,-0.6596813797950745
0.6390830278396606,-0.13223202526569366,-0.6618449091911316
0.6261294484138489,-0.24687685072422028,-0.6304246783256531
0.6243473887443542,-0.2800918519496918,-0.6047553420066833
0.657906711101532,-0.21388433873653412,-0.6398254036903381
0.7092521786689758,-0.08983155339956284,-0.725346028804779
0.7641042470932007,0.04459549859166145,-0.8171702027320862
0.7932725548744202,0.1458888053894043,-0.9015085697174072
0.7794382572174072,0.15097171068191528,-0.9800305366516113
0.8004496097564697,0.06286361068487167,-1.0343257188796997
0.8458407521247864,0.002711060456931591,-1.0430430173873901
0.9213783144950867,0.07570210844278336,-1.0292153358459473
1.0160326957702637,0.18159152567386627,-1.0098930597305298
1.090975046157837,0.254901260137558,-1.0187612771987915
1.1870161294937134,0.31089475750923157,-1.0745841264724731
1.2937805652618408,0.42494067549705505,-1.1875193119049072
1.4795857667922974,0.6939130425453186,-1.390167236328125
1.7661646604537964,1.1837948560714722,-1.659019947052002
2.132213830947876,1.8475427627563477,-1.9467977285385132
2.5428354740142822,2.509145498275757,-2.21760892868042
2.9241461753845215,3.0222513675689697,-2.4402334690093994
3.155608654022217,3.3538615703582764,-2.6009604930877686
3.230006694793701,3.4623687267303467,-2.7593045234680176
3.2444651126861572,3.4002842903137207,-2.925365686416626
3.2475078105926514,3.2942848205566406,-3.023512601852417
3.22556471824646,3.222072124481201,-3.00393009185791
3.1806836128234863,3.1878724098205566,-2.9390647411346436
3.146653652191162,3.15726637840271,-2.862065076828003
3.1096503734588623,3.099011182785034,-2.799492597579956
3.0271716117858887,3.0497090816497803,-2.70273756980896
2.900285005569458,3.020198345184326,-2.53367280960083
2.76444411277771,2.97401762008667,-2.3259165287017822
2.6456878185272217,2.8795576095581055,-2.065767765045166
2.5667052268981934,2.728163003921509,-1.758182406425476
2.490494966506958,2.504903554916382,-1.4485920667648315
2.4185330867767334,2.1840450763702393,-1.2201039791107178
2.3348629474639893,1.752306580543518,-1.1099977493286133
2.2456774711608887,1.2207449674606323,-1.1012098789215088
2.1084752082824707,0.688134491443634,-1.1749879121780396
1.9449524879455566,0.2888311743736267,-1.3414682149887085
1.8260465860366821,-0.005505092907696962,-1.5073176622390747
1.7563610076904297,-0.2287570983171463,-1.6448218822479248
1.6659938097000122,-0.3597276210784912,-1.8025742769241333
1.5447092056274414,-0.48667189478874207,-1.9684700965881348
1.3942387104034424,-0.6364598274230957,-2.0865530967712402
1.2366279363632202,-0.8044785261154175,-2.1985244750976562
1.096779465675354,-0.9769823551177979,-2.3185012340545654
0.9848343729972839,-1.1412224769592285,-2.513921022415161
0.9217967987060547,-1.285455584526062,-2.778203010559082
0.8728656768798828,-1.3897677659988403,-3.044360399246216
0.7916531562805176,-1.4602727890014648,-3.2539374828338623
0.7188804149627686,-1.519060730934143,-3.4386789798736572
0.6972331404685974,-1.5681265592575073,-3.6729612350463867
0.7403303980827332,-1.5622297525405884,-3.916386127471924
0.8546745777130127,-1.4675743579864502,-4.120382308959961
1.0342674255371094,-1.2828574180603027,-4.275228023529053
1.2563327550888062,-1.025386095046997,-4.396825790405273
1.4844162464141846,-0.7410635948181152,-4.445367336273193
1.6753901243209839,-0.4476276636123657,-4.42042350769043
1.823339581489563,-0.18487730622291565,-4.353936195373535
1.9542055130004883,0.03382599353790283,-4.302915573120117
2.083789348602295,0.20796044170856476,-4.263367652893066
2.163403034210205,0.30595943331718445,-4.201345920562744
2.162508964538574,0.32456740736961365,-4.103115081787109
2.0584630966186523,0.22861690819263458,-3.9424092769622803
1.859611988067627,0.0789741799235344,-3.7312705516815186
1.5974578857421875,-0.11072198301553726,-3.5304174423217773
1.3331184387207031,-0.305720716714859,-3.3270437717437744
1.0769360065460205,-0.4668424725532532,-3.106581926345825
0.8483706712722778,-0.5683386325836182,-2.8735580444335938
0.6476567387580872,-0.610273540019989,-2.6113975048065186
0.4954037368297577,-0.5926039218902588,-2.3398995399475098
0.38960087299346924,-0.5125471353530884,-2.082239866256714
0.32891595363616943,-0.39464983344078064,-1.8318321704864502
0.2928745746612549,-0.2691017687320709,-1.6015512943267822
0.2660153806209564,-0.15143026411533356,-1.4113270044326782
0.22178243100643158,-0.06887707859277725,-1.244954228401184
0.15442851185798645,-0.03931548818945885,-1.103691816329956
0.056490227580070496,-0.0645071268081665,-0.9950408935546875
-0.07749224454164505,-0.13412778079509735,-0.9015797972679138
-0.2615393102169037,-0.2223425954580307,-0.8196069002151489
-0.47137221693992615,-0.3267861008644104,-0.7411856651306152
-0.6793368458747864,-0.46217480301856995,-0.6742820143699646
-0.8638169765472412,-0.6086251139640808,-0.6223021149635315
-1.0210574865341187,-0.734193742275238,-0.5840271711349487
-1.1388357877731323,-0.8188914060592651,-0.5368907451629639
-1.2099716663360596,-0.8547801375389099,-0.4906383454799652
-1.2284979820251465,-0.8616220951080322,-0.44793450832366943
-1.2155232429504395,-0.8449235558509827,-0.38394302129745483
-1.1992379426956177,-0.8193745017051697,-0.26904362440109253
-1.193074345588684,-0.7929964661598206,-0.11536112427711487
-1.182951807975769,-0.7637185454368591,0.04227042198181152
-1.1523786783218384,-0.71561199426651,0.18241581320762634
-1.1057190895080566,-0.6577208638191223,0.31858712434768677
-1.0398173332214355,-0.5864022374153137,0.43916893005371094
-0.9699565172195435,-0.4938531517982483,0.5506071448326111
-0.9006307125091553,-0.399208128452301,0.6665204763412476
-0.8511765003204346,-0.3100886046886444,0.794173538684845
-0.8212135434150696,-0.22932398319244385,0.9314520359039307
-0.80482417345047,-0.15041550993919373,1.0846484899520874
-0.7835561633110046,-0.08664851635694504,1.261151909828186
-0.7389072775840759,-0.04022548720240593,1.4541956186294556
-0.6967422366142273,-0.019994784146547318,1.6369872093200684
-0.6644665598869324,-0.004366867244243622,1.7959345579147339
-0.6543236374855042,-0.02464470826089382,1.9414629936218262
-0.6882027387619019,-0.09733488410711288,2.0810813903808594
-0.7566816806793213,-0.1757471263408661,2.1847188472747803
-0.8645339608192444,-0.2378324717283249,2.290609121322632
-1.0423353910446167,-0.1858726143836975,2.4918735027313232
-1.275528073310852,0.033279046416282654,2.793891429901123
-1.5014692544937134,0.398936927318573,2.987154245376587
-1.538042664527893,0.7292240262031555,2.967482805252075
-1.3370946645736694,0.9016253352165222,2.822904586791992
-0.9918321967124939,0.9192126989364624,2.5976738929748535
-0.6023504734039307,0.8456958532333374,2.3672406673431396
-0.24521690607070923,0.6897610425949097,2.1956450939178467
0.022277919575572014,0.4984760582447052,2.090681791305542
0.21402981877326965,0.3151949644088745,2.0075342655181885
0.34443071484565735,0.2150830179452896,1.937545895576477
0.41996628046035767,0.22034470736980438,1.909114122390747
0.4725794196128845,0.2792937755584717,1.9094655513763428
0.5097259879112244,0.3688046336174011,1.9124902486801147
0.5147729516029358,0.4984004497528076,1.9088046550750732
0.4768845736980438,0.6244435906410217,1.9161392450332642
0.38404330611228943,0.7053655982017517,1.9098215103149414
0.25185251235961914,0.7148006558418274,1.8844144344329834
0.09807682037353516,0.6450005173683167,1.8368513584136963
-0.057167403399944305,0.510610818862915,1.7919423580169678
-0.22367514669895172,0.35796698927879333,1.7595317363739014
-0.3910960257053375,0.22160962224006653,1.728864073753357
-0.5285135507583618,0.13370800018310547,1.7039014101028442
-0.6225447058677673,0.11151018738746643,1.6763813495635986
-0.6517108082771301,0.1410776674747467,1.6126554012298584
-0.6114268898963928,0.2007581740617752,1.5171546936035156
-0.5255748629570007,0.27416929602622986,1.4000924825668335
-0.41580286622047424,0.33366063237190247,1.2653199434280396
-0.3049112558364868,0.3614475131034851,1.1192501783370972
-0.2023758888244629,0.3560735881328583,0.9679738879203796
-0.12177211046218872,0.3230392038822174,0.8255879878997803
-0.05819746479392052,0.28229278326034546,0.6917229294776917
-0.0034750953782349825,0.23312976956367493,0.5730285048484802
0.04906630516052246,0.17887920141220093,0.45848968625068665
0.10179635882377625,0.13188984990119934,0.3488372266292572
0.16434083878993988,0.08918500691652298,0.2522240877151489
0.2410539835691452,0.0410880520939827,0.17307306826114655
0.33280855417251587,0.010492485016584396,0.10580426454544067
0.4489210546016693,-0.0032491597812622786,0.02455814741551876
0.5921255946159363,0.0012054734397679567,-0.0730183944106102
0.7478557825088501,0.03198042884469032,-0.19838403165340424
0.9120752811431885,0.09253396838903427,-0.3519771099090576
1.0629210472106934,0.16218867897987366,-0.519021213054657
1.1739178895950317,0.2389022558927536,-0.6725660562515259
1.222245693206787,0.29009777307510376,-0.7886905074119568
1.2064751386642456,0.3026703894138336,-0.8631082773208618
1.1614494323730469,0.29005977511405945,-0.9271548986434937
1.1314114332199097,0.28613027930259705,-0.9944252967834473
1.1312767267227173,0.3092385232448578,-1.0634478330612183
1.1641736030578613,0.39833956956863403,-1.1646816730499268
1.2359559535980225,0.5590823888778687,-1.2852121591567993
1.328438401222229,0.7354322671890259,-1.407067060470581
1.3941832780838013,0.8569291234016418,-1.501734972000122
1.399713397026062,0.8551045060157776,-1.5730676651000977
1.3358443975448608,0.6888505816459656,-1.627811312675476
1.2316230535507202,0.3980178236961365,-1.6657315492630005
1.1288548707962036,0.030128752812743187,-1.7195357084274292
1.0479861497879028,-0.3535405099391937,-1.8126857280731201
0.9932664632797241,-0.6490885615348816,-1.9084795713424683
0.9670004844665527,-0.8126250505447388,-1.9780791997909546
0.9801613092422485,-0.8580529689788818,-2.008876323699951
1.0488626956939697,-0.8476114273071289,-2.0108096599578857
1.1926182508468628,-0.8092941641807556,-1.9960393905639648
1.3923391103744507,-0.7305336594581604,-1.988208293914795
1.6207374334335327,-0.6001628637313843,-1.986009120941162
1.8089025020599365,-0.45476827025413513,-1.998146653175354
1.8887786865234375,-0.3279173672199249,-2.018894910812378
1.8499391078948975,-0.2614734470844269,-2.027081251144409
1.720932126045227,-0.2490393966436386,-2.01192307472229
1.5219100713729858,-0.29077234864234924,-1.943894386291504
1.2731356620788574,-0.35498061776161194,-1.7990295886993408
1.002714991569519,-0.4003891050815582,-1.5981075763702393
0.7629883885383606,-0.4200877249240875,-1.3842499256134033
0.5595899820327759,-0.40952885150909424,-1.1949365139007568
0.38439232110977173,-0.38055500388145447,-1.0327774286270142
0.21019360423088074,-0.3565049171447754,-0.9035778045654297
0.03481300175189972,-0.3526175022125244,-0.7887750864028931
-0.15480323135852814,-0.3727448582649231,-0.6794115900993347
-0.35739362239837646,-0.412915974855423,-0.5614588856697083
-0.5711425542831421,-0.4724341630935669,-0.42223024368286133
-0.7748107314109802,-0.5313094854354858,-0.2708665430545807
-0.9507976174354553,-0.5744858980178833,-0.11427945643663406
-1.0711320638656616,-0.6005100011825562,0.03635586053133011
-1.1316514015197754,-0.6051046848297119,0.16353517770767212
-1.1389719247817993,-0.6015176773071289,0.2672610282897949
-1.112368106842041,-0.6071218252182007,0.3525580167770386
-1.0718917846679688,-0.6189300417900085,0.4215773046016693
-1.0313987731933594,-0.6319482326507568,0.48623427748680115
-0.9985281229019165,-0.6422317624092102,0.546267569065094
-0.9842816591262817,-0.6463456749916077,0.6130837798118591
-0.9792986512184143,-0.6568164229393005,0.6872578859329224
-0.9748470187187195,-0.6726798415184021,0.7769474387168884
-0.9617176651954651,-0.6761850714683533,0.8857397437095642
-0.9391741752624512,-0.6849584579467773,0.9984140396118164
-0.917828381061554,-0.7100787162780762,1.1073253154754639
-0.9058173298835754,-0.7402700185775757,1.1885695457458496
-0.8995205760002136,-0.7780541181564331,1.2466983795166016
-0.8909979462623596,-0.8120211362838745,1.3014944791793823
-0.89897620677948,-0.830361545085907,1.3473494052886963
-0.9412136077880859,-0.8190775513648987,1.4220789670944214
-1.0107160806655884,-0.7596011757850647,1.5315825939178467
-1.0700442790985107,-0.6327589750289917,1.6568409204483032
-1.0806846618652344,-0.4839620292186737,1.766040325164795
-1.0479981899261475,-0.33507758378982544,1.8415071964263916
-0.9732834100723267,-0.1651380956172943,1.8956886529922485
-0.8433932065963745,0.050434764474630356,1.8897029161453247
-0.6397583484649658,0.27487000823020935,1.8143031597137451
-0.3693452775478363,0.4932674169540405,1.7493352890014648
-0.09855131804943085,0.7305507659912109,1.7366546392440796
0.07462123036384583,1.0158730745315552,1.8682008981704712
0.12982988357543945,1.3596844673156738,2.1310722827911377
0.1339474767446518,1.7305774688720703,2.3916015625
0.15720726549625397,2.067727565765381,2.57161808013916
0.2332020103931427,2.3329782485961914,2.649054765701294
0.35780972242355347,2.551797866821289,2.639751434326172
0.4928687810897827,2.731130838394165,2.563715696334839
0.607162594795227,2.8696372509002686,2.4518320560455322
0.6560400724411011,2.953118085861206,2.32539963722229
0.6054413914680481,2.9708147048950195,2.1835858821868896
0.4340329170227051,2.9150357246398926,2.0672764778137207
0.16072414815425873,2.7854971885681152,2.0197341442108154
-0.1382516324520111,2.615074396133423,2.007765531539917
-0.3695434331893921,2.433651924133301,1.9850960969924927
-0.5108025074005127,2.24858021736145,1.9271596670150757
-0.5864046216011047,2.056366205215454,1.804308533668518
-0.6100515127182007,1.8671196699142456,1.63935387134552
-0.628103494644165,1.70430326461792,1.4458760023117065
-0.6555678844451904,1.5713286399841309,1.2395554780960083
-0.6754891276359558,1.4760935306549072,1.0593732595443726
-0.7063731551170349,1.4431984424591064,0.9629480242729187
-0.78273606300354,1.468199610710144,0.9815542101860046
-0.9466083645820618,1.5501245260238647,1.1210148334503174
-1.1898201704025269,1.6563345193862915,1.255737543106079
-1.475799798965454,1.769305944442749,1.3339258432388306
-1.7781881093978882,1.8535091876983643,1.2347891330718994
-2.0589373111724854,1.853683352470398,0.9983512163162231
-2.2437140941619873,1.6894570589065552,0.826414942741394
-2.352104663848877,1.3073848485946655,0.48114824295043945
-2.3844757080078125,0.9774826169013977,0.0012202300131320953
-2.3076961040496826,0.5876304507255554,-0.10145515948534012
-2.1161139011383057,0.3979151248931885,0.033056579530239105
-1.944007158279419,0.39225152134895325,-0.2036963701248169
-0.6049546003341675,0.83746737241745,-0.138164222240448
0.3820890486240387,1.3036147356033325,-0.06505423039197922
0.9523869156837463,1.2760568857192993,0.10044098645448685
1.167195439338684,1.359285831451416,0.25473082065582275
0.9321169257164001,1.529211163520813,0.3111421763896942
0.16440574824810028,1.7189723253250122,0.21595069766044617
-0.42080527544021606,1.5588942766189575,0.10687187314033508
-0.8148604035377502,1.0758202075958252,0.1658879518508911
-1.014743447303772,0.4911615550518036,0.47643381357192993
-1.5384879112243652,0.05237714946269989,0.7507602572441101
-1.878222107887268,-0.5787592530250549,0.9056075811386108
-1.8658561706542969,-1.3859753608703613,1.0153337717056274
-1.7063546180725098,-1.9616657495498657,1.066116213798523
-1.5521717071533203,-2.152751922607422,1.089324951171875
-1.3788667917251587,-2.0616061687469482,1.095659852027893
-1.1583125591278076,-1.8930706977844238,1.0474915504455566
-0.8939253687858582,-1.7264909744262695,0.9578732848167419
-0.6955838203430176,-1.5860694646835327,0.9361249208450317
-0.7223458886146545,-1.4131301641464233,0.9137756824493408
-0.9070183634757996,-1.1630274057388306,0.8494478464126587
-1.0023674964904785,-0.938046395778656,0.7934650182723999
-1.0240297317504883,-0.7508827447891235,0.8076406121253967
-0.9362549185752869,-0.5948913097381592,0.8655624985694885
-0.6586731672286987,-0.4689689576625824,0.9359227418899536
-0.3910749852657318,-0.3578741252422333,1.0025193691253662
-0.264591783285141,-0.2275577038526535,1.0891191959381104
-0.21825170516967773,-0.02702539786696434,1.096113681793213
-0.24014513194561005,0.13405141234397888,0.9753762483596802
-0.32963961362838745,0.2992534041404724,0.8385347723960876
-0.3530241847038269,0.40746575593948364,0.8017740249633789
-0.3642696440219879,0.4818419814109802,0.8343327641487122
-0.379284530878067,0.5570113062858582,0.906153678894043
-0.39023786783218384,0.512418806552887,0.9785842299461365
-0.3412317931652069,0.4116920828819275,0.9778266549110413
-0.2656632661819458,0.3336220681667328,0.9264915585517883
-0.1817026287317276,0.27305787801742554,0.8842727541923523
-0.05770984664559364,0.24237532913684845,0.8285711407661438
-0.12674787640571594,0.3496285676956177,0.7290756106376648
-0.6786579489707947,0.2864770293235779,0.6684883832931519
-1.2806347608566284,-0.21773883700370789,0.898133397102356
-1.7779572010040283,-0.4092235863208771,1.2497994899749756
-2.0865836143493652,-0.48290330171585083,1.3594529628753662
-2.177626609802246,-0.5193030834197998,1.3252958059310913
-1.6155339479446411,-0.5429955720901489,1.2548773288726807
-0.571002185344696,-0.38135582208633423,1.0449568033218384
0.31505224108695984,-0.0058214617893099785,0.9745834469795227
0.7137722373008728,0.45301586389541626,0.9485129714012146
0.7141119837760925,0.8529329895973206,0.8554317951202393
0.43005868792533875,1.017103910446167,0.7457116842269897
0.07369742542505264,0.9781231880187988,0.6015693545341492
-0.21930834650993347,0.8813268542289734,0.4610409736633301
-0.4358038306236267,0.6592581272125244,0.3888278901576996
-0.543757438659668,0.3257474899291992,0.3981814384460449
-0.5774224996566772,-0.012650379911065102,0.4135631024837494
-0.6120574474334717,-0.2961670458316803,0.42005109786987305
-0.6761057376861572,-0.5102018117904663,0.3864157199859619
-0.7224678993225098,-0.6131764054298401,0.3437798321247101
-0.6991749405860901,-0.6244118213653564,0.30554983019828796
-0.6197105050086975,-0.6321610808372498,0.27235379815101624
-0.5149246454238892,-0.6387261748313904,0.23343494534492493
-0.4032498002052307,-0.6154693365097046,0.19040173292160034
-0.2991202771663666,-0.5537465214729309,0.13866449892520905
-0.22344976663589478,-0.47282350063323975,0.08038628846406937
-0.14582650363445282,-0.39771541953086853,0.020904457196593285
-0.06741610914468765,-0.3262697160243988,-0.027157343924045563
0.007542115170508623,-0.2719615399837494,-0.10332683473825455
0.04898436367511749,-0.23033125698566437,-0.20481537282466888
0.024257658049464226,-0.21371878683567047,-0.2818180322647095
-0.03879960626363754,-0.15769226849079132,-0.3666383922100067
-0.09452878683805466,-0.06281728297472,-0.47115007042884827
-0.15439105033874512,0.029159776866436005,-0.5781023502349854
-0.25761011242866516,0.10700501501560211,-0.6657654047012329
-0.4010051190853119,0.12160206586122513,-0.7510169148445129
-0.5606390833854675,0.03957004472613335,-0.8663061857223511
-0.69113689661026,-0.10927429795265198,-1.001688003540039
-0.7643313407897949,-0.23660515248775482,-1.1306971311569214
-0.7812620997428894,-0.3192340135574341,-1.239579439163208
-0.7684486508369446,-0.36134976148605347,-1.347984790802002
-0.7362694144248962,-0.4174404740333557,-1.4754332304000854
-0.6858160495758057,-0.5009434819221497,-1.6147445440292358
-0.5895704627037048,-0.5880104899406433,-1.751028060913086
-0.43898117542266846,-0.6946714520454407,-1.9116792678833008
-0.2509215176105499,-0.8315656781196594,-2.1082282066345215
-0.027022039517760277,-1.0027023553848267,-2.339411735534668
0.192702054977417,-1.174904704093933,-2.574831247329712
0.393275648355484,-1.3331120014190674,-2.7930266857147217
0.5739969611167908,-1.4713280200958252,-3.0072011947631836
0.7299636006355286,-1.6619833707809448,-3.2591629028320312
0.9040662050247192,-1.9131687879562378,-3.553853750228882
1.0809590816497803,-2.067599296569824,-3.8258955478668213
1.2134122848510742,-2.052870273590088,-4.032735824584961
1.3232849836349487,-1.933485984802246,-4.171091556549072
1.4255650043487549,-1.7928825616836548,-4.260519027709961
1.4708654880523682,-1.6432946920394897,-4.370918273925781
1.4513263702392578,-1.5115163326263428,-4.54295539855957
1.4122947454452515,-1.4077436923980713,-4.815004348754883
1.410535454750061,-1.2686002254486084,-5.137834072113037
1.481292486190796,-1.1241809129714966,-5.5018630027771
1.6052653789520264,-1.0257446765899658,-5.882480621337891
1.7428275346755981,-0.9959383606910706,-6.231828689575195
1.8590625524520874,-1.0372503995895386,-6.501379489898682
1.951767921447754,-1.1030468940734863,-6.666001796722412
2.0408129692077637,-1.1310831308364868,-6.74057674407959
2.184476375579834,-1.1149731874465942,-6.753998279571533
2.4178414344787598,-1.061916708946228,-6.766035556793213
2.7616360187530518,-0.9415749907493591,-6.766891002655029
3.2008585929870605,-0.7387385368347168,-6.76022481918335
3.6290526390075684,-0.4434579312801361,-6.69777774810791
3.975522518157959,-0.08922740817070007,-6.577663898468018
4.217754364013672,0.2620537281036377,-6.374749660491943
4.343900203704834,0.622162938117981,-6.092001438140869
4.372127532958984,1.0184979438781738,-5.703542232513428
4.308451175689697,1.4602117538452148,-5.196648597717285
4.1767754554748535,1.930812954902649,-4.594683647155762
4.003768444061279,2.3550169467926025,-3.941396951675415
3.82979416847229,2.6812217235565186,-3.2982823848724365
3.6573450565338135,2.868198871612549,-2.711082935333252
3.482292652130127,2.905973434448242,-2.2068769931793213
3.2911434173583984,2.787548780441284,-1.781916856765747
3.083954095840454,2.534191608428955,-1.4432382583618164
2.8734514713287354,2.1878554821014404,-1.1642218828201294
2.659343719482422,1.7813465595245361,-0.9224242568016052
2.432520627975464,1.3640172481536865,-0.6911044716835022
2.1885123252868652,0.973781406879425,-0.4757227301597595
1.9450857639312744,0.6228902339935303,-0.279664009809494
1.7296489477157593,0.34215429425239563,-0.13535232841968536
1.5761408805847168,0.13851754367351532,-0.06432821601629257
1.4839999675750732,0.04045554995536804,-0.08079993724822998
1.4595681428909302,0.03799771890044212,-0.1449003666639328
1.47893226146698,0.10123410820960999,-0.233918696641922
1.5239850282669067,0.1965068280696869,-0.3321954905986786
1.5554265975952148,0.29309988021850586,-0.41203221678733826
1.5548865795135498,0.39274072647094727,-0.4900988042354584
1.5243736505508423,0.4655791223049164,-0.5777385830879211
1.465883493423462,0.4960874915122986,-0.6620806455612183
1.382085919380188,0.46531522274017334,-0.7441094517707825
1.2600654363632202,0.37444761395454407,-0.8074429035186768
1.0795928239822388,0.2243267297744751,-0.8302227258682251
0.8480731844902039,0.03536693751811981,-0.8170259594917297
0.580030083656311,-0.16076655685901642,-0.7908309102058411
0.308912068605423,-0.3353745937347412,-0.7506161332130432
0.05705926939845085,-0.4670746326446533,-0.6931018829345703
-0.16903430223464966,-0.5493835806846619,-0.6100922226905823
-0.3736853301525116,-0.574057936668396,-0.4929082691669464
-0.5707752108573914,-0.5329599976539612,-0.3403237760066986
-0.7637859582901001,-0.4267769753932953,-0.15794803202152252
-0.9503132104873657,-0.29101142287254333,0.033609408885240555
-1.131879448890686,-0.12872204184532166,0.23464269936084747
-1.3198421001434326,0.04603618010878563,0.43293794989585876
-1.5192495584487915,0.20840582251548767,0.6023737788200378
-1.7202953100204468,0.3123106360435486,0.7655214071273804
-1.9202226400375366,0.33961057662963867,0.9309499859809875
-2.115344524383545,0.28645095229148865,1.1080676317214966
-2.307213306427002,0.16769671440124512,1.2998028993606567
-2.5061028003692627,0.006801034789532423,1.5030766725540161
-2.7064661979675293,-0.17796863615512848,1.7450944185256958
-2.8945417404174805,-0.3456697463989258,1.9932141304016113
-3.0532386302948,-0.47230055928230286,2.2285003662109375
-3.175750732421875,-0.5428032279014587,2.467560052871704
-3.236058235168457,-0.5576538443565369,2.7155492305755615
-3.239105463027954,-0.5169759392738342,2.9765284061431885
-3.1802546977996826,-0.4459931552410126,3.2534334659576416
-3.096790075302124,-0.35029780864715576,3.531947135925293
-3.0182454586029053,-0.2669074535369873,3.770224094390869
-2.9580466747283936,-0.1918657124042511,3.964076280593872
-2.9024999141693115,-0.13451628386974335,4.102200031280518
-2.853316307067871,-0.08855944126844406,4.177496910095215
-2.828705310821533,-0.04324283078312874,4.226874351501465
-2.8044698238372803,-0.023478712886571884,4.265597820281982
-2.737654685974121,-0.02254648134112358,4.3392109870910645
-2.6224584579467773,0.0008339416235685349,4.427047252655029
-2.4595587253570557,0.06467405706644058,4.4904584884643555
-2.2404274940490723,0.15908683836460114,4.525150775909424
-1.993662714958191,0.3051327168941498,4.569391250610352
-1.6955963373184204,0.5572174191474915,4.56047248840332
-1.3809928894042969,0.9531708359718323,4.528160095214844
-1.0429093837738037,1.4117201566696167,4.466358184814453
-0.7147766947746277,1.8640705347061157,4.384313583374023
-0.492435485124588,2.2241034507751465,4.262992858886719
-0.39541923999786377,2.432298183441162,3.960505247116089
-0.39246445894241333,2.442148208618164,3.6505587100982666
-0.5358160734176636,2.367034435272217,3.7559938430786133
-0.7649996876716614,2.2854995727539062,3.8464224338531494
-0.93299800157547,2.109436273574829,3.789111852645874
-0.9726356863975525,1.923614740371704,3.7243618965148926
-0.8815822005271912,1.8269083499908447,3.6861486434936523
-0.6881334185600281,1.7890139818191528,3.6104915142059326
-0.45755907893180847,1.741428256034851,3.4689626693725586
-0.28055262565612793,1.7255054712295532,3.3455429077148438
-0.18732090294361115,1.7969858646392822,3.194725513458252
-0.12712839245796204,1.8681272268295288,3.0177273750305176
-0.06356478482484818,1.895790696144104,2.8451268672943115
-0.03892521932721138,1.8605307340621948,2.671316623687744
0.003611524123698473,1.8039382696151733,2.495136022567749
0.08948727697134018,1.713553547859192,2.3146512508392334
0.09893013536930084,1.2759919166564941,2.2688612937927246
0.2118404358625412,1.0510649681091309,2.232032299041748
0.8130228519439697,1.1315487623214722,2.030008554458618
1.2428898811340332,0.8388364911079407,1.8846372365951538
1.6751911640167236,0.49702146649360657,1.7364633083343506
2.026761531829834,0.21307095885276794,1.610613465309143
2.2060863971710205,-0.10616062581539154,1.4399813413619995
2.2094736099243164,-0.32229024171829224,1.314785361289978
2.058988094329834,-0.4359416663646698,1.2136682271957397
1.8405272960662842,-0.5184064507484436,1.1186943054199219
1.5950554609298706,-0.6374197006225586,0.9721240401268005
1.3619846105575562,-0.806316614151001,0.7245140075683594
1.2553521394729614,-1.1330890655517578,0.4671550393104553
1.1964349746704102,-1.494399070739746,0.28880685567855835
1.1097042560577393,-1.8731406927108765,0.17353715002536774
0.98280268907547,-2.183302164077759,0.12008138000965118
0.7423940896987915,-2.582369565963745,0.07985251396894455
0.4457663893699646,-2.9533884525299072,0.04695555195212364
0.30580395460128784,-3.4538161754608154,-0.15037070214748383
0.2288236767053604,-3.7088375091552734,-0.3804638385772705
-0.03200116008520126,-4.188533782958984,-0.4766405522823334
-0.4123026728630066,-4.432809829711914,-0.4445990025997162
-0.9525394439697266,-4.913108825683594,-0.15103143453598022
-1.494823694229126,-5.040957450866699,-0.3824225962162018
-1.8410449028015137,-5.636079788208008,-0.13090071082115173
-1.9275603294372559,-6.080202102661133,0.2859463095664978
-1.7811836004257202,-4.242031574249268,0.07499545812606812
-1.1183526515960693,-2.923788547515869,-0.48200148344039917
-0.45781704783439636,-2.408271551132202,-0.8286976218223572
-0.039826467633247375,-2.712750196456909,-1.2014330625534058
0.2141934633255005,-3.1991474628448486,-1.8623533248901367
0.4485308527946472,-3.622175693511963,-2.645590305328369
0.6722500920295715,-3.9282636642456055,-3.432884693145752
0.7932028770446777,-3.9965922832489014,-4.106122970581055
0.7287558317184448,-3.6172471046447754,-4.4290008544921875
0.5638246536254883,-3.196103811264038,-4.270512104034424
0.37969711422920227,-2.9442975521087646,-3.67375111579895
0.26088523864746094,-2.9263553619384766,-2.774475336074829
0.1829962283372879,-3.345486879348755,-1.7747101783752441
0.11054226756095886,-4.035851001739502,-0.8827549815177917
0.05728517100214958,-4.800590515136719,-0.18447282910346985
-0.020446907728910446,-5.638742923736572,0.266747385263443
-0.14713343977928162,-6.373130798339844,0.5113428831100464
-0.2754061818122864,-6.835971355438232,0.6211479306221008
-0.3582724630832672,-6.938355445861816,0.6310653686523438
-0.39081788063049316,-6.643465518951416,0.5605435371398926
-0.4122195839881897,-5.8655524253845215,0.38472670316696167
-0.41484174132347107,-4.80789041519165,0.13008883595466614
-0.40103664994239807,-3.7758138179779053,-0.17116357386112213
-0.34192273020744324,-3.0635695457458496,-0.4595833718776703
-0.26612213253974915,-2.859351634979248,-0.6605032086372375
-0.19762428104877472,-2.8521416187286377,-0.7494200468063354
-0.1630079448223114,-2.726123332977295,-0.7498606443405151
-0.15706749260425568,-2.4845337867736816,-0.6652845144271851
-0.15623818337917328,-2.2354564666748047,-0.5163631439208984
-0.11564948409795761,-2.1116206645965576,-0.2951969504356384
-0.02654864825308323,-2.2004172801971436,-0.015610989183187485
0.05719977989792824,-2.420804977416992,0.291005402803421
0.16225509345531464,-2.5710315704345703,0.5771703124046326
0.43210387229919434,-2.672560214996338,0.7549691200256348
1.2939403057098389,-2.9642930030822754,0.6370427012443542
2.1004514694213867,-2.4380970001220703,0.18842633068561554
2.6283915042877197,-1.4705969095230103,-0.37419429421424866
2.740643262863159,-0.9472564458847046,-0.6332650184631348
2.7906010150909424,-1.212546706199646,-0.5718072652816772
2.845503568649292,-1.3807809352874756,-0.3840272128582001
2.887425661087036,-1.1774251461029053,-0.13765104115009308
2.959298610687256,-1.1066769361495972,0.17156964540481567
2.9997384548187256,-1.1316941976547241,0.5399547815322876
3.001901149749756,-1.1196434497833252,0.9001094698905945
2.977684736251831,-1.060032606124878,1.1999130249023438
2.9518299102783203,-1.0045714378356934,1.3886140584945679
2.894029140472412,-0.9612391591072083,1.4417731761932373
2.68389892578125,-0.9336029887199402,1.2592216730117798
2.3947324752807617,-0.9846197366714478,0.790804922580719
2.140293836593628,-0.9887268543243408,0.3368835151195526
1.9843233823776245,-0.8159662485122681,-0.11009926348924637
1.8525192737579346,-0.5594335794448853,-0.3252254128456116
1.6780563592910767,-0.31020498275756836,-0.2647748291492462
1.4205601215362549,-0.057151127606630325,-0.03224517032504082
1.1167224645614624,0.20968422293663025,0.2258778214454651
0.8171248435974121,0.37488967180252075,0.4019401967525482
0.5442797541618347,0.43320202827453613,0.47817227244377136
0.326947957277298,0.39923447370529175,0.4636409878730774
0.17377465963363647,0.3172786235809326,0.38681668043136597
0.15099690854549408,0.20627033710479736,0.31224364042282104
0.27742213010787964,0.07948245853185654,0.263923704624176
0.5368414521217346,0.05306922271847725,0.2769785225391388
0.9915542006492615,0.0067770471796393394,0.30497244000434875
1.0786683559417725,-0.34471574425697327,0.3488118052482605
0.9788569211959839,-0.6147603392601013,0.3786592483520508
0.6953112483024597,-0.7805274724960327,0.39035719633102417
0.27390316128730774,-0.8539335131645203,0.36071714758872986
-0.08506562560796738,-0.730217695236206,0.24752776324748993
-0.1625598967075348,-0.42854052782058716,0.11121740937232971
-0.03744778409600258,-0.15233372151851654,0.046546805649995804
0.18834200501441956,0.00890092272311449,0.1355007290840149
0.4473983645439148,0.14592641592025757,0.3559263050556183
0.6371784210205078,0.1682003140449524,0.5844581127166748
0.7679454684257507,0.1403346061706543,0.7271646857261658
0.8810122609138489,0.1456911861896515,0.733170211315155
0.9980496764183044,0.19137798249721527,0.6010225415229797
1.0703781843185425,0.1603885293006897,0.419819176197052
1.0354548692703247,0.03742292895913124,0.25106343626976013
0.8848885297775269,-0.08642848581075668,0.14898498356342316
0.6552651524543762,-0.19006593525409698,0.11949793994426727
0.39920198917388916,-0.25506579875946045,0.13655692338943481
0.17131371796131134,-0.27465519309043884,0.18273399770259857
0.0008500172989442945,-0.2393561452627182,0.23025406897068024
-0.09319392591714859,-0.16915175318717957,0.2854904234409332
-0.10762201994657516,-0.08267921209335327,0.375837117433548
-0.05573059618473053,0.018856467679142952,0.4961789548397064
0.03329794108867645,0.11706332862377167,0.6322060823440552
0.1164732575416565,0.1773141473531723,0.7402073740959167
0.15276072919368744,0.21245898306369781,0.8091607093811035
0.15097054839134216,0.2656433880329132,0.8305943608283997
0.13374055922031403,0.3283553719520569,0.8073716163635254
0.10447534918785095,0.37871307134628296,0.7481687664985657
0.07464010268449783,0.42135000228881836,0.681373119354248
0.050941966474056244,0.456979900598526,0.6141226887702942
0.035799477249383926,0.4996452331542969,0.5489268898963928
0.060406554490327835,0.5822271704673767,0.4900049567222595
0.16058620810508728,0.7352713346481323,0.43929386138916016
0.3094462454319,0.8308410048484802,0.3959229588508606
0.46266958117485046,0.8314183354377747,0.3413815200328827
0.594398021697998,0.8343291878700256,0.317943811416626
0.6861041784286499,0.8977460265159607,0.35807424783706665
0.6987819075584412,1.0874032974243164,0.4444722533226013
0.6411353349685669,1.3475430011749268,0.532170832157135
0.5329164862632751,1.562853217124939,0.5716156959533691
0.38093310594558716,1.7007514238357544,0.5541251301765442
0.21502989530563354,1.7729063034057617,0.5111312866210938
0.07523320615291595,1.7761098146438599,0.46511945128440857
0.002078570192679763,1.6713839769363403,0.42223671078681946
0.016095230355858803,1.5318541526794434,0.3609526753425598
0.09641669690608978,1.4074331521987915,0.31653594970703125
0.1892046481370926,1.3625370264053345,0.34369441866874695
0.27096450328826904,1.3736317157745361,0.4479638338088989
0.3714619576931,1.4390218257904053,0.5943254828453064
0.5174872875213623,1.484032392501831,0.7407404780387878
0.7001798748970032,1.4595991373062134,0.8503999710083008
0.8798567056655884,1.4718421697616577,0.8766344785690308
0.9925299882888794,1.2753403186798096,0.7770769000053406
0.8284867405891418,0.4187428057193756,0.5272992849349976
0.4691374599933624,-0.4010879397392273,0.26523181796073914
0.010831672698259354,-0.6554746627807617,0.09339960664510727
-0.32918375730514526,-0.5244129300117493,0.07734443247318268
-0.3918279707431793,-0.29401615262031555,0.09072840958833694
-0.22249838709831238,-0.15433022379875183,0.0007126075215637684
0.06117140129208565,-0.2572709918022156,-0.12010089308023453
0.3104173541069031,-0.4987221956253052,-0.0864327922463417
0.4984394609928131,-0.6679610013961792,0.01980629377067089
0.5550763607025146,-0.871512234210968,0.07177495211362839
0.4714840352535248,-1.0851056575775146,0.056239619851112366
0.26767396926879883,-1.2388654947280884,-0.02788107469677925
-0.025089969858527184,-1.2827004194259644,-0.1663590520620346
-0.34912142157554626,-1.1996275186538696,-0.331147700548172
-0.6555476784706116,-1.0673203468322754,-0.4782271385192871
-0.8770796060562134,-0.9670045375823975,-0.5546714663505554
-0.9928000569343567,-0.9239939451217651,-0.507866621017456
-0.961066484451294,-0.9356123208999634,-0.38251110911369324
-0.8078820109367371,-0.8994873762130737,-0.20286281406879425
-0.5643684267997742,-0.7800829410552979,-0.027046237140893936
-0.26671165227890015,-0.5886431932449341,0.07917686551809311
0.04687522351741791,-0.36774614453315735,0.08395273983478546
0.35201382637023926,-0.08264917135238647,-0.009895725175738335
0.5549361109733582,0.17402930557727814,-0.18570372462272644
0.6047875881195068,0.29169443249702454,-0.4263317883014679
0.4981909692287445,0.18059198558330536,-0.7178610563278198
0.2448851764202118,-0.2124735414981842,-0.9711148738861084
-0.10920846462249756,-0.6767094135284424,-1.1676539182662964
-0.4817471504211426,-1.097222089767456,-1.2871947288513184
-0.8282490372657776,-1.4571657180786133,-1.3184956312179565
-1.0768535137176514,-1.734786033630371,-1.2541425228118896
-1.145897388458252,-1.6293796300888062,-1.1298860311508179
-1.0626333951950073,-1.2526371479034424,-1.0404748916625977
-0.9494591355323792,-1.0279039144515991,-0.9990416169166565
-0.8661195039749146,-0.9570263624191284,-0.9556624293327332
-0.8165854811668396,-1.0027458667755127,-0.8794087171554565
-0.7919802665710449,-1.2284516096115112,-0.7901962399482727
-0.7428746223449707,-1.434708833694458,-0.6795063018798828
-0.6379895210266113,-1.438882827758789,-0.5602409243583679
-0.47361496090888977,-1.3531908988952637,-0.4380854070186615
-0.28156906366348267,-1.2930630445480347,-0.3508271872997284
-0.11964046210050583,-1.2691662311553955,-0.2996785640716553
-0.0029063920956104994,-1.2505576610565186,-0.267610639333725
0.044681016355752945,-1.2504146099090576,-0.21457186341285706
0.0007963802199810743,-1.2459630966186523,-0.15608377754688263
-0.08319716155529022,-1.15887451171875,-0.1138090193271637
-0.15260685980319977,-0.9521070122718811,-0.07474257051944733
-0.19955185055732727,-0.7235512733459473,-0.0071145156398415565
-0.23858606815338135,-0.6314740777015686,0.043285541236400604
