Timestamp
1213144585
1213144595
1213144605
1213144615
1213144625
1213144635
1213144645
1213144655
1213144665
1213144676
1213144686
1213144696
1213144706
1213144716
1213144726
1213144736
1213144746
1213144756
1213144766
1213144776
1213144786
1213144796
1213144806
1213144816
1213144826
1213144836
1213144847
1213144857
1213144867
1213144877
1213144887
1213144897
1213144907
1213144917
1213144927
1213144937
1213144947
1213144957
1213144967
1213144977
1213144987
1213144997
1213145007
1213145018
1213145028
1213145038
1213145048
1213145058
1213145068
1213145078
1213145088
1213145098
1213145108
1213145118
1213145128
1213145138
1213145148
1213145158
1213145168
1213145178
1213145189
1213145199
1213145209
1213145219
1213145229
1213145239
1213145249
1213145259
1213145269
1213145279
1213145289
1213145299
1213145309
1213145319
1213145329
1213145339
1213145350
1213145360
1213145370
1213145380
1213145390
1213145400
1213145410
1213145420
1213145430
1213145440
1213145450
1213145460
1213145470
1213145480
1213145490
1213145500
1213145510
1213145521
1213145531
1213145541
1213145551
1213145561
1213145571
1213145581
1213145591
1213145601
1213145611
1213145621
1213145631
1213145641
1213145651
1213145661
1213145671
1213145681
1213145692
1213145702
1213145712
1213145722
1213145732
1213145742
1213145752
1213145762
1213145772
1213145782
1213145792
1213145802
1213145812
1213145822
1213145832
1213145842
1213145852
1213145863
1213145873
1213145883
1213145893
1213145903
1213145913
1213145923
1213145933
1213145943
1213145953
1213145963
1213145973
1213145983
1213145993
1213146003
1213146013
1213146023
1213146034
1213146044
1213146054
1213146064
1213146074
1213146084
1213146094
1213146104
1213146114
1213146124
1213146134
1213146144
1213146154
1213146164
1213146174
1213146184
1213146195
1213146205
1213146215
1213146225
1213146235
1213146245
1213146255
1213146265
1213146275
1213146285
1213146295
1213146305
1213146315
1213146325
1213146335
1213146345
1213146355
1213146366
1213146376
1213146386
1213146396
1213146406
1213146416
1213146426
1213146436
1213146446
1213146456
1213146466
1213146476
1213146486
1213146496
1213146506
1213146516
1213146526
1213146537
1213146547
1213146557
1213146567
1213146577
1213146587
1213146597
1213146607
1213146617
1213146627
1213146637
1213146647
1213146657
1213146667
1213146677
1213146687
1213146697
1213146708
1213146718
1213146728
1213146738
1213146748
1213146758
1213146768
1213146778
1213146788
1213146798
1213146808
1213146818
1213146828
1213146838
1213146848
1213146858
1213146869
1213146879
1213146889
1213146899
1213146909
1213146919
1213146929
1213146939
1213146949
1213146959
1213146969
1213146979
1213146989
1213146999
1213147009
1213147019
1213147029
1213147040
1213147050
1213147060
1213147070
1213147080
1213147090
1213147100
1213147110
1213147120
1213147130
1213147140
1213147150
1213147160
1213147170
1213147180
1213147190
1213147200
1213147211
1213147221
1213147231
1213147241
1213147251
1213147261
1213147271
1213147281
1213147291
1213147301
1213147311
1213147321
1213147331
1213147341
1213147351
1213147361
1213147372
1213147382
1213147392
1213147402
1213147412
1213147422
1213147432
1213147442
1213147452
1213147462
1213147472
1213147482
1213147492
1213147502
1213147512
1213147522
1213147532
1213147543
1213147553
1213147563
1213147573
1213147583
1213147593
1213147603
1213147613
1213147623
1213147633
1213147643
1213147653
1213147663
1213147673
1213147683
1213147693
1213147703
1213147714
1213147724
1213147734
1213147744
1213147754
1213147764
1213147774
1213147784
1213147794
1213147804
1213147814
1213147824
1213147834
1213147844
1213147854
1213147864
1213147874
1213147885
1213147895
1213147905
1213147915
1213147925
1213147935
1213147945
1213147955
1213147965
1213147975
1213147985
1213147995
1213148005
1213148015
1213148025
1213148035
1213148046
1213148056
1213148066
1213148076
1213148086
1213148096
1213148106
1213148116
1213148126
1213148136
1213148146
1213148156
1213148166
1213148176
1213148186
1213148196
1213148206
1213148217
1213148227
1213148237
1213148247
1213148257
1213148267
1213148277
1213148287
1213148297
1213148307
1213148317
1213148327
1213148337
1213148347
1213148357
1213148367
1213148377
1213148388
1213148398
1213148408
1213148418
1213148428
1213148438
1213148448
1213148458
1213148468
1213148478
1213148488
1213148498
1213148508
1213148518
1213148528
1213148538
1213148548
1213148559
1213148569
1213148579
1213148589
1213148599
1213148609
1213148619
1213148629
1213148639
1213148649
1213148659
1213148669
1213148679
1213148689
1213148699
1213148709
1213148719
1213148730
1213148740
1213148750
1213148760
1213148770
1213148780
1213148790
1213148800
1213148810
1213148820
1213148830
1213148840
1213148850
1213148860
1213148870
1213148880
1213148890
1213148901
1213148911
1213148921
1213148931
1213148941
1213148951
1213148961
1213148971
1213148981
1213148991
1213149001
1213149011
1213149021
1213149031
1213149041
1213149051
1213149061
1213149072
1213149082
1213149092
1213149102
1213149112
1213149122
1213149132
1213149142
1213149152
1213149162
1213149172
1213149182
1213149192
1213149202
1213149212
1213149222
1213149232
1213149243
1213149253
1213149263
1213149273
1213149283
1213149293
1213149303
1213149313
1213149323
1213149333
1213149343
1213149353
1213149363
1213149373
1213149383
1213149393
1213149404
1213149414
1213149424
1213149434
1213149444
1213149454
1213149464
1213149474
1213149484
1213149494
1213149504
1213149514
1213149524
1213149534
1213149544
1213149554
1213149564
1213149575
1213149585
1213149595
1213149605
1213149615
1213149625
1213149635
1213149645
1213149655
1213149665
1213149675
1213149685
1213149695
1213149705
1213149715
1213149725
1213149735
1213149746
1213149756
1213149766
1213149776
1213149786
1213149796
1213149806
1213149816
1213149826
1213149836
1213149846
1213149856
1213149866
1213149876
1213149886
1213149896
1213149906
1213149917
1213149927
1213149937
1213149947
1213149957
1213149967
1213149977
1213149987
1213149997
1213150007
1213150017
1213150027
1213150037
1213150047
1213150057
1213150067
1213150077
1213150088
1213150098
1213150108
1213150118
1213150128
1213150138
1213150148
1213150158
1213150168
1213150178
1213150188
1213150198
1213150208
1213150218
1213150228
1213150238
1213150248
1213150259
1213150269
1213150279
1213150289
1213150299
1213150309
1213150319
1213150329
1213150339
1213150349
1213150359
1213150369
1213150379
1213150389
1213150399
1213150409
1213150419
1213150430
1213150440
1213150450
1213150460
1213150470
1213150480
1213150490
1213150500
1213150510
1213150520
1213150530
1213150540
1213150550
1213150560
1213150570
1213150580
1213150590
1213150601
1213150611
1213150621
1213150631
1213150641
1213150651
1213150661
1213150671
1213150681
1213150691
1213150701
1213150711
1213150721
1213150731
1213150741
1213150751
1213150761
1213150772
1213150782
1213150792
1213150802
1213150812
1213150822
1213150832
1213150842
1213150852
1213150862
1213150872
1213150882
1213150892
1213150902
1213150912
1213150922
1213150932
1213150943
1213150953
1213150963
1213150973
1213150983
1213150993
1213151003
1213151013
1213151023
1213151033
1213151043
1213151053
1213151063
1213151073
1213151083
1213151093
1213151103
1213151114
1213151124
1213151134
1213151144
1213151154
1213151164
1213151174
1213151184
1213151194
1213151204
1213151214
1213151224
1213151234
1213151244
1213151254
1213151264
1213151274
1213151285
1213151295
1213151305
1213151315
1213151325
1213151335
1213151345
1213151355
1213151365
1213151375
1213151385
1213151395
1213151405
1213151415
1213151425
1213151435
1213151445
1213151456
1213151466
1213151476
1213151486
1213151496
1213151506
1213151516
1213151526
1213151536
1213151546
1213151556
1213151566
1213151576
1213151586
1213151596
1213151606
1213151616
1213151627
1213151637
1213151647
1213151657
1213151667
1213151677
1213151687
1213151697
1213151707
1213151717
1213151727
1213151737
1213151747
1213151757
1213151767
1213151777
1213151787
1213151798
1213151808
1213151818
1213151828
1213151838
1213151848
1213151858
1213151868
1213151878
1213151888
1213151898
1213151908
1213151918
1213151928
1213151938
1213151948
1213151958
1213151969
1213151979
1213151989
1213151999
1213152009
1213152019
1213152029
1213152039
1213152049
1213152059
1213152069
1213152079
1213152089
1213152099
1213152109
1213152119
1213152129
1213152140
1213152150
1213152160
1213152170
1213152180
1213152190
1213152200
1213152210
1213152220
1213152230
1213152240
1213152250
1213152260
1213152270
1213152280
1213152290
1213152300
1213152311
1213152321
1213152331
1213152341
1213152351
1213152361
1213152371
1213152381
1213152391
1213152401
1213152411
1213152421
1213152431
1213152441
1213152451
1213152461
1213152471
1213152481
1213152492
1213152502
1213152512
1213152522
1213152532
1213152542
1213152552
1213152562
1213152572
1213152582
1213152592
1213152602
1213152612
1213152622
1213152632
1213152642
1213152652
1213152663
1213152673
1213152683
1213152693
1213152703
1213152713
1213152723
1213152733
1213152743
1213152753
1213152763
1213152773
1213152783
1213152793
1213152803
1213152813
1213152823
1213152834
1213152844
1213152854
1213152864
1213152874
1213152884
1213152894
1213152904
1213152914
1213152924
1213152934
1213152944
1213152954
1213152964
1213152974
1213152984
1213152994
1213153005
1213153015
1213153025
1213153035
1213153045
1213153055
1213153065
1213153075
1213153085
1213153095
1213153105
1213153115
1213153125
1213153135
1213153145
1213153155
1213153165
1213153176
1213153186
1213153196
1213153206
1213153216
1213153226
1213153236
1213153246
1213153256
1213153266
1213153276
1213153286
1213153296
1213153306
1213153316
1213153326
1213153336
1213153347
1213153357
1213153367
1213153377
1213153387
1213153397
1213153407
1213153417
1213153427
1213153437
1213153447
1213153457
1213153467
1213153477
1213153487
1213153497
1213153507
1213153518
1213153528
1213153538
1213153548
1213153558
1213153568
1213153578
1213153588
1213153598
1213153608
1213153618
1213153628
1213153638
1213153648
1213153658
1213153668
1213153678
1213153689
1213153699
1213153709
1213153719
1213153729
1213153739
1213153749
1213153759
1213153769
1213153779
1213153789
1213153799
1213153809
1213153819
1213153829
1213153839
1213153849
1213153860
1213153870
1213153880
1213153890
1213153900
1213153910
1213153920
1213153930
1213153940
1213153950
1213153960
1213153970
1213153980
1213153990
1213154000
1213154010
1213154020
1213154031
1213154041
1213154051
1213154061
1213154071
1213154081
1213154091
1213154101
1213154111
1213154121
1213154131
1213154141
1213154151
1213154161
1213154171
1213154181
1213154191
1213154202
1213154212
1213154222
1213154232
1213154242
1213154252
1213154262
1213154272
1213154282
1213154292
1213154302
1213154312
1213154322
1213154332
1213154342
1213154352
1213154362
1213154372
1213154383
1213154393
1213154403
1213154413
1213154423
1213154433
1213154443
1213154453
1213154463
1213154473
1213154483
1213154493
1213154503
1213154513
1213154523
1213154533
1213154544
1213154554
1213154564
1213154574
1213154584
1213154594
1213154604
1213154614
1213154624
1213154634
1213154644
1213154654
1213154664
1213154674
1213154684
1213154694
1213154704
1213154714
1213154725
1213154735
1213154745
1213154755
1213154765
1213154775
1213154785
1213154795
1213154805
1213154815
1213154825
1213154835
1213154845
1213154855
1213154865
1213154875
1213154885
1213154896
1213154906
1213154916
1213154926
1213154936
1213154946
1213154956
1213154966
1213154976
1213154986
1213154996
1213155006
1213155016
1213155026
1213155036
1213155046
1213155056
1213155067
1213155077
1213155087
1213155097
1213155107
1213155117
1213155127
1213155137
1213155147
1213155157
1213155167
1213155177
1213155187
1213155197
1213155207
1213155217
1213155227
1213155238
1213155248
1213155258
1213155268
1213155278
1213155288
1213155298
1213155308
1213155318
1213155328
1213155338
1213155348
1213155358
1213155368
1213155378
1213155388
1213155398
1213155409
1213155419
1213155429
1213155439
1213155449
1213155459
1213155469
1213155479
1213155489
1213155499
1213155509
1213155519
1213155529
1213155539
1213155549
1213155559
1213155570
1213155580
1213155590
1213155600
1213155610
1213155620
1213155630
1213155640
1213155650
1213155660
1213155670
1213155680
1213155690
1213155700
1213155710
1213155720
1213155730
1213155740
1213155751
1213155761
1213155771
1213155781
1213155791
1213155801
1213155811
1213155821
1213155831
1213155841
1213155851
1213155861
1213155871
1213155881
1213155891
1213155901
1213155911
1213155922
1213155932
1213155942
1213155952
1213155962
1213155972
1213155982
1213155992
1213156002
1213156012
1213156022
1213156032
1213156042
1213156052
1213156062
1213156072
1213156082
1213156093
1213156103
1213156113
1213156123
1213156133
1213156143
1213156153
1213156163
1213156173
1213156183
1213156193
1213156203
1213156213
1213156223
1213156233
1213156243
1213156253
1213156264
1213156274
1213156284
1213156294
1213156304
1213156314
1213156324
1213156334
1213156344
1213156354
1213156364
1213156374
1213156384
1213156394
1213156404
1213156414
1213156424
1213156435
1213156445
1213156455
1213156465
1213156475
1213156485
1213156495
1213156505
1213156515
1213156525
1213156535
1213156545
1213156555
1213156565
1213156575
1213156585
1213156595
1213156605
1213156616
1213156626
1213156636
1213156646
1213156656
1213156666
1213156676
1213156686
1213156696
1213156706
1213156716
1213156726
1213156736
1213156746
1213156756
1213156766
1213156776
1213156787
1213156797
1213156807
1213156817
1213156827
1213156837
1213156847
1213156857
1213156867
1213156877
1213156887
1213156897
1213156907
1213156917
1213156927
1213156937
1213156947
1213156958
1213156968
1213156978
1213156988
1213156998
1213157008
1213157018
1213157028
1213157038
1213157048
1213157058
1213157068
1213157078
1213157088
1213157098
1213157108
1213157118
1213157129
1213157139
1213157149
1213157159
1213157169
1213157179
1213157189
1213157199
1213157209
1213157219
1213157229
1213157239
1213157249
1213157259
1213157269
1213157279
1213157289
1213157300
1213157310
1213157320
1213157330
1213157340
1213157350
1213157360
1213157370
1213157380
1213157390
1213157400
1213157410
1213157420
1213157430
1213157440
1213157450
1213157460
1213157471
1213157481
1213157491
1213157501
1213157511
1213157521
1213157531
1213157541
1213157551
1213157561
1213157571
1213157581
1213157591
1213157601
1213157611
1213157621
1213157631
1213157642
1213157652
1213157662
1213157672
1213157682
1213157692
1213157702
1213157712
1213157722
1213157732
1213157742
1213157752
1213157762
1213157772
1213157782
1213157792
1213157802
1213157813
1213157823
1213157833
1213157843
1213157853
1213157863
1213157873
1213157883
1213157893
1213157903
1213157913
1213157923
1213157933
1213157943
1213157953
1213157963
1213157973
1213157984
1213157994
1213158004
1213158014
1213158024
1213158034
1213158044
1213158054
1213158064
1213158074
1213158084
1213158094
1213158104
1213158114
1213158124
1213158134
1213158144
1213158154
1213158165
1213158175
1213158185
1213158195
1213158205
1213158215
1213158225
1213158235
1213158245
1213158255
1213158265
1213158275
1213158285
1213158295
1213158305
1213158315
1213158325
1213158336
1213158346
1213158356
1213158366
1213158376
1213158386
1213158396
1213158406
1213158416
1213158426
1213158436
1213158446
1213158456
1213158466
1213158476
1213158486
1213158496
1213158507
1213158517
1213158527
1213158537
1213158547
1213158557
1213158567
1213158577
1213158587
1213158597
1213158607
1213158617
1213158627
1213158637
1213158647
1213158657
1213158667
1213158678
1213158688
1213158698
1213158708
1213158718
1213158728
1213158738
1213158748
1213158758
1213158768
1213158778
1213158788
1213158798
1213158808
1213158818
1213158828
1213158838
1213158849
1213158859
1213158869
1213158879
1213158889
1213158899
1213158909
1213158919
1213158929
1213158939
1213158949
1213158959
1213158969
1213158979
1213158989
1213158999
1213159009
1213159019
1213159030
1213159040
1213159050
1213159060
1213159070
1213159080
1213159090
1213159100
1213159110
1213159120
1213159130
1213159140
1213159150
1213159160
1213159170
1213159180
1213159190
1213159201
1213159211
1213159221
1213159231
1213159241
1213159251
1213159261
1213159271
1213159281
1213159291
1213159301
1213159311
1213159321
1213159331
1213159341
1213159351
1213159361
1213159372
1213159382
1213159392
1213159402
1213159412
1213159422
1213159432
1213159442
1213159452
1213159462
1213159472
1213159482
1213159492
1213159502
1213159512
1213159522
1213159532
1213159543
1213159553
1213159563
1213159573
1213159583
1213159593
1213159603
1213159613
1213159623
1213159633
1213159643
1213159653
1213159663
1213159673
1213159683
1213159693
1213159703
1213159713
1213159724
1213159734
1213159744
1213159754
1213159764
1213159774
1213159784
1213159794
1213159804
1213159814
1213159824
1213159834
1213159844
1213159854
1213159864
1213159874
1213159884
1213159895
1213159905
1213159915
1213159925
1213159935
1213159945
1213159955
1213159965
1213159975
1213159985
1213159995
1213160005
1213160015
1213160025
1213160035
1213160045
1213160055
1213160066
1213160076
1213160086
1213160096
1213160106
1213160116
1213160126
1213160136
1213160146
1213160156
1213160166
1213160176
1213160186
1213160196
1213160206
1213160216
1213160226
1213160236
1213160247
1213160257
1213160267
1213160277
1213160287
1213160297
1213160307
1213160317
1213160327
1213160337
1213160347
1213160357
1213160367
1213160377
1213160387
1213160397
1213160407
1213160418
1213160428
1213160438
1213160448
1213160458
1213160468
1213160478
1213160488
1213160498
1213160508
1213160518
1213160528
1213160538
1213160548
1213160558
1213160568
1213160578
1213160589
1213160599
1213160609
1213160619
1213160629
1213160639
1213160649
1213160659
1213160669
1213160679
1213160689
1213160699
1213160709
1213160719
1213160729
1213160739
1213160749
1213160759
1213160770
1213160780
1213160790
1213160800
1213160810
1213160820
1213160830
1213160840
1213160850
1213160860
1213160870
1213160880
1213160890
1213160900
1213160910
1213160920
1213160930
1213160941
1213160951
1213160961
1213160971
1213160981
1213160991
1213161001
1213161011
1213161021
1213161031
1213161041
1213161051
1213161061
1213161071
1213161081
1213161091
1213161101
1213161112
1213161122
1213161132
1213161142
1213161152
1213161162
1213161172
1213161182
1213161192
1213161202
1213161212
1213161222
1213161232
1213161242
1213161252
1213161262
1213161272
1213161283
1213161293
1213161303
1213161313
1213161323
1213161333
1213161343
1213161353
1213161363
1213161373
1213161383
1213161393
1213161403
1213161413
1213161423
1213161433
1213161443
1213161453
1213161464
1213161474
1213161484
1213161494
1213161504
1213161514
1213161524
1213161534
1213161544
1213161554
1213161564
1213161574
1213161584
1213161594
1213161604
1213161614
1213161624
1213161635
1213161645
1213161655
1213161665
1213161675
1213161685
1213161695
1213161705
1213161715
1213161725
1213161735
1213161745
1213161755
1213161765
1213161775
1213161785
1213161795
1213161806
1213161816
1213161826
1213161836
1213161846
1213161856
1213161866
1213161876
1213161886
1213161896
1213161906
1213161916
1213161926
1213161936
1213161946
1213161956
1213161966
1213161977
1213161987
1213161997
1213162007
1213162017
1213162027
1213162037
1213162047
1213162057
1213162067
1213162077
1213162087
1213162097
1213162107
1213162117
1213162127
1213162137
1213162148
1213162158
1213162168
1213162178
1213162188
1213162198
1213162208
1213162218
1213162228
1213162238
1213162248
1213162258
1213162268
1213162278
1213162288
1213162298
1213162308
1213162319
1213162329
1213162339
1213162349
1213162359
1213162369
1213162379
1213162389
1213162399
1213162409
1213162419
1213162429
1213162439
1213162449
1213162459
1213162469
1213162479
1213162490
1213162500
1213162510
1213162520
1213162530
1213162540
1213162550
1213162560
1213162570
1213162580
1213162590
1213162600
1213162610
1213162620
1213162630
1213162640
1213162650
1213162661
1213162671
1213162681
1213162691
1213162701
1213162711
1213162721
1213162731
1213162741
1213162751
1213162761
1213162771
1213162781
1213162791
1213162801
1213162811
1213162821
1213162832
1213162842
1213162852
1213162862
1213162872
1213162882
1213162892
1213162902
1213162912
1213162922
1213162932
1213162942
1213162952
1213162962
1213162972
1213162982
1213162992
1213163003
1213163013
1213163023
1213163033
1213163043
1213163053
1213163063
1213163073
1213163083
1213163093
1213163103
1213163113
1213163123
1213163133
1213163143
1213163153
1213163163
1213163174
1213163184
1213163194
1213163204
1213163214
1213163224
1213163234
1213163244
1213163254
1213163264
1213163274
1213163284
1213163294
1213163304
1213163314
1213163324
1213163334
1213163345
1213163355
1213163365
1213163375
1213163385
1213163395
1213163405
1213163415
1213163425
1213163435
1213163445
1213163455
1213163465
1213163475
1213163485
1213163495
1213163505
1213163516
1213163526
1213163536
1213163546
1213163556
1213163566
1213163576
1213163586
1213163596
1213163606
1213163616
1213163626
1213163636
1213163646
1213163656
1213163666
1213163676
1213163687
1213163697
1213163707
1213163717
1213163727
1213163737
1213163747
1213163757
1213163767
1213163777
1213163787
1213163797
1213163807
1213163817
1213163827
1213163837
1213163847
1213163858
1213163868
1213163878
1213163888
1213163898
1213163908
1213163918
1213163928
1213163938
1213163948
1213163958
1213163968
1213163978
1213163988
1213163998
1213164008
1213164019
1213164029
1213164039
1213164049
1213164059
1213164069
1213164079
1213164089
1213164099
1213164109
1213164119
1213164129
1213164139
1213164149
1213164159
1213164169
1213164179
1213164190
1213164200
1213164210
1213164220
1213164230
1213164240
1213164250
1213164260
1213164270
1213164280
1213164290
1213164300
1213164310
1213164320
1213164330
1213164340
1213164350
1213164360
1213164371
1213164381
1213164391
1213164401
1213164411
1213164421
1213164431
1213164441
1213164451
1213164461
1213164471
1213164481
1213164491
1213164501
1213164511
1213164521
1213164531
1213164542
1213164552
1213164562
1213164572
1213164582
1213164592
1213164602
1213164612
1213164622
1213164632
1213164642
1213164652
1213164662
1213164672
1213164682
1213164692
1213164702
1213164713
1213164723
1213164733
1213164743
1213164753
1213164763
1213164773
1213164783
1213164793
1213164803
1213164813
1213164823
1213164833
1213164843
1213164853
1213164863
1213164873
1213164884
1213164894
1213164904
1213164914
1213164924
1213164934
1213164944
1213164954
1213164964
1213164974
1213164984
1213164994
1213165004
1213165014
1213165024
1213165034
1213165045
1213165055
1213165065
1213165075
1213165085
1213165095
1213165105
1213165115
1213165125
1213165135
1213165145
1213165155
1213165165
1213165175
1213165185
1213165195
1213165205
1213165216
1213165226
1213165236
1213165246
1213165256
1213165266
1213165276
1213165286
1213165296
1213165306
1213165316
1213165326
1213165336
1213165346
1213165356
1213165366
1213165376
1213165387
1213165397
1213165407
1213165417
1213165427
1213165437
1213165447
1213165457
1213165467
1213165477
1213165487
1213165497
1213165507
1213165517
1213165527
1213165537
1213165547
1213165558
1213165568
1213165578
1213165588
1213165598
1213165608
1213165618
1213165628
1213165638
1213165648
1213165658
1213165668
1213165678
1213165688
1213165698
1213165708
1213165718
1213165729
1213165739
1213165749
1213165759
1213165769
1213165779
1213165789
1213165799
1213165809
1213165819
1213165829
1213165839
1213165849
1213165859
1213165869
1213165879
1213165889
1213165900
1213165910
1213165920
1213165930
1213165940
1213165950
1213165960
1213165970
1213165980
1213165990
1213166000
1213166010
1213166020
1213166030
1213166040
1213166050
1213166060
1213166071
1213166081
1213166091
1213166101
1213166111
1213166121
1213166131
1213166141
1213166151
1213166161
1213166171
1213166181
1213166191
1213166201
1213166211
1213166221
1213166231
1213166242
1213166252
1213166262
1213166272
1213166282
1213166292
1213166302
1213166312
1213166322
1213166332
1213166342
1213166352
1213166362
1213166372
1213166382
1213166392
1213166402
1213166413
1213166423
1213166433
1213166443
1213166453
1213166463
1213166473
1213166483
1213166493
1213166503
1213166513
1213166523
1213166533
1213166543
1213166553
1213166563
1213166573
1213166584
1213166594
1213166604
1213166614
1213166624
1213166634
1213166644
1213166654
1213166664
1213166674
1213166684
1213166694
1213166704
1213166714
1213166724
1213166734
1213166744
1213166755
1213166765
1213166775
1213166785
1213166795
1213166805
1213166815
1213166825
1213166835
1213166845
1213166855
1213166865
1213166875
1213166885
1213166895
1213166905
1213166915
1213166925
1213166936
1213166946
1213166956
1213166966
1213166976
1213166986
1213166996
1213167006
1213167016
1213167026
1213167036
1213167046
1213167056
1213167066
1213167076
1213167086
1213167096
1213167107
1213167117
1213167127
1213167137
1213167147
1213167157
1213167167
1213167177
1213167187
1213167197
1213167207
1213167217
1213167227
1213167237
1213167247
1213167257
1213167267
1213167278
1213167288
1213167298
1213167308
1213167318
1213167328
1213167338
1213167348
1213167358
1213167368
1213167378
1213167388
1213167398
1213167408
1213167418
1213167428
1213167438
1213167449
1213167459
1213167469
1213167479
1213167489
1213167499
1213167509
1213167519
1213167529
1213167539
1213167549
1213167559
1213167569
1213167579
1213167589
1213167599
1213167609
1213167620
1213167630
1213167640
1213167650
1213167660
1213167670
1213167680
1213167690
1213167700
1213167710
1213167720
1213167730
1213167740
1213167750
1213167760
1213167770
1213167780
1213167791
1213167801
1213167811
1213167821
1213167831
1213167841
1213167851
1213167861
1213167871
1213167881
1213167891
1213167901
1213167911
1213167921
1213167931
1213167941
1213167951
1213167961
1213167972
1213167982
1213167992
1213168002
1213168012
1213168022
1213168032
1213168042
1213168052
1213168062
1213168072
1213168082
1213168092
1213168102
1213168112
1213168122
1213168133
1213168143
1213168153
1213168163
1213168173
1213168183
1213168193
1213168203
1213168213
1213168223
1213168233
1213168243
1213168253
1213168263
1213168273
1213168283
1213168293
1213168304
1213168314
1213168324
1213168334
1213168344
1213168354
1213168364
1213168374
1213168384
1213168394
1213168404
1213168414
1213168424
1213168434
1213168444
1213168454
1213168464
1213168475
1213168485
1213168495
1213168505
1213168515
1213168525
1213168535
1213168545
1213168555
1213168565
1213168575
1213168585
1213168595
1213168605
1213168615
1213168625
1213168635
1213168646
1213168656
1213168666
1213168676
1213168686
1213168696
1213168706
1213168716
1213168726
1213168736
1213168746
1213168756
1213168766
1213168776
1213168786
1213168796
1213168807
1213168817
1213168827
1213168837
1213168847
1213168857
1213168867
1213168877
1213168887
1213168897
1213168907
1213168917
1213168927
1213168937
1213168947
1213168957
1213168967
1213168978
1213168988
1213168998
1213169008
1213169018
1213169028
1213169038
1213169048
1213169058
1213169068
1213169078
1213169088
1213169098
1213169108
1213169118
1213169128
1213169138
1213169149
1213169159
1213169169
1213169179
1213169189
1213169199
1213169209
1213169219
1213169229
1213169239
1213169249
1213169259
1213169269
1213169279
1213169289
1213169299
1213169309
1213169320
1213169330
1213169340
1213169350
1213169360
1213169370
1213169380
1213169390
1213169400
1213169410
1213169420
1213169430
1213169440
1213169450
1213169460
1213169470
1213169480
1213169491
1213169501
1213169511
1213169521
1213169531
1213169541
1213169551
1213169561
1213169571
1213169581
1213169591
1213169601
1213169611
1213169621
1213169631
1213169641
1213169651
1213169662
1213169672
1213169682
1213169692
1213169702
1213169712
1213169722
1213169732
1213169742
1213169752
1213169762
1213169772
1213169782
1213169792
1213169802
1213169812
1213169822
1213169832
1213169843
1213169853
1213169863
1213169873
1213169883
1213169893
1213169903
1213169913
1213169923
1213169933
1213169943
1213169953
1213169963
1213169973
1213169983
1213169993
1213170003
1213170014
1213170024
1213170034
1213170044
1213170054
1213170064
1213170074
1213170084
1213170094
1213170104
1213170114
1213170124
1213170134
1213170144
1213170154
1213170164
1213170174
1213170185
1213170195
1213170205
1213170215
1213170225
1213170235
1213170245
1213170255
1213170265
1213170275
1213170285
1213170295
1213170305
1213170315
1213170325
1213170335
1213170345
1213170355
1213170366
1213170376
1213170386
1213170396
1213170406
1213170416
1213170426
1213170436
1213170446
1213170456
1213170466
1213170476
1213170486
1213170496
1213170506
1213170516
1213170526
1213170537
1213170547
1213170557
1213170567
1213170577
1213170587
1213170597
1213170607
1213170617
1213170627
1213170637
1213170647
1213170657
1213170667
1213170677
1213170687
1213170697
1213170708
1213170718
1213170728
1213170738
1213170748
1213170758
1213170768
1213170778
1213170788
1213170798
1213170808
1213170818
1213170828
1213170838
1213170848
1213170858
1213170868
1213170878
1213170889
1213170899
1213170909
1213170919
1213170929
1213170939
1213170949
1213170959
1213170969
1213170979
1213170989
1213170999
1213171009
1213171019
1213171029
1213171039
1213171049
1213171060
1213171070
1213171080
1213171090
1213171100
1213171110
1213171120
1213171130
1213171140
1213171150
1213171160
1213171170
1213171180
1213171190
1213171200
1213171210
1213171220
1213171231
1213171241
1213171251
1213171261
1213171271
1213171281
1213171291
1213171301
1213171311
1213171321
1213171331
1213171341
1213171351
1213171361
1213171371
1213171381
1213171391
1213171402
1213171412
1213171422
1213171432
1213171442
1213171452
1213171462
1213171472
1213171482
1213171492
1213171502
1213171512
1213171522
1213171532
1213171542
1213171552
1213171562
1213171573
1213171583
1213171593
1213171603
1213171613
1213171623
1213171633
1213171643
1213171653
1213171663
1213171673
1213171683
1213171693
1213171703
1213171713
1213171723
1213171733
1213171744
1213171754
1213171764
1213171774
1213171784
1213171794
1213171804
1213171814
1213171824
1213171834
1213171844
1213171854
1213171864
1213171874
1213171884
1213171894
1213171904
1213171915
1213171925
1213171935
1213171945
1213171955
1213171965
1213171975
1213171985
1213171995
1213172005
1213172015
1213172025
1213172035
1213172045
1213172055
1213172065
1213172075
1213172086
1213172096
1213172106
1213172116
1213172126
1213172136
1213172146
1213172156
1213172166
1213172176
1213172186
1213172196
1213172206
1213172216
1213172226
1213172236
1213172246
1213172257
1213172267
1213172277
1213172287
1213172297
1213172307
1213172317
1213172327
1213172337
1213172347
1213172357
1213172367
1213172377
1213172387
1213172397
1213172407
1213172417
1213172428
1213172438
1213172448
1213172458
1213172468
1213172478
1213172488
1213172498
1213172508
1213172518
1213172528
1213172538
1213172548
1213172558
1213172568
1213172578
1213172588
1213172599
1213172609
1213172619
1213172629
1213172639
1213172649
1213172659
1213172669
1213172679
1213172689
1213172699
1213172709
1213172719
1213172729
1213172739
1213172749
1213172759
1213172770
1213172780
1213172790
1213172800
1213172810
1213172820
1213172830
1213172840
1213172850
1213172860
1213172870
1213172880
1213172890
1213172900
1213172910
1213172920
1213172930
1213172941
1213172951
1213172961
1213172971
1213172981
1213172991
1213173001
1213173011
1213173021
1213173031
1213173041
1213173051
1213173061
1213173071
1213173081
1213173091
1213173101
1213173112
1213173122
1213173132
1213173142
1213173152
1213173162
1213173172
1213173182
1213173192
1213173202
1213173212
1213173222
1213173232
1213173242
1213173252
1213173262
1213173272
1213173283
1213173293
1213173303
1213173313
1213173323
1213173333
1213173343
1213173353
1213173363
1213173373
1213173383
1213173393
1213173403
1213173413
1213173423
1213173433
1213173443
1213173454
1213173464
1213173474
1213173484
1213173494
1213173504
1213173514
1213173524
1213173534
1213173544
1213173554
1213173564
1213173574
1213173584
1213173594
1213173604
1213173615
1213173625
1213173635
1213173645
1213173655
1213173665
1213173675
1213173685
1213173695
1213173705
1213173715
1213173725
1213173735
1213173745
1213173755
1213173765
1213173775
1213173786
1213173796
1213173806
1213173816
1213173826
1213173836
1213173846
1213173856
1213173866
1213173876
1213173886
1213173896
1213173906
1213173916
1213173926
1213173936
1213173946
1213173957
1213173967
1213173977
1213173987
1213173997
1213174007
1213174017
1213174027
1213174037
1213174047
1213174057
1213174067
1213174077
1213174087
1213174097
1213174107
1213174117
1213174128
1213174138
1213174148
1213174158
1213174168
1213174178
1213174188
1213174198
1213174208
1213174218
1213174228
1213174238
1213174248
1213174258
1213174268
1213174278
1213174288
1213174299
1213174309
1213174319
1213174329
1213174339
1213174349
1213174359
1213174369
1213174379
1213174389
1213174399
1213174409
1213174419
1213174429
1213174439
1213174449
1213174459
1213174470
1213174480
1213174490
1213174500
1213174510
1213174520
1213174530
1213174540
1213174550
1213174560
1213174570
1213174580
1213174590
1213174600
1213174610
1213174620
1213174630
1213174641
1213174651
1213174661
1213174671
1213174681
1213174691
1213174701
1213174711
1213174721
1213174731
1213174741
1213174751
1213174761
1213174771
1213174781
1213174791
1213174801
1213174812
1213174822
1213174832
1213174842
1213174852
1213174862
1213174872
1213174882
1213174892
1213174902
1213174912
1213174922
1213174932
1213174942
1213174952
1213174962
1213174972
1213174983
1213174993
1213175003
1213175013
1213175023
1213175033
1213175043
1213175053
1213175063
1213175073
1213175083
1213175093
1213175103
1213175113
1213175123
1213175133
1213175144
1213175154
1213175164
1213175174
1213175184
1213175194
1213175204
1213175214
1213175224
1213175234
1213175244
1213175254
1213175264
1213175274
1213175284
1213175294
1213175304
1213175315
1213175325
1213175335
1213175345
1213175355
1213175365
1213175375
1213175385
1213175395
1213175405
1213175415
1213175425
1213175435
1213175445
1213175455
1213175465
1213175475
1213175486
1213175496
1213175506
1213175516
1213175526
1213175536
1213175546
1213175556
1213175566
1213175576
1213175586
1213175596
1213175606
1213175616
1213175626
1213175636
1213175646
1213175657
1213175667
1213175677
1213175687
1213175697
1213175707
1213175717
1213175727
1213175737
1213175747
1213175757
1213175767
1213175777
1213175787
1213175797
1213175807
1213175817
1213175828
1213175838
1213175848
1213175858
1213175868
1213175878
1213175888
1213175898
1213175908
1213175918
1213175928
1213175938
1213175948
1213175958
1213175968
1213175978
1213175988
1213175999
1213176009
1213176019
1213176029
1213176039
1213176049
1213176059
1213176069
1213176079
1213176089
1213176099
1213176109
1213176119
1213176129
1213176139
1213176149
1213176159
1213176170
1213176180
1213176190
1213176200
1213176210
1213176220
1213176230
1213176240
1213176250
1213176260
1213176270
1213176280
1213176290
1213176300
1213176310
1213176320
1213176330
1213176341
1213176351
1213176361
1213176371
1213176381
1213176391
1213176401
1213176411
1213176421
1213176431
1213176441
1213176451
1213176461
1213176471
1213176481
1213176491
1213176501
1213176512
1213176522
1213176532
1213176542
1213176552
1213176562
1213176572
1213176582
1213176592
1213176602
1213176612
1213176622
1213176632
1213176642
1213176652
1213176662
1213176672
1213176682
1213176693
1213176703
1213176713
1213176723
1213176733
1213176743
1213176753
1213176763
1213176773
1213176783
1213176793
1213176803
1213176813
1213176823
1213176833
1213176843
1213176853
1213176864
1213176874
1213176884
1213176894
1213176904
1213176914
1213176924
1213176934
1213176944
1213176954
1213176964
1213176974
1213176984
1213176994
1213177004
1213177014
1213177024
1213177035
1213177045
1213177055
1213177065
1213177075
1213177085
1213177095
1213177105
1213177115
1213177125
1213177135
1213177145
1213177155
1213177165
1213177175
1213177185
1213177195
1213177206
1213177216
1213177226
1213177236
1213177246
1213177256
1213177266
1213177276
1213177286
1213177296
1213177306
1213177316
1213177326
1213177336
1213177346
1213177356
1213177367
1213177377
1213177387
1213177397
1213177407
1213177417
1213177427
1213177437
1213177447
1213177457
1213177467
1213177477
1213177487
1213177497
1213177507
1213177517
1213177527
1213177537
1213177548
1213177558
1213177568
1213177578
1213177588
1213177598
1213177608
1213177618
1213177628
1213177638
1213177648
1213177658
1213177668
1213177678
1213177688
1213177698
1213177708
1213177719
1213177729
1213177739
1213177749
1213177759
1213177769
1213177779
1213177789
1213177799
1213177809
1213177819
1213177829
1213177839
1213177849
1213177859
1213177869
1213177880
1213177890
1213177900
1213177910
1213177920
1213177930
1213177940
1213177950
1213177960
1213177970
1213177980
1213177990
1213178000
1213178010
1213178020
1213178030
1213178040
1213178051
1213178061
1213178071
1213178081
1213178091
1213178101
1213178111
1213178121
1213178131
1213178141
1213178151
1213178161
1213178171
1213178181
1213178191
1213178201
1213178211
1213178222
1213178232
1213178242
1213178252
1213178262
1213178272
1213178282
1213178292
1213178302
1213178312
1213178322
1213178332
1213178342
1213178352
1213178362
1213178372
1213178382
1213178393
1213178403
1213178413
1213178423
1213178433
1213178443
1213178453
1213178463
1213178473
1213178483
1213178493
1213178503
1213178513
1213178523
1213178533
1213178543
1213178553
1213178563
1213178574
1213178584
1213178594
1213178604
1213178614
1213178624
1213178634
1213178644
1213178654
1213178664
1213178674
1213178684
1213178694
1213178704
1213178714
1213178724
1213178734
1213178745
1213178755
1213178765
1213178775
1213178785
1213178795
1213178805
1213178815
1213178825
1213178835
1213178845
1213178855
1213178865
1213178875
1213178885
1213178895
1213178905
1213178916
1213178926
1213178936
1213178946
1213178956
1213178966
1213178976
1213178986
1213178996
1213179006
1213179016
1213179026
1213179036
1213179046
1213179056
1213179066
1213179076
1213179087
1213179097
1213179107
1213179117
1213179127
1213179137
1213179147
1213179157
1213179167
1213179177
1213179187
1213179197
1213179207
1213179217
1213179227
1213179237
1213179247
1213179258
1213179268
1213179278
1213179288
1213179298
1213179308
1213179318
1213179328
1213179338
1213179348
1213179358
1213179368
1213179378
1213179388
1213179398
1213179408
1213179418
1213179429
1213179439
1213179449
1213179459
1213179469
1213179479
1213179489
1213179499
1213179509
1213179519
1213179529
1213179539
1213179549
1213179559
1213179569
1213179579
1213179589
1213179599
1213179610
1213179620
1213179630
1213179640
1213179650
1213179660
1213179670
1213179680
1213179690
1213179700
1213179710
1213179720
1213179730
1213179740
1213179750
1213179760
1213179770
1213179781
1213179791
1213179801
1213179811
1213179821
1213179831
1213179841
1213179851
1213179861
1213179871
1213179881
1213179891
1213179901
1213179911
1213179921
1213179931
1213179941
1213179952
1213179962
1213179972
1213179982
1213179992
1213180002
1213180012
1213180022
1213180032
1213180042
1213180052
1213180062
1213180072
1213180082
1213180092
1213180102
1213180112
1213180122
1213180133
1213180143
1213180153
1213180163
1213180173
1213180183
1213180193
1213180203
1213180213
1213180223
1213180233
1213180243
1213180253
1213180263
1213180273
1213180283
1213180293
1213180304
1213180314
1213180324
1213180334
1213180344
1213180354
1213180364
1213180374
1213180384
1213180394
1213180404
1213180414
1213180424
1213180434
1213180444
1213180454
1213180464
1213180475
1213180485
1213180495
1213180505
1213180515
1213180525
1213180535
1213180545
1213180555
1213180565
1213180575
1213180585
1213180595
1213180605
1213180615
1213180625
1213180635
1213180646
1213180656
1213180666
1213180676
1213180686
1213180696
1213180706
1213180716
1213180726
1213180736
1213180746
1213180756
1213180766
1213180776
1213180786
1213180796
1213180806
1213180817
1213180827
1213180837
1213180847
1213180857
1213180867
1213180877
1213180887
1213180897
1213180907
1213180917
1213180927
1213180937
1213180947
1213180957
1213180967
1213180977
1213180987
1213180998
1213181008
1213181018
1213181028
1213181038
1213181048
1213181058
1213181068
1213181078
1213181088
1213181098
1213181108
1213181118
1213181128
1213181138
1213181148
1213181158
1213181169
1213181179
1213181189
1213181199
1213181209
1213181219
1213181229
1213181239
1213181249
1213181259
1213181269
1213181279
1213181289
1213181299
1213181309
1213181319
1213181330
1213181340
1213181350
1213181360
1213181370
1213181380
1213181390
1213181400
1213181410
1213181420
1213181430
1213181440
1213181450
1213181460
1213181470
1213181480
1213181490
1213181500
1213181511
1213181521
1213181531
1213181541
1213181551
1213181561
1213181571
1213181581
1213181591
1213181601
1213181611
1213181621
1213181631
1213181641
1213181651
1213181661
1213181672
1213181682
1213181692
1213181702
1213181712
1213181722
1213181732
1213181742
1213181752
1213181762
1213181772
1213181782
1213181792
1213181802
1213181812
1213181822
1213181832
1213181842
1213181853
1213181863
1213181873
1213181883
1213181893
1213181903
1213181913
1213181923
1213181933
1213181943
1213181953
1213181963
1213181973
1213181983
1213181993
1213182003
1213182013
1213182024
1213182034
1213182044
1213182054
1213182064
1213182074
1213182084
1213182094
1213182104
1213182114
1213182124
1213182134
1213182144
1213182154
1213182164
1213182174
1213182184
1213182195
1213182205
1213182215
1213182225
1213182235
1213182245
1213182255
1213182265
1213182275
1213182285
1213182295
1213182305
1213182315
1213182325
1213182335
1213182345
1213182355
1213182366
1213182376
1213182386
1213182396
1213182406
1213182416
1213182426
1213182436
1213182446
1213182456
1213182466
1213182476
1213182486
1213182496
1213182506
1213182516
1213182526
1213182537
1213182547
1213182557
1213182567
1213182577
1213182587
1213182597
1213182607
1213182617
1213182627
1213182637
1213182647
1213182657
1213182667
1213182677
1213182687
1213182697
1213182708
1213182718
1213182728
1213182738
1213182748
1213182758
1213182768
1213182778
1213182788
1213182798
1213182808
1213182818
1213182828
1213182838
1213182848
1213182858
1213182868
1213182879
1213182889
1213182899
1213182909
1213182919
1213182929
1213182939
1213182949
1213182959
1213182969
1213182979
1213182989
1213182999
1213183009
1213183019
1213183029
1213183039
1213183049
1213183060
1213183070
1213183080
1213183090
1213183100
1213183110
1213183120
1213183130
1213183140
1213183150
1213183160
1213183170
1213183180
1213183190
1213183200
1213183210
1213183220
1213183231
1213183241
1213183251
1213183261
1213183271
1213183281
1213183291
1213183301
1213183311
1213183321
1213183331
1213183341
1213183351
1213183361
1213183371
1213183381
1213183392
1213183402
1213183412
1213183422
1213183432
1213183442
1213183452
1213183462
1213183472
1213183482
1213183492
1213183502
1213183512
1213183522
1213183532
1213183542
1213183552
1213183563
1213183573
1213183583
1213183593
1213183603
1213183613
1213183623
1213183633
1213183643
1213183653
1213183663
1213183673
1213183683
1213183693
1213183703
1213183713
1213183723
1213183733
1213183744
1213183754
1213183764
1213183774
1213183784
1213183794
1213183804
1213183814
1213183824
1213183834
1213183844
1213183854
1213183864
1213183874
1213183884
1213183894
1213183905
1213183915
1213183925
1213183935
1213183945
1213183955
1213183965
1213183975
1213183985
1213183995
1213184005
1213184015
1213184025
1213184035
1213184045
1213184055
1213184065
1213184075
1213184086
1213184096
1213184106
1213184116
1213184126
1213184136
1213184146
1213184156
1213184166
1213184176
1213184186
1213184196
1213184206
1213184216
1213184226
1213184236
1213184247
1213184257
1213184267
1213184277
1213184287
1213184297
1213184307
1213184317
1213184327
1213184337
1213184347
1213184357
1213184367
1213184377
1213184387
1213184397
1213184407
1213184417
1213184428
1213184438
1213184448
1213184458
1213184468
1213184478
1213184488
1213184498
1213184508
1213184518
1213184528
1213184538
1213184548
1213184558
1213184568
1213184578
1213184588
1213184599
1213184609
1213184619
1213184629
1213184639
1213184649
1213184659
1213184669
1213184679
1213184689
1213184699
1213184709
1213184719
1213184729
1213184739
1213184749
1213184759
1213184770
1213184780
1213184790
1213184800
1213184810
1213184820
1213184830
1213184840
1213184850
1213184860
1213184870
1213184880
1213184890
1213184900
1213184910
1213184920
1213184930
1213184941
1213184951
1213184961
1213184971
1213184981
1213184991
1213185001
1213185011
1213185021
1213185031
1213185041
1213185051
1213185061
1213185071
1213185081
1213185091
1213185101
1213185112
1213185122
1213185132
1213185142
1213185152
1213185162
1213185172
1213185182
1213185192
1213185202
1213185212
1213185222
1213185232
1213185242
1213185252
1213185262
1213185272
1213185283
1213185293
1213185303
1213185313
1213185323
1213185333
1213185343
1213185353
1213185363
1213185373
1213185383
1213185393
1213185403
1213185413
1213185423
1213185433
1213185443
1213185454
1213185464
1213185474
1213185484
1213185494
1213185504
1213185514
1213185524
1213185534
1213185544
1213185554
1213185564
1213185574
1213185584
1213185594
1213185604
1213185614
1213185625
1213185635
1213185645
1213185655
1213185665
1213185675
1213185685
1213185695
1213185705
1213185715
1213185725
1213185735
1213185745
1213185755
1213185765
1213185775
1213185786
1213185796
1213185806
1213185816
1213185826
1213185836
1213185846
1213185856
1213185866
1213185876
1213185886
1213185896
1213185906
1213185916
1213185926
1213185936
1213185946
1213185957
1213185967
1213185977
1213185987
1213185997
1213186007
1213186017
1213186027
1213186037
1213186047
1213186057
1213186067
1213186077
1213186087
1213186097
1213186107
1213186117
1213186128
1213186138
1213186148
1213186158
1213186168
1213186178
1213186188
1213186198
1213186208
1213186218
1213186228
1213186238
1213186248
1213186258
1213186268
1213186278
1213186288
1213186299
1213186309
1213186319
1213186329
1213186339
1213186349
1213186359
1213186369
1213186379
1213186389
1213186399
1213186409
1213186419
1213186429
1213186439
1213186449
1213186459
1213186470
1213186480
1213186490
1213186500
1213186510
1213186520
1213186530
1213186540
1213186550
1213186560
1213186570
1213186580
1213186590
1213186600
1213186610
1213186620
1213186630
1213186641
1213186651
1213186661
1213186671
1213186681
1213186691
1213186701
1213186711
1213186721
1213186731
1213186741
1213186751
1213186761
1213186771
1213186781
1213186791
1213186801
1213186812
1213186822
1213186832
1213186842
1213186852
1213186862
1213186872
1213186882
1213186892
1213186902
1213186912
1213186922
1213186932
1213186942
1213186952
1213186962
1213186972
1213186983
1213186993
1213187003
1213187013
1213187023
1213187033
1213187043
1213187053
1213187063
1213187073
1213187083
1213187093
1213187103
1213187113
1213187123
1213187133
1213187143
1213187154
1213187164
1213187174
1213187184
1213187194
1213187204
1213187214
1213187224
1213187234
1213187244
1213187254
1213187264
1213187274
1213187284
1213187294
1213187304
1213187314
1213187325
1213187335
1213187345
1213187355
1213187365
1213187375
1213187385
1213187395
1213187405
1213187415
1213187425
1213187435
1213187445
1213187455
1213187465
1213187475
1213187485
1213187496
1213187506
1213187516
1213187526
1213187536
1213187546
1213187556
1213187566
1213187576
1213187586
1213187596
1213187606
1213187616
1213187626
1213187636
1213187646
1213187656
1213187666
1213187677
1213187687
1213187697
1213187707
1213187717
1213187727
1213187737
1213187747
1213187757
1213187767
1213187777
1213187787
1213187797
1213187807
1213187817
1213187827
1213187837
1213187848
1213187858
1213187868
1213187878
1213187888
1213187898
1213187908
1213187918
1213187928
1213187938
1213187948
1213187958
1213187968
1213187978
1213187988
1213187998
1213188008
1213188019
1213188029
1213188039
1213188049
1213188059
1213188069
1213188079
1213188089
1213188099
1213188109
1213188119
1213188129
1213188139
1213188149
1213188159
1213188169
1213188179
1213188190
1213188200
1213188210
1213188220
1213188230
1213188240
1213188250
1213188260
1213188270
1213188280
1213188290
1213188300
1213188310
1213188320
1213188330
1213188340
1213188351
1213188361
1213188371
1213188381
1213188391
1213188401
1213188411
1213188421
1213188431
1213188441
1213188451
1213188461
1213188471
1213188481
1213188491
1213188501
1213188511
1213188522
1213188532
1213188542
1213188552
1213188562
1213188572
1213188582
1213188592
1213188602
1213188612
1213188622
1213188632
1213188642
1213188652
1213188662
1213188672
1213188682
1213188693
1213188703
1213188713
1213188723
1213188733
1213188743
1213188753
1213188763
1213188773
1213188783
1213188793
1213188803
1213188813
1213188823
1213188833
1213188843
1213188853
1213188864
1213188874
1213188884
1213188894
1213188904
1213188914
1213188924
1213188934
1213188944
1213188954
1213188964
1213188974
1213188984
1213188994
1213189004
1213189014
1213189024
1213189035
1213189045
1213189055
1213189065
1213189075
1213189085
1213189095
1213189105
1213189115
1213189125
1213189135
1213189145
1213189155
1213189165
1213189175
1213189185
1213189195
1213189206
1213189216
1213189226
1213189236
1213189246
1213189256
1213189266
1213189276
1213189286
1213189296
1213189306
1213189316
1213189326
1213189336
1213189346
1213189356
1213189366
1213189377
1213189387
1213189397
1213189407
1213189417
1213189427
1213189437
1213189447
1213189457
1213189467
1213189477
1213189487
1213189497
1213189507
1213189517
1213189527
1213189537
1213189548
1213189558
1213189568
1213189578
1213189588
1213189598
1213189608
1213189618
1213189628
1213189638
1213189648
1213189658
1213189668
1213189678
1213189688
1213189698
1213189708
1213189719
1213189729
1213189739
1213189749
1213189759
1213189769
1213189779
1213189789
1213189799
1213189809
1213189819
1213189829
1213189839
1213189849
1213189859
1213189869
1213189879
1213189889
1213189900
1213189910
1213189920
1213189930
1213189940
1213189950
1213189960
1213189970
1213189980
1213189990
1213190000
1213190010
1213190020
1213190030
1213190040
1213190050
1213190060
1213190071
1213190081
1213190091
1213190101
1213190111
1213190121
1213190131
1213190141
1213190151
1213190161
1213190171
1213190181
1213190191
1213190201
1213190211
1213190221
1213190231
1213190242
1213190252
1213190262
1213190272
1213190282
1213190292
1213190302
1213190312
1213190322
1213190332
1213190342
1213190352
1213190362
1213190372
1213190382
1213190392
1213190402
1213190413
1213190423
1213190433
1213190443
1213190453
1213190463
1213190473
1213190483
1213190493
1213190503
1213190513
1213190523
1213190533
1213190543
1213190553
1213190563
1213190573
1213190584
1213190594
1213190604
1213190614
1213190624
1213190634
1213190644
1213190654
1213190664
1213190674
1213190684
1213190694
1213190704
1213190714
1213190724
1213190734
1213190744
1213190755
1213190765
1213190775
1213190785
1213190795
1213190805
1213190815
1213190825
1213190835
1213190845
1213190855
1213190865
1213190875
1213190885
1213190895
1213190905
1213190915
1213190926
1213190936
1213190946
1213190956
1213190966
1213190976
1213190986
1213190996
1213191006
1213191016
1213191026
1213191036
1213191046
1213191056
1213191066
1213191076
1213191087
1213191097
1213191107
1213191117
1213191127
1213191137
1213191147
1213191157
1213191167
1213191177
1213191187
1213191197
1213191207
1213191217
1213191227
1213191237
1213191247
1213191258
1213191268
1213191278
1213191288
1213191298
1213191308
1213191318
1213191328
1213191338
1213191348
1213191358
1213191368
1213191378
1213191388
1213191398
1213191408
1213191418
1213191429
1213191439
1213191449
1213191459
1213191469
1213191479
1213191489
1213191499
1213191509
1213191519
1213191529
1213191539
1213191549
1213191559
1213191569
1213191579
1213191589
1213191600
1213191610
1213191620
1213191630
1213191640
1213191650
1213191660
1213191670
1213191680
1213191690
1213191700
1213191710
1213191720
1213191730
1213191740
1213191750
1213191760
1213191771
1213191781
1213191791
1213191801
1213191811
1213191821
1213191831
1213191841
1213191851
1213191861
1213191871
1213191881
1213191891
1213191901
1213191911
1213191921
1213191931
1213191942
1213191952
1213191962
1213191972
1213191982
1213191992
1213192002
1213192012
1213192022
1213192032
1213192042
1213192052
1213192062
1213192072
1213192082
1213192092
1213192102
1213192113
1213192123
1213192133
1213192143
1213192153
1213192163
1213192173
1213192183
1213192193
1213192203
1213192213
1213192223
1213192233
1213192243
1213192253
1213192263
1213192274
1213192284
1213192294
1213192304
1213192314
1213192324
1213192334
1213192344
1213192354
1213192364
1213192374
1213192384
1213192394
1213192404
1213192414
1213192424
1213192434
1213192445
1213192455
1213192465
1213192475
1213192485
1213192495
1213192505
1213192515
1213192525
1213192535
1213192545
1213192555
1213192565
1213192575
1213192585
1213192595
1213192605
1213192616
1213192626
1213192636
1213192646
1213192656
1213192666
1213192676
1213192686
1213192696
1213192706
1213192716
1213192726
1213192736
1213192746
1213192756
1213192766
1213192776
1213192787
1213192797
1213192807
1213192817
1213192827
1213192837
1213192847
1213192857
1213192867
1213192877
1213192887
1213192897
1213192907
1213192917
1213192927
1213192937
1213192948
1213192958
1213192968
1213192978
1213192988
1213192998
1213193008
1213193018
1213193028
1213193038
1213193048
1213193058
1213193068
1213193078
1213193088
1213193098
1213193108
1213193119
1213193129
1213193139
1213193149
1213193159
1213193169
1213193179
1213193189
1213193199
1213193209
1213193219
1213193229
1213193239
1213193249
1213193259
1213193269
1213193280
1213193290
1213193300
1213193310
1213193320
1213193330
1213193340
1213193350
1213193360
1213193370
1213193380
1213193390
1213193400
1213193410
1213193420
1213193430
1213193440
1213193451
1213193461
1213193471
1213193481
1213193491
1213193501
1213193511
1213193521
1213193531
1213193541
1213193551
1213193561
1213193571
1213193581
1213193591
1213193601
1213193612
1213193622
1213193632
1213193642
1213193652
1213193662
1213193672
1213193682
1213193692
1213193702
1213193712
1213193722
1213193732
1213193742
1213193752
1213193762
1213193772
1213193783
1213193793
1213193803
1213193813
1213193823
1213193833
1213193843
1213193853
1213193863
1213193873
1213193883
1213193893
1213193903
1213193913
1213193923
1213193933
1213193943
1213193954
1213193964
1213193974
1213193984
1213193994
1213194004
1213194014
1213194024
1213194034
1213194044
1213194054
1213194064
1213194074
1213194084
1213194094
1213194104
1213194115
1213194125
1213194135
1213194145
1213194155
1213194165
1213194175
1213194185
1213194195
1213194205
1213194215
1213194225
1213194235
1213194245
1213194255
1213194265
1213194275
1213194286
1213194296
1213194306
1213194316
1213194326
1213194336
1213194346
1213194356
1213194366
1213194376
1213194386
1213194396
1213194406
1213194416
1213194426
1213194436
1213194446
1213194457
1213194467
1213194477
1213194487
1213194497
1213194507
1213194517
1213194527
1213194537
1213194547
1213194557
1213194567
1213194577
1213194587
1213194597
1213194607
1213194618
1213194628
1213194638
1213194648
1213194658
1213194668
1213194678
1213194688
1213194698
1213194708
1213194718
1213194728
1213194738
1213194748
1213194758
1213194768
1213194778
1213194789
1213194799
1213194809
1213194819
1213194829
1213194839
1213194849
1213194859
1213194869
1213194879
1213194889
1213194899
1213194909
1213194919
1213194929
1213194939
1213194949
1213194960
1213194970
1213194980
1213194990
1213195000
1213195010
1213195020
1213195030
1213195040
1213195050
1213195060
1213195070
1213195080
1213195090
1213195100
1213195110
1213195120
1213195131
1213195141
1213195151
1213195161
1213195171
1213195181
1213195191
1213195201
1213195211
1213195221
1213195231
1213195241
1213195251
1213195261
1213195271
1213195281
1213195291
1213195302
1213195312
1213195322
1213195332
1213195342
1213195352
1213195362
1213195372
1213195382
1213195392
1213195402
1213195412
1213195422
1213195432
1213195442
1213195452
1213195462
1213195473
1213195483
1213195493
1213195503
1213195513
1213195523
1213195533
1213195543
1213195553
1213195563
1213195573
1213195583
1213195593
1213195603
1213195613
1213195623
1213195633
1213195644
1213195654
1213195664
1213195674
1213195684
1213195694
1213195704
1213195714
1213195724
1213195734
1213195744
1213195754
1213195764
1213195774
1213195784
1213195794
1213195805
1213195815
1213195825
1213195835
1213195845
1213195855
1213195865
1213195875
1213195885
1213195895
1213195905
1213195915
1213195925
1213195935
1213195945
1213195955
1213195965
1213195976
1213195986
1213195996
1213196006
1213196016
1213196026
1213196036
1213196046
1213196056
1213196066
1213196076
1213196086
1213196096
1213196106
1213196116
1213196126
1213196136
1213196147
1213196157
1213196167
1213196177
1213196187
1213196197
1213196207
1213196217
1213196227
1213196237
1213196247
1213196257
1213196267
1213196277
1213196287
1213196297
1213196308
1213196318
1213196328
1213196338
1213196348
1213196358
1213196368
1213196378
1213196388
1213196398
1213196408
1213196418
1213196428
1213196438
1213196448
1213196458
1213196468
1213196479
1213196489
1213196499
1213196509
1213196519
1213196529
1213196539
1213196549
1213196559
1213196569
1213196579
1213196589
1213196599
1213196609
1213196619
1213196629
1213196639
1213196650
1213196660
1213196670
1213196680
1213196690
1213196700
1213196710
1213196720
1213196730
1213196740
1213196750
1213196760
1213196770
1213196780
1213196790
1213196800
1213196811
1213196821
1213196831
1213196841
1213196851
1213196861
1213196871
1213196881
1213196891
1213196901
1213196911
1213196921
1213196931
1213196941
1213196951
1213196961
1213196971
1213196982
1213196992
1213197002
1213197012
1213197022
1213197032
1213197042
1213197052
1213197062
1213197072
1213197082
1213197092
1213197102
1213197112
1213197122
1213197132
1213197142
1213197153
1213197163
1213197173
1213197183
1213197193
1213197203
1213197213
1213197223
1213197233
1213197243
1213197253
1213197263
1213197273
1213197283
1213197293
1213197303
1213197313
1213197324
1213197334
1213197344
1213197354
1213197364
1213197374
1213197384
1213197394
1213197404
1213197414
1213197424
1213197434
1213197444
1213197454
1213197464
1213197474
1213197485
1213197495
1213197505
1213197515
1213197525
1213197535
1213197545
1213197555
1213197565
1213197575
1213197585
1213197595
1213197605
1213197615
1213197625
1213197635
1213197645
1213197656
1213197666
1213197676
1213197686
1213197696
1213197706
1213197716
1213197726
1213197736
1213197746
1213197756
1213197766
1213197776
1213197786
1213197796
1213197806
1213197816
1213197827
1213197837
1213197847
1213197857
1213197867
1213197877
1213197887
1213197897
1213197907
1213197917
1213197927
1213197937
1213197947
1213197957
1213197967
1213197977
1213197987
1213197998
1213198008
1213198018
1213198028
1213198038
1213198048
1213198058
1213198068
1213198078
1213198088
1213198098
1213198108
1213198118
1213198128
1213198138
1213198148
1213198158
1213198169
1213198179
1213198189
1213198199
1213198209
1213198219
1213198229
1213198239
1213198249
1213198259
1213198269
1213198279
1213198289
1213198299
1213198309
1213198319
1213198329
1213198340
1213198350
1213198360
1213198370
1213198380
1213198390
1213198400
1213198410
1213198420
1213198430
1213198440
1213198450
1213198460
1213198470
1213198480
1213198490
1213198500
1213198510
1213198521
1213198531
1213198541
1213198551
1213198561
1213198571
1213198581
1213198591
1213198601
1213198611
1213198621
1213198631
1213198641
1213198651
1213198661
1213198671
1213198681
1213198692
1213198702
1213198712
1213198722
1213198732
1213198742
1213198752
1213198762
1213198772
1213198782
1213198792
1213198802
1213198812
1213198822
1213198832
1213198842
1213198852
1213198863
1213198873
1213198883
1213198893
1213198903
1213198913
1213198923
1213198933
1213198943
1213198953
1213198963
1213198973
1213198983
1213198993
1213199003
1213199013
1213199023
1213199034
1213199044
1213199054
1213199064
1213199074
1213199084
1213199094
1213199104
1213199114
1213199124
1213199134
1213199144
1213199154
1213199164
1213199174
1213199184
1213199195
1213199205
1213199215
1213199225
1213199235
1213199245
1213199255
1213199265
1213199275
1213199285
1213199295
1213199305
1213199315
1213199325
1213199335
1213199345
1213199355
1213199366
1213199376
1213199386
1213199396
1213199406
1213199416
1213199426
1213199436
1213199446
1213199456
1213199466
1213199476
1213199486
1213199496
1213199506
1213199516
1213199526
1213199537
1213199547
1213199557
1213199567
1213199577
1213199587
1213199597
1213199607
1213199617
1213199627
1213199637
1213199647
1213199657
1213199667
1213199677
1213199687
1213199698
1213199708
1213199718
1213199728
1213199738
1213199748
1213199758
1213199768
1213199778
1213199788
1213199798
1213199808
1213199818
1213199828
1213199838
1213199848
1213199859
1213199869
1213199879
1213199889
1213199899
1213199909
1213199919
1213199929
1213199939
1213199949
1213199959
1213199969
1213199979
1213199989
1213199999
1213200009
1213200019
1213200030
1213200040
1213200050
1213200060
1213200070
1213200080
1213200090
1213200100
1213200110
1213200120
1213200130
1213200140
1213200150
1213200160
1213200170
1213200180
1213200191
1213200201
1213200211
1213200221
1213200231
1213200241
1213200251
1213200261
1213200271
1213200281
1213200291
1213200301
1213200311
1213200321
1213200331
1213200341
1213200351
1213200362
1213200372
1213200382
1213200392
1213200402
1213200412
1213200422
1213200432
1213200442
1213200452
1213200462
1213200472
1213200482
1213200492
1213200502
1213200512
1213200523
1213200533
1213200543
1213200553
1213200563
1213200573
1213200583
1213200593
1213200603
1213200613
1213200623
1213200633
1213200643
1213200653
1213200663
1213200673
1213200683
1213200694
1213200704
1213200714
1213200724
1213200734
1213200744
1213200754
1213200764
1213200774
1213200784
1213200794
1213200804
1213200814
1213200824
1213200834
1213200844
1213200855
1213200865
1213200875
1213200885
1213200895
1213200905
1213200915
1213200925
1213200935
1213200945
1213200955
1213200965
1213200975
1213200985
1213200995
1213201005
1213201016
1213201026
1213201036
1213201046
1213201056
1213201066
1213201076
1213201086
1213201096
1213201106
1213201116
1213201126
1213201136
1213201146
1213201156
1213201166
1213201176
1213201187
1213201197
1213201207
1213201217
1213201227
1213201237
1213201247
1213201257
1213201267
1213201277
1213201287
1213201297
1213201307
1213201317
1213201327
1213201337
1213201348
1213201358
1213201368
1213201378
1213201388
1213201398
1213201408
1213201418
1213201428
1213201438
1213201448
1213201458
1213201468
1213201478
1213201488
1213201498
1213201508
1213201519
1213201529
1213201539
1213201549
1213201559
1213201569
1213201579
1213201589
1213201599
1213201609
1213201619
1213201629
1213201639
1213201649
1213201659
1213201669
1213201679
1213201690
1213201700
1213201710
1213201720
1213201730
1213201740
1213201750
1213201760
1213201770
1213201780
1213201790
1213201800
1213201810
1213201820
1213201830
1213201840
1213201851
1213201861
1213201871
1213201881
1213201891
1213201901
1213201911
1213201921
1213201931
1213201941
1213201951
1213201961
1213201971
1213201981
1213201991
1213202001
1213202011
1213202022
1213202032
1213202042
1213202052
1213202062
1213202072
1213202082
1213202092
1213202102
1213202112
1213202122
1213202132
1213202142
1213202152
1213202162
1213202172
1213202183
1213202193
1213202203
1213202213
1213202223
1213202233
1213202243
1213202253
1213202263
1213202273
1213202283
1213202293
1213202303
1213202313
1213202323
1213202333
1213202343
1213202354
1213202364
1213202374
1213202384
1213202394
1213202404
1213202414
1213202424
1213202434
1213202444
1213202454
1213202464
1213202474
1213202484
1213202494
1213202504
1213202514
1213202525
1213202535
1213202545
1213202555
1213202565
1213202575
1213202585
1213202595
1213202605
1213202615
1213202625
1213202635
1213202645
1213202655
1213202665
1213202675
1213202686
1213202696
1213202706
1213202716
1213202726
1213202736
1213202746
1213202756
1213202766
1213202776
1213202786
1213202796
1213202806
1213202816
1213202826
1213202836
1213202846
1213202857
1213202867
1213202877
1213202887
1213202897
1213202907
1213202917
1213202927
1213202937
1213202947
1213202957
1213202967
1213202977
1213202987
1213202997
1213203007
1213203018
1213203028
1213203038
1213203048
1213203058
1213203068
1213203078
1213203088
1213203098
1213203108
1213203118
1213203128
1213203138
1213203148
1213203158
1213203168
1213203178
1213203189
1213203199
1213203209
1213203219
1213203229
1213203239
1213203249
1213203259
1213203269
1213203279
1213203289
1213203299
1213203309
1213203319
1213203329
1213203339
1213203350
1213203360
1213203370
1213203380
1213203390
1213203400
1213203410
1213203420
1213203430
1213203440
1213203450
1213203460
1213203470
1213203480
1213203490
1213203500
1213203510
1213203521
1213203531
1213203541
1213203551
1213203561
1213203571
1213203581
1213203591
1213203601
1213203611
1213203621
1213203631
1213203641
1213203651
1213203661
1213203671
1213203682
1213203692
1213203702
1213203712
1213203722
1213203732
1213203742
1213203752
1213203762
1213203772
1213203782
1213203792
1213203802
1213203812
1213203822
1213203832
1213203842
1213203853
1213203863
1213203873
1213203883
1213203893
1213203903
1213203913
1213203923
1213203933
1213203943
1213203953
1213203963
1213203973
1213203983
1213203993
1213204003
1213204014
1213204024
1213204034
1213204044
1213204054
1213204064
1213204074
1213204084
1213204094
1213204104
1213204114
1213204124
1213204134
1213204144
1213204154
1213204164
1213204174
1213204185
1213204195
1213204205
1213204215
1213204225
1213204235
1213204245
1213204255
1213204265
1213204275
1213204285
1213204295
1213204305
1213204315
1213204325
1213204335
1213204346
1213204356
1213204366
1213204376
1213204386
1213204396
1213204406
1213204416
1213204426
1213204436
1213204446
1213204456
1213204466
1213204476
1213204486
1213204496
1213204506
1213204517
1213204527
1213204537
1213204547
1213204557
1213204567
1213204577
1213204587
1213204597
1213204607
1213204617
1213204627
1213204637
1213204647
1213204657
1213204667
1213204677
1213204688
1213204698
1213204708
1213204718
1213204728
1213204738
1213204748
1213204758
1213204768
1213204778
1213204788
1213204798
1213204808
1213204818
1213204828
1213204838
1213204849
1213204859
1213204869
1213204879
1213204889
1213204899
1213204909
1213204919
1213204929
1213204939
1213204949
1213204959
1213204969
1213204979
1213204989
1213204999
1213205009
1213205020
1213205030
1213205040
1213205050
1213205060
1213205070
1213205080
1213205090
1213205100
1213205110
1213205120
1213205130
1213205140
1213205150
1213205160
1213205170
1213205181
1213205191
1213205201
1213205211
1213205221
1213205231
1213205241
1213205251
1213205261
1213205271
1213205281
1213205291
1213205301
1213205311
1213205321
1213205331
1213205341
1213205352
1213205362
1213205372
1213205382
1213205392
1213205402
1213205412
1213205422
1213205432
1213205442
1213205452
1213205462
1213205472
1213205482
1213205492
1213205502
1213205512
1213205523
1213205533
1213205543
1213205553
1213205563
1213205573
1213205583
1213205593
1213205603
1213205613
1213205623
1213205633
1213205643
1213205653
1213205663
1213205673
1213205684
1213205694
1213205704
1213205714
1213205724
1213205734
1213205744
1213205754
1213205764
1213205774
1213205784
1213205794
1213205804
1213205814
1213205824
1213205834
1213205844
1213205855
1213205865
1213205875
1213205885
1213205895
1213205905
1213205915
1213205925
1213205935
1213205945
1213205955
1213205965
1213205975
1213205985
1213205995
1213206005
1213206016
1213206026
1213206036
1213206046
1213206056
1213206066
1213206076
1213206086
1213206096
1213206106
1213206116
1213206126
1213206136
1213206146
1213206156
1213206166
1213206176
1213206187
1213206197
1213206207
1213206217
1213206227
1213206237
1213206247
1213206257
1213206267
1213206277
1213206287
1213206297
1213206307
1213206317
1213206327
1213206337
1213206348
1213206358
1213206368
1213206378
1213206388
1213206398
1213206408
1213206418
1213206428
1213206438
1213206448
1213206458
1213206468
1213206478
1213206488
1213206498
1213206508
1213206519
1213206529
1213206539
1213206549
1213206559
1213206569
1213206579
1213206589
1213206599
1213206609
1213206619
1213206629
1213206639
1213206649
1213206659
1213206669
1213206679
1213206690
1213206700
1213206710
1213206720
1213206730
1213206740
1213206750
1213206760
1213206770
1213206780
1213206790
1213206800
1213206810
1213206820
1213206830
1213206840
1213206851
1213206861
1213206871
1213206881
1213206891
1213206901
1213206911
1213206921
1213206931
1213206941
1213206951
1213206961
1213206971
1213206981
1213206991
1213207001
1213207011
1213207022
1213207032
1213207042
1213207052
1213207062
1213207072
1213207082
1213207092
1213207102
1213207112
1213207122
1213207132
1213207142
1213207152
1213207162
1213207172
1213207183
1213207193
1213207203
1213207213
1213207223
1213207233
1213207243
1213207253
1213207263
1213207273
1213207283
1213207293
1213207303
1213207313
1213207323
1213207333
1213207343
1213207354
1213207364
1213207374
1213207384
1213207394
1213207404
1213207414
1213207424
1213207434
1213207444
1213207454
1213207464
1213207474
1213207484
1213207494
1213207504
1213207514
1213207525
1213207535
1213207545
1213207555
1213207565
1213207575
1213207585
1213207595
1213207605
1213207615
1213207625
1213207635
1213207645
1213207655
1213207665
1213207675
1213207686
1213207696
1213207706
1213207716
1213207726
1213207736
1213207746
1213207756
1213207766
1213207776
1213207786
1213207796
1213207806
1213207816
1213207826
1213207836
1213207846
1213207857
1213207867
1213207877
1213207887
1213207897
1213207907
1213207917
1213207927
1213207937
1213207947
1213207957
1213207967
1213207977
1213207987
1213207997
1213208007
1213208018
1213208028
1213208038
1213208048
1213208058
1213208068
1213208078
1213208088
1213208098
1213208108
1213208118
1213208128
1213208138
1213208148
1213208158
1213208168
1213208179
1213208189
1213208199
1213208209
1213208219
1213208229
1213208239
1213208249
1213208259
1213208269
1213208279
1213208289
1213208299
1213208309
1213208319
1213208329
1213208339
1213208350
1213208360
1213208370
1213208380
1213208390
1213208400
1213208410
1213208420
1213208430
1213208440
1213208450
1213208460
1213208470
1213208480
1213208490
1213208500
1213208511
1213208521
1213208531
1213208541
1213208551
1213208561
1213208571
1213208581
1213208591
1213208601
1213208611
1213208621
1213208631
1213208641
1213208651
1213208661
1213208672
1213208682
1213208692
1213208702
1213208712
1213208722
1213208732
1213208742
1213208752
1213208762
1213208772
1213208782
1213208792
1213208802
1213208812
1213208822
1213208832
1213208843
1213208853
1213208863
1213208873
1213208883
1213208893
1213208903
1213208913
1213208923
1213208933
1213208943
1213208953
1213208963
1213208973
1213208983
1213208993
1213209004
1213209014
1213209024
1213209034
1213209044
1213209054
1213209064
1213209074
1213209084
1213209094
1213209104
1213209114
1213209124
1213209134
1213209144
1213209154
1213209164
1213209175
1213209185
1213209195
1213209205
1213209215
1213209225
1213209235
1213209245
1213209255
1213209265
1213209275
1213209285
1213209295
1213209305
1213209315
1213209325
1213209335
1213209346
1213209356
1213209366
1213209376
1213209386
1213209396
1213209406
1213209416
1213209426
1213209436
1213209446
1213209456
1213209466
1213209476
1213209486
1213209496
1213209506
1213209517
1213209527
1213209537
1213209547
1213209557
1213209567
1213209577
1213209587
1213209597
1213209607
1213209617
1213209627
1213209637
1213209647
1213209657
1213209667
1213209678
1213209688
1213209698
1213209708
1213209718
1213209728
1213209738
1213209748
1213209758
1213209768
1213209778
1213209788
1213209798
1213209808
1213209818
1213209828
1213209839
1213209849
1213209859
1213209869
1213209879
1213209889
1213209899
1213209909
1213209919
1213209929
1213209939
1213209949
1213209959
1213209969
1213209979
1213209989
1213209999
1213210010
1213210020
1213210030
1213210040
1213210050
1213210060
1213210070
1213210080
1213210090
1213210100
1213210110
1213210120
1213210130
1213210140
1213210150
1213210160
1213210171
1213210181
1213210191
1213210201
1213210211
1213210221
1213210231
1213210241
1213210251
1213210261
1213210271
1213210281
1213210291
1213210301
1213210311
1213210321
1213210331
1213210342
1213210352
1213210362
1213210372
1213210382
1213210392
1213210402
1213210412
1213210422
1213210432
1213210442
1213210452
1213210462
1213210472
1213210482
1213210492
1213210503
1213210513
1213210523
1213210533
1213210543
1213210553
1213210563
1213210573
1213210583
1213210593
1213210603
1213210613
1213210623
1213210633
1213210643
1213210653
1213210663
1213210674
1213210684
1213210694
1213210704
1213210714
1213210724
1213210734
1213210744
1213210754
1213210764
1213210774
1213210784
1213210794
1213210804
1213210814
1213210824
1213210834
1213210845
1213210855
1213210865
1213210875
1213210885
1213210895
1213210905
1213210915
1213210925
1213210935
1213210945
1213210955
1213210965
1213210975
1213210985
1213210995
1213211006
1213211016
1213211026
1213211036
1213211046
1213211056
1213211066
1213211076
1213211086
1213211096
1213211106
1213211116
1213211126
1213211136
1213211146
1213211156
1213211166
1213211177
1213211187
1213211197
1213211207
1213211217
1213211227
1213211237
1213211247
1213211257
1213211267
1213211277
1213211287
1213211297
1213211307
1213211317
1213211327
1213211337
1213211348
1213211358
1213211368
1213211378
1213211388
1213211398
1213211408
1213211418
1213211428
1213211438
1213211448
1213211458
1213211468
1213211478
1213211488
1213211498
1213211509
1213211519
1213211529
1213211539
1213211549
1213211559
1213211569
1213211579
1213211589
1213211599
1213211609
1213211619
1213211629
1213211639
1213211649
1213211659
1213211669
1213211680
1213211690
1213211700
1213211710
1213211720
1213211730
1213211740
1213211750
1213211760
1213211770
1213211780
1213211790
1213211800
1213211810
1213211820
1213211830
1213211841
1213211851
1213211861
1213211871
1213211881
1213211891
1213211901
1213211911
1213211921
1213211931
1213211941
1213211951
1213211961
1213211971
1213211981
1213211991
1213212001
1213212012
1213212022
1213212032
1213212042
1213212052
1213212062
1213212072
1213212082
1213212092
1213212102
1213212112
1213212122
1213212132
1213212142
1213212152
1213212162
1213212172
1213212183
1213212193
1213212203
1213212213
1213212223
1213212233
1213212243
1213212253
1213212263
1213212273
1213212283
1213212293
1213212303
1213212313
1213212323
1213212333
1213212343
1213212354
1213212364
1213212374
1213212384
1213212394
1213212404
1213212414
1213212424
1213212434
1213212444
1213212454
1213212464
1213212474
1213212484
1213212494
1213212504
1213212514
1213212525
1213212535
1213212545
1213212555
1213212565
1213212575
1213212585
1213212595
1213212605
1213212615
1213212625
1213212635
1213212645
1213212655
1213212665
1213212675
1213212685
1213212696
1213212706
1213212716
1213212726
1213212736
1213212746
1213212756
1213212766
1213212776
1213212786
1213212796
1213212806
1213212816
1213212826
1213212836
1213212846
1213212856
1213212867
1213212877
1213212887
1213212897
1213212907
1213212917
1213212927
1213212937
1213212947
1213212957
1213212967
1213212977
1213212987
1213212997
1213213007
1213213017
1213213027
1213213038
1213213048
1213213058
1213213068
1213213078
1213213088
1213213098
1213213108
1213213118
1213213128
1213213138
1213213148
1213213158
1213213168
1213213178
1213213188
1213213198
1213213209
1213213219
1213213229
1213213239
1213213249
1213213259
1213213269
1213213279
1213213289
1213213299
1213213309
1213213319
1213213329
1213213339
1213213349
1213213359
1213213369
1213213380
1213213390
1213213400
1213213410
1213213420
1213213430
1213213440
1213213450
1213213460
1213213470
1213213480
1213213490
1213213500
1213213510
1213213520
1213213530
1213213540
1213213551
1213213561
1213213571
1213213581
1213213591
1213213601
1213213611
1213213621
1213213631
1213213641
1213213651
1213213661
1213213671
1213213681
1213213691
1213213701
1213213712
1213213722
1213213732
1213213742
1213213752
1213213762
1213213772
1213213782
1213213792
1213213802
1213213812
1213213822
1213213832
1213213842
1213213852
1213213862
1213213872
1213213883
1213213893
1213213903
1213213913
1213213923
1213213933
1213213943
1213213953
1213213963
1213213973
1213213983
1213213993
1213214003
1213214013
1213214023
1213214033
1213214043
1213214054
1213214064
1213214074
1213214084
1213214094
1213214104
1213214114
1213214124
1213214134
1213214144
1213214154
1213214164
1213214174
1213214184
1213214194
1213214204
1213214214
1213214225
1213214235
1213214245
1213214255
1213214265
1213214275
1213214285
1213214295
1213214305
1213214315
1213214325
1213214335
1213214345
1213214355
1213214365
1213214375
1213214385
1213214396
1213214406
1213214416
1213214426
1213214436
1213214446
1213214456
1213214466
1213214476
1213214486
1213214496
1213214506
1213214516
1213214526
1213214536
1213214546
1213214556
1213214567
1213214577
1213214587
1213214597
1213214607
1213214617
1213214627
1213214637
1213214647
1213214657
1213214667
1213214677
1213214687
1213214697
1213214707
1213214717
1213214727
1213214738
1213214748
1213214758
1213214768
1213214778
1213214788
1213214798
1213214808
1213214818
1213214828
1213214838
1213214848
1213214858
1213214868
1213214878
1213214888
1213214898
1213214909
1213214919
1213214929
1213214939
1213214949
1213214959
1213214969
1213214979
1213214989
1213214999
1213215009
1213215019
1213215029
1213215039
1213215049
1213215059
1213215070
1213215080
1213215090
1213215100
1213215110
1213215120
1213215130
1213215140
1213215150
1213215160
1213215170
1213215180
1213215190
1213215200
1213215210
1213215220
1213215230
1213215241
