X,Y,Z
0.22926853597164154,-0.6684802174568176,0.28303301334381104
0.4601196050643921,-0.6682656407356262,0.2386879175901413
0.7237579226493835,-0.8737865686416626,0.16764862835407257
0.9757373332977295,-1.1778000593185425,0.05120878294110298
1.1694554090499878,-1.373369812965393,-0.14580626785755157
1.2409234046936035,-1.449933648109436,-0.4253990948200226
1.1632275581359863,-1.3719913959503174,-0.6292643547058105
0.9268823266029358,-0.9372192621231079,-0.7142103910446167
0.6077283024787903,-0.3147309422492981,-0.6562615633010864
0.21082113683223724,0.5085788369178772,-0.5363203883171082
-0.28894710540771484,1.0495641231536865,-0.5044212937355042
-0.836715817451477,0.749687135219574,-0.7732024788856506
-1.3800400495529175,0.15227939188480377,-1.1824299097061157
-1.9664363861083984,0.08209356665611267,-1.0394294261932373
-2.5312132835388184,0.5132836103439331,-0.3742508590221405
-2.9490034580230713,0.9459189176559448,0.26960885524749756
-3.2782599925994873,1.4113539457321167,0.5998365879058838
-3.8465192317962646,1.675276279449463,0.6676468253135681
-4.61967134475708,1.5356065034866333,0.5364102721214294
-5.3981828689575195,1.1285244226455688,0.353680819272995
-5.924553394317627,0.5627107620239258,0.04009919613599777
-6.0958251953125,0.13407999277114868,-0.4128098487854004
-5.984205722808838,0.18462252616882324,-0.9062208533287048
-5.91312837600708,0.5540067553520203,-1.5205270051956177
-6.151210308074951,0.8600736856460571,-2.195795774459839
-6.53305721282959,0.8014386296272278,-2.738337278366089
-6.890522003173828,0.31453368067741394,-3.3869807720184326
-7.073245525360107,-0.512713611125946,-4.10859489440918
-7.104887962341309,-1.366045594215393,-4.805344104766846
-7.075809001922607,-2.324030637741089,-5.35524320602417
-6.969648361206055,-3.3644819259643555,-5.780958652496338
-6.623141288757324,-4.268002986907959,-6.084327697753906
-6.003481388092041,-5.32247257232666,-6.326620101928711
-5.128048419952393,-6.474905490875244,-6.668237209320068
-4.055398464202881,-7.8076629638671875,-7.133273124694824
-2.8365626335144043,-8.620227813720703,-7.517088890075684
-1.856324315071106,-8.844664573669434,-7.8431315422058105
-1.323846697807312,-8.125243186950684,-8.10555648803711
-1.467140555381775,-6.638449192047119,-8.421154975891113
-2.1053531169891357,-4.262340068817139,-8.889941215515137
-2.560429573059082,-1.8526220321655273,-9.674477577209473
-2.5839784145355225,-0.18831057846546173,-10.615503311157227
-1.9611289501190186,0.36217838525772095,-11.675025939941406
-1.0372952222824097,0.03483601659536362,-12.723427772521973
-0.3377837836742401,-0.5159858465194702,-13.638511657714844
-0.12773998081684113,-0.8912359476089478,-14.40605640411377
-0.44669535756111145,-0.8516147136688232,-15.0455904006958
-0.9731341004371643,-0.5598280429840088,-15.52160358428955
-1.3441779613494873,-0.5297593474388123,-15.82004165649414
-1.3317745923995972,-1.1360505819320679,-15.977197647094727
-1.2183245420455933,-2.111137628555298,-15.99956226348877
-1.3143017292022705,-2.9456965923309326,-15.701776504516602
-1.561643362045288,-3.474954605102539,-15.057182312011719
-1.8025575876235962,-3.5933101177215576,-14.137008666992188
-1.9276801347732544,-3.5152409076690674,-13.070051193237305
-1.8327454328536987,-3.1953067779541016,-11.802274703979492
-1.4367313385009766,-2.738740921020508,-10.543106079101562
-0.7908437848091125,-2.3025898933410645,-9.391667366027832
0.263642817735672,-1.759299874305725,-8.37023639678955
1.8492710590362549,-1.107108473777771,-7.548167705535889
3.7411580085754395,-0.2601049542427063,-6.868355751037598
5.721858978271484,0.5827222466468811,-6.321077346801758
7.727608680725098,1.648214340209961,-5.978583335876465
9.78650188446045,2.5632572174072266,-5.863003730773926
11.770350456237793,3.056722640991211,-6.167470455169678
13.585014343261719,2.9756531715393066,-6.837957859039307
14.866290092468262,2.2155799865722656,-7.71607780456543
15.385692596435547,1.1445164680480957,-8.631685256958008
15.029607772827148,0.13284222781658173,-9.538501739501953
14.011727333068848,-0.4825708568096161,-10.165283203125
12.838315963745117,-0.7986622452735901,-10.359293937683105
12.120046615600586,-1.2564510107040405,-10.764799118041992
11.932518005371094,-2.2244033813476562,-11.002185821533203
11.942424774169922,-3.7229018211364746,-11.357752799987793
11.820905685424805,-5.263704299926758,-11.773797988891602
11.165708541870117,-6.242059230804443,-11.912925720214844
10.243939399719238,-5.883964538574219,-11.082253456115723
8.905533790588379,-4.862939834594727,-9.176345825195312
7.349222660064697,-4.230915546417236,-7.63895845413208
6.260319232940674,-4.226893901824951,-6.787807941436768
5.526055812835693,-4.897002696990967,-6.534027099609375
4.946752071380615,-5.875057220458984,-6.924839973449707
4.251443862915039,-6.584174156188965,-7.752261638641357
3.0832293033599854,-6.3185343742370605,-9.045802116394043
1.3262503147125244,-4.547250747680664,-10.429428100585938
-0.6542900800704956,-1.1745941638946533,-11.192408561706543
-2.47526216506958,2.3953256607055664,-11.059706687927246
-3.9326488971710205,4.826337814331055,-10.480342864990234
-4.916825294494629,5.861728191375732,-10.138418197631836
-5.469654083251953,5.54142951965332,-10.299168586730957
-5.626858234405518,4.455136775970459,-10.806344032287598
-5.505334377288818,3.00852370262146,-11.589531898498535
-4.854578971862793,1.6442683935165405,-12.351020812988281
-3.828191041946411,0.5751534700393677,-12.788637161254883
-2.72869610786438,0.13537052273750305,-12.996062278747559
-1.8708915710449219,0.43678298592567444,-13.093271255493164
-1.3386479616165161,1.3264929056167603,-13.207145690917969
-0.928504467010498,2.46704363822937,-13.490580558776855
-0.4834979474544525,3.3515114784240723,-13.869791030883789
0.23471657931804657,3.6836042404174805,-14.482951164245605
1.2272226810455322,3.547513008117676,-15.157559394836426
2.242626905441284,3.0727033615112305,-15.922966957092285
3.1880669593811035,2.664874792098999,-16.764236450195312
3.9134938716888428,2.485787868499756,-17.448627471923828
4.421723365783691,2.770692825317383,-17.941146850585938
4.560173988342285,3.498400926589966,-18.271265029907227
4.31684684753418,4.470681190490723,-18.441246032714844
4.089897155761719,5.900529384613037,-18.546344757080078
3.8352854251861572,7.152336120605469,-18.537097930908203
3.65753173828125,7.330488681793213,-18.473283767700195
3.7403416633605957,6.038464069366455,-18.202800750732422
3.9421164989471436,3.340660333633423,-17.537715911865234
3.986145496368408,0.29906365275382996,-16.579004287719727
3.6754837036132812,-1.8217763900756836,-15.682684898376465
3.324287176132202,-2.887566566467285,-15.292601585388184
2.7342588901519775,-3.2790298461914062,-15.556180000305176
1.9296445846557617,-3.6164748668670654,-15.893524169921875
1.011805534362793,-4.7291460037231445,-16.29245376586914
0.05914229154586792,-6.136301517486572,-16.778413772583008
-0.7741602063179016,-6.846121788024902,-16.553524017333984
-1.862334132194519,-7.2243499755859375,-15.647679328918457
-2.631601333618164,-7.352956295013428,-14.351799964904785
-2.769019603729248,-7.542007923126221,-12.868905067443848
-2.056023120880127,-7.597507953643799,-11.39666748046875
-0.5560811161994934,-7.448678493499756,-9.928642272949219
1.1401989459991455,-7.069967746734619,-8.63382339477539
2.1572299003601074,-6.857114315032959,-7.859652042388916
2.3519487380981445,-6.5162529945373535,-7.551544189453125
1.6156131029129028,-5.495871067047119,-7.540413856506348
-0.002077527344226837,-4.592624187469482,-7.745640277862549
-1.2235333919525146,-3.7113497257232666,-7.8794450759887695
-1.2372835874557495,-2.5976450443267822,-7.671095848083496
-0.2883995473384857,-1.438638687133789,-7.0754923820495605
1.1632417440414429,-0.10693711042404175,-6.5781779289245605
2.5580968856811523,1.4443776607513428,-6.5084686279296875
3.5658152103424072,2.7295758724212646,-6.835155963897705
4.258626937866211,3.535968065261841,-7.553507328033447
4.807183742523193,3.7964377403259277,-8.435558319091797
5.479363441467285,3.786585569381714,-9.285776138305664
6.131067276000977,3.8519184589385986,-10.056191444396973
6.630569934844971,4.219221115112305,-10.92344856262207
7.159627914428711,4.700292110443115,-11.937006950378418
7.853305816650391,4.68735933303833,-13.176332473754883
8.64977741241455,3.8123855590820312,-14.355400085449219
9.49516773223877,2.3062028884887695,-15.529336929321289
9.928133010864258,0.6143852472305298,-16.70892333984375
9.823554992675781,-1.1675273180007935,-17.525794982910156
9.368926048278809,-2.6502950191497803,-17.83671760559082
8.798921585083008,-3.6554641723632812,-17.40340232849121
8.509467124938965,-4.237799167633057,-16.13833236694336
8.649018287658691,-4.518728256225586,-14.451314926147461
9.100703239440918,-4.479637622833252,-12.518216133117676
9.81803035736084,-3.7549667358398438,-10.387188911437988
10.657681465148926,-1.9710103273391724,-8.375553131103516
11.575057983398438,0.6220211982727051,-6.860507965087891
12.382014274597168,2.993410587310791,-6.0854387283325195
13.539048194885254,4.657758712768555,-6.432200908660889
14.91018295288086,4.915760517120361,-7.083508491516113
16.256750106811523,3.428041934967041,-7.943999767303467
17.122026443481445,1.1685587167739868,-8.61387825012207
17.008092880249023,-0.4731653332710266,-8.7559232711792
16.086956024169922,-1.0376169681549072,-8.67258071899414
15.083610534667969,-0.6485558152198792,-8.686223983764648
14.060311317443848,0.041893862187862396,-8.68613052368164
13.051072120666504,0.20011651515960693,-8.741775512695312
12.273482322692871,-0.28714773058891296,-8.82213306427002
11.561039924621582,-0.9832916855812073,-8.70201587677002
10.681722640991211,-1.6072864532470703,-8.17023754119873
9.741761207580566,-1.9523799419403076,-7.360701560974121
8.859318733215332,-1.7321140766143799,-6.514054298400879
8.107851028442383,-1.1403934955596924,-5.992874622344971
7.692793846130371,-0.6155112981796265,-5.957367420196533
7.549123287200928,-0.32790935039520264,-6.4073686599731445
7.526420593261719,-0.14385518431663513,-7.033332347869873
7.2744364738464355,0.15888842940330505,-7.600662708282471
6.6818766593933105,0.687290608882904,-8.161542892456055
5.853161334991455,1.5494476556777954,-8.716586112976074
4.842140197753906,2.719071388244629,-9.137173652648926
3.712864875793457,3.9895856380462646,-9.337737083435059
2.5522403717041016,5.1095781326293945,-9.502418518066406
1.7230228185653687,5.916865825653076,-9.796611785888672
1.3931045532226562,6.043412208557129,-10.174811363220215
2.020249128341675,5.500930309295654,-10.804101943969727
3.3343987464904785,4.413229942321777,-11.498518943786621
4.453797817230225,2.9698173999786377,-11.807475090026855
5.1831817626953125,1.9922786951065063,-11.751545906066895
5.599034309387207,1.862973690032959,-11.383899688720703
5.843050479888916,1.9045242071151733,-10.881699562072754
6.098974704742432,1.9672977924346924,-10.422545433044434
6.340476989746094,1.8603768348693848,-10.069636344909668
6.670046806335449,1.5672203302383423,-9.854045867919922
7.144496440887451,1.0171186923980713,-9.75749397277832
7.671396255493164,0.3904390037059784,-9.698384284973145
8.133801460266113,-0.08803646266460419,-9.652677536010742
8.396507263183594,-0.3367895483970642,-9.688547134399414
8.584223747253418,-0.5191371440887451,-9.851383209228516
8.890022277832031,-0.7929835915565491,-10.241938591003418
9.047609329223633,-1.0829424858093262,-11.02796745300293
8.89367961883545,-1.0510574579238892,-12.14176082611084
8.49619197845459,-0.9325186610221863,-13.515543937683105
7.86650276184082,-0.3699711561203003,-14.932443618774414
7.034224987030029,0.7999128103256226,-15.931708335876465
6.45470666885376,2.2627246379852295,-16.345531463623047
6.376730442047119,3.1144864559173584,-16.271608352661133
6.406520843505859,3.007270574569702,-15.85980224609375
6.0878424644470215,1.5139291286468506,-15.63689136505127
5.775686740875244,-0.7682932019233704,-15.585569381713867
5.552320957183838,-3.150712251663208,-15.80742073059082
4.819538593292236,-4.1349992752075195,-16.44439697265625
3.3109664916992188,-4.2185845375061035,-17.189748764038086
1.326711893081665,-3.96530818939209,-17.438730239868164
-0.38133081793785095,-3.8964171409606934,-16.986013412475586
-0.8079231381416321,-5.138224124908447,-16.61663246154785
-0.5714895129203796,-6.275393486022949,-15.971073150634766
-0.3873833417892456,-6.979488372802734,-14.979236602783203
-0.13965043425559998,-7.646495819091797,-14.003292083740234
0.28752702474594116,-8.436982154846191,-13.039012908935547
0.6783968210220337,-8.625269889831543,-11.995943069458008
0.9337734580039978,-8.316486358642578,-10.871906280517578
1.3114354610443115,-8.059070587158203,-9.847146034240723
2.0556719303131104,-7.590421676635742,-9.024275779724121
2.783358573913574,-6.913636207580566,-8.467005729675293
2.9267561435699463,-6.041854381561279,-8.072698593139648
2.702493906021118,-4.964099407196045,-7.807596206665039
2.4973766803741455,-4.214190483093262,-7.598868370056152
2.4253015518188477,-3.9424641132354736,-7.389987468719482
2.554033041000366,-3.809821844100952,-7.300393104553223
2.8312129974365234,-3.5189006328582764,-7.262536525726318
3.211251735687256,-2.883908271789551,-7.266120433807373
3.6194262504577637,-1.9200069904327393,-7.512914180755615
4.034444332122803,-0.8603777885437012,-8.036727905273438
4.496832370758057,0.14537426829338074,-8.987174987792969
4.954434871673584,0.8260129690170288,-10.321603775024414
5.41561222076416,1.0638766288757324,-11.961673736572266
5.701586723327637,1.1823477745056152,-13.478647232055664
5.630420207977295,1.2722039222717285,-14.756730079650879
5.448989391326904,1.2562612295150757,-15.821847915649414
5.3343505859375,1.0561045408248901,-16.597139358520508
5.214085578918457,0.727581799030304,-17.15159034729004
5.013728618621826,0.07417595386505127,-17.423477172851562
4.851988792419434,-0.7800508141517639,-17.289735794067383
4.713528633117676,-1.766190767288208,-16.75226593017578
4.697059154510498,-2.560336112976074,-15.798105239868164
4.904045581817627,-3.2642807960510254,-14.50340747833252
5.405211448669434,-3.826395273208618,-13.043607711791992
6.089508056640625,-3.967953681945801,-11.462823867797852
6.710417747497559,-3.26737380027771,-9.947489738464355
7.325987339019775,-1.9075820446014404,-8.593490600585938
8.377166748046875,0.2105264663696289,-7.744753837585449
9.187877655029297,1.9030966758728027,-7.129696369171143
9.919434547424316,2.9771602153778076,-7.130672931671143
10.787123680114746,3.5529699325561523,-7.47034215927124
11.538841247558594,3.173543930053711,-8.005254745483398
12.11251163482666,2.012957811355591,-8.514662742614746
12.354989051818848,0.9968271255493164,-8.800311088562012
12.34048843383789,0.3839610517024994,-8.862832069396973
12.267438888549805,0.2544161081314087,-8.695188522338867
12.175701141357422,0.34582507610321045,-8.569318771362305
12.047593116760254,0.2841619551181793,-8.573671340942383
11.895000457763672,-0.22247909009456635,-8.675390243530273
11.695137977600098,-1.230463981628418,-8.835250854492188
11.358871459960938,-2.867694854736328,-8.846763610839844
10.908333778381348,-4.683481216430664,-8.574172973632812
10.34598159790039,-6.155045986175537,-7.817440509796143
9.555750846862793,-7.151470184326172,-6.750493049621582
8.534964561462402,-7.766881465911865,-5.712783336639404
7.479977130889893,-8.136957168579102,-5.0368218421936035
6.521156311035156,-8.353002548217773,-4.797250270843506
5.575634002685547,-8.382438659667969,-5.0631794929504395
4.397457599639893,-7.9790568351745605,-5.719141006469727
2.905581474304199,-7.141417980194092,-6.519117832183838
1.298589825630188,-5.761314392089844,-7.445411682128906
-0.21491077542304993,-3.679041862487793,-8.05771541595459
-1.5987632274627686,-1.5896812677383423,-8.124627113342285
-2.6355245113372803,-0.20537115633487701,-7.659422874450684
-3.4820973873138428,0.2452983558177948,-6.896913528442383
-4.3361945152282715,-0.04109799861907959,-6.320517539978027
-5.289107799530029,-0.6727563142776489,-6.069121837615967
-6.3737311363220215,-1.247309684753418,-6.1418585777282715
-7.624643325805664,-1.414208173751831,-6.462106704711914
-8.948366165161133,-0.8062838912010193,-7.2089738845825195
-10.224736213684082,0.7294645309448242,-8.184675216674805
-11.277386665344238,3.232151746749878,-9.429100036621094
-11.723152160644531,6.452648639678955,-10.97679328918457
-11.168524742126465,9.8572359085083,-12.813933372497559
-9.469858169555664,12.419593811035156,-13.994926452636719
-6.429333686828613,13.782830238342285,-14.681990623474121
-2.71242618560791,13.385674476623535,-14.882365226745605
0.5793113112449646,11.586268424987793,-14.910533905029297
3.0306413173675537,9.316495895385742,-14.952698707580566
4.467396259307861,7.192324161529541,-14.939153671264648
4.872344970703125,5.6355109214782715,-14.91518497467041
4.591165065765381,4.607423782348633,-14.852964401245117
4.275205612182617,4.086653232574463,-14.774004936218262
4.288555145263672,3.766883373260498,-14.862079620361328
4.502711772918701,3.6468253135681152,-15.026878356933594
4.881657600402832,3.90136456489563,-15.214466094970703
5.340286731719971,4.4579362869262695,-15.441219329833984
5.480368614196777,4.809546947479248,-15.729835510253906
5.14004373550415,5.1255879402160645,-16.00148582458496
4.683222770690918,5.014247894287109,-15.906521797180176
4.208738803863525,4.54038143157959,-15.331839561462402
3.828138589859009,3.450878858566284,-14.720680236816406
3.792271375656128,1.6909581422805786,-14.328585624694824
4.009660720825195,-0.4275089204311371,-14.326943397521973
4.018813610076904,-2.327894449234009,-14.943609237670898
3.2786777019500732,-3.6474545001983643,-16.02822494506836
1.7668492794036865,-4.070068359375,-17.179840087890625
-0.08039245009422302,-4.223483562469482,-17.819297790527344
-1.631072998046875,-4.684575080871582,-18.102041244506836
-2.5254316329956055,-5.676731109619141,-17.689533233642578
-2.9103245735168457,-6.506817817687988,-16.8226261138916
-2.673090934753418,-7.622576713562012,-15.646011352539062
-1.9531441926956177,-9.085719108581543,-14.376680374145508
-0.8253686428070068,-10.28316879272461,-13.13985538482666
0.3691651225090027,-10.465303421020508,-11.98151683807373
1.2649160623550415,-9.660175323486328,-10.8641996383667
1.6108006238937378,-8.333556175231934,-9.770856857299805
1.4857295751571655,-6.393105983734131,-8.665314674377441
0.9858561158180237,-4.280317783355713,-7.633386611938477
0.6148407459259033,-2.604443311691284,-6.684144496917725
0.5150914788246155,-1.3912774324417114,-5.9753546714782715
0.5056726336479187,-0.7585955858230591,-5.664031028747559
0.6794077754020691,-0.34587326645851135,-5.760118007659912
1.0203654766082764,-0.034869059920310974,-6.085491180419922
1.670154094696045,0.1079312339425087,-6.612950325012207
2.5214784145355225,0.311273455619812,-7.066958427429199
3.1996896266937256,0.8087327480316162,-7.480721473693848
3.601417303085327,1.7868223190307617,-8.014250755310059
3.9051361083984375,3.1442930698394775,-8.77369499206543
4.452389717102051,4.435828685760498,-9.828978538513184
5.370570659637451,5.152101516723633,-11.194693565368652
6.500467777252197,5.245744228363037,-12.849398612976074
7.638397693634033,4.479192733764648,-14.526102066040039
8.368306159973145,3.103226900100708,-16.114988327026367
8.443389892578125,1.2996423244476318,-17.5369930267334
7.780431270599365,-0.2099851369857788,-18.515310287475586
6.462393760681152,-1.1245198249816895,-18.848888397216797
4.808124542236328,-1.322033166885376,-18.359174728393555
3.5455353260040283,-1.135116457939148,-17.337743759155273
3.0035221576690674,-1.2564494609832764,-15.957756996154785
3.143540859222412,-1.7436106204986572,-14.419675827026367
3.7922635078430176,-2.524101972579956,-12.850683212280273
4.527043342590332,-3.0649356842041016,-11.168926239013672
5.31719446182251,-2.68300724029541,-9.48249340057373
6.267881870269775,-1.3055243492126465,-7.831552028656006
7.429242134094238,0.47859781980514526,-6.19245719909668
8.764259338378906,2.1719586849212646,-5.119991779327393
10.24692153930664,3.9731760025024414,-4.737308025360107
11.775615692138672,5.2175164222717285,-4.919826507568359
13.462904930114746,5.179531574249268,-5.677910327911377
15.188519477844238,3.891664743423462,-6.645102024078369
16.736108779907227,1.6737940311431885,-7.595855236053467
17.642406463623047,-0.6591010689735413,-8.185418128967285
17.62175750732422,-2.1072309017181396,-8.66653823852539
16.818567276000977,-2.2904419898986816,-8.84255313873291
15.658363342285156,-1.7976983785629272,-9.124564170837402
14.477011680603027,-1.5253645181655884,-9.62182331085205
13.282962799072266,-2.0496575832366943,-10.183331489562988
12.102783203125,-2.991787910461426,-10.652355194091797
10.918161392211914,-3.475736141204834,-10.30470085144043
9.474452018737793,-3.383798360824585,-9.044947624206543
7.659735202789307,-3.1848256587982178,-7.544155597686768
6.417327880859375,-2.941654682159424,-6.069143295288086
6.032622814178467,-3.0677170753479004,-5.125739097595215
6.249823570251465,-3.7488555908203125,-5.094878196716309
6.839257717132568,-4.547003746032715,-5.747989177703857
7.134078502655029,-4.8170695304870605,-6.763543128967285
6.6355156898498535,-4.192426681518555,-7.798724174499512
5.438067436218262,-2.907024621963501,-8.502016067504883
3.810920476913452,-1.435901165008545,-8.973700523376465
2.2119131088256836,-0.1563461273908615,-9.399538040161133
0.7424481511116028,0.7453605532646179,-9.744362831115723
-0.6411654949188232,1.2868857383728027,-10.107386589050293
-1.8836162090301514,1.5960421562194824,-10.514129638671875
-2.854933023452759,1.9573792219161987,-11.183588027954102
-3.507627010345459,2.219759941101074,-11.945795059204102
-3.460613250732422,2.374159574508667,-12.769991874694824
-2.590423345565796,2.365062952041626,-13.4203519821167
-1.108654499053955,2.3537464141845703,-13.60651969909668
0.506847083568573,2.9318532943725586,-13.717720031738281
1.758217453956604,4.199104309082031,-13.425616264343262
2.544450521469116,5.442535400390625,-13.017420768737793
3.370791435241699,6.170947551727295,-12.65231704711914
4.370643615722656,5.970085620880127,-12.340574264526367
5.535884857177734,4.933487415313721,-12.167096138000488
6.752130031585693,3.4340150356292725,-12.060571670532227
7.626481056213379,2.0821237564086914,-12.084870338439941
7.993725299835205,1.2818495035171509,-12.144845962524414
7.981566905975342,1.1395078897476196,-12.167590141296387
8.066973686218262,1.2012516260147095,-12.275962829589844
8.42851734161377,1.2248464822769165,-12.611824989318848
8.778836250305176,1.3554903268814087,-13.2293119430542
8.885416030883789,1.8419687747955322,-14.106918334960938
8.914708137512207,2.590790271759033,-15.040993690490723
8.919819831848145,3.452347993850708,-15.897147178649902
8.8285493850708,4.071187973022461,-16.3792724609375
8.476133346557617,4.424929141998291,-16.23041343688965
8.049185752868652,4.276669979095459,-15.598037719726562
7.644087314605713,3.2362780570983887,-14.875276565551758
7.435300350189209,1.4335213899612427,-14.551461219787598
7.25396203994751,-0.3343339264392853,-14.508790969848633
6.693073749542236,-1.872773289680481,-14.867948532104492
5.648368835449219,-2.963228464126587,-15.506487846374512
4.116599082946777,-3.395756244659424,-15.969380378723145
2.7240490913391113,-4.101380348205566,-15.969605445861816
1.7622791528701782,-4.993425369262695,-15.838415145874023
1.0069409608840942,-5.864866733551025,-15.467581748962402
0.5772315263748169,-7.150920391082764,-14.827381134033203
0.4181007146835327,-8.091863632202148,-14.093603134155273
0.6233590841293335,-8.730827331542969,-13.407119750976562
1.30278742313385,-9.37950325012207,-12.989849090576172
2.0725700855255127,-9.589668273925781,-12.562538146972656
2.547327995300293,-8.987285614013672,-11.75677490234375
2.8297417163848877,-7.940096855163574,-10.388208389282227
3.068847417831421,-6.634152412414551,-8.78031063079834
3.4271926879882812,-5.543403625488281,-7.559896469116211
4.163916110992432,-4.550455093383789,-6.663362503051758
4.364750385284424,-4.313743591308594,-6.323495864868164
4.2310566902160645,-4.367895126342773,-6.371741771697998
4.307253360748291,-4.319726943969727,-6.512960433959961
4.519915580749512,-4.084299087524414,-6.858153820037842
4.941519260406494,-3.5281689167022705,-7.2972846031188965
5.40770149230957,-2.6174476146698,-7.90871524810791
5.834967136383057,-1.6090348958969116,-8.911576271057129
6.024803161621094,-0.570261538028717,-10.279187202453613
5.949882984161377,0.5544076561927795,-11.729203224182129
5.861216068267822,1.2561498880386353,-13.114270210266113
5.859614849090576,1.459113597869873,-14.29498291015625
5.907368183135986,1.4178460836410522,-15.334206581115723
5.887636184692383,1.027085542678833,-16.15285301208496
5.699856758117676,0.3033895194530487,-16.598602294921875
5.370781421661377,-0.6688762307167053,-16.5975399017334
5.059637069702148,-1.6096217632293701,-16.07619285583496
4.821081638336182,-2.201228141784668,-15.15877914428711
4.89473819732666,-2.5596723556518555,-14.01249885559082
5.403909206390381,-2.811511278152466,-12.778533935546875
6.132273197174072,-3.1203083992004395,-11.48139476776123
6.873450756072998,-3.401841163635254,-10.239173889160156
7.7313666343688965,-3.528411388397217,-9.190823554992676
8.356740951538086,-3.559384346008301,-8.253507614135742
8.681174278259277,-3.329008102416992,-7.377191543579102
9.247797012329102,-2.433096408843994,-6.757612705230713
9.902917861938477,-1.445726990699768,-6.177980422973633
10.389674186706543,-0.5586591958999634,-5.810539245605469
10.969779968261719,0.5209746956825256,-5.89367151260376
11.67354965209961,1.3360066413879395,-6.281589984893799
12.297832489013672,1.718520164489746,-6.739417552947998
12.543681144714355,1.790941596031189,-7.083865165710449
12.465415000915527,1.7129305601119995,-7.242936134338379
12.128406524658203,1.5253846645355225,-7.395262718200684
11.636942863464355,1.1093336343765259,-7.495743751525879
11.110184669494629,0.6423822641372681,-7.530252456665039
10.655734062194824,0.26788970828056335,-7.522371292114258
10.268245697021484,-0.02483776956796646,-7.408994674682617
9.916106224060059,-0.2965139150619507,-7.191076755523682
9.69417953491211,-0.23306569457054138,-6.836973190307617
9.478229522705078,0.3785826563835144,-6.181471824645996
9.1519775390625,1.084934115409851,-5.461202144622803
8.891327857971191,1.5745570659637451,-4.9395976066589355
8.816447257995605,1.7262940406799316,-4.53302001953125
8.897854804992676,1.5877439975738525,-4.093827724456787
8.994633674621582,1.1362851858139038,-3.708707809448242
9.000679969787598,0.43548139929771423,-3.4905905723571777
8.857343673706055,-0.41845694184303284,-3.6016647815704346
8.498311996459961,-1.26494300365448,-4.065671920776367
7.9587178230285645,-1.7956463098526,-4.784237384796143
7.279168605804443,-1.6900116205215454,-5.841536998748779
6.372586727142334,-1.033194661140442,-7.0174078941345215
5.403532981872559,0.05581185966730118,-8.051373481750488
4.505655765533447,1.1697546243667603,-8.867767333984375
3.6633598804473877,1.9684566259384155,-9.448347091674805
2.8744664192199707,2.502439022064209,-9.93102741241455
2.1369645595550537,2.9113736152648926,-10.194621086120605
1.6101832389831543,3.356487989425659,-10.37215518951416
1.3388259410858154,3.5079736709594727,-10.408361434936523
1.512710690498352,3.220163583755493,-10.449201583862305
1.972016453742981,2.653763771057129,-10.469564437866211
2.5783891677856445,2.0382139682769775,-10.47730541229248
3.2226202487945557,1.6603506803512573,-10.462589263916016
3.820747137069702,1.6113431453704834,-10.344626426696777
4.3330607414245605,1.7826536893844604,-10.214798927307129
4.885314464569092,2.013456106185913,-10.130366325378418
5.752029895782471,2.4050991535186768,-9.96311092376709
6.731232166290283,2.4343910217285156,-9.739702224731445
7.784449100494385,1.9860734939575195,-9.636198997497559
8.710943222045898,1.0248814821243286,-9.697342872619629
9.268470764160156,0.06914294511079788,-9.982036590576172
9.27529525756836,-0.5921396613121033,-10.467082023620605
8.898106575012207,-0.9849963784217834,-11.0955228805542
8.422826766967773,-0.9491395950317383,-11.84085464477539
7.898158073425293,-0.5642470121383667,-12.672402381896973
7.456043243408203,0.1627890169620514,-13.680558204650879
6.990207672119141,0.9431176781654358,-14.64555835723877
6.570248603820801,1.691209077835083,-15.436788558959961
6.338338851928711,2.1006815433502197,-16.086212158203125
6.0435051918029785,2.3614890575408936,-16.445859909057617
5.304553508758545,2.4716145992279053,-16.271888732910156
4.341670989990234,2.1814680099487305,-15.928857803344727
3.7206790447235107,1.097314715385437,-15.83201789855957
3.4918394088745117,-0.4816484749317169,-16.108131408691406
3.1864054203033447,-2.074166774749756,-16.731544494628906
2.682314872741699,-3.0673389434814453,-17.341941833496094
1.7996693849563599,-3.5588645935058594,-17.689411163330078
0.9466716051101685,-4.332240581512451,-17.75495719909668
-0.036687105894088745,-4.949905872344971,-17.426410675048828
-0.7854212522506714,-5.952723503112793,-16.676244735717773
-1.0892691612243652,-7.09336519241333,-15.757108688354492
-1.0773483514785767,-8.341060638427734,-14.674370765686035
-0.8485555052757263,-9.513154983520508,-13.498162269592285
-0.43502408266067505,-9.817214012145996,-12.3680419921875
0.02471258118748665,-9.179790496826172,-11.279684066772461
0.3653084933757782,-8.327816009521484,-10.151110649108887
0.6191017031669617,-7.4184956550598145,-9.261930465698242
0.9988453388214111,-6.667095184326172,-8.382890701293945
1.113872766494751,-6.201761722564697,-7.585333347320557
0.8188573718070984,-5.732473373413086,-6.905991077423096
0.20378173887729645,-5.347319602966309,-6.243879795074463
-0.4387871026992798,-4.9524922370910645,-5.796918869018555
-1.0143073797225952,-4.18577766418457,-5.505003929138184
-1.4795610904693604,-2.749366283416748,-5.223187446594238
-1.6382145881652832,-0.99046391248703,-5.113213062286377
-1.2702962160110474,0.789989709854126,-5.24952507019043
-0.5745567679405212,2.5961902141571045,-5.352710247039795
-0.0350155346095562,4.018121242523193,-5.207399845123291
0.5975597500801086,4.9772539138793945,-5.014565467834473
1.2981092929840088,5.539344787597656,-4.792174816131592
1.961940884590149,5.779946804046631,-4.602844715118408
2.5301401615142822,5.850509166717529,-4.431786060333252
3.0004048347473145,6.040144920349121,-4.203525543212891
3.4570062160491943,6.41039514541626,-3.871669054031372
3.9038901329040527,6.842752933502197,-3.4586856365203857
4.386512279510498,7.1628875732421875,-3.0152299404144287
4.92396354675293,7.335029602050781,-2.5719499588012695
5.42836856842041,7.475683212280273,-2.2083687782287598
5.77977991104126,7.570728778839111,-1.8881915807724
5.994461536407471,7.721251964569092,-1.553020715713501
6.102362155914307,7.999849319458008,-1.158023715019226
6.138484477996826,8.273666381835938,-0.7065752744674683
6.138534069061279,8.626985549926758,-0.2757323980331421
6.123239994049072,8.9343900680542,0.11401084810495377
6.143927097320557,9.184521675109863,0.4499671161174774
6.256138801574707,9.422709465026855,0.7156901359558105
6.525152683258057,9.533726692199707,0.939784049987793
6.878728866577148,9.534027099609375,1.2839698791503906
7.269623756408691,9.378792762756348,1.6147165298461914
7.661782264709473,9.056168556213379,1.8949306011199951
8.051255226135254,8.579086303710938,2.1031899452209473
8.390978813171387,7.894914150238037,2.266995668411255
8.539194107055664,7.053163051605225,2.343360424041748
8.363606452941895,6.334889888763428,2.300752878189087
7.776951313018799,5.957846641540527,2.2266809940338135
6.782561779022217,5.9078145027160645,2.2036781311035156
5.50429105758667,6.021900653839111,2.3059496879577637
4.189999103546143,6.101285934448242,2.542786121368408
3.0737175941467285,6.239383220672607,2.8311657905578613
2.1520607471466064,6.31444787979126,3.1585428714752197
1.365176796913147,6.110367298126221,3.516610622406006
0.6899088621139526,5.757873058319092,3.8374722003936768
0.09265349060297012,5.406680583953857,4.092129230499268
-0.4906882643699646,5.17382287979126,4.282968997955322
-1.09091317653656,5.092719078063965,4.427581310272217
-1.6961698532104492,5.319025039672852,4.45731258392334
-2.329500436782837,5.772483825683594,4.339140892028809
-2.9925081729888916,6.155012607574463,4.056222915649414
-3.562211036682129,6.260941505432129,3.628333568572998
-3.9385225772857666,6.184654235839844,3.113862991333008
-4.257698059082031,5.7911601066589355,2.6984703540802
-4.610138416290283,4.931681156158447,2.4800171852111816
-4.8307204246521,3.5587618350982666,2.436204433441162
-4.748274326324463,1.861061692237854,2.425929546356201
-4.2940287590026855,0.10545594990253448,2.2732961177825928
-3.6000607013702393,-1.204552412033081,1.903059959411621
-2.8031790256500244,-1.5887680053710938,1.3175122737884521
-2.1755545139312744,-0.9280385375022888,0.659994900226593
-2.016554355621338,0.27205324172973633,0.04690006747841835
-2.2372899055480957,1.5069794654846191,-0.45454201102256775
-2.5633323192596436,2.338047981262207,-0.7548468112945557
-2.806118965148926,2.6939141750335693,-0.8146555423736572
-2.8604071140289307,2.557910680770874,-0.7619870901107788
-2.644029378890991,2.034043550491333,-0.7234237194061279
-2.25132417678833,1.4188312292099,-0.6951484084129333
-1.8139197826385498,0.919286847114563,-0.6257213950157166
-1.4376708269119263,0.6601421236991882,-0.5047297477722168
-1.1440577507019043,0.5331833362579346,-0.340821236371994
-0.8852139115333557,0.4628419578075409,-0.22764644026756287
-0.6697884202003479,0.3628559708595276,-0.1933521032333374
-0.4952229857444763,0.23274363577365875,-0.1724023073911667
-0.3926936984062195,0.1011512503027916,-0.13344213366508484
-0.38984331488609314,0.03891774266958237,-0.06205158680677414
-0.5007264018058777,0.027934595942497253,0.040036432445049286
-0.6655223369598389,0.016240034252405167,0.13754883408546448
-0.8111612796783447,0.07271742075681686,0.20653003454208374
-0.9544275403022766,0.0918888971209526,0.23912747204303741
-1.0216193199157715,0.09110726416110992,0.24806557595729828
-0.9848863482475281,0.036351729184389114,0.2769065797328949
-0.8967272043228149,-0.05567752942442894,0.3068370521068573
-0.7937719821929932,-0.20902448892593384,0.31779202818870544
-0.7068786025047302,-0.36464256048202515,0.3194437325000763
-0.6535613536834717,-0.5345586538314819,0.34383589029312134
-0.6593848466873169,-0.6674761772155762,0.4057290852069855
-0.7435706257820129,-0.6667186617851257,0.47456562519073486
-0.8798608183860779,-0.6454341411590576,0.5713605880737305
-1.0239386558532715,-0.5979524850845337,0.6758438348770142
-1.1360026597976685,-0.5275632739067078,0.7834163904190063
-1.216394305229187,-0.4862960875034332,0.9099605679512024
-1.2598682641983032,-0.6069391369819641,0.9990462064743042
-1.242075800895691,-0.8482391834259033,0.9984070062637329
-1.1684609651565552,-1.2496715784072876,0.92302006483078
-1.0749247074127197,-1.8509551286697388,0.8542076349258423
-0.9571016430854797,-2.5426244735717773,0.8523977398872375
-0.7630061507225037,-3.306817054748535,0.9321427345275879
-0.4561002552509308,-4.169334888458252,1.0654281377792358
-0.07397335767745972,-5.079386234283447,1.2645894289016724
0.36474671959877014,-6.018641471862793,1.5805995464324951
0.8357468843460083,-7.000049114227295,1.9582029581069946
1.315998911857605,-7.8637895584106445,2.3154234886169434
1.8196451663970947,-8.605942726135254,2.6480586528778076
2.390563726425171,-9.303145408630371,3.0110297203063965
3.0407555103302,-9.8839693069458,3.3845603466033936
3.7793290615081787,-10.395700454711914,3.7386913299560547
4.652862548828125,-10.940563201904297,4.083915710449219
5.653622627258301,-11.295729637145996,4.5152201652526855
6.5633440017700195,-11.304224014282227,4.948087215423584
7.173403739929199,-11.251689910888672,5.30911922454834
7.429722785949707,-10.978907585144043,5.575418472290039
7.273364067077637,-10.360494613647461,5.701069355010986
6.838650703430176,-9.553258895874023,5.709761619567871
6.331749439239502,-8.52194881439209,5.4649248123168945
5.860489845275879,-7.541515827178955,4.933966159820557
5.452123165130615,-6.48631477355957,4.318650722503662
4.878787040710449,-5.090116024017334,3.4795446395874023
4.080232620239258,-3.966472864151001,2.557882070541382
3.2591702938079834,-3.3222947120666504,1.7776892185211182
2.6099660396575928,-3.107003927230835,1.3309911489486694
2.2715394496917725,-3.380385637283325,1.1236023902893066
2.1539852619171143,-3.6362009048461914,0.9528910517692566
2.031759023666382,-3.7122535705566406,0.8177036046981812
1.8766549825668335,-3.5802001953125,0.7192788124084473
1.5818171501159668,-3.144573211669922,0.6356610059738159
1.194037675857544,-2.6659302711486816,0.6511275768280029
0.8632437586784363,-2.312710762023926,0.6954619884490967
0.6074966788291931,-1.9808433055877686,0.7891474366188049
0.4985727369785309,-1.7693630456924438,0.8853588104248047
0.832589864730835,-2.455784559249878,0.9399112462997437
1.5463850498199463,-3.7628533840179443,0.7789770364761353
1.8035473823547363,-3.6687421798706055,0.260487824678421
1.3900830745697021,1.4187391996383667,0.5254444479942322
-0.9304606914520264,0.9364471435546875,1.215932846069336
-1.9546561241149902,-0.05859100818634033,0.7792139649391174
-1.7781248092651367,-0.04630877822637558,0.48100411891937256
-1.118417501449585,0.18175221979618073,0.4017505347728729
-0.3151993155479431,0.31976255774497986,0.195771262049675
0.342570424079895,0.011159704998135567,0.15498581528663635
0.769284725189209,-0.48773905634880066,0.07846521586179733
1.025309681892395,-0.9410778284072876,0.03899591788649559
1.142173409461975,-1.1403613090515137,0.05312931537628174
1.1564329862594604,-0.8961525559425354,0.06526264548301697
1.1154791116714478,-0.3972601890563965,0.1471537947654724
1.0626134872436523,0.07913510501384735,0.2813534140586853
-0.6136559247970581,2.441478967666626,0.5588963627815247
-0.5164774060249329,1.6821480989456177,0.9170438051223755
-0.6144772171974182,2.1001667976379395,0.6572407484054565
-1.6531034708023071,1.1723421812057495,0.7443984150886536
-1.1068938970565796,0.4862108528614044,0.7034283876419067
-0.5532499551773071,0.35905128717422485,0.5607710480690002
-0.20376843214035034,0.22558216750621796,0.37954452633857727
-0.12824469804763794,0.0776536837220192,0.11365286260843277
-0.15284059941768646,-0.09254148602485657,0.1148800477385521
-0.09608139842748642,-0.2657277584075928,0.20158247649669647
-0.029520748183131218,-0.3760710656642914,0.30317115783691406
0.010842397809028625,-0.5157483220100403,0.4034338593482971
-0.06413011997938156,-0.6728833317756653,0.5137379765510559
-0.26712873578071594,-0.6395640969276428,0.604191243648529
-0.4321770668029785,-0.744975745677948,0.6543723940849304
-0.6181795001029968,-0.93033367395401,0.7580664753913879
-0.7906082272529602,-1.0413252115249634,0.9314782023429871
-0.9684276580810547,-1.1004778146743774,1.1641627550125122
-1.1108261346817017,-1.1264705657958984,1.346866488456726
-1.1297439336776733,-0.9001778364181519,1.4857560396194458
-0.3598394989967346,1.2520530223846436,1.3846603631973267
0.21006107330322266,1.4674228429794312,1.3175305128097534
-0.2045089453458786,1.489315390586853,1.4390912055969238
0.13344056904315948,2.471898078918457,1.5621622800827026
0.023962004110217094,0.37138983607292175,1.895011305809021
0.0003088483936153352,0.02289154753088951,2.0794131755828857
-0.0090052904561162,0.002189198974519968,2.0472185611724854
-0.0008257217705249786,0.005400686990469694,1.9300457239151
-0.003320837626233697,0.007234540302306414,1.795218586921692
-0.0026742219924926758,0.0072518507950007915,1.7265104055404663
-0.001579396310262382,0.0010434892028570175,1.7099897861480713
-0.0022648691665381193,-0.0010085090762004256,1.779369831085205
-0.0017175896791741252,-0.0014455337077379227,1.90721595287323
-0.007368790451437235,0.006245531141757965,2.1481688022613525
-0.009018085896968842,0.008119331672787666,2.366516590118408
-0.007186897099018097,0.0032529374584555626,2.546447277069092
-0.008204223588109016,0.026892753317952156,2.7785301208496094
-0.00467871967703104,-0.005711334757506847,2.9821486473083496
-0.005918687675148249,-0.005893494933843613,3.0340988636016846
-0.009662369266152382,0.0036196368746459484,2.7032322883605957
-0.00624952744692564,-0.0035754255950450897,2.377892017364502
-0.003547589061781764,-0.002345490735024214,1.8495222330093384
-0.006239778362214565,0.004849305376410484,1.24052095413208
-0.004940723534673452,-0.004582863301038742,0.7547523379325867
-0.0035502873361110687,-0.0006067639915272593,0.4966230094432831
-0.0029481404926627874,-0.0005302908830344677,0.46208682656288147
-0.00204479624517262,0.003353396663442254,0.494140088558197
-0.002170972526073456,0.0080812843516469,0.5113751292228699
0.0013854127610102296,0.0017578746192157269,0.5195523500442505
-0.0008770328713580966,-0.0005126104224473238,0.5467822551727295
-0.0003531891561578959,0.001096205203793943,0.5511325597763062
-0.0020648802164942026,0.0023426187690347433,0.5082425475120544
-0.002226001350209117,0.004193249624222517,0.48434171080589294
-0.003361019305884838,-0.001703243120573461,0.5727310180664062
-0.004028141498565674,-0.003133094171062112,0.694608211517334
-0.0027149044908583164,-0.0028252671472728252,0.7668544054031372
-0.002333540003746748,-0.0038638999685645103,0.7204229831695557
-0.00772911636158824,-0.0036353287287056446,0.6058386564254761
-0.0030467468313872814,-0.007516087032854557,0.543529212474823
-0.004559346474707127,-0.010024838149547577,0.5249470472335815
-0.0010935086756944656,-0.0059129176661372185,0.5369349718093872
-0.0023940058890730143,-0.0008898759842850268,0.551152765750885
-0.0009324631537310779,-0.0007750937948003411,0.5310016870498657
-0.0016477007884532213,-0.002206401899456978,0.4525911509990692
-0.0024306701961904764,-0.0070837149396538734,0.34643274545669556
-0.003435125108808279,-0.008501863107085228,0.234174445271492
-0.0035531034227460623,-0.010523735545575619,0.14032171666622162
-0.0016668937169015408,-0.008446803316473961,0.14185744524002075
-0.0020019193179905415,-0.001459201448597014,0.09082727879285812
-5.5281358072534204e-05,-0.012334030121564865,-0.001008202787488699
0.0011647127103060484,-0.0002952101349364966,-0.0012052766978740692
-0.0005650657694786787,-0.0013466040836647153,0.00010038819164037704
-0.0002777107001747936,-0.0007995907799340785,0.0017299763858318329
-0.0014533536741510034,0.000289760937448591,-0.00031221797689795494
0.00034641052479855716,-0.000683091813698411,-4.217354580760002e-05
-0.000729165505617857,0.002991104032844305,-0.00018490292131900787
0.0007065446116030216,0.0009420679998584092,-0.003564454149454832
0.0001532516034785658,-0.0010733456583693624,-0.004600562620908022
-0.0007586147985421121,0.000659306941088289,-0.004883124027401209
-0.00410766527056694,0.0008478226372972131,-0.0092420419678092
-0.005127655807882547,0.0029818136245012283,-0.011759794317185879
-0.007039714138954878,-0.00047056854236871004,-0.007416341453790665
0.005444652400910854,0.00035128300078213215,-0.005496202502399683
0.0029090570751577616,0.0010698038386180997,-0.00313131557777524
0.0008552272338420153,-0.0015648615080863237,-0.0010689636692404747
-0.0006677645724266768,-0.0021242888178676367,0.0021855374798178673
-0.004174082539975643,-0.0007130798185244203,9.466893970966339e-07
-0.001226328662596643,0.0012297380017116666,-0.002201914321631193
0.000930565467569977,0.0003969675162807107,0.00021144188940525055
-0.001886065467260778,0.000373473740182817,0.0022164955735206604
-0.0021036455873399973,0.0002664147177711129,0.00010327761992812157
-0.001793519128113985,-0.00042167011997662485,0.0019071376882493496
-0.001135451951995492,0.0001932537415996194,-0.0004891748540103436
0.0005367618286982179,0.0014320840127766132,-0.0006777052767574787
0.0003194478922523558,0.00014178245328366756,-0.002960300538688898
-0.001735076424665749,-0.0004072932351846248,-0.0012514926493167877
7.534038741141558e-05,-0.0017196990083903074,0.0007520033977925777
-0.002525466727092862,0.0023345930967479944,0.0007411050610244274
-0.0006607212126255035,0.000708999577909708,0.0006170016713440418
-7.003213977441192e-05,0.0005537372780963778,-0.0008621178567409515
0.0019329313654452562,9.434204548597336e-05,0.0005530859343707561
0.003252415219321847,-0.002128440421074629,0.0015681800432503223
-0.0017695077694952488,0.0003988995449617505,0.00010024616494774818
0.0011581182479858398,0.00020095478976145387,-0.0011013522744178772
-0.0024555251002311707,0.0018606367520987988,0.0012867040932178497
0.0010877237655222416,-0.00030690597486682236,0.000955263152718544
0.0020368744153529406,0.00266784499399364,-0.000992040615528822
-7.690751226618886e-05,-0.0009906606283038855,-0.0015481524169445038
0.0018938316497951746,-0.0011943925637751818,0.0025105057284235954
0.0016992157325148582,-0.0001382060581818223,0.0015079113654792309
0.0005556544056162238,-0.0008972069481387734,0.0015374724753201008
0.00145885837264359,0.0003265516716055572,0.0018539782613515854
-0.0017979212570935488,-0.0015762769617140293,0.0008987020701169968
0.0016922468785196543,-0.00018619230831973255,-0.0006762114353477955
0.0009297837968915701,0.0027864279691129923,0.0014772205613553524
-0.0009737797663547099,-0.0003901722957380116,0.0018117744475603104
0.00031785338069312274,-0.0013893903233110905,0.0006202762015163898
0.0007043255609460175,-4.2580533772706985e-05,-0.0009666369296610355
-0.00034336201497353613,-0.0009315436473116279,-0.0017506717704236507
-0.0020258191507309675,-0.0002737067989073694,0.0004505543038249016
0.00010710660717450082,0.0009470862569287419,0.0008196686394512653
0.0008051660843193531,0.0008950212504714727,-0.0007523843087255955
-0.0004662270366679877,-0.0009686588309705257,-5.650008097290993e-05
0.0006188888219185174,0.0005146853509359062,0.0013916054740548134
0.00010809450759552419,0.0007836645818315446,0.0008600382134318352
0.0021602532360702753,-0.0003060889430344105,0.00033028004691004753
0.0017948675667867064,0.0008808819693513215,-0.0017507141456007957
0.0012231802102178335,0.00036918726982548833,-0.002384176477789879
-0.0010767257772386074,0.00038330204552039504,-0.0029700719751417637
0.0001717193517833948,0.0005672746920026839,-0.0023448257707059383
0.0005075439694337547,-0.0009592492133378983,-0.0033480385318398476
0.0010886559030041099,-0.0005413986509665847,0.000425663311034441
0.00022339481802191585,0.0003694024053402245,-0.0023898305371403694
0.0034440604504197836,-0.0003757718368433416,-0.0011545950546860695
0.0005617211572825909,-0.0004181161057204008,0.001989799551665783
0.003980741836130619,-0.0012672028969973326,0.0010140142403542995
0.0002818774082697928,-0.0010901025962084532,0.002689941320568323
0.002026001224294305,-0.002006225986406207,0.0029978062957525253
8.935053483583033e-05,0.0017893111798912287,0.0018297433853149414
-0.0013801379827782512,-0.0014419632498174906,0.000573793426156044
-0.0003803873260039836,5.1271053962409496e-05,-0.0011383527889847755
-0.00038715306436643004,0.0006995530566200614,0.0023870603181421757
-0.0010630632750689983,0.0005767813418060541,0.000826715026050806
0.001416774932295084,-0.00013193499762564898,-0.001147229690104723
-0.0002868490992113948,0.00035728764487430453,7.03674741089344e-05
0.0012470893561840057,-0.0005478138918988407,0.000526726245880127
1.1116295354440808e-05,-0.0003510062815621495,-0.0008916733786463737
0.001328510232269764,0.0006408559274859726,0.0016786986961960793
-0.002077672630548477,-0.00017540293629281223,0.0005636331625282764
0.001775744603946805,-0.0005849719746038318,0.0014332090504467487
0.0010231351479887962,0.00041504501132294536,0.0009828689508140087
0.0004328700015321374,0.00041392171988263726,-0.0010926718823611736
-0.0013426595833152533,0.0008647948852740228,-0.0009643072262406349
0.0008717324235476553,-0.0004868615069426596,0.0005187154747545719
-0.00213417736813426,-0.0015622458886355162,0.0018023592419922352
-0.00036737436312250793,-0.0009938264265656471,0.0004382743500173092
0.0007418321911245584,0.0010187242878600955,0.001892360858619213
-0.0009011705406010151,0.00026680564042180777,0.0005978662520647049
-0.0007778662256896496,-0.002522322814911604,-0.00028736842796206474
-0.0008336084429174662,-0.001930652535520494,-0.00044234469532966614
0.0008082303684204817,-0.0009274397743865848,-0.00038961367681622505
-0.0011108755134046078,0.0005202271277084947,0.00048187002539634705
-0.0004400251782499254,-0.00028271597693674266,0.0005881302058696747
-0.00012516873539425433,0.0017424377147108316,-0.00039812223985791206
0.00035926024429500103,-0.0003627911501098424,0.0005012275651097298
-0.00047854724107310176,-0.0009428947814740241,-0.0017788540571928024
0.0007369194645434618,0.001571129309013486,0.0006486172787845135
0.00033969420474022627,-0.0005502241547219455,0.001661534421145916
-0.0018374399514868855,0.0019933609291911125,0.002882060594856739
0.001808634726330638,-0.0009535634890198708,1.1589378118515015e-05
-0.0012132541742175817,0.002811347134411335,0.0020664846524596214
-0.0008799500064924359,-0.0001850872067734599,0.0016838647425174713
-0.0005680938484147191,-0.0006218455964699388,0.0002886340953409672
-1.4369259588420391e-05,-0.0011272949632257223,0.001305572222918272
0.0009297213400714099,0.0003403730224817991,-0.0017280345782637596
-0.0004956399789080024,-0.00031309790210798383,-0.000569639727473259
-0.0010141574312001467,0.0007138170767575502,-0.0008628536015748978
-0.00015212810831144452,-0.0004826356016565114,-0.002957181539386511
0.0019746723119169474,0.0008060680120252073,-0.001062076073139906
-0.0015368459280580282,-0.001106698764488101,-0.0010893349535763264
-2.4969427613541484e-05,-0.0018883366137742996,-0.0014374102465808392
0.0016573944594711065,0.0018387353047728539,0.00041045621037483215
0.0009543198393657804,-0.00020470822346396744,0.0021681422367691994
-0.0008069181931205094,0.0007952505256980658,0.0020296224392950535
-0.001341680996119976,-0.0010194274364039302,0.0006863237358629704
0.0008654155535623431,0.0010039135813713074,0.002743193879723549
-0.00027894473168998957,-0.00017959531396627426,0.0006225183606147766
-0.000492866151034832,0.002840410452336073,-0.0007685888558626175
-0.00036370279849506915,-0.001440354622900486,0.0007816371507942677
0.00046460545854642987,-0.0007769917137920856,-0.0007520983926951885
0.001646250020712614,0.0005346151883713901,-0.0003321180120110512
-0.0021012139040976763,-0.0004721199511550367,-0.0010279719717800617
0.000577393569983542,0.0015625350642949343,-0.0020463643595576286
-0.0011335175950080156,0.0009463339811190963,-0.003011878579854965
-0.003396671963855624,-0.0009474398102611303,0.0016276147216558456
0.0008325751405209303,0.0018211475107818842,0.0019665234722197056
-0.002949379850178957,-0.0016052755527198315,-0.00041460897773504257
0.00237314123660326,0.0017841517692431808,0.0028691384941339493
-0.0015664728125557303,-0.0012281496310606599,0.002992442809045315
0.0033421479165554047,-0.0008416612981818616,0.00048811454325914383
-0.0005082502029836178,0.00046781502896919847,-0.0005886014550924301
-0.0008360844221897423,0.0006765293073840439,-0.0008118711411952972
0.0012110874522477388,-0.0012108529917895794,5.152588710188866e-05
0.0008271115366369486,-0.0010743250604718924,-0.00038651982322335243
3.9881153497844934e-05,0.00010172690963372588,0.001574898138642311
-0.0035415180027484894,-0.0002449887979310006,-0.00041396869346499443
0.0001871736894827336,0.0007563597755506635,-0.0011260979808866978
0.0008699512109160423,-0.0002177906280849129,-0.0007501221261918545
-0.0011505890870466828,0.001208332134410739,0.001476280391216278
0.002523532137274742,-0.0004415971925482154,0.0029751425608992577
-0.00215963670052588,-0.0009467988274991512,0.0010185185819864273
-0.0015527294017374516,-0.0009961092146113515,0.0009833150543272495
0.0005469067255035043,-0.00011859764344990253,0.0026421980001032352
-0.0014608604833483696,-0.00040218920912593603,0.0019001537002623081
-0.00023127906024456024,-0.0010424131760373712,0.0005701710470020771
-0.002005640882998705,0.0006043916218914092,0.004788369871675968
0.0028559595812112093,0.001085891155526042,0.004072778858244419
0.001485319808125496,0.0002979315468110144,0.0007728720083832741
0.00047145431744866073,0.000519772816915065,0.002946810331195593
0.0018784338608384132,-0.0008033193298615515,0.0027906992472708225
-0.0016372050158679485,-0.002967936685308814,-0.0004402482882142067
-0.0017164167948067188,0.0019432588014751673,0.0012375377118587494
0.0016069418052211404,-0.0010274972300976515,-0.0003750068135559559
-0.00026478167274035513,-0.001353992149233818,-0.0004718624986708164
0.0003924864577129483,0.0026391514111310244,0.0006991294212639332
-0.0007503066444769502,0.0013619910459965467,-0.0016930573619902134
-0.00021341347019188106,-0.00027878241962753236,0.001963196322321892
0.002661432372406125,-0.002267802134156227,0.000718290451914072
-0.0016646062722429633,-0.0012448818888515234,0.001994210761040449
0.002423528116196394,0.0003058633883483708,0.0014382186345756054
0.0016187207074835896,0.00024647486861795187,0.0034470404498279095
-0.002081574872136116,-0.0002282233617734164,0.0023803086951375008
0.0026260949671268463,-0.001139024505391717,0.0025177281349897385
-0.002690406981855631,-0.002222019713371992,0.0022436832077801228
8.380811777897179e-05,-0.002817236352711916,0.0015443372540175915
0.001682087779045105,0.0003772533964365721,0.00017396965995430946
0.0008871342288330197,0.0007812549592927098,-0.0009064744226634502
0.00023011495068203658,0.0008812929736450315,-0.0018611839041113853
-0.0006985293584875762,-0.0011890484020113945,-4.890281707048416e-05
-0.0005328283878043294,0.0007868683896958828,-0.0003857840783894062
-0.0003496029239613563,-0.0018653738079592586,-0.0033908949699252844
0.0005631985259242356,0.001144935144111514,-0.0008754581212997437
0.0017797304317355156,0.0009569160756655037,-0.0022339369170367718
-0.0010002583730965853,5.034601781517267e-05,0.002850933000445366
-0.00010996358469128609,-0.0006572558777406812,0.003428572788834572
-0.001961067318916321,0.000449489860329777,0.0020619193091988564
0.0009582898928783834,0.0003309791791252792,0.0003444468602538109
0.002962868893519044,0.0006566185038536787,0.0009924671612679958
0.0006890620570629835,-0.00039799322257749736,-0.002591881435364485
0.00013930402928963304,-0.0007479629712179303,-0.0009087137877941132
0.0001723272434901446,-0.0004563468392007053,0.0014343354851007462
0.0002947007887996733,0.001160159008577466,-0.0015801559202373028
0.0015003138687461615,0.0032201141584664583,-0.0009063761681318283
-0.0004107175918761641,-0.001083581941202283,-0.00028891535475850105
0.0005416288040578365,-0.003915587440133095,-0.001347788143903017
0.001470497576519847,0.0007646010490134358,-0.0008456511422991753
0.0018183063948526978,0.000646090367808938,-0.003093891777098179
0.001040550065226853,-0.0006140965851955116,-0.001758113969117403
0.001206997549161315,0.0008921872940845788,-0.002007652074098587
0.0006129293469712138,0.00030811422038823366,0.0016766996122896671
-0.0052904998883605,-0.0009230651194229722,0.0021081320010125637
0.003007814520969987,0.000535684113856405,0.0029658684507012367
0.0005222862819209695,-0.001014009234495461,0.0007298784330487251
0.005766455549746752,0.0016710739582777023,-0.00173644395545125
-0.0010283334413543344,0.002852984704077244,-0.002045636996626854
-2.8775190003216267e-05,0.00022011017426848412,-0.0008975854143500328
0.0003659052890725434,-0.001072055660188198,-0.0006914567202329636
-0.0019306577742099762,-0.0019786483608186245,0.00047689443454146385
0.0022805987391620874,0.0003526827786117792,-0.0026555154472589493
-0.002234061947092414,0.00020567880710586905,-0.002527053002268076
0.0010560073424130678,-0.0015538716688752174,-0.0020111985504627228
0.0008614279795438051,-4.297291161492467e-05,-0.0010717669501900673
-0.0006624327506870031,-0.0002576237020548433,0.0002619442529976368
0.0014578168047592044,0.0009035326656885445,0.0005060452967882156
-0.000596279394812882,2.8684211429208517e-05,-0.0007746689952909946
0.00310996500775218,0.0012438620906323195,0.0010561835952103138
0.001505943131633103,-0.0006946528446860611,0.0013336851261556149
0.0005343494703993201,0.0008266546064987779,0.0019503990188241005
-1.3729120837524533e-05,0.00035101408138871193,0.0010132323950529099
-0.00042537282570265234,0.0008720487239770591,0.0009134085848927498
0.0005842315149493515,-0.0002113252121489495,0.0007962295785546303
8.130670175887644e-05,0.00028462003683671355,-0.0011703874915838242
0.0002304437366547063,-0.00048023980343714356,-0.002120071090757847
0.0009573660790920258,0.0004978078068234026,0.0006542513146996498
0.0017946639563888311,0.001987313851714134,-0.0015114308334887028
-0.0011208022478967905,-0.0005365763208828866,-0.0017858403734862804
-0.0013160118833184242,-0.0014966458547860384,-0.000863321591168642
0.0011772909201681614,0.0015884798485785723,-0.0018947017379105091
0.0003610319981817156,-0.00027919496642425656,0.0005673905834555626
0.001758813625201583,-0.0007458634208887815,0.0007819770835340023
-0.0010116728954017162,-0.0008433351758867502,-0.00035093212500214577
0.0026684412732720375,0.0016835378482937813,0.0019557964988052845
7.425624062307179e-05,-0.00029039723449386656,0.0012950659729540348
-0.003051968291401863,0.0008669036906212568,0.0017377287149429321
0.0012727389112114906,0.0010120458900928497,-0.0003560488112270832
-0.0003830209607258439,0.0012608570978045464,0.0025096447207033634
0.0005040779942646623,-0.0030880849808454514,0.0008033574558794498
0.00032608379842713475,0.0014086604351177812,-0.0009826729074120522
-0.003819658886641264,-0.0006225324468687177,0.0006463825702667236
-0.02067057602107525,-0.005650472827255726,0.011351358145475388
0.021369818598031998,0.004445038735866547,-0.0017287563532590866
-0.0053919339552521706,0.002474013715982437,0.00016912491992115974
0.006667924579232931,0.0016218023374676704,0.000372324138879776
-0.002746986225247383,-0.001989817013964057,0.001867859624326229
0.0017241949681192636,0.000832867284771055,0.0008036606013774872
0.0025658546946942806,0.0018838326213881373,-0.001592565793544054
-0.009235677309334278,-0.003423847258090973,-0.0027305344119668007
0.003481964347884059,0.0018407946918159723,0.0009171897545456886
-0.004857458174228668,-0.0003813470248132944,-0.002163022756576538
0.001743473345413804,0.0006641428335569799,0.0016621025279164314
-0.007294496055692434,0.0008260630420409143,-0.0008348771370947361
0.0010143406689167023,0.00183096993714571,0.002468812745064497
-0.002260548295453191,-0.00034083775244653225,0.0008751773275434971
-0.0030273550655692816,-0.0016744830645620823,3.966083750128746e-05
0.0002225003408966586,0.0013087899424135685,0.0012671113945543766
0.00018042218289338052,0.0013881823979318142,-0.00012970296666026115
-0.0030116424895823,-0.00028801109874621034,-0.0026485207490622997
0.0002490707265678793,6.0818681959062815e-05,-0.0011191382072865963
0.0007380270981229842,-0.0002134868991561234,-0.0018842644058167934
0.0004162729892414063,-0.00021173772984184325,-0.0013580713421106339
-0.0025401022285223007,0.0030234702862799168,-0.0032678241841495037
0.0030762990936636925,0.00266928575001657,-0.00034520914778113365
0.002375621348619461,-0.0015393076464533806,0.0013722628355026245
-0.0011390739819034934,0.0017190295038744807,-0.0016244440339505672
0.0012431235518306494,0.0018617749447003007,0.003314654342830181
-0.001654679304920137,0.0009625237435102463,0.0040994794107973576
-0.004259783774614334,-9.128917008638382e-05,0.0006442940793931484
-0.0019206064753234386,0.0019186318386346102,0.0005589285865426064
-0.00156827038154006,0.0005974376108497381,-0.0005955519154667854
-0.0023209108039736748,-0.0019405110506340861,-0.001387349795550108
0.000749447732232511,-0.003222556784749031,0.0007277326658368111
-0.00021309283329173923,-0.00025598195497877896,-0.0015773014165461063
-0.0007822103798389435,-0.0011816967744380236,-0.0028444333001971245
0.00022436455765273422,-0.0004877866886090487,-0.0037966079544276
0.0029325331561267376,-0.0021927424240857363,-0.0021438500843942165
0.0007715387037023902,-0.0028128577396273613,-0.0005758898332715034
-0.0017358275363221765,-0.0009172196732833982,0.0012843278236687183
-0.00039736126200295985,-0.0019271750934422016,0.0013577970676124096
7.614877540618181e-05,-2.6210618671029806e-05,0.0028678090311586857
0.0006293438491411507,-0.00028338891570456326,0.0033709625713527203
-0.0011557729449123144,0.00013366213534027338,0.0012095416896045208
0.0005474829813465476,0.00015504867769777775,-0.0010614674538373947
0.00044069020077586174,-0.0008068850729614496,-0.00047210976481437683
-0.0022440580651164055,0.0005216088611632586,-0.0022244788706302643
0.00017329308320768178,0.00020416005281731486,0.001600885298103094
0.0009793260833248496,0.0001550333690829575,-0.0015271068550646305
0.00043763910070993006,0.0003366610035300255,0.000750961247831583
0.0018352281767874956,0.0006704143015667796,0.0014776932075619698
-0.0005381809896789491,-0.0011362740769982338,-0.000218207947909832
-0.0019660028629004955,-0.0014646167401224375,-0.0036772070452570915
-0.0012173883151262999,0.0011775053571909666,0.0007380475290119648
-0.0009605982340872288,0.001190314767882228,-0.0020560803823173046
-0.00047696821275167167,0.0013567623682320118,0.0012715389020740986
-0.002072162227705121,-0.0012394576333463192,0.0018729162402451038
0.0013894145376980305,-0.0015462539158761501,0.00038021476939320564
0.0012022153241559863,-0.00011963717406615615,-0.0020469538867473602
0.0009614655864425004,-0.0006570630939677358,-0.0007361457683146
-9.654654422774911e-05,0.0006052973330952227,0.0004072100855410099
0.0038803517818450928,8.411670569330454e-05,-0.000897738616913557
0.0002715025038924068,0.001313671818934381,-0.0019180066883563995
0.0030390594620257616,-0.0009348350577056408,-0.00048629147931933403
-0.0032421895302832127,0.0007748712669126689,-0.0005463934503495693
-6.448943167924881e-06,0.0006813943036831915,-0.000917371828109026
-0.0011421863455325365,0.001354237669147551,-0.002042194828391075
0.0016914170701056719,-0.0009206346003338695,-0.0004472276195883751
0.00018369517056271434,-0.00019689483451656997,-0.002381857018917799
0.0003442837914917618,-0.0006245984695851803,0.00078597292304039
0.0009621824137866497,0.0014149922644719481,-0.0006392993964254856
-0.0008511639898642898,0.000543073401786387,-0.00037005357444286346
-0.0006253364263102412,0.00027115840930491686,0.000803051982074976
-0.0006322606932371855,0.0010080550564453006,0.00194261921569705
0.00048131472431123257,-3.671454032883048e-05,-0.0004866160452365875
0.0008701361948624253,-0.0009959852322936058,0.00403942633420229
-0.0005257975426502526,-0.0012054166290909052,-0.0003376384265720844
-0.0020145047456026077,-0.0013521567452698946,0.0015042037703096867
-0.0030406510923057795,0.0008162715821526945,0.0008407668210566044
-0.00014313185238279402,-0.0011520707048475742,-0.00019520288333296776
-0.0006760230753570795,-0.0013808442745357752,-0.0007642889395356178
-6.509394734166563e-05,0.0008527488680556417,0.0017132493667304516
0.0012615402229130268,-0.0010962043888866901,-0.0007122522220015526
0.0010138662764802575,-0.0017542715650051832,-0.0007663141004741192
0.0008858044166117907,-0.0011594606330618262,-0.0004186970181763172
-0.0005517699173651636,-2.2557214833796024e-05,-0.0019071376882493496
-0.0020690616220235825,-0.0007820544997230172,0.0007527456618845463
0.00151475437451154,-0.0009871178772300482,0.0005133273079991341
-0.0031333495862782,0.0007639271207153797,0.0019223098643124104
-0.0008353078737854958,0.0019346526823937893,0.0009686318226158619
-0.0007741643348708749,0.0013427006779238582,0.0009355377405881882
-0.00019945413805544376,0.0010899666231125593,0.0002577635459601879
-0.001108323223888874,0.0006119011086411774,0.002414482645690441
-0.0016814353875815868,1.0293093509972095e-05,-0.0026223533786833286
0.00010608846787363291,-0.00010812346590682864,0.0016360916197299957
0.00033352241734974086,0.0012876393739134073,0.0005660341121256351
-0.0005718402098864317,0.0015841135755181313,-0.002174230758100748
0.0014540264382958412,0.00016145291738212109,-0.0008570309728384018
-0.0017393394373357296,-0.001803727587684989,-0.0012556705623865128
-0.0010344006586819887,1.308083301410079e-05,-0.003565962892025709
0.00017495464999228716,-0.000408563093515113,0.0009750239551067352
0.0005699014291167259,0.0016551204025745392,0.002581442706286907
0.0005146943149156868,-0.001588770654052496,0.0021576941944658756
-0.000447239464847371,8.023233385756612e-05,-0.0007558041252195835
0.0027500218711793423,0.003026107093319297,0.0005357456393539906
0.0018836954841390252,0.000560019863769412,-7.092254236340523e-05
-0.0010769490618258715,-6.90781744197011e-05,0.002601325511932373
-0.0016689698677510023,-0.003917345777153969,0.0008766623213887215
0.00010148657020181417,-0.001593146938830614,9.82438214123249e-05
0.001766761066392064,-0.0029865128453820944,-0.0006999056786298752
0.0014715734869241714,-0.0014433409087359905,-0.0021492489613592625
0.001735226484015584,-0.0005575735121965408,-0.0003036782145500183
-0.0018928120844066143,0.0014287621015682817,-0.0007305308245122433
-0.0010688300244510174,0.0011877461802214384,-0.0003441059961915016
0.0017076833173632622,-0.00011656171409413218,-0.00039499998092651367
3.228869172744453e-05,-0.0009051237138919532,-0.0002210959792137146
-0.0016352266538888216,-0.000698742747772485,0.00020981719717383385
2.5254179490730166e-05,-0.0011951560154557228,0.0028687170706689358
0.003162992652505636,-0.0002733115397859365,0.0013393568806350231
-0.000126543891383335,0.001047882717102766,-6.332993507385254e-05
-0.0010378053411841393,0.0004923535161651671,0.0016324263997375965
0.0010778098367154598,0.0007916928152553737,-0.00017346302047371864
0.0007276071119122207,-0.0009105870267376304,-0.0006869053468108177
0.0005137552507221699,0.0005315146991051733,8.780835196375847e-05
-2.1864252630621195e-06,-0.00030247686663642526,0.001432027667760849
0.002676953561604023,0.00047250307397916913,-0.0010313964448869228
0.0002774326130747795,0.0005747257964685559,-0.001623234711587429
-0.00034707863233052194,0.00033850339241325855,-0.0015729009173810482
-0.0016665797447785735,0.002973084570840001,-0.0012461058795452118
0.0005345227546058595,0.00031871191458776593,-0.00023463694378733635
-0.00017781986389309168,-0.0020249122753739357,-0.0003467453643679619
0.0008115444798022509,-0.0032678095158189535,0.0001235688105225563
-0.00017700393800623715,-0.002148543018847704,0.00010834494605660439
0.002644881373271346,-0.00039751469739712775,-0.0010051229037344456
9.929522639140487e-05,0.001359334564767778,0.0012374944053590298
-0.003837123280391097,0.0005342873046174645,-0.0008237920701503754
0.0006972356932237744,-0.002202433766797185,0.0018912148661911488
0.00214759330265224,-0.0030330736190080643,-4.410417750477791e-05
0.0002053893986158073,0.000860123778693378,-0.0007928949780762196
0.0015580089529976249,-0.0004506840487010777,0.0004984717816114426
-0.0011346456594765186,-0.0014956826344132423,-0.0021585985086858273
0.0011820381041616201,0.0005709303077310324,-0.0006493851542472839
0.0011439515510573983,0.0019540837965905666,0.0003429921343922615
-0.0002600669686216861,0.0018491551745682955,-0.0005851197056472301
-0.0009750477038323879,0.0013585209380835295,-0.0014030281454324722
0.0006627962575294077,0.00197877106256783,-0.0005678609013557434
0.0006186987739056349,0.0007239456754177809,-0.0022397544234991074
0.0005097755347378552,-0.0010670301271602511,0.00020529376342892647
-0.0011078251991420984,0.00012010516365990043,0.001505131833255291
0.0006160389166325331,0.0009560714825056493,-0.002196129411458969
-0.002006456023082137,-0.0011811673175543547,-6.831390783190727e-05
-0.0005576964467763901,4.54846303910017e-05,-0.0003910893574357033
0.00015686388360336423,0.0015558048617094755,0.0007104459218680859
-0.0018285226542502642,-0.0013262680731713772,0.001550939865410328
2.9383663786575198e-05,-0.0017787591787055135,-0.0014782608486711979
-0.0015104562044143677,-0.001682086382061243,-1.8848571926355362e-05
0.0024358041118830442,-0.0020486474968492985,0.0019987905398011208
-0.001498483819887042,-0.0008382407249882817,0.0015220846980810165
-0.00037818512646481395,-0.0003804880252573639,-0.0010171495378017426
-0.0011033639311790466,0.0017473776824772358,-0.0010855928994715214
-0.0018389271572232246,-0.003817774588242173,-0.001825608778744936
0.0004692343936767429,-0.0002230398531537503,-0.0008793873712420464
-0.0007829635869711637,0.00010944652603939176,-0.00039881281554698944
-0.0013377000577747822,0.0013004121137782931,0.0010552736930549145
-0.0007131468155421317,0.00033180532045662403,-0.0002578785642981529
-0.0007168752490542829,0.000533939222805202,0.001680636778473854
-0.0006705382256768644,2.95105273835361e-05,0.0011037429794669151
-0.0008015657658688724,-0.0021795816719532013,-0.0019602240063250065
-0.0005475778598338366,0.0011058689560741186,-0.00021430617198348045
-0.0022730398923158646,0.0006595231243409216,0.0006775865331292152
-0.0018692649900913239,0.0013624292332679033,0.003064108081161976
-0.00022529566194862127,0.0005219356971792877,-0.0008440809324383736
-0.0004419195174705237,0.0006019582506269217,0.001958142500370741
0.0017208335921168327,-0.0007895433809608221,0.0008665132336318493
-0.0019218517700210214,0.0009261156083084643,0.0015865038149058819
0.0007642125710844994,0.0015698017086833715,0.0006115208379924297
-0.0006237027700990438,-0.00013742962619289756,0.0001398259773850441
-0.0005930764600634575,-5.061057163402438e-05,0.0006021508015692234
-0.0006109524983912706,-3.528024535626173e-06,-0.0023529543541371822
-0.00036833848571404815,0.0018212699797004461,-0.00036463839933276176
0.000783440307714045,0.0016043204814195633,-0.0009971791878342628
4.6543602366000414e-05,4.9300899263471365e-05,-0.0009156865999102592
0.004112475551664829,-0.0011311336420476437,-0.0014205649495124817
-0.0022258474491536617,-0.0003601484640967101,-0.001036270521581173
0.0015205281088128686,-0.0015565874055027962,-1.62394717335701e-05
-0.0006307733710855246,-0.0005403250688686967,-0.00081225810572505
0.0028620946686714888,0.0011430461890995502,0.00142007227987051
1.4376506442204118e-05,0.0008375816978514194,-0.0002944711595773697
0.00038163908175192773,-0.0001396877341903746,-0.0005169985815882683
8.842506213113666e-05,-0.001797771779820323,0.00030112452805042267
0.0013942231889814138,-0.0007751715602353215,0.0007540467195212841
0.0008368235430680215,-0.00015864978195168078,0.0016315579414367676
-0.0021521500311791897,-0.0003813615476246923,0.00085109518840909
-0.0004666353634092957,0.0008375673205591738,-0.0001798146404325962
0.00031915580620989203,0.001650118618272245,0.0008329921402037144
0.002035563113167882,-0.00026469427393749356,0.002588548231869936
-0.00034870009403675795,0.0016036558663472533,0.0018711518496274948
0.0009535857243463397,0.0001876532332971692,0.0020498502999544144
0.0018295989139005542,-0.0011712433770298958,-0.0005759778432548046
0.00040241089300252497,-0.0005411395104601979,-0.0008590719662606716
-0.00045447092270478606,0.0018060293514281511,2.3165252059698105e-05
0.0013692618813365698,0.0016710071358829737,2.8491485863924026e-05
0.0006053539691492915,-0.00013722118455916643,0.00014298781752586365
0.001041047158651054,-0.0005630606319755316,0.0006900010630488396
0.0019728285260498524,0.0006524880882352591,0.0024844883009791374
-0.00014438439393416047,0.0016469125403091311,-0.00030011264607310295
-0.0007296325638890266,-0.00037972821155562997,-0.0014591389335691929
0.00048823095858097076,-0.0018561847973614931,0.0005219867452979088
-0.0008008426520973444,-0.0012792758643627167,0.0003498983569443226
-0.0005667507648468018,-0.0012885970063507557,-0.0004453212022781372
-0.000304597633657977,0.002381313592195511,0.0002950443886220455
-0.0010862353956326842,-0.0005500277038663626,0.0008452534675598145
-0.0007366162608377635,0.0011663471814244986,0.0017284625209867954
6.100049358792603e-05,-0.001106128329411149,-0.0017304513603448868
0.0009326874278485775,-0.0021463914308696985,-0.00027128076180815697
0.0008591841906309128,-0.0008073539938777685,-0.00042174942791461945
-0.001116341445595026,-0.0015295888297259808,6.194226443767548e-05
-0.0002574719546828419,-0.0009306439314968884,-0.0005340729840099812
4.3518783058971167e-05,0.0009245756082236767,3.7845224142074585e-05
0.0005915973451919854,-0.00031965321977622807,0.0008969814516603947
-0.0020839411299675703,-0.0031344983726739883,-0.0018442054279148579
6.789295002818108e-05,-0.00036427826853469014,0.001455984078347683
-0.0008143414743244648,-0.0006777260568924248,-0.001940869726240635
0.0011734419967979193,0.000166495970916003,-0.0016178283840417862
0.0008568543707951903,-0.00038023872184567153,-0.000511509831994772
0.00015697561320848763,-2.177723217755556e-05,-0.00047795427963137627
-0.00041811494156718254,0.0015933397226035595,0.001063456293195486
-0.00013795035192742944,-0.0012727540452033281,-8.037174120545387e-05
0.00011079703108407557,-0.0022470734547823668,-0.0006535970605909824
0.0038935509510338306,3.072828985750675e-05,0.001112345140427351
-0.0009957090951502323,-0.0006940508028492332,-0.0002915766090154648
0.0003028482897207141,0.00035576726077124476,-0.0007027685642242432
0.000985963735729456,0.0003850662615150213,-0.0031061172485351562
0.003069354686886072,0.0008010519668459892,0.0003464045003056526
-0.002798676723614335,-0.00221704482100904,0.0002446533180773258
0.002075707074254751,-0.0008798716589808464,-0.0012014429084956646
0.001976447645574808,0.0003639993374235928,0.0007189498282968998
0.0008438051445409656,-0.0007196409278549254,0.0007072319276630878
0.0015129877720028162,0.0025475905276834965,0.0009815311059355736
-0.0011403196258470416,-0.0022136089392006397,-0.00016309600323438644
0.00013857492012903094,0.003000689437612891,0.002655518241226673
-0.0005647659418173134,-0.0015679632779210806,-0.002078783232718706
-0.0011968233156949282,0.0019297838443890214,0.0014853929169476032
0.0004772396932821721,0.0011257753940299153,0.0003202599473297596
-0.0017833902966231108,-0.0018050711369141936,0.00023706955835223198
-0.0020539676770567894,-0.0008133099763654172,0.0007044542580842972
0.0008909651078283787,0.0021279966458678246,0.00010129762813448906
0.0015508964424952865,0.002997518749907613,-0.0017719701863825321
-0.00011623924365267158,-0.0008949852781370282,-0.0018685287795960903
-0.0010941519867628813,0.00018625811208039522,0.00016586016863584518
-0.0003968711826018989,-0.0015203459188342094,0.0005453643389046192
0.0009341767290607095,-0.00015840530977584422,0.0005419021472334862
-0.0007677987450733781,-0.0022238469682633877,-0.0008612917736172676
0.002862356137484312,-0.0010616433573886752,-0.0031598659697920084
0.00016314609092660248,-0.0011242148466408253,-0.0032293519470840693
0.0004928454291075468,0.00017886987188830972,-0.0007760478183627129
-0.0003602078359108418,-0.00016479540499858558,-0.0002528838813304901
-6.939063314348459e-05,-0.0014665485359728336,0.00026110652834177017
-0.002284882590174675,0.00043177942279726267,-0.0008794264867901802
-0.0008166818879544735,-0.00045025956933386624,-0.0005755596794188023
-0.00027581321774050593,-0.0003997966123279184,-0.0022356202825903893
0.0011838653590530157,-0.002848306903615594,-0.0015988582745194435
0.0021117955911904573,0.0015839635161682963,-0.0007408969104290009
0.0005527811008505523,-0.0006770602194592357,-0.0011153374798595905
-0.000434173212852329,0.0007265016902238131,-0.001996629871428013
-0.0022033110726624727,0.00012995360884815454,0.0010644076392054558
0.0003738808154594153,-0.002334904856979847,-0.0020888526923954487
0.0007211570045910776,-0.00199322123080492,0.0007354295812547207
-0.0006919673760421574,-0.00823184847831726,-0.000561972614377737
0.00014799366181250662,-0.0072440821677446365,0.011999625712633133
-0.0001380816102027893,-0.010585218667984009,0.0833008736371994
-0.0024329274892807007,-0.010070163756608963,0.23001042008399963
0.0004686314205173403,-0.010045742616057396,0.36498215794563293
-0.00013324295287020504,-0.010833505541086197,0.38835591077804565
0.002022301545366645,-0.01556894090026617,0.24859800934791565
8.51181976031512e-05,-0.017382552847266197,0.01511840894818306
0.0011669294908642769,-0.010208437219262123,-0.00030978117138147354
0.0005498750833794475,-0.009027858264744282,-0.001010192558169365
0.0014646451454609632,-0.00898543931543827,0.002032708376646042
-0.0009212809382006526,-0.007220828905701637,0.0017693210393190384
3.3487449400126934e-06,-0.0083240307867527,-0.003395100822672248
0.0004116113414056599,-0.008715515956282616,-0.01069509144872427
0.0006915025878697634,-0.007388000842183828,-0.012567300349473953
0.0029370798729360104,-0.0054750521667301655,-0.008680417202413082
0.0010222996352240443,-0.006811333354562521,0.009379575960338116
0.0020380292553454638,-0.004134323913604021,0.020790155977010727
6.503189797513187e-05,-0.005438412539660931,0.006315750535577536
0.0008554580854251981,-0.004589131101965904,0.03342992812395096
0.0015910895308479667,-0.0075743719935417175,0.07744432240724564
0.0026723328046500683,-0.0026858733035624027,0.14257672429084778
-0.00010324109462089837,-0.005486620590090752,0.19473764300346375
0.0011348624248057604,-0.004386735148727894,0.25418442487716675
-0.0017256083665415645,-0.005886800121515989,0.31661829352378845
0.001161524560302496,-0.0032870222348719835,0.39208295941352844
0.0030992398969829082,-0.003806169144809246,0.40887072682380676
0.0005532579380087554,0.0007196067599579692,0.43289056420326233
0.0024242468643933535,9.869196219369769e-05,0.5074679851531982
-0.0003379837144166231,0.0007109527359716594,0.6111605763435364
-0.0003205852408427745,0.0014057150110602379,0.7194892764091492
-0.0007592078763991594,0.00034178222995251417,0.797592043876648
0.0037991460412740707,0.0011515931691974401,0.7874225974082947
0.0043845088221132755,0.002165724989026785,0.7510939240455627
0.004074059892445803,0.0036007273010909557,0.7306872010231018
-0.0025726575404405594,0.00024061702424660325,0.7082316875457764
-0.0055223917588591576,-0.001904099015519023,0.6675149202346802
-0.0027295348700135946,-0.0025035764556378126,0.6164988875389099
-0.004189213737845421,0.0006658514612354338,0.5753575563430786
-0.004444610793143511,-0.0015786606818437576,0.5621054172515869
-0.0015471564838662744,0.004084098152816296,0.5438272356987
0.007107850629836321,0.004290492739528418,0.46931037306785583
0.0061273942701518536,0.00510758813470602,0.36229458451271057
0.00302268099039793,0.0037355273962020874,0.3324003219604492
0.003023365279659629,0.002912741620093584,0.3225691318511963
0.001233188435435295,0.002067454159259796,0.2852556109428406
0.004776405170559883,0.0019470419501885772,0.27698689699172974
0.0016109717544168234,0.0011510230833664536,0.2895143926143646
0.006399810779839754,0.002185544930398464,0.32195910811424255
0.004285527393221855,0.0035075382329523563,0.35615596175193787
0.010081036016345024,0.0012508542276918888,0.39274507761001587
0.012873094528913498,0.0039528971537947655,0.4371064007282257
0.009567729197442532,0.0046739461831748486,0.48603999614715576
0.00639750249683857,0.007381848059594631,0.5490323305130005
0.005181799177080393,0.003811975009739399,0.6007634401321411
-0.0006926010828465223,0.001416994258761406,0.6174185872077942
-0.005392756313085556,0.006774591282010078,0.6241937279701233
-0.010593377985060215,0.002352412324398756,0.6451647877693176
-0.012910985387861729,2.8332520741969347e-05,0.6538702845573425
-0.005780105013400316,-0.008343048393726349,0.6385067701339722
0.005972490180283785,-0.014730114489793777,0.6188066601753235
0.02601437456905842,-0.0253987368196249,0.5850359201431274
0.042215123772621155,-0.04149090498685837,0.5285254120826721
0.059312883764505386,-0.053453825414180756,0.38036710023880005
0.06124722585082054,-0.056779175996780396,0.1519441306591034
0.05696858838200569,-0.022489646449685097,-0.051395416259765625
0.08169210702180862,-0.02084246277809143,-0.1890384405851364
0.045706674456596375,-0.0438295379281044,-0.32929888367652893
-0.01116702239960432,-0.03197280317544937,-0.38248518109321594
-0.0742993876338005,-0.03305111825466156,-0.3304680287837982
-0.1444305181503296,-0.00315621355548501,-0.23248499631881714
-0.2058938890695572,0.019518472254276276,-0.12462777644395828
-0.2830139100551605,-0.054397664964199066,-0.1748994141817093
-0.3095152974128723,-0.14953111112117767,-0.36659616231918335
-0.31059783697128296,-0.3098779618740082,-0.4856279790401459
-0.3335425853729248,-0.6209309101104736,-0.5604081749916077
-0.4756874442100525,-1.086912989616394,-0.5671619176864624
-0.6917707324028015,-1.6628631353378296,-0.5314084887504578
-0.4780263900756836,-2.3492114543914795,-0.5252082347869873
-0.5088285207748413,-2.4948179721832275,-0.22305721044540405
-1.004599690437317,-1.8473949432373047,-0.011725232005119324
-1.5165231227874756,-1.1078649759292603,0.2238851636648178
-1.7533855438232422,-0.8607880473136902,0.457527220249176
-1.767829418182373,-0.9118639826774597,0.6231497526168823
-1.6787680387496948,-0.8798009157180786,0.7117069363594055
-1.5266727209091187,-0.7275346517562866,0.7379540205001831
-1.3143067359924316,-0.5952624082565308,0.7540637254714966
-1.0621501207351685,-0.5723996758460999,0.7714003920555115
-0.8787584900856018,-0.6259689331054688,0.7883667945861816
-0.8850171566009521,-0.6000861525535583,0.8745908737182617
-1.0885634422302246,-0.4840834438800812,1.0358930826187134
-1.374111533164978,-0.3591971695423126,1.1786502599716187
-1.680374264717102,-0.2181432694196701,1.2951774597167969
-2.042203426361084,-0.07476107031106949,1.3892275094985962
-2.4114646911621094,0.029976390302181244,1.3601831197738647
-2.779060125350952,0.009507600218057632,1.1960338354110718
-2.9466469287872314,-0.4331510066986084,0.9176245927810669
-2.81915545463562,-1.158900499343872,0.6255037784576416
-2.6851627826690674,-1.4776052236557007,0.42673569917678833
-2.7321243286132812,-1.2830740213394165,0.3547704219818115
-2.805203914642334,-0.9675282835960388,0.31943947076797485
-2.790539026260376,-0.8481268286705017,0.29001739621162415
-2.714320182800293,-0.8108771443367004,0.2988130748271942
-2.6329891681671143,-0.7089230418205261,0.3167228400707245
-2.5663812160491943,-0.5915020704269409,0.33459946513175964
-2.497732400894165,-0.5397129654884338,0.35944807529449463
-2.4504549503326416,-0.5768970847129822,0.3962656259536743
-2.416557788848877,-0.627873420715332,0.47390449047088623
-2.3518030643463135,-0.6261532306671143,0.5426384806632996
-2.2683308124542236,-0.6273002624511719,0.5704788565635681
-2.186558485031128,-0.60764080286026,0.59525066614151
-2.088510036468506,-0.5508760809898376,0.6576903462409973
-1.9815123081207275,-0.48914724588394165,0.7373824715614319
-1.8628476858139038,-0.40734344720840454,0.8161928653717041
-1.7081639766693115,-0.22246131300926208,0.8728867769241333
-1.5186121463775635,0.00623044790700078,0.8841679096221924
-1.3104900121688843,0.2306760549545288,0.8867018818855286
-1.071108102798462,0.502033531665802,0.9291664958000183
-0.8496021032333374,0.6445841789245605,0.9151735901832581
-0.6857500672340393,0.6361904740333557,0.8593534231185913
-0.6230804324150085,0.5660540461540222,0.7722085118293762
-0.6310433149337769,0.4602610468864441,0.6673305630683899
-0.6881946921348572,0.3356080949306488,0.5705108642578125
-0.8177289366722107,0.21197029948234558,0.4666963219642639
-0.9726389646530151,0.17291049659252167,0.35657721757888794
-1.0893208980560303,0.1352163851261139,0.26458868384361267
-1.1475363969802856,0.12372566759586334,0.17669494450092316
-1.1214898824691772,0.09615609049797058,0.06281126290559769
-1.0415034294128418,0.07607388496398926,-0.02487710490822792
-0.9384108781814575,0.11004969477653503,-0.05184560269117355
-0.8155208826065063,0.10585620254278183,-0.02306455932557583
-0.6868183016777039,0.05759147182106972,0.048139311373233795
-0.5437425374984741,0.022957270964980125,0.1153288260102272
-0.3679198622703552,-0.03202901408076286,0.15477824211120605
-0.1657675802707672,-0.06855437159538269,0.17661108076572418
0.0288101639598608,-0.07126013934612274,0.1840444952249527
0.19355647265911102,-0.027404192835092545,0.1659536212682724
0.30415651202201843,0.01215679943561554,0.14456391334533691
0.328662633895874,0.009262040257453918,0.12701928615570068
0.2961483597755432,-0.02588050067424774,0.12482642382383347
0.26478514075279236,-0.062065813690423965,0.13568946719169617
0.27180150151252747,-0.05991451069712639,0.13422580063343048
0.3116475045681,-0.04641558602452278,0.10914821922779083
0.36625027656555176,-0.04034038260579109,0.08575927466154099
0.42355096340179443,-0.050964128226041794,0.08448077738285065
0.45729562640190125,-0.05136919394135475,0.09480052441358566
0.46614429354667664,-0.02290879562497139,0.10299753397703171
0.45360639691352844,-0.005415290594100952,0.09591752290725708
0.41069015860557556,0.007287836167961359,0.0832236260175705
0.3512739837169647,0.031206220388412476,0.06631600856781006
0.30381152033805847,0.036639828234910965,0.04793129116296768
0.26784420013427734,0.04184790700674057,0.019854117184877396
0.22457128763198853,0.04136081412434578,0.0036892639473080635
0.17188970744609833,0.041339509189128876,-0.011133890599012375
0.13294899463653564,0.02727331966161728,-0.02445046603679657
0.10255007445812225,0.011153205297887325,-0.03315580636262894
0.07062657922506332,-0.040408141911029816,-0.032991133630275726
0.041509706526994705,-0.09400399029254913,-0.01833655871450901
0.038232870399951935,-0.10432375967502594,-0.00032089510932564735
0.0735490545630455,-0.0994642898440361,0.0014588949270546436
0.12054812908172607,-0.06870678067207336,-0.0072649396024644375
0.14879387617111206,-0.03513976186513901,-0.018871527165174484
0.14305496215820312,-0.008047951385378838,-0.01817570999264717
0.11053777486085892,0.020422039553523064,-0.014430241659283638
0.046772561967372894,0.02252952754497528,-0.014783989638090134
-0.009161808528006077,0.01475629210472107,-0.010681124404072762
-0.05060078948736191,-0.0022070561535656452,-0.010479439049959183
-0.062126949429512024,-0.036678746342659,-0.020172812044620514
-0.06181330606341362,-0.04817270115017891,-0.039284802973270416
-0.04809349775314331,-0.07542908936738968,-0.058231864124536514
-0.026867153123021126,-0.09840837866067886,-0.0696372389793396
0.0027096462436020374,-0.10699894279241562,-0.07127588242292404
0.03713768348097801,-0.10925330966711044,-0.06143840029835701
0.08084362000226974,-0.09005458652973175,-0.039204202592372894
0.12607446312904358,-0.05150808393955231,-0.01697668991982937
0.16213978826999664,0.005982906091958284,-0.0014448673464357853
0.17850343883037567,0.059078484773635864,0.002163063734769821
0.17877721786499023,0.10015614330768585,-0.023148152977228165
0.1507788747549057,0.10661377757787704,-0.06311341375112534
0.10335037857294083,0.08518251776695251,-0.10593144595623016
0.045085445046424866,0.03998272120952606,-0.12913772463798523
-0.013891053386032581,-0.0034065628424286842,-0.13076651096343994
-0.05950700491666794,-0.028241410851478577,-0.12569746375083923
-0.10034791380167007,-0.05676999315619469,-0.11293932050466537
-0.13652043044567108,-0.07405690103769302,-0.10077784210443497
-0.14839333295822144,-0.0698552280664444,-0.10149476677179337
-0.14846593141555786,-0.06281972676515579,-0.10566066950559616
-0.13355489075183868,-0.05517059192061424,-0.11414603143930435
-0.12094272673130035,-0.04371378943324089,-0.11645448952913284
-0.09833968430757523,-0.018335197120904922,-0.10714300721883774
-0.07854177057743073,0.018584642559289932,-0.10304256528615952
-0.06321501731872559,0.054658759385347366,-0.10445190966129303
-0.05976962298154831,0.09925314038991928,-0.10631393641233444
-0.06150813400745392,0.14132122695446014,-0.10405530780553818
-0.06590652465820312,0.17650464177131653,-0.11233232915401459
-0.07716849446296692,0.18748672306537628,-0.1324423849582672
-0.08108378946781158,0.19524285197257996,-0.15041384100914001
-0.06312716007232666,0.1900840401649475,-0.16383378207683563
-0.0448390394449234,0.1736241579055786,-0.16479524970054626
-0.04927346855401993,0.13767200708389282,-0.16430017352104187
-0.051770832389593124,0.0966624990105629,-0.1477319449186325
-0.041132036596536636,0.06458631902933121,-0.12541279196739197
-0.031109869480133057,0.04276203364133835,-0.10458779335021973
-0.05165828764438629,0.020527303218841553,-0.10269641876220703
-0.1117544025182724,-0.015411978587508202,-0.08885490894317627
-0.19343701004981995,-0.05288372188806534,-0.07032570242881775
-0.2763640880584717,-0.08121228218078613,-0.05621517449617386
-0.3346673250198364,-0.10577435046434402,-0.05579546093940735
-0.35197168588638306,-0.11680247634649277,-0.06241868436336517
-0.3433648943901062,-0.12039534747600555,-0.06640543043613434
-0.30710887908935547,-0.10249171406030655,-0.07171120494604111
-0.2476567178964615,-0.0768345519900322,-0.06662643700838089
-0.17252393066883087,-0.0442529059946537,-0.05885060876607895
-0.10676036030054092,-0.012102962471544743,-0.05216820538043976
-0.053403522819280624,0.011479365639388561,-0.04291277378797531
-0.012166605331003666,0.04265512898564339,-0.04571415111422539
0.0003891731321346015,0.06786436587572098,-0.044661905616521835
-0.02061198279261589,0.09037473052740097,-0.05092858895659447
-0.06496530771255493,0.07335163652896881,-0.05545194074511528
-0.11861548572778702,0.01548833679407835,-0.06200704723596573
-0.16856658458709717,-0.056166160851716995,-0.061102159321308136
-0.20242521166801453,-0.10699845105409622,-0.04939889907836914
-0.21862530708312988,-0.1363120824098587,-0.032853301614522934
-0.19522252678871155,-0.13403454422950745,-0.02030342072248459
-0.14623232185840607,-0.10797861218452454,-0.013616195879876614
-0.07874782383441925,-0.07354579865932465,-0.013464661315083504
-0.020085757598280907,-0.036359433084726334,-0.012679209932684898
0.029201366007328033,-0.015454951673746109,-0.007657286711037159
0.05890370160341263,0.012873036786913872,-0.0007044598460197449
0.07678842544555664,0.0641695111989975,0.01051730290055275
0.07222466170787811,0.08644236624240875,0.011070244014263153
0.07074953615665436,0.07820947468280792,0.013183994218707085
0.06979043036699295,0.09112896025180817,0.02147405780851841
0.07608108222484589,0.10073844343423843,0.03984134644269943
0.09020216017961502,0.11451779305934906,0.06102726235985756
0.10471345484256744,0.13615678250789642,0.07808028161525726
0.11114856600761414,0.15381909906864166,0.08154728263616562
0.08881955593824387,0.18017426133155823,0.07914910465478897
0.0351434089243412,0.21034781634807587,0.06548989564180374
-0.0812324658036232,-0.7778886556625366,0.018529042601585388
0.7706894278526306,0.385346919298172,0.24056172370910645
1.1742219924926758,0.35172319412231445,0.19202561676502228
0.7364284992218018,0.03150331601500511,0.16099052131175995
0.32164889574050903,0.3468862771987915,0.1229962706565857
0.16131839156150818,0.17804233729839325,0.0035929707810282707
0.056217800825834274,0.12961514294147491,-0.0024193814024329185
0.04589901119470596,0.08249297738075256,0.045365069061517715
0.08487650007009506,0.01537279412150383,0.07874726504087448
0.12794291973114014,0.013667894527316093,0.12722842395305634
0.16782695055007935,-0.0071151480078697205,0.11501862853765488
0.20237526297569275,-0.021087536588311195,0.03783427178859711
0.1833973079919815,0.09479645639657974,-0.025588640943169594
0.2342464029788971,0.2248649001121521,-0.02356434427201748
0.3116123080253601,0.33343371748924255,-0.002058518584817648
0.3820880949497223,0.38448411226272583,0.051933638751506805
0.41162148118019104,0.3796185255050659,0.09840712696313858
0.3737964332103729,0.3316059410572052,0.12769000232219696
0.28858885169029236,0.24168695509433746,0.15269362926483154
0.17600923776626587,0.14144600927829742,0.17539246380329132
0.06896639615297318,0.06362604349851608,0.2012224644422531
-0.011006176471710205,0.010221404954791069,0.22006089985370636
-0.05062682181596756,-0.02226915955543518,0.21935543417930603
-0.04319583252072334,-0.010426445864140987,0.21502429246902466
-0.006776308640837669,0.043229855597019196,0.2103661596775055
0.03219424933195114,0.10360309481620789,0.20644064247608185
0.05419488996267319,0.12315122783184052,0.19431927800178528
0.05699086934328079,0.09771978855133057,0.17593088746070862
0.041240666061639786,0.05014880746603012,0.15823738276958466
0.01894097961485386,0.019788695499300957,0.15922781825065613
0.00428054528310895,0.005816686432808638,0.16803808510303497
0.0036504075396806,0.013113291934132576,0.17393988370895386
0.016120659187436104,0.02788211777806282,0.17185622453689575
0.02068193443119526,0.037159085273742676,0.15894530713558197
0.01654444821178913,0.042642802000045776,0.13657687604427338
-0.002389167435467243,0.04774688184261322,0.12339035421609879
-0.015244245529174805,0.07122211903333664,0.11375317722558975
-0.02876761555671692,0.09403685480356216,0.10699532926082611
-0.043004874140024185,0.1095186099410057,0.09548381716012955
-0.050338707864284515,0.10653283447027206,0.0765332505106926
-0.05613694339990616,0.08552821725606918,0.06283741444349289
-0.07378312200307846,0.04862451180815697,0.05961251258850098
-0.09125985205173492,0.00550446892157197,0.05552961677312851
-0.10084960609674454,-0.03448706120252609,0.053999390453100204
-0.09254559874534607,-0.04477858170866966,0.06022799387574196
-0.07070320099592209,-0.04186180979013443,0.06914526224136353
-0.036984123289585114,-0.0376388356089592,0.07432564347982407
-0.0038308524526655674,-0.03749321773648262,0.07951226830482483
0.024187998846173286,-0.04181366413831711,0.08355973660945892
0.044566333293914795,-0.02367306686937809,0.09223800897598267
0.049862295389175415,-0.021334543824195862,0.0867186039686203
0.04535069689154625,-0.010948369279503822,0.07375732809305191
0.03746347874403,-0.01647655852138996,0.06272384524345398
0.02819214202463627,-0.003714633407071233,0.060321878641843796
-0.013677542097866535,-0.004596139770001173,0.04566330835223198
-0.06036396324634552,-0.016879837960004807,0.028624527156352997
-0.11198773980140686,-0.03253842517733574,0.014554249122738838
-0.16896726191043854,-0.04827916994690895,0.012925071641802788
-0.2387111932039261,-0.06103145331144333,0.002384812105447054
-0.2830117642879486,-0.0075767310336232185,-0.0068163746036589146
-0.3457965850830078,0.05924117937684059,-0.04548760503530502
-0.46349775791168213,0.07958316057920456,-0.09224987775087357
-0.5310893654823303,0.09938722848892212,-0.1455298811197281
-0.4042826294898987,0.23387029767036438,-0.26438456773757935
-0.11478102207183838,0.3446117341518402,-0.3880314230918884
0.2371433973312378,0.8680006265640259,-0.36329737305641174
0.6181490421295166,1.4345910549163818,-0.24763017892837524
0.9116994142532349,1.8040601015090942,-0.22197943925857544
1.0012344121932983,1.901456356048584,-0.25507134199142456
0.778559148311615,1.4574527740478516,-0.26022595167160034
0.4375792145729065,0.9884105920791626,-0.2059994488954544
0.12163765728473663,0.6591702699661255,-0.036144740879535675
-0.10263513028621674,0.4672093987464905,0.1834683120250702
-0.19018395245075226,0.3740634322166443,0.3025650680065155
-0.21600036323070526,0.32893431186676025,0.3417465388774872
-0.22635184228420258,0.3369941711425781,0.3587705194950104
-0.2388191521167755,0.35141971707344055,0.3812718391418457
-0.20574980974197388,0.36405229568481445,0.33878225088119507
-0.10636942833662033,0.42946431040763855,0.21613088250160217
-0.002658762037754059,0.5131237506866455,0.14388009905815125
0.06123446673154831,0.5947666764259338,0.1057170033454895
0.09970591217279434,0.5306190848350525,0.02143404632806778
0.10965921729803085,0.24327629804611206,-0.10374118387699127
0.07421489804983139,-0.0764896348118782,-0.2292354851961136
0.02384946309030056,-0.288015216588974,-0.34955260157585144
-0.027909673750400543,-0.4087333679199219,-0.4371853172779083
-0.04132827743887901,-0.46403950452804565,-0.492389440536499
0.0011582663282752037,-0.47533929347991943,-0.5325815081596375
0.0693916529417038,-0.41757932305336,-0.5516873002052307
0.13397614657878876,-0.30446138978004456,-0.5333893299102783
0.17975641787052155,-0.18255893886089325,-0.5015861392021179
0.21446873247623444,-0.07959077507257462,-0.4644940495491028
0.24815745651721954,0.009957483969628811,-0.4421447813510895
0.2965933084487915,0.05533894896507263,-0.39321544766426086
0.3622053563594818,0.10851321369409561,-0.32210904359817505
0.4207722544670105,0.13452990353107452,-0.2773019075393677
0.4548300802707672,0.12128973007202148,-0.2596914768218994
0.45007744431495667,0.06566278636455536,-0.25218796730041504
0.4089854061603546,-0.009585360996425152,-0.24365946650505066
0.3633926808834076,-0.09090203791856766,-0.22929887473583221
0.32595741748809814,-0.15547677874565125,-0.22024571895599365
0.3174681067466736,-0.15261438488960266,-0.24248889088630676
0.34386616945266724,-0.13206782937049866,-0.26897963881492615
0.38912495970726013,-0.1090017557144165,-0.2907576560974121
0.4211992621421814,-0.10483550280332565,-0.29573458433151245
0.44962185621261597,-0.09688384085893631,-0.29154276847839355
0.4593682289123535,-0.1072685718536377,-0.2464335858821869
0.4492770731449127,-0.16196711361408234,-0.2175518125295639
0.43252286314964294,-0.27547982335090637,-0.20781210064888
0.43307584524154663,-0.3829997479915619,-0.2293478548526764
0.45410096645355225,-0.3613583743572235,-0.25747695565223694
0.4795326590538025,-0.22776532173156738,-0.28718048334121704
0.5124713778495789,-0.09364107996225357,-0.3098788559436798
0.549294114112854,0.019349027425050735,-0.34569093585014343
0.6139143705368042,0.09835515916347504,-0.38746315240859985
0.6811279058456421,0.16493244469165802,-0.42281678318977356
0.7334957718849182,0.22018052637577057,-0.42736998200416565
0.7663071751594543,0.2433663308620453,-0.40127530694007874
0.7998917698860168,0.2576233148574829,-0.36159342527389526
0.8333668112754822,0.23077523708343506,-0.34366166591644287
0.8549724817276001,0.16865646839141846,-0.33509403467178345
0.8676089644432068,0.08980534970760345,-0.3408953845500946
0.8790648579597473,0.02726633846759796,-0.3546719253063202
0.9083986878395081,0.016503671184182167,-0.37247389554977417
0.9605058431625366,0.04931967332959175,-0.4050326645374298
1.0277297496795654,0.11524657160043716,-0.43685615062713623
1.1013187170028687,0.17765001952648163,-0.4647466540336609
1.1812578439712524,0.2134135514497757,-0.5092014074325562
1.2871406078338623,0.23492683470249176,-0.5753969550132751
1.4169323444366455,0.2394600212574005,-0.6444413661956787
1.5674669742584229,0.23155149817466736,-0.7136960625648499
1.7292373180389404,0.22615738213062286,-0.8064914345741272
1.8906073570251465,0.2062060534954071,-0.9128210544586182
2.032749891281128,0.19557076692581177,-1.0215156078338623
2.168895959854126,0.20169523358345032,-1.1484746932983398
2.2802751064300537,0.22641952335834503,-1.2501990795135498
2.3794591426849365,0.25464317202568054,-1.3860276937484741
2.467151403427124,0.2837708294391632,-1.5049340724945068
2.5057027339935303,0.3757209777832031,-1.6511263847351074
2.5273802280426025,0.4635976552963257,-1.7623353004455566
2.502023458480835,0.5647040605545044,-1.8350273370742798
2.4154930114746094,0.6574326753616333,-1.8557276725769043
2.293667793273926,0.7738394737243652,-1.8201066255569458
2.157139301300049,0.8637304306030273,-1.7125710248947144
2.008945941925049,0.8789453506469727,-1.514573574066162
1.847822666168213,0.8057622313499451,-1.2687619924545288
1.7070517539978027,0.6810362935066223,-1.0285073518753052
1.6180108785629272,0.5271736979484558,-0.8030210733413696
1.58060884475708,0.4068102240562439,-0.596173882484436
1.5787932872772217,0.3805580735206604,-0.4183516204357147
1.6252731084823608,0.4587535560131073,-0.2907947301864624
1.6752759218215942,0.6202223896980286,-0.19592709839344025
1.7115370035171509,0.7889956831932068,-0.14095039665699005
1.7130670547485352,0.8910000324249268,-0.11544223129749298
1.668244481086731,0.8953630924224854,-0.08487793058156967
1.56952965259552,0.8454405665397644,-0.04464981332421303
1.4353749752044678,0.7748750448226929,-0.003186259651556611
1.2694653272628784,0.6674728393554688,0.04542015120387077
1.0955671072006226,0.565009593963623,0.08295900374650955
0.9300868511199951,0.4568629264831543,0.09992952644824982
0.7742405533790588,0.3328102231025696,0.08856022357940674
0.6513274312019348,0.24170294404029846,0.05488135665655136
0.5797235369682312,0.23822298645973206,7.856031879782677e-05
0.5599441528320312,0.2871360778808594,-0.053675029426813126
0.5792653560638428,0.34384462237358093,-0.1073012426495552
0.6254231929779053,0.3985169231891632,-0.14938166737556458
0.6771460175514221,0.41320639848709106,-0.1657174974679947
0.6814760565757751,0.38127151131629944,-0.14453448355197906
0.6230388283729553,0.3208116292953491,-0.09953798353672028
0.5416598916053772,0.21785935759544373,-0.03926977887749672
0.46473339200019836,0.15793530642986298,0.011068491265177727
0.40108636021614075,0.13905282318592072,0.03721311315894127
0.36800962686538696,0.16279862821102142,0.04648490622639656
0.354989230632782,0.2218368500471115,0.04041989892721176
0.32618021965026855,0.29466792941093445,0.011842581443488598
0.2863612174987793,0.3092038035392761,-0.011467492207884789
0.2422771006822586,0.2531035244464874,-0.01225951500236988
0.2080407291650772,0.19668921828269958,-0.024091258645057678
0.20326673984527588,0.1493222415447235,-0.0338437557220459
0.20701666176319122,0.15095436573028564,-0.0283883698284626
0.2845489978790283,0.2507808208465576,-0.02976123057305813
0.4625805616378784,0.4892083406448364,-0.018640076741576195
0.4647856652736664,0.45259547233581543,-0.06440090388059616
0.48677533864974976,0.3725380599498749,-0.09734213352203369
0.48966485261917114,0.3202517032623291,-0.15651783347129822
0.4695305824279785,0.22886016964912415,-0.204863503575325
-0.8105475902557373,-0.2615124583244324,-0.1223185658454895
-0.3929387331008911,-0.2940075099468231,-0.19435182213783264
-0.3597320318222046,-0.2201516479253769,-0.10941535979509354
-0.3290385603904724,-0.1553570181131363,-0.08738033473491669
-0.26052501797676086,-0.08923365920782089,-0.06294849514961243
-0.1972573846578598,-0.08487292379140854,-0.0609450489282608
-0.12691344320774078,-0.06977200508117676,-0.07830539345741272
-0.0822904035449028,-0.037714581936597824,-0.09525330364704132
-0.04610443487763405,-0.02847634255886078,-0.12765464186668396
-0.025213362649083138,-0.03470435366034508,-0.1618097871541977
-0.027917269617319107,-0.0329836867749691,-0.19535575807094574
-0.035886649042367935,-0.01976095326244831,-0.22078105807304382
-0.052435263991355896,-0.008120541460812092,-0.19935300946235657
-0.07255876809358597,0.024655375629663467,-0.15378087759017944
-0.11166835576295853,0.028196047991514206,-0.08889589458703995
-0.149767205119133,0.020946772769093513,-0.025391139090061188
-0.18402904272079468,-0.021954355761408806,0.06426924467086792
-0.227100670337677,-0.05302787572145462,0.14394798874855042
-0.24007053673267365,-0.032415807247161865,0.17529764771461487
-0.2440539002418518,-0.01869940012693405,0.16416345536708832
-0.2600933015346527,0.011688864789903164,0.1592952013015747
-0.2969551980495453,0.04491809755563736,0.15800409018993378
-0.34915822744369507,-0.0023844365496188402,0.16596587002277374
-0.42140597105026245,-0.08124043792486191,0.23477484285831451
-0.5194414854049683,-0.17617440223693848,0.25562578439712524
-0.5832968354225159,-0.17139390110969543,0.2883606553077698
-0.60923171043396,-0.12689435482025146,0.30327942967414856
-0.5938622951507568,-0.04722676798701286,0.28648900985717773
-0.5322927236557007,0.1628609597682953,0.21454186737537384
-0.5688949823379517,0.39960184693336487,-0.04265324026346207
-0.7172367572784424,0.041230108588933945,0.025292787700891495
-0.729022204875946,0.038512758910655975,-0.05407192185521126
-0.4969990849494934,0.24873124063014984,-0.28260576725006104
0.05666845664381981,0.00013725267490372062,-0.7071899771690369
0.17265763878822327,0.012411762028932571,-0.749687135219574
-0.04070701822638512,0.008747190237045288,-0.5021244287490845
-0.056170132011175156,0.0016461382620036602,-0.4347943663597107
0.018594324588775635,0.00539203267544508,-0.46506786346435547
0.024717198684811592,0.002395443618297577,-0.36276254057884216
0.028172669932246208,0.0133587047457695,-0.24474430084228516
0.018234552815556526,0.004872542340308428,-0.18072722852230072
0.02720046602189541,0.008983436040580273,-0.15241797268390656
0.007221963256597519,0.003245922038331628,-0.1071663424372673
0.007822733372449875,0.00410859752446413,-0.07703989744186401
0.00812420342117548,0.0020840622019022703,-0.05675486847758293
0.007698878180235624,-0.0016146325506269932,-0.04411473125219345
-0.003731941571459174,-0.0025643156841397285,-0.02961302176117897
-0.000482988019939512,-0.0032436251640319824,-0.04882727563381195
0.006418860051780939,-0.00277783814817667,-0.08780290186405182
0.004052844829857349,-8.780782809481025e-05,-0.08651484549045563
0.004085335414856672,0.002593462821096182,-0.0752483457326889
0.006217152811586857,0.0012682585511356592,-0.06404710561037064
0.006234463304281235,0.005247021093964577,-0.04244647175073624
0.004282841458916664,0.004461635835468769,-0.032414667308330536
0.0037789714988321066,0.0005566426552832127,-0.03224049508571625
0.004102013073861599,0.0038107591681182384,-0.06966643035411835
0.0043179951608181,0.0014069899916648865,-0.09623971581459045
0.0027027493342757225,-0.0011852537281811237,-0.12222208827733994
-0.0005337901529856026,-0.00024782109539955854,-0.13954433798789978
-0.0019489768892526627,-0.001087951590307057,-0.12142311036586761
-0.002190791768953204,-0.0012259033974260092,-0.10927244275808334
-0.0039197783917188644,-0.0031553886365145445,-0.3087374269962311
-0.009182717651128769,0.013986846432089806,-0.4256850779056549
-0.006875252816826105,0.008725183084607124,-0.0012679263018071651
0.00159546360373497,-0.0037471987307071686,0.39607781171798706
-0.006043185014277697,-0.01791180856525898,0.407366544008255
-0.002230870071798563,-0.00979289598762989,0.3921785354614258
-0.002892133081331849,-0.0009261668310500681,0.25831156969070435
-0.00433476734906435,0.00761618884280324,0.21465836465358734
-0.001685139024630189,0.0009149007964879274,0.15791843831539154
-0.005915304180234671,0.011524136178195477,0.1354951560497284
-0.005890756845474243,0.013479079119861126,0.09542286396026611
-0.0060888961888849735,0.00735514098778367,0.005186179187148809
-0.00332906236872077,0.0017973900539800525,-0.07363433390855789
-0.0010709681082516909,0.0034565394744277,-0.11326296627521515
-0.002739792689681053,-3.124243812635541e-05,-0.11422362923622131
-0.0008611987577751279,-0.00112473638728261,-0.11208777129650116
0.0007306408369913697,-0.0016142154345288873,-0.1913474202156067
0.002570618875324726,-0.0010416358709335327,-0.15290921926498413
0.00013038385077379644,-0.00118428491987288,-0.031116168946027756
-0.0002653618867043406,-0.002955020871013403,0.07840420305728912
0.0027250968851149082,0.0011355991009622812,0.1826009303331375
0.0003713951155077666,0.0046248724684119225,0.20693396031856537
-0.0019388172077015042,0.007319836877286434,0.16881060600280762
-0.0011515867663547397,0.01135266199707985,0.10923703014850616
0.002666074549779296,0.011243297718465328,0.05147174373269081
0.00029692641692236066,0.011156745254993439,0.024544786661863327
-0.001241163699887693,0.005434905644506216,0.005617319140583277
-0.0010792434914037585,0.001206871005706489,-0.0027607190422713757
3.563231439329684e-05,-0.00021753829787485301,-0.0021829959005117416
-0.0030483081936836243,-0.0014364670496433973,3.222143277525902e-05
-0.0016008618986234069,-0.005889441817998886,-0.002500153612345457
-0.008517623879015446,-0.00026244911714456975,-0.0032274629920721054
-0.009231901727616787,0.008746395818889141,-0.0012221275828778744
-0.008040936663746834,0.008154108189046383,0.0011981530115008354
-0.002196619985625148,0.017706437036395073,0.004082659259438515
-0.0043026478961110115,0.02003936469554901,0.0079671461135149
-0.003174713347107172,0.02378547564148903,0.007466793525964022
-0.001439131097868085,0.007427274249494076,0.0007399148307740688
-0.001881567994132638,0.0038862284272909164,0.002087418921291828
0.0017557775136083364,0.003909131977707148,-0.001586944330483675
0.0008731346460990608,0.0025103227235376835,0.0019493871368467808
-0.0018318380462005734,0.0009600967168807983,0.0001493562012910843
0.0009520205785520375,0.0023761189077049494,0.00195237435400486
0.0005325727397575974,0.0014839600771665573,0.003020302392542362
0.0011733293067663908,0.0030072880908846855,0.00460195355117321
-0.0003806251916103065,0.0008381434017792344,-0.002526795957237482
0.0004522076924331486,-0.00260903756134212,0.0018757195211946964
-0.0020242659375071526,-0.0013091487344354391,-0.0022058412432670593
-0.0023074736818671227,-0.0016175812343135476,-0.00023441947996616364
-0.0009710994781926274,-0.002119320910423994,0.0006622672080993652
0.0004188396851532161,0.0018199539044871926,-0.0026658368296921253
0.000558122992515564,0.0004007554380223155,-0.002760379109531641
-0.00032100456883199513,-0.0013567646965384483,0.00047079334035515785
-0.004191909451037645,0.0017841674853116274,-0.0001619737595319748
0.0003976474399678409,-0.0005502206040546298,-0.0003186766989529133
0.002197677968069911,0.000823704176582396,0.001752996351569891
0.0010107107227668166,-0.000649827066808939,0.0018275496549904346
-0.001742465072311461,-0.002104711951687932,0.0028816289268434048
-0.0005114992964081466,-0.003181670792400837,0.004949380178004503
0.0009319340460933745,-0.00038055790355429053,0.0002315901219844818
-0.0005485737347044051,-0.00023826060350984335,0.00043982313945889473
-0.0019776257686316967,-0.0010414699790999293,0.0027887308970093727
-0.0004593923513311893,0.002508759032934904,-0.0006002211011946201
0.00034461598261259496,-0.0011919696116819978,-0.0005951612256467342
0.0004564467817544937,0.0007512467564083636,-0.0011693486012518406
0.0002790802682284266,0.0002535019884817302,-0.0004569529555737972
0.00010854593710973859,0.0007808615919202566,-0.0011092675849795341
-0.0011258291779085994,-0.004102044273167849,0.0008691945113241673
-0.00027435022639110684,-0.0004254292289260775,0.00030949292704463005
-0.00031802611192688346,0.0008342459914274514,0.0004594288766384125
-0.002290966920554638,-0.002107331994920969,0.0019184942357242107
0.0004132067260798067,0.0018234936287626624,0.0010449769906699657
0.00019827332289423794,0.0017741280607879162,0.0016545518301427364
0.0001340911549050361,0.0009016765980049968,0.00044387858361005783
0.0008986445027403533,8.709321264177561e-05,0.0006771371699869633
0.0003899807343259454,0.003059979761019349,-0.0023442190140485764
-0.0011289323447272182,0.00021685409592464566,-0.0009914170950651169
0.000540869717951864,-0.00022230116883292794,-0.0015682578086853027
0.000786700751632452,-0.0007770491065457463,0.0007231035269796848
0.0006008120835758746,0.0013172607868909836,-0.0010758619755506516
0.0003211740404367447,-0.0007256452809087932,-0.001444962341338396
0.0006679176585748792,0.00036997918505221605,-0.0011320407502353191
0.0016870677936822176,-0.000731959065888077,-0.0018844190053641796
0.0007195414509624243,0.00017830939032137394,-0.0006314017809927464
0.0012432010844349861,0.00023487926227971911,0.003123725298792124
0.0014261602191254497,0.0014740480110049248,-0.0021144459024071693
-0.0013289928901940584,-0.0007619807147420943,5.6712888181209564e-05
0.0010390898678451777,-0.0010749021312221885,-0.00031666224822402
0.0017807690892368555,0.0016753501258790493,-0.0009414288215339184
-0.0006658770726062357,0.0011765400413423777,0.00039467914029955864
-0.0008418284123763442,-0.0008960876148194075,0.0005753114819526672
0.001503084902651608,7.256632670760155e-06,-0.00046731578186154366
-0.00020141052664257586,0.0008196706185117364,-0.0023334743455052376
-0.0007247216999530792,0.0018583034398034215,-0.0007840474136173725
0.000979774515144527,-0.0010996694909408689,-0.001153694000095129
0.0002988042251672596,0.0005229945527389646,0.0005781594663858414
-0.0009110650280490518,-0.0006228278507478535,-0.0008695516735315323
-0.001048750476911664,0.000274391146376729,-0.0007925862446427345
0.0015311393653973937,-0.0003585338999982923,-0.0026511214673519135
-0.00119939970318228,-0.0046512833796441555,-0.0019373944960534573
0.0014750831760466099,0.00024006754392758012,0.0010090852156281471
-0.0012725000269711018,-0.003080361755564809,0.0008972324430942535
0.0009626707178540528,-0.001270992448553443,-0.0011332845315337181
0.0005666586803272367,-0.0039171092212200165,0.0002454342320561409
0.0002956541138701141,-0.0011614314280450344,0.0001397412270307541
0.00013879392645321786,-0.0017918016528710723,-0.000950290821492672
0.0008689218666404486,0.0018847077153623104,0.0022945539094507694
0.000569582567550242,-0.0007329132640734315,0.001978169661015272
0.0003208479902241379,-0.00018303922843188047,0.0018927231431007385
0.0019179456867277622,9.792426135390997e-05,-0.00036537135019898415
-0.0006872115191072226,-0.00024046553880907595,-0.0020447061397135258
0.00022252427879720926,-0.0005113090155646205,-0.000351468101143837
0.0011394524481147528,0.0005928932223469019,-0.0013503404334187508
0.0002169334766222164,0.0001135242055170238,0.0007237293757498264
0.00042185187339782715,-0.00010236894013360143,-0.0002714917063713074
0.0004942898522131145,-0.00013885422958992422,-0.0007239626720547676
-0.001091841491870582,0.000614587333984673,0.0005023428238928318
0.001814998802728951,-0.001101819914765656,-0.0010723844170570374
-0.000708048464730382,0.001334578264504671,-0.0007792823016643524
0.004853430669754744,0.0008794438908807933,0.0025968067348003387
0.0016976618207991123,0.00048200669698417187,-0.0007630935870110989
-0.0017548601608723402,-0.0025526653043925762,0.0010577100329101086
-0.0008623350877314806,0.0006964512867853045,0.000882923137396574
-0.0009622036013752222,0.001150253927335143,-0.0004904689267277718
-0.0009765024296939373,6.413611117750406e-05,-0.00016002776101231575
0.00025494323926977813,-0.0014069940662011504,-0.0003975816071033478
-0.0018461060244590044,-0.0021030912175774574,0.0006117457523941994
-0.0006482161697931588,-0.0011158576235175133,-0.0006777569651603699
-1.9444385543465614e-05,-0.0004992829635739326,0.0020413827151060104
-0.003524430561810732,0.0016552142333239317,-0.0019381786696612835
0.001964376075193286,0.0007570215384475887,0.0008304906077682972
0.0008112273644655943,0.0007868488901294768,-0.002301120199263096
-0.0005383321549743414,0.0007415774744004011,7.702130824327469e-05
-0.001340742688626051,-0.0016637896187603474,-0.0002713203430175781
0.0018196596065536141,0.002395177260041237,0.0005242233164608479
-0.0007771886885166168,-0.00043789349729195237,7.037539035081863e-06
-0.002090748865157366,-0.0019297469407320023,0.001051486935466528
0.0016355459811165929,0.0002633662661537528,-0.0009882282465696335
-0.000505091215018183,-0.0010086240945383906,0.0003970400430262089
0.0007942650699988008,0.000555450445972383,-0.0016610510647296906
-0.0002723121433518827,7.143302354961634e-06,-9.67090018093586e-05
0.00015619047917425632,0.0013986449921503663,0.002355263102799654
-0.0005616965936496854,0.0009405865566805005,-0.0003704521805047989
0.0008625619229860604,0.00036188168451189995,0.0007078615017235279
-0.000901157152839005,-0.0006577234598807991,-0.0008200481534004211
-0.0010636099614202976,0.00037957780295982957,-0.0004772995598614216
-0.00019091350259259343,8.669617818668485e-05,-0.00041627930477261543
2.5068875402212143e-05,-0.0004986666026525199,0.00142263388261199
-0.00022539589554071426,-0.0011805389076471329,5.574384704232216e-05
0.0019011381082236767,0.00022481114137917757,0.0007889121770858765
-0.0026483898982405663,0.0015775596257299185,0.0012004412710666656
0.002894713543355465,-0.0008459169766865671,0.00027206307277083397
-0.0018587763188406825,0.0001510643633082509,0.0009357254020869732
0.000207037795917131,0.0002772982115857303,-0.0013937419280409813
0.0006162952049635351,-0.0011171437799930573,0.0006477157585322857
0.0017390839057043195,-0.001369877834804356,0.001317234244197607
0.0013328021159395576,0.0016004731878638268,-0.00038970401510596275
-0.0008057161467149854,-0.00030501853325404227,0.0016076667234301567
0.002172251231968403,-5.445996066555381e-05,0.0011258581653237343
0.0002353342715650797,0.0007069378043524921,-0.00024993112310767174
-0.0007418799796141684,-0.001621832838281989,-0.0016841734759509563
-0.0031224796548485756,0.0005853952025063336,0.001102824229747057
0.0020178924314677715,-0.0025951166171580553,0.00035312073305249214
0.001338253729045391,3.129278775304556e-05,-0.00029855500906705856
-0.0011448379373177886,-0.0010524088284000754,0.0003517330624163151
3.787191235460341e-05,0.0005742498906329274,-0.0009034150280058384
-8.928944589570165e-05,-0.0003734421043191105,0.0006227018311619759
-0.0007891681743785739,-0.0006338992388918996,0.0009566624648869038
0.0009831646457314491,-0.0009103131014853716,-0.0004444005899131298
0.0007309633074328303,-0.001747344620525837,9.142700582742691e-05
-6.882456364110112e-05,0.00022395473206415772,-2.760486677289009e-05
0.0006462341407313943,0.000736613292247057,0.0009191487915813923
0.001683626091107726,0.0002814269973896444,0.0031974678859114647
0.00020743595086969435,0.00015679106581956148,-0.001757077407091856
-0.00012675425386987627,0.00160327332559973,0.000984719954431057
0.0016799342120066285,0.0006424047751352191,-0.0010014655999839306
0.0017867190763354301,1.9556377083063126e-05,-6.84480182826519e-05
-6.337885861285031e-05,0.0016901573399081826,-0.00021758489310741425
0.0014789009001106024,-0.0006252507446333766,-0.0007972763851284981
-0.0013208803720772266,-0.0016122182132676244,0.001829665619879961
-0.002227277960628271,-0.0015650810673832893,-0.001058686524629593
-0.0011178050190210342,0.00015132618136703968,-0.0020299414172768593
0.0007501053623855114,-0.0010764335747808218,0.0007630656473338604
-0.0013410086976364255,-0.00013900091289542615,0.0005401591770350933
-0.002159350086003542,0.0020330774132162333,-0.0004810555838048458
-0.0024845220614224672,0.0006604843074455857,0.0015077930875122547
0.00013514018792193383,7.410655962303281e-05,0.0005887527950108051
-0.0006741944816894829,-0.0009480146691203117,0.0023666792549192905
-0.002012999262660742,0.0015454096719622612,-7.852958515286446e-05
0.0013527035480365157,-0.0013758116401731968,0.0011047134175896645
0.00037885006167925894,-0.0004392981936689466,2.028048038482666e-05
-0.00017348956316709518,-0.0008105428423732519,0.0006362698040902615
-1.2050673831254244e-05,0.00011230673408135772,0.001975955907255411
0.0018785273423418403,-0.0009867798071354628,0.0010350611992180347
-0.002165116835385561,0.0003452283563092351,0.00025427713990211487
-3.961817128583789e-06,0.000785182579420507,0.001010082196444273
-0.00040121920756064355,-0.0008529043989256024,0.00023645581677556038
0.0021503553725779057,-0.0010758109856396914,0.0005523068830370903
-0.001999208703637123,0.0017486822325736284,-0.0007476126775145531
0.0008365251123905182,-0.0010092874290421605,-0.001804887317121029
6.004920578561723e-05,0.00033685966627672315,-0.0005383002571761608
-0.002791130915284157,-0.000585925648920238,0.0010564005933701992
0.00016658166714478284,0.0006561516202054918,9.963801130652428e-05
8.961631101556122e-05,0.000981590012088418,-0.00024151289835572243
-0.0019903266802430153,-0.0011363637167960405,-0.00081217335537076
-0.002287801820784807,-0.00033129012444987893,0.0006877188570797443
0.0013194233179092407,0.002199905924499035,0.0009425771422684193
0.0011010441230610013,-0.0010595370549708605,0.0014019724912941456
0.0015135395806282759,-0.00036955164978280663,-0.0007938113994896412
-0.0025275410152971745,0.0026297003496438265,0.0004602712579071522
0.0004998319782316685,-0.0005240990431047976,0.0007400847971439362
-0.0005819440120831132,-0.002798704896122217,0.0004197065718472004
0.0015141494804993272,0.0005847682477906346,0.0010232185013592243
-0.000836889143101871,0.0019978415220975876,-0.0014473963528871536
-0.0001593523775227368,0.000260955304838717,-0.0014999289996922016
0.0009514521225355566,0.00028385850600898266,0.0007413872517645359
-0.0010306956246495247,0.0002364571555517614,0.00011532893404364586
-0.0011526684975251555,-0.0006905891932547092,4.1292980313301086e-05
0.002434440655633807,-0.0027702110819518566,-0.0016345242038369179
-0.0004026248352602124,-0.00025938291219063103,-0.0009570163674652576
-0.0010012495331466198,-0.0009833789663389325,0.003582882694900036
0.0006302028195932508,-0.0019652864430099726,-0.00019720802083611488
0.00015007647743914276,0.0009886374464258552,-0.00014943350106477737
0.0002901587577071041,0.0008866384159773588,-8.099013939499855e-05
-0.002359251957386732,0.0009697055211290717,-0.001092071644961834
-0.001745126792229712,0.0004951301962137222,0.0006738700903952122
-0.0009190733544528484,0.0012722148094326258,0.0009961561299860477
0.0006788233295083046,3.277964424341917e-05,-0.0021354551427066326
-0.0005469221505336463,0.0014024837873876095,-0.0015322375111281872
0.0009492417448200285,-0.0005725164664909244,-0.001869393978267908
-9.048482752405107e-05,0.0011719061294570565,-0.0015045185573399067
0.0011974198278039694,-0.00047179689863696694,-0.0017489967867732048
-0.0010615619830787182,-0.0005743504734709859,0.0007802313193678856
-0.0014378665946424007,0.0013077054172754288,0.0013179234229028225
-0.0016194087220355868,0.0018621599301695824,0.002057886216789484
0.00040725694270804524,0.0004632012569345534,0.00013748044148087502
0.0006236704648472369,0.0023646948393434286,-0.0004128539003431797
-0.0002573032397776842,0.0010807848302647471,-0.0014525516889989376
0.002368955174461007,0.0008984672604128718,0.00014375988394021988
-0.00021750704036094248,0.003709699958562851,0.0005727950483560562
0.0016544756945222616,0.00032978138187900186,-0.0008435091003775597
0.00014100130647420883,-0.0012454784009605646,-0.003189754206687212
-0.000702365068718791,0.0005251444526948035,0.001437861006706953
-0.001023808610625565,-0.0018906090408563614,0.0003731288015842438
-9.403791045770049e-05,-0.0015894909156486392,-0.0021315566264092922
-0.001134535064920783,-0.0019138639327138662,-0.0017299517057836056
-0.0006654683966189623,-0.0028249439783394337,-0.0008391430601477623
0.00047036982141435146,0.00289872195571661,-0.0005171666853129864
-0.001145202899351716,-0.0006479748990386724,0.00010877661406993866
-0.0005393337924033403,0.0008670974639244378,0.00021477043628692627
0.0006147471140138805,-0.0007169909658841789,-0.0015606223605573177
-0.0010145747801288962,-0.0009718554792925715,-0.0024189590476453304
0.0010672658681869507,-0.0009926889324560761,0.001555455382913351
0.0006619328050874174,0.0011058819945901632,-0.0017279554158449173
0.0018861232092604041,0.0005519338883459568,-0.0016293912194669247
0.0008754535811021924,-0.0009777857922017574,0.0006683841347694397
0.001301474287174642,-0.000934032432269305,-0.0010373406112194061
0.0015368977328762412,-0.001740437583066523,0.0005445769056677818
0.002856691600754857,-0.0014810741413384676,0.00024171266704797745
0.00013653872883878648,0.0010574508924037218,-0.0008957232348620892
0.0006079830345697701,0.0003925689379684627,0.0005207355134189129
0.0003081111062783748,-0.0016388902440667152,0.0019223568961024284
0.0004020054475404322,-0.00020650005899369717,0.00016809627413749695
0.0025655576027929783,-0.002208664547652006,0.0009827576577663422
0.00014802272198721766,4.7379551688209176e-05,9.044259786605835e-05
0.00012938058353029191,0.0016878866590559483,-0.002699484582990408
0.0004045751702506095,0.0001454393786843866,0.00041315052658319473
-0.0014276796719059348,-0.0003200811624992639,-0.0006302758120000362
0.0009429677738808095,-0.0004430554690770805,0.0003703455440700054
-0.0003079189918935299,0.0018792209448292851,0.0005394560284912586
-0.002766007324680686,0.0006833228399045765,-0.002090360503643751
-0.001192611875012517,-0.0008165694889612496,-0.0007001901976764202
0.0011380582582205534,0.001930656610056758,-0.0020208447240293026
0.0020890729501843452,-0.00019907328533008695,-0.0019902181811630726
0.0005740109481848776,0.0013030932750552893,0.002012719865888357
0.001018492504954338,0.0003776448720600456,-6.188265979290009e-05
0.0016104059759527445,0.000784362549893558,0.00045987963676452637
-0.0008940307307057083,-0.0009304468403570354,-0.002323655877262354
0.0012779919197782874,0.0007379524759016931,0.00017126835882663727
-0.0021550890523940325,0.0007004018989391625,-0.0009922664612531662
-0.00012778869131579995,0.0013315770775079727,0.0021278313361108303
0.0008402703679166734,0.0011052084155380726,0.0018956041894853115
-0.0007679242407903075,0.0017429476138204336,7.629208266735077e-05
5.6590361054986715e-05,0.0008800834184512496,-0.0009293174371123314
-0.0006652179872617126,0.00013407552614808083,-0.0004943297244608402
0.00042827590368688107,0.0012254389002919197,0.0015262109227478504
0.0014258752344176173,0.0012933056568726897,0.0009641465730965137
0.001960637979209423,-0.0012707858113572001,-0.0006023244932293892
0.002254806226119399,-0.0012314654886722565,0.001667323987931013
-0.0009274049662053585,-0.00038271601079031825,0.0005522589199244976
0.000534523802343756,-0.0017001422820612788,-0.0011771279387176037
7.033481961116195e-05,-0.0019161246018484235,-0.0014101546257734299
-0.00020649444195441902,-0.0015450194478034973,0.0010891403071582317
0.0008356004254892468,0.0004313123063184321,-0.0003817235119640827
-0.0010119248181581497,0.0013529373100027442,-0.00125786941498518
0.00044136217911727726,0.0007721019210293889,0.00202048197388649
-0.0003220225335098803,-0.00049296097131446,-5.118176341056824e-05
-0.001351068029180169,0.002145965350791812,-0.00018993252888321877
-4.249138874001801e-05,0.0009558784076943994,-0.001336816232651472
0.00028587639098986983,6.82468235027045e-05,-0.0016225730068981647
-0.0017240885645151138,-0.00045493198558688164,0.0003259708173573017
0.002978254808112979,-0.0008184534963220358,-0.0026434538885951042
0.0019395612180233002,-0.002082825405523181,0.00033836811780929565
0.0015488754725083709,-0.0020279642194509506,0.00026300037279725075
0.00038321787724271417,-0.0008769391570240259,0.0027226940728724003
-0.0012391798663884401,-3.404862945899367e-05,0.0007482264190912247
0.002478717127814889,0.0019123002421110868,-0.000104458536952734
-0.00016606820281594992,0.0010965738911181688,0.0026322058402001858
0.0010887372773140669,0.00035252008819952607,-0.0004240921698510647
0.001181415282189846,0.003079596906900406,0.0011287974193692207
0.0009000848513096571,0.0009859149577096105,0.002333263400942087
0.0018018311820924282,0.0005630049854516983,0.0003156526945531368
-0.0022192373871803284,-0.00011909619206562638,0.0010832459665834904
-0.0009411863866262138,0.0010218019597232342,0.0005732504650950432
-0.000289429968688637,-0.0005040240939706564,-0.00014293286949396133
1.0175688657909632e-05,0.0014344908995553851,7.22506083548069e-05
-0.0011288593523204327,0.00015239929780364037,0.00100992014631629
0.0015875650569796562,-0.00011444944539107382,-0.0003954297862946987
-0.0012924812035635114,0.0001882124925032258,-0.0008284002542495728
0.0028159774374216795,-0.0009332446497865021,0.0019575324840843678
-0.000310214061755687,4.140404053032398e-05,0.0002508931793272495
-0.0010087612317875028,0.0013926919782534242,0.00022559287026524544
0.0005555652314797044,-0.0017340178601443768,-0.00044992659240961075
-0.00047960542724467814,0.0031835089903324842,0.000183905940502882
0.0010190642205998302,-0.0014875378692522645,-0.00048393290489912033
-0.0007639221148565412,0.0004075675387866795,-0.0008357367478311062
0.00047803844790905714,-0.0010852809064090252,0.0017701596952974796
-4.447373794391751e-05,0.0001698668347671628,0.0012878612615168095
-0.0007505118264816701,-0.0020799580961465836,-0.000880824401974678
-0.0028232501354068518,0.001664979150518775,-0.0006408733315765858
0.0005365254473872483,-1.6772362869232893e-05,-0.000664049293845892
-0.00012819955009035766,-0.0010306377662345767,-0.00021370872855186462
0.0024880659766495228,0.0007061230135150254,0.00026973942294716835
0.0015362522099167109,-0.0016041691415011883,0.00032566580921411514
0.00069538748357445,0.00016865076031535864,0.0015982049517333508
0.0008748845430091023,0.0021196824964135885,0.00046476395800709724
0.00018052232917398214,0.0021938427817076445,0.00104930205270648
-0.0010104433167725801,0.0009954203851521015,0.0003273189067840576
-0.0011504997964948416,-0.0001668834884185344,-0.00016688555479049683
0.0006705698324367404,0.0029697874560952187,-0.00036848708987236023
0.0028236827347427607,0.0018378731328994036,-0.002263510599732399
-0.00026904631522484124,-0.001713452162221074,-0.0013143601827323437
-0.0011526711750775576,5.4133881349116564e-05,-0.0019891904667019844
-0.0011132564395666122,0.0003734469064511359,-0.00012604286894202232
0.0005948986508883536,-0.0006416745018213987,-0.0003991648554801941
0.003222639672458172,0.0013106889091432095,-0.0009594941511750221
0.0007202225970104337,0.0034630587324500084,-0.0005390411242842674
0.0020821632351726294,0.00393630238249898,0.0016045374795794487
0.00036162734613753855,0.005146479699760675,0.0009354501962661743
0.0011571135837584734,0.00020258751465007663,0.0008816542103886604
-0.0042662424966692924,-0.013725871220231056,0.0002399776130914688
0.0010709988418966532,-0.0015677411574870348,-0.0008183624595403671
0.0001745575718814507,-0.007297554984688759,0.0007755034603178501
0.0002102439320879057,-0.006367313209921122,-0.001313213724642992
-0.0004097976197954267,-0.0074758329428732395,-0.0011569433845579624
-0.00040207445272244513,-0.004632376134395599,-9.913556277751923e-05
0.002822163514792919,-0.00597816938534379,-0.0007785065099596977
0.0033079241402447224,-0.006765666417777538,-0.0010725194588303566
0.00029769912362098694,-0.008774684742093086,0.00011438364163041115
0.002666048239916563,-0.008721954189240932,0.0009809760376811028
0.0015941760502755642,-0.00976595189422369,0.00112813338637352
0.0002415566414128989,-0.01658923737704754,-0.0007366123609244823
-0.0004293583915568888,-0.006364641711115837,0.0024207825772464275
0.001801038975827396,-0.00671085249632597,0.0032756575383245945
0.0015241350047290325,-0.013551486656069756,0.0014195516705513
-0.0002141101285815239,-0.010768217034637928,-0.002978126285597682
0.00029035599436610937,-0.014311227947473526,-0.0010645468719303608
0.000908209360204637,-0.013711217790842056,-0.0002988879568874836
0.0015970699023455381,-0.009321412071585655,-0.0001700432039797306
-9.350478649139404e-05,-0.006873701233416796,0.0009197224862873554
-0.0005571508081629872,-0.0007974327309057117,-0.0017429543659090996
0.0006018569110892713,0.0021781171672046185,-0.000569299329072237
-0.0027829501777887344,-0.0027001122944056988,-5.3526367992162704e-05
0.00250981654971838,-3.9348029531538486e-05,0.0008311760611832142
0.0012473755050450563,0.0031260342802852392,-0.00013012578710913658
-0.0020062082912772894,-0.0005632428219541907,0.000723949633538723
0.0005156458937563002,0.0010637136874720454,0.0009522675536572933
-0.0018199463374912739,0.00029991910560056567,0.0005333526059985161
-0.0017280953470617533,-0.001629020320251584,0.01843367889523506
0.0005009705782867968,-0.005323357414454222,0.045470889657735825
0.0003184507950209081,-0.004422241821885109,0.07145452499389648
-0.001606748322956264,-0.005986582487821579,0.08125948905944824
0.002474720124155283,-0.0005170719232410192,0.08192766457796097
0.0015087916981428862,0.00020357948960736394,0.08830886334180832
0.0014267975930124521,7.106328848749399e-05,0.0958763062953949
-0.0002752286964096129,0.0015246164985001087,0.11236793547868729
-0.002005254849791527,0.0001932044979184866,0.1499893218278885
0.00010290338832419366,0.0002978667616844177,0.18928532302379608
-0.00019975058967247605,-0.0037853308022022247,0.23270992934703827
-0.0035540019161999226,0.001628343015909195,0.26200976967811584
-0.0026983635034412146,-0.0011709958780556917,0.27696073055267334
0.0014431183226406574,0.002294309437274933,0.28019991517066956
0.002662321086972952,-0.0015581212937831879,0.2599721848964691
-0.004385468550026417,-0.004586135037243366,0.18084220588207245
-0.005026669707149267,-0.002113014692440629,0.08062006533145905
-0.00908639281988144,-0.00112258514855057,-0.050306256860494614
-0.013384411111474037,0.0019303779117763042,-0.17418663203716278
-0.018412459641695023,0.0015636608004570007,-0.24053315818309784
-0.02242198772728443,0.001916932174935937,-0.23993435502052307
-0.021775372326374054,0.006381188984960318,-0.18658404052257538
-0.026730282232165337,0.008824164979159832,-0.10968508571386337
-0.028175579383969307,0.005639556795358658,-0.014573754742741585
-0.03637178614735603,0.005630322266370058,0.09646777808666229
-0.05812342092394829,-0.003972237464040518,0.21457071602344513
-0.09346182644367218,-0.011807660572230816,0.325706422328949
-0.16077668964862823,-0.009448632597923279,0.4152275025844574
0.19566990435123444,0.035985179245471954,0.352776437997818
-0.08516469597816467,-0.002532916609197855,0.37564021348953247
-0.23970000445842743,-0.029149465262889862,0.5696682333946228
-0.4078836739063263,-0.029826706275343895,0.6793068051338196
-0.6228976845741272,-0.04063532128930092,0.5450180172920227
-0.8712483644485474,-0.04184066876769066,0.2846447229385376
-1.10252046585083,-0.06006607413291931,0.12587644159793854
-1.2427828311920166,-0.056658025830984116,0.3692193031311035
-1.09114670753479,-0.08818082511425018,0.8521398305892944
-0.8232396245002747,-0.09735807776451111,1.173134684562683
-0.6453061103820801,-0.1532152146100998,0.9993929862976074
-0.39711278676986694,-0.2520648241043091,0.4170328676700592
-0.13555647432804108,-0.41066262125968933,-0.11295609921216965
0.031116660684347153,-0.6465657353401184,-0.183657705783844
0.13858294486999512,-0.8338609337806702,-0.12636376917362213
0.206975057721138,-0.99100261926651,-0.08565095067024231
0.20140790939331055,-1.2068259716033936,0.03820890560746193
0.03807917609810829,-1.602738380432129,0.20994818210601807
-0.18718646466732025,-2.0995240211486816,0.334041565656662
-0.46568039059638977,-2.467721462249756,0.4368270933628082
-0.9807000160217285,-2.4706838130950928,0.591387927532196
-1.542838215827942,-2.4222264289855957,0.747928261756897
-2.02744197845459,-2.5239429473876953,0.9182232618331909
-2.471459150314331,-2.5830395221710205,1.0774505138397217
-2.886242151260376,-2.523239850997925,1.1578091382980347
-3.190910816192627,-2.3912720680236816,1.1581255197525024
-3.352599859237671,-2.0920112133026123,1.0985971689224243
-3.4947211742401123,-1.862995982170105,1.0690035820007324
-3.6734142303466797,-1.8334132432937622,1.1469435691833496
-3.802323579788208,-1.8793776035308838,1.248360276222229
-3.8633456230163574,-1.8414639234542847,1.5304522514343262
-3.967261552810669,-1.6096357107162476,1.7815496921539307
-4.027176380157471,-1.3640522956848145,1.9774196147918701
-4.005675315856934,-1.2034472227096558,2.141629219055176
-3.9105513095855713,-1.0918312072753906,2.1933786869049072
-3.813349723815918,-1.0541597604751587,2.1600730419158936
-3.722719430923462,-1.1586540937423706,2.079021453857422
-3.6300768852233887,-1.311956524848938,2.008181095123291
-3.60941481590271,-1.4152145385742188,1.9502837657928467
-3.7374980449676514,-1.5063502788543701,1.9154640436172485
-3.9881794452667236,-1.6630722284317017,1.914767861366272
-4.2390971183776855,-1.9159471988677979,1.9564753770828247
-4.4174323081970215,-2.257972478866577,2.0462732315063477
-4.503283500671387,-2.619771957397461,2.1372642517089844
-4.473263740539551,-2.9553520679473877,2.1604905128479004
-4.3288469314575195,-3.244190216064453,2.1313183307647705
-4.053317070007324,-3.3153414726257324,2.1008169651031494
-3.5981931686401367,-3.167898416519165,2.099452018737793
-3.0520708560943604,-2.8861539363861084,2.156024932861328
-2.52730131149292,-2.367178201675415,2.2325282096862793
-2.0298447608947754,-1.7224959135055542,2.2108213901519775
-1.6167765855789185,-1.076108694076538,2.053480386734009
-1.315855622291565,-0.4665132761001587,1.8113529682159424
-1.0822888612747192,0.07064684480428696,1.5180145502090454
-0.8897251486778259,0.397237628698349,1.2153664827346802
-0.6186502575874329,0.453616201877594,1.010709285736084
-0.31801217794418335,0.3935714066028595,0.9429607391357422
-0.08969803154468536,0.38450387120246887,0.9543433785438538
0.03360089287161827,0.38289204239845276,0.9921772480010986
-0.08522668480873108,0.2782844007015228,0.9181704521179199
-0.20493414998054504,0.18763211369514465,0.781424880027771
-0.32954877614974976,0.12712110579013824,0.6501696705818176
-0.5496925115585327,0.24278998374938965,0.514538586139679
-0.7460691928863525,0.4262543320655823,0.44849327206611633
-0.7917928099632263,0.6421452164649963,0.4327462315559387
-0.7321649193763733,0.8003819584846497,0.4024392068386078
-0.5949540138244629,0.993269681930542,0.31206008791923523
-0.4013485908508301,1.1661803722381592,0.21534952521324158
-0.1301407665014267,1.2567589282989502,0.20758987963199615
0.018959244713187218,1.1315021514892578,0.1972416341304779
0.17427319288253784,0.4461299777030945,0.3155864179134369
0.4310501515865326,-0.38949859142303467,0.5316654443740845
0.6080819964408875,-0.2648251950740814,0.5812711119651794
1.1298025846481323,0.08317539840936661,0.7242154479026794
1.8222368955612183,0.34254130721092224,0.8728672862052917
2.358396053314209,0.6136468052864075,0.9620863795280457
2.800794839859009,0.8124219179153442,1.004626750946045
3.059450387954712,0.9147008657455444,0.9833486080169678
3.055598497390747,0.9105229377746582,0.9002445340156555
2.8569061756134033,0.7700342535972595,0.7691887617111206
2.5561254024505615,0.5538696646690369,0.5710214972496033
2.2098655700683594,0.32705429196357727,0.2905251085758209
1.8670426607131958,0.12126734107732773,0.009950712323188782
1.5511571168899536,0.036828093230724335,-0.21047034859657288
1.2817777395248413,0.07332497835159302,-0.39096593856811523
1.1031917333602905,0.13808347284793854,-0.5015209317207336
1.0105445384979248,0.15483640134334564,-0.4990156292915344
1.0075788497924805,0.014930151402950287,-0.4039817750453949
1.1213308572769165,-0.0042313323356211185,-0.23089851438999176
1.214935302734375,0.07439370453357697,-0.1512652039527893
1.2211430072784424,0.1594974547624588,-0.03288918361067772
1.2217384576797485,0.16580355167388916,0.01824111118912697
1.1338917016983032,0.15906111896038055,0.004401921294629574
0.9793137907981873,0.11513333767652512,-0.031422387808561325
0.7701097726821899,0.08908534795045853,-0.08184634149074554
0.5438066124916077,0.06022839620709419,-0.12711447477340698
0.3535972535610199,0.016099654138088226,-0.17086194455623627
0.23659579455852509,-0.008119933307170868,-0.1945347785949707
0.1998516023159027,-0.026646878570318222,-0.18363986909389496
0.23922589421272278,-0.04127535596489906,-0.1425049602985382
0.32022327184677124,-0.02922028675675392,-0.07206220924854279
0.41591307520866394,0.02242373302578926,0.009272858500480652
0.49551108479499817,0.08195343613624573,0.06073755398392677
0.5273880362510681,0.15366092324256897,0.07626352459192276
0.514671266078949,0.21383830904960632,0.05769996717572212
0.44321808218955994,0.23102368414402008,0.02147032506763935
0.34454312920570374,0.2176215946674347,-0.035264115780591965
0.24351397156715393,0.1722269505262375,-0.0934845432639122
0.17515672743320465,0.15022657811641693,-0.13564370572566986
0.12444533407688141,0.14476417005062103,-0.14005683362483978
0.10365791618824005,0.10861242562532425,-0.11164930462837219
0.10231222212314606,0.050264693796634674,-0.07010345160961151
0.1086263582110405,-0.0002219936577603221,-0.01493816263973713
0.10018999129533768,-0.0612667053937912,0.02741781435906887
0.05878043919801712,-0.09948504716157913,0.030503276735544205
0.005629602819681168,-0.13910408318042755,0.004181923344731331
-0.04937303066253662,-0.1922982782125473,-0.025937190279364586
-0.09732644259929657,-0.2147524505853653,-0.05936652049422264
-0.1518196314573288,-0.22398844361305237,-0.09426471590995789
-0.22644487023353577,-0.23079974949359894,-0.12751908600330353
-0.3285024166107178,-0.24558274447917938,-0.17891399562358856
-0.45251598954200745,-0.19675634801387787,-0.27522721886634827
-0.5778497457504272,-0.04186807945370674,-0.39322078227996826
-0.6840571165084839,0.15993747115135193,-0.47310763597488403
-0.7335483431816101,0.32800424098968506,-0.5152572393417358
-0.7134350538253784,0.47812822461128235,-0.5519864559173584
-0.640902042388916,0.5650713443756104,-0.5261315703392029
-0.5245442986488342,0.5308742523193359,-0.43747463822364807
-0.3931674659252167,0.45459192991256714,-0.30659905076026917
-0.29414740204811096,0.4275973439216614,-0.2094208151102066
-0.25226229429244995,0.36470893025398254,-0.1416414976119995
-0.26023897528648376,0.27031317353248596,-0.08319630473852158
-0.3209274709224701,0.17369472980499268,-0.05604841560125351
-0.44106265902519226,0.05498618632555008,-0.07124334573745728
-0.5894768834114075,-0.023722190409898758,-0.12414911389350891
-0.7656183242797852,0.02097843587398529,-0.1810576617717743
-0.9562802314758301,-0.05214177072048187,-0.21560876071453094
-0.9357323050498962,-0.3660602867603302,-0.2527918219566345
-0.6765068173408508,-0.6823100447654724,-0.2817973494529724
-0.4624291956424713,-1.0777391195297241,-0.2883132994174957
-0.3836696445941925,-1.1498944759368896,-0.3375953733921051
-0.3245573043823242,-0.7622748017311096,-0.45593878626823425
-0.3449132442474365,-0.2403075098991394,-0.5700457096099854
-0.2924913167953491,0.06547984480857849,-0.6160057187080383
-0.16011716425418854,-0.2138015329837799,-0.6171919703483582
-0.07713785022497177,-0.44829633831977844,-0.48231592774391174
0.0372958742082119,-0.37345847487449646,-0.16885221004486084
0.16168521344661713,-0.05061277002096176,0.13321204483509064
0.20881152153015137,0.30754736065864563,0.19935011863708496
0.178987056016922,0.8447327613830566,0.061871886253356934
0.0813552662730217,1.3684420585632324,-0.14995062351226807
0.004184315912425518,1.7713788747787476,-0.36568504571914673
-0.021047493442893028,1.9827388525009155,-0.6046805381774902
-0.044190894812345505,1.903036117553711,-0.7332430481910706
-0.06683501601219177,1.5200341939926147,-0.6719773411750793
-0.05342280864715576,1.0393898487091064,-0.5597009062767029
-0.03547866642475128,0.509949803352356,-0.4607365131378174
0.0503544807434082,0.022448837757110596,-0.4004393517971039
0.1866162121295929,-0.233520969748497,-0.39888641238212585
0.3403562605381012,-0.34514495730400085,-0.40118658542633057
0.4088249206542969,-0.16505785286426544,-0.407305508852005
0.4591139256954193,0.21485859155654907,-0.41095083951950073
0.5137941837310791,0.5286663770675659,-0.376320481300354
0.5355138778686523,0.743309736251831,-0.3612152934074402
0.5355705618858337,0.7956553101539612,-0.32964250445365906
0.5552105903625488,0.7118563055992126,-0.25880321860313416
0.5733306407928467,0.5096015334129333,-0.1435726284980774
0.5509371757507324,0.30845382809638977,-0.07553046196699142
0.5046377778053284,0.16491173207759857,-0.05875309929251671
0.43882256746292114,0.07344385981559753,-0.07099884748458862
0.3706887364387512,0.05209619924426079,-0.07143566012382507
0.3128986656665802,0.09849458932876587,-0.07083325833082199
0.27636849880218506,0.13926835358142853,-0.08292677998542786
0.2729330360889435,0.14605967700481415,-0.10344298183917999
0.298380970954895,0.127725288271904,-0.1172041967511177
0.31676235795021057,0.1470467895269394,-0.11073377728462219
0.3399162292480469,0.19009564816951752,-0.08544223010540009
0.40335673093795776,0.19893653690814972,-0.06392895430326462
0.47915881872177124,0.18987399339675903,-0.06501761078834534
0.5194146037101746,0.16064126789569855,-0.08578440546989441
0.4949182868003845,0.12274398654699326,-0.08361112326383591
0.4212946891784668,0.09158527106046677,-0.08637521415948868
0.33678188920021057,0.0637705996632576,-0.10053658485412598
0.2811777591705322,0.0485391765832901,-0.13061672449111938
0.27059245109558105,0.0629897490143776,-0.1513148695230484
0.2897544205188751,0.09834214299917221,-0.15837863087654114
0.3179696202278137,0.12025324255228043,-0.16106432676315308
0.35013583302497864,0.12921716272830963,-0.16231414675712585
0.36857643723487854,0.13214093446731567,-0.1637854129076004
0.38213858008384705,0.09912120550870895,-0.17174851894378662
0.3922675848007202,0.029755493625998497,-0.18144387006759644
0.42474377155303955,-0.04339701309800148,-0.17657721042633057
0.4807513654232025,-0.10926410555839539,-0.16976594924926758
0.5763769745826721,-0.1513471156358719,-0.17151591181755066
0.7163762450218201,-0.15792623162269592,-0.19041040539741516
0.8855375647544861,-0.11155447363853455,-0.2137671262025833
1.089412808418274,-0.041963234543800354,-0.23913374543190002
1.2986475229263306,0.06096048280596733,-0.2343834638595581
1.489892840385437,0.21548186242580414,-0.22271035611629486
1.6559088230133057,0.3848016560077667,-0.22528058290481567
1.8016202449798584,0.5673080086708069,-0.24776576459407806
1.940839171409607,0.7330357432365417,-0.2973572909832001
2.066068649291992,0.890072226524353,-0.37014925479888916
2.1678051948547363,1.025976300239563,-0.44517314434051514
2.258784294128418,1.0447771549224854,-0.5129985213279724
2.3838770389556885,1.0222522020339966,-0.5620856285095215
2.5332422256469727,0.9968664050102234,-0.6064863801002502
2.7016398906707764,0.9568002223968506,-0.6542749404907227
2.887415647506714,0.8517008423805237,-0.7103724479675293
3.100551128387451,0.6884282827377319,-0.7745450139045715
3.3122832775115967,0.501105010509491,-0.8562600612640381
3.4868764877319336,0.3134981095790863,-0.945933997631073
3.604083776473999,0.1773497462272644,-1.0791970491409302
3.670867681503296,0.18177485466003418,-1.243120789527893
3.6478631496429443,0.21154236793518066,-1.4195317029953003
3.5508546829223633,0.2284766137599945,-1.6069780588150024
3.4295434951782227,0.24749241769313812,-1.7859617471694946
3.311859607696533,0.27332958579063416,-1.9405577182769775
3.2393243312835693,0.31477364897727966,-2.0286571979522705
3.2154088020324707,0.335113525390625,-1.9805676937103271
3.1347365379333496,0.3044895529747009,-1.8050282001495361
2.9649388790130615,0.3354959487915039,-1.5906860828399658
2.691314935684204,0.3732187747955322,-1.399229884147644
2.363399028778076,0.3555265963077545,-1.2486203908920288
2.0731546878814697,0.3354303240776062,-1.1336748600006104
1.841951608657837,0.2910732626914978,-1.0466557741165161
1.7102093696594238,0.2875852882862091,-0.9941149353981018
1.6528466939926147,0.39469629526138306,-0.9727696776390076
1.6858240365982056,0.5545415282249451,-0.9595428109169006
1.7919418811798096,0.7666966319084167,-0.9429457187652588
1.9054834842681885,0.9658659100532532,-0.8902022838592529
1.964916706085205,1.0560511350631714,-0.813096284866333
1.9101884365081787,1.0197248458862305,-0.7421908378601074
1.6983909606933594,0.8904663920402527,-0.6951830983161926
1.3657243251800537,0.6435500979423523,-0.6655070185661316
0.9625666737556458,0.3337123394012451,-0.6283023953437805
0.5990006327629089,0.039297185838222504,-0.5675680637359619
0.34769487380981445,-0.1295943707227707,-0.48137375712394714
0.23903913795948029,-0.1318548023700714,-0.37508711218833923
0.2562274634838104,-0.008875352330505848,-0.2925112843513489
0.34970101714134216,0.18144187331199646,-0.2747444808483124
0.4556626081466675,0.3049507737159729,-0.2860988676548004
0.5189499258995056,0.28080523014068604,-0.3227786123752594
0.49804815649986267,0.15662601590156555,-0.3538174629211426
0.40088778734207153,0.01298036053776741,-0.3981238901615143
0.26479679346084595,-0.017742397263646126,-0.4809929430484772
0.14992712438106537,0.06423021107912064,-0.5635033249855042
0.11544745415449142,0.19973903894424438,-0.5852885246276855
0.203611359000206,0.36633560061454773,-0.55960613489151
0.3587748408317566,0.31371527910232544,-0.4030173420906067
0.4156856834888458,0.293159544467926,-0.32457777857780457
0.46154505014419556,0.20181524753570557,-0.26992544531822205
0.4419320821762085,0.11737339943647385,-0.2083178460597992
0.43942445516586304,0.018567457795143127,-0.21051335334777832
0.38824063539505005,-0.03221502900123596,-0.1749202013015747
-0.6307010650634766,-0.033203862607479095,-0.09411218017339706
-0.6680822372436523,-0.18560083210468292,0.0028431927785277367
-0.557296872138977,-0.015631496906280518,0.053412627428770065
-0.47494110465049744,0.12295819818973541,-0.07582085579633713
-0.3347368538379669,0.3299854099750519,0.01904786191880703
-0.16809771955013275,0.6210523843765259,0.0456412136554718
-0.06499502807855606,0.7866709232330322,0.10573597997426987
-0.1318632811307907,0.4895007014274597,0.17745569348335266
-0.09012142568826675,0.1408732384443283,0.2421545386314392
-0.11821268498897552,0.20100019872188568,0.25100448727607727
-0.13594134151935577,0.15642288327217102,0.2760317921638489
-0.16324856877326965,0.15487214922904968,0.31272411346435547
-0.19608081877231598,0.20353156328201294,0.3686363697052002
-0.2514011859893799,0.24496543407440186,0.37790459394454956
-0.2619726061820984,0.13441282510757446,0.39444974064826965
-0.2621951103210449,-0.10436864197254181,0.390163779258728
-0.3197726309299469,-0.43479102849960327,0.45740699768066406
-0.5147683024406433,-0.418125182390213,0.5127601623535156
-0.6615801453590393,-0.1425149142742157,0.1781478375196457
-0.8822906017303467,-0.11435424536466599,0.2302689105272293
-1.081722617149353,0.02257351018488407,0.11974187195301056
-1.13993501663208,-0.14662156999111176,0.06383860856294632
0.5596315860748291,0.058544889092445374,-0.28862568736076355
-0.04013567045331001,0.015929168090224266,-0.5447815656661987
0.019599566236138344,0.008287493139505386,-0.33802330493927
0.0035079498775303364,0.00639808364212513,-0.4306080639362335
-0.009574029594659805,0.0018203763756901026,-0.35690322518348694
0.01419416256248951,0.006167019251734018,-0.3410150706768036
0.0067567527294158936,0.01031222939491272,-0.32869529724121094
0.005439175292849541,0.0010382647160440683,-0.29762133955955505
0.0137026971206069,0.009149454534053802,-0.30112552642822266
0.004340299405157566,-0.0011868260335177183,-0.29130545258522034
0.010601657442748547,0.002914442215114832,-0.2901879847049713
0.002501386683434248,-0.0011953481007367373,-0.29653218388557434
-0.003588996361941099,-0.004592210054397583,-0.2955332100391388
-0.009982418268918991,-0.01409347914159298,-0.29167190194129944
-0.014903406612575054,-0.014771253801882267,-0.29819583892822266
-0.01069807168096304,-0.013639590702950954,-0.34108394384384155
-0.020928338170051575,-0.016679322347044945,-0.38912099599838257
-0.006478482857346535,-0.00010992182069458067,-0.5855093598365784
-0.008124582469463348,-0.001305681187659502,-0.6744195222854614
-0.009607515297830105,-0.004111535381525755,-0.47475895285606384
0.018095750361680984,0.003754377132281661,-0.13095153868198395
0.006560283713042736,-0.0007324194884859025,-0.07747897505760193
-0.010815510526299477,0.0017243465408682823,-0.1898273527622223
-0.01172794122248888,0.001581939635798335,-0.2207576185464859
-0.005280694924294949,0.0038858402986079454,-0.36665570735931396
-0.00598364369943738,0.0027188174426555634,-0.447283536195755
-0.006362345069646835,0.006431530229747295,-0.5050546526908875
-0.0022699697874486446,0.008869772776961327,-0.5478294491767883
-0.0028380220755934715,0.007564024068415165,-0.5325338244438171
-0.0057577332481741905,0.0045036799274384975,-0.4873073399066925
-0.000799992645625025,0.004854151979088783,-0.4305974543094635
-0.002797238528728485,0.005285453982651234,-0.35814759135246277
0.00012771121691912413,0.006363768130540848,-0.26429858803749084
-0.0010822743643075228,0.009874042123556137,-0.1766735464334488
-0.00363890896551311,0.011340645141899586,-0.12067338824272156
2.920356928370893e-05,0.010922658257186413,-0.08568944036960602
-0.0011316683376207948,0.011148760095238686,-0.04810478165745735
0.0007481293869204819,0.009761916473507881,-0.022960951551795006
0.00037502049235627055,0.00960452388972044,0.007633177097886801
0.0018745007691904902,0.008409005589783192,0.03810683265328407
0.0012542506447061896,0.00571868009865284,0.048474784940481186
-0.0011390873696655035,0.0016703306464478374,0.03611721843481064
0.0008572182268835604,-0.0019161482341587543,0.008012348785996437
-0.0032643137965351343,0.0004996757488697767,0.006260212045162916
-0.003439017105847597,-0.0059259990230202675,0.008606456220149994
-0.0025376223493367434,-0.005581067409366369,0.02144305594265461
-0.006580301094800234,-0.005381330382078886,0.04191290959715843
-0.0004166244179941714,-0.0033277475740760565,0.07126180082559586
-0.00058493617689237,-0.0007263720035552979,0.09986868500709534
-0.0014087778981775045,0.0007689603953622282,0.11688058078289032
-0.0003379208210390061,0.0037250693421810865,0.11180725693702698
-0.0003995747829321772,-0.0015311839524656534,0.09251115471124649
-0.0010136996861547232,-0.0008757800096645951,0.05874813348054886
-0.0012493239482864738,-2.424611011520028e-05,0.01727401651442051
-0.0008562413277104497,-0.00036033702781423926,0.008243769407272339
0.00016391149256378412,0.001932600629515946,0.005190594121813774
-0.0019138867501169443,0.0008207308128476143,0.01208658330142498
-0.003383063245564699,-0.0018555328715592623,0.02528318390250206
-0.0020171278156340122,-0.003035046858713031,0.029946111142635345
0.00157082243822515,0.005815137177705765,0.0008317967876791954
0.0004693390510510653,0.0004126490093767643,-0.0007621049880981445
0.0003819182747974992,-0.001343822805210948,0.0009398423135280609
-0.003213082905858755,-0.0010596634820103645,0.00200350908562541
0.001557197654619813,0.0013572464231401682,-0.00027641141787171364
-0.001905444310978055,0.0008595016552135348,-0.0030650075059384108
0.0011419977527111769,0.0012701672967523336,-0.0006950506940484047
0.0031670653261244297,-0.000829202588647604,-0.0020836228504776955
0.0005475368816405535,0.000568665040191263,-0.0019577229395508766
0.0017012183088809252,-9.819050319492817e-05,-0.002050134353339672
-0.0006720926612615585,-0.001162984292022884,-0.0016034459695219994
-0.0023464220575988293,0.0008487676386721432,-0.002050324808806181
7.208046736195683e-05,0.0004971814341843128,-0.001943678129464388
0.0011642428580671549,-0.0011941920965909958,-0.002444086130708456
0.0008374308235943317,0.0027814526110887527,-0.0010558152571320534
0.0025559687055647373,-0.001992529956623912,-0.0015378473326563835
7.221533451229334e-06,0.0012503567850217223,0.0010847067460417747
-0.00044977691140957177,0.0020833935122936964,-0.001708683092147112
-1.0674179065972567e-05,-0.00012401706771925092,-0.0036624022759497166
0.00046150427078828216,-0.0009762286208570004,-0.0006397143006324768
0.0030545236077159643,0.0027516193222254515,-0.0015732785686850548
0.002824426395818591,0.001183017622679472,5.311379209160805e-05
0.0016898384783416986,-0.0031785524915903807,-0.0017848028801381588
5.3326046327129006e-05,0.0013592077884823084,0.0008621127344667912
-0.001205352135002613,-0.0009844948071986437,-0.002577455248683691
0.0006290331948548555,-0.0018723926041275263,-0.000498591922223568
7.961947994772345e-05,-0.000576760561671108,0.001046056393533945
8.494580106344074e-05,-0.0017863682005554438,-0.0013928664848208427
0.0007393452106043696,0.001821697223931551,-0.0015494171530008316
0.0014727797824889421,-0.0008150985231623054,-0.0003456682898104191
-8.25370370876044e-05,0.0007611396140418947,0.0010676742531359196
-4.125802661292255e-05,0.0003318380913697183,0.001184853259474039
-0.0014258089940994978,-0.0016920730704441667,0.0021318853832781315
-0.0008907799492590129,-0.0003509051166474819,0.00038644950836896896
-0.0014010416343808174,-0.00034850824158638716,0.0008170823566615582
0.00036010678741149604,-0.0011325429659336805,0.0008868570439517498
0.0008322676294483244,0.0007219468825496733,-0.0005106432363390923
-0.0008668291266076267,-0.0002594279358163476,-0.00023047858849167824
0.002336967270821333,0.00011804478708654642,-0.0017175530083477497
0.0021492145024240017,0.0010988869471475482,-0.0028097154572606087
-0.000547741015907377,0.0004952394519932568,0.0005586631596088409
-0.0005538662662729621,-0.00020650352234952152,0.0012462912127375603
5.1560666179284453e-05,0.0007292883237823844,0.00012332340702414513
0.0010028418619185686,4.72528045065701e-05,0.0013070986606180668
-0.0006354909273795784,0.00043683487456291914,0.0018506203778088093
0.0046234531328082085,0.001153757912106812,0.002096430864185095
-0.0009806298185139894,0.0007761743618175387,0.0034210728481411934
0.002591468160971999,0.00047576974611729383,0.0015952102839946747
-0.0028800470754504204,0.00017432874301448464,0.003081520088016987
-0.00035270716762170196,9.949394734576344e-05,0.00171585101634264
-0.00015266102855093777,0.002001409884542227,0.0005047856830060482
5.1603434258140624e-05,-0.0018995883874595165,-0.0021929964423179626
-6.35458854958415e-06,0.00014387007104232907,-0.001089440193027258
0.0008615695405751467,0.0031316704116761684,-0.0025517819449305534
-0.00054700649343431,-0.0005029422463849187,-0.0001635984517633915
0.0015185412485152483,-0.0007380993338301778,-7.757870480418205e-05
0.001843104837462306,-0.0006694634212180972,0.000706166960299015
-0.00024108507204800844,-0.000725389807485044,0.00021108519285917282
-0.000924029154703021,-0.0012542668264359236,0.0020017833448946476
-0.0010593177285045385,-0.0021320446394383907,0.0035466826520860195
-8.987114415504038e-05,-0.0019289772026240826,0.0030862572602927685
-0.0008986731409095228,-0.0017255116254091263,0.0017320397309958935
-0.0022573848254978657,0.0010943731758743525,0.0016249227337539196
-0.0024704376701265574,-0.00013414304703474045,0.000773244071751833
-0.0011161011643707752,-0.0010811645770445466,-0.00047064805403351784
0.0004972417955286801,-0.0003807531902566552,0.0003362898714840412
0.0015896797413006425,-0.0010286220349371433,-4.909513518214226e-05
0.0019529348937794566,-4.698085831478238e-05,0.0005943244323134422
0.0013051206478849053,0.00023632991360500455,-0.00045090122148394585
-0.002801207359880209,-0.00015648634871467948,0.0012857462279498577
-0.00015328783774748445,0.001874734414741397,-0.0006317826919257641
-0.0016108358977362514,0.002350641181692481,-0.0005138046108186245
-0.0002624965854920447,0.000986751401796937,-4.1777268052101135e-05
0.00037160207284614444,0.0025505595840513706,-0.0016886759549379349
0.0001901963260024786,0.0009598589385859668,-0.0003380533307790756
0.0014863568358123302,0.0006605196394957602,4.038214683532715e-05
-0.0008892211480997503,0.0011425847187638283,0.0005061496049165726
0.002254374325275421,0.00046161451609805226,0.0005452982150018215
0.0018547133076936007,-0.0011467391159385443,0.001060225535184145
-0.0010989985894411802,0.00041200913256034255,0.0021353443153202534
-0.0029807346872985363,-0.00019795657135546207,6.326334550976753e-05
-5.76492166146636e-05,0.00033174618147313595,-0.0009705754928290844
-0.0003072370309382677,0.001954427221789956,0.00018834928050637245
-0.0005943258292973042,0.0006625278037972748,-0.0005014096386730671
-0.0017451788298785686,-0.0009747029980644584,0.0018015815876424313
-0.00010653585195541382,-0.002759021008387208,0.0002582799643278122
-0.0019006117945536971,-0.0025029450189322233,0.00037577981129288673
0.0008014313061721623,0.0006811304483562708,-0.001279640942811966
2.937339013442397e-05,-0.0016412276308983564,0.00038180500268936157
0.0010136778000742197,0.0004458916955627501,0.00036316271871328354
0.0008149383938871324,-0.00045702833449468017,0.0012887087650597095
-0.000822639383841306,-1.6807811334729195e-05,0.00126234395429492
0.0015096778515726328,0.000999585958197713,0.00012625660747289658
0.0004902199143543839,-0.0004217431414872408,-0.0011949376203119755
0.002388720866292715,-0.001759398845024407,0.0011156992986798286
0.0016169366426765919,0.0011881878599524498,-0.0012963255867362022
0.00017262849723920226,-0.00071351183578372,1.1816155165433884e-05
0.0006903469911776483,-0.0005159052670933306,-0.0008161608129739761
0.0017777991015464067,-0.00036603386979550123,-0.0017736442387104034
-0.0024321258533746004,0.000444099772721529,0.0011379895731806755
0.00242990767583251,0.0003552669659256935,-8.7016262114048e-05
0.00020696707360912114,0.001659949542954564,0.0011028838343918324
-0.000885884917806834,0.00019476591842249036,0.001866574864834547
-7.335451664403081e-05,0.0007923792582005262,0.000393581110984087
-0.001569373533129692,-0.0003366311429999769,-0.0008307904936373234
-0.00026868557324633,0.002117205411195755,-0.001363422255963087
0.0004968763096258044,-0.0021337084472179413,0.0007797558791935444
0.0008590662619099021,-9.559144382365048e-05,0.004050383809953928
0.002407254185527563,-0.0019510400015860796,-0.0005215564742684364
-0.0005392672610469162,-0.0017169482307508588,0.0012715496122837067
-0.002057942096143961,-0.0009158867760561407,-0.0009065200574696064
-0.002108275657519698,0.0006061097956262529,0.0008173440583050251
-0.0017797742038965225,0.0030603327322751284,-0.0015869038179516792
-0.0004886735696345568,-0.0005495820078067482,-0.0003147120587527752
0.0016105526592582464,-0.000133124936837703,-0.0009781657718122005
-0.003302180441096425,0.0008983173756860197,0.0009885788895189762
0.0005798187921755016,0.0008522134739905596,-0.0013338569551706314
0.00044399756006896496,0.000880443025380373,-0.00038124434649944305
0.002712629036977887,-0.0007167202420532703,-0.00042824726551771164
0.002491320250555873,-0.0008408235153183341,-3.622984513640404e-05
-0.00010962106171064079,-0.0017119708936661482,0.0006332243792712688
-0.001108306460082531,0.00014638289576396346,-0.0014008982107043266
-0.0019246339797973633,0.0004791542887687683,0.002078787889331579
0.0011694265995174646,-0.00040315097430720925,0.0007338915020227432
-0.0001527436834294349,-0.0008097440004348755,0.0010170075111091137
0.001874188194051385,-0.0012230665888637304,0.0003757178783416748
8.575335959903896e-05,0.00029379763873293996,0.0030179922468960285
0.0013896370073780417,-0.0003810473717749119,0.0010736179538071156
1.4095916412770748e-05,8.615036495029926e-05,-0.0012536286376416683
-0.00019629381131380796,0.0020438400097191334,-0.001362551935017109
-0.0004911598516628146,-0.0008654386037960649,0.0013269023038446903
-0.0012757270596921444,-0.0028375093825161457,-0.00012798281386494637
0.00220478605479002,0.000666392152197659,-0.0006966264918446541
0.0009807974565774202,-0.0007980801165103912,-0.0042641968466341496
-0.001770450733602047,-0.00016668939497321844,0.00048806192353367805
-0.0012511343229562044,0.0004719366552308202,0.0005618315190076828
-0.0028692048508673906,-6.332766497507691e-05,0.0007968158461153507
0.000637113000266254,-0.0013778640422970057,0.0007797712460160255
0.0007109770085662603,-0.002030063420534134,-0.0001489543356001377
-0.001494386699050665,-0.0015538902953267097,-0.00012205634266138077
0.0005143577000126243,-0.0009552460396662354,0.000302853062748909
-0.0038084853440523148,-9.50450194068253e-05,-0.001005025114864111
-0.001599002629518509,-0.0005043206620030105,-0.0011384966783225536
0.0011147584300488234,-0.0012292331084609032,-0.0011877650395035744
0.0005975866806693375,0.0005606401828117669,-0.0006820051930844784
-0.0004072239971719682,-0.0010796007700264454,-1.0355841368436813e-05
0.0027781545650213957,0.0010064828675240278,-0.001855822280049324
-0.001350277685560286,0.0005638654693029821,-0.0004198458045721054
0.000793794053606689,-0.001230505295097828,0.0009139501489698887
-0.0005921149859204888,0.0012851166538894176,0.001607969868928194
0.0017178412526845932,-0.0003001810400746763,0.0006748829036951065
0.00031648590811528265,-0.0013713043881580234,0.0020935488864779472
0.0007653725915588439,0.0022390373051166534,0.0006728037260472775
-0.0010977748315781355,-0.0018963192123919725,-0.0003245500847697258
-0.0004746401682496071,-0.001467720023356378,-0.00012522190809249878
0.0036109150387346745,0.0007592152687720954,0.0015475093387067318
6.532845145557076e-05,-0.0004027890972793102,0.0006071999669075012
0.0005620080046355724,-0.001806274987757206,-6.365031003952026e-05
0.0009430970530956984,0.0004072173032909632,0.000436434056609869
0.0006506819045171142,-5.856959614902735e-05,-0.002752967644482851
-0.0011908654123544693,-0.003128794487565756,0.0010882243514060974
0.00010902347275987267,-0.000432077533332631,-0.0012481673620641232
0.000560256652534008,-0.0013661852572113276,-0.0005599763244390488
-0.0006275131599977612,0.0015406550373882055,-0.0013940781354904175
-0.0007708014454692602,-3.886601189151406e-05,-0.00048456946387887
-0.00039795885095372796,0.0010791290551424026,-0.0019290680065751076
0.0006086740177124739,-0.0010008889948949218,-0.0009078932926058769
-0.0019048175308853388,-0.0010725280735641718,-0.0006514308042824268
-0.0010963680688291788,-3.126845695078373e-05,0.0006984048523008823
-0.00023456913186237216,-0.0013452721759676933,-0.00010693492367863655
-0.0006697850185446441,-0.00032437313348054886,0.00044869445264339447
-0.0015201324131339788,-0.0007661915151402354,0.0007144780829548836
0.002286719623953104,-2.488028258085251e-06,0.00030915066599845886
0.0006589955883100629,0.0001802048645913601,0.0009049000218510628
-2.1555752027779818e-05,0.0019647772423923016,-0.0009599965997040272
0.0005422354442998767,0.00018179096514359117,0.0004307059571146965
-0.0014329766854643822,0.0006629910785704851,0.003822874277830124
2.8832320822402835e-05,0.0007918881019577384,-0.001742599532008171
-0.00013050978304818273,-0.000725718738976866,-0.0006147464737296104
0.00044686353066936135,0.0014311755076050758,-0.001066951546818018
-0.00100566609762609,0.0003894980764016509,-0.001661552581936121
0.000672924448736012,0.001440381514839828,0.00031105056405067444
0.0011039830278605223,0.0030074911192059517,-0.0003179498016834259
0.00024777677026577294,-0.0015278721693903208,-5.005858838558197e-07
0.0015139287570491433,-1.7465208657085896e-06,0.0013723033480346203
-0.0014839917421340942,-0.002465703058987856,0.0020948187448084354
-0.0018137653823941946,0.0003840310382656753,0.0010041063651442528
0.002754887333139777,-0.0021920446306467056,0.0003606867976486683
0.0016673016361892223,0.0005457150982692838,0.00045276153832674026
0.0016910035628825426,0.00040536653250455856,-0.000288928858935833
0.0010879830224439502,-0.0019470324041321874,-5.811266601085663e-05
-0.0007437391905114055,0.0014506283914670348,0.0015339246019721031
0.0005469652242027223,0.0005540761048905551,0.0017862888053059578
0.000688911706674844,0.0009399682166986167,0.00048639997839927673
0.000342893588822335,-0.00033069850178435445,-0.00021582841873168945
0.00128938106354326,-0.0018782614497467875,-0.001422773115336895
5.620959564112127e-05,9.848852641880512e-06,0.00017656711861491203
-0.0033036344684660435,-0.0003281062818132341,-0.0004367586225271225
-0.0012215122114866972,-0.0016442383639514446,0.00017882604151964188
-0.0006627810071222484,-0.0025659583043307066,0.00031491369009017944
-0.001863657496869564,-5.711353151127696e-05,-0.0013216417282819748
-0.0017789688427001238,0.0017029696609824896,0.002731423359364271
0.0003918880829587579,-0.0017601288855075836,0.0015611406415700912
-0.0011263800552114844,0.0006463034660555422,0.0004143831320106983
-0.00016131543088704348,-8.796562906354666e-05,0.0017360281199216843
0.0009407006436958909,-0.00031859538285061717,-0.000363075640052557
0.0007129962323233485,-0.0007326846825890243,0.0016921767964959145
0.0011236557038500905,0.0015999780735000968,-0.001652220729738474
0.0016034335130825639,-0.0008561918511986732,-0.0014905575662851334
-0.0013915573945268989,0.0008458343800157309,-0.0007683085277676582
0.0007372458931058645,0.0001688152551651001,0.002190960571169853
0.0015553690027445555,-0.00015236195758916438,0.0006548496894538403
-0.00020483217667788267,-0.002096351236104965,0.0007095201872289181
0.0007592320907860994,0.0016765492036938667,-0.0004755863919854164
0.0005891647888347507,-0.0012597922468557954,-0.0027991062961518764
-0.0011253783013671637,-0.00023420891375280917,-0.0028073620051145554
-0.00045613176189363003,-0.00040408718632534146,-0.000343558844178915
-0.0009802418062463403,-0.00181875831913203,0.0016727205365896225
-0.0013304264284670353,4.379107849672437e-05,-0.0008357400074601173
-0.0006116392905823886,-0.0017714194254949689,-0.0003965846262872219
-0.0007810172974132001,0.001016886904835701,0.0007141241803765297
6.027528434060514e-05,-0.0019512062426656485,-0.00012929923832416534
0.0011476377258077264,0.0023302347399294376,-0.0007632467895746231
-0.001486494904384017,-0.0012951265089213848,0.0005480940453708172
0.00046706650755368173,0.00052757648518309,7.430883124470711e-05
-0.0009028635686263442,-0.0007147882133722305,-0.0016740565188229084
0.0004059101629536599,0.0005927173187956214,-0.00028694700449705124
-0.0013147580903023481,-0.0007527116686105728,-0.0004850863479077816
6.543679046444595e-05,0.0010689273476600647,-0.000985193531960249
-0.0002972857328131795,-0.0015851788921281695,0.00012427940964698792
0.0004349050286691636,-0.0010191185865551233,0.0014280853793025017
-0.001541160512715578,0.0002898250240832567,0.0009236824698746204
9.772542398422956e-06,-0.0005726447561755776,0.0019571674056351185
-0.0012927795760333538,-0.0013430973049253225,-0.000539545901119709
0.0016047670505940914,0.00033932324731722474,-0.0017710025422275066
0.0033600565511733294,0.0008474543574266136,0.0017299894243478775
-8.950883056968451e-07,0.00030713778687641025,-0.0005468367598950863
0.0017634491669014096,0.0011550881899893284,-0.0017804130911827087
0.0002796146145556122,0.0016307949554175138,-0.0024690860882401466
0.00025351563817821443,0.0017623549792915583,-0.0005971505306661129
0.001214182935655117,-0.0006553718121722341,-0.0006928551010787487
-0.002347262343391776,0.00031481776386499405,-0.0017962027341127396
-0.0011106384918093681,-0.001795210875570774,0.00027914997190237045
-0.0008525781449861825,1.4140736311674118e-05,-0.0016511091962456703
-0.0007271174690686166,-0.001205537235364318,0.00011307792738080025
-0.001920479815453291,-0.0019469612743705511,0.0007895207963883877
0.0012813749490305781,-0.003007464809343219,-0.0007806150242686272
0.00021744208061136305,0.0004682267317548394,-0.00334870140068233
-0.00025375510449521244,0.001071594888344407,0.0036071687936782837
0.0023926279973238707,-0.0009042044403031468,-0.0007090168073773384
0.0007884055376052856,0.0030140597373247147,0.0004779933951795101
0.0003465871559455991,-0.0019303651060909033,0.0022146408446133137
-0.001817503827624023,-0.0020191394723951817,-0.0005402974784374237
0.0003351291816215962,-0.0009541412582620978,0.0011433525942265987
0.00034323622821830213,0.0003825273597612977,2.603745087981224e-05
-0.0010653097415342927,0.0010680250125005841,9.927432984113693e-05
-1.272512599825859e-05,0.0007363137556239963,0.0006318665109574795
-0.0017411166336387396,-0.002734317909926176,0.00045529892668128014
-0.0009295785566791892,-0.0005243801861070096,-0.00016882969066500664
-0.00013302703155204654,0.0002751007559709251,0.0010887151584029198
-0.0008569625206291676,-0.0019385996274650097,-0.002125211525708437
0.00021549241500906646,0.0004260211135260761,5.6982506066560745e-05
-0.0012237464543431997,-0.0003549545945134014,0.0015139724127948284
0.0017123885918408632,0.0001907271216623485,0.0018881461583077908
0.0003754760546144098,-8.311937563121319e-06,0.001325034536421299
0.0005270099500194192,-0.0011345627717673779,0.0012976033613085747
-0.00016600723029114306,0.0016362323658540845,0.0015773274935781956
-0.0021146421786397696,0.0019217232475057244,-9.72687266767025e-05
0.0009322608821094036,-0.00014412877499125898,-0.0004592244513332844
0.001385264564305544,0.00010807259241119027,0.00014930777251720428
-3.109642420895398e-05,-0.0001672934158705175,-0.00011893780902028084
-0.0010510871652513742,-0.0007422699127346277,-0.0015186951495707035
-0.000988469459116459,0.00018327124416828156,-0.00010883715003728867
-0.001244399230927229,0.0007774224504828453,-0.0027235285378992558
-0.0008973212679848075,-0.00010818702867254615,0.002047798130661249
-0.0003540363977663219,0.0027882668655365705,0.0025697783567011356
0.0014415017794817686,0.0006092370604164898,0.00047416333109140396
-0.00035799614852294326,0.0006001822766847908,0.00041104620322585106
0.0012703821994364262,0.0001663430593907833,0.001171835232526064
0.0001521208178019151,-0.0018081245943903923,-0.0004313872195780277
0.0016389534575864673,-0.001083478913642466,-0.000988260842859745
-0.0022990626748651266,0.0001785931526683271,-0.000701970886439085
0.0011366244871169329,-0.002062002429738641,-0.0012667025439441204
0.0010735075920820236,0.0025372765958309174,-0.0017537949606776237
0.0008393112220801413,0.0028125518001616,0.000460650771856308
-0.001086420495994389,0.0007898809271864593,0.0008241720497608185
-0.0011994312517344952,0.0007926170364953578,-0.00014541484415531158
0.0009244397515431046,0.0011659921146929264,-0.001056215725839138
-0.001860816846601665,0.000530920980963856,-0.000216582790017128
-0.00031991186551749706,0.0007477022591046989,0.0015320493839681149
-0.000750309438444674,-0.001126711955294013,0.0011079618707299232
-0.00043206170084886253,-3.108754754066467e-05,0.0005566873587667942
-0.0009496348793618381,-0.0018636980094015598,-0.0014867712743580341
0.0018373632337898016,0.001625841949135065,0.0008983556181192398
-0.000973654561676085,-0.0004880433843936771,-0.0009011258371174335
-0.0003185169189237058,-0.002060107421129942,0.0007066242396831512
0.001442932290956378,-0.0013968346174806356,0.0011563384905457497
-0.0014924037968739867,0.000877504819072783,0.00014646770432591438
0.002703421050682664,-0.0006994620780460536,-0.0011814855970442295
0.00029405910754576325,0.001078464207239449,-0.0007463251240551472
-0.0003770710900425911,-0.0013901409693062305,-0.0006025456823408604
0.0016871450934559107,0.0004660823615267873,0.003041990101337433
0.0005561219295486808,-0.0017921212129294872,0.0007965872064232826
0.0025465686339884996,-0.002890142612159252,0.0008325395174324512
0.0012037644628435373,0.002460501156747341,-0.00038380082696676254
0.0013782016467303038,0.0025936593301594257,-0.0006969887763261795
0.0007798669394105673,0.0003478532889857888,0.001872817985713482
0.0025290311314165592,0.0016141864471137524,0.000531916506588459
-0.0001059758651535958,-0.0009506332571618259,0.0007645739242434502
-0.0018825705628842115,-0.00037086306838318706,0.0007722973823547363
0.0011262071784585714,-0.0007018338656052947,0.00178882060572505
-0.0015542644541710615,2.3078580852597952e-05,-0.00029350491240620613
-0.0009270324371755123,-0.00013351641246117651,-0.0007158187218010426
-0.0013944172533228993,-0.0010690849740058184,-0.0001674736849963665
0.00010736605327110738,6.119062891229987e-05,-0.0009746658615767956
0.001438147621229291,-0.0014336416497826576,0.0005918052047491074
-0.002272260608151555,0.00028224638663232327,-0.0022888891398906708
0.0008007609285414219,-0.0007036558235995471,-0.0019336231052875519
1.2300239177420735e-05,-0.0004662722931243479,-0.0016745282337069511
0.00047702185111120343,0.0012008664198219776,-0.0007514762692153454
-0.0009824909502640367,-0.00028058033785782754,0.0011097253300249577
-0.0013976778136566281,0.0014222448226064444,0.0007267631590366364
-0.0022183198016136885,-0.0006562192575074732,0.00250645587220788
0.00023551666527055204,0.0013661852572113276,0.0017775488086044788
-0.0018346419092267752,-0.0004090350994374603,-0.00047616520896553993
-0.0009299660450778902,0.001015223329886794,0.0008729919791221619
0.0014738069148734212,0.00028158712666481733,-0.0006792698986828327
0.000454615248600021,0.0007801309111528099,-0.00269448384642601
-0.0009217572514899075,0.0019933879375457764,0.00031107431277632713
0.0033835091162472963,0.002012562705203891,0.0015150890685617924
-0.0008929066825658083,0.0017483558040112257,0.0005966341122984886
-8.410468581132591e-05,-0.0019622263498604298,-0.00058341259136796
0.0006702252430841327,0.001138585153967142,0.00047176703810691833
-0.0032534098718315363,0.0017058384837582707,0.0010110572911798954
0.0013495038729161024,-0.0007100148941390216,-0.000388250220566988
-0.002200489863753319,-0.0016104296082630754,0.002074375282973051
0.00023543008137494326,0.0010235325898975134,0.0017630504444241524
0.0009345099097117782,0.002064562402665615,0.0015353504568338394
-3.7531135603785515e-06,-0.00047084479592740536,-0.0004455852322280407
0.0001461828505853191,-0.0007480798522010446,-0.001433351542800665
0.0002448707236908376,-0.00036706437822431326,0.0009564762003719807
0.002732795663177967,-0.0004493560700211674,0.0012837783433496952
-0.0021813109051436186,0.0019729435443878174,0.0004411437548696995
0.0014232774265110493,-0.0012164581567049026,-0.0003213193267583847
0.0021419464610517025,0.00024339562514796853,0.00026591261848807335
0.0024506067857146263,-0.00048657681327313185,0.0005029342137277126
0.0018517503049224615,0.0008188041974790394,0.0001468840055167675
-0.0002731858112383634,0.0008105483721010387,0.0007290514186024666
-0.0016543327365070581,-6.530527025461197e-05,-0.0007677716203033924
0.001232001231983304,-0.00017263068002648652,-0.00016003847122192383
0.001669038087129593,-0.0006584515795111656,-0.0009349244646728039
0.0003987102536484599,0.00012744724517688155,0.0013055931776762009
-0.0007436115993186831,-0.0013849169481545687,0.0011397134512662888
-0.0011177858104929328,-0.0019670838955789804,0.0010044248774647713
0.00017463980475440621,0.0028915959410369396,0.0008323532529175282
-0.0001633153297007084,-0.0003143172652926296,0.000941010657697916
-0.0013459110632538795,-0.0015523266047239304,0.0018391646444797516
-0.0012130194809287786,0.0008437193464487791,0.0017318390309810638
0.0005846970598213375,-0.0005311249406076968,0.00016303639858961105
-0.0008773783920332789,-0.0022973334416747093,0.0005065840668976307
0.0012030121870338917,0.0008866637363098562,0.0012492784298956394
-0.0020231413654983044,-0.002332831732928753,0.00042396504431962967
-0.0010044339578598738,0.0010123243555426598,0.002079969272017479
0.0006986574735492468,-0.0020439191721379757,0.0016959421336650848
-0.0011904604034498334,5.6882097851485014e-05,-0.00026455335319042206
-0.0008354609599336982,-0.000350847898516804,-0.0018065236508846283
0.0007996684871613979,0.0011066206498071551,-0.0015718317590653896
-0.001041907467879355,-0.00026011362206190825,0.0008037076331675053
0.0006708662258461118,-0.00017809862038120627,0.00034713977947831154
0.0007334505207836628,-0.00019833864644169807,0.0009522102773189545
-0.0004027281538583338,-1.839478500187397e-06,0.0012731319293379784
-0.004397470038384199,-0.0006532486877404153,0.00020973198115825653
0.0014926840085536242,0.0009608599357306957,0.0020891977474093437
0.001123037189245224,-0.0014399797655642033,-0.0004139067605137825
-0.00046496762661263347,0.00043374451342970133,0.0008660298772156239
-0.0008263586205430329,0.001928576733916998,-0.0003664810210466385
0.0017542729619890451,-0.0013638152740895748,-0.001285521313548088
0.0008272266713902354,0.0006889493088237941,0.0009432779625058174
0.002340103266760707,-0.001285363920032978,-0.0015779295936226845
0.0013707127654924989,-8.32130026537925e-05,-0.0010628742165863514
0.0008286428637802601,0.0011603260645642877,5.641253665089607e-05
-0.0009623329970054328,0.000881493091583252,-0.00039499346166849136
0.0039003328420221806,0.0019602866377681494,-0.0016781548038125038
0.00018389154865872115,-0.0016421712934970856,0.0017935419455170631
0.0004932544543407857,-3.3333199098706245e-05,0.0008112071081995964
-0.0014149004127830267,-0.0004823421477340162,0.001453028991818428
0.0014970165211707354,-0.000493965926580131,0.0005730218254029751
-7.611277396790683e-05,-0.0007387103978544474,-0.0024350187741219997
-0.0007796174031682312,-0.003776678116992116,-0.00011909892782568932
0.0013948536943644285,-0.0018770452588796616,0.000306740403175354
0.0009062575409188867,0.0003993581049144268,0.001987982541322708
0.0006956015131436288,-0.0013383545447140932,0.0005690506659448147
0.0018571594264358282,0.0015168554382398725,-0.0006739185191690922
-0.0010930903954431415,0.0006689050933346152,-0.0006225197575986385
0.0001603676937520504,0.0009721910464577377,-0.000250489916652441
-0.00017039693193510175,-0.00018814817303791642,6.323074921965599e-05
3.0081078875809908e-05,-0.0005213093245401978,0.0005856268107891083
0.0002188992075389251,0.00010879454202950001,0.0008905590511858463
0.0002635438577271998,-0.0008772233268246055,0.0014564255252480507
-0.0008608427015133202,-0.0003214216267224401,-0.00037369830533862114
-0.0021774410270154476,-0.001912339124828577,-0.0019913516007363796
0.0017081110272556543,0.0008400378283113241,-0.0006536459550261497
0.0014485274441540241,6.760237738490105e-05,0.00012913905084133148
-0.002907072426751256,0.0006055608973838389,-0.0001843152567744255
-0.0029837314505130053,0.0005935460794717073,-0.0011403062380850315
0.0002884946297854185,-0.0009761210530996323,-0.0011048861779272556
0.001831156201660633,-0.00025999342324212193,0.0004890104755759239
-0.0007438542670570314,-0.0002583955356385559,0.0019193943589925766
0.0016004866920411587,-0.0003385584568604827,-0.0012712972238659859
0.0007607919396832585,-0.002650714945048094,-0.0008912645280361176
-0.002187531441450119,0.00191527942661196,-8.700788021087646e-05
0.000528892851434648,0.0031949281692504883,0.0019026403315365314
-0.001159696839749813,0.0010434547439217567,0.00023285485804080963
0.0006592422141693532,-2.6337074814364314e-05,0.00034497398883104324
0.0008231396786868572,-0.0002131590445060283,-0.0013694404624402523
0.0006614858284592628,-0.001183614949695766,0.0005131484940648079
-0.0007454233127646148,0.0015817212406545877,0.0003091464750468731
0.0010234483052045107,-0.0014446948189288378,-0.0009297560900449753
0.0036928276531398296,0.001404381706379354,-0.0009368280880153179
-0.00034825311740860343,0.003055807901546359,-0.0017658700235188007
0.003326638601720333,-0.002708871616050601,0.00046054553240537643
-0.00047795340651646256,9.596970630809665e-05,0.0018634991720318794
-0.0010656958911567926,0.00016023480566218495,-0.0014866404235363007
-0.0023469426669180393,0.0019986149854958057,1.2985430657863617e-05
0.0009188109543174505,0.0012359557440504432,-0.00318399490788579
0.0021206955425441265,0.0008583194576203823,0.0004506874829530716
-0.0005301735945977271,0.0005066278390586376,0.0010370961390435696
0.0005513361538760364,0.001441929955035448,-0.0002446831203997135
-0.00042083527659997344,-0.0010275631211698055,-0.0009291251190006733
-0.0008818284841254354,0.0015698180068284273,0.0006746305152773857
-0.00195301731582731,-0.0006064558401703835,-0.0011960729025304317
-3.87546606361866e-07,0.00019915035227313638,0.0012345942668616772
0.0006961699109524488,0.0009349376196041703,-0.0009246468544006348
-0.0007901402423158288,0.0009804776636883616,-0.00020133238285779953
-0.00013543435488827527,-0.0020409789867699146,-0.0004070238210260868
-0.0010502301156520844,0.00036145851481705904,0.00042840978130698204
0.0010278159752488136,-0.00042227801168337464,0.0018238453194499016
6.80127996020019e-05,-0.0020609209313988686,-0.0003743274137377739
-0.001229782123118639,0.0008879317319951952,-0.0006329743191599846
0.0006216474575921893,0.0014312167186290026,0.00033774832263588905
0.0018900856375694275,0.0005612983950413764,0.0008149552159011364
0.0018264360260218382,-0.0011436573695391417,-0.00044099101796746254
-0.0011715771397575736,4.933652235195041e-05,-0.0021411129273474216
-0.0010296306572854519,0.0008413606556132436,-0.00021538138389587402
-0.0006944132037460804,-0.001676259795203805,0.00048307236284017563
-0.0019255925435572863,0.0019280622946098447,-0.0007347911596298218
0.000251031422521919,0.0012127090012654662,2.3000407963991165e-05
0.001426284434273839,-0.002006253693252802,0.0005835955962538719
0.00038061008672229946,0.0006906059570610523,-0.0007715392857789993
0.000815237988717854,0.001621114439330995,0.0018540709279477596
-0.0002638839650899172,-0.0005468980525620282,-0.0005990252830088139
0.005095461383461952,0.00021370075410231948,0.00011576712131500244
0.002411817666143179,0.0005562738515436649,-0.00019785435870289803
-0.0018276682822033763,0.0020023705437779427,-0.00030278274789452553
-0.0007134367479011416,-0.0002084598527289927,-0.0019164704717695713
0.0009049662621691823,0.00018275849288329482,0.0021184850484132767
0.0026493542827665806,0.0014732279814779758,-0.002304426394402981
0.0013787602074444294,0.0007869315450079739,-0.0012029432691633701
0.0007822354673407972,0.0003631935687735677,-0.0020336834713816643
-0.00020499835954979062,-0.0008802363881841302,-0.0005929130129516125
0.0001593371998751536,5.0948699936270714e-05,0.0009316438809037209
0.0027191676199436188,-0.00032029597787186503,0.0005939546972513199
-0.00012117339065298438,0.0019592309836298227,-0.0007258569821715355
0.0005448831943795085,0.00010806770296767354,-0.0003490196540951729
-0.0013182808179408312,-0.0021076668053865433,-0.0006925035268068314
0.0010964073007926345,-0.0011135085951536894,-0.001845652237534523
0.0010927291586995125,-0.00045987681369297206,0.0005390504375100136
-0.0017193024978041649,-0.0015222117071971297,-0.001736620906740427
0.0002941098646260798,-0.0029826569370925426,0.002747196704149246
-0.0009567769011482596,0.0011708089150488377,0.0013493038713932037
-0.00014099024701863527,0.0013862706255167723,0.0016532265581190586
-9.731441969051957e-05,0.0020912091713398695,0.000704342033714056
-0.0004527296405285597,0.001746046938933432,-0.00023002875968813896
0.00014009003643877804,0.0007955647306516767,-0.0013909009285271168
1.8647377146407962e-05,-0.001423378475010395,0.0005161021836102009
0.0009193284204229712,0.0028890781104564667,-0.0023047178983688354
0.0006089584203436971,-0.00047855745651759207,-0.000440958421677351
0.0009112271945923567,0.001635193359106779,-0.001304355449974537
0.0006505287019535899,0.001005346653982997,-0.0009445562027394772
-0.0004999568918719888,-0.0004338255384936929,0.0011436287313699722
-0.0024465881288051605,0.002358685014769435,-0.0004349341616034508
-8.170108776539564e-05,0.00019566575065255165,-0.00042854249477386475
-0.0005918133538216352,-0.0006134056602604687,-0.0003757881931960583
0.0007520177168771625,0.000659319048281759,-0.0013792673125863075
-0.000983686069957912,-0.0011124631855636835,0.0025165374390780926
0.003452074946835637,0.0009855750249698758,-0.0007772599346935749
-0.001126044662669301,0.003134229453280568,0.00012033665552735329
-0.0021151427645236254,0.0020252892281860113,-0.0030903704464435577
0.002522157970815897,0.00045248441165313125,-0.0005141454748809338
-0.0008310280973091722,0.0008559533744119108,-0.000759689137339592
-0.0004170219472143799,0.00019662908744066954,0.0012496402487158775
-0.00172143813688308,-0.0009213659213855863,-0.00051070936024189
-3.975431900471449e-05,0.0017761439085006714,-0.0011035418137907982
-0.000237627187743783,0.001908769365400076,0.0013042218051850796
-0.002301509026437998,-0.00039608730003237724,0.0011667357757687569
-0.0008460913086310029,0.00013494701124727726,-0.0016181319952011108
0.00042791792657226324,-0.0009381867712363601,0.0020028124563395977
-0.0020932964980602264,0.0006021856679581106,-0.0013674176298081875
-0.003739582374691963,0.002580521162599325,0.0015401015989482403
-0.0026626000180840492,6.729585584253073e-05,-0.0007898984476923943
-0.00037884560879319906,-0.0004900454077869654,-0.0015712850727140903
-0.00030560867162421346,0.002605080371722579,0.000745132565498352
0.001711708726361394,-0.0004012853605672717,0.0005998192355036736
-0.00012533977860584855,0.0010032658465206623,0.0014000986702740192
-0.00032977244700305164,0.0015943751204758883,-0.0010478044860064983
-0.0018869227496907115,0.0005187242641113698,-0.0016701854765415192
0.0006310453172773123,0.0014672651886940002,0.0011870716698467731
0.0007833780837245286,0.0013396998401731253,-0.0010467879474163055
0.0005408672150224447,-0.0007733302190899849,-0.000959787517786026
-0.0026818241458386183,0.0008567907498218119,-0.0011195773258805275
-0.0003812122449744493,-0.0004477004986256361,-0.001527613028883934
0.002601794432848692,-0.0005060237017460167,0.0018689827993512154
0.00039367005228996277,-0.0014394258614629507,-3.726780414581299e-05
0.0008189768996089697,-0.000735019741114229,-0.0014884243719279766
-0.002610759576782584,0.0016049856785684824,-0.0021057077683508396
-0.0014818457420915365,0.0012907327618449926,-0.0009296559728682041
-0.0015177761670202017,-0.0011833356693387032,-0.0010179602541029453
0.0013837378937751055,-0.0011007776483893394,-0.00021448452025651932
0.001900119474157691,-0.0006481632590293884,0.0007931049913167953
-0.0020248470827937126,-0.0009190067648887634,-0.00039519695565104485
0.0008422299288213253,-0.00042116493568755686,-0.0008376752957701683
-0.00021238182671368122,-0.001083226758055389,0.0006038937717676163
0.00016060075722634792,-0.0009666300029493868,0.00043178582563996315
8.816277841106057e-05,0.0018856155220419168,0.001507702749222517
-0.0009957873262465,-0.0013351455563679338,0.0004585948772728443
0.0001717424747766927,0.0023211082443594933,-0.00021172268316149712
0.00019422384502831846,-0.00015142944175750017,0.0006826166063547134
-0.0004915401223115623,-0.00038472237065434456,0.0021755844354629517
-0.000553227961063385,-0.0006678624777123332,-0.001680225133895874
0.0018409538315609097,0.0011843659449368715,0.0002630832605063915
-0.0012110724346712232,0.0006038557621650398,-0.0003830115310847759
-0.0015695339534431696,-0.0003788506146520376,0.0005602799355983734
-0.0002123056328855455,0.00048399524530395865,-0.0009133387356996536
-0.00048741017235442996,0.0014081122353672981,-0.000870994757860899
0.0002411770838079974,0.0007086757686920464,-0.0020826300606131554
0.00014477065997198224,0.0013867164961993694,-0.0010959291830658913
-0.004407729487866163,0.0012630695709958673,0.0028805313631892204
0.0007718523847870529,-0.0007044738158583641,-0.0006950292736291885
-0.0014232192188501358,-0.0007719522109255195,-0.0006386716850101948
0.00010357095743529499,0.00011115201050415635,-0.00043174438178539276
-0.0008860438247211277,0.0011312158312648535,0.0003661150112748146
-0.0006913667893968523,0.001626563724130392,0.0011730529367923737
0.001509299036115408,-0.000604313681833446,-0.0020159627310931683
-0.0013972749002277851,-0.0001039057387970388,-7.398612797260284e-05
-0.0019279037369415164,-0.0019825082272291183,0.0016896286979317665
-0.0010890080593526363,0.0013456441229209304,7.788371294736862e-05
0.0005478623788803816,-0.001113728852942586,-0.000679155346006155
-0.0007203348795883358,-0.001223717350512743,0.0010036961175501347
-1.3489159755408764e-05,0.0014438879443332553,0.0028864536434412003
-8.539450936950743e-05,-0.001168672926723957,0.0002595121040940285
-0.0016818632138893008,0.0014069532044231892,-0.0003792131319642067
-0.0008839801885187626,-0.002223467919975519,0.0013904576189815998
-0.00014590562204830348,0.0016204171115532517,0.00014658179134130478
-3.698232467286289e-05,-0.0023109414614737034,-0.0009077638387680054
0.0007641966221854091,-0.00237631774507463,-0.0008425526320934296
-0.00022383610485121608,0.0012660876382142305,0.0017492356710135937
0.0008925572037696838,-4.065479151904583e-05,0.0015494953840970993
-0.00020093671628274024,-0.0007770188385620713,0.0016757296398282051
-0.0044012353755533695,0.0009700343944132328,0.0004788362421095371
-0.0006882561137899756,1.7687969375401735e-05,0.0008330363780260086
-5.2645133109763265e-05,4.998291842639446e-06,-0.00013318005949258804
0.0024227630347013474,-0.0011872989125549793,-0.0001877746544778347
0.0017892096657305956,0.0006987185915932059,-0.0007525170221924782
-0.0008787451079115272,-0.00020888668950647116,0.0003713369369506836
-0.001115269958972931,0.0014430258888751268,-0.001087129581719637
-0.0002795700274873525,-0.00017005071276798844,-0.00016407808288931847
-0.0006478435825556517,-0.0006612005527131259,-0.0009665926918387413
-0.00019430721295066178,-0.0007578732911497355,0.00033223070204257965
0.002927959430962801,-0.00023574905935674906,-0.002257858868688345
0.0006967630470171571,9.181979112327099e-05,-0.000663424376398325
-0.0007076812908053398,-0.0013201374094933271,0.0006099306046962738
0.0003266904386691749,0.00043461937457323074,-0.0008990168571472168
-0.00035332105471752584,-0.0007244872977025807,0.0012901066802442074
0.0004312461824156344,0.0004449067055247724,-0.003267893334850669
-0.0003805668093264103,1.993967453017831e-05,0.001343760173767805
-0.0007510125287808478,-0.0009281456586904824,-0.0008807778358459473
0.0008128552581183612,-0.0017974900547415018,-0.0005970103666186333
0.001653615152463317,-0.00100040587130934,-0.00030139973387122154
-0.0004275672836229205,-0.0010186081053689122,-0.000865268986672163
-0.0015631390269845724,0.0008786278776824474,-0.003234949428588152
0.0023629965726286173,-0.00027546571800485253,-0.0020314371213316917
0.001508121844381094,-0.0004400491015985608,-0.00301334448158741
-0.001800458412617445,-0.0002567265764810145,0.0003972570411860943
0.0013218316016718745,-0.00038029724964872,0.0006348108872771263
0.0006364515284076333,0.00046972359996289015,-4.632817581295967e-05
0.0007464400841854513,-0.0011468151351436973,-0.0022200001403689384
0.00039322784869000316,0.002846570685505867,0.00030821189284324646
-0.0021285193506628275,-0.0009308569133281708,0.000410210806876421
-0.0014013682957738638,-0.000694308546371758,0.0008840188384056091
0.0016474185977131128,-0.000938254117500037,-0.0012718099169433117
0.00012026104377582669,-0.0005581195000559092,-0.0023305118083953857
-0.0019186551216989756,-2.6552588678896427e-05,0.0005126791074872017
-0.00015259868814609945,-0.0014015395427122712,-0.0005138241685926914
0.002441320102661848,-0.0013581300154328346,-0.0011005187407135963
0.0015202860813587904,0.0008541845018044114,-0.0024568727239966393
-0.0021711213048547506,-0.002122430596500635,-0.0021466147154569626
-0.0019216203363612294,-0.002286790404468775,-0.0006866906769573689
0.00036843185080215335,-0.0010319091379642487,-1.0247807949781418e-05
-0.0006279074004851282,-0.0005003816913813353,-0.0001598321832716465
-0.0009016803815029562,-0.0013395438436418772,-0.0020080660469830036
0.0007247249595820904,-0.0011165699688717723,0.0006406432949006557
9.91484266705811e-05,-0.0012771585024893284,-0.0020193220116198063
0.0003368352772668004,-0.0018683297093957663,-0.002771202474832535
-0.0002197653811890632,0.0007202628767117858,-0.0010547954589128494
0.00037015642737969756,0.001772598596289754,-0.0012538307346403599
0.000948328641243279,0.0004050654242746532,0.0015076007694005966
7.908465340733528e-05,0.0006893467507325113,-0.0006695445626974106
0.0007185096619650722,0.0011500734835863113,-0.003985712770372629
-0.0018823820864781737,0.0003629645216278732,-0.00024720747023820877
0.0009621402714401484,-0.00421234592795372,0.0007653268985450268
0.0018105872441083193,-0.0014250962994992733,0.0013895467855036259
0.001493937335908413,-0.0011670361272990704,0.002275314647704363
0.0019878698512911797,0.0005060539115220308,-0.0015447563491761684
0.0005806556437164545,0.001217650598846376,0.0008603446185588837
0.00045240650069899857,0.0001296421978622675,-0.0017096810042858124
0.00020952621707692742,-0.0017622674349695444,-0.00187666155397892
6.008311174809933e-05,-0.00015790818724781275,-0.0021935030817985535
-0.0019356897100806236,-0.0012303631519898772,0.0002387622371315956
-0.00042309844866394997,-0.0008533176733180881,0.0008599096909165382
-0.0018843747675418854,-0.00014944421127438545,-0.0001371782273054123
0.0008445748826488853,-0.0011827560374513268,0.0012851734645664692
0.001983076333999634,0.0019983898382633924,-0.0013122069649398327
-0.00030085170874372125,0.0006092139519751072,0.0013018874451518059
0.001181197352707386,-0.00045684934593737125,0.0024430518969893456
0.0005545658059418201,-0.00028963611111976206,0.000244789756834507
-0.0008952590287663043,-0.0027293581515550613,0.0001513129100203514
-0.0008865203708410263,0.00028397940332069993,0.0007025720551609993
0.000563570880331099,0.0016925251111388206,-0.0007046419195830822
-6.372231291607022e-05,-0.0010671097552403808,0.0002963258884847164
-8.369600982405245e-05,-0.00018214134615845978,0.00033414270728826523
-0.00010930775897577405,-0.0007060063653625548,0.0019469880498945713
-0.0007966696284711361,0.0006681847153231502,0.00044176913797855377
-0.001422020373865962,-0.0008076970698311925,-0.0005163154564797878
-0.0010606293799355626,2.560601569712162e-05,0.00010286970064043999
-0.0016736076213419437,0.0010631231125444174,-0.00025869952514767647
-0.000826722476631403,0.00025938102044165134,-0.0009689647704362869
0.00011233208351768553,0.0028454214334487915,-0.00021823309361934662
0.0007232612697407603,0.0024914871901273727,0.002876360435038805
0.0012603135546669364,-0.001027135644108057,0.0005436744540929794
-0.0011897946242243052,-0.0023025237023830414,0.000405722763389349
-0.002217878820374608,-0.0012319904053583741,-0.0014789062552154064
-0.0006585978553630412,0.0003475304110907018,-0.0010722419247031212
0.0027521466836333275,0.0006820510025136173,0.0004899743944406509
0.0012128395028412342,6.140733603388071e-06,-0.0006754249334335327
-0.0010964726097881794,0.0014393932651728392,0.0005532843060791492
-0.001615789020434022,0.0008700094767846167,-0.002338642254471779
-0.0003038736467715353,-0.0005950191989541054,-0.0010705874301493168
0.0009789710165932775,-0.0002783693198580295,-0.0006785700097680092
-0.0015925673069432378,-0.0009066577767953277,-0.0013525355607271194
-0.0022327913902699947,-0.0016819039592519403,0.0006333836354315281
-0.00011789429117925465,0.0015057263663038611,0.000795142725110054
-4.1461578803136945e-05,0.0009571153204888105,-0.0010871794074773788
0.00016592151951044798,-0.0005996392574161291,0.0005627688951790333
-0.0001398093590978533,0.00023446278646588326,-0.0010468456894159317
0.001799226738512516,0.0006217121845111251,0.0005582934245467186
0.0013459566980600357,0.0009434220846742392,-0.001637482549995184
0.00022751925280317664,0.0009930222295224667,-0.0003810301423072815
0.002123157260939479,-8.502535638399422e-05,-0.00015679188072681427
-0.0016755001852288842,0.00048700609477236867,0.0017138123512268066
2.0134408259764314e-05,0.0013940788339823484,-0.000778640154749155
0.0015750639140605927,-0.001401648623868823,-0.002038436010479927
0.0008781145443208516,0.0005624326877295971,0.0006380411796271801
0.0008938593091443181,-0.001196037046611309,0.00044851331040263176
0.0017580550629645586,-0.0016716776881366968,-0.0011176918633282185
-0.0004998057847842574,-0.003208023961633444,0.0001486232504248619
1.2586417142301798e-05,0.0006935072015039623,0.0008911127224564552
-0.0018099442822858691,-0.0004571654717437923,-0.0018807095475494862
-0.003184934612363577,0.0005468462477438152,-0.00016004126518964767
-0.0018379348330199718,0.0018086216878145933,-0.0010062772780656815
0.000562904926482588,0.0018190080299973488,0.0015692654997110367
-0.00022620701929554343,0.0007791382959112525,-0.0006189430132508278
0.002631364855915308,-0.002104798797518015,-0.0009600939229130745
-0.0011323735816404223,0.0002848039148375392,0.0018212171271443367
0.0002069301117444411,-0.0002289198455400765,-0.00015964219346642494
0.0021124461200088263,0.002043794607743621,-0.0010014432482421398
0.0016224244609475136,0.0003873084206134081,0.0003671548329293728
-0.0011926585575565696,-7.045071106404066e-05,0.0006225681863725185
0.0015501311281695962,0.0009221094660460949,0.00015145493671298027
-0.0009045108454301953,0.0008571638027206063,0.0009707971476018429
-0.0005332661676220596,0.0013863339554518461,-0.0011120615527033806
-0.0007493392331525683,-0.00037261960096657276,-1.4124903827905655e-05
0.00022537769109476358,0.0018798820674419403,0.001905747689306736
0.0005515069351531565,-9.384073200635612e-05,-0.0005358788184821606
-0.0008051072945818305,0.0002824639668688178,-0.0006908751092851162
0.0008656935533508658,0.0005395706393755972,-0.0017502754926681519
0.0029032782185822725,0.0017595647368580103,0.0019640354439616203
-0.0018498287536203861,0.00022719247499480844,-0.00035794125869870186
-0.0011014804476872087,0.0021172380074858665,0.0007912125438451767
-0.001577346003614366,-0.001653668936342001,-0.0010659950785338879
-0.0023909416049718857,0.004023924004286528,-0.00035706162452697754
0.0010439682519063354,-0.00045908617903478444,0.0009382208809256554
-0.0010620595421642065,-0.0007501696818508208,-0.0020658248104155064
0.0021106868516653776,0.0003354387590661645,-0.0009018196724355221
-0.002187122590839863,0.00027525133918970823,0.0009448160417377949
-0.0011473216582089663,-0.0010688661132007837,-0.0016175508499145508
-0.0016653065104037523,-0.0018917829729616642,0.001411795150488615
0.0008632679237052798,0.0008489167666994035,-0.0010952199809253216
-0.00043821893632411957,0.0003101592883467674,0.0027144323103129864
2.9761751648038626e-05,0.000459173577837646,0.0014636144042015076
0.0010763840982690454,0.0007989929290488362,-0.0015912973321974277
-8.381548104807734e-05,0.00151969981379807,0.00018900400027632713
0.0012959681916981936,0.00020862562814727426,-0.00029142992570996284
-0.0017932531191036105,0.0018545225029811263,-0.0007104347459971905
-0.0024374716449528933,-0.0018672450678423047,0.0005247392691671848
-0.000987956766039133,-0.0015827389433979988,-9.9151860922575e-05
0.001219803700223565,-0.00076781160896644,0.0009461389854550362
-0.0015006768517196178,-0.0010858142049983144,0.0010097948834300041
-0.0010394173441454768,0.002741680946201086,0.0014015454798936844
-0.0023452925961464643,0.000874279357958585,-0.00020290492102503777
-0.001145005808211863,0.002314783399924636,0.001206706278026104
0.0023256810382008553,-0.0021486333571374416,-0.0019343923777341843
0.0013115493347868323,-0.0006364905857481062,-0.00030693458393216133
0.0004708492779172957,0.0009298051591031253,0.0009322497062385082
-0.0010769800283014774,-0.0011847447603940964,-0.0009657852351665497
0.0008745425147935748,-0.0017080468824133277,-4.9277208745479584e-05
-0.00268610380589962,0.00017507426673546433,-0.0027358741499483585
-0.0007171787437982857,-0.0016554866451770067,0.0005022021941840649
-0.0005890806787647307,0.0009932933608070016,0.0016361759044229984
-0.0050531355664134026,-0.001265941420570016,0.0002538352273404598
0.000954689341597259,0.00039374048355966806,-0.0006290026940405369
0.0012672222219407558,0.0016763287130743265,-0.00038184504956007004
-0.002079039579257369,0.0005641926545649767,-0.0007610791362822056
2.7077534468844533e-05,-0.0015297888312488794,-0.0006543425843119621
-0.000565209542401135,0.0013179292436689138,-0.002007228322327137
0.0007187392329797149,-0.0009650855790823698,-0.0026034782640635967
0.0005922390846535563,-0.002106250263750553,-0.001699334941804409
-0.0008626495837233961,0.0010094037279486656,-0.0016392990946769714
-0.00019526149844750762,-0.000173838809132576,-0.0016888338141143322
-0.0009775172220543027,9.33896517381072e-05,0.0010318374261260033
-0.0011431657476350665,0.0009506612550467253,-0.0026513137854635715
-0.003345712088048458,-0.0008475117501802742,0.00047033047303557396
-0.0016362292226403952,0.00039645080687478185,-0.0002745557576417923
-0.0008317591855302453,0.0005008294829167426,2.2115185856819153e-05
0.0021784119307994843,0.0028939461335539818,0.0017169504426419735
-0.002997125033289194,-0.0008086475427262485,0.0012118630111217499
-0.0006388959009200335,-0.0009063855977728963,-0.0028768880292773247
-0.0018346244469285011,0.00012529094237834215,-0.0019291434437036514
-0.0026335727889090776,0.00039267237298190594,0.00026583345606923103
0.0022311280481517315,0.00016174052143469453,0.00017149467021226883
-9.753997437655926e-05,-0.00023134207003749907,-0.0006522210314869881
0.0006535083521157503,7.807958172634244e-05,0.0013928897678852081
0.0002899868995882571,-0.0013238084502518177,-0.00013390043750405312
-0.0009454360115341842,-0.0012028791243210435,0.0013080304488539696
-0.0006564830546267331,0.0026440571527928114,0.0004651397466659546
3.326684236526489e-05,-0.001641622744500637,0.001546382438391447
-0.00041680739377625287,-0.0008048574673011899,0.0006989650428295135
-0.0009174332371912897,0.0008181369048543274,-0.0014294451102614403
-0.0015531298704445362,-0.0006711027235724032,-2.063298597931862e-05
-0.0021305386908352375,-0.0012865983881056309,-0.0017495756037533283
-0.0007233244832605124,0.0009805506560951471,-0.002036131452769041
0.0008156603435054421,0.0013258779654279351,-0.0011140801943838596
0.00015439747949130833,0.0006829909980297089,0.0018902318552136421
-0.0003182691289111972,-0.002266424475237727,0.0004381001926958561
-0.00038937549106776714,0.0006510685780085623,0.0013507655821740627
0.0001417409221176058,0.00011630379594862461,-0.00020666513592004776
-0.0014351167483255267,-0.0011257946025580168,5.35259023308754e-05
-0.0004955725744366646,-0.0017536879749968648,-0.0014111651107668877
0.0014943414134904742,-0.0021867179311811924,-0.0005142125301063061
-0.0004903704393655062,-0.0013878655154258013,0.0009995391592383385
0.002452156273648143,-0.0010951841250061989,6.237300112843513e-05
-0.0009435132378712296,-0.00201052101328969,-0.00020398898050189018
0.002020851243287325,-0.0016845499631017447,0.0022810068912804127
0.0008366348338313401,-0.00040443899342790246,-0.00129731185734272
-6.804097210988402e-05,0.001580947544425726,-0.0006054230034351349
0.000178614747710526,-0.0017528895987197757,0.0013152551837265491
0.00206466531381011,-0.00014061183901503682,0.0006254962645471096
0.002790766768157482,-0.001969214528799057,-0.0008897809311747551
0.0012730313464999199,-0.0002578672138042748,0.0008886777795851231
0.0009153619175776839,-0.0010901887435466051,0.00036777835339307785
0.0009430587524548173,-0.0022369460202753544,-0.001764880958944559
0.00040667399298399687,0.0011411734158173203,0.0002922043204307556
-0.0035169613547623158,0.005366811063140631,-0.0028692339546978474
0.0006480087758973241,-0.0019570710137486458,-0.0023475983180105686
-0.0017256666906177998,-0.00149288191460073,-0.0028887526132166386
0.010011687874794006,-0.02053440921008587,0.00020223576575517654
-0.005710017401725054,-0.0030539531726390123,0.12175662815570831
0.0029935531783849,-0.007460044696927071,0.342826247215271
0.0023312249686568975,-0.01040363684296608,0.36565858125686646
0.004408052656799555,-0.009303009137511253,0.3940815329551697
-0.0002942910650745034,-0.010056950151920319,0.426151841878891
0.0038078119978308678,-0.012856808491051197,0.4056473970413208
0.0018676992040127516,-0.009785118512809277,0.39344826340675354
0.002857237122952938,-0.013216543942689896,0.4293747544288635
0.0021821255795657635,-0.014782749116420746,0.4841567575931549
0.004031737335026264,-0.015678618103265762,0.5330899953842163
0.0056229764595627785,-0.017254676669836044,0.582578718662262
0.004226217046380043,-0.012676416896283627,0.6439521312713623
0.005030491389334202,-0.01312143076211214,0.7186338305473328
0.00501323863863945,-0.012122193351387978,0.8048877716064453
0.005125091411173344,-0.009126936085522175,0.880818784236908
0.005979389417916536,-0.008932184427976608,0.9020572304725647
0.004927706904709339,-0.006695395335555077,0.8722918629646301
0.007299749180674553,-0.002741323783993721,0.8491718769073486
0.006752735935151577,0.0022710117045789957,0.8443299531936646
0.0035579176619648933,0.0015450941864401102,0.8597551584243774
0.0013299169950187206,0.0013291118666529655,0.891994833946228
-0.003852933645248413,0.00047714385436847806,0.920099675655365
-0.006495322100818157,-0.0019436695147305727,0.9356639981269836
-0.007272049784660339,-0.0015500163426622748,0.9012510180473328
0.0023158628027886152,-0.0006416121032088995,0.7334497570991516
0.00582322059199214,0.00039159931475296617,0.5259119868278503
0.005273810587823391,0.0012810949701815844,0.49347811937332153
0.008201980963349342,-0.0013356318231672049,0.5803017020225525
0.01582954078912735,-0.0007390837999992073,0.5868935585021973
0.022115526720881462,-0.0028107173275202513,0.5925494432449341
0.02469906024634838,-0.00413350947201252,0.5983407497406006
0.029546106234192848,-0.0087906364351511,0.5655275583267212
0.024903150275349617,-0.009732330217957497,0.568605899810791
0.016012301668524742,-0.0119789345189929,0.6029426455497742
0.016984090209007263,-0.012297981418669224,0.6280996203422546
0.027206389233469963,-0.013881667517125607,0.6244828701019287
0.03913681581616402,-0.014041723683476448,0.6203722357749939
0.023323409259319305,-0.007376479916274548,0.6102508306503296
0.04604256898164749,-0.01849757507443428,0.6064057946205139
0.05387647822499275,-0.017947383224964142,0.6160924434661865
0.06761572510004044,-0.022843871265649796,0.631536602973938
0.09632835537195206,-0.017630811780691147,0.650122344493866
0.1357244849205017,-0.018418041989207268,0.6380091905593872
0.16992944478988647,-0.02446018159389496,0.6149002909660339
0.15817318856716156,-0.017895756289362907,0.556087851524353
0.1476009637117386,-0.011824735440313816,0.4490644335746765
0.12076907604932785,-0.0014301507035270333,0.34509381651878357
0.10482359677553177,-0.0020317821763455868,0.247078999876976
0.13141313195228577,-0.01831088773906231,0.1702801138162613
0.15139226615428925,-0.026172328740358353,0.0882420688867569
0.14343874156475067,-0.033279240131378174,0.008728871122002602
0.13901494443416595,-0.022991981357336044,-0.03870657831430435
0.18936173617839813,-0.025716129690408707,-0.0755077376961708
0.32811063528060913,-0.037231527268886566,-0.11618237942457199
0.5918237566947937,0.006658702157437801,-0.241776242852211
0.7904152274131775,-0.1191839948296547,-0.39271724224090576
0.779687225818634,-0.16172905266284943,-0.4257337749004364
0.661369264125824,-0.12148935347795486,-0.5151112079620361
0.5245024561882019,-0.18145789206027985,-0.6456332802772522
0.3774842917919159,-0.28080129623413086,-0.8126693367958069
0.3681032955646515,-0.09609725326299667,-0.681293785572052
0.22593149542808533,-0.49164602160453796,-0.4555625915527344
0.09895755350589752,-0.6697808504104614,-0.32305142283439636
0.003367101540789008,-0.7798557877540588,-0.2299678772687912
-0.0037057213485240936,-0.7078625559806824,-0.1576704978942871
-0.008799001574516296,-0.6309698224067688,-0.1783139854669571
-0.1601400524377823,-0.6009266972541809,-0.2421180009841919
-0.6249305605888367,-0.43362894654273987,-0.17228984832763672
-0.9676849842071533,-0.5522629022598267,0.3145783245563507
-1.1316983699798584,-0.95427405834198,0.6335638761520386
-1.2207521200180054,-1.2510849237442017,0.6845871210098267
-1.2918906211853027,-1.450050711631775,0.7062234878540039
-1.3885092735290527,-1.5613940954208374,0.8406188488006592
-1.506880283355713,-1.5526411533355713,1.020855188369751
-1.6342142820358276,-1.4195976257324219,1.1657048463821411
-1.7993013858795166,-1.1182719469070435,1.2485666275024414
-2.0701680183410645,-0.5943052768707275,1.3654676675796509
-2.377490520477295,-0.22801075875759125,1.4754070043563843
-2.6472327709198,0.0026219224091619253,1.4950624704360962
-2.8918726444244385,0.09444328397512436,1.4652713537216187
-3.104093074798584,0.13411718606948853,1.3986254930496216
-3.130815267562866,-0.10490773618221283,1.2878189086914062
-2.8227860927581787,-0.8379446864128113,1.1443967819213867
-2.432518720626831,-1.5109305381774902,0.9703692197799683
-2.2930572032928467,-1.5409823656082153,0.8859286308288574
-2.317467212677002,-1.2860630750656128,0.9266465306282043
-2.3430399894714355,-1.198182225227356,0.998838484287262
-2.3474533557891846,-1.2448657751083374,1.0226515531539917
-2.376646041870117,-1.2663006782531738,0.9857258796691895
-2.4090816974639893,-1.2386770248413086,0.9663476347923279
-2.4040307998657227,-1.1346099376678467,0.958568274974823
-2.370767593383789,-0.9559533596038818,0.9185997843742371
-2.3265585899353027,-0.7750748991966248,0.9004759192466736
-2.2904231548309326,-0.5663480758666992,0.9287371635437012
-2.2798943519592285,-0.35724544525146484,0.9761326313018799
-2.3084452152252197,-0.1703415811061859,1.0114372968673706
-2.3675293922424316,-0.04323449358344078,1.0237754583358765
-2.4236154556274414,0.034696064889431,1.0087319612503052
-2.4611117839813232,0.1054980680346489,0.9516923427581787
-2.482823133468628,0.06116953864693642,0.9049705266952515
-2.4556055068969727,0.055269040167331696,0.8771812915802002
-2.2385103702545166,0.1939496546983719,0.7872496843338013
-1.9891860485076904,0.07692822068929672,0.7240355610847473
-1.8852719068527222,0.02633516862988472,0.6800257563591003
-1.8267419338226318,0.04382094740867615,0.6513277888298035
-1.7463335990905762,0.1107863038778305,0.6558396816253662
-1.6316863298416138,0.1937517523765564,0.6648901700973511
-1.5146464109420776,0.2707097828388214,0.6546133756637573
-1.41321861743927,0.3590409755706787,0.624749481678009
-1.2794979810714722,0.41164571046829224,0.5150774717330933
-1.1459944248199463,0.45416495203971863,0.33299097418785095
-1.03273606300354,0.4586488902568817,0.16831329464912415
-0.9429609775543213,0.42279741168022156,0.04870673641562462
-0.8547176718711853,0.3753018379211426,0.0008170111104846001
-0.7256911993026733,0.3224165141582489,0.003031163476407528
-0.5463827252388,0.2874024212360382,0.03735370934009552
-0.34910985827445984,0.2616983950138092,0.08392041176557541
-0.15926647186279297,0.2226489633321762,0.10875725746154785
0.010628283023834229,0.18268103897571564,0.11677470803260803
0.13208742439746857,0.12783388793468475,0.13105812668800354
0.19817908108234406,0.05130422115325928,0.10727928578853607
0.22956086695194244,-0.05117558315396309,0.05523516237735748
0.254348486661911,-0.11975491046905518,-0.01590745523571968
0.2877618074417114,-0.14336970448493958,-0.09727641940116882
0.3266511559486389,-0.16979865729808807,-0.16466665267944336
0.3816753923892975,-0.19909240305423737,-0.20836415886878967
0.4513136148452759,-0.21350383758544922,-0.22713331878185272
0.5135231018066406,-0.20296625792980194,-0.2230938971042633
0.5324181914329529,-0.11536210030317307,-0.19147871434688568
0.5511974692344666,-0.06714975833892822,-0.15797299146652222
0.5714321732521057,-0.0124412402510643,-0.15462300181388855
0.5911014676094055,0.04114243760704994,-0.1737583875656128
0.572831392288208,0.08573547005653381,-0.19480189681053162
0.5184659361839294,0.051369789987802505,-0.2307763695716858
0.43355873227119446,-0.03429717570543289,-0.25771477818489075
0.3410267233848572,-0.10992632806301117,-0.27662503719329834
0.26368504762649536,-0.17753440141677856,-0.28658634424209595
0.2246166318655014,-0.20461559295654297,-0.2776810824871063
0.24574269354343414,-0.17495809495449066,-0.2527320683002472
0.2909568250179291,-0.09765040874481201,-0.22685058414936066
0.3357642590999603,-0.01324205007404089,-0.20286907255649567
0.33666151762008667,0.02353435568511486,-0.1913205236196518
0.3038460612297058,-0.017722005024552345,-0.20058433711528778
0.24846544861793518,-0.12625768780708313,-0.20221249759197235
0.20347853004932404,-0.21825818717479706,-0.1992393434047699
0.16237497329711914,-0.27234289050102234,-0.20639638602733612
0.11833535134792328,-0.3051280081272125,-0.21745888888835907
0.09503369778394699,-0.2665117681026459,-0.22137299180030823
0.09183098375797272,-0.180930033326149,-0.23838047683238983
0.09278277307748795,-0.0849926695227623,-0.2667335569858551
0.11170054227113724,0.02278066612780094,-0.2919057607650757
0.13563665747642517,0.05814706161618233,-0.2886815667152405
0.14529994130134583,0.024737969040870667,-0.24907664954662323
0.17266909778118134,0.00032844668021425605,-0.20277933776378632
0.2190307378768921,-0.013601483777165413,-0.16010351479053497
0.26228344440460205,-0.02677825465798378,-0.12216193974018097
0.2849637269973755,-0.035471078008413315,-0.12139228731393814
0.2778233289718628,-0.02553364634513855,-0.12284497916698456
0.24580228328704834,0.01814965158700943,-0.11764808744192123
0.1993504762649536,0.06458660215139389,-0.1373838484287262
0.14059928059577942,0.09411360323429108,-0.17094552516937256
0.06906764209270477,0.07659172266721725,-0.20782411098480225
-0.001262975507415831,0.02625424787402153,-0.21752867102622986
-0.06861388683319092,-0.014616701751947403,-0.21268530189990997
-0.12299137562513351,-0.038034673780202866,-0.2065182328224182
-0.1480071097612381,-0.03894028067588806,-0.18898886442184448
-0.1468544900417328,-0.008796758949756622,-0.17849014699459076
-0.14200721681118011,0.038098063319921494,-0.15893158316612244
-0.12184548377990723,0.09266969561576843,-0.13802523910999298
-0.08044006675481796,0.12914370000362396,-0.12273769080638885
-0.027570459991693497,0.14600470662117004,-0.09942890703678131
0.02026786096394062,0.1515928953886032,-0.07055923342704773
0.06179027259349823,0.17152079939842224,-0.042662620544433594
0.08134669810533524,0.21064655482769012,-0.019301339983940125
0.07673889398574829,0.20847368240356445,-0.017853645607829094
0.044723596423864365,0.17120961844921112,-0.02877563238143921
0.00865107960999012,0.09344398975372314,-0.02680009976029396
-0.018202345818281174,0.030206887051463127,-0.01732110045850277
-0.03315865993499756,-0.011165321804583073,0.005968776531517506
-0.043933890759944916,-0.025573493912816048,0.02172158658504486
-0.04548225551843643,-0.02480676956474781,0.022707223892211914
-0.0496300533413887,-0.0038446523249149323,0.011091895401477814
-0.050317950546741486,0.02137654833495617,-0.0020089931786060333
-0.03826109319925308,0.017298074439167976,-0.011707475408911705
-0.03230573236942291,0.010852426290512085,-0.014794345945119858
-0.039935629814863205,0.001707145944237709,-0.02313265949487686
-0.050647396594285965,-0.025375602766871452,-0.03939099237322807
-0.06702584028244019,-0.024303946644067764,-0.041442956775426865
-0.07227332890033722,-0.01988762803375721,-0.0446171797811985
-0.0478951558470726,-0.004966337233781815,-0.0471329465508461
-0.011255919001996517,0.03490224853157997,-0.04079888388514519
0.03322300314903259,0.08584785461425781,-0.024464240297675133
0.06466907262802124,0.11566939949989319,-0.012425688095390797
0.07828625291585922,0.10835588723421097,-0.007395600434392691
0.055568158626556396,0.07227484881877899,-0.012486498802900314
0.010751666501164436,0.03488849848508835,-0.01818673685193062
-0.01732497662305832,0.04748072475194931,-0.016470596194267273
-0.029479872435331345,0.042734093964099884,-0.016151001676917076
-0.016440769657492638,0.05719798803329468,0.016211997717618942
0.03905712440609932,0.09012780338525772,0.05723613500595093
0.08286905288696289,0.12358216196298599,0.07294425368309021
0.1039649248123169,0.1433149129152298,0.0695774033665657
0.09126564115285873,0.1452137529850006,0.046691522002220154
0.05568796396255493,0.15496952831745148,0.031590111553668976
0.014948257245123386,0.18918129801750183,0.030165856704115868
-0.10930624604225159,0.3557797074317932,0.03827444836497307
0.7172841429710388,0.28086045384407043,0.13805298507213593
1.0009528398513794,-0.1430228054523468,-0.03137943893671036
0.3966507017612457,0.27036240696907043,-0.032986655831336975
0.2995462715625763,0.3903954029083252,-0.14409370720386505
0.23988854885101318,0.26398634910583496,-0.2586434781551361
0.15514510869979858,0.28793248534202576,-0.17899078130722046
0.09620483219623566,0.24815285205841064,-0.10039157420396805
0.04915577918291092,0.13884499669075012,-0.07216689735651016
0.05513564124703407,-0.03143966197967529,0.005615780130028725
0.08221793174743652,-0.01866995543241501,0.006745025049895048
0.12901632487773895,0.07710743695497513,-0.012612427584826946
0.21003428101539612,0.2022842913866043,-0.022493476048111916
0.2764471173286438,0.35024523735046387,0.003048368263989687
0.35672807693481445,0.4785202145576477,0.03372768685221672
0.42048653960227966,0.5762803554534912,0.08252185583114624
0.43385088443756104,0.6116498708724976,0.1284923404455185
0.39693522453308105,0.5799185633659363,0.18594098091125488
0.33652085065841675,0.5077677965164185,0.2251938134431839
0.2982504367828369,0.4335276186466217,0.24496112763881683
0.266080766916275,0.37690386176109314,0.2471121996641159
0.23944678902626038,0.34106144309043884,0.23665156960487366
0.2258424013853073,0.3013952970504761,0.19165782630443573
0.24367360770702362,0.30734771490097046,0.13495460152626038
0.2777523100376129,0.37142127752304077,0.08724604547023773
0.3113752603530884,0.4587223529815674,0.05371897667646408
0.3280101418495178,0.5207346677780151,0.05951957404613495
0.32187899947166443,0.5779678821563721,0.05978962033987045
0.30486515164375305,0.6063427329063416,0.04346609115600586
0.29281142354011536,0.5782511830329895,0.016485603526234627
0.2788234353065491,0.5044450163841248,-0.006255436223000288
0.24836191534996033,0.39254724979400635,-0.03668311610817909
0.2148204743862152,0.241362527012825,-0.07505765557289124
0.20615987479686737,0.09024624526500702,-0.11498615890741348
0.2096189558506012,-0.011366350576281548,-0.13440576195716858
0.23554083704948425,-0.05188847333192825,-0.1416865885257721
0.27718058228492737,-0.0013931167777627707,-0.1339116096496582
0.30242228507995605,0.13773228228092194,-0.12017129361629486
0.30832892656326294,0.28639110922813416,-0.10704772919416428
0.2896564304828644,0.42081761360168457,-0.09829391539096832
0.2517510652542114,0.5206210017204285,-0.1009979248046875
0.1950446367263794,0.6199374794960022,-0.12320175766944885
0.13977396488189697,0.6873971819877625,-0.16304102540016174
0.09255505353212357,0.6826556921005249,-0.2134818285703659
0.04545107111334801,0.626908540725708,-0.2668626010417938
-0.008363956585526466,0.5103552937507629,-0.30842655897140503
-0.05331682413816452,0.32944175601005554,-0.32127684354782104
-0.09154942631721497,0.14187903702259064,-0.29105156660079956
-0.12723658978939056,-0.023540643975138664,-0.23073871433734894
-0.1623746156692505,-0.1401362270116806,-0.15720084309577942
-0.1887221485376358,-0.1642960160970688,-0.09075294435024261
-0.20999173820018768,-0.1718926876783371,-0.06763138622045517
-0.25190356373786926,-0.18139991164207458,-0.0736408680677414
-0.30606478452682495,-0.20700861513614655,-0.09925808012485504
-0.282736212015152,-0.19430343806743622,-0.13777178525924683
-0.13353312015533447,-0.21614588797092438,-0.1467019021511078
-0.020848697051405907,-0.7076873183250427,-0.13674812018871307
0.05553209036588669,-1.1406949758529663,-0.16930340230464935
0.029766598716378212,-1.372734546661377,-0.13997048139572144
-0.07187294214963913,-1.3168563842773438,-0.06792104989290237
-0.10443350672721863,-0.9251112937927246,0.0649062842130661
-0.03851068764925003,-0.46430346369743347,0.15795259177684784
0.014701666310429573,-0.1904844343662262,0.20543596148490906
0.03721070662140846,-0.2185317724943161,0.18611499667167664
0.008149093016982079,-0.3541851043701172,0.16857421398162842
-0.05009956285357475,-0.3889193832874298,0.14971449971199036
-0.08288902044296265,-0.28556299209594727,0.16172902286052704
-0.09728793054819107,-0.15678264200687408,0.17841079831123352
-0.060819946229457855,-0.01231637317687273,0.1384335309267044
0.05857595056295395,0.13600678741931915,0.059373337775468826
0.23746314644813538,0.25637125968933105,0.040579408407211304
0.4683144688606262,0.32937997579574585,0.020620612427592278
0.689390242099762,0.32589972019195557,-0.03254126012325287
0.839116632938385,0.24652926623821259,-0.13097596168518066
0.9068784117698669,0.13736151158809662,-0.23440881073474884
0.9083316922187805,0.022036787122488022,-0.31859108805656433
0.8893053531646729,-0.04249676316976547,-0.38306647539138794
0.87300705909729,-0.07824809849262238,-0.41408804059028625
0.8612799048423767,-0.06684459745883942,-0.44621047377586365
0.8624138832092285,-0.0566667877137661,-0.4908892512321472
0.8661797046661377,-0.062156230211257935,-0.5741874575614929
0.8925985097885132,-0.04896426200866699,-0.6928139925003052
0.940593957901001,-0.03709900751709938,-0.8096098899841309
0.9832069277763367,-0.02265428565442562,-0.8666446805000305
1.0395629405975342,0.0202990360558033,-0.8769556879997253
1.099795937538147,0.07830241322517395,-0.830205500125885
1.165228247642517,0.15212176740169525,-0.7499165534973145
1.2221953868865967,0.20787931978702545,-0.669338583946228
1.2773457765579224,0.24738742411136627,-0.6313143968582153
1.3463608026504517,0.25107935070991516,-0.6176912784576416
1.418481469154358,0.2251581847667694,-0.5993568301200867
1.4832314252853394,0.17651979625225067,-0.602466344833374
1.505324125289917,0.11070536822080612,-0.6414472460746765
1.5027086734771729,0.007340365555137396,-0.6907649636268616
1.4684159755706787,-0.04926910251379013,-0.7582896947860718
1.3999650478363037,-0.030658667907118797,-0.8441973924636841
1.314726710319519,0.015568235889077187,-0.9384050369262695
1.24958336353302,0.05464719608426094,-1.0333374738693237
1.2104718685150146,0.09433763474225998,-1.10679292678833
1.199959635734558,0.14294911921024323,-1.171348214149475
1.2273050546646118,0.18507997691631317,-1.220378041267395
1.2769016027450562,0.21217310428619385,-1.2348653078079224
1.3117854595184326,0.2292347401380539,-1.215161919593811
1.319366455078125,0.2474249303340912,-1.16598641872406
1.3171899318695068,0.24600981175899506,-1.0952929258346558
1.3277373313903809,0.2441578507423401,-1.0270546674728394
1.3668782711029053,0.3125586211681366,-0.9798188209533691
1.4083335399627686,0.4208962619304657,-0.9276565909385681
1.4282416105270386,0.5218439698219299,-0.8738903999328613
1.438810110092163,0.5724504590034485,-0.8377885818481445
1.444527268409729,0.6158507466316223,-0.8033384680747986
1.4510416984558105,0.6525474786758423,-0.7685871124267578
1.444231390953064,0.6491571068763733,-0.7297211289405823
1.4094312191009521,0.6184753179550171,-0.6934451460838318
1.397815227508545,0.6109710335731506,-0.6546757817268372
1.4034545421600342,0.6184419989585876,-0.6287379264831543
1.3927611112594604,0.6587607264518738,-0.6111639738082886
1.3904638290405273,0.764028012752533,-0.6048701405525208
1.400429368019104,0.8595389127731323,-0.6026073694229126
1.400377869606018,0.8582123517990112,-0.5825628042221069
1.3408697843551636,0.8560770153999329,-0.5691758394241333
1.222048044204712,0.7683618068695068,-0.5951733589172363
1.0876752138137817,0.5427873730659485,-0.48866555094718933
0.9012951850891113,0.3403271436691284,-0.38599827885627747
0.7281556725502014,0.1815308779478073,-0.3035300374031067
0.6080756187438965,0.09429903328418732,-0.22863046824932098
0.5350655913352966,0.08519572764635086,-0.1773023158311844
0.4788166880607605,0.10939107835292816,-0.16193453967571259
0.43437251448631287,0.15265129506587982,-0.16506317257881165
0.2861076891422272,0.207553431391716,-0.16673563420772552
0.19334079325199127,0.19252432882785797,-0.1828235238790512
0.1985272914171219,0.20683589577674866,-0.16605918109416962
0.2903745770454407,0.2289780080318451,-0.13353167474269867
0.38157373666763306,0.2694210112094879,-0.08530475199222565
0.45768100023269653,0.3170586824417114,-0.07422972470521927
0.5225077271461487,0.319592148065567,-0.0784740075469017
0.5737849473953247,0.2948720455169678,-0.08898472785949707
0.6129164099693298,0.28029924631118774,-0.09865839034318924
0.6511133909225464,0.3063963055610657,-0.09135668724775314
0.7001200914382935,0.36844688653945923,-0.0760112851858139
0.7303931713104248,0.4317067563533783,-0.08279000222682953
0.748022735118866,0.4558536410331726,-0.09710262715816498
-0.3984431028366089,0.9431595802307129,0.008417651057243347
-0.17100273072719574,0.27213457226753235,-0.054064635187387466
-0.2001415640115738,0.20792824029922485,-0.08362926542758942
-0.15427206456661224,0.27264782786369324,-0.06656932830810547
-0.08865317702293396,0.30960679054260254,-0.030962970107793808
-0.029247112572193146,0.37086933851242065,-0.035878367722034454
0.05252876877784729,0.4805692434310913,8.130725473165512e-05
0.07878966629505157,0.5939277410507202,0.018409181386232376
0.08702357113361359,0.6614306569099426,0.04547509551048279
0.06572387367486954,0.6651934385299683,0.08894187211990356
-0.0004678306868299842,0.5582999587059021,0.13420239090919495
-0.08431053161621094,0.414379745721817,0.19104942679405212
-0.17219175398349762,0.2845104932785034,0.2527654469013214
-0.2347201108932495,0.17963336408138275,0.27318844199180603
-0.2589704394340515,0.1413286328315735,0.31434720754623413
-0.10516992956399918,0.6397626399993896,0.3434648811817169
-0.1764531135559082,0.582016110420227,0.30815625190734863
-0.26133498549461365,-0.28330135345458984,0.43005260825157166
-0.22323280572891235,-0.33612576127052307,0.13203823566436768
-0.1547458916902542,-0.3727918863296509,0.0878412127494812
-0.11613668501377106,-0.29729828238487244,-0.004727549850940704
-0.12257993966341019,-0.12969358265399933,-0.04644490033388138
-0.09993201494216919,0.1071566492319107,-0.015586994588375092
-0.07091820240020752,0.4009491205215454,0.004561150446534157
-0.1401921510696411,0.4081574082374573,-0.008365915156900883
-0.26863402128219604,0.00388367404229939,-0.029149755835533142
-0.27940309047698975,-0.17695243656635284,-0.034543268382549286
-0.17452968657016754,-0.06309005618095398,-0.08976497501134872
-0.08496196568012238,-0.08537261933088303,-0.1535886526107788
-0.06488972157239914,-0.2594248652458191,-0.21265330910682678
-0.06407145410776138,-0.36729496717453003,-0.25749656558036804
-0.04783257097005844,-0.3383924961090088,-0.3001002073287964
0.014664286747574806,-0.04968651011586189,-0.2797231078147888
0.08100283145904541,0.2297842800617218,-0.23924757540225983
0.10928371548652649,0.32559460401535034,-0.20664383471012115
0.1223989799618721,0.23258529603481293,-0.19372405111789703
0.14714865386486053,-0.004881549626588821,-0.16969157755374908
0.17945092916488647,-0.23972095549106598,-0.14420086145401
0.20049086213111877,-0.4053211212158203,-0.11361244320869446
0.20004744827747345,-0.4724178910255432,-0.08931935578584671
0.15752854943275452,-0.5098903775215149,-0.08344249427318573
0.06074047461152077,-0.5202468633651733,-0.11410533636808395
-0.025449100881814957,-0.4101986587047577,-0.15606459975242615
-0.1009230837225914,-0.17386335134506226,-0.1594446748495102
-0.12748971581459045,0.09235848486423492,-0.1402512937784195
-0.12194794416427612,0.31672632694244385,-0.09024059027433395
-0.11687424033880234,0.5278277397155762,-0.05079825967550278
-0.11882234364748001,0.559821367263794,-0.01851329207420349
-0.13530683517456055,0.37851837277412415,0.009560111910104752
-0.13236670196056366,0.12199496477842331,0.0495581291615963
-0.10491818934679031,-0.12103363126516342,0.08233430236577988
-0.11626432090997696,-0.2958190143108368,0.08687446266412735
-0.15044963359832764,-0.29384541511535645,0.06570321321487427
-0.20951960980892181,-0.17074717581272125,0.009694276377558708
-0.2810209393501282,0.061618514358997345,-0.015254192054271698
-0.34282732009887695,0.26728564500808716,-0.041892196983098984
-0.40135645866394043,0.4064752161502838,-0.05248390883207321
-0.4432538151741028,0.5034840703010559,-0.06401992589235306
-0.46569374203681946,0.5139747262001038,-0.07534060627222061
-0.3345700800418854,0.31110072135925293,-0.1895393431186676
-0.3748188614845276,0.07674089074134827,-0.08010251820087433
-0.49152445793151855,0.017833635210990906,-0.1538718044757843
-0.6544227004051208,0.02969585359096527,-0.31398969888687134
-1.0691181421279907,0.12278291583061218,-0.46643170714378357
0.0582108274102211,0.4215357303619385,-0.38098299503326416
-0.002683682832866907,0.012528793886303902,-0.14385327696800232
-0.012254391796886921,0.020688677206635475,0.007680196315050125
-9.919225703924894e-05,0.015462222509086132,0.019421808421611786
-0.006486670114099979,0.004300153814256191,-0.029278237372636795
-0.0012311880709603429,0.004910283721983433,-0.01716192066669464
-0.0024291740264743567,-0.0053319125436246395,0.006861548405140638
-0.0006688245921395719,0.0012125392677262425,0.020587215200066566
0.0002950304769910872,-0.0021771094761788845,0.007315426133573055
-0.005688559729605913,-0.008929554373025894,-0.0011092177592217922
0.0002798671484924853,-0.010823497548699379,-0.002276990097016096
-0.0031289788894355297,0.012086878530681133,-0.00038854219019412994
-0.0021619852632284164,-0.0034193771425634623,-0.004358516540378332
-0.0029148608446121216,0.001856344984844327,-0.00287114130333066
-0.004273141268640757,-0.00015861610881984234,-0.0017212354578077793
-0.0029551428742706776,0.004031601827591658,-0.0010349387302994728
-0.0045440844260156155,0.008263049647212029,0.01357768289744854
-0.0003557311720214784,0.011537139303982258,0.006468907464295626
-0.003247619839385152,0.015507839620113373,-0.000830500852316618
-0.0037821161095052958,0.012742944993078709,0.01930006593465805
-0.0005037169903516769,0.00962227862328291,0.03354831784963608
-0.0027879104018211365,0.010567966848611832,0.07826651632785797
-0.0015526707284152508,0.008734926581382751,0.031225284561514854
0.0005602813325822353,0.0011292051058262587,0.0013302378356456757
-0.001789482426829636,0.0006357020465657115,-0.001510614063590765
-0.003024124074727297,0.0008322433568537235,-0.0034374110400676727
-0.00329354009591043,-0.001665859716013074,-0.0030551557429134846
-0.0021499786525964737,0.0016497757751494646,0.002407253719866276
-0.00124524743296206,0.0028543397784233093,0.0004812963306903839
-0.0015089004300534725,-0.0012501240707933903,-0.000653210561722517
-0.0030125128105282784,0.0008805103716440499,-0.001156228594481945
-0.0014548299368470907,-0.0017411054577678442,-0.0006917733699083328
-0.0008448422886431217,0.0007101010414771736,0.0015155598521232605
-0.003288558917120099,-0.001463304739445448,-0.0004495871253311634
-0.0010693308431655169,-0.0008890301687642932,0.002005072310566902
-0.0016182083636522293,-0.0009484186302870512,-0.00029510026797652245
-0.0029847659170627594,3.860192373394966e-05,0.0015527615323662758
-0.003072650171816349,2.821558155119419e-05,-0.00013381801545619965
-0.002902272157371044,-0.0022059245966374874,-0.002471852581948042
-0.0010740121360868216,0.0023808376863598824,-0.001079818233847618
0.000664467632304877,-0.0021957322023808956,-0.0014247442595660686
0.0020847313571721315,0.0018445495516061783,0.0005912687629461288
-0.0019296465907245874,0.0003014682442881167,0.001354109961539507
-0.0007317566778510809,0.00048469373723492026,0.0011652917601168156
-0.0007873857393860817,0.0009673487511463463,-0.000825672410428524
0.0018281047232449055,-0.00047448661644011736,-0.004751171916723251
0.0017997163813561201,0.00012892181985080242,0.0005715033039450645
4.8155459808185697e-05,-0.00023965968284755945,-6.765546277165413e-05
-1.7676327843219042e-05,0.0010579158551990986,0.001318496186286211
0.0028596026822924614,0.00043793191434815526,0.0014873412437736988
0.0029118286911398172,0.0008414918556809425,-0.00039816461503505707
-0.0008437611977569759,5.825620610266924e-05,0.001431959681212902
-0.0010030744597315788,0.00035118451341986656,-0.0019822707399725914
-8.348497794941068e-05,-0.00012205919483676553,-0.002024348359555006
0.001024452387355268,-0.00015693198656663299,2.3666303604841232e-05
-0.0009841036517173052,-0.0021258071064949036,-0.00031428877264261246
-0.00235719489865005,-0.00017777748871594667,0.00045354897156357765
0.0013632411137223244,0.0005497981328517199,-0.0015552733093500137
0.0009508525254204869,-0.00014356151223182678,-0.0006627393886446953
0.002509067999199033,-0.0031830272637307644,-0.0008635413832962513
-0.0009472774690948427,-0.0005248648812994361,0.0011721039190888405
0.0005640664603561163,-0.0011653550900518894,-0.00015681330114603043
0.0015211666468530893,-0.0008230614475905895,0.0012724711559712887
0.0004234115476720035,0.0007207730086520314,-0.0019201263785362244
0.002887141890823841,-0.000688116648234427,0.0005278852768242359
-0.0010530049912631512,0.0008088462636806071,-0.003205333836376667
0.002821838017553091,0.0015257461927831173,-0.0014059105888009071
0.0020737561862915754,-0.0011504642898216844,-0.00016993749886751175
0.002008242066949606,0.001300180098041892,0.0016823075711727142
0.00038264848990365863,0.0004136137431487441,0.0005888137966394424
-0.0030391167383641005,0.0028830254450440407,0.0008752099238336086
0.0004285851609893143,0.0011058978270739317,0.002480297815054655
-9.34855779632926e-06,0.0009199732448905706,0.0005331626161932945
-0.0007624904974363744,-6.779318209737539e-05,-0.0017640800215303898
-0.0010453006252646446,0.00046843610471114516,0.0009285164996981621
0.0015185247175395489,-0.0016927190590649843,-0.0011721844784915447
0.0006488875951617956,-0.002202849369496107,-0.0007523451931774616
0.00013329958892427385,0.0003822810249403119,-0.0015907082706689835
0.0017657473217695951,-0.0012109284289181232,-0.004502131137996912
0.0009417651453986764,-0.0003400748537387699,-0.0031569686252623796
0.0023150488268584013,0.0009338408708572388,-0.00030194642022252083
1.827138476073742e-06,-8.918112143874168e-06,0.001144150272011757
0.0015560684259980917,-0.0006258122157305479,-0.0015080547891557217
0.002893241588026285,0.0009542412590235472,0.0006901184096932411
0.00040772274951450527,0.001132931443862617,-1.0239891707897186e-05
0.0005257008015178144,9.876384865492582e-06,0.0011825896799564362
0.0017950839828699827,0.0016295064706355333,-0.0008951383642852306
0.0018278409261256456,-0.00040940975304692984,-0.0004903380759060383
0.002424244536086917,-0.0011621610028669238,0.0009011663496494293
0.0013717632973566651,-0.0006889172364026308,0.0004287217743694782
0.00017664724146015942,-0.001328032580204308,-0.0017791381105780602
-0.0009197761537507176,0.0002357756020501256,0.00011543463915586472
0.003141300054267049,0.0004027780960313976,0.001574540976434946
-0.001827359665185213,0.0018307650461792946,-0.00048008793964982033
0.0005873575573787093,0.0005475691286846995,0.00034519610926508904
0.0009167905664071441,-0.00019012641860172153,0.0028179413639009
0.0004383085179142654,-0.0009984485805034637,0.00015613948926329613
0.0008228690130636096,0.0005326027167029679,0.0019998461939394474
0.0014547327300533652,0.001344424788840115,-0.000489960890263319
-0.0004472968867048621,1.5241035725921392e-05,-0.0005813073366880417
0.0028239754028618336,-0.0005813747411593795,0.0010125227272510529
0.0008359258063137531,0.0006279666558839381,-0.00034355930984020233
-0.0009569317335262895,-4.6256405767053366e-05,-0.0014968561008572578
0.00015041069127619267,0.0004235252272337675,-0.0018025869503617287
0.0005888175219297409,0.0008943780558183789,-0.0015644929371774197
0.0010695180390030146,-0.0010193694615736604,-0.0018798112869262695
0.0001949469733517617,-0.00026027238345704973,-0.0027107438072562218
0.002444252837449312,-0.0013106231344863772,0.0002895733341574669
0.001085767988115549,-0.0032240687869489193,0.0016569336876273155
0.0008181202574633062,-0.0008802205557003617,2.2551510483026505e-05
-0.0006008982309140265,0.0014725914224982262,0.0002995305694639683
-0.0009058301220647991,-0.002534667029976845,0.000635088887065649
0.002169205341488123,-0.004319430328905582,-3.437371924519539e-05
0.00026264836196787655,-0.0016296374378725886,-0.0005241292528808117
0.0009444752940908074,-0.000677361327689141,-0.0014644092880189419
0.00012129216338507831,0.004865741822868586,-0.0007602693513035774
0.0006241907831281424,-0.0029043813701719046,-0.0002572867088019848
-0.0021782536059617996,-0.004288692492991686,-0.0006799302063882351
0.00035898847272619605,-0.0013923684600740671,-0.0036617103032767773
0.0008530048653483391,-0.0017324541695415974,-0.0009607323445379734
0.0015567089430987835,-0.0032610187772661448,0.00030023790895938873
-0.002261464949697256,-0.00039199544698931277,0.0004493747837841511
0.00046671758173033595,0.0005810596630908549,0.0020092357881367207
-5.899043753743172e-05,-0.001137744402512908,-0.00018893694505095482
0.0011766233947128057,-0.0010312101803719997,-0.0005696616135537624
0.0012762255501002073,1.621112460270524e-05,0.0008782991208136082
-0.0009592338465154171,-0.002957428339868784,-0.0009481599554419518
0.0006312059704214334,0.001543047372251749,9.50004905462265e-05
0.0015865988098084927,-0.0021081785671412945,-0.0005034315399825573
0.00040309008909389377,-0.001083660637959838,-0.0007087611593306065
-0.0005526712629944086,-0.0005202730535529554,-0.0004646042361855507
0.0003631898434832692,-0.0004992340691387653,0.0026494301855564117
0.0005161319277249277,-0.001110338605940342,-0.0001602056436240673
-0.00017202890012413263,-0.0031489883549511433,-0.001033988781273365
-0.00041005457751452923,-0.0015284853288903832,0.0012605185620486736
0.0014847845304757357,-0.0003974408027715981,-0.0003586835227906704
0.0024037742987275124,-0.00045920247794128954,9.627314284443855e-05
-0.0011331700952723622,-0.00021845271112397313,-0.0019066901877522469
-0.00025231263134628534,-0.0010072627337649465,-0.0006856163963675499
-0.0020198526326566935,0.0028362111188471317,0.0008528917096555233
0.00012640139902941883,-1.0416260920464993e-06,-0.0011584539897739887
0.0003325300640426576,-0.0006055792327970266,0.0012815347872674465
0.0004974468611180782,0.0020148023031651974,0.00018684891983866692
-0.0009526442736387253,-0.0010374466655775905,-0.0007348712533712387
0.0003747234877664596,-0.0012103717308491468,0.0002247607335448265
0.00024129910161718726,0.0007076368201524019,-0.0004146639257669449
-0.002056657336652279,0.0018895608372986317,-7.354049012064934e-05
-0.0007567685679532588,-0.0020700269378721714,-0.0007169605232775211
0.001964172814041376,-0.0014441057574003935,-0.0017210938967764378
0.0008794672903604805,-5.3935626056045294e-05,-0.0016459929756820202
-0.0026210390496999025,0.0021679927594959736,0.000514104962348938
-0.0009168824763037264,0.001387420343235135,-0.001893392764031887
0.002446564845740795,0.0004302128800190985,0.0020573101937770844
-0.0007582831894978881,0.0016890892293304205,-0.0017882944084703922
-0.0010366232600063086,-0.0009065557969734073,0.00041378941386938095
-0.0028033643029630184,0.003981410060077906,0.0020369859412312508
0.0007310119108296931,-0.0001497728517279029,0.003058928530663252
-0.0008865920826792717,0.007408278528600931,0.009186329320073128
0.003139279782772064,0.0053609078750014305,0.0014787716791033745
-0.001005664118565619,-0.0025841002352535725,0.0024542873725295067
0.00012240753858350217,-0.0012836395762860775,-0.0025824340991675854
-0.0021833572536706924,-0.001573391491547227,0.0008794083259999752
-0.0003526131040416658,0.000942451530136168,0.0009115082211792469
-0.0002514129737392068,0.0007357902359217405,-0.00102540897205472
0.0024278368800878525,0.0014575651148334146,-0.0020372364670038223
0.0003886545018758625,0.0013254721416160464,-0.0006457348354160786
0.0015474739484488964,0.003123672679066658,0.0010934118181467056
-7.678801193833351e-05,0.000502323149703443,-0.0037119961343705654
0.0003726192226167768,0.0024176412262022495,0.0006701420061290264
0.001460786908864975,-0.0033755330368876457,0.0013633626513183117
-0.0010034310398623347,0.0005229648668318987,0.0029785376973450184
0.0007316184346564114,0.0011565308086574078,0.0014024781994521618
-0.0018311279127374291,0.00048284814693033695,-0.0020249858498573303
0.0019004934001713991,2.1055981051176786e-05,-0.0006779590621590614
-0.00020347785903140903,-0.005113712511956692,0.001216566190123558
-0.002374752890318632,-0.0019440180622041225,0.00025436608120799065
-0.0008328787516802549,-0.0037479852326214314,-0.00045599136501550674
-0.0007455269806087017,-0.0022720613051205873,-9.113829582929611e-05
0.0006736112991347909,-0.0030617080628871918,-0.0001700255088508129
0.0009585695806890726,-0.00225317245349288,-0.0018249135464429855
-0.001626867800951004,-0.002538384171202779,-0.0008605644106864929
0.0014088694006204605,-0.0009788369061425328,-0.001603053417056799
-0.0001235903473570943,-0.003177816513925791,-0.00023685907945036888
-0.00047672551590949297,-0.0014057491207495332,0.0007975129410624504
0.0010201192926615477,-0.0010250143241137266,0.002790333703160286
0.003803388914093375,-0.0028093322180211544,0.003994614817202091
0.0005794023163616657,-0.00011629058280959725,0.0010519828647375107
0.0008491805056110024,0.001011824468150735,0.0018506646156311035
-0.00019258755492046475,-0.005577915348112583,-0.0007970952428877354
-0.0016860882751643658,-0.0023155431263148785,-0.0008996273390948772
0.00018436776008456945,0.007171847391873598,0.001427613664418459
-0.001111526507884264,0.00208414439111948,0.0006877873092889786
0.00010681341518647969,-0.004644250031560659,-0.00015751970931887627
0.0015513119287788868,0.0004623611457645893,-0.00014500273391604424
0.0007666258607059717,0.003564561251550913,-0.0013176742941141129
0.00014797353651374578,-0.00046267107245512307,-0.0017174147069454193
0.0006631533615291119,0.001889923121780157,-0.00019182171672582626
0.0016559797804802656,-0.0005740337073802948,-0.003307986306026578
-0.0009118770831264555,-0.0022559661883860826,-0.013065444305539131
-0.0015430462080985308,-0.0018269309075549245,-0.026877928525209427
0.0010996251367032528,-0.00021085527259856462,-0.04263991490006447
-0.00038641883293166757,-0.002754973014816642,-0.057348284870386124
0.0005417884094640613,-0.004776725545525551,-0.06322737783193588
0.001897337380796671,-0.003513321978971362,-0.05989443138241768
0.0010653126519173384,-0.0010142311220988631,-0.05940020829439163
0.001480499398894608,-0.0015838813269510865,-0.05302806571125984
0.0033777893986552954,-0.0022832080721855164,-0.04565078392624855
0.001359645975753665,-0.0019923909567296505,-0.03245269134640694
0.0015774057246744633,-0.004134278744459152,-0.025331683456897736
-0.0018799100071191788,0.0007086794939823449,-0.017210373654961586
0.00043397414265200496,-0.0009473470272496343,-0.010618972592055798
0.0019746129401028156,-0.004255525767803192,-0.0031666485592722893
0.0013974561588838696,-0.002813612576574087,0.006248123943805695
0.0007218121900223196,-0.002585113514214754,0.010035404935479164
0.0014819444622844458,-0.0010795173002406955,0.024879932403564453
0.0014731560368090868,-0.0012491606175899506,0.012855229899287224
0.0004522627859842032,-0.0008298240136355162,0.002972169779241085
0.0009276370401494205,0.0016309368656948209,-0.0008609183132648468
0.000691427499987185,0.0037324256263673306,0.0020419941283762455
0.0005779768107458949,0.002290856558829546,0.0009226673282682896
0.0016507207183167338,0.0015309876762330532,0.0005154958926141262
0.0008656208519823849,0.0011317799799144268,-0.00015535438433289528
-0.0013884787913411856,-6.77711796015501e-05,0.0007296479307115078
-0.0006201569340191782,0.001244634622707963,0.002339795231819153
0.0012225155951455235,-0.0010836373548954725,-6.682192906737328e-05
0.0019895059522241354,0.0009869703790172935,0.000657025258988142
-0.0020524184219539165,-0.0009914785623550415,0.0020754248835146427
-0.0010739730205386877,0.0003230576985515654,0.00232922425493598
0.0011239696759730577,-0.00016231159679591656,0.003998295869678259
0.0010323569877073169,0.0005005492130294442,0.00012099975720047951
-0.0005123193259350955,0.002729094587266445,0.0020254268310964108
-0.000284619047306478,0.0036468198522925377,-0.0009874077513813972
-0.0011308593675494194,-0.00020547077292576432,-0.0013555730693042278
-0.0013218082021921873,0.001908013829961419,-0.0002889768220484257
-0.0015435642562806606,-0.0033348097931593657,-0.0002792384475469589
0.0008900322718545794,-0.0005472791963256896,-0.0006219875067472458
0.000164269091328606,-0.0011247498914599419,-9.603612124919891e-05
-0.0005989928613416851,-0.00031355107785202563,-0.0009573022834956646
0.001205687178298831,0.0010137243662029505,0.000864171888679266
0.0007790487143211067,0.0015849722549319267,0.0003512469120323658
2.9009534046053886e-06,0.001486687338910997,-0.00031964806839823723
0.0021187826059758663,-0.0013067021500319242,0.00020153261721134186
0.0009351063054054976,-0.0011485428549349308,-0.00026116520166397095
0.0007718545384705067,0.0002743841614574194,0.0005031619220972061
0.00037170626455917954,-0.0008812068263068795,-0.0008940575644373894
0.0014042137190699577,-0.00034537879400886595,0.001980292145162821
-0.0006209902348928154,-0.0008481217082589865,0.0006856373511254787
3.308214945718646e-05,-0.0004047054098919034,-0.0016909679397940636
-0.0011958659160882235,-0.0027247171383351088,0.001731321681290865
0.0017493239138275385,-0.00021495408145710826,0.0007467507384717464
0.0007342838798649609,-0.0011441416572779417,0.002162440214306116
-0.0013799997977912426,-0.0006011230871081352,-0.000418961513787508
-0.0006246879347600043,0.0008671922259964049,0.0029870248399674892
0.0004933070740662515,-0.0006494780536741018,0.0002812533639371395
-0.0008176399278454483,-0.00107978202868253,-0.00032044667750597
0.002075085649266839,0.0014022842515259981,0.00034827273339033127
0.0019165829289704561,0.0015900409780442715,-0.0026033087633550167
0.00074399309232831,0.00045153964310884476,0.0005120574496686459
0.0001782938197720796,0.0010486238170415163,-0.00044827861711382866
0.001287234015762806,-0.0015679318457841873,0.0018718675710260868
0.00330124469473958,-0.0018239687196910381,-0.0009183972142636776
0.0006569921970367432,-0.0016937400214374065,0.001341294962912798
-0.00013442843919619918,0.003678353503346443,0.0014397157356142998
0.000916721299290657,-1.0124524123966694e-05,0.0014591570943593979
-0.00024899636628106236,-0.003413245314732194,-0.0011644610203802586
0.0019885916262865067,-0.0011149372439831495,0.0015780627727508545
0.0003887931816279888,-0.00034867876092903316,7.142731919884682e-05
-0.0008567672339268029,-0.0016549592837691307,-0.0010849172249436378
-0.0012221519136801362,-0.00011187698692083359,-0.0037260865792632103
-0.0015441280556842685,0.001205322565510869,-0.00521319592371583
-0.001986226998269558,-0.0008138804114423692,0.0015339343808591366
0.0017792163416743279,-0.00034622932435013354,0.0007530958391726017
0.00018890341743826866,-0.0021243938244879246,0.0005593216046690941
4.296220140531659e-05,0.0008301170892082155,0.0008786343969404697
0.0005701974150724709,-0.0002746852987911552,0.0008202423341572285
0.0002572759985923767,-0.00044592656195163727,0.0010833628475666046
-0.0023600240238010883,-0.0007707211771048605,-0.0010466082021594048
0.0017630819929763675,-0.0004721808363683522,-0.0005083833821117878
-0.0014441704843193293,0.0007561489474028349,-0.00034858938306570053
-0.0007424276554957032,-0.0005567893967963755,-0.0020293104462325573
0.00034996349131688476,-0.0015972582623362541,0.0003812364302575588
-0.0005664302152581513,0.0006568412063643336,0.0011777877807617188
0.0010326736373826861,0.0011109160259366035,0.00048319483175873756
-0.0002307299291715026,-0.0006377155659720302,-0.0002640881575644016
0.0029484748374670744,-0.0015718922950327396,0.0015269685536623001
0.0026217049453407526,-0.0015548479277640581,-2.671917900443077e-05
0.0022717646788805723,0.0014468631707131863,0.0013606464490294456
-0.0005866061546839774,-0.0010562418028712273,0.0011968612670898438
0.0006628185510635376,-0.0008842446259222925,-0.0012184283696115017
0.0013227497693151236,-0.0008134045056067407,-0.00092281773686409
9.918119758367538e-06,-0.00011112727224826813,-0.00204060273244977
2.6429712306708097e-05,0.000529096694663167,0.0002513136714696884
-0.0005426066345535219,0.0029164967127144337,-0.0004773437976837158
8.882890688255429e-05,3.309221938252449e-05,-0.0015748324804008007
-0.0014463812112808228,-0.0006580480840057135,0.000642227940261364
0.0011187756899744272,0.0016940557397902012,0.0007556783966720104
-0.0020011572632938623,-8.3498889580369e-06,0.0012687770649790764
0.0001552040921524167,-0.0012938578147441149,0.002626456320285797
0.0015960567397996783,-0.00014548044418916106,-0.0010538706555962563
0.0005571576184593141,0.0005488056340254843,0.0029661706648766994
-0.00014326925156638026,-0.0003515687712933868,1.3587996363639832e-05
-0.0021643422078341246,-0.001612042891792953,-0.0010255775414407253
-0.0018071734812110662,-0.0004673968069255352,-0.002876986749470234
-0.0007693396182730794,-0.0022240178659558296,-0.00023806048557162285
0.0001754174882080406,-0.0002270650293212384,-0.0006618485786020756
0.0013844926143065095,-0.0007860625628381968,-0.0008818255737423897
-0.0008116891840472817,-0.0008003063267096877,-0.00013510463759303093
0.00129380589351058,-0.0005054943612776697,-0.001110353972762823
6.292530451901257e-05,0.0012402511201798916,-0.0005937595851719379
0.0005396311171352863,-0.0020058758091181517,-0.00219911290332675
-0.0008964566513895988,-0.0008755965391173959,0.001699700951576233
0.0004071607254445553,-0.0017674891278147697,0.0001305663026869297
-0.001168629969470203,0.0005143963498994708,0.0018726754933595657
-0.0007281431462615728,-0.0023101521655917168,0.0017674807459115982
0.0016225201543420553,-0.00154436519369483,-0.0010500368662178516
0.001576980110257864,0.0005323677905835211,-0.0010367212817072868
0.0004597592924255878,-0.0012040329165756702,0.0012606047093868256
-0.0020263015758246183,0.002414403948932886,-0.0016337186098098755
-0.0013810128439217806,0.0006589142140001059,-0.0016156150959432125
0.0012989260721951723,-0.0012945143971592188,0.0003719017840921879
0.0025658337399363518,1.2780074030160904e-06,-7.763830944895744e-05
-0.0017218556022271514,-0.0007060575881041586,-0.0002877619117498398
-0.001880074618384242,0.0008286918746307492,-0.000811397098004818
0.00197458453476429,-0.001242448459379375,0.0003737094812095165
-0.0010789406951516867,0.000833592435810715,-0.0016260584816336632
0.0004742148157674819,0.002559853484854102,0.0010024812072515488
-0.0002932075294665992,0.0015888831112533808,-0.0003102724440395832
-0.002080454956740141,0.0015561261679977179,-0.001950779464095831
0.001905673649162054,-0.0021396209485828876,-0.0008041942492127419
-0.0024161040782928467,-0.0005776769248768687,0.0010608173906803131
-0.000715285656042397,-0.0017833070596680045,-0.00012918934226036072
0.00101923116017133,0.0012982366606593132,0.0010149050503969193
0.0033825968857854605,-0.007133878767490387,0.004026495851576328
-0.001685398630797863,-0.0013636075891554356,0.0028421878814697266
0.00020151978242211044,-0.0009589888504706323,0.0007839128375053406
0.002775464905425906,0.00015900615835562348,-0.002255552913993597
0.0013009915128350258,-0.0010367545764893293,-0.00015285983681678772
0.0018213732400909066,0.0004447618848644197,0.0006274464540183544
0.00024388983729295433,5.117309046909213e-05,8.428143337368965e-05
0.001845248625613749,-0.0011760115157812834,-0.0009618080221116543
-1.3651151675730944e-05,-0.0022107313852757215,-0.0005929581820964813
0.0014766538515686989,-0.0016866212245076895,-0.0015370487235486507
-0.00041586789302527905,-0.0033617187291383743,0.0012273238971829414
0.0008296925225295126,-0.0058919875882565975,-0.0008960147388279438
-0.002029268303886056,-0.006279179826378822,-0.001685677096247673
-0.0006026127957738936,-0.004097252152860165,0.000201439019292593
-9.127112571150064e-05,-0.005208027549088001,0.0004049590788781643
0.0018259385833516717,-0.009832605719566345,0.002925375010818243
-0.0010444963118061423,-0.010015608742833138,0.007841462269425392
0.0017033533658832312,-0.009068588726222515,0.016405656933784485
0.0014979708939790726,-0.009641202166676521,0.020179253071546555
0.0001240459969267249,-0.009379945695400238,0.029577014967799187
0.00019002685439772904,-0.010373526252806187,0.0420181006193161
0.0006683305837213993,-0.014251355081796646,0.0429837629199028
0.0008399850339628756,-0.014294569380581379,0.03667956963181496
0.0011678201844915748,-0.015756644308567047,0.03523773327469826
0.002878651488572359,-0.013649961911141872,0.04270216077566147
-6.350805051624775e-06,-0.01135245244950056,0.05144398659467697
0.0015495296102017164,-0.010772532783448696,0.08105958998203278
0.0022880241740494967,-0.012267631478607655,0.12297135591506958
0.000924057443626225,-0.014989661984145641,0.16481569409370422
0.0017232720274478197,-0.01092221587896347,0.18206925690174103
0.004527862649410963,-0.001343780430033803,0.18211965262889862
0.001515561481937766,-0.00031526765087619424,0.18810059130191803
0.0023964333813637495,0.00023288349620997906,0.21508687734603882
0.0027831243351101875,-0.0009154715808108449,0.1994866132736206
0.00112805119715631,-0.00019546941621229053,0.21095460653305054
-0.0001593208871781826,-0.0013952234294265509,0.265870600938797
0.0039497739635407925,-0.0006182821234688163,0.308189332485199
0.003152956021949649,0.0023868288844823837,0.31599506735801697
0.0019044207874685526,0.004425555933266878,0.28383734822273254
-0.00154890026897192,0.00802934542298317,0.25650694966316223
-0.002913061296567321,0.005793348886072636,0.24530482292175293
0.0019139180658385158,0.010110333561897278,0.21689848601818085
-0.0050620101392269135,0.006409844383597374,0.20648306608200073
-0.010523620992898941,0.0007109455764293671,0.2376234084367752
-0.013711690902709961,0.003574908943846822,0.328327476978302
-0.016089893877506256,0.001061950228177011,0.4084920883178711
-0.018176624551415443,0.003619949799031019,0.5309131741523743
0.0020367675460875034,-0.0010352557292208076,0.6323016285896301
-0.007565876003354788,0.0018691811710596085,0.7709289193153381
-0.01216728612780571,0.0013871490955352783,0.9739300012588501
-0.015425200574100018,-0.0013878196477890015,1.160531997680664
-0.03480156138539314,-0.00578603008762002,1.2673332691192627
-0.04245792329311371,-0.004894059617072344,1.234211802482605
-0.05590076372027397,-0.010014253668487072,1.0737576484680176
-0.08303970098495483,-0.01073597464710474,0.8802728652954102
-0.14747834205627441,-0.008285599760711193,0.7456822991371155
-0.27265506982803345,-0.007194996811449528,0.6777723431587219
-0.46633264422416687,0.027345404028892517,0.6791417002677917
-0.42084524035453796,0.050974778831005096,0.6241496801376343
-0.268722802400589,0.01898595318198204,0.5737214088439941
-0.22580663859844208,0.03567958250641823,0.5785248279571533
-0.1757402867078781,0.022342471405863762,0.5620734095573425
-0.17078594863414764,0.023537717759609222,0.4836881160736084
-0.2462111860513687,0.026994235813617706,0.3566715717315674
-0.42748793959617615,0.048266708850860596,0.21582159399986267
-0.5814822912216187,0.07982116937637329,0.2618383467197418
-0.5789109468460083,-0.0554298460483551,0.0939447432756424
-0.35998791456222534,-0.07530608028173447,-0.14525824785232544
-0.14985089004039764,-0.14509578049182892,-0.11917252838611603
0.13083642721176147,-0.2672560513019562,-0.044002942740917206
0.503060519695282,-0.3340691030025482,-0.05840703099966049
0.7204505801200867,-0.3716716170310974,-0.0981118381023407
0.836308479309082,-0.4154142439365387,-0.07439002394676208
0.8687233924865723,-0.6529897451400757,-0.02050602249801159
0.7637247443199158,-1.1408355236053467,-0.019629109650850296
0.631743848323822,-1.6754179000854492,-0.009799649007618427
0.5640596747398376,-1.9578596353530884,0.019491787999868393
0.16799436509609222,-1.5258430242538452,0.10451160371303558
-0.3915903568267822,-1.1194827556610107,0.21566420793533325
-0.9146895408630371,-0.9935154914855957,0.39354124665260315
-1.377515196800232,-0.9286850690841675,0.5823836922645569
-1.6749117374420166,-1.0907660722732544,0.7098335027694702
-1.9155787229537964,-1.0863958597183228,0.5575386881828308
-2.067359685897827,-1.016586184501648,0.474988728761673
-2.166703462600708,-1.0343652963638306,0.5382303595542908
-2.3359251022338867,-0.975973904132843,0.5564668774604797
-2.5446722507476807,-0.9425138235092163,0.6131448745727539
-2.723238706588745,-0.8621969223022461,0.7686564922332764
-2.9201836585998535,-0.692886471748352,0.9694043397903442
-3.132126569747925,-0.5926342010498047,1.1230175495147705
-3.3282668590545654,-0.6410467028617859,1.1751394271850586
-3.532038450241089,-0.8032917976379395,1.213295340538025
-3.809145212173462,-1.0897279977798462,1.1900486946105957
-4.127094745635986,-1.3842438459396362,1.1494735479354858
-4.402591228485107,-1.6211118698120117,1.0979174375534058
-4.592126846313477,-1.8169608116149902,1.1637035608291626
-4.678614139556885,-1.9312100410461426,1.3024802207946777
-4.640686511993408,-1.9215059280395508,1.4750515222549438
-4.496940612792969,-1.89364755153656,1.671958565711975
-4.274158000946045,-1.9316685199737549,1.8891699314117432
-4.0190887451171875,-1.959551215171814,2.092087507247925
-3.742687463760376,-1.911924123764038,2.274604558944702
-3.4927849769592285,-1.7065197229385376,2.380915403366089
-3.427802324295044,-1.5165356397628784,2.4248807430267334
-3.457170248031616,-1.5233536958694458,2.339073657989502
-3.5545754432678223,-1.7433401346206665,2.1756269931793213
-3.700251579284668,-2.1017282009124756,1.87236487865448
-3.554471969604492,-2.1009016036987305,1.636801838874817
-3.286038398742676,-1.7822706699371338,1.5014468431472778
-2.9577157497406006,-1.3756970167160034,1.4679900407791138
-2.6242728233337402,-1.0808992385864258,1.4406793117523193
-2.271507740020752,-0.8739228844642639,1.346955418586731
-1.9049180746078491,-0.643362283706665,1.262183427810669
-1.5257601737976074,-0.4021615982055664,1.1924937963485718
-1.2186143398284912,-0.12120118737220764,1.099826693534851
-0.9615176916122437,0.15073420107364655,1.020716905593872
-0.721587598323822,0.40022048354148865,0.9600576162338257
-0.5213149189949036,0.5855120420455933,0.9044063091278076
-0.3949532210826874,0.6114670634269714,0.8666490912437439
-0.3378974199295044,0.4995725452899933,0.8571581244468689
-0.31771010160446167,0.3556031286716461,0.8617855906486511
-0.3898279666900635,0.2198663055896759,0.8345212340354919
-0.5776147246360779,0.06249886378645897,0.790655791759491
-0.8112946152687073,-0.04948758706450462,0.7428799867630005
-1.016026496887207,-0.09354515373706818,0.6577799320220947
-1.1116983890533447,0.025554606691002846,0.4965982735157013
-1.1093004941940308,0.42640337347984314,0.2935082018375397
-1.100383996963501,0.8832747936248779,0.12429945170879364
-0.9126264452934265,0.7114456295967102,0.1341591477394104
-0.8116617798805237,0.461491197347641,0.14735616743564606
-0.4609312415122986,0.32881295680999756,0.21951638162136078
0.18557269871234894,0.3116739094257355,0.5426576733589172
1.1025749444961548,0.4041319191455841,0.8069316744804382
1.7153092622756958,0.571914792060852,0.8769168853759766
2.0359833240509033,0.6352887749671936,0.8024684190750122
2.0934927463531494,0.7518183588981628,0.645199179649353
1.9531610012054443,0.7787609100341797,0.48845499753952026
1.6811870336532593,0.7266218066215515,0.3670233488082886
1.341522455215454,0.6181901097297668,0.2621641159057617
0.995448112487793,0.4532208740711212,0.184024840593338
0.7071898579597473,0.2676279842853546,0.12797608971595764
0.4976624548435211,0.088251031935215,0.09378057718276978
0.37023428082466125,-0.051916252821683884,0.08854861557483673
0.31403493881225586,-0.1460198611021042,0.11676427721977234
0.3021184206008911,-0.1884838491678238,0.15380705893039703
0.29401150345802307,-0.19127456843852997,0.1560390591621399
0.2881281077861786,-0.17808914184570312,0.1319524347782135
0.3077138066291809,-0.1307155042886734,0.08463045954704285
0.3378473222255707,-0.04523785039782524,0.015120996162295341
0.3475297689437866,0.03594302386045456,-0.05985044687986374
0.3368246257305145,0.09926091879606247,-0.12025760859251022
0.3220621943473816,0.14544306695461273,-0.15761138498783112
0.3016591966152191,0.16032053530216217,-0.17859283089637756
0.2786252498626709,0.14362359046936035,-0.18883082270622253
0.27166658639907837,0.0983109325170517,-0.17718784511089325
0.28371286392211914,0.0493236780166626,-0.14385946094989777
0.2859119176864624,0.03150983899831772,-0.10285517573356628
0.26171737909317017,0.027921762317419052,-0.07247010618448257
0.23563280701637268,0.045654505491256714,-0.07002612203359604
0.2127903401851654,0.07653838396072388,-0.09654774516820908
0.17893460392951965,0.12917514145374298,-0.13085539638996124
0.13390588760375977,0.1752137392759323,-0.1493598371744156
0.08920584619045258,0.19910231232643127,-0.16573981940746307
0.06629067659378052,0.22119642794132233,-0.16854998469352722
0.060316089540719986,0.24722667038440704,-0.16982120275497437
0.05627021566033363,0.2459733933210373,-0.16573990881443024
0.04505517706274986,0.22756734490394592,-0.15363864600658417
0.014196863397955894,0.21221794188022614,-0.14486859738826752
-0.03279399499297142,0.16981706023216248,-0.1404990702867508
-0.10359573364257812,0.0999879240989685,-0.11007699370384216
-0.1997872292995453,0.026010191068053246,-0.05968225374817848
-0.28386348485946655,-0.0358947217464447,-0.013658836483955383
-0.3294517397880554,0.0099500035867095,-0.04849456995725632
-0.33847934007644653,0.06554056704044342,-0.24043631553649902
-0.27302372455596924,0.20215055346488953,-0.6467778086662292
-0.21350952982902527,0.3777809739112854,-1.1721670627593994
-0.4846615195274353,0.08422495424747467,-1.797924518585205
-0.8682688474655151,-0.36341965198516846,-2.1395716667175293
-1.1117401123046875,-0.7287548780441284,-1.991473913192749
-1.1748778820037842,-0.777047872543335,-1.4993070363998413
-1.092012643814087,-0.5550876259803772,-0.8936901688575745
-0.8488426208496094,-0.20240359008312225,-0.37350958585739136
-0.5001640915870667,0.2295711189508438,-0.03952135890722275
-0.23381741344928741,0.6118904948234558,0.11591749638319016
-0.08425550907850266,0.8282107710838318,0.14319367706775665
-0.05558658018708229,0.8455410599708557,0.08753946423530579
-0.12229101359844208,0.7320389151573181,0.04985978826880455
-0.2856152355670929,0.5506254434585571,0.06723479181528091
-0.4848506450653076,0.35782355070114136,0.15606096386909485
-0.6588442921638489,0.21232947707176208,0.2301088273525238
-0.6451263427734375,0.08859304338693619,0.2381611317396164
-0.4123828709125519,0.07160394638776779,0.22336487472057343
-0.06685745716094971,0.1924380213022232,0.22748927772045135
0.30558696389198303,0.4231839179992676,0.19747412204742432
0.6711823344230652,0.6643205285072327,0.145126074552536
0.9906951189041138,0.8082289099693298,0.11402036249637604
1.2151345014572144,0.896450936794281,0.08538323640823364
1.31649649143219,0.9564282298088074,0.0047142296098172665
1.253023624420166,0.9376513957977295,-0.09178581088781357
1.026185154914856,0.8785193562507629,-0.17524421215057373
0.7403851747512817,0.7370666265487671,-0.2254420667886734
0.4951575994491577,0.5350951552391052,-0.24360109865665436
0.346322238445282,0.3306698799133301,-0.23975291848182678
0.30792370438575745,0.1994040161371231,-0.19708400964736938
0.3511287271976471,0.15649880468845367,-0.15600338578224182
0.42459362745285034,0.16729126870632172,-0.1504823863506317
0.46860572695732117,0.19059371948242188,-0.178141787648201
0.4440516531467438,0.2104574292898178,-0.1956627368927002
0.3685365617275238,0.18573947250843048,-0.2118726670742035
0.2612239718437195,0.11753963679075241,-0.22420203685760498
0.1441614031791687,0.024845512583851814,-0.22247673571109772
0.056215833872556686,-0.08168944716453552,-0.219879612326622
0.01450357399880886,-0.14913861453533173,-0.2065400630235672
0.006203299388289452,-0.16734717786312103,-0.17502367496490479
0.006766388192772865,-0.1392783224582672,-0.1371297389268875
0.026088153943419456,-0.099268838763237,-0.11590567231178284
0.05359957739710808,-0.09319651126861572,-0.12898561358451843
0.08509571850299835,-0.08568160235881805,-0.16418327391147614
0.11807717382907867,-0.08131949603557587,-0.18795324862003326
0.16251309216022491,-0.06366220861673355,-0.1971459537744522
0.2093687206506729,-0.03692975640296936,-0.18913677334785461
0.24899204075336456,-0.006789431441575289,-0.18387916684150696
0.27252039313316345,0.016973815858364105,-0.176661878824234
0.28983256220817566,0.023945705965161324,-0.16841088235378265
0.3112780749797821,0.04041316360235214,-0.1649448424577713
0.3353775441646576,0.04408513009548187,-0.16939151287078857
0.3725091814994812,0.01644931174814701,-0.18642540276050568
0.41217777132987976,-0.02105412259697914,-0.22210724651813507
0.46371400356292725,-0.03870464116334915,-0.26592281460762024
0.5278176069259644,-0.028246410191059113,-0.31974291801452637
0.611535370349884,0.015262262895703316,-0.37709757685661316
0.718300461769104,0.09787485003471375,-0.4333134591579437
0.8423457145690918,0.2227315604686737,-0.4927093982696533
0.9804362058639526,0.3700621426105499,-0.5393799543380737
1.1287966966629028,0.5130412578582764,-0.5877736806869507
1.2888340950012207,0.6205881834030151,-0.6206698417663574
1.4654780626296997,0.6759679913520813,-0.6412785649299622
1.6371350288391113,0.6914726495742798,-0.6548601388931274
1.8029255867004395,0.636155903339386,-0.6627081632614136
1.955216646194458,0.5742800235748291,-0.6537256240844727
2.0999534130096436,0.5155156254768372,-0.6598363518714905
2.227031707763672,0.4771350026130676,-0.7199828028678894
2.3423383235931396,0.484783411026001,-0.8252809643745422
2.4658443927764893,0.5102307200431824,-0.9582651257514954
2.6127943992614746,0.5284773111343384,-1.1110212802886963
2.7900612354278564,0.553623378276825,-1.294969081878662
2.9828596115112305,0.5719906687736511,-1.4855809211730957
3.1870996952056885,0.5919217467308044,-1.67466139793396
3.40053653717041,0.6690526604652405,-1.8515413999557495
3.6252853870391846,0.80148845911026,-2.0005342960357666
3.876460552215576,0.9285397529602051,-2.08720064163208
4.141782283782959,0.982947587966919,-2.1101949214935303
4.391042709350586,0.9240400791168213,-2.03747820854187
4.591175556182861,0.7672009468078613,-1.8783560991287231
4.674864292144775,0.5978203415870667,-1.688835620880127
4.575857639312744,0.4340876042842865,-1.4899907112121582
4.2703962326049805,0.3192039132118225,-1.2986387014389038
3.7883639335632324,0.27098819613456726,-1.174365758895874
3.203270196914673,0.3006255626678467,-1.0685220956802368
2.6429386138916016,0.3432249426841736,-0.9401817917823792
2.14748477935791,0.36841127276420593,-0.7875738739967346
1.7526925802230835,0.35980579257011414,-0.6427666544914246
1.4581314325332642,0.30268558859825134,-0.5130894780158997
1.2622511386871338,0.20617958903312683,-0.3955423831939697
1.1273465156555176,0.0766858458518982,-0.30479171872138977
1.0060608386993408,-0.003049723571166396,-0.22052396833896637
0.876558780670166,-0.0030384468846023083,-0.1523076295852661
0.7440904974937439,0.06362420320510864,-0.11338818073272705
0.6306153535842896,0.1523062288761139,-0.09904678910970688
0.554829478263855,0.221505269408226,-0.09884092956781387
0.5073855519294739,0.28613999485969543,-0.12612290680408478
0.5012152791023254,0.3581758439540863,-0.1877005249261856
0.5299782156944275,0.40069854259490967,-0.2750796377658844
0.5567206144332886,0.41917261481285095,-0.38195574283599854
0.5968644618988037,0.4810428023338318,-0.48123207688331604
0.6661857962608337,0.587648868560791,-0.5282557606697083
0.7565629482269287,0.7567541003227234,-0.5731924772262573
0.8588805198669434,0.9718523025512695,-0.6319274306297302
0.944096028804779,1.1495411396026611,-0.7009974122047424
1.0001784563064575,1.203487753868103,-0.7540331482887268
1.040906548500061,1.1758863925933838,-0.7705930471420288
1.0799671411514282,1.0879541635513306,-0.7114080190658569
1.1075584888458252,0.9371071457862854,-0.5918431282043457
1.1085877418518066,0.7777544856071472,-0.4516548812389374
1.0646578073501587,0.6403608918190002,-0.316389799118042
0.9715662598609924,0.5268604159355164,-0.1856064796447754
0.8056995868682861,0.39791831374168396,-0.10684928297996521
0.6189965605735779,0.2650931477546692,-0.09460220485925674
0.4469485282897949,0.15944668650627136,-0.1268976479768753
0.3120492994785309,0.09508952498435974,-0.16844217479228973
0.2550384998321533,0.08899907022714615,-0.19462178647518158
0.2514033019542694,0.1362627148628235,-0.21553027629852295
0.28878799080848694,0.20468032360076904,-0.2425309419631958
0.3359544277191162,0.2660560607910156,-0.2488761991262436
0.41106945276260376,0.31797927618026733,-0.23587197065353394
0.5173604488372803,0.36104923486709595,-0.22933150827884674
0.6318894028663635,0.3905217945575714,-0.21311452984809875
-0.3430725932121277,0.6407004594802856,-0.22346091270446777
-0.1667938083410263,0.23861606419086456,-0.12326992303133011
-0.13285022974014282,0.22414231300354004,-0.10829896479845047
-0.18694037199020386,0.07479123771190643,-0.07383237779140472
-0.24899868667125702,-0.09692353010177612,-0.022281572222709656
-0.28692492842674255,-0.1308804750442505,-0.0018345280550420284
-0.23417329788208008,-0.055727943778038025,-0.015718119218945503
-0.173450767993927,0.1618422120809555,0.0055083842016756535
-0.14944717288017273,0.3437688648700714,0.006865797098726034
-0.15017515420913696,0.42586618661880493,0.03163384646177292
-0.16418232023715973,0.42159420251846313,0.09735213965177536
-0.20159775018692017,0.37222856283187866,0.18536174297332764
-0.24385598301887512,0.23513273894786835,0.2994196116924286
-0.2930664122104645,0.08121012151241302,0.34827426075935364
-0.3190727233886719,0.1047910824418068,0.33848926424980164
-0.3241742253303528,0.10143522918224335,0.33492937684059143
-0.305363267660141,0.09246516972780228,0.4160205125808716
-0.30711349844932556,0.02918572910130024,0.7095630168914795
-0.3195435106754303,0.03760078549385071,0.7724186778068542
-0.3661874234676361,-0.03015446662902832,0.36073097586631775
-0.44811052083969116,0.026189764961600304,0.2153884321451187
-0.5348729491233826,0.08237569034099579,0.11187072843313217
-0.5496569275856018,0.015077073127031326,0.006578657776117325
-0.556939959526062,-0.021397247910499573,-0.06448706239461899
-0.5122092366218567,0.006547302007675171,-0.09588226675987244
-0.2991248369216919,-0.058579299598932266,-0.13667115569114685
0.04461202397942543,-0.000832380959764123,-0.1664426326751709
0.03927866742014885,0.0018145984504371881,-0.16218778491020203
-0.005442197900265455,-0.0027492607478052378,-0.1554396003484726
-0.036421481519937515,-0.011239007115364075,-0.15323247015476227
-0.023525124415755272,-0.006646652240306139,-0.1929047852754593
0.005896938964724541,0.004687766078859568,-0.2682943344116211
0.012739664874970913,0.006771689746528864,-0.32664206624031067
0.018441451713442802,0.003970388323068619,-0.32083719968795776
0.03561218082904816,0.0030420105904340744,-0.303671270608902
0.05288710817694664,0.0015591762494295835,-0.29162201285362244
0.07133270055055618,-0.008898790925741196,-0.3074161410331726
0.09594792872667313,-0.008578354492783546,-0.3159649968147278
0.10610655695199966,-0.019745521247386932,-0.2836555242538452
0.1033996045589447,-0.01719292625784874,-0.23044225573539734
0.06716462969779968,-0.036477141082286835,-0.18794086575508118
0.027678843587636948,-0.03513682633638382,-0.160552516579628
-0.016578366979956627,-0.022002646699547768,-0.1451682448387146
-0.05163979530334473,-0.02500593475997448,-0.22576148808002472
0.02373991347849369,0.019904548302292824,-0.43588462471961975
-0.030308712273836136,0.031469136476516724,-0.5088331699371338
0.1047058254480362,-0.041037555783987045,-0.2844946086406708
0.14875298738479614,-0.003432010766118765,-0.09818858653306961
-0.00022370764054358006,0.0071647074073553085,-0.21822552382946014
-0.11904550343751907,0.06017109006643295,-0.3559642434120178
-0.09103596955537796,0.015945572406053543,-0.31496462225914
-0.027146607637405396,0.001106037525460124,-0.1932860016822815
-0.018415167927742004,-0.007162278983741999,-0.09505316615104675
-0.037400808185338974,-0.003332465887069702,-0.06367259472608566
-0.0455562062561512,-0.005660600960254669,-0.05319572240114212
-0.058197490870952606,-0.008943493478000164,-0.05566023290157318
-0.06912150233983994,-0.012456735596060753,-0.024812038987874985
-0.08720551431179047,0.003771653166040778,0.010417772457003593
-0.10279938578605652,0.008064402267336845,0.029801588505506516
-0.1100488156080246,0.0024164444766938686,0.04401323199272156
-0.1049419417977333,-0.00971851497888565,0.016847124323248863
-0.038356587290763855,-0.0026206793263554573,0.09974725544452667
-0.01222964283078909,0.00461433082818985,0.14721037447452545
-0.009940512478351593,-0.00187752116471529,0.13684365153312683
-0.006614490412175655,-0.0006684460677206516,0.14171616733074188
-0.005381142720580101,0.0013589414302259684,0.17557378113269806
-0.003216525772586465,0.0034686976578086615,0.21920807659626007
-0.0032800333574414253,1.4988472685217857e-06,0.25913089513778687
-0.003590557724237442,0.0017924746498465538,0.27097052335739136
-0.0035885313991457224,-0.0008097440586425364,0.25230109691619873
-0.0007333565154112875,-0.0008440988603979349,0.1817944347858429
-0.0005205366760492325,0.0039431266486644745,0.1115349605679512
-0.002269434742629528,0.0035287390928715467,0.053854625672101974
-0.0004171824548393488,0.002984214574098587,0.007342527620494366
-0.002646781038492918,0.0009804521687328815,-0.024321656674146652
-0.0017718031303957105,0.0009837767574936152,-0.030390363186597824
-0.0006655260222032666,-4.793185507878661e-05,-0.03103218600153923
-0.000319129612762481,0.0008702113991603255,-0.03277211636304855
-0.003305864753201604,-0.0018201139755547047,-0.026158154010772705
-0.00019275309750810266,0.000760625465773046,-0.02138986811041832
-0.00043376919347792864,-0.0006463224999606609,-0.011914340779185295
-0.0003629486309364438,0.002915026620030403,-0.006992843933403492
-0.0011083674617111683,0.0006255069747567177,-0.0001293448731303215
-0.0023981784470379353,-0.0011006793938577175,0.0004983097314834595
-0.001027183374390006,0.0015515625709667802,0.0005126907490193844
0.0019631509203463793,6.645527901127934e-05,0.004896148107945919
0.0005615292466245592,-0.0011498103849589825,0.000361850019544363
0.000353421171894297,0.0013447307283058763,0.001999826170504093
-0.0007331485394388437,0.0017018605722114444,0.001776919700205326
0.0005475861253216863,0.0025792019441723824,0.0016871970146894455
0.0013257617829367518,0.002794917905703187,-0.000258774496614933
-0.002392126014456153,0.0007088290294632316,0.0005970653146505356
0.0008859589579515159,0.0020803569350391626,0.0009328895248472691
-0.001946828793734312,-0.00012437719851732254,-0.002232785802334547
-0.0006488040671683848,0.0003813570365309715,0.002342524938285351
0.00039249550900422037,0.0002388737048022449,-1.6252044588327408e-05
0.00044149765744805336,0.0031776719260960817,-4.528043791651726e-05
-0.0005474346689879894,0.003885868703946471,0.0007083164528012276
-0.0026340214535593987,0.0008746327366679907,-0.00025122053921222687
0.0011517815291881561,0.001409695716574788,0.0006333179771900177
-0.0002746076206676662,0.0001734563848003745,0.0030269664712250233
-0.0004962013917975128,0.001899887342005968,0.00046391598880290985
0.0007464296068064868,-0.0017502412665635347,-0.001915085595101118
-0.0008727602544240654,-0.0005048458697274327,0.00011960742995142937
-0.0010820848401635885,0.00022139819338917732,0.000749445054680109
-0.00014233047841116786,-0.0004961802042089403,0.0008334843441843987
0.0006768578896299005,-0.0006575677543878555,0.00019698869436979294
0.0006847584736533463,0.0004429103573784232,3.039371222257614e-06
0.0001763610343914479,-0.0021368935704231262,-0.000626798253506422
0.0016026655212044716,-0.0012174214934930205,-0.00020612403750419617
0.0016676464583724737,-0.0007878536125645041,-0.00030785659328103065
2.566384500823915e-05,-0.0006128436070866883,-0.000731960404664278
-0.001618571812286973,-0.0006858141859993339,-0.00044407229870557785
-0.000588387658353895,-0.0019142177188768983,-0.001212595496326685
0.0032747937366366386,-0.0008526817546226084,0.000910742674022913
0.0005664740456268191,0.0015985300997272134,0.0005404138937592506
-0.00041463447269052267,0.0029599377885460854,0.0008623898029327393
-0.0004920034552924335,-0.0007758120773360133,0.0009874152019619942
0.0018851340282708406,-0.0010133660398423672,0.0006635747849941254
-0.0018706968985497952,-0.0013195311184972525,-0.002834975253790617
-0.0004408457316458225,-0.0034934694413095713,0.0021648434922099113
0.00041522542596794665,-0.000837175059132278,0.00024750828742980957
0.0001856609305832535,0.0005623160395771265,-0.0006598308682441711
-0.0016031061531975865,-0.0011664987541735172,-0.0008304719813168049
0.0006547217490151525,0.0031257178634405136,0.0008004480041563511
-0.000565291615203023,0.0012326433788985014,0.0010259919799864292
0.00030689366394653916,-0.0013285184977576137,0.001643845345824957
0.002994914073497057,0.0019442414632067084,0.00037912605330348015
0.0001967307471204549,0.0005082649877294898,0.002698206342756748
0.0015958305448293686,0.001220253063365817,-0.0008103996515274048
0.0008368296548724174,0.0018815160728991032,0.0008918927051126957
-0.0019335151882842183,0.0003484677290543914,0.0018601100891828537
0.00012244514073245227,-0.0007452925201505423,0.00015834998339414597
0.001184856053441763,0.0005319698830135167,-0.0015058163553476334
0.0005888405721634626,-0.0008222475298680365,0.0002084607258439064
-0.0005085337907075882,-0.0022030645050108433,-0.0016157072968780994
-0.0012475610710680485,-0.0003971750847995281,0.0005201478488743305
2.7133937692269683e-05,0.0004555074847303331,-0.0005165105685591698
-0.001478883670642972,-0.0003034934343304485,-0.001748222392052412
-0.00100604014005512,-0.0007847707020118833,0.0020610629580914974
0.0003361930139362812,0.00012176932068541646,-0.0022788248024880886
-0.0003838322591036558,8.165719918906689e-06,0.001218151766806841
-0.0028291468042880297,-0.0001564176636748016,0.0005323877558112144
-0.0009970625396817923,0.0009721955866552889,-0.00016689114272594452
-0.0008362076478078961,0.0017362565267831087,0.0002938355319201946
-0.002142486162483692,-0.000571927463170141,-0.0009865080937743187
0.0007603594567626715,-0.0008851152379065752,-0.0006978213787078857
0.000480442336993292,-0.0009195957682095468,9.307358413934708e-05
-0.0003999987384304404,-0.00012277800124138594,0.000307990238070488
0.00031166523694992065,0.0004163564299233258,-0.0003651715815067291
0.00023842829978093505,-0.002203661482781172,8.6233951151371e-05
-0.0021470757201313972,-0.001955954357981682,-0.004181777127087116
-0.0005518423859030008,0.0007926943362690508,-0.0007846485823392868
-0.0019381084712222219,-0.002877420512959361,0.0009691929444670677
0.0016084230737760663,0.0003117147134616971,0.0003827647306025028
1.3120588846504688e-05,-5.018763476982713e-05,-0.0018621808849275112
-0.002908100839704275,-0.002011073287576437,-0.0010078391060233116
-0.0011551657225936651,-0.001444839290343225,-0.0005432567559182644
-0.0006291914614848793,-0.0010717303957790136,-0.0018753698095679283
0.0005827980930916965,-0.0010407953523099422,-0.0029078233055770397
-0.0007732835365459323,-0.0017830183496698737,-0.0005389414727687836
0.0003509851230774075,-0.0007735714316368103,-3.302795812487602e-05
-0.0007984352414496243,0.0008608105126768351,0.0005858903750777245
0.0030838821548968554,-0.002339957281947136,-0.0004589236341416836
-0.00018088700016960502,-0.00046083080815151334,0.002499848138540983
0.0028222189284861088,-0.001710670767351985,-0.0009854300878942013
-3.162433858960867e-05,-0.00020305518410168588,-0.00296335993334651
0.0005369032733142376,0.00028374179964885116,-0.0007395530119538307
0.00046659584040753543,-0.0016276089008897543,-0.00033368729054927826
0.0015359551180154085,0.0014653198886662722,0.0012405901215970516
0.0012832211796194315,0.00029592588543891907,6.693461909890175e-05
0.0005132938968017697,-0.00014283857308328152,-0.0027609174139797688
0.003861686447635293,0.0007368035730905831,-0.00043011922389268875
0.00016812700778245926,0.001283219549804926,-0.002162544522434473
0.00022059128968976438,0.001111445715650916,-0.000804864801466465
-0.0006091005052439868,-0.000823591835796833,0.0019392180256545544
0.002044473309069872,-0.0010986963752657175,0.0021567982621490955
0.001153614604845643,-0.00024121507885865867,0.00038572633638978004
0.0010028796968981624,-0.0007474820013158023,-0.00022307224571704865
0.00027214299188926816,0.0010360312880948186,-0.0003214632160961628
2.8730049962177873e-05,-0.001152554526925087,0.0014468752779066563
0.0030769463628530502,0.0009654618916101754,-0.0007789740338921547
-0.0010224573779851198,0.002368681598454714,0.0010085394605994225
0.0006670761504210532,0.002865518443286419,-0.00028984108939766884
0.0014601654838770628,0.0007789317751303315,-0.0009007700718939304
-0.000662552542053163,8.334498852491379e-05,0.0004145922139286995
-0.0007344579789787531,0.0015672582667320967,-0.0009928885847330093
0.0030574221163988113,0.0006082372274249792,0.0015271673910319805
0.000843536457978189,-3.598141483962536e-05,0.001834761817008257
-0.00039314880268648267,0.002589370822533965,-0.0005449219606816769
0.00171287904959172,0.0016362254973500967,3.8310419768095016e-05
-0.0009045153274200857,0.0013938136398792267,-0.0008829683065414429
0.001760243671014905,4.385731881484389e-05,0.0015461007133126259
0.0011222276370972395,-0.0016049804398790002,0.00015294412150979042
-0.00031401519663631916,-0.00012266496196389198,0.00034069688990712166
0.00020785871311090887,0.0007300900761038065,-0.0008144914172589779
-0.0025466487277299166,-0.0005058830138295889,-0.0006911871023476124
-0.0004943637177348137,0.0016292864456772804,-0.0019054398871958256
0.0011639867443591356,0.0007879939512349665,0.00041550491005182266
0.0003241420490667224,0.0008682281477376819,-0.0015798527747392654
-0.000736062356736511,0.0004511771257966757,0.0006273752078413963
-0.00010166654828935862,-0.0008204285404644907,0.0015305154956877232
0.0007012765272520483,-0.0008129717316478491,-0.0007313070818781853
-0.0018522182945162058,0.001406737370416522,-0.0008619199506938457
0.00045274756848812103,-0.0006119388854131103,0.00015940237790346146
-0.0011811666190624237,0.0008569543715566397,0.0017797332257032394
0.0023541797418147326,0.0012013011146336794,0.0008960962295532227
-0.0005811538430862129,-0.0013937870971858501,-0.00037289271131157875
0.004119858145713806,-0.002637483412399888,0.0014593619853258133
-0.0006165220402181149,-0.0007128621800802648,-0.0002463296987116337
-0.0010729877976700664,0.001618735259398818,0.0009944373741745949
0.0006710191955789924,-0.0014731773408129811,0.0004195505753159523
0.0028825080953538418,0.0013092933222651482,0.0006696213968098164
-0.0014742858475074172,-0.00040521015762351453,-0.0021343068219721317
-0.0006998387398198247,0.0019199958769604564,0.0001874370500445366
-0.0009142209310084581,-0.00041554507333785295,-0.0007891329005360603
-0.0004905120003968477,0.00042814435437321663,0.0015896023251116276
-0.0021984875202178955,0.0014274809509515762,-0.00042490987107157707
0.0001687962794676423,-0.0005270129768177867,0.0008155903778970242
0.0036244315560907125,0.0013165754498913884,-0.0007445616647601128
0.0021684812381863594,-0.002257386688143015,0.0005835569463670254
-0.001835738541558385,0.0006997495656833053,-0.00035075843334198
0.0017379572382196784,0.00039002392441034317,0.0009685712866485119
-9.403473814018071e-05,0.00033997598802670836,-0.00040665827691555023
-0.0010626263683661819,0.0015732860192656517,-0.0005632522515952587
6.142689380794764e-05,-0.0010385876521468163,0.0023866002447903156
8.006903226487339e-05,0.001839490607380867,0.0016180113889276981
0.0007031587301753461,-0.0022983683738857508,0.002311849035322666
0.00031593511812388897,-0.00043255783384665847,-0.0017324271611869335
-0.0019050147384405136,0.0019447479862719774,1.0563991963863373e-05
-0.001135094789788127,-0.001691532088443637,0.0016755727119743824
0.00045458009117282927,-0.0005797326448373497,-0.00062926160171628
0.00046256958739832044,0.0013105790130794048,0.0004304102621972561
-0.0011604359606280923,-0.0003621566283982247,-0.002690691500902176
-0.0016041185008361936,0.00041788327507674694,0.00018152780830860138
0.0006406062748283148,0.0016046622768044472,0.0036160540767014027
-0.0007064206292852759,0.0004427253152243793,0.0016549020074307919
-0.0016999358776956797,0.0021850920747965574,-0.0014623668976128101
0.0016764196334406734,-0.0012157645542174578,0.00025643734261393547
0.0005206703208386898,0.0003659147769212723,-0.0008706464432179928
-0.001320639275945723,0.0013603391125798225,-0.0013398956507444382
0.0001628221943974495,-0.00095678138313815,0.0014401637017726898
-0.002097136341035366,-0.0009682329837232828,-0.0010706642642617226
-0.00020087367738597095,-0.0007390769314952195,0.0017348406836390495
0.00021884050511289388,-4.05297614634037e-05,-0.0010319175198674202
-0.0010060218628495932,-0.0007750295335426927,0.00013597356155514717
-5.580592551268637e-05,0.0007435049046762288,0.0006800573319196701
-0.0007466096431016922,-0.0007774764089845121,-0.0013019689358770847
0.0023972520139068365,-0.0004981107776984572,0.00041976477950811386
-0.0020214917603880167,0.0006915975827723742,0.002710504923015833
-0.000701362791005522,0.0017318283207714558,0.0005914275534451008
-0.0009357304079458117,-0.00011662632459774613,0.0005701296031475067
0.0006208872073329985,-0.0014812301378697157,0.00042685121297836304
0.0007480609929189086,-0.000982500147074461,-0.00010786158964037895
0.0005571123328991234,-0.0014639997389167547,0.0004130527377128601
0.00269763614051044,0.00037960143527016044,-0.0008482816629111767
-0.0011767304968088865,-0.001525890314951539,-0.0003401506692171097
0.001104095485061407,-0.0006622191867791116,-0.0007473737932741642
-0.0009715722408145666,-0.0006654149619862437,0.00013972539454698563
0.0006282700342126191,0.0004490058636292815,-0.0018621627241373062
-2.6601279387250543e-05,0.0006785703590139747,0.0007823561318218708
0.0002123024605680257,0.0029138298705220222,-0.0018480033613741398
-0.0032918849028646946,-0.0002547990588936955,-0.0006783432327210903
-9.396107634529471e-05,-0.00032914537587203085,-0.0008134064264595509
-0.0004207309684716165,-0.001021300908178091,-0.0012773294001817703
0.0009697439963929355,0.0009237266494892538,-0.0010457858443260193
-0.0004289482021704316,-0.00047443294897675514,-0.0007573654875159264
-0.002802073024213314,0.0006720054661855102,-0.002306703943759203
0.0005372646264731884,-0.000771427876316011,-0.0014483672566711903
-6.628318806178868e-05,0.0003795395023189485,-0.0012436341494321823
0.0007925862446427345,0.0006509157246910036,-0.0014684046618640423
-0.001863781362771988,0.00019935762975364923,0.002415847033262253
0.0019410769455134869,-0.0011724366340786219,-0.002703014761209488
0.00189585005864501,0.0003263315884396434,0.00189883541315794
-0.0007452067220583558,0.00045363069511950016,-0.0007888264954090118
-0.0012261942028999329,-0.00020327209495007992,-0.0029224054887890816
-0.0003380299895070493,0.0015951604582369328,-0.0015367628075182438
-0.002870777389034629,-0.00042634413694031537,0.00110173923894763
0.00022621278185397387,0.0010570366866886616,-0.0005108043551445007
-0.00048236915608868003,0.0010580276139080524,-0.002800021320581436
-0.0011790520511567593,0.00010461598867550492,0.00036993902176618576
-0.00020607840269804,-0.002406470011919737,0.001237176824361086
-0.001274005975574255,0.0003301943652331829,-0.0009293043985962868
-3.415675018914044e-05,-0.001997663639485836,-0.0013584685511887074
0.002009020419791341,-3.198441118001938e-05,-0.002436249516904354
-0.005183007102459669,0.0016091460129246116,-0.00015382934361696243
-0.00027133908588439226,-6.837921682745218e-05,0.0009354036301374435
0.0011385109974071383,-4.7072069719433784e-05,-0.0008836272172629833
0.0015872535295784473,0.00010099966311827302,-0.001476979348808527
-0.001120806555263698,-0.0012101717293262482,-0.0011232034303247929
-0.0008504956495016813,0.000858039129525423,0.0013838964514434338
0.001979278866201639,-0.0018487354973331094,-0.0012352662160992622
0.0004013559955637902,0.0014653020771220326,0.0005027125589549541
0.0009178102482110262,-0.0003073255647905171,-0.00048028165474534035
-0.001558396965265274,0.002721487544476986,-0.0022699260152876377
-4.5707420213148e-05,0.0016622261609882116,-0.0010620364919304848
0.0013404679484665394,-0.0004603132256306708,-0.0013688327744603157
-0.0005005019484087825,-0.0019099292112514377,-0.001190433744341135
-0.001064026728272438,0.0011380587238818407,-0.0004732445813715458
0.001482271822169423,-0.0005143341841176152,0.0014412980526685715
-3.8126803701743484e-05,-0.0012251317966729403,-0.00012890202924609184
0.00039778155041858554,0.0006024028407409787,0.0015438301488757133
0.0005565059836953878,0.0007406208897009492,0.0006351601332426071
0.00047491592704318464,-0.0011272691190242767,0.00036671897396445274
0.0015835899394005537,-0.0006516285357065499,-0.0012727230787277222
0.00015275244368240237,-0.0007286558393388987,0.0006665443070232868
-0.0007463307119905949,0.0006335510406643152,-4.478543996810913e-05
0.0018139943713322282,8.832651656121016e-05,0.0013439347967505455
0.00038307782961055636,0.0005905987345613539,0.00013006571680307388
0.00036102160811424255,-0.0017852333839982748,-0.0007559549994766712
0.0004883207147940993,-0.0004081127990502864,-0.0004739263094961643
-0.0011115933302789927,0.0011567578185349703,-0.0010005258955061436
-0.0020522219128906727,0.0004848422249779105,0.00020322296768426895
0.0046338108368217945,0.00045013963244855404,-0.0006494373083114624
-0.00418071961030364,-0.00021458539413288236,-0.0014435919001698494
0.002019584644585848,-5.200837040320039e-05,0.0003773178905248642
-0.0009218768682330847,0.0016580072697252035,0.00014695432037115097
-0.002035466954112053,0.001663916977122426,0.000710630789399147
0.0007523298845626414,-0.00024450430646538734,0.0017154412344098091
-0.0009311896283179522,0.0001810636604204774,-0.0007273643277585506
0.0018163935746997595,0.003223192412406206,-0.002283715642988682
-0.0007739757420495152,0.0008085623849183321,-0.0005155815742909908
-0.00024453934747725725,0.0009832658106461167,0.0006631338037550449
3.291849861852825e-05,-0.0003423777816351503,-7.604435086250305e-05
0.0008992447983473539,0.0017798953922465444,-7.068738341331482e-06
0.002316934522241354,0.0012844301527366042,-0.0007751621305942535
-0.0002186611236538738,0.00160534109454602,-0.0010481365025043488
-0.0010260005947202444,0.002179516013711691,-0.002226723823696375
0.0006459319265559316,9.319564560428262e-05,-0.0014874301850795746
0.0003330578620079905,0.000508040888234973,-8.53734090924263e-05
0.00022040614567231387,0.0011205680202692747,6.669294089078903e-05
-0.0017959412652999163,1.5280849765986204e-05,-0.0005023307166993618
-3.1330680940300226e-05,-0.0005668861558660865,0.001129654236137867
0.0001805249194148928,0.0006067065987735987,0.00021491385996341705
0.0024026664905250072,0.0017654479015618563,1.3578683137893677e-05
0.0013839369639754295,0.0009463790920563042,0.0028936928138136864
0.0003407768381293863,-0.001235282514244318,0.0003290688619017601
1.8865277525037527e-05,-0.0006130026886239648,-0.00034490227699279785
-0.0004983205581083894,0.0027577602304518223,-0.0011771400459110737
-0.00029636838007718325,-0.00018494034884497523,0.00048673665151000023
0.0019582638051360846,-0.0008035926730372012,0.0006222915835678577
0.0007401729235425591,-0.0001398514723405242,0.0012966636568307877
0.0006863770540803671,-0.0028456230647861958,-0.0001507648266851902
0.0007784850313328207,0.0003439101856201887,0.0015116170980036259
-0.0003216668264940381,-0.0006345352157950401,0.00019468460232019424
-0.0001272106310352683,0.0002984445309266448,-0.0011522951535880566
0.00046454372932203114,-0.0010509791318327188,-0.00013097282499074936
0.0017759270267561078,-0.0007853553397580981,0.000356470700353384
0.0010496829636394978,-0.0022916393354535103,0.0011157374829053879
0.0019416906870901585,-0.0009825379820540547,-0.0004813149571418762
0.0030045583844184875,-0.0004890542477369308,-0.001322074793279171
0.0008264326024800539,-0.001102328416891396,-0.0001493394374847412
-0.001871349522843957,-0.001048532547429204,-0.0016122139059007168
0.0011631679954007268,0.00032209744676947594,0.002827438060194254
0.00026381853967905045,-0.0001828378881327808,0.0006108889356255531
-0.0002502592687960714,0.0006754708010703325,-0.002128057647496462
0.001377464854158461,0.0015870708739385009,-0.0008252393454313278
-0.0006248413119465113,0.002560034394264221,-0.0009376131929457188
-0.00050792854744941,0.004539295565336943,0.001308763399720192
0.0012098297011107206,0.003742855042219162,0.0006068535149097443
0.00016001163749024272,0.009614326991140842,-0.0013774675317108631
0.002221507951617241,0.016459375619888306,-0.0029075643979012966
0.00029577629175037146,0.016398388892412186,-0.006013076286762953
-0.0031266147270798683,-0.008979199454188347,-0.001545581966638565
0.0005075350636616349,0.00012375169899314642,-0.0030033965595066547
0.002602863358333707,0.0006492316024377942,-0.002483353018760681
0.0012401238782331347,-0.0008799555362202227,-0.010577498003840446
0.0006631414871662855,-0.0003758941893465817,-0.027448836714029312
-0.0004481956420931965,-0.0004922742955386639,-0.03722556680440903
-0.0025694386567920446,-0.002499880502000451,-0.03631807118654251
0.000869501382112503,-0.002784572308883071,-0.04069657623767853
0.0005415758350864053,-0.003404594026505947,-0.058118823915719986
-0.002606014022603631,-0.0005731213605031371,-0.06923938542604446
-0.0005317934555932879,2.6127789169549942e-05,-0.06960971653461456
0.0005494499346241355,-0.0004676222743000835,-0.06888853013515472
0.005321705248206854,0.009049031883478165,-0.0790736973285675
0.0009530558018013835,0.0023567741736769676,0.04068438708782196
0.00622647674754262,-0.016086891293525696,-0.08234069496393204
0.002756111789494753,-0.01111716590821743,-0.01988903246819973
0.005021021235734224,-0.013004224747419357,0.15161922574043274
0.0013229555916041136,-0.011741086840629578,0.23998476564884186
0.004138985648751259,-0.012577756308019161,0.2111762911081314
0.0031445613130927086,-0.00877715926617384,0.17301344871520996
0.002127417828887701,-0.009107163175940514,0.17062532901763916
0.0028813586104661226,-0.007497282698750496,0.22937147319316864
0.006252548191696405,-0.008306561037898064,0.32734373211860657
0.007904507219791412,-0.006624775007367134,0.46993497014045715
0.006469144485890865,-0.002344427863135934,0.6266682147979736
0.006402032915502787,0.0020862731616944075,0.7842639684677124
-0.0010350432712584734,-0.0006050033844076097,0.879910409450531
0.008907335810363293,0.003279483411461115,0.8892607688903809
0.010070018470287323,0.0007247896865010262,0.853709876537323
0.013827206566929817,0.004904354922473431,0.781082808971405
0.01080708485096693,-0.00023798173060640693,0.6378595232963562
0.008023283444344997,-0.0021828883327543736,0.6223213076591492
0.00426701083779335,-0.000992417219094932,0.6556540727615356
0.007360005751252174,-0.0031999112106859684,0.6948779225349426
0.009878681972622871,-0.005967335309833288,0.7909747362136841
0.010060043074190617,-0.003535869065672159,0.8936619758605957
0.009184987284243107,0.0011513133067637682,0.9810400605201721
0.005041108466684818,-0.007256286218762398,1.0320961475372314
0.00911632739007473,-0.011703575029969215,1.0651423931121826
0.0016557471826672554,-0.011293713934719563,1.0890986919403076
-0.0016709001502022147,-0.004361715167760849,1.0147229433059692
0.02284136600792408,-0.006997179239988327,0.9178805351257324
0.035208649933338165,-0.019211824983358383,0.8428345918655396
0.01952875405550003,-0.011838330887258053,0.8683098554611206
0.012698441743850708,-0.00017885863780975342,0.874880313873291
0.029723230749368668,-0.0034311108756810427,0.8310062885284424
0.03254365548491478,0.001111213699914515,0.7856054306030273
0.011881787329912186,0.004663870669901371,0.7821007370948792
-0.03859149292111397,0.012554285116493702,0.7811965942382812
-0.08252539485692978,0.01516258530318737,0.775451123714447
-0.09003622084856033,0.01070565264672041,0.7246779799461365
-0.10473234206438065,0.008500555530190468,0.6432070732116699
-0.08860725909471512,0.04495396092534065,0.5367742776870728
0.0581321157515049,-0.037583526223897934,0.2639046907424927
-0.045990172773599625,-0.00373897235840559,0.22662188112735748
-0.20216725766658783,0.0508105531334877,0.0020817238837480545
-0.2556837499141693,0.06616374850273132,-0.23787228763103485
-0.22774428129196167,0.06387130916118622,-0.3679139018058777
-0.16739200055599213,0.042243145406246185,-0.404384583234787
-0.05949137359857559,0.006149058695882559,-0.3942539393901825
-0.0013928489061072469,-0.09582353383302689,-0.47745317220687866
-0.08772826939821243,-0.05135459825396538,-0.8976269960403442
-0.2787061631679535,-0.21661846339702606,-0.8301576375961304
-0.33823686838150024,-0.4821971356868744,-0.45206889510154724
-0.38882142305374146,-0.9635295867919922,-0.23817947506904602
-0.5332342386245728,-1.4268265962600708,-0.0859965905547142
-0.5934154987335205,-1.7677627801895142,0.031174834817647934
-0.6544058918952942,-1.672426462173462,0.30852892994880676
-0.9245562553405762,-1.31143057346344,0.42366206645965576
-1.1861716508865356,-1.1817162036895752,0.4612046480178833
-1.3804436922073364,-1.1899828910827637,0.5302945971488953
-1.5998084545135498,-1.117856740951538,0.5828278064727783
-1.8326386213302612,-1.0031625032424927,0.5700998902320862
-2.0177929401397705,-0.8995471000671387,0.5397574305534363
-2.175978183746338,-0.8721653819084167,0.5486273169517517
-2.3388617038726807,-1.0253876447677612,0.6956250071525574
-2.5998642444610596,-1.2100412845611572,0.9458475708961487
-2.980311393737793,-1.3395811319351196,1.1593902111053467
-3.4142744541168213,-1.491822361946106,1.3055609464645386
-3.7806310653686523,-1.510054111480713,1.3651388883590698
-4.1183977127075195,-1.5891309976577759,1.3488131761550903
-4.264490604400635,-1.5502749681472778,1.3078625202178955
-4.061814785003662,-1.3056223392486572,1.2048245668411255
-3.7041189670562744,-1.2507505416870117,1.3270518779754639
-3.2607040405273438,-1.0718480348587036,1.534934163093567
-2.7583301067352295,-0.8958160877227783,1.6501104831695557
-2.1790289878845215,-0.6674391031265259,1.6674271821975708
-1.596092700958252,-0.35483357310295105,1.6843997240066528
-1.170189619064331,-0.034966953098773956,1.7385473251342773
-0.9437834024429321,0.16429875791072845,1.7976351976394653
-0.8871038556098938,0.22959330677986145,1.812394142150879
-0.9619544148445129,0.23412814736366272,1.7638123035430908
-1.1104180812835693,0.204894557595253,1.6503545045852661
-1.2951273918151855,0.10651633888483047,1.5001662969589233
-1.5096547603607178,-0.014369646087288857,1.3563897609710693
-1.7386938333511353,-0.11914826184511185,1.2426526546478271
-1.9445409774780273,-0.20665404200553894,1.1251604557037354
-2.080333709716797,-0.2275468111038208,0.9965695738792419
-2.104811429977417,-0.1762838214635849,0.8607637882232666
-1.9963080883026123,-0.05719177424907684,0.6954062581062317
-1.8122726678848267,0.09935935586690903,0.5283862352371216
-1.6165915727615356,0.28200584650039673,0.37634050846099854
-1.421116590499878,0.4378471076488495,0.2515104115009308
-1.2514017820358276,0.5381132960319519,0.15491065382957458
-1.1387453079223633,0.5932295918464661,0.05907798558473587
-1.0563149452209473,0.6110365986824036,-0.04640636593103409
-0.9914000034332275,0.5897234082221985,-0.1632099151611328
-0.9390435814857483,0.5688969492912292,-0.2638411819934845
-0.8745717406272888,0.5777519345283508,-0.3126823306083679
-0.7689579725265503,0.5726932883262634,-0.3179580271244049
-0.6419068574905396,0.49681559205055237,-0.3393361270427704
-0.4926561415195465,0.39260050654411316,-0.38670843839645386
-0.31779739260673523,0.347922682762146,-0.4391573965549469
-0.13575488328933716,0.37434735894203186,-0.4979783892631531
0.01976904459297657,0.4548880457878113,-0.5495597124099731
0.1158263310790062,0.503836989402771,-0.5823983550071716
0.16298392415046692,0.5068355202674866,-0.5840173363685608
0.1742544323205948,0.44809845089912415,-0.5686330199241638
0.16077782213687897,0.3370622396469116,-0.5572607517242432
0.12654662132263184,0.18598724901676178,-0.5362896919250488
0.09073621034622192,0.06340053677558899,-0.5115866661071777
0.07243576645851135,-0.018643733114004135,-0.4898667335510254
0.07237578928470612,-0.09322682023048401,-0.4655098021030426
0.10169266909360886,-0.14839819073677063,-0.4434897005558014
0.16533713042736053,-0.12919893860816956,-0.4103001058101654
0.23799163103103638,-0.06265505403280258,-0.36143723130226135
0.2912013828754425,0.025866113603115082,-0.2987426221370697
0.32714179158210754,0.1027904599905014,-0.23389197885990143
0.35030442476272583,0.13858851790428162,-0.18714945018291473
0.37747427821159363,0.14791809022426605,-0.1489570587873459
0.3810986280441284,0.14694349467754364,-0.10461483150720596
0.38769981265068054,0.15291936695575714,-0.06958707422018051
0.42309755086898804,0.17020268738269806,-0.055196862667798996
0.4855268597602844,0.16805458068847656,-0.03669428825378418
0.5349090695381165,0.16346648335456848,-0.011397156864404678
0.5623010396957397,0.1465652734041214,0.015423271805047989
0.5687805414199829,0.11594569683074951,0.05387032404541969
0.5380375385284424,0.07149647176265717,0.08233153074979782
0.4923551678657532,0.013580742292106152,0.10552274435758591
0.4294920563697815,-0.04258399456739426,0.10597574710845947
0.36237776279449463,-0.06340909004211426,0.1019596979022026
0.30231600999832153,-0.07710999250411987,0.09190387278795242
0.2716411054134369,-0.08230646699666977,0.07089520245790482
0.2508085370063782,-0.09583372622728348,0.05294816195964813
0.2403065711259842,-0.11503539979457855,0.054197389632463455
0.21180355548858643,-0.13635826110839844,0.05917483568191528
0.17602592706680298,-0.16760484874248505,0.05567313730716705
0.1306706964969635,-0.24377179145812988,0.04709295928478241
0.07729080319404602,-0.3407181203365326,0.03440243750810623
0.004634177312254906,-0.41817325353622437,0.018669813871383667
-0.08214681595563889,-0.46167099475860596,0.007624590303748846
-0.1454954296350479,-0.4604842960834503,0.010639553889632225
-0.1724039912223816,-0.42427802085876465,0.026055291295051575
-0.15294213593006134,-0.3680618703365326,0.0488937608897686
-0.10151338577270508,-0.3165149986743927,0.06215514987707138
-0.01891757920384407,-0.2512766122817993,0.07520916312932968
0.03883986920118332,-0.18867915868759155,0.09287618845701218
0.0675191804766655,-0.13344892859458923,0.08492612093687057
0.060099564492702484,-0.0851910337805748,0.05426375940442085
0.026485146954655647,-0.03796093538403511,0.0122750299051404
-0.028368744999170303,-0.015479841269552708,-0.02414819411933422
-0.07691497355699539,-0.0442771352827549,-0.039698123931884766
-0.09050377458333969,-0.07496795058250427,-0.03420296311378479
-0.07478819787502289,-0.08222053945064545,-0.019992869347333908
-0.04859856516122818,-0.08116190135478973,0.001246732659637928
-0.033288318663835526,-0.06485456228256226,0.007918749935925007
-0.02978353574872017,-0.0633135437965393,-0.0002666814252734184
-0.05135141313076019,-0.08713684976100922,-0.008448444306850433
-0.09053697437047958,-0.12052484601736069,-0.03247181698679924
-0.13134032487869263,-0.15296639502048492,-0.055367548018693924
-0.17695385217666626,-0.1845656931400299,-0.06419482827186584
-0.21271824836730957,-0.210970938205719,-0.07165727019309998
-0.21156500279903412,-0.22439943253993988,-0.08793255686759949
-0.18745459616184235,-0.22223402559757233,-0.08452158421278
-0.14980514347553253,-0.19747361540794373,-0.06669695675373077
-0.12450670450925827,-0.15301959216594696,-0.04821674898266792
-0.11665212363004684,-0.1081414669752121,-0.025726236402988434
-0.13914357125759125,-0.06861882656812668,-0.027468740940093994
-0.18413212895393372,-0.047643426805734634,-0.05786023288965225
-0.2156250774860382,-0.04507294297218323,-0.0967346653342247
-0.22842280566692352,-0.0597962848842144,-0.11725928634405136
-0.20687037706375122,-0.08132342249155045,-0.11235294491052628
-0.15966321527957916,-0.09114028513431549,-0.07150541245937347
-0.10210671275854111,-0.08376652002334595,-0.01707812212407589
-0.04204922914505005,-0.06661709398031235,0.03179461136460304
0.013704845681786537,-0.04462018981575966,0.0703827515244484
0.06664226204156876,-0.04152004048228264,0.09715408086776733
0.1190711110830307,-0.02709183283150196,0.11645134538412094
0.15819840133190155,-0.005658674519509077,0.13628481328487396
0.17657127976417542,0.025554904714226723,0.14866505563259125
0.15718187391757965,0.039287228137254715,0.1430167555809021
0.12287396192550659,0.042054519057273865,0.12743620574474335
0.08308133482933044,0.030305564403533936,0.10286515206098557
0.048018693923950195,0.009761674329638481,0.09404955059289932
0.02841629646718502,-0.009328547865152359,0.0942661240696907
0.03327230364084244,-0.030854079872369766,0.11194311827421188
0.050550542771816254,-0.04652823135256767,0.12574326992034912
0.07481885701417923,-0.04086022451519966,0.1304490715265274
0.09504041820764542,-0.03801644220948219,0.12616422772407532
0.10100270807743073,-0.02355095185339451,0.10349380224943161
0.07618805021047592,0.010983552783727646,0.06447704136371613
0.0271906815469265,0.030490407720208168,0.029767265543341637
-0.02484201453626156,0.015072435140609741,-0.006678478326648474
-0.058571480214595795,-0.01791374385356903,-0.031563322991132736
-0.06870502233505249,-0.029792753979563713,-0.05519189313054085
-0.06759022176265717,-0.040213968604803085,-0.06537661701440811
-0.053217992186546326,-0.026733938604593277,-0.05967485159635544
-0.018020320683717728,0.007584884762763977,-0.049901582300662994
0.03343331068754196,0.0685156062245369,-0.023641187697649002
0.08618547022342682,0.12254635244607925,-0.006537833716720343
0.1180342361330986,0.1564205288887024,-0.0008919038809835911
0.09967014193534851,0.15420664846897125,-0.01843760907649994
0.04303006827831268,0.12883944809436798,-0.03208308666944504
-0.02450663223862648,0.11469966173171997,-0.03269454836845398
-0.10587992519140244,0.12957246601581573,-0.017624661326408386
-0.21653400361537933,0.18879291415214539,-0.003391131293028593
0.03989917039871216,0.18951819837093353,0.13179711997509003
0.6902856826782227,0.21758392453193665,-0.07397150248289108
0.32382911443710327,-0.03473595902323723,0.13694120943546295
0.2747308015823364,0.22095893323421478,0.12180886417627335
0.21952538192272186,0.0290377140045166,-0.0021052989177405834
0.09500662982463837,-0.13399435579776764,-0.032266661524772644
0.006619094870984554,-0.15510189533233643,-0.004238907713443041
-0.02088550105690956,-0.15406112372875214,0.014475390315055847
0.04204623028635979,-0.20254500210285187,0.02216757833957672
0.12321539223194122,-0.20539246499538422,0.008893318474292755
0.16818144917488098,-0.11422581970691681,-0.004020436201244593
0.1786639243364334,0.02789776399731636,-0.012121772393584251
0.11219794303178787,0.22295518219470978,-0.03991251438856125
0.10670703649520874,0.18878309428691864,-0.06325405091047287
0.1017710343003273,0.20311477780342102,-0.05905409902334213
0.1293957382440567,0.21777626872062683,-0.0348701998591423
0.15224362909793854,0.19204820692539215,-0.0038722166791558266
0.12854629755020142,0.1690978854894638,0.025719232857227325
0.08613361418247223,0.1457449048757553,0.05566170811653137
0.038340527564287186,0.12620528042316437,0.07955558598041534
0.00684215035289526,0.11836589872837067,0.09642554074525833
-0.004799059592187405,0.10372943431138992,0.11372543126344681
0.005651568528264761,0.10875938087701797,0.13366729021072388
0.03038114868104458,0.11866900324821472,0.15128649771213531
0.06341029703617096,0.1478814333677292,0.16144920885562897
0.08474700897932053,0.19182918965816498,0.16893695294857025
0.09150946885347366,0.20889483392238617,0.1600096970796585
0.0769377127289772,0.19329243898391724,0.1491655707359314
0.055456485599279404,0.16624797880649567,0.1350405216217041
0.036399438977241516,0.13834764063358307,0.11806099116802216
0.017508022487163544,0.11703233420848846,0.111046202480793
0.0036068547051399946,0.09786423295736313,0.11320602148771286
0.0025619715452194214,0.07259193807840347,0.12080523371696472
0.00033636795706115663,0.053602803498506546,0.11724405735731125
0.001740477280691266,0.03643707558512688,0.10612650960683823
0.005163704510778189,0.03908958286046982,0.09457504749298096
0.0044282884337008,0.07371915876865387,0.06990554183721542
-0.0007273249793797731,0.09805033355951309,0.05810107663273811
-0.02237086184322834,0.10849995166063309,0.04681377485394478
-0.0507095605134964,0.0979200154542923,0.038489002734422684
-0.07978945970535278,0.06378909200429916,0.03477811813354492
-0.110024593770504,0.023646464571356773,0.03931934013962746
-0.12477283924818039,-0.004199338145554066,0.04919680207967758
-0.12430012971162796,-0.02351817488670349,0.06944455206394196
-0.10047855973243713,-0.0366482250392437,0.09107539057731628
-0.06694617122411728,-0.046683017164468765,0.09605497121810913
-0.03897319361567497,-0.052127525210380554,0.09856867045164108
-0.021971842274069786,-0.047491759061813354,0.10603004693984985
-0.010530713945627213,-0.047975312918424606,0.10745714604854584
0.0005973049555905163,-0.03903055191040039,0.10683663189411163
0.002511420752853155,-0.039028674364089966,0.11520040035247803
-0.010551916435360909,-0.045275118201971054,0.13477757573127747
-0.03886502981185913,-0.09812934696674347,0.16685932874679565
-0.06854889541864395,-0.1563367396593094,0.20731700956821442
-0.08955515921115875,-0.18214581906795502,0.24497781693935394
-0.10459616035223007,-0.2012324184179306,0.26562076807022095
-0.0991375744342804,-0.2181006371974945,0.24280403554439545
-0.08425609767436981,-0.08351245522499084,0.2192547619342804
-0.0025102209765464067,0.3111524283885956,0.14436201751232147
0.09355319291353226,0.9794516563415527,-0.00041194166988134384
0.24275022745132446,1.5002522468566895,-0.23315562307834625
0.3607351779937744,1.3707219362258911,-0.40148258209228516
0.34848982095718384,0.8314054608345032,-0.32314425706863403
0.3778514266014099,0.14876429736614227,-0.1987415999174118
0.3895820677280426,-0.32841286063194275,-0.2113083153963089
0.28315335512161255,-0.4351033568382263,-0.32309290766716003
0.07670965045690536,-0.3520435690879822,-0.36834853887557983
-0.08924683183431625,-0.1767125278711319,-0.2704414129257202
-0.16572627425193787,0.06384696066379547,-0.11327215284109116
-0.18396839499473572,0.31922730803489685,-0.06527506560087204
-0.1422002911567688,0.4837549030780792,-0.09992128610610962
-0.05320063605904579,0.5336092710494995,-0.10469739884138107
-0.010628748685121536,0.5087799429893494,-0.07854684442281723
-0.009722741320729256,0.3852444887161255,-0.10634145885705948
0.0048019615933299065,0.21547861397266388,-0.24080491065979004
0.03795592114329338,0.08097460120916367,-0.4104687571525574
0.13077904284000397,0.1278717964887619,-0.5177558660507202
0.25768107175827026,0.2689306437969208,-0.5169880390167236
0.40360748767852783,0.3744959831237793,-0.4797995388507843
0.5253999829292297,0.39516666531562805,-0.42261987924575806
0.6222307682037354,0.3779973089694977,-0.3580425977706909
0.6728329658508301,0.35755062103271484,-0.2865862548351288
0.6705403923988342,0.2851456105709076,-0.2315806895494461
0.6425532102584839,0.1914696991443634,-0.2165631204843521
0.6035080552101135,0.11165821552276611,-0.2623274624347687
0.5441392660140991,0.0757867619395256,-0.3369785249233246
0.48885300755500793,0.08441654592752457,-0.3937515914440155
0.4728415608406067,0.15609845519065857,-0.45941823720932007
0.4951375126838684,0.1982305347919464,-0.4814859628677368
0.5393297672271729,0.2256203442811966,-0.47018325328826904
0.6128044128417969,0.22411146759986877,-0.4497185945510864
0.7009105682373047,0.18404260277748108,-0.40884944796562195
0.8036583065986633,0.15582159161567688,-0.36283233761787415
0.8739988207817078,0.14663074910640717,-0.34867390990257263
0.9038781523704529,0.11667391657829285,-0.36897727847099304
0.9106847047805786,0.08210954815149307,-0.407905250787735
0.9117743372917175,0.04074466601014137,-0.46098747849464417
0.9088366031646729,0.04118861258029938,-0.49728769063949585
0.9156941771507263,0.08141813427209854,-0.5507714748382568
0.9364433884620667,0.11598170548677444,-0.6230523586273193
0.9876342415809631,0.14607243239879608,-0.705979585647583
1.0484600067138672,0.18521957099437714,-0.7866185307502747
1.1618517637252808,0.20937813818454742,-0.8792158365249634
1.263003945350647,0.2252042442560196,-0.9417380690574646
1.4013770818710327,0.21434275805950165,-0.9610041379928589
1.5887515544891357,0.20812773704528809,-0.9731428623199463
1.7971198558807373,0.17501574754714966,-0.985862672328949
1.9883545637130737,0.19175584614276886,-0.967326283454895
2.1206281185150146,0.25682419538497925,-0.9358681440353394
2.1819396018981934,0.30830708146095276,-0.9137636423110962
2.241603374481201,0.33349961042404175,-0.8475678563117981
2.306792736053467,0.3776244819164276,-0.8273821473121643
2.3456106185913086,0.3859129548072815,-0.8721060752868652
2.395292282104492,0.38463810086250305,-0.9029742479324341
2.457481622695923,0.40659719705581665,-0.9570388197898865
2.518214225769043,0.44598668813705444,-0.9885187149047852
2.5539731979370117,0.5101290941238403,-0.9667882323265076
2.5429725646972656,0.641211211681366,-0.8739107847213745
2.4278507232666016,0.8184095025062561,-0.71267169713974
2.2424187660217285,0.9340927004814148,-0.5993829965591431
2.015838623046875,0.8637946844100952,-0.4649524390697479
1.7505444288253784,0.578400194644928,-0.3735910952091217
1.4885586500167847,0.2475961297750473,-0.3478448987007141
1.2723509073257446,0.03994227200746536,-0.38891854882240295
1.0898716449737549,0.006341852247714996,-0.4846624433994293
0.954475462436676,0.10741094499826431,-0.6143227219581604
0.8414987325668335,0.276734858751297,-0.75113445520401
0.8675431609153748,0.28901949524879456,-0.8498133420944214
0.8695084452629089,0.3212588429450989,-0.9502537846565247
0.8887249827384949,0.4261130690574646,-0.9560296535491943
0.9817231893539429,0.47125402092933655,-0.8820549249649048
1.0210721492767334,0.46032652258872986,-0.7305048108100891
0.9880250692367554,0.364228755235672,-0.569193959236145
0.9082689881324768,0.257306307554245,-0.4625186324119568
0.766781747341156,0.1145656406879425,-0.41704851388931274
0.6079710721969604,0.0009751669713295996,-0.4243066906929016
0.46758660674095154,-0.013199225068092346,-0.4523733854293823
0.3882659673690796,0.03978836163878441,-0.48194190859794617
0.3829129636287689,0.12694580852985382,-0.49715951085090637
0.4448365271091461,0.24884746968746185,-0.49237674474716187
0.5357052683830261,0.39350757002830505,-0.4955412745475769
0.640082836151123,0.5185941457748413,-0.47468286752700806
0.7138282060623169,0.574722945690155,-0.4514762759208679
0.7377426028251648,0.5503414273262024,-0.42488834261894226
0.7037949562072754,0.4462820291519165,-0.3721202611923218
0.6271718144416809,0.29327571392059326,-0.30943983793258667
0.5490815043449402,0.18263012170791626,-0.25488048791885376
0.4965623617172241,0.0972885936498642,-0.21694324910640717
0.5217843651771545,0.11753960698843002,-0.18296480178833008
0.5794814825057983,0.24721024930477142,-0.2149200737476349
-0.5675323009490967,1.3195428848266602,-0.12450027465820312
-0.1577354371547699,0.6472795009613037,-0.12928198277950287
-0.14574287831783295,0.56529700756073,-0.19241373240947723
-0.1988910436630249,0.48296454548835754,-0.10531610995531082
-0.2044367641210556,0.22390946745872498,0.07198868691921234
-0.1703706681728363,0.08974100649356842,0.13423316180706024
-0.12084707617759705,0.06709934026002884,0.08276195824146271
-0.0197185929864645,0.26213330030441284,0.08162451535463333
0.03415067493915558,0.33092862367630005,0.10429751127958298
0.07189060002565384,0.2989014685153961,0.03951425850391388
0.07833319902420044,0.30406317114830017,-0.026888586580753326
0.09761235117912292,0.3200434744358063,-0.075900599360466
0.11284159868955612,0.3744957745075226,-0.09955110400915146
0.09230276942253113,0.402743935585022,-0.10198896378278732
0.0109377671033144,0.16128112375736237,-0.05150726065039635
-0.07230385392904282,0.07470548152923584,-0.008639955893158913
-0.14348725974559784,0.06984546035528183,0.01832585036754608
-0.21377500891685486,0.020786039531230927,0.11222251504659653
-0.2853231430053711,-0.01670999452471733,0.19612948596477509
-0.32647988200187683,-0.048271115869283676,0.24639052152633667
-0.3454468548297882,-0.04531417042016983,0.2662697732448578
-0.38744649291038513,-0.013979949057102203,0.09101621061563492
-0.32690730690956116,-0.058432042598724365,-0.024929892271757126
-0.10209256410598755,-0.017586877569556236,-0.20279788970947266
0.02760113589465618,0.001227613422088325,-0.3195246160030365
-0.045621681958436966,-0.03563745692372322,-0.2819114625453949
0.03196965903043747,-0.008060560561716557,-0.2993728816509247
-0.0024540922604501247,-0.006538031622767448,-0.3063650131225586
-0.07413842529058456,-0.008091282099485397,-0.21878351271152496
-0.07236076146364212,-0.004792690742760897,-0.17018908262252808
-0.03839423507452011,0.0071823084726929665,-0.18395331501960754
0.026937101036310196,0.005885881371796131,-0.23485377430915833
0.05362270399928093,0.008390660397708416,-0.3065349757671356
0.03943897411227226,0.00802074745297432,-0.3524084687232971
0.03343996778130531,0.004029296804219484,-0.3535381257534027
0.030191177502274513,0.003147790441289544,-0.35788893699645996
0.02553461119532585,-8.990906644612551e-05,-0.3536641299724579
0.023927394300699234,-0.002667582593858242,-0.32599949836730957
0.013676108792424202,-0.00411767465993762,-0.25392472743988037
0.014050282537937164,-0.008130259811878204,-0.1559092104434967
0.013739796355366707,-0.008580846711993217,-0.07631954550743103
0.0119203245267272,-0.008885512128472328,-0.043250810354948044
0.010661534033715725,0.00260081491433084,-0.01514691673219204
0.008007161319255829,-0.00037446850910782814,-0.01791394129395485
0.011416337452828884,-0.008906855247914791,-0.05363752320408821
0.005775761790573597,-0.002257741056382656,-0.08436401188373566
0.007219646126031876,-0.0019523149821907282,-0.09423720836639404
0.0046078842133283615,-0.006440540309995413,-0.10974080115556717
0.004211383871734142,-0.0043797679245471954,-0.09986656904220581
-0.0013218657113611698,-0.002501174109056592,-0.09687397629022598
0.00460760947316885,-0.005107799079269171,-0.10793174058198929
-0.0012058046413585544,-0.012103657238185406,-0.1268729418516159
0.012602380476891994,-0.03691608086228371,-0.2774971127510071
-0.005992343183606863,-0.04515723139047623,-0.2958204448223114
-0.015135565772652626,0.02714996598660946,-0.23109132051467896
-0.00442166905850172,0.005917648784816265,-0.04577258974313736
-0.00413689436390996,0.03500454127788544,-0.1138351783156395
0.0012919593136757612,0.011652081273496151,-0.15510085225105286
-3.1675881473347545e-05,0.013299418613314629,-0.08109699189662933
-0.0013893553987145424,0.01986011676490307,0.01892734318971634
-0.0004757425340358168,0.013296984136104584,0.08611878007650375
-0.002531170379370451,0.010314243845641613,0.14331281185150146
-0.0007319428841583431,-0.0005712571437470615,0.16358080506324768
-0.0009979926981031895,-0.008005470968782902,0.10561604052782059
-0.0018672328442335129,-1.9450089894235134e-05,0.050019655376672745
-0.002563915913924575,0.002456224523484707,0.021213838830590248
0.0006859282730147243,0.0020880051888525486,-0.027541739866137505
-0.0014320836635306478,0.013852785341441631,-0.05875718593597412
-0.0004317726707085967,0.016139736399054527,-0.0294320248067379
-0.0014320560730993748,0.020571501925587654,0.005553923547267914
-0.0005072857020422816,0.015794724225997925,0.006966316606849432
-0.002209844533354044,0.015248244628310204,-0.012962650507688522
-0.00630250945687294,0.007698732893913984,-0.026238953694701195
-0.0067563122138381,0.0009468205971643329,-0.03252720832824707
-0.00622302433475852,0.006985671818256378,-0.06164662539958954
-0.002735614776611328,0.017788784578442574,-0.15029820799827576
-0.0013311195652931929,0.02486994117498398,-0.23527279496192932
-0.0011446982389315963,0.022501857951283455,-0.21867837011814117
0.0011202001478523016,0.01600494235754013,-0.14600856602191925
-0.0019200644455850124,0.004729651380330324,-0.07770592719316483
-0.0013462756760418415,0.006418494042009115,-0.03831390291452408
-0.000384075625333935,0.003219239180907607,-0.003573498921468854
-0.001317987684160471,0.002965192310512066,0.001241820864379406
0.00027431632042862475,-0.0007408626261167228,0.0028865886852145195
-0.0029704791959375143,-0.0015597846359014511,0.004010442644357681
0.0009188012918457389,-0.0011600442230701447,0.004809391684830189
0.00036723428638651967,-0.0011414968175813556,0.0016431310214102268
-0.0006050858646631241,-0.0009441565489396453,0.0037880404852330685
-0.0001880622294265777,3.2862648367881775e-05,0.0023499038070440292
0.0010665529407560825,-0.0001285249018110335,0.0023331260308623314
-0.0016426269430667162,5.621463060379028e-06,-0.000888175331056118
-0.001083096954971552,-0.00233636237680912,0.0005467357113957405
-0.00031988872797228396,-0.0010901923524215817,0.0014766538515686989
0.001055900240316987,-0.0005626201746053994,-0.00047171488404273987
-0.0018599266186356544,-0.002340090461075306,-0.00034806178882718086
0.0003022938035428524,-0.0007528463611379266,0.0029406757093966007
0.0010228781029582024,0.0016937064938247204,-0.0015279254876077175
-0.0009630410932004452,-2.6429188437759876e-05,-0.0020275344140827656
-0.0010638581588864326,-0.0006723045371472836,0.0013561304658651352
0.0003327034355606884,0.0003002817975357175,-0.0009536286816000938
-0.0004387246153783053,-0.0013184442650526762,0.001608686987310648
-0.0005455174250528216,-0.002145089441910386,0.0007412959821522236
-0.001426261616870761,0.00030366715509444475,0.0015093199908733368
0.001390830148011446,0.0009454890387132764,0.002232900820672512
-0.0012427697656676173,-0.0006715824129059911,0.0030329152941703796
-0.0010627401061356068,6.291735917329788e-05,-0.0005628853105008602
-0.0014412280870601535,0.0025642351247370243,-0.0009480360895395279
-0.0011312362039461732,-0.002354357158765197,-4.4782646000385284e-06
-0.0009142090566456318,-0.0005008159787394106,-0.0005169291980564594
0.001495152828283608,-0.0003756473888643086,-0.0010189348831772804
0.001232018694281578,-0.0008360325591638684,0.00010731210932135582
0.0005457220831885934,-0.002527139848098159,0.0010303636081516743
0.00038576568476855755,0.0006122326012700796,0.0012003649026155472
-0.0001761613239068538,-0.0011401273077353835,0.00021872343495488167
0.0005955066881142557,0.0006454842514358461,-0.0026759840548038483
0.001429342431947589,-0.0005481445114128292,0.0013110344298183918
0.000715056317858398,0.0014270273968577385,-0.0021670833230018616
-0.0033268232364207506,-0.00022173556499183178,-0.0007675923407077789
-0.0007735952967777848,-0.0011829473078250885,-0.0021095010451972485
-0.00011286509106867015,0.00011241418542340398,0.00037309760227799416
-0.002306414535269141,0.0006317698862403631,0.001064544077962637
-0.00048694282304495573,-0.003037000773474574,0.002953257877379656
-0.005323804449290037,-0.002491776365786791,-0.004063934553414583
0.0012608612887561321,0.002411103341728449,-0.0008340529166162014
0.000885475892573595,-0.0024091803934425116,0.0008238833397626877
-0.000536918465513736,-0.0014320665504783392,0.0008808746933937073
-0.0003222622617613524,6.232940359041095e-05,0.0007011108100414276
-0.0016317385016009212,0.0005291815032251179,-0.000729006715118885
-0.0009028312633745372,0.0008334845770150423,-0.00013831676915287971
8.919622632674873e-05,-0.0016379288863390684,-0.0036129432264715433
-0.0004949757712893188,-0.0013339282013475895,-0.0011344868689775467
-0.0002148112398572266,0.0012900843285024166,0.0015776767395436764
0.0003172344295307994,0.0007837985758669674,0.00029131025075912476
-0.002400255063548684,-0.0009248855640180409,-8.17989930510521e-05
-0.0014728826936334372,0.0014532400527969003,-0.00024286098778247833
-0.0008819272043183446,-0.0013872876297682524,-0.0025385054759681225
0.0005894469213671982,-0.001002458855509758,0.0008199759759008884
0.0019615076016634703,0.0002401720848865807,0.002009876538068056
0.0006420061690732837,-0.0003637197660282254,0.001521808560937643
0.0001690287608653307,-8.115835953503847e-05,0.00292023504152894
0.001936192624270916,-0.0002731351996771991,-0.001384084578603506
0.001897576847113669,-0.0005762028740718961,-0.0006325403228402138
0.0006701613310724497,7.152371108531952e-05,-0.0003474638797342777
0.0005567106418311596,-0.00025178404757753015,0.0006821141578257084
-0.0005593859823420644,-0.0012067548232153058,-0.0003132447600364685
-0.0008030651370063424,0.0008052634075284004,0.001337648369371891
0.0009823545115068555,0.0005217369180172682,-0.0016057374887168407
-0.0016267444007098675,0.001080468064174056,-0.0009545944631099701
-0.002644374966621399,-0.003268425352871418,0.0020556184463202953
-0.0015061399899423122,-0.0011618650751188397,-0.0028965300880372524
0.0019945662934333086,-0.0006991821574047208,3.8084108382463455e-05
0.0005596551927737892,-0.0003961144248023629,0.0011014840565621853
0.00032711081439629197,0.0004954258911311626,0.0005187955684959888
0.0021154233254492283,-0.0016806430649012327,8.789589628577232e-05
-3.9718812331557274e-05,0.0012554079294204712,-0.0008450374007225037
0.0009523087064735591,-0.001119599211961031,-0.0020109694451093674
-0.0005177322309464216,0.0008015871862880886,0.0005055731162428856
0.0003866772458422929,-0.0012623625807464123,0.0029274518601596355
0.0014770274283364415,-0.0016100271604955196,-0.00033365190029144287
0.0009246878325939178,-0.0009453021339140832,-0.0008287332020699978
0.0004613946075551212,0.0003029486397281289,-0.0002033342607319355
-0.0009237154154106975,0.0011117506073787808,-0.0001950785517692566
0.00021279726934153587,-0.0008129238267429173,0.0029692468233406544
-0.001585635356605053,-0.0008057333179749548,0.0008011669851839542
0.0005935203516855836,0.0003208292764611542,-0.0001523289829492569
-0.001976430183276534,-4.508905112743378e-05,-0.0005683149211108685
0.0007982912939041853,-0.0023917302023619413,-0.0029465993866324425
-0.0006382177816703916,0.0003678372595459223,-0.004000945016741753
4.061675281263888e-05,-0.0021523975301533937,-0.0008765361271798611
0.000762333394959569,-0.0008096316014416516,-0.0017910655587911606
-0.0013991817831993103,-0.002361754421144724,-0.001345763448625803
-3.431169898249209e-05,-0.000565452384762466,-0.0010530822910368443
-0.0007996344938874245,0.0005198247381485999,-0.0001714145764708519
3.526650834828615e-05,-0.00013398134615272284,0.0006134188733994961
-0.0003154195146635175,0.0005611360538750887,-0.001008573453873396
-0.001031010877341032,0.00022664305288344622,-0.00010096840560436249
-4.3567444663494825e-05,-0.0007365552010014653,-0.0014724405482411385
0.0010187674779444933,0.00041978934314101934,0.000497233122587204
-0.0006945916684344411,0.0005766415852122009,0.0005978704430162907
-0.001402193563990295,0.00034121813951060176,-0.0008463617414236069
3.418390406295657e-06,0.001333596184849739,-0.00039983121678233147
-0.0004754179681185633,-0.0013833607081323862,0.0008451961912214756
0.0027543948963284492,0.0013853710843250155,0.00026972778141498566
0.001912037143483758,0.0024021659046411514,-0.0008029933087527752
0.0008952093776315451,-0.0004273390513844788,-0.0009345998987555504
-0.0021117660216987133,-0.00034877576399594545,0.0009541134350001812
-0.0006704404950141907,-0.00029090919997543097,-0.0018021538853645325
0.0009343803394585848,-0.0008935825317166746,-0.00039786938577890396
-0.0012864649761468172,-0.0024819483514875174,-0.00034139398485422134
-0.0007578274817205966,-0.000882986409123987,-8.765142410993576e-06
-0.0006116345757618546,-0.00047843068023212254,-0.0011972780339419842
-0.000990336062386632,-0.0005338244372978806,0.000125247985124588
-0.0004720364522654563,0.00044522027019411325,-0.002004955429583788
0.0005018815863877535,0.00015094096306711435,0.0002038702368736267
0.0016344226896762848,0.0005638112779706717,-0.0018695960752665997
8.259876631200314e-05,-0.000679086078889668,-0.0002072509378194809
0.00011975123197771609,0.0003887282800860703,-0.00310008367523551
0.001587419304996729,-0.0011636283015832305,0.0027900291606783867
-0.001164540066383779,1.762527972459793e-06,0.0005466709844768047
-0.0022899918258190155,-0.00014151557115837932,0.0008524022996425629
0.00047434185398742557,-0.001004274352453649,0.0012602251954376698
-0.0020378180779516697,-0.0018482301384210587,-0.001274571754038334
-0.00310404971241951,-0.0001773631083779037,-9.55783762037754e-05
-0.0013210633769631386,-0.001368595054373145,0.0006375899538397789
0.0011953487992286682,-0.0003557557356543839,0.0010919361375272274
-0.00023610031348653138,0.0026165982708334923,-0.00015495624393224716
0.00030734780011698604,0.00031745643354952335,0.000665085855871439
0.0013766069896519184,0.0015150799881666899,-0.00015010777860879898
-0.0005605610786005855,-0.00032787263626232743,-0.0018106838688254356
-0.0016519244527444243,-0.000415756949223578,0.00042317528277635574
-0.000984227517619729,0.0006250219885259867,0.00043522147461771965
-0.0011208478827029467,-0.0006706058629788458,0.0003065904602408409
-0.0001221740967594087,-0.0007073924061842263,0.00030186958611011505
0.0018533586990088224,0.0019211475737392902,-0.000712262000888586
0.0007788772927597165,-5.647982470691204e-05,-0.00017591938376426697
0.0011866071727126837,1.409393735229969e-05,0.0007319524884223938
0.0016482457285746932,-0.00032074085902422667,0.0032846415415406227
-0.0019571417942643166,-0.00037986302049830556,-0.0006656255573034286
-0.003017180599272251,-0.002295630518347025,0.0006745331920683384
0.00046463607577607036,-0.0007134464103728533,0.0002284538932144642
0.0006837527034804225,-0.0006720456294715405,-0.0019281539134681225
0.0003977291635237634,-0.0009372964268550277,-0.002274897415190935
0.001428274903446436,0.00047139544039964676,0.0019206535071134567
0.0002956324606202543,5.327916005626321e-05,-0.0019137663766741753
0.000320561695843935,0.0013500095810741186,-0.0010750796645879745
-0.002376954071223736,-0.0011560251004993916,1.0957475751638412e-05
0.00037957559106871486,-0.0006011497462168336,0.0007660472765564919
-0.00088169751688838,0.000864654197357595,0.0019500888884067535
-0.0023404054809361696,-0.0007504312670789659,-0.0009757429361343384
0.001165646011941135,-0.0012697477359324694,0.001117768231779337
0.0016202694969251752,-0.0013210347387939692,-0.0008454630151391029
-0.0016069491393864155,-0.002933312440291047,0.0008539003320038319
0.0006739008240401745,-0.0002858053776435554,-0.000417937058955431
0.00115433509927243,-0.0012101884931325912,-7.438892498612404e-05
0.0014983986038714647,-0.0001888417755253613,0.00038229720667004585
-0.0002584887552075088,-3.544369246810675e-05,0.0026877960190176964
-0.0014249372761696577,0.0010483204387128353,0.0006836471147835255
0.001318118767812848,-0.0008294744184240699,-0.0010388856753706932
0.00018172484124079347,-0.0021849286276847124,0.0011296025477349758
0.0009316710056737065,0.00017569726333022118,-0.0005103726871311665
0.0016494571464136243,0.00011431367602199316,0.0002558869309723377
0.0007101602386683226,-0.0013964975951239467,-0.0010147071443498135
0.0006790562765672803,0.0002510366030037403,0.00018401071429252625
-0.0006810201448388398,0.00044145260471850634,0.0002101096324622631
-0.0010413797572255135,-0.00031547516118735075,-0.002130383625626564
-0.0021005189046263695,0.00017694337293505669,0.0023245522752404213
4.50947554782033e-05,-0.0006268984288908541,0.0002870424650609493
0.0013998447684571147,-0.0012287728022783995,0.0014066356234252453
-0.0009135733707807958,-0.0003111735568381846,-0.0004941965453326702
-0.0006571109988726676,0.0013069630367681384,0.0018954575061798096
0.001082350965589285,-0.000511051039211452,0.0015106569044291973
-0.0012878624256700277,0.00013689609477296472,-0.001553575973957777
0.003095937892794609,0.0010651634074747562,-0.0006835698150098324
-1.2770004104822874e-05,0.0002225391217507422,-0.002071609254926443
0.0003434709506109357,-0.0013211824698373675,-0.00105757312849164
0.0018239221535623074,0.0003637996269389987,-0.0022844914346933365
-0.0009183174697682261,-0.0006316387443803251,-0.0003229258581995964
-0.0008160520810633898,0.0006591954152099788,-0.00048005208373069763
-0.0026900756638497114,-0.0008805468096397817,-0.002292285207659006
0.0005161039298400283,-0.0008312783320434391,0.00030189985409379005
0.0018608184764161706,2.51603196375072e-05,-0.0009123696945607662
-0.0015331140020862222,0.0011420899536460638,5.382532253861427e-05
0.0005649502854794264,-0.0008970676572062075,0.000541232991963625
-8.72578239068389e-05,-0.0019314393866807222,0.0008136741816997528
-0.000947184453252703,0.0005606772028841078,0.0019535175524652004
-0.0005125565803609788,0.001756436424329877,-0.0009898077696561813
0.002062853891402483,-0.001399774570018053,-0.0012240852229297161
0.0002609592629596591,-0.0009441077709197998,-0.0002791960723698139
0.002100608078762889,0.000813840189948678,0.0019187545403838158
-0.0003865180187858641,0.0004412640118971467,-0.0013705152086913586
-0.001007127808406949,-0.0008366840775124729,0.0015828395262360573
-0.0005738315521739423,0.0004951627925038338,-0.0004432937130331993
-0.0019231708720326424,0.00042522104922682047,-0.0013953149318695068
-0.0004323333268985152,6.649328861385584e-05,0.0017408239655196667
-0.001989091280847788,0.0011091789929196239,0.0003733229823410511
0.002100991550832987,-0.0013198901433497667,0.000622328370809555
0.0011491038603708148,-0.000530198507476598,0.001029951497912407
-0.0004192316555418074,-0.0008689526002854109,0.0003146268427371979
0.0017487641889601946,-0.002143381629139185,0.0010246913880109787
0.0003865572507493198,0.000787427241448313,0.0006912630051374435
0.001178549136966467,-0.0012794570066034794,9.180139750242233e-05
0.000506100885104388,0.0010723804589360952,0.0016382988542318344
0.0012271495070308447,-0.0003523729392327368,-0.00040342193096876144
-0.0004461146309040487,-0.0004980477970093489,0.0009787585586309433
0.0018582744523882866,-0.0015250986907631159,-0.0010473779402673244
0.0010646524606272578,-0.0009077778668142855,0.0003249486908316612
-0.0015850005438551307,0.0006523721967823803,0.0008427547290921211
-9.256519842892885e-05,0.0013778172433376312,0.0005663181655108929
-0.0004367734072729945,0.0002998893614858389,0.000264887697994709
-0.0011214721016585827,0.0014290696708485484,0.00038739293813705444
-0.001988454023376107,0.0020591600332409143,0.0013016476295888424
0.003682747483253479,-0.00027643213979899883,0.0007032356224954128
0.00024672140716575086,0.0007187113515101373,-0.001331630628556013
-0.0009700768860056996,-0.001771876821294427,0.0006241947412490845
0.0014003778342157602,-0.0005406389245763421,-0.00255535077303648
0.0013862631749361753,-0.00035581551492214203,-0.0018626628443598747
-0.003090946702286601,-0.0005058103706687689,-0.0009130416437983513
0.0027230000123381615,0.0002563863527029753,0.0005032271146774292
-0.0005634696572087705,0.0006254215259104967,0.003222102764993906
-0.0011240651365369558,0.00013033987488597631,0.00019755028188228607
-0.0012960665626451373,-0.002816776977851987,0.000782940536737442
5.0161383114755154e-05,-0.0008950399933382869,-0.0005973759107291698
-0.0012157608289271593,-0.0005964915035292506,0.0007781721651554108
0.0002385914558544755,-0.0013973040040582418,0.000816788524389267
0.0018420788692310452,-0.0002386830747127533,-0.0018278313800692558
-0.0022051269188523293,0.00019860791508108377,6.32796436548233e-05
0.0019181037787348032,-0.0010709026828408241,2.4798791855573654e-05
0.0006280684610828757,-0.0015590600669384003,0.001037599053233862
0.0009331899927929044,-0.0009951330721378326,-0.0017399899661540985
-0.0025286530144512653,0.00104751146864146,-0.0011780629865825176
0.00038097615470178425,-0.0010470738634467125,0.001272812020033598
-0.0010368907824158669,-0.0006902102613821626,0.0007548271678388119
-0.001598631963133812,8.052249904721975e-05,-0.0004923255182802677
0.004444613121449947,-0.0029826455283910036,0.0016200942918658257
0.0012786134611815214,0.0008240070310421288,-0.001188256312161684
0.00016993959434330463,-0.000511035555973649,0.0018101967871189117
0.0008480497635900974,-9.825709275901318e-05,0.0017252219840884209
-0.00013945030514150858,-0.0020530172623693943,0.002719379961490631
0.00048698089085519314,0.0015117389848455787,0.003776606172323227
0.0027251015417277813,-0.00031731993658468127,-0.0008985730819404125
-0.004284505732357502,0.000616881181485951,4.920549690723419e-05
0.002971809124574065,-0.0007107046549208462,-0.0005638538859784603
0.001976360334083438,-0.0003741893160622567,-0.0016890871338546276
0.001393660670146346,-1.38636096380651e-05,0.0008220076560974121
0.0008569727651774883,0.00047882547369226813,0.0007906998507678509
1.2484437320381403e-05,0.000995744951069355,0.0005233185365796089
-0.0006365240551531315,-0.0012970089446753263,0.0005829110741615295
0.0005664258496835828,0.0002497550449334085,-0.0017723883502185345
0.0008420284138992429,0.0003220729995518923,-0.0015071267262101173
0.0017970380140468478,0.0005519037367776036,-0.0007864753715693951
0.0004372906405478716,-0.0013101532822474837,-0.0005116024985909462
-0.0005446168943308294,-0.0016393200494349003,-0.00044901855289936066
0.0009531203540973365,-0.001224760664626956,-0.0003189542330801487
-0.0006386509630829096,-0.0006801442941650748,0.0002011614851653576
0.00017484015552327037,-0.0007236440433189273,-0.0003875032998621464
-0.0022105532698333263,-0.0007180513930507004,-0.003438686951994896
0.003969438374042511,0.00037116860039532185,-0.0013530119322240353
-0.0004926880355924368,0.0013669246109202504,-0.0006978739984333515
-0.0012006745673716068,0.0014182613231241703,0.0008270540274679661
-0.002037972444668412,0.0022377159912139177,-0.0008464762941002846
-0.0025759711861610413,-0.00035741186002269387,-0.003321430180221796
-0.0005021676188334823,0.0006668398855254054,0.000412588007748127
-0.0027593709528446198,-0.0004972611786797643,-0.0005788994021713734
-0.0008930278709158301,0.0007549571455456316,-0.002249766606837511
0.0007419518078677356,3.31354676745832e-05,0.000394242350012064
-0.0008703259518370032,-0.003849487053230405,-0.0008691614493727684
-0.0005245304200798273,-0.0012825155863538384,-0.000674157403409481
0.0016411521937698126,-0.0005842347745783627,-0.0005111717619001865
-0.00024406544980593026,-0.0012345444411039352,-0.0009064530022442341
-0.0002573812671471387,-0.00038739293813705444,-0.0013874201104044914
0.00027004684670828283,0.001737001584842801,0.0005018850788474083
-0.0012679286301136017,0.00032925454434007406,-0.0029740729369223118
-0.0004855148436035961,-0.0015603555366396904,-6.23110681772232e-05
-0.002146794693544507,0.0013057382311671972,0.0007326421327888966
0.0008539023692719638,0.0003471645759418607,-0.0012764772400259972
0.0006395179079845548,0.00034503405913710594,0.00020024552941322327
0.0005879322998225689,-0.00044709222856909037,-0.00017578108236193657
-0.0008725452935323119,0.0007004638900980353,-0.0019198856316506863
-0.002946557942777872,0.00027965224580839276,0.00019574863836169243
-0.0009366703452542424,0.000679126416798681,0.0005576722323894501
0.0021765646524727345,-0.000916989694815129,-9.174132719635963e-05
0.0003738709492608905,-0.0013252522330731153,0.0007535461336374283
0.0006942338077351451,0.001132262870669365,-0.0023399656638503075
-0.00017422300879843533,0.0005508948815986514,-0.0003782813437283039
-0.001074174651876092,-0.0005655908025801182,-0.0007795263081789017
0.0005162650486454368,-0.0005735802697017789,-0.0023369425907731056
0.001954846316948533,0.0003916492569260299,0.00020622648298740387
0.002865114714950323,-0.0011362063232809305,0.0003947783261537552
0.004946405068039894,0.00043701083632186055,-0.0005371971055865288
0.0013183808187022805,0.0016210521571338177,-0.0024376288056373596
6.524805212393403e-05,-0.0006577699678018689,0.0022109076380729675
0.0005206486093811691,0.0003502364852465689,0.0013224771246314049
-0.000570510164834559,0.0014439441729336977,0.0003425176255404949
-0.00011830541188828647,-0.00021813460625708103,0.0003861933946609497
-0.0011566331377252936,-0.0019377509597688913,-0.0013215774670243263
-0.0001393056008964777,-0.0010314772371202707,0.0007117455825209618
0.0012462667655199766,-0.0002445892314426601,-0.0005424902774393559
0.0009663685923442245,0.0005793928285129368,0.0018322505056858063
0.001272752066142857,0.001997508341446519,0.0016491771675646305
-0.0017581915017217398,0.0014283908531069756,0.000414801761507988
-0.0016487131360918283,5.053094355389476e-05,0.0005884245038032532
-0.0005850465968251228,-0.00037717274972237647,0.0005346285179257393
-9.95227019302547e-05,4.7765031922608614e-05,-0.0003813742659986019
0.0019010438118129969,0.001714903861284256,0.0002633770927786827
0.0007471058052033186,0.0014044756535440683,0.00040068337693810463
0.0015292761381715536,-0.0009532208787277341,0.0018627587705850601
0.00012047964264638722,-0.0006230349536053836,0.0005683661438524723
0.0009617722244001925,-0.0010757723357528448,0.00042215874418616295
3.027307684533298e-05,0.002660647965967655,-0.0007916516624391079
0.001944286865182221,-0.0010006660595536232,-0.0009168204851448536
0.0006448350613936782,-0.0004805711505468935,-0.0006914050318300724
-0.0010803607292473316,-0.0005024090642109513,-0.0003260192461311817
0.0008710918482393026,-0.0006661316729150712,-0.00024322140961885452
3.9919279515743256e-05,-0.0001966163399629295,0.00046438025310635567
-0.0004489308048505336,-0.0020722895860671997,0.0018076132982969284
-6.223985110409558e-05,-0.0001460251514799893,-0.0004459540359675884
0.0013630165485665202,-0.0010298227425664663,0.0025359224528074265
0.00018909518257714808,-0.0015893529634922743,0.001306341029703617
-0.002074739895761013,-0.001745601650327444,0.0006151339039206505
0.0002541942521929741,0.0006890603108331561,0.0013709384948015213
-0.003296021604910493,-0.000239402346778661,0.0005377354100346565
8.06004973128438e-05,3.863166784867644e-05,-0.0017818780615925789
0.00016232882626354694,-0.0020277260337024927,0.0006887936033308506
0.0011098815593868494,0.0010958956554532051,-0.0010957908816635609
0.0007810686365701258,0.00010475667659193277,-0.0008972175419330597
-0.0006533098639920354,0.000611556286457926,-0.001873532310128212
0.00026543898275122046,-0.0008397302590310574,-0.0009726709686219692
0.00015411883941851556,-0.00016408634837716818,-0.0011250036768615246
0.00032090023159980774,0.0007247698958963156,-7.460499182343483e-05
0.0003030570806004107,0.0005127822514623404,0.00025402940809726715
0.0018352122278884053,0.0007013342110440135,-0.0014668307267129421
-0.0008487214799970388,-0.0006797810783609748,0.002396616619080305
0.0009187418036162853,0.0014506889274343848,0.00041174888610839844
-0.0010232352651655674,-0.00044415006414055824,0.0005672778934240341
0.0007915313472039998,0.000719510018825531,0.0006077573634684086
-0.001856183516792953,-0.0005225882632657886,0.0005829897709190845
-7.274706149473786e-06,-0.0012958899606019258,-0.0005915490910410881
-0.00038171515916474164,0.0005936229135841131,-0.0017947657033801079
0.0024282876402139664,-0.00040146481478586793,0.0014481148682534695
-0.001463389489799738,-0.0020217320416122675,-0.00032075680792331696
0.0014739170437678695,-0.0015322950202971697,0.00017648795619606972
-0.0025365371257066727,-0.0008092467323876917,-0.0009255283512175083
-0.00039779453072696924,0.0003762949490919709,0.001735749188810587
0.00034016737481579185,-0.0011118794791400433,-0.00032393960282206535
-0.002527577104046941,-0.0011023166589438915,-0.0007641259580850601
0.00017473247135058045,-0.001386742340400815,0.00010140147060155869
-0.00192171148955822,0.00032901717349886894,8.684629574418068e-05
-0.0006585741648450494,0.000495731015689671,-5.909474566578865e-05
-0.0022023816127330065,-0.0018819161923602223,-5.790824070572853e-05
-0.0022503184154629707,-0.00017829204443842173,-0.0011498043313622475
-0.0008072324562817812,-0.001124940114095807,-0.0021628746762871742
0.0005816060584038496,-0.0007949745049700141,-0.0001750909723341465
4.613830242305994e-05,0.00041212013456970453,0.00014642765745520592
0.0006386916502378881,-0.0016470360569655895,-0.0015039332211017609
0.0019952834118157625,0.0002607457572594285,0.00013285549357533455
-0.002383219776675105,0.001705244416370988,-0.0008708899840712547
0.0013066960964351892,-0.00024522069725207984,0.00014785723760724068
0.0018814061768352985,0.00027835677610710263,0.0003728941082954407
0.0012367174495011568,0.0013476336607709527,8.284859359264374e-05
0.002675889525562525,-0.00044547265861183405,0.0007861889898777008
0.00012835586676374078,0.0011448985897004604,0.000853927806019783
0.0006561944028362632,-0.0016263867728412151,0.0005386094562709332
0.000731493579223752,-7.8169337939471e-05,-0.0008477666415274143
0.0026550949551165104,-0.0014813889283686876,0.0027219345793128014
2.1716667106375098e-05,-0.001156320096924901,0.0006333370693027973
0.0017461135284975171,-0.002069517970085144,0.0024112635292112827
0.001885804464109242,-0.003022299148142338,0.0006730272434651852
0.00011400337098166347,-0.0021029761992394924,0.0014551975764334202
0.0026120590046048164,-0.0024714013561606407,-0.0009562931954860687
0.001967307645827532,-0.007789201103150845,0.0026075486093759537
-0.0009751676698215306,-0.007253481540828943,-0.0016746195033192635
0.0036126598715782166,-0.007953094318509102,-0.0006322581321001053
0.0006370520568452775,-0.011721181683242321,0.00025590648874640465
0.00042772761662490666,-0.022317899391055107,-0.004399565048515797
0.001462769228965044,-0.018812494352459908,-0.001487545669078827
-0.0005609669606201351,-0.016383957117795944,-0.01197720505297184
0.0013469094410538673,-0.012564890086650848,-0.04082879424095154
0.0013913842849433422,-0.009405582211911678,-0.0343402698636055
0.002674603136256337,-0.004737555515021086,0.014020989648997784
0.0019225263968110085,-0.005113593768328428,0.09417654573917389
0.0030943602323532104,-0.005532586481422186,0.17900334298610687
0.0034482942428439856,-0.003590343054383993,0.27018386125564575
0.0005454511265270412,-0.0044033098965883255,0.3738894760608673
-0.0022759016137570143,-0.004620357882231474,0.47094517946243286
-0.0011931487824767828,-0.0015037732664495707,0.5681459307670593
0.0006465628393925726,-0.004785054363310337,0.6689109206199646
-0.0012644068337976933,-0.0017254069680348039,0.7905298471450806
0.0012296434724703431,0.00037236500065773726,0.8978185057640076
0.0006240715738385916,0.005650142207741737,0.9779565334320068
0.0007135538035072386,0.00647731963545084,1.0264707803726196
-0.0024669114500284195,0.004687371663749218,1.0342180728912354
-0.0030946184415370226,0.004823991563171148,1.023398995399475
-0.014275574125349522,0.004734092392027378,1.0206815004348755
-0.02079579047858715,0.0034999833442270756,1.0165534019470215
-0.02558877319097519,0.005887201055884361,1.047533631324768
-0.022069139406085014,0.006088802125304937,1.1181105375289917
-0.022236328572034836,0.007920010946691036,1.1792573928833008
-0.028553878888487816,0.008465159684419632,1.0636082887649536
-0.038630954921245575,0.007618027739226818,0.7796737551689148
-0.06310141086578369,0.0029087597504258156,0.4282262325286865
-0.11004598438739777,-0.0007707393961027265,0.152056485414505
-0.2089185118675232,0.0024479571729898453,-0.012983346357941628
-0.48582911491394043,0.026007993146777153,-0.09870725125074387
-0.9355068206787109,0.06165973097085953,-0.128463014960289
-1.330353021621704,0.1123342216014862,-0.12803861498832703
-1.6053968667984009,0.15630647540092468,-0.08958230912685394
-1.7778868675231934,0.147281214594841,-0.01382014062255621
-1.8993360996246338,0.1872134506702423,0.06636976450681686
-1.311275839805603,0.29086896777153015,0.17672328650951385
-0.5629801154136658,0.10544635355472565,0.2267816662788391
-0.21298012137413025,0.03683033585548401,0.30303502082824707
-0.17286652326583862,0.0379941388964653,0.40381675958633423
-0.3863752782344818,0.03430764004588127,0.38543328642845154
-0.7845764756202698,0.00442431028932333,0.10774975270032883
-0.989853024482727,-0.06360387057065964,-0.2604507505893707
-0.7355712056159973,-0.12091749906539917,-0.5106920003890991
-0.270817369222641,-0.1970548778772354,-0.45630842447280884
-0.06130223348736763,-0.22800907492637634,-0.3252212405204773
0.11668089032173157,-0.248673677444458,-0.24953463673591614
0.38980376720428467,-0.25089210271835327,-0.24083063006401062
0.5791684985160828,-0.3768572211265564,-0.2666972279548645
0.5935631394386292,-0.625840425491333,-0.20368389785289764
0.5850684642791748,-0.8751712441444397,-0.12660908699035645
0.4837290942668915,-1.2528623342514038,-0.06372280418872833
0.3211153447628021,-1.657028079032898,0.12205764651298523
0.11640988290309906,-1.813877820968628,0.3038194477558136
-0.23605294525623322,-1.6386135816574097,0.44212767481803894
-0.6296737790107727,-1.5068504810333252,0.5965036749839783
-1.0062350034713745,-1.4069722890853882,0.7154607176780701
-1.3263204097747803,-1.4040089845657349,0.7836073040962219
-1.5997395515441895,-1.497948408126831,0.8420957922935486
-1.8384900093078613,-1.643440842628479,0.9650656580924988
-2.0740694999694824,-1.803167462348938,1.1281949281692505
-2.337360143661499,-1.895432949066162,1.2762619256973267
-2.647472381591797,-1.8741322755813599,1.375664472579956
-2.9893805980682373,-1.7734922170639038,1.446640133857727
-3.3137640953063965,-1.6271568536758423,1.4971269369125366
-3.591073751449585,-1.480943202972412,1.5695850849151611
-3.819462776184082,-1.3417763710021973,1.6346362829208374
-3.96997332572937,-1.3241713047027588,1.6704773902893066
-4.03985595703125,-1.4556576013565063,1.7238811254501343
-4.069879531860352,-1.571966290473938,1.829940676689148
-4.106350898742676,-1.620031476020813,1.9623106718063354
-4.155910491943359,-1.6661936044692993,2.075535774230957
-4.249556064605713,-1.6564439535140991,2.159381151199341
-4.327091217041016,-1.6032123565673828,2.272923469543457
-4.409779071807861,-1.5126922130584717,2.292414665222168
-4.456249713897705,-1.4336203336715698,2.262608051300049
-4.425261497497559,-1.3639447689056396,2.171891212463379
-4.338849067687988,-1.298299789428711,2.0340170860290527
-4.202632904052734,-1.1955056190490723,1.8746451139450073
-3.996748924255371,-1.0772625207901,1.7533085346221924
-3.7897982597351074,-1.0114067792892456,1.5994130373001099
-3.526900053024292,-0.9906519651412964,1.5899721384048462
-3.147599220275879,-0.9733325839042664,1.6576637029647827
-2.698188066482544,-0.7913526296615601,1.6853036880493164
-2.3852860927581787,-0.6150819659233093,1.6573530435562134
-2.195491075515747,-0.6014050245285034,1.593645691871643
-2.0580291748046875,-0.6357269287109375,1.494476556777954
-1.938950777053833,-0.6715257167816162,1.3914133310317993
-1.8461699485778809,-0.7182843685150146,1.27717125415802
-1.7816787958145142,-0.7326228618621826,1.135141134262085
-1.7042851448059082,-0.7370757460594177,0.9872063994407654
-1.5276802778244019,-0.731673538684845,0.8372246026992798
-1.2787857055664062,-0.6411358118057251,0.7441937327384949
-1.0410137176513672,-0.48212966322898865,0.7052618265151978
-0.8635334372520447,-0.37747251987457275,0.656628429889679
-0.724301815032959,-0.35134822130203247,0.5881620645523071
-0.5784710645675659,-0.33510640263557434,0.5182458758354187
-0.3928244709968567,-0.37405967712402344,0.4878772795200348
-0.2183598428964615,-0.3918585777282715,0.47850948572158813
-0.06362034380435944,-0.4052351117134094,0.4789947271347046
0.04939483851194382,-0.3983948826789856,0.4484998881816864
0.09772136062383652,-0.3388303518295288,0.3778347671031952
0.13867413997650146,-0.21987590193748474,0.26398786902427673
0.17799465358257294,-0.04190164431929588,0.1485331654548645
0.23018622398376465,0.07761269807815552,0.08380210399627686
0.2635710835456848,0.12444198876619339,0.042539890855550766
0.2705834209918976,0.09994450956583023,0.024357689544558525
0.20670723915100098,0.08122568577528,0.06578821688890457
0.11304698884487152,0.03701932728290558,0.08078226447105408
0.005146087147295475,0.008451596833765507,0.040870532393455505
-0.1007913276553154,0.04261932894587517,0.08046075701713562
-0.1311715990304947,0.2758390009403229,0.1284748911857605
-0.18993422389030457,1.2751452922821045,0.20568528771400452
0.5292393565177917,1.7364537715911865,0.5339068174362183
1.5642023086547852,1.92350172996521,0.7594090700149536
2.701857805252075,2.416956901550293,0.886913001537323
3.6035404205322266,2.296332359313965,1.0830318927764893
4.162059307098389,2.220311164855957,1.1659106016159058
4.34991979598999,2.1179540157318115,1.034544825553894
4.1239542961120605,1.718324899673462,0.7922418713569641
3.657740831375122,1.5058677196502686,0.7327647805213928
2.9692492485046387,1.198217749595642,0.7073662281036377
2.1210689544677734,0.7815138697624207,0.6903888583183289
1.2352551221847534,0.3719383478164673,0.5804716944694519
0.4568347632884979,0.07208588719367981,0.2975974678993225
-0.13098692893981934,-0.15146251022815704,0.012405128218233585
-0.4198695719242096,-0.26330018043518066,-0.12562917172908783
-0.41109499335289,-0.19307181239128113,-0.1454119235277176
-0.21043074131011963,0.007987218908965588,-0.13638019561767578
0.04837925359606743,0.25948816537857056,-0.1778661161661148
0.27148088812828064,0.4484776258468628,-0.27218371629714966
0.4125402569770813,0.5417526960372925,-0.3838982582092285
0.4668479561805725,0.5828839540481567,-0.46995702385902405
0.4578494131565094,0.5690291523933411,-0.5041189789772034
0.4009687900543213,0.49519792199134827,-0.4907533824443817
0.29815399646759033,0.3878919780254364,-0.4333217740058899
0.17349117994308472,0.26323434710502625,-0.3677140176296234
0.05917764827609062,0.15314459800720215,-0.30630365014076233
-0.01566583476960659,0.11306638270616531,-0.24441619217395782
-0.03186504542827606,0.11698096245527267,-0.20364612340927124
-0.013542444445192814,0.1387287974357605,-0.19424723088741302
0.03640567511320114,0.16233797371387482,-0.18217086791992188
0.09339507669210434,0.22498048841953278,-0.17143471539020538
0.14918377995491028,0.26089054346084595,-0.14685054123401642
0.19611454010009766,0.24232850968837738,-0.10571456700563431
0.22003957629203796,0.19551412761211395,-0.07482482492923737
0.198438823223114,0.16152210533618927,-0.06704823672771454
0.14226211607456207,0.15947945415973663,-0.04006029665470123
0.08096787333488464,0.13025808334350586,-0.013657689094543457
0.028791487216949463,0.08216486871242523,0.0016221972182393074
-0.015478909015655518,0.00874521117657423,0.040269844233989716
-0.0548686608672142,-0.046378761529922485,0.07392261177301407
-0.07338640838861465,-0.04849180579185486,0.07057957351207733
-0.09786245226860046,-0.04818873852491379,0.04126296192407608
-0.1374281793832779,-0.06001802533864975,-0.007721592206507921
-0.18002411723136902,-0.06111631169915199,-0.07116714864969254
-0.22113214433193207,-0.03655760735273361,-0.13503001630306244
-0.25359395146369934,-0.004358127247542143,-0.19229543209075928
-0.2631857693195343,0.019357241690158844,-0.24070468544960022
-0.2679387331008911,0.001990501768887043,-0.26902875304222107
-0.2794392704963684,-0.039129313081502914,-0.2587699294090271
-0.28097376227378845,-0.10510247200727463,-0.20714187622070312
-0.28250664472579956,-0.17214682698249817,-0.1383819580078125
-0.2945566475391388,-0.21870820224285126,-0.08029468357563019
-0.32054024934768677,-0.21442562341690063,-0.05001392215490341
-0.3309183120727539,-0.2039487510919571,-0.05030367150902748
-0.31422847509384155,-0.17438514530658722,-0.08548450469970703
-0.2818950116634369,-0.13527929782867432,-0.14681658148765564
-0.25246548652648926,-0.10250019282102585,-0.21303923428058624
-0.218098446726799,-0.05803046375513077,-0.2764397859573364
-0.18806032836437225,-0.037699270993471146,-0.3051925599575043
-0.15018698573112488,-0.022713663056492805,-0.31194472312927246
-0.12145227193832397,-0.030700484290719032,-0.2891901433467865
-0.11713875085115433,-0.06349677592515945,-0.24419069290161133
-0.1158190667629242,-0.05072644725441933,-0.202604278922081
-0.10169019550085068,0.001073900144547224,-0.17424534261226654
-0.08800379931926727,0.004931815434247255,-0.15886305272579193
-0.07184506952762604,0.02690848521888256,-0.1680554896593094
-0.06782647222280502,0.04090369865298271,-0.20314247906208038
-0.06980999559164047,0.04473518580198288,-0.31189480423927307
0.08078637719154358,0.13213026523590088,-0.4823227822780609
0.22901737689971924,0.21896928548812866,-0.5900859832763672
0.3561955988407135,0.45373520255088806,-0.5456175804138184
0.16623100638389587,0.46684807538986206,-0.4578365981578827
-0.15116950869560242,0.35342922806739807,-0.3549724519252777
-0.37359192967414856,0.1401374489068985,-0.3532046377658844
-0.600200891494751,-0.023777803406119347,-0.3660706579685211
-0.6763595938682556,0.15254077315330505,-0.38064855337142944
-0.5752955675125122,0.45800265669822693,-0.33313295245170593
-0.267345130443573,0.7171612977981567,-0.16018886864185333
0.11036299169063568,0.957429826259613,-8.361553773283958e-05
0.4179637134075165,1.1765247583389282,0.11254838854074478
0.5536689758300781,1.249592900276184,0.159098282456398
0.4894530177116394,1.069026231765747,0.10264165699481964
0.3360747992992401,0.7978156805038452,-0.03584176301956177
0.1051105484366417,0.667975127696991,-0.21069292724132538
-0.1501639038324356,0.46140432357788086,-0.3211023509502411
-0.32717329263687134,0.22598329186439514,-0.30261683464050293
-0.375279039144516,-0.026803158223628998,-0.2344212532043457
-0.3066791892051697,-0.26391398906707764,-0.14945068955421448
-0.14511534571647644,-0.30102282762527466,-0.09367053210735321
0.07432565838098526,-0.19453953206539154,-0.04046829417347908
0.27640002965927124,-0.03880980983376503,-0.025635195896029472
0.399740070104599,0.0507752001285553,-0.08906583487987518
0.4299810528755188,0.10996243357658386,-0.1937589943408966
0.37978604435920715,0.14154300093650818,-0.2625902593135834
0.2804977297782898,0.17277084290981293,-0.2946723699569702
0.17597582936286926,0.11524923145771027,-0.3230654001235962
0.11071166396141052,-0.059455547481775284,-0.3335912227630615
0.11543823778629303,-0.15790888667106628,-0.3036447763442993
0.15215151011943817,-0.10996532440185547,-0.23090052604675293
0.20389673113822937,0.022473139688372612,-0.14119088649749756
0.24749211966991425,0.13865843415260315,-0.07939092814922333
0.27518394589424133,0.20321506261825562,-0.07837013900279999
0.24999333918094635,0.24784597754478455,-0.07825006544589996
0.1907784789800644,0.25781896710395813,-0.08029776811599731
0.10911207646131516,0.18436439335346222,-0.08194389939308167
0.02020963467657566,0.061095450073480606,-0.10203398764133453
-0.016761841252446175,-0.03043346293270588,-0.09878294169902802
0.036904312670230865,-0.004770977422595024,-0.07171910256147385
0.17375211417675018,0.13979488611221313,-0.03955669328570366
0.3792043626308441,0.34671634435653687,-0.04095432162284851
0.5288439393043518,0.47733449935913086,-0.04412425309419632
0.5558667182922363,0.5053738355636597,-0.05162637680768967
0.4612294137477875,0.4664671719074249,-0.05869472771883011
0.3189244568347931,0.3527315557003021,-0.05898767709732056
0.18154890835285187,0.19160521030426025,-0.06926067173480988
0.08442555367946625,0.02514219842851162,-0.07418938726186752
0.04568522796034813,-0.044712115079164505,-0.05646057426929474
0.05900263413786888,-0.052960459142923355,-0.03446047008037567
0.1114567294716835,-0.023527923971414566,-0.03550475463271141
0.19277848303318024,0.019304227083921432,-0.055452097207307816
0.3015780746936798,0.06879974156618118,-0.08667085319757462
0.4434153735637665,0.11705169081687927,-0.12123122811317444
0.5840502381324768,0.1240440160036087,-0.15087084472179413
0.6933298707008362,0.05221908912062645,-0.16863439977169037
0.7564734220504761,-0.08618690818548203,-0.18166527152061462
0.8029338717460632,-0.2656525671482086,-0.18477876484394073
0.8371002674102783,-0.4350764751434326,-0.1789449155330658
0.9037954211235046,-0.5427421927452087,-0.17152348160743713
1.0410624742507935,-0.5910810232162476,-0.1981261521577835
1.2675155401229858,-0.5890050530433655,-0.2896142899990082
1.5608493089675903,-0.5310565233230591,-0.41642263531684875
1.8751698732376099,-0.43550360202789307,-0.5789106488227844
2.15787672996521,-0.30222827196121216,-0.7934321165084839
2.407109498977661,-0.14266842603683472,-1.0427709817886353
2.6421284675598145,0.05267374962568283,-1.3044012784957886
2.8745059967041016,0.288325697183609,-1.5719094276428223
3.108844518661499,0.525171160697937,-1.8321516513824463
3.334108591079712,0.7016234397888184,-2.094493865966797
3.494187593460083,0.8494933247566223,-2.3851542472839355
3.57547664642334,1.0183662176132202,-2.668715000152588
3.5957093238830566,1.1848496198654175,-2.830603837966919
3.513782262802124,1.2014880180358887,-2.7172553539276123
3.3046817779541016,1.1159937381744385,-2.4063079357147217
2.9618003368377686,0.8930789828300476,-2.0394091606140137
2.502877950668335,0.5041978359222412,-1.6794567108154297
2.021108388900757,0.03360958769917488,-1.4026154279708862
1.6377071142196655,-0.36880630254745483,-1.276757836341858
1.3915005922317505,-0.6685272455215454,-1.2742854356765747
1.3325507640838623,-0.7492648959159851,-1.2961021661758423
1.4537723064422607,-0.6306146383285522,-1.3104126453399658
1.7273122072219849,-0.3957765996456146,-1.2837979793548584
2.087900400161743,-0.08665014803409576,-1.2034441232681274
2.4914026260375977,0.30780890583992004,-1.0808172225952148
2.862602472305298,0.6948139071464539,-0.9318041205406189
3.1370153427124023,0.9507223963737488,-0.7423146367073059
3.2654194831848145,1.0080448389053345,-0.5801251530647278
3.2257792949676514,0.9688284397125244,-0.5076669454574585
3.051607370376587,0.9567352533340454,-0.5124624967575073
2.766617774963379,0.9270258545875549,-0.5552048087120056
2.4034321308135986,0.8666653037071228,-0.6103130578994751
2.0660688877105713,0.786216139793396,-0.6596619486808777
1.8025234937667847,0.6893129944801331,-0.7125011682510376
1.6399731636047363,0.6249279379844666,-0.714477002620697
1.5507670640945435,0.5766863822937012,-0.6273988485336304
1.5047963857650757,0.4994949400424957,-0.4861726462841034
1.4371122121810913,0.4551386833190918,-0.3896538317203522
1.336071491241455,0.39693236351013184,-0.32838502526283264
1.2190409898757935,0.3400498926639557,-0.2807197570800781
1.0840200185775757,0.31265318393707275,-0.2258419394493103
0.9208446145057678,0.30018508434295654,-0.2122259885072708
0.7412294149398804,0.2643517255783081,-0.22403699159622192
0.5899491310119629,0.2698655426502228,-0.2497146725654602
0.5297268629074097,0.3733682632446289,-0.2756396532058716
0.5597636103630066,0.5001877546310425,-0.27992603182792664
0.6410517692565918,0.5776433944702148,-0.26587387919425964
0.7075071930885315,0.5464588403701782,-0.24844348430633545
0.7434951066970825,0.4251974821090698,-0.19723348319530487
0.7368638515472412,0.2605840563774109,-0.10546495765447617
0.6886389255523682,0.11254560202360153,-0.01524226926267147
0.623507022857666,0.02704561874270439,0.05938456207513809
-0.388275682926178,0.5998972654342651,0.09911581128835678
-0.07306447625160217,-0.05642436817288399,0.08024624735116959
-0.03962434455752373,0.04631436616182327,0.011135512962937355
-0.05150337517261505,0.040975525975227356,-0.005044522229582071
0.02984628826379776,0.08898254483938217,-0.01202499307692051
0.09131497889757156,0.17566736042499542,-0.014698539860546589
0.10850481688976288,0.2281579077243805,0.03355574607849121
0.076666459441185,0.2757089138031006,0.11040365695953369
0.038877006620168686,0.16698136925697327,0.15707927942276
-0.05465986952185631,0.07559048384428024,0.17216262221336365
-0.2385987788438797,-0.14391008019447327,0.1395394653081894
-0.4286632537841797,-0.41066986322402954,0.03574675694108009
-0.4896817207336426,-0.4025665521621704,-0.02213876321911812
-0.40604540705680847,0.009132587350904942,-0.10997594147920609
-0.23478999733924866,0.6512613892555237,-0.162852942943573
-0.160533607006073,0.9244407415390015,-0.12005195021629333
-0.14733123779296875,0.8733074069023132,-0.05135438218712807
-0.15636920928955078,0.8101500272750854,-0.014101285487413406
-0.15279871225357056,0.80533766746521,0.05298028141260147
-0.14951983094215393,0.7126200199127197,0.23199264705181122
-0.23951807618141174,0.19972629845142365,0.2863864600658417
-0.2814050614833832,0.039414387196302414,0.3315967917442322
-0.24297472834587097,0.06012609601020813,0.4803272783756256
-0.28139668703079224,0.0623738057911396,0.5859330892562866
-0.24467383325099945,0.055582448840141296,0.7605887651443481
-0.3604387938976288,0.1570930927991867,0.372704416513443
-0.03791811317205429,-0.0007344613550230861,0.16749177873134613
0.019817089661955833,0.0014581190189346671,-0.07877206802368164
0.028260670602321625,0.005530452821403742,-0.1961660385131836
0.010772491805255413,0.0031972574070096016,-0.14871196448802948
-0.0007648559985682368,0.0004851913545280695,-0.11003062129020691
-0.0058397757820785046,-0.0035692050587385893,-0.11848482489585876
0.007101914845407009,0.002815475920215249,-0.16480378806591034
-0.005593906622380018,0.002987516112625599,-0.19691646099090576
0.004386881832033396,0.003316169138997793,-0.2325257956981659
-0.0004323746543377638,0.0023406532127410173,-0.23778286576271057
0.001444763969630003,0.0026882558595389128,-0.2423660308122635
-0.0012729918817058206,0.0035921328235417604,-0.2528966963291168
0.0012362096458673477,0.004307508934289217,-0.2502855062484741
-0.0011952563654631376,0.0010334185790270567,-0.23363915085792542
-0.006059844978153706,0.0008592288359068334,-0.21289610862731934
-0.0036022800486534834,-0.0036513670347630978,-0.21302154660224915
0.0025462473277002573,-0.0021584308706223965,-0.2340521663427353
-0.0058927773497998714,-0.006726817227900028,-0.25027456879615784
-0.011351286433637142,-0.011016483418643475,-0.2333396077156067
-0.01648932322859764,-0.015485533513128757,-0.18019409477710724
-0.016797898337244987,-0.016773227602243423,-0.12103348225355148
-0.02830914594233036,-0.026905223727226257,-0.07525667548179626
-0.01936185732483864,-0.0005619261646643281,-0.22970150411128998
-0.021557634696364403,-0.00548770884051919,-0.3999558091163635
-0.001463768188841641,-0.0007454694132320583,-0.3792850971221924
0.0035866503603756428,0.0025768240448087454,-0.19324012100696564
-0.0018780563259497285,-0.006251105573028326,0.03667519986629486
-0.007533278316259384,-0.010724949650466442,0.14904089272022247
-0.0052701253443956375,-0.008328806608915329,0.1156027615070343
-0.00038588824099861085,-0.004526078701019287,0.06246737763285637
-0.00929239671677351,-0.005608667619526386,0.016899529844522476
-0.0053836749866604805,-0.0032847935799509287,-0.043882861733436584
-0.00283386604860425,0.0033848409075289965,-0.09463009238243103
-0.0020831208676099777,0.0044317301362752914,-0.14533135294914246
-0.0015356393996626139,0.004587604198604822,-0.16722287237644196
-0.0011196538107469678,0.0071375807747244835,-0.16201239824295044
-0.0007435554871335626,0.0016059472691267729,-0.13315458595752716
2.476648660376668e-05,0.002760693896561861,-0.0639512836933136
-0.002771990606561303,0.0005305777303874493,0.017405718564987183
-0.0008880705572664738,0.0013905123341828585,0.13102921843528748
-0.0026858258061110973,0.00016525195678696036,0.2846018671989441
-0.0035697289276868105,0.0013588807778432965,0.36360666155815125
-0.0068509564734995365,0.0005435377825051546,0.34517472982406616
-0.0030279888305813074,0.0004111786838620901,0.258292555809021
-0.0026978771202266216,0.003411192214116454,0.14857953786849976
-0.001098382519558072,0.0028181064408272505,0.030201220884919167
-0.0013252169592306018,0.004660667851567268,-0.06257179379463196
-0.00146822864189744,0.0038033961318433285,-0.12332196533679962
-0.00010166945867240429,0.0050274976529181,-0.16536065936088562
0.0005942145362496376,0.006262938026338816,-0.18494021892547607
0.00042377220233902335,0.0055212476290762424,-0.176090270280838
-0.0021784023847430944,0.0030695414170622826,-0.17045395076274872
-0.002017428632825613,0.006659519858658314,-0.15737399458885193
-0.0006120787002146244,0.0027768975123763084,-0.14066611230373383
0.001460481435060501,0.0020948059391230345,-0.12380023300647736
-0.0004303630266804248,0.003484975779429078,-0.11723634600639343
-0.000655551441013813,0.005211106035858393,-0.10641792416572571
-0.0020680921152234077,0.004222540650516748,-0.076880544424057
-0.0006306316936388612,0.006212221924215555,-0.04559064656496048
0.0006894972175359726,0.0003322287229821086,-0.024363921955227852
-0.0005383798852562904,0.0009203191730193794,-0.0013503734953701496
0.0003063747426494956,0.0021794617641717196,0.012224556878209114
0.00013119893264956772,0.0025824166368693113,0.014608146622776985
0.001433751080185175,-0.0012815637746825814,0.021662060171365738
0.001320566632784903,0.0016993123572319746,0.013753803446888924
-0.002207589102908969,0.0015501754824072123,0.010687174275517464
0.0001453528821002692,-0.0011396220652386546,0.005899912677705288
0.0014068923192098737,-0.000554791884496808,0.0029328856617212296
-0.0005270347464829683,-0.0008925590664148331,0.00017364555969834328
0.0003046704805456102,0.0004041340434923768,0.00032118475064635277
-0.00215248204767704,-0.0005548106273636222,-0.000820899847894907
-0.000762578216381371,0.0013552084565162659,-0.0008786902762949467
0.0013421382755041122,0.0013158172369003296,0.0009389389306306839
0.0006433248054236174,0.002277218271046877,0.0026878369972109795
-0.0001978103828150779,0.00021059339633211493,0.000624051783233881
-0.002046576701104641,0.0009866384789347649,0.0003798399120569229
0.0004459358751773834,0.001220793928951025,0.0023500975221395493
0.001768461661413312,0.00036512024234980345,0.001974857412278652
0.00010265441960655153,0.0006652584997937083,0.0022654086351394653
0.0007388836238533258,-0.00016218566452153027,0.0031996453180909157
-0.0005654499400407076,-0.0038687316700816154,0.006010696291923523
0.00028037000447511673,-0.0018702954985201359,0.006948394700884819
-0.00042178144212812185,-0.0015121607575565577,0.007074752822518349
-0.0006100668688304722,-0.0017915263306349516,0.006694186478853226
-0.0008692239644005895,-0.0013588564470410347,0.00823213066905737
0.0003065615601371974,0.0007833903655409813,0.004819023422896862
-0.00023545819567516446,0.00024417979875579476,0.0017736339941620827
0.0002862550609279424,-0.0009100342285819352,0.0035667400807142258
-0.0008020297973416746,2.017739461734891e-05,0.0011300528421998024
-0.001008424675092101,-0.00016890704864636064,0.001944979652762413
0.0015517933061346412,-0.0011496669612824917,-7.598195225000381e-05
0.0002377896016696468,0.0013635581126436591,0.002757089212536812
-0.0014158478006720543,0.000620280101429671,-0.0005314592272043228
0.000388177577406168,-0.0010774850379675627,0.0018600597977638245
0.001562511664815247,0.00023062259424477816,-0.00028603570535779
-0.001022885087877512,-0.0021747443825006485,0.00267753005027771
0.0013422814663499594,-0.004285132512450218,0.0015323776751756668
0.0008144429884850979,-0.0009924003388732672,0.005454681813716888
0.0006322971312329173,-0.0020349579863250256,0.0030080461874604225
-0.0007365675992332399,0.0006452472880482674,0.005868281237781048
0.0004994691698811948,-8.499057730659842e-05,0.003374045714735985
-0.0007183944107964635,0.0005925176665186882,0.0009404495358467102
-0.0032447436824440956,-0.00045177864376455545,0.00041491584852337837
3.733605262823403e-05,-0.00045151234371587634,0.0011278437450528145
0.00290296645835042,-0.0005775598110631108,-0.0007410962134599686
-0.00011679175077006221,-0.0001272192457690835,-0.00024122092872858047
5.9308193158358335e-05,0.0003842950100079179,-0.00032078707590699196
-8.077410166151822e-05,-0.001436774618923664,0.000722639262676239
0.0008416750351898372,-0.000442705349996686,0.001120181754231453
6.296674837358296e-05,0.001470776041969657,-0.001582127995789051
0.002482871524989605,-0.001015805988572538,-0.0019665369763970375
0.0013949703425168991,0.00026783760404214263,-0.0007076608017086983
-0.0016365740448236465,0.00033502618316560984,-0.00011251028627157211
0.0016713382210582495,0.0007281088037416339,-0.0001244945451617241
-0.001491044764406979,-0.001918506226502359,0.0006990749388933182
0.00019766564946621656,0.001311908126808703,-9.614508599042892e-05
-0.0001254549715667963,0.000813852297142148,-0.0011598924174904823
0.001478833146393299,2.4757697246968746e-05,0.0021227197721600533
-0.0017705360660329461,0.0012484840117394924,0.001157284714281559
-0.00011591415386646986,-0.00022051561973057687,-0.002316009718924761
-0.0012381767155602574,0.0010669463081285357,0.0004912619479000568
-4.7477398766204715e-05,-0.0003727585426531732,-0.0007825279608368874
0.0018993341363966465,0.0006765338475815952,-0.0012620664201676846
-0.00025676112272776663,0.0015196905005723238,-0.00019307341426610947
0.0019552158191800117,-0.00046059570740908384,8.335895836353302e-05
-0.0010448350803926587,-0.0009732542093843222,0.00024953996762633324
0.003004585625603795,0.002901010448113084,-0.0009170444682240486
0.0021300034131854773,-0.0028029477689415216,-0.0012219767086207867
-0.0008445794810540974,0.000709529675077647,-0.000963923055678606
-0.0019876081496477127,-0.00048622966278344393,-0.0018813819624483585
0.001223516883328557,-0.0011028966400772333,-0.00036370614543557167
0.0016679984983056784,-0.0019468525424599648,7.89114274084568e-05
-0.0011665115598589182,-0.0005532045615836978,-0.0009581497870385647
0.00048651258111931384,-0.000848282827064395,-0.0005163312889635563
2.4286156985908747e-05,-0.0010989164002239704,-0.000579263549298048
0.0008586545009166002,0.0002310661948285997,0.0011270232498645782
0.0013462742790579796,4.5873457565903664e-07,-0.0006827190518379211
0.00014172657392919064,-0.0009936993010342121,0.0026126764714717865
0.0006692258757539093,-0.0009613485308364034,-5.38872554898262e-05
0.0010287526529282331,-0.0004494889872148633,-0.0001801210455596447
-0.00035539199598133564,-0.0009138482855632901,0.00078583974391222
-0.001463799737393856,-0.0024859122931957245,-0.00046930788084864616
0.0018381911795586348,-0.00185491144657135,-5.965307354927063e-05
0.0005023495177738369,-0.0005084172007627785,-0.0003629871644079685
0.0008067811140790582,-0.000858727958984673,-0.0009732102043926716
0.0013695070520043373,0.001599103445187211,0.002462533302605152
-0.0007952966261655092,0.0005484791472554207,-0.0008334103040397167
0.0020252573303878307,0.000932773225940764,0.001013757660984993
0.0022218399681150913,-0.0011412149760872126,-0.0013458277098834515
-0.0005449179443530738,-0.0009361514821648598,-0.0005514067597687244
0.0004232872452121228,-0.0009730003075674176,0.00016510626301169395
0.0005457926308736205,0.003083260264247656,-0.0033952738158404827
0.0029263989999890327,8.987030014395714e-05,0.0005778474733233452
-0.0002081416896544397,-9.468678035773337e-05,-0.0016637356020510197
0.0006807739264331758,0.0016234074719250202,-0.0008747330866754055
0.0018485700711607933,-0.0006722371908836067,-0.0011279997415840626
-6.0401769587770104e-05,0.0001946649281308055,-0.0001871124841272831
-0.00013603558181785047,0.0014852327294647694,-0.0010382584296166897
0.000125894759548828,-0.00034651614259928465,-0.0017148396000266075
0.0016132701421156526,-0.0011574486270546913,-0.0006509069353342056
0.001388685079291463,0.00013524165842682123,0.0004139472730457783
-0.0021434654481709003,-0.000546527560800314,-0.0007517179474234581
0.0016911874990910292,-0.0015334482304751873,-0.0036195903085172176
0.0005372397718019783,-0.00023755407892167568,-0.0017497851513326168
0.0018759926315397024,-0.000630200665909797,0.0003262297250330448
-0.0016910453559830785,-0.0007356618298217654,-0.00013902457430958748
0.0006884390022605658,0.0014191698282957077,0.0001869737170636654
0.001343842945061624,0.00045883405255153775,0.0006756642833352089
0.0008488340536132455,-0.0009337500086985528,-0.0016366797499358654
-0.0015019382117316127,-0.0029681387823075056,0.002914662007242441
-0.0005138447741046548,-0.00039548490894958377,0.0011613881215453148
0.0014824607642367482,0.0014498193049803376,-0.0009267968125641346
-0.0014903392875567079,3.057497087866068e-05,0.0003568609245121479
-0.0005840655649080873,0.0011499016545712948,0.0029252134263515472
1.101550878956914e-06,1.1461263056844473e-05,-0.0015830239281058311
0.0005047052982263267,2.3179163690656424e-05,-0.001900739036500454
0.0018135240534320474,-0.0001009613333735615,0.00028267595916986465
-0.00198094779625535,-0.001597391557879746,0.0021847058087587357
-0.0019413853297010064,0.0023685437627136707,-0.0004677148535847664
0.002439514733850956,-0.0006626663380302489,0.00040447013452649117
-0.0007124235853552818,-0.0006606377428397536,-0.0011834348551928997
0.0006362011190503836,0.0009737442014738917,-0.0022108820267021656
0.00036484719021245837,-0.0010070890421047807,5.429144948720932e-05
-0.0011552851647138596,0.0026148101314902306,1.560896635055542e-06
0.0014998094411566854,-0.001089397817850113,0.0017211847007274628
0.0008729012915864587,0.00031169119756668806,0.00010411301627755165
0.0016246006125584245,-0.0019034893484786153,-0.0011730366386473179
0.0019625558052212,-0.000917587080039084,-0.0007671709172427654
-1.2563599739223719e-05,0.0007775392732582986,-0.00035342248156666756
-0.0004008524992968887,-0.0020981421694159508,-0.00025648344308137894
0.0026737030129879713,0.0005061001284047961,-0.0009380555711686611
0.00012505782069638371,-0.0004803347692359239,0.0013890150003135204
-0.001530238427221775,0.0007447432726621628,0.0008822930976748466
0.001596312504261732,-0.0008318481268361211,0.0012364927679300308
0.0017026334535330534,0.0007557258359156549,-0.0004873061552643776
-9.579915786162019e-05,0.0005583856836892664,-0.0005996916443109512
-0.0011041637044399977,-0.0011246136855334044,0.00010074209421873093
-0.0008623487083241343,-0.0017286185175180435,-0.0005882177501916885
-0.0002697744348552078,-0.0012519665760919452,-0.0010235365480184555
0.0006077371072024107,-0.0010596862994134426,-0.0005540214478969574
-0.0008146374020725489,0.0004904647939838469,0.0006401357240974903
-0.0008993259398266673,-0.00021314233890734613,0.00037062400951981544
0.000590958574321121,-0.0028707641176879406,0.0011052852496504784
-3.725290298461914e-06,-3.9024860598146915e-05,0.0005678595043718815
-0.0010634162463247776,0.0006011780933476985,0.00010556168854236603
0.0021829770412296057,0.00023366184905171394,0.0009838724508881569
-0.0012265676632523537,-0.0015002433210611343,-0.00029089953750371933
-0.0010436084121465683,-0.001454969635233283,-0.000616870354861021
-0.000239842280279845,-0.0012050082441419363,0.0005095787346363068
0.0006981230108067393,0.0019463102798908949,-0.0012057633139193058
0.0023759515024721622,0.0004137601354159415,0.000951841939240694
0.001431328128091991,-0.0016472601564601064,0.0013787462376058102
0.0008656769641675055,-0.0006502383621409535,0.0011418582871556282
-0.0006121110636740923,0.0012062512105330825,0.0008664876222610474
-0.0003565823717508465,-0.0007975436164997518,0.0020708409138023853
5.514235817827284e-05,0.0013455020962283015,0.0006519085727632046
0.0016490856651216745,-0.0007022342178970575,0.000733125489205122
-0.0005019494565203786,0.0017294981516897678,-0.0017481413669884205
-0.0023069046437740326,-0.0007736207917332649,0.0006539938040077686
-0.001666148193180561,-0.0006820080452598631,-4.535261541604996e-05
0.0019528513075783849,0.0004622651031240821,-1.96811743080616e-05
-0.0010432049166411161,-0.00206693890504539,0.0003864509053528309
-0.0005652090767398477,0.0009165147203020751,0.0003926982171833515
0.0005780858919024467,0.00044513517059385777,0.0018664919771254063
0.0016094439197331667,-0.0001224350417032838,-0.0017509660683572292
0.0011172917438670993,-0.001970935147255659,-0.0003283056430518627
0.000759557296987623,-0.0019247226882725954,-0.00015008728951215744
0.0038019525818526745,7.531139999628067e-05,0.000894671306014061
-2.8741895221173763e-05,0.0008944852743297815,0.0007888018153607845
-0.0007936017354950309,-8.236218127422035e-05,-4.982762038707733e-05
0.0003697600041050464,0.00013641122495755553,0.0018660826608538628
-0.0020326776430010796,-0.0004390978720039129,-0.0008021383546292782
0.00015383705613203347,0.0013018982717767358,-0.0002499110996723175
0.0019496065797284245,-9.599493932910264e-05,-0.0002927882596850395
-0.0006224021781235933,-0.00036636850563809276,-0.001016405876725912
-0.0005563557497225702,-0.0008553249062970281,3.394484519958496e-05
-0.0008556648390367627,0.0001657141838222742,-0.0001680627465248108
0.0008375730249099433,0.001307411352172494,0.00036084093153476715
-0.0007236735546030104,0.000716832815669477,0.0026033353060483932
-8.611282100901008e-05,0.002117655472829938,0.0021849526092410088
0.001618284615688026,-0.0005352910375222564,0.0013180626556277275
0.0011740693589672446,-0.0003888171922881156,0.00023096054792404175
-0.0014625509502366185,0.001781064085662365,-0.0014095376245677471
0.0006589231779798865,0.0015815934166312218,-0.0030740131624042988
-0.0004177041118964553,0.0004442639765329659,0.0007485724054276943
0.00010001441114582121,-0.0010897167958319187,0.00240745535120368
-0.0005130588542670012,-0.0008704324718564749,0.0003690863959491253
-0.00031545228557661176,-0.0007402038900181651,-0.000138778705149889
-0.001255203504115343,-2.5962013751268387e-05,0.0003574611619114876
0.0002169920044252649,0.0005703197093680501,0.0013785171322524548
0.0016514903400093317,0.000530458812136203,0.0014368309639394283
-0.0014172701630741358,-0.000359303317964077,-0.001338182482868433
0.003248130204156041,-0.0009692652965895832,0.0008791391737759113
0.0006329059833660722,0.001277643721550703,0.00040376512333750725
0.0025185048580169678,-0.000251581659540534,8.728727698326111e-05
-0.0005435979692265391,0.00019130203872919083,-5.119713023304939e-05
0.001457702019251883,-0.0007407920202240348,0.00016911793500185013
0.00027552482788451016,-0.0027930238284170628,-0.003972630016505718
0.000639944220893085,0.0015949865337461233,-0.00048324279487133026
0.0013566009001806378,0.00018644076772034168,0.003477676771581173
-0.0003772397758439183,0.001831145491451025,-0.0010974728502333164
-0.0012174670118838549,0.0020916026551276445,0.0006799208931624889
0.00013117387425154448,-0.001690132892690599,0.00026395078748464584
-0.0017855031182989478,0.0019014060962945223,-0.0005794726312160492
-0.0008046474540606141,-0.0017016985220834613,-0.002364558167755604
-0.000498117646202445,0.0031641630921512842,-0.0005014105699956417
-0.00167668960057199,0.0006305831484496593,-0.0019428534433245659
0.0002354599564569071,-0.0019718578550964594,0.0008633197285234928
0.00011116426321677864,-2.138974377885461e-05,0.0001330389641225338
-0.0004459689953364432,0.001500074053183198,0.00015407800674438477
-0.0004892968572676182,0.00025861698668450117,-0.0008963942527770996
-0.0008003540569916368,-0.0007310136570595205,0.00038804812356829643
-0.0013000033795833588,0.0013773594982922077,0.0016120579093694687
-0.0011988033074885607,4.1517894715070724e-05,-0.0010084928944706917
-0.002986543346196413,0.0025821602903306484,-0.0008958191610872746
0.0019315164536237717,-0.0008842102834023535,-0.0017898427322506905
0.0012885447358712554,0.0012540528550744057,-0.0018050558865070343
-0.00014982855645939708,0.0002268716343678534,-0.0009368653409183025
0.0023448278661817312,-0.0003541966434568167,-0.0012776246294379234
0.00012534932466223836,0.0009587418171577156,-0.0011250250972807407
0.0008304661605507135,-0.001777735771611333,-0.0015584728680551052
0.0011361970100551844,0.0012393593788146973,3.8358382880687714e-05
0.001033384120091796,-0.0002447762817610055,0.0006142831407487392
0.0014256677823141217,0.0005565689061768353,-0.0006461907178163528
0.001082003815099597,-0.0025924579240381718,0.000342437531799078
0.0009373942157253623,-0.0009434287203475833,-0.001228561159223318
0.0007410641992464662,0.0027067570481449366,0.00016874540597200394
-0.0007092932937666774,0.0024303209502249956,-0.00020276568830013275
0.0005382538074627519,0.0009745769202709198,-0.0009055417031049728
-0.0010423323838040233,-0.0020944499410688877,0.0007179207168519497
0.0009156115702353418,0.0028281554114073515,-0.0003544348292052746
-0.000981890712864697,-0.0008265006472356617,-0.0019451407715678215
0.000843870104290545,0.0008885378483682871,-0.001268012449145317
-0.0008467045263387263,0.0009692317107692361,0.0006393431685864925
0.0009188420372083783,0.0015312477480620146,-0.0013380381278693676
0.000353985553374514,0.002350436057895422,0.0012979591265320778
0.0007495423196814954,0.0008582323207519948,-0.0006209472194314003
0.0017279876628890634,4.9430294893682e-05,-0.0015613092109560966
0.00166797055862844,0.0016451330156996846,-0.0008261394686996937
0.0006445178296416998,0.0013798823347315192,-0.0003457050770521164
-0.0019990201108157635,-0.00041920176590792835,0.0013276971876621246
-0.0027047577314078808,-0.0010256035020574927,-3.877049311995506e-05
0.00028626990388147533,0.00029596855165436864,-0.0012655947357416153
0.0016596621135249734,-0.0005727545940317214,0.0005919602699577808
0.001344486023299396,-0.0026564125437289476,-0.001226657535880804
-0.0009679368231445551,-0.0012502634199336171,-0.0018967087380588055
-0.0005377380293793976,-0.0018319373484700918,-0.002026477362960577
0.0003975641157012433,-0.0037259776145219803,-0.0030456692911684513
-0.000680126016959548,-0.00552414683625102,-0.004484724253416061
0.0004245532036293298,-0.0065806228667497635,-0.006763591431081295
8.954454096965492e-05,-0.007108899764716625,-0.006205135490745306
-0.002077203243970871,-0.008566713891923428,-0.009700268507003784
0.0005022055702283978,-0.010478697717189789,-0.011922023259103298
-0.0029553764034062624,-0.009570026770234108,-0.036196738481521606
-0.0006366671877913177,-0.008885383605957031,-0.11978007107973099
0.0014073089696466923,-0.007698412984609604,-0.21025538444519043
0.002549617551267147,-0.0074900072067976,-0.3139026165008545
0.0014771625865250826,-0.006570950150489807,-0.4286603629589081
0.0010375684360042214,-0.007995263673365116,-0.516969621181488
0.005915414076298475,-0.00829220563173294,-0.46139559149742126
0.005333279259502888,-0.005198107101023197,-0.29241427779197693
0.006219046656042337,-0.002946138381958008,-0.06862431764602661
0.007913419976830482,-0.0025293093640357256,0.22124405205249786
0.009274029172956944,-0.007323265541344881,0.4212927520275116
0.0066551584750413895,-0.0041144778952002525,0.5706271529197693
0.005540092941373587,-0.0068439519964158535,0.6799294352531433
0.00016610028978902847,0.0012065453920513391,0.7707312703132629
-0.004877660423517227,0.002206562552601099,0.7864692211151123
0.009201034903526306,0.004442919977009296,0.7376522421836853
0.01298219058662653,0.00432733865454793,0.6991354823112488
0.00920116901397705,0.005264975596219301,0.6656492948532104
0.006038665771484375,0.005325695499777794,0.6454156637191772
0.003962478134781122,0.006461054086685181,0.6100361347198486
0.0002795929613057524,0.0009427177719771862,0.6295208930969238
-0.0006833653897047043,0.0024797196965664625,0.708097517490387
0.003988884389400482,-0.001439654384739697,0.7895100712776184
0.004682638216763735,-0.0005818501813337207,0.8870800137519836
0.005589444190263748,-0.00033577412250451744,0.9750367999076843
0.0044852569699287415,-0.003613151842728257,1.0478726625442505
-0.00047727738274261355,-0.0018432150827720761,1.0685348510742188
0.015348863787949085,-0.010387076064944267,1.0442571640014648
0.03239043429493904,-0.008559615351259708,1.0012931823730469
0.038030289113521576,-0.015492944046854973,0.977660059928894
0.02908659540116787,-0.010159963741898537,0.9549747705459595
0.009679422713816166,-0.005854513496160507,0.8982715606689453
0.002672379370778799,-0.00046667270362377167,0.790912389755249
-0.002009353134781122,-0.002552323043346405,0.645185649394989
0.0032770216930657625,-0.007854676805436611,0.4995855689048767
0.11278263479471207,0.06689351052045822,0.3289857804775238
0.11018632352352142,-0.0008916572551243007,0.2769574820995331
0.028194241225719452,-0.07129000872373581,0.2504645884037018
-0.11203929781913757,-0.022814614698290825,0.22960883378982544
-0.15592233836650848,-0.005559306591749191,0.18805234134197235
-0.14109918475151062,-0.012303229421377182,0.14255383610725403
-0.10209783166646957,-0.004140007775276899,0.09620565921068192
-0.08626773953437805,-0.003415095154196024,0.12095335125923157
-0.08641623705625534,0.004136169329285622,0.18350738286972046
-0.05703277885913849,-0.011574351228773594,0.22935929894447327
-0.094279445707798,-0.18173183500766754,-0.05425479635596275
-0.12690716981887817,-0.36452004313468933,-0.28822094202041626
-0.1350294053554535,-0.7412973642349243,-0.2740011513233185
-0.14236828684806824,-1.230098843574524,-0.2531360685825348
-0.26096782088279724,-1.652748942375183,-0.1573500633239746
-0.5569638013839722,-1.6534757614135742,0.18592819571495056
-1.0997785329818726,-1.4156304597854614,0.42162755131721497
-1.5711798667907715,-1.3592857122421265,0.5161740183830261
-1.841403841972351,-1.4550749063491821,0.5575324892997742
-1.954824686050415,-1.4843130111694336,0.5357171893119812
-1.96494722366333,-1.3384528160095215,0.47366198897361755
-1.9130243062973022,-1.086368441581726,0.4324202835559845
-1.877197265625,-0.8725986480712891,0.4493032395839691
-1.8823869228363037,-0.7777722477912903,0.5538003444671631
-2.005136013031006,-0.7683547139167786,0.779799222946167
-2.21046781539917,-0.8136186003684998,1.02491295337677
-2.494576930999756,-0.9790334701538086,1.2163903713226318
-2.849381446838379,-1.0680193901062012,1.3680675029754639
-3.1809241771698,-0.9395813345909119,1.3657585382461548
-3.419525623321533,-0.7880165576934814,1.2353287935256958
-3.5580015182495117,-0.9474954605102539,1.1586356163024902
-3.5072097778320312,-0.983515739440918,1.166407823562622
-3.2902579307556152,-0.9744032621383667,1.201928734779358
-2.9489452838897705,-0.9894903302192688,1.1588115692138672
-2.5422542095184326,-0.9184346795082092,1.0252047777175903
-2.189063549041748,-0.765809178352356,0.895609974861145
-1.9355370998382568,-0.5572094917297363,0.8387002944946289
-1.745124101638794,-0.37590253353118896,0.8462461233139038
-1.6029417514801025,-0.25546735525131226,0.8602170944213867
-1.5418248176574707,-0.18557801842689514,0.8494448661804199
-1.578036904335022,-0.16701272130012512,0.8181222081184387
-1.6813007593154907,-0.15110939741134644,0.7725076079368591
-1.8121116161346436,-0.11831481009721756,0.738764226436615
-1.9365147352218628,-0.11593527346849442,0.7224270701408386
-2.0288760662078857,-0.16564109921455383,0.7162675857543945
-2.0774319171905518,-0.1989588439464569,0.7176849246025085
-2.089370012283325,-0.2262532263994217,0.7310140132904053
-2.088183641433716,-0.2345266044139862,0.7711752653121948
-2.040712594985962,-0.1723562330007553,0.802372395992279
-1.9332586526870728,-0.12616103887557983,0.8190773725509644
-1.790854811668396,-0.10438527166843414,0.821276068687439
-1.6401183605194092,-0.01363592129200697,0.8577184677124023
-1.4523723125457764,0.08367757499217987,0.8693421483039856
-1.3064450025558472,0.11948004364967346,0.8089264631271362
-1.2571427822113037,0.1328764259815216,0.7205216884613037
-1.2414071559906006,0.14422576129436493,0.6194581985473633
-1.2020000219345093,0.21743179857730865,0.5272626876831055
-1.1440459489822388,0.32667970657348633,0.4702840745449066
-1.0376287698745728,0.42653319239616394,0.39364585280418396
-0.9009774923324585,0.55045086145401,0.28150200843811035
-0.7251421213150024,0.6896458864212036,0.12078382819890976
-0.5454404950141907,0.8019130229949951,-0.0832100510597229
-0.4177769124507904,0.8960760831832886,-0.28404203057289124
-0.3368823528289795,0.9280856847763062,-0.43117555975914
-0.25869330763816833,0.91178959608078,-0.5092416405677795
-0.19334784150123596,0.8425481915473938,-0.5292811393737793
-0.09227494895458221,0.7362448573112488,-0.46739450097084045
0.06550189852714539,0.6390421390533447,-0.32927602529525757
0.253160685300827,0.5828331708908081,-0.14208278059959412
0.4235489070415497,0.49943146109580994,0.024577036499977112
0.5127868056297302,0.3836154341697693,0.12115830183029175
0.48932620882987976,0.15252310037612915,0.13069747388362885
0.42266222834587097,-0.16359688341617584,0.015750667080283165
0.2941831052303314,-0.4195950925350189,-0.12016110122203827
0.1716720312833786,-0.5427196621894836,-0.23265253007411957
0.09700605273246765,-0.5325559973716736,-0.29470551013946533
0.11464209109544754,-0.41866669058799744,-0.2873298227787018
0.17260153591632843,-0.24791041016578674,-0.2399173080921173
0.24808265268802643,-0.09347637742757797,-0.19624605774879456
0.2989250421524048,-0.017054574564099312,-0.15440087020397186
0.29162511229515076,0.00592452846467495,-0.12626424431800842
0.27396702766418457,0.020206263288855553,-0.1120285838842392
0.26505887508392334,0.011314106173813343,-0.13009722530841827
0.23396965861320496,-0.027275098487734795,-0.13935145735740662
0.18388918042182922,-0.05542396754026413,-0.1257413774728775
0.14059950411319733,-0.04833756387233734,-0.11143435537815094
0.12692676484584808,-0.05980885401368141,-0.09862539917230606
0.1221325471997261,-0.0722157210111618,-0.0841391310095787
0.11506297439336777,-0.05963170528411865,-0.05576787143945694
0.09752792119979858,-0.029482059180736542,-0.03795984759926796
0.08499538153409958,-0.0353134460747242,-0.03464847058057785
0.0680808499455452,-0.06537547707557678,-0.0324321873486042
0.05140019580721855,-0.10897299647331238,-0.03451285511255264
0.04037417843937874,-0.1710377037525177,-0.032530128955841064
0.04771893471479416,-0.22330445051193237,-0.023104114457964897
0.06239028647542,-0.2526988387107849,-0.013929790817201138
0.09473298490047455,-0.2778366804122925,-0.010847775265574455
0.12488529831171036,-0.2859385311603546,0.0005215262062847614
0.12801074981689453,-0.28084808588027954,0.016249343752861023
0.12220160663127899,-0.2637351453304291,0.033529531210660934
0.12879624962806702,-0.2564988136291504,0.029256904497742653
0.13362643122673035,-0.2334749847650528,0.013887271285057068
0.11310741305351257,-0.23015737533569336,-0.01175753865391016
0.07165185362100601,-0.25932908058166504,-0.04197722673416138
0.01924472115933895,-0.31367602944374084,-0.05045393481850624
-0.001809432520531118,-0.3647485375404358,-0.04497421160340309
-0.010143652558326721,-0.3776329457759857,-0.023256253451108932
-0.015393008477985859,-0.3851664960384369,0.014055430889129639
-0.026328129693865776,-0.3966227173805237,0.047709912061691284
-0.04723420739173889,-0.4290488362312317,0.06800719350576401
-0.06753430515527725,-0.42159008979797363,0.09443089365959167
-0.08233775198459625,-0.38403499126434326,0.1178416758775711
-0.08099019527435303,-0.33518993854522705,0.14578939974308014
-0.05946013331413269,-0.3112494647502899,0.13444966077804565
-0.038893479853868484,-0.3225718140602112,0.10878465324640274
-0.05325004830956459,-0.3576781451702118,0.08026432991027832
-0.07833980023860931,-0.407708078622818,0.07389210164546967
-0.10388777405023575,-0.4474669396877289,0.08835946023464203
-0.08959726244211197,-0.4384417235851288,0.11417797952890396
-0.04206143319606781,-0.40862366557121277,0.15131202340126038
0.016036152839660645,-0.3406195342540741,0.1818312704563141
0.06498904526233673,-0.26656368374824524,0.19034433364868164
0.09214302897453308,-0.23141658306121826,0.16556186974048615
0.08080435544252396,-0.21761955320835114,0.13011254370212555
0.021707016974687576,-0.22146040201187134,0.08755499869585037
-0.05641841143369675,-0.2117300182580948,0.055441536009311676
-0.13016317784786224,-0.1493084877729416,0.040008820593357086
-0.18491031229496002,-0.12469608336687088,0.01553969457745552
-0.22683030366897583,-0.14429205656051636,-0.010031674057245255
-0.2447243481874466,-0.19912414252758026,-0.028884457424283028
-0.23251250386238098,-0.2461499124765396,-0.030336223542690277
-0.18998661637306213,-0.25191643834114075,-0.015555677935481071
-0.13161055743694305,-0.2003812938928604,0.002556287217885256
-0.06364002078771591,-0.14206232130527496,0.0020859730429947376
-0.022709457203745842,-0.0943932831287384,-0.012538328766822815
-0.010135873220860958,-0.05459660664200783,-0.027887990698218346
-0.01144577469676733,0.011466704308986664,-0.03992589935660362
0.0006473727407865226,0.09980961680412292,-0.06746218353509903
0.04161490499973297,0.1967679113149643,-0.10538812726736069
0.09076061844825745,0.23940353095531464,-0.1500466763973236
0.13543596863746643,0.2122844010591507,-0.1719609797000885
0.16325482726097107,0.1777128428220749,-0.17193354666233063
0.17545506358146667,0.13490352034568787,-0.14245979487895966
0.16709832847118378,0.12009209394454956,-0.09760098159313202
0.14908793568611145,0.10940385609865189,-0.06552529335021973
0.11680270731449127,0.10196271538734436,-0.047523923218250275
0.07577162981033325,0.10414604842662811,-0.03792963922023773
0.041063446551561356,0.13094252347946167,-0.052447594702243805
0.02493276074528694,0.1726587414741516,-0.0707908347249031
0.028576232492923737,0.19705995917320251,-0.08684756606817245
0.04463832452893257,0.23423561453819275,-0.0824677124619484
0.07040493935346603,0.26941758394241333,-0.0850517749786377
0.0743599459528923,0.26711127161979675,-0.08294019848108292
0.05265970900654793,0.2479138970375061,-0.06478383392095566
0.01759968511760235,0.1961454153060913,-0.025971490889787674
-0.031757477670907974,0.12760309875011444,0.013075243681669235
-0.08888722211122513,0.07582007348537445,0.038554877042770386
-0.16259686648845673,0.03844127431511879,0.03220457211136818
-0.27394822239875793,0.018571512773633003,0.003543293569236994
-0.512631356716156,-0.4035469889640808,-0.015548108145594597
1.1401431560516357,0.5037946701049805,0.286857545375824
1.0309431552886963,0.465543657541275,0.05152946338057518
0.6410568356513977,0.5043905377388,0.06163976341485977
0.3923577666282654,0.3710479140281677,-0.03930282965302467
0.10037742555141449,0.15525323152542114,-0.11237930506467819
-0.053932517766952515,0.03558940440416336,-0.02933661639690399
-0.05494268983602524,-0.11540745198726654,0.06565002351999283
-0.014447196386754513,-0.24163328111171722,0.1054413840174675
0.08927014470100403,-0.3276028037071228,0.13852663338184357
0.13341203331947327,-0.29132068157196045,0.1015600934624672
0.1501990556716919,-0.1427617222070694,0.06289742887020111
0.13470716774463654,0.01463615894317627,-0.03800521418452263
0.14305725693702698,0.15385957062244415,-0.07933294773101807
0.23581434786319733,0.22057121992111206,-0.10475149005651474
0.3352947235107422,0.31292271614074707,-0.0792345181107521
0.4063856899738312,0.34054476022720337,-0.01667553186416626
0.4124487340450287,0.3016137182712555,0.028370067477226257
0.348690003156662,0.22218173742294312,0.0767969936132431
0.24022352695465088,0.10106967389583588,0.11266902089118958
0.1306416392326355,0.016596602275967598,0.12100125849246979
0.05724970996379852,0.01126631535589695,0.1155867874622345
0.06386899203062057,0.047775592654943466,0.11019175499677658
0.14139974117279053,0.1490502506494522,0.10763245075941086
0.25502723455429077,0.24326862394809723,0.10973421484231949
0.3589250147342682,0.3252108693122864,0.10409138351678848
0.4474916160106659,0.3956703841686249,0.1031544879078865
0.525260329246521,0.4457215368747711,0.0937984511256218
0.5470090508460999,0.43728888034820557,0.09261175245046616
0.5254720449447632,0.3935685455799103,0.10481274873018265
0.4775730073451996,0.3460034132003784,0.12041327357292175
0.4134138226509094,0.298458993434906,0.12558308243751526
0.3316395878791809,0.24713027477264404,0.1204405128955841
0.25022053718566895,0.1851559430360794,0.09578649699687958
0.17778921127319336,0.14868421852588654,0.06390739232301712
0.15280510485172272,0.14583861827850342,0.030542831867933273
0.16313283145427704,0.18223923444747925,0.009691611863672733
0.18698912858963013,0.22436894476413727,-0.0016124546527862549
0.20436333119869232,0.26713427901268005,-0.014743436127901077
0.20862293243408203,0.2949860692024231,-0.025937089696526527
0.1754724383354187,0.28286150097846985,-0.03352843225002289
0.09952744841575623,0.2174898087978363,-0.03028886392712593
0.011145656928420067,0.14091433584690094,-0.014656374230980873
-0.07234872132539749,0.060859523713588715,-0.0008875890634953976
-0.13512875139713287,-0.027214672416448593,0.00967184454202652
-0.1453750729560852,-0.07277624309062958,0.024476006627082825
-0.10887352377176285,-0.05300546810030937,0.049631692469120026
-0.06280340254306793,-0.027668016031384468,0.07481039315462112
-0.02650904469192028,0.0035623409785330296,0.08997976034879684
0.010743866674602032,0.052416909486055374,0.0927516520023346
0.03697813302278519,0.0852172002196312,0.08494113385677338
0.04635946825146675,0.057627808302640915,0.07081153243780136
0.04888521134853363,0.01710914447903633,0.06092774495482445
0.03905515372753143,-0.022242218255996704,0.05710633844137192
0.010488221421837807,-0.06085725873708725,0.05303329974412918
-0.056202758103609085,-0.09600552916526794,0.0314975380897522
-0.22411878407001495,-0.2298506796360016,-0.035907335579395294
-0.564538300037384,-0.3172421157360077,-0.12489970773458481
-1.018432855606079,-0.3259096145629883,-0.2246750295162201
-1.2217071056365967,-0.47880882024765015,-0.2866484224796295
-1.1818889379501343,-0.6968540549278259,-0.3068109452724457
-1.0755691528320312,-1.0598148107528687,-0.3044189512729645
-1.085241436958313,-1.2071398496627808,-0.16366051137447357
-1.050584316253662,-1.1132982969284058,-0.19054929912090302
-0.9566179513931274,-0.9589661955833435,-0.19015620648860931
-0.774843156337738,-0.7606656551361084,-0.03950843587517738
-0.49255502223968506,-0.4377027451992035,0.1872567981481552
-0.2206047624349594,-0.02652389369904995,0.37427380681037903
-0.04122701287269592,0.4401487410068512,0.3981700837612152
0.008148349821567535,0.7116771340370178,0.2886545956134796
0.008334504440426826,0.7327430248260498,0.20396314561367035
-0.024460073560476303,0.6129326820373535,0.2196148931980133
-0.049670618027448654,0.5303959846496582,0.2815190255641937
0.030417613685131073,0.4348927140235901,0.2760217785835266
0.31409698724746704,0.3028776943683624,0.1958116590976715
0.7702319622039795,0.39129817485809326,0.09788500517606735
1.2752267122268677,0.7086920738220215,-0.02185630612075329
1.71279776096344,1.0368391275405884,-0.16950397193431854
1.9654427766799927,1.1926783323287964,-0.33020177483558655
1.963514804840088,1.1821260452270508,-0.46109867095947266
1.736830234527588,1.011755347251892,-0.49300679564476013
1.345346212387085,0.7995349764823914,-0.4736328125
0.9058790802955627,0.5316015481948853,-0.4604181945323944
0.5056005120277405,0.2638472318649292,-0.48910290002822876
0.20423533022403717,0.05293714627623558,-0.5455187559127808
0.03051791898906231,-0.08796022832393646,-0.6342898607254028
0.014651070348918438,-0.1339186578989029,-0.7465175986289978
0.13742446899414062,-0.08740931749343872,-0.8722538948059082
0.32475176453590393,0.030516255646944046,-0.995701789855957
0.5309050679206848,0.15323077142238617,-1.0968328714370728
0.7116492986679077,0.2409004420042038,-1.1410973072052002
0.8458061814308167,0.28083646297454834,-1.076194167137146
0.9096410870552063,0.31856733560562134,-0.9642924666404724
0.9442502856254578,0.29490309953689575,-0.8699098825454712
0.9741991758346558,0.19697760045528412,-0.7983613610267639
1.0261660814285278,0.09249597787857056,-0.7587089538574219
1.1239765882492065,0.004141608253121376,-0.7549890279769897
1.352937936782837,-0.3326821029186249,-0.6623209714889526
1.897562861442566,-0.009792721830308437,-0.4073866903781891
2.0337870121002197,0.16864685714244843,-0.789608895778656
2.358503818511963,-0.05994797125458717,-0.8292620182037354
2.7134218215942383,-0.10399599373340607,-0.8482165336608887
2.775890588760376,0.3428177237510681,-1.1894279718399048
2.898179769515991,0.6484558582305908,-1.2916816473007202
3.0085699558258057,0.8118644952774048,-1.283187747001648
3.0205864906311035,0.9692813158035278,-1.3062251806259155
2.9574050903320312,0.9700267314910889,-1.2458263635635376
2.8558802604675293,0.749823808670044,-1.1160240173339844
2.7160463333129883,0.47419804334640503,-0.9844738841056824
2.569552183151245,0.29774048924446106,-0.8802310228347778
2.402050018310547,0.2098740041255951,-0.8042449355125427
2.223778486251831,0.20692142844200134,-0.7399408221244812
2.055718421936035,0.29554903507232666,-0.7465102672576904
1.9014307260513306,0.4245195984840393,-0.7956172227859497
1.7786797285079956,0.5510146617889404,-0.8425253033638
1.664632797241211,0.7173842787742615,-0.829833447933197
1.549182653427124,0.8910409808158875,-0.7940453886985779
1.4549480676651,0.9207632541656494,-0.7075070738792419
1.3524073362350464,0.8292794227600098,-0.5986018776893616
1.2325619459152222,0.7261072397232056,-0.5214832425117493
1.1094468832015991,0.6479770541191101,-0.46258610486984253
0.9643941521644592,0.5766198635101318,-0.4290910065174103
0.8020084500312805,0.5229451656341553,-0.46712759137153625
0.6588543653488159,0.5542666912078857,-0.5632167458534241
0.521508514881134,0.6260164976119995,-0.6844603419303894
0.4694291949272156,0.6867044568061829,-0.7497256994247437
0.4730476438999176,0.6677126288414001,-0.7667281031608582
0.5112054347991943,0.669450581073761,-0.7082839608192444
0.5392079949378967,0.6825136542320251,-0.6641266345977783
0.591612696647644,0.6028283834457397,-0.5810535550117493
0.6582055687904358,0.5247080326080322,-0.5028144121170044
0.7160412669181824,0.44745439291000366,-0.48002031445503235
0.7198925018310547,0.4182107448577881,-0.48540228605270386
0.7035574316978455,0.41110801696777344,-0.4958212971687317
0.6764933466911316,0.4340047836303711,-0.5052451491355896
0.6430597901344299,0.46325477957725525,-0.5078228712081909
0.6523454785346985,0.413108766078949,-0.47761622071266174
0.7095568776130676,0.31040331721305847,-0.4375291168689728
0.7628198266029358,0.23412053287029266,-0.39944911003112793
0.8380970358848572,0.14193890988826752,-0.32656827569007874
0.9180283546447754,0.08582504838705063,-0.23378002643585205
0.992356538772583,0.058791644871234894,-0.15865445137023926
1.0552213191986084,0.0886446163058281,-0.11127548664808273
1.0985209941864014,0.15823990106582642,-0.11737265437841415
1.1351834535598755,0.2378588318824768,-0.16381391882896423
1.177124261856079,0.29524654150009155,-0.2349526286125183
1.2308272123336792,0.33377715945243835,-0.3024546802043915
1.253259539604187,0.4072093367576599,-0.33097830414772034
1.2351406812667847,0.43049949407577515,-0.34975892305374146
0.1552828699350357,1.3839478492736816,-0.2746378481388092
0.006291265599429607,0.332180380821228,-0.214294895529747
-0.18614566326141357,0.1993367224931717,-0.14121519029140472
-0.2122499793767929,0.34235885739326477,-0.09086067229509354
-0.15348252654075623,0.07656417042016983,-0.003117780666798353
-0.09690526127815247,0.08384445309638977,0.04291975125670433
-0.02959703840315342,0.0996832326054573,0.058679815381765366
0.03269749507308006,0.02209123782813549,0.07922717183828354
0.05274568498134613,0.010870357975363731,0.09765990078449249
0.08219492435455322,-0.009493502788245678,0.1358317881822586
0.08805318176746368,-0.04774567857384682,0.1810220181941986
0.06594734638929367,-0.06038876995444298,0.17696575820446014
0.02454186975955963,-0.023480387404561043,0.1738828867673874
-0.03111686371266842,-0.0164890568703413,0.19706730544567108
-0.10427957028150558,-0.010299017652869225,0.24647152423858643
-0.17936207354068756,-0.008235867135226727,0.2948768734931946
-0.23540489375591278,-0.023087579756975174,0.33402132987976074
-0.27622687816619873,-0.05193120986223221,0.32301661372184753
-0.32684585452079773,-0.027167202904820442,0.22374670207500458
-0.37706801295280457,-0.12123990803956985,0.028987614437937737
-0.42947548627853394,-0.16079194843769073,-0.007008671760559082
-0.5068813562393188,-0.21944621205329895,-0.061052463948726654
-0.5478495359420776,-0.09429029375314713,0.09058579057455063
-0.4885372221469879,0.1927715688943863,0.19211293756961823
-0.48791247606277466,0.2713261842727661,0.20540127158164978
-0.5587352514266968,-0.09004081040620804,0.19529670476913452
-0.582682192325592,-0.11138898879289627,0.16827994585037231
-0.5766764879226685,0.00912809930741787,0.09914188832044601
-0.5956436395645142,-0.046284668147563934,-0.001154452096670866
-0.5763724446296692,-0.034859441220760345,-0.11314170807600021
-0.5254061222076416,0.037314705550670624,-0.21212519705295563
-0.48131299018859863,-0.002193292137235403,-0.2293233573436737
-0.4436516761779785,-0.03558341786265373,-0.20373950898647308
-0.38906487822532654,-0.01162109337747097,-0.13468800485134125
-0.3324693441390991,0.055707164108753204,-0.08182619512081146
-0.26316243410110474,0.08281707763671875,-0.044475629925727844
-0.17936281859874725,0.044769905507564545,-0.033396005630493164
-0.08456068485975266,0.01776944473385811,-0.05076008290052414
-0.021357450634241104,-0.040137097239494324,-0.09540237486362457
0.01230064406991005,-0.06276944279670715,-0.15283317863941193
0.05060012266039848,-0.02732899598777294,-0.188569575548172
0.10349183529615402,0.017012368887662888,-0.18484994769096375
0.12970639765262604,0.01119229756295681,-0.19170545041561127
0.14782947301864624,0.0013915984891355038,-0.17618349194526672
0.12322463095188141,-0.0712508037686348,-0.1463666409254074
0.0452539324760437,-0.17845341563224792,-0.11306700110435486
-0.04617490619421005,-0.19837869703769684,-0.08712100982666016
-0.11149000376462936,-0.062123388051986694,-0.0687827467918396
-0.17382913827896118,0.11681971698999405,-0.06929871439933777
-0.2597576081752777,0.27969226241111755,-0.05597225949168205
-0.3262042701244354,0.4722640812397003,-0.34257686138153076
0.018251094967126846,0.010998988524079323,-0.5091509222984314
-0.019863666966557503,0.011763041839003563,-0.510504424571991
-0.02381952479481697,0.053722742944955826,-0.4568846523761749
-0.00540795736014843,0.0199716929346323,-0.4163808524608612
-0.009453299455344677,0.014711949042975903,-0.3455692529678345
-0.002508613746613264,0.007304779719561338,-0.273556113243103
-0.003480933839455247,0.0067332652397453785,-0.20387901365756989
-0.009259304963052273,0.013993760570883751,-0.13332824409008026
-0.002595277037471533,0.0061664641834795475,-0.09895828366279602
-0.007770610507577658,0.012082453817129135,-0.148020938038826
-0.004797723609954119,0.009769498370587826,-0.17988832294940948
-0.0054610250517725945,0.009739838540554047,-0.19413211941719055
-0.00336671550758183,0.005269457120448351,-0.16929388046264648
-0.0034451461397111416,0.01002187468111515,-0.10628391057252884
-0.0034360913559794426,0.006909438408911228,-0.06093480437994003
-0.004979622550308704,0.00571486447006464,-0.019076788797974586
-0.0023649309296160936,0.0066922446712851524,-0.009791144169867039
-0.0007408073870465159,0.005530581809580326,-0.025346556678414345
0.00032632125657983124,0.00931946188211441,-0.017384769394993782
-0.001855374313890934,0.009271347895264626,0.031085312366485596
0.0024695992469787598,0.008917147293686867,0.07373397052288055
0.0024540640879422426,0.009790537878870964,0.10426990687847137
0.0003064908960368484,0.008894117549061775,0.10158676654100418
-0.002308500465005636,0.0061818198300898075,0.05932212620973587
-0.0007047447143122554,0.006333353463560343,0.009280800819396973
-0.0009573537390679121,0.006049762945622206,0.006419090088456869
-0.0011573571246117353,0.006181057076901197,0.04186682775616646
0.0003088646335527301,0.00980954710394144,0.10140486806631088
0.0007410956895910203,0.015369961969554424,0.06153334304690361
-0.00146414281334728,0.0016802570316940546,0.03195425868034363
-0.002492921892553568,-0.0007930205320008099,0.0057221222668886185
-0.0001054187014233321,-0.00020995340310037136,0.006580713205039501
-0.00011260923929512501,3.399216802790761e-05,0.003259219229221344
-0.0008843726245686412,-0.00020712509285658598,0.00320330448448658
9.327373118139803e-05,0.0011484238784760237,0.002025121822953224
-0.001526852254755795,9.992881678044796e-05,0.001982135698199272
0.0006849030032753944,0.001602484262548387,0.00014561926946043968
0.0007379354792647064,0.0006183005170896649,0.0004458031617105007
0.0004503140808083117,0.0014332277933135629,0.003827751614153385
0.0010906446259468794,0.0016605048440396786,0.0024193045683205128
0.0003590743290260434,0.0037106063682585955,0.002686952706426382
0.0007671358180232346,-5.188630893826485e-07,0.00020413799211382866
0.001675806357525289,0.0031087216921150684,-0.0010265088640153408
0.0012723773252218962,-0.0013466270174831152,0.00396936247125268
0.0012638552580028772,-0.003139733336865902,-0.0009423056617379189
0.00020298553863540292,0.00046937534352764487,0.0006818422116339207
-0.004485775716602802,-0.0011548865586519241,0.007551999296993017
-0.0003783511638175696,-0.003680226858705282,0.013088451698422432
0.0011353895533829927,0.001372055965475738,0.004114662762731314
-0.0005621315794996917,0.0003468404174782336,0.002036851365119219
0.0007713132072240114,0.0009487147908657789,-0.0008177906274795532
-0.0012016183463856578,-0.0003751608310267329,-0.0008759079501032829
-0.0024975126143544912,-0.0004920735955238342,-0.000858597457408905
-0.0011497675441205502,-0.00017643411410972476,-0.00295032886788249
-0.003305596299469471,-0.0015271895099431276,-0.0013385838828980923
0.001593288267031312,0.00021638214820995927,-0.00029782066121697426
0.0006316208746284246,0.0020917803049087524,0.00025531789287924767
0.0011104033328592777,-0.0010550725273787975,0.0023368136025965214
-0.0007612662739120424,0.0013873125426471233,0.0009575630538165569
-0.00022091800929047167,0.0009883863385766745,-0.0015807375311851501
-7.550942245870829e-05,-0.0005716934683732688,4.805205389857292e-05
-0.003303864970803261,-0.0006733871414326131,-0.0006350907497107983
0.00025278664543293417,-0.0005881659453734756,0.0005561416037380695
-0.0002468392194714397,-0.001761748339049518,-0.0017211497761309147
-0.002033820142969489,-0.0017220672452822328,0.0002285502851009369
-0.0007808777154423296,0.0004431087290868163,-0.0011172378435730934
0.0027038685511797667,0.0004726698389276862,-0.0019840970635414124
-0.0039069997146725655,-0.0016995142214000225,-0.003063840325921774
4.113628529012203e-05,-0.001308562234044075,0.0018068146891891956
-0.0006705312989652157,-0.0004182562988717109,-0.0005482714623212814
0.0026115484070032835,-0.0005892312619835138,-0.0003330879844725132
9.80289769358933e-06,0.0021947165951132774,-0.0019054636359214783
-0.000783819064963609,0.000286561727989465,0.0011459868401288986
0.0003220573125872761,-0.003161957487463951,-0.0010560699738562107
0.00011699393508024514,0.0009406422032043338,-0.0003972039557993412
-0.0007028270047158003,0.00010456593008711934,0.0008256221190094948
-0.002002449706196785,0.0010712933726608753,0.0017995405942201614
-0.0002711262204684317,5.1569018978625536e-05,-0.0001110113225877285
0.0011800301726907492,0.0007210877374745905,0.001091672107577324
-0.0004918627673760056,0.0020777666941285133,-0.001286773942410946
0.00032412976725026965,0.0004894574522040784,0.0023423158563673496
0.0013029715046286583,0.0014165674801915884,-0.002267747651785612
0.0016790098743513227,0.00015183229697868228,-0.0021207411773502827
-0.0015918031567707658,0.0006122662452980876,-0.0002521732822060585
-0.0010799437295645475,0.0006908295908942819,-0.0006729527376592159
-0.0007569293375127017,-0.0008419398218393326,0.0005555171519517899
-0.0011734478175640106,-0.0009282262763008475,-0.0007776613347232342
-0.0010592147009447217,0.0008599950233474374,0.0016106246039271355
0.0013690554769709706,0.00033961329609155655,8.4633007645607e-05
-0.0006874222890473902,0.0017747271340340376,0.0023421705700457096
-0.00037849554792046547,-0.0010924320667982101,-0.001423538662493229
0.00023782183416187763,8.092174539342523e-05,-0.001208317931741476
2.664717612788081e-06,-0.0020637218840420246,-0.00032441504299640656
-1.8712016753852367e-06,0.00027506129117682576,-0.00025998009368777275
0.0007834950229153037,-4.584959242492914e-05,-0.0005023274570703506
0.0013258825056254864,0.0006897742277942598,-0.000593139324337244
-0.00040144368540495634,0.0019379977602511644,8.570030331611633e-05
0.0015942181926220655,0.0017863356042653322,-1.4650635421276093e-05
0.003152167424559593,0.0003128086682409048,-0.000905478373169899
0.002416421892121434,0.003016265807673335,0.001960874069482088
-0.0011548771290108562,0.0007158273365348577,0.0011454136110842228
0.0004989647422917187,0.0016148260328918695,0.0007480438798666
-8.959384285844862e-05,0.0007247974281199276,0.0006180815398693085
-0.0012151575647294521,0.001690418692305684,0.0001084301620721817
-0.00024843006394803524,0.0008917366503737867,0.001002186443656683
-0.0004758563591167331,0.0010020039044320583,0.0003647804260253906
-0.0009347189334221184,0.0005894802161492407,-0.002373747993260622
-0.0008094817749224603,0.001826481195166707,-0.0016227113083004951
-0.0008563533774577081,0.0007873157737776637,-0.0016892901621758938
0.0003473690012469888,-0.0004320302396081388,-0.00027597974985837936
-0.0011735622538253665,0.00022071052808314562,0.0018154000863432884
-0.00021139663294889033,-0.0009407746838405728,-0.0006518065929412842
0.0011731807608157396,-0.0020044413395226,4.594167694449425e-05
-0.0005348533159121871,-0.00028904894134029746,-0.0001560542732477188
-0.0033767123240977526,0.00043213512981310487,0.002866101451218128
-0.0004494723107200116,-0.00017627087072469294,-0.0017112246714532375
0.000931110349483788,-0.0005911913467571139,0.0014590024948120117
-0.0003837514959741384,-0.0010754193644970655,-0.0012585842050611973
0.0029316176660358906,-0.0004141564713791013,-0.0012758946977555752
-0.00020340748596936464,0.0008542866562493145,-0.0005299211479723454
-0.0011347149265930057,0.00044336094288155437,-0.0012822640128433704
0.0005004642298445106,-0.0008747250540181994,-0.0013067619875073433
-0.0019381922902539372,0.0027493045199662447,-0.0005339127965271473
-0.004323123022913933,0.0027295127511024475,0.0023651313968002796
0.0014458165969699621,0.0019255043007433414,-0.0009004366584122181
0.0008804177632555366,0.000395518378354609,0.0011765589006245136
3.992413985542953e-05,0.004125807899981737,0.002786173950880766
0.0009773545898497105,-0.0008290495607070625,-0.0022927639074623585
0.00021835377265233546,0.0020796549506485462,-0.0011782310903072357
0.0004137061187066138,0.0008918814128264785,-0.00046115368604660034
0.0013197135413065553,-0.0009110786486417055,0.00012687267735600471
0.0009453113889321685,-0.001776286168023944,-0.0014111013151705265
0.0004590181342791766,0.00040404382161796093,-0.0033509477507323027
-0.00023255532141774893,0.000659709912724793,-0.0006240420043468475
0.0005954214720986784,-9.263315587304533e-05,-0.002150033600628376
-0.0005358598427847028,-0.0006694424082525074,-0.0002752845175564289
-0.000988863641396165,0.0010030227713286877,0.001340721733868122
-0.0009155911393463612,-0.00021485655452124774,-0.0010654670186340809
0.0008929615141823888,0.0005995380925014615,-0.0009296457283198833
-0.0013392932014539838,0.0008858962683007121,-0.001283218152821064
0.001382191083393991,-0.000622518127784133,-0.0016022645868360996
0.00027389006572775543,-0.0007638344541192055,0.0006971685215830803
0.0029413122683763504,-0.00012973579578101635,-0.0005598436109721661
0.0005762638757005334,0.0019152062013745308,-0.0020400001667439938
-0.0005864722188562155,0.001062994822859764,-0.0018921946175396442
-0.0008334135636687279,-0.0010386061621829867,0.001257757656276226
0.002419105265289545,-0.00279176514595747,0.0029227659106254578
-0.0012579322792589664,-0.0008351739961653948,-0.001366176176816225
0.0007367753423750401,0.0007166500436142087,0.00023651402443647385
0.001113476580940187,0.0028528945986181498,0.00031888997182250023
4.003697540611029e-06,-0.0009189402917400002,0.00036070169880986214
0.0006875382387079298,0.0006782979471608996,8.41822475194931e-06
0.00036263259244151413,-0.001665017451159656,0.0006925845518708229
0.0014962733257561922,-0.0009975852444767952,0.0014671660028398037
0.0017106577288359404,-0.00155312055721879,-5.349889397621155e-05
0.0024676239117980003,0.0003854262176901102,0.0014945208095014095
-0.0022349858190864325,-0.0012827778700739145,0.00026440713554620743
8.274809806607664e-05,-0.00021614378783851862,-0.0004791468381881714
0.0011315009323880076,0.0026390310376882553,-0.0005491878837347031
0.00011155116953887045,0.002103894716128707,-0.0012525701895356178
0.0006740108365193009,0.0011622009333223104,-0.0021143690682947636
-0.00016016661538742483,2.3063505068421364e-05,0.0004170653410255909
0.00024037282855715603,0.000247834250330925,0.00167514244094491
4.27612685598433e-05,-0.0008430271409451962,0.000344778411090374
-0.003427071264013648,0.0008627275237813592,-0.0013833469711244106
-0.00099472445435822,0.00023995479568839073,0.001356016844511032
-0.0006839334964752197,-0.0005842935643158853,0.0005445522256195545
-0.0005154100363142788,-0.00048552692169323564,0.0008357060141861439
-0.001848055748268962,0.0016956019680947065,-0.000206654891371727
-0.000998544623143971,-0.0008776345057412982,-0.0005473927594721317
-0.0024840557016432285,0.000164194090757519,-0.0007340800948441029
-0.001541533856652677,0.0009004188468679786,0.002372315153479576
-0.0008073003264144063,-0.00060693034902215,0.0005190218798816204
-0.0005839307559654117,-0.0009658619528636336,-0.0006939126178622246
-0.0018068545032292604,-0.0020657475106418133,-0.0021216333843767643
-0.0011228278744965792,-0.00033802379039116204,-0.0005256258882582188
0.0009653567103669047,0.0008753123693168163,-0.0007842187769711018
-0.0015775075880810618,-0.0008938525570556521,-0.002089565619826317
-0.0019402301404625177,0.001180483726784587,-5.970429629087448e-05
-0.0008444538107141852,0.0010164770064875484,-0.001925125252455473
-0.000909701338969171,-0.00030391820473596454,0.0014080870896577835
-0.0003988450043834746,0.0012009870260953903,0.0013789283111691475
0.000754303764551878,0.0005794052267447114,0.0012729344889521599
0.0012055895058438182,0.0009098738664761186,-0.0006718095391988754
0.0012303569819778204,-0.0006725764833390713,-0.0004025637172162533
0.0018366328440606594,0.0013252184726297855,-0.0019051418639719486
-0.001484595355577767,0.0016461292980238795,-0.0010247007012367249
-0.00032032286981120706,-2.9970775358378887e-05,0.0007296595722436905
-0.0020409910939633846,0.0012270412407815456,-0.00011988915503025055
-0.0009100260213017464,0.0009162298520095646,-7.461570203304291e-05
-0.00040162858203984797,-0.0016521227080374956,-0.0011627832427620888
-0.0024095242843031883,-0.0014105528825893998,0.0002482868731021881
0.0002983779413625598,-0.0018829975742846727,0.002180410549044609
0.0022699031978845596,-0.0004247375181876123,-0.00033986661583185196
-0.00045584217878058553,-0.0005075618391856551,0.0017616339027881622
6.16869074292481e-05,0.0014635418774560094,-0.0011214674450457096
-0.0019926754757761955,0.00025606463896110654,1.809932291507721e-05
0.0013906919630244374,-7.9222401836887e-05,0.0010163742117583752
-0.0003155953891109675,0.0003080012393184006,-9.01692546904087e-05
0.0021300637163221836,-0.0012625823728740215,-0.0010412968695163727
0.000640557729639113,-0.0017803008668124676,-0.0006410237401723862
-0.0017257904401049018,0.00170725560747087,0.00032366206869482994
0.00010992659372277558,-0.0005702798371203244,0.0017929282039403915
-0.0017337847966700792,0.0009999265894293785,-0.000852411612868309
-0.0011646673083305359,-0.0026850891299545765,-0.0012644021771848202
-0.002272520214319229,-0.0021338826045393944,4.072533920407295e-05
0.0014061041874811053,0.0022621972020715475,0.0011158431880176067
-0.0010231190826743841,0.0009610630222596228,0.0003242320381104946
-7.157170330174267e-05,-0.00369121297262609,0.0014486191794276237
0.0015081969322636724,-0.0007902944926172495,0.0005084564909338951
0.000357445067493245,0.000746615813113749,0.0017279181629419327
-0.002273418242111802,-0.002126372652128339,-0.00025145942345261574
0.002014004625380039,9.070901433005929e-05,0.0003141961060464382
-0.002075605094432831,-0.0004135997733101249,-1.5649478882551193e-05
-0.0009850405622273684,0.0008178458665497601,-0.002036190126091242
0.0005696771549992263,0.0019191715400665998,0.0005228971131145954
-0.0008734898292459548,-0.0006158913602121174,-0.000648893415927887
0.0005077276728115976,0.00037696206709370017,-0.0011511193588376045
-0.0001442141947336495,-0.0010140069061890244,0.002203664742410183
0.0006446237675845623,-0.0003812653012573719,-0.0010568397119641304
-0.000496008200570941,1.554569462314248e-05,-0.0015250234864652157
-0.0021151849068701267,2.4441222194582224e-05,0.0002735857851803303
0.0003053620457649231,-0.0019082147628068924,-0.0010478748008608818
-0.001158331986516714,0.0015957599971443415,-0.0009192992001771927
-0.001045147655531764,-0.0009225249523296952,0.0007867217063903809
-0.00011687626829370856,-0.0007027328247204423,0.00012322748079895973
-0.0002979711862280965,-0.00015571955009363592,-0.00027677929028868675
0.0017473387997597456,0.0015825650189071894,0.0009247832931578159
-8.225286728702486e-05,-0.0013080298667773604,0.002052366267889738
0.0017036033095791936,-0.0013172037433832884,-0.0010239691473543644
0.0012601870112121105,-0.0010708613554015756,0.000205878634005785
0.0007145293639041483,-0.0010975487530231476,-0.001380580011755228
0.0016484999796375632,0.00279838964343071,-0.0004476746544241905
-0.000340249011060223,0.0005808192072436213,0.0011249738745391369
-0.0008888602023944259,-0.00033317762427031994,-0.0005504204891622066
-0.0009804582223296165,0.0024644306395202875,0.0010350346565246582
-0.0011226710630580783,-6.317553925327957e-05,0.0005386215634644032
0.00024449109332636,-0.00011048768647015095,-0.0006126412190496922
-0.0009747040458023548,0.0007486480753868818,-0.0004581781104207039
-0.001795510994270444,-0.0007276784745045006,-0.0008274069987237453
0.0009360932745039463,0.0007687517208978534,-0.0017083808779716492
-0.0008457842632196844,-0.0004894157755188644,0.0005860710516571999
-0.0016087798867374659,0.000791032100096345,-0.0019127726554870605
0.0010590743040665984,3.822788130491972e-05,0.0006418428383767605
0.0006092663970775902,0.0014449094887822866,-0.00011689169332385063
-0.0001813929993659258,0.002488888567313552,-4.238169640302658e-05
0.0020269001834094524,1.854047877714038e-05,4.283944144845009e-05
0.0008696091827005148,0.00044031080324202776,0.0005862624384462833
0.0017790787387639284,-0.0004166944418102503,0.0011692279949784279
-0.00038973434129729867,0.00015821587294340134,0.0005439925007522106
-0.0021042772568762302,0.00018484750762581825,0.0008926000446081161
0.0014041344402357936,0.00305960513651371,-0.002214467152953148
0.0006571177509613335,0.0010864691575989127,0.002760849893093109
-0.000938967801630497,0.0005377960042096674,-0.002125149592757225
0.0010421577608212829,0.0009705597185529768,0.00020618131384253502
0.00140946579631418,0.0018394719809293747,-0.0010832222178578377
0.0012358276871964335,5.7018245570361614e-05,0.0007375814020633698
-0.0008945315494202077,0.0012647851835936308,-0.0009589223191142082
-0.00033446878660470247,-0.0019794777035713196,0.0016922545619308949
0.004098749719560146,0.0013250184711068869,0.001424955204129219
-0.0010209110332652926,0.0017527220770716667,-0.0032100100070238113
0.0009044317994266748,0.00019932480063289404,-2.535805106163025e-05
0.0009563633939251304,0.0016941572539508343,-0.0009111254476010799
0.0007170811295509338,2.9503717087209225e-05,0.0018307068385183811
0.00031707435846328735,-0.00036730727879330516,-0.0004492253065109253
0.0008257865556515753,-0.0008807354606688023,-0.0006173793226480484
0.0029078456573188305,8.359516505151987e-05,-0.0017082099802792072
0.0028033603448420763,-3.911906969733536e-05,0.0015649092383682728
-0.0016944523667916656,3.678101347759366e-05,0.0008722213096916676
-0.0004218109243083745,0.0019466723315417767,-0.0020834202878177166
-0.0005315331509336829,0.0017234995029866695,-0.0005092257633805275
0.000836639606859535,0.000271688390057534,0.0002087373286485672
3.0234426958486438e-05,-0.00126655341591686,-0.0023215319961309433
-0.0010776265989989042,0.0017095014918595552,-0.0005094222724437714
-0.0006374060176312923,0.0017308066599071026,3.572693094611168e-05
-0.0022227151785045862,0.002030689036473632,-0.0003148377873003483
0.0008146200561895967,0.00213162275031209,-0.0015084664337337017
0.0027079470455646515,0.0002729695406742394,-0.0008041858673095703
-0.0007709403289481997,-0.00013396146823652089,-0.0013211057521402836
-0.0009795711375772953,-0.0009928878862410784,0.00039818091318011284
-0.0006003369344398379,0.0028260850813239813,8.685747161507607e-05
0.0007972748135216534,0.0024171399418264627,0.0001986473798751831
-0.002839005319401622,0.001404073555022478,-0.0007515684701502323
-0.00217951531521976,0.00024625862715765834,0.0007557785138487816
-7.56179797463119e-05,0.00021270278375595808,-0.00205279141664505
0.0009886223124340177,-0.0010094997705891728,-0.0012740232050418854
-0.001059881178662181,0.0003178196493536234,-0.0012378045357763767
-0.0005393475294113159,-0.0010896072490140796,-0.002019991632550955
-0.0009012711234390736,-0.00036123269819654524,0.0002660658210515976
2.1270476281642914e-05,-0.001963314600288868,-0.0012268144637346268
-1.122007961384952e-05,-0.001091395621187985,0.0019751042127609253
-0.0005513151409104466,-0.0009935905691236258,-0.0003943084739148617
-0.0017555966041982174,-0.0016204987186938524,-0.0003620842471718788
-0.0018887997139245272,-0.0010438195895403624,4.126597195863724e-05
0.0015528033254668117,-0.00011171313235536218,0.00047908956184983253
-0.0012854202650487423,0.0007977326749823987,0.0006114165298640728
-0.0015322953695431352,0.0017032073810696602,7.58548267185688e-05
0.0010932242730632424,-0.0005921762785874307,0.0008843522518873215
0.0003017327981069684,-0.0006949742673896253,-0.0016057034954428673
0.001373289618641138,-0.0001708066265564412,-0.00030052242800593376
-0.0018731036689132452,0.0002888549934141338,-0.0008280947804450989
-0.0006885083857923746,0.0015874728560447693,0.0006426363252103329
0.003091315971687436,-0.0031180663499981165,0.0008727330714464188
4.75026317872107e-05,0.0008624026086181402,-0.00038189254701137543
0.0016315508401021361,0.0004850326804444194,-0.0020141438581049442
0.001034103101119399,0.0005329602863639593,0.00013758335262537003
0.0014735246077179909,-0.0005144609604030848,-9.624240919947624e-05
0.0006783978315070271,-0.0008416715427301824,-0.0006097774021327496
2.5657092919573188e-05,-0.0014957438688725233,-0.001048666425049305
0.00171963544562459,-0.00199257954955101,-0.0006847819313406944
-0.00022447219816967845,0.0021323906257748604,-0.0006711999885737896
0.0015190055128186941,-0.0018208615947514772,-0.002341639716178179
0.0009932974353432655,-0.0013343021273612976,0.0021085026673972607
0.0001391826954204589,-0.0008159356657415628,-0.0005512931384146214
-0.002108791610226035,0.000843746354803443,0.0009102495387196541
-0.003009196138009429,0.0016244527650997043,0.0004852982237935066
0.005213313736021519,-0.0015644162194803357,-0.0005472092889249325
0.0005402073729783297,0.0002603511093184352,-0.00040753278881311417
0.0019122679950669408,-0.0009236903279088438,-0.0010541481897234917
-0.00021815361105836928,-0.0019441398326307535,-0.0012592482380568981
-0.002291690791025758,-0.0014669012743979692,-0.0006310082972049713
-0.0006796176312491298,-0.0012012976221740246,-0.0012425901368260384
-0.000501718488521874,-0.0019059700425714254,-0.001835409551858902
0.0019679339602589607,0.0003808417823165655,-0.0010721459984779358
-0.0025370693765580654,0.001706297043710947,-0.0009445804171264172
-0.00033232246642000973,-0.0018458198755979538,-0.0016109361313283443
0.002483704127371311,0.00022159202490001917,-0.0015494171530008316
-0.00031387570197694004,-0.0009565356886014342,-0.0008346559479832649
0.0008520561968907714,0.0002381583908572793,-0.0007086885161697865
0.0011178659042343497,0.0010583263356238604,0.0009048096835613251
0.00037990391138009727,-0.0012594228610396385,-0.0007958849892020226
-0.0009784912690520287,0.0007558828801847994,-0.0009670956060290337
-0.0015055309049785137,0.000534574210178107,-8.825259283185005e-05
0.00020440120715647936,-7.052836008369923e-05,0.002126449253410101
-0.0011522129643708467,-0.0011877244105562568,0.0014715776778757572
0.00020801567006856203,-0.0020203148014843464,-3.235647454857826e-05
0.0019883387722074986,-0.001712186960503459,-0.0006195837631821632
0.0023450630251318216,-0.0008743446669541299,-0.001238528173416853
-0.00047975205234251916,-0.0015393360517919064,0.0013442053459584713
0.00036645561340264976,0.0016755691030994058,-0.0006628199480473995
-0.0014535486698150635,-0.0020912059117108583,-0.0010007750242948532
0.0013182542752474546,0.0012357980012893677,-0.0005048341117799282
0.001169916125945747,0.00045629084343090653,-3.63839790225029e-05
0.00026734016137197614,-0.0021055012475699186,-0.0006724139675498009
-0.0010626425500959158,0.0008737770840525627,0.001779824960976839
0.0005509385373443365,0.0006898331921547651,0.0006879731081426144
-0.0001998065272346139,-0.0015496190171688795,0.0016712117940187454
-0.0026080613024532795,-0.0006396528333425522,0.0003507062792778015
-0.0004852555284742266,0.0005624980549328029,-6.554555147886276e-05
-0.00044889989658258855,0.00014954834477975965,-0.0007679690606892109
0.0011181040899828076,-0.0005862830439582467,-0.0026438995264470577
0.0006492756074294448,-0.00026935600908473134,0.00042848847806453705
-0.0004972151946276426,-0.0010730980429798365,0.001218115445226431
-0.002960087964311242,-0.00043863028986379504,-0.00032080430537462234
0.0009390463819727302,-0.001732393866404891,-0.000677135307341814
0.0003622817457653582,-0.00010600948007777333,-0.0015887729823589325
0.0005732041317969561,0.00024392991326749325,0.00016332045197486877
6.0730468248948455e-05,-0.001363600604236126,0.0006701643578708172
-0.0004769617517013103,2.017791848629713e-05,-0.0009567607194185257
0.0012895436957478523,0.0005240619066171348,-0.003628157079219818
0.0018232411239296198,-0.0003555801522452384,0.001737846527248621
0.0019892752170562744,4.3443869799375534e-05,0.002329174429178238
-0.0014651110395789146,-0.0002223396149929613,0.0018506040796637535
0.0012488208012655377,0.0027851269114762545,-0.0003983830101788044
-0.0035957356449216604,-0.00011239232844673097,-0.001250594388693571
-0.00122162199113518,0.001092459773644805,-0.0011409199796617031
-0.0016093781450763345,0.0013313454110175371,0.0026421002112329006
0.002181305317208171,-0.00028575578471645713,-8.083460852503777e-05
-0.00022059964248910546,-0.0005350276478566229,-0.0002901586703956127
-0.0006469129584729671,0.0007525372784584761,-0.0006788582541048527
0.0002226091019110754,0.003922231495380402,0.0006745602004230022
-0.00026620380231179297,0.00010753044625744224,-0.000948343425989151
9.039349970407784e-05,0.0005027435254305601,-0.001231437548995018
0.0006874034879729152,0.0007757006678730249,0.0002834247425198555
0.0009041847661137581,0.0009469419019296765,-0.0005698520690202713
-0.0024540815502405167,0.0010115974582731724,0.00017733778804540634
0.0004378448356874287,0.00026404805248603225,6.441958248615265e-05
-0.0018675402970984578,0.0022742729634046555,-8.15708190202713e-05
0.0005274403374642134,0.00209211278706789,0.0016907630488276482
-0.0009984291391447186,0.00042790896259248257,-0.0015547079965472221
0.00017815543105825782,0.0001573318149894476,0.0008394741453230381
-0.0018421998247504234,4.2526284232735634e-05,-0.0010399413295090199
-0.0018701630178838968,0.0011804950190708041,0.0023627793416380882
0.0020852184388786554,-0.0031279621180146933,-0.00032117776572704315
0.0038546225987374783,0.0002957976539619267,-0.00012144073843955994
0.00015940904268063605,-0.0013063750229775906,-0.0018272753804922104
0.0023437337949872017,-0.00045469606993719935,-0.0009686723351478577
0.00235765497200191,0.0019409736851230264,-3.074062988162041e-05
-0.000775820342823863,0.0002847538562491536,0.0002869744785130024
0.001275641843676567,0.0017278778832405806,0.0010214503854513168
-0.0010732662631198764,0.0036759802605956793,0.0018845805898308754
0.0020845597609877586,-0.0008342648507095873,0.00038050953298807144
0.0011924008140340447,0.001023289980366826,0.00022870907559990883
0.0005864608683623374,-0.0008063951972872019,0.00020638108253479004
0.0024171178229153156,0.000424784142524004,0.002833589445799589
0.0017713597044348717,0.0003962694318033755,0.001987873110920191
0.0005574907991103828,0.0011137250112369657,0.0019383388571441174
0.0016107092378661036,0.0016677603125572205,0.0009363340213894844
0.0023143163416534662,-2.3613334633409977e-05,-0.00030443258583545685
-0.0011644009500741959,0.0012191759888082743,-2.6438385248184204e-05
0.002953378716483712,-0.0010402498301118612,0.001500351820141077
-0.0010210683103650808,-0.0015660893404856324,0.0011670663952827454
0.0013917556498199701,0.0016137249767780304,0.001537512056529522
-7.485097739845514e-06,0.00020110863260924816,0.002405812032520771
0.0017960075056180358,0.0005957890534773469,0.0006081787869334221
-0.0028203357942402363,-0.0006919400184415281,-0.000899038277566433
-0.0003201603249181062,-6.689611473120749e-05,-0.0012084976769983768
-0.002060075057670474,0.0001749824732542038,0.0015691490843892097
0.0021256152540445328,-0.0015941555611789227,0.00015900516882538795
0.0005195995327085257,0.0006941581377759576,0.0008993358351290226
-0.0029680761508643627,0.00022970291320234537,0.0009771003387868404
0.001619968912564218,0.000305152905639261,0.0013608275912702084
0.00024497881531715393,0.0004156741197220981,0.0016625639982521534
0.0006077808793634176,-0.0007118600769899786,0.0001394767314195633
-0.00024895803653635085,0.0011209273943677545,0.0007264376617968082
0.0020128509495407343,-0.0005446697468869388,0.0004745558835566044
0.0003347931778989732,0.002352316863834858,-3.7303660064935684e-05
-0.00019347327179275453,0.001707353163510561,0.0009058392606675625
-0.00018788062152452767,0.0011177293490618467,0.0019703046418726444
-0.0018963533220812678,-8.879523375071585e-05,-0.0011139833368360996
0.0009380491683259606,0.00010534923058003187,0.01657872647047043
0.0024240748025476933,5.037582013756037e-06,0.06917791068553925
0.0007593326736241579,-0.004529260564595461,0.12858052551746368
0.0020113063510507345,0.003927092999219894,0.1446460783481598
0.001066150376573205,-0.00771225243806839,0.10649790614843369
0.001417333260178566,-0.006358246318995953,0.025125466287136078
0.00443389592692256,0.008117897436022758,-0.0005769692361354828
0.001972592668607831,-0.0007221986306831241,0.0014457013458013535
0.004176092334091663,-0.004849299322813749,-0.020449478179216385
0.0017674604896456003,-0.008328737691044807,-0.015465165488421917
3.507413202896714e-05,-0.005071957595646381,0.007475304417312145
0.0013831397518515587,-0.005068155936896801,0.026647908613085747
0.0016388031654059887,-0.005390132311731577,0.04270011559128761
0.0020785266533493996,-0.0031828272622078657,0.06042858585715294
0.0036921361461281776,-0.0024736274499446154,0.06403716653585434
0.001545677543617785,-0.0031295032240450382,0.062173791229724884
0.0011579212732613087,-0.0007438433822244406,0.020705172792077065
0.0035693785175681114,0.00019768648780882359,-0.06848809868097305
0.007244008127599955,-0.0012422846630215645,-0.16413286328315735
0.00228345999494195,-0.004846333526074886,-0.17062553763389587
0.0027292731683701277,-0.007884733378887177,-0.12369291484355927
0.007354813162237406,-0.002047726884484291,-0.03569738194346428
0.0021235658787190914,-0.004067468456923962,0.008990993723273277
0.002822904847562313,-0.0067042638547718525,0.002630832139402628
-0.0033881193958222866,-0.006901337765157223,0.023725731298327446
-0.0029301175381988287,-0.0017883533146232367,0.08250110596418381
-0.004186064470559359,-0.0020328315440565348,0.15137043595314026
-0.0076064979657530785,-0.0022272488567978144,0.20091019570827484
-0.009437154978513718,-0.0032642835285514593,0.20436270534992218
-0.012430189177393913,-0.0035575823858380318,0.17669974267482758
-0.016062742099165916,-0.0023612906225025654,0.1832204908132553
-0.01958947815001011,-0.004893507808446884,0.22112692892551422
-0.024508070200681686,-0.005436259787529707,0.2841847240924835
-0.022439859807491302,-0.007281564176082611,0.3625759482383728
-0.031189408153295517,-0.006885818671435118,0.43290361762046814
-0.04492243006825447,-0.011530499905347824,0.48754408955574036
-0.06942910701036453,-0.013057023286819458,0.49029913544654846
-0.11997252702713013,-0.015031170099973679,0.4499340355396271
-0.22581586241722107,-0.01564343087375164,0.3638681471347809
-0.48203545808792114,-0.01948178932070732,0.29623493552207947
-0.8357115387916565,-0.01014820858836174,0.3149620294570923
-1.1111124753952026,0.00322265038266778,0.43618035316467285
-1.2371937036514282,0.019480716437101364,0.6421207189559937
-1.1984485387802124,0.04367892071604729,0.8407066464424133
-0.5889835953712463,0.01878448575735092,0.6784732937812805
0.024356387555599213,-0.005042837932705879,0.4789738953113556
0.21992668509483337,-0.011572908610105515,0.4067990183830261
0.1599816083908081,-0.013483504764735699,0.31135934591293335
0.06476693600416183,-0.032687295228242874,0.10688744485378265
-0.02260376699268818,-0.06237707659602165,-0.07802048325538635
-0.07407335191965103,-0.12606284022331238,-0.06408016383647919
-0.07687630504369736,-0.1541752815246582,-0.02500918135046959
-0.07091349363327026,-0.28914666175842285,-0.03566209226846695
-0.0612374022603035,-0.6007056832313538,-0.0021270131692290306
-0.14337728917598724,-1.0024776458740234,0.03413618728518486
-0.20592622458934784,-1.3075850009918213,-0.02309894934296608
-0.13025783002376556,-1.5669853687286377,-0.10237965732812881
-0.07964673638343811,-1.954438328742981,-0.013520767912268639
-0.03806599974632263,-2.3930747509002686,0.17138542234897614
-0.13970965147018433,-2.404924154281616,0.3910156786441803
-0.5588067770004272,-1.8359720706939697,0.5411985516548157
-1.0087854862213135,-1.5672694444656372,0.5856731534004211
-1.3137915134429932,-1.7174804210662842,0.6235435605049133
-1.6024129390716553,-1.9707101583480835,0.7151261568069458
-1.948806881904602,-2.209935426712036,0.8497952818870544
-2.3755147457122803,-2.332756519317627,0.995380699634552
-2.8055198192596436,-2.355109453201294,1.1328847408294678
-3.1581521034240723,-2.304842948913574,1.2172319889068604
-3.3580245971679688,-2.2321085929870605,1.243927001953125
-3.447932720184326,-2.1187350749969482,1.269546389579773
-3.4466757774353027,-1.8678501844406128,1.3173987865447998
-3.465388059616089,-1.4570941925048828,1.4170706272125244
-3.4657721519470215,-1.0418872833251953,1.5192697048187256
-3.332951068878174,-0.7888680696487427,1.5998340845108032
-3.0902931690216064,-0.7072169184684753,1.6454439163208008
-2.833900213241577,-0.7243733406066895,1.63712477684021
-2.55812931060791,-0.6689726710319519,1.7306959629058838
-2.3055951595306396,-0.3458075523376465,1.8824918270111084
-2.155470371246338,0.0714312419295311,1.9466774463653564
-2.1302618980407715,0.4319639503955841,1.9094994068145752
-2.233250856399536,0.566347062587738,1.8128069639205933
-2.4343414306640625,0.5041330456733704,1.6584123373031616
-2.7457494735717773,0.3197741210460663,1.4566867351531982
-3.1374969482421875,0.10697432607412338,1.25771164894104
-3.500568151473999,-0.13152532279491425,1.0869896411895752
-3.7379868030548096,-0.4647851884365082,0.993424117565155
-3.82473087310791,-0.950859785079956,0.9273860454559326
-3.706327438354492,-1.2980891466140747,0.9006694555282593
-3.436460018157959,-1.7667161226272583,0.8608860969543457
-2.96889591217041,-1.8423352241516113,0.8788800835609436
-2.5089797973632812,-1.8598103523254395,0.8796542882919312
-2.088817834854126,-1.7212400436401367,0.9671080708503723
-1.7371619939804077,-1.4296494722366333,1.166246771812439
-1.429560899734497,-1.1460288763046265,1.269317865371704
-1.1172407865524292,-0.7742125988006592,1.3046377897262573
-0.7910053730010986,-0.33732104301452637,1.2574344873428345
-0.4743725657463074,-0.018255433067679405,1.1731667518615723
-0.21698418259620667,0.07160285860300064,1.084963321685791
-0.08607463538646698,0.06332361698150635,0.9897582530975342
-0.18911924958229065,-0.05224747955799103,0.9302187561988831
-0.4876100718975067,-0.2487400323152542,0.910581648349762
-0.8627912998199463,-0.4871925711631775,0.8224266767501831
-1.1522406339645386,-0.5377295613288879,0.6286651492118835
-1.1272499561309814,-0.6099351048469543,0.37816333770751953
-0.8881685733795166,-0.6907588839530945,0.1918451189994812
-0.7460159063339233,-0.6916192173957825,0.09918879717588425
-0.6753785014152527,-0.3163129389286041,-0.0027567362412810326
-0.5349426865577698,0.11836069822311401,0.01786133646965027
-0.3025834858417511,0.18367072939872742,0.18645328283309937
-0.11284414678812027,0.0659346729516983,0.32523539662361145
-0.06745722889900208,-0.0504920668900013,0.33923643827438354
-0.11324101686477661,-0.09365659952163696,0.25682884454727173
-0.1733536273241043,-0.03628651797771454,0.18452537059783936
-0.25447794795036316,0.04972764104604721,0.06416015326976776
-0.3282773196697235,0.1881273239850998,-0.06606735289096832
-0.41423243284225464,0.4405399560928345,-0.16791404783725739
-0.5054278373718262,0.9972407817840576,-0.2664611339569092
-0.5449427366256714,1.7972373962402344,-0.3796560764312744
-0.2665127217769623,1.469378113746643,-0.21060553193092346
-0.1383436918258667,0.9140925407409668,-0.053457606583833694
0.030407242476940155,0.6218968629837036,0.20144152641296387
0.4609684944152832,0.3728627860546112,0.6858692169189453
1.0107240676879883,0.34774622321128845,1.0492072105407715
1.2381869554519653,0.29702699184417725,1.1624932289123535
1.1632860898971558,0.080101877450943,1.1396363973617554
0.902504026889801,-0.10289432108402252,1.032114863395691
0.5691713094711304,-0.26140886545181274,0.9772828817367554
0.27422547340393066,-0.3339725434780121,0.9482867121696472
0.061777397990226746,-0.4063548743724823,0.8863809704780579
-0.03260379284620285,-0.441091924905777,0.7954072952270508
0.018450599163770676,-0.3496789336204529,0.6521662473678589
0.14059552550315857,-0.17705702781677246,0.4786965548992157
0.2521201968193054,0.06443788856267929,0.27919942140579224
0.3836069703102112,0.29827171564102173,0.05395791679620743
0.507643461227417,0.46266117691993713,-0.14034363627433777
0.5933735370635986,0.5739952325820923,-0.2794777750968933
0.6305675506591797,0.6108930706977844,-0.325409859418869
0.5734996199607849,0.5228290557861328,-0.32580170035362244
0.37826329469680786,0.3997929096221924,-0.32020318508148193
0.18642330169677734,0.3040189743041992,-0.2222585380077362
0.015494962222874165,0.15705721080303192,-0.08643758296966553
-0.15659789741039276,0.036484383046627045,-0.0029311664402484894
-0.27786731719970703,-0.07679397612810135,0.049799688160419464
-0.3380049169063568,-0.13600601255893707,0.053237881511449814
-0.3450678884983063,-0.13172604143619537,0.02036195993423462
-0.2980543076992035,-0.05941672623157501,-0.022933322936296463
-0.1866753250360489,0.03007054515182972,-0.06386610865592957
-0.037559058517217636,0.13591249287128448,-0.09529618173837662
0.12243566662073135,0.22100314497947693,-0.12165988236665726
0.2585926055908203,0.2744326889514923,-0.14801247417926788
0.32040297985076904,0.28893575072288513,-0.17021046578884125
0.31341609358787537,0.29502326250076294,-0.16894395649433136
0.27461329102516174,0.3136046528816223,-0.158681720495224
0.22810466587543488,0.31526562571525574,-0.14953534305095673
0.16780564188957214,0.27662554383277893,-0.14253468811511993
0.1041664332151413,0.2057241052389145,-0.15253596007823944
0.04036561772227287,0.10277135670185089,-0.17883095145225525
-0.03654493764042854,0.004042098764330149,-0.20391346514225006
-0.10407418012619019,-0.05112608149647713,-0.17903394997119904
-0.1293099820613861,-0.032182157039642334,-0.11851118505001068
-0.12530432641506195,0.0004098745412193239,-0.06576807796955109
-0.11902257800102234,0.07218336313962936,-0.03649686276912689
-0.11371249705553055,0.16702359914779663,-0.04173529893159866
-0.13349242508411407,0.270518958568573,-0.0493142306804657
-0.1855766624212265,0.39380598068237305,-0.05197446420788765
-0.22440432012081146,0.5386823415756226,-0.06018110364675522
-0.285280704498291,0.6893091797828674,-0.040231361985206604
-0.36606070399284363,0.8965669274330139,-0.06538213789463043
-0.4574073851108551,0.9673377871513367,-0.22318428754806519
-0.5032806992530823,1.0895044803619385,-0.4361526072025299
-0.535574197769165,1.051135778427124,-0.7294769287109375
-0.5873727202415466,0.7371029257774353,-0.9050384163856506
-0.42040881514549255,0.42224112153053284,-0.8901318907737732
-0.14717906713485718,0.4913787543773651,-0.7526354193687439
0.13675251603126526,0.8532091975212097,-0.6450083255767822
0.2784195840358734,1.1041178703308105,-0.5647439360618591
0.27683234214782715,1.1994678974151611,-0.47172343730926514
0.1488339900970459,1.1697196960449219,-0.3089863359928131
-0.013957059942185879,1.0153841972351074,-0.08606646209955215
-0.12755176424980164,0.7654615044593811,0.12539176642894745
-0.18089142441749573,0.4506915807723999,0.30396178364753723
-0.14471566677093506,0.2281520664691925,0.4250873327255249
-0.06807761639356613,0.1379673182964325,0.45449262857437134
-0.050916314125061035,0.17365063726902008,0.42423340678215027
-0.010489795356988907,0.1826356202363968,0.23048259317874908
0.034563496708869934,0.13694217801094055,-0.004531996324658394
0.11371077597141266,0.16202303767204285,-0.2224952131509781
0.2748197913169861,0.13697810471057892,-0.39346829056739807
0.4693538546562195,0.07188405096530914,-0.4268675446510315
0.6121187806129456,0.026319364085793495,-0.32531213760375977
0.7159173488616943,-0.010272734798491001,-0.27925917506217957
0.7471373677253723,-0.043227147310972214,-0.2832551598548889
0.6758037805557251,0.014340542256832123,-0.29919496178627014
0.5246236324310303,0.07012853026390076,-0.28461840748786926
0.3542170226573944,0.07378797978162766,-0.22760358452796936
0.22211813926696777,0.03350052610039711,-0.2026294469833374
0.13487884402275085,-0.043905045837163925,-0.21818603575229645
0.08271372318267822,-0.09635498374700546,-0.20556233823299408
0.04573999345302582,-0.09215623885393143,-0.16825836896896362
0.04672474414110184,-0.05418986827135086,-0.14812788367271423
0.08567053824663162,0.0010427619563415647,-0.1313963085412979
0.12792521715164185,0.05006026476621628,-0.11782200634479523
0.14695243537425995,0.10661328583955765,-0.09796681255102158
0.14113301038742065,0.11822178214788437,-0.09919308125972748
0.1258552521467209,0.10597416758537292,-0.1211380586028099
0.12429463118314743,0.0669085904955864,-0.12384704500436783
0.1377129703760147,0.013623001985251904,-0.08855137228965759
0.13460928201675415,-0.018142014741897583,-0.04814484715461731
0.12788161635398865,-0.013754457235336304,-0.01745910570025444
0.1301097720861435,-0.004935507662594318,-0.00611094431951642
0.1330845206975937,0.006682532839477062,-0.018397703766822815
0.13039281964302063,0.011368848383426666,-0.025524655357003212
0.13645897805690765,0.004281644243746996,-0.030908767133951187
0.15483349561691284,-0.0013335822150111198,-0.031937215477228165
0.17494702339172363,0.002750641666352749,-0.02191227674484253
0.1971784234046936,0.0021311957389116287,-0.022667434066534042
0.23326265811920166,-0.02607141248881817,-0.035725176334381104
0.2607257068157196,-0.03160466253757477,-0.032423391938209534
0.2547812759876251,-0.006128864362835884,-0.013241707347333431
0.25012484192848206,0.023404594510793686,0.009919133968651295
0.2523888051509857,0.04725053533911705,0.007722292095422745
0.2704237103462219,0.04354462772607803,-0.01629866659641266
0.3004487156867981,0.029592858627438545,-0.03670407086610794
0.34161314368247986,0.009280234575271606,-0.053869228810071945
0.3853694200515747,-0.027363529428839684,-0.06445875763893127
0.44614800810813904,-0.0692373514175415,-0.0636652410030365
0.5175297856330872,-0.10844014585018158,-0.06319785118103027
0.5950331687927246,-0.14527209103107452,-0.06540897488594055
0.6693095564842224,-0.2002815455198288,-0.05068249627947807
0.7396835684776306,-0.2361711859703064,-0.029503127560019493
0.8145892024040222,-0.26651710271835327,0.0034668059088289738
0.9025089740753174,-0.28428369760513306,0.04900412634015083
1.015445590019226,-0.25688111782073975,0.0754980593919754
1.1488001346588135,-0.17508620023727417,0.05473695695400238
1.265857219696045,-0.09707316011190414,-0.04718168079853058
1.3858187198638916,-0.050621092319488525,-0.19781145453453064
1.5108789205551147,-0.02159450203180313,-0.3744136393070221
1.650783896446228,0.03305821493268013,-0.5665820240974426
1.7676939964294434,0.07471005618572235,-0.7806879281997681
1.8720415830612183,0.08846577256917953,-0.9924641847610474
2.0189969539642334,0.1200689747929573,-1.1832891702651978
2.237934112548828,0.18031859397888184,-1.350307822227478
2.539376974105835,0.27465707063674927,-1.523364543914795
2.8978190422058105,0.4088844358921051,-1.7123693227767944
3.2627675533294678,0.6188405752182007,-1.8621779680252075
3.581946849822998,0.8334878087043762,-1.9495271444320679
3.8305819034576416,0.9965019822120667,-1.9758607149124146
4.008606910705566,1.1283512115478516,-1.9864524602890015
4.0703816413879395,1.1891725063323975,-2.023038625717163
4.012661933898926,1.1488333940505981,-2.0194053649902344
3.903062343597412,0.9985405802726746,-1.9431483745574951
3.7536864280700684,0.8223151564598083,-1.7126303911209106
3.5398802757263184,0.7827176451683044,-1.378843069076538
3.257042169570923,0.824550986289978,-1.0466030836105347
2.9835546016693115,0.8191127777099609,-0.7444966435432434
2.7389371395111084,0.8229822516441345,-0.53570157289505
2.595761299133301,0.9430756568908691,-0.4755951166152954
2.5354197025299072,0.9941965341567993,-0.52469402551651
2.43977952003479,0.9574059844017029,-0.6376982927322388
2.376005172729492,0.9582456946372986,-0.779854416847229
2.3350930213928223,1.0160272121429443,-0.8796379566192627
2.305255651473999,1.0916255712509155,-0.8872321844100952
2.2267980575561523,1.1145671606063843,-0.8028978705406189
2.162656784057617,1.2221665382385254,-0.6399902701377869
1.9785103797912598,1.120747685432434,-0.47023800015449524
1.7265162467956543,0.9064942598342896,-0.34804877638816833
1.4595556259155273,0.7614569067955017,-0.2814846634864807
1.2001521587371826,0.6387359499931335,-0.2802990972995758
0.9617435932159424,0.4908415377140045,-0.33532533049583435
0.7630220651626587,0.3633742928504944,-0.4186166524887085
0.6423630118370056,0.3003292679786682,-0.48662739992141724
0.6196210384368896,0.23988080024719238,-0.4929603636264801
0.682135820388794,0.21002064645290375,-0.4525540769100189
0.7799094915390015,0.22477604448795319,-0.3960081934928894
0.8588677048683167,0.2933383285999298,-0.30505111813545227
0.8629540801048279,0.3464803397655487,-0.2015143483877182
0.7986717820167542,0.33497095108032227,-0.12094973027706146
0.7173165678977966,0.22997570037841797,-0.07420448958873749
0.6215085983276367,0.07331019639968872,-0.06846458464860916
0.5335234999656677,-0.02950596995651722,-0.10033369064331055
0.4376067817211151,-0.045797593891620636,-0.12040194123983383
0.34222206473350525,-0.042804472148418427,-0.13083712756633759
0.28950268030166626,-0.040626537054777145,-0.1460016965866089
0.47802767157554626,-0.12156621366739273,-0.04558765888214111
0.6164494156837463,0.03013569675385952,-0.017963219434022903
0.7009435296058655,0.10354099422693253,0.08058670908212662
0.7430342435836792,0.13898979127407074,0.14374729990959167
0.7532130479812622,0.19536803662776947,0.12923389673233032
0.7462273240089417,0.14260390400886536,0.11959698051214218
0.42251017689704895,0.4293450117111206,0.06695523858070374
-0.3829338848590851,-0.24664436280727386,-0.005908317863941193
-0.61883544921875,-0.3033703863620758,-0.03337334096431732
-0.5184733867645264,-0.049822550266981125,-0.09805885702371597
-0.36980554461479187,0.11875548958778381,-0.05685114860534668
-0.21859338879585266,0.3671993911266327,0.008831454440951347
-0.0941317230463028,0.5486292243003845,0.05041424185037613
-0.05981849506497383,0.5714016556739807,0.06788191199302673
-0.1497889906167984,0.28708145022392273,0.12165527790784836
-0.2083337903022766,-0.14137138426303864,0.19306446611881256
-0.31164029240608215,-0.2832682430744171,0.28870195150375366
-0.4252896308898926,-0.2600891590118408,0.3132443130016327
-0.5403947234153748,-0.14290884137153625,0.25840064883232117
-0.6142069101333618,-0.28020384907722473,0.20698034763336182
-0.32861998677253723,0.4934859573841095,0.12144091725349426
-0.3042440712451935,1.1933244466781616,0.14862805604934692
-0.5605548620223999,0.02478886768221855,0.3190843164920807
-0.5527517795562744,-0.051486458629369736,0.5320793986320496
-0.05434098094701767,-0.023452110588550568,0.5531811118125916
0.1695251315832138,-0.0008408071007579565,-0.26408520340919495
-0.03816165030002594,-0.0005112342769280076,-0.15834161639213562
-0.05680164694786072,-0.004125143866986036,-0.23813045024871826
-0.002505778567865491,-0.00022999904467724264,-0.4470766484737396
-0.004232571925967932,-0.0042098271660506725,-0.4149935245513916
0.013235492631793022,-0.0023431810550391674,-0.3277232348918915
0.008517969399690628,-0.004270777106285095,-0.23210906982421875
0.010825520381331444,-0.0032078970689326525,-0.15083399415016174
0.0015936732525005937,-0.0026630142237991095,-0.12128300964832306
-0.0033223815262317657,-0.0012305360287427902,-0.12475962191820145
-0.0027620524633675814,-0.001468356349505484,-0.16213203966617584
0.0005535201635211706,-0.004956316668540239,-0.20201879739761353
-0.0014313338324427605,-0.003131518606096506,-0.24797749519348145
-0.000579830608330667,-0.0021460086572915316,-0.2585964798927307
-0.002634991891682148,-0.001079412642866373,-0.2506085932254791
-0.005379829090088606,-0.003952977247536182,-0.2204948365688324
-0.005262650083750486,-0.004821966402232647,-0.19638709723949432
-0.01706741191446781,-0.011456554755568504,-0.18914280831813812
-0.0064967917278409,-0.002365055261179805,-0.4254131615161896
-0.005398737732321024,-0.0007364111952483654,-0.4196625351905823
0.043704625219106674,0.0028577910270541906,-0.21743939816951752
-0.000646452303044498,-0.02210085839033127,0.1938295215368271
-0.017502130940556526,0.01189013198018074,0.0506766214966774
-0.004473806358873844,0.009278866462409496,-0.31515952944755554
-0.003725458402186632,0.003401802619919181,-0.39344289898872375
-0.003398578381165862,0.005980649963021278,-0.3890981078147888
-0.0036694221198558807,0.003953451756387949,-0.3359515368938446
-0.0005853879847563803,0.0025525023229420185,-0.27511176466941833
-0.003306605853140354,0.0009514099219813943,-0.24001798033714294
-0.001843881094828248,0.0029027042910456657,-0.18580465018749237
0.00033857932430692017,0.006393309682607651,-0.11411263793706894
-0.0011939059477299452,0.005476580932736397,-0.0556076355278492
0.0006703068502247334,0.0038001209031790495,-0.030971799045801163
-0.0009187841787934303,0.006301330868154764,-0.019092239439487457
-0.00019786646589636803,0.0048951818607747555,-0.013828234747052193
-0.0013287249021232128,0.0037452420219779015,-0.008485192432999611
-0.004057666286826134,0.0011092450004070997,-0.0004704096354544163
-0.0014484652783721685,-0.00033811439061537385,0.0010250769555568695
-0.002356869401410222,-0.0004899145569652319,0.0037638721987605095
-0.0002734786830842495,-0.0039221965707838535,0.007504547946155071
-0.0025693897623568773,-0.0005016324575990438,0.01559443213045597
-6.723537808284163e-05,0.004052214790135622,0.02891886606812477
-0.001665930962190032,0.005100168287754059,0.02511081099510193
-0.00066257209982723,0.0033158548176288605,0.018578197807073593
0.0008857898646965623,0.005231999326497316,0.01437865849584341
0.0007645683363080025,0.0036934008821845055,0.01207791268825531
0.0010157044744119048,0.005276649724692106,0.004846897907555103
0.0001882116193883121,0.0038254032842814922,0.0038513680920004845
-0.00209411745890975,0.003540711011737585,0.0013136425986886024
0.00041157365194521844,0.0007628219318576157,0.0010190149769186974
-0.0019956575706601143,0.0018517884891480207,-0.000837741419672966
0.0005622848402708769,0.0006472732056863606,0.0017961240373551846
-0.0008230915409512818,0.0013077370822429657,0.0016134311445057392
0.0024587935768067837,-0.0007990316953510046,0.0006664516404271126
-0.002006795024499297,-0.00044349965173751116,0.001900027971714735
0.0006220113718882203,0.0006736964569427073,0.0004560621455311775
-0.0007095691980794072,-0.0011526994640007615,-0.00017111236229538918
1.399102620780468e-05,-0.0014245762722566724,-0.002150904852896929
-0.0010693829972296953,0.0006572167621925473,-0.001050486695021391
0.003404752118512988,0.0005473509663715959,-0.00034577492624521255
0.0003817979886662215,-0.0003344216966070235,-3.658188506960869e-05
0.0033487880136817694,0.0004908411065116525,9.811436757445335e-05
0.00031198543729260564,-0.00016110073192976415,-0.0003655417822301388
-0.002146344631910324,-0.0005668040248565376,-0.0010896367020905018
0.00011521182022988796,9.046413470059633e-05,-0.0003157220780849457
-0.00019305673777125776,7.31897889636457e-05,0.00012861564755439758
-0.0019462157506495714,0.0009435108513571322,-0.001288984902203083
-0.00039472809294238687,0.0008803356322459877,0.0005277842283248901
-0.00028207642026245594,0.0017160356510430574,-0.0005553234368562698
0.0004943487583659589,-0.00016431452240794897,-0.0003861100412905216
0.0010975546902045608,-0.00019307664479129016,3.1739939004182816e-05
-0.0006796107045374811,-0.0022286924067884684,0.000731863547116518
-0.0020647207275032997,0.00023313367273658514,0.001149180345237255
-0.0003951608086936176,0.0021945193875581026,0.0023721051402390003
-0.0027395416982471943,0.00032045284751802683,0.0006506373174488544
-0.00016044604126363993,0.0005022207042202353,0.0012747193686664104
-0.0018776522483676672,-0.0006285574636422098,0.00010372744873166084
0.0002295040467288345,-0.0031521511264145374,-0.0001484123058617115
-0.0014679948799312115,-0.0018474683165550232,0.00013894261792302132
0.0018392822239547968,0.0015918246936053038,-0.001651583705097437
0.000796122127212584,-0.0022260830737650394,-0.00022546108812093735
-0.0017340191407129169,0.00045962806325405836,-0.0017311288975179195
9.157790918834507e-05,0.0015379419783130288,0.0002324194647371769
0.002008622046560049,-0.001069223741069436,-0.0005152756348252296
0.0012999549508094788,4.3178675696253777e-05,0.0027537550777196884
0.0013234005309641361,-0.0005031906184740365,-0.0010628611780703068
0.0023210207000374794,0.0001439574989490211,0.00010466855019330978
-0.0016807920765131712,-0.001949178520590067,-0.00010269088670611382
-8.209646330215037e-05,-0.0007821812760084867,0.0008139694109559059
-0.001443000161089003,0.0003742275293916464,-0.0009778039529919624
-0.002154596848413348,-0.00029582378920167685,-0.0031080665066838264
0.0001877597824204713,0.0007553109317086637,0.00084705650806427
-0.0006218412308953702,6.163783837109804e-06,-0.00039983587339520454
-0.0004220228875055909,3.2885640393942595e-05,-0.0005808905698359013
0.001333000254817307,-0.00035007690894417465,0.0007722619920969009
0.0016723541775718331,0.00022182578686624765,0.0009177122265100479
-0.0005468579474836588,-0.000740906922146678,-0.0011718040332198143
-0.0008898369269445539,0.0013515896862372756,-0.0004534902982413769
0.001716066151857376,-0.003097753506153822,-0.00012325821444392204
-0.00019559040083549917,0.0020147336181253195,0.0016974778845906258
-0.001573776244185865,-0.0005948979523964226,0.0007387399673461914
-0.0006265556439757347,-0.002930525690317154,0.00031304219737648964
-0.00022202142281457782,0.0011193433310836554,0.0007942751981317997
-0.0016565911937505007,-0.0005469062016345561,0.00015981635078787804
0.0037546856328845024,-0.0016156327910721302,-0.0006575076840817928
0.0013415913563221693,0.0020128085743635893,-0.0008320296183228493
-0.00025843584444373846,0.0023992331698536873,-0.000683159101754427
-0.0009694521431811154,-0.000614000076893717,0.0007324488833546638
0.0020561651326715946,-0.0001540721277706325,6.29303976893425e-05
0.0011968050384894013,-0.0016672088531777263,6.64079561829567e-05
0.0025853770785033703,-0.0010882376227527857,0.0012552430853247643
-2.244187635369599e-05,-0.0015483773313462734,-0.0032886313274502754
-0.0012813181383535266,-3.21120023727417e-06,-0.002130422741174698
-0.0003280637029092759,-0.0010231598280370235,0.0002408367581665516
-0.00020103089627809823,-0.0006202235817909241,0.0019391351379454136
-0.00015591888222843409,0.00039932806976139545,-0.00029300665482878685
0.0007293157977983356,0.00010691297939047217,-0.0008874242193996906
0.0007956580957397819,0.0019443354103714228,-0.0011135982349514961
-0.0013058423064649105,-0.0012029882054775953,-0.0021210722625255585
0.0011086182203143835,-0.000293003540718928,-8.071074262261391e-05
0.0006236565532162786,-0.00033880991395562887,0.0011185104958713055
-0.0017040083184838295,-0.0012227757833898067,0.0012828377075493336
0.001070472877472639,0.00043264508713036776,-0.0010924357920885086
-0.0003697953652590513,-0.0005097792018204927,-9.193085134029388e-06
-0.0018039075657725334,-0.0006330835749395192,0.0001639123074710369
0.0020149722695350647,-0.0008147276239469647,-0.002853363286703825
-0.0015589899849146605,-0.0007145927520468831,0.0005216607823967934
-0.0007197644445113838,0.001200678525492549,-0.0014444454573094845
0.0007785300258547068,0.0009290360612794757,0.00022375863045454025
0.0006509561790153384,-0.0010949051938951015,-0.001255592331290245
0.0004360390594229102,-0.00207707891240716,-0.00042149005457758904
0.0008113100193440914,-0.0026913140900433064,0.0032036411575973034
-0.0012406556634232402,-0.0008651845273561776,-0.003137345425784588
-0.00019533309387043118,-0.004067459609359503,8.0848578363657e-05
0.0014422446256503463,-0.00019602233078330755,0.0005026930011808872
0.0013219143729656935,-0.0018123852787539363,-0.0005798754282295704
-0.00017158628907054663,-0.0019026664085686207,-0.0006272797472774982
0.0006753487978130579,0.000729746709112078,-0.001980911009013653
-0.0019433373818174005,0.0012970000971108675,0.0006968975067138672
0.003574392292648554,-0.0012900475412607193,-0.00039647845551371574
0.0005786024266853929,0.0010996069759130478,0.00018675345927476883
-0.0009682629024609923,0.0014043825212866068,-0.0013650176115334034
0.001138830091804266,0.00023019482614472508,-0.0031541292555630207
-0.0005812288727611303,0.0016320649301633239,-0.0004830402322113514
0.000898423430044204,-0.0007898138137534261,0.0012440197169780731
-0.0005790138384327292,-0.000974876806139946,0.0007069632411003113
-0.0018626574892550707,-0.0009975136490538716,0.0015455926768481731
-0.0008615669794380665,0.00036452861968427896,0.0007187104783952236
-0.0008983185980468988,-0.0016402991022914648,-0.002026209607720375
0.0016966245602816343,-0.00035526242572814226,0.001975858584046364
0.00018394901417195797,-0.0016956314211711287,0.0012711863964796066
-0.00033057393738999963,-0.0018552611581981182,-0.0007550176233053207
-0.002262697322294116,-0.001654991414397955,0.0016399631276726723
-0.0005181807791814208,0.0019310120260342956,0.0005698325112462044
-0.0002507994358893484,-7.008729153312743e-05,-0.001951115671545267
0.0003299444797448814,-0.001996259205043316,-7.138960063457489e-05
-0.0009118875022977591,0.00031403294997289777,-6.712833419442177e-05
0.0006214600871317089,0.00019564235117286444,-0.0012260419316589832
0.0019921890925616026,-0.003079246962442994,-0.0011488106101751328
-0.000558536674361676,0.0018844397272914648,0.00022708578035235405
2.442931872792542e-05,-0.00023730064276605844,-0.0008791913278400898
0.00011405427358113229,4.110246663913131e-05,0.0001604706048965454
-0.0008984796004369855,0.0020762900821864605,0.0008912417106330395
0.001990652410313487,-0.0013560515362769365,0.0006966465152800083
0.00037517896271310747,0.00036594836274161935,0.0018713665194809437
0.0020789606496691704,0.0019793373066931963,-0.0008781920187175274
3.0723633244633675e-05,0.0004706566105596721,0.0002693640999495983
0.0006493683904409409,0.0004004472284577787,0.00014468422159552574
0.0004914429155178368,-0.000652034068480134,-0.0016372366808354855
0.003795703873038292,0.0018976529827341437,6.706919521093369e-05
0.0016246947925537825,-0.0006864122697152197,0.0016404641792178154
0.0011894293129444122,0.0006609889678657055,-0.00045395130291581154
0.0006139202159829438,-1.0127550922334194e-05,-0.0004851100966334343
-0.0018838383257389069,-3.6263169022277e-05,2.133520320057869e-05
0.0009273944888263941,-0.000867702066898346,-0.0006612329743802547
0.00039698119508102536,-0.0003380218695383519,0.0013320781290531158
-0.001999331172555685,-0.0001958090579137206,-0.0003350609913468361
-0.0001571077445987612,0.0008589409408159554,0.000696111936122179
-0.00030704375240020454,0.00019288435578346252,0.0018886756151914597
8.242626790888608e-05,0.0016885718796402216,0.00015232106670737267
0.0005074667860753834,0.000683761143591255,-0.002039993181824684
0.000772760366089642,-0.00045663214405067265,0.0003500198945403099
0.0005272169364616275,-6.860957364551723e-05,-0.00017994921654462814
0.001977642299607396,-0.0016969095449894667,-0.0008216570131480694
0.0011563233565539122,-0.0005498860846273601,0.000621243380010128
0.0015785478753969073,-0.0016991074662655592,-0.0014354675076901913
0.0004624171124305576,0.0010450135450810194,-0.00042746076360344887
0.00010324237518943846,0.0003188129630871117,0.0008256579749286175
0.0027506910264492035,-0.0005949176265858114,-0.001084094401448965
0.0016211927868425846,-0.0008348140399903059,0.0005280333571135998
0.00044008088298141956,0.0007886489620432258,0.000679300632327795
-0.0003750403702724725,0.0006514259148389101,0.00022118911147117615
0.001731520052999258,8.470530156046152e-05,-0.0007487344555556774
-0.0006269440054893494,5.3852214477956295e-05,-0.0011216397397220135
0.0004915836034342647,-0.0003834388335235417,-0.00031097326427698135
0.001827494939789176,0.0004874260048381984,0.0003050258383154869
-0.0004974447074346244,-0.0009850357891991735,-0.0014955373480916023
-0.0008229222148656845,-0.00010037550237029791,-0.0010918360203504562
0.0006109236273914576,0.0010304027236998081,0.0008384226821362972
-0.0007529902504757047,-0.0002143497986253351,0.0006011477671563625
0.001872620196081698,-0.0012319436063989997,0.00011059362441301346
0.0016228306340053678,-0.0013068851549178362,-1.1734198778867722e-05
-0.0016446016961708665,-0.0017457740614190698,0.000600792933255434
0.001570046995766461,0.00037028282531537116,0.0006849863566458225
0.0012411465868353844,-0.0011146957986056805,-0.00035737454891204834
0.0005978617118671536,-1.3867742381989956e-05,-0.0005467389710247517
0.00024099810980260372,-0.0006807232857681811,0.0011414391919970512
-0.002056004712358117,0.0005310718552209437,-0.0018201344646513462
-0.0008935347432270646,0.0006695561460219324,0.00038576219230890274
0.0014839803334325552,0.0021356057841330767,0.0011695665307343006
-0.001979194348677993,0.0006881775916554034,-0.0011527095921337605
-0.002978904638439417,0.0009063192410394549,-0.0007829125970602036
0.0007878704345785081,-0.0002263231435790658,-0.0010580173693597317
0.0010654365178197622,0.0010301161091774702,0.0006960490718483925
0.0019075279124081135,0.0015457039698958397,0.0001748683862388134
0.0020298059098422527,-0.0005752400029450655,-0.0005317251197993755
0.0006124717183411121,-0.0005424831761047244,-0.0011945860460400581
0.0001982865360332653,-0.001326788798905909,-0.0007875743322074413
-0.00029200140852481127,0.00022343729506246746,-0.0010288567282259464
0.0015205524396151304,-0.0008551027858629823,5.1398295909166336e-05
0.0015802072593942285,-0.0002747999969869852,-0.0011358391493558884
-0.0021491560619324446,0.0013695855159312487,-0.0010403781197965145
-0.0007419416215270758,0.00023108412278816104,0.0018701907247304916
0.0007106582634150982,0.00028210945311002433,-0.00018735183402895927
0.000769514124840498,0.0002054104406852275,-0.0016939020715653896
-0.00313963764347136,0.0003163623041473329,0.0003611678257584572
0.0024553975090384483,0.00039359397487714887,-0.00026733800768852234
0.0004599919484462589,-0.001624000258743763,-0.00029287394136190414
0.0006871595978736877,-0.0014418400824069977,-0.0006923484615981579
-0.0011305579682812095,0.0020021856762468815,0.00046088453382253647
0.00043058706796728075,-0.0006732260808348656,-0.0010587149299681187
-0.0030599727761000395,6.101146573200822e-05,-0.0006823218427598476
-0.0027089682407677174,0.0008469102904200554,0.0030511640943586826
-0.0012594133149832487,-0.0009563143830746412,0.0004142569378018379
0.00036191922845318913,-0.0011941347038373351,0.001970075536519289
-0.0008445110870525241,0.0005652491236105561,-9.756442159414291e-05
-0.0008226730860769749,-0.0017314610304310918,-0.0007364568300545216
0.0009269414003938437,-0.00024930189829319715,0.000449886079877615
0.0001658099499763921,0.0029004185926169157,-0.0010065967217087746
0.001222966704517603,0.0034933744464069605,6.963778287172318e-05
0.0009995275177061558,-0.0010720824357122183,0.0005316962487995625
0.0007398138986900449,-0.001175714423879981,0.00107233552262187
-0.0006149361142888665,-0.0003389492630958557,0.0010126805864274502
-0.0009992821142077446,-0.0007207505987025797,-0.0009499401785433292
-0.00223472248762846,0.0005772741278633475,-0.0022221324034035206
-0.0003124719951301813,0.00034527137177065015,-0.0019336841069161892
0.0006422712467610836,0.0011282407213002443,-0.0009991806000471115
0.0007652222411707044,-0.0030037909746170044,0.000844552181661129
0.0007487106486223638,0.0018391675548627973,0.0005393540486693382
-0.0010260030394420028,0.0010286762844771147,0.001987225841730833
7.095301407389343e-05,-0.0003516401629894972,0.0003200871869921684
0.0005012521287426353,0.0001462058280594647,-0.0002987142652273178
0.0016613251063972712,-0.0007443552603945136,0.0019476618617773056
-0.0011758931213989854,0.0011242151958867908,0.0011704377830028534
0.00044277618872001767,-0.0008023155387490988,-0.001036789733916521
0.002483393531292677,0.0009740590467117727,-0.0011799931526184082
-0.000774451473262161,0.0016909819096326828,0.0012687835842370987
0.0006455787224695086,-0.0005966341705061495,-0.0006352788768708706
-0.0016015965957194567,0.0019618647638708353,0.002110706642270088
0.001554433023557067,-0.0002101812424371019,6.242189556360245e-06
0.000953357492107898,0.0012835857924073935,0.0014691161923110485
0.0006431917427107692,-0.0009356743539683521,0.0010501248762011528
0.0022059346083551645,0.002056919736787677,-0.0001666736789047718
-0.00109371286816895,0.0016788667999207973,0.00097681675106287
0.0013601237442344427,0.000880184699781239,-0.0029662596061825752
0.0009907864732667804,-0.0005614327383227646,-0.0007858402095735073
-0.0019160538213327527,-0.0015015285462141037,0.0015135332942008972
0.0009143147035501897,0.000670079723931849,0.0013844738714396954
0.0014269731473177671,-1.7282203771173954e-05,0.00032426975667476654
-0.00069860351504758,-0.0008340204949490726,0.0013723294250667095
-0.0016349710058420897,0.0015886570326983929,-0.0007763085886836052
0.0003013939131051302,0.00023045652778819203,0.0011040368117392063
-0.0016669484321027994,0.0017487246077507734,5.71482814848423e-05
0.0019335639663040638,0.00011915474897250533,0.000832676887512207
0.0015511340461671352,-0.0021445322781801224,-0.00042353617027401924
0.00046741514233872294,0.0011488595046103,3.342190757393837e-05
0.000237051717704162,-0.0013864698121324182,-0.0014172019436955452
-0.00038975360803306103,-0.00012250524014234543,-0.00048285070806741714
-0.001070457510650158,-0.0002969422785099596,0.0005387379787862301
-0.0020634313113987446,-0.00026952524785883725,0.0007210047915577888
-0.000873797107487917,-0.00028390632360242307,0.0025604497641324997
0.00045299684279598296,-0.0007032460416667163,5.2704475820064545e-05
0.002545708790421486,-0.0011237591970711946,0.0006167623214423656
-0.0002899940882343799,0.0001898974005598575,0.00032143713906407356
-0.00040131426067091525,0.0007888423278927803,0.0004633837379515171
0.0004835450672544539,0.000497283588629216,-0.0008417358621954918
0.001936033135280013,0.000996626215055585,0.0013598990626633167
-0.0003366955788806081,0.0015359246172010899,0.0009101172909140587
-0.0006791780469939113,-0.0010081932414323092,-0.0006126780062913895
-0.0020189816132187843,-0.0015899831196293235,0.001509280875325203
0.0011914591304957867,-0.0010802540928125381,0.0009398972615599632
-0.0012287343852221966,0.00011422543320804834,-0.0005180984735488892
0.0009012619266286492,-0.001359567861072719,-0.0014504711143672466
-0.0005586204351857305,-0.0003306423022877425,-0.0007477821782231331
0.00012448037159629166,-0.001931202132254839,0.0009433249942958355
0.00020090563339181244,0.003799819853156805,-0.00020140549167990685
-0.0019163073739036918,-8.519963012076914e-05,-0.0009236549958586693
0.0008443447877652943,0.00029106103465892375,-0.0010242755524814129
-0.000423852470703423,-0.001997393323108554,0.0005168956704437733
0.000228391116252169,-0.0026095600333064795,-0.0008633029647171497
0.0005402473034337163,2.8300884878262877e-05,-0.0011112429201602936
-0.0004212656058371067,-0.0006257656496018171,0.0012091356329619884
0.0013204417191445827,-0.0009216428152285516,0.000270904041826725
0.00014778701006434858,0.0007655858062207699,-0.00042992550879716873
-0.0017252141842618585,0.0002132461522705853,-0.0013316720724105835
-0.0005485157598741353,0.001599831972271204,0.001195504330098629
0.0030896286480128765,0.0008988879853859544,0.001651703380048275
0.0011452767066657543,-0.0013160968665033579,-0.0005913074128329754
-0.001839860575273633,-0.00019890081603080034,-0.0010054288432002068
0.001377528766170144,-0.0006654671160504222,-0.0012666569091379642
0.0009000240243040025,0.0004756973939947784,-0.0005476032383739948
0.0012027992634102702,-0.0010331013472750783,0.0009018466807901859
-0.00012798228999599814,0.0008188608335331082,-0.00014371052384376526
-0.0008080534171313047,0.0004971781163476408,-0.0018015471287071705
0.00020448039867915213,-5.249830428510904e-05,-0.00022389041259884834
-0.0007902660290710628,-0.0006863817106932402,-0.0006713210605084896
-0.001207316992804408,-0.00027971703093498945,0.0007425514049828053
-0.0018099566223099828,0.001717048930004239,-0.0008530914783477783
-0.0010315146064385772,-0.003077706089243293,-0.0008725323714315891
-0.0020884184632450342,-0.00017574464436620474,-0.0007792003452777863
-0.0011762857902795076,-0.0008636391721665859,0.001812321599572897
0.0026733430568128824,1.6158533981069922e-05,8.18837434053421e-05
0.0012336382642388344,0.003248437074944377,0.0005548610351979733
-0.00015995674766600132,-0.003224667627364397,0.0003683543764054775
-0.0008587702177464962,-0.0008344805683009326,-0.0015954608097672462
-0.0007580642704851925,0.0009073063265532255,-0.0016953116282820702
0.000561798398848623,0.0018647128017619252,0.0014333701692521572
-7.144149276427925e-05,0.0017870576120913029,-0.0012495340779423714
0.002070006215944886,-0.0014223178150132298,0.000540376640856266
0.0003176654572598636,-0.00046855208347551525,0.0005548419430851936
-0.0018908940255641937,-0.0005532405921258032,-0.0026526693254709244
0.0019133834866806865,-0.0005200757295824587,0.0009889756329357624
-2.8327194740995765e-05,-0.0006305968854576349,-0.003949590492993593
0.0003957434091717005,0.0009314980707131326,-0.00033244816586375237
-0.0005422219401225448,-0.000129238935187459,0.0007277559489011765
0.0011031724279746413,0.0009249963914044201,0.001664889045059681
-0.0010798206785693765,0.00030101771699264646,-0.000729026272892952
-0.003304618876427412,-0.00025946489768102765,-0.0006761569529771805
0.002600408159196377,-0.0005287104868330061,-0.00210361136123538
-0.0014653811231255531,-0.0016130494186654687,0.00028497958555817604
0.00289368093945086,0.000873544136993587,-0.00016562733799219131
-0.0008015520870685577,0.0001374484272673726,0.0013948837295174599
-0.002400514204055071,-0.001694273785687983,-0.0007420373149216175
0.0023833599407225847,-0.0016245422884821892,-0.0003284313715994358
0.001786279259249568,-0.0008434371557086706,0.001108876895159483
0.0006938402657397091,-0.00020038073125761002,-0.0012651477009057999
0.0006171412533149123,-0.001416646409779787,0.00021423865109682083
-0.001664911163970828,-0.0007066421676427126,0.0017605326138436794
0.0006728115258738399,-0.0006994516588747501,-0.0011428454890847206
-0.0013013228308409452,0.00026661012088879943,-0.0009885788895189762
0.0028191199526190758,-0.003246365813538432,-0.001894320361316204
8.045317372307181e-07,-0.001063214847818017,-0.002157059032469988
-0.00020159571431577206,-0.0012994371354579926,0.0009726881980895996
0.002296930644661188,0.000338800746249035,-0.0037612051237374544
-0.00024718730128370225,-0.003500678576529026,-0.008267007768154144
0.001331872888840735,-0.0020912771578878164,-0.012689534574747086
0.0006487721111625433,0.0006736166542395949,-0.01674526371061802
0.0015713361790403724,-0.0013940847711637616,-0.019631482660770416
0.0002061998675344512,-0.001811668393202126,-0.020951878279447556
0.001957719214260578,-0.0023312082048505545,-0.019726192578673363
-0.0009382021380588412,9.67957021202892e-05,-0.01777702569961548
-0.001665448653511703,-0.0011062083067372441,-0.005760415457189083
0.0001558871881570667,0.0013686672318726778,-0.0027707512490451336
-0.001968215685337782,0.0004662832652684301,-6.37667253613472e-05
0.0005468736053444445,0.00018931450904347003,0.0002214577980339527
-0.0024060471914708614,-0.0004089263966307044,0.0019200998358428478
0.0008009314187802374,0.0006259779911488295,0.01247500628232956
0.00028206297429278493,0.0005705616786144674,0.026554541662335396
0.0012565136421471834,-0.0003745942085515708,0.027145495638251305
-0.001490498543716967,-0.0005545307649299502,0.023640073835849762
-0.0002848855219781399,-0.0015484225004911423,0.015895068645477295
-0.001108286902308464,-0.00183453771751374,0.010396580211818218
-0.0017072318587452173,-5.448094452731311e-05,0.006872952915728092
0.0008928981842473149,-0.0030198644381016493,0.003961646463721991
0.0017118202522397041,-0.0038912505842745304,-0.0005726511590182781
-0.00099694833625108,-0.0032993589993566275,0.0012155743315815926
-0.0013045433443039656,-0.0058043282479047775,0.00038333702832460403
-0.0007905037491582334,-0.004467675928026438,0.009280789643526077
-0.0001369640085613355,-0.0024007968604564667,0.01855871081352234
0.0007567666471004486,-0.00019567845447454602,0.022869586944580078
0.004600240848958492,-0.0018460394348949194,0.039523664861917496
0.003148505464196205,-0.0021949801594018936,0.06517791002988815
0.005195943638682365,-0.004222178366035223,0.12954199314117432
0.004325651563704014,-0.003662416245788336,0.2149098962545395
0.005098234862089157,-0.007153287995606661,0.30770158767700195
0.0043528019450604916,-0.006426972337067127,0.38435429334640503
0.0029682244639843702,-0.009460046887397766,0.4480970501899719
0.006816444918513298,-0.006594112608581781,0.5615087747573853
0.004341569263488054,-0.009098815731704235,0.6385452151298523
0.005182174034416676,-0.008526590652763844,0.7407790422439575
0.004572310484945774,-0.007044808007776737,0.8550776839256287
0.0019124679965898395,-0.003681853646412492,0.9912348985671997
0.009129367768764496,-8.312417776323855e-05,1.071893572807312
0.008474205620586872,0.0010858227033168077,1.1077401638031006
0.003863740712404251,0.0008168434724211693,1.137662649154663
-0.0036398679949343204,-0.0035452372394502163,1.1507433652877808
-0.006304094567894936,-0.004177205264568329,1.122733235359192
-0.004592150449752808,-0.004807824268937111,1.0768953561782837
-0.0007385560311377048,-0.0009350551990792155,1.0279868841171265
0.0030048834159970284,-0.001864035613834858,1.018265724182129
0.0024472177028656006,-0.0016483196523040533,1.0254032611846924
0.00391865149140358,0.0002060737751889974,1.0105723142623901
0.00428430363535881,-0.006735987961292267,0.9589840173721313
0.0074579548090696335,-0.00312557490542531,0.9003227949142456
0.0024970187805593014,-0.003774054581299424,0.8384605050086975
-0.011458909139037132,-0.005543140694499016,0.7558748722076416
-0.02419760823249817,-0.0033074168022722006,0.6532366871833801
-0.03282595053315163,0.0004488845879677683,0.5509974360466003
-0.0445539765059948,0.002660107333213091,0.46476295590400696
-0.07681412994861603,0.005847608204931021,0.40241119265556335
-0.12327270954847336,0.01250550989061594,0.37483495473861694
-0.15121905505657196,0.03501509875059128,0.3422704041004181
-0.14293743669986725,0.020696081221103668,0.3219238519668579
-0.20549276471138,0.03957288712263107,0.32270753383636475
-0.23915937542915344,0.03595711290836334,0.2519260346889496
-0.26656320691108704,0.03306225314736366,0.17335841059684753
-0.2496449500322342,0.03943413496017456,0.024044811725616455
-0.12217722088098526,-0.016770921647548676,-0.09439685195684433
-0.040732692927122116,-0.062257979065179825,-0.02206113561987877
0.03977235406637192,-0.06670831143856049,-0.0009155245497822762
-0.10457950085401535,-0.16119621694087982,-0.47257331013679504
-0.22561970353126526,-0.4463489353656769,-0.529079258441925
-0.37675273418426514,-0.9450998902320862,-0.333540678024292
-0.6247766017913818,-1.4954044818878174,-0.2181999832391739
-0.8724047541618347,-2.078263521194458,-0.19322405755519867
-1.0098965167999268,-2.4039344787597656,0.01124739833176136
-1.0712122917175293,-2.5231521129608154,0.2337731420993805
-1.0583562850952148,-2.478775978088379,0.35770174860954285
-1.050112247467041,-2.305431365966797,0.3709813356399536
-1.0957767963409424,-2.0591752529144287,0.3936598002910614
-1.140680193901062,-1.7820199728012085,0.4626460373401642
-1.1738739013671875,-1.4353071451187134,0.5541843771934509
-1.2148362398147583,-1.0565897226333618,0.6523298621177673
-1.2634319067001343,-0.7924591898918152,0.7861002683639526
-1.2985645532608032,-0.7572500705718994,0.9553089737892151
-1.3564807176589966,-0.8670086860656738,1.113079309463501
-1.4785511493682861,-1.094897747039795,1.199812412261963
-1.7100121974945068,-1.287075161933899,1.2502285242080688
-2.001969575881958,-1.281218409538269,1.4222592115402222
-2.3123459815979004,-1.2134754657745361,1.5357985496520996
-2.55829119682312,-1.1649675369262695,1.5779582262039185
-2.72829532623291,-1.1195979118347168,1.5899510383605957
-2.8498501777648926,-1.113161563873291,1.5487385988235474
-2.8718886375427246,-1.2218197584152222,1.4587665796279907
-2.738154172897339,-1.4445103406906128,1.386643886566162
-2.450162887573242,-1.5466575622558594,1.3702173233032227
-2.1352312564849854,-1.509474515914917,1.3544772863388062
-1.947269082069397,-1.3990586996078491,1.2993639707565308
-1.9126335382461548,-1.2148329019546509,1.201426386833191
-1.939357876777649,-1.046401858329773,1.116487979888916
-1.9596351385116577,-0.9167478084564209,1.086212396621704
-1.9448000192642212,-0.783074140548706,1.0810072422027588
-1.9071130752563477,-0.6241135001182556,1.0735381841659546
-1.8669508695602417,-0.3482332229614258,1.0433986186981201
-1.803558588027954,0.03018973581492901,0.971592903137207
-1.678977370262146,0.3615110218524933,0.9243318438529968
-1.4838422536849976,0.6571671366691589,0.919687032699585
-1.2995456457138062,0.8687568306922913,0.9022448658943176
-1.1744697093963623,1.016740322113037,0.8615312576293945
-1.1300863027572632,1.0618599653244019,0.8338414430618286
-1.1164854764938354,1.0604727268218994,0.8851816058158875
-1.1012405157089233,1.0796630382537842,0.8907988667488098
-1.0713083744049072,1.0995901823043823,0.8972434401512146
-1.0076000690460205,1.1127272844314575,0.8967378735542297
-0.9500054121017456,1.1014575958251953,0.8198995590209961
-0.9286616444587708,1.0598430633544922,0.6933878660202026
-0.9205315113067627,1.019593358039856,0.5384347438812256
-0.9267544746398926,0.9866615533828735,0.3899473249912262
-0.9586871266365051,0.8837660551071167,0.2371671050786972
-0.9390828013420105,0.7403523921966553,0.07316039502620697
-0.8691218495368958,0.5669105648994446,-0.02035224437713623
-0.7875108122825623,0.49337565898895264,-0.06695330888032913
-0.6819186210632324,0.4758976101875305,-0.12132946401834488
-0.5647304058074951,0.4451434314250946,-0.1993495672941208
-0.5005341172218323,0.4121561646461487,-0.2509043514728546
-0.49181729555130005,0.3432124853134155,-0.2688314914703369
-0.48723268508911133,0.2060602307319641,-0.25399741530418396
-0.4610164761543274,0.05138734355568886,-0.22765791416168213
-0.39619728922843933,-0.06777020543813705,-0.19947314262390137
-0.31865596771240234,-0.15103600919246674,-0.19894804060459137
-0.2445005178451538,-0.20736506581306458,-0.21497787535190582
-0.1817898452281952,-0.21234440803527832,-0.22013255953788757
-0.11123526841402054,-0.23378951847553253,-0.2223333865404129
-0.06664935499429703,-0.2527429759502411,-0.20945720374584198
-0.050094347447156906,-0.2688939571380615,-0.19763648509979248
-0.01748405396938324,-0.2487059235572815,-0.19293780624866486
0.039588555693626404,-0.22157922387123108,-0.191733255982399
0.12010454386472702,-0.19160202145576477,-0.18440912663936615
0.19180801510810852,-0.127644345164299,-0.16611135005950928
0.25002649426460266,-0.05624086782336235,-0.1400146633386612
0.28419989347457886,-0.03416352719068527,-0.11571118980646133
0.29053795337677,-0.03843202441930771,-0.09339676797389984
0.2880984842777252,-0.050988562405109406,-0.06848369538784027
0.283417671918869,-0.07712499797344208,-0.0693993791937828
0.28091830015182495,-0.11971480399370193,-0.06948938965797424
0.2793588936328888,-0.14864696562290192,-0.07533779740333557
0.2695606052875519,-0.15603376924991608,-0.07587868720293045
0.2651507556438446,-0.15073953568935394,-0.06730880588293076
0.26956573128700256,-0.11802606284618378,-0.054240673780441284
0.28319570422172546,-0.07824622839689255,-0.059876032173633575
0.29057639837265015,-0.05851060897111893,-0.06675151735544205
0.2866113781929016,-0.08841527998447418,-0.06830079853534698
0.2943536937236786,-0.13597479462623596,-0.0537964291870594
0.2903391718864441,-0.19337846338748932,-0.028816573321819305
0.27597275376319885,-0.25068676471710205,0.002839889843016863
0.2395780235528946,-0.263969361782074,0.02460945025086403
0.1940784454345703,-0.2650972306728363,0.031035125255584717
0.1416984498500824,-0.24840055406093597,0.024107253178954124
0.09084245562553406,-0.21770069003105164,0.02419327385723591
0.04804910346865654,-0.2093442976474762,0.029623612761497498
-0.01387045718729496,-0.21293982863426208,0.015786627307534218
-0.08968411386013031,-0.1967940628528595,-0.006382149178534746
-0.16679647564888,-0.16998295485973358,-0.03267420828342438
-0.23105230927467346,-0.1676008403301239,-0.0627790242433548
-0.2681908905506134,-0.1727045327425003,-0.08015188574790955
-0.2686341106891632,-0.18436047434806824,-0.08681196719408035
-0.2518266439437866,-0.19320110976696014,-0.08385559171438217
-0.2400827705860138,-0.21934476494789124,-0.08369868248701096
-0.23439879715442657,-0.230385422706604,-0.08519989997148514
-0.23753622174263,-0.2137586772441864,-0.09442977607250214
-0.23662061989307404,-0.1557246744632721,-0.10489999502897263
-0.2160792201757431,-0.06019582226872444,-0.13166594505310059
-0.1714148223400116,0.02376166172325611,-0.1691611260175705
-0.12691053748130798,0.10784417390823364,-0.19342555105686188
-0.09174375981092453,0.1707586944103241,-0.20071488618850708
-0.06364952772855759,0.20565201342105865,-0.18897774815559387
-0.04664736986160278,0.21013996005058289,-0.1597713977098465
-0.03907325491309166,0.19725167751312256,-0.13088662922382355
-0.030280299484729767,0.17498470842838287,-0.11693673580884933
-0.03644482418894768,0.14901238679885864,-0.10622593015432358
-0.04717736318707466,0.12321221083402634,-0.09847933053970337
-0.07476324588060379,0.0979345366358757,-0.09128033369779587
-0.10225372761487961,0.0718320906162262,-0.07549124956130981
-0.12250836938619614,0.039965223520994186,-0.06141131371259689
-0.11904572695493698,0.014667322859168053,-0.05176055058836937
-0.08391043543815613,0.0064604380168020725,-0.038357704877853394
-0.045576900243759155,0.023327035829424858,-0.022613096982240677
-0.009052252396941185,0.08385229110717773,-0.021335141733288765
0.03057638183236122,0.14993436634540558,-0.027071591466665268
0.06411625444889069,0.1938813030719757,-0.03334007412195206
0.08519969880580902,0.20357654988765717,-0.037425894290208817
0.08237738907337189,0.18711672723293304,-0.03871002793312073
0.0676322653889656,0.16435283422470093,-0.037368595600128174
0.04311256483197212,0.1423865258693695,-0.0365714430809021
0.012452919036149979,0.10107371211051941,-0.021485701203346252
-0.0038646231405436993,0.06847181916236877,-0.016414374113082886
0.0016212223563343287,0.061272766441106796,0.0005598156712949276
0.021962936967611313,0.08453677594661713,0.026131227612495422
0.05312538146972656,0.11875146627426147,0.04621412605047226
0.10447957366704941,0.16182297468185425,0.07202723622322083
0.1440938264131546,0.20133709907531738,0.08367164433002472
0.15892714262008667,0.2184179574251175,0.07722921669483185
0.14404059946537018,0.21643151342868805,0.07119742035865784
0.11483152955770493,0.18487676978111267,0.06404677033424377
0.05608699098229408,0.12486162781715393,0.05162791907787323
0.003355159889906645,0.08114691078662872,0.049455173313617706
-0.04231751710176468,0.09876877814531326,0.06530258059501648
-0.11617659032344818,0.18493349850177765,0.06971483677625656
0.8440679311752319,-1.7972716093063354,0.10763958096504211
1.4334924221038818,0.7399513721466064,0.22327178716659546
1.1515430212020874,0.3285537362098694,-0.0619538277387619
0.7063121795654297,0.46003180742263794,0.029764723032712936
0.5457499623298645,0.6066768765449524,-0.10378400981426239
0.4721238911151886,0.4615115821361542,-0.23464639484882355
0.33521637320518494,0.3756299912929535,-0.24386093020439148
0.3072890639305115,0.259820818901062,-0.18491120636463165
0.31323856115341187,0.12323502451181412,-0.12140918523073196
0.28463634848594666,-0.02340979129076004,-0.050062112510204315
0.2606101334095001,-0.10908447951078415,0.004103389568626881
0.22380748391151428,-0.09234001487493515,0.05567428469657898
0.21778075397014618,-0.0313379131257534,0.11902235448360443
0.21661695837974548,0.061673857271671295,0.10762720555067062
0.21017742156982422,0.12375932931900024,0.1008894070982933
0.19883973896503448,0.1285649985074997,0.11751998960971832
0.1690072864294052,0.12611062824726105,0.14870959520339966
0.14039325714111328,0.1283487230539322,0.17934054136276245
0.10695698857307434,0.09994877874851227,0.21601839363574982
0.083742655813694,0.055981844663619995,0.24521370232105255
0.08220627903938293,0.018730347976088524,0.2671477794647217
0.0830494612455368,0.004251790698617697,0.28864115476608276
0.07203275710344315,0.0015476169064640999,0.30451810359954834
0.04698724299669266,0.006104815751314163,0.30050674080848694
0.0014397315680980682,-0.0073241740465164185,0.29375162720680237
-0.056640833616256714,-0.02432190626859665,0.2754290997982025
-0.11318612843751907,-0.04773668572306633,0.23925219476222992
-0.16231536865234375,-0.08059518784284592,0.19642692804336548
-0.2096344232559204,-0.11870049685239792,0.16399015486240387
-0.25484994053840637,-0.14921611547470093,0.15595881640911102
-0.3125308156013489,-0.17172782123088837,0.15739744901657104
-0.352378249168396,-0.20037540793418884,0.16027085483074188
-0.3659049868583679,-0.21219319105148315,0.15113382041454315
-0.3576865792274475,-0.19670173525810242,0.13882826268672943
-0.3158986568450928,-0.16779685020446777,0.11415859311819077
-0.25426802039146423,-0.12665610015392303,0.08579275012016296
-0.19598020613193512,-0.10009852796792984,0.055103011429309845
-0.14122994244098663,-0.08324705809354782,0.03575213998556137
-0.0934312641620636,-0.06102537736296654,0.03271320462226868
-0.06968599557876587,-0.033451735973358154,0.05833199992775917
-0.05900592356920242,0.006321774795651436,0.08750586956739426
-0.04393751919269562,0.002589179202914238,0.1097177267074585
-0.03902079164981842,-0.006007771007716656,0.13378311693668365
-0.05074058473110199,-0.0014300477923825383,0.14405407011508942
-0.07846515625715256,-0.022543588653206825,0.15614402294158936
-0.10273817181587219,-0.026612574234604836,0.1583503633737564
-0.11755254119634628,0.009092159569263458,0.12645474076271057
-0.15322303771972656,0.0891081839799881,0.05094967409968376
-0.20252613723278046,0.19054292142391205,-0.04136587679386139
-0.216896191239357,0.22043491899967194,-0.17583969235420227
-0.19809535145759583,0.040214814245700836,-0.3280622661113739
-0.15658260881900787,-0.16951751708984375,-0.42557746171951294
-0.0674535259604454,-0.22475787997245789,-0.4945937991142273
0.010106883011758327,-0.047794222831726074,-0.44730043411254883
0.13138429820537567,0.2601494789123535,-0.3573540449142456
0.2920866310596466,0.36049002408981323,-0.30727460980415344
0.37334713339805603,0.4387856423854828,-0.227488175034523
0.29334330558776855,0.49919936060905457,-0.14841051399707794
0.17452290654182434,0.5376750826835632,-0.07301243394613266
0.059299178421497345,0.5776970982551575,-0.007389952428638935
-0.06016490235924721,0.6060437560081482,-0.01623138040304184
-0.15410710871219635,0.5458446741104126,-0.05726911127567291
-0.22417141497135162,0.41475966572761536,-0.053971584886312485
-0.23123985528945923,0.33260756731033325,-0.02101724036037922
-0.17225109040737152,0.32716912031173706,0.005715837236493826
-0.06649762392044067,0.3741239309310913,-0.022123608738183975
0.0752888023853302,0.3853805661201477,-0.11021432280540466
0.21344615519046783,0.37651726603507996,-0.19109424948692322
0.3602214753627777,0.4181019961833954,-0.25165876746177673
0.5144935846328735,0.46532273292541504,-0.27616414427757263
0.6614673137664795,0.4454592764377594,-0.27436116337776184
0.752299427986145,0.43170565366744995,-0.2710362672805786
0.7660620808601379,0.41601404547691345,-0.26689693331718445
0.7195028066635132,0.3595866560935974,-0.24608522653579712
0.6305870413780212,0.3413623869419098,-0.23829202353954315
0.5181316137313843,0.277919203042984,-0.2384810447692871
0.407421350479126,0.1839791238307953,-0.2695228159427643
0.3284139037132263,0.1102219894528389,-0.3214574456214905
0.3149191439151764,0.08571930974721909,-0.36016809940338135
0.3538907468318939,0.08687327802181244,-0.36929550766944885
0.42356011271476746,0.09636664390563965,-0.33120402693748474
0.5205106139183044,0.10400043427944183,-0.2794282138347626
0.6233326196670532,0.11269991844892502,-0.22413431107997894
0.7109175324440002,0.097649484872818,-0.18611595034599304
0.7684710621833801,0.06366834789514542,-0.1713351458311081
0.7936100363731384,0.03721579164266586,-0.17849980294704437
0.7995802760124207,0.02762974612414837,-0.1995030790567398
0.7883732914924622,0.014133983291685581,-0.20778939127922058
0.7522890567779541,0.014596840366721153,-0.2012753039598465
0.7099060416221619,0.0003429788339417428,-0.2150602638721466
0.6900804042816162,-0.045423708856105804,-0.25149524211883545
0.7040859460830688,-0.09145369380712509,-0.30177512764930725
0.7557744383811951,-0.08495531231164932,-0.3582988679409027
0.8536679744720459,-0.038184475153684616,-0.42747053503990173
0.9912205338478088,0.043249133974313736,-0.48918184638023376
1.1448577642440796,0.12273645401000977,-0.5466152429580688
1.3094632625579834,0.1605011373758316,-0.6374942660331726
1.4969396591186523,0.18636444211006165,-0.7594990134239197
1.6635723114013672,0.2298450767993927,-0.8791250586509705
1.841152310371399,0.3135673999786377,-0.9534047245979309
2.0411877632141113,0.4385010898113251,-1.001960277557373
2.2297956943511963,0.5609047412872314,-1.0415301322937012
2.40513277053833,0.6382794380187988,-1.0739325284957886
2.5440938472747803,0.6717173457145691,-1.1076058149337769
2.6408181190490723,0.6705095767974854,-1.1185673475265503
2.6802597045898438,0.6925697922706604,-1.1178990602493286
2.680340528488159,0.70185786485672,-1.0819402933120728
2.6522789001464844,0.7068648338317871,-1.0166946649551392
2.5915937423706055,0.7107349634170532,-0.9644700288772583
2.5074119567871094,0.6711755394935608,-0.9178387522697449
2.3926806449890137,0.5953785181045532,-0.8946197032928467
2.246411085128784,0.5131577849388123,-0.8781209588050842
2.082582950592041,0.41636762022972107,-0.8737512230873108
1.9375287294387817,0.3229709565639496,-0.8787207007408142
1.8117655515670776,0.275529146194458,-0.8780423998832703
1.714548110961914,0.30612415075302124,-0.8493743538856506
1.6516884565353394,0.36393415927886963,-0.7923645973205566
1.5699083805084229,0.4060749411582947,-0.7122957706451416
1.4506381750106812,0.4388478100299835,-0.6327647566795349
1.3652055263519287,0.4829932451248169,-0.5678684711456299
1.309828281402588,0.4906868636608124,-0.500914454460144
1.2567826509475708,0.4536201059818268,-0.49713826179504395
1.1993961334228516,0.4142735004425049,-0.4661949872970581
1.142473816871643,0.3945736289024353,-0.4433516263961792
1.0721229314804077,0.37387606501579285,-0.4392561912536621
1.0031834840774536,0.3361547887325287,-0.43813782930374146
0.9269978404045105,0.36443063616752625,-0.42654427886009216
0.8660368323326111,0.43040135502815247,-0.43803414702415466
0.8413642644882202,0.48944175243377686,-0.45443519949913025
0.8321529030799866,0.5233947038650513,-0.46051016449928284
0.7745774984359741,0.4833863377571106,-0.49036741256713867
0.754925012588501,0.4024909436702728,-0.48211899399757385
0.727209210395813,0.3463999927043915,-0.4208918511867523
0.7105650901794434,0.3154883086681366,-0.3332204818725586
0.6945118308067322,0.4194333553314209,-0.2738807201385498
0.6617907285690308,0.571588933467865,-0.28952857851982117
0.6206408739089966,0.6958837509155273,-0.323832243680954
0.6163009405136108,0.6965986490249634,-0.3426454961299896
0.6302761435508728,0.6231343150138855,-0.3574625253677368
0.6633313298225403,0.5534667372703552,-0.345081627368927
0.6440910696983337,0.4986170530319214,-0.31586089730262756
0.6187379956245422,0.4667402505874634,-0.26064345240592957
0.6290947794914246,0.5326796174049377,-0.18677003681659698
-0.5718373656272888,0.9189078211784363,0.01839408278465271
-0.47555533051490784,0.2526746392250061,0.08833188563585281
-0.4544776380062103,0.10074131190776825,0.08823373913764954
-0.449687123298645,0.05922635644674301,0.11549839377403259
-0.3837122619152069,0.013987207785248756,0.1458338052034378
-0.3386813998222351,0.02887081541121006,0.17918084561824799
-0.3141881227493286,-0.013261123560369015,0.26300927996635437
-0.3244522213935852,-0.04273592308163643,0.2938726544380188
-0.3163004219532013,-0.018305379897356033,0.3060641884803772
-0.31558990478515625,-0.037217289209365845,0.27274006605148315
-0.3698291778564453,-0.0669691264629364,0.18918552994728088
-0.4295598864555359,-0.08056110143661499,0.17459194362163544
-0.494052916765213,-0.11131244152784348,0.1447674185037613
-0.5856890678405762,-0.15545274317264557,0.16170725226402283
-0.6857311725616455,-0.23998034000396729,-0.03131828084588051
-0.6410723924636841,0.05310267210006714,-0.04205268248915672
-0.5390242338180542,0.292287677526474,0.002439239528030157
-0.5829634666442871,-0.13164842128753662,-0.1273786723613739
-0.5129074454307556,0.0807739794254303,-0.20716866850852966
-0.4678419828414917,0.06002715602517128,-0.23848956823349
-0.4378525912761688,0.023027077317237854,-0.29475119709968567
-0.3805115222930908,0.06445787101984024,-0.34946051239967346
-0.14376139640808105,0.09076670557260513,-0.4097396731376648
0.0759965181350708,-0.021689530462026596,-0.46684157848358154
0.010970468632876873,-0.012387835420668125,-0.4074668288230896
0.012238666415214539,0.0015090714441612363,-0.3267248272895813
0.010793508030474186,0.006763915531337261,-0.2854800522327423
0.020618174225091934,0.0067181093618273735,-0.25101980566978455
0.032383278012275696,0.02150973118841648,-0.23950639367103577
0.029599742963910103,0.008081539534032345,-0.23415690660476685
0.012529964558780193,0.011158199049532413,-0.24918170273303986
0.00269997026771307,0.010695075616240501,-0.24097038805484772
-0.02045595832169056,0.015434919856488705,-0.2396472543478012
-0.038840822875499725,0.010749620385468006,-0.24140094220638275
-0.030373238027095795,0.011080136522650719,-0.24562253057956696
-0.019137095659971237,0.010789318941533566,-0.2390304058790207
-0.01955871284008026,0.009417414665222168,-0.22065095603466034
-0.015349851921200752,0.007487955037504435,-0.2107815444469452
-0.01223654393106699,0.002660922473296523,-0.20850446820259094
-0.015415825881063938,-0.009724641218781471,-0.22370153665542603
-0.008652500808238983,-0.010384339839220047,-0.256846159696579
-0.013452049344778061,-0.012672794051468372,-0.295141339302063
-0.01164083369076252,-0.005842318292707205,-0.31113868951797485
-0.012967354618012905,-0.0021525088232010603,-0.34938621520996094
-0.015102747827768326,0.004183736629784107,-0.4787120521068573
-0.03245404362678528,0.010731651447713375,-0.5379732251167297
0.006667710840702057,0.0019287662580609322,-0.251261442899704
-0.01271797064691782,-0.01382276602089405,-0.31016629934310913
-0.009319433011114597,0.0009499308653175831,-0.3569270670413971
-0.00917908363044262,0.0032479725778102875,-0.42214176058769226
-0.007718867622315884,0.005192009266465902,-0.42791491746902466
-0.004363018088042736,0.008884216658771038,-0.35926875472068787
-0.008239571005105972,0.0033787712454795837,-0.22753950953483582
-0.008498696610331535,0.005337526556104422,-0.1430230289697647
-0.006407474167644978,0.0005103313596919179,-0.12243913859128952
-0.004970964975655079,-0.00236961105838418,-0.14287197589874268
-0.0042330678552389145,0.0025875791907310486,-0.16451901197433472
-0.0011533884098753333,0.005903747398406267,-0.1508290320634842
-0.002890747506171465,0.006848106626421213,-0.15414853394031525
-8.057989180088043e-05,0.005253938026726246,-0.1617784947156906
-0.0036281112115830183,0.0064036427065730095,-0.1704065352678299
-0.00021740086958743632,0.005407886579632759,-0.19464316964149475
-0.002590307965874672,0.007308937609195709,-0.2212785929441452
2.3850880097597837e-05,0.008829602040350437,-0.2207944244146347
-0.0010860689217224717,0.008596647530794144,-0.18840228021144867
0.0019901483319699764,0.008548710495233536,-0.13106362521648407
0.0019990894943475723,0.005133955739438534,-0.07756797224283218
0.000697868992574513,0.004908119793981314,-0.0310814306139946
-0.0015237468760460615,0.005383367650210857,0.010311517864465714
0.001792154973372817,0.0051530045457184315,0.04579015076160431
0.0008890304015949368,0.002516969572752714,0.05396033823490143
-0.0009384307195432484,0.0015704822726547718,0.014302411116659641
6.110029062256217e-05,0.0025753306690603495,0.0014509139582514763
0.0002919963444583118,-0.002488936297595501,0.0019001895561814308
0.0015747465658932924,0.0005069222534075379,0.002123482059687376
0.00020428394782356918,0.00012129652895964682,0.0014236033894121647
-0.0013325476320460439,-0.0002729750412981957,0.002161129377782345
0.0006102283950895071,0.001387772266753018,0.007059481926262379
0.0003126991505268961,-0.0019229617901146412,0.0013008993119001389
-0.0001618761452846229,-0.0002417082869214937,0.0038013411685824394
-0.002369566820561886,-0.0007869100663810968,0.001761971041560173
0.0006781546981073916,-0.00032618315890431404,0.001226942054927349
-0.0022813507821410894,0.0002517403627280146,0.0013409880921244621
0.001734429970383644,-1.0314688552170992e-05,0.0008528302423655987
-0.0002664077328518033,-0.0001793551055015996,-0.0014875717461109161
0.0025496187154203653,-0.0001298203133046627,-0.0024553644470870495
-0.0020730015821754932,0.0007012088317424059,-0.0001881774514913559
-0.00110600795596838,-0.0007989498553797603,0.00309629924595356
0.00199511437676847,0.002030889503657818,-0.0006037550047039986
0.002022544853389263,-0.0008397317724302411,0.0014354274608194828
-0.0010474594309926033,0.0015095139387995005,0.000499974936246872
-0.0020599933341145515,0.0018581217154860497,-0.00018632179126143456
0.0001994974008994177,0.0005534568335860968,-0.00025470321998000145
-4.391552647575736e-05,0.000810185563750565,0.0019242954440414906
0.00022077889298088849,-0.0006580686895176768,0.0007303468883037567
-0.002234122948721051,2.5298475520685315e-05,0.002187361940741539
-0.0018485530745238066,-0.002350063528865576,-0.0005586668848991394
-0.00048554729437455535,0.00024731733719818294,0.00047224247828125954
0.00023913462064228952,-0.00040930890827439725,-0.00025922711938619614
-0.0017217507120221853,0.0009576916927471757,0.0012989887036383152
-0.0009551665280014277,0.003108565928414464,0.0008926996961236
0.0006227564299479127,-0.000964206294156611,0.0014839209616184235
0.0008842872339300811,-0.000904159271158278,-0.0017288844101130962
-0.0006944346241652966,0.00037868539220653474,0.00031855376437306404
0.0013666888698935509,-0.0013999186921864748,0.0007697353139519691
-0.0010709024500101805,0.00022407693904824555,-0.0006622462533414364
-0.00036040626582689583,0.0004965363768860698,0.0010437020100653172
0.0026380468625575304,-0.00012398019316606224,0.001096965279430151
0.0005582317244261503,0.0004926661495119333,0.0017919526435434818
0.00012493543908931315,-0.0008279954781755805,-0.0006885156035423279
-5.549690104089677e-05,0.0019965884275734425,-0.001846066676080227
-0.0005942544084973633,0.0014849952422082424,0.000304435845464468
0.0008394549950025976,0.00010311626829206944,-0.00012420816347002983
0.0013084376696497202,-3.0041788704693317e-05,-0.0003143581561744213
3.7202262319624424e-06,-4.264686140231788e-05,0.0012009358033537865
-0.0014756657183170319,0.0006031696684658527,-0.0009953733533620834
0.0005300119519233704,0.00018681029905565083,0.0005934960208833218
0.0003406612086109817,0.0011130577186122537,-0.0015969541855156422
-0.0004102442762814462,1.4282704796642065e-05,-0.001328004989773035
0.0010086878901347518,0.0019519986817613244,0.0009074523113667965
0.0013271505013108253,0.001087047508917749,-0.0007691988721489906
-0.00012267439160495996,0.0008273893035948277,-0.0008211303502321243
0.001694687525741756,0.0013086763210594654,0.0026138676330447197
-0.0004712614172603935,0.0009928254876285791,0.0006681615486741066
0.0006428139749914408,0.0008707293309271336,0.0015921075828373432
-0.0002916892699431628,-0.0005548608023673296,0.0019305958412587643
-0.0015620833728462458,0.0001462432264816016,-0.0003768294118344784
2.75573693215847e-05,-0.00021088669018354267,-0.0007459432817995548
-0.00017526501324027777,-0.0016966881230473518,-0.0004635746590793133
0.00015976064605638385,0.0010639447718858719,0.0007095476612448692
-0.0006398935220204294,0.0008188598440028727,-0.0003193519078195095
-0.001623665215447545,-0.0003257667995058,0.0004721395671367645
-0.001850062981247902,0.00011719510075636208,-0.0004416746087372303
0.002275706036016345,0.0009789940668269992,0.001370872836560011
-0.0017964164726436138,0.0005608987994492054,0.0015184641815721989
0.0034614624455571175,-0.0007025048253126442,-0.00085094990208745
3.0674142180942e-05,-0.0012212306028231978,-0.00035928282886743546
-0.002082011429592967,0.0012778796954080462,-0.000699368305504322
0.0005479935207404196,-0.0016468854155391455,-0.0006012525409460068
0.0005360092618502676,-0.00065485795494169,-0.0020550722256302834
0.0006601352943107486,-0.0008525323355570436,-0.00018901284784078598
-0.0007939506322145462,-0.0019596084021031857,-0.0008135242387652397
-0.0005300469929352403,0.0020268280059099197,0.00045791780576109886
-0.0021186224184930325,0.0006329293246380985,0.0008009327575564384
0.0005874406197108328,-0.0010183369740843773,-0.00023110397160053253
0.0003733224584721029,-0.000529380573425442,-0.001118735410273075
-0.0019093308364972472,-0.0017543401336297393,0.0027190791442990303
0.0002595475525595248,0.0003868413914460689,0.0017792489379644394
-0.0034953400027006865,0.0017454457702115178,-0.0011170213110744953
-0.0015522977337241173,0.0008735269075259566,-0.0003407099284231663
-0.0014457725919783115,1.1364056263118982e-05,-0.001018870621919632
0.0002250946417916566,2.1217740140855312e-05,0.00167038943618536
0.0018304581753909588,0.0022060752380639315,-0.004076424986124039
3.282446414232254e-05,-0.0003217973280698061,0.0018698815256357193
-4.463539517018944e-05,0.002444569719955325,0.0025920700281858444
-0.00045795796904712915,0.0006472023669630289,-0.000997072085738182
-0.001550903427414596,0.0029297403525561094,0.0007940549403429031
-0.0005516853416338563,0.0011635319096967578,0.0005554351955652237
-0.00039060768904164433,-0.0012376236263662577,-0.0025373799726366997
-0.0006324227433651686,0.0008657409925945103,0.0013138172216713428
-0.0013845015782862902,-0.0015562806511297822,0.002079786267131567
0.0009942339966073632,0.0009364380966871977,0.0005798935890197754
0.0007096792105585337,-0.00023735618742648512,0.0020197839476168156
4.948153218720108e-05,-0.00011351919965818524,-0.002162710763514042
-0.0005710485856980085,-0.001841446734033525,-0.0005805208347737789
-0.0005273727001622319,0.0005671161925420165,7.301894947886467e-05
-0.001089594792574644,2.246466465294361e-05,-0.001852225512266159
-0.002420110162347555,0.0013764157192781568,-0.0009555392898619175
0.0003477374848444015,-0.001846117083914578,0.00048174383118748665
0.0005368218990042806,-0.0009901770390570164,-0.0021920697763562202
-0.0016649040626361966,-0.0007911599823273718,0.0006895191036164761
-3.9576858398504555e-05,0.0013348414795473218,-0.00033180322498083115
-0.000832334510050714,0.00029464380349963903,0.00015042955055832863
0.0004481132491491735,0.0020435417536646128,0.0013690921477973461
-0.0017569608753547072,-0.000470475060865283,0.0004134019836783409
-0.0027042473666369915,0.0006384652806445956,-0.0012755747884511948
-0.0016552102752029896,0.0006308041047304869,-0.00024371594190597534
0.0017555000958964229,-0.00015695896581746638,-0.0025050058029592037
0.00028421267052181065,-0.002828791970387101,-0.0005164425820112228
-0.0022228872403502464,0.002467170124873519,0.0016737408004701138
-0.0012185005471110344,0.0008671784307807684,3.30023467540741e-05
-0.0008344727102667093,0.0010631871409714222,0.0012388816103339195
0.0017332705901935697,0.0011773325968533754,0.00013888487592339516
0.0007084862445481122,0.0008521606796421111,-0.0021730056032538414
-0.0007804807391948998,-0.0014827931299805641,-0.0011812117882072926
-0.0019306999165564775,-0.0010329852811992168,0.0020518656820058823
-0.00040089458343572915,0.0006554506253451109,0.0012345514260232449
-0.0015910612419247627,0.001159054460003972,0.0007820809260010719
0.0009502806351520121,0.000943287624977529,-0.0009114914573729038
-0.00123111461289227,0.0004628534079529345,0.0007559135556221008
-0.0011117857648059726,0.0005026282742619514,0.0013682059943675995
0.001204631756991148,-0.00022095258464105427,0.00017724046483635902
-0.0001172861666418612,-0.0017409247811883688,0.0005658748559653759
-0.0019391545793041587,-0.0012104231864213943,0.0022138385102152824
0.0007910910062491894,-0.00041292261448688805,-0.000299032311886549
-0.0021000364795327187,0.0010837739100679755,-0.00105750048533082
-0.00413302518427372,0.000998775940388441,0.000354875810444355
0.0002774357853922993,0.0010435170261189342,-0.0008986741304397583
-0.00294072600081563,-0.0016182505059987307,-0.001399096567183733
-0.0012363027781248093,-0.0001990519667742774,0.00023635057732462883
0.0001084093819372356,-0.0009111127001233399,0.0005292370915412903
-0.00026762892957776785,-0.0002120328863384202,0.001841376069933176
-0.001825479557737708,0.0012924629263579845,-0.0011449665762484074
-0.00021373445633798838,-0.0004764087498188019,-0.00017557619139552116
0.0003267982101533562,-4.0380400605499744e-06,0.0017961692065000534
9.882031008601189e-06,0.0010465789819136262,-0.00020439689978957176
-8.367528789676726e-05,8.393687312491238e-05,-0.0005539893172681332
-0.0019574754405766726,0.0007398733869194984,0.0019845357164740562
-0.0021145478822290897,0.0019257664680480957,0.0011438140645623207
0.0005464825662784278,-9.743715054355562e-05,0.0019640671089291573
0.0017396644689142704,-0.00023111802875064313,0.0011093420907855034
-0.0021869000047445297,-0.000990651547908783,0.0015876460820436478
0.0008813826716504991,0.0009235288016498089,0.0019747335463762283
-0.00242146966047585,-6.263976683840156e-05,-0.0004348945803940296
-0.000247001473326236,0.0007613171474076807,0.0005494379438459873
0.001826535677537322,-7.385018398053944e-05,0.0006112232804298401
-0.0005214335978962481,0.0013657574309036136,0.0006042090244591236
0.0005459613748826087,-0.0009088484803214669,-0.002080789767205715
0.0019067737739533186,-0.0011565007735043764,-0.002676845993846655
-0.0023012871388345957,0.00047947908751666546,0.0014989902265369892
-4.913663724437356e-05,0.00039202714106068015,-0.0002172631211578846
0.0007322347955778241,0.0007451622514054179,0.00023254472762346268
-0.0009417776600457728,-0.00014834123430773616,-0.0005329521372914314
-0.0012230074498802423,-0.0005126616451889277,0.0002452237531542778
-0.002385469852015376,-0.00048455718206241727,-0.0016672289930284023
-0.0014022307004779577,-0.0020566212479025126,-0.001695191953331232
-0.000573954195715487,0.0008992039365693927,0.001122229266911745
0.0006388493347913027,-0.001714954967610538,-0.001798725686967373
-0.0009208709234371781,0.0007778560393489897,-0.0011747442185878754
-0.003071106970310211,-0.0024903754238039255,-9.589781984686852e-05
-0.0008110969210974872,0.00023360014893114567,-0.001316069159656763
-0.001000714022666216,0.0012144423089921474,0.00038968585431575775
-0.00011582954903133214,0.0007418144959956408,0.000353414099663496
0.0017944558057934046,0.0015926945488899946,0.001756634097546339
0.0008743496146053076,-0.0007910440908744931,0.00017881859093904495
-0.0004439150507096201,0.0009027263149619102,0.0011154520325362682
0.0012716109631583095,-0.0009669245919212699,0.0002037077210843563
-0.00017555075464770198,0.00017210940131917596,0.0007925331592559814
-0.0020735382568091154,0.0011727121891453862,-0.002900604624301195
0.0018708696588873863,-0.0020246789790689945,0.0006429976783692837
-0.0020212188828736544,0.0008149170316755772,-0.0009278370998799801
0.0006637801416218281,0.0006260989466682076,0.0006527486257255077
0.0006720955716446042,0.001419425243511796,-0.00023395754396915436
-0.0028877519071102142,8.118682308122516e-05,-0.0008299732580780983
-0.0002790017460938543,0.0011072739725932479,-0.0009484621696174145
0.0016850795364007354,-0.0006040733424015343,-0.001631030347198248
-0.00027470060740597546,-0.0008970072376541793,0.0007867785170674324
-0.00022197005455382168,-1.0440911864861846e-05,-0.0018356363289058208
-0.0015740017406642437,-0.001335945911705494,-0.00011346535757184029
0.0008121905848383904,0.0008782061049714684,-0.0013925815001130104
-0.0011506346054375172,-0.00045179526205174625,0.0005590850487351418
0.000484546268125996,0.0032497323118150234,0.0019636359065771103
-0.0004028219555038959,0.0012225308455526829,-0.0018864688463509083
-0.0006648770067840815,0.0009269200381822884,0.0013109222054481506
9.63615020737052e-05,-0.00024822575505822897,0.0015307841822504997
-0.0011635799892246723,0.0017752440180629492,-0.00018295971676707268
-0.0005341460928320885,-0.001178492559120059,-0.001119682565331459
-0.0008667749352753162,0.000368271314073354,-0.0006661461666226387
0.0002194675471400842,-0.001978200627490878,3.9540696889162064e-05
-0.0007643041317351162,-0.0009776509832590818,-0.002092586364597082
0.0017009701114147902,0.0001945026160683483,-0.00017923908308148384
0.001965954666957259,0.0004706724139396101,-0.00014355266466736794
0.0007061908254399896,-0.000819181150291115,0.0010650446638464928
0.0001509217545390129,0.000671123736537993,0.0008384091779589653
0.00018518249271437526,-3.0072755180299282e-05,0.001369241625070572
-0.0028572126757353544,-0.0009275580523535609,-0.002371434587985277
0.0003806305176112801,0.00043325385195203125,0.0021532345563173294
-0.0012074123369529843,0.001730745891109109,0.00047677429392933846
-0.0015512834070250392,-0.00014022988034412265,-0.00011169351637363434
-0.0018239911878481507,-0.00042678602039813995,-0.0022912248969078064
-0.0008861600654199719,-8.658246952109039e-05,-0.0021988381631672382
0.002509902697056532,0.0021760391537100077,0.002278734464198351
3.905370249412954e-05,0.0012216803152114153,7.309671491384506e-05
0.00035463826498016715,0.0024541914463043213,0.0015847068279981613
-0.0011145584285259247,-5.634638364426792e-05,-0.0012149494141340256
0.0002598989231046289,0.0026267883367836475,-0.000826127827167511
-0.0009018729906529188,-0.0011807067785412073,-0.0011048917658627033
-0.000283753324765712,7.870205445215106e-05,-0.0002167276106774807
-0.0018598716706037521,-0.000858740066178143,-0.00013824133202433586
0.001947649521753192,0.0002922781277447939,0.0003499160520732403
0.0005913370405323803,0.0005252388655208051,0.001729826908558607
-0.00011812907177954912,0.0005872905603609979,0.0003814683295786381
0.0005873882328160107,-0.0009242965024895966,0.0015075644478201866
0.0010265435557812452,-0.001675041625276208,0.0004524202086031437
0.0011802415829151869,0.0005952678620815277,-0.0003332761116325855
-0.0006653290474787354,-0.0006271230522543192,0.003647351171821356
0.00019363155297469348,-0.0003013394889421761,0.0014568003825843334
0.0014788730768486857,-0.0013567502610385418,4.346063360571861e-05
0.001342973206192255,0.002427648054435849,-0.00010004406794905663
-0.003059498267248273,0.00043214153265580535,0.0004203375428915024
0.0013839437160640955,-0.0004791704996023327,-0.0013928092084825039
0.0024936827830970287,0.0005440160166472197,-0.0003951890394091606
0.0010154277551919222,0.0011608561035245657,-0.0023078792728483677
-0.0008080385741777718,0.002666607266291976,0.0003747232258319855
-0.000745134602766484,-0.0005465316353365779,0.0017552082426846027
0.0016663577407598495,0.00010620913235470653,0.001967462245374918
0.0010391698451712728,-8.352234726771712e-05,0.0003006015904247761
0.0014897767687216401,-0.0016465315129607916,-0.0017705387435853481
0.002150319516658783,0.0017672204412519932,-0.0005061854608356953
0.0011260677129030228,0.0011432419996708632,0.0017513763159513474
0.001750559196807444,0.00026542117120698094,0.0001499583013355732
-0.001990116899833083,0.0008553113439120352,-0.0032804596703499556
-0.001619029906578362,-1.828119275160134e-05,-0.0022153621539473534
0.0015887476038187742,0.000844050373416394,-0.0007868423126637936
0.0006551248952746391,0.0017015933990478516,0.0002643284387886524
-0.0009310537716373801,-4.011395503766835e-05,-0.0009359586983919144
-0.0021081354934722185,0.0027370047755539417,-0.0027385642752051353
-0.0031507632229477167,-0.0007176477229222655,0.000405031256377697
-0.002128719352185726,-0.00310802785679698,0.0018353848718106747
0.0018790718168020248,-0.0014952175552025437,-0.0002456093207001686
0.0009709487203508615,-0.0003114973660558462,-0.0005357139743864536
0.001951258396729827,0.0006642848602496088,-0.001752778422087431
0.0020018236245959997,0.0007079249480739236,-0.0012003378942608833
-0.0026160976849496365,0.0006005995674058795,-0.0006764945574104786
-0.001147958799265325,0.001927259610965848,-0.0009021093137562275
-0.0010275838430970907,-0.0011151356156915426,0.000791128259152174
0.00031006999779492617,0.000854270881973207,-0.000484708696603775
-0.0014366974355652928,0.001023914199322462,0.0006034588441252708
-0.00024659637711010873,-0.0009892733069136739,-0.0021238471381366253
0.0013254676014184952,0.0006011665100231767,0.0026573254726827145
0.00029163106228224933,-0.0014526434242725372,0.0013009211979806423
0.00014355930034071207,0.00014898169320076704,0.0008875983767211437
0.0024228980764746666,-0.0004466765676625073,-1.837918534874916e-05
0.0021938662976026535,0.0005994130624458194,0.0014471583999693394
-0.00105960201472044,0.00044770509703084826,0.0003396640531718731
0.00041392503771930933,-0.0001823988277465105,0.0013700411655008793
0.0025092163123190403,-0.0008015726925805211,-0.0021762866526842117
-0.0023523843847215176,-0.0025661832187324762,0.0006458652205765247
-0.003975780680775642,-0.00018738280050456524,-0.0001590796746313572
0.001909538870677352,0.0007391309482045472,-0.0016227532178163528
-0.0002155321417376399,-0.0003968074161093682,7.125502452254295e-05
0.0007623806595802307,-0.00042264009243808687,0.00029203109443187714
-0.0009849253110587597,-0.0013358390424400568,-0.0014368905685842037
0.0007282862206920981,0.0008165277540683746,-0.0010179756209254265
-0.0015103736659511924,7.948838174343109e-05,0.000787186436355114
0.0008467902080155909,-0.0010355771519243717,0.001913171261548996
-0.0022268774919211864,0.0014039607485756278,0.00010033184662461281
0.0008836948545649648,0.0004476196481846273,-0.00020060501992702484
0.00022901127522345632,-0.0012261366937309504,-4.280777648091316e-05
0.0002974545059259981,-0.0007331855595111847,-0.0001551932655274868
0.00028300166013650596,-0.0012508686631917953,0.0007232013158500195
0.000662235775962472,-0.0015392890200018883,-0.0010533933527767658
0.0028004758059978485,0.002631927840411663,-0.0010427297092974186
-0.0001955805637408048,0.0005168454954400659,0.001403916161507368
-0.0023643376771360636,0.0007090423605404794,0.0015551191754639149
0.0013558322098106146,-0.001865435391664505,0.0011378019116818905
-0.0011996353277936578,-0.0005626739584840834,-0.0006463103927671909
-0.0018382613779976964,1.150352181866765e-05,0.001489278394728899
-0.0012121677864342928,-0.0006912717362865806,-0.00030032824724912643
-0.000573009136132896,-0.0010976700577884912,0.0005923635326325893
-0.0007800159510225058,-0.0031206062994897366,0.001463347114622593
-0.0008913361234590411,0.0015231474535539746,0.0008811801671981812
-0.0016778591088950634,-0.0008998571429401636,-0.0020753396674990654
0.001563207944855094,-0.0009664361132308841,0.0016879737377166748
0.0036697203759104013,0.0021151932887732983,0.0017459816299378872
-0.001887497608549893,0.0005593745736405253,-0.00035099126398563385
0.001335371402092278,-0.0008329907432198524,0.0017964043654501438
-0.002074273768812418,-0.0001040835923049599,-0.000608962494879961
0.0005410093581303954,-0.0005194551777094603,8.451705798506737e-05
0.001185228000395,0.0016840443713590503,-0.00014398200437426567
-4.489737330004573e-05,0.0010491033317521214,-0.002723494078963995
-0.0019570470321923494,-0.00044839218026027083,0.0001700306311249733
0.0006377651588991284,-7.799980812706053e-05,0.0006169471889734268
-0.000866121961735189,0.0014786177780479193,0.0007780683226883411
-0.0011470027966424823,-0.00010832096450030804,0.0028632921166718006
-0.0007038528565317392,0.0018951750826090574,-0.0021945834159851074
0.0009996596490964293,0.0015432885847985744,-0.00017060944810509682
0.0003940568713005632,0.001776847755536437,0.0011037127114832401
0.0007996862987056375,-5.034677451476455e-05,0.00023490749299526215
0.0019280676497146487,0.0003898737486451864,0.0006186687387526035
-0.0006769660394638777,-7.691499195061624e-05,-0.00038552191108465195
-0.0007440776098519564,-0.003129962831735611,-0.0007200152613222599
0.0005724636139348149,-0.00013598368968814611,0.00022586481645703316
0.00062918895855546,0.00080171535955742,-0.001355520449578762
-0.0029205435421317816,0.0005364153184928,0.0002474244683980942
0.0009546221699565649,-0.0002944909792859107,-0.0006836168467998505
0.0005306621314957738,-0.0009587170789018273,0.0005984804593026638
-0.0004493810993153602,0.0005113478400744498,-0.0007245778106153011
-0.0009573728893883526,0.0008392583695240319,-0.0006705895066261292
0.0009220198844559491,0.001371357822790742,-0.002231467980891466
8.48798081278801e-05,-0.0011041124816983938,0.0009690942242741585
-0.002117021707817912,-0.0024569984525442123,0.0007254155352711678
0.0004761316522490233,0.00043791683856397867,0.0014071334153413773
-0.0008898037485778332,-0.0009961954783648252,-0.0021641659550368786
-0.0002517228131182492,0.0014649736694991589,-0.0020858929492533207
-0.0012706482084468007,-0.0008040395332500339,-0.0018728398717939854
-0.001967310206964612,0.0010569649748504162,-0.0033978938590735197
-0.0018802247941493988,-0.0010914071463048458,0.002715126145631075
-0.0010210308246314526,-0.00011543065193109214,0.00023376476019620895
0.0008698136080056429,0.0029171109199523926,-0.00022856006398797035
0.0004905763198621571,-0.0018126845825463533,-0.0009499895386397839
-0.001128092990256846,0.0005114561063237488,-0.0002834005281329155
-0.0014067768352106214,-0.001483185333199799,-0.0009118109010159969
-0.0018776236101984978,-0.0002860944368876517,-0.0013285959139466286
0.0016746616456657648,-0.00024373528140131384,-0.00037100305780768394
0.0009417596738785505,0.00035254648537375033,0.0009238258935511112
-0.0003664485993795097,-0.0028494924772530794,0.0003849407657980919
0.0004455492307897657,0.0007039632764644921,-0.0008739354088902473
-0.001804546918720007,0.00018564416677691042,0.0009958217851817608
0.0009286552667617798,0.00039630019455216825,-0.001448160968720913
-0.003169401315972209,-0.0011489435564726591,-6.40377402305603e-06
-0.0022663234267383814,0.002124347724020481,-0.0008192001841962337
-0.0005261109909042716,-0.0006380719132721424,0.00014032889157533646
0.000423305929871276,0.0006029611104167998,-0.0004468979313969612
-0.0006087155779823661,-0.001483613857999444,-0.0016342243179678917
0.0002629370428621769,-0.0019195734057575464,-0.0015082568861544132
0.001873330562375486,-0.0008495321380905807,0.0007323818281292915
0.001772396732121706,0.0005113431834615767,-0.00018561026081442833
0.001056921435520053,-0.0012994080316275358,0.0011349818669259548
-0.0008323249057866633,-0.0020658657886087894,0.001328859943896532
0.0018969691591337323,0.001345077296718955,0.0005170679651200771
0.00022610196901950985,-0.0016781431622803211,-0.0017029433511197567
8.659149170853198e-05,0.002222366165369749,0.0020507494919002056
-3.964232746511698e-05,0.0018207613611593843,0.003276336472481489
5.562556907534599e-06,-0.0017091325717046857,6.708968430757523e-05
-0.002326301299035549,6.666319677606225e-05,0.0010513942688703537
-0.0009929926600307226,-0.0003719322558026761,-4.314258694648743e-05
-0.0016236292431131005,0.00089733034837991,-0.002024001907557249
-0.0020393410231918097,-0.0012705267872661352,0.0006077522411942482
-0.000874740828294307,-0.003009304404258728,-0.0032112207263708115
0.0005724954535253346,0.0012037146370857954,0.0008272966369986534
-0.0029649813659489155,0.001310241175815463,-0.0010526292026042938
-0.0003583436773624271,-0.0007529893191531301,-0.00038452958688139915
0.0022094761952757835,0.0014739460311830044,-0.0018087881617248058
0.0007307970663532615,-1.3487529940903187e-05,-0.0013919994235038757
0.001606710720807314,0.0007180828251875937,0.0008525126613676548
0.0016966699622571468,-0.0019690748304128647,-0.0009308545850217342
0.0013256915844976902,0.0011079413816332817,0.002520868554711342
0.0009515141136944294,-0.0003732689656317234,0.0011398345232009888
5.988776683807373e-05,-0.0002230666868854314,0.0012527527287602425
0.0004718662239611149,-0.000844714930281043,0.001237508375197649
0.001165619702078402,0.00022534321760758758,0.006666095461696386
0.0007466188399121165,0.0018372933845967054,0.005874035879969597
-0.0006110606482252479,-0.0008889846503734589,0.0102850291877985
0.000618116813711822,0.0017740371404215693,0.012346469797194004
-0.0014804539969190955,0.0004762786265928298,0.010789318941533566
0.00017273303819820285,0.0010348346550017595,0.01201376598328352
0.00021374571952037513,0.0005157846608199179,0.006875996477901936
0.0004909226554445922,0.0016489940462633967,0.006461744662374258
0.0010123695246875286,0.0018649763660505414,0.006962951738387346
0.001464564586058259,0.0023595213424414396,0.009381357580423355
0.00045549290371127427,0.00045589375076815486,0.013942020013928413
-0.0018320232629776,-0.0016898568719625473,0.015706675127148628
0.0026503431145101786,0.0020279160235077143,0.016650233417749405
-0.0001465326640754938,0.000707490835338831,0.016539322212338448
0.0009043507161550224,0.0008331920253112912,0.015814142301678658
-0.0003782588173635304,0.00011892092879861593,0.016659317538142204
0.0010404069907963276,0.0006531509570777416,0.019485995173454285
0.0005398215726017952,0.0009279928053729236,0.020113356411457062
-0.002214685780927539,-6.909464718773961e-05,0.02532835677266121
-0.003213108517229557,-0.000757358968257904,0.023185836151242256
-3.116382868029177e-05,0.0009968653321266174,0.023732848465442657
-0.0006535290158353746,-0.00014813937013968825,0.022989589720964432
-0.0007818934391252697,-4.1080289520323277e-05,0.02298079989850521
-0.0004468491533771157,-0.0012216580798849463,0.026909811422228813
-0.00147669343277812,-0.0002975411480292678,0.029220370575785637
0.0032580916304141283,0.000487153185531497,0.033877503126859665
0.00026389959384687245,0.0011460192035883665,0.03286470100283623
-0.0007499194471165538,-0.0008030218887142837,0.036915119737386703
0.00028445228235796094,-0.0014238047879189253,0.034287646412849426
0.0017240358283743262,3.797997487708926e-05,0.03013996221125126
-0.0009785400470718741,-0.0018821591511368752,0.031186318024992943
0.0017174514941871166,-0.0009867723565548658,0.030704811215400696
-0.0006972365663386881,0.001306209247559309,0.03257408365607262
9.119012975133955e-05,0.0014327936805784702,0.03179982304573059
0.0007607088191434741,-0.00044020748464390635,0.0327037014067173
-1.8809223547577858e-06,-0.0010332644451409578,0.03079981356859207
-0.0024378744419664145,0.0013449382968246937,0.0303790345788002
0.0035687207709997892,0.0003817169927060604,0.030679617077112198
-0.0009293582988902926,-0.001247072359547019,0.02636343240737915
-0.0006299261003732681,0.0008197550778277218,0.028580833226442337
2.627688809297979e-05,0.002857605926692486,0.025556016713380814
-0.0010427185334265232,0.0012270405422896147,0.026302611455321312
-0.0007066276157274842,0.0009498054860159755,0.02568182907998562
0.0006612573633901775,9.655411122366786e-05,0.030952487140893936
-0.0011438332730904222,0.00011785939568653703,0.029693078249692917
0.0012704541441053152,5.3689524065703154e-05,0.02668604627251625
0.0004517984634730965,0.00030455930391326547,0.02686820551753044
-1.942081144079566e-05,0.0012750778114423156,0.024273237213492393
-0.0010415420401841402,-0.0012538599548861384,0.026325201615691185
-0.0016424027271568775,-0.0008757414761930704,0.029678206890821457
-0.0019420082680881023,0.001452127704396844,0.03006010130047798
0.0015637127216905355,0.001462882966734469,0.03019014000892639
-0.0010898609180003405,-0.00020878322538919747,0.029533136636018753
0.0004628678725566715,0.0008094703080132604,0.027800116688013077
0.0004367688961792737,0.000305333873257041,0.021479105576872826
0.0030436357483267784,-0.00066344253718853,0.011938054114580154
0.0004313410317990929,0.0014745432417839766,0.00797127466648817
-0.0009611311252228916,-0.0023560384288430214,0.007096942514181137
0.0011302492348477244,0.0015348398592323065,0.003340287134051323
0.002902929438278079,-0.0011304994113743305,0.0039766691625118256
0.0016501783393323421,-0.0014498124364763498,0.0004591662436723709
-0.0002532858052290976,0.000803672184702009,-0.0005118502303957939
0.0018708514980971813,-0.0017138139810413122,0.001420806162059307
0.0007814513519406319,0.0017938874661922455,-0.0017568753100931644
-0.0017858358332887292,0.0004295498947612941,0.00210417527705431
-0.0008256740984506905,-0.0016585381235927343,0.0017542168498039246
0.00028406514320522547,-0.0002942006685771048,0.00022449716925621033
-0.0007813184056431055,0.001782990526407957,0.0007655434310436249
-0.0003408315824344754,-0.00014220853336155415,0.0002302480861544609
0.0006544011412188411,0.00047037890180945396,-0.000681945588439703
0.0009026077459566295,0.0006591971032321453,0.0002618785947561264
0.000437062990386039,-0.0005372879677452147,-0.002293867524713278
-0.0008995775715447962,-0.0006896207924000919,0.00031443266198039055
-0.001964018912985921,0.0017686105566099286,-0.0008963309228420258
-0.0009016839903779328,-0.0002396792988292873,-0.0006851423531770706
0.0016800195444375277,0.0005428658332675695,0.0007732836529612541
-0.0005549052148126066,0.0004129036096855998,0.0015077833086252213
-0.0021509146317839622,0.0020161308348178864,0.0008172085508704185
3.687216667458415e-05,0.00011490011820569634,0.0029860874637961388
-0.0007572149042971432,-0.003105417126789689,0.0018512359820306301
0.002209546510130167,-0.0008830091683194041,-0.0001456025056540966
0.0010453674476593733,0.0009486961062066257,0.0006730514578521252
0.0034502018243074417,-0.0028865220956504345,0.0002456139773130417
-0.0030605895444750786,0.0017148363403975964,-0.00025883177295327187
0.0011642493773251772,-0.004050108604133129,0.0017659696750342846
0.0013296905672177672,-0.0014805335085839033,0.0011539570987224579
-0.0023766309022903442,0.0036926567554473877,-0.0003406088799238205
-0.003833521855995059,0.002080689650028944,0.00022835424169898033
0.004020406398922205,0.0014242203906178474,-0.0012792609632015228
7.780504529364407e-05,-0.0001923037343658507,-0.0007568774744868279
0.001337213907390833,0.000157901959028095,-4.9808528274297714e-05
-0.0004530564765445888,0.003003601683303714,-0.002069766167551279
-0.0015923567116260529,-0.0011554567608982325,0.0018149870447814465
-0.0004245464806444943,9.977415902540088e-05,-0.002173005137592554
0.0005203430773690343,-0.0006725425482727587,0.0010965578258037567
0.002893178490921855,0.0009144500363618135,-0.0011995700187981129
-0.0004027496906928718,0.0006225676042959094,0.0006912741810083389
0.0009684531250968575,-0.0006507092039100826,0.001513204537332058
0.002028124872595072,0.0005445174756459892,0.000445809680968523
-0.003109303768724203,-0.0008610703516751528,0.00048033567145466805
-0.0004027332179248333,0.0006566651281900704,0.0008004475384950638
-0.001197292935103178,0.0015468364581465721,0.0006886408664286137
0.0034693642519414425,0.00202194438315928,-0.00017875060439109802
0.0015239003114402294,0.0006092768744565547,-0.001209162175655365
0.0009427985642105341,0.0017917202785611153,-0.0002837134525179863
0.0020000413060188293,-0.0010492084547877312,-5.511566996574402e-06
0.0019198800437152386,-0.0004031256539747119,0.0006909053772687912
0.0005544637097045779,0.0015923099126666784,-0.0012969952076673508
0.0005145163158886135,0.0006892321398481727,0.0015137051232159138
0.0006081751198507845,-0.0008808528073132038,0.0001617753878235817
0.00044492335291579366,-0.0005697955493815243,-0.002259570639580488
-0.0013800999149680138,0.00010493630543351173,-0.004317520186305046
-0.00028527440736070275,0.0007121370290406048,-0.004091418348252773
0.0008090275805443525,-0.00015877274563536048,0.0019249077886343002
0.0003211364382877946,-0.0031734711956232786,-0.0006775329820811749
-0.0016702874563634396,0.0029529035091400146,-0.00019123591482639313
0.00015530947712250054,-0.0018311990424990654,0.0005621723830699921
0.0014688314404338598,0.0009431555517949164,0.0031786379404366016
0.0002946437452919781,0.0008752450230531394,0.0003208001144230366
0.0029497419018298388,0.0007097464404068887,0.0013675009831786156
-0.000922760518733412,-0.00023034942569211125,-0.00048685818910598755
0.002028161194175482,0.002101534977555275,0.00032249651849269867
-0.0020760362967848778,-0.0006705495179630816,0.0001853439025580883
0.0002508485340513289,0.0008628109353594482,5.9250276535749435e-05
0.0009760273387655616,-0.002014734549447894,-0.0005974853411316872
0.000592669821344316,-0.002585098147392273,0.0017036423087120056
-0.0017658257856965065,0.0019558577332645655,-0.0019384967163205147
0.00017284508794546127,-0.0010682265274226665,-0.0005092453211545944
-0.000684692757204175,-0.0007992472383193672,-0.001093276310712099
0.0005564216990023851,-0.00018014170927926898,-0.001078518107533455
0.0016136966878548265,0.00014423130778595805,-2.1509360522031784e-05
-0.00025281423586420715,0.00033207383239641786,0.00020996388047933578
-0.0005217934958636761,-0.0012463817838579416,-0.0021669073030352592
-0.0005016071954742074,0.002420582342892885,0.0006438908167183399
0.0008147932821884751,0.002027766080573201,0.0008050124160945415
-0.0016927598044276237,-0.00026371769490651786,0.0005888319574296474
-0.0016826398205012083,-0.0010171260219067335,0.003093002364039421
-0.0010368471266701818,-0.00011981703573837876,0.0004992811009287834
0.00022575753973796964,0.0019457307644188404,0.0007277806289494038
0.0030058440752327442,-0.0030086510814726353,0.001390046440064907
-0.0010714554227888584,-0.0016549662686884403,-0.0007045292295515537
-0.0019520276691764593,-0.0002795647596940398,0.00043188827112317085
0.0017510978505015373,-0.002234857529401779,-0.00175430066883564
0.000778139044996351,0.0032543314155191183,0.0013657445088028908
-0.000358231773134321,-0.0005199005827307701,0.0002589346840977669
-0.001962492475286126,-0.0005615152767859399,-0.00012164097279310226
0.0015464886091649532,-0.0005508626345545053,-0.0008137961849570274
-0.000636251294054091,3.10600153170526e-05,-0.001520172692835331
0.0032354521099478006,0.0005067005986347795,0.0008151535876095295
0.0012691121082752943,0.00018368480959907174,-0.0017106826417148113
0.00041210695053450763,-0.00046665914123877883,-0.0012462274171411991
-0.001082699978724122,0.0004192730411887169,-0.00020963186398148537
-0.00024247262626886368,0.00016520748613402247,-0.0011270912364125252
0.002310555661097169,0.0018364107236266136,5.574151873588562e-05
-0.0011502222623676062,-0.0009580440819263458,-0.001380501314997673
-0.0019730625208467245,-0.0004712032387033105,-0.00026535987854003906
-0.0011599995195865631,-7.306068437173963e-05,-0.001351130660623312
-0.0005631411913782358,0.00015082955360412598,0.0003440864384174347
0.0005620443844236434,0.0010365969501435757,0.0007110699079930782
-0.0007434525759890676,0.0010007639648392797,0.0011555454693734646
-0.0007072335574775934,-0.0021201944909989834,0.0025132247246801853
-0.0010411947732791305,-0.0006108768284320831,0.0003609689883887768
-0.0005304004298523068,-0.0010042258072644472,-0.0018108389340341091
-0.0019463110947981477,-0.000444470759248361,0.0004619034007191658
0.0003706390562001616,0.00034675438655540347,-0.00170990452170372
0.0017153392545878887,0.0017203341703861952,-0.0007448587566614151
0.00016191729810088873,-0.0008671932155266404,-0.0006929272785782814
-0.0013141818344593048,2.9206566978245974e-05,-0.0023977234959602356
-0.0018401562701910734,-0.00017638943972997367,0.0014332341961562634
0.0009263001848012209,-0.0028397769201546907,-0.001830508466809988
-0.0013752036029472947,0.0010849237442016602,0.0005996259860694408
0.0018649069825187325,-0.0009917913703247905,0.00035798270255327225
-2.034471253864467e-05,-0.00041388545650988817,-0.0005853092297911644
9.423593292012811e-05,-0.00028159620705991983,0.0029397904872894287
0.001828486449085176,0.0017621135339140892,0.0007482757791876793
0.0003180574858561158,-8.052511839196086e-05,-0.00024501653388142586
-2.8686074074357748e-05,0.0006547736702486873,-0.0011270558461546898
1.9978382624685764e-05,0.0001302071032114327,-0.0029951012693345547
-0.002038378966972232,-0.0003832503571175039,-0.0030307876877486706
0.00036332797026261687,-0.0009478300344198942,9.660236537456512e-05
-0.0027022368740290403,0.0007909478154033422,-0.0002496084198355675
-0.0011012773029506207,0.0005054199718870223,0.0004913141019642353
-0.002638187725096941,-0.0004112400929443538,-0.0007185600697994232
0.0017819855129346251,0.0003024217439815402,-0.001697407104074955
0.0019135456532239914,0.0016132296295836568,-0.0008009867742657661
-0.0008870158344507217,0.00025625224225223064,0.0036094365641474724
0.0007463009096682072,-0.00024601994664408267,0.00224163755774498
-0.00011878801160492003,-0.00016268010949715972,-0.001399446278810501
-0.00014355542953126132,0.0008088410831987858,-0.0016857357695698738
-0.0010899179615080357,0.0018816635711118579,0.0018205069936811924
-0.001786867156624794,-0.000940754427574575,0.0028141322545707226
0.0008083784487098455,-0.0019544444512575865,0.004090894479304552
0.0017740406328812242,0.0008376135374419391,0.006432612892240286
-0.000976293464191258,0.001072101527824998,0.013944072648882866
9.962357580661774e-05,0.0005671661929227412,0.008391114883124828
0.002814856357872486,-0.0029642051085829735,0.008315116167068481
0.0017147045582532883,0.002087012631818652,0.004770980682224035
0.0010848529636859894,0.0032109785825014114,0.005591830238699913
0.0014568964252248406,-0.0030282752122730017,0.0045065926387906075
0.003603850258514285,-0.0011312683345749974,0.002339061349630356
0.00013108813436701894,0.0018911531660705805,0.005017136223614216
-0.0009994478896260262,0.0016919467598199844,0.00411924347281456
-0.0004186124715488404,-0.00023884493566583842,0.004678773693740368
0.0013076348695904016,-0.0003592122520785779,0.0022464310750365257
0.00011826719855889678,0.0006653058808296919,0.004117568023502827
0.00046153858420439065,0.0012584435753524303,0.000670993234962225
-0.0001416674058418721,0.0015415374655276537,0.001121866051107645
-0.0028098903130739927,0.000535588595084846,0.0023263241164386272
-0.0017065426800400019,-0.0015997339505702257,0.003989201504737139
-0.0011957616079598665,-0.0013954616151750088,0.001592197921127081
-0.0007166588911786675,-0.00026281923055648804,0.0016193627379834652
4.1188468458130956e-05,0.0007481237407773733,0.0015686247497797012
-0.001001439057290554,0.00046556233428418636,0.0028109895065426826
0.0007021907949820161,-3.4643482649698853e-05,0.0004654787480831146
0.0036385920830070972,-4.283443558961153e-06,0.0006740042008459568
0.000771552266087383,-0.00028662115801125765,-0.0003650500439107418
-0.00019943626830354333,5.186657654121518e-05,0.0013383072800934315
-0.00042561476584523916,0.0017120777629315853,0.0012583020143210888
0.0012130283284932375,-0.000690359971486032,0.0017579109407961369
-0.0009541303152218461,-0.0009611827554181218,0.001212680246680975
-0.0007573227630928159,-0.002532714046537876,-0.00010904669761657715
-0.0010786172933876514,0.0019274902297183871,0.000562482513487339
0.0001520295045338571,-0.0014946716837584972,-0.002073247916996479
-0.0006022535962983966,0.0037426212802529335,-0.0011864309199154377
0.0005556887481361628,0.0014144862070679665,0.0012647425755858421
3.2490002922713757e-05,0.00012731528840959072,0.001444738358259201
-0.003623231314122677,0.0003981587942689657,0.0005240840837359428
0.000961318495683372,-0.0014353177975863218,-0.0005582850426435471
0.0005898075178265572,0.0009937514550983906,-0.0018280800431966782
-1.7518759705126286e-05,0.0007788673974573612,-0.0009470912627875805
0.0017992897192016244,-0.0006230206345207989,-7.996615022420883e-05
0.0007746077026240528,-0.0017026376444846392,0.0011311909183859825
0.0007274698000401258,-0.00047012665891088545,0.0007162708789110184
-0.0019177920185029507,-0.0005496875965036452,0.00023757433518767357
-0.001111919293180108,-0.0008452985202893615,-3.167102113366127e-05
-0.0009826122550293803,0.00201010936871171,0.001074732281267643
-3.479319275356829e-05,-0.0005497210077010095,0.0008459668606519699
3.6940386053174734e-05,-3.9843202102929354e-05,-0.00013095838949084282
-0.0011929074535146356,0.00026562134735286236,0.00027703773230314255
0.001417168416082859,0.00035759282764047384,0.0003336700610816479
0.00041049346327781677,-0.000843759102281183,-0.0006391825154423714
0.0012423426378518343,-0.0010622787522152066,0.0001167156733572483
0.003000028897076845,0.0019878395833075047,-0.001928059384226799
0.0013849951792508364,-0.0003364721778780222,-0.0022713574580848217
0.0011684801429510117,-0.0005391387385316193,-0.002011699602007866
-0.0013222263660281897,-0.0018984575290232897,-0.0011658165603876114
0.0017649098299443722,-0.00021800288232043386,0.0010406123474240303
0.0010230204788967967,-0.00339264003559947,0.0005011176690459251
0.00036814919440075755,2.7125177439302206e-05,-0.0014581698924303055
-0.0010964005487039685,-0.000891507079359144,-0.0006631882861256599
-0.001711324555799365,0.0003647059784270823,0.002861239481717348
-4.490723949857056e-05,0.0007302623707801104,0.0006716721691191196
-0.0013591772876679897,-0.0006402002763934433,8.551031351089478e-05
0.0015678423224017024,-0.0005394518957473338,-0.0010673878714442253
0.0008032488403841853,-0.00045822549145668745,0.0006277142092585564
-0.0003353229840286076,0.001576161477714777,0.00082742003723979
-0.0007867287495173514,0.0020475410856306553,0.0012689721770584583
-0.0007951345760375261,0.00053137366194278,0.00032616499811410904
-0.0025219281669706106,0.0007225886220112443,-0.00022750627249479294
0.0010037721367552876,0.000627462170086801,0.0014939936809241772
0.0011422565439715981,-0.0007717626285739243,-0.001164640299975872
-0.000844278372824192,0.0012213377049192786,-0.00046814512461423874
0.001705698436126113,-0.0004897432518191636,-0.00231078639626503
0.0016299569979310036,-0.0018736720085144043,-0.002103535458445549
-0.0005937825189903378,-0.0005378305213525891,0.0005604247562587261
0.001961449161171913,-0.0007413537241518497,-0.0006371825002133846
0.0007965825498104095,-0.0008500106632709503,0.00048374198377132416
-0.00037616980262100697,-0.00034111947752535343,-0.0003444431349635124
-0.0019178737420588732,-0.0005834671319462359,-8.884817361831665e-06
-0.0007099570357240736,0.0013205453287810087,-0.0004966454580426216
-0.0006180778727866709,-0.0005865442217327654,0.0008312067948281765
0.002368839457631111,0.0005255435244180262,0.0002242852933704853
-0.001041604671627283,-0.00244814227335155,0.000787277240306139
0.00021660004858858883,0.0010301924776285887,-0.0003149113617837429
-0.0010537276975810528,2.4849112378433347e-05,-0.0012147934176027775
-0.0009644910460337996,0.0020948518067598343,-0.0007122792303562164
-0.0005716747837141156,-3.3812859328463674e-05,-0.002084872219711542
0.0011038357624784112,0.0013486950192600489,0.001119169406592846
0.0009850587230175734,0.0017726701917126775,0.0001375284045934677
0.0007511440198868513,0.002117066876962781,-0.0029422403313219547
-0.0011122697032988071,0.0008747021784074605,-0.0015677828341722488
0.000642147206235677,-0.0028621982783079147,-0.0007181363180279732
-0.0005485521396622062,0.0007469176780432463,0.0004411377012729645
-0.0002240030444227159,-0.000531198107637465,4.6114902943372726e-05
0.0005709505057893693,-0.001476886565797031,0.0020293709821999073
0.001963897841051221,0.001557650393806398,0.0017119050025939941
0.000759616494178772,-0.000140380987431854,-0.0003067711368203163
0.001977511215955019,0.0004602510016411543,0.0012674201279878616
-0.0021732915192842484,-0.0007078114431351423,0.0021859444677829742
-0.0010781644377857447,-0.0007145572453737259,0.0032193008810281754
0.0021921973675489426,0.0019733712542802095,0.004477645270526409
0.0007651936030015349,-0.000757624045945704,0.005934486165642738
0.0002956783282570541,0.00010710436617955565,0.002262786030769348
0.0034750045742839575,0.0002874768106266856,0.003497885540127754
-0.0018851396162062883,0.00043261906830593944,0.0026187757030129433
0.003935744054615498,0.00100329564884305,0.003230986651033163
-0.001429726486094296,0.001255763228982687,0.0017417469061911106
0.002355101052671671,-0.002051856368780136,-0.0006675580516457558
-0.0009978185407817364,0.00045124857570044696,0.0005942475982010365
-0.0005875404458492994,-0.001229935442097485,-0.0009334525093436241
-0.0010338862193748355,0.002703819889575243,0.0012420839630067348
-0.0020530952606350183,-0.0014827769482508302,-4.805438220500946e-05
-0.0005963461007922888,-0.0013064757222309709,0.00015194900333881378
-0.008292283862829208,-0.008610204793512821,-0.0008491445332765579
0.00028202973771840334,-0.004494022578001022,0.0011133388616144657
0.013347742147743702,-0.01624932512640953,0.002281004097312689
-0.01196933165192604,-0.011081727221608162,0.009149828925728798
0.004482516087591648,0.002318168990314007,-0.0006415452808141708
-0.0035296042915433645,-0.001170305535197258,0.007047533523291349
0.0037938666064292192,-0.005092171020805836,0.07323797047138214
0.0010430874535813928,0.0030432534404098988,0.16278782486915588
0.005013464018702507,0.0046232715249061584,0.2803342938423157
0.004450205247849226,-0.0018394214566797018,0.39129331707954407
0.006743598263710737,-0.0020774174481630325,0.4844095706939697
0.0009962300537154078,0.03524678573012352,0.480125367641449
0.0009759989334270358,-0.009383013471961021,0.4116600751876831
1.2733566109091043e-05,-0.012727944180369377,0.4754619598388672
-0.00017150456551462412,-0.014602175913751125,0.516438364982605
6.418515113182366e-05,-0.012528372928500175,0.5826754570007324
0.0026187016628682613,-0.010384009219706059,0.7659609317779541
0.002148121129721403,-0.011235687881708145,0.9517326354980469
0.0010315149556845427,-0.013105799444019794,1.1163192987442017
9.354966459795833e-05,-0.016271231696009636,1.2795218229293823
0.0022192886099219322,-0.012351395562291145,1.4457039833068848
-0.003160829422995448,-0.01339695230126381,1.5396904945373535
-0.006243235431611538,-0.009488051757216454,1.4979230165481567
-0.013940836302936077,-0.010000976733863354,1.3686002492904663
-0.017805082723498344,-0.00783822312951088,1.1973528861999512
-0.018536653369665146,-0.009122400544583797,1.009326696395874
-0.023506788536906242,-0.006964727770537138,0.7957929372787476
-0.02481386810541153,-0.005948199424892664,0.5663211345672607
-0.042084019631147385,-0.0075962357223033905,0.36752644181251526
-0.07042138278484344,-0.010001602582633495,0.24854546785354614
-0.15484291315078735,-0.0044036186300218105,0.2711302936077118
-0.3514113426208496,0.019755778834223747,0.43071597814559937
-0.6718202233314514,0.057576995342969894,0.6289880275726318
-0.9529815912246704,0.10247629135847092,0.7424232363700867
-1.1101340055465698,0.14768542349338531,0.7448969483375549
-1.1618225574493408,0.17053668200969696,0.7191095352172852
-1.1025586128234863,0.14348851144313812,0.7281435132026672
-0.8409655094146729,0.04733269289135933,0.7173398733139038
-0.48176881670951843,-0.0017460057279095054,0.6771314740180969
-0.057799965143203735,0.03305165469646454,0.5682792663574219
-0.02187073417007923,-0.05433589592576027,0.4666444659233093
-0.28630077838897705,-0.022005921229720116,0.2845177948474884
-0.3393101394176483,0.05160393565893173,0.0408516526222229
-0.32158735394477844,0.05557391047477722,-0.32107433676719666
-0.2992066740989685,-0.16364753246307373,-0.7227487564086914
-0.03427939862012863,-0.11368316411972046,-0.48467496037483215
0.1606498658657074,-0.16012129187583923,-0.35539954900741577
0.08714502304792404,-0.6337943077087402,-0.4226507544517517
-0.17423416674137115,-1.3263819217681885,-0.526020884513855
-0.4713324308395386,-2.074357509613037,-0.5068354606628418
-0.5647353529930115,-2.686901330947876,-0.4429702162742615
-0.32565751671791077,-3.2715868949890137,-0.2878040671348572
-0.32804185152053833,-3.318603515625,-0.10078970342874527
-0.5606362223625183,-2.753565788269043,0.19305923581123352
-1.073622226715088,-2.046272039413452,0.4354727566242218
-1.6483027935028076,-1.7536084651947021,0.5896128416061401
-2.257676362991333,-1.6503932476043701,0.7263197302818298
-2.8513269424438477,-1.6670962572097778,0.8697926998138428
-3.297945022583008,-1.8094210624694824,1.0264047384262085
-3.6169633865356445,-2.0221595764160156,1.1965222358703613
-3.8542351722717285,-2.1738510131835938,1.348905086517334
-4.120314121246338,-2.243272542953491,1.3983147144317627
-4.429502964019775,-2.276639461517334,1.4177619218826294
-4.729929447174072,-2.2384703159332275,1.4410765171051025
-4.994837760925293,-2.126314640045166,1.4064993858337402
-5.182956218719482,-1.872686743736267,1.4134057760238647
-5.275724411010742,-1.610131025314331,1.52176833152771
-5.135762691497803,-1.4344260692596436,1.8148881196975708
-4.925279140472412,-1.3123676776885986,1.9943811893463135
-4.6991400718688965,-1.2857332229614258,2.0254733562469482
-4.459196090698242,-1.2867188453674316,1.966140866279602
-4.190371513366699,-1.2558903694152832,1.8684239387512207
-3.9175798892974854,-1.2620668411254883,1.7922370433807373
-3.639660358428955,-1.3432050943374634,1.7227306365966797
-3.3601980209350586,-1.4086154699325562,1.6220886707305908
-3.1068813800811768,-1.3917893171310425,1.4629650115966797
-2.883857488632202,-1.2972573041915894,1.2486681938171387
-2.6517221927642822,-1.2131613492965698,1.0161992311477661
-2.3573355674743652,-1.2190096378326416,0.8936288356781006
-2.065788984298706,-1.2934175729751587,0.9435428380966187
-1.8435381650924683,-1.3850938081741333,1.048790693283081
-1.648934245109558,-1.408253788948059,1.1325130462646484
-1.4830111265182495,-1.2790448665618896,1.1909985542297363
-1.3673462867736816,-0.9753667116165161,1.2255024909973145
-1.2872694730758667,-0.7217307090759277,1.2906527519226074
-1.2255123853683472,-0.7356007099151611,1.3907628059387207
-1.1080212593078613,-0.7538869380950928,1.4058337211608887
-0.9982428550720215,-0.7519263029098511,1.254051923751831
-0.8737316727638245,-0.6974236965179443,1.0365360975265503
-0.696973979473114,-0.6273295879364014,0.8455668687820435
-0.49311888217926025,-0.5691353678703308,0.7005598545074463
-0.3132002651691437,-0.5181071162223816,0.5825338959693909
-0.26798808574676514,-0.48897430300712585,0.5064318180084229
-0.27891266345977783,-0.4296742379665375,0.4293338656425476
-0.32113152742385864,-0.33804571628570557,0.411318838596344
-0.3516540229320526,-0.14777591824531555,0.41337451338768005
-0.39823344349861145,0.04452197253704071,0.35843515396118164
-0.38707026839256287,0.14160804450511932,0.43079379200935364
-0.26316484808921814,0.10082992166280746,0.5993229150772095
-0.11651840806007385,-0.013323554769158363,0.7431013584136963
-0.0291129257529974,-0.18175192177295685,0.8137412071228027
-0.03137128800153732,-0.34129366278648376,0.8284069895744324
-0.06300478428602219,-0.373129665851593,0.7597193717956543
-0.07097961753606796,-0.24336500465869904,0.58760005235672
-0.06746571511030197,-0.007510017137974501,0.36610710620880127
-0.03825989365577698,0.3454035520553589,0.18548859655857086
0.026849668473005295,0.5836421847343445,0.12797771394252777
0.12161079794168472,0.7783865928649902,0.1102602407336235
0.15014111995697021,0.9542434215545654,0.06622985005378723
-0.0973333939909935,1.027925729751587,-0.03326451778411865
0.05021558329463005,0.24886015057563782,-0.02449604496359825
-0.07687179744243622,-0.17013977468013763,0.0024759164080023766
-0.16619743406772614,-0.22384431958198547,0.10132835805416107
0.38927778601646423,-0.3940299153327942,0.34124135971069336
1.0511060953140259,-0.19587776064872742,0.6158500909805298
1.5570629835128784,-0.047023043036460876,0.8083702921867371
1.8906562328338623,0.002206613775342703,0.9132511615753174
2.0447144508361816,0.04918983578681946,0.9324755072593689
2.049948215484619,0.14417783915996552,0.8899087905883789
1.9571112394332886,0.250137597322464,0.8019272685050964
1.8057180643081665,0.36894795298576355,0.6629956960678101
1.605019211769104,0.493920236825943,0.4861343204975128
1.39484441280365,0.633285403251648,0.2762947082519531
1.2311598062515259,0.768528163433075,0.0565679594874382
1.1320987939834595,0.895068883895874,-0.16980654001235962
1.0700193643569946,0.9740428328514099,-0.3058895468711853
1.061291217803955,0.9935552477836609,-0.3284137547016144
1.0907279253005981,0.994213879108429,-0.28359007835388184
1.129664659500122,0.9967994093894958,-0.22976891696453094
1.1557903289794922,0.9059142470359802,-0.1758478879928589
1.1558876037597656,0.8187048435211182,-0.1466187834739685
1.1104812622070312,0.7739394903182983,-0.12684455513954163
1.0461512804031372,0.7633882164955139,-0.1179947778582573
0.9624679088592529,0.7950302958488464,-0.13529333472251892
0.8621653914451599,0.8694459795951843,-0.16535684466362
0.7487344741821289,0.9089798331260681,-0.223505899310112
0.6322638392448425,0.8604324460029602,-0.3032677471637726
0.5427685976028442,0.752030611038208,-0.37185773253440857
0.496338427066803,0.6809125542640686,-0.3929356634616852
0.4783759117126465,0.6228486895561218,-0.3487128019332886
0.4673149287700653,0.5541585683822632,-0.2416040599346161
0.43212684988975525,0.5171830058097839,-0.14986908435821533
0.36892667412757874,0.4556959569454193,-0.09491302818059921
0.2561787962913513,0.39232391119003296,-0.08915607631206512
0.11150537431240082,0.3126184344291687,-0.10989025980234146
-0.050327204167842865,0.22959813475608826,-0.13126692175865173
-0.19687263667583466,0.16346067190170288,-0.1537676304578781
-0.31969815492630005,0.10853084176778793,-0.19046199321746826
-0.4101830720901489,0.06399106979370117,-0.22986586391925812
-0.4626188278198242,0.009109710343182087,-0.2600538730621338
-0.4852677583694458,-0.03421468287706375,-0.2626986801624298
-0.47688066959381104,-0.04360658675432205,-0.22767572104930878
-0.4525528848171234,-0.015667598694562912,-0.1839197278022766
-0.42151719331741333,0.07048778980970383,-0.1480858325958252
-0.3859475255012512,0.14288470149040222,-0.1287827491760254
-0.3782259523868561,0.1553696095943451,-0.12435923516750336
-0.3790337145328522,0.25227782130241394,-0.11168841272592545
-0.4157845377922058,0.1877768337726593,-0.18377511203289032
-0.42580875754356384,0.1582988202571869,-0.25066685676574707
-0.28192293643951416,0.12172270566225052,-0.2839212119579315
-0.1215863972902298,0.05098472163081169,-0.3339267671108246
-0.025378910824656487,0.1180974468588829,-0.4172821044921875
0.04809417575597763,0.24530865252017975,-0.3947172164916992
0.2173580378293991,0.38416028022766113,-0.2410336434841156
0.40371519327163696,0.573711633682251,-0.023255981504917145
0.49489304423332214,0.6218158006668091,0.2031920850276947
0.4780659079551697,0.5440619587898254,0.3531784117221832
0.36014193296432495,0.36583656072616577,0.3657570481300354
0.19690822064876556,0.12165868282318115,0.30904853343963623
0.03909409046173096,-0.0455595999956131,0.32656121253967285
-0.05209267511963844,-0.14054159820079803,0.386043518781662
-0.045919470489025116,-0.12491923570632935,0.3469659090042114
-0.0006139077595435083,-0.0215153805911541,0.23149298131465912
0.13068366050720215,0.18854357302188873,0.1321038156747818
0.3991263806819916,0.4397889971733093,0.028490422293543816
0.6627417802810669,0.6903930306434631,-0.10199142247438431
0.8966661095619202,0.8202846646308899,-0.29979535937309265
1.0430047512054443,0.8100400567054749,-0.4609522819519043
1.027835488319397,0.670171856880188,-0.49304261803627014
0.8951745629310608,0.491397887468338,-0.43860337138175964
0.6728202104568481,0.3716365098953247,-0.3773784935474396
0.409776896238327,0.2717328369617462,-0.41042086482048035
0.1306075006723404,0.14533546566963196,-0.49002742767333984
-0.11366695910692215,0.07772818952798843,-0.5502020716667175
-0.24338100850582123,0.04444572329521179,-0.5208015441894531
-0.2387939840555191,0.04884020611643791,-0.38338589668273926
-0.11636247485876083,0.04372350871562958,-0.32440605759620667
0.07436912506818771,0.057077933102846146,-0.2230435013771057
0.21998855471611023,0.09392282366752625,-0.110031858086586
0.27909183502197266,0.11821059137582779,-0.1332056075334549
0.23940594494342804,0.09085091948509216,-0.13552060723304749
0.13828465342521667,0.060952674597501755,-0.08168347179889679
0.012392702512443066,0.004843662027269602,-0.1373271495103836
-0.09051290899515152,-0.06095239520072937,-0.19521228969097137
-0.15592420101165771,-0.07961645722389221,-0.10991949588060379
-0.1535356044769287,-0.053164608776569366,-0.09534348547458649
-0.10238534957170486,-0.022863835096359253,-0.13677425682544708
-0.032044876366853714,0.022871429100632668,-0.06770384311676025
0.04616956785321236,0.055434878915548325,-0.03668208792805672
0.10922949016094208,0.01827525720000267,-0.1139017790555954
0.13809536397457123,-0.014488733373582363,-0.10218256711959839
0.13387638330459595,-0.010394655168056488,-0.0801643505692482
0.10994555801153183,-0.014291039668023586,-0.14134269952774048
0.06709583103656769,0.005756170954555273,-0.12473257631063461
0.031099673360586166,0.0485772006213665,-0.07673455774784088
0.0152607886120677,0.06979620456695557,-0.1488305777311325
0.018253915011882782,0.08565160632133484,-0.18476568162441254
0.03202218934893608,0.14164163172245026,-0.12311910092830658
0.0696013942360878,0.1672791689634323,-0.15595698356628418
0.11622748523950577,0.1441384255886078,-0.20151807367801666
0.16440100967884064,0.11868450045585632,-0.14292867481708527
0.2216818779706955,0.08330707252025604,-0.16264964640140533
0.28107839822769165,0.0004703878075815737,-0.23823058605194092
0.35079172253608704,-0.08096428960561752,-0.18992750346660614
0.42814236879348755,-0.14566245675086975,-0.16330216825008392
0.5242976546287537,-0.23001301288604736,-0.2366805225610733
0.6202846765518188,-0.3214917480945587,-0.19362835586071014
0.7130425572395325,-0.38546913862228394,-0.10966286808252335
0.7986673712730408,-0.4264904260635376,-0.14994803071022034
0.8847357034683228,-0.38864079117774963,-0.14421556890010834
0.9727199673652649,-0.300056129693985,-0.09504339843988419
1.0717742443084717,-0.20815977454185486,-0.20958755910396576
1.1644350290298462,-0.14080332219600677,-0.3764983117580414
1.2528756856918335,-0.07782302051782608,-0.5055596232414246
1.358734130859375,-0.0009409026824869215,-0.7671353816986084
1.4877736568450928,0.06121860817074776,-1.0698227882385254
1.6627922058105469,0.1133788451552391,-1.253456950187683
1.889474868774414,0.20296651124954224,-1.5511924028396606
2.1534650325775146,0.3831039071083069,-1.9521138668060303
2.4494152069091797,0.6202592253684998,-2.1862733364105225
2.759213924407959,0.8738498091697693,-2.3601551055908203
3.0589795112609863,1.1440378427505493,-2.6096267700195312
3.331942558288574,1.467309594154358,-2.744035482406616
3.574662446975708,1.7764184474945068,-2.795233964920044
3.7908928394317627,1.8986400365829468,-2.8928325176239014
3.969304323196411,1.7978804111480713,-2.7896835803985596
4.106233596801758,1.5810317993164062,-2.503164052963257
4.151911735534668,1.3792099952697754,-2.303720712661743
4.138266563415527,1.309529185295105,-2.118147373199463
4.0510172843933105,1.3427635431289673,-1.8774735927581787
3.9476842880249023,1.4049224853515625,-1.7218314409255981
3.6570069789886475,1.371832251548767,-1.5611754655838013
3.276139736175537,1.3660402297973633,-1.272133469581604
2.8927242755889893,1.3055551052093506,-1.0866469144821167
2.533020496368408,1.1570134162902832,-0.9215348958969116
2.2385613918304443,0.9635379314422607,-0.6242598295211792
2.023601770401001,0.7872363924980164,-0.40676149725914
1.8866089582443237,0.6497461795806885,-0.3289788067340851
1.8178153038024902,0.5815214514732361,-0.18401220440864563
1.7768454551696777,0.5888866782188416,-0.09677183628082275
1.684688687324524,0.6098476648330688,-0.1639501303434372
1.5483300685882568,0.6426168084144592,-0.18428337574005127
1.38022780418396,0.6835408210754395,-0.18020965158939362
1.1981815099716187,0.6470877528190613,-0.3142603933811188
1.0397282838821411,0.575465738773346,-0.4065745770931244
0.9273341298103333,0.522336483001709,-0.3889947831630707
0.860595166683197,0.45180895924568176,-0.43735742568969727
0.8331933617591858,0.40186405181884766,-0.43096956610679626
0.8550215363502502,0.4226458966732025,-0.30047407746315
0.8825535774230957,0.44532033801078796,-0.23945386707782745
0.8784741759300232,0.4155549705028534,-0.2388482689857483
0.8456922173500061,0.33193278312683105,-0.14145061373710632
0.7612218856811523,0.19238311052322388,-0.10005588084459305
0.6592244505882263,0.0106950793415308,-0.14783139526844025
0.5476206541061401,-0.09881489723920822,-0.09173217415809631
0.440131813287735,-0.12353169918060303,-0.03549659997224808
0.3595675230026245,-0.11338169872760773,-0.11196231096982956
0.3219327926635742,-0.050264786928892136,-0.10287400335073471
0.3179292380809784,0.04759165644645691,-0.05471333488821983
0.34106332063674927,0.10743448138237,-0.1334049552679062
0.3905844986438751,0.16547639667987823,-0.15802650153636932
0.43511173129081726,0.24840989708900452,-0.08518665283918381
0.4498565196990967,0.30867844820022583,-0.10638795793056488
0.4305744469165802,0.31351715326309204,-0.10062354803085327
-0.4290204644203186,0.45150235295295715,-0.0722760483622551
-0.23839165270328522,0.1766585409641266,0.022848067805171013
-0.2390017807483673,0.12860892713069916,-0.04024992510676384
-0.24363169074058533,-0.10692396759986877,0.03532552346587181
-0.17960390448570251,-0.002031506272032857,0.0644763633608818
-0.09933196753263474,0.08693192154169083,-0.030111929401755333
-0.03458039462566376,0.20374064147472382,0.007683055009692907
-0.013752080500125885,0.22090578079223633,0.047277335077524185
-0.02745245397090912,0.1279240995645523,-0.06650615483522415
-0.02849295176565647,0.1375596821308136,-0.038915809243917465
-0.05764305591583252,0.1158425435423851,0.06242048740386963
-0.10156763345003128,0.011282048188149929,0.11732874810695648
-0.16605161130428314,-0.028068630024790764,0.12825746834278107
-0.22552426159381866,0.015730248764157295,0.0989922508597374
-0.3158234655857086,-0.05874016880989075,0.08649194985628128
-0.3846837282180786,-0.11643648892641068,0.16932904720306396
-0.4608999490737915,0.017675044015049934,0.2650664746761322
-0.5095881223678589,0.1787579357624054,0.48017773032188416
-0.6395471692085266,-0.09800361841917038,0.4487327039241791
-0.7121023535728455,0.11863628029823303,0.4771616756916046
-0.8487329483032227,0.06918242573738098,0.5619508028030396
-0.5934295654296875,0.017330946400761604,0.02047397941350937
0.4563941955566406,-0.04041816294193268,-0.2215593010187149
0.07906179875135422,-0.013774569146335125,-0.46454134583473206
-0.0651826485991478,0.015437670052051544,-0.37312349677085876
0.007287023589015007,0.0016917652683332562,-0.4674699902534485
0.008790778927505016,0.00033738522324711084,-0.4080353081226349
0.011392953805625439,0.0038535569328814745,-0.29490530490875244
-0.0035153552889823914,0.005547147709876299,-0.21224445104599
-0.0058373655192554,0.0007449355907738209,-0.14000621438026428
-0.0002690287074074149,0.005761978216469288,-0.11302656680345535
-0.0012173803988844156,0.005255178548395634,-0.10061011463403702
-0.0007855551084503531,0.003124674316495657,-0.13322940468788147
-0.0026875848416239023,-0.0012626172974705696,-0.19122159481048584
-0.008163118734955788,-0.0036383112892508507,-0.22826434671878815
-0.014239386655390263,-0.003632186446338892,-0.2471749186515808
-0.019060825929045677,-0.004836939740926027,-0.2599531412124634
-0.017543889582157135,-0.010601084679365158,-0.5041170716285706
-0.011080139316618443,0.0006127463420853019,-0.6313793659210205
0.04689447954297066,0.03972499445080757,-0.12044715136289597
0.0025282208807766438,-0.006022347137331963,0.3562239110469818
-0.011894128285348415,-0.0014939081156626344,0.1775321662425995
-0.008625566959381104,0.0012056175619363785,0.029607784003019333
-0.0020952303893864155,0.0003848313936032355,-0.009178760461509228
-0.002297967905178666,0.0022154024336487055,-0.08283412456512451
-0.003219687845557928,0.0018513482064008713,-0.12724898755550385
-0.000247943215072155,0.006526106968522072,-0.1535826325416565
-0.005350826308131218,0.002690888475626707,-0.170429527759552
-0.0019447014201432467,0.003399941837415099,-0.18871380388736725
-0.0006759715033695102,0.002120292978361249,-0.1468161642551422
-0.0027211441192775965,0.0021733243484050035,-0.10516978800296783
-0.001964007504284382,-0.0027002603746950626,-0.08192785084247589
-0.0018351145554333925,-0.002465704455971718,-0.05691569298505783
-0.001359740155749023,-0.00014156382530927658,-0.04404064267873764
-0.0005629857769235969,0.00048805883852764964,-0.028176534920930862
-0.0024548955261707306,-0.0013686970341950655,-0.003695958759635687
-0.003762363689020276,-0.0025807851925492287,0.001424283254891634
-0.0028334532398730516,-0.005200536921620369,0.0036030146293342113
-0.00047123810509219766,-0.0019697381649166346,0.01463630422949791
0.0010891079436987638,9.447801858186722e-05,0.02552996203303337
0.00010119721991941333,0.0033835768699645996,0.025661151856184006
0.0005930830375291407,0.003626723773777485,0.020966269075870514
-0.001512924674898386,0.002596562262624502,0.01497406791895628
-0.00034219888038933277,0.004649326670914888,0.00859153550118208
-0.0010602588299661875,0.0060440655797719955,0.006150458008050919
-0.00025891358382068574,0.006444338709115982,0.0017067072913050652
-0.0007443369249813259,0.0038958489894866943,-0.001129787415266037
-0.0012687132693827152,0.005041274707764387,0.00045372825115919113
-0.00023215782130137086,0.003551441477611661,-0.0022750874049961567
0.0018419120460748672,0.004671567119657993,0.00039526401087641716
0.0007331070955842733,0.0016449186950922012,-0.0017934604547917843
-0.000773709500208497,0.001843856880441308,0.0006699631921947002
-0.0006819616537541151,0.00123456004075706,-0.00020582275465130806
-0.002083050785586238,0.0007599847740493715,6.635207682847977e-05
0.0008129922207444906,0.002484742784872651,-0.0019809240475296974
0.0004031317657791078,-0.0008295610314235091,0.00047477660700678825
-0.0006470153457485139,0.00235882680863142,0.0002528605982661247
-0.0011916316580027342,-0.0009200571803376079,-0.0010323813185095787
0.0007788530201651156,0.0017028297297656536,4.722876474261284e-05
-0.0018014837987720966,-0.00047590225585736334,0.0009716115891933441
-0.0018506825435906649,0.00030475633684545755,-1.7435289919376373e-05
-0.0013563999673351645,0.002168436534702778,8.376454934477806e-05
-7.502376683987677e-05,0.003169148927554488,-0.0019920170307159424
0.001532460213638842,-0.0006934997509233654,-0.001602396834641695
-3.181654028594494e-05,-0.0004325615300331265,-0.002297405619174242
-0.0007985405973158777,0.000727245060261339,-0.0021003317087888718
-0.00018468586495146155,0.0009330388274975121,-0.002359445206820965
-0.002815089887008071,0.003092862432822585,-0.0005945684388279915
-0.0006964778294786811,0.002903528744354844,0.0011874162591993809
-0.0004903491353616118,0.0008164094178937376,0.0008934023790061474
0.00019765979959629476,0.0011495979269966483,-7.954426109790802e-05
0.00087516795611009,-0.0005476346705108881,0.0029599214904010296
-0.0007144427509047091,0.002071334980428219,0.001565129030495882
0.0008935739169828594,0.0026668175123631954,0.0021848459728062153
0.0009129380341619253,-0.0009175575687550008,0.0004630996845662594
0.001593109336681664,0.001676361309364438,-0.0014937911182641983
-0.0006721796817146242,-0.0015301532112061977,-0.001967555843293667
4.714008537121117e-05,-0.00038233076338656247,-0.0012804600410163403
0.0013618831289932132,0.0019706920720636845,0.0005791378207504749
0.00242847902700305,-0.0005052486667409539,-0.0003316635265946388
-0.0007457216852344573,0.00157907884567976,-0.0029815337620675564
0.0021155786234885454,0.0007090241415426135,-0.0031479811295866966
0.00020502545521594584,1.2272328604012728e-05,0.0005290578119456768
0.0010356653947383165,0.00016886618686839938,0.0005817883647978306
-0.000651200651191175,-3.760523395612836e-05,-0.00015851203352212906
-0.0006815606029704213,0.0019147582352161407,0.0017970474436879158
0.0007405891083180904,0.0010452436981722713,0.0011967248283326626
-0.0014754272997379303,0.0009634846355766058,-0.0004893224686384201
-0.0007940716459415853,-0.0004980316734872758,-0.0002811560407280922
-0.0005040533724240959,0.0009027909836731851,0.0003982163034379482
0.00027946080081164837,0.0009625827078707516,0.0008986019529402256
0.00034657242940738797,-0.0006454339018091559,2.1356157958507538e-05
-4.651336348615587e-05,-0.0013642895501106977,-2.3107044398784637e-05
-0.0022998140193521976,-0.0009110195678658783,-0.00029901042580604553
-0.0014322171919047832,-0.0009517145808786154,0.0018056104891002178
0.00038805342046543956,0.0010355361737310886,-0.0026048501022160053
0.002945840125903487,-0.0005155401304364204,0.0012378999963402748
-0.0012992385309189558,-0.0013467126991599798,-0.0010265861637890339
0.0015654955059289932,-0.003846630919724703,-0.0019883643835783005
0.0010451136622577906,-8.464950951747596e-05,-0.0013769026845693588
-0.0009229489369317889,0.00039105123141780496,0.00045379018411040306
0.00044485056423582137,-0.0010808778461068869,-0.0011531608179211617
-0.000315786775900051,-0.0011872919276356697,0.001665220595896244
-0.0004731795925181359,-0.0007947419071570039,-0.0011401530355215073
-0.001905808225274086,-0.001138994935899973,-0.00028720125555992126
0.0002992891240864992,0.0007084398530423641,0.0006267954595386982
0.0007599575910717249,-0.002614949131384492,0.0006180913187563419
0.003461734391748905,-0.0016892345156520605,0.0003754771314561367
0.0026349197141826153,-0.00038053092430345714,-0.002347249072045088
0.001964868512004614,0.001614442910067737,-0.00037650996819138527
-0.0015733063919469714,-0.00041353065171279013,-0.0008184178732335567
0.0005681413458660245,0.0005550610367208719,-0.002127627842128277
0.0003879578725900501,0.0003400036948733032,-0.00010283989831805229
-0.0005614590481854975,0.000601526175159961,-0.0011928719468414783
0.0004998441436327994,-0.00042868455057032406,0.0001412159763276577
-0.0017545216251164675,0.002998004900291562,0.0003731772303581238
-0.001076976885087788,0.0020790104754269123,-0.0019251867197453976
-0.0007297006668522954,-0.0016068045515567064,-0.0011091944761574268
0.00024221766216214746,0.00012041162699460983,0.0012045986950397491
-0.0014933645725250244,0.00013106426922604442,1.0170508176088333e-05
-0.0010130376322194934,-0.0006318408413790166,0.000298492144793272
0.0003797955869231373,0.00032130451290868223,-0.0008269599638879299
0.0013543395325541496,0.0011239433661103249,-0.0011692745611071587
0.0007197082159109414,0.0002307192189618945,-0.0012105535715818405
-0.0006508006481453776,0.0012869811616837978,9.058741852641106e-05
0.0015031639486551285,0.00048643501941114664,-0.0015118364244699478
0.00029238365823403,-0.00041832163697108626,-0.000978626310825348
0.0009155633160844445,0.0006991407717578113,0.00012259045615792274
0.0018778404919430614,-0.0007917479379102588,-0.0013551963493227959
-0.0017097037052735686,-0.00024500093422830105,0.0004243277944624424
-0.0006735349888913333,-0.0008651287062093616,0.0002607577480375767
0.0006583118811249733,-0.000610530492849648,-0.0010748174972832203
0.0012323345290496945,-0.0018245662795379758,-0.00202425429597497
-0.00010244178702123463,0.0006721472600474954,0.0009062886238098145
0.00029124104185029864,0.00016405546921305358,-0.001970534212887287
-0.0006006516050547361,0.001869011321105063,0.0004894277080893517
-0.0006430698558688164,0.000593748816754669,-0.0018180306069552898
-0.001064648269675672,0.00023342313943430781,-0.0004845857620239258
-0.0007617662195116282,0.0027732951566576958,-0.0006372076459228992
-0.0001417823659721762,0.0009112128173001111,0.0011183484457433224
-0.0004918678314425051,0.0012645127717405558,-0.00048457784578204155
0.0004567501600831747,-0.0011480448301881552,-0.0002816449850797653
0.0009143761708401144,0.0019921171478927135,0.001304633915424347
0.0001356678840238601,0.0003827689797617495,0.0008521629497408867
0.0006941631436347961,-0.0005262347985990345,0.0014245817437767982
0.001505894586443901,-0.0005073263309895992,-0.00023989425972104073
0.001958888489753008,0.0012887315824627876,-6.422633305191994e-05
-0.0005769734852947295,-0.002184829441830516,-0.0019662557169795036
0.0005652968538925052,0.0020426420960575342,0.0019412245601415634
0.00015037634875625372,0.0004322286695241928,0.0011939415708184242
-4.657614044845104e-05,0.00061166932573542,-0.0006599114276468754
-0.00015443412121385336,0.0016779990401118994,0.00032412679865956306
-0.0014345627278089523,0.0011939369142055511,0.00024016201496124268
0.0003598752082325518,-0.0003147438110318035,4.7348905354738235e-05
-0.0005694114370271564,-0.001590080326423049,0.0009353249333798885
-0.001210700604133308,0.0007574961055070162,-0.0005099722184240818
-0.0019464426441118121,-0.0007735247490927577,-0.0020383200608193874
-0.002165354322642088,7.522472878918052e-05,-0.002778679132461548
-0.00035439591738395393,-0.0007533826865255833,-0.002119997516274452
0.00044508505379781127,-0.00034352220245637,0.0005719256587326527
9.726235293783247e-05,-0.0017342750215902925,0.0009736591018736362
-0.0009048851206898689,-0.0008272023405879736,-5.192449316382408e-05
-0.0009870845824480057,-7.869873661547899e-05,0.0005422946996986866
-0.0022134704049676657,0.0001655131345614791,0.0016315272077918053
-0.0011022930266335607,0.0004608427407220006,0.0012920736335217953
-0.0008540864801034331,-0.0009255988989025354,0.0002079005353152752
-0.0010697003453969955,0.0014035222120583057,-0.00017514266073703766
-0.0009519885643385351,-0.0015390045009553432,-0.0006720884703099728
0.0007064221426844597,0.0027280321810394526,0.0020494447089731693
-0.0027133431285619736,0.00047393262502737343,0.00014688214287161827
-0.0020450172014534473,0.0014146353350952268,-0.000978261698037386
0.0009180158376693726,0.0004375214921310544,0.0018630647100508213
-0.0010242774151265621,0.001093486207537353,0.0006973743438720703
0.00023566410527564585,-8.46961629576981e-05,-0.00042754504829645157
-3.428658237680793e-05,-0.0013369560474529862,-0.001673579216003418
0.0007830375689081848,-0.0006461320444941521,-2.1087471395730972e-05
-0.0031316776294261217,-0.00034915647120215,0.0021923035383224487
0.00011578106204979122,0.000892941839993,0.0027140164747834206
-0.0005239985184744,0.001374872401356697,0.0017839176580309868
0.0021852352656424046,-0.000668837339617312,0.0020049605518579483
0.0005812241579405963,0.0004768134676851332,0.000902262981981039
0.0012571344850584865,0.0004262134316377342,-0.0014599603600800037
-0.0012900092406198382,-0.000750910839997232,-0.0003000902943313122
-0.00012966993381269276,0.00029997254023328424,-0.0010971743613481522
0.0003805028391070664,-0.0012181088095530868,-0.0003358270041644573
-0.0002429432061035186,-0.0009741632966324687,0.0017070840112864971
-0.001379847526550293,-0.00040518995956517756,-0.0011778739280998707
1.4849996659904718e-05,0.0020265425555408,0.0008597108535468578
-0.00036468272446654737,-0.001991377677768469,0.0016138199716806412
0.003064669668674469,-0.0008920247200876474,0.0007434990257024765
-0.0007470133132301271,-0.0003666124539449811,-0.0001641763374209404
-0.0008940197876654565,-0.0009325341670773923,0.0004560737870633602
-0.00039529617060907185,8.072017226368189e-05,0.0007954598404467106
0.0004318816354498267,0.000122798141092062,0.00030863378196954727
0.0032006949186325073,-0.002081529935821891,0.0007917028851807117
0.0005931939231231809,-1.4384393580257893e-05,0.001295573078095913
0.0009601226192899048,0.001104875118471682,-0.002017623744904995
0.0009039299329742789,-8.236206485889852e-05,0.001143281813710928
-0.0012827981263399124,0.00013764837058261037,0.00011662440374493599
-0.0019166304264217615,-0.0008535801898688078,0.001205857377499342
-0.0006225970573723316,0.0007274752715602517,0.0008507901802659035
-0.0019488511607050896,0.0008923249552026391,0.0013232352212071419
0.0006864556926302612,-0.00057494908105582,0.0017556557431817055
0.0017410675063729286,-0.0009147684322670102,0.003703491762280464
0.0014175644610077143,0.0008810542640276253,0.003295937553048134
0.00018452087533660233,0.001001695403829217,0.002497522160410881
-0.0016773507231846452,-0.0007275734678842127,0.0029166648164391518
0.00018126939539797604,-0.0008277082815766335,0.00179387629032135
0.0005229320959188044,0.00017127758474089205,6.274320185184479e-05
0.0003548866370692849,0.0018794289790093899,0.0010462482459843159
0.0018814553041011095,-0.0012999108294025064,0.0007943469099700451
-0.0004994106711819768,-0.0008501029224134982,0.0019749258644878864
-0.00099561782553792,0.0007150800665840507,0.000606287270784378
0.0009436961263418198,-0.000806916446890682,0.0018907301127910614
0.0014433830510824919,-9.686488192528486e-05,0.0003379625268280506
-0.0007832859409973025,-0.0019706650637090206,0.0016881846822798252
0.000855018850415945,0.0023836647160351276,-2.7302652597427368e-05
0.00019135911134071648,-0.0018920404836535454,0.0006896201521158218
0.000948931323364377,0.001039688242599368,-0.0024615274742245674
-0.0007464370573870838,9.82608471531421e-05,-0.0009706900455057621
-0.000508800963871181,0.0031973489094525576,0.0004832744598388672
0.00040626112604513764,-0.0006170966662466526,0.0003844713792204857
0.00012433863594196737,0.0005364259704947472,0.0006414377130568027
-0.0005395874031819403,0.00018169297254644334,-0.0010315603576600552
0.0004427743551786989,0.00016598548972979188,-0.0028663729317486286
0.0023261618334800005,-0.0015339101664721966,-0.0010375804267823696
-0.0012022850569337606,0.0002632081741467118,-0.0007404852658510208
0.0015476950211450458,0.0012922536116093397,-0.000686955638229847
-0.0006383355939760804,-0.0007693653460592031,-0.0009564626961946487
0.0004106835986021906,0.001887670368887484,-0.0001487256959080696
0.0013453059364110231,0.0010182332480326295,-0.0027036210522055626
0.0015823272988200188,-0.00015275873010978103,-0.0011086538434028625
0.0003272828762419522,0.0019050133414566517,0.00042180344462394714
-0.000524129718542099,0.00028554501477628946,-0.0006549125537276268
-0.00024754356127232313,0.0003019874566234648,0.0008037579245865345
0.001623859629034996,-0.0004594103083945811,-0.0001880032941699028
0.0007158194785006344,0.0004313922836445272,0.0001378953456878662
-0.000633071584161371,0.0010042382637038827,0.0002926248125731945
0.0007817974546924233,-0.000445454177679494,-0.0002608252689242363
0.0008353270241059363,-0.0021525404881685972,-0.0010413979180157185
0.0014730768743902445,-0.00027802871773019433,0.00016662152484059334
-0.0008079206454567611,0.0006178586627356708,-0.002102391794323921
0.000984550453722477,0.0006948625668883324,-0.0018672649748623371
0.0018157229060307145,0.003109284210950136,0.0005431622266769409
0.0007354291155934334,0.0015516241546720266,-0.001257514115422964
-5.0469679990783334e-05,0.002441652584820986,0.001883684191852808
-0.0021137320436537266,-0.0006443234160542488,0.0037065688520669937
-0.0001650969497859478,0.0013431936968117952,0.0005973288789391518
0.00020751351257786155,0.0010344611946493387,-0.00012029334902763367
0.0013321664882823825,-6.8348017521202564e-06,0.00039023440331220627
0.0008431135793216527,-0.0008835121989250183,-0.0010901899076998234
-0.0003470531082712114,-5.233965930528939e-05,0.0011308863759040833
-0.0015889797359704971,0.001991468947380781,-0.0010124952532351017
-3.0231574783101678e-05,0.0011674867710098624,0.0008133682422339916
0.0007014359580352902,9.634101297706366e-05,0.0029926523566246033
0.0009198151528835297,-0.00045892808702774346,-0.00015467172488570213
-0.003095738124102354,0.0012695018667727709,0.0022203484550118446
-0.0009652093285694718,0.00252704625017941,-0.00021910760551691055
6.85740087646991e-05,0.0004802182666026056,0.002169154118746519
-0.001286708633415401,-0.000949632900301367,0.00030440837144851685
0.0009746995056048036,0.0011037123622372746,-0.0012061810120940208
0.00010118269710801542,0.0019058565376326442,-0.0017438731156289577
0.0007182338740676641,0.0026604165323078632,0.0008509480394423008
-0.00032013264717534184,-0.00046826506149955094,0.002482400741428137
0.0024855120573192835,-0.0003397379769012332,0.0008971975184977055
-0.0015374592039734125,-0.00011976089444942772,-0.0018522501923143864
-0.0010956922778859735,0.0003761688421946019,-0.0014511249028146267
-0.0020951766055077314,-0.0016235987422987819,0.0029348349198698997
-0.0011361512588337064,-5.324752419255674e-05,0.003339107148349285
0.0024932045489549637,-0.0009888160275295377,0.006040351465344429
0.0012191645801067352,0.0013924993108958006,0.012242311611771584
0.003230383852496743,0.0006939522572793067,0.011961881071329117
0.0005703358328901231,-0.0019516395404934883,0.019714364781975746
1.8795166397467256e-05,-0.0009726615389809012,0.019522882997989655
0.0020643556490540504,6.430392386391759e-05,0.02033243700861931
-0.0017106751911342144,0.000761519477237016,0.01582503691315651
0.0011320647317916155,-0.001279650954529643,0.012997934594750404
0.0005443051340989769,-0.0005123942974023521,0.012406712397933006
-0.001083234790712595,0.0031820510048419237,0.011247191578149796
0.0008933632634580135,0.00046669208677485585,0.012847218662500381
-0.001458864426240325,0.0005394899053499103,0.013817059807479382
-0.0007531268056482077,0.00022763374727219343,0.014149154536426067
0.00079923722660169,-0.0017976423259824514,0.013646671548485756
-0.001194671494886279,-0.000847692834213376,0.014122046530246735
-0.0002612217213027179,0.0009332227637059987,0.016789255663752556
-0.00017786480020731688,-0.0018713520839810371,0.009977955371141434
0.0013831502292305231,-0.001662468770518899,0.018896570429205894
-0.0017015892080962658,-0.00024273758754134178,0.020208710804581642
-0.00021762712276540697,-0.0012404187582433224,0.02802116423845291
0.0016471182461827993,-0.0022617410868406296,0.032377030700445175
0.0015553972916677594,-0.00028670631581917405,0.03533296287059784
0.004089927766472101,-0.0022939308546483517,0.03678198903799057
0.0010023026261478662,-0.0037866849452257156,0.04285326972603798
-0.0005623043980449438,-0.0025717508979141712,0.044579531997442245
-0.00018987807561643422,-0.0018177744932472706,0.04696638882160187
-0.00053582270629704,-0.0035485627595335245,0.048565350472927094
-0.002224973402917385,-0.003207381349056959,0.052352797240018845
-0.0011442626127973199,-0.0031232251785695553,0.05619973689317703
0.0028441462200134993,-0.004527224227786064,0.06666842103004456
0.0006489024963229895,-0.0045035220682621,0.08120901137590408
0.0009887455962598324,-0.003268872620537877,0.1131245568394661
0.0003932627150788903,-0.004548254888504744,0.17750141024589539
0.00030182331101968884,-0.007609247229993343,0.22210027277469635
0.0023061183746904135,-0.009166930802166462,0.2862212061882019
0.004998587537556887,-0.006940924096852541,0.37952423095703125
0.004271011799573898,-0.00698087178170681,0.43009153008461
0.0031864347402006388,-0.009148985147476196,0.493680477142334
0.003955555614084005,-0.007024847902357578,0.5274379253387451
0.0037526139058172703,-0.0052749523892998695,0.5539132356643677
0.00609619589522481,-0.0071673947386443615,0.5956119298934937
0.005549912340939045,-0.004791872575879097,0.61457759141922
0.004476392176002264,-0.0012586566153913736,0.6668144464492798
0.0026085805147886276,0.003798119956627488,0.7178114056587219
-0.004351590760052204,0.0036521784495562315,0.7112613320350647
-0.005776374135166407,0.009017184376716614,0.6939346194267273
-0.003391779726371169,0.011478211730718613,0.6715477705001831
-0.008272685110569,0.008673137985169888,0.6598880887031555
-0.00749930227175355,0.00899564754217863,0.6356914043426514
-0.011492264457046986,0.008871657773852348,0.5543168187141418
-0.007249050308018923,0.007203985471278429,0.47354716062545776
-0.011082908138632774,0.009000301361083984,0.4251514971256256
-0.013162304647266865,0.010910852812230587,0.41036003828048706
-0.025123581290245056,0.010084888897836208,0.40130138397216797
-0.03982795774936676,0.013719838112592697,0.41203951835632324
-0.06461844593286514,0.0201918575912714,0.4389285743236542
-0.13463854789733887,0.01899529993534088,0.3437812924385071
-0.24826808273792267,0.023151317611336708,0.1933007538318634
-0.3607650697231293,0.0345270112156868,0.10661059617996216
-0.4146307706832886,0.03740660101175308,0.05618784949183464
-0.443661093711853,0.054756294935941696,-0.003844330320134759
-0.12323010712862015,0.027472272515296936,-0.3549884855747223
0.08717133104801178,-0.023139240220189095,-0.3136010766029358
0.11513444781303406,-0.0181988924741745,-0.11960770934820175
0.07408235222101212,-0.008984356187283993,-0.10494700819253922
0.017938969656825066,0.0173770934343338,-0.13305045664310455
-0.005150636658072472,0.021893547847867012,-0.1685943305492401
-0.013666331768035889,0.008826416917145252,-0.2008684128522873
-0.014532658271491528,0.014866200275719166,-0.23036877810955048
0.06178975850343704,0.016989391297101974,-0.25685054063796997
0.22225959599018097,0.021257106214761734,-0.25609102845191956
0.3882351815700531,0.034287333488464355,-0.23523052036762238
0.5172333717346191,0.07011830061674118,-0.1680682748556137
0.4103673994541168,0.047202013432979584,-0.08715200424194336
-0.17124515771865845,-0.2228664755821228,-0.07756169885396957
-1.0458052158355713,-0.5590411424636841,-0.14238803088665009
-1.7698678970336914,-0.9899973273277283,0.17154087126255035
-2.209000587463379,-1.5096187591552734,0.5105883479118347
-2.3771770000457764,-1.9195282459259033,0.8459908962249756
-2.4347691535949707,-2.0022974014282227,1.035907506942749
-2.44610857963562,-1.9295530319213867,1.153577446937561
-2.3823647499084473,-1.9271962642669678,1.2670621871948242
-2.319969654083252,-1.9735528230667114,1.3336942195892334
-2.2796359062194824,-1.9566177129745483,1.343479037284851
-2.2494380474090576,-1.9377800226211548,1.3206019401550293
-2.214646577835083,-1.940650463104248,1.3316189050674438
-2.166278123855591,-2.017200469970703,1.3777920007705688
-2.0726568698883057,-2.323306083679199,1.397283673286438
-1.371425986289978,-3.3150527477264404,1.245375394821167
-0.5195174813270569,-4.252689838409424,1.1832576990127563
0.30953338742256165,-5.183281421661377,1.2203872203826904
0.9379115104675293,-5.932345867156982,1.3845820426940918
1.3073667287826538,-6.47965669631958,1.646375060081482
1.4117889404296875,-6.901129245758057,1.8959375619888306
1.372819185256958,-7.148819446563721,2.0726823806762695
1.188129186630249,-7.59354829788208,2.1647064685821533
0.9364355206489563,-8.322221755981445,2.184396982192993
0.7879718542098999,-9.48901081085205,2.2142369747161865
0.7806247472763062,-10.439541816711426,2.3321619033813477
0.8437333703041077,-11.420905113220215,2.383944272994995
0.8079007863998413,-11.627728462219238,2.107147455215454
0.5929678678512573,-12.59493350982666,1.7346993684768677
0.6278571486473083,-12.656722068786621,1.3366161584854126
1.3087539672851562,-8.885899543762207,0.11705168336629868
1.7433831691741943,-4.8225321769714355,-1.0020298957824707
1.0845823287963867,-4.8789143562316895,-1.3673994541168213
0.031358134001493454,-4.806474685668945,-1.0733166933059692
-0.828042209148407,-4.31300163269043,-0.39158475399017334
-1.0936506986618042,-4.217401027679443,0.12477024644613266
-0.814042866230011,-4.41094446182251,0.43430837988853455
-0.26044517755508423,-4.556356906890869,0.6680207252502441
0.3518482744693756,-4.6385955810546875,0.9276553988456726
1.0009746551513672,-4.8184638023376465,1.174462914466858
1.5298618078231812,-4.925160884857178,1.1870454549789429
1.77558434009552,-4.7623491287231445,0.9593875408172607
1.7574599981307983,-4.600257873535156,0.6551451683044434
1.5979102849960327,-4.518741130828857,0.3762019872665405
1.3524080514907837,-4.421145439147949,0.07941700518131256
1.0322074890136719,-4.273972511291504,-0.2446332424879074
0.6214483976364136,-4.1777191162109375,-0.5972498059272766
0.140760600566864,-4.293628215789795,-0.9401555061340332
-0.3711508512496948,-4.6738128662109375,-1.2190836668014526
-0.9286540746688843,-5.354720115661621,-1.4466718435287476
-1.5359735488891602,-6.219516754150391,-1.572459101676941
-2.3199055194854736,-7.508169651031494,-1.5947352647781372
-3.310673236846924,-8.700864791870117,-1.496091604232788
-4.408717155456543,-8.780330657958984,-1.379490613937378
-5.018249988555908,-7.8009443283081055,-1.2397117614746094
-5.127288818359375,-6.090836048126221,-1.1958268880844116
-4.63070821762085,-3.539525270462036,-1.2840921878814697
-3.700256586074829,-1.7096283435821533,-1.4286965131759644
-2.491704225540161,-1.0206351280212402,-1.5951192378997803
-1.1850804090499878,-0.8487669229507446,-1.7113944292068481
0.07438864558935165,-0.5823459029197693,-1.6923260688781738
1.1943126916885376,-0.1483643501996994,-1.5033435821533203
2.159701347351074,0.3047045171260834,-1.1747676134109497
2.9521355628967285,0.757790207862854,-0.7515231370925903
3.5495474338531494,1.0268208980560303,-0.2834644615650177
3.964911699295044,0.8991695046424866,0.16928888857364655
4.079634189605713,0.1534610092639923,0.5539705157279968
3.9181203842163086,-0.6505124568939209,0.834083080291748
3.561056613922119,-0.8728216290473938,1.0136487483978271
3.2402589321136475,-0.43905073404312134,1.1450982093811035
2.8040831089019775,0.22019918262958527,1.1697311401367188
2.3996710777282715,0.6205585598945618,1.2070337533950806
2.054717779159546,0.7552298307418823,1.289148211479187
1.8104363679885864,0.8884811401367188,1.451640248298645
1.6920093297958374,0.9892391562461853,1.5980572700500488
1.7203713655471802,0.9464304447174072,1.6459087133407593
1.9008772373199463,0.7338434457778931,1.59394109249115
2.1267638206481934,0.36413270235061646,1.5015819072723389
2.2690677642822266,-0.1204753890633583,1.3622180223464966
2.220500946044922,-0.6931585669517517,1.1393426656723022
1.9820507764816284,-1.1590784788131714,0.8649657964706421
1.6191599369049072,-1.3165676593780518,0.6264898180961609
1.1664425134658813,-1.251227617263794,0.4551921784877777
0.7597383856773376,-1.0743825435638428,0.3717353641986847
0.4599188566207886,-0.8117074966430664,0.39267224073410034
0.20783574879169464,-0.3512791693210602,0.48295554518699646
-0.029093854129314423,0.15294715762138367,0.651409924030304
-0.2398066222667694,0.41606852412223816,0.841568112373352
-0.18573284149169922,0.5293698906898499,0.9886615872383118
0.17630472779273987,0.338571697473526,0.8128104209899902
0.21445037424564362,-0.32341551780700684,0.59641432762146
-0.008354468271136284,-0.6868166327476501,0.4113147556781769
-0.14432522654533386,-0.7470856308937073,0.30665987730026245
-0.1723850816488266,-0.5023174285888672,0.20403653383255005
-0.057253994047641754,-0.10656167566776276,0.1388823240995407
0.0915629118680954,0.2479223757982254,0.1008119061589241
0.15667082369327545,0.18615780770778656,0.13389982283115387
0.13024426996707916,-0.1705678254365921,0.22680819034576416
0.052780866622924805,-0.4548557698726654,0.33963531255722046
-0.029952093958854675,-0.568861722946167,0.3965449333190918
-0.1161402240395546,-0.509239673614502,0.38281190395355225
-0.2110568881034851,-0.34836345911026,0.3216377794742584
-0.24459798634052277,-0.27026888728141785,0.2829855978488922
-0.20132134854793549,-0.15588265657424927,0.3120547831058502
-0.10158279538154602,0.07366257160902023,0.2975444793701172
0.013447919860482216,0.2790745794773102,0.25747883319854736
0.09044645726680756,0.3528914451599121,0.20444928109645844
0.08859503269195557,0.27367067337036133,0.16723667085170746
0.012776116840541363,0.12478382885456085,0.15352556109428406
-0.10279601812362671,0.007611398585140705,0.1471392959356308
-0.2107762098312378,-0.10751848667860031,0.13525167107582092
-0.2903032600879669,-0.1954563409090042,0.09857514500617981
-0.34761664271354675,-0.22856509685516357,0.0592646598815918
-0.36931875348091125,-0.22597090899944305,0.02036706544458866
-0.3472250998020172,-0.19102010130882263,-0.021889779716730118
-0.27141743898391724,-0.11874963343143463,-0.057615820318460464
-0.19630186259746552,0.04869115352630615,-0.0846056416630745
-0.21535411477088928,0.23743337392807007,-0.1039484441280365
-0.3152550458908081,0.35621878504753113,-0.10838310420513153
-0.5075491666793823,0.3633914589881897,-0.0969109982252121
-0.7504732012748718,0.28470268845558167,-0.094417043030262
-1.0122570991516113,0.22338901460170746,-0.09636354446411133
-1.2807259559631348,0.23624666035175323,-0.10781888663768768
-1.5183988809585571,0.253656804561615,-0.12771588563919067
-1.7143573760986328,0.42338305711746216,-0.13567961752414703
-1.7417911291122437,0.7280800938606262,-0.09334015101194382
-1.6060678958892822,0.9792776703834534,-0.03932800889015198
-1.3899779319763184,1.1793268918991089,0.014919247478246689
-1.1592342853546143,1.268052577972412,0.07571054995059967
-0.9293644428253174,1.2185395956039429,0.11630351841449738
-0.7272595763206482,1.060292363166809,0.11909233033657074
-0.5623169541358948,0.7498412132263184,0.08058248460292816
-0.4181682765483856,0.4223169982433319,0.008907191455364227
-0.30548566579818726,0.16276851296424866,-0.0777435451745987
-0.1976967751979828,-0.051608797162771225,-0.17294342815876007
-0.11431106179952621,-0.2002057284116745,-0.23328159749507904
-0.044856008142232895,-0.2350018173456192,-0.24231088161468506
0.004207410383969545,-0.09897821396589279,-0.19456732273101807
0.009988260455429554,0.0779402032494545,-0.09548832476139069
-0.019228482618927956,0.21378380060195923,0.046339645981788635
-0.07706107199192047,0.30292174220085144,0.20362360775470734
-0.14487634599208832,0.3177590072154999,0.3239976763725281
-0.17245113849639893,0.2320522665977478,0.3786364197731018
-0.1372276395559311,0.08956170827150345,0.36920642852783203
-0.09481173753738403,-0.04713710397481918,0.35374268889427185
-0.08417107909917831,-0.15802153944969177,0.36492210626602173
-0.02866475097835064,-0.10169470310211182,0.4044119417667389
0.0715705081820488,0.07303182780742645,0.4119572043418884
0.06240828335285187,0.31344830989837646,0.3538690209388733
-0.06280715763568878,0.5609167218208313,0.24349963665008545
-0.22249026596546173,0.7388691902160645,0.12926101684570312
-0.173661470413208,0.8177246451377869,0.051522813737392426
-0.15182168781757355,0.8411120176315308,-0.011549200862646103
-0.13196329772472382,0.8085836172103882,-0.05520986393094063
-0.015959450975060463,0.6540037989616394,-0.002576763741672039
0.17794504761695862,0.5245313048362732,0.11063714325428009
0.3348601758480072,0.43811333179473877,0.19287064671516418
0.38307273387908936,0.38578087091445923,0.22934290766716003
0.3244132995605469,0.12559713423252106,0.24474462866783142
0.023307250812649727,-0.46108606457710266,0.1943802535533905
-0.2540324330329895,-0.5589144229888916,0.15907734632492065
-0.4164213538169861,-0.34011948108673096,0.18417738378047943
-0.4493691623210907,-0.12338510155677795,0.2665618658065796
-0.4684104919433594,-0.008174090646207333,0.3225201964378357
-0.587426483631134,-0.116457998752594,0.30103838443756104
-0.8183351159095764,-0.5328320860862732,0.2604590058326721
-1.0297967195510864,-0.9890444278717041,0.28221285343170166
-1.0193164348602295,-1.3971689939498901,0.34726986289024353
-0.8379239439964294,-1.3893256187438965,0.386057049036026
-0.5986394286155701,-1.085513710975647,0.39384597539901733
-0.35705438256263733,-0.6908078193664551,0.3689727485179901
-0.17301611602306366,-0.3445427715778351,0.3052731156349182
-0.10167823731899261,-0.11075025051832199,0.2386983335018158
-0.1427077054977417,-0.011264938861131668,0.19498947262763977
-0.2602533996105194,0.0369785912334919,0.16316725313663483
-0.4171159863471985,0.09808482229709625,0.17160733044147491
-0.5834332704544067,0.13556095957756042,0.1636183261871338
-0.73688805103302,0.10361527651548386,0.1191701591014862
-0.8562623858451843,0.04134286195039749,0.049101702868938446
-0.895429253578186,0.017756842076778412,-0.020663529634475708
-0.818621039390564,0.011707853525876999,-0.07993489503860474
-0.6233133673667908,0.03751681372523308,-0.12664860486984253
-0.3798995614051819,0.16512924432754517,-0.16382639110088348
-0.18068315088748932,0.2538239657878876,-0.194965660572052
-0.08502691239118576,0.22944532334804535,-0.22186267375946045
-0.07777033001184464,0.1604420244693756,-0.2295142114162445
-0.13040953874588013,0.03649444878101349,-0.18952473998069763
-0.1614643931388855,-0.14214986562728882,-0.01437342818826437
-0.2065548300743103,-0.2153681367635727,0.144936665892601
-0.2928926348686218,-0.14236930012702942,0.20847222208976746
-0.377310186624527,-0.1185513362288475,0.21600894629955292
-0.2717427611351013,0.09843504428863525,0.2663818299770355
-0.02649840898811817,0.4693697988986969,0.35004258155822754
0.25804945826530457,0.8226775527000427,0.4568478465080261
0.5238341093063354,0.9726502895355225,0.6094505190849304
0.7565028071403503,1.0018316507339478,0.7638819217681885
0.8892776966094971,0.9906603097915649,0.806458592414856
0.9289817214012146,0.8899241089820862,0.7392931580543518
0.903365433216095,0.8475697040557861,0.6059376001358032
0.8282083868980408,0.877767026424408,0.43226778507232666
0.6801139712333679,1.0443522930145264,0.2583860158920288
0.4671327471733093,1.3762080669403076,0.05551546812057495
0.2674304246902466,1.5413278341293335,-0.11229632049798965
0.02703566662967205,0.7686161994934082,-0.21032115817070007
-0.3071858286857605,-0.24791362881660461,-0.2524556815624237
-0.32952815294265747,-0.3542938530445099,-0.14959776401519775
-0.1419687569141388,-0.08553339540958405,0.05688240006566048
0.06121259555220604,0.07609651237726212,0.1902489811182022
0.05241040512919426,-0.003708538366481662,0.24384792149066925
-0.15905256569385529,-0.20814715325832367,0.25699329376220703
-0.4734421968460083,-0.5028320550918579,0.21634480357170105
-0.8293190598487854,-0.856391191482544,0.09094292670488358
-1.0460695028305054,-1.2247447967529297,-0.014616969972848892
-0.9549523591995239,-1.52509605884552,-0.04762711748480797
-0.6278241276741028,-1.2262948751449585,-0.03284722566604614
-0.2567746937274933,-0.5702802538871765,-0.0531889833509922
0.08980844169855118,-0.0435522235929966,0.0076097724959254265
0.36367303133010864,0.23909465968608856,0.1562192142009735
0.49943166971206665,0.27742400765419006,0.3067763149738312
0.5069777965545654,0.13409002125263214,0.3963501453399658
0.4213855564594269,-0.09919217973947525,0.416716605424881
0.2964729070663452,-0.2678176760673523,0.35899069905281067
0.19963064789772034,-0.26124635338783264,0.23407475650310516
0.1291532963514328,-0.1494242250919342,0.08731433749198914
0.06424273550510406,-0.011141185648739338,-0.007163160014897585
0.013595273718237877,0.09680285304784775,-0.03490237891674042
-0.005608157720416784,0.16485503315925598,-0.012169855646789074
0.005091092083603144,0.14514976739883423,0.02284085936844349
0.033738065510988235,0.06796281784772873,0.06486763805150986
0.05189283564686775,-0.04605003818869591,0.09917102009057999
0.05067030340433121,-0.13599954545497894,0.13357481360435486
0.04907320439815521,-0.1145578995347023,0.15057989954948425
0.03003191016614437,-0.036707766354084015,0.12762248516082764
-0.020660029724240303,0.002116063144057989,0.07991141825914383
-0.07854275405406952,0.008321896195411682,0.01766160875558853
-0.1423795074224472,0.009611931629478931,-0.05239737033843994
-0.2024773508310318,0.014579158276319504,-0.11331064254045486
-0.2543237805366516,0.012333580292761326,-0.16251733899116516
-0.3176391124725342,0.020146427676081657,-0.21301698684692383
-0.4402472972869873,-0.009876184165477753,-0.2789960205554962
-0.56819087266922,-0.07899320125579834,-0.34204819798469543
-0.6280422210693359,-0.1718946397304535,-0.386831670999527
-0.6179463863372803,-0.16272763907909393,-0.4370003342628479
-0.592262327671051,-0.09410063922405243,-0.5124397277832031
-0.6321043968200684,-0.04979231208562851,-0.6103651523590088
-0.7805511355400085,-0.02836291864514351,-0.7062557339668274
-1.1296806335449219,0.014129150658845901,-0.7631938457489014
-1.380590558052063,0.08550585806369781,-0.7170058488845825
-1.5071384906768799,0.16393858194351196,-0.4825809597969055
-1.5602898597717285,0.27908754348754883,-0.14073121547698975
