X,Y,Z
-3.8750457763671875,-55.42689514160156,-300.70526123046875
-3.548675537109375,-55.38487243652344,-300.971435546875
-3.382171630859375,-55.03179931640625,-300.69464111328125
-3.318817138671875,-54.960235595703125,-301.1082763671875
-3.0144500732421875,-54.37860107421875,-301.3648681640625
-3.1692657470703125,-54.483642578125,-301.429931640625
-3.0833587646484375,-53.66009521484375,-301.90008544921875
-2.981536865234375,-53.34538269042969,-302.24395751953125
-3.1670989990234375,-52.541748046875,-303.04254150390625
-3.1329803466796875,-52.633636474609375,-303.2821960449219
-3.4672698974609375,-52.31562805175781,-303.43389892578125
-3.5904083251953125,-52.03044128417969,-302.8399658203125
-3.528472900390625,-52.146728515625,-303.61358642578125
-3.515167236328125,-52.590057373046875,-303.21453857421875
-3.305877685546875,-52.823333740234375,-302.3547668457031
-3.332916259765625,-52.94847106933594,-302.09368896484375
-3.319671630859375,-53.519317626953125,-301.374267578125
-3.1529998779296875,-53.88945007324219,-301.2496337890625
-3.1005401611328125,-53.95487976074219,-301.40167236328125
-2.824310302734375,-53.82331848144531,-300.5237731933594
-2.8568878173828125,-54.01853942871094,-300.670166015625
-2.2836151123046875,-53.7535400390625,-300.4300842285156
-2.093963623046875,-53.990264892578125,-300.37322998046875
-1.7771148681640625,-53.75477600097656,-299.83013916015625
-1.4947662353515625,-52.8194580078125,-298.8292236328125
-0.9315948486328125,-52.68487548828125,-298.4501647949219
-0.0923004150390625,-52.9931640625,-297.76751708984375
0.13885498046875,-52.554229736328125,-297.178466796875
0.9619903564453125,-52.17387390136719,-296.54937744140625
1.3443756103515625,-52.40510559082031,-295.79998779296875
2.0881500244140625,-52.607452392578125,-295.3836669921875
2.4768218994140625,-52.40605163574219,-294.30279541015625
2.781402587890625,-52.47981262207031,-294.1629638671875
3.2722930908203125,-52.81340026855469,-293.3308410644531
3.3900146484375,-53.02705383300781,-292.8067626953125
3.570709228515625,-52.98756408691406,-292.30926513671875
3.4223785400390625,-53.2891845703125,-291.5159912109375
3.84320068359375,-53.35972595214844,-290.7540588378906
3.9468231201171875,-52.96783447265625,-291.098388671875
3.9699554443359375,-52.91719055175781,-290.89385986328125
4.6414642333984375,-52.55096435546875,-290.1792297363281
5.0343475341796875,-52.55805969238281,-289.3984375
5.444091796875,-51.82722473144531,-289.2674255371094
5.2948760986328125,-52.14996337890625,-288.43048095703125
5.592864990234375,-52.00093078613281,-288.1014404296875
5.5961761474609375,-52.19279479980469,-287.489990234375
5.4995880126953125,-52.43424987792969,-287.13360595703125
5.4345703125,-53.065155029296875,-286.64447021484375
4.9977874755859375,-53.746337890625,-285.59320068359375
5.24267578125,-54.0567626953125,-285.09014892578125
4.8175048828125,-54.255767822265625,-284.153076171875
4.8648834228515625,-54.57464599609375,-282.7422790527344
5.344268798828125,-54.3958740234375,-281.3226318359375
5.005035400390625,-54.62025451660156,-279.9454345703125
5.4310760498046875,-54.889739990234375,-278.640380859375
5.7334136962890625,-54.84722900390625,-277.67620849609375
5.8926849365234375,-54.71601867675781,-275.852294921875
6.35382080078125,-54.5513916015625,-274.68304443359375
6.276397705078125,-54.13655090332031,-272.94036865234375
6.2839813232421875,-53.78193664550781,-271.5984802246094
6.1971435546875,-53.6456298828125,-270.0345764160156
6.4854583740234375,-53.72801208496094,-268.52435302734375
6.1349029541015625,-53.76100158691406,-266.72412109375
5.8513031005859375,-53.59996032714844,-264.93695068359375
5.664276123046875,-53.45310974121094,-262.98126220703125
5.093902587890625,-53.12062072753906,-261.5313720703125
4.582366943359375,-53.18804931640625,-259.4274597167969
4.1060638427734375,-53.3695068359375,-258.36376953125
3.9304351806640625,-52.86033630371094,-258.0216979980469
4.4153289794921875,-52.440521240234375,-258.2652587890625
4.3921966552734375,-52.40446472167969,-258.71307373046875
4.40655517578125,-52.01533508300781,-258.35125732421875
4.1512451171875,-51.8890380859375,-258.25811767578125
4.1961822509765625,-52.06022644042969,-257.9224853515625
3.943695068359375,-51.92071533203125,-257.97125244140625
3.5868377685546875,-51.68193054199219,-257.64190673828125
3.6036529541015625,-51.600860595703125,-257.00091552734375
3.414886474609375,-51.57341003417969,-256.39288330078125
2.7123260498046875,-50.77250671386719,-255.7515869140625
2.7324981689453125,-49.892242431640625,-253.84288024902344
1.88299560546875,-49.60650634765625,-251.79026794433594
0.903656005859375,-48.95518493652344,-250.32833862304688
0.4253997802734375,-48.43280029296875,-248.11988830566406
-0.4388275146484375,-47.66792297363281,-246.64389038085938
-0.8624725341796875,-47.161376953125,-246.01100158691406
-1.5152435302734375,-46.624481201171875,-245.36448669433594
-2.705780029296875,-46.36016845703125,-243.7215576171875
-3.727203369140625,-46.683380126953125,-242.34544372558594
-5.3222198486328125,-46.55992126464844,-241.6143798828125
-6.8011932373046875,-47.0604248046875,-240.29249572753906
-9.087753295898438,-47.72441101074219,-239.02188110351562
-11.574066162109375,-48.49882507324219,-237.99002075195312
-14.484146118164062,-49.754791259765625,-236.53623962402344
-17.973556518554688,-50.587371826171875,-235.62730407714844
-21.097137451171875,-52.044097900390625,-234.71583557128906
-25.016616821289062,-53.264404296875,-234.45603942871094
-29.167800903320312,-54.210723876953125,-235.15966796875
-32.556976318359375,-55.68278503417969,-235.6397247314453
-35.489288330078125,-56.147674560546875,-235.9105224609375
-37.1434326171875,-56.52580261230469,-236.4278564453125
-39.15580749511719,-56.2852783203125,-236.3716278076172
-40.47554016113281,-56.02723693847656,-236.16754150390625
-41.395111083984375,-55.56658935546875,-236.0088653564453
-41.52447509765625,-55.43019104003906,-236.10804748535156
-41.249908447265625,-55.01934814453125,-235.94874572753906
-40.486572265625,-54.89141845703125,-236.2911834716797
-39.807037353515625,-54.82220458984375,-235.88473510742188
-39.30303955078125,-55.58610534667969,-236.72616577148438
-38.3551025390625,-55.82781982421875,-237.53854370117188
-36.95252990722656,-56.153564453125,-237.5693817138672
-35.95030212402344,-56.611572265625,-238.99325561523438
-34.38917541503906,-56.45707702636719,-238.99331665039062
-33.03385925292969,-56.1502685546875,-239.2164306640625
-31.87017822265625,-55.444091796875,-238.36471557617188
-30.733016967773438,-54.672943115234375,-238.72093200683594
-29.598342895507812,-53.39479064941406,-238.0319061279297
-28.90191650390625,-52.288055419921875,-237.59848022460938
-28.183395385742188,-50.55302429199219,-236.69973754882812
-27.218795776367188,-48.68257141113281,-236.0517120361328
-26.508743286132812,-46.632110595703125,-235.057861328125
-26.154510498046875,-44.337066650390625,-234.23463439941406
-26.441665649414062,-42.10820007324219,-233.27491760253906
-26.806747436523438,-39.94483947753906,-232.26051330566406
-27.311767578125,-37.74818420410156,-231.3931121826172
-27.792709350585938,-35.62599182128906,-231.00479125976562
-27.972488403320312,-33.63494873046875,-229.6412353515625
-28.504165649414062,-32.15522766113281,-229.5478515625
-28.089523315429688,-30.69189453125,-229.53579711914062
-27.883560180664062,-30.31024169921875,-229.6945037841797
-27.435577392578125,-29.379730224609375,-229.610595703125
-26.660858154296875,-29.209075927734375,-229.9630889892578
-26.024124145507812,-29.448745727539062,-230.1328125
-25.550613403320312,-29.36279296875,-230.2327423095703
-24.68695068359375,-29.535324096679688,-230.63400268554688
-23.767654418945312,-29.965576171875,-231.23655700683594
-23.07232666015625,-30.315872192382812,-231.24671936035156
-22.346221923828125,-30.784088134765625,-231.62289428710938
-21.753875732421875,-31.0802001953125,-232.19052124023438
-20.559219360351562,-31.743148803710938,-232.38768005371094
-19.667831420898438,-32.31449890136719,-233.21092224121094
-18.748092651367188,-32.59599304199219,-233.9680633544922
-17.5860595703125,-32.94132995605469,-234.22032165527344
-16.90606689453125,-33.10218811035156,-234.93411254882812
-15.929946899414062,-33.5634765625,-235.27256774902344
-15.078765869140625,-33.46571350097656,-235.85177612304688
-14.498916625976562,-33.506103515625,-236.21807861328125
-14.5579833984375,-33.32415771484375,-236.8506317138672
-14.018798828125,-33.309356689453125,-236.6949005126953
-13.95379638671875,-33.031707763671875,-236.83706665039062
-13.876815795898438,-32.64300537109375,-236.75926208496094
-13.727386474609375,-32.1951904296875,-236.86293029785156
-13.980422973632812,-32.07310485839844,-236.416748046875
-14.107254028320312,-31.442550659179688,-236.88636779785156
-14.246994018554688,-30.95623779296875,-236.86045837402344
-14.17889404296875,-30.59820556640625,-236.7214813232422
-14.267288208007812,-30.14569091796875,-237.16734313964844
-14.218307495117188,-30.102798461914062,-237.0155029296875
-14.096054077148438,-29.497848510742188,-236.9537353515625
-14.5010986328125,-28.854156494140625,-236.8943328857422
-14.768722534179688,-28.394729614257812,-236.49981689453125
-14.63067626953125,-27.67498779296875,-236.93824768066406
-14.541244506835938,-27.525665283203125,-236.95501708984375
-14.982284545898438,-26.983474731445312,-237.12307739257812
-15.21270751953125,-26.0614013671875,-237.47048950195312
-15.215087890625,-25.423507690429688,-237.6680145263672
-15.481277465820312,-25.004592895507812,-237.4586181640625
-15.390792846679688,-24.403549194335938,-237.93064880371094
-15.7183837890625,-23.703948974609375,-238.11459350585938
-15.9576416015625,-23.192764282226562,-238.38040161132812
-15.951889038085938,-22.761917114257812,-238.8349151611328
-16.648468017578125,-22.522598266601562,-238.36981201171875
-16.60919189453125,-22.069442749023438,-238.8335418701172
-16.633041381835938,-21.469772338867188,-239.37286376953125
-16.752487182617188,-21.267654418945312,-239.7131805419922
-16.831298828125,-21.073043823242188,-240.1991729736328
-16.915985107421875,-20.768417358398438,-240.587890625
-16.610397338867188,-20.869064331054688,-241.45445251464844
-16.578155517578125,-20.474380493164062,-241.9317626953125
-16.309860229492188,-20.297286987304688,-242.20388793945312
-16.235198974609375,-20.307830810546875,-242.88595581054688
-15.804794311523438,-20.338226318359375,-243.4003448486328
-15.200424194335938,-20.289230346679688,-244.22244262695312
-15.095703125,-20.676193237304688,-245.29290771484375
-14.46673583984375,-20.56072998046875,-245.9182586669922
-13.898513793945312,-20.568817138671875,-246.71876525878906
-13.353302001953125,-21.00103759765625,-247.7722625732422
-12.411575317382812,-21.319091796875,-248.18197631835938
-12.065261840820312,-21.126541137695312,-248.83567810058594
-11.85101318359375,-21.384170532226562,-249.5814666748047
-10.993896484375,-20.922760009765625,-249.96868896484375
-10.9378662109375,-21.026092529296875,-250.40643310546875
-10.33953857421875,-20.9810791015625,-250.94256591796875
-9.68084716796875,-21.264923095703125,-251.52947998046875
-8.644454956054688,-21.339218139648438,-251.72061157226562
-8.3621826171875,-21.1134033203125,-252.34539794921875
-7.79132080078125,-21.900619506835938,-252.4278106689453
-7.038055419921875,-21.9495849609375,-253.31365966796875
-7.0419464111328125,-22.111953735351562,-253.07736206054688
-5.968505859375,-22.4757080078125,-253.62359619140625
-5.3698577880859375,-22.704269409179688,-253.7771759033203
-4.8489227294921875,-23.420074462890625,-254.69923400878906
-3.7121734619140625,-23.811920166015625,-254.47039794921875
-3.3563690185546875,-24.069442749023438,-254.76321411132812
-2.319091796875,-24.779678344726562,-255.6929168701172
-1.56707763671875,-25.238021850585938,-256.1454162597656
-0.621734619140625,-25.604461669921875,-256.77642822265625
-0.5249176025390625,-26.257354736328125,-256.386962890625
-0.1244049072265625,-26.90240478515625,-256.8541564941406
0.9166107177734375,-27.592910766601562,-256.62066650390625
1.3759307861328125,-28.127120971679688,-256.8323669433594
1.448822021484375,-28.766769409179688,-256.4468688964844
1.998565673828125,-29.481674194335938,-256.2589416503906
2.4518280029296875,-30.466033935546875,-256.739990234375
2.968048095703125,-30.660629272460938,-256.7057189941406
3.455596923828125,-31.142333984375,-256.6882629394531
3.5620880126953125,-32.00621032714844,-256.4733581542969
3.9680023193359375,-32.808074951171875,-255.91326904296875
4.5233001708984375,-33.30982971191406,-255.9097137451172
4.9233856201171875,-33.65504455566406,-256.0816650390625
4.8367919921875,-34.67951965332031,-255.8561248779297
5.41156005859375,-34.72265625,-256.36053466796875
6.0561981201171875,-35.32624816894531,-256.288818359375
6.13226318359375,-35.94453430175781,-256.603271484375
6.816650390625,-36.1563720703125,-256.65771484375
6.9371490478515625,-36.55754089355469,-256.9479675292969
7.330963134765625,-36.86468505859375,-257.46856689453125
7.634857177734375,-37.08528137207031,-257.3228759765625
8.062118530273438,-37.268646240234375,-257.78387451171875
8.381866455078125,-37.22193908691406,-257.4825439453125
8.590850830078125,-37.46611022949219,-258.093994140625
8.835662841796875,-37.45709228515625,-257.462890625
9.229660034179688,-37.362884521484375,-257.16705322265625
9.801910400390625,-36.98542785644531,-257.80767822265625
10.342437744140625,-36.67085266113281,-257.2076110839844
10.720291137695312,-35.891448974609375,-257.44964599609375
11.299240112304688,-35.94970703125,-257.741943359375
11.549514770507812,-35.2137451171875,-258.16412353515625
12.004409790039062,-33.96995544433594,-258.31939697265625
12.5279541015625,-33.5911865234375,-258.70831298828125
12.905807495117188,-32.685577392578125,-258.57623291015625
13.323516845703125,-31.719573974609375,-258.8802490234375
13.678756713867188,-30.573257446289062,-258.729248046875
14.091110229492188,-29.51593017578125,-258.8555908203125
14.274627685546875,-28.664718627929688,-258.7877197265625
14.67852783203125,-27.475601196289062,-259.0888671875
14.878463745117188,-26.546493530273438,-259.46282958984375
15.2445068359375,-24.8619384765625,-259.40435791015625
15.409271240234375,-23.91217041015625,-260.424560546875
15.269180297851562,-22.600875854492188,-260.74847412109375
15.252227783203125,-20.97265625,-260.6495056152344
15.084609985351562,-19.48187255859375,-260.7225341796875
14.799423217773438,-17.786102294921875,-261.04168701171875
14.67596435546875,-16.514617919921875,-260.64996337890625
14.514312744140625,-15.668426513671875,-260.7638244628906
13.916534423828125,-14.401580810546875,-260.47100830078125
13.99517822265625,-13.351730346679688,-260.360595703125
13.791488647460938,-12.154434204101562,-260.1078186035156
13.412155151367188,-11.640960693359375,-260.0450439453125
13.3995361328125,-11.183746337890625,-259.7599792480469
12.457305908203125,-10.4967041015625,-259.86322021484375
12.538284301757812,-9.664215087890625,-260.0951232910156
12.219207763671875,-9.00701904296875,-259.9208679199219
12.129425048828125,-8.088729858398438,-260.34033203125
11.630905151367188,-7.3701171875,-260.7142333984375
11.454605102539062,-6.211395263671875,-261.1954650878906
11.342575073242188,-5.3881988525390625,-261.44952392578125
10.508499145507812,-4.4626007080078125,-262.0615234375
10.082183837890625,-3.6630096435546875,-262.76434326171875
9.902877807617188,-2.61297607421875,-262.924072265625
9.12322998046875,-2.1350555419921875,-262.93975830078125
8.958724975585938,-1.426055908203125,-263.70782470703125
8.625076293945312,-0.8333282470703125,-264.09765625
8.217254638671875,-0.046600341796875,-264.2453918457031
8.026199340820312,0.42523193359375,-264.86358642578125
7.53729248046875,1.071319580078125,-264.904296875
7.5390472412109375,1.841522216796875,-266.21893310546875
7.1194915771484375,2.1450347900390625,-266.3021240234375
6.8248748779296875,2.9561309814453125,-266.7421875
6.2584686279296875,3.55560302734375,-267.40582275390625
6.127044677734375,3.908233642578125,-267.4406433105469
5.90576171875,4.458526611328125,-268.1152038574219
5.611846923828125,4.68499755859375,-268.4785461425781
5.299774169921875,5.3648681640625,-269.65216064453125
4.849334716796875,5.5145263671875,-270.08551025390625
4.8760986328125,5.97467041015625,-270.39996337890625
4.4808807373046875,6.842864990234375,-270.9268798828125
4.400390625,7.04473876953125,-271.3412780761719
4.310943603515625,7.5069580078125,-271.72491455078125
3.9537353515625,7.6963043212890625,-272.58868408203125
3.83013916015625,8.109939575195312,-272.87969970703125
4.421661376953125,7.8821868896484375,-272.97833251953125
4.0449676513671875,8.309402465820312,-273.30645751953125
4.597137451171875,8.637847900390625,-273.135498046875
4.8131866455078125,8.597625732421875,-273.56304931640625
5.1920013427734375,9.121780395507812,-273.576904296875
5.138336181640625,8.919952392578125,-273.8564758300781
5.4510040283203125,9.073989868164062,-274.5555419921875
6.3580780029296875,9.219497680664062,-275.04583740234375
6.668975830078125,9.0767822265625,-275.024658203125
7.299774169921875,9.23883056640625,-275.21295166015625
7.4419403076171875,9.269500732421875,-275.9208068847656
8.225372314453125,9.20770263671875,-276.00042724609375
9.034149169921875,8.731353759765625,-276.0657958984375
9.739059448242188,8.805709838867188,-276.5149230957031
10.311187744140625,8.674896240234375,-276.318115234375
11.400436401367188,8.1214599609375,-276.12872314453125
12.2796630859375,7.74041748046875,-275.9705505371094
13.109329223632812,7.4689788818359375,-275.51409912109375
14.310348510742188,6.9598846435546875,-275.6495361328125
15.5870361328125,5.8895416259765625,-275.466796875
16.481399536132812,5.245025634765625,-274.99371337890625
18.2264404296875,4.1617584228515625,-274.2125244140625
19.131240844726562,3.251220703125,-274.12774658203125
20.554656982421875,1.6776885986328125,-273.3683776855469
22.288162231445312,-0.1227264404296875,-272.6129455566406
23.903305053710938,-2.415252685546875,-272.0273742675781
25.227890014648438,-4.5182037353515625,-271.9137268066406
26.30657958984375,-7.317474365234375,-271.353271484375
28.04058837890625,-9.4029541015625,-270.77325439453125
28.893707275390625,-11.792724609375,-269.9481201171875
29.843032836914062,-14.964797973632812,-269.6481018066406
30.746185302734375,-17.914016723632812,-268.76544189453125
31.82977294921875,-20.855255126953125,-268.6293640136719
32.2237548828125,-23.671173095703125,-267.54461669921875
32.57649230957031,-26.260269165039062,-266.6497497558594
32.86077880859375,-29.38330078125,-265.6457214355469
32.85179138183594,-32.027313232421875,-265.0962829589844
32.865509033203125,-34.76275634765625,-264.6419982910156
32.50274658203125,-37.38218688964844,-263.5746154785156
32.07713317871094,-40.16700744628906,-262.45404052734375
31.582595825195312,-42.90391540527344,-261.86688232421875
30.610092163085938,-45.42918395996094,-261.0353088378906
30.063186645507812,-48.36366271972656,-260.5889892578125
29.153106689453125,-50.6251220703125,-260.48590087890625
28.488006591796875,-52.75871276855469,-260.2713928222656
27.667556762695312,-54.761138916015625,-260.3986511230469
27.344741821289062,-56.579681396484375,-261.2314453125
26.814895629882812,-58.86119079589844,-261.5211181640625
26.25848388671875,-60.19999694824219,-262.49395751953125
25.321853637695312,-61.70796203613281,-263.8454895019531
24.842178344726562,-63.315093994140625,-264.68939208984375
24.32257080078125,-64.66943359375,-266.0256042480469
23.884124755859375,-66.2347412109375,-267.1041259765625
23.241912841796875,-66.97926330566406,-267.82373046875
22.807754516601562,-68.04934692382812,-268.6045837402344
22.3033447265625,-68.752197265625,-269.37738037109375
22.319320678710938,-69.85365295410156,-270.25396728515625
21.920761108398438,-70.04371643066406,-271.08404541015625
21.637985229492188,-70.49798583984375,-271.0177001953125
21.8250732421875,-70.91873168945312,-272.352783203125
22.555908203125,-71.22698974609375,-273.07208251953125
22.534439086914062,-70.98451232910156,-273.7622375488281
22.898208618164062,-70.7490234375,-274.26800537109375
23.50408935546875,-70.3858642578125,-274.99322509765625
24.22967529296875,-70.42778015136719,-275.328857421875
25.024215698242188,-69.68061828613281,-275.9285888671875
25.73651123046875,-68.82186889648438,-276.1260986328125
26.98822021484375,-67.77488708496094,-276.80377197265625
28.614837646484375,-66.88125610351562,-277.36492919921875
29.375717163085938,-65.64860534667969,-277.7402038574219
30.923233032226562,-64.17532348632812,-277.76641845703125
32.347412109375,-62.599090576171875,-278.0206298828125
33.73468017578125,-60.56494140625,-277.79742431640625
35.32176208496094,-58.69010925292969,-278.0400390625
36.67875671386719,-56.72859191894531,-277.3650207519531
37.869720458984375,-54.63169860839844,-277.0416259765625
39.39408874511719,-52.17027282714844,-276.72235107421875
40.52134704589844,-49.711334228515625,-275.48553466796875
41.91572570800781,-46.9306640625,-275.1243896484375
42.74595642089844,-44.21104431152344,-273.5716552734375
43.97206115722656,-40.65568542480469,-272.65435791015625
44.942352294921875,-37.39707946777344,-271.7806091308594
45.88426208496094,-33.60859680175781,-270.47735595703125
46.31709289550781,-30.159072875976562,-269.399658203125
46.52961730957031,-26.44970703125,-267.8865966796875
46.65657043457031,-22.96392822265625,-266.3437805175781
46.62055969238281,-19.537002563476562,-265.79376220703125
46.5062255859375,-16.526809692382812,-264.4859619140625
46.47296142578125,-13.737899780273438,-263.431884765625
46.04747009277344,-11.099624633789062,-263.1538391113281
45.43763732910156,-8.531814575195312,-262.5111083984375
45.083526611328125,-6.073974609375,-262.16064453125
44.70668029785156,-4.0191497802734375,-262.4394226074219
44.30860900878906,-2.123565673828125,-262.54083251953125
43.79887390136719,-0.1207427978515625,-263.5906066894531
43.623748779296875,1.940704345703125,-263.80487060546875
42.70964050292969,3.8681640625,-264.16522216796875
41.71330261230469,5.2971343994140625,-264.506103515625
41.44950866699219,6.9691009521484375,-264.7326965332031
40.919708251953125,8.781936645507812,-265.2931213378906
40.13014221191406,10.0611572265625,-264.88043212890625
39.454498291015625,12.270782470703125,-264.90692138671875
38.29179382324219,13.91192626953125,-264.94635009765625
37.520599365234375,15.858993530273438,-264.2460021972656
36.57600402832031,17.302841186523438,-264.07086181640625
35.54954528808594,19.147369384765625,-263.67156982421875
34.26783752441406,20.351593017578125,-263.33551025390625
33.51985168457031,22.115692138671875,-263.3115539550781
32.506591796875,23.10345458984375,-262.89141845703125
31.7305908203125,24.995681762695312,-263.1203918457031
31.16375732421875,26.3975830078125,-263.58367919921875
30.205352783203125,27.657501220703125,-262.77294921875
29.120849609375,28.264266967773438,-263.328857421875
28.6490478515625,29.6463623046875,-263.48675537109375
28.055984497070312,30.74560546875,-263.7020568847656
27.378555297851562,31.455856323242188,-263.31365966796875
27.09185791015625,32.45960998535156,-263.0317077636719
27.045547485351562,32.87054443359375,-263.68572998046875
26.495010375976562,33.792388916015625,-262.8790283203125
26.524337768554688,34.338775634765625,-262.86138916015625
26.05096435546875,34.79267883300781,-262.92578125
26.157669067382812,35.95355224609375,-262.3477783203125
26.202926635742188,36.12825012207031,-261.67657470703125
26.51666259765625,36.1522216796875,-260.9423522949219
26.879241943359375,36.82887268066406,-260.3341979980469
27.191268920898438,36.7479248046875,-259.8006896972656
27.724456787109375,36.99365234375,-259.3580017089844
28.16815185546875,36.994598388671875,-259.1776428222656
28.630203247070312,36.95249938964844,-258.9493408203125
29.362945556640625,37.20109558105469,-258.0496826171875
29.886322021484375,36.9178466796875,-256.94708251953125
30.917160034179688,36.992645263671875,-256.20257568359375
31.785202026367188,36.09291076660156,-255.12025451660156
32.66404724121094,35.414825439453125,-253.47802734375
34.183624267578125,34.64912414550781,-251.62493896484375
35.49420166015625,32.88484191894531,-250.6287384033203
36.740570068359375,31.233291625976562,-248.8036651611328
37.58094787597656,29.39288330078125,-246.84495544433594
38.95457458496094,27.267623901367188,-244.4116668701172
40.3944091796875,24.381256103515625,-242.51759338378906
41.594818115234375,21.265762329101562,-240.29148864746094
42.738800048828125,17.806533813476562,-238.6636962890625
44.267669677734375,13.656356811523438,-236.79678344726562
45.11451721191406,9.108062744140625,-235.2666015625
46.26939392089844,4.8135833740234375,-234.408447265625
47.231414794921875,0.08123779296875,-234.18685913085938
47.70664978027344,-5.2078399658203125,-233.90187072753906
47.89630126953125,-10.520721435546875,-233.76353454589844
47.62078857421875,-15.415878295898438,-234.47703552246094
47.14445495605469,-20.516647338867188,-234.07406616210938
46.30845642089844,-25.545654296875,-235.36911010742188
45.00105285644531,-30.502716064453125,-235.89076232910156
43.60145568847656,-34.744873046875,-236.99813842773438
42.18482971191406,-38.895904541015625,-238.58181762695312
40.106903076171875,-42.974517822265625,-239.64527893066406
38.40730285644531,-46.74188232421875,-240.9134521484375
36.308624267578125,-50.60487365722656,-242.73428344726562
34.26739501953125,-53.27952575683594,-243.97105407714844
32.409515380859375,-56.15704345703125,-245.43865966796875
30.995208740234375,-58.19563293457031,-247.09788513183594
28.55218505859375,-60.65028381347656,-248.96063232421875
26.79718017578125,-61.95477294921875,-250.79266357421875
24.918930053710938,-63.42124938964844,-252.41390991210938
23.307510375976562,-64.36878967285156,-253.66827392578125
21.626480102539062,-65.43057250976562,-255.5762481689453
20.610092163085938,-66.47642517089844,-257.019775390625
19.325149536132812,-66.78746032714844,-258.5981140136719
18.05303955078125,-67.40013122558594,-260.0264587402344
16.888046264648438,-67.44830322265625,-261.29296875
16.257339477539062,-67.29615783691406,-262.70635986328125
15.602828979492188,-67.53768920898438,-264.0072326660156
14.802993774414062,-66.84605407714844,-265.0674743652344
14.0528564453125,-67.07249450683594,-265.32794189453125
13.665176391601562,-67.01020812988281,-266.0787353515625
12.757583618164062,-66.69270324707031,-266.1920166015625
12.273712158203125,-66.17837524414062,-266.362060546875
11.42303466796875,-66.26942443847656,-266.1751708984375
10.989212036132812,-66.07756042480469,-266.0502014160156
9.920578002929688,-65.95065307617188,-265.5274658203125
9.907974243164062,-65.83346557617188,-265.46063232421875
9.162200927734375,-65.60079956054688,-264.23883056640625
8.834487915039062,-65.19911193847656,-262.96826171875
8.136260986328125,-64.96810913085938,-262.03619384765625
7.718780517578125,-64.69757080078125,-261.10675048828125
7.7137603759765625,-64.12872314453125,-260.1708984375
7.3843994140625,-63.623565673828125,-259.5305480957031
7.326202392578125,-62.866455078125,-258.4134826660156
7.0764617919921875,-62.44471740722656,-257.49615478515625
7.332489013671875,-61.81156921386719,-257.14923095703125
7.4405670166015625,-61.20133972167969,-257.05755615234375
7.5514373779296875,-60.63984680175781,-256.9449462890625
7.7749481201171875,-60.15724182128906,-256.9969482421875
7.9255218505859375,-59.80467224121094,-257.68096923828125
8.294891357421875,-59.63958740234375,-257.71319580078125
8.649520874023438,-59.07975769042969,-258.4051513671875
8.959182739257812,-58.3695068359375,-258.283447265625
9.276687622070312,-57.82008361816406,-258.578125
9.655197143554688,-57.2474365234375,-259.09967041015625
10.295639038085938,-56.542022705078125,-259.07415771484375
10.886276245117188,-55.49494934082031,-258.9176025390625
11.647750854492188,-54.8746337890625,-258.69573974609375
11.845657348632812,-53.90769958496094,-258.2097473144531
12.22015380859375,-52.998016357421875,-257.68597412109375
12.662368774414062,-52.42919921875,-257.5196533203125
13.17999267578125,-51.96418762207031,-256.8719482421875
13.41387939453125,-51.21815490722656,-255.96206665039062
13.5699462890625,-50.99049377441406,-255.26002502441406
13.657073974609375,-49.91221618652344,-254.69834899902344
13.942581176757812,-49.39002990722656,-253.79867553710938
14.166549682617188,-48.939208984375,-252.86207580566406
14.156356811523438,-48.74839782714844,-252.19346618652344
14.7938232421875,-47.7724609375,-251.26687622070312
15.16766357421875,-46.9005126953125,-251.20599365234375
15.62054443359375,-46.17474365234375,-250.543701171875
15.506317138671875,-44.82279968261719,-250.16336059570312
16.150161743164062,-44.38018798828125,-248.9610137939453
16.522933959960938,-43.20660400390625,-248.5753631591797
17.020553588867188,-42.0693359375,-247.78981018066406
17.048004150390625,-40.81459045410156,-247.7209014892578
18.085906982421875,-39.473968505859375,-247.50613403320312
18.497543334960938,-37.97625732421875,-246.56947326660156
18.68609619140625,-36.74906921386719,-245.88372802734375
19.151840209960938,-35.14640808105469,-245.0441436767578
19.090179443359375,-33.1378173828125,-244.8086700439453
19.110305786132812,-31.516799926757812,-243.97640991210938
19.701736450195312,-29.745773315429688,-243.3017120361328
19.413864135742188,-27.467620849609375,-242.5633087158203
19.359817504882812,-25.481857299804688,-241.7933349609375
19.0853271484375,-23.955841064453125,-241.77992248535156
18.922637939453125,-21.597335815429688,-240.49075317382812
18.6695556640625,-19.432723999023438,-240.020263671875
18.54852294921875,-17.540435791015625,-239.55905151367188
17.9796142578125,-15.831344604492188,-239.03787231445312
17.481246948242188,-13.83544921875,-238.52984619140625
16.781524658203125,-12.08294677734375,-238.3802032470703
16.668212890625,-10.805801391601562,-238.6062774658203
15.882965087890625,-9.88372802734375,-238.6028289794922
15.1405029296875,-8.541595458984375,-238.08029174804688
14.7020263671875,-8.044158935546875,-237.96405029296875
13.941314697265625,-7.7652435302734375,-237.74700927734375
13.367202758789062,-7.411468505859375,-237.4644775390625
12.731689453125,-7.6443939208984375,-237.06663513183594
12.446670532226562,-7.1856231689453125,-237.603515625
11.935546875,-7.499114990234375,-237.348388671875
11.468643188476562,-7.67376708984375,-237.3647003173828
11.397445678710938,-8.394744873046875,-237.89967346191406
11.06488037109375,-8.749526977539062,-238.1746063232422
10.50054931640625,-9.633087158203125,-238.77011108398438
10.020828247070312,-9.81268310546875,-239.55233764648438
9.61505126953125,-10.398468017578125,-239.93389892578125
8.835357666015625,-11.151458740234375,-239.80929565429688
8.666000366210938,-12.331268310546875,-240.6228790283203
7.8414306640625,-12.850265502929688,-240.96035766601562
7.2841033935546875,-13.8272705078125,-241.1525115966797
6.3973541259765625,-14.335601806640625,-241.5612335205078
6.1251678466796875,-15.316146850585938,-241.821533203125
4.72613525390625,-16.22088623046875,-242.44288635253906
4.1224822998046875,-17.127304077148438,-242.43682861328125
3.2179412841796875,-17.6885986328125,-243.2861328125
2.4336090087890625,-18.796524047851562,-243.5342559814453
1.5228271484375,-19.208206176757812,-243.82164001464844
0.9976654052734375,-20.345611572265625,-245.22171020507812
0.469970703125,-21.393356323242188,-245.5273895263672
0.0831451416015625,-22.381790161132812,-246.82275390625
-0.6938934326171875,-23.281906127929688,-247.80848693847656
-0.8239593505859375,-24.084930419921875,-248.09915161132812
-0.901885986328125,-24.663330078125,-249.606689453125
-1.2213897705078125,-25.431594848632812,-250.7096405029297
-1.4619140625,-26.256881713867188,-251.6029052734375
-1.464324951171875,-26.815963745117188,-252.76861572265625
-1.4923858642578125,-27.815185546875,-253.8980255126953
-1.425140380859375,-28.435012817382812,-254.6118621826172
-1.3603363037109375,-29.1729736328125,-255.96588134765625
-1.5907135009765625,-29.912750244140625,-256.75433349609375
-1.870361328125,-30.19366455078125,-257.1900939941406
-1.5577392578125,-30.722946166992188,-258.48114013671875
-1.4393768310546875,-31.286224365234375,-258.9802551269531
-1.631103515625,-31.766571044921875,-259.2123107910156
-1.515960693359375,-32.484039306640625,-259.78253173828125
-1.23919677734375,-33.15525817871094,-260.7752990722656
-1.1290130615234375,-33.510772705078125,-261.14801025390625
-1.2130584716796875,-34.458526611328125,-261.6223449707031
-0.92999267578125,-35.000823974609375,-262.30126953125
-0.795257568359375,-35.65205383300781,-262.6510009765625
-0.6734619140625,-36.21604919433594,-263.0807800292969
-0.6671142578125,-37.25773620605469,-263.642578125
-0.54766845703125,-37.49644470214844,-264.26983642578125
-0.3730010986328125,-38.1866455078125,-264.3448486328125
-0.1630859375,-38.61805725097656,-264.9837341308594
-0.7529296875,-38.85630798339844,-265.1326904296875
-0.3567657470703125,-39.60960388183594,-266.1191711425781
0.12860107421875,-39.80787658691406,-266.6363525390625
0.11474609375,-39.79820251464844,-267.11212158203125
0.2899017333984375,-40.413177490234375,-267.21588134765625
0.416229248046875,-40.624481201171875,-267.81622314453125
0.3127899169921875,-40.61222839355469,-268.234130859375
0.3562469482421875,-41.10127258300781,-268.15582275390625
0.8095245361328125,-40.74855041503906,-268.96533203125
0.6242523193359375,-41.05859375,-268.310791015625
1.05645751953125,-41.21565246582031,-268.9618835449219
0.7131500244140625,-41.63359069824219,-268.6923828125
0.9126434326171875,-41.32452392578125,-268.1318359375
1.109222412109375,-41.10462951660156,-268.0315856933594
1.196929931640625,-41.482757568359375,-267.65826416015625
1.0396270751953125,-40.86564636230469,-267.4847412109375
1.503936767578125,-40.80293273925781,-267.3700866699219
1.1522216796875,-41.27867126464844,-267.0950927734375
1.280242919921875,-40.963714599609375,-266.69085693359375
1.5924530029296875,-40.60716247558594,-265.8929443359375
1.394195556640625,-40.44612121582031,-264.95147705078125
1.7416534423828125,-40.013336181640625,-264.7579345703125
1.4970855712890625,-39.286163330078125,-264.4000244140625
1.506500244140625,-38.771270751953125,-263.99005126953125
1.232208251953125,-38.418701171875,-263.1141052246094
1.781829833984375,-37.969390869140625,-262.39862060546875
1.6069793701171875,-36.77149963378906,-261.6563720703125
1.66900634765625,-35.895538330078125,-261.5428161621094
1.8197021484375,-34.711883544921875,-260.9764404296875
2.045318603515625,-33.13099670410156,-260.34033203125
1.9819793701171875,-32.46502685546875,-260.5106201171875
1.92559814453125,-30.853179931640625,-260.4920654296875
1.931671142578125,-29.414520263671875,-260.31463623046875
1.9117431640625,-28.309356689453125,-260.70928955078125
1.6558837890625,-27.429718017578125,-260.353271484375
1.27996826171875,-26.356918334960938,-259.9691162109375
1.43719482421875,-25.176788330078125,-259.5608825683594
1.3438262939453125,-24.31976318359375,-260.0355529785156
1.1562042236328125,-23.915573120117188,-260.21588134765625
0.4695892333984375,-22.874221801757812,-260.02313232421875
0.746490478515625,-22.114242553710938,-260.2182922363281
0.3062744140625,-21.282318115234375,-260.50250244140625
0.347442626953125,-20.513748168945312,-260.9344177246094
0.027496337890625,-19.857955932617188,-260.8341064453125
-0.15228271484375,-19.040618896484375,-261.2203369140625
-0.1550445556640625,-18.046646118164062,-261.3013916015625
-0.0717620849609375,-17.180953979492188,-262.0751953125
-1.0567626953125,-16.589202880859375,-262.0281677246094
-1.19146728515625,-15.578872680664062,-262.2115478515625
-1.3049163818359375,-14.647598266601562,-262.3105163574219
-1.926361083984375,-13.244369506835938,-261.87249755859375
-2.5128936767578125,-12.589996337890625,-262.58935546875
-2.9328460693359375,-11.326400756835938,-262.62542724609375
-3.408905029296875,-10.42840576171875,-262.4356994628906
-4.1587066650390625,-9.550979614257812,-262.906982421875
-4.6524658203125,-8.8280029296875,-262.67626953125
-5.1269989013671875,-7.5341339111328125,-262.9014892578125
-5.7685089111328125,-6.4397735595703125,-263.26666259765625
-6.4187164306640625,-5.67840576171875,-263.5003662109375
-7.2811737060546875,-4.842315673828125,-263.70648193359375
-7.7537689208984375,-4.2031097412109375,-263.9547119140625
-8.247833251953125,-3.2628631591796875,-264.197509765625
-8.742324829101562,-2.6336822509765625,-264.49005126953125
-9.17205810546875,-2.0084686279296875,-264.67071533203125
-9.8975830078125,-1.559814453125,-264.96142578125
-10.194580078125,-0.569061279296875,-265.7510986328125
-10.506881713867188,-0.4284820556640625,-265.35601806640625
-11.057632446289062,0.3199615478515625,-266.24365234375
-11.629409790039062,0.5807952880859375,-265.9602355957031
-11.856109619140625,0.92510986328125,-266.07171630859375
-11.75543212890625,1.261962890625,-266.23919677734375
-12.26251220703125,1.567108154296875,-266.56280517578125
-12.42633056640625,1.8363494873046875,-266.04608154296875
-12.419113159179688,2.1789703369140625,-266.593017578125
-12.340484619140625,2.060333251953125,-266.9136962890625
-12.639358520507812,2.8172149658203125,-267.1346435546875
-12.704132080078125,2.542938232421875,-267.38916015625
-12.61749267578125,2.9513702392578125,-266.5931396484375
-12.626876831054688,3.128753662109375,-267.22674560546875
-12.41357421875,3.298858642578125,-268.37457275390625
-12.307174682617188,3.4780426025390625,-268.2718505859375
-11.79510498046875,3.572418212890625,-268.05926513671875
-11.360214233398438,3.6325531005859375,-268.56353759765625
-11.080520629882812,3.660614013671875,-268.4791564941406
-10.652618408203125,3.680389404296875,-268.6019287109375
-9.551406860351562,3.7123870849609375,-268.6771545410156
-9.86212158203125,2.9981231689453125,-268.16143798828125
-9.063735961914062,3.3607330322265625,-268.22271728515625
-8.142044067382812,2.7641448974609375,-267.2841491699219
-7.2008056640625,2.86700439453125,-267.2059326171875
-6.577606201171875,2.6338043212890625,-267.111328125
-5.627166748046875,2.23260498046875,-266.19451904296875
-4.7771148681640625,1.718353271484375,-266.28076171875
-3.50048828125,1.3226470947265625,-265.9111022949219
-2.5351104736328125,0.6262359619140625,-265.0767822265625
-0.915252685546875,0.0014495849609375,-265.230224609375
0.116546630859375,-0.8380126953125,-264.9521484375
1.2723236083984375,-1.933685302734375,-264.9378662109375
2.4973297119140625,-3.11492919921875,-264.79620361328125
3.6336212158203125,-3.972076416015625,-264.05438232421875
5.1618194580078125,-5.05010986328125,-264.50921630859375
6.4061431884765625,-6.487518310546875,-264.2041931152344
7.496490478515625,-7.640289306640625,-264.730224609375
8.769973754882812,-8.970291137695312,-264.7868347167969
9.933639526367188,-10.409774780273438,-264.57470703125
10.799331665039062,-11.53924560546875,-265.04327392578125
11.996841430664062,-12.944015502929688,-264.9215087890625
12.842987060546875,-14.648452758789062,-265.5238037109375
14.070907592773438,-15.700851440429688,-265.65008544921875
14.469345092773438,-17.12762451171875,-265.439208984375
15.714065551757812,-18.72467041015625,-265.44354248046875
16.342300415039062,-20.051467895507812,-265.69683837890625
16.880752563476562,-21.254852294921875,-265.3680725097656
17.62890625,-22.557281494140625,-265.7451171875
18.298065185546875,-24.147018432617188,-266.7369384765625
19.026290893554688,-25.407455444335938,-266.6763916015625
19.093017578125,-26.352371215820312,-266.94122314453125
19.6220703125,-27.323348999023438,-267.41363525390625
20.331893920898438,-28.5762939453125,-267.7430419921875
20.701644897460938,-29.641189575195312,-267.8656005859375
21.42559814453125,-30.449798583984375,-268.6158447265625
21.565017700195312,-31.570953369140625,-268.8264465332031
21.613723754882812,-32.61067199707031,-268.85125732421875
21.920623779296875,-33.610504150390625,-268.8944091796875
21.986114501953125,-34.319671630859375,-268.6066589355469
22.3531494140625,-35.146270751953125,-268.69964599609375
22.428604125976562,-35.928558349609375,-267.8887634277344
22.725418090820312,-36.27691650390625,-267.906982421875
22.73028564453125,-37.069366455078125,-267.5951843261719
23.290176391601562,-37.25553894042969,-266.75201416015625
23.169631958007812,-37.79888916015625,-266.0980529785156
23.782257080078125,-38.084075927734375,-265.3690185546875
23.783447265625,-38.198150634765625,-265.49847412109375
23.742294311523438,-38.60594177246094,-264.95477294921875
24.318588256835938,-38.15876770019531,-264.44482421875
24.509445190429688,-37.87290954589844,-263.77642822265625
24.72589111328125,-37.77134704589844,-262.6607360839844
24.771560668945312,-37.28703308105469,-262.74957275390625
25.001663208007812,-36.612091064453125,-262.250244140625
25.422805786132812,-36.08197021484375,-261.0098571777344
25.141464233398438,-35.1109619140625,-261.32012939453125
25.648895263671875,-34.01605224609375,-260.962158203125
25.729736328125,-32.53416442871094,-260.084228515625
26.117019653320312,-30.243011474609375,-260.1104431152344
26.125473022460938,-28.51763916015625,-259.7105407714844
26.51123046875,-26.49798583984375,-260.0875244140625
26.71099853515625,-24.230697631835938,-259.39923095703125
26.679534912109375,-22.240386962890625,-259.81427001953125
26.57098388671875,-20.689453125,-260.07366943359375
26.5994873046875,-18.696014404296875,-260.25677490234375
26.350601196289062,-16.969528198242188,-260.30560302734375
26.195709228515625,-15.213470458984375,-260.5484619140625
25.977020263671875,-13.587005615234375,-260.76983642578125
26.043441772460938,-12.19757080078125,-260.74420166015625
25.389190673828125,-10.922943115234375,-260.42694091796875
25.077224731445312,-9.528472900390625,-260.56787109375
25.019790649414062,-8.213607788085938,-261.142578125
24.099166870117188,-6.7648468017578125,-261.260009765625
23.754562377929688,-5.126800537109375,-261.577880859375
23.359725952148438,-3.8410186767578125,-262.00933837890625
22.918563842773438,-2.38031005859375,-262.2440490722656
22.30078125,-0.3605804443359375,-262.8846435546875
21.713058471679688,1.1480865478515625,-262.9122314453125
20.872879028320312,2.6304931640625,-263.40557861328125
20.06121826171875,4.4183197021484375,-263.77239990234375
19.19525146484375,5.968475341796875,-263.66424560546875
18.330398559570312,7.382110595703125,-263.94989013671875
17.110015869140625,8.950759887695312,-265.190673828125
16.120986938476562,10.83172607421875,-265.7381591796875
15.047882080078125,12.2423095703125,-266.16607666015625
13.891677856445312,13.87091064453125,-266.55694580078125
13.042312622070312,15.448013305664062,-267.28009033203125
12.083587646484375,16.80621337890625,-267.5079040527344
10.747543334960938,17.897964477539062,-267.8323974609375
9.395462036132812,18.933990478515625,-268.49151611328125
8.90447998046875,20.007522583007812,-269.42718505859375
8.030227661132812,21.09521484375,-269.9115295410156
7.04437255859375,21.867263793945312,-270.70465087890625
6.6817779541015625,22.744064331054688,-271.568359375
5.652069091796875,23.405960083007812,-271.9734191894531
5.406005859375,24.236221313476562,-272.3740539550781
5.102874755859375,24.924301147460938,-272.34185791015625
4.76580810546875,25.525741577148438,-272.357666015625
4.525970458984375,25.97662353515625,-272.5955810546875
4.42669677734375,26.603744506835938,-272.6309814453125
4.39788818359375,26.767623901367188,-271.99468994140625
4.8946380615234375,27.159500122070312,-272.3184814453125
5.188232421875,27.204864501953125,-272.172607421875
5.70684814453125,27.78814697265625,-272.4070739746094
6.2219085693359375,27.631027221679688,-272.4882507324219
6.7474212646484375,28.123580932617188,-272.6846618652344
7.33740234375,27.861679077148438,-272.687255859375
8.132919311523438,28.321701049804688,-272.4523010253906
9.274246215820312,28.423904418945312,-272.8997802734375
10.158615112304688,28.006271362304688,-273.0450439453125
11.221237182617188,27.856918334960938,-272.63629150390625
12.695220947265625,27.180908203125,-272.9927673339844
14.225433349609375,26.69378662109375,-273.10858154296875
16.349945068359375,26.165420532226562,-272.4774169921875
17.75677490234375,25.341659545898438,-271.83404541015625
19.73797607421875,24.263717651367188,-271.6844482421875
21.407943725585938,22.961624145507812,-271.1456298828125
23.302001953125,21.941253662109375,-270.25457763671875
25.31915283203125,20.971145629882812,-269.6845703125
26.8995361328125,19.732620239257812,-268.31097412109375
28.597412109375,17.693069458007812,-267.7034912109375
30.524917602539062,16.085357666015625,-267.0937805175781
32.64410400390625,13.859283447265625,-266.4122619628906
34.31658935546875,11.271621704101562,-266.2293701171875
36.48655700683594,8.57659912109375,-266.12835693359375
37.79393005371094,6.0470733642578125,-264.8978271484375
39.3251953125,3.094512939453125,-264.66522216796875
40.75752258300781,0.2139129638671875,-263.892822265625
41.80012512207031,-2.6797332763671875,-263.6369323730469
42.753143310546875,-5.719573974609375,-263.739013671875
43.82527160644531,-8.518478393554688,-263.2112731933594
44.706634521484375,-12.064239501953125,-263.4281005859375
45.2064208984375,-15.108200073242188,-263.4301452636719
45.291748046875,-17.9990234375,-263.49224853515625
46.080169677734375,-21.635299682617188,-263.351318359375
45.844207763671875,-24.545883178710938,-264.1346435546875
45.80580139160156,-27.678359985351562,-264.6554870605469
45.61830139160156,-30.759994506835938,-264.62347412109375
45.4271240234375,-33.481231689453125,-265.588134765625
44.829376220703125,-36.34065246582031,-266.67340087890625
44.05754089355469,-39.10948181152344,-267.46405029296875
43.643890380859375,-41.57695007324219,-268.37237548828125
42.6627197265625,-44.08988952636719,-269.5522155761719
42.26165771484375,-46.17118835449219,-270.696044921875
41.14363098144531,-48.50401306152344,-272.2301940917969
40.15528869628906,-50.261749267578125,-273.96197509765625
39.06834411621094,-52.288421630859375,-274.8447265625
38.319854736328125,-53.62245178222656,-275.75347900390625
36.738037109375,-55.29460144042969,-276.62103271484375
36.49345397949219,-57.000946044921875,-277.8599853515625
35.10969543457031,-57.92161560058594,-278.50836181640625
34.19575500488281,-59.64585876464844,-279.50469970703125
32.904266357421875,-60.983795166015625,-279.6956787109375
31.847518920898438,-62.538055419921875,-280.23406982421875
30.699966430664062,-63.677459716796875,-279.5958557128906
29.99627685546875,-65.29743957519531,-279.0758361816406
28.771255493164062,-66.24700927734375,-278.5252380371094
28.120071411132812,-67.83161926269531,-277.5689697265625
27.212692260742188,-68.13423156738281,-276.36328125
26.60443115234375,-69.49212646484375,-275.0082092285156
25.982589721679688,-69.64309692382812,-273.16339111328125
25.736114501953125,-70.13630676269531,-271.990234375
25.70849609375,-70.42137145996094,-270.08819580078125
25.609817504882812,-70.38919067382812,-268.35894775390625
25.560165405273438,-70.43624877929688,-266.42547607421875
25.681716918945312,-70.09701538085938,-265.5862731933594
25.6820068359375,-69.70014953613281,-264.52899169921875
26.115066528320312,-68.71232604980469,-263.31719970703125
26.909347534179688,-68.11836242675781,-263.36077880859375
27.348785400390625,-67.53605651855469,-262.9411315917969
28.255905151367188,-66.16305541992188,-262.543701171875
29.261795043945312,-64.98260498046875,-262.2437744140625
30.381851196289062,-63.37945556640625,-261.87677001953125
31.303115844726562,-61.712310791015625,-261.7161865234375
32.12359619140625,-60.018463134765625,-261.7958984375
33.78974914550781,-58.29853820800781,-262.01397705078125
34.71775817871094,-56.65794372558594,-262.05303955078125
36.144500732421875,-55.11021423339844,-262.09735107421875
37.11247253417969,-53.50804138183594,-262.07562255859375
37.69206237792969,-51.97438049316406,-261.82098388671875
38.615509033203125,-50.227203369140625,-261.6002197265625
39.34507751464844,-48.61222839355469,-261.77410888671875
40.090576171875,-46.912811279296875,-260.865234375
40.860137939453125,-45.6602783203125,-260.95025634765625
41.216644287109375,-43.91184997558594,-260.5037841796875
42.13116455078125,-42.1683349609375,-260.5118408203125
42.608001708984375,-40.56803894042969,-260.6103210449219
43.65412902832031,-38.954681396484375,-260.452880859375
44.059173583984375,-36.61140441894531,-260.3716125488281
44.542816162109375,-34.6685791015625,-260.84210205078125
45.40948486328125,-32.58647155761719,-260.6060791015625
45.573028564453125,-30.550994873046875,-260.44842529296875
46.26507568359375,-28.46368408203125,-260.51385498046875
46.31520080566406,-26.217636108398438,-260.8534851074219
47.10986328125,-23.735397338867188,-260.6830139160156
46.798980712890625,-20.939804077148438,-259.7154235839844
47.03141784667969,-18.511367797851562,-259.400390625
46.84454345703125,-15.84326171875,-258.6024169921875
46.90287780761719,-13.289108276367188,-258.49530029296875
46.34326171875,-11.005203247070312,-257.27447509765625
46.23765563964844,-8.266357421875,-256.5574645996094
45.6629638671875,-5.5870819091796875,-256.0548095703125
45.5599365234375,-3.1568450927734375,-256.6441650390625
44.898468017578125,-0.502716064453125,-256.37225341796875
44.144256591796875,2.01171875,-256.47705078125
43.72581481933594,4.2198486328125,-256.531982421875
42.957489013671875,6.308349609375,-256.5909423828125
42.44268798828125,8.292098999023438,-256.8013916015625
42.329193115234375,10.314834594726562,-257.7637939453125
41.35955810546875,11.88690185546875,-258.34271240234375
40.81205749511719,13.298446655273438,-257.7325439453125
40.28141784667969,14.711898803710938,-257.82757568359375
39.5767822265625,15.662796020507812,-258.00885009765625
39.05201721191406,16.346176147460938,-258.30340576171875
38.50944519042969,17.149185180664062,-257.228271484375
38.148895263671875,17.5015869140625,-256.93389892578125
38.10203552246094,17.88629150390625,-256.7015380859375
38.071868896484375,18.105804443359375,-256.4840393066406
38.17695617675781,18.239669799804688,-256.9298095703125
38.09812927246094,17.986801147460938,-256.33349609375
37.952667236328125,17.73028564453125,-256.4643859863281
38.02030944824219,17.084014892578125,-256.4597473144531
37.7310791015625,16.328887939453125,-256.4522705078125
38.13175964355469,15.530792236328125,-256.24871826171875
38.37486267089844,14.117050170898438,-256.00048828125
38.30378723144531,12.871368408203125,-255.8702850341797
38.91990661621094,10.591766357421875,-256.1502685546875
39.201324462890625,8.825942993164062,-255.977294921875
39.184173583984375,6.01953125,-255.17977905273438
39.278106689453125,3.6300201416015625,-255.06581115722656
39.66877746582031,0.90057373046875,-254.62088012695312
39.28779602050781,-1.7744598388671875,-254.00552368164062
38.519561767578125,-4.6254425048828125,-253.74302673339844
38.38201904296875,-7.5318603515625,-253.3365478515625
37.48146057128906,-10.998809814453125,-253.21600341796875
37.05949401855469,-14.166305541992188,-253.51242065429688
36.12980651855469,-17.84490966796875,-254.1519012451172
35.30665588378906,-21.147323608398438,-254.85826110839844
33.99609375,-24.180679321289062,-255.30078125
32.748260498046875,-28.042831420898438,-256.46075439453125
31.072158813476562,-31.011688232421875,-256.97479248046875
29.319931030273438,-34.01588439941406,-257.96051025390625
28.300521850585938,-36.796783447265625,-259.48663330078125
26.106399536132812,-39.257598876953125,-260.47528076171875
24.284835815429688,-42.03727722167969,-261.7649230957031
22.987899780273438,-43.96943664550781,-262.92022705078125
20.999496459960938,-46.04368591308594,-264.11468505859375
19.164520263671875,-47.22581481933594,-264.7399597167969
17.525421142578125,-48.55574035644531,-266.32720947265625
15.962844848632812,-49.89076232910156,-267.17364501953125
14.402694702148438,-51.58831787109375,-268.5777587890625
12.886795043945312,-52.49989318847656,-269.32037353515625
11.565780639648438,-53.14860534667969,-270.2822265625
10.313430786132812,-53.5570068359375,-271.4494323730469
8.866104125976562,-54.87065124511719,-272.53338623046875
7.7873687744140625,-55.02166748046875,-273.71405029296875
6.4969329833984375,-55.68629455566406,-273.673095703125
5.331573486328125,-56.20252990722656,-275.17108154296875
4.5466461181640625,-56.26226806640625,-275.5122375488281
3.7600860595703125,-57.03804016113281,-276.61541748046875
2.8030548095703125,-57.13511657714844,-276.81695556640625
2.6224517822265625,-57.275787353515625,-277.490478515625
1.375244140625,-57.39381408691406,-278.19384765625
0.684234619140625,-57.950469970703125,-278.02362060546875
-0.3000640869140625,-58.41813659667969,-279.2275390625
-0.60333251953125,-58.05268859863281,-279.5246887207031
-1.4633331298828125,-58.66517639160156,-279.87054443359375
-1.91363525390625,-58.751983642578125,-280.17584228515625
-2.0355224609375,-58.88739013671875,-279.81658935546875
-2.4127349853515625,-59.166107177734375,-279.8768310546875
-3.0188446044921875,-59.260711669921875,-279.5268859863281
-3.17449951171875,-59.22987365722656,-279.4169921875
-3.6770782470703125,-59.490142822265625,-279.2090759277344
-3.6796722412109375,-59.618499755859375,-279.45867919921875
-4.436981201171875,-59.60673522949219,-278.55267333984375
-4.380767822265625,-59.52314758300781,-278.08148193359375
-4.493865966796875,-59.200958251953125,-278.4239501953125
-4.3638458251953125,-59.44940185546875,-278.38970947265625
-4.4637451171875,-59.22251892089844,-278.1346435546875
-4.439727783203125,-59.18267822265625,-277.5369873046875
-4.1507720947265625,-58.90385437011719,-277.50482177734375
-3.9402008056640625,-58.66532897949219,-277.0213623046875
-4.25433349609375,-58.175048828125,-277.3133239746094
-3.679229736328125,-57.63087463378906,-278.0260009765625
-3.537811279296875,-56.8228759765625,-277.50384521484375
-3.130828857421875,-56.456878662109375,-277.704833984375
-2.8891754150390625,-55.833740234375,-278.2575988769531
-2.32806396484375,-55.11944580078125,-278.44818115234375
-1.9456939697265625,-54.1702880859375,-278.1051940917969
-1.131744384765625,-53.57801818847656,-278.4694519042969
-0.2839202880859375,-52.52003479003906,-278.4259033203125
0.10162353515625,-51.52813720703125,-278.4748229980469
0.6170806884765625,-50.56523132324219,-278.3751220703125
1.361328125,-49.39459228515625,-278.0718994140625
1.8491058349609375,-48.52775573730469,-277.71038818359375
2.1146697998046875,-47.93110656738281,-277.60760498046875
3.069915771484375,-46.695037841796875,-277.3373718261719
3.46905517578125,-45.82093811035156,-276.423828125
3.9022369384765625,-45.14439392089844,-276.18280029296875
4.3386077880859375,-44.25642395019531,-275.53961181640625
4.34619140625,-43.57281494140625,-275.1643981933594
4.8311767578125,-43.011810302734375,-274.5377197265625
4.8202667236328125,-42.34783935546875,-274.28369140625
5.5370635986328125,-41.22764587402344,-274.2253112792969
5.6669769287109375,-40.791229248046875,-274.123046875
5.2818756103515625,-40.326690673828125,-274.44940185546875
5.926116943359375,-39.1279296875,-274.2893371582031
6.1530609130859375,-38.21681213378906,-274.4432373046875
6.345672607421875,-37.37751770019531,-273.7420654296875
6.6826934814453125,-36.723846435546875,-274.033203125
6.977569580078125,-36.16835021972656,-273.60418701171875
7.520355224609375,-34.881988525390625,-273.2930603027344
7.2825469970703125,-33.7349853515625,-273.1242370605469
7.492462158203125,-33.356658935546875,-272.6315002441406
7.7779541015625,-32.26908874511719,-272.2587585449219
7.8192596435546875,-31.388412475585938,-271.88372802734375
7.9421844482421875,-29.8297119140625,-271.48052978515625
7.913238525390625,-28.444046020507812,-270.99664306640625
8.177841186523438,-27.399749755859375,-270.6606750488281
8.415878295898438,-26.21942138671875,-270.48895263671875
8.087188720703125,-25.3865966796875,-269.6821594238281
8.164352416992188,-24.310470581054688,-269.86737060546875
8.045440673828125,-22.930755615234375,-269.5369873046875
8.223968505859375,-22.240768432617188,-269.2467041015625
8.083755493164062,-20.755508422851562,-269.3970947265625
7.675933837890625,-19.733688354492188,-269.0142822265625
7.8692169189453125,-18.755691528320312,-268.759033203125
7.8167877197265625,-18.114578247070312,-268.987548828125
7.782379150390625,-17.05181884765625,-269.2245788574219
7.467254638671875,-16.202316284179688,-269.03564453125
7.1584930419921875,-15.738327026367188,-268.35894775390625
6.92901611328125,-15.054061889648438,-268.15411376953125
6.5596923828125,-14.46234130859375,-267.9814453125
6.3855438232421875,-14.025115966796875,-267.449462890625
6.4133758544921875,-13.551513671875,-267.1171569824219
5.5514678955078125,-13.158645629882812,-266.8447265625
5.234466552734375,-13.059295654296875,-266.9869079589844
5.1710205078125,-12.936172485351562,-266.5407409667969
5.0392913818359375,-13.005889892578125,-266.4185791015625
4.5723724365234375,-12.749618530273438,-266.414306640625
4.6321563720703125,-12.603729248046875,-266.83465576171875
4.263031005859375,-12.452560424804688,-267.2371826171875
4.0742645263671875,-12.57635498046875,-267.5309753417969
3.883087158203125,-12.470046997070312,-266.9801330566406
3.77386474609375,-12.810089111328125,-267.9505310058594
3.592987060546875,-12.796218872070312,-268.0460205078125
3.33502197265625,-13.01153564453125,-268.53900146484375
3.0338897705078125,-13.481430053710938,-268.57891845703125
2.772552490234375,-13.690383911132812,-269.026611328125
3.0397491455078125,-14.448394775390625,-268.9583740234375
2.6938629150390625,-14.800308227539062,-268.6282958984375
2.731292724609375,-15.393096923828125,-269.0486145019531
2.9015655517578125,-15.482009887695312,-269.62835693359375
2.7913665771484375,-16.259429931640625,-269.3939208984375
2.970001220703125,-16.9254150390625,-269.6960754394531
2.649688720703125,-17.441482543945312,-269.2823486328125
2.839935302734375,-17.757217407226562,-269.53778076171875
3.058624267578125,-18.668609619140625,-269.96209716796875
3.1062774658203125,-19.378402709960938,-270.53424072265625
3.104156494140625,-20.135086059570312,-270.6436767578125
3.3797607421875,-20.765975952148438,-270.89166259765625
3.788330078125,-21.941619873046875,-271.01226806640625
3.7803497314453125,-22.744247436523438,-271.868896484375
3.803314208984375,-23.6231689453125,-271.89520263671875
4.641632080078125,-24.468368530273438,-272.6082763671875
4.6394805908203125,-25.382278442382812,-272.58062744140625
5.5636749267578125,-26.555313110351562,-272.99029541015625
5.76605224609375,-27.139877319335938,-273.0851745605469
6.3523406982421875,-28.218185424804688,-273.2762145996094
6.723541259765625,-29.421676635742188,-273.375732421875
6.7471466064453125,-30.40802001953125,-273.6684265136719
6.8944091796875,-31.5162353515625,-274.28851318359375
7.1487274169921875,-32.33625793457031,-274.6346130371094
7.4414520263671875,-33.64152526855469,-274.8824462890625
7.665008544921875,-34.50752258300781,-275.23992919921875
7.84344482421875,-35.6844482421875,-275.915771484375
8.001388549804688,-36.55870056152344,-276.0829772949219
8.1097412109375,-37.2862548828125,-276.78570556640625
8.55419921875,-38.03861999511719,-277.5506591796875
8.693206787109375,-38.849578857421875,-278.40325927734375
8.686813354492188,-39.35224914550781,-278.71795654296875
8.748458862304688,-40.2008056640625,-279.6704406738281
8.949630737304688,-40.67051696777344,-280.5050048828125
8.763656616210938,-41.23860168457031,-280.5469055175781
8.55511474609375,-41.596221923828125,-281.56500244140625
8.958465576171875,-42.46795654296875,-281.70904541015625
8.922195434570312,-43.183746337890625,-281.5711364746094
9.054214477539062,-43.55409240722656,-282.3016357421875
8.955352783203125,-44.34144592285156,-282.4750671386719
9.271224975585938,-44.75178527832031,-282.98651123046875
9.046112060546875,-45.144775390625,-283.00177001953125
9.406936645507812,-45.73194885253906,-283.13177490234375
9.459396362304688,-46.17657470703125,-281.9754638671875
9.819000244140625,-46.750946044921875,-282.3291015625
9.960220336914062,-47.02174377441406,-282.56280517578125
10.298721313476562,-47.1197509765625,-282.1968994140625
10.56072998046875,-47.186553955078125,-281.91290283203125
10.769027709960938,-46.893218994140625,-282.3752136230469
11.26507568359375,-46.378631591796875,-281.9811096191406
11.333419799804688,-45.59532165527344,-282.490966796875
11.3841552734375,-45.20774841308594,-282.60882568359375
12.1807861328125,-44.79518127441406,-283.31048583984375
12.550674438476562,-43.70069885253906,-284.33087158203125
12.858352661132812,-43.440704345703125,-284.347900390625
13.036712646484375,-42.84504699707031,-284.53204345703125
13.291015625,-41.580780029296875,-285.48443603515625
13.8231201171875,-41.19276428222656,-286.1175842285156
13.688735961914062,-40.145233154296875,-286.150146484375
14.147186279296875,-39.5867919921875,-286.234619140625
14.469406127929688,-39.172943115234375,-286.86505126953125
14.689544677734375,-38.10877990722656,-286.7080078125
14.96014404296875,-37.29032897949219,-285.9538269042969
15.383697509765625,-36.78132629394531,-285.6531982421875
15.734024047851562,-35.70494079589844,-284.5203857421875
16.1802978515625,-34.957305908203125,-283.9998779296875
17.053573608398438,-34.26475524902344,-282.1060485839844
16.972244262695312,-33.46144104003906,-281.48919677734375
17.440322875976562,-32.22235107421875,-279.68585205078125
17.418197631835938,-31.327255249023438,-279.3134460449219
17.651702880859375,-29.9407958984375,-278.3291015625
17.597946166992188,-28.6070556640625,-277.6226806640625
17.901809692382812,-27.807525634765625,-277.5041198730469
18.1771240234375,-26.542495727539062,-276.3523864746094
17.933395385742188,-25.224838256835938,-276.7911376953125
18.081680297851562,-24.33001708984375,-276.6351318359375
17.942916870117188,-23.283798217773438,-277.19219970703125
17.56829833984375,-22.117202758789062,-277.10333251953125
17.415435791015625,-21.217620849609375,-277.7413330078125
17.45489501953125,-19.762771606445312,-278.25299072265625
17.077880859375,-18.644561767578125,-279.11114501953125
16.635986328125,-17.563613891601562,-279.19537353515625
16.636550903320312,-16.2371826171875,-280.0540771484375
15.871429443359375,-15.190628051757812,-280.255615234375
15.686569213867188,-13.729248046875,-280.198486328125
15.618133544921875,-12.706756591796875,-280.5157775878906
14.770050048828125,-11.63848876953125,-280.4668884277344
14.502151489257812,-10.4869384765625,-280.4598388671875
14.198867797851562,-9.589706420898438,-280.33392333984375
13.897293090820312,-8.5703125,-279.30621337890625
13.442581176757812,-7.8827972412109375,-279.44921875
12.555221557617188,-6.5655517578125,-279.6827087402344
12.051910400390625,-5.69866943359375,-278.96539306640625
11.909317016601562,-5.09844970703125,-279.25128173828125
11.4638671875,-4.1840972900390625,-278.73736572265625
10.782058715820312,-3.2365264892578125,-278.9287414550781
10.229324340820312,-2.6410064697265625,-278.79010009765625
9.804702758789062,-1.5892333984375,-279.03656005859375
9.217239379882812,-1.2042236328125,-279.24072265625
8.65679931640625,-0.333251953125,-279.12738037109375
8.284423828125,0.4526519775390625,-279.738037109375
7.737579345703125,1.18634033203125,-279.7738037109375
7.29046630859375,1.8830108642578125,-279.73577880859375
6.7727508544921875,2.289764404296875,-280.019775390625
6.40545654296875,3.0026397705078125,-279.73193359375
6.390045166015625,3.272064208984375,-280.24267578125
5.79925537109375,4.1092681884765625,-280.28546142578125
5.4441375732421875,4.2094879150390625,-280.90521240234375
5.3655853271484375,4.896270751953125,-280.78533935546875
5.210845947265625,5.169464111328125,-281.2851257324219
5.125885009765625,6.0371551513671875,-281.31451416015625
5.279510498046875,6.2813568115234375,-281.5592346191406
4.8744049072265625,6.6203765869140625,-281.4056396484375
4.8023223876953125,7.01837158203125,-281.69451904296875
4.77716064453125,7.2617340087890625,-281.6513366699219
5.20501708984375,7.5118408203125,-281.663818359375
5.2148590087890625,7.7293243408203125,-282.054443359375
5.1766357421875,8.432891845703125,-282.12286376953125
5.78668212890625,8.600112915039062,-282.16314697265625
6.0817413330078125,7.9267425537109375,-282.03289794921875
6.9189453125,8.056900024414062,-281.966796875
7.4929351806640625,7.5574951171875,-281.7713623046875
8.46929931640625,7.6314849853515625,-281.8375244140625
9.134307861328125,7.45782470703125,-281.22491455078125
10.243927001953125,6.974578857421875,-280.84326171875
11.294448852539062,6.7880401611328125,-279.9327087402344
12.54962158203125,6.365997314453125,-279.56719970703125
13.95245361328125,5.5812835693359375,-278.84112548828125
15.143630981445312,4.2995758056640625,-277.8108215332031
16.747314453125,3.146881103515625,-277.85638427734375
18.361770629882812,2.0817413330078125,-277.5270080566406
20.21722412109375,0.6869659423828125,-276.7066650390625
21.53839111328125,-1.0173187255859375,-275.0767822265625
23.213638305664062,-3.316680908203125,-274.8339538574219
24.986526489257812,-5.28619384765625,-274.33526611328125
26.471450805664062,-7.2953643798828125,-273.30743408203125
27.92181396484375,-9.878890991210938,-273.3598327636719
29.212112426757812,-12.44049072265625,-272.46600341796875
29.929412841796875,-14.9892578125,-271.8583984375
31.572494506835938,-17.922515869140625,-271.5135498046875
32.166961669921875,-21.101577758789062,-271.05364990234375
32.81304931640625,-23.676681518554688,-270.18817138671875
33.31858825683594,-26.412551879882812,-270.05438232421875
33.92730712890625,-29.853225708007812,-270.57208251953125
33.744720458984375,-32.30992126464844,-270.423583984375
33.56730651855469,-35.254058837890625,-271.5677490234375
33.84454345703125,-38.46888732910156,-270.75048828125
33.49365234375,-41.23252868652344,-271.9436950683594
33.22291564941406,-43.73394775390625,-272.19915771484375
32.54638671875,-46.347381591796875,-272.9503173828125
31.679153442382812,-48.62548828125,-273.4556884765625
30.959442138671875,-51.25755310058594,-274.82470703125
30.076492309570312,-53.06010437011719,-276.26605224609375
29.193099975585938,-55.233428955078125,-276.7747802734375
28.586685180664062,-56.54052734375,-278.2760314941406
27.52728271484375,-58.11192321777344,-279.2910461425781
26.526077270507812,-60.10755920410156,-280.95001220703125
25.609024047851562,-61.39289855957031,-282.32373046875
24.71148681640625,-62.42915344238281,-283.5766906738281
24.15875244140625,-63.29783630371094,-284.1378479003906
22.666351318359375,-64.65394592285156,-284.98284912109375
22.211944580078125,-65.84226989746094,-284.8260498046875
20.992385864257812,-66.88067626953125,-285.11468505859375
20.369232177734375,-67.2249755859375,-285.00537109375
19.326171875,-68.84210205078125,-285.3890380859375
18.437210083007812,-69.25506591796875,-285.2464294433594
18.208221435546875,-70.1610107421875,-285.4091796875
18.07623291015625,-70.54367065429688,-284.9671325683594
17.713668823242188,-70.93534851074219,-284.85284423828125
17.574661254882812,-71.16563415527344,-284.44036865234375
17.570846557617188,-71.249755859375,-284.4099426269531
17.43768310546875,-71.38040161132812,-284.42816162109375
17.591629028320312,-71.60385131835938,-284.74383544921875
17.772171020507812,-71.64744567871094,-284.5331115722656
17.494583129882812,-71.6475830078125,-284.7117614746094
17.831558227539062,-71.35365295410156,-285.18267822265625
17.856475830078125,-71.23764038085938,-285.17816162109375
18.248611450195312,-70.91275024414062,-284.7015380859375
18.685333251953125,-70.97282409667969,-284.89459228515625
19.078765869140625,-71.1065673828125,-284.5780029296875
19.492156982421875,-70.87974548339844,-284.282470703125
19.64697265625,-70.70758056640625,-284.74609375
19.69586181640625,-70.50332641601562,-283.8171081542969
20.22100830078125,-70.46273803710938,-283.315185546875
20.47088623046875,-70.30142211914062,-283.2724609375
21.015640258789062,-69.57589721679688,-282.1512451171875
21.77545166015625,-69.63862609863281,-280.79254150390625
22.597137451171875,-69.31893920898438,-279.728759765625
23.041107177734375,-68.62776184082031,-277.68902587890625
23.693283081054688,-67.63165283203125,-275.9883117675781
24.68475341796875,-67.1632080078125,-275.0224914550781
25.316436767578125,-66.25495910644531,-273.6647644042969
25.93988037109375,-65.49310302734375,-272.2201843261719
26.6898193359375,-64.84054565429688,-271.6280517578125
27.521469116210938,-64.07865905761719,-270.64349365234375
28.410369873046875,-63.66062927246094,-269.43438720703125
28.818008422851562,-62.734161376953125,-268.9029541015625
29.4234619140625,-61.759857177734375,-268.4359130859375
30.275863647460938,-60.97334289550781,-267.7635498046875
31.016098022460938,-60.09326171875,-268.34649658203125
31.930679321289062,-59.1905517578125,-268.44921875
32.68952941894531,-58.23411560058594,-268.4402160644531
33.40806579589844,-56.96723937988281,-268.46405029296875
34.138214111328125,-55.994537353515625,-268.60943603515625
35.2486572265625,-54.880706787109375,-269.14739990234375
36.13533020019531,-53.300323486328125,-268.7939453125
36.71562194824219,-51.65321350097656,-268.79730224609375
37.75080871582031,-50.67999267578125,-269.1905517578125
38.42982482910156,-48.67134094238281,-268.21337890625
39.437408447265625,-46.77020263671875,-267.9356994628906
40.30442810058594,-45.293914794921875,-266.70501708984375
41.04447937011719,-43.02288818359375,-265.80810546875
41.432952880859375,-41.00675964355469,-264.89166259765625
42.08808898925781,-38.554840087890625,-263.7712707519531
42.55409240722656,-36.554534912109375,-262.02520751953125
42.85731506347656,-34.285400390625,-260.16473388671875
43.42515563964844,-32.41001892089844,-258.57501220703125
43.0433349609375,-30.043121337890625,-256.34698486328125
42.66438293457031,-27.874160766601562,-254.17420959472656
42.46305847167969,-25.693115234375,-251.96365356445312
41.957672119140625,-24.317703247070312,-249.57481384277344
40.72731018066406,-22.942596435546875,-246.9191131591797
40.15496826171875,-22.017440795898438,-244.26296997070312
39.29925537109375,-21.45513916015625,-241.7763671875
38.43449401855469,-21.12286376953125,-239.92433166503906
37.888671875,-21.330001831054688,-238.09103393554688
36.73252868652344,-21.769500732421875,-236.70761108398438
36.01905822753906,-22.367462158203125,-235.65374755859375
35.627716064453125,-23.493545532226562,-234.5796356201172
34.719512939453125,-24.684158325195312,-233.4930877685547
34.025421142578125,-26.610565185546875,-232.48348999023438
33.32511901855469,-27.840713500976562,-231.51849365234375
32.210296630859375,-30.077865600585938,-230.45240783691406
31.39031982421875,-31.798614501953125,-230.21141052246094
30.3602294921875,-34.40711975097656,-229.91148376464844
29.357925415039062,-36.30024719238281,-229.9182891845703
27.927032470703125,-38.48567199707031,-229.3994903564453
26.548507690429688,-41.62310791015625,-229.34683227539062
24.654632568359375,-44.294403076171875,-229.0244140625
22.241973876953125,-47.210540771484375,-229.1591033935547
19.892623901367188,-49.87226867675781,-229.08189392089844
17.458969116210938,-52.52125549316406,-228.99705505371094
14.791946411132812,-54.879302978515625,-229.48873901367188
12.31878662109375,-57.10282897949219,-229.96583557128906
9.02752685546875,-59.22398376464844,-230.56333923339844
6.61968994140625,-61.140777587890625,-230.93966674804688
3.3937530517578125,-62.43983459472656,-232.66238403320312
1.228485107421875,-63.926971435546875,-233.740966796875
-1.292388916015625,-65.24485778808594,-235.1631317138672
-3.4516448974609375,-66.15754699707031,-236.68545532226562
-6.028594970703125,-67.13589477539062,-237.84750366210938
-8.27783203125,-67.67530822753906,-239.61485290527344
-9.6083984375,-68.42129516601562,-241.45974731445312
-11.488525390625,-68.91448974609375,-242.63929748535156
-13.5938720703125,-68.91650390625,-244.40150451660156
-14.98394775390625,-69.04774475097656,-245.74801635742188
-16.769927978515625,-69.20051574707031,-247.24362182617188
-18.393463134765625,-69.33998107910156,-248.3894500732422
-19.330825805664062,-68.85527038574219,-249.0102081298828
-20.524826049804688,-68.6953125,-250.2293701171875
-21.1409912109375,-68.95486450195312,-251.14964294433594
-22.623703002929688,-68.31620788574219,-251.79559326171875
-23.462936401367188,-68.20394897460938,-252.1040802001953
-24.568588256835938,-68.23751831054688,-252.33969116210938
-25.394256591796875,-68.28897094726562,-253.19200134277344
-25.845199584960938,-67.8216552734375,-253.97247314453125
-26.836700439453125,-67.59080505371094,-253.6875457763672
-27.522674560546875,-67.57846069335938,-253.87364196777344
-28.138259887695312,-67.51113891601562,-254.3050994873047
-28.681640625,-67.26686096191406,-254.21873474121094
-29.004669189453125,-67.25004577636719,-254.98846435546875
-29.756103515625,-67.03141784667969,-254.62403869628906
-30.409561157226562,-66.76472473144531,-255.05990600585938
-30.760787963867188,-66.86543273925781,-254.8416748046875
-30.6986083984375,-66.92340087890625,-254.60260009765625
-31.115798950195312,-66.70036315917969,-255.11776733398438
-31.536758422851562,-66.69479370117188,-254.69432067871094
-31.809066772460938,-66.36744689941406,-254.89962768554688
-31.813125610351562,-66.23728942871094,-254.723876953125
-31.510391235351562,-66.09310913085938,-255.05389404296875
-31.97210693359375,-66.23971557617188,-254.6785888671875
-31.783065795898438,-65.97198486328125,-254.98544311523438
-32.41015625,-65.40284729003906,-254.35826110839844
-32.54066467285156,-65.55607604980469,-253.8649444580078
-32.263214111328125,-65.21031188964844,-254.1887969970703
-32.59928894042969,-65.56419372558594,-253.7935333251953
-32.138885498046875,-65.04554748535156,-253.39166259765625
-32.172027587890625,-64.88316345214844,-253.1984100341797
-32.88536071777344,-64.75076293945312,-253.47982788085938
-32.77958679199219,-64.66744995117188,-252.87338256835938
-32.58851623535156,-64.57803344726562,-253.10479736328125
-32.73890686035156,-64.25953674316406,-253.3750762939453
-32.409637451171875,-64.08961486816406,-253.2601776123047
-32.362884521484375,-64.0670166015625,-252.97764587402344
-32.51496887207031,-63.50135803222656,-252.22203063964844
-32.58607482910156,-63.177764892578125,-252.3589324951172
-32.389739990234375,-63.313446044921875,-252.11180114746094
-32.14263916015625,-63.18412780761719,-251.56063842773438
-32.12236022949219,-63.092498779296875,-251.87045288085938
-32.05995178222656,-62.78623962402344,-252.04444885253906
-32.25175476074219,-62.414642333984375,-251.5963592529297
-31.717300415039062,-62.47685241699219,-250.51083374023438
-31.5665283203125,-62.11662292480469,-250.20445251464844
-31.507598876953125,-61.68199157714844,-249.32330322265625
-31.273284912109375,-60.96156311035156,-248.68310546875
-31.490829467773438,-60.90354919433594,-248.12950134277344
-30.734359741210938,-60.14817810058594,-247.0402374267578
-30.89642333984375,-59.83665466308594,-246.036865234375
-30.403030395507812,-58.98011779785156,-244.67173767089844
-29.951370239257812,-58.52471923828125,-243.44432067871094
-30.160446166992188,-57.75074768066406,-241.61355590820312
-29.682449340820312,-56.471343994140625,-239.13153076171875
-30.313140869140625,-55.72160339355469,-237.92333984375
-30.474349975585938,-54.44377136230469,-235.56407165527344
-30.420211791992188,-52.62446594238281,-233.77500915527344
-30.851959228515625,-51.086822509765625,-231.4853515625
-31.62701416015625,-49.24017333984375,-228.93392944335938
-32.50410461425781,-47.280548095703125,-226.65780639648438
-33.5177001953125,-45.01881408691406,-224.12100219726562
-35.05845642089844,-42.08616638183594,-221.56825256347656
-36.42036437988281,-39.18211364746094,-219.11074829101562
-38.5860595703125,-35.76155090332031,-217.42994689941406
-40.2811279296875,-32.019744873046875,-215.78790283203125
-41.960357666015625,-28.854202270507812,-214.17787170410156
-43.89924621582031,-25.37286376953125,-213.11795043945312
-45.595123291015625,-21.16827392578125,-212.65281677246094
-47.22688293457031,-17.368408203125,-212.60499572753906
-49.10906982421875,-12.93011474609375,-213.20985412597656
-50.293121337890625,-8.487213134765625,-214.16334533691406
-51.080413818359375,-4.5733795166015625,-215.90451049804688
-52.49208068847656,-0.408538818359375,-216.71835327148438
-53.606353759765625,3.513702392578125,-218.4188232421875
-54.75079345703125,7.9777984619140625,-220.70225524902344
-56.20945739746094,12.200225830078125,-223.4449920654297
-58.637603759765625,16.87396240234375,-226.4571990966797
-61.49586486816406,20.635955810546875,-230.47389221191406
-62.75398254394531,22.677383422851562,-238.39657592773438
-61.69779968261719,21.1607666015625,-251.6514434814453
-57.92158508300781,12.865493774414062,-266.2177734375
-61.94775390625,13.235336303710938,-264.55987548828125
-62.361053466796875,13.10601806640625,-263.7269287109375
-62.212615966796875,13.854812622070312,-263.7851867675781
-62.04344177246094,13.651504516601562,-263.7950134277344
-62.494659423828125,13.793991088867188,-263.73675537109375
-62.52348327636719,14.013717651367188,-263.9355163574219
-62.32891845703125,14.081085205078125,-264.05511474609375
-62.16575622558594,14.42779541015625,-263.8306884765625
-62.207427978515625,14.341232299804688,-263.666748046875
-62.392608642578125,14.587615966796875,-263.4022216796875
-62.357330322265625,14.73016357421875,-263.39776611328125
-62.343597412109375,14.965744018554688,-262.655029296875
-62.615875244140625,15.010086059570312,-263.10284423828125
-62.36993408203125,15.18865966796875,-262.2061767578125
-62.79974365234375,15.1005859375,-262.868408203125
-63.13002014160156,15.647445678710938,-262.29180908203125
-63.0052490234375,15.725555419921875,-262.28961181640625
-62.93247985839844,15.576614379882812,-262.0455322265625
-63.112762451171875,15.52996826171875,-262.4234313964844
-62.94981384277344,15.88250732421875,-262.48016357421875
-62.500823974609375,15.389404296875,-262.85980224609375
-62.83988952636719,15.738357543945312,-263.29052734375
-63.22607421875,15.199127197265625,-263.24090576171875
-63.12849426269531,15.040908813476562,-263.8208923339844
-63.233734130859375,15.22686767578125,-264.00848388671875
-63.77220153808594,15.147979736328125,-264.12054443359375
-64.09455871582031,15.200485229492188,-263.995849609375
-64.28605651855469,15.14569091796875,-263.82086181640625
-64.49411010742188,15.374588012695312,-263.91473388671875
-65.15245056152344,15.7633056640625,-263.27130126953125
-65.42950439453125,15.664657592773438,-262.30267333984375
-66.25517272949219,16.203140258789062,-262.3641357421875
-67.00588989257812,16.869491577148438,-261.9366149902344
-67.46041870117188,17.061431884765625,-261.3719177246094
-68.19859313964844,17.65338134765625,-261.1535949707031
-68.9415283203125,17.908294677734375,-260.06378173828125
-70.06501770019531,18.558746337890625,-259.82440185546875
-70.15284729003906,18.998794555664062,-258.603515625
-70.88580322265625,19.87030029296875,-258.2388916015625
-71.21391296386719,20.956329345703125,-257.87091064453125
-72.14427185058594,21.145523071289062,-256.8612060546875
-72.29010009765625,21.67059326171875,-257.4093322753906
-72.45164489746094,22.1324462890625,-256.3082275390625
-72.79713439941406,22.60296630859375,-256.29937744140625
-73.31118774414062,23.018341064453125,-256.00146484375
-73.42605590820312,23.254425048828125,-255.27438354492188
-73.22540283203125,23.604400634765625,-255.17596435546875
-73.20091247558594,23.70843505859375,-254.72634887695312
-73.45701599121094,23.927337646484375,-254.80609130859375
-73.37538146972656,24.136260986328125,-254.2462158203125
-73.71440124511719,24.265106201171875,-254.46665954589844
-73.35939025878906,24.483810424804688,-253.8369903564453
-73.49815368652344,24.776962280273438,-253.7175750732422
-73.33798217773438,24.92779541015625,-253.02828979492188
-73.15547180175781,25.23681640625,-253.0736541748047
-73.02644348144531,25.44879150390625,-252.6558837890625
-73.15408325195312,25.64215087890625,-252.7200469970703
-73.04161071777344,25.998062133789062,-252.07159423828125
-73.13186645507812,26.235336303710938,-251.78640747070312
-73.29075622558594,26.696578979492188,-251.22190856933594
-72.89883422851562,27.007064819335938,-251.6651153564453
-73.07341003417969,27.060226440429688,-251.41110229492188
-72.86714172363281,27.20916748046875,-251.0120849609375
-72.91386413574219,27.668624877929688,-250.56982421875
-72.54266357421875,27.731719970703125,-250.11691284179688
-72.44331359863281,28.215591430664062,-249.75111389160156
-72.31413269042969,28.232528686523438,-249.606201171875
-71.97113037109375,28.023956298828125,-249.4976348876953
-71.85960388183594,28.129287719726562,-249.4052734375
-71.31289672851562,28.494552612304688,-249.07305908203125
-71.36396789550781,28.38580322265625,-249.24705505371094
-70.58810424804688,28.1815185546875,-249.33770751953125
-70.30455017089844,28.036117553710938,-249.0577392578125
-69.83583068847656,27.316909790039062,-248.64683532714844
-69.32481384277344,26.645339965820312,-249.2521514892578
-68.81001281738281,25.742218017578125,-249.73995971679688
-67.77836608886719,24.6187744140625,-250.51895141601562
-66.87309265136719,23.456344604492188,-250.22308349609375
-65.68428039550781,22.670867919921875,-250.6361541748047
-64.5767822265625,21.239364624023438,-251.69105529785156
-64.15898132324219,19.5555419921875,-253.08290100097656
-62.94242858886719,18.165298461914062,-254.1885986328125
-61.94908142089844,16.981109619140625,-255.4394073486328
-60.71406555175781,15.628662109375,-256.5231628417969
-59.51087951660156,14.39459228515625,-258.45806884765625
-58.67315673828125,13.7718505859375,-259.53515625
-57.25379943847656,13.006134033203125,-261.09820556640625
-56.16688537597656,12.835556030273438,-261.7549133300781
-54.780914306640625,12.38262939453125,-262.623291015625
-53.3861083984375,12.40594482421875,-263.24334716796875
-51.93132019042969,12.55242919921875,-263.63818359375
-50.62274169921875,12.465362548828125,-263.4462890625
-49.14605712890625,12.867599487304688,-263.1585693359375
-47.864288330078125,13.093673706054688,-264.41705322265625
-46.234130859375,13.741363525390625,-264.80010986328125
-44.87797546386719,13.943771362304688,-265.35693359375
-42.85627746582031,14.66253662109375,-266.26953125
-41.657501220703125,15.003463745117188,-267.46484375
-40.20265197753906,15.736419677734375,-268.225341796875
-38.2808837890625,16.584442138671875,-269.17352294921875
-36.85113525390625,17.551101684570312,-269.52801513671875
-35.3250732421875,18.989990234375,-270.4371032714844
-33.63372802734375,20.788116455078125,-270.30426025390625
-32.35331726074219,22.587493896484375,-270.4496765136719
-30.93267822265625,24.308502197265625,-269.8038635253906
-30.183975219726562,26.331298828125,-270.4773864746094
-29.42852783203125,28.38250732421875,-269.973876953125
-28.6160888671875,30.196914672851562,-270.54229736328125
-28.1693115234375,32.067169189453125,-270.1555480957031
-27.667373657226562,34.25062561035156,-269.389404296875
-27.324554443359375,36.118194580078125,-269.235595703125
-26.919692993164062,38.21186828613281,-269.52838134765625
-26.63226318359375,39.88227844238281,-268.9700622558594
-26.815567016601562,41.580810546875,-269.40740966796875
-26.50653076171875,43.21635437011719,-269.43768310546875
-26.39959716796875,44.83189392089844,-269.29718017578125
-26.44854736328125,46.15940856933594,-270.09991455078125
-26.768157958984375,47.342193603515625,-269.42877197265625
-26.712722778320312,48.389556884765625,-269.94775390625
-27.147048950195312,49.78373718261719,-269.42523193359375
-27.327041625976562,50.819122314453125,-270.0040283203125
-27.282760620117188,51.718170166015625,-269.81646728515625
-27.435516357421875,53.0382080078125,-270.018798828125
-27.941268920898438,53.95872497558594,-269.6001892089844
-28.208511352539062,54.67597961425781,-269.52862548828125
-28.321868896484375,55.7005615234375,-270.17333984375
-28.880386352539062,56.548553466796875,-269.75347900390625
-29.020370483398438,57.42857360839844,-269.82440185546875
-29.040679931640625,57.95732116699219,-269.78021240234375
-29.173797607421875,58.35365295410156,-269.8634338378906
-29.969284057617188,59.24528503417969,-270.13800048828125
-29.652252197265625,60.105804443359375,-270.06964111328125
-30.001510620117188,60.91447448730469,-270.31781005859375
-30.374557495117188,61.310028076171875,-270.2640075683594
-30.472152709960938,62.63954162597656,-270.3265380859375
-30.588150024414062,62.914825439453125,-271.2945861816406
-30.813308715820312,63.42747497558594,-271.3199157714844
-30.695297241210938,64.11123657226562,-271.5463562011719
-30.741363525390625,64.70228576660156,-271.16009521484375
-30.834503173828125,65.29476928710938,-271.4349365234375
-31.0985107421875,65.60044860839844,-272.14794921875
-30.582443237304688,66.00328063964844,-271.65911865234375
-30.821685791015625,66.423828125,-272.0059814453125
-30.594650268554688,66.91995239257812,-272.1282958984375
-30.462646484375,67.37864685058594,-272.11181640625
-30.485733032226562,67.76272583007812,-272.37347412109375
-29.979995727539062,68.16737365722656,-272.1018981933594
-30.15325927734375,68.32023620605469,-272.2067565917969
-29.962722778320312,68.48277282714844,-272.34173583984375
-29.29791259765625,68.65986633300781,-271.94354248046875
-29.272018432617188,69.17750549316406,-272.16363525390625
-28.622177124023438,69.28469848632812,-271.959716796875
-28.030364990234375,69.60504150390625,-271.9442138671875
-27.608367919921875,69.30746459960938,-271.7613830566406
-27.032791137695312,69.74853515625,-270.732421875
-26.652618408203125,69.42012023925781,-270.4134521484375
-25.987991333007812,69.17298889160156,-269.78466796875
-25.206573486328125,68.61997985839844,-269.365234375
-24.620529174804688,68.06536865234375,-269.07806396484375
-23.842483520507812,67.60191345214844,-268.268798828125
-22.96649169921875,66.68193054199219,-266.8641357421875
-22.050308227539062,65.99819946289062,-266.3428955078125
-21.403305053710938,65.16140747070312,-265.3848876953125
-20.714767456054688,64.10812377929688,-263.93017578125
-20.20721435546875,62.33940124511719,-263.3996276855469
-19.355697631835938,60.893768310546875,-262.40643310546875
-18.104690551757812,59.10163879394531,-261.6953125
-17.470703125,57.20021057128906,-260.9310302734375
-16.853622436523438,54.92024230957031,-260.5484313964844
-15.806610107421875,52.42863464355469,-260.264404296875
-15.466598510742188,50.42047119140625,-259.7357482910156
-14.978530883789062,47.69923400878906,-258.9645080566406
-14.280532836914062,45.258880615234375,-259.0953369140625
-14.306915283203125,42.66188049316406,-258.63555908203125
-14.149154663085938,39.61570739746094,-258.3634338378906
-14.223663330078125,37.140106201171875,-258.77655029296875
-14.7352294921875,34.17414855957031,-257.7500305175781
-14.870956420898438,31.926239013671875,-258.3238830566406
-15.049560546875,29.306442260742188,-258.53155517578125
-15.718673706054688,26.648468017578125,-259.5076904296875
-16.246505737304688,24.381134033203125,-259.7166748046875
-16.57769775390625,22.34417724609375,-260.3172607421875
-17.33502197265625,20.078262329101562,-260.64605712890625
-17.954132080078125,17.980438232421875,-261.4293212890625
-18.737701416015625,15.949432373046875,-261.96954345703125
-19.295196533203125,14.156936645507812,-263.3220520019531
-20.390380859375,12.381988525390625,-263.7774963378906
-20.47613525390625,11.225723266601562,-264.6116943359375
-21.315200805664062,9.485092163085938,-265.0174560546875
-21.61126708984375,8.061935424804688,-265.778076171875
-22.54473876953125,6.310302734375,-267.11602783203125
-23.285446166992188,5.5712127685546875,-267.84173583984375
-23.501312255859375,4.6632843017578125,-268.77313232421875
-24.01177978515625,4.27569580078125,-269.4393310546875
-24.53851318359375,3.059234619140625,-269.61175537109375
-24.911666870117188,2.33294677734375,-270.3316650390625
-24.94403076171875,1.8103790283203125,-270.74365234375
-24.936264038085938,1.855010986328125,-271.1095275878906
-25.213546752929688,1.3852081298828125,-271.515625
-25.226654052734375,1.2947845458984375,-271.8294372558594
-25.254241943359375,0.46270751953125,-271.58251953125
-25.825607299804688,0.428253173828125,-271.49505615234375
-25.859161376953125,0.3413238525390625,-270.8951416015625
-25.624618530273438,-0.09478759765625,-270.4927978515625
-25.45379638671875,0.0240631103515625,-270.2176513671875
-25.376708984375,0.164154052734375,-269.74676513671875
-25.252639770507812,-0.3817291259765625,-268.53118896484375
-25.498825073242188,-0.40521240234375,-268.27020263671875
-25.509506225585938,0.04827880859375,-267.66424560546875
-24.982711791992188,0.4131317138671875,-266.6732177734375
-24.646484375,0.4384765625,-265.70770263671875
-23.821182250976562,0.8388519287109375,-265.2732238769531
-23.3985595703125,1.623321533203125,-263.8931884765625
-22.811477661132812,2.3974761962890625,-263.0908203125
-21.60321044921875,2.933258056640625,-262.0494384765625
-21.23431396484375,3.9786529541015625,-260.385986328125
-20.734481811523438,5.2295074462890625,-259.287109375
-19.368865966796875,6.49462890625,-258.0448303222656
-18.280303955078125,7.5337982177734375,-257.09808349609375
-17.601638793945312,9.3668212890625,-255.41407775878906
-16.828826904296875,10.718353271484375,-254.67283630371094
-15.469192504882812,12.631973266601562,-254.23147583007812
-14.313568115234375,14.594451904296875,-253.21896362304688
-12.753448486328125,17.0242919921875,-252.43019104003906
-11.550125122070312,19.353912353515625,-251.8684844970703
-10.25042724609375,21.978271484375,-251.32135009765625
-9.183746337890625,24.07940673828125,-250.71511840820312
-8.435394287109375,26.795669555664062,-250.2037353515625
-7.561126708984375,29.3287353515625,-250.46363830566406
-7.300262451171875,30.870361328125,-249.70204162597656
-6.645904541015625,33.49406433105469,-249.23330688476562
-5.9542388916015625,35.628082275390625,-249.10740661621094
-5.3583526611328125,37.336029052734375,-249.24856567382812
-4.8680877685546875,39.55348205566406,-249.3314971923828
-4.5814971923828125,41.627655029296875,-249.7832489013672
-4.4600830078125,43.55223083496094,-249.45556640625
-4.288787841796875,45.283294677734375,-249.6909637451172
-4.389007568359375,46.77088928222656,-249.4210968017578
-3.766021728515625,48.085693359375,-249.53155517578125
-3.798980712890625,49.69383239746094,-249.72030639648438
-3.26934814453125,51.195098876953125,-250.1079559326172
-2.777740478515625,52.41246032714844,-250.93614196777344
-3.1177520751953125,53.8199462890625,-251.3422393798828
-2.9477081298828125,55.10823059082031,-251.53489685058594
-2.694549560546875,56.779571533203125,-251.869384765625
-2.4641571044921875,58.12684631347656,-252.34994506835938
-2.322357177734375,59.70686340332031,-253.35191345214844
-2.539306640625,60.92662048339844,-253.4149932861328
-2.5565948486328125,63.0794677734375,-254.27908325195312
-2.2557830810546875,64.16241455078125,-254.7640838623047
-2.6054229736328125,65.66780090332031,-255.02517700195312
-3.2794189453125,67.18975830078125,-255.35780334472656
-3.090423583984375,68.23977661132812,-255.3191375732422
-3.500030517578125,69.80491638183594,-255.89759826660156
-3.6960296630859375,70.96330261230469,-256.201416015625
-3.8889617919921875,72.482421875,-256.4246826171875
-4.1663665771484375,73.53958129882812,-256.91644287109375
-4.5883331298828125,74.43545532226562,-256.5120849609375
-4.461639404296875,75.87371826171875,-256.4591064453125
-4.5909881591796875,76.6312255859375,-256.5240478515625
-5.365234375,77.76322937011719,-256.3863525390625
-5.446990966796875,78.28005981445312,-256.59954833984375
-5.68939208984375,79.02410888671875,-255.7742156982422
-5.5776519775390625,79.91452026367188,-255.92315673828125
-5.6834564208984375,80.21076965332031,-256.02813720703125
-5.816680908203125,80.59548950195312,-255.44589233398438
-5.6372222900390625,80.77848815917969,-254.85838317871094
-5.3594970703125,81.01339721679688,-254.79928588867188
-5.71453857421875,81.23568725585938,-254.3565673828125
-5.386627197265625,81.41717529296875,-253.582275390625
-5.067352294921875,81.20623779296875,-252.66073608398438
-4.7250823974609375,80.63020324707031,-252.51123046875
-4.5066375732421875,79.96444702148438,-251.6394500732422
-4.0113372802734375,78.93705749511719,-250.65774536132812
-4.0927886962890625,78.33418273925781,-249.7567138671875
-3.701202392578125,77.27607727050781,-248.48529052734375
-3.7593536376953125,75.26922607421875,-246.98239135742188
-2.948516845703125,73.84039306640625,-246.27455139160156
-2.734344482421875,72.09474182128906,-245.09535217285156
-2.6477203369140625,70.23501586914062,-243.9168243408203
-2.7178192138671875,68.00161743164062,-243.13291931152344
-2.5814361572265625,65.59347534179688,-242.3626251220703
-2.4712066650390625,62.87068176269531,-241.1953125
-2.558197021484375,60.50819396972656,-240.2696990966797
-2.6570281982421875,57.34162902832031,-240.1904296875
-2.6705474853515625,54.39933776855469,-239.4760284423828
-3.1002960205078125,51.24046325683594,-239.4949188232422
-3.53955078125,47.89697265625,-239.56065368652344
-4.4269256591796875,44.78834533691406,-238.95193481445312
-5.0691986083984375,41.53007507324219,-239.5482177734375
-5.9924774169921875,38.411773681640625,-239.62640380859375
-6.887176513671875,35.566314697265625,-240.05918884277344
-8.222503662109375,32.11822509765625,-240.54739379882812
-9.648818969726562,29.48040771484375,-241.3707733154297
-10.49761962890625,26.66314697265625,-241.17056274414062
-12.072113037109375,24.434661865234375,-243.07899475097656
-13.391845703125,22.043655395507812,-243.57437133789062
-14.917572021484375,19.397598266601562,-244.43466186523438
-16.503005981445312,17.086532592773438,-245.64060974121094
-17.61492919921875,15.514205932617188,-246.34637451171875
-18.883544921875,13.750961303710938,-247.61392211914062
-20.239349365234375,12.23712158203125,-249.35906982421875
-21.408889770507812,10.234893798828125,-249.9666290283203
-22.542449951171875,9.180435180664062,-251.2781524658203
-24.244537353515625,7.8133697509765625,-252.1997833251953
-24.867630004882812,6.75079345703125,-253.97467041015625
-25.88299560546875,5.8005218505859375,-254.9512176513672
-27.17913818359375,4.8962249755859375,-256.89166259765625
-27.561813354492188,4.5056915283203125,-257.1493225097656
-28.3248291015625,4.193450927734375,-258.79290771484375
-29.072662353515625,2.8753814697265625,-260.0526428222656
-29.34490966796875,2.589019775390625,-261.3577880859375
-30.290435791015625,2.4379425048828125,-262.34088134765625
-30.62042236328125,1.9107513427734375,-263.1683349609375
-30.772689819335938,1.8892059326171875,-264.1695556640625
-31.190338134765625,1.9475250244140625,-264.9411315917969
-31.833023071289062,1.605133056640625,-265.89471435546875
-31.864120483398438,1.819244384765625,-266.4368896484375
-32.48030090332031,1.5867156982421875,-266.48724365234375
-32.54832458496094,1.7682037353515625,-266.6553955078125
-32.87577819824219,2.1906585693359375,-266.85223388671875
-33.108917236328125,2.396026611328125,-266.7237548828125
-33.75274658203125,2.59088134765625,-266.21014404296875
-34.23094177246094,2.501983642578125,-265.4112548828125
-34.71153259277344,3.1944580078125,-265.048583984375
-35.0081787109375,3.2676849365234375,-264.6507263183594
-35.3167724609375,3.7328338623046875,-264.394775390625
-35.520721435546875,4.031219482421875,-263.8294677734375
-35.84541320800781,4.5413818359375,-262.4141845703125
-35.75117492675781,4.707427978515625,-262.24969482421875
-36.00822448730469,5.2315521240234375,-260.9660339355469
-35.989715576171875,5.6084136962890625,-260.2392578125
-36.37896728515625,6.3502960205078125,-259.3553466796875
-36.28614807128906,6.6535797119140625,-258.0945129394531
-36.69459533691406,7.6668853759765625,-257.42352294921875
-36.58123779296875,8.4901123046875,-256.570556640625
-36.988006591796875,8.844833374023438,-255.98765563964844
-36.998870849609375,9.340576171875,-255.52752685546875
-37.02873229980469,9.241958618164062,-255.29750061035156
-36.52510070800781,9.757919311523438,-255.4542694091797
-36.18208312988281,9.865341186523438,-254.75811767578125
-36.01591491699219,10.465789794921875,-254.3174591064453
-36.169586181640625,11.199996948242188,-254.4276580810547
-36.145355224609375,11.747055053710938,-252.84921264648438
-35.52857971191406,13.111572265625,-252.15972900390625
-35.683746337890625,14.020263671875,-250.92117309570312
-35.87632751464844,15.711685180664062,-249.22482299804688
-35.868408203125,16.912307739257812,-248.0168914794922
-36.035400390625,18.1766357421875,-246.59864807128906
-36.17652893066406,19.72943115234375,-245.49374389648438
-36.10786437988281,20.697418212890625,-244.17422485351562
-35.82859802246094,22.312057495117188,-243.53353881835938
-35.679290771484375,23.394760131835938,-243.04151916503906
-35.4942626953125,24.519882202148438,-242.15345764160156
-35.030609130859375,25.191146850585938,-241.71932983398438
-34.97862243652344,26.20220947265625,-241.57568359375
-33.98860168457031,27.538925170898438,-241.51425170898438
-33.64112854003906,28.007110595703125,-240.88726806640625
-33.173980712890625,28.76739501953125,-241.61538696289062
-32.73597717285156,29.438522338867188,-241.38800048828125
-31.652053833007812,30.243453979492188,-241.66378784179688
-31.345474243164062,31.20257568359375,-241.61968994140625
-30.575454711914062,31.989730834960938,-241.5239715576172
-30.16064453125,33.168670654296875,-242.0062713623047
-28.817947387695312,33.864410400390625,-241.9057159423828
-28.87493896484375,34.83058166503906,-241.6201934814453
-28.408615112304688,36.092742919921875,-241.07933044433594
-27.389358520507812,37.337799072265625,-241.57383728027344
-26.779296875,38.63566589355469,-240.87887573242188
-26.388580322265625,40.139678955078125,-241.62155151367188
-26.237838745117188,41.4495849609375,-241.3327178955078
-25.742156982421875,42.804779052734375,-241.91529846191406
-25.577728271484375,44.072052001953125,-241.5345001220703
-25.154327392578125,45.21104431152344,-241.49525451660156
-25.028045654296875,46.533203125,-241.64683532714844
-24.678482055664062,47.52500915527344,-242.4138946533203
-24.524871826171875,48.00494384765625,-242.6825714111328
-24.546875,49.16180419921875,-242.64466857910156
-24.381576538085938,50.04376220703125,-243.08953857421875
-23.917739868164062,50.77239990234375,-242.8790283203125
-24.510665893554688,51.49168395996094,-242.92454528808594
-24.3980712890625,52.47296142578125,-243.14096069335938
-24.408920288085938,52.65789794921875,-243.24612426757812
-24.700027465820312,53.13810729980469,-243.20188903808594
-24.909805297851562,53.56748962402344,-243.4698944091797
-25.19610595703125,53.36149597167969,-243.4502716064453
-25.326950073242188,53.618408203125,-243.20877075195312
-25.328521728515625,53.56268310546875,-242.9009552001953
-25.532394409179688,53.82371520996094,-243.19500732421875
-25.452468872070312,53.68202209472656,-243.5816192626953
-25.790115356445312,53.761505126953125,-243.5738983154297
-26.04827880859375,53.61720275878906,-243.84767150878906
-25.890899658203125,53.71778869628906,-244.0697784423828
-26.570693969726562,53.49139404296875,-244.49244689941406
-26.6953125,53.26988220214844,-244.31784057617188
-26.819595336914062,53.023590087890625,-244.5245361328125
-27.694595336914062,52.780059814453125,-244.9837188720703
-27.651962280273438,52.6826171875,-244.64016723632812
-27.933990478515625,52.709320068359375,-244.84518432617188
-28.466262817382812,52.57734680175781,-245.24673461914062
-28.768051147460938,52.342803955078125,-244.80482482910156
-29.317169189453125,52.64311218261719,-245.04498291015625
-29.917770385742188,52.07035827636719,-244.63247680664062
-29.771697998046875,51.80885314941406,-245.0509490966797
-30.214996337890625,51.605804443359375,-245.0804901123047
-30.504531860351562,51.25062561035156,-245.31663513183594
-30.976333618164062,50.67915344238281,-245.87054443359375
-31.491287231445312,49.66719055175781,-245.7896728515625
-31.556350708007812,48.921630859375,-245.88592529296875
-31.628280639648438,48.06391906738281,-246.20046997070312
-31.372817993164062,47.07635498046875,-246.70980834960938
-31.385284423828125,45.90849304199219,-247.0709686279297
-30.991851806640625,44.67485046386719,-247.46302795410156
-31.22491455078125,43.256256103515625,-248.2742462158203
-30.957427978515625,41.81950378417969,-248.7723388671875
-30.91326904296875,40.49366760253906,-249.97886657714844
-30.587799072265625,39.39796447753906,-250.67784118652344
-30.400314331054688,37.62440490722656,-251.4723358154297
-30.41326904296875,36.24644470214844,-252.4200897216797
-30.123077392578125,35.13093566894531,-253.89149475097656
-30.342483520507812,33.52665710449219,-255.45489501953125
-30.195693969726562,32.399505615234375,-256.1858215332031
-29.580703735351562,31.056350708007812,-257.11553955078125
-29.656967163085938,29.5450439453125,-258.69293212890625
-29.638015747070312,28.534774780273438,-259.99285888671875
-29.652664184570312,27.256790161132812,-260.93701171875
-29.591110229492188,26.302581787109375,-261.5262756347656
-29.412689208984375,25.424392700195312,-262.98065185546875
-29.81732177734375,24.659988403320312,-264.10791015625
-29.593307495117188,23.65667724609375,-264.8448486328125
-29.965042114257812,22.899612426757812,-265.6990966796875
-29.861221313476562,22.376922607421875,-266.55157470703125
-30.234619140625,21.7415771484375,-266.60205078125
-30.183944702148438,21.047607421875,-267.50115966796875
-30.55804443359375,20.311065673828125,-267.7572326660156
-30.594757080078125,19.817947387695312,-268.33807373046875
-30.933120727539062,19.463485717773438,-268.5551452636719
-31.049240112304688,19.013153076171875,-268.2298889160156
-31.424758911132812,18.871337890625,-267.955078125
-31.5194091796875,18.414901733398438,-267.83123779296875
-31.72088623046875,18.322128295898438,-267.8046875
-32.19281005859375,18.343292236328125,-267.51348876953125
-32.55317687988281,18.035614013671875,-267.1228942871094
-33.00019836425781,17.78216552734375,-266.5465087890625
-33.32661437988281,17.983963012695312,-266.3507995605469
-33.41326904296875,18.16455078125,-265.21331787109375
-33.555145263671875,18.178573608398438,-264.27020263671875
-33.85163879394531,18.509109497070312,-263.9437561035156
-33.64872741699219,19.11334228515625,-263.0692443847656
-33.49855041503906,19.682632446289062,-262.7024841308594
-32.72929382324219,19.794342041015625,-261.8985595703125
-32.70295715332031,20.296630859375,-262.1493225097656
-32.28218078613281,20.532135009765625,-261.50042724609375
-32.246185302734375,21.02203369140625,-260.9420166015625
-31.845169067382812,21.909530639648438,-260.8321838378906
-31.242340087890625,23.144561767578125,-259.81793212890625
-30.8409423828125,23.550323486328125,-259.9222412109375
-30.40887451171875,24.497283935546875,-258.94537353515625
-30.122161865234375,25.53729248046875,-258.5794677734375
-29.639602661132812,27.1307373046875,-258.47174072265625
-29.425552368164062,28.365768432617188,-258.49920654296875
-28.736343383789062,29.920608520507812,-257.9796142578125
-27.751083374023438,31.573455810546875,-256.8642578125
-27.583633422851562,33.55540466308594,-255.69265747070312
-27.328384399414062,35.122314453125,-255.235595703125
-27.3709716796875,37.18083190917969,-255.22372436523438
-27.56439208984375,39.18914794921875,-254.27047729492188
-27.4058837890625,40.6385498046875,-254.02218627929688
-27.430160522460938,42.0616455078125,-253.694580078125
-27.258621215820312,43.62898254394531,-253.73056030273438
-27.224380493164062,44.91136169433594,-253.65390014648438
-27.199905395507812,45.86756896972656,-253.65293884277344
-27.162094116210938,46.9283447265625,-253.7288818359375
-26.842117309570312,47.86195373535156,-254.10260009765625
-26.388809204101562,48.61079406738281,-255.11819458007812
-25.481674194335938,49.38624572753906,-255.00543212890625
-25.6998291015625,50.289703369140625,-255.89732360839844
-25.270858764648438,51.16532897949219,-256.56182861328125
-24.72613525390625,52.25144958496094,-256.90325927734375
-25.158523559570312,52.93412780761719,-256.77880859375
-24.363525390625,53.56103515625,-256.8856201171875
-24.872238159179688,55.015533447265625,-257.06036376953125
-24.881790161132812,55.89979553222656,-257.4441223144531
-24.562240600585938,56.899566650390625,-258.1106262207031
-25.244400024414062,58.05364990234375,-258.16912841796875
-25.243698120117188,59.01997375488281,-258.3424072265625
-25.295028686523438,60.31248474121094,-257.4822082519531
-25.848953247070312,61.12193298339844,-257.943603515625
-26.199874877929688,62.19731140136719,-257.63958740234375
-26.814590454101562,63.814971923828125,-258.082275390625
-27.089263916015625,64.73455810546875,-258.13702392578125
-27.090972900390625,66.05560302734375,-258.1082763671875
-27.609664916992188,67.15023803710938,-258.4083251953125
-27.681167602539062,68.35105895996094,-258.3612060546875
-28.1092529296875,69.25282287597656,-258.30755615234375
-28.147415161132812,70.3223876953125,-259.3485107421875
-28.927825927734375,71.22909545898438,-259.0166015625
-28.67724609375,72.05412292480469,-259.99310302734375
-28.767898559570312,72.99705505371094,-260.33935546875
-29.56085205078125,73.63465881347656,-260.05975341796875
-29.502792358398438,74.52091979980469,-260.30694580078125
-30.17694091796875,74.63861083984375,-261.107421875
-30.321060180664062,75.13056945800781,-260.66888427734375
-30.451751708984375,75.60353088378906,-260.83514404296875
-30.491104125976562,75.84202575683594,-261.04437255859375
-30.297821044921875,76.48179626464844,-261.17236328125
-30.46600341796875,76.86592102050781,-261.67138671875
-30.581878662109375,77.24911499023438,-261.177490234375
-30.570327758789062,77.09561157226562,-261.1650390625
-30.50775146484375,77.14303588867188,-261.11431884765625
-29.989212036132812,77.739501953125,-261.3030090332031
-30.284439086914062,78.26651000976562,-260.9052734375
-30.088088989257812,78.01287841796875,-261.15545654296875
-29.403915405273438,78.43251037597656,-261.2421569824219
-29.083526611328125,78.01470947265625,-261.3869934082031
-28.907302856445312,78.45297241210938,-261.200439453125
-28.464141845703125,78.25711059570312,-261.2023620605469
-27.798980712890625,78.45625305175781,-261.7841491699219
-27.02069091796875,77.81134033203125,-261.1575927734375
-26.494140625,77.807373046875,-261.28472900390625
-26.061920166015625,77.29327392578125,-260.7944641113281
-25.424530029296875,77.11717224121094,-260.9770812988281
-24.637496948242188,76.48731994628906,-260.97979736328125
-23.876846313476562,76.20587158203125,-260.9215087890625
-22.948394775390625,75.34457397460938,-260.8778381347656
-21.925796508789062,74.1165771484375,-260.7227783203125
-21.05999755859375,72.79032897949219,-260.3123779296875
-20.022262573242188,71.55860900878906,-259.55731201171875
-18.791824340820312,70.40582275390625,-259.76873779296875
-17.623123168945312,68.85539245605469,-259.5926208496094
-16.7677001953125,66.91368103027344,-259.6418762207031
-15.459426879882812,65.17916870117188,-259.90478515625
-14.281158447265625,63.759857177734375,-259.8653564453125
-13.078155517578125,61.62287902832031,-260.0301513671875
-12.262786865234375,59.7528076171875,-259.9549865722656
-11.143936157226562,57.963531494140625,-260.6583557128906
-10.188735961914062,55.51185607910156,-260.9456787109375
-9.193618774414062,53.27476501464844,-261.89849853515625
-8.100006103515625,51.410186767578125,-262.22088623046875
-7.8660888671875,48.979583740234375,-262.885009765625
-7.210113525390625,47.01829528808594,-263.59881591796875
-6.2739410400390625,45.08082580566406,-264.348388671875
-5.8162841796875,42.90240478515625,-264.99627685546875
-5.6516265869140625,41.06971740722656,-266.0284423828125
-5.278106689453125,38.9638671875,-267.40740966796875
-5.0843048095703125,37.10289001464844,-268.1204528808594
-4.95361328125,35.730682373046875,-269.7484130859375
-4.88299560546875,33.69920349121094,-270.63580322265625
-4.647216796875,32.2109375,-272.0555419921875
-4.92578125,30.337615966796875,-273.580810546875
-4.7871551513671875,28.93212890625,-274.9615478515625
-5.0262603759765625,27.791000366210938,-276.56854248046875
-5.12933349609375,25.776901245117188,-277.25201416015625
-5.3364715576171875,25.089767456054688,-278.45733642578125
-5.2764434814453125,23.651824951171875,-279.3453369140625
-5.553985595703125,22.35833740234375,-280.5716552734375
-5.79815673828125,21.296127319335938,-281.96148681640625
-6.612548828125,20.074295043945312,-282.11572265625
-6.6356048583984375,18.913482666015625,-283.140380859375
-6.96197509765625,18.187225341796875,-282.37274169921875
-7.1576690673828125,16.628097534179688,-283.2770080566406
-7.7296295166015625,15.885101318359375,-283.53533935546875
-8.286849975585938,14.685104370117188,-283.0042724609375
-8.4620361328125,13.683273315429688,-283.01190185546875
-9.282745361328125,12.762939453125,-282.5079345703125
-10.056976318359375,11.8338623046875,-281.5943603515625
-10.1431884765625,11.162124633789062,-281.6881103515625
-10.550491333007812,10.03411865234375,-280.978515625
-10.816864013671875,9.484817504882812,-280.3833923339844
-11.088531494140625,8.93499755859375,-279.4396057128906
-11.786666870117188,8.3817138671875,-279.08148193359375
-11.874725341796875,7.759979248046875,-278.0157775878906
-11.972824096679688,7.277252197265625,-277.200927734375
-12.316131591796875,7.4383392333984375,-276.67523193359375
-12.511398315429688,6.99200439453125,-275.74493408203125
-12.234786987304688,7.0106048583984375,-274.90118408203125
-12.44610595703125,7.40966796875,-273.48162841796875
-12.214569091796875,7.4542388916015625,-272.90716552734375
-12.0411376953125,7.2877349853515625,-271.49652099609375
-12.159698486328125,8.043594360351562,-270.5964050292969
-12.098236083984375,8.196807861328125,-269.87994384765625
-11.560470581054688,8.956939697265625,-268.71844482421875
-11.0078125,10.066970825195312,-267.7906799316406
-10.75390625,10.940109252929688,-265.84814453125
-10.465789794921875,12.115081787109375,-264.5521240234375
-9.89813232421875,13.18212890625,-262.88861083984375
-9.330322265625,14.897933959960938,-261.693603515625
-8.798187255859375,16.035720825195312,-260.0810852050781
-8.134063720703125,17.749465942382812,-259.0953674316406
-7.7794189453125,19.746963500976562,-258.4586181640625
-7.0974884033203125,21.409286499023438,-258.5995178222656
-6.027923583984375,22.8304443359375,-257.67742919921875
-5.498809814453125,24.077560424804688,-258.0736389160156
-4.402496337890625,25.680389404296875,-258.452392578125
-3.7232208251953125,26.261123657226562,-259.07196044921875
-2.892669677734375,27.656845092773438,-259.3658447265625
-1.8157806396484375,29.2513427734375,-260.6047668457031
-1.1219024658203125,30.467697143554688,-260.45721435546875
-0.7211456298828125,31.8228759765625,-260.95880126953125
0.055999755859375,33.352996826171875,-260.833984375
0.3775482177734375,34.79405212402344,-260.70526123046875
0.816131591796875,36.70805358886719,-260.4824523925781
1.2042694091796875,38.708770751953125,-260.03521728515625
1.70635986328125,40.470672607421875,-259.67327880859375
2.1175079345703125,42.219482421875,-259.7960205078125
2.2257232666015625,44.53840637207031,-259.701171875
2.3536376953125,47.05400085449219,-259.80023193359375
2.6458892822265625,48.947723388671875,-260.14678955078125
3.093902587890625,51.03971862792969,-260.6380615234375
3.54998779296875,53.24626159667969,-261.2806091308594
3.2879638671875,55.094635009765625,-261.8433837890625
3.777099609375,56.76658630371094,-262.63433837890625
4.0334625244140625,58.34539794921875,-263.267333984375
4.4007415771484375,59.519012451171875,-264.5288391113281
4.32147216796875,60.5904541015625,-264.9725341796875
4.23260498046875,62.07292175292969,-265.87115478515625
4.7085418701171875,63.0841064453125,-266.6488952636719
4.3426971435546875,63.415435791015625,-266.9393005371094
4.1480865478515625,64.0592041015625,-267.64404296875
4.4041290283203125,64.72720336914062,-267.53436279296875
4.324737548828125,64.61984252929688,-267.12310791015625
4.9457855224609375,65.11091613769531,-267.38226318359375
4.6903228759765625,65.07785034179688,-266.8550720214844
4.57391357421875,64.46226501464844,-266.2799072265625
4.5282135009765625,64.09413146972656,-265.3521728515625
4.9918975830078125,63.69859313964844,-264.7337646484375
5.22479248046875,63.04737854003906,-263.906494140625
5.1217193603515625,62.69099426269531,-263.3566589355469
5.5405426025390625,61.490631103515625,-262.97308349609375
5.9085845947265625,60.287078857421875,-262.18292236328125
6.0859375,59.37030029296875,-262.2112731933594
6.5453338623046875,58.25315856933594,-262.0758972167969
6.383087158203125,56.711181640625,-262.15252685546875
6.6582489013671875,55.45161437988281,-262.0665588378906
7.0330963134765625,53.75230407714844,-261.96295166015625
7.2371826171875,52.1390380859375,-262.8326110839844
7.3858795166015625,50.539886474609375,-262.6976318359375
7.1850128173828125,48.41886901855469,-262.6803283691406
6.969390869140625,46.31169128417969,-262.79693603515625
6.457122802734375,44.26588439941406,-263.1286315917969
5.3932037353515625,41.42181396484375,-262.88763427734375
4.8321075439453125,38.31181335449219,-262.91510009765625
3.600067138671875,34.77296447753906,-261.83587646484375
1.898773193359375,32.14045715332031,-261.26226806640625
0.4853363037109375,29.316741943359375,-260.96514892578125
-1.0004425048828125,26.1563720703125,-260.77227783203125
-2.9322052001953125,23.387222290039062,-259.8519287109375
-5.04827880859375,20.756271362304688,-260.00689697265625
-7.5470733642578125,18.336380004882812,-260.0519104003906
-9.76641845703125,15.675628662109375,-259.8271789550781
-12.474334716796875,13.550262451171875,-260.26324462890625
-14.763381958007812,11.338623046875,-261.1044921875
-17.028106689453125,9.275253295898438,-261.2689514160156
-19.19757080078125,7.6760406494140625,-262.5735168457031
-21.2762451171875,5.9293670654296875,-263.5640869140625
-23.2825927734375,4.3517303466796875,-264.7476806640625
-25.715240478515625,3.3546142578125,-266.12554931640625
-27.25189208984375,2.4205780029296875,-267.47052001953125
-29.216949462890625,1.5432281494140625,-268.9317321777344
-30.75714111328125,1.438568115234375,-270.84832763671875
-32.30961608886719,0.770904541015625,-272.2788391113281
-33.702972412109375,0.120941162109375,-274.7119445800781
-34.99505615234375,0.242279052734375,-276.11883544921875
-36.45988464355469,0.319061279296875,-277.5577392578125
-37.664215087890625,0.1231842041015625,-279.26531982421875
-38.48460388183594,0.536865234375,-280.49835205078125
-39.49488830566406,0.8853607177734375,-281.81378173828125
-40.52349853515625,0.8837127685546875,-282.72015380859375
-41.678253173828125,1.2624053955078125,-284.1701965332031
-42.51091003417969,1.5043792724609375,-284.770263671875
-43.27081298828125,1.8763580322265625,-285.8995666503906
-44.11524963378906,2.3186187744140625,-285.8233642578125
-44.85313415527344,2.66668701171875,-286.2823181152344
-45.77655029296875,2.817474365234375,-286.8685302734375
-46.05970764160156,3.174041748046875,-287.2537841796875
-47.03181457519531,3.375,-287.1934509277344
-47.38885498046875,3.520355224609375,-286.98028564453125
-47.73643493652344,4.060028076171875,-286.5032653808594
-48.347381591796875,4.5275115966796875,-286.8629455566406
-48.768157958984375,4.8191070556640625,-286.6202392578125
-49.46998596191406,5.127532958984375,-286.32794189453125
-49.635040283203125,5.2449188232421875,-285.8968505859375
-50.097869873046875,5.62322998046875,-285.501220703125
-50.30665588378906,5.8301849365234375,-285.15289306640625
-50.431976318359375,6.215057373046875,-284.89984130859375
-50.74150085449219,6.4994964599609375,-284.0506591796875
-50.97734069824219,6.8000946044921875,-284.30889892578125
-51.03382873535156,7.088043212890625,-283.633056640625
-50.89775085449219,7.292938232421875,-283.6277160644531
-50.57054138183594,7.53375244140625,-283.0706787109375
-51.02394104003906,8.077682495117188,-283.3032531738281
-50.94117736816406,8.1107177734375,-282.2267150878906
-50.52677917480469,8.669952392578125,-281.8967590332031
-50.640045166015625,8.653594970703125,-281.6810302734375
-50.29417419433594,9.098907470703125,-281.4013366699219
-50.02470397949219,9.989013671875,-280.5482177734375
-49.62190246582031,9.867691040039062,-279.830078125
-49.104461669921875,10.52850341796875,-279.1284484863281
-48.716583251953125,11.005996704101562,-278.27813720703125
-48.596160888671875,11.322463989257812,-277.1927185058594
-47.98651123046875,11.91900634765625,-276.1081237792969
-47.23033142089844,12.203369140625,-274.8966064453125
-46.947357177734375,12.589828491210938,-273.8814697265625
-46.58946228027344,12.957168579101562,-273.3213195800781
-46.228057861328125,13.27630615234375,-272.5304260253906
-45.79833984375,13.97308349609375,-272.169921875
-45.367462158203125,14.263198852539062,-272.25018310546875
-44.55169677734375,14.275054931640625,-272.40576171875
-44.368927001953125,14.685653686523438,-272.1522521972656
-43.57444763183594,15.075454711914062,-272.0776672363281
-43.51568603515625,15.356185913085938,-271.9660339355469
-42.85386657714844,15.442153930664062,-272.3726501464844
-42.140106201171875,15.84722900390625,-272.02508544921875
-42.03375244140625,16.441452026367188,-271.725341796875
-41.405487060546875,16.663894653320312,-271.586181640625
-40.98561096191406,17.110382080078125,-271.3785705566406
-40.64915466308594,17.266464233398438,-271.1394958496094
-40.42573547363281,17.946441650390625,-270.8840637207031
-40.258392333984375,18.336090087890625,-271.12432861328125
-39.688446044921875,18.364608764648438,-270.24005126953125
-39.18919372558594,19.1573486328125,-269.3658447265625
-39.026611328125,19.50201416015625,-268.92572021484375
-38.459930419921875,19.940200805664062,-268.3431091308594
-37.785675048828125,20.9609375,-267.5667724609375
-38.035430908203125,21.611831665039062,-267.3846435546875
-37.19337463378906,22.300735473632812,-266.69207763671875
-36.59767150878906,23.106231689453125,-266.48284912109375
-36.49552917480469,23.850189208984375,-265.61456298828125
-35.96479797363281,24.631729125976562,-265.6120910644531
-35.61476135253906,25.732315063476562,-265.3305358886719
-35.25035095214844,25.810333251953125,-265.71337890625
-34.55561828613281,26.662841796875,-265.1975402832031
-34.22398376464844,27.737335205078125,-265.456298828125
-34.00990295410156,28.41009521484375,-265.46478271484375
-33.91157531738281,28.765625,-266.3177795410156
-33.11964416503906,29.433746337890625,-266.242919921875
-33.260650634765625,29.554168701171875,-266.48553466796875
-33.049163818359375,30.481918334960938,-266.845703125
-33.23405456542969,30.683837890625,-266.77899169921875
-33.08283996582031,30.9334716796875,-267.41461181640625
-33.00987243652344,31.08331298828125,-268.23095703125
-33.36981201171875,31.587417602539062,-268.5296936035156
-33.636138916015625,31.586135864257812,-269.21063232421875
-34.106658935546875,31.509750366210938,-269.50067138671875
-33.93251037597656,31.5526123046875,-270.18585205078125
-33.86354064941406,31.718185424804688,-271.2004089355469
-34.43565368652344,31.681427001953125,-272.23236083984375
-34.54350280761719,31.6041259765625,-272.78961181640625
-35.03382873535156,31.771041870117188,-274.0274658203125
-35.326171875,31.485519409179688,-274.282470703125
-35.87373352050781,31.698440551757812,-275.9541931152344
-36.3160400390625,31.974334716796875,-275.9110107421875
-36.97898864746094,32.01713562011719,-277.120849609375
-37.71553039550781,32.07292175292969,-276.8104248046875
-38.07618713378906,31.807357788085938,-277.45098876953125
-38.97062683105469,32.66035461425781,-277.1612548828125
-40.117095947265625,32.65492248535156,-277.74688720703125
-40.76457214355469,32.92204284667969,-277.9133605957031
-41.10520935058594,33.186309814453125,-277.9877624511719
-42.17631530761719,33.48200988769531,-278.07098388671875
-43.19960021972656,33.337615966796875,-278.18914794921875
-43.551422119140625,33.7606201171875,-278.4195556640625
-44.470428466796875,34.20880126953125,-278.27874755859375
-44.54638671875,34.666046142578125,-278.463134765625
-45.13148498535156,35.13606262207031,-278.46270751953125
-45.80235290527344,35.35514831542969,-278.8697814941406
-45.792755126953125,35.4837646484375,-278.67724609375
-46.41691589355469,36.304534912109375,-277.98846435546875
-46.48536682128906,36.34184265136719,-277.96826171875
-46.60856628417969,36.7314453125,-277.77777099609375
-46.785980224609375,37.07557678222656,-278.1326904296875
-46.95814514160156,37.29374694824219,-278.270263671875
-46.73057556152344,37.61985778808594,-277.8029479980469
-46.725738525390625,37.665618896484375,-277.63739013671875
-46.76014709472656,37.73651123046875,-277.603515625
-46.4935302734375,37.62095642089844,-277.49420166015625
-46.46199035644531,37.664398193359375,-277.5010986328125
-46.22312927246094,37.74763488769531,-276.88677978515625
-45.79750061035156,37.47587585449219,-276.889892578125
-45.66741943359375,37.26959228515625,-276.52154541015625
-45.397979736328125,37.04180908203125,-276.85601806640625
-45.001068115234375,36.885528564453125,-276.71075439453125
-44.57652282714844,36.36054992675781,-276.57061767578125
-44.67913818359375,36.08207702636719,-276.26165771484375
-44.14166259765625,35.66514587402344,-275.809326171875
-44.4215087890625,35.396820068359375,-276.3319396972656
-43.957489013671875,35.25773620605469,-276.26953125
-43.41047668457031,34.546630859375,-276.4260559082031
-43.38990783691406,34.21722412109375,-277.104248046875
-43.16062927246094,33.730133056640625,-277.08489990234375
-42.84906005859375,33.49641418457031,-277.01593017578125
-42.87974548339844,33.27323913574219,-276.949951171875
-42.41838073730469,32.86810302734375,-277.01812744140625
-42.06990051269531,32.54981994628906,-277.3604736328125
-41.7039794921875,32.51348876953125,-277.1728515625
-41.53668212890625,31.799652099609375,-277.08270263671875
-41.5572509765625,31.886123657226562,-277.014404296875
-41.23167419433594,31.58245849609375,-277.442138671875
-41.08946228027344,31.707443237304688,-277.2200622558594
-40.94465637207031,31.52960205078125,-277.02386474609375
-40.87974548339844,31.29833984375,-276.81890869140625
-40.73432922363281,31.494461059570312,-276.323974609375
-40.213134765625,31.646209716796875,-276.2423095703125
-40.26072692871094,31.923843383789062,-275.8270263671875
-39.84222412109375,32.11579895019531,-276.04345703125
-39.32777404785156,32.516876220703125,-275.3194274902344
-39.178192138671875,32.75746154785156,-275.3317565917969
-39.00482177734375,33.051788330078125,-274.7024841308594
-38.72004699707031,33.79640197753906,-274.58575439453125
-38.57075500488281,34.1795654296875,-273.950927734375
-38.452606201171875,35.16810607910156,-274.2381896972656
-38.00927734375,35.42994689941406,-273.45672607421875
-37.82142639160156,36.13749694824219,-272.85284423828125
-37.18128967285156,36.93006896972656,-273.1768798828125
-37.28184509277344,37.474945068359375,-272.81884765625
-36.63311767578125,38.58990478515625,-272.76275634765625
-36.81840515136719,39.631134033203125,-272.14947509765625
-36.78083801269531,40.59220886230469,-272.4190673828125
-36.76075744628906,41.65834045410156,-272.17718505859375
-36.595367431640625,42.65020751953125,-271.73748779296875
-36.32672119140625,43.99174499511719,-272.3731689453125
-36.319671630859375,44.99806213378906,-272.3328552246094
-36.64356994628906,46.26408386230469,-272.2022399902344
-36.48515319824219,47.57890319824219,-272.212646484375
-36.81671142578125,48.829681396484375,-272.9364013671875
-36.656524658203125,49.71580505371094,-272.84344482421875
-37.28077697753906,51.01567077636719,-273.0565185546875
-37.22035217285156,52.27391052246094,-273.9295349121094
-37.28802490234375,52.62718200683594,-273.36785888671875
-37.503326416015625,53.56085205078125,-274.07257080078125
-37.90937805175781,54.37644958496094,-274.2585144042969
-38.11112976074219,54.95635986328125,-274.1208801269531
-38.70436096191406,55.56138610839844,-274.6081848144531
-38.64259338378906,56.802398681640625,-274.4036865234375
-38.9056396484375,57.393096923828125,-275.43182373046875
-39.52024841308594,57.44366455078125,-275.2998352050781
-39.392547607421875,58.43205261230469,-275.3552551269531
-39.922393798828125,58.302703857421875,-276.0306396484375
-39.94500732421875,59.17295837402344,-275.53350830078125
-40.521820068359375,59.4761962890625,-276.2362060546875
-40.39141845703125,59.79667663574219,-276.643310546875
-40.4342041015625,60.37158203125,-276.84625244140625
-40.65327453613281,60.580230712890625,-277.0487365722656
-40.902587890625,60.82102966308594,-277.2142333984375
-40.87083435058594,61.32611083984375,-277.4954833984375
-41.57102966308594,61.6866455078125,-277.340576171875
-41.658294677734375,62.33280944824219,-277.36285400390625
-41.861175537109375,62.37937927246094,-277.9957275390625
-42.217315673828125,62.74041748046875,-278.0694885253906
-42.216796875,63.22265625,-278.38568115234375
-42.34382629394531,63.562469482421875,-278.2601623535156
-42.783477783203125,64.22679138183594,-278.7555236816406
-42.97259521484375,64.66154479980469,-278.44036865234375
-42.87559509277344,64.98143005371094,-279.1205139160156
-43.45619201660156,65.14494323730469,-278.8528747558594
-43.40400695800781,65.67500305175781,-278.9864501953125
-43.660614013671875,66.07896423339844,-279.1367492675781
-43.784088134765625,66.24058532714844,-279.013427734375
-43.81159973144531,66.76901245117188,-279.39044189453125
-44.08509826660156,67.22322082519531,-279.79669189453125
-44.00250244140625,67.61647033691406,-279.16778564453125
-44.410491943359375,67.75686645507812,-279.6785888671875
-44.45982360839844,68.38050842285156,-279.75244140625
-44.35179138183594,68.57331848144531,-279.9190368652344
-44.53205871582031,69.17294311523438,-280.19708251953125
-44.46037292480469,69.55091857910156,-279.7662353515625
-44.136566162109375,69.75642395019531,-280.171630859375
-44.05473327636719,70.12155151367188,-279.1560974121094
-44.151153564453125,70.52633666992188,-279.8294982910156
-43.708465576171875,70.94633483886719,-278.83734130859375
-43.36497497558594,71.36488342285156,-279.211669921875
-43.278900146484375,71.89476013183594,-278.9140625
-43.462493896484375,72.12596130371094,-278.49237060546875
-43.33123779296875,72.35755920410156,-278.63507080078125
-42.8919677734375,72.80702209472656,-278.1455078125
-42.11231994628906,73.30990600585938,-277.6813659667969
-42.07283020019531,73.567626953125,-277.61773681640625
-41.1339111328125,73.70262145996094,-277.5397644042969
-40.48609924316406,74.02317810058594,-276.9714050292969
-39.728546142578125,73.92115783691406,-276.78424072265625
-38.83099365234375,74.16075134277344,-276.3582458496094
-38.77030944824219,74.03829956054688,-275.74334716796875
-37.779083251953125,74.17236328125,-275.57501220703125
-36.92041015625,74.3475341796875,-275.09442138671875
-35.79937744140625,73.70973205566406,-274.6556396484375
-35.02021789550781,73.79714965820312,-273.9981384277344
-33.80987548828125,73.69017028808594,-273.4888916015625
-32.77064514160156,73.02114868164062,-272.4626159667969
-31.646102905273438,72.42230224609375,-271.9974670410156
-30.778472900390625,72.19850158691406,-270.6283264160156
-29.775283813476562,71.47492980957031,-269.8680114746094
-28.57122802734375,70.61715698242188,-269.502685546875
-27.385665893554688,70.24742126464844,-268.73577880859375
-26.119400024414062,69.09060668945312,-267.9642333984375
-25.221878051757812,68.12355041503906,-267.01416015625
-24.269577026367188,66.86691284179688,-266.1323547363281
-22.876251220703125,65.37448120117188,-265.90771484375
-21.996810913085938,64.41650390625,-265.0281982421875
-21.11175537109375,62.8192138671875,-264.343994140625
-20.510391235351562,61.212677001953125,-263.9093017578125
-19.429855346679688,59.96942138671875,-263.6242370605469
-18.517333984375,57.96331787109375,-262.78564453125
-17.799758911132812,56.080657958984375,-262.329345703125
-17.2425537109375,54.29864501953125,-261.78955078125
-16.250579833984375,52.572265625,-261.137939453125
-16.083984375,50.83013916015625,-261.1551513671875
-15.687820434570312,49.31645202636719,-260.6507568359375
-15.299240112304688,47.30003356933594,-260.8199157714844
-15.111053466796875,45.64286804199219,-260.7951354980469
-14.656845092773438,44.250091552734375,-260.8891906738281
-14.34808349609375,42.29624938964844,-260.9206848144531
-13.729843139648438,40.80427551269531,-260.2660217285156
-13.754104614257812,39.765716552734375,-260.47332763671875
-13.335113525390625,38.04057312011719,-260.73095703125
-13.674362182617188,36.69427490234375,-260.6114807128906
-13.431472778320312,35.24555969238281,-260.6832275390625
-12.984207153320312,34.037506103515625,-261.15911865234375
-12.929107666015625,32.9222412109375,-261.0705261230469
-12.815338134765625,31.777099609375,-260.9022216796875
-12.810821533203125,31.063201904296875,-261.9070739746094
-12.540817260742188,29.935165405273438,-261.63055419921875
-12.01068115234375,28.8302001953125,-262.343505859375
-12.287673950195312,28.145904541015625,-262.15228271484375
-11.70806884765625,27.271163940429688,-262.343017578125
-11.581802368164062,26.794815063476562,-262.70880126953125
-11.479324340820312,26.443557739257812,-262.2623596191406
-11.552566528320312,26.234939575195312,-262.1011657714844
-11.184738159179688,25.823593139648438,-262.2116394042969
-10.9244384765625,25.973556518554688,-262.05584716796875
-10.253646850585938,26.139984130859375,-261.6883544921875
-9.799240112304688,25.830886840820312,-261.0634460449219
-9.392333984375,26.089874267578125,-261.1748046875
-8.790115356445312,26.45819091796875,-260.55474853515625
-8.6298828125,27.265792846679688,-260.4549560546875
-8.523345947265625,27.528182983398438,-259.8056335449219
-7.9746246337890625,28.410614013671875,-258.49273681640625
-8.0281982421875,29.668701171875,-258.0384521484375
-7.640655517578125,30.99261474609375,-256.17913818359375
-7.431427001953125,32.27232360839844,-255.4720916748047
-7.054534912109375,33.66267395019531,-254.01513671875
-6.7131500244140625,34.91786193847656,-252.95803833007812
-6.9587554931640625,36.62242126464844,-252.23379516601562
-6.707794189453125,38.41532897949219,-251.31704711914062
-5.9413299560546875,39.81074523925781,-250.5858154296875
-5.892974853515625,41.60365295410156,-250.2553253173828
-5.85931396484375,43.357421875,-249.6964874267578
-5.4178314208984375,44.99592590332031,-250.48619079589844
-5.3960418701171875,46.86634826660156,-250.44020080566406
-5.5115814208984375,48.30592346191406,-249.90011596679688
-5.2185211181640625,49.68421936035156,-249.6690216064453
-5.5956878662109375,51.1297607421875,-249.0699005126953
-5.5589752197265625,52.54762268066406,-248.8079071044922
-5.695343017578125,54.30078125,-249.063232421875
-5.7237091064453125,55.078125,-248.74288940429688
-6.1413726806640625,56.47520446777344,-248.30455017089844
-6.208526611328125,57.22833251953125,-248.10609436035156
-6.3268890380859375,58.34083557128906,-247.83297729492188
-6.3946990966796875,59.230316162109375,-247.68296813964844
-6.7636566162109375,59.82110595703125,-248.15591430664062
-6.4609527587890625,61.03532409667969,-248.12864685058594
-6.5912017822265625,61.5257568359375,-248.10269165039062
-6.6604461669921875,61.81562805175781,-248.41806030273438
-6.675933837890625,62.56550598144531,-247.9583740234375
-6.4241790771484375,63.27101135253906,-248.39453125
-6.401123046875,64.06117248535156,-248.5498809814453
-6.732818603515625,64.85575866699219,-248.6786346435547
-6.37353515625,65.42768859863281,-248.55845642089844
-6.7853240966796875,65.96943664550781,-248.83876037597656
-6.888763427734375,66.77099609375,-248.99513244628906
-7.116363525390625,67.94462585449219,-248.37318420410156
-7.2774810791015625,69.00590515136719,-248.29409790039062
-7.6028594970703125,70.001220703125,-249.02249145507812
-7.5561065673828125,71.29000854492188,-248.61744689941406
-8.183197021484375,72.57229614257812,-248.6549530029297
-8.360748291015625,73.74502563476562,-248.74058532714844
-8.77783203125,74.96463012695312,-248.26634216308594
-9.201644897460938,76.35893249511719,-248.69435119628906
-9.212127685546875,77.76852416992188,-248.83084106445312
-9.56201171875,78.73016357421875,-248.7156219482422
-10.139450073242188,79.94575500488281,-248.92518615722656
-10.466934204101562,81.32455444335938,-249.66090393066406
-10.65484619140625,82.41529846191406,-249.5826873779297
-11.176712036132812,83.55206298828125,-249.1629180908203
-10.917877197265625,84.56388854980469,-249.84616088867188
-11.179031372070312,85.6748046875,-250.03509521484375
-11.50042724609375,86.10211181640625,-250.09339904785156
-11.822891235351562,86.66108703613281,-249.85740661621094
-11.487091064453125,87.41351318359375,-249.66017150878906
-11.2398681640625,87.967041015625,-249.36427307128906
-11.551040649414062,88.47036743164062,-249.03057861328125
-11.645004272460938,88.66685485839844,-248.92625427246094
-11.185211181640625,88.77490234375,-248.43992614746094
-11.33160400390625,88.61650085449219,-247.7731170654297
-10.79791259765625,88.92156982421875,-247.2627716064453
-10.437164306640625,88.73910522460938,-247.27285766601562
-9.9615478515625,88.96327209472656,-246.63232421875
-8.992172241210938,88.44282531738281,-246.0692138671875
-8.380523681640625,87.95732116699219,-245.9873809814453
-7.545928955078125,87.43412780761719,-245.6699676513672
-6.858734130859375,86.8385009765625,-244.8910675048828
-5.9025726318359375,86.29664611816406,-244.54580688476562
-4.915679931640625,85.21755981445312,-244.59561157226562
-4.573028564453125,84.01766967773438,-243.72694396972656
-3.311798095703125,83.14533996582031,-242.9195556640625
-2.675811767578125,81.82008361816406,-242.88241577148438
-1.7101593017578125,80.38589477539062,-242.88914489746094
-0.5781402587890625,78.820556640625,-241.77481079101562
0.3594970703125,76.994873046875,-241.23545837402344
1.004119873046875,75.05438232421875,-240.86236572265625
1.8275909423828125,72.88066101074219,-240.42410278320312
2.827728271484375,70.744384765625,-239.5186309814453
3.590362548828125,67.94705200195312,-240.00469970703125
4.1142120361328125,65.52595520019531,-239.89878845214844
5.1520843505859375,62.43186950683594,-239.89532470703125
5.636077880859375,59.39947509765625,-239.8670654296875
6.256591796875,56.32426452636719,-239.76097106933594
6.388458251953125,53.444793701171875,-239.6935577392578
6.412506103515625,50.14030456542969,-239.65818786621094
6.4925079345703125,46.83158874511719,-240.05174255371094
6.189117431640625,43.34112548828125,-240.48764038085938
5.7146148681640625,40.05517578125,-240.6588897705078
5.0746307373046875,37.29283142089844,-241.2223663330078
4.7721710205078125,33.833648681640625,-241.51133728027344
3.542999267578125,30.766036987304688,-241.34130859375
2.7051544189453125,27.711456298828125,-242.14451599121094
1.5494232177734375,24.8509521484375,-242.98818969726562
0.3957977294921875,22.427383422851562,-242.9235076904297
-1.1845703125,19.569747924804688,-243.95123291015625
-2.616851806640625,16.886276245117188,-244.18296813964844
-3.71075439453125,14.838958740234375,-244.48483276367188
-5.116485595703125,12.663528442382812,-245.6417999267578
-6.2393798828125,10.668563842773438,-245.73202514648438
-7.39599609375,9.285049438476562,-246.27293395996094
-8.767669677734375,7.1727752685546875,-247.47767639160156
-10.404205322265625,5.645538330078125,-248.15652465820312
-11.38848876953125,4.190460205078125,-248.36402893066406
-12.502487182617188,3.110015869140625,-249.12924194335938
-13.723159790039062,1.824981689453125,-249.83045959472656
-14.6883544921875,1.0573883056640625,-250.34080505371094
-16.04248046875,-0.0247650146484375,-250.41586303710938
-16.8515625,-0.878875732421875,-250.93638610839844
-17.994857788085938,-1.3622894287109375,-250.8814697265625
-18.740585327148438,-1.8102264404296875,-250.98170471191406
-19.770401000976562,-2.3764801025390625,-251.58157348632812
-20.725067138671875,-3.0369873046875,-251.04483032226562
-21.094482421875,-3.2545166015625,-251.347900390625
-21.962112426757812,-3.8135223388671875,-251.2947235107422
-22.327056884765625,-3.719268798828125,-251.08523559570312
-22.799224853515625,-3.4095001220703125,-251.06686401367188
-23.507049560546875,-3.7135467529296875,-250.68067932128906
-23.346817016601562,-3.7913360595703125,-250.17279052734375
-23.861831665039062,-3.7419281005859375,-249.51756286621094
-23.66021728515625,-3.55255126953125,-249.46543884277344
-23.650848388671875,-3.55328369140625,-249.3346710205078
-23.60205078125,-2.9378662109375,-249.28697204589844
-23.78765869140625,-2.6442108154296875,-248.2881622314453
-23.13031005859375,-2.216064453125,-247.9993896484375
-23.222366333007812,-1.5948333740234375,-247.949462890625
-22.753646850585938,-1.0108795166015625,-246.7744598388672
-22.298507690429688,-0.1027374267578125,-246.2681427001953
-21.985397338867188,0.6242828369140625,-244.7902374267578
-21.4713134765625,1.47882080078125,-244.16551208496094
-21.039871215820312,2.6166839599609375,-243.28399658203125
-20.624908447265625,3.7489776611328125,-242.2005157470703
-20.151657104492188,4.615234375,-241.65638732910156
-19.572158813476562,5.947174072265625,-240.25926208496094
-19.093093872070312,7.8661651611328125,-239.26161193847656
-18.45123291015625,9.315048217773438,-237.8339385986328
-17.98583984375,11.268814086914062,-237.0404815673828
-17.991348266601562,13.08123779296875,-235.47390747070312
-17.640274047851562,14.91864013671875,-234.31979370117188
-17.360275268554688,16.267166137695312,-233.55709838867188
-17.363327026367188,18.100265502929688,-232.385498046875
-17.38720703125,19.291854858398438,-231.66416931152344
-16.978744506835938,20.721511840820312,-230.9727783203125
-17.25665283203125,21.679367065429688,-230.16232299804688
-16.704818725585938,22.703338623046875,-229.79769897460938
-16.577133178710938,23.84503173828125,-229.75108337402344
-16.3665771484375,24.266525268554688,-230.11541748046875
-15.923065185546875,24.665435791015625,-229.67922973632812
-15.962661743164062,25.678634643554688,-230.27586364746094
-14.96044921875,26.52459716796875,-230.43338012695312
-14.86480712890625,27.142333984375,-230.2002716064453
-14.99658203125,27.67572021484375,-230.39259338378906
-14.215179443359375,27.937332153320312,-230.0638885498047
-14.381484985351562,28.741363525390625,-230.1284637451172
-13.924850463867188,29.16070556640625,-229.47947692871094
-14.319244384765625,30.534164428710938,-229.23109436035156
-14.255462646484375,31.025588989257812,-228.8480987548828
-14.495040893554688,32.43965148925781,-227.8485107421875
-14.81585693359375,33.6719970703125,-227.3831787109375
-15.107452392578125,35.45733642578125,-226.65586853027344
-15.742645263671875,36.61595153808594,-225.3384246826172
-17.047454833984375,38.27703857421875,-224.59640502929688
-18.110733032226562,39.838531494140625,-223.2510986328125
-18.934005737304688,42.08270263671875,-221.9952392578125
-19.801284790039062,43.76580810546875,-220.83592224121094
-21.48675537109375,45.741485595703125,-219.380126953125
-22.62432861328125,47.31224060058594,-218.3427734375
-23.748397827148438,49.009918212890625,-218.2137451171875
-24.701873779296875,50.244384765625,-218.03282165527344
-25.399688720703125,51.600982666015625,-217.2989959716797
-25.96734619140625,52.83587646484375,-216.8468017578125
-26.9228515625,53.39030456542969,-216.3704071044922
-27.487701416015625,54.54866027832031,-216.15826416015625
-28.1561279296875,55.45964050292969,-216.0439910888672
-28.6300048828125,55.51100158691406,-216.32882690429688
-29.164169311523438,56.409698486328125,-216.12374877929688
-29.95660400390625,56.71232604980469,-216.410888671875
-30.485946655273438,56.70002746582031,-215.80006408691406
-31.26300048828125,56.94140625,-216.02037048339844
-31.255615234375,57.17109680175781,-216.00794982910156
-31.808349609375,56.24920654296875,-215.74612426757812
-31.854705810546875,56.16194152832031,-216.1645050048828
-32.08930969238281,55.71307373046875,-216.45355224609375
-32.25325012207031,55.11399841308594,-216.92539978027344
-31.634689331054688,54.44142150878906,-217.20449829101562
-32.25971984863281,53.45793151855469,-217.4116973876953
-32.60609436035156,52.304931640625,-217.682861328125
-32.84791564941406,51.26206970214844,-218.3064727783203
-33.4072265625,50.4803466796875,-218.86883544921875
-34.45982360839844,49.65376281738281,-218.64688110351562
-35.227935791015625,48.83441162109375,-219.44590759277344
-36.48197937011719,47.632293701171875,-219.4512481689453
-37.41796875,46.305419921875,-220.2580108642578
-37.9970703125,45.254150390625,-221.33251953125
-39.56901550292969,43.651458740234375,-221.9942169189453
-40.5445556640625,41.75633239746094,-222.1595458984375
-41.89903259277344,39.786468505859375,-223.71751403808594
-43.3990478515625,38.39118957519531,-224.72935485839844
-44.754364013671875,36.64524841308594,-225.3035125732422
-46.26817321777344,35.50697326660156,-226.70860290527344
-47.65330505371094,33.59120178222656,-227.8341522216797
-48.82177734375,32.511016845703125,-228.71041870117188
-50.13037109375,31.175384521484375,-229.9088134765625
-51.492431640625,29.717330932617188,-231.46572875976562
-52.41862487792969,28.599594116210938,-232.9221954345703
-53.53338623046875,27.404449462890625,-234.3061065673828
-54.19085693359375,26.211456298828125,-235.70884704589844
-55.124908447265625,24.694534301757812,-236.5249481201172
-56.44871520996094,24.08563232421875,-238.2393341064453
-57.47468566894531,22.613677978515625,-239.3541717529297
-58.388275146484375,21.546035766601562,-241.0241241455078
-58.72491455078125,20.984039306640625,-242.20877075195312
-59.43266296386719,19.74285888671875,-243.65347290039062
-60.0338134765625,19.007644653320312,-245.47735595703125
-60.85749816894531,18.079132080078125,-246.6876678466797
-61.774566650390625,17.522811889648438,-247.51414489746094
-62.323394775390625,17.127517700195312,-248.555419921875
-62.87358093261719,16.073410034179688,-249.99024963378906
-63.111480712890625,15.384002685546875,-251.4351806640625
-63.55110168457031,14.58807373046875,-252.43267822265625
-63.904022216796875,13.9486083984375,-253.4009552001953
-64.27725219726562,13.404403686523438,-254.9934844970703
-65.24127197265625,12.812942504882812,-255.59474182128906
-65.44374084472656,11.9404296875,-256.96575927734375
-65.730712890625,11.962173461914062,-258.2786865234375
-65.86471557617188,11.161087036132812,-258.95648193359375
-66.1248779296875,11.00946044921875,-260.25604248046875
-66.27397155761719,10.71563720703125,-260.9952392578125
-66.43368530273438,10.301803588867188,-261.6854248046875
-66.20480346679688,10.312911987304688,-263.0133056640625
-66.28437805175781,9.732040405273438,-263.26727294921875
-65.88688659667969,9.515777587890625,-264.1661376953125
-65.59886169433594,9.173233032226562,-265.42572021484375
-65.55650329589844,9.1962890625,-266.234130859375
-64.92935180664062,9.037994384765625,-266.70428466796875
-64.37312316894531,8.62310791015625,-267.3831787109375
-63.95140075683594,8.6141357421875,-268.44598388671875
-63.843719482421875,8.010284423828125,-269.6495361328125
-63.34234619140625,7.74810791015625,-270.4482421875
-63.578460693359375,7.616363525390625,-271.6607666015625
-63.61854553222656,7.266326904296875,-272.3482971191406
-63.856689453125,6.869537353515625,-273.3507995605469
-63.532562255859375,6.8679962158203125,-274.4949951171875
-64.30690002441406,6.965423583984375,-275.40777587890625
-64.78169250488281,7.2646331787109375,-275.7335205078125
-64.99818420410156,6.9633331298828125,-275.8647155761719
-65.18940734863281,6.677398681640625,-276.35980224609375
-64.93345642089844,6.7362060546875,-276.69879150390625
-65.36106872558594,6.605133056640625,-277.470458984375
-65.21354675292969,6.5354766845703125,-278.18701171875
-65.52297973632812,6.4882049560546875,-279.3666076660156
-65.18501281738281,6.2565155029296875,-279.7023010253906
-65.75444030761719,6.224395751953125,-280.54595947265625
-65.41323852539062,5.866455078125,-281.3173828125
-65.37384033203125,6.2841949462890625,-282.41827392578125
-65.73948669433594,6.129791259765625,-282.703369140625
-65.49119567871094,6.0381927490234375,-283.0779724121094
-65.85684204101562,5.8912353515625,-283.55670166015625
-66.066650390625,6.0991973876953125,-283.3922119140625
-66.06571960449219,5.5163726806640625,-284.36505126953125
-66.46688842773438,5.843292236328125,-285.2661437988281
-66.66978454589844,6.06854248046875,-285.774169921875
-66.95233154296875,5.9347076416015625,-286.1617736816406
-66.87992858886719,5.8017730712890625,-286.49639892578125
-66.81024169921875,6.182464599609375,-286.8500671386719
-67.03425598144531,6.3835296630859375,-286.86932373046875
-67.20590209960938,6.1082916259765625,-287.2390441894531
-67.74295043945312,6.02899169921875,-287.064453125
-67.449462890625,5.56475830078125,-286.836669921875
-67.57011413574219,6.2371673583984375,-287.34649658203125
-68.18350219726562,5.944915771484375,-287.24664306640625
-68.06208801269531,5.8427581787109375,-286.727294921875
-68.65812683105469,6.076324462890625,-287.26239013671875
-68.79092407226562,6.097808837890625,-287.2701416015625
-68.19288635253906,6.1076507568359375,-287.42529296875
-68.61216735839844,5.89263916015625,-287.263916015625
-68.6724853515625,5.9417724609375,-287.4044494628906
-68.88002014160156,5.9679412841796875,-287.287353515625
-68.92225646972656,5.6796875,-287.23114013671875
-69.4874267578125,6.0371551513671875,-287.44586181640625
-69.31044006347656,6.0372314453125,-288.0985107421875
-69.88323974609375,5.7154541015625,-287.625
-70.06260681152344,5.8546600341796875,-288.52655029296875
-70.19342041015625,5.6100311279296875,-288.10382080078125
-70.17999267578125,5.6921844482421875,-288.5078430175781
-70.07814025878906,6.042572021484375,-289.0564880371094
-70.02008056640625,5.9631500244140625,-288.7509765625
-70.07958984375,5.833099365234375,-288.49749755859375
-69.89642333984375,5.5937042236328125,-288.8553466796875
-69.3636474609375,5.7566680908203125,-288.7082214355469
-69.1756591796875,5.3833770751953125,-289.01263427734375
-69.02787780761719,5.41473388671875,-288.9944763183594
-68.63816833496094,5.638153076171875,-289.1860656738281
-68.48762512207031,5.4627532958984375,-289.81304931640625
-68.40879821777344,5.3103179931640625,-289.8470458984375
-68.44258117675781,5.580780029296875,-290.0982971191406
-68.48635864257812,5.6334075927734375,-290.82073974609375
-67.984375,5.5293426513671875,-291.45855712890625
-67.88816833496094,5.1741790771484375,-291.8173828125
-68.19856262207031,5.4722442626953125,-291.8678894042969
-68.24824523925781,5.5851898193359375,-292.4582824707031
-68.76234436035156,5.2496185302734375,-292.519775390625
-68.69627380371094,5.4567108154296875,-292.89166259765625
-69.11161804199219,5.432830810546875,-293.5481872558594
-69.292724609375,5.716033935546875,-293.5306396484375
-69.12677001953125,5.61474609375,-293.41387939453125
-69.15669250488281,5.6499481201171875,-293.97906494140625
-69.15853881835938,5.880126953125,-293.7098388671875
-69.42120361328125,5.553741455078125,-294.33355712890625
-69.64378356933594,5.6023406982421875,-294.7068176269531
-69.74119567871094,5.7583160400390625,-295.10394287109375
-70.02131652832031,5.4564666748046875,-294.8639831542969
-70.18896484375,5.3361358642578125,-295.01055908203125
-70.136474609375,5.39508056640625,-294.88836669921875
-70.18621826171875,5.39398193359375,-295.0541076660156
-70.16226196289062,5.4521026611328125,-295.25341796875
-70.33503723144531,5.290130615234375,-295.8851318359375
-70.34268188476562,4.9906005859375,-295.3504943847656
-70.17391967773438,4.9296875,-295.1324462890625
-70.36898803710938,5.3052215576171875,-295.75714111328125
-70.09538269042969,5.45098876953125,-295.3681335449219
-70.00801086425781,5.389556884765625,-295.14056396484375
-69.85714721679688,5.2478179931640625,-295.36175537109375
-69.59268188476562,5.276611328125,-295.62103271484375
-69.42323303222656,5.33990478515625,-295.9697265625
-69.3387451171875,5.0818328857421875,-296.05462646484375
-69.39849853515625,4.7713623046875,-295.67901611328125
-69.4554443359375,4.00604248046875,-296.1231689453125
-70.09576416015625,4.8170166015625,-297.7296447753906
-70.71922302246094,6.12835693359375,-300.404296875
-70.77066040039062,7.69873046875,-303.6739501953125
-70.65206909179688,8.933731079101562,-308.2195739746094
-70.27487182617188,8.836807250976562,-313.9146728515625
-69.65672302246094,5.847076416015625,-319.0758972167969
-67.77815246582031,-0.55841064453125,-319.873046875
-64.52294921875,-7.4290313720703125,-312.83447265625
-61.11332702636719,-13.841384887695312,-301.4828186035156
-57.56419372558594,-21.198928833007812,-288.77349853515625
-54.315948486328125,-29.861358642578125,-280.388671875
-51.24346923828125,-37.84947204589844,-277.56341552734375
-49.36749267578125,-44.45965576171875,-276.8182067871094
-47.7020263671875,-49.23497009277344,-278.333740234375
-47.2108154296875,-52.661224365234375,-280.182373046875
-47.09039306640625,-56.2960205078125,-282.53125
-46.9305419921875,-58.64375305175781,-284.93658447265625
-46.5390625,-60.781280517578125,-286.71240234375
-45.79768371582031,-62.22216796875,-288.35430908203125
-45.98426818847656,-63.47776794433594,-289.541259765625
-45.87223815917969,-64.31185913085938,-290.41351318359375
-45.67222595214844,-64.87501525878906,-290.87322998046875
-45.78680419921875,-65.07212829589844,-291.4729919433594
-46.12910461425781,-65.5311279296875,-291.7684631347656
-46.547271728515625,-65.74472045898438,-292.3701477050781
-46.57801818847656,-65.83457946777344,-292.28509521484375
-46.158966064453125,-66.06330871582031,-292.2878723144531
-45.94166564941406,-65.95484924316406,-292.31036376953125
-46.544403076171875,-66.00764465332031,-292.7622985839844
-46.188873291015625,-66.5380859375,-292.14593505859375
-46.71669006347656,-66.26876831054688,-292.69091796875
-46.72035217285156,-66.60304260253906,-292.8834228515625
-46.71321105957031,-66.8087158203125,-292.881103515625
-47.13670349121094,-66.41242980957031,-293.32879638671875
-47.23040771484375,-66.5416259765625,-293.6174011230469
-47.53797912597656,-66.55458068847656,-293.473388671875
-47.98716735839844,-66.39387512207031,-293.35693359375
-48.31292724609375,-66.39167785644531,-293.71337890625
-48.73091125488281,-66.58308410644531,-293.89202880859375
-48.811767578125,-66.6424560546875,-293.1669616699219
-49.07530212402344,-66.30653381347656,-293.662841796875
-49.54182434082031,-66.74879455566406,-292.95404052734375
-49.65385437011719,-66.31101989746094,-293.1029357910156
-50.42231750488281,-66.40519714355469,-293.1370849609375
-50.617095947265625,-66.50192260742188,-293.2394714355469
-51.00885009765625,-66.46063232421875,-293.7082824707031
-51.651123046875,-66.42367553710938,-293.7074890136719
-51.58787536621094,-66.20072937011719,-293.86114501953125
-52.19157409667969,-66.30084228515625,-294.1971435546875
-52.28266906738281,-66.11158752441406,-294.7113342285156
-52.96849060058594,-65.79718017578125,-294.5908203125
-53.49896240234375,-66.11090087890625,-295.2166748046875
-53.4822998046875,-65.92538452148438,-295.03753662109375
-53.673614501953125,-65.97370910644531,-295.83349609375
-53.88630676269531,-65.54676818847656,-295.99908447265625
-54.055450439453125,-65.5321044921875,-296.36639404296875
-54.52775573730469,-65.61985778808594,-296.3606262207031
-54.87220764160156,-65.68891906738281,-296.01751708984375
-54.990814208984375,-65.43136596679688,-296.42742919921875
-55.16816711425781,-65.21180725097656,-296.7540283203125
-55.83015441894531,-65.09445190429688,-297.01239013671875
-55.956573486328125,-65.02880859375,-297.577880859375
-56.33171081542969,-65.29151916503906,-297.25103759765625
-56.62950134277344,-65.07109069824219,-297.34814453125
-56.25689697265625,-65.28994750976562,-297.107177734375
-56.08091735839844,-65.4134521484375,-298.0179443359375
-56.33277893066406,-65.37161254882812,-297.8641357421875
-56.35157775878906,-65.32656860351562,-297.9058532714844
-56.54780578613281,-65.51103210449219,-298.34014892578125
-56.40577697753906,-65.73484802246094,-299.001953125
-56.36383056640625,-65.46531677246094,-299.6004943847656
-56.88145446777344,-65.63633728027344,-299.5107421875
-56.55792236328125,-65.43186950683594,-299.5028076171875
-57.23048400878906,-65.38182067871094,-299.550048828125
-57.234405517578125,-65.43717956542969,-299.4211730957031
-57.48902893066406,-65.58090209960938,-299.87078857421875
-57.43952941894531,-65.87661743164062,-300.0172119140625
-57.25035095214844,-65.61643981933594,-299.99713134765625
-57.624176025390625,-65.54974365234375,-299.9006042480469
-57.92631530761719,-65.67950439453125,-300.3788146972656
-57.83460998535156,-65.62911987304688,-300.54278564453125
-57.76863098144531,-66.08203125,-300.26422119140625
-57.6251220703125,-66.3509521484375,-300.3703918457031
-57.4759521484375,-66.66389465332031,-300.76983642578125
-56.7596435546875,-66.83818054199219,-300.8266296386719
-56.686187744140625,-67.17044067382812,-301.49822998046875
-56.508026123046875,-67.19670104980469,-301.55438232421875
-56.51899719238281,-67.83992004394531,-301.3534851074219
-56.244171142578125,-68.10446166992188,-301.5526123046875
-56.43809509277344,-68.222412109375,-301.6910400390625
-56.36888122558594,-68.73435974121094,-301.6525573730469
-56.12876892089844,-69.22891235351562,-301.5318603515625
-56.182098388671875,-68.99659729003906,-301.70068359375
-56.26969909667969,-69.18211364746094,-301.90814208984375
-56.3642578125,-69.53074645996094,-302.0829162597656
-56.59417724609375,-69.15681457519531,-301.833251953125
-56.622100830078125,-69.58311462402344,-302.0283203125
-56.62086486816406,-69.77998352050781,-302.36846923828125
-56.66847229003906,-69.90994262695312,-302.5665588378906
-57.27934265136719,-69.76849365234375,-303.1482238769531
-57.33770751953125,-69.59043884277344,-303.1085205078125
-57.412353515625,-70.00250244140625,-303.379638671875
-57.38824462890625,-69.92546081542969,-303.7608642578125
-57.898590087890625,-69.80928039550781,-303.8138427734375
-58.377044677734375,-69.92416381835938,-304.00384521484375
-58.657928466796875,-70.1387939453125,-304.6748046875
-58.578765869140625,-69.84808349609375,-304.63482666015625
-58.949859619140625,-69.9462890625,-304.2408447265625
-59.0770263671875,-70.21018981933594,-304.5360107421875
-59.352569580078125,-70.5701904296875,-304.20611572265625
-59.87322998046875,-70.62841796875,-304.4586181640625
-60.130523681640625,-70.75877380371094,-304.058837890625
-60.048431396484375,-71.1632080078125,-303.91400146484375
-60.27775573730469,-71.68705749511719,-303.9190368652344
-60.09223937988281,-71.87702941894531,-303.24755859375
-60.32215881347656,-72.42280578613281,-302.8594970703125
-59.75628662109375,-73.00584411621094,-302.55517578125
-59.82206726074219,-73.68959045410156,-302.54473876953125
-59.12474060058594,-74.37507629394531,-301.7310791015625
-58.56465148925781,-75.00108337402344,-302.2470397949219
-57.40324401855469,-75.56980895996094,-302.37384033203125
-55.885528564453125,-76.50532531738281,-301.50872802734375
-54.427093505859375,-78.24703979492188,-300.85662841796875
-53.15582275390625,-78.94866943359375,-300.3911437988281
-51.621337890625,-80.17140197753906,-300.2822265625
-49.48423767089844,-81.19288635253906,-299.18365478515625
-48.00950622558594,-82.37332153320312,-298.3727722167969
-45.99566650390625,-83.321044921875,-297.4796142578125
-43.74617004394531,-83.91558837890625,-297.5751953125
-41.09700012207031,-84.65846252441406,-297.1864929199219
-38.052825927734375,-85.22520446777344,-297.2445373535156
-34.63018798828125,-85.29975891113281,-297.1531982421875
-31.564041137695312,-85.52163696289062,-297.636962890625
-28.693222045898438,-85.46293640136719,-296.9453125
-25.867584228515625,-85.85035705566406,-295.72796630859375
-23.46051025390625,-86.05567932128906,-295.1709899902344
-20.73858642578125,-86.39546203613281,-293.8128662109375
-18.501815795898438,-86.31631469726562,-293.1495056152344
-16.18115234375,-86.65081787109375,-292.4173583984375
-14.095413208007812,-86.66539001464844,-290.31622314453125
-11.670761108398438,-86.42355346679688,-288.37384033203125
-8.883529663085938,-85.92489624023438,-286.7315673828125
-6.3426666259765625,-85.54884338378906,-285.1056213378906
-4.172607421875,-84.61160278320312,-283.0913391113281
-1.7575225830078125,-84.28932189941406,-281.55950927734375
0.35125732421875,-83.55560302734375,-279.91656494140625
2.7193603515625,-82.84072875976562,-278.88189697265625
4.674713134765625,-82.10189819335938,-277.4653625488281
6.2474365234375,-81.10737609863281,-276.86346435546875
7.770599365234375,-80.76388549804688,-276.8614501953125
9.591888427734375,-79.53709411621094,-277.61114501953125
10.941802978515625,-78.67048645019531,-278.5667724609375
12.761245727539062,-77.27378845214844,-278.94873046875
14.543731689453125,-76.20286560058594,-280.4052429199219
16.022247314453125,-74.83645629882812,-281.08819580078125
17.825958251953125,-73.47520446777344,-283.307373046875
19.175323486328125,-72.35212707519531,-284.15814208984375
20.82330322265625,-70.94964599609375,-284.9903259277344
22.353561401367188,-69.25044250488281,-286.75115966796875
24.056976318359375,-67.72198486328125,-287.6676025390625
25.58575439453125,-65.8365478515625,-288.39886474609375
26.886016845703125,-64.07695007324219,-289.90289306640625
28.139846801757812,-62.65447998046875,-289.74139404296875
29.936233520507812,-60.59126281738281,-291.37103271484375
31.2271728515625,-59.06329345703125,-291.3948669433594
32.48060607910156,-57.129058837890625,-291.40228271484375
33.998565673828125,-55.35026550292969,-292.0606384277344
35.266937255859375,-53.490142822265625,-291.8284912109375
36.73115539550781,-51.25178527832031,-292.02734375
38.067626953125,-49.596954345703125,-291.3358154296875
39.16212463378906,-47.620819091796875,-291.2862548828125
40.19700622558594,-45.760986328125,-291.023193359375
41.42857360839844,-43.81153869628906,-290.47857666015625
42.31706237792969,-42.139373779296875,-290.5975036621094
43.00151062011719,-40.98249816894531,-289.8583984375
43.54386901855469,-39.39471435546875,-289.3644104003906
44.07232666015625,-37.851593017578125,-288.0250244140625
45.21942138671875,-36.52742004394531,-287.17559814453125
46.07154846191406,-35.152496337890625,-286.73162841796875
46.752166748046875,-33.778045654296875,-285.34539794921875
47.37113952636719,-32.48585510253906,-283.6690979003906
47.9061279296875,-30.89129638671875,-282.2366638183594
47.85527038574219,-29.15826416015625,-280.84344482421875
48.26960754394531,-27.560455322265625,-279.1549072265625
48.86015319824219,-26.072647094726562,-278.664794921875
49.237152099609375,-24.903793334960938,-277.2716369628906
48.83485412597656,-23.34686279296875,-276.569091796875
49.03062438964844,-21.729400634765625,-275.8995666503906
48.863494873046875,-20.601913452148438,-276.0778503417969
48.62565612792969,-19.406845092773438,-275.4146423339844
48.1605224609375,-17.80389404296875,-275.181640625
48.21699523925781,-16.199005126953125,-275.1396484375
48.10304260253906,-15.21807861328125,-275.24078369140625
47.79966735839844,-13.60150146484375,-274.378173828125
47.51985168457031,-12.19317626953125,-274.40802001953125
47.341552734375,-11.290786743164062,-273.4051208496094
47.02247619628906,-10.241317749023438,-272.91448974609375
47.042236328125,-9.136978149414062,-272.39190673828125
46.52618408203125,-8.292678833007812,-270.38427734375
46.142974853515625,-7.749176025390625,-269.2421875
45.73016357421875,-6.843017578125,-268.03857421875
45.790771484375,-6.2981414794921875,-266.248291015625
45.361358642578125,-5.8180694580078125,-264.8888244628906
45.04499816894531,-5.811004638671875,-264.2268371582031
45.26820373535156,-5.5518798828125,-263.193359375
44.641998291015625,-5.65185546875,-262.23724365234375
44.692230224609375,-5.5240325927734375,-261.80462646484375
44.454345703125,-5.92156982421875,-260.9962158203125
44.742401123046875,-6.2716064453125,-261.16680908203125
44.88154602050781,-6.8212432861328125,-260.7999267578125
44.97776794433594,-7.080780029296875,-260.8553771972656
45.02467346191406,-7.5732269287109375,-260.6512756347656
44.91542053222656,-8.299606323242188,-260.7298583984375
45.36248779296875,-8.82342529296875,-260.2548828125
45.21006774902344,-9.197784423828125,-259.6438293457031
45.014984130859375,-9.772308349609375,-259.0653381347656
45.21192932128906,-10.510787963867188,-258.55645751953125
44.83836364746094,-11.024200439453125,-257.32952880859375
44.85939025878906,-11.509246826171875,-256.3154296875
44.82286071777344,-11.816207885742188,-256.0369873046875
44.53572082519531,-11.777618408203125,-254.6462860107422
44.68623352050781,-12.494766235351562,-253.9967041015625
44.745941162109375,-13.019622802734375,-253.04434204101562
44.182220458984375,-13.25970458984375,-252.44276428222656
44.121124267578125,-13.6064453125,-251.66351318359375
44.36643981933594,-14.01153564453125,-251.01939392089844
43.87776184082031,-14.715362548828125,-250.4502410888672
43.88639831542969,-15.56689453125,-250.27725219726562
43.5771484375,-15.972900390625,-249.44833374023438
43.73020935058594,-17.4608154296875,-249.1346893310547
43.23089599609375,-18.325897216796875,-248.79649353027344
43.39726257324219,-19.149154663085938,-248.67897033691406
42.971649169921875,-20.476486206054688,-248.87806701660156
43.17494201660156,-21.87054443359375,-247.95884704589844
43.021148681640625,-23.151657104492188,-248.92637634277344
42.73997497558594,-24.8494873046875,-248.82177734375
42.40544128417969,-26.141860961914062,-249.8006591796875
42.4058837890625,-27.285232543945312,-250.59344482421875
41.95747375488281,-28.636001586914062,-250.63522338867188
41.67768859863281,-30.10015869140625,-252.19113159179688
40.93865966796875,-31.344085693359375,-252.75550842285156
40.89659118652344,-32.443756103515625,-252.9988555908203
40.0274658203125,-33.79338073730469,-254.15219116210938
39.58293151855469,-34.86045837402344,-255.17886352539062
38.81544494628906,-36.19683837890625,-255.86770629882812
37.73811340332031,-37.2442626953125,-256.8710632324219
36.52789306640625,-38.393646240234375,-257.02508544921875
36.33192443847656,-39.55561828613281,-257.7061767578125
35.28550720214844,-40.04461669921875,-258.17779541015625
34.24932861328125,-40.71183776855469,-259.2542724609375
33.293701171875,-41.7020263671875,-259.375732421875
32.40089416503906,-42.77363586425781,-260.48297119140625
31.010528564453125,-43.37696838378906,-261.1640625
30.668701171875,-43.92974853515625,-261.82562255859375
29.641754150390625,-44.8341064453125,-262.8692626953125
28.672149658203125,-45.50935363769531,-263.4462890625
27.370986938476562,-46.30876159667969,-264.6747741699219
26.521926879882812,-47.03504943847656,-265.7281494140625
25.58990478515625,-48.175567626953125,-266.58917236328125
24.184112548828125,-48.88243103027344,-268.0797119140625
23.597152709960938,-49.38591003417969,-269.3833923339844
22.495040893554688,-50.22589111328125,-270.06402587890625
21.246429443359375,-50.87196350097656,-271.18560791015625
20.201461791992188,-51.13447570800781,-272.0701599121094
19.033248901367188,-52.26142883300781,-272.7258605957031
17.850631713867188,-52.97853088378906,-274.35211181640625
16.93316650390625,-53.393280029296875,-275.1476745605469
16.411956787109375,-54.15592956542969,-276.383544921875
15.112442016601562,-54.72467041015625,-277.2583923339844
14.358245849609375,-55.107452392578125,-278.48577880859375
13.23846435546875,-56.111663818359375,-278.82684326171875
12.538192749023438,-55.84234619140625,-280.4464111328125
11.454910278320312,-56.56214904785156,-281.0458679199219
10.364959716796875,-56.924285888671875,-281.9960021972656
9.603439331054688,-57.32048034667969,-281.96685791015625
8.71246337890625,-57.69915771484375,-283.54083251953125
8.280303955078125,-57.47943115234375,-283.73345947265625
7.4454498291015625,-57.87651062011719,-284.40362548828125
6.7908172607421875,-58.214202880859375,-284.9578552246094
5.905364990234375,-58.08927917480469,-285.4548034667969
5.5535430908203125,-58.0858154296875,-285.48773193359375
5.3377532958984375,-57.80107116699219,-285.9787292480469
4.3979949951171875,-58.16424560546875,-286.47906494140625
3.9824676513671875,-58.16853332519531,-286.3963623046875
3.99249267578125,-58.5595703125,-287.4765625
3.524322509765625,-58.46232604980469,-286.9739074707031
3.2205047607421875,-58.68428039550781,-286.9501953125
2.906707763671875,-58.715423583984375,-287.0173645019531
2.5932159423828125,-58.97209167480469,-286.468505859375
2.4071197509765625,-58.9942626953125,-286.48211669921875
2.261383056640625,-59.180328369140625,-285.62847900390625
2.2713165283203125,-59.26580810546875,-285.52679443359375
1.868194580078125,-59.08251953125,-284.96185302734375
1.8511810302734375,-59.34321594238281,-284.01702880859375
2.016693115234375,-59.525726318359375,-283.4095764160156
1.557464599609375,-59.87928771972656,-282.4737854003906
1.7776336669921875,-59.775909423828125,-281.96160888671875
1.869171142578125,-59.56056213378906,-281.210693359375
1.7152099609375,-59.78208923339844,-280.2901611328125
1.9729461669921875,-59.719635009765625,-279.436279296875
1.6247100830078125,-59.71295166015625,-278.2034912109375
1.81976318359375,-59.56730651855469,-277.4732666015625
2.0957183837890625,-59.13459777832031,-276.47393798828125
2.598907470703125,-58.79893493652344,-275.70880126953125
2.4465484619140625,-58.40943908691406,-274.9580078125
3.2202911376953125,-58.13459777832031,-274.22711181640625
3.2809600830078125,-57.87986755371094,-273.19232177734375
3.7260894775390625,-57.70762634277344,-272.07635498046875
4.2002105712890625,-56.97325134277344,-270.9870910644531
4.615997314453125,-56.48130798339844,-269.60919189453125
5.19586181640625,-55.55003356933594,-268.8817138671875
5.4258270263671875,-54.67076110839844,-267.52288818359375
6.2779998779296875,-53.338836669921875,-266.41802978515625
6.933013916015625,-51.722747802734375,-265.97332763671875
7.518341064453125,-51.10064697265625,-264.96875
7.9203338623046875,-49.97920227050781,-264.25994873046875
8.569839477539062,-48.699310302734375,-264.1207275390625
8.780319213867188,-47.84330749511719,-263.5809326171875
9.543533325195312,-46.24690246582031,-263.4870910644531
10.036880493164062,-45.57124328613281,-262.9930419921875
10.682693481445312,-44.426788330078125,-262.9023132324219
11.226852416992188,-43.6634521484375,-263.049072265625
11.303375244140625,-42.37286376953125,-263.0760498046875
11.697265625,-41.41143798828125,-263.32000732421875
12.192977905273438,-40.51332092285156,-263.69451904296875
12.787490844726562,-39.19099426269531,-264.03021240234375
12.971893310546875,-38.26806640625,-264.48760986328125
13.184234619140625,-37.05323791503906,-264.37451171875
13.488418579101562,-36.178009033203125,-265.1226806640625
13.903854370117188,-35.239990234375,-264.7809753417969
13.95318603515625,-34.032012939453125,-264.379638671875
13.911209106445312,-32.90843200683594,-264.65234375
14.26300048828125,-32.1597900390625,-264.15460205078125
13.9208984375,-30.574676513671875,-264.14801025390625
13.973236083984375,-29.760787963867188,-263.2506408691406
13.9476318359375,-28.957015991210938,-262.9122314453125
13.95587158203125,-27.568069458007812,-262.39617919921875
14.074417114257812,-26.850677490234375,-261.9002685546875
13.47320556640625,-25.788009643554688,-260.8990478515625
13.203292846679688,-24.750823974609375,-259.8598327636719
13.0753173828125,-23.841659545898438,-259.17889404296875
12.449905395507812,-22.897537231445312,-258.80389404296875
12.593307495117188,-21.899459838867188,-257.996337890625
12.1231689453125,-20.986557006835938,-257.2055969238281
11.623214721679688,-19.997055053710938,-257.1142578125
11.269317626953125,-19.016189575195312,-256.564208984375
10.6500244140625,-18.201339721679688,-255.4828338623047
10.626876831054688,-17.488616943359375,-255.6131134033203
10.227935791015625,-17.344009399414062,-255.29002380371094
9.835678100585938,-16.652069091796875,-255.099853515625
9.785659790039062,-16.311935424804688,-254.6008758544922
9.244064331054688,-16.348007202148438,-254.2216796875
9.193405151367188,-16.21044921875,-254.20338439941406
8.2451171875,-15.962127685546875,-254.3941650390625
8.30706787109375,-15.61187744140625,-254.16575622558594
8.298797607421875,-15.902908325195312,-254.00099182128906
8.133682250976562,-15.80059814453125,-254.55894470214844
8.0509033203125,-16.592864990234375,-254.4315948486328
7.8102874755859375,-16.742919921875,-254.25221252441406
7.924224853515625,-16.765045166015625,-254.76254272460938
7.892425537109375,-17.000137329101562,-255.0880889892578
7.5662384033203125,-17.072418212890625,-255.28829956054688
7.4710693359375,-17.690292358398438,-255.1763153076172
7.693328857421875,-18.193923950195312,-256.05322265625
7.8722076416015625,-18.79217529296875,-255.8323211669922
7.4400634765625,-19.072296142578125,-255.83377075195312
7.4679718017578125,-19.76483154296875,-256.06072998046875
7.3904571533203125,-20.370559692382812,-255.99850463867188
7.4393768310546875,-21.083587646484375,-256.1711120605469
7.3985748291015625,-21.899566650390625,-256.0169372558594
6.9815216064453125,-22.4378662109375,-255.47084045410156
7.21356201171875,-23.61004638671875,-255.1163330078125
6.858184814453125,-24.507476806640625,-254.5160675048828
6.8267974853515625,-25.75531005859375,-254.79995727539062
6.246337890625,-26.812347412109375,-254.02088928222656
6.2060089111328125,-27.91192626953125,-253.388671875
5.9547119140625,-29.281570434570312,-253.06356811523438
5.5145263671875,-30.55938720703125,-253.3252410888672
5.1667633056640625,-32.20445251464844,-252.91998291015625
5.2771453857421875,-33.27044677734375,-252.32363891601562
4.1792449951171875,-34.638397216796875,-251.5792236328125
3.8785247802734375,-36.31681823730469,-251.67237854003906
3.5680999755859375,-37.756134033203125,-251.211181640625
3.0639801025390625,-39.30189514160156,-250.8994903564453
2.8143157958984375,-40.87870788574219,-251.8201141357422
2.549896240234375,-42.35215759277344,-252.21641540527344
1.882781982421875,-43.70892333984375,-252.04505920410156
1.455291748046875,-44.89128112792969,-252.94456481933594
1.6078643798828125,-46.23887634277344,-253.57913208007812
1.343505859375,-47.82524108886719,-254.4521026611328
1.1715240478515625,-49.25299072265625,-255.30686950683594
0.980621337890625,-50.03742980957031,-256.6497802734375
1.0482940673828125,-51.49101257324219,-257.53167724609375
0.86053466796875,-52.185028076171875,-258.2642517089844
0.252166748046875,-53.10237121582031,-259.9122314453125
0.673553466796875,-53.44880676269531,-260.5497131347656
0.479705810546875,-54.13423156738281,-261.6513977050781
0.8981781005859375,-54.43756103515625,-262.66888427734375
0.804046630859375,-54.81182861328125,-264.5538330078125
0.6730804443359375,-55.52745056152344,-265.0341796875
0.557159423828125,-56.16658020019531,-265.96575927734375
0.5301971435546875,-56.13185119628906,-266.44134521484375
0.927947998046875,-56.056854248046875,-267.9267578125
0.5463714599609375,-56.53643798828125,-267.94512939453125
0.5115814208984375,-56.67811584472656,-267.65753173828125
0.6925048828125,-56.5421142578125,-268.2789001464844
0.81280517578125,-57.00804138183594,-267.36236572265625
0.8322906494140625,-56.72853088378906,-267.43701171875
0.7454376220703125,-56.7716064453125,-267.5322570800781
0.3140106201171875,-57.04560852050781,-267.3251037597656
0.4610748291015625,-57.25279235839844,-266.1209716796875
0.603485107421875,-56.93165588378906,-265.8173522949219
0.452178955078125,-56.922943115234375,-265.59466552734375
0.567230224609375,-57.060821533203125,-264.68951416015625
0.2897186279296875,-56.69340515136719,-264.17718505859375
0.6210174560546875,-56.67878723144531,-263.92938232421875
0.9769134521484375,-56.47608947753906,-263.32696533203125
0.9928741455078125,-56.60295104980469,-262.9928283691406
1.099578857421875,-55.904510498046875,-262.4642028808594
1.224853515625,-55.6761474609375,-262.18389892578125
1.9437103271484375,-55.2672119140625,-262.27960205078125
1.87921142578125,-54.69349670410156,-261.96197509765625
1.95361328125,-54.20417785644531,-261.6357421875
2.192291259765625,-53.8006591796875,-261.10552978515625
2.81549072265625,-53.24851989746094,-260.719482421875
2.999786376953125,-52.93775939941406,-259.971435546875
3.4832763671875,-51.93873596191406,-259.246826171875
3.21710205078125,-50.87739562988281,-258.3128967285156
3.7926177978515625,-49.680450439453125,-257.0628356933594
4.3971099853515625,-48.82331848144531,-255.90737915039062
4.1984100341796875,-47.782196044921875,-254.61488342285156
4.3348541259765625,-46.7264404296875,-254.11549377441406
4.7680816650390625,-45.73017883300781,-253.55702209472656
4.88262939453125,-45.05413818359375,-252.85476684570312
4.6966094970703125,-44.54411315917969,-252.75625610351562
5.05426025390625,-43.83428955078125,-252.09896850585938
5.4146270751953125,-43.21595764160156,-252.52438354492188
5.7467041015625,-42.803680419921875,-252.7314453125
5.7204742431640625,-42.33079528808594,-252.79864501953125
5.86553955078125,-41.91514587402344,-252.41265869140625
6.6475830078125,-41.02764892578125,-252.76695251464844
7.005218505859375,-40.100738525390625,-253.80506896972656
7.202850341796875,-39.78096008300781,-253.24021911621094
7.589996337890625,-38.68418884277344,-253.81922912597656
7.841766357421875,-37.52317810058594,-253.99607849121094
7.8117828369140625,-36.262725830078125,-253.91064453125
8.01708984375,-34.97248840332031,-253.6652374267578
8.191299438476562,-33.76182556152344,-253.36488342285156
8.009292602539062,-32.57537841796875,-252.62115478515625
8.341079711914062,-30.735488891601562,-251.72332763671875
8.263427734375,-29.45025634765625,-251.74050903320312
8.332626342773438,-27.71099853515625,-251.37232971191406
7.896087646484375,-26.178192138671875,-250.4508056640625
7.84051513671875,-24.396591186523438,-250.0121612548828
7.5433349609375,-22.990768432617188,-249.96237182617188
7.10821533203125,-21.549545288085938,-249.48500061035156
6.895599365234375,-20.23919677734375,-249.33163452148438
6.832855224609375,-18.754592895507812,-249.60511779785156
6.4894561767578125,-17.114364624023438,-249.9330596923828
6.121734619140625,-16.1826171875,-250.18658447265625
6.1903076171875,-14.633056640625,-250.48684692382812
5.78509521484375,-13.74798583984375,-250.31236267089844
5.3947296142578125,-12.680755615234375,-251.04925537109375
5.417510986328125,-12.24456787109375,-250.69845581054688
5.6416015625,-11.300216674804688,-251.06646728515625
5.6363677978515625,-10.85443115234375,-251.03594970703125
4.9878387451171875,-10.157684326171875,-250.94227600097656
4.8475494384765625,-9.672653198242188,-250.6002197265625
4.620697021484375,-9.205856323242188,-250.8237762451172
4.6703948974609375,-8.844879150390625,-250.05857849121094
4.243896484375,-8.716339111328125,-249.87545776367188
4.143280029296875,-8.829071044921875,-249.93592834472656
4.1316375732421875,-8.61920166015625,-249.47796630859375
4.1378173828125,-8.341690063476562,-249.83453369140625
4.021026611328125,-8.493621826171875,-249.9132080078125
4.09698486328125,-8.327163696289062,-249.3918914794922
4.101531982421875,-8.305908203125,-249.70803833007812
4.180084228515625,-8.354507446289062,-249.51670837402344
4.39898681640625,-8.6724853515625,-249.72433471679688
4.5453643798828125,-9.003219604492188,-249.58367919921875
4.7203216552734375,-9.267684936523438,-249.0923614501953
4.93756103515625,-9.643600463867188,-248.39552307128906
5.1802215576171875,-10.395217895507812,-248.71917724609375
5.062042236328125,-10.539993286132812,-247.86456298828125
4.883209228515625,-11.34832763671875,-247.25225830078125
4.6698150634765625,-11.876144409179688,-246.7896270751953
5.1109466552734375,-12.262710571289062,-245.8784637451172
5.2132415771484375,-13.298721313476562,-244.9812774658203
5.2151947021484375,-14.251373291015625,-244.6409454345703
4.783477783203125,-15.252670288085938,-243.78504943847656
4.9824981689453125,-16.473403930664062,-243.2151336669922
5.1475830078125,-17.630294799804688,-243.1005096435547
5.4952850341796875,-18.953720092773438,-242.74020385742188
5.74700927734375,-20.420989990234375,-242.14559936523438
5.6590118408203125,-22.081863403320312,-241.9450225830078
5.5372314453125,-23.842132568359375,-241.9775848388672
5.8860015869140625,-25.574356079101562,-242.16085815429688
5.7107086181640625,-27.611495971679688,-242.4353485107422
5.7705078125,-29.466964721679688,-242.74819946289062
6.00018310546875,-31.303115844726562,-242.8290557861328
5.7011566162109375,-33.237548828125,-242.8870849609375
5.5813751220703125,-35.322998046875,-243.72079467773438
5.5587310791015625,-37.490814208984375,-244.02056884765625
5.385101318359375,-39.055206298828125,-245.33279418945312
5.1531829833984375,-41.02473449707031,-245.86915588378906
4.81689453125,-43.085723876953125,-246.32769775390625
4.365570068359375,-44.412994384765625,-247.25299072265625
4.198516845703125,-46.37095642089844,-248.41261291503906
3.8921356201171875,-47.71470642089844,-249.4414520263672
3.23480224609375,-49.53913879394531,-250.1347198486328
2.630767822265625,-50.80345153808594,-251.13063049316406
2.3522796630859375,-51.927215576171875,-252.0891571044922
1.7509307861328125,-53.41246032714844,-253.12156677246094
1.60009765625,-54.25212097167969,-253.32046508789062
0.96905517578125,-55.14765930175781,-254.2275390625
0.8218841552734375,-56.02223205566406,-255.22286987304688
0.5157928466796875,-56.65684509277344,-256.03887939453125
-0.08062744140625,-57.14558410644531,-256.23773193359375
-0.2489013671875,-57.933929443359375,-257.0919189453125
-0.66949462890625,-58.40901184082031,-257.0959777832031
-1.1712646484375,-58.81365966796875,-257.81158447265625
-1.412078857421875,-59.009063720703125,-258.24334716796875
-1.869476318359375,-59.45599365234375,-258.3531188964844
-1.9390716552734375,-59.47990417480469,-257.7999267578125
-2.331207275390625,-59.942779541015625,-258.2144470214844
-2.603118896484375,-59.93548583984375,-258.41204833984375
-2.647125244140625,-60.02552795410156,-257.8192138671875
-2.9943695068359375,-60.530975341796875,-257.2705078125
-3.56317138671875,-60.34858703613281,-257.0321044921875
-3.7042236328125,-60.34690856933594,-256.61358642578125
-4.2341766357421875,-60.43367004394531,-256.453369140625
-4.030426025390625,-60.38993835449219,-255.59075927734375
-4.3162841796875,-60.4796142578125,-255.52850341796875
-4.2361907958984375,-60.344512939453125,-254.4748077392578
-3.9229583740234375,-60.01936340332031,-254.7347869873047
-4.3648834228515625,-59.56608581542969,-254.14576721191406
-4.1042022705078125,-58.85853576660156,-254.0789794921875
-4.3890838623046875,-58.88084411621094,-253.4912109375
-4.124542236328125,-58.688873291015625,-252.85043334960938
-4.235504150390625,-58.030548095703125,-252.96798706054688
-3.9228515625,-57.727508544921875,-252.79409790039062
-3.658203125,-57.40687561035156,-252.3892059326172
-3.4701690673828125,-57.27729797363281,-252.17835998535156
-3.4026031494140625,-56.86808776855469,-251.91845703125
-3.1543121337890625,-56.23236083984375,-251.38014221191406
-2.92681884765625,-55.39459228515625,-250.38575744628906
-2.9876556396484375,-54.744140625,-249.4973907470703
-2.559234619140625,-53.89436340332031,-248.55816650390625
-2.513275146484375,-52.63188171386719,-247.72454833984375
-2.65594482421875,-51.9046630859375,-247.27394104003906
-2.6760406494140625,-51.34828186035156,-246.2938690185547
-2.3812713623046875,-50.347808837890625,-246.07289123535156
-1.9229278564453125,-49.79255676269531,-245.38775634765625
-2.3334503173828125,-49.23651123046875,-245.0060577392578
-2.21466064453125,-48.502685546875,-244.89552307128906
-1.94635009765625,-48.09162902832031,-244.59169006347656
-1.4644622802734375,-47.56608581542969,-243.6807403564453
-1.2030029296875,-47.258209228515625,-244.19473266601562
-0.997100830078125,-46.54173278808594,-244.22181701660156
-0.8413238525390625,-46.14958190917969,-244.55731201171875
-0.285430908203125,-45.52677917480469,-244.9366912841797
-0.2026214599609375,-45.21440124511719,-244.70651245117188
0.2399139404296875,-44.63310241699219,-245.1786651611328
0.8208770751953125,-43.75787353515625,-245.20018005371094
0.891021728515625,-42.97076416015625,-245.21780395507812
1.2908782958984375,-42.43183898925781,-244.86056518554688
1.5043487548828125,-41.54032897949219,-243.90887451171875
1.4722442626953125,-40.534637451171875,-243.6739959716797
1.653656005859375,-39.71412658691406,-243.7083740234375
1.90887451171875,-38.32920837402344,-243.0732879638672
1.575836181640625,-37.19145202636719,-242.36904907226562
1.558685302734375,-35.829010009765625,-241.71023559570312
1.70074462890625,-34.48194885253906,-241.98358154296875
1.6980438232421875,-33.12165832519531,-241.38308715820312
1.8284759521484375,-31.966812133789062,-241.1116943359375
1.5565948486328125,-30.492599487304688,-240.42898559570312
1.8459014892578125,-29.2388916015625,-240.49073791503906
1.9235687255859375,-27.776702880859375,-239.9637451171875
1.8974151611328125,-26.396774291992188,-240.35987854003906
1.949676513671875,-25.755279541015625,-240.1016082763672
2.2627105712890625,-24.303680419921875,-240.6087646484375
1.95458984375,-23.168670654296875,-240.7904510498047
2.27886962890625,-22.15765380859375,-240.70272827148438
2.2537689208984375,-21.303680419921875,-241.1033477783203
1.8470458984375,-20.35595703125,-241.31097412109375
2.0724029541015625,-19.588775634765625,-240.98760986328125
1.95465087890625,-18.9066162109375,-241.5987091064453
1.619049072265625,-18.180160522460938,-240.91481018066406
1.52880859375,-17.99322509765625,-241.11282348632812
1.0514373779296875,-16.842605590820312,-240.60870361328125
0.8606719970703125,-16.40625,-241.42723083496094
0.7554931640625,-16.833328247070312,-240.92405700683594
0.639129638671875,-16.278366088867188,-240.83984375
0.377685546875,-16.372314453125,-240.67776489257812
0.4169158935546875,-15.951934814453125,-241.02626037597656
0.3827056884765625,-16.398773193359375,-241.1073760986328
0.6068267822265625,-16.289993286132812,-240.94061279296875
0.395721435546875,-16.5001220703125,-240.51870727539062
-0.029449462890625,-17.03533935546875,-240.8188018798828
-0.323944091796875,-17.38604736328125,-240.62432861328125
-0.374847412109375,-17.599624633789062,-240.55990600585938
-0.1922149658203125,-18.465042114257812,-239.60472106933594
-0.5347747802734375,-18.66082763671875,-240.05731201171875
-0.760772705078125,-19.37530517578125,-239.75210571289062
-1.2238922119140625,-19.94122314453125,-238.89158630371094
-1.535797119140625,-20.922027587890625,-238.8480682373047
-1.741912841796875,-22.059295654296875,-239.3889923095703
-1.6403961181640625,-22.977737426757812,-238.9076385498047
-1.4457550048828125,-24.146804809570312,-239.02256774902344
-2.0341339111328125,-25.239288330078125,-238.8500213623047
-1.749481201171875,-26.161895751953125,-238.82928466796875
-1.73614501953125,-28.1644287109375,-239.48973083496094
-1.9353485107421875,-29.022293090820312,-239.24705505371094
-2.0579071044921875,-30.698959350585938,-239.4898681640625
-2.2626190185546875,-32.05387878417969,-240.2574462890625
-1.9528656005859375,-33.75596618652344,-240.32749938964844
-2.5069732666015625,-35.26380920410156,-240.62522888183594
-2.5659942626953125,-37.081146240234375,-240.77137756347656
-2.628509521484375,-38.61613464355469,-241.51336669921875
-3.4796905517578125,-40.171600341796875,-241.88636779785156
-3.4000091552734375,-41.328948974609375,-242.4917449951172
-4.0431671142578125,-43.21075439453125,-243.01052856445312
-4.552581787109375,-44.49229431152344,-243.3983612060547
-4.8455810546875,-45.74951171875,-244.3914794921875
-5.4761199951171875,-47.536041259765625,-245.04705810546875
-5.6487884521484375,-48.79753112792969,-246.0489959716797
-6.1017608642578125,-50.13795471191406,-246.33517456054688
-6.552276611328125,-51.31748962402344,-247.5498046875
-6.7701416015625,-52.718231201171875,-248.4080047607422
-7.4413299560546875,-53.63909912109375,-249.6367645263672
-7.452239990234375,-54.608917236328125,-250.7233428955078
-7.8111724853515625,-55.46763610839844,-251.96241760253906
-7.7238006591796875,-56.64668273925781,-252.92819213867188
-7.9190826416015625,-57.386260986328125,-254.3587188720703
-8.190277099609375,-57.878692626953125,-255.6454620361328
-8.242767333984375,-58.61408996582031,-256.350830078125
-8.293685913085938,-58.83393859863281,-257.4686279296875
-8.502777099609375,-59.40924072265625,-258.61016845703125
-8.6192626953125,-59.699981689453125,-259.5713806152344
-8.85711669921875,-60.13508605957031,-260.63970947265625
-8.909072875976562,-60.46995544433594,-261.00067138671875
-8.740310668945312,-60.19090270996094,-261.32781982421875
-9.085006713867188,-60.44761657714844,-261.6299133300781
-9.561492919921875,-60.36360168457031,-262.32403564453125
-9.175277709960938,-60.460205078125,-262.40191650390625
-9.377609252929688,-60.335845947265625,-262.6536865234375
-9.439224243164062,-60.7269287109375,-262.969970703125
-9.582305908203125,-60.4688720703125,-263.0477294921875
-9.642654418945312,-60.35166931152344,-262.34820556640625
-10.22021484375,-60.34938049316406,-262.6307067871094
-9.927703857421875,-60.41339111328125,-262.2001647949219
-10.060882568359375,-60.488616943359375,-261.9267883300781
-10.30859375,-60.29620361328125,-261.4654541015625
-10.39532470703125,-60.14460754394531,-261.3002014160156
-10.074462890625,-60.07684326171875,-261.19671630859375
-10.164932250976562,-59.770538330078125,-260.73040771484375
-10.244857788085938,-59.4688720703125,-260.1985778808594
-10.027450561523438,-59.26759338378906,-259.37164306640625
-9.699371337890625,-58.977264404296875,-258.878662109375
-9.657867431640625,-58.58815002441406,-258.5863037109375
-9.371292114257812,-58.160369873046875,-258.06549072265625
-9.287063598632812,-57.296173095703125,-256.88348388671875
-9.058914184570312,-56.95733642578125,-256.96014404296875
-8.736328125,-56.605499267578125,-256.9516906738281
-8.447174072265625,-56.43925476074219,-256.4473876953125
-8.26641845703125,-55.319671630859375,-256.18609619140625
-8.209091186523438,-55.15983581542969,-256.1434326171875
-7.5307769775390625,-54.472808837890625,-255.88917541503906
-7.0928192138671875,-53.979766845703125,-255.53248596191406
-7.014007568359375,-53.22459411621094,-255.24935913085938
-6.7845611572265625,-52.52677917480469,-254.1629180908203
-6.541595458984375,-51.41673278808594,-253.0926055908203
-6.18194580078125,-50.40057373046875,-252.71481323242188
-5.778411865234375,-49.78782653808594,-251.99371337890625
-6.1139984130859375,-48.912109375,-251.2299041748047
-5.59625244140625,-48.0,-250.80186462402344
-5.12872314453125,-46.88630676269531,-250.17198181152344
-4.73150634765625,-46.11492919921875,-249.37164306640625
-4.725494384765625,-45.41621398925781,-249.5775604248047
-4.6714324951171875,-44.56532287597656,-249.21116638183594
-4.5398406982421875,-44.187652587890625,-248.93907165527344
-3.9206390380859375,-43.67753601074219,-248.55540466308594
-3.629730224609375,-43.34672546386719,-248.93984985351562
-2.982269287109375,-42.811676025390625,-248.8760223388672
-3.0724029541015625,-42.322662353515625,-249.4722442626953
-2.90203857421875,-42.172149658203125,-249.322265625
-2.9503173828125,-41.29327392578125,-249.5637664794922
-2.4801177978515625,-40.9635009765625,-249.7217254638672
-2.420135498046875,-40.43011474609375,-248.66671752929688
-2.398284912109375,-40.05169677734375,-248.77406311035156
-2.443878173828125,-39.25785827636719,-248.19869995117188
-2.3498382568359375,-38.288330078125,-248.4253387451172
-2.5370330810546875,-37.51695251464844,-247.79396057128906
-2.3121185302734375,-36.51005554199219,-247.0045166015625
-3.26129150390625,-35.53459167480469,-246.3834228515625
-2.991485595703125,-34.72990417480469,-246.19827270507812
-3.14324951171875,-33.4056396484375,-244.95176696777344
-3.4228057861328125,-32.081268310546875,-244.3242950439453
-3.886138916015625,-30.845687866210938,-243.38577270507812
-4.551513671875,-29.820159912109375,-243.1564178466797
-4.3939208984375,-28.685028076171875,-242.88201904296875
-4.8328704833984375,-27.0693359375,-242.03526306152344
-5.19677734375,-25.800704956054688,-242.2205810546875
-5.257171630859375,-24.9761962890625,-241.43759155273438
-5.559234619140625,-23.717117309570312,-241.17184448242188
-5.5563201904296875,-22.564971923828125,-241.43313598632812
-5.5349273681640625,-21.356964111328125,-241.4320526123047
-5.79937744140625,-20.424728393554688,-241.42550659179688
-6.1738739013671875,-19.385848999023438,-241.33523559570312
-6.7769012451171875,-18.881683349609375,-241.81338500976562
-6.7596588134765625,-17.700653076171875,-241.78173828125
-6.7544708251953125,-17.345535278320312,-241.89637756347656
-7.1485748291015625,-16.673385620117188,-241.34202575683594
-7.64739990234375,-16.289108276367188,-241.3015899658203
-7.994384765625,-16.002166748046875,-241.0748291015625
-8.2320556640625,-15.549102783203125,-241.3211669921875
-8.29840087890625,-15.800888061523438,-241.53720092773438
-8.306655883789062,-15.28045654296875,-241.59295654296875
-8.070938110351562,-15.233505249023438,-241.70115661621094
-7.8976898193359375,-15.359542846679688,-242.05250549316406
-7.574310302734375,-15.640625,-241.86264038085938
-7.5947418212890625,-16.246551513671875,-241.78924560546875
-7.5322723388671875,-16.698196411132812,-242.6460723876953
-7.2613525390625,-16.800323486328125,-241.8980712890625
-7.3985748291015625,-17.31298828125,-242.03285217285156
-7.1446685791015625,-17.704513549804688,-242.09060668945312
-7.064208984375,-18.148590087890625,-242.19895935058594
-6.9416351318359375,-18.550827026367188,-242.53175354003906
-6.7751617431640625,-19.164413452148438,-242.37818908691406
-6.5616455078125,-19.61248779296875,-243.013427734375
-6.34881591796875,-20.194732666015625,-242.54608154296875
-6.083221435546875,-20.429214477539062,-242.4402313232422
-5.9697723388671875,-21.060089111328125,-243.06227111816406
-5.9493560791015625,-21.619293212890625,-242.82655334472656
-5.447357177734375,-22.488449096679688,-243.36866760253906
-5.3825836181640625,-23.311920166015625,-243.04940795898438
-5.0304718017578125,-24.1549072265625,-243.30165100097656
-4.6657562255859375,-25.23297119140625,-243.95144653320312
-4.0885162353515625,-26.074722290039062,-243.99749755859375
-3.8297882080078125,-27.075103759765625,-244.5638885498047
-3.7091217041015625,-28.149398803710938,-244.95159912109375
-3.303863525390625,-29.12689208984375,-245.58607482910156
-2.957794189453125,-30.348922729492188,-246.1094970703125
-2.876953125,-31.143936157226562,-246.64295959472656
-2.1243743896484375,-32.71492004394531,-247.0517578125
-2.74652099609375,-33.62396240234375,-247.34925842285156
-2.43414306640625,-35.18913269042969,-248.24270629882812
-2.46826171875,-35.816162109375,-248.58804321289062
-2.748992919921875,-37.24574279785156,-248.8907470703125
-2.39825439453125,-38.01629638671875,-249.51370239257812
-2.6912841796875,-39.301025390625,-250.06129455566406
-2.975799560546875,-40.4483642578125,-250.08473205566406
-2.7691802978515625,-41.45344543457031,-250.89378356933594
-3.0179901123046875,-42.457855224609375,-251.44729614257812
-3.0868682861328125,-43.776153564453125,-251.7685089111328
-3.583099365234375,-44.8167724609375,-252.28330993652344
-3.82672119140625,-45.729522705078125,-252.69912719726562
-4.0797576904296875,-46.76240539550781,-253.3512725830078
-4.6254425048828125,-47.65069580078125,-254.0331268310547
-4.749847412109375,-48.67393493652344,-253.97999572753906
-5.0580291748046875,-49.13069152832031,-254.93447875976562
-5.214447021484375,-49.981719970703125,-255.1250762939453
-5.406341552734375,-50.464019775390625,-255.8212127685547
-5.850494384765625,-51.34849548339844,-256.8405456542969
-5.6702423095703125,-52.29313659667969,-257.70672607421875
-5.7367706298828125,-52.41133117675781,-257.9071044921875
-5.905120849609375,-52.92106628417969,-259.2469177246094
-6.4723358154296875,-53.75965881347656,-259.3777770996094
-6.2418670654296875,-53.665771484375,-259.80291748046875
-6.4614105224609375,-54.36079406738281,-260.359375
-6.5877838134765625,-54.64898681640625,-260.72027587890625
-6.682861328125,-54.89361572265625,-261.14434814453125
-6.921112060546875,-55.372833251953125,-261.18682861328125
-6.5683746337890625,-55.169921875,-261.335693359375
-6.9282379150390625,-55.008544921875,-261.94390869140625
-6.707183837890625,-55.354736328125,-261.6448974609375
-6.613006591796875,-55.17030334472656,-261.97186279296875
-6.6553802490234375,-55.234100341796875,-262.20953369140625
-6.64495849609375,-55.30781555175781,-261.90887451171875
-6.4878997802734375,-55.199981689453125,-261.86090087890625
-6.3406982421875,-55.037353515625,-261.3858642578125
-6.347900390625,-54.58946228027344,-261.6183166503906
-6.59002685546875,-54.03779602050781,-261.6650390625
-6.4467010498046875,-54.222564697265625,-260.6929016113281
-6.3486785888671875,-53.5198974609375,-260.5469970703125
-6.3559722900390625,-53.46553039550781,-259.5706787109375
-6.10394287109375,-53.135406494140625,-259.1139221191406
-5.853363037109375,-52.672149658203125,-258.61456298828125
-5.3833160400390625,-51.81459045410156,-258.24072265625
-5.018035888671875,-51.37519836425781,-257.76019287109375
-5.144927978515625,-50.48191833496094,-257.0242614746094
-4.486724853515625,-49.9210205078125,-256.87872314453125
-4.0372772216796875,-49.019683837890625,-256.79156494140625
-3.9130096435546875,-48.50914001464844,-256.27813720703125
-3.2130584716796875,-47.72222900390625,-255.92323303222656
-3.2546234130859375,-46.467041015625,-255.7009735107422
-2.6024169921875,-45.330047607421875,-255.0637664794922
-2.042205810546875,-44.63996887207031,-255.0907440185547
-1.638916015625,-43.25787353515625,-254.72389221191406
-1.085479736328125,-42.00390625,-254.8104248046875
-0.70458984375,-41.136322021484375,-254.30691528320312
-0.690643310546875,-39.783477783203125,-253.67420959472656
-0.1131744384765625,-38.66673278808594,-254.21197509765625
0.2148284912109375,-37.62944030761719,-253.8509979248047
0.314483642578125,-36.45623779296875,-253.74900817871094
0.272369384765625,-35.4134521484375,-253.51016235351562
0.4484100341796875,-34.30775451660156,-253.4391326904297
0.542327880859375,-33.05461120605469,-253.7109832763672
0.8118438720703125,-32.34407043457031,-252.9528350830078
0.97039794921875,-31.315155029296875,-252.8968048095703
0.92034912109375,-30.822952270507812,-253.19964599609375
1.0205535888671875,-29.934860229492188,-252.90040588378906
1.1189422607421875,-29.11566162109375,-253.3433380126953
1.5645294189453125,-28.51708984375,-253.7787628173828
1.169891357421875,-27.866683959960938,-253.35145568847656
1.445098876953125,-27.547119140625,-253.2351837158203
0.7118072509765625,-26.671279907226562,-253.23709106445312
0.80157470703125,-26.498809814453125,-252.8862762451172
0.28985595703125,-25.457763671875,-252.4458465576172
0.532562255859375,-24.515716552734375,-252.5242156982422
0.4697113037109375,-24.381256103515625,-252.00807189941406
-0.3689422607421875,-23.980804443359375,-251.25863647460938
-0.5469818115234375,-23.165451049804688,-250.86399841308594
-1.0789947509765625,-22.438491821289062,-250.4171600341797
-1.0682525634765625,-21.978897094726562,-250.25868225097656
-1.09228515625,-21.068756103515625,-249.6390838623047
-1.464874267578125,-20.372879028320312,-249.5734100341797
-1.6426239013671875,-19.8282470703125,-249.38629150390625
-2.018280029296875,-18.972579956054688,-249.58460998535156
-1.95562744140625,-18.063674926757812,-249.48558044433594
-2.2529449462890625,-17.924240112304688,-249.40721130371094
-2.2023468017578125,-17.214691162109375,-249.18167114257812
-2.3480072021484375,-16.660842895507812,-249.64369201660156
-2.6074371337890625,-16.407562255859375,-249.60633850097656
-2.389068603515625,-15.987884521484375,-249.63624572753906
-2.6713714599609375,-15.581527709960938,-249.85989379882812
-3.0887298583984375,-15.207275390625,-249.9747314453125
-2.71832275390625,-14.890121459960938,-250.1511993408203
-2.8579559326171875,-14.766860961914062,-249.8340301513672
-2.9047698974609375,-14.416046142578125,-250.6026153564453
-2.4542236328125,-14.579116821289062,-250.91555786132812
-2.5645599365234375,-14.53460693359375,-250.62164306640625
-2.497222900390625,-14.356765747070312,-250.91189575195312
-1.9365692138671875,-14.344451904296875,-251.10836791992188
-2.474609375,-14.666107177734375,-251.17662048339844
-2.4476318359375,-14.377899169921875,-251.53294372558594
-1.8605194091796875,-14.913284301757812,-251.14627075195312
-1.555633544921875,-15.197067260742188,-251.65235900878906
-0.9974365234375,-15.315902709960938,-251.72064208984375
-1.0153656005859375,-15.682235717773438,-252.42611694335938
-0.3642120361328125,-16.064193725585938,-252.94403076171875
-0.238739013671875,-16.846755981445312,-252.33103942871094
-0.08056640625,-17.191818237304688,-253.07870483398438
0.2706298828125,-17.977081298828125,-252.80482482910156
0.634490966796875,-18.539459228515625,-252.37603759765625
0.4992828369140625,-19.0604248046875,-252.9999542236328
0.9490509033203125,-19.932830810546875,-253.38693237304688
1.32171630859375,-20.947662353515625,-253.38516235351562
1.56719970703125,-21.67730712890625,-253.26718139648438
1.4813690185546875,-22.756988525390625,-252.924072265625
1.9029388427734375,-23.301651000976562,-252.9521942138672
2.0511932373046875,-24.754623413085938,-252.79437255859375
2.239776611328125,-25.8023681640625,-252.725830078125
2.191436767578125,-26.646575927734375,-252.80551147460938
2.2121734619140625,-28.310943603515625,-253.55027770996094
2.3282318115234375,-29.132675170898438,-253.76870727539062
2.0792694091796875,-30.602523803710938,-253.9574432373047
2.276519775390625,-31.948577880859375,-254.23361206054688
2.4799041748046875,-33.15174865722656,-254.91404724121094
2.094635009765625,-34.52861022949219,-254.99057006835938
2.0216522216796875,-35.68505859375,-255.353515625
1.8856048583984375,-36.93394470214844,-256.03302001953125
1.682220458984375,-38.26751708984375,-256.4290771484375
1.5164947509765625,-39.42242431640625,-257.4185791015625
0.973876953125,-40.82917785644531,-257.03472900390625
0.97021484375,-41.68305969238281,-257.998291015625
0.657257080078125,-43.004852294921875,-258.32122802734375
0.182708740234375,-44.08351135253906,-259.00592041015625
0.2791900634765625,-45.078887939453125,-259.44439697265625
-0.102447509765625,-45.84056091308594,-260.1904296875
-0.503173828125,-46.98838806152344,-260.8722229003906
-0.7824249267578125,-47.70112609863281,-261.46954345703125
-1.5227508544921875,-48.42802429199219,-262.18048095703125
-2.1569061279296875,-49.49876403808594,-262.6563720703125
-2.2386932373046875,-49.900726318359375,-263.3534851074219
-2.3760986328125,-50.45225524902344,-263.5867614746094
-2.5861663818359375,-51.08747863769531,-263.76190185546875
-2.6213836669921875,-51.50791931152344,-264.76025390625
-3.20111083984375,-52.069580078125,-265.1375427246094
-3.4388885498046875,-52.49336242675781,-266.03955078125
-3.6623992919921875,-53.05473327636719,-266.8576965332031
-3.74652099609375,-53.10911560058594,-266.9490661621094
-3.9078521728515625,-53.23490905761719,-267.07403564453125
-4.1752777099609375,-53.25079345703125,-268.2938232421875
-4.23870849609375,-53.4471435546875,-268.98504638671875
-3.908477783203125,-53.63072204589844,-269.07342529296875
-3.979644775390625,-53.46318054199219,-269.45306396484375
-3.9702301025390625,-53.45672607421875,-269.799560546875
-3.707611083984375,-53.51860046386719,-271.0775146484375
-3.3844146728515625,-53.48736572265625,-271.19427490234375
-3.1856536865234375,-52.94232177734375,-271.9139099121094
-3.1402740478515625,-52.913055419921875,-272.05194091796875
-2.6640167236328125,-52.93487548828125,-272.543212890625
-2.2140960693359375,-52.473388671875,-272.4277038574219
-2.0511627197265625,-51.88127136230469,-272.9100341796875
-2.078460693359375,-51.37840270996094,-273.9758605957031
-1.80047607421875,-51.1246337890625,-273.5229187011719
-1.36798095703125,-50.45390319824219,-273.94488525390625
-1.29779052734375,-50.29083251953125,-273.85089111328125
-0.8296966552734375,-49.44281005859375,-274.1536865234375
-0.4523162841796875,-49.17449951171875,-273.96014404296875
-0.25921630859375,-48.3187255859375,-273.7264404296875
0.1313323974609375,-48.20845031738281,-273.96759033203125
0.5942535400390625,-47.714080810546875,-273.82464599609375
0.85833740234375,-47.01448059082031,-273.04095458984375
1.102081298828125,-46.76564025878906,-272.88201904296875
1.705535888671875,-45.8546142578125,-272.593994140625
1.924774169921875,-45.49064636230469,-271.83453369140625
1.899505615234375,-44.88356018066406,-271.4404602050781
2.5769195556640625,-43.93013000488281,-271.22955322265625
2.57672119140625,-43.412506103515625,-270.11334228515625
2.840606689453125,-42.52363586425781,-270.017578125
3.1173095703125,-42.247802734375,-268.91412353515625
3.318267822265625,-41.43260192871094,-268.7360534667969
3.6136932373046875,-40.79551696777344,-268.7369689941406
4.0352020263671875,-39.657562255859375,-268.44085693359375
4.2769317626953125,-38.9237060546875,-268.18975830078125
4.550689697265625,-38.0740966796875,-268.2483825683594
4.788970947265625,-37.3385009765625,-268.17926025390625
4.9381866455078125,-36.5467529296875,-268.61505126953125
4.8758544921875,-35.71240234375,-268.2006530761719
5.23052978515625,-35.262054443359375,-267.9957275390625
5.161285400390625,-34.54948425292969,-268.31451416015625
5.35760498046875,-33.88893127441406,-268.69598388671875
5.5211639404296875,-33.43455505371094,-268.6331787109375
6.0582733154296875,-32.294586181640625,-268.7584533691406
5.65936279296875,-32.22636413574219,-268.4625244140625
5.6962890625,-31.652481079101562,-269.15655517578125
6.089141845703125,-31.421875,-268.9317321777344
6.2273406982421875,-30.836715698242188,-268.2900390625
5.9315338134765625,-30.046600341796875,-267.6890563964844
6.0783538818359375,-30.106552124023438,-267.9833984375
6.024261474609375,-29.752166748046875,-267.8953857421875
6.0452423095703125,-29.077728271484375,-267.90435791015625
5.837158203125,-29.004180908203125,-267.3532409667969
6.33721923828125,-28.961654663085938,-266.1656188964844
6.050018310546875,-29.212432861328125,-265.74554443359375
6.152923583984375,-28.536270141601562,-264.5904541015625
5.632598876953125,-28.588973999023438,-264.34375
5.7260894775390625,-28.566940307617188,-263.7666931152344
5.2630157470703125,-27.877944946289062,-263.166259765625
5.450164794921875,-27.61212158203125,-262.1614685058594
4.9675140380859375,-27.551300048828125,-261.617431640625
5.2412567138671875,-27.03857421875,-260.93939208984375
4.91827392578125,-26.544296264648438,-260.9500732421875
5.0760955810546875,-26.207901000976562,-260.2119140625
4.7433624267578125,-26.017822265625,-260.43585205078125
4.3583984375,-25.488174438476562,-260.53826904296875
4.520233154296875,-25.385528564453125,-260.43670654296875
4.7149810791015625,-25.068695068359375,-260.62579345703125
4.820648193359375,-24.689804077148438,-261.2800598144531
4.362335205078125,-24.611846923828125,-261.282470703125
4.686614990234375,-24.405288696289062,-261.2521667480469
4.9019775390625,-24.405166625976562,-261.41961669921875
4.7906494140625,-24.0218505859375,-260.9415283203125
4.9776458740234375,-24.077682495117188,-261.7882995605469
5.625823974609375,-24.423080444335938,-261.98150634765625
5.123291015625,-24.50872802734375,-261.96746826171875
5.284576416015625,-24.858993530273438,-262.7681884765625
5.3110809326171875,-24.658248901367188,-262.9172058105469
5.54150390625,-25.020950317382812,-263.32440185546875
5.3560943603515625,-25.403671264648438,-263.6607666015625
5.5311431884765625,-25.64630126953125,-263.46783447265625
5.7768707275390625,-25.971603393554688,-263.77703857421875
5.70556640625,-26.829071044921875,-264.2789306640625
5.703338623046875,-27.316116333007812,-263.69537353515625
5.8390045166015625,-27.93798828125,-263.00872802734375
5.7958831787109375,-28.558914184570312,-263.6702880859375
5.435028076171875,-28.693115234375,-263.47357177734375
5.6688232421875,-29.146209716796875,-263.4922180175781
5.762847900390625,-29.856353759765625,-263.27716064453125
5.5735015869140625,-30.75885009765625,-263.59417724609375
5.4738311767578125,-31.282608032226562,-263.5260314941406
5.8164825439453125,-31.870498657226562,-264.07501220703125
5.7974395751953125,-32.80000305175781,-264.29437255859375
5.1425018310546875,-33.81376647949219,-264.95703125
5.447509765625,-34.90742492675781,-264.8062438964844
4.722747802734375,-35.78236389160156,-265.2969055175781
5.1885223388671875,-36.44505310058594,-265.8573913574219
4.7638702392578125,-37.75611877441406,-266.3927307128906
4.5621795654296875,-38.6324462890625,-266.2755126953125
4.5812835693359375,-39.918609619140625,-267.6048278808594
3.8040771484375,-40.69386291503906,-267.7296142578125
3.338836669921875,-41.87255859375,-268.3060302734375
2.79888916015625,-42.790283203125,-268.68145751953125
2.4229278564453125,-43.74549865722656,-269.0422668457031
1.8029937744140625,-44.332183837890625,-269.7353210449219
1.53546142578125,-45.480865478515625,-270.4716491699219
0.8097381591796875,-46.40129089355469,-271.15283203125
0.452117919921875,-47.21632385253906,-271.6190185546875
0.0030670166015625,-47.96589660644531,-272.0571594238281
-0.85638427734375,-48.82427978515625,-273.03924560546875
-1.3191986083984375,-49.57121276855469,-273.5189208984375
-1.9377593994140625,-49.78749084472656,-274.06683349609375
-2.6939239501953125,-50.65837097167969,-274.85400390625
-3.087799072265625,-51.00114440917969,-275.31085205078125
-3.6590118408203125,-51.243408203125,-276.4921875
-3.9799957275390625,-51.89994812011719,-276.54217529296875
-4.67333984375,-52.09535217285156,-276.990234375
-5.164764404296875,-52.214111328125,-277.6087951660156
-5.6346282958984375,-52.176971435546875,-278.3778076171875
-5.60369873046875,-52.631378173828125,-278.61151123046875
-6.104217529296875,-52.56883239746094,-279.09796142578125
-6.3770294189453125,-52.509765625,-279.20208740234375
-6.73419189453125,-52.809783935546875,-279.56817626953125
-7.188873291015625,-52.756927490234375,-279.71002197265625
-7.249053955078125,-52.89476013183594,-279.97540283203125
-7.4321136474609375,-52.753143310546875,-279.9476318359375
-7.6513671875,-53.099761962890625,-280.09527587890625
-8.093994140625,-53.1351318359375,-280.43731689453125
-8.152053833007812,-52.78187561035156,-279.855224609375
-8.54296875,-52.96089172363281,-279.24530029296875
-8.565353393554688,-53.01312255859375,-279.525634765625
-8.638015747070312,-52.78028869628906,-279.2742614746094
-8.691864013671875,-52.61181640625,-279.0650634765625
-8.770339965820312,-52.61930847167969,-279.2670593261719
-8.562118530273438,-52.648956298828125,-278.81304931640625
-8.621322631835938,-52.674713134765625,-278.52557373046875
-8.64410400390625,-52.47355651855469,-277.867431640625
-8.5421142578125,-52.323974609375,-277.37567138671875
-8.483428955078125,-52.20115661621094,-277.4342041015625
-8.071258544921875,-51.814361572265625,-276.9989013671875
-8.027236938476562,-51.8060302734375,-276.6941833496094
-8.159454345703125,-51.56056213378906,-275.68719482421875
-7.8601837158203125,-51.243988037109375,-275.26025390625
-7.4614105224609375,-51.15074157714844,-274.77294921875
-7.4410400390625,-50.860076904296875,-274.2636413574219
-7.115234375,-50.715301513671875,-273.50738525390625
-6.75689697265625,-50.228271484375,-272.5961608886719
-6.3422698974609375,-49.8072509765625,-272.3486328125
-5.8971099853515625,-49.66163635253906,-272.22528076171875
-5.38494873046875,-49.03291320800781,-271.36077880859375
-4.82928466796875,-48.32554626464844,-271.46466064453125
-4.96160888671875,-47.57539367675781,-271.13330078125
-4.208648681640625,-47.605377197265625,-271.0955505371094
-4.053497314453125,-46.85569763183594,-271.4782409667969
-3.7543182373046875,-46.49656677246094,-271.5371398925781
-3.79595947265625,-46.065948486328125,-271.61334228515625
-3.0540008544921875,-45.90596008300781,-272.2989501953125
-3.080474853515625,-45.53672790527344,-272.38623046875
-2.87451171875,-45.376068115234375,-272.2059020996094
-2.3102264404296875,-44.63371276855469,-272.6396484375
-2.176910400390625,-44.04400634765625,-272.3221435546875
-2.2596588134765625,-43.99505615234375,-272.5452880859375
-1.763946533203125,-43.4490966796875,-272.56103515625
-1.5096282958984375,-42.76918029785156,-273.2710876464844
-1.373046875,-42.52565002441406,-272.30047607421875
-0.666961669921875,-42.23771667480469,-272.33380126953125
-0.695587158203125,-41.59800720214844,-272.16156005859375
-0.5799102783203125,-41.49119567871094,-271.9284973144531
-0.6509857177734375,-41.04986572265625,-271.68310546875
-0.3402252197265625,-41.20906066894531,-271.3350524902344
-0.2437896728515625,-40.594329833984375,-270.864501953125
-0.126708984375,-40.36549377441406,-270.48834228515625
0.02471923828125,-39.99552917480469,-269.5836181640625
0.1940765380859375,-39.39897155761719,-269.13739013671875
0.05010986328125,-39.20094299316406,-269.02685546875
0.1414794921875,-38.85145568847656,-268.4683837890625
0.148284912109375,-38.39564514160156,-268.1781311035156
0.43365478515625,-37.80979919433594,-267.7035827636719
0.341400146484375,-37.63079833984375,-266.86553955078125
0.41448974609375,-37.113739013671875,-266.7253723144531
0.4945220947265625,-36.90870666503906,-266.9080810546875
0.4798126220703125,-36.29237365722656,-266.7291259765625
0.4351043701171875,-35.977447509765625,-266.2995300292969
0.439544677734375,-35.329132080078125,-266.56585693359375
0.670196533203125,-34.83900451660156,-265.98712158203125
0.3720855712890625,-34.387542724609375,-266.01678466796875
0.790283203125,-33.89874267578125,-265.8690185546875
0.469635009765625,-33.85533142089844,-266.0492248535156
0.35894775390625,-33.68299865722656,-265.3348693847656
-0.0047454833984375,-33.34373474121094,-265.7943115234375
0.373626708984375,-32.82781982421875,-266.14007568359375
-0.0265960693359375,-32.564208984375,-265.702880859375
-0.0623779296875,-32.527679443359375,-266.51190185546875
-0.0124359130859375,-32.20191955566406,-266.60601806640625
-0.31671142578125,-31.815277099609375,-266.66015625
-0.686614990234375,-31.597488403320312,-267.1033020019531
-0.5446624755859375,-31.5728759765625,-266.9942321777344
-1.0738983154296875,-31.4432373046875,-267.7232666015625
-1.1268310546875,-31.256103515625,-268.1312255859375
-1.092620849609375,-30.916366577148438,-268.141357421875
-1.5099639892578125,-30.774993896484375,-268.38861083984375
-1.6783905029296875,-30.48345947265625,-268.8042907714844
-2.238006591796875,-30.481536865234375,-268.42041015625
-2.5103912353515625,-30.273574829101562,-268.6775207519531
-2.7453765869140625,-30.403640747070312,-268.4911193847656
-2.9442291259765625,-29.947906494140625,-268.0888671875
-3.6624908447265625,-30.173614501953125,-268.21661376953125
-3.8358306884765625,-29.861907958984375,-268.11968994140625
-3.734405517578125,-30.090606689453125,-268.462158203125
-4.2509307861328125,-30.450576782226562,-268.5003967285156
-4.3109588623046875,-30.085128784179688,-268.82916259765625
-4.4034423828125,-30.319198608398438,-268.6346130371094
-4.9725799560546875,-30.439407348632812,-268.661865234375
-5.0475006103515625,-30.260543823242188,-268.8313903808594
-5.2557830810546875,-30.747711181640625,-268.8404541015625
-5.51947021484375,-30.8792724609375,-268.72515869140625
-5.649658203125,-30.744613647460938,-269.0303955078125
-5.7166595458984375,-30.737075805664062,-269.246826171875
-5.9459686279296875,-30.870635986328125,-269.4619445800781
-6.089141845703125,-30.975051879882812,-270.117919921875
-5.8134613037109375,-30.775222778320312,-270.0887451171875
-5.924468994140625,-30.604476928710938,-270.5792236328125
-6.1588592529296875,-31.026779174804688,-271.05694580078125
-5.668914794921875,-31.194595336914062,-271.2914123535156
-5.781341552734375,-31.057083129882812,-271.2682800292969
-5.8121490478515625,-31.63165283203125,-271.94708251953125
-5.6463623046875,-31.960556030273438,-271.9195251464844
-5.7672576904296875,-32.03094482421875,-272.4186096191406
-5.5840301513671875,-32.22845458984375,-272.9099426269531
-5.3102874755859375,-32.35069274902344,-272.56463623046875
-5.556427001953125,-32.443817138671875,-272.9783935546875
-5.4005126953125,-32.57826232910156,-272.7508544921875
-5.472442626953125,-33.44993591308594,-273.22015380859375
-4.709747314453125,-33.09503173828125,-273.08563232421875
-4.624969482421875,-33.412078857421875,-273.4436340332031
-5.20135498046875,-34.141387939453125,-273.01324462890625
-4.6774139404296875,-34.302642822265625,-273.3338317871094
-5.1023101806640625,-35.10902404785156,-273.27386474609375
-4.59979248046875,-35.115997314453125,-272.9720458984375
-4.795440673828125,-35.73872375488281,-272.86279296875
-4.4823150634765625,-36.14884948730469,-273.2886962890625
-4.511932373046875,-36.176361083984375,-273.70294189453125
-4.4409637451171875,-37.088836669921875,-273.637451171875
-4.1347198486328125,-37.11528015136719,-273.6260070800781
-4.445098876953125,-37.827362060546875,-272.91949462890625
-4.5652313232421875,-38.29808044433594,-273.3057861328125
-4.34832763671875,-38.51341247558594,-273.0789489746094
-4.51531982421875,-39.02911376953125,-272.80755615234375
-4.337432861328125,-39.75732421875,-272.51971435546875
-4.21466064453125,-40.14683532714844,-271.9884033203125
-4.1623382568359375,-40.663116455078125,-271.6313171386719
-4.19677734375,-40.83552551269531,-271.26568603515625
-4.1970672607421875,-41.21437072753906,-270.92236328125
-4.169342041015625,-41.6043701171875,-270.4715270996094
-4.2290496826171875,-41.912322998046875,-270.21746826171875
-4.1388397216796875,-42.14186096191406,-269.10809326171875
-4.1583404541015625,-42.44322204589844,-269.1661682128906
-3.84979248046875,-42.31230163574219,-268.5333251953125
-4.22149658203125,-42.19007873535156,-267.9019775390625
-4.0295257568359375,-42.48875427246094,-267.57318115234375
-3.911102294921875,-42.438140869140625,-266.93402099609375
-3.9010467529296875,-42.47349548339844,-266.04266357421875
-3.8034515380859375,-41.920623779296875,-266.3306884765625
-3.727630615234375,-41.34123229980469,-264.8525085449219
-3.4843902587890625,-41.263885498046875,-264.2664794921875
-3.9155731201171875,-40.7972412109375,-263.60595703125
-3.581756591796875,-40.751922607421875,-262.8634033203125
-3.4507598876953125,-39.97853088378906,-262.558349609375
-2.9570770263671875,-39.12528991699219,-262.0771789550781
-2.87884521484375,-38.62471008300781,-262.2432861328125
-2.6807708740234375,-38.04222106933594,-261.88092041015625
-2.379852294921875,-36.90753173828125,-261.4212646484375
-2.3770599365234375,-36.466949462890625,-260.8414306640625
-2.15130615234375,-35.70286560058594,-260.51556396484375
-1.6753692626953125,-35.08399963378906,-260.8053894042969
-1.9390869140625,-34.560211181640625,-260.5702819824219
-1.5627593994140625,-34.001983642578125,-260.8570861816406
-1.4273681640625,-33.038116455078125,-260.9252014160156
-1.1699066162109375,-32.7384033203125,-261.0101013183594
-0.903350830078125,-32.05694580078125,-261.4328308105469
-1.171478271484375,-31.477493286132812,-261.295654296875
-1.1573944091796875,-30.914703369140625,-261.188720703125
-1.012847900390625,-29.95062255859375,-261.2741394042969
-0.7197418212890625,-29.490478515625,-261.31610107421875
-0.7126617431640625,-28.858795166015625,-261.7001647949219
-0.6953125,-28.227203369140625,-261.52923583984375
-0.497314453125,-27.494613647460938,-261.7589111328125
-0.39044189453125,-26.705169677734375,-261.6449279785156
-0.603546142578125,-26.060897827148438,-261.3314208984375
-0.5494537353515625,-24.990066528320312,-261.53472900390625
-0.5731353759765625,-24.345657348632812,-261.427490234375
-0.6221160888671875,-23.250381469726562,-261.7976989746094
-0.5399627685546875,-22.553970336914062,-261.01519775390625
-1.026123046875,-21.7705078125,-261.3355712890625
-0.837493896484375,-21.2177734375,-261.1846618652344
-1.3199310302734375,-19.921722412109375,-261.26434326171875
-1.211822509765625,-19.223556518554688,-261.4033203125
-1.416046142578125,-18.182403564453125,-261.3334655761719
-1.926910400390625,-17.287216186523438,-262.03424072265625
-2.171630859375,-16.305999755859375,-262.0243835449219
-2.2044830322265625,-15.59893798828125,-262.050537109375
-1.8649139404296875,-14.66571044921875,-262.525390625
-2.4197845458984375,-14.150299072265625,-262.4560546875
-2.7866058349609375,-13.140411376953125,-262.4384765625
-3.22686767578125,-12.58575439453125,-262.69622802734375
-3.5670928955078125,-11.877243041992188,-262.72674560546875
-3.667449951171875,-11.272796630859375,-262.6771240234375
-4.0943145751953125,-10.8065185546875,-263.02178955078125
-3.871673583984375,-10.241806030273438,-262.67279052734375
-4.12567138671875,-9.54046630859375,-262.68988037109375
-4.188568115234375,-9.1826171875,-263.2204895019531
-4.3820648193359375,-8.6859130859375,-263.5651550292969
-4.1544036865234375,-8.34051513671875,-263.6905517578125
-4.265472412109375,-8.257904052734375,-263.9847717285156
-4.179656982421875,-7.918853759765625,-264.2718505859375
-4.1272430419921875,-7.791107177734375,-264.3173522949219
-3.7779388427734375,-7.1103057861328125,-264.57891845703125
-3.6269683837890625,-7.2419891357421875,-264.2618408203125
-3.48248291015625,-6.9288787841796875,-264.73297119140625
-3.5283966064453125,-7.04364013671875,-264.6600036621094
-2.854949951171875,-6.8719024658203125,-264.80816650390625
-2.408477783203125,-6.9190216064453125,-264.21826171875
-2.26531982421875,-7.4384918212890625,-263.70556640625
-1.9691162109375,-7.740814208984375,-263.69647216796875
-1.5107879638671875,-8.0338134765625,-263.7848205566406
-0.9766845703125,-8.506576538085938,-263.0327453613281
-0.3828125,-8.5228271484375,-262.6871643066406
-0.1737518310546875,-9.19232177734375,-262.66876220703125
0.684600830078125,-9.776504516601562,-262.04473876953125
1.1736297607421875,-10.65899658203125,-262.11578369140625
1.823455810546875,-11.8497314453125,-262.00518798828125
2.50445556640625,-12.3089599609375,-262.1435241699219
3.2219696044921875,-13.638229370117188,-261.4256591796875
3.8463592529296875,-15.219802856445312,-261.6614074707031
4.835113525390625,-16.351730346679688,-261.5278015136719
5.0936431884765625,-18.014434814453125,-261.1314697265625
5.54766845703125,-19.85357666015625,-261.2143859863281
6.373138427734375,-21.453018188476562,-260.3938903808594
6.713714599609375,-23.5870361328125,-260.5150451660156
6.9831390380859375,-25.345596313476562,-259.9825439453125
7.116790771484375,-27.330459594726562,-259.94879150390625
7.1439056396484375,-29.349441528320312,-259.46728515625
7.21685791015625,-31.40692138671875,-259.17425537109375
6.737823486328125,-33.61570739746094,-259.379638671875
6.7393646240234375,-35.5318603515625,-258.1270751953125
5.9181365966796875,-38.17149353027344,-258.3604736328125
5.9949493408203125,-39.94606018066406,-258.583251953125
5.6603240966796875,-41.69352722167969,-258.6288146972656
4.997314453125,-43.56513977050781,-259.54925537109375
4.4246368408203125,-45.15867614746094,-259.3643493652344
4.0204620361328125,-46.928466796875,-260.0306396484375
3.5370330810546875,-48.356842041015625,-260.692626953125
2.9836883544921875,-49.91581726074219,-261.94598388671875
2.6183319091796875,-51.10520935058594,-263.06622314453125
2.3060302734375,-52.44380187988281,-264.0791931152344
2.3900146484375,-53.25152587890625,-264.6773681640625
1.70062255859375,-54.2205810546875,-266.1744384765625
1.3785400390625,-54.83087158203125,-267.6483154296875
1.3628692626953125,-55.387542724609375,-268.5853271484375
0.89788818359375,-56.03680419921875,-269.35552978515625
1.014862060546875,-56.44718933105469,-270.3402099609375
1.0031890869140625,-56.64256286621094,-271.455078125
0.949432373046875,-56.90867614746094,-271.8917541503906
0.5644683837890625,-57.18199157714844,-272.7041015625
0.6429290771484375,-57.50215148925781,-272.79754638671875
0.218353271484375,-57.95489501953125,-272.9007568359375
0.208984375,-57.76631164550781,-272.54345703125
0.5092010498046875,-58.5679931640625,-272.7918395996094
0.1423187255859375,-58.4300537109375,-271.9613037109375
0.4246063232421875,-58.39410400390625,-272.1058349609375
0.4833984375,-58.44212341308594,-271.3685302734375
0.25079345703125,-58.49040222167969,-270.56280517578125
0.566864013671875,-58.75312805175781,-269.67431640625
0.6749114990234375,-58.599884033203125,-269.3190002441406
0.5829010009765625,-58.25337219238281,-268.5006408691406
0.7669219970703125,-58.300506591796875,-267.8004150390625
0.96551513671875,-58.05772399902344,-267.4548645019531
1.3449554443359375,-57.72599792480469,-266.54156494140625
1.368560791015625,-57.5157470703125,-266.0782470703125
1.6408843994140625,-57.146820068359375,-264.74261474609375
2.02825927734375,-56.52220153808594,-264.231201171875
2.2051544189453125,-55.92449951171875,-264.24017333984375
3.235626220703125,-55.61351013183594,-263.5828552246094
3.3811798095703125,-55.3377685546875,-263.3354797363281
4.2129669189453125,-54.27801513671875,-262.7738037109375
4.951812744140625,-53.623077392578125,-262.7897644042969
5.0777740478515625,-52.71446228027344,-261.845458984375
6.011260986328125,-51.45732116699219,-261.2646179199219
6.3055419921875,-50.60467529296875,-260.54461669921875
7.1483154296875,-49.21052551269531,-260.15057373046875
7.5909271240234375,-48.5350341796875,-259.56201171875
7.926300048828125,-47.19313049316406,-259.16998291015625
8.54376220703125,-45.97412109375,-258.90325927734375
8.890731811523438,-44.92169189453125,-257.8905029296875
9.04058837890625,-43.60523986816406,-257.2624816894531
9.495101928710938,-42.69316101074219,-257.0462951660156
9.588226318359375,-41.64701843261719,-256.3228759765625
9.961990356445312,-40.92962646484375,-256.62127685546875
10.3568115234375,-39.591888427734375,-256.57757568359375
10.564437866210938,-38.75434875488281,-256.18194580078125
10.920928955078125,-37.85218811035156,-256.619384765625
10.863357543945312,-36.815338134765625,-256.6534118652344
11.424667358398438,-35.8033447265625,-257.0454406738281
11.769729614257812,-35.06864929199219,-256.7305908203125
11.876327514648438,-34.283050537109375,-257.4522705078125
12.084793090820312,-33.2779541015625,-257.4998779296875
12.103195190429688,-32.535736083984375,-257.40728759765625
12.429550170898438,-31.550567626953125,-257.341796875
12.318099975585938,-30.310165405273438,-257.3201904296875
12.832931518554688,-29.478744506835938,-257.0941162109375
12.750732421875,-28.521697998046875,-256.809814453125
12.829132080078125,-27.381317138671875,-256.9700622558594
13.020858764648438,-26.24334716796875,-256.779052734375
12.920639038085938,-25.2652587890625,-256.81512451171875
12.958908081054688,-24.007614135742188,-256.8636474609375
13.217071533203125,-23.207870483398438,-257.00555419921875
12.848678588867188,-22.162826538085938,-257.1441650390625
12.55816650390625,-21.273712158203125,-257.7347717285156
12.94970703125,-20.11895751953125,-257.7983093261719
12.836334228515625,-19.630096435546875,-257.914306640625
12.722579956054688,-18.717926025390625,-258.4366455078125
12.808837890625,-18.172378540039062,-257.95001220703125
12.843063354492188,-17.477310180664062,-258.6524658203125
13.00543212890625,-17.373626708984375,-258.32855224609375
12.89276123046875,-17.2034912109375,-258.565185546875
12.7508544921875,-16.87530517578125,-258.0247802734375
12.953109741210938,-17.004287719726562,-257.84539794921875
12.815200805664062,-17.405380249023438,-257.43157958984375
13.0189208984375,-17.689895629882812,-257.15216064453125
12.727386474609375,-18.191696166992188,-256.99530029296875
12.970230102539062,-18.667709350585938,-256.4850769042969
13.122772216796875,-19.661270141601562,-256.38201904296875
12.935195922851562,-20.35308837890625,-256.1800537109375
13.381011962890625,-21.173187255859375,-256.821533203125
13.465927124023438,-22.228057861328125,-256.75335693359375
13.507705688476562,-23.255294799804688,-256.16644287109375
13.826644897460938,-24.843963623046875,-256.16571044921875
13.921630859375,-25.977523803710938,-255.71902465820312
14.048141479492188,-27.395736694335938,-256.2138671875
13.607421875,-29.02960205078125,-255.9828643798828
13.563156127929688,-30.738571166992188,-255.85302734375
13.630844116210938,-32.03303527832031,-255.4115447998047
13.081024169921875,-33.61138916015625,-255.5546875
12.763336181640625,-35.570098876953125,-255.15672302246094
12.516403198242188,-37.500152587890625,-255.13848876953125
11.652542114257812,-39.43568420410156,-254.88890075683594
10.97711181640625,-40.878021240234375,-254.64295959472656
10.442413330078125,-42.3594970703125,-254.40744018554688
9.4595947265625,-43.9095458984375,-254.24940490722656
8.41436767578125,-45.92741394042969,-254.0167694091797
7.38702392578125,-47.79048156738281,-253.8019256591797
5.934356689453125,-49.04362487792969,-253.14407348632812
4.6200408935546875,-51.03387451171875,-252.7661895751953
2.96197509765625,-52.78208923339844,-252.99220275878906
1.71063232421875,-54.18440246582031,-253.59552001953125
0.6346282958984375,-55.90608215332031,-254.38514709472656
-0.9154205322265625,-57.196533203125,-255.21102905273438
-2.0956573486328125,-58.4169921875,-256.413818359375
-2.8278350830078125,-59.498504638671875,-258.4209289550781
-3.3310546875,-60.15751647949219,-259.53985595703125
-4.47332763671875,-61.07525634765625,-261.50665283203125
-5.246673583984375,-62.293365478515625,-262.7664489746094
-6.43707275390625,-62.7225341796875,-264.6343688964844
-7.0535430908203125,-63.40203857421875,-265.9857177734375
-8.354080200195312,-63.786102294921875,-266.9053955078125
-9.336959838867188,-64.57196044921875,-267.7675476074219
-10.066314697265625,-64.83245849609375,-268.61822509765625
-11.423507690429688,-65.52799987792969,-269.6435546875
-12.427627563476562,-66.15003967285156,-269.1827697753906
-13.709884643554688,-66.26589965820312,-268.83392333984375
-14.90191650390625,-66.84657287597656,-268.95501708984375
-16.122802734375,-67.50341796875,-269.056640625
-17.316085815429688,-67.68698120117188,-268.82373046875
-18.132293701171875,-67.80792236328125,-268.325439453125
-19.18914794921875,-68.260009765625,-267.9346923828125
-20.535797119140625,-68.24256896972656,-267.4376220703125
-21.417892456054688,-68.62786865234375,-267.536865234375
-22.301956176757812,-68.66015625,-267.083251953125
-23.166168212890625,-69.238037109375,-266.8359375
-24.1387939453125,-69.14393615722656,-266.28155517578125
-24.953292846679688,-69.33828735351562,-265.80364990234375
-25.762237548828125,-69.25588989257812,-265.409912109375
-26.437530517578125,-69.49896240234375,-264.866455078125
-27.466796875,-69.13778686523438,-264.9361267089844
-27.855026245117188,-69.83662414550781,-264.62493896484375
-28.380035400390625,-69.49851989746094,-264.51531982421875
-28.821365356445312,-69.75099182128906,-263.6865234375
-29.528778076171875,-69.60595703125,-263.7355651855469
-29.739852905273438,-69.6099853515625,-263.8898620605469
-30.0267333984375,-69.60073852539062,-263.64581298828125
-30.558395385742188,-69.15635681152344,-263.061767578125
-31.250259399414062,-69.31594848632812,-262.66143798828125
-31.593719482421875,-69.41081237792969,-262.73284912109375
-31.544662475585938,-69.18388366699219,-262.1263427734375
-32.04350280761719,-69.42428588867188,-262.23095703125
-32.2095947265625,-69.32041931152344,-262.3138427734375
-31.89544677734375,-69.45001220703125,-262.48724365234375
-31.920211791992188,-69.229736328125,-262.56939697265625
-32.10237121582031,-69.15950012207031,-262.08380126953125
-32.40113830566406,-69.33544921875,-262.5006103515625
-32.25569152832031,-69.13272094726562,-262.4169006347656
-32.439910888671875,-69.4091796875,-261.731201171875
-32.50091552734375,-69.13517761230469,-261.6723327636719
-32.25286865234375,-69.07090759277344,-261.84112548828125
-32.14085388183594,-69.18913269042969,-261.4225769042969
-32.091400146484375,-68.9820556640625,-261.1861572265625
-31.783523559570312,-69.1798095703125,-260.80657958984375
-32.22981262207031,-69.05424499511719,-260.677734375
-32.152862548828125,-68.74690246582031,-260.6936950683594
-32.20881652832031,-68.60205078125,-260.57916259765625
-32.36785888671875,-68.6468505859375,-260.8039245605469
-31.937301635742188,-68.61334228515625,-260.70196533203125
-31.654083251953125,-68.72779846191406,-260.3437194824219
-31.85296630859375,-68.8492431640625,-260.0741271972656
-31.759292602539062,-68.54939270019531,-259.333251953125
-31.71783447265625,-68.2164306640625,-259.55084228515625
-31.28759765625,-68.05081176757812,-258.50537109375
-31.237808227539062,-67.947265625,-258.96429443359375
-31.676162719726562,-68.1212158203125,-258.42132568359375
-31.426742553710938,-68.02935791015625,-258.1732482910156
-31.045700073242188,-67.87484741210938,-258.0433349609375
-31.200424194335938,-67.46183776855469,-257.88275146484375
-30.932327270507812,-67.79109191894531,-257.8428955078125
-31.356643676757812,-67.56893920898438,-257.71826171875
-30.496246337890625,-67.40432739257812,-257.8529052734375
-31.009185791015625,-67.61874389648438,-258.02728271484375
-30.516098022460938,-67.21517944335938,-257.4512939453125
-30.747024536132812,-67.11769104003906,-257.34228515625
-30.72674560546875,-67.06796264648438,-256.55908203125
-30.9615478515625,-66.81182861328125,-256.38299560546875
-30.7047119140625,-66.25926208496094,-256.06024169921875
-30.691986083984375,-66.24038696289062,-254.7186279296875
-30.436935424804688,-66.09416198730469,-254.3544464111328
-29.992080688476562,-65.68667602539062,-253.86590576171875
-30.288131713867188,-65.51292419433594,-253.2992706298828
-30.111740112304688,-65.22532653808594,-252.51806640625
-30.11444091796875,-64.95753479003906,-252.717529296875
-30.26031494140625,-64.72709655761719,-251.78628540039062
-30.204803466796875,-64.35931396484375,-251.87002563476562
-30.162307739257812,-64.00509643554688,-251.00357055664062
-29.93206787109375,-63.87257385253906,-249.93833923339844
-30.370819091796875,-63.48796081542969,-250.00149536132812
-30.060592651367188,-63.20735168457031,-249.60887145996094
-29.995254516601562,-62.8408203125,-248.9152374267578
-29.99298095703125,-62.72662353515625,-248.6002655029297
-30.015792846679688,-62.285064697265625,-248.10324096679688
-29.983261108398438,-62.01649475097656,-247.8486328125
-30.154281616210938,-61.345916748046875,-247.13143920898438
-29.575851440429688,-61.27684020996094,-246.91397094726562
-29.775802612304688,-60.919769287109375,-246.23696899414062
-29.3221435546875,-60.72752380371094,-245.82400512695312
-29.421112060546875,-60.08488464355469,-245.31011962890625
-29.051788330078125,-59.28535461425781,-243.97775268554688
-29.066986083984375,-58.78788757324219,-243.0180206298828
-29.312026977539062,-58.01873779296875,-242.22267150878906
-28.7999267578125,-57.20147705078125,-241.10362243652344
-28.792556762695312,-56.93879699707031,-240.40936279296875
-28.82550048828125,-56.022216796875,-238.70603942871094
-28.880615234375,-54.8319091796875,-237.6094970703125
-28.894271850585938,-53.73951721191406,-236.28501892089844
-28.72967529296875,-52.03923034667969,-234.4112091064453
-28.664352416992188,-50.91911315917969,-233.33981323242188
-28.95208740234375,-48.93792724609375,-231.54095458984375
-28.922103881835938,-47.003631591796875,-229.692626953125
-29.538711547851562,-44.587890625,-228.16912841796875
-29.90423583984375,-41.74748229980469,-226.32423400878906
-30.255447387695312,-38.603729248046875,-224.64537048339844
-30.740753173828125,-35.036041259765625,-222.71685791015625
-31.85589599609375,-30.7044677734375,-220.80874633789062
-33.26385498046875,-25.73406982421875,-218.57713317871094
-34.4324951171875,-19.405548095703125,-217.29388427734375
-36.52409362792969,-12.555435180664062,-216.4246826171875
-39.30238342285156,-3.8054656982421875,-215.88809204101562
-42.11274719238281,4.7003936767578125,-216.77117919921875
-44.899139404296875,14.133010864257812,-218.86859130859375
-47.689178466796875,23.0074462890625,-221.78445434570312
-50.598419189453125,31.27923583984375,-225.8385467529297
-53.447509765625,38.89503479003906,-230.04701232910156
-57.020782470703125,45.058990478515625,-236.06564331054688
-60.19895935058594,49.96034240722656,-243.9772186279297
-62.06095886230469,50.04606628417969,-253.79495239257812
-60.29486083984375,39.66175842285156,-264.8505859375
-56.34771728515625,21.97808837890625,-264.8970947265625
-55.61317443847656,8.654556274414062,-264.64727783203125
-56.28831481933594,8.804092407226562,-265.080078125
-56.1766357421875,8.999679565429688,-265.17742919921875
-56.513275146484375,8.912643432617188,-264.4658203125
-56.49864196777344,8.895034790039062,-264.24951171875
-56.43135070800781,9.104324340820312,-264.7292175292969
-56.46891784667969,9.2568359375,-265.197265625
-56.63905334472656,9.492538452148438,-264.9188232421875
-56.255859375,9.823348999023438,-264.57293701171875
-56.33467102050781,9.648345947265625,-263.8704833984375
-56.45570373535156,10.266067504882812,-263.91595458984375
-56.593109130859375,10.004989624023438,-263.3415222167969
-56.62376403808594,10.815338134765625,-263.2366943359375
-56.344329833984375,11.26171875,-262.54327392578125
-56.466278076171875,11.94818115234375,-261.6173095703125
-56.716339111328125,12.413116455078125,-261.77618408203125
-56.66535949707031,12.509033203125,-261.84454345703125
-57.23170471191406,12.7496337890625,-260.9827880859375
-57.08729553222656,13.118408203125,-261.8375244140625
-57.17817687988281,12.773773193359375,-260.99176025390625
-57.83949279785156,13.314315795898438,-260.56829833984375
-58.02790832519531,14.13653564453125,-260.19366455078125
-58.274139404296875,14.25701904296875,-259.68798828125
-58.75408935546875,14.951339721679688,-259.0784912109375
-59.49186706542969,14.997299194335938,-258.1116027832031
-60.27783203125,15.819534301757812,-257.7887878417969
-60.620849609375,15.988906860351562,-257.437744140625
-60.9407958984375,16.27685546875,-257.11065673828125
-61.03141784667969,17.073974609375,-256.89630126953125
-61.25947570800781,17.205474853515625,-256.25225830078125
-61.31114196777344,17.845199584960938,-255.89727783203125
-61.88456726074219,18.063827514648438,-255.33013916015625
-62.33106994628906,18.3326416015625,-255.2440185546875
-62.489166259765625,18.553421020507812,-255.34840393066406
-62.69073486328125,18.356582641601562,-255.38504028320312
-63.0001220703125,19.091354370117188,-255.27586364746094
-63.34471130371094,19.105422973632812,-254.97349548339844
-63.923797607421875,19.14581298828125,-254.5166015625
-63.59022521972656,19.285995483398438,-254.7659454345703
-63.82783508300781,19.503082275390625,-254.2349853515625
-64.11207580566406,19.66436767578125,-254.1605987548828
-64.21359252929688,19.851913452148438,-254.09214782714844
-64.17784118652344,20.087249755859375,-254.0470733642578
-64.39149475097656,20.281875610351562,-253.94139099121094
-64.56976318359375,19.747467041015625,-254.2879180908203
-64.18202209472656,19.335952758789062,-254.5482635498047
-64.4293212890625,19.686553955078125,-254.10643005371094
-64.16073608398438,19.532028198242188,-254.553466796875
-64.19224548339844,19.620498657226562,-254.75363159179688
-63.99725341796875,19.039993286132812,-254.74163818359375
-63.90196228027344,18.970779418945312,-254.9903106689453
-63.425537109375,18.4051513671875,-255.7759246826172
-63.28436279296875,17.87200927734375,-255.7614288330078
-63.235870361328125,17.3433837890625,-256.67572021484375
-62.79365539550781,16.783432006835938,-257.28900146484375
-62.35542297363281,15.64776611328125,-258.13299560546875
-62.26057434082031,15.086715698242188,-258.976318359375
-61.609222412109375,14.093551635742188,-260.0738525390625
-60.459259033203125,12.8150634765625,-261.9157409667969
-60.20941162109375,11.907791137695312,-263.46099853515625
-59.26057434082031,10.869537353515625,-265.9622802734375
-58.68354797363281,10.128692626953125,-267.6549072265625
-58.04791259765625,8.92578125,-269.693359375
-57.33546447753906,8.48004150390625,-271.956787109375
-56.82611083984375,7.996368408203125,-273.6728820800781
-55.40974426269531,7.600830078125,-276.058837890625
-54.79664611816406,7.622039794921875,-277.95062255859375
-53.96104431152344,7.68084716796875,-279.50970458984375
-52.79191589355469,7.746124267578125,-281.47369384765625
-52.405303955078125,8.208236694335938,-282.9635009765625
-51.12054443359375,8.997711181640625,-284.60455322265625
-50.33064270019531,8.89178466796875,-285.326171875
-49.802642822265625,9.376129150390625,-285.7620544433594
-49.16998291015625,10.049468994140625,-286.80413818359375
-48.31683349609375,10.721405029296875,-287.01983642578125
-47.44157409667969,11.204437255859375,-287.28814697265625
-46.45025634765625,11.883880615234375,-287.5662841796875
-45.57196044921875,13.13433837890625,-287.134521484375
-44.91838073730469,14.14306640625,-287.496337890625
-44.21734619140625,14.8846435546875,-286.54998779296875
-43.42864990234375,15.558517456054688,-286.2909240722656
-43.03974914550781,16.856552124023438,-285.0339660644531
-42.1527099609375,17.315750122070312,-285.12518310546875
-41.981048583984375,18.271881103515625,-284.1253967285156
-41.56388854980469,19.198440551757812,-283.70452880859375
-40.764923095703125,20.081893920898438,-283.4135437011719
-40.482757568359375,21.028030395507812,-282.95025634765625
-40.390960693359375,21.702987670898438,-283.17425537109375
-40.32679748535156,23.126144409179688,-282.77899169921875
-39.8988037109375,23.460113525390625,-282.3461608886719
-39.16004943847656,24.653106689453125,-282.45074462890625
-39.430419921875,25.602188110351562,-282.6771545410156
-39.13739013671875,25.98919677734375,-281.9881591796875
-38.80018615722656,27.160079956054688,-281.872314453125
-38.533477783203125,28.019210815429688,-281.2047424316406
-38.007110595703125,28.818267822265625,-281.5722961425781
-38.327850341796875,29.202392578125,-281.13720703125
-38.220062255859375,30.131561279296875,-281.63671875
-37.93544006347656,30.993911743164062,-281.692626953125
-37.949005126953125,31.46490478515625,-281.59735107421875
-37.68229675292969,32.35821533203125,-281.3941650390625
-37.583587646484375,33.14399719238281,-281.49835205078125
-37.253662109375,33.5032958984375,-281.520751953125
-36.99436950683594,34.39466857910156,-281.6473388671875
-36.62884521484375,34.98480224609375,-281.6375732421875
-36.78520202636719,35.912078857421875,-281.83282470703125
-36.735809326171875,36.28395080566406,-281.83441162109375
-36.7076416015625,36.648223876953125,-282.2127685546875
-36.372161865234375,37.5279541015625,-282.27911376953125
-36.47999572753906,37.89752197265625,-282.462646484375
-36.29402160644531,38.39234924316406,-282.3044128417969
-36.136444091796875,39.1361083984375,-282.57080078125
-35.94969177246094,39.41877746582031,-282.4339599609375
-35.58538818359375,39.95121765136719,-282.5834045410156
-35.83470153808594,40.678680419921875,-282.69976806640625
-35.97804260253906,40.78041076660156,-282.6572265625
-35.849945068359375,41.230133056640625,-282.884765625
-35.87284851074219,41.8883056640625,-282.7414855957031
-36.0059814453125,41.966339111328125,-282.4044189453125
-36.46421813964844,42.24043273925781,-282.0193786621094
-36.14434814453125,42.72705078125,-281.95562744140625
-35.97581481933594,42.78950500488281,-282.0281982421875
-36.44270324707031,42.600921630859375,-282.624755859375
-36.384063720703125,42.60728454589844,-281.7677001953125
-36.328125,42.86677551269531,-282.03741455078125
-36.804229736328125,43.0982666015625,-282.18951416015625
-36.36878967285156,43.01806640625,-281.6263427734375
-36.53361511230469,42.996551513671875,-281.64703369140625
-36.75971984863281,43.10009765625,-282.0871276855469
-37.02241516113281,42.87675476074219,-281.79876708984375
-36.991119384765625,42.71580505371094,-281.564453125
-36.894866943359375,42.609588623046875,-281.20611572265625
-36.832550048828125,42.600738525390625,-281.14947509765625
-36.92567443847656,42.15382385253906,-280.49163818359375
-37.252227783203125,42.57548522949219,-280.60009765625
-37.1116943359375,42.04423522949219,-279.8153076171875
-37.52400207519531,41.806732177734375,-279.45697021484375
-37.072662353515625,41.51300048828125,-279.026611328125
-36.53070068359375,41.34187316894531,-279.04327392578125
-36.62640380859375,40.93341064453125,-278.43585205078125
-36.33619689941406,40.21928405761719,-278.7432861328125
-36.181976318359375,40.147430419921875,-278.62774658203125
-35.522613525390625,39.49285888671875,-278.6478271484375
-35.15177917480469,39.114288330078125,-278.1744384765625
-35.21319580078125,38.58924865722656,-278.147216796875
-34.78155517578125,37.67735290527344,-278.361328125
-34.67864990234375,37.05668640136719,-277.93121337890625
-34.44853210449219,36.413818359375,-278.43109130859375
-34.05174255371094,36.036102294921875,-278.84161376953125
-33.67384338378906,35.21955871582031,-279.2534484863281
-33.43333435058594,34.907958984375,-279.21466064453125
-32.93025207519531,34.00923156738281,-279.3641357421875
-32.39337158203125,33.542938232421875,-280.38726806640625
-32.24443054199219,32.88169860839844,-280.40118408203125
-32.1376953125,32.2489013671875,-281.1809387207031
-31.924774169921875,31.389328002929688,-281.251220703125
-31.306716918945312,30.934890747070312,-282.2826843261719
-31.657272338867188,30.144424438476562,-282.63519287109375
-31.2979736328125,29.873443603515625,-282.8552551269531
-31.214736938476562,29.20257568359375,-283.42083740234375
-30.56298828125,28.661483764648438,-283.917236328125
-30.239364624023438,28.204315185546875,-284.796875
-30.219970703125,28.135879516601562,-285.46197509765625
-30.296005249023438,27.649932861328125,-285.7637939453125
-29.77374267578125,27.3377685546875,-286.61798095703125
-29.37738037109375,27.088485717773438,-286.903564453125
-29.651962280273438,27.197463989257812,-287.69415283203125
-29.31109619140625,27.214447021484375,-288.16839599609375
-28.96484375,26.6578369140625,-288.8450927734375
-28.967559814453125,27.055862426757812,-289.4670715332031
-28.753616333007812,26.699722290039062,-289.883056640625
-28.580612182617188,26.391464233398438,-290.14849853515625
-28.022659301757812,26.464767456054688,-290.46112060546875
-27.960708618164062,26.266983032226562,-290.9714050292969
-28.040771484375,25.847320556640625,-291.1027526855469
-28.236434936523438,25.671005249023438,-291.44683837890625
-27.876632690429688,25.309494018554688,-290.7654113769531
-27.640869140625,24.954437255859375,-290.01947021484375
-27.7850341796875,24.732467651367188,-289.5560302734375
-27.099395751953125,24.283157348632812,-288.99151611328125
-27.331634521484375,23.976852416992188,-287.0827331542969
-27.339324951171875,23.629196166992188,-287.31524658203125
-27.941741943359375,23.251373291015625,-285.42730712890625
-27.68646240234375,22.435760498046875,-284.23040771484375
-27.9039306640625,22.204010009765625,-283.2974853515625
-27.818878173828125,21.634857177734375,-282.52099609375
-28.236846923828125,21.810043334960938,-281.80511474609375
-28.271636962890625,21.90185546875,-280.67431640625
-28.621337890625,21.170272827148438,-279.3671569824219
-28.675750732421875,21.577606201171875,-278.48309326171875
-28.8125,21.5477294921875,-277.7601318359375
-29.218978881835938,21.82098388671875,-277.39727783203125
-28.81768798828125,21.945144653320312,-276.09375
-29.098800659179688,22.42828369140625,-276.089111328125
-28.548583984375,22.682220458984375,-275.65289306640625
-28.504409790039062,22.779205322265625,-275.13665771484375
-28.408477783203125,23.003082275390625,-274.98175048828125
-28.495376586914062,23.186111450195312,-274.5448913574219
-28.45556640625,23.809860229492188,-274.2891845703125
-28.094024658203125,24.28680419921875,-274.17132568359375
-28.049667358398438,24.50469970703125,-274.1133117675781
-27.971206665039062,24.913009643554688,-274.0640869140625
-27.657913208007812,25.4700927734375,-273.114990234375
-27.2802734375,25.742324829101562,-273.18865966796875
-27.43408203125,26.45184326171875,-272.9490661621094
-27.359359741210938,26.991104125976562,-273.2727355957031
-26.762481689453125,27.252212524414062,-272.7867431640625
-26.811798095703125,28.081954956054688,-273.0162353515625
-26.523239135742188,28.69964599609375,-273.33935546875
-26.526596069335938,29.0369873046875,-273.018798828125
-26.301010131835938,29.50439453125,-273.57330322265625
-26.190750122070312,29.915496826171875,-273.48504638671875
-25.878036499023438,30.75201416015625,-273.3204345703125
-25.824417114257812,31.053451538085938,-273.7544860839844
-25.691131591796875,32.086212158203125,-273.681640625
-25.48028564453125,32.26092529296875,-274.0364685058594
-25.174896240234375,33.3218994140625,-274.4132080078125
-24.9937744140625,33.82255554199219,-274.63372802734375
-25.222137451171875,34.11322021484375,-274.7262878417969
-25.096954345703125,34.82691955566406,-273.96075439453125
-25.288528442382812,35.89093017578125,-274.14068603515625
-25.199630737304688,36.11932373046875,-273.52325439453125
-24.9241943359375,36.59040832519531,-273.50872802734375
-25.219009399414062,37.39558410644531,-273.25225830078125
-25.648025512695312,37.73968505859375,-272.927001953125
-25.531661987304688,38.403045654296875,-273.1834411621094
-25.741607666015625,38.79167175292969,-272.38177490234375
-25.365066528320312,39.17915344238281,-272.1119384765625
-25.615509033203125,39.982879638671875,-272.0411071777344
-25.466064453125,40.24961853027344,-271.6701354980469
-25.629776000976562,40.9508056640625,-271.58892822265625
-25.922500610351562,41.577117919921875,-271.4716491699219
-25.697128295898438,42.08930969238281,-271.5938415527344
-25.89215087890625,41.994384765625,-271.8799743652344
-25.936431884765625,42.512725830078125,-271.51611328125
-25.8743896484375,42.98187255859375,-272.45574951171875
-25.903091430664062,43.34400939941406,-272.46234130859375
-25.678070068359375,43.86482238769531,-272.1292724609375
-25.760421752929688,44.00346374511719,-272.0177001953125
-25.261672973632812,44.191925048828125,-272.5455322265625
-25.2294921875,44.40216064453125,-273.12799072265625
-25.287948608398438,44.805450439453125,-273.02386474609375
-25.0447998046875,44.55564880371094,-273.08990478515625
-25.031295776367188,44.7451171875,-273.99664306640625
-24.911483764648438,44.86041259765625,-273.35638427734375
-24.678085327148438,45.23280334472656,-274.4125671386719
-24.7120361328125,44.87831115722656,-274.4920654296875
-24.32037353515625,45.09181213378906,-274.7799072265625
-24.241973876953125,44.89830017089844,-275.465576171875
-23.640182495117188,45.00286865234375,-275.7408142089844
-23.590438842773438,44.84330749511719,-276.82806396484375
-23.39495849609375,44.44477844238281,-277.42083740234375
-23.133041381835938,44.49909973144531,-278.3314514160156
-22.737747192382812,44.192291259765625,-278.5284423828125
-21.984512329101562,43.55885314941406,-279.3275451660156
-21.914382934570312,43.4110107421875,-279.62615966796875
-21.919296264648438,42.79927062988281,-279.87152099609375
-21.5042724609375,42.50230407714844,-279.6416015625
-21.138900756835938,42.21049499511719,-279.9543151855469
-20.917648315429688,41.81483459472656,-280.0344543457031
-20.558746337890625,41.55949401855469,-280.4129333496094
-20.410202026367188,40.6416015625,-281.3526916503906
-19.738052368164062,40.036651611328125,-281.2755432128906
-19.632919311523438,39.7171630859375,-282.28204345703125
-19.095748901367188,38.45330810546875,-282.1785583496094
-18.402633666992188,37.91993713378906,-281.98809814453125
-18.148529052734375,37.270233154296875,-283.05517578125
-17.530410766601562,36.34709167480469,-283.0263366699219
-17.41595458984375,35.41548156738281,-283.77191162109375
-16.8797607421875,34.58331298828125,-284.0767517089844
-16.398590087890625,33.80882263183594,-283.91571044921875
-16.024139404296875,32.975250244140625,-283.70465087890625
-15.62847900390625,32.07243347167969,-284.67156982421875
-15.488433837890625,31.375411987304688,-285.29486083984375
-14.96099853515625,30.540802001953125,-285.49468994140625
-14.882064819335938,30.022659301757812,-286.0530090332031
-14.438888549804688,29.156494140625,-285.9696350097656
-14.332077026367188,28.228302001953125,-287.7597351074219
-13.660308837890625,28.323593139648438,-288.3000183105469
-13.447265625,27.748611450195312,-289.2719421386719
-13.146255493164062,27.387161254882812,-290.43463134765625
-13.338973999023438,27.096038818359375,-291.6626892089844
-12.606643676757812,26.977890014648438,-292.7598876953125
-12.8515625,26.909942626953125,-293.78240966796875
-12.443130493164062,26.859375,-295.1632080078125
-12.362808227539062,26.73187255859375,-296.45574951171875
-12.329513549804688,26.658920288085938,-297.91937255859375
-12.03826904296875,26.918914794921875,-299.09246826171875
-11.8070068359375,27.397384643554688,-300.56536865234375
-12.064453125,27.5379638671875,-301.69500732421875
-11.792205810546875,28.267227172851562,-302.7508239746094
-11.720046997070312,28.618789672851562,-304.5034484863281
-11.288665771484375,28.584564208984375,-305.0489501953125
-11.584335327148438,29.645797729492188,-305.8196716308594
-11.46051025390625,30.186172485351562,-307.379150390625
-11.588272094726562,30.3365478515625,-308.0262756347656
-11.727859497070312,30.7523193359375,-309.07635498046875
-11.862548828125,31.376602172851562,-310.40716552734375
-11.965957641601562,31.194305419921875,-311.0640869140625
-11.458343505859375,31.679351806640625,-311.71124267578125
-11.2176513671875,32.09391784667969,-312.83197021484375
-11.347335815429688,32.86326599121094,-312.5758361816406
-11.000686645507812,32.655609130859375,-313.16265869140625
-11.093582153320312,33.35319519042969,-312.97381591796875
-10.84088134765625,33.507904052734375,-312.853271484375
-10.938827514648438,34.02476501464844,-313.51220703125
-11.058090209960938,34.2498779296875,-313.32879638671875
-10.77813720703125,34.31126403808594,-314.20745849609375
-10.653884887695312,34.04270935058594,-314.1934814453125
-10.77557373046875,33.72453308105469,-314.2564392089844
-10.774429321289062,33.31367492675781,-313.97357177734375
-10.83721923828125,32.52545166015625,-314.26861572265625
-11.06591796875,31.327529907226562,-312.57086181640625
-10.206985473632812,30.386260986328125,-312.1102294921875
-10.305023193359375,28.794418334960938,-311.08807373046875
-9.514816284179688,27.594512939453125,-309.40869140625
-9.258819580078125,27.02935791015625,-307.87774658203125
-8.7012939453125,25.692092895507812,-305.66943359375
-8.529739379882812,24.606491088867188,-303.61322021484375
-7.9695892333984375,23.86566162109375,-301.51788330078125
-7.378570556640625,22.99578857421875,-299.55609130859375
-7.5664825439453125,22.296218872070312,-297.68841552734375
-7.7756805419921875,21.491012573242188,-296.39642333984375
-7.481109619140625,20.908233642578125,-295.1289367675781
-7.171600341796875,20.59417724609375,-294.37744140625
-7.079254150390625,20.123550415039062,-293.7982177734375
-7.3308563232421875,20.03839111328125,-293.16131591796875
-7.25738525390625,19.47991943359375,-292.49530029296875
-7.095977783203125,18.983993530273438,-291.9128112792969
-7.165985107421875,18.673446655273438,-291.828369140625
-7.403564453125,18.194732666015625,-290.98858642578125
-6.8666839599609375,18.070358276367188,-290.43603515625
-6.9720611572265625,18.26361083984375,-290.04339599609375
-6.7470550537109375,17.639251708984375,-289.9529724121094
-6.875518798828125,17.954345703125,-289.44195556640625
-6.400634765625,17.694793701171875,-289.1177978515625
-6.418548583984375,17.721664428710938,-288.83062744140625
-6.5121307373046875,17.549774169921875,-288.27606201171875
-6.30419921875,17.407684326171875,-287.623779296875
-5.8858184814453125,17.385223388671875,-288.1236267089844
-5.7537384033203125,17.281387329101562,-287.5333251953125
-5.636688232421875,17.174407958984375,-287.00091552734375
-5.883697509765625,17.290756225585938,-286.55029296875
-5.3884429931640625,17.18292236328125,-285.86590576171875
-5.70654296875,17.531936645507812,-285.55462646484375
-5.362762451171875,17.200607299804688,-284.66143798828125
-5.1190032958984375,17.657211303710938,-284.66754150390625
-5.097747802734375,17.715789794921875,-284.00543212890625
-4.9312896728515625,18.095245361328125,-284.08917236328125
-5.0864105224609375,18.165084838867188,-284.0617370605469
-4.5883636474609375,18.394943237304688,-283.3304138183594
-4.353485107421875,18.541366577148438,-283.3202209472656
-4.353057861328125,19.00152587890625,-283.51123046875
-4.2261962890625,19.171829223632812,-283.2431335449219
-4.05462646484375,19.511947631835938,-283.0230407714844
-3.5440521240234375,19.455551147460938,-283.205810546875
-3.4886932373046875,19.96002197265625,-282.6832275390625
-3.1240997314453125,20.0682373046875,-282.67547607421875
-3.0211639404296875,20.551193237304688,-282.3924560546875
-2.9661712646484375,20.906158447265625,-282.47662353515625
-2.5294189453125,21.042068481445312,-281.82720947265625
-2.36407470703125,21.058822631835938,-282.30133056640625
-2.0313873291015625,21.63909912109375,-282.60260009765625
-2.15386962890625,21.734375,-282.7431945800781
-1.7646484375,22.145919799804688,-283.73187255859375
-1.89892578125,22.203628540039062,-284.20147705078125
-1.3560028076171875,22.84259033203125,-285.0365295410156
-1.3621368408203125,23.382537841796875,-286.07391357421875
-0.7105712890625,24.003280639648438,-287.0458984375
-0.8021392822265625,24.584625244140625,-288.258056640625
-0.7975311279296875,24.949508666992188,-289.4439697265625
-0.8322906494140625,24.814483642578125,-289.89923095703125
-0.8388824462890625,25.033416748046875,-291.13958740234375
-0.5880279541015625,25.112655639648438,-292.1739501953125
-1.0223541259765625,25.00970458984375,-292.90289306640625
-1.439910888671875,25.30694580078125,-292.85626220703125
-1.453582763671875,25.719497680664062,-293.4114990234375
-1.4691009521484375,25.607818603515625,-294.470947265625
-1.7967681884765625,25.488388061523438,-294.75726318359375
-2.3801727294921875,25.560623168945312,-295.5663146972656
-2.084625244140625,25.2998046875,-296.4197998046875
-2.6969146728515625,25.50274658203125,-296.70318603515625
-3.102691650390625,25.193954467773438,-297.05181884765625
-3.66796875,24.826751708984375,-297.6482238769531
-3.671539306640625,24.853805541992188,-297.95135498046875
-4.476898193359375,24.2022705078125,-298.23236083984375
-4.669921875,24.072433471679688,-298.92156982421875
-5.03692626953125,23.819549560546875,-298.97802734375
-5.2955780029296875,23.072189331054688,-299.84906005859375
-5.8044586181640625,22.771865844726562,-300.3360595703125
-6.607818603515625,22.733535766601562,-300.83734130859375
-6.8635406494140625,22.3623046875,-301.6048889160156
-7.3309326171875,22.072555541992188,-302.3489685058594
-7.9397125244140625,21.903076171875,-302.871337890625
-8.094207763671875,21.799407958984375,-302.87030029296875
-8.90679931640625,21.012588500976562,-303.7601318359375
-9.53411865234375,20.831329345703125,-303.9283447265625
-9.674285888671875,20.823959350585938,-304.43255615234375
-10.148605346679688,20.325408935546875,-305.4921875
-10.482635498046875,19.914840698242188,-305.17242431640625
-11.104904174804688,19.79058837890625,-306.01507568359375
-11.86669921875,19.373397827148438,-306.38043212890625
-11.88189697265625,19.256118774414062,-307.00128173828125
-12.420318603515625,19.009506225585938,-307.7101745605469
-12.576400756835938,18.979827880859375,-308.0436706542969
-13.482574462890625,18.587738037109375,-308.42999267578125
-13.648666381835938,18.50384521484375,-308.3013916015625
-13.85137939453125,18.370925903320312,-309.01348876953125
-14.884689331054688,17.50201416015625,-309.2312927246094
-15.362579345703125,17.587814331054688,-309.73724365234375
-16.118133544921875,17.4456787109375,-309.402587890625
-16.187637329101562,16.722259521484375,-309.70367431640625
-16.427734375,16.350311279296875,-309.9527587890625
-17.0736083984375,16.011093139648438,-310.07281494140625
-17.408172607421875,15.791961669921875,-309.62225341796875
-17.543594360351562,15.507858276367188,-308.9561767578125
-17.872451782226562,15.068496704101562,-309.0151672363281
-17.918609619140625,14.477401733398438,-307.7272644042969
-18.660980224609375,13.75341796875,-307.4613037109375
-18.691192626953125,13.42498779296875,-307.4747009277344
-19.238082885742188,12.8638916015625,-306.40789794921875
-19.468612670898438,12.028396606445312,-305.8279113769531
-19.334213256835938,11.457748413085938,-304.6654357910156
-19.537246704101562,11.29254150390625,-304.38214111328125
-19.58221435546875,10.562957763671875,-303.46539306640625
-20.131607055664062,10.212661743164062,-302.98590087890625
-20.186279296875,9.51995849609375,-302.3045654296875
-20.33404541015625,9.0128173828125,-301.43719482421875
-20.138458251953125,8.914871215820312,-299.9840087890625
-20.194107055664062,8.557998657226562,-299.0456237792969
-20.038360595703125,8.324844360351562,-297.5445556640625
-20.002059936523438,8.01617431640625,-296.79229736328125
-19.898147583007812,8.09814453125,-294.97918701171875
-19.7156982421875,7.6333160400390625,-293.89739990234375
-19.48944091796875,7.7950439453125,-293.36651611328125
-19.218734741210938,8.056686401367188,-292.1827392578125
-19.384979248046875,8.210159301757812,-291.0741271972656
-18.6956787109375,8.160507202148438,-289.58587646484375
-18.442626953125,8.510299682617188,-288.61346435546875
-18.229141235351562,8.79840087890625,-287.21649169921875
-17.491943359375,9.361160278320312,-285.85528564453125
-17.559326171875,9.339889526367188,-284.51519775390625
-17.223602294921875,10.359573364257812,-283.6639709472656
-16.424301147460938,10.511337280273438,-283.05194091796875
-16.066024780273438,11.171539306640625,-282.2823486328125
-15.327316284179688,12.228439331054688,-281.3658142089844
-15.183319091796875,12.99603271484375,-281.38787841796875
-14.879791259765625,13.688552856445312,-280.2823486328125
-14.642013549804688,14.63580322265625,-280.6263427734375
-13.679702758789062,14.897003173828125,-280.4756164550781
-13.442474365234375,15.783843994140625,-280.7830505371094
-13.033477783203125,16.710723876953125,-281.14166259765625
-12.573272705078125,17.38922119140625,-281.0147399902344
-12.0096435546875,18.203720092773438,-281.14697265625
-11.459060668945312,18.987274169921875,-281.5910949707031
-10.785629272460938,19.64715576171875,-281.8690185546875
-10.598373413085938,21.012283325195312,-282.5045166015625
-10.182891845703125,21.596405029296875,-282.08233642578125
-9.959442138671875,22.518524169921875,-283.31005859375
-9.63067626953125,22.8873291015625,-283.30609130859375
-9.132736206054688,23.7987060546875,-283.87481689453125
-9.04290771484375,24.781280517578125,-283.99267578125
-8.648193359375,25.468948364257812,-284.42578125
-8.325149536132812,26.536697387695312,-285.3271484375
-7.8553314208984375,26.999435424804688,-284.92279052734375
-7.43609619140625,28.113967895507812,-285.4727783203125
-7.08087158203125,29.115707397460938,-285.6167907714844
-7.03631591796875,30.246826171875,-285.92877197265625
-6.5206298828125,31.414382934570312,-286.05706787109375
-6.624725341796875,32.00257873535156,-286.352783203125
-6.16357421875,33.06349182128906,-286.49920654296875
-6.2550201416015625,34.33837890625,-287.1412048339844
-6.221221923828125,35.20878601074219,-287.1629638671875
-6.2242279052734375,36.12461853027344,-286.57379150390625
-5.7584075927734375,36.848846435546875,-287.0258483886719
-5.60955810546875,37.68634033203125,-286.8132019042969
-5.5601654052734375,38.446441650390625,-286.9978332519531
-5.471923828125,39.02520751953125,-287.11993408203125
-5.6959991455078125,39.82086181640625,-286.83929443359375
-5.592193603515625,40.08055114746094,-286.32244873046875
-5.5180816650390625,40.54890441894531,-285.73590087890625
-5.6395111083984375,40.73847961425781,-286.20501708984375
-6.014404296875,41.11012268066406,-285.52587890625
-6.427398681640625,41.818878173828125,-285.0894470214844
-6.126190185546875,41.88273620605469,-284.9295959472656
-5.7570037841796875,42.01502990722656,-284.9603271484375
-6.5445098876953125,42.43601989746094,-284.7966613769531
-6.24542236328125,42.58467102050781,-284.18145751953125
-6.42291259765625,42.99717712402344,-284.64056396484375
-6.6767730712890625,42.925079345703125,-284.6291809082031
-6.60577392578125,43.40924072265625,-284.4087219238281
-6.667449951171875,43.252685546875,-284.4925537109375
-6.9914703369140625,42.754364013671875,-283.63128662109375
-7.3318023681640625,43.00929260253906,-283.64697265625
-7.5851898193359375,42.54718017578125,-283.5211486816406
-7.310943603515625,42.20137023925781,-283.146240234375
-7.712066650390625,41.978271484375,-283.24676513671875
-7.754364013671875,41.20936584472656,-282.524658203125
-7.8853302001953125,40.97230529785156,-282.64837646484375
-8.4542236328125,40.3668212890625,-282.92694091796875
-8.570404052734375,39.56141662597656,-282.29608154296875
-8.813995361328125,38.9510498046875,-282.01971435546875
-9.180374145507812,37.902008056640625,-282.08355712890625
-9.208786010742188,37.01930236816406,-282.3717346191406
-9.519012451171875,36.33387756347656,-282.44305419921875
-9.839462280273438,34.879241943359375,-282.7030029296875
-10.284133911132812,33.99046325683594,-282.8150939941406
-10.693695068359375,33.041473388671875,-283.2900390625
-10.598922729492188,32.14869689941406,-283.86810302734375
-11.36566162109375,31.003753662109375,-284.3331604003906
-11.493606567382812,29.855255126953125,-283.7789306640625
-12.0501708984375,29.116943359375,-284.712646484375
-12.524459838867188,28.1380615234375,-285.6167297363281
-12.775894165039062,27.517303466796875,-286.26837158203125
-13.300674438476562,26.489776611328125,-287.112548828125
-13.345657348632812,25.727828979492188,-288.0625
-13.998184204101562,25.126358032226562,-288.87237548828125
-14.521713256835938,24.480575561523438,-289.5753173828125
-14.577392578125,23.816070556640625,-290.1195068359375
-14.524276733398438,23.125442504882812,-291.2425537109375
-15.43963623046875,22.524978637695312,-292.7462158203125
-15.585617065429688,22.524703979492188,-293.0374450683594
-16.265869140625,22.169403076171875,-294.13311767578125
-16.622451782226562,21.579971313476562,-295.38934326171875
-16.875823974609375,21.406723022460938,-295.66259765625
-17.3359375,20.927093505859375,-297.1304626464844
-17.513763427734375,21.482620239257812,-297.74737548828125
-17.964126586914062,21.052978515625,-298.9208679199219
-17.898483276367188,21.047683715820312,-299.4744567871094
-18.45343017578125,21.048233032226562,-300.2704162597656
-18.69390869140625,20.804656982421875,-300.9758605957031
-18.564590454101562,21.00823974609375,-302.01690673828125
-19.179000854492188,21.365875244140625,-301.9371337890625
-19.67779541015625,20.804641723632812,-302.5521545410156
-19.67303466796875,21.031906127929688,-303.4293212890625
-19.850677490234375,21.042388916015625,-303.7442626953125
-19.688873291015625,20.341995239257812,-303.2300109863281
-20.394866943359375,20.583969116210938,-304.167236328125
-20.572479248046875,19.904769897460938,-304.156494140625
-20.432388305664062,19.80078125,-304.53997802734375
-20.92584228515625,19.389266967773438,-303.82330322265625
-20.9315185546875,19.094100952148438,-303.67791748046875
-21.450088500976562,18.657119750976562,-304.0467224121094
-21.557083129882812,17.91522216796875,-303.7158203125
-21.941665649414062,17.5469970703125,-302.94659423828125
-21.98980712890625,17.063461303710938,-302.08209228515625
-21.870437622070312,16.550277709960938,-301.7702941894531
-22.383743286132812,15.948257446289062,-300.89013671875
-22.4559326171875,14.905960083007812,-299.7665710449219
-22.339035034179688,14.336807250976562,-299.270263671875
-22.578628540039062,13.6141357421875,-298.03173828125
-22.505508422851562,13.360549926757812,-296.94622802734375
-22.602142333984375,13.124588012695312,-295.0711669921875
-22.55902099609375,12.68109130859375,-294.44281005859375
-22.523300170898438,12.845870971679688,-293.5679626464844
-22.592315673828125,12.236358642578125,-293.2466125488281
-22.729156494140625,12.040054321289062,-292.44049072265625
-22.451461791992188,12.110366821289062,-292.04754638671875
-22.234832763671875,11.701416015625,-291.1630859375
-22.325897216796875,12.445709228515625,-290.2559814453125
-22.021636962890625,12.230148315429688,-289.7471618652344
-22.104995727539062,12.075729370117188,-288.5607604980469
-21.296859741210938,13.31768798828125,-287.78936767578125
-20.816818237304688,13.053543090820312,-286.81451416015625
-20.598770141601562,13.766738891601562,-286.59503173828125
-19.953521728515625,14.373367309570312,-284.96197509765625
-19.672592163085938,14.200668334960938,-284.6194152832031
-19.4552001953125,15.19793701171875,-284.1226806640625
-19.031814575195312,15.858840942382812,-283.3272705078125
-18.427017211914062,16.652603149414062,-282.9930114746094
-17.968719482421875,17.52642822265625,-282.483154296875
-17.053848266601562,18.081314086914062,-281.92108154296875
-16.9000244140625,19.112350463867188,-281.54583740234375
-16.674942016601562,19.71484375,-281.4307861328125
-15.791946411132812,21.088943481445312,-281.44293212890625
-15.110977172851562,22.205123901367188,-281.08807373046875
-14.869842529296875,22.85662841796875,-281.10137939453125
-14.083251953125,24.165115356445312,-281.256103515625
-13.839828491210938,25.3243408203125,-281.09857177734375
-13.1551513671875,26.277587890625,-281.10028076171875
-12.931381225585938,27.45123291015625,-281.83941650390625
-12.564132690429688,28.494781494140625,-281.70263671875
-12.258331298828125,29.428543090820312,-281.4173583984375
-11.936294555664062,30.479019165039062,-281.44317626953125
-11.497360229492188,31.748519897460938,-281.4007263183594
-10.842330932617188,33.107330322265625,-281.21258544921875
-10.907028198242188,33.506866455078125,-281.10821533203125
-10.685791015625,35.13154602050781,-281.5167541503906
-10.645919799804688,35.93727111816406,-280.57550048828125
-10.0244140625,37.21797180175781,-280.19061279296875
-10.331466674804688,38.08770751953125,-279.7645263671875
-10.082077026367188,39.076873779296875,-279.3199462890625
-9.871856689453125,40.01643371582031,-279.469970703125
-9.677322387695312,40.386810302734375,-279.23095703125
-9.427642822265625,41.53782653808594,-279.2070617675781
-9.51422119140625,42.39872741699219,-279.1102294921875
-9.367935180664062,43.0587158203125,-279.270263671875
-9.6993408203125,43.90766906738281,-278.87872314453125
-9.773696899414062,44.32905578613281,-278.180908203125
-9.493362426757812,45.014373779296875,-278.10064697265625
-9.70587158203125,45.6229248046875,-278.0680847167969
-9.2862548828125,45.687286376953125,-277.77569580078125
-9.358200073242188,46.33598327636719,-277.78607177734375
-9.592926025390625,46.588165283203125,-277.4339294433594
-9.445404052734375,46.97242736816406,-276.7964172363281
-9.868057250976562,47.21656799316406,-277.251953125
-9.45172119140625,47.51768493652344,-277.1609802246094
-9.561691284179688,48.05369567871094,-277.28167724609375
-9.448638916015625,47.72901916503906,-277.2378234863281
-9.47943115234375,47.83345031738281,-277.47674560546875
-9.296340942382812,48.22712707519531,-277.7303466796875
-9.136810302734375,47.76947021484375,-277.40728759765625
-9.141464233398438,48.13069152832031,-277.9749755859375
-9.561019897460938,47.841278076171875,-277.772216796875
-9.2586669921875,47.43864440917969,-276.82794189453125
-9.373336791992188,47.18620300292969,-277.5377502441406
-8.969818115234375,46.75743103027344,-277.02789306640625
-9.1220703125,46.4752197265625,-277.0692138671875
-9.08270263671875,46.04742431640625,-277.05615234375
-8.989990234375,45.28370666503906,-276.2603759765625
-8.947616577148438,45.03102111816406,-276.3629150390625
-8.9697265625,44.50927734375,-275.95556640625
-9.075897216796875,43.777008056640625,-276.2209777832031
-9.06964111328125,43.014923095703125,-275.84161376953125
-9.075149536132812,42.18138122558594,-276.26690673828125
-9.250076293945312,41.093719482421875,-276.47772216796875
-9.491439819335938,39.80421447753906,-276.26141357421875
-9.650482177734375,38.79498291015625,-276.90032958984375
-9.547210693359375,37.512786865234375,-277.33685302734375
-10.190032958984375,36.06732177734375,-277.314697265625
-9.966033935546875,35.02638244628906,-278.24432373046875
-10.214035034179688,33.71742248535156,-278.48895263671875
-10.41278076171875,32.53216552734375,-279.1796875
-10.77783203125,31.572463989257812,-279.8158874511719
-11.055801391601562,30.235275268554688,-280.55438232421875
-11.273300170898438,29.187164306640625,-281.86822509765625
-12.0458984375,27.890609741210938,-282.5003662109375
-12.665634155273438,26.467391967773438,-283.3690185546875
-13.067291259765625,25.774215698242188,-283.8796081542969
-13.484695434570312,24.221908569335938,-285.23223876953125
-13.67724609375,23.775985717773438,-285.79541015625
-14.870712280273438,22.8277587890625,-286.33062744140625
-15.095962524414062,21.856109619140625,-287.2592468261719
-15.74169921875,21.312149047851562,-287.7270202636719
-16.0927734375,20.165847778320312,-288.8209228515625
-16.635650634765625,19.926132202148438,-288.98248291015625
-17.296401977539062,19.395416259765625,-290.6220397949219
-17.350265502929688,18.865753173828125,-291.0440673828125
-18.20416259765625,18.259063720703125,-291.52703857421875
-18.333023071289062,17.502792358398438,-292.41668701171875
-18.802536010742188,17.256729125976562,-292.37744140625
-19.33258056640625,17.359298706054688,-293.9786376953125
-19.72259521484375,16.8585205078125,-293.5888977050781
-19.839706420898438,16.601837158203125,-295.187744140625
-20.299285888671875,16.180892944335938,-294.87542724609375
-20.938262939453125,16.116439819335938,-295.7977294921875
-21.088211059570312,16.00390625,-295.9473571777344
-21.349075317382812,15.372329711914062,-296.28564453125
-21.650421142578125,15.443267822265625,-296.6929931640625
-22.337936401367188,15.0208740234375,-296.44677734375
-22.190765380859375,14.49041748046875,-296.46630859375
-22.384918212890625,14.3446044921875,-296.5372314453125
-22.953720092773438,13.863372802734375,-296.7791442871094
-23.017471313476562,13.98663330078125,-296.41668701171875
-23.488021850585938,13.693450927734375,-296.5848388671875
-23.097412109375,12.92510986328125,-296.2354431152344
-23.582611083984375,12.924331665039062,-295.7066955566406
-23.4847412109375,12.962249755859375,-295.2423095703125
-23.502822875976562,12.850372314453125,-295.08758544921875
-23.626419067382812,12.674362182617188,-294.552978515625
-23.789077758789062,12.527557373046875,-294.53009033203125
-23.267364501953125,12.463088989257812,-293.70867919921875
-23.300384521484375,12.472946166992188,-293.1868896484375
-23.2913818359375,12.8043212890625,-292.1998596191406
-23.01434326171875,12.931594848632812,-291.4305114746094
-22.799850463867188,12.896133422851562,-290.4648132324219
-22.047256469726562,13.764450073242188,-290.09234619140625
-21.82647705078125,13.59228515625,-289.2642822265625
-21.92498779296875,14.092544555664062,-288.60888671875
-21.37554931640625,14.693313598632812,-287.54095458984375
-21.17523193359375,14.461578369140625,-287.4383850097656
-20.470993041992188,15.251693725585938,-286.5037841796875
-19.85931396484375,15.614242553710938,-285.3475341796875
-19.19158935546875,16.013702392578125,-285.0859375
-19.399551391601562,16.911468505859375,-284.3101806640625
-18.887161254882812,17.487060546875,-283.5841979980469
-18.436920166015625,18.354080200195312,-282.3734130859375
-17.628524780273438,18.609054565429688,-281.49310302734375
-17.207412719726562,19.42022705078125,-281.10467529296875
-17.165908813476562,20.26708984375,-280.7261962890625
-16.558639526367188,20.698043823242188,-280.08319091796875
-16.551116943359375,21.3502197265625,-279.90264892578125
-16.200469970703125,21.943603515625,-280.01422119140625
-15.983169555664062,22.559524536132812,-279.50152587890625
-15.320114135742188,23.400436401367188,-279.50689697265625
-15.062179565429688,23.414199829101562,-279.0788269042969
-14.499862670898438,24.136245727539062,-279.5338134765625
-14.544540405273438,24.537033081054688,-278.9222412109375
-14.375396728515625,25.367019653320312,-279.4322814941406
-14.214569091796875,25.985214233398438,-278.7371826171875
-13.828887939453125,26.595413208007812,-278.53985595703125
-13.76348876953125,27.405517578125,-279.00457763671875
-13.472824096679688,28.091278076171875,-278.20367431640625
-13.3411865234375,28.63427734375,-278.2616271972656
-12.6658935546875,29.444778442382812,-278.0969543457031
-12.692718505859375,29.865493774414062,-278.0523986816406
-12.34454345703125,30.576416015625,-277.68817138671875
-12.301193237304688,30.9737548828125,-277.4007263183594
-12.27484130859375,31.7806396484375,-277.25372314453125
-12.051956176757812,32.52430725097656,-276.36083984375
-11.61932373046875,33.00669860839844,-276.35009765625
-11.710556030273438,34.18888854980469,-275.8132019042969
-11.521591186523438,34.84260559082031,-274.9697265625
-11.5308837890625,35.51136779785156,-274.78289794921875
-11.356430053710938,36.31732177734375,-274.916259765625
-11.231765747070312,36.944488525390625,-274.3715515136719
-11.119354248046875,37.87617492675781,-274.0291748046875
-10.914291381835938,38.406036376953125,-273.90887451171875
-10.828567504882812,39.02159118652344,-273.1733703613281
-10.8680419921875,39.865020751953125,-273.1510009765625
-11.272064208984375,40.20115661621094,-272.6876220703125
-10.997528076171875,40.948089599609375,-272.4062805175781
-11.135848999023438,41.453643798828125,-272.60577392578125
-10.937301635742188,42.281280517578125,-272.3035888671875
-10.910934448242188,42.65113830566406,-272.83709716796875
-10.6390380859375,42.8302001953125,-272.2099609375
-10.930633544921875,43.204376220703125,-272.121337890625
-10.813644409179688,43.432861328125,-271.7478332519531
-10.838638305664062,43.47705078125,-271.519287109375
-10.977935791015625,43.87684631347656,-271.9165344238281
-10.8812255859375,44.201690673828125,-271.692626953125
-10.662399291992188,44.575958251953125,-271.4373779296875
-10.879409790039062,45.068389892578125,-271.60137939453125
-10.573654174804688,45.04695129394531,-271.4817810058594
-10.712478637695312,45.09764099121094,-271.972412109375
-10.402496337890625,45.17791748046875,-271.91650390625
-10.3203125,45.35626220703125,-272.63519287109375
-10.4779052734375,44.746337890625,-271.9014587402344
-10.624099731445312,44.213836669921875,-272.43719482421875
-10.670730590820312,44.17558288574219,-272.474853515625
-10.759521484375,43.51715087890625,-271.95928955078125
-10.5848388671875,43.48115539550781,-272.488525390625
-10.628921508789062,42.8677978515625,-272.6612243652344
-10.714385986328125,42.41307067871094,-272.7017822265625
-11.009490966796875,41.92164611816406,-273.20013427734375
-10.843536376953125,40.75569152832031,-273.72283935546875
-11.069107055664062,39.69122314453125,-273.715087890625
-11.098464965820312,38.97554016113281,-274.3605651855469
-10.937347412109375,37.63502502441406,-274.81280517578125
-11.6448974609375,36.672821044921875,-275.34185791015625
-11.918045043945312,35.357330322265625,-275.9605712890625
-12.266464233398438,34.57646179199219,-276.3250427246094
-12.370346069335938,33.54548645019531,-277.12310791015625
-12.9638671875,32.3367919921875,-277.3372802734375
-13.3604736328125,30.8018798828125,-278.8485107421875
-13.696990966796875,29.605377197265625,-279.34661865234375
-14.638717651367188,28.890487670898438,-280.43670654296875
-14.804489135742188,27.842666625976562,-280.7333679199219
-15.338760375976562,26.6156005859375,-281.68353271484375
-15.859390258789062,25.69171142578125,-282.6658020019531
-16.695938110351562,24.708587646484375,-283.17706298828125
-16.83831787109375,23.893585205078125,-283.8834533691406
-17.0587158203125,23.598358154296875,-285.179931640625
-17.921401977539062,23.129776000976562,-286.29510498046875
-18.369827270507812,22.892196655273438,-286.9983215332031
-18.852203369140625,21.871734619140625,-287.79833984375
-19.191497802734375,21.879806518554688,-288.8075866699219
-19.74298095703125,21.8543701171875,-289.8932189941406
-19.823974609375,21.471466064453125,-290.6810302734375
-20.303619384765625,21.716934204101562,-291.59246826171875
-20.316024780273438,21.336990356445312,-292.91705322265625
-20.639205932617188,21.651702880859375,-293.7790222167969
-21.242568969726562,22.086013793945312,-294.86572265625
-21.289505004882812,22.042999267578125,-295.4068298339844
-21.128326416015625,22.556488037109375,-296.50225830078125
-21.512725830078125,22.83087158203125,-297.7889709472656
-21.341690063476562,22.608779907226562,-298.15875244140625
-21.532211303710938,23.39031982421875,-298.28369140625
-21.780776977539062,23.365997314453125,-298.93707275390625
-22.214691162109375,23.862075805664062,-300.17333984375
-22.153411865234375,23.988449096679688,-300.455078125
-22.279205322265625,24.038131713867188,-301.04486083984375
-22.31341552734375,24.582839965820312,-301.057373046875
-22.612335205078125,24.432464599609375,-301.5704345703125
-22.592376708984375,24.982894897460938,-301.639892578125
-22.896499633789062,24.800323486328125,-301.57489013671875
-22.890823364257812,24.645004272460938,-301.58709716796875
-23.008834838867188,24.45941162109375,-301.3502502441406
-22.942703247070312,24.594100952148438,-301.7629089355469
-23.069992065429688,24.571624755859375,-302.18670654296875
-23.30126953125,24.440383911132812,-301.79559326171875
-23.287017822265625,24.143997192382812,-301.52264404296875
-23.170944213867188,24.031082153320312,-300.54852294921875
-23.113296508789062,23.626419067382812,-300.0615234375
-22.8555908203125,23.486373901367188,-299.66351318359375
-22.774078369140625,22.94659423828125,-299.46026611328125
-23.066162109375,22.600479125976562,-298.3511962890625
-22.8243408203125,22.143325805664062,-297.59063720703125
-22.609207153320312,21.807815551757812,-296.37347412109375
-22.668502807617188,21.42828369140625,-294.454345703125
-22.539031982421875,21.297149658203125,-293.4419860839844
-22.596420288085938,20.810531616210938,-292.2734375
-22.483688354492188,20.821121215820312,-290.90850830078125
-22.325286865234375,20.327713012695312,-289.96044921875
-22.252212524414062,20.5203857421875,-288.2890319824219
-22.389175415039062,20.410140991210938,-287.79010009765625
-22.30975341796875,20.007476806640625,-286.0384521484375
-22.294631958007812,20.469223022460938,-285.2806396484375
-22.4903564453125,20.480499267578125,-284.23724365234375
-22.735397338867188,20.392288208007812,-283.0479736328125
-22.094833374023438,20.840927124023438,-282.22210693359375
-22.163360595703125,21.075042724609375,-281.1287841796875
-21.923324584960938,21.0498046875,-280.8456115722656
-21.967575073242188,21.508056640625,-280.79376220703125
-21.782119750976562,22.18133544921875,-279.6431884765625
-21.713333129882812,22.433212280273438,-279.52655029296875
-21.65997314453125,22.7115478515625,-279.277587890625
-21.502197265625,23.14959716796875,-279.2818908691406
-21.297134399414062,23.3880615234375,-279.7249755859375
-20.939498901367188,23.787734985351562,-279.83892822265625
-20.735885620117188,24.254562377929688,-279.81170654296875
-20.633819580078125,25.125686645507812,-279.4004821777344
-20.201568603515625,25.074783325195312,-279.241943359375
-19.993209838867188,25.679122924804688,-279.2975769042969
-19.768157958984375,26.010726928710938,-278.7063903808594
-19.600616455078125,26.939834594726562,-278.69061279296875
-19.55859375,27.266372680664062,-278.468017578125
-18.814804077148438,27.9407958984375,-278.32220458984375
-18.709274291992188,28.482681274414062,-278.09515380859375
-18.459823608398438,28.767425537109375,-278.15789794921875
-18.2437744140625,29.329742431640625,-277.3073425292969
-17.760910034179688,29.8062744140625,-277.7190246582031
-17.616302490234375,30.616775512695312,-277.369873046875
-17.492111206054688,30.899124145507812,-277.39306640625
-17.249649047851562,31.354568481445312,-277.1043701171875
-17.4356689453125,32.24867248535156,-277.36126708984375
-17.116165161132812,32.759674072265625,-276.7119140625
-16.843536376953125,33.56159973144531,-276.7152404785156
-16.614227294921875,33.60700988769531,-276.80023193359375
-16.272918701171875,34.23077392578125,-276.4848327636719
-16.47705078125,34.93135070800781,-276.7693786621094
-16.24078369140625,35.43583679199219,-276.96636962890625
-16.021682739257812,35.83570861816406,-276.6558837890625
-15.546066284179688,36.588104248046875,-276.1356201171875
-15.6282958984375,36.954833984375,-275.829833984375
-15.903823852539062,37.5430908203125,-275.946044921875
-15.430526733398438,37.751434326171875,-276.31781005859375
-15.460968017578125,38.07966613769531,-275.54217529296875
-15.167343139648438,38.48497009277344,-275.76812744140625
-15.052352905273438,38.57136535644531,-275.0477294921875
-15.610061645507812,38.94685363769531,-275.4543151855469
-15.38555908203125,39.23748779296875,-275.59088134765625
-15.382293701171875,39.10804748535156,-275.8865966796875
-15.202056884765625,39.43803405761719,-276.3595275878906
-15.141754150390625,39.69129943847656,-276.0836181640625
-15.541519165039062,40.174560546875,-276.55267333984375
-15.343109130859375,40.10009765625,-277.4833068847656
-15.534530639648438,40.24845886230469,-277.5644226074219
-15.160354614257812,40.18341064453125,-278.01629638671875
-15.330780029296875,40.52815246582031,-278.00482177734375
-15.397323608398438,40.46150207519531,-278.0794677734375
-15.418197631835938,40.0439453125,-278.7100830078125
-15.424697875976562,39.962005615234375,-278.19342041015625
-15.40777587890625,39.8763427734375,-278.9658203125
-15.561599731445312,39.777130126953125,-279.22088623046875
-15.784713745117188,39.69929504394531,-280.10772705078125
-15.831741333007812,39.674896240234375,-280.83953857421875
-15.96221923828125,39.419464111328125,-281.6142578125
-16.332244873046875,39.3470458984375,-281.78851318359375
-16.439910888671875,38.61695861816406,-282.38641357421875
-16.91522216796875,38.57426452636719,-283.1456298828125
-17.145050048828125,38.6220703125,-283.7242431640625
-17.201004028320312,37.66297912597656,-284.596435546875
-17.604721069335938,37.77117919921875,-285.4229736328125
-18.022491455078125,37.52571105957031,-285.83233642578125
-18.259567260742188,37.310150146484375,-286.30914306640625
-18.250396728515625,37.15275573730469,-286.76983642578125
-18.717636108398438,36.95562744140625,-287.8926696777344
-18.596771240234375,36.854339599609375,-287.93096923828125
-19.220596313476562,36.555694580078125,-288.94287109375
-19.7364501953125,36.28582763671875,-289.8597106933594
-19.764266967773438,36.02406311035156,-290.55316162109375
-19.8214111328125,35.8067626953125,-291.4423828125
-20.244049072265625,35.487762451171875,-291.92803955078125
-20.49530029296875,35.271942138671875,-291.976806640625
-21.043624877929688,35.25016784667969,-292.5828857421875
-21.14324951171875,34.72535705566406,-292.99737548828125
-21.376602172851562,34.24143981933594,-293.82574462890625
-21.370574951171875,33.85774230957031,-294.4755859375
-21.861480712890625,34.2099609375,-294.6109313964844
-22.038803100585938,33.60737609863281,-294.4751892089844
-22.19769287109375,33.27235412597656,-294.9233093261719
-22.515380859375,32.63328552246094,-295.150390625
-22.76580810546875,32.92991638183594,-296.27276611328125
-23.139129638671875,32.344329833984375,-296.55511474609375
-22.923385620117188,31.486663818359375,-296.30145263671875
-23.316070556640625,31.419342041015625,-296.65020751953125
-23.643966674804688,30.75433349609375,-296.4117431640625
-23.785888671875,30.60943603515625,-296.94244384765625
-24.068008422851562,30.03076171875,-296.791748046875
-24.346878051757812,29.697555541992188,-296.64447021484375
-24.331161499023438,29.141571044921875,-297.51409912109375
-24.640060424804688,28.1654052734375,-297.217041015625
-24.769851684570312,27.392242431640625,-296.94549560546875
-25.257125854492188,26.7510986328125,-296.72564697265625
-25.277313232421875,25.841171264648438,-295.9617919921875
-25.384231567382812,25.422378540039062,-295.2493591308594
-25.68463134765625,24.672073364257812,-294.6563720703125
-25.717147827148438,24.192550659179688,-293.81280517578125
-25.991119384765625,23.650238037109375,-293.197021484375
-26.41937255859375,23.098159790039062,-292.52471923828125
-26.136993408203125,22.635421752929688,-291.5831298828125
-26.332427978515625,22.135894775390625,-290.17596435546875
-26.11187744140625,21.530502319335938,-289.94219970703125
-26.134521484375,21.406097412109375,-289.2673645019531
-26.14556884765625,21.529251098632812,-288.78369140625
-26.10797119140625,21.57659912109375,-287.52001953125
-26.290435791015625,21.490829467773438,-287.3670654296875
-25.724929809570312,21.243392944335938,-286.46112060546875
-25.724227905273438,21.262115478515625,-286.17291259765625
-25.395675659179688,21.308151245117188,-285.52618408203125
-25.625350952148438,22.042694091796875,-284.9500427246094
-25.247085571289062,21.96258544921875,-283.91534423828125
-25.127151489257812,22.753768920898438,-282.9769287109375
-24.786590576171875,23.348175048828125,-282.30877685546875
-24.678634643554688,23.339141845703125,-281.35418701171875
-24.407806396484375,24.02117919921875,-281.20025634765625
-24.236404418945312,24.855606079101562,-279.9122619628906
-23.89556884765625,25.290802001953125,-278.38482666015625
-23.793258666992188,26.069412231445312,-277.95513916015625
-23.7401123046875,26.738815307617188,-276.9757080078125
-23.5218505859375,26.963851928710938,-276.005615234375
-23.51214599609375,27.486648559570312,-275.7266845703125
-23.314193725585938,28.459213256835938,-275.4642639160156
-22.872283935546875,28.8970947265625,-275.43896484375
-22.7418212890625,29.733871459960938,-275.2686767578125
-22.34161376953125,30.399642944335938,-275.0824890136719
-21.931045532226562,31.093032836914062,-275.2083740234375
-21.768844604492188,31.836212158203125,-274.7100830078125
-21.35614013671875,32.303466796875,-275.7894287109375
-21.235565185546875,33.09806823730469,-275.2296447753906
-20.748550415039062,34.148712158203125,-275.7903747558594
-20.6697998046875,34.94544982910156,-275.3487548828125
-20.436386108398438,35.64854431152344,-275.69525146484375
-20.636764526367188,36.41923522949219,-275.6705627441406
-20.248916625976562,36.91975402832031,-275.9158020019531
-19.91717529296875,38.274658203125,-275.5885009765625
-19.882186889648438,38.88037109375,-275.5853271484375
-19.608673095703125,40.054779052734375,-275.2017822265625
-19.622833251953125,40.48738098144531,-274.74200439453125
-19.445343017578125,41.80867004394531,-274.920166015625
-19.0673828125,42.54057312011719,-275.19573974609375
-18.690597534179688,43.1859130859375,-275.06170654296875
-19.027801513671875,44.10224914550781,-275.5318603515625
-18.743545532226562,44.88116455078125,-275.6783142089844
-19.111846923828125,45.745635986328125,-275.11834716796875
-18.770660400390625,46.42326354980469,-275.7411804199219
-18.906692504882812,46.97660827636719,-275.90728759765625
-18.705856323242188,48.12995910644531,-276.68328857421875
-18.720413208007812,48.50274658203125,-276.5628662109375
-19.118423461914062,49.2799072265625,-276.8646545410156
-18.702285766601562,50.22090148925781,-277.23992919921875
-18.786911010742188,50.51092529296875,-277.364013671875
-18.727493286132812,51.042388916015625,-277.609619140625
-18.906082153320312,51.66853332519531,-277.5176696777344
-18.74102783203125,51.88551330566406,-277.70135498046875
-18.915817260742188,52.50334167480469,-277.6028137207031
-18.892074584960938,52.94505310058594,-277.64154052734375
-18.946746826171875,53.43147277832031,-278.11712646484375
-18.760543823242188,53.45484924316406,-277.8951416015625
-18.649429321289062,53.776519775390625,-278.8275451660156
-18.74041748046875,54.21034240722656,-279.20611572265625
-18.238006591796875,54.671875,-279.5368347167969
-18.7154541015625,54.688690185546875,-279.74114990234375
-18.437454223632812,54.91102600097656,-279.888916015625
-18.186004638671875,54.94317626953125,-280.2022399902344
-17.919845581054688,55.06695556640625,-280.27197265625
-17.689254760742188,54.84584045410156,-279.9866943359375
-17.903472900390625,54.500885009765625,-280.65203857421875
-17.523849487304688,54.61985778808594,-280.6138610839844
-17.626449584960938,54.40138244628906,-280.75909423828125
-17.632781982421875,53.81298828125,-280.72113037109375
-17.297698974609375,53.635986328125,-280.58868408203125
-16.934097290039062,53.25160217285156,-281.2191162109375
-17.349929809570312,52.860321044921875,-281.2418212890625
-16.685775756835938,52.3804931640625,-281.3983154296875
-16.52978515625,51.74955749511719,-281.83087158203125
-16.551712036132812,51.20146179199219,-281.99188232421875
-16.399322509765625,49.93757629394531,-281.827880859375
-16.3316650390625,49.0784912109375,-282.6236572265625
-16.2191162109375,48.358062744140625,-282.6708679199219
-16.22430419921875,47.06925964355469,-282.697509765625
-15.981781005859375,45.912261962890625,-283.01226806640625
-16.237167358398438,44.931854248046875,-283.61810302734375
-15.79986572265625,43.98492431640625,-283.43316650390625
-16.308609008789062,42.67771911621094,-283.99908447265625
-16.060089111328125,41.73548889160156,-284.2409362792969
-16.36474609375,40.88642883300781,-284.59564208984375
-16.649444580078125,39.392608642578125,-284.6322937011719
-16.779373168945312,38.554779052734375,-285.4351806640625
-16.943115234375,37.528411865234375,-285.9042053222656
-16.943344116210938,36.607818603515625,-286.02520751953125
-17.419815063476562,35.645050048828125,-286.56158447265625
-17.715805053710938,34.413970947265625,-286.991455078125
-18.178451538085938,33.642852783203125,-287.5205078125
-18.392715454101562,32.87544250488281,-287.5447692871094
-18.866058349609375,32.472442626953125,-287.7356262207031
-18.640228271484375,31.64007568359375,-288.111328125
-18.842041015625,31.035003662109375,-288.128662109375
-18.909820556640625,30.99578857421875,-287.69500732421875
-19.352005004882812,30.116348266601562,-287.96990966796875
-19.618804931640625,29.738800048828125,-288.146728515625
-19.573471069335938,29.39764404296875,-288.5609130859375
-19.881744384765625,28.893890380859375,-288.8378601074219
-19.99981689453125,28.621505737304688,-289.1688232421875
-20.121261596679688,28.59698486328125,-288.66412353515625
-20.1607666015625,28.379470825195312,-289.18011474609375
-19.9539794921875,27.993194580078125,-289.6865539550781
-20.06634521484375,27.850921630859375,-289.61676025390625
-20.182708740234375,28.075347900390625,-289.9101867675781
-20.138580322265625,27.683624267578125,-289.9476013183594
-20.206390380859375,27.870697021484375,-289.765625
-20.279739379882812,27.71588134765625,-289.9335021972656
-20.209381103515625,26.9580078125,-289.6394958496094
-20.39520263671875,27.04571533203125,-289.831787109375
-20.06488037109375,27.058395385742188,-289.0587158203125
-20.184646606445312,26.52166748046875,-288.69317626953125
-20.068771362304688,26.723007202148438,-288.054443359375
-19.773696899414062,26.9178466796875,-287.2962646484375
-19.669036865234375,27.097549438476562,-286.85028076171875
-19.317031860351562,27.336166381835938,-286.129150390625
-19.280197143554688,27.543930053710938,-285.46234130859375
-19.133438110351562,28.015640258789062,-284.75836181640625
-18.797317504882812,28.426284790039062,-284.81622314453125
-19.003982543945312,28.93194580078125,-284.75128173828125
-18.334487915039062,29.316848754882812,-284.3775634765625
-18.23529052734375,29.727554321289062,-284.1072998046875
-17.978729248046875,30.113204956054688,-284.2197570800781
-17.7965087890625,30.452301025390625,-283.9243469238281
-17.822601318359375,30.663665771484375,-283.18194580078125
-17.2764892578125,31.001083374023438,-283.0299072265625
-17.496688842773438,30.980438232421875,-282.7083740234375
-17.262100219726562,31.620101928710938,-281.947021484375
-17.392868041992188,31.724777221679688,-281.43927001953125
-17.009857177734375,32.11651611328125,-280.6219787597656
-16.879180908203125,32.78025817871094,-279.2085266113281
-17.003952026367188,33.300750732421875,-278.4988708496094
-17.16302490234375,33.491455078125,-277.2490234375
-17.11810302734375,33.83055114746094,-276.1346435546875
-17.24932861328125,34.251800537109375,-275.23883056640625
-17.181930541992188,34.544219970703125,-274.53546142578125
-17.514312744140625,34.86402893066406,-274.05560302734375
-17.535888671875,35.19844055175781,-273.48565673828125
-17.317642211914062,35.39292907714844,-273.1560974121094
-17.121841430664062,35.25642395019531,-273.1445617675781
-17.262542724609375,35.69282531738281,-272.97161865234375
-17.343246459960938,35.842803955078125,-272.76953125
-17.394302368164062,36.34747314453125,-272.28045654296875
-17.841949462890625,36.102325439453125,-272.6107177734375
-17.431442260742188,36.81700134277344,-272.45159912109375
-17.353607177734375,37.10699462890625,-271.91571044921875
-17.31463623046875,37.2620849609375,-272.03460693359375
-17.310653686523438,37.21446228027344,-271.97454833984375
-17.472732543945312,37.62483215332031,-271.3642578125
-17.341995239257812,37.88665771484375,-271.4964294433594
-17.414077758789062,38.258453369140625,-271.1443786621094
-17.66522216796875,38.676239013671875,-271.0487060546875
-17.390609741210938,38.86639404296875,-270.5723876953125
-17.388534545898438,39.398101806640625,-270.9617004394531
-17.509170532226562,40.017425537109375,-270.7967529296875
-17.380172729492188,39.93498229980469,-269.9828186035156
-17.069061279296875,40.50205993652344,-270.11578369140625
-17.423553466796875,41.53373718261719,-269.69317626953125
-17.109375,41.810760498046875,-269.54345703125
-17.439498901367188,42.388671875,-269.37249755859375
-17.301422119140625,43.24810791015625,-270.1011047363281
-17.0902099609375,44.26948547363281,-269.68359375
-16.973526000976562,44.98414611816406,-269.6208190917969
-17.11480712890625,45.8629150390625,-269.7799377441406
-17.071441650390625,47.00953674316406,-269.48822021484375
-16.741653442382812,47.47541809082031,-270.04559326171875
-17.139419555664062,48.595306396484375,-270.4468994140625
-17.03839111328125,49.168426513671875,-270.30328369140625
-16.976943969726562,50.35694885253906,-270.7263488769531
-16.630661010742188,50.901611328125,-270.8778076171875
-16.790313720703125,52.04364013671875,-270.6948547363281
-16.770782470703125,52.91123962402344,-271.1021423339844
-16.912551879882812,53.576202392578125,-271.4967041015625
-16.869857788085938,54.47248840332031,-271.805908203125
-16.396987915039062,55.012664794921875,-271.6524658203125
-16.688003540039062,55.82392883300781,-272.36639404296875
-16.702987670898438,56.184783935546875,-272.1416015625
-16.753738403320312,56.891693115234375,-272.4339904785156
-16.428695678710938,57.43391418457031,-272.51043701171875
-16.299346923828125,57.72822570800781,-273.68475341796875
-16.5584716796875,58.403839111328125,-273.0815124511719
-16.27349853515625,58.77775573730469,-274.3474426269531
-16.28436279296875,58.83876037597656,-273.7564697265625
-16.09344482421875,59.28788757324219,-274.31488037109375
-15.958892822265625,59.60273742675781,-274.2358093261719
-15.896316528320312,59.626190185546875,-274.47216796875
-15.76007080078125,59.21293640136719,-274.30950927734375
-15.135101318359375,58.96217346191406,-274.917724609375
-14.92779541015625,58.92472839355469,-274.37542724609375
-14.233718872070312,58.49261474609375,-274.6342468261719
-14.208251953125,58.32386779785156,-274.85888671875
-13.929229736328125,57.4425048828125,-274.41888427734375
-13.541854858398438,56.93701171875,-273.92791748046875
-13.504592895507812,55.581329345703125,-273.7183837890625
-12.9251708984375,54.06169128417969,-273.59979248046875
-12.028579711914062,53.305633544921875,-273.0834655761719
-11.454498291015625,51.935638427734375,-272.69287109375
-11.505508422851562,50.27638244628906,-272.6624755859375
-11.069961547851562,48.93067932128906,-272.1677551269531
-10.915237426757812,46.96751403808594,-272.3892822265625
-10.652236938476562,45.23020935058594,-271.58868408203125
-10.114456176757812,43.55534362792969,-271.0396728515625
-10.499832153320312,41.42384338378906,-270.688720703125
-10.408401489257812,38.90324401855469,-270.1839599609375
-10.903457641601562,36.36781311035156,-269.831298828125
-11.679367065429688,34.01979064941406,-269.6787109375
-12.054672241210938,31.685272216796875,-269.76458740234375
-12.672393798828125,29.416717529296875,-270.3031921386719
-13.339447021484375,26.741287231445312,-270.19140625
-14.4176025390625,24.04974365234375,-270.53411865234375
-15.715469360351562,22.096237182617188,-270.4798583984375
-16.624862670898438,19.508468627929688,-270.63360595703125
-18.383514404296875,17.2733154296875,-270.6520080566406
-19.71539306640625,15.241195678710938,-270.9649353027344
-21.267562866210938,13.446975708007812,-271.4585266113281
-22.74310302734375,11.446456909179688,-271.40106201171875
-24.319625854492188,10.1754150390625,-270.77935791015625
-26.272735595703125,8.843231201171875,-270.8099365234375
-28.061447143554688,7.1259002685546875,-270.8544006347656
-29.382522583007812,5.7535552978515625,-270.965087890625
-31.446548461914062,5.131317138671875,-270.945556640625
-33.028594970703125,4.061981201171875,-270.332763671875
-34.87770080566406,3.3849945068359375,-270.7049560546875
-36.33381652832031,2.125335693359375,-270.1893310546875
-38.22344970703125,1.3987884521484375,-270.1709289550781
-40.015533447265625,0.7942962646484375,-270.49578857421875
-41.64155578613281,0.4682464599609375,-270.2425537109375
-43.23704528808594,0.1726837158203125,-270.27972412109375
-44.64936828613281,-0.129180908203125,-269.8544006347656
-45.85687255859375,-0.301605224609375,-269.581787109375
-47.33015441894531,-0.76068115234375,-269.13104248046875
-48.342620849609375,-0.5409088134765625,-269.1180419921875
-49.62303161621094,-0.8202056884765625,-267.9232177734375
-50.22999572753906,-0.6792144775390625,-267.755859375
-51.326507568359375,-0.673492431640625,-267.6497802734375
-52.38063049316406,-0.728790283203125,-266.94085693359375
-53.299224853515625,-0.4375762939453125,-266.6368408203125
-53.76966857910156,-0.2825164794921875,-266.4578857421875
-54.427337646484375,-0.4021148681640625,-266.1912841796875
-54.95982360839844,-0.182525634765625,-266.01312255859375
-55.4537353515625,-0.1385650634765625,-265.81500244140625
-55.86265563964844,0.16766357421875,-265.521728515625
-56.24339294433594,0.05303955078125,-265.3148498535156
-56.57000732421875,0.44146728515625,-265.7001953125
-56.592529296875,0.2983856201171875,-265.21063232421875
-56.43751525878906,0.6783294677734375,-265.25946044921875
-56.05487060546875,0.39739990234375,-265.4591064453125
-55.67768859863281,0.3086090087890625,-266.14434814453125
-55.728515625,0.748870849609375,-265.71343994140625
-55.28620910644531,0.859466552734375,-266.52166748046875
-55.25843811035156,0.773712158203125,-266.78851318359375
-54.99574279785156,0.6930084228515625,-266.5877685546875
-54.300628662109375,1.28631591796875,-265.8634033203125
-54.11589050292969,0.987335205078125,-265.8367004394531
-53.95417785644531,1.6628570556640625,-264.94775390625
-53.333343505859375,1.9976959228515625,-264.5265808105469
-53.426300048828125,2.55645751953125,-263.50592041015625
-53.41748046875,3.1553802490234375,-262.9495849609375
-52.93212890625,3.6855010986328125,-263.1636047363281
-53.251251220703125,3.8138885498046875,-262.9603576660156
-52.447845458984375,4.2392730712890625,-262.69708251953125
-52.46290588378906,3.9126739501953125,-262.5964050292969
-52.095703125,3.910400390625,-262.7331237792969
-51.81681823730469,3.6090087890625,-263.24261474609375
-51.764923095703125,3.901641845703125,-263.49481201171875
-51.7098388671875,3.5940704345703125,-263.9853210449219
-51.76918029785156,3.9210662841796875,-263.4937744140625
-51.560882568359375,3.9965667724609375,-263.49151611328125
-51.742279052734375,3.8832855224609375,-263.25445556640625
-52.18989562988281,3.76422119140625,-263.33489990234375
-52.04008483886719,3.9799957275390625,-263.2819519042969
-52.03388977050781,3.9410247802734375,-263.19891357421875
-52.12202453613281,3.79241943359375,-262.83099365234375
-52.56221008300781,3.8619232177734375,-263.1533203125
-52.669769287109375,4.195404052734375,-262.62664794921875
-52.594207763671875,4.1036224365234375,-262.63043212890625
-52.884918212890625,4.248931884765625,-262.7364501953125
-52.861541748046875,4.3805694580078125,-262.36004638671875
-53.037841796875,4.3945465087890625,-262.2373046875
-53.046112060546875,4.71600341796875,-261.2202453613281
-53.15870666503906,4.7669525146484375,-262.05194091796875
-52.78285217285156,4.489898681640625,-261.3621520996094
-52.59611511230469,4.511322021484375,-261.0526123046875
-52.75318908691406,5.0184326171875,-261.23828125
-52.59442138671875,4.96905517578125,-261.02783203125
-52.15214538574219,4.9917144775390625,-261.9207763671875
-52.96867370605469,5.028961181640625,-261.30377197265625
-52.085296630859375,5.086090087890625,-261.87713623046875
-51.988006591796875,4.8790435791015625,-262.4344177246094
-51.576141357421875,4.4504852294921875,-263.1622314453125
-51.2291259765625,4.39031982421875,-263.2373962402344
-51.064971923828125,4.5103912353515625,-264.2364807128906
-50.66496276855469,4.3466644287109375,-263.89385986328125
-50.25770568847656,4.3669281005859375,-264.54681396484375
-50.21453857421875,4.141571044921875,-264.71728515625
-49.72825622558594,3.997314453125,-264.9693298339844
-49.714935302734375,4.324920654296875,-265.1749267578125
-49.215606689453125,4.0752410888671875,-265.5989990234375
-49.45729064941406,4.1858978271484375,-266.22296142578125
-49.14289855957031,4.3272552490234375,-266.26116943359375
-48.8419189453125,4.668701171875,-266.69757080078125
-48.58140563964844,4.832122802734375,-266.60296630859375
-48.60992431640625,4.751617431640625,-266.90936279296875
-48.49076843261719,4.896942138671875,-266.84637451171875
-48.426788330078125,5.0300445556640625,-266.3934631347656
-48.57582092285156,4.9485931396484375,-266.4732360839844
-49.05241394042969,5.273956298828125,-266.80120849609375
-49.010711669921875,5.13372802734375,-266.6969299316406
-48.48915100097656,5.5189361572265625,-266.87408447265625
-49.46771240234375,5.672637939453125,-266.0404968261719
-49.33062744140625,5.9296417236328125,-266.05902099609375
-49.45100402832031,5.635955810546875,-265.36767578125
-49.543060302734375,6.134124755859375,-264.7811279296875
-49.68327331542969,6.152679443359375,-264.7399597167969
-50.29374694824219,6.220672607421875,-264.7607421875
-50.67121887207031,4.15838623046875,-266.1372985839844
-44.32844543457031,-3.1978912353515625,-267.56011962890625
-22.587692260742188,-15.654891967773438,-268.933837890625
-5.46697998046875,-24.209976196289062,-268.6085205078125
6.372589111328125,-28.945159912109375,-265.11431884765625
5.155548095703125,-32.50614929199219,-260.274169921875
-2.4321136474609375,-34.87962341308594,-251.24273681640625
-10.2265625,-40.10133361816406,-242.54405212402344
-16.872665405273438,-48.5667724609375,-236.22988891601562
-20.413009643554688,-57.08583068847656,-235.15902709960938
-22.013031005859375,-62.56498718261719,-236.77133178710938
-23.045730590820312,-65.18327331542969,-238.9853515625
-23.475341796875,-66.31340026855469,-241.25062561035156
-24.127792358398438,-66.2301025390625,-242.3480987548828
-24.243743896484375,-66.39262390136719,-243.03700256347656
-24.965133666992188,-66.291748046875,-244.38607788085938
-25.495208740234375,-65.96231079101562,-245.12474060058594
-26.076980590820312,-66.09402465820312,-245.08978271484375
-27.120590209960938,-65.81144714355469,-245.08316040039062
-28.001953125,-65.45126342773438,-244.77273559570312
-29.399276733398438,-65.32838439941406,-244.80899047851562
-30.269546508789062,-65.07789611816406,-244.2539520263672
-31.440475463867188,-64.99897766113281,-243.29844665527344
-32.49110412597656,-64.944091796875,-243.33364868164062
-34.241455078125,-64.45187377929688,-242.9014434814453
-35.81159973144531,-64.00996398925781,-242.18028259277344
-37.56791687011719,-63.618499755859375,-241.60195922851562
-38.60418701171875,-63.01568603515625,-241.51145935058594
-40.02886962890625,-62.62284851074219,-240.43223571777344
-41.639495849609375,-62.14068603515625,-240.13246154785156
-43.123199462890625,-61.366851806640625,-239.76341247558594
-44.07032775878906,-60.62748718261719,-239.35379028320312
-44.67854309082031,-59.96418762207031,-238.84439086914062
-45.24684143066406,-59.55000305175781,-238.43360900878906
-45.71235656738281,-59.40863037109375,-238.0697479248047
-45.8431396484375,-59.116912841796875,-238.15550231933594
-45.78955078125,-58.97981262207031,-238.10772705078125
-45.600341796875,-59.16973876953125,-237.47364807128906
-45.18907165527344,-59.118804931640625,-237.08494567871094
-44.31861877441406,-59.12519836425781,-237.33563232421875
-43.68919372558594,-59.07249450683594,-237.45651245117188
-42.14067077636719,-59.83326721191406,-238.4081573486328
-41.15873718261719,-60.66261291503906,-238.7227020263672
-39.49134826660156,-61.576416015625,-239.5041961669922
-38.377288818359375,-62.500213623046875,-240.12062072753906
-36.367828369140625,-63.84587097167969,-241.76670837402344
-34.907623291015625,-65.18223571777344,-243.42025756835938
-33.0146484375,-66.30551147460938,-245.90850830078125
-31.542434692382812,-68.01570129394531,-248.22821044921875
-29.805587768554688,-68.68861389160156,-251.22207641601562
-28.539810180664062,-69.9423828125,-253.9594268798828
-26.903579711914062,-70.60054016113281,-257.6084289550781
-25.828109741210938,-71.50410461425781,-260.73004150390625
-24.39813232421875,-71.96640014648438,-264.163818359375
-23.576126098632812,-72.06855773925781,-267.72216796875
-22.125259399414062,-71.76243591308594,-271.49395751953125
-21.115692138671875,-71.30416870117188,-274.8897705078125
-20.191375732421875,-70.8968505859375,-277.499267578125
-18.835128784179688,-69.84783935546875,-279.96893310546875
-17.705581665039062,-68.97256469726562,-282.23199462890625
-16.706787109375,-67.75968933105469,-283.87225341796875
-15.094894409179688,-66.69320678710938,-285.441162109375
-13.347442626953125,-65.65971374511719,-286.9649963378906
-11.753509521484375,-63.91844177246094,-287.6917724609375
-10.072418212890625,-62.4044189453125,-289.52923583984375
-8.653854370117188,-61.2294921875,-289.7597351074219
-7.45001220703125,-59.56367492675781,-290.1705627441406
-5.680633544921875,-57.91265869140625,-290.67626953125
-4.2936859130859375,-56.400146484375,-290.5408935546875
-2.939056396484375,-54.93206787109375,-290.6014099121094
-1.436767578125,-53.52824401855469,-290.77130126953125
0.1498260498046875,-51.17753601074219,-290.86126708984375
1.5753631591796875,-49.64497375488281,-291.1392517089844
2.923980712890625,-47.84355163574219,-290.4355163574219
4.3470458984375,-45.44013977050781,-290.2072448730469
5.0686798095703125,-43.12098693847656,-289.8833312988281
6.4024658203125,-40.85755920410156,-290.123779296875
7.1145477294921875,-38.96568298339844,-290.47705078125
7.7436370849609375,-36.415374755859375,-290.30316162109375
8.172348022460938,-34.07987976074219,-290.0612487792969
8.812362670898438,-31.757400512695312,-289.92449951171875
9.018890380859375,-29.505142211914062,-289.9425048828125
9.516082763671875,-27.052688598632812,-289.9124755859375
9.658340454101562,-25.222518920898438,-289.9757080078125
9.533950805664062,-22.901763916015625,-290.0747375488281
9.456192016601562,-21.189224243164062,-290.0235595703125
9.27703857421875,-19.2037353515625,-289.6552734375
8.587448120117188,-17.37109375,-290.63592529296875
8.977951049804688,-15.544204711914062,-290.0797119140625
8.264190673828125,-14.22332763671875,-290.8371887207031
7.5600433349609375,-12.88629150390625,-291.00341796875
7.4543609619140625,-11.581985473632812,-291.513916015625
6.7654266357421875,-10.087005615234375,-292.4122009277344
6.5145416259765625,-9.195327758789062,-292.51446533203125
5.6793060302734375,-7.89068603515625,-292.93096923828125
5.111968994140625,-6.9453582763671875,-293.37896728515625
4.2071685791015625,-5.74755859375,-293.94921875
3.12860107421875,-4.23052978515625,-295.04144287109375
2.0029296875,-2.96881103515625,-295.8900146484375
0.830352783203125,-1.4649200439453125,-296.6817626953125
-0.1467742919921875,-0.33502197265625,-297.04461669921875
-1.2879486083984375,0.9271697998046875,-297.67523193359375
-2.2379913330078125,1.94671630859375,-297.876708984375
-3.4868621826171875,3.0892486572265625,-297.9588928222656
-4.56610107421875,4.2483978271484375,-297.99053955078125
-5.41400146484375,5.4542388916015625,-298.06787109375
-6.3772430419921875,6.238983154296875,-298.31317138671875
-7.8076934814453125,7.34429931640625,-298.51202392578125
-8.308853149414062,8.353256225585938,-298.40826416015625
-9.174530029296875,9.32708740234375,-298.923583984375
-10.244155883789062,10.224273681640625,-298.75054931640625
-11.099822998046875,10.755752563476562,-298.81927490234375
-11.9212646484375,11.8304443359375,-299.0348815917969
-12.540069580078125,12.157318115234375,-299.05218505859375
-13.361068725585938,12.953231811523438,-298.3516845703125
-14.210617065429688,13.60968017578125,-298.1559753417969
-15.106597900390625,14.313369750976562,-297.54791259765625
-15.674072265625,15.035507202148438,-297.882568359375
-16.2481689453125,15.718185424804688,-297.65936279296875
-17.66748046875,16.289199829101562,-296.8878173828125
-18.353729248046875,16.937423706054688,-297.15301513671875
-19.289398193359375,17.319793701171875,-296.57281494140625
-19.698455810546875,17.865386962890625,-296.5883483886719
-20.40728759765625,18.296768188476562,-296.10302734375
-20.599609375,19.207733154296875,-296.0910949707031
-20.921279907226562,19.48419189453125,-295.5875244140625
-21.6806640625,19.79144287109375,-294.6446533203125
-21.99261474609375,20.174224853515625,-293.9007263183594
-22.294601440429688,20.867568969726562,-293.512939453125
-22.465835571289062,21.205535888671875,-292.8792724609375
-22.857376098632812,21.574249267578125,-292.4215087890625
-23.167800903320312,22.135848999023438,-292.20758056640625
-23.473892211914062,22.236465454101562,-290.9266357421875
-24.054229736328125,22.486724853515625,-290.7149658203125
-24.105422973632812,22.93115234375,-289.78302001953125
-24.772354125976562,23.305694580078125,-290.1787109375
-24.880615234375,23.289443969726562,-289.7227783203125
-25.187210083007812,24.081039428710938,-289.37860107421875
-25.12530517578125,24.999160766601562,-288.98486328125
-25.61962890625,24.742828369140625,-288.24261474609375
-25.597824096679688,25.039306640625,-287.72198486328125
-25.708099365234375,25.139999389648438,-288.29913330078125
-26.074386596679688,24.770111083984375,-288.0513610839844
-25.619857788085938,24.97125244140625,-287.72833251953125
-25.934417724609375,25.265350341796875,-287.551025390625
-25.524734497070312,25.262283325195312,-287.7096252441406
-25.477630615234375,25.708160400390625,-287.21209716796875
-25.625030517578125,25.737548828125,-287.0582275390625
-25.443756103515625,25.780349731445312,-286.7082824707031
-25.117446899414062,25.509063720703125,-286.47723388671875
-24.838150024414062,25.779098510742188,-286.7391052246094
-24.729248046875,25.66912841796875,-286.4196472167969
-24.393157958984375,25.689315795898438,-286.1421813964844
-23.757492065429688,25.88775634765625,-285.79620361328125
-23.21002197265625,25.717941284179688,-285.56866455078125
-22.85455322265625,25.686553955078125,-285.0958251953125
-22.331954956054688,25.951919555664062,-284.67462158203125
-22.213134765625,25.548065185546875,-284.49700927734375
-21.542755126953125,25.541488647460938,-284.14080810546875
-20.554473876953125,25.663619995117188,-284.0389709472656
-19.807647705078125,25.423141479492188,-283.25927734375
-19.181625366210938,24.929718017578125,-283.47930908203125
-18.54705810546875,24.798721313476562,-282.74578857421875
-18.085861206054688,24.44598388671875,-282.338623046875
-16.811370849609375,23.727569580078125,-282.0326232910156
-16.069732666015625,23.790817260742188,-281.791748046875
-15.442047119140625,22.959564208984375,-281.438720703125
-14.460617065429688,22.756088256835938,-280.634033203125
-13.394317626953125,22.094161987304688,-279.9305419921875
-12.60498046875,21.613250732421875,-279.53509521484375
-11.851409912109375,21.13519287109375,-278.6512756347656
-11.347579956054688,20.438796997070312,-277.9508056640625
-10.554000854492188,19.976165771484375,-277.13201904296875
-9.784561157226562,19.250930786132812,-275.8334655761719
-8.608261108398438,18.317962646484375,-275.1988220214844
-8.01495361328125,17.666229248046875,-273.7229309082031
-7.04864501953125,16.554718017578125,-272.31060791015625
-6.199462890625,15.723373413085938,-271.688720703125
-5.2249603271484375,14.507537841796875,-270.7349548339844
-4.6951446533203125,13.394607543945312,-269.71881103515625
-3.640594482421875,12.389511108398438,-269.0429992675781
-3.0849609375,11.366958618164062,-268.256103515625
-2.1375274658203125,10.355178833007812,-267.7324523925781
-1.60076904296875,9.347457885742188,-266.5661926269531
-0.8623504638671875,8.484588623046875,-265.5382080078125
-0.1689910888671875,7.3484344482421875,-264.8181457519531
-0.0247955322265625,6.6572418212890625,-264.02001953125
0.1804046630859375,5.5482940673828125,-263.1927795410156
0.603912353515625,4.9972686767578125,-262.6210021972656
1.224456787109375,3.9054412841796875,-262.13232421875
1.1873779296875,3.23687744140625,-261.39862060546875
1.631561279296875,2.272613525390625,-261.11474609375
1.68377685546875,1.5199737548828125,-260.3021240234375
2.0528564453125,0.92987060546875,-259.77105712890625
2.4216156005859375,0.33697509765625,-260.08984375
2.7623443603515625,0.009246826171875,-259.28399658203125
3.0746917724609375,-0.766357421875,-259.3212890625
3.2417449951171875,-1.410888671875,-258.5328369140625
3.3480072021484375,-1.83050537109375,-258.74578857421875
3.7761077880859375,-2.251678466796875,-258.98907470703125
3.835601806640625,-2.76678466796875,-258.7247619628906
4.0076751708984375,-3.1346893310546875,-258.4462890625
3.7752532958984375,-3.536346435546875,-259.30419921875
4.2774200439453125,-3.6379241943359375,-259.30963134765625
4.1661529541015625,-3.4633941650390625,-259.1566467285156
3.6573028564453125,-4.1241607666015625,-259.13140869140625
3.823150634765625,-3.8720703125,-259.6926574707031
3.8574066162109375,-3.7487945556640625,-259.5700378417969
3.936431884765625,-3.918182373046875,-259.153564453125
4.214996337890625,-3.7691650390625,-259.62744140625
3.8858642578125,-3.7674102783203125,-258.99322509765625
3.569732666015625,-3.82708740234375,-259.1591796875
3.8143157958984375,-3.7265167236328125,-259.0654296875
3.353790283203125,-3.2074737548828125,-259.57415771484375
3.4922027587890625,-2.8011474609375,-259.53472900390625
3.263885498046875,-2.8575286865234375,-259.9980773925781
3.3461151123046875,-2.211212158203125,-259.5755920410156
2.795806884765625,-2.012420654296875,-259.6885986328125
2.4172821044921875,-1.3646087646484375,-259.5528259277344
2.287445068359375,-1.0845947265625,-260.61163330078125
2.3513336181640625,-0.5484771728515625,-260.86859130859375
2.086944580078125,0.1175537109375,-260.650390625
1.3712615966796875,0.2406768798828125,-260.70172119140625
1.35015869140625,0.8495941162109375,-261.3350830078125
1.1721954345703125,1.6051177978515625,-262.006591796875
0.784210205078125,2.0793914794921875,-262.0998840332031
0.5151519775390625,2.572235107421875,-262.19647216796875
-0.0181732177734375,3.16790771484375,-262.041259765625
-0.2978363037109375,3.2122650146484375,-262.9293212890625
-0.51318359375,3.9031982421875,-262.65179443359375
-1.0529937744140625,4.2683868408203125,-263.0650939941406
-1.38372802734375,4.72308349609375,-262.59014892578125
-1.8366851806640625,4.996551513671875,-262.33984375
-2.2828521728515625,5.59625244140625,-262.0698547363281
-2.5311737060546875,5.8849945068359375,-262.366455078125
-2.9286346435546875,6.6387786865234375,-262.5056457519531
-3.4517059326171875,7.16571044921875,-261.9898681640625
-3.8639373779296875,7.3269805908203125,-261.489501953125
-4.11041259765625,7.4647979736328125,-261.2064514160156
-4.181427001953125,7.5483245849609375,-260.4172058105469
-4.714935302734375,7.45855712890625,-260.4290771484375
-4.8444976806640625,7.3445587158203125,-260.2232666015625
-4.8433990478515625,7.4055023193359375,-259.78533935546875
-5.1788177490234375,7.7064208984375,-258.9941711425781
-5.0873260498046875,7.46539306640625,-258.9220275878906
-5.6222381591796875,7.467987060546875,-258.4852294921875
-5.7732391357421875,7.2933349609375,-258.434814453125
-5.59820556640625,8.193374633789062,-258.7597351074219
-6.07928466796875,8.39349365234375,-258.71966552734375
-5.793121337890625,8.555267333984375,-258.8630065917969
-6.5510101318359375,8.811965942382812,-259.3271484375
-6.9718475341796875,9.331298828125,-260.1467590332031
-7.3911590576171875,9.799560546875,-260.3428955078125
-8.19964599609375,10.589096069335938,-261.0177917480469
-8.220733642578125,11.114044189453125,-261.6059875488281
-8.885772705078125,11.5345458984375,-262.97625732421875
-9.23529052734375,12.105453491210938,-263.60968017578125
-9.757583618164062,12.378646850585938,-264.93896484375
-10.583328247070312,13.167205810546875,-266.5321044921875
-10.57861328125,13.428390502929688,-267.1564636230469
-11.095199584960938,14.041473388671875,-268.5086975097656
-11.531829833984375,14.579177856445312,-269.8597412109375
-11.84857177734375,15.013580322265625,-271.219970703125
-12.576812744140625,14.923980712890625,-272.4171142578125
-12.924835205078125,15.277969360351562,-274.2772216796875
-13.254425048828125,15.317489624023438,-275.59027099609375
-14.103668212890625,15.341537475585938,-276.781494140625
-14.125442504882812,15.657470703125,-277.8505859375
-14.914993286132812,15.803619384765625,-278.85540771484375
-15.44622802734375,15.872238159179688,-280.28948974609375
-15.55987548828125,15.708145141601562,-281.1602783203125
-16.302902221679688,15.548248291015625,-282.0023193359375
-17.081329345703125,15.79583740234375,-282.8027648925781
-17.75146484375,15.626541137695312,-283.7984619140625
-18.121734619140625,15.985000610351562,-284.18695068359375
-18.836868286132812,16.298980712890625,-284.619384765625
-19.069412231445312,16.111114501953125,-284.7520751953125
-18.974838256835938,16.673263549804688,-285.052001953125
-20.29180908203125,16.551971435546875,-284.68524169921875
-20.825836181640625,16.837234497070312,-285.2705383300781
-21.155670166015625,17.0008544921875,-285.02203369140625
-21.873809814453125,17.364883422851562,-284.85205078125
-21.908172607421875,17.337509155273438,-284.98480224609375
-22.804183959960938,17.719436645507812,-284.247802734375
-23.000823974609375,17.973297119140625,-284.0606994628906
-23.223312377929688,18.174331665039062,-284.3082275390625
-23.578643798828125,18.305099487304688,-283.5665588378906
-23.352859497070312,18.558029174804688,-283.76947021484375
-23.316909790039062,18.5054931640625,-283.08221435546875
-23.232284545898438,18.311080932617188,-283.016357421875
-22.9317626953125,19.009140014648438,-282.7020568847656
-22.51177978515625,18.8572998046875,-281.94879150390625
-22.28619384765625,18.448394775390625,-281.49810791015625
-22.056900024414062,18.471054077148438,-281.1358337402344
-21.77264404296875,18.477386474609375,-280.624755859375
-21.05999755859375,18.580047607421875,-279.834228515625
-20.248809814453125,18.4359130859375,-279.0225830078125
-19.40093994140625,18.079605102539062,-278.0658264160156
-18.489791870117188,17.812271118164062,-277.2877197265625
-17.927322387695312,17.769088745117188,-275.95465087890625
-16.514266967773438,17.145462036132812,-274.7968444824219
-16.004623413085938,16.4327392578125,-273.8604431152344
-14.660568237304688,15.952285766601562,-272.83941650390625
-13.597122192382812,15.395477294921875,-271.6759033203125
-12.107925415039062,14.113372802734375,-270.56134033203125
-10.911148071289062,13.359207153320312,-270.1287841796875
-10.076416015625,12.555496215820312,-268.99334716796875
-8.934661865234375,11.214324951171875,-268.45294189453125
-7.998382568359375,10.473770141601562,-267.16156005859375
-6.9447174072265625,9.019088745117188,-265.74261474609375
-5.9670562744140625,7.856842041015625,-265.34234619140625
-5.526092529296875,6.81787109375,-263.92889404296875
-4.364532470703125,5.6965789794921875,-263.71160888671875
-3.703155517578125,4.3244171142578125,-262.06329345703125
-2.812103271484375,3.4025115966796875,-261.62689208984375
-2.1555938720703125,2.2736358642578125,-260.9793395996094
-1.5409698486328125,0.935516357421875,-259.8477783203125
-1.0280303955078125,-0.51007080078125,-259.09283447265625
-0.4741058349609375,-1.38824462890625,-258.30645751953125
-0.0866241455078125,-2.704620361328125,-257.7291564941406
0.186248779296875,-3.9800567626953125,-257.089111328125
0.2967071533203125,-4.7331695556640625,-256.70526123046875
0.8253021240234375,-5.7985076904296875,-257.06573486328125
1.3339080810546875,-6.9621734619140625,-256.5233154296875
1.372344970703125,-7.5786895751953125,-256.417236328125
2.200469970703125,-8.585464477539062,-255.92367553710938
1.9730072021484375,-9.637619018554688,-256.3885498046875
2.1445465087890625,-10.107879638671875,-256.08673095703125
2.681427001953125,-10.965164184570312,-255.878173828125
2.3662109375,-11.135421752929688,-255.73654174804688
2.9788970947265625,-11.761322021484375,-256.17486572265625
2.989593505859375,-11.89691162109375,-256.0587158203125
2.6163482666015625,-12.397262573242188,-256.3004150390625
2.916595458984375,-12.724319458007812,-256.0174560546875
2.6123046875,-12.802139282226562,-256.3365783691406
3.4171142578125,-12.662078857421875,-256.4277038574219
3.317230224609375,-12.81011962890625,-256.3628845214844
3.0637359619140625,-12.942642211914062,-255.62835693359375
2.7470703125,-13.09539794921875,-255.3324432373047
2.7903594970703125,-12.437271118164062,-255.0962371826172
2.570770263671875,-12.3748779296875,-255.29408264160156
2.5096282958984375,-12.273468017578125,-254.76754760742188
2.301025390625,-11.8265380859375,-255.3370819091797
2.1144561767578125,-11.4462890625,-254.84475708007812
2.1668243408203125,-11.201080322265625,-254.81924438476562
1.81536865234375,-10.72210693359375,-254.9530487060547
1.4010009765625,-9.893798828125,-254.6945037841797
1.12030029296875,-9.039764404296875,-254.77130126953125
0.876373291015625,-8.382614135742188,-254.64894104003906
0.2857208251953125,-7.6357574462890625,-254.80198669433594
-0.28717041015625,-6.77252197265625,-255.1659698486328
-0.455596923828125,-5.8085174560546875,-255.0626678466797
-0.66192626953125,-5.1395111083984375,-255.03350830078125
-1.0157012939453125,-3.9581146240234375,-255.5507354736328
-1.7627716064453125,-2.9246368408203125,-255.8517608642578
-2.16973876953125,-1.8636474609375,-255.78305053710938
-3.0475311279296875,-1.280029296875,-255.55838012695312
-3.6622467041015625,0.229156494140625,-256.7037353515625
-4.5986480712890625,1.1089324951171875,-257.0467529296875
-5.376007080078125,2.6353302001953125,-257.46014404296875
-6.4349822998046875,3.2454071044921875,-258.06561279296875
-7.115875244140625,4.4273223876953125,-257.5965270996094
-8.168487548828125,5.517608642578125,-258.04998779296875
-8.95343017578125,6.1721649169921875,-258.01763916015625
-9.883087158203125,7.022430419921875,-258.1871643066406
-10.9024658203125,7.8231353759765625,-258.42437744140625
-11.274444580078125,8.268463134765625,-258.62841796875
-12.356491088867188,8.872833251953125,-258.36322021484375
-12.811508178710938,9.690811157226562,-258.486083984375
-13.465545654296875,9.82501220703125,-258.70263671875
-13.997177124023438,10.112960815429688,-259.33209228515625
-14.638534545898438,10.715072631835938,-259.8679504394531
-15.314102172851562,11.333328247070312,-260.1209716796875
-15.795883178710938,11.893951416015625,-260.6945495605469
-16.235885620117188,12.57489013671875,-261.82586669921875
-17.231521606445312,12.924346923828125,-262.36639404296875
-17.92279052734375,13.232528686523438,-262.63433837890625
-18.388336181640625,13.799758911132812,-264.0316162109375
-19.368682861328125,14.389755249023438,-265.240966796875
-19.975753784179688,14.40618896484375,-266.23809814453125
-20.918899536132812,15.219970703125,-267.5309143066406
-21.3128662109375,15.517745971679688,-268.33367919921875
-22.639617919921875,15.84051513671875,-269.2781066894531
-23.53363037109375,15.812332153320312,-271.2008056640625
-23.958602905273438,16.37152099609375,-272.47021484375
-24.88214111328125,16.492538452148438,-273.38812255859375
-25.637344360351562,16.509963989257812,-274.7565002441406
-25.9571533203125,16.331222534179688,-276.6384582519531
-26.604812622070312,16.243606567382812,-277.249267578125
-26.994308471679688,16.456954956054688,-278.4783935546875
-27.486968994140625,16.34954833984375,-278.96966552734375
-28.088592529296875,16.209518432617188,-279.5899658203125
-28.292724609375,16.161422729492188,-280.91845703125
-28.781326293945312,16.066757202148438,-281.92584228515625
-28.899658203125,15.989944458007812,-282.257080078125
-29.002822875976562,15.722732543945312,-282.26904296875
-28.80169677734375,15.679595947265625,-282.845947265625
-29.099258422851562,15.653839111328125,-283.04302978515625
-28.666534423828125,15.233428955078125,-283.28338623046875
-28.724761962890625,15.380050659179688,-283.75933837890625
-28.589614868164062,15.607070922851562,-283.0318603515625
-28.11199951171875,15.248687744140625,-283.3374938964844
-28.12841796875,15.405349731445312,-283.3804626464844
-27.844573974609375,15.473770141601562,-282.87506103515625
-27.514328002929688,15.679840087890625,-282.7581787109375
-27.453140258789062,15.723587036132812,-282.48333740234375
-27.196395874023438,16.044357299804688,-281.80340576171875
-26.740478515625,15.713699340820312,-280.88739013671875
-26.232452392578125,16.117202758789062,-280.94805908203125
-25.710250854492188,15.7066650390625,-279.91790771484375
-25.229537963867188,15.953262329101562,-278.62615966796875
-24.306427001953125,16.049057006835938,-278.38519287109375
-23.770004272460938,15.847015380859375,-277.556640625
-22.472061157226562,16.050033569335938,-276.72662353515625
-21.806289672851562,15.626205444335938,-275.8675842285156
-20.7686767578125,15.6717529296875,-274.8572082519531
-19.657196044921875,14.975311279296875,-273.75830078125
-18.736770629882812,14.895355224609375,-272.8330078125
-17.5335693359375,14.325485229492188,-271.92840576171875
-16.215728759765625,13.77276611328125,-270.8730163574219
-15.1136474609375,13.178558349609375,-269.7862548828125
-13.623046875,12.054595947265625,-268.74847412109375
-12.403701782226562,11.076278686523438,-267.66815185546875
-11.296173095703125,10.3465576171875,-266.43096923828125
-10.227157592773438,9.265914916992188,-265.20355224609375
-9.071456909179688,7.944122314453125,-264.2060546875
-8.163421630859375,7.23712158203125,-262.61492919921875
-6.8902587890625,6.28802490234375,-261.9739990234375
-6.1241455078125,5.1209564208984375,-260.798583984375
-5.444732666015625,4.0416259765625,-259.942626953125
-5.2342681884765625,3.1502227783203125,-258.6258850097656
-4.3299102783203125,2.182037353515625,-257.7518310546875
-4.042022705078125,1.089630126953125,-256.233642578125
-3.8111114501953125,0.083526611328125,-254.97389221191406
-3.5601654052734375,-0.585723876953125,-254.1820526123047
-3.1900787353515625,-1.0279083251953125,-253.4776611328125
-2.903289794921875,-1.95989990234375,-252.87222290039062
-2.5859375,-2.4738922119140625,-252.08717346191406
-3.160186767578125,-2.9403839111328125,-251.24107360839844
-2.88580322265625,-3.58148193359375,-251.42123413085938
-3.0360260009765625,-3.9211883544921875,-250.39935302734375
-2.8003692626953125,-4.0963134765625,-250.119873046875
-2.9214324951171875,-4.009735107421875,-250.1214599609375
-3.1475067138671875,-4.258209228515625,-249.5092010498047
-3.11553955078125,-4.25244140625,-249.889404296875
-3.321380615234375,-4.324951171875,-249.50729370117188
-3.213287353515625,-3.886505126953125,-249.42434692382812
-3.411773681640625,-3.484222412109375,-249.56117248535156
-3.9446563720703125,-2.874053955078125,-249.3629913330078
-4.03472900390625,-2.1508941650390625,-250.00552368164062
-4.200714111328125,-1.6868743896484375,-250.1682586669922
-4.5536956787109375,-0.9563140869140625,-250.74945068359375
-4.9471282958984375,-0.39447021484375,-250.69956970214844
-5.329864501953125,0.8260498046875,-251.4055938720703
-5.654052734375,1.1530914306640625,-251.90151977539062
-5.7817840576171875,1.99615478515625,-252.2213592529297
-6.451324462890625,2.4920654296875,-252.7876739501953
-6.81085205078125,3.4356536865234375,-252.96109008789062
-6.866943359375,3.6602325439453125,-253.5171661376953
-7.2027587890625,4.09564208984375,-253.7167205810547
-6.9444122314453125,4.291656494140625,-253.82029724121094
-7.28033447265625,4.9184722900390625,-253.99090576171875
-7.4615631103515625,4.866424560546875,-254.1131591796875
-7.3543243408203125,5.198822021484375,-254.4001922607422
-7.2681884765625,5.2690277099609375,-254.7141876220703
-7.4929962158203125,5.32794189453125,-254.36582946777344
-7.0647125244140625,5.4952545166015625,-254.35675048828125
-6.7635345458984375,4.95562744140625,-254.59474182128906
-6.830169677734375,5.2142486572265625,-254.14463806152344
-7.273406982421875,5.4207916259765625,-254.019775390625
-7.1543731689453125,5.4824676513671875,-254.15513610839844
-7.541778564453125,6.136993408203125,-254.67970275878906
-8.04833984375,6.894287109375,-254.76869201660156
-8.836883544921875,7.515380859375,-255.0657958984375
-9.41839599609375,8.31341552734375,-256.0458679199219
-10.12176513671875,8.7705078125,-256.3887023925781
-11.058731079101562,9.473876953125,-257.06170654296875
-11.707794189453125,10.379074096679688,-257.49951171875
-12.22943115234375,10.692703247070312,-257.96923828125
-13.073638916015625,11.187591552734375,-257.845947265625
-13.138107299804688,11.545623779296875,-258.45013427734375
-13.540420532226562,11.598098754882812,-257.9387512207031
-14.127212524414062,11.79034423828125,-257.882080078125
-14.902908325195312,12.17852783203125,-257.8186950683594
-15.424545288085938,12.387771606445312,-257.1181640625
-15.492050170898438,12.450897216796875,-257.5289306640625
-16.178619384765625,12.790603637695312,-257.275146484375
-16.427291870117188,12.892486572265625,-257.10400390625
-16.724365234375,13.108062744140625,-257.6144104003906
-17.202392578125,13.652633666992188,-257.59893798828125
-17.575271606445312,14.045654296875,-258.61376953125
-18.45843505859375,13.80303955078125,-259.99163818359375
-18.644454956054688,14.540756225585938,-260.395751953125
-19.1029052734375,15.133743286132812,-261.1291198730469
-19.736557006835938,15.4854736328125,-262.345947265625
-20.162857055664062,15.5548095703125,-263.4504089355469
-21.034439086914062,16.033920288085938,-264.895263671875
-21.32855224609375,16.416656494140625,-265.869873046875
-22.196075439453125,16.630950927734375,-268.07763671875
-22.596328735351562,16.852371215820312,-269.9245910644531
-23.541030883789062,17.022979736328125,-271.0341796875
-23.95037841796875,17.15631103515625,-272.8629150390625
-24.300582885742188,17.29071044921875,-274.3663330078125
-25.168975830078125,17.033340454101562,-276.67315673828125
-25.3897705078125,17.177139282226562,-278.05731201171875
-26.2318115234375,17.044281005859375,-279.7767333984375
-26.706375122070312,16.310806274414062,-281.6737060546875
-27.022918701171875,16.259963989257812,-282.56634521484375
-27.717315673828125,16.138015747070312,-284.25579833984375
-28.298294067382812,15.594650268554688,-285.05023193359375
-28.397018432617188,15.652206420898438,-286.14892578125
-29.465835571289062,15.642349243164062,-286.8815612792969
-29.625823974609375,15.6063232421875,-287.732177734375
-29.977081298828125,15.592819213867188,-287.501220703125
-30.7196044921875,15.4781494140625,-287.73870849609375
-31.063949584960938,15.211151123046875,-287.8226623535156
-31.682998657226562,15.55755615234375,-287.9682922363281
-32.3297119140625,15.8719482421875,-287.66497802734375
-32.729217529296875,15.996826171875,-287.85333251953125
-33.248626708984375,16.043807983398438,-288.29107666015625
-33.50425720214844,16.276870727539062,-287.26861572265625
-33.72308349609375,16.7559814453125,-287.75225830078125
-34.05766296386719,17.194747924804688,-286.97637939453125
-34.01654052734375,17.48675537109375,-286.84271240234375
-33.497467041015625,17.946182250976562,-286.3440856933594
-33.62420654296875,18.052093505859375,-286.1618347167969
-33.62532043457031,18.367462158203125,-285.7644348144531
-33.12284851074219,18.781005859375,-285.2311096191406
-32.20524597167969,19.39703369140625,-284.9805908203125
-31.504653930664062,19.650482177734375,-283.89642333984375
-30.784530639648438,19.974929809570312,-283.512939453125
-29.49609375,20.557998657226562,-282.12127685546875
-28.924789428710938,20.909423828125,-281.97772216796875
-27.613357543945312,21.258010864257812,-280.696044921875
-26.178176879882812,21.72662353515625,-279.93084716796875
-25.0299072265625,21.651077270507812,-278.8841552734375
-23.590576171875,22.01470947265625,-277.785400390625
-22.009857177734375,21.994140625,-276.52227783203125
-19.957275390625,21.516143798828125,-275.3855895996094
-18.401504516601562,21.36993408203125,-274.36407470703125
-17.019927978515625,21.097198486328125,-273.35919189453125
-15.082351684570312,20.632049560546875,-271.58306884765625
-13.53668212890625,19.91400146484375,-270.7101135253906
-11.998046875,19.23126220703125,-269.0155029296875
-10.557785034179688,18.211410522460938,-267.6197509765625
-8.655670166015625,17.42034912109375,-266.52777099609375
-7.0779571533203125,16.52862548828125,-265.078857421875
-5.9545135498046875,15.193130493164062,-263.1068115234375
-4.9498291015625,14.284881591796875,-261.80865478515625
-3.878662109375,13.653228759765625,-260.74908447265625
-2.5816802978515625,12.129425048828125,-259.2308044433594
-1.8435821533203125,10.948104858398438,-258.43084716796875
-0.6861572265625,9.732391357421875,-257.121826171875
-0.22943115234375,8.451858520507812,-255.8189697265625
0.468658447265625,7.6107940673828125,-255.25694274902344
1.39398193359375,6.3769378662109375,-254.65377807617188
1.7824554443359375,5.56939697265625,-254.60580444335938
2.9828338623046875,4.513946533203125,-253.13619995117188
3.3843841552734375,3.7521820068359375,-253.0644989013672
3.479827880859375,3.647125244140625,-252.70840454101562
3.8272552490234375,2.6617584228515625,-252.20986938476562
4.4549560546875,2.56658935546875,-252.52578735351562
4.898956298828125,2.2260284423828125,-252.53073120117188
4.8745880126953125,1.6225738525390625,-252.6422119140625
5.041412353515625,1.5853424072265625,-252.5648651123047
5.683441162109375,2.1363372802734375,-253.1279754638672
5.354827880859375,2.0231475830078125,-253.35130310058594
5.5848541259765625,2.1715850830078125,-252.95635986328125
5.741668701171875,1.9941558837890625,-253.427978515625
6.1312255859375,2.715118408203125,-254.01979064941406
5.8359527587890625,2.603912353515625,-254.02818298339844
5.4578399658203125,2.9423828125,-253.7196807861328
5.3636322021484375,3.3521270751953125,-254.14402770996094
5.1254730224609375,3.8576507568359375,-254.5325469970703
4.960205078125,4.140045166015625,-254.05230712890625
4.815032958984375,4.395660400390625,-254.66012573242188
4.454986572265625,4.6999359130859375,-254.54100036621094
4.7119293212890625,5.4556427001953125,-255.156494140625
4.287994384765625,5.290191650390625,-254.6300048828125
4.5056610107421875,5.528045654296875,-255.3640594482422
4.81463623046875,5.4845428466796875,-255.40679931640625
4.318023681640625,5.700714111328125,-254.85064697265625
4.258544921875,6.467254638671875,-255.08404541015625
4.2510833740234375,6.37884521484375,-255.50930786132812
4.061126708984375,6.579986572265625,-256.16912841796875
4.3635711669921875,7.042816162109375,-256.2884216308594
3.1397857666015625,7.47119140625,-256.581787109375
2.881683349609375,8.399551391601562,-256.8948974609375
2.4973602294921875,8.911102294921875,-256.994140625
1.7869720458984375,9.642196655273438,-256.7965087890625
1.3451080322265625,9.88470458984375,-256.7308654785156
0.8218994140625,10.688339233398438,-256.8039855957031
0.2560272216796875,11.381805419921875,-256.6942138671875
-0.4426727294921875,11.72247314453125,-256.84759521484375
-1.418609619140625,12.739486694335938,-256.758056640625
-1.563812255859375,13.005233764648438,-256.56951904296875
-2.3429718017578125,13.283050537109375,-256.19598388671875
-2.8964385986328125,13.678298950195312,-256.1446533203125
-3.4924774169921875,14.569610595703125,-255.8336639404297
-4.5684356689453125,14.841644287109375,-256.04931640625
-5.1264495849609375,15.859024047851562,-256.1697998046875
-5.8484649658203125,16.32672119140625,-256.5113525390625
-7.10137939453125,17.6009521484375,-256.4318542480469
-7.6009368896484375,17.949752807617188,-256.09332275390625
-8.63201904296875,18.942459106445312,-256.21051025390625
-9.919769287109375,19.557769775390625,-256.60009765625
-10.924911499023438,19.895980834960938,-257.91143798828125
-11.915924072265625,20.80889892578125,-257.6927490234375
-13.226425170898438,21.798812866210938,-258.1248779296875
-15.03839111328125,22.863372802734375,-258.825439453125
-16.445175170898438,23.68438720703125,-259.62646484375
-17.741561889648438,24.22052001953125,-259.5098876953125
-19.461883544921875,24.9278564453125,-260.60797119140625
-21.174148559570312,25.5517578125,-261.884765625
-22.647872924804688,25.925857543945312,-262.864990234375
-24.166305541992188,26.706298828125,-262.76312255859375
-25.646102905273438,26.631393432617188,-264.3778381347656
-27.12872314453125,27.446685791015625,-264.70770263671875
-28.594482421875,27.485702514648438,-265.5498046875
-30.185546875,27.947296142578125,-266.54852294921875
-30.78118896484375,28.672271728515625,-267.53326416015625
-31.90423583984375,28.531539916992188,-268.1689758300781
-32.995513916015625,28.804962158203125,-269.1265563964844
-33.71150207519531,28.683914184570312,-269.97882080078125
-34.92913818359375,28.89727783203125,-270.4285888671875
-35.0595703125,28.779617309570312,-271.23455810546875
-35.34783935546875,28.690383911132812,-272.2417907714844
-35.639068603515625,29.193206787109375,-272.58526611328125
-35.65199279785156,28.961761474609375,-273.8770751953125
-35.59832763671875,28.810104370117188,-274.3699951171875
-35.794189453125,29.184555053710938,-275.421630859375
-35.17254638671875,28.991714477539062,-275.96136474609375
-35.11753845214844,28.909774780273438,-276.16943359375
-34.761932373046875,29.048721313476562,-276.7174072265625
-34.695220947265625,28.932891845703125,-276.8570556640625
-34.093505859375,29.049942016601562,-277.54656982421875
-33.25901794433594,28.775955200195312,-278.01708984375
-32.85224914550781,28.984756469726562,-277.4503173828125
-32.19721984863281,29.247467041015625,-277.6060485839844
-31.370529174804688,28.645263671875,-277.3394775390625
-30.297622680664062,29.054031372070312,-277.972900390625
-29.37322998046875,28.652694702148438,-277.96234130859375
-29.117630004882812,28.681350708007812,-277.564697265625
-27.848052978515625,28.965301513671875,-276.76275634765625
-26.642349243164062,28.5635986328125,-276.9153747558594
-26.167724609375,28.615829467773438,-276.16400146484375
-25.11712646484375,28.715255737304688,-275.2179870605469
-24.232696533203125,28.534271240234375,-274.5368347167969
-22.632461547851562,28.489639282226562,-273.5375671386719
-21.4033203125,27.967056274414062,-272.4327392578125
-20.526153564453125,27.379776000976562,-270.8582763671875
-18.89068603515625,27.23858642578125,-269.552001953125
-17.48846435546875,26.4754638671875,-268.867919921875
-15.872085571289062,26.3350830078125,-267.19317626953125
-14.197555541992188,25.527679443359375,-266.36376953125
-13.008255004882812,25.1136474609375,-265.208740234375
-11.307342529296875,23.697189331054688,-263.5305480957031
-10.238235473632812,22.997726440429688,-262.4268493652344
-8.496902465820312,22.121109008789062,-261.5287170410156
-7.1290283203125,20.597564697265625,-260.1839904785156
-5.8942108154296875,19.825119018554688,-258.4940185546875
-4.4651641845703125,18.756454467773438,-256.7451477050781
-3.4261322021484375,17.530242919921875,-255.7869415283203
-2.257354736328125,16.223129272460938,-254.63336181640625
-1.04095458984375,14.47979736328125,-253.76368713378906
0.3682098388671875,13.4449462890625,-252.6310577392578
1.237396240234375,11.784439086914062,-252.07073974609375
2.5013275146484375,11.049697875976562,-251.11915588378906
2.793121337890625,9.324600219726562,-250.7991485595703
4.04730224609375,8.240570068359375,-249.81600952148438
4.7230072021484375,7.120941162109375,-249.5898895263672
5.447174072265625,5.9703826904296875,-248.92848205566406
6.03753662109375,5.363616943359375,-248.80758666992188
6.459259033203125,4.681610107421875,-248.51316833496094
7.0999298095703125,3.86090087890625,-248.9548797607422
7.7335968017578125,3.3643798828125,-248.4750213623047
7.9643402099609375,2.660736083984375,-248.4790496826172
8.4918212890625,2.7650909423828125,-248.3118133544922
8.690292358398438,2.9372100830078125,-248.6120147705078
9.129806518554688,2.4146728515625,-249.04713439941406
9.38116455078125,2.8415985107421875,-249.64501953125
9.596710205078125,2.6356658935546875,-249.56443786621094
9.620376586914062,3.1077880859375,-249.94424438476562
9.757766723632812,3.4577484130859375,-250.39675903320312
9.88482666015625,4.0361175537109375,-250.22789001464844
10.14935302734375,4.627349853515625,-250.8155059814453
10.375625610351562,4.526641845703125,-251.09027099609375
10.397171020507812,5.0976104736328125,-251.40777587890625
10.460189819335938,5.854827880859375,-251.645751953125
10.563339233398438,5.9546966552734375,-252.06521606445312
10.335586547851562,6.72540283203125,-252.38734436035156
10.44708251953125,7.0864105224609375,-252.41799926757812
10.426620483398438,7.6713104248046875,-252.86070251464844
10.103607177734375,8.036666870117188,-252.9766845703125
9.846527099609375,8.478103637695312,-253.1458282470703
9.431442260742188,9.027999877929688,-252.19943237304688
9.204193115234375,9.513168334960938,-252.354736328125
8.67779541015625,9.769195556640625,-251.46165466308594
8.635787963867188,10.701187133789062,-251.4479217529297
7.8131866455078125,11.259735107421875,-251.93190002441406
7.2325592041015625,11.820266723632812,-251.4980010986328
6.501739501953125,12.500503540039062,-251.4267120361328
5.8248138427734375,13.348220825195312,-251.39019775390625
4.6608123779296875,14.605804443359375,-251.11181640625
3.40069580078125,15.654083251953125,-250.20338439941406
2.0032501220703125,16.718551635742188,-250.5613250732422
0.9267730712890625,17.606231689453125,-249.9948272705078
-0.2808685302734375,18.472640991210938,-249.90953063964844
-1.58880615234375,19.203994750976562,-249.37254333496094
-2.5969696044921875,19.628738403320312,-249.07858276367188
-3.4380645751953125,20.382461547851562,-249.13632202148438
-4.3643951416015625,20.943618774414062,-248.10377502441406
-5.7473297119140625,20.93927001953125,-247.7996063232422
-6.4184417724609375,21.980880737304688,-247.6750030517578
-7.0920867919921875,22.242507934570312,-247.34860229492188
-8.049728393554688,22.736801147460938,-247.4117889404297
-8.945953369140625,23.118377685546875,-247.61781311035156
-9.995559692382812,23.711074829101562,-247.92770385742188
-10.791549682617188,24.618942260742188,-248.21542358398438
-12.050735473632812,25.084228515625,-248.8241729736328
-12.680343627929688,25.95556640625,-249.3426513671875
-13.752090454101562,27.019363403320312,-250.4990234375
-15.230148315429688,27.232696533203125,-251.31072998046875
-16.02606201171875,28.254806518554688,-251.68948364257812
-17.42095947265625,29.039047241210938,-252.43101501464844
-18.8533935546875,29.767486572265625,-254.1536407470703
-19.478988647460938,30.488525390625,-255.58175659179688
-21.112548828125,30.6728515625,-256.589111328125
-22.150238037109375,32.01402282714844,-257.80462646484375
-23.454803466796875,32.65412902832031,-259.18011474609375
-25.149459838867188,33.32243347167969,-261.28643798828125
-25.754653930664062,33.90910339355469,-262.5098876953125
-27.503204345703125,33.83857727050781,-263.92578125
-28.7740478515625,34.605010986328125,-265.18701171875
-29.638015747070312,34.588134765625,-266.46759033203125
-30.69830322265625,34.90423583984375,-268.05316162109375
-31.93896484375,35.10459899902344,-269.2200622558594
-32.49800109863281,35.100616455078125,-270.467041015625
-33.93534851074219,35.516265869140625,-271.697998046875
-34.249786376953125,35.25408935546875,-272.7274169921875
-35.13679504394531,35.12495422363281,-274.2851867675781
-35.579132080078125,35.58331298828125,-274.70037841796875
-36.26014709472656,35.53753662109375,-276.0638427734375
-36.899658203125,35.58355712890625,-277.30450439453125
-37.146697998046875,35.22865295410156,-277.89752197265625
-37.5718994140625,35.16224670410156,-278.79315185546875
-38.0589599609375,35.3880615234375,-280.10296630859375
-38.29847717285156,34.991241455078125,-281.1488037109375
-38.82305908203125,35.41778564453125,-281.771728515625
-38.618011474609375,35.71807861328125,-281.8556823730469
-39.40449523925781,35.39750671386719,-282.9786376953125
-39.74391174316406,35.85111999511719,-283.2837829589844
-39.945587158203125,35.60145568847656,-283.05035400390625
-39.92741394042969,36.052154541015625,-283.4136657714844
-39.94160461425781,36.458709716796875,-283.3177490234375
-39.82292175292969,36.44776916503906,-283.2637634277344
-39.38873291015625,36.984832763671875,-283.691162109375
-39.35032653808594,37.30314636230469,-282.8043212890625
-39.175689697265625,37.96318054199219,-283.057861328125
-38.91729736328125,38.92823791503906,-282.01959228515625
-38.41477966308594,39.10809326171875,-281.223876953125
-38.62538146972656,39.94041442871094,-279.806640625
-37.30827331542969,40.271575927734375,-279.1355895996094
-36.89691162109375,41.2257080078125,-277.4036865234375
-35.318450927734375,41.78138732910156,-275.07171630859375
-34.30406188964844,42.30479431152344,-273.1585693359375
-32.797210693359375,43.56248474121094,-270.9603576660156
-31.081695556640625,43.987884521484375,-269.030517578125
-29.074264526367188,44.79463195800781,-266.90936279296875
-26.633346557617188,45.117034912109375,-264.523681640625
-24.044036865234375,45.1922607421875,-262.1247863769531
-21.016265869140625,45.430572509765625,-260.57269287109375
-18.265731811523438,44.9720458984375,-258.76953125
-15.217178344726562,44.53645324707031,-257.2515563964844
-11.470245361328125,44.361968994140625,-255.2982940673828
-8.14056396484375,43.36383056640625,-253.28260803222656
-5.15045166015625,42.703521728515625,-251.53659057617188
-1.6602783203125,41.291717529296875,-250.21426391601562
1.311248779296875,39.923095703125,-248.43641662597656
5.150421142578125,38.79595947265625,-247.12060546875
7.7678375244140625,36.83235168457031,-245.65029907226562
10.458251953125,34.90586853027344,-244.2893524169922
12.9970703125,32.59992980957031,-243.5663299560547
15.6026611328125,30.961715698242188,-242.50094604492188
18.4737548828125,28.368896484375,-241.52490234375
20.808563232421875,26.118606567382812,-240.2635040283203
22.507858276367188,24.110382080078125,-239.8060302734375
24.309310913085938,21.25177001953125,-238.79444885253906
26.29083251953125,19.509536743164062,-239.140625
27.745773315429688,17.505340576171875,-238.14170837402344
29.289993286132812,15.926864624023438,-238.58209228515625
30.831939697265625,14.266738891601562,-238.39096069335938
32.25299072265625,12.80377197265625,-238.3181915283203
33.54084777832031,11.449111938476562,-238.71685791015625
34.90403747558594,9.913192749023438,-239.09906005859375
35.887786865234375,9.234542846679688,-239.40457153320312
36.48396301269531,8.361129760742188,-240.56686401367188
37.63951110839844,7.077239990234375,-240.96006774902344
38.68424987792969,6.4625091552734375,-241.43994140625
39.1697998046875,6.0390777587890625,-241.31884765625
39.83433532714844,5.67730712890625,-241.49533081054688
40.68611145019531,5.825042724609375,-241.79647827148438
41.39421081542969,4.64886474609375,-241.43408203125
41.4986572265625,4.492431640625,-241.43560791015625
42.269775390625,4.5459136962890625,-241.77841186523438
42.433013916015625,4.3177490234375,-241.70884704589844
42.793487548828125,4.7229156494140625,-241.24774169921875
43.042816162109375,4.5355987548828125,-241.20985412597656
42.65687561035156,4.7807769775390625,-240.67141723632812
42.81517028808594,5.0653533935546875,-240.05950927734375
42.80097961425781,5.4449462890625,-239.69725036621094
43.11518859863281,6.16973876953125,-238.958984375
43.00761413574219,6.5778656005859375,-238.5579071044922
42.742156982421875,7.1757965087890625,-237.73524475097656
42.71400451660156,7.9942779541015625,-238.03465270996094
42.457122802734375,8.828842163085938,-236.6012725830078
42.4332275390625,9.979812622070312,-236.08688354492188
41.98858642578125,11.200515747070312,-236.4630889892578
41.5648193359375,12.82440185546875,-236.04327392578125
41.015289306640625,14.8741455078125,-235.60250854492188
40.1497802734375,16.4434814453125,-235.46456909179688
39.56626892089844,18.843765258789062,-234.8154754638672
38.24903869628906,20.615127563476562,-234.5169219970703
37.192718505859375,23.117324829101562,-234.36404418945312
36.40869140625,25.285797119140625,-234.06214904785156
34.95906066894531,27.158538818359375,-233.86720275878906
33.93597412109375,29.234588623046875,-233.34091186523438
32.975067138671875,31.013900756835938,-233.62615966796875
31.48577880859375,33.32432556152344,-233.61199951171875
30.252792358398438,35.224639892578125,-233.25059509277344
28.979583740234375,36.75859069824219,-233.63885498046875
27.966690063476562,39.010223388671875,-233.99526977539062
26.611358642578125,41.19889831542969,-233.90762329101562
25.596588134765625,43.22442626953125,-234.0487518310547
24.044204711914062,45.23054504394531,-234.63040161132812
22.902420043945312,46.85627746582031,-235.22476196289062
21.340255737304688,48.938934326171875,-235.7176513671875
19.63690185546875,51.020660400390625,-236.3280029296875
18.14630126953125,52.742401123046875,-237.5654754638672
16.11907958984375,55.34342956542969,-238.42843627929688
14.083969116210938,57.64447021484375,-239.02330017089844
11.786270141601562,59.89576721191406,-240.79515075683594
9.804229736328125,62.54345703125,-242.41636657714844
7.2900390625,64.35125732421875,-244.88172912597656
4.6549072265625,67.15301513671875,-247.39273071289062
2.4402008056640625,69.21296691894531,-249.8565673828125
0.1463165283203125,71.078857421875,-253.055419921875
-2.09912109375,72.92259216308594,-256.043212890625
-4.6904296875,74.50691223144531,-260.17889404296875
-7.3110504150390625,76.05224609375,-263.4891357421875
-9.385284423828125,76.54466247558594,-267.18438720703125
-11.53424072265625,77.59945678710938,-270.93939208984375
-13.295578002929688,78.08531188964844,-274.466796875
-15.061859130859375,78.54508972167969,-278.3766784667969
-16.72344970703125,79.08876037597656,-281.4041748046875
-17.737136840820312,79.35205078125,-284.5107727050781
-18.986572265625,79.48861694335938,-287.433837890625
-19.843154907226562,79.56204223632812,-290.0289306640625
-20.475875854492188,79.1634521484375,-291.9122009277344
-21.176681518554688,79.93182373046875,-293.6866760253906
-21.515106201171875,79.579833984375,-294.4214782714844
-21.810516357421875,80.14607238769531,-295.4925537109375
-21.550827026367188,80.65461730957031,-296.980712890625
-21.647933959960938,81.02937316894531,-296.54937744140625
-21.717437744140625,81.71818542480469,-296.36395263671875
-21.5728759765625,82.61904907226562,-295.87109375
-21.384506225585938,82.92381286621094,-294.922119140625
-20.394119262695312,83.74446105957031,-293.960693359375
-19.743072509765625,84.65415954589844,-292.760986328125
-18.9354248046875,85.56593322753906,-290.6136779785156
-16.674346923828125,86.04779052734375,-288.8174133300781
-15.153121948242188,86.31645202636719,-287.32666015625
-12.798126220703125,86.96734619140625,-285.48150634765625
-10.657745361328125,87.15934753417969,-283.55126953125
-8.068527221679688,87.27560424804688,-282.24932861328125
-5.2659454345703125,86.99143981933594,-279.51031494140625
-2.3639068603515625,86.06538391113281,-277.46142578125
0.9302215576171875,85.60440063476562,-275.32989501953125
3.9644775390625,84.46792602539062,-272.05523681640625
6.908111572265625,83.18531799316406,-269.7179260253906
10.65478515625,81.39865112304688,-266.5687255859375
13.87469482421875,78.76722717285156,-263.92413330078125
17.778854370117188,76.13168334960938,-260.3490905761719
21.0340576171875,72.71212768554688,-257.79486083984375
24.603668212890625,68.76185607910156,-255.11328125
28.094818115234375,64.34068298339844,-252.6420440673828
30.9166259765625,59.38951110839844,-250.03919982910156
33.867828369140625,54.70359802246094,-247.65162658691406
35.86231994628906,48.81410217285156,-245.3063201904297
37.8101806640625,43.44306945800781,-243.49676513671875
39.7779541015625,37.83567810058594,-241.17520141601562
40.670379638671875,32.22138977050781,-240.42115783691406
41.7059326171875,26.5787353515625,-238.91671752929688
42.24440002441406,20.94793701171875,-237.7850341796875
42.17491149902344,15.947830200195312,-236.43971252441406
42.22987365722656,10.932403564453125,-235.9437713623047
41.64764404296875,5.72894287109375,-235.76097106933594
41.286163330078125,1.45953369140625,-235.77317810058594
40.35369873046875,-2.958038330078125,-235.6696319580078
39.47015380859375,-6.828033447265625,-235.89048767089844
39.0408935546875,-10.5396728515625,-236.39431762695312
38.14448547363281,-13.604583740234375,-237.04354858398438
37.265960693359375,-16.183029174804688,-237.1385040283203
36.435882568359375,-18.911636352539062,-238.68203735351562
35.852508544921875,-21.20916748046875,-239.5823974609375
35.23890686035156,-23.181869506835938,-240.9486541748047
34.49143981933594,-24.822860717773438,-241.87506103515625
34.052886962890625,-26.102493286132812,-243.01358032226562
33.28907775878906,-27.308181762695312,-244.4713592529297
32.975921630859375,-28.0711669921875,-245.44432067871094
32.28436279296875,-28.535186767578125,-246.2689971923828
32.03559875488281,-28.9625244140625,-247.82513427734375
31.598541259765625,-29.736984252929688,-248.6157989501953
31.185867309570312,-29.931365966796875,-249.53565979003906
30.474395751953125,-30.251663208007812,-250.6365203857422
30.025039672851562,-29.951828002929688,-250.92433166503906
29.554519653320312,-30.1881103515625,-251.23866271972656
28.804168701171875,-29.701934814453125,-251.38101196289062
28.399917602539062,-29.691375732421875,-251.06932067871094
27.883529663085938,-29.42724609375,-251.44927978515625
26.91937255859375,-29.421981811523438,-251.49722290039062
26.976486206054688,-29.030746459960938,-251.11935424804688
26.648330688476562,-28.651336669921875,-250.23471069335938
25.616287231445312,-27.987411499023438,-249.9862518310547
25.18719482421875,-27.447952270507812,-249.2492218017578
25.005859375,-26.493484497070312,-248.4642791748047
24.096420288085938,-26.223495483398438,-248.03021240234375
23.820693969726562,-25.424118041992188,-247.21630859375
23.497955322265625,-25.091827392578125,-246.48696899414062
23.044906616210938,-24.301589965820312,-246.4786834716797
23.1859130859375,-23.548416137695312,-246.3404541015625
22.568984985351562,-22.336044311523438,-245.82839965820312
22.817916870117188,-21.267074584960938,-245.89161682128906
22.41693115234375,-19.678268432617188,-245.9812774658203
22.492935180664062,-18.444625854492188,-245.84442138671875
22.113067626953125,-17.079544067382812,-245.89356994628906
21.627578735351562,-15.843353271484375,-245.49493408203125
21.558273315429688,-14.158737182617188,-244.74070739746094
21.042465209960938,-12.230117797851562,-245.07835388183594
20.557968139648438,-11.274612426757812,-244.78164672851562
20.065887451171875,-9.403564453125,-244.36395263671875
19.398513793945312,-7.9550323486328125,-244.00238037109375
18.946746826171875,-6.8620147705078125,-243.4194793701172
18.654129028320312,-6.178375244140625,-243.0103302001953
18.296554565429688,-4.991546630859375,-242.31358337402344
17.590530395507812,-3.5417633056640625,-241.59378051757812
16.96112060546875,-2.6512298583984375,-241.5452880859375
16.51690673828125,-1.6084136962890625,-241.3893280029297
16.35089111328125,-0.1915740966796875,-240.9925537109375
15.66290283203125,0.5659942626953125,-240.84519958496094
15.388671875,1.684600830078125,-240.38348388671875
14.6614990234375,3.0584869384765625,-240.57534790039062
14.022537231445312,4.1313323974609375,-240.55430603027344
13.48211669921875,5.4337005615234375,-239.7548065185547
12.892364501953125,6.9342803955078125,-239.89849853515625
12.133926391601562,8.453536987304688,-240.12701416015625
11.3436279296875,10.18994140625,-239.86795043945312
10.598663330078125,12.044891357421875,-240.2684326171875
9.447052001953125,13.99517822265625,-240.70497131347656
8.823501586914062,15.197586059570312,-241.13015747070312
7.560089111328125,17.444061279296875,-241.6724853515625
6.5063629150390625,19.03802490234375,-242.56399536132812
5.855194091796875,20.641281127929688,-243.17970275878906
4.5848236083984375,22.2841796875,-243.9185333251953
3.9863739013671875,23.62066650390625,-244.9682159423828
2.9022369384765625,25.342529296875,-245.7342987060547
1.67584228515625,26.720550537109375,-246.60415649414062
0.893585205078125,27.731033325195312,-248.0357666015625
0.05609130859375,28.674026489257812,-248.5556182861328
-1.0391082763671875,29.229843139648438,-249.53590393066406
-1.88189697265625,30.1376953125,-250.35369873046875
-2.79217529296875,30.532455444335938,-251.0857391357422
-3.554351806640625,31.14666748046875,-251.38909912109375
-4.2037353515625,31.270538330078125,-252.63458251953125
-4.9901580810546875,31.771286010742188,-252.72608947753906
-5.451202392578125,31.957672119140625,-253.4062042236328
-5.7791595458984375,31.77947998046875,-253.6551971435547
-5.973052978515625,31.682891845703125,-253.8101806640625
-6.30572509765625,31.173355102539062,-254.44155883789062
-7.0270233154296875,30.764663696289062,-254.3769989013672
-7.457977294921875,30.521514892578125,-254.62051391601562
-7.6197357177734375,30.18310546875,-254.55645751953125
-8.155349731445312,29.375534057617188,-254.51036071777344
-8.374176025390625,28.901443481445312,-254.7838897705078
-8.303863525390625,27.7730712890625,-254.6376953125
-8.385696411132812,26.759796142578125,-254.9597625732422
-8.2740478515625,26.154449462890625,-254.86575317382812
-8.866622924804688,25.043212890625,-255.49835205078125
-8.488876342773438,23.961334228515625,-255.38131713867188
-8.782012939453125,22.895339965820312,-255.25241088867188
-8.757476806640625,21.986083984375,-255.51101684570312
-8.87652587890625,20.439346313476562,-255.28671264648438
-8.521774291992188,19.342849731445312,-255.10923767089844
-8.0032958984375,17.921218872070312,-255.63821411132812
-7.865203857421875,16.794891357421875,-255.8857421875
-7.712158203125,15.494659423828125,-255.4873046875
-7.422119140625,14.548660278320312,-256.0576171875
-6.8834381103515625,13.234817504882812,-255.828369140625
-6.108795166015625,12.147125244140625,-255.78773498535156
-5.4266510009765625,10.308853149414062,-255.9049072265625
-4.8048553466796875,9.160980224609375,-256.13543701171875
-4.1083526611328125,8.037841796875,-256.4552917480469
-3.7376251220703125,6.6355133056640625,-256.08282470703125
-3.03985595703125,5.6950531005859375,-255.6667022705078
-2.551727294921875,4.1574859619140625,-256.0670471191406
-1.55224609375,2.5588531494140625,-256.0297546386719
-1.1250457763671875,1.6600494384765625,-255.53219604492188
-0.3662109375,-0.2797698974609375,-254.5590362548828
0.0013885498046875,-1.25732421875,-254.20602416992188
0.527099609375,-2.3557281494140625,-254.37327575683594
0.8647613525390625,-3.933837890625,-254.11163330078125
1.2772979736328125,-5.5253448486328125,-253.66053771972656
1.53033447265625,-6.8427581787109375,-253.67608642578125
1.5936737060546875,-7.87359619140625,-253.53013610839844
2.11395263671875,-8.716659545898438,-253.25643920898438
2.2187652587890625,-9.96875,-253.43133544921875
2.689361572265625,-10.77484130859375,-253.59632873535156
2.928436279296875,-11.93072509765625,-253.9768829345703
3.3095855712890625,-12.475296020507812,-254.3345489501953
3.215576171875,-12.621353149414062,-254.3094024658203
3.568328857421875,-13.033843994140625,-255.10032653808594
3.9132843017578125,-13.541961669921875,-255.14801025390625
3.859771728515625,-14.106719970703125,-255.68756103515625
4.0193328857421875,-14.501068115234375,-256.52252197265625
4.2093505859375,-14.910385131835938,-256.6112365722656
4.143524169921875,-14.975967407226562,-256.6573486328125
4.3398284912109375,-14.961212158203125,-256.6991271972656
3.885650634765625,-15.09698486328125,-257.15118408203125
4.3092193603515625,-14.980148315429688,-257.52020263671875
4.7130889892578125,-15.084152221679688,-257.2489318847656
4.0862884521484375,-14.73431396484375,-257.63873291015625
4.0853729248046875,-14.677276611328125,-257.9481506347656
3.8475341796875,-14.427291870117188,-257.92572021484375
3.9813232421875,-14.71533203125,-257.6611328125
3.98876953125,-14.152145385742188,-257.4683837890625
3.172882080078125,-13.758255004882812,-258.02764892578125
3.5705718994140625,-13.50970458984375,-258.3238525390625
3.193603515625,-13.038604736328125,-258.10748291015625
3.130401611328125,-12.80657958984375,-257.7110900878906
2.7453460693359375,-12.033966064453125,-257.92987060546875
2.5836334228515625,-11.829437255859375,-258.22772216796875
2.76885986328125,-11.23150634765625,-257.7801513671875
2.013580322265625,-10.8648681640625,-257.895263671875
1.8736724853515625,-9.780426025390625,-258.2435302734375
1.7176666259765625,-9.224502563476562,-258.48486328125
1.0740203857421875,-8.648361206054688,-257.92938232421875
0.7382354736328125,-7.4630279541015625,-258.0015869140625
-0.207916259765625,-6.7120819091796875,-257.54095458984375
-0.6670379638671875,-5.3795623779296875,-258.4825744628906
-1.2581939697265625,-4.4611968994140625,-257.4002685546875
-2.3244476318359375,-3.8335418701171875,-257.5186462402344
-2.8535919189453125,-3.071136474609375,-256.78179931640625
-3.795623779296875,-2.194671630859375,-257.0509338378906
-4.1820220947265625,-1.8515777587890625,-256.36572265625
-4.6836700439453125,-1.18988037109375,-256.11785888671875
-5.4843597412109375,-0.7401123046875,-256.45849609375
-5.6490478515625,0.18505859375,-256.07916259765625
-6.066009521484375,0.3150177001953125,-256.0340576171875
-6.4769744873046875,0.927337646484375,-255.9906005859375
-7.2147216796875,1.483184814453125,-255.99273681640625
-7.398193359375,1.87249755859375,-256.2972717285156
-7.8278350830078125,2.4271240234375,-256.70465087890625
-8.432266235351562,3.3326873779296875,-257.1307373046875
-9.087966918945312,3.7887115478515625,-257.40087890625
-9.485992431640625,4.69549560546875,-257.7236022949219
-10.137649536132812,4.9318695068359375,-258.1505126953125
-10.335617065429688,5.6319427490234375,-258.82379150390625
-10.785934448242188,6.529541015625,-259.1246337890625
-11.67041015625,7.194793701171875,-260.0205078125
-12.268661499023438,8.174835205078125,-260.65045166015625
-13.314041137695312,8.695526123046875,-262.17340087890625
-14.0712890625,9.603958129882812,-262.4117736816406
-15.062332153320312,10.38385009765625,-263.1883544921875
-15.746063232421875,11.148818969726562,-264.13153076171875
-16.639114379882812,11.755615234375,-264.406982421875
-17.995223999023438,12.355804443359375,-265.0482177734375
-18.661102294921875,13.558868408203125,-265.91546630859375
-19.896652221679688,13.74310302734375,-266.41973876953125
-20.354415893554688,14.184951782226562,-267.4012451171875
-21.546234130859375,14.70538330078125,-267.91455078125
-22.578506469726562,15.055099487304688,-268.63348388671875
-23.021240234375,15.305511474609375,-268.9024963378906
-24.025100708007812,15.575363159179688,-269.03924560546875
-24.831283569335938,15.654525756835938,-269.5459899902344
-25.424407958984375,16.418869018554688,-269.10693359375
-26.455154418945312,15.971099853515625,-269.7937316894531
-26.978286743164062,16.320510864257812,-269.8740234375
-27.079208374023438,16.19317626953125,-270.60906982421875
-27.605056762695312,16.656875610351562,-270.79052734375
-28.250457763671875,16.618911743164062,-271.13824462890625
-28.223953247070312,16.709335327148438,-270.9054260253906
-28.515792846679688,16.471603393554688,-271.0960693359375
-28.726425170898438,16.544845581054688,-271.96014404296875
-28.656845092773438,16.469573974609375,-271.9447021484375
-28.937164306640625,16.685943603515625,-272.0333251953125
-29.000137329101562,16.532440185546875,-271.91796875
-28.963287353515625,16.560104370117188,-272.342041015625
-29.371078491210938,16.61492919921875,-272.42486572265625
-28.964553833007812,16.198394775390625,-272.04644775390625
-29.20941162109375,16.784576416015625,-272.087646484375
-28.945510864257812,16.416122436523438,-271.1962890625
-28.69488525390625,16.777481079101562,-270.7032470703125
-28.869430541992188,16.339370727539062,-271.36968994140625
-28.40606689453125,16.345840454101562,-271.17803955078125
-27.950302124023438,16.186233520507812,-271.5023498535156
-27.709213256835938,16.178115844726562,-270.968994140625
-27.222702026367188,16.281539916992188,-270.596923828125
-27.058792114257812,15.951568603515625,-270.3161926269531
-26.50201416015625,16.189422607421875,-269.70965576171875
-25.930450439453125,16.195571899414062,-269.12359619140625
-25.770843505859375,15.848342895507812,-268.30914306640625
-25.0146484375,15.64813232421875,-268.52294921875
-23.9503173828125,15.79815673828125,-267.68951416015625
-23.256072998046875,15.110870361328125,-267.47833251953125
-21.812347412109375,15.20001220703125,-267.04095458984375
-20.722335815429688,14.738693237304688,-266.19854736328125
-19.620620727539062,14.178207397460938,-265.565673828125
-18.292922973632812,14.500900268554688,-265.20538330078125
-17.2099609375,13.232650756835938,-264.88128662109375
-15.753326416015625,13.161163330078125,-263.7416687011719
-14.541275024414062,12.61895751953125,-263.42431640625
-13.552200317382812,12.002410888671875,-261.9965515136719
-12.252883911132812,11.311233520507812,-261.025634765625
-10.964187622070312,10.554046630859375,-260.111083984375
-10.494354248046875,9.887557983398438,-259.34478759765625
-9.0533447265625,9.0540771484375,-257.624755859375
-8.073654174804688,8.113418579101562,-256.50885009765625
-7.376007080078125,7.32611083984375,-256.137451171875
-6.417510986328125,6.4370269775390625,-255.69741821289062
-5.6859283447265625,5.49224853515625,-254.65655517578125
-4.8311920166015625,4.5645751953125,-253.76377868652344
-4.4833984375,3.5018768310546875,-253.31106567382812
-3.5204925537109375,2.8250732421875,-252.76136779785156
-3.06878662109375,1.5853271484375,-251.7858428955078
-1.97100830078125,0.802703857421875,-251.76585388183594
-1.261474609375,-0.06304931640625,-251.4518585205078
-1.1313629150390625,-1.0323944091796875,-250.75697326660156
-0.187347412109375,-1.92718505859375,-251.19166564941406
0.4727783203125,-2.5498809814453125,-250.92984008789062
0.56134033203125,-3.47320556640625,-250.60006713867188
1.2188873291015625,-3.8486480712890625,-250.44204711914062
1.361297607421875,-4.43890380859375,-250.07723999023438
1.9535675048828125,-4.765350341796875,-249.96363830566406
2.312957763671875,-5.4833221435546875,-250.29302978515625
2.130950927734375,-6.0283050537109375,-250.04595947265625
2.6728057861328125,-6.1551971435546875,-250.1394805908203
2.5490264892578125,-6.3336029052734375,-249.92349243164062
3.0233001708984375,-6.7410430908203125,-249.41790771484375
3.1066741943359375,-6.8999176025390625,-249.4699249267578
3.4700164794921875,-6.742767333984375,-249.85055541992188
3.37884521484375,-6.9925079345703125,-248.91229248046875
3.0873565673828125,-6.8404541015625,-248.57896423339844
3.065704345703125,-6.618377685546875,-248.26953125
2.8089447021484375,-6.7075653076171875,-248.83856201171875
2.7406158447265625,-6.025299072265625,-248.2190399169922
2.6670684814453125,-5.930755615234375,-247.58370971679688
2.41351318359375,-5.458038330078125,-247.7777557373047
2.2978515625,-5.226776123046875,-247.28759765625
1.9705657958984375,-4.41534423828125,-247.1934051513672
1.8771820068359375,-3.6892242431640625,-247.8465576171875
1.3252410888671875,-3.1265106201171875,-247.12339782714844
0.6779632568359375,-2.1024169921875,-247.42971801757812
0.77423095703125,-0.787078857421875,-247.51016235351562
0.2707366943359375,0.3099822998046875,-247.5361328125
-0.297332763671875,1.5007171630859375,-247.19683837890625
-0.6097564697265625,2.464874267578125,-247.79991149902344
-1.595794677734375,3.9769134521484375,-248.4323272705078
-1.8917388916015625,5.2236328125,-248.3706512451172
-3.26190185546875,6.427520751953125,-249.0777130126953
-4.1724700927734375,8.073486328125,-250.13021850585938
-5.3248138427734375,9.597854614257812,-250.4713592529297
-7.0646820068359375,11.539718627929688,-250.69419860839844
-8.513427734375,13.25933837890625,-251.0547637939453
-10.525283813476562,14.409072875976562,-251.73464965820312
-12.12091064453125,15.724868774414062,-251.69595336914062
-13.591888427734375,16.443695068359375,-251.98106384277344
-15.186538696289062,17.419631958007812,-252.34686279296875
-16.623123168945312,17.981597900390625,-252.4409637451172
-17.579513549804688,18.6097412109375,-251.58206176757812
-18.76580810546875,18.954269409179688,-251.44691467285156
-19.178787231445312,19.014892578125,-251.33389282226562
-19.7030029296875,19.420547485351562,-251.1862335205078
-20.431427001953125,19.548553466796875,-251.5361328125
-20.393234252929688,19.876968383789062,-252.01742553710938
-20.986312866210938,19.990203857421875,-251.68106079101562
-21.179855346679688,20.384201049804688,-251.76768493652344
-21.85052490234375,20.904464721679688,-252.54837036132812
-22.400650024414062,21.347259521484375,-253.53948974609375
-23.273971557617188,21.729156494140625,-254.57115173339844
-24.083343505859375,21.8599853515625,-255.29100036621094
-24.7960205078125,23.166046142578125,-256.406494140625
-25.581878662109375,23.582382202148438,-257.01239013671875
-26.099609375,23.893325805664062,-258.3793640136719
-26.769378662109375,24.894241333007812,-260.38861083984375
-27.0697021484375,25.536178588867188,-261.5531005859375
-27.704833984375,26.14080810546875,-263.12115478515625
-28.248611450195312,26.289016723632812,-264.66607666015625
-28.018402099609375,26.731002807617188,-266.4384765625
-28.284500122070312,26.708892822265625,-267.9553527832031
-28.665496826171875,26.81329345703125,-269.9011535644531
-29.101669311523438,27.36572265625,-271.86474609375
-29.585205078125,27.639251708984375,-273.26300048828125
-29.610443115234375,27.199050903320312,-274.51080322265625
-29.711349487304688,27.481979370117188,-275.9932861328125
-30.167282104492188,27.337417602539062,-276.589111328125
-30.656021118164062,27.548492431640625,-277.6617431640625
-31.10968017578125,27.653091430664062,-279.04888916015625
-31.188095092773438,27.64202880859375,-278.95989990234375
-31.690460205078125,27.65643310546875,-279.0395202636719
-32.17523193359375,27.84326171875,-279.7705383300781
-32.40924072265625,28.129714965820312,-280.018310546875
-33.0704345703125,28.029037475585938,-280.57501220703125
-33.72981262207031,28.167037963867188,-279.935302734375
-33.568634033203125,28.359466552734375,-280.927734375
-34.433685302734375,28.66790771484375,-280.474609375
-34.226226806640625,28.953399658203125,-280.9232482910156
-34.73042297363281,28.761978149414062,-280.4783020019531
-34.88824462890625,28.902130126953125,-281.080322265625
-34.86198425292969,29.255996704101562,-280.6163330078125
-34.86773681640625,29.129623413085938,-280.8565368652344
-34.578765869140625,30.057785034179688,-280.7049560546875
-35.000213623046875,29.691299438476562,-280.0166931152344
-34.89935302734375,30.215789794921875,-279.8103942871094
-34.75209045410156,30.324661254882812,-279.49285888671875
-34.85862731933594,30.702926635742188,-279.1243591308594
-34.47100830078125,30.922637939453125,-278.61834716796875
-34.10304260253906,31.453109741210938,-277.38323974609375
-34.6455078125,31.492111206054688,-276.45013427734375
-34.24382019042969,31.639007568359375,-275.7908935546875
-33.59486389160156,31.267440795898438,-274.97296142578125
-33.11421203613281,31.519882202148438,-274.45404052734375
-32.385040283203125,31.768844604492188,-273.1561279296875
-31.217269897460938,31.896011352539062,-272.94073486328125
-30.484970092773438,31.423583984375,-271.15765380859375
-28.986984252929688,31.360107421875,-270.23046875
-27.965072631835938,31.027618408203125,-269.6078186035156
-26.202728271484375,30.777877807617188,-268.610595703125
-24.019866943359375,30.06878662109375,-267.6290588378906
-21.435333251953125,29.239303588867188,-266.7401123046875
-18.952484130859375,27.68060302734375,-265.7418518066406
-15.483154296875,26.510330200195312,-265.65411376953125
-12.317977905273438,25.246780395507812,-265.8140869140625
-8.844528198242188,23.244171142578125,-265.8330078125
-5.778717041015625,21.342849731445312,-266.1004333496094
-3.529571533203125,19.086898803710938,-266.56719970703125
-1.189788818359375,16.631378173828125,-265.9045715332031
1.104827880859375,14.488189697265625,-265.7139892578125
2.7006072998046875,12.461257934570312,-265.0805969238281
4.3166046142578125,10.306686401367188,-264.18927001953125
5.8296356201171875,7.71453857421875,-263.542724609375
7.1652984619140625,6.1542510986328125,-262.236572265625
7.8911285400390625,3.890716552734375,-261.2964172363281
8.491973876953125,1.67535400390625,-260.04498291015625
9.030990600585938,0.24163818359375,-259.432373046875
9.477783203125,-1.466705322265625,-259.3831787109375
9.959228515625,-2.750152587890625,-258.3138427734375
10.258865356445312,-4.147216796875,-257.97210693359375
10.358413696289062,-5.51025390625,-257.53411865234375
10.776580810546875,-6.4052734375,-257.180908203125
10.849838256835938,-7.9041290283203125,-256.6413879394531
10.9952392578125,-8.8721923828125,-256.11962890625
11.331161499023438,-10.059967041015625,-255.9829559326172
10.721847534179688,-10.677627563476562,-256.2629089355469
11.047561645507812,-11.953643798828125,-255.81813049316406
11.426528930664062,-12.345977783203125,-256.0330810546875
11.359344482421875,-12.746292114257812,-256.2048034667969
11.398681640625,-13.135986328125,-256.30792236328125
11.3880615234375,-13.502227783203125,-256.689697265625
11.686065673828125,-13.416168212890625,-257.2623291015625
11.568252563476562,-13.648422241210938,-257.10491943359375
11.474319458007812,-13.330825805664062,-257.25042724609375
11.473312377929688,-12.732498168945312,-257.79888916015625
11.207565307617188,-11.9647216796875,-257.84771728515625
11.400558471679688,-11.292816162109375,-258.8326416015625
11.386581420898438,-10.5499267578125,-258.69464111328125
11.124252319335938,-9.610641479492188,-259.13275146484375
10.670089721679688,-8.6357421875,-259.4548034667969
10.140548706054688,-7.771087646484375,-259.38287353515625
9.814971923828125,-6.732452392578125,-259.6915283203125
9.460601806640625,-5.5326080322265625,-259.87432861328125
9.0439453125,-4.50128173828125,-259.76751708984375
8.921035766601562,-3.707275390625,-260.1396484375
8.7169189453125,-3.1642303466796875,-260.7870178222656
9.049697875976562,-3.01470947265625,-261.02532958984375
8.978775024414062,-3.1175994873046875,-261.4404296875
8.8992919921875,-3.4215850830078125,-263.1627197265625
9.576080322265625,-3.2414398193359375,-263.849853515625
9.665512084960938,-3.352783203125,-265.22357177734375
9.8583984375,-3.7024078369140625,-266.0981140136719
9.921340942382812,-3.63067626953125,-267.1229248046875
9.83441162109375,-3.2120819091796875,-267.90106201171875
9.814651489257812,-3.3449554443359375,-268.2925720214844
9.868972778320312,-2.910186767578125,-268.52783203125
9.817733764648438,-2.739532470703125,-269.52728271484375
10.075057983398438,-2.8509063720703125,-269.8067626953125
9.8292236328125,-2.903228759765625,-270.716064453125
10.089187622070312,-3.0667724609375,-271.1806640625
9.940444946289062,-3.146881103515625,-271.005859375
10.0941162109375,-3.94683837890625,-271.48358154296875
10.190597534179688,-3.9457550048828125,-270.65875244140625
9.89447021484375,-4.1629791259765625,-270.6617431640625
10.011810302734375,-4.3092498779296875,-270.23992919921875
10.322158813476562,-4.5095977783203125,-269.7240295410156
10.082046508789062,-4.6443634033203125,-268.7464599609375
9.885848999023438,-4.7782745361328125,-267.69256591796875
9.619186401367188,-4.65985107421875,-267.67169189453125
9.595962524414062,-4.8373260498046875,-267.1273498535156
9.702484130859375,-4.6874237060546875,-267.1328125
9.45086669921875,-4.5477447509765625,-266.3954772949219
9.450820922851562,-4.3031768798828125,-266.28759765625
9.135498046875,-3.776092529296875,-266.6046142578125
9.206222534179688,-3.6566162109375,-266.35174560546875
8.88629150390625,-3.178680419921875,-266.65533447265625
8.611251831054688,-2.55157470703125,-266.8075866699219
8.414901733398438,-2.095458984375,-266.6700439453125
7.9106903076171875,-1.8445892333984375,-266.6812744140625
7.9573516845703125,-1.308197021484375,-267.35845947265625
7.55950927734375,-0.694976806640625,-267.180419921875
7.11004638671875,-0.1448822021484375,-267.5319519042969
7.0826263427734375,0.7227935791015625,-267.4645080566406
6.7390594482421875,1.480865478515625,-267.779541015625
6.370574951171875,2.2198333740234375,-268.4137878417969
5.87664794921875,2.9720001220703125,-268.437255859375
5.2079925537109375,3.7808074951171875,-269.31005859375
5.156097412109375,4.4684906005859375,-270.1539611816406
4.3450927734375,5.397308349609375,-270.305419921875
4.07025146484375,6.0441131591796875,-270.43133544921875
3.3477325439453125,6.8917694091796875,-271.72479248046875
2.5853729248046875,7.687774658203125,-271.6634521484375
2.225128173828125,8.506607055664062,-272.20562744140625
1.66339111328125,9.283172607421875,-273.1191101074219
1.0388031005859375,10.185638427734375,-274.25555419921875
0.50225830078125,10.688140869140625,-274.8272705078125
-0.239013671875,11.211837768554688,-275.4522705078125
-0.87005615234375,12.205795288085938,-276.6045227050781
-1.360687255859375,12.506759643554688,-277.3460388183594
-2.174835205078125,12.71575927734375,-277.6932373046875
-2.7906341552734375,13.53680419921875,-278.5931701660156
-3.0411529541015625,13.82061767578125,-278.9259033203125
-3.2994537353515625,14.227462768554688,-279.6003112792969
-4.009857177734375,14.039321899414062,-279.64178466796875
-4.18511962890625,14.240951538085938,-280.4899597167969
-4.103790283203125,14.111846923828125,-280.37396240234375
-4.33953857421875,14.38201904296875,-280.25732421875
-4.0875701904296875,14.551483154296875,-280.96685791015625
-3.83502197265625,14.252105712890625,-281.23248291015625
-3.6844940185546875,13.890060424804688,-280.595458984375
-3.7080535888671875,13.449493408203125,-280.56414794921875
-3.0032806396484375,13.367263793945312,-280.510009765625
-2.6552581787109375,12.87322998046875,-280.29364013671875
-2.599700927734375,12.577743530273438,-280.04046630859375
-2.073638916015625,11.799530029296875,-279.68109130859375
-1.07177734375,11.208297729492188,-279.1214599609375
-0.4591217041015625,10.447280883789062,-278.511962890625
0.20904541015625,9.879409790039062,-278.56170654296875
0.341339111328125,8.908432006835938,-277.6131591796875
1.31787109375,7.588592529296875,-277.4038391113281
2.3615875244140625,6.77508544921875,-276.5640869140625
2.722808837890625,5.580657958984375,-275.74774169921875
3.6432342529296875,4.6438751220703125,-275.87225341796875
4.238800048828125,2.95843505859375,-274.98590087890625
4.35614013671875,1.85919189453125,-274.5689697265625
5.4844512939453125,0.5862274169921875,-273.744384765625
5.7555694580078125,-1.011383056640625,-273.04888916015625
6.2203826904296875,-2.137664794921875,-272.626220703125
6.849334716796875,-3.745758056640625,-271.55120849609375
7.3706207275390625,-5.2799530029296875,-270.7984619140625
7.5431060791015625,-7.0118865966796875,-269.88189697265625
8.150527954101562,-8.828903198242188,-268.59088134765625
8.145263671875,-10.559982299804688,-268.34600830078125
8.54534912109375,-12.012649536132812,-267.2485046386719
8.644500732421875,-13.79449462890625,-266.0506591796875
8.602874755859375,-14.983673095703125,-265.4516296386719
8.625930786132812,-16.919174194335938,-264.21087646484375
8.169418334960938,-18.3134765625,-263.668212890625
7.823394775390625,-19.822052001953125,-262.7115783691406
7.54779052734375,-21.436904907226562,-262.0693359375
7.502105712890625,-22.861007690429688,-261.0440979003906
7.0461273193359375,-24.22296142578125,-260.12823486328125
6.4598388671875,-25.856887817382812,-259.4371337890625
5.6647796630859375,-26.896591186523438,-258.6572265625
5.432769775390625,-28.333541870117188,-257.09271240234375
4.4672088623046875,-29.0213623046875,-256.05133056640625
3.92315673828125,-30.1436767578125,-255.1767120361328
3.6199188232421875,-31.363677978515625,-254.4045867919922
2.82952880859375,-31.558441162109375,-253.9349365234375
2.0367279052734375,-32.10685729980469,-252.88026428222656
1.1524810791015625,-32.97125244140625,-251.7892303466797
0.7790985107421875,-32.8629150390625,-250.53775024414062
-0.34771728515625,-33.642242431640625,-249.6456756591797
-1.1341400146484375,-34.08953857421875,-248.69483947753906
-1.5931549072265625,-34.10162353515625,-248.31906127929688
-2.5985565185546875,-34.49186706542969,-246.93692016601562
-3.380523681640625,-34.10209655761719,-246.1353759765625
-4.41455078125,-33.70042419433594,-245.21051025390625
-4.8631591796875,-33.962890625,-244.27369689941406
-6.0046844482421875,-34.0478515625,-243.35736083984375
-6.737701416015625,-33.32069396972656,-242.6221923828125
-7.6005706787109375,-33.29869079589844,-242.11961364746094
-8.316986083984375,-32.83033752441406,-241.70814514160156
-8.968002319335938,-32.93049621582031,-241.19532775878906
-9.747390747070312,-33.06813049316406,-240.2488555908203
-9.7867431640625,-32.95701599121094,-239.8476104736328
-10.432281494140625,-32.593597412109375,-239.45150756835938
-11.2894287109375,-32.66404724121094,-239.3615264892578
-11.713119506835938,-32.25128173828125,-239.40396118164062
-11.669830322265625,-31.78076171875,-239.55172729492188
-11.68218994140625,-31.3184814453125,-238.8582305908203
-11.95843505859375,-30.677642822265625,-238.7135467529297
-12.321060180664062,-30.067916870117188,-238.91348266601562
-12.328781127929688,-29.639022827148438,-237.93338012695312
-13.150619506835938,-29.158721923828125,-237.46600341796875
-13.346405029296875,-28.637924194335938,-237.75001525878906
-14.042373657226562,-28.277481079101562,-236.96958923339844
-14.493515014648438,-27.67822265625,-236.90916442871094
-14.633590698242188,-27.43560791015625,-237.07754516601562
-15.198089599609375,-26.968841552734375,-236.93780517578125
-15.624969482421875,-26.1429443359375,-237.00372314453125
-15.918991088867188,-25.619979858398438,-237.17210388183594
-16.179412841796875,-24.653121948242188,-236.74964904785156
-16.778778076171875,-23.993118286132812,-236.0698699951172
-17.299026489257812,-23.214492797851562,-236.00404357910156
-17.68670654296875,-22.772018432617188,-235.4092254638672
-18.479217529296875,-22.654632568359375,-235.2651824951172
-19.003280639648438,-22.191940307617188,-235.19552612304688
-19.054763793945312,-21.963272094726562,-234.4086151123047
-19.503402709960938,-21.420578002929688,-234.46299743652344
-19.4342041015625,-20.953216552734375,-234.92662048339844
-20.079299926757812,-20.105010986328125,-234.791748046875
-20.233657836914062,-19.632736206054688,-234.54498291015625
-20.794952392578125,-18.814788818359375,-234.48570251464844
-21.367843627929688,-17.811676025390625,-234.18133544921875
-21.664657592773438,-17.308303833007812,-233.77389526367188
-21.900497436523438,-16.673095703125,-234.10166931152344
-22.27166748046875,-16.271133422851562,-233.94761657714844
-22.571014404296875,-15.899154663085938,-233.25306701660156
-22.667648315429688,-15.427398681640625,-232.86953735351562
-22.345001220703125,-15.095458984375,-232.51919555664062
-22.237396240234375,-14.320114135742188,-232.00279235839844
-21.991668701171875,-14.327682495117188,-231.61863708496094
-21.968780517578125,-13.8548583984375,-231.05227661132812
-21.7799072265625,-13.356643676757812,-230.495361328125
-21.417800903320312,-12.779922485351562,-230.1115264892578
-21.339614868164062,-12.731109619140625,-229.4355010986328
-20.761184692382812,-12.2041015625,-228.73846435546875
-20.107666015625,-11.660842895507812,-227.7953338623047
-19.447158813476562,-11.782257080078125,-227.07139587402344
-19.026199340820312,-11.13922119140625,-225.74285888671875
-18.189285278320312,-10.971923828125,-224.78326416015625
-17.757797241210938,-10.5982666015625,-223.5069580078125
-17.380599975585938,-10.209762573242188,-221.92074584960938
-17.014053344726562,-9.48394775390625,-219.89410400390625
-16.617019653320312,-9.038070678710938,-218.2383270263672
-16.23675537109375,-7.7892608642578125,-215.81614685058594
-16.750396728515625,-5.83935546875,-213.16690063476562
-17.09332275390625,-3.509490966796875,-210.46290588378906
-18.106124877929688,-1.049041748046875,-207.2100830078125
-19.5655517578125,2.2072906494140625,-204.3275146484375
-21.4993896484375,6.2025909423828125,-201.6500701904297
-23.38885498046875,10.509658813476562,-199.45465087890625
-26.259048461914062,15.461044311523438,-197.37701416015625
-29.28887939453125,21.210433959960938,-196.3352813720703
-32.8348388671875,27.126296997070312,-195.76661682128906
-37.59068298339844,33.02778625488281,-196.2073516845703
-41.521575927734375,38.717254638671875,-198.02203369140625
-46.21855163574219,43.93000793457031,-199.5960235595703
-50.67327880859375,49.442962646484375,-200.94232177734375
-55.4150390625,56.02964782714844,-203.8370361328125
-61.22734069824219,62.899261474609375,-207.64134216308594
-66.67628479003906,70.83763122558594,-212.7011260986328
-72.08543395996094,79.20745849609375,-217.90379333496094
-75.66633605957031,87.86444091796875,-223.01715087890625
-78.476318359375,95.94247436523438,-227.87374877929688
-77.7972412109375,101.41987609863281,-231.9174041748047
-72.4166259765625,101.86566162109375,-235.2454376220703
-64.55374145507812,96.89813232421875,-235.4014129638672
-56.656005859375,89.15614318847656,-237.22264099121094
-51.99998474121094,72.94560241699219,-247.24571228027344
-52.150634765625,65.07719421386719,-250.49041748046875
-53.26947021484375,64.33033752441406,-250.83448791503906
-53.169525146484375,63.52458190917969,-251.3930206298828
-53.277862548828125,63.16831970214844,-251.6576690673828
-53.656463623046875,62.79505920410156,-252.10203552246094
-53.73649597167969,62.26683044433594,-251.4112548828125
-54.03715515136719,62.242767333984375,-251.6668701171875
-54.26509094238281,61.753753662109375,-252.01072692871094
-54.236968994140625,61.905548095703125,-251.7084197998047
-54.38917541503906,62.162017822265625,-252.12481689453125
-54.850006103515625,62.214996337890625,-251.8134307861328
-54.808563232421875,61.969329833984375,-251.950927734375
-55.05015563964844,62.10267639160156,-251.7703094482422
-55.5916748046875,62.36883544921875,-251.08226013183594
-56.4471435546875,62.390380859375,-251.48223876953125
-56.776153564453125,62.27851867675781,-251.34230041503906
-56.74903869628906,62.423980712890625,-250.9072723388672
-57.233612060546875,62.93772888183594,-251.14732360839844
-57.23895263671875,62.78776550292969,-250.88475036621094
-57.11900329589844,63.27964782714844,-251.1695556640625
-57.52882385253906,63.832275390625,-251.30824279785156
-57.48445129394531,64.16587829589844,-250.7022247314453
-57.7266845703125,64.57234191894531,-250.96810913085938
-57.84619140625,64.68775939941406,-251.37086486816406
-58.21907043457031,65.01243591308594,-251.7425537109375
-58.29954528808594,65.24778747558594,-251.578125
-58.915191650390625,65.65809631347656,-251.5800018310547
-59.365447998046875,65.81913757324219,-251.96475219726562
-60.06416320800781,66.41253662109375,-251.60218811035156
-60.77955627441406,66.54881286621094,-251.9370574951172
-61.77484130859375,67.22679138183594,-251.91830444335938
-62.42230224609375,67.4971923828125,-251.90126037597656
-63.367218017578125,67.48765563964844,-251.8802490234375
-64.00010681152344,68.07525634765625,-251.9964141845703
-64.72225952148438,68.34120178222656,-252.02757263183594
-65.48825073242188,68.20086669921875,-251.86428833007812
-66.05177307128906,67.943115234375,-251.86962890625
-66.66725158691406,67.83515930175781,-251.84634399414062
-67.21894836425781,67.56472778320312,-251.47267150878906
-68.17117309570312,67.42071533203125,-251.5452423095703
-68.10261535644531,67.04019165039062,-251.29981994628906
-68.11065673828125,66.94700622558594,-250.93072509765625
-68.25067138671875,66.98500061035156,-250.7973175048828
-68.10110473632812,66.75990295410156,-250.09176635742188
-67.83758544921875,66.34695434570312,-250.45587158203125
-67.51803588867188,65.50668334960938,-249.41477966308594
-67.0654296875,65.08505249023438,-249.39212036132812
-66.54730224609375,64.20669555664062,-249.5366973876953
-65.92800903320312,64.00514221191406,-249.1826629638672
-65.81648254394531,63.436126708984375,-248.52072143554688
-65.11863708496094,63.051605224609375,-248.1022491455078
-64.571533203125,63.46156311035156,-248.5988311767578
-64.63082885742188,63.11064147949219,-248.66336059570312
-63.55645751953125,63.12815856933594,-248.7049102783203
-63.016998291015625,62.657745361328125,-247.8277130126953
-62.12644958496094,62.27923583984375,-247.8391876220703
-61.22297668457031,61.92437744140625,-247.3131103515625
-59.81427001953125,60.759552001953125,-247.2394256591797
-58.574676513671875,59.75648498535156,-246.55821228027344
-56.77842712402344,58.85935974121094,-246.6959686279297
-55.61946105957031,57.27250671386719,-246.1473388671875
-53.70928955078125,55.89637756347656,-246.63519287109375
-51.82777404785156,54.63018798828125,-246.54025268554688
-50.617156982421875,53.25413513183594,-246.87686157226562
-48.45039367675781,52.437042236328125,-247.20819091796875
-46.41749572753906,51.58709716796875,-247.16073608398438
-44.721282958984375,50.263336181640625,-248.12060546875
-42.82075500488281,49.795379638671875,-248.74508666992188
-41.032257080078125,49.2989501953125,-249.66757202148438
-39.39396667480469,48.99412536621094,-251.1138916015625
-37.924468994140625,49.212738037109375,-251.53790283203125
-36.7757568359375,49.43244934082031,-252.37310791015625
-36.27284240722656,50.39192199707031,-253.06907653808594
-35.2999267578125,51.30152893066406,-253.9416046142578
-35.14286804199219,52.22467041015625,-253.92230224609375
-34.513763427734375,53.3914794921875,-254.16851806640625
-34.365264892578125,54.37223815917969,-254.0496826171875
-33.48687744140625,55.406280517578125,-255.2233428955078
-33.128448486328125,56.6351318359375,-255.67538452148438
-32.38362121582031,57.75677490234375,-256.34075927734375
-32.185638427734375,59.149139404296875,-257.2217712402344
-31.479354858398438,60.57344055175781,-258.0234375
-31.40130615234375,62.009552001953125,-259.4121398925781
-31.092178344726562,63.35479736328125,-260.5538635253906
-30.804244995117188,65.32487487792969,-261.2515563964844
-31.208984375,67.00459289550781,-262.0963134765625
-31.2698974609375,68.71186828613281,-263.44439697265625
-31.827651977539062,70.36117553710938,-264.56298828125
-31.889633178710938,71.62542724609375,-265.81280517578125
-32.39410400390625,73.23658752441406,-266.50726318359375
-33.2308349609375,74.92868041992188,-267.2608947753906
-33.906219482421875,76.33396911621094,-268.15020751953125
-34.90345764160156,77.78315734863281,-268.83050537109375
-35.28755187988281,78.90605163574219,-269.9470520019531
-36.24858093261719,79.95741271972656,-270.8741455078125
-37.27391052246094,81.15635681152344,-271.70458984375
-37.99595642089844,82.45939636230469,-273.1106262207031
-38.643646240234375,83.06521606445312,-273.986572265625
-39.20478820800781,84.04582214355469,-275.2123718261719
-40.19036865234375,84.42822265625,-276.48468017578125
-40.9638671875,85.31593322753906,-277.2783203125
-41.40574645996094,85.83328247070312,-278.13397216796875
-41.9234619140625,86.29170227050781,-279.14788818359375
-42.59619140625,86.8939208984375,-279.8581237792969
-43.8846435546875,87.25369262695312,-281.1167297363281
-44.43910217285156,87.86114501953125,-282.33843994140625
-44.79779052734375,88.1849365234375,-282.47039794921875
-45.37896728515625,88.18980407714844,-284.119384765625
-45.87031555175781,88.52104187011719,-284.88861083984375
-46.50929260253906,89.05192565917969,-285.43621826171875
-46.93083190917969,89.18449401855469,-286.9056396484375
-47.44195556640625,89.24444580078125,-287.82818603515625
-48.11470031738281,89.25807189941406,-288.8145446777344
-48.678070068359375,89.52778625488281,-289.17205810546875
-49.18623352050781,89.90451049804688,-290.8569030761719
-49.86102294921875,89.85783386230469,-291.8638916015625
-50.25823974609375,90.03720092773438,-292.9353942871094
-50.64796447753906,90.09365844726562,-292.98895263671875
-51.04396057128906,89.96893310546875,-293.92333984375
-51.28218078613281,90.02491760253906,-295.28411865234375
-51.53450012207031,89.80400085449219,-295.29888916015625
-52.09568786621094,89.93904113769531,-296.140869140625
-51.96812438964844,90.00466918945312,-296.43377685546875
-52.2603759765625,89.63621520996094,-297.12847900390625
-52.28125,89.91793823242188,-298.1108093261719
-51.97605895996094,89.94500732421875,-298.3631896972656
-51.666473388671875,89.72163391113281,-298.796875
-52.2393798828125,89.91970825195312,-299.1124267578125
-52.02226257324219,89.95536804199219,-299.51434326171875
-51.51127624511719,90.41203308105469,-298.9192199707031
-51.47138977050781,90.48550415039062,-299.14312744140625
-50.86248779296875,90.57159423828125,-298.7288818359375
-50.50642395019531,90.85374450683594,-298.66583251953125
-50.14347839355469,91.30853271484375,-298.2707214355469
-49.64854431152344,91.83497619628906,-297.87762451171875
-49.42256164550781,92.00010681152344,-297.91839599609375
-49.1241455078125,92.28680419921875,-296.58807373046875
-48.48297119140625,93.23847961425781,-296.65081787109375
-48.19297790527344,93.5455322265625,-295.85382080078125
-47.61688232421875,93.87582397460938,-295.2317810058594
-47.145721435546875,94.08610534667969,-293.8086242675781
-46.02867126464844,94.79458618164062,-293.18353271484375
-45.575653076171875,95.37968444824219,-292.04736328125
-44.68696594238281,95.531982421875,-291.84796142578125
-43.68280029296875,96.19361877441406,-290.1217041015625
-42.878265380859375,95.99200439453125,-288.8885498046875
-41.647796630859375,95.86906433105469,-287.518798828125
-40.747467041015625,96.48297119140625,-286.70635986328125
-39.58171081542969,96.35903930664062,-285.4791259765625
-38.183380126953125,96.15095520019531,-284.08856201171875
-37.358489990234375,96.32145690917969,-283.0248107910156
-36.49285888671875,95.98933410644531,-281.79736328125
-35.48173522949219,95.6824951171875,-280.274169921875
-34.288726806640625,95.22601318359375,-278.3775634765625
-33.041748046875,94.33357238769531,-276.6869812011719
-32.27752685546875,93.47334289550781,-275.6707458496094
-31.173294067382812,92.72207641601562,-273.30645751953125
-29.936614990234375,91.67137145996094,-272.3786315917969
-28.810195922851562,90.0904541015625,-270.6807861328125
-28.063873291015625,88.82647705078125,-269.4886169433594
-27.139007568359375,87.2222900390625,-268.317138671875
-26.177139282226562,86.12117004394531,-266.89599609375
-25.71612548828125,84.48358154296875,-266.08966064453125
-24.967071533203125,82.70063781738281,-264.5587463378906
-24.488250732421875,81.60400390625,-263.908203125
-24.069656372070312,79.54379272460938,-263.1264343261719
-23.856109619140625,77.89859008789062,-262.5673828125
-23.348037719726562,76.39111328125,-261.83966064453125
-22.816543579101562,74.535400390625,-261.220703125
-22.621307373046875,72.93067932128906,-261.18865966796875
-22.302703857421875,71.24656677246094,-260.393310546875
-21.771163940429688,69.656982421875,-260.6171875
-21.6768798828125,68.28717041015625,-259.9595031738281
-21.574386596679688,67.00053405761719,-260.3564453125
-20.96063232421875,66.00660705566406,-260.52337646484375
-20.7493896484375,64.52899169921875,-260.7666015625
-21.02630615234375,63.61143493652344,-260.2833251953125
-20.937240600585938,62.41188049316406,-260.356689453125
-21.012481689453125,61.551300048828125,-261.0328369140625
-20.68121337890625,60.77842712402344,-261.595947265625
-20.405548095703125,60.039215087890625,-261.35430908203125
-20.762649536132812,59.59696960449219,-262.06640625
-21.024505615234375,59.239837646484375,-262.0111083984375
-21.213104248046875,58.78900146484375,-262.0766906738281
-20.7161865234375,58.29158020019531,-262.193115234375
-20.928741455078125,57.89857482910156,-262.590087890625
-21.159622192382812,57.780181884765625,-262.69732666015625
-20.837692260742188,57.5355224609375,-262.8924560546875
-21.282760620117188,57.33732604980469,-263.0112609863281
-21.436660766601562,57.32411193847656,-263.2078857421875
-21.002838134765625,57.275665283203125,-262.3807067871094
-21.761260986328125,57.20048522949219,-263.1027526855469
-21.351058959960938,57.31396484375,-263.31207275390625
-21.770095825195312,57.421630859375,-263.8789367675781
-21.659439086914062,57.70001220703125,-263.83343505859375
-21.906661987304688,58.0645751953125,-263.8170166015625
-22.079574584960938,58.52522277832031,-263.5880126953125
-22.283721923828125,58.5010986328125,-263.8594970703125
-22.404678344726562,58.87461853027344,-263.4433898925781
-22.531021118164062,59.1878662109375,-263.4980163574219
-22.653213500976562,59.45381164550781,-263.1610107421875
-23.11773681640625,59.95115661621094,-263.347412109375
-23.279006958007812,60.71612548828125,-262.9140319824219
-23.583740234375,61.08354187011719,-263.14373779296875
-23.838302612304688,61.47001647949219,-262.8463439941406
-24.334564208984375,62.20970153808594,-262.57965087890625
-24.636428833007812,62.857421875,-262.14697265625
-25.264175415039062,63.66664123535156,-262.2113037109375
-25.4185791015625,64.22990417480469,-261.12603759765625
-25.745101928710938,64.87068176269531,-261.7159729003906
-26.195709228515625,65.91050720214844,-261.7272033691406
-26.347518920898438,66.40861511230469,-261.9433898925781
-26.371383666992188,67.2987060546875,-262.1002197265625
-26.694320678710938,67.89651489257812,-261.8887939453125
-27.0108642578125,69.05020141601562,-262.87884521484375
-27.703094482421875,70.56382751464844,-262.4843444824219
-28.075592041015625,71.45025634765625,-263.0482177734375
-28.300216674804688,72.37191772460938,-263.3872375488281
-28.589141845703125,73.80404663085938,-264.0860595703125
-29.250808715820312,75.01481628417969,-264.40216064453125
-29.853378295898438,75.88497924804688,-264.86346435546875
-30.670516967773438,76.59236145019531,-265.0469055175781
-30.748489379882812,77.82321166992188,-265.1964416503906
-31.510635375976562,78.23094177246094,-265.0631103515625
-31.719512939453125,79.01197814941406,-265.61761474609375
-31.909957885742188,79.75621032714844,-266.24908447265625
-32.23968505859375,80.54081726074219,-266.6492614746094
-32.829376220703125,81.09306335449219,-266.917236328125
-32.90348815917969,81.62312316894531,-267.719970703125
-33.21199035644531,82.34281921386719,-267.88787841796875
-33.41485595703125,82.759033203125,-268.956298828125
-33.84613037109375,83.41120910644531,-269.1749572753906
-33.92169189453125,84.05018615722656,-269.2096252441406
-33.88153076171875,84.847900390625,-270.34954833984375
-34.14024353027344,84.63812255859375,-270.8872375488281
-34.10874938964844,85.54301452636719,-271.37823486328125
-34.55671691894531,85.80767822265625,-272.01409912109375
-34.683624267578125,86.60179138183594,-272.644775390625
-34.60919189453125,86.92274475097656,-274.07464599609375
-34.91072082519531,87.44796752929688,-275.1043701171875
-35.401702880859375,87.99183654785156,-276.2810974121094
-35.10612487792969,88.68788146972656,-277.62127685546875
-35.223602294921875,88.81497192382812,-278.5791931152344
-35.8155517578125,89.22801208496094,-279.44732666015625
-36.28515625,89.97076416015625,-280.8251953125
-36.500274658203125,90.39143371582031,-282.5636901855469
-36.7459716796875,90.78958129882812,-283.61773681640625
-37.05036926269531,91.08869934082031,-284.3702392578125
-37.23887634277344,90.87521362304688,-285.86285400390625
-37.613006591796875,91.6361083984375,-286.5425720214844
-38.032073974609375,91.68257141113281,-287.6405944824219
-38.6322021484375,91.82273864746094,-288.62841796875
-38.855438232421875,91.80783081054688,-289.32232666015625
-39.06690979003906,92.14398193359375,-289.9774169921875
-39.353485107421875,92.49639892578125,-290.38543701171875
-39.83714294433594,92.38508605957031,-291.0098876953125
-39.58683776855469,92.2041015625,-291.0721740722656
-39.7913818359375,92.03268432617188,-291.5648193359375
-39.974365234375,92.23332214355469,-291.6919860839844
-39.92399597167969,91.76387023925781,-291.61749267578125
-39.736083984375,91.85331726074219,-291.5899658203125
-39.8675537109375,91.39901733398438,-291.21075439453125
-39.597991943359375,91.70980834960938,-291.802001953125
-39.68391418457031,91.36557006835938,-291.8797302246094
-39.81703186035156,91.03706359863281,-291.7554626464844
-39.403533935546875,90.80026245117188,-291.52587890625
-39.02250671386719,90.57449340820312,-291.333740234375
-39.033905029296875,90.01580810546875,-291.09185791015625
-38.62019348144531,89.87802124023438,-291.01611328125
-37.94743347167969,89.3109130859375,-290.4926452636719
-37.73316955566406,88.48934936523438,-290.26519775390625
-37.00213623046875,87.86891174316406,-289.76861572265625
-37.03797912597656,87.628662109375,-289.45733642578125
-36.55250549316406,86.87786865234375,-289.1365966796875
-35.62605285644531,86.25062561035156,-288.298095703125
-35.44847106933594,85.5860595703125,-287.6409912109375
-34.61424255371094,84.93476867675781,-287.1551513671875
-34.464935302734375,84.29006958007812,-286.7682189941406
-33.43290710449219,83.46882629394531,-286.10150146484375
-33.0633544921875,82.70967102050781,-285.8119201660156
-32.58589172363281,81.61215209960938,-285.60968017578125
-32.35160827636719,80.63333129882812,-284.6081848144531
-31.5084228515625,79.62474060058594,-284.2798767089844
-30.332809448242188,78.50785827636719,-283.39276123046875
-30.30450439453125,77.76991271972656,-282.94635009765625
-29.805160522460938,76.50543212890625,-282.7313232421875
-29.519195556640625,75.64865112304688,-281.3334045410156
-29.160476684570312,74.66835021972656,-281.29058837890625
-28.581329345703125,74.01368713378906,-280.49847412109375
-28.10498046875,73.03021240234375,-280.44183349609375
-28.08111572265625,72.12879943847656,-279.5711669921875
-27.273910522460938,71.7799072265625,-279.2646484375
-27.507904052734375,70.86013793945312,-278.2734375
-27.3624267578125,70.05059814453125,-278.11029052734375
-27.233139038085938,69.32829284667969,-277.1097412109375
-27.100540161132812,68.62409973144531,-277.24365234375
-26.804595947265625,67.9486083984375,-276.46624755859375
-26.594650268554688,67.80589294433594,-276.22271728515625
-26.912017822265625,66.98165893554688,-276.52655029296875
-26.720291137695312,66.74794006347656,-276.0588684082031
-26.696884155273438,66.46835327148438,-276.46832275390625
-26.895599365234375,66.36776733398438,-276.22943115234375
-26.803817749023438,66.08126831054688,-275.9895935058594
-26.53143310546875,65.56398010253906,-275.7525939941406
-26.9237060546875,65.62962341308594,-276.37548828125
-27.027374267578125,65.35980224609375,-275.9811096191406
-26.87786865234375,65.0982666015625,-275.87530517578125
-26.73858642578125,65.61874389648438,-276.2524719238281
-27.26080322265625,65.82275390625,-276.3262634277344
-27.2242431640625,66.04013061523438,-276.523193359375
-27.184417724609375,66.06742858886719,-276.7660217285156
-27.259994506835938,66.59608459472656,-276.95892333984375
-27.494979858398438,66.78681945800781,-277.7142028808594
-27.812728881835938,67.007568359375,-277.4051513671875
-28.107406616210938,67.62374877929688,-277.87127685546875
-28.214202880859375,68.17214965820312,-278.39404296875
-28.21392822265625,68.04298400878906,-278.2376403808594
-28.486892700195312,68.83271789550781,-278.92730712890625
-28.89691162109375,69.12150573730469,-279.07232666015625
-29.17657470703125,69.69708251953125,-279.2265625
-29.167892456054688,69.64523315429688,-279.3638610839844
-29.232025146484375,69.97355651855469,-279.65765380859375
-29.5924072265625,70.25949096679688,-279.42095947265625
-29.546707153320312,70.44122314453125,-279.77490234375
-29.806838989257812,70.59480285644531,-280.428466796875
-29.98663330078125,70.73965454101562,-280.60986328125
-30.05364990234375,70.74783325195312,-280.6399230957031
-30.1214599609375,70.97334289550781,-280.6431579589844
-30.387496948242188,70.94110107421875,-281.181884765625
-30.3424072265625,71.32955932617188,-280.576904296875
-30.677642822265625,71.21531677246094,-280.4058837890625
-30.841461181640625,71.33570861816406,-280.35394287109375
-30.619659423828125,71.13804626464844,-280.02557373046875
-30.874954223632812,71.2772216796875,-280.137939453125
-31.346176147460938,71.31245422363281,-280.29864501953125
-31.3297119140625,71.27882385253906,-280.14105224609375
-30.924163818359375,71.38175964355469,-280.0804443359375
-31.071334838867188,71.79360961914062,-280.23046875
-31.478347778320312,71.58770751953125,-280.3822937011719
-31.123138427734375,71.76280212402344,-280.17437744140625
-31.356643676757812,71.98709106445312,-280.6732482910156
-31.091644287109375,72.1356201171875,-281.01422119140625
-31.361114501953125,72.43940734863281,-280.9876403808594
-31.422088623046875,72.55059814453125,-281.207763671875
-31.75732421875,72.79423522949219,-280.808837890625
-32.049774169921875,73.14668273925781,-281.7042541503906
-31.584197998046875,73.29148864746094,-281.7706298828125
-31.778900146484375,73.27015686035156,-281.76568603515625
-32.49617004394531,73.63059997558594,-281.9893798828125
-32.49607849121094,73.73397827148438,-282.6745300292969
-32.578704833984375,74.16253662109375,-282.9277648925781
-32.77093505859375,74.50070190429688,-283.5899658203125
-33.14434814453125,74.85733032226562,-283.63494873046875
-33.16766357421875,75.02047729492188,-284.07257080078125
-33.429412841796875,75.51219177246094,-284.5652160644531
-33.68809509277344,75.55838012695312,-285.75958251953125
-34.1309814453125,75.91456604003906,-286.0384521484375
-34.557525634765625,76.42083740234375,-286.5284118652344
-34.46722412109375,76.324462890625,-287.1100158691406
-34.862640380859375,76.59759521484375,-287.2529296875
-35.2593994140625,76.82710266113281,-288.0431213378906
-35.59913635253906,77.22109985351562,-288.57208251953125
-35.95689392089844,77.50532531738281,-289.1174011230469
-35.83778381347656,77.55146789550781,-290.1510009765625
-36.27537536621094,77.3023681640625,-291.0495300292969
-36.776763916015625,77.81452941894531,-292.0206298828125
-36.89837646484375,77.88261413574219,-292.83892822265625
-36.92720031738281,77.95883178710938,-292.9591064453125
-37.574951171875,77.97990417480469,-293.68560791015625
-37.34693908691406,78.05259704589844,-294.4111328125
-38.09495544433594,78.50531005859375,-294.84112548828125
-38.0709228515625,78.12870788574219,-295.68829345703125
-38.299285888671875,78.13401794433594,-296.0953369140625
-38.72840881347656,78.43692016601562,-296.45263671875
-39.123809814453125,78.41838073730469,-296.5823059082031
-39.09376525878906,78.1273193359375,-297.16925048828125
-39.44401550292969,78.00138854980469,-297.93572998046875
-39.553375244140625,78.32003784179688,-298.3890075683594
-39.72344970703125,78.39111328125,-298.8026123046875
-40.126556396484375,78.40849304199219,-298.5233459472656
-40.193206787109375,78.57020568847656,-298.96380615234375
-40.52276611328125,78.54881286621094,-299.2134094238281
-40.504608154296875,78.32002258300781,-298.8730163574219
-40.96684265136719,78.2607421875,-299.3630676269531
-40.5299072265625,78.42216491699219,-299.14715576171875
-41.302703857421875,78.84703063964844,-299.45111083984375
-41.51080322265625,78.52072143554688,-300.02783203125
-41.245025634765625,78.67300415039062,-300.2674560546875
-42.24688720703125,79.07711791992188,-300.482177734375
-42.13816833496094,78.29313659667969,-300.504150390625
-42.30369567871094,78.58000183105469,-300.572265625
-42.62538146972656,78.3050537109375,-300.4036560058594
-42.17332458496094,78.58482360839844,-300.9354248046875
-42.31849670410156,78.37983703613281,-301.548095703125
-42.32780456542969,78.333984375,-301.16131591796875
-41.91703796386719,78.10356140136719,-301.08184814453125
-42.16020202636719,77.81005859375,-301.0696105957031
-42.15187072753906,77.8607177734375,-300.5122375488281
-41.83467102050781,77.70962524414062,-300.57080078125
-41.93333435058594,77.72998046875,-299.9156494140625
-42.033477783203125,78.20161437988281,-299.7255554199219
-42.18096923828125,78.29417419433594,-299.59149169921875
-41.88441467285156,78.36497497558594,-298.6949462890625
-41.937469482421875,78.49053955078125,-298.1768493652344
-42.11589050292969,78.9068603515625,-298.14617919921875
-42.14093017578125,79.18875122070312,-297.44610595703125
-42.03875732421875,79.07545471191406,-296.556396484375
-42.30955505371094,79.58212280273438,-295.5322265625
-41.95890808105469,79.76205444335938,-295.2400207519531
-41.81065368652344,79.75627136230469,-294.4671630859375
-41.162445068359375,80.06437683105469,-293.70318603515625
-41.24522399902344,80.09465026855469,-292.97772216796875
-40.79985046386719,80.38043212890625,-291.77947998046875
-40.78788757324219,80.15084838867188,-291.0718994140625
-40.69151306152344,80.40065002441406,-290.6294860839844
-39.88542175292969,80.11772155761719,-289.29864501953125
-39.719146728515625,79.6243896484375,-288.25677490234375
-39.183746337890625,79.8558349609375,-287.75140380859375
-38.78178405761719,79.58119201660156,-287.232421875
-38.184722900390625,79.76528930664062,-286.88043212890625
-37.768157958984375,79.07774353027344,-286.23681640625
-37.221099853515625,79.1810302734375,-285.25982666015625
-36.75596618652344,78.82154846191406,-284.72430419921875
-36.14955139160156,78.62059020996094,-284.2630615234375
-36.15211486816406,78.50926208496094,-284.0803527832031
-35.43310546875,77.95053100585938,-283.1205139160156
-35.5096435546875,78.01028442382812,-283.2627258300781
-34.94757080078125,77.72103881835938,-282.9666442871094
-34.52671813964844,77.73085021972656,-282.4792175292969
-34.15144348144531,77.28909301757812,-281.95867919921875
-33.9361572265625,77.34954833984375,-281.66705322265625
-33.553741455078125,76.6910400390625,-281.50262451171875
-33.2117919921875,76.72273254394531,-281.1656799316406
-32.674560546875,76.35691833496094,-281.9830322265625
-32.81779479980469,76.56062316894531,-281.31634521484375
-32.518310546875,76.43611145019531,-281.4439697265625
-32.58732604980469,76.42951965332031,-281.2655029296875
-32.12974548339844,76.62800598144531,-281.23077392578125
-31.975997924804688,76.29364013671875,-280.994384765625
-31.874221801757812,76.5455322265625,-281.1337890625
-32.05128479003906,76.53579711914062,-281.23809814453125
-31.477615356445312,76.33651733398438,-281.28228759765625
-31.637039184570312,76.40380859375,-280.845458984375
-31.803665161132812,76.46377563476562,-281.0484619140625
-31.505874633789062,76.51405334472656,-280.71588134765625
-31.001235961914062,76.092041015625,-280.6451416015625
-31.596237182617188,76.29824829101562,-280.58892822265625
-30.608306884765625,76.49247741699219,-280.6959228515625
-30.182403564453125,76.05726623535156,-281.0875244140625
-30.200164794921875,76.10446166992188,-280.9100341796875
-29.942276000976562,75.787109375,-281.37420654296875
-29.8201904296875,75.6591796875,-281.1269226074219
-29.330963134765625,75.67404174804688,-281.55364990234375
-29.383590698242188,75.752197265625,-281.3682556152344
-29.403732299804688,75.61172485351562,-281.9983215332031
-29.179733276367188,75.44158935546875,-281.967041015625
-29.336196899414062,75.70094299316406,-281.863525390625
-29.23779296875,75.56549072265625,-282.2008056640625
-29.185897827148438,75.67221069335938,-282.2493591308594
-29.27642822265625,75.7080078125,-282.56622314453125
-29.35638427734375,75.81533813476562,-282.50006103515625
-29.610015869140625,76.11894226074219,-282.67510986328125
-29.639007568359375,76.58526611328125,-282.9127197265625
-29.823379516601562,76.8238525390625,-282.90411376953125
-30.03350830078125,77.17314147949219,-282.88897705078125
-30.260421752929688,77.29547119140625,-282.7829284667969
-30.543930053710938,77.51336669921875,-282.75897216796875
-30.189376831054688,77.90354919433594,-282.6990661621094
-30.899032592773438,78.14060974121094,-282.99896240234375
-31.334793090820312,78.34284973144531,-283.0814514160156
-31.406723022460938,78.46185302734375,-282.67071533203125
-31.281753540039062,79.39254760742188,-282.83392333984375
-32.04472351074219,79.24479675292969,-283.257080078125
-32.11628723144531,79.5892333984375,-283.1137390136719
-32.499542236328125,79.98661804199219,-283.3916320800781
-32.77009582519531,80.40328979492188,-284.1148681640625
-32.892791748046875,80.52090454101562,-284.32147216796875
-33.380279541015625,81.25999450683594,-285.3072509765625
-34.10545349121094,81.27389526367188,-285.39056396484375
-34.70849609375,81.92842102050781,-285.70806884765625
-34.619842529296875,82.14901733398438,-286.88336181640625
-35.37986755371094,82.60105895996094,-287.257080078125
-35.5257568359375,82.61264038085938,-288.255859375
-36.066680908203125,83.06663513183594,-288.5830383300781
-36.495025634765625,83.70123291015625,-289.7039794921875
-36.56964111328125,84.00163269042969,-291.01580810546875
-37.16212463378906,83.71514892578125,-291.7626037597656
-37.895721435546875,84.05201721191406,-292.5515441894531
-38.08470153808594,84.01991271972656,-293.5263977050781
-38.59330749511719,83.90829467773438,-294.0477294921875
-38.962249755859375,84.294677734375,-294.65191650390625
-39.87132263183594,84.5692138671875,-295.7857666015625
-40.42597961425781,84.65675354003906,-296.5321350097656
-40.750335693359375,84.73211669921875,-297.5731201171875
-42.0797119140625,85.19833374023438,-298.44427490234375
-42.55914306640625,85.38099670410156,-298.9599609375
-42.876617431640625,85.64808654785156,-299.2642822265625
-43.99589538574219,85.937744140625,-299.827880859375
-44.52838134765625,85.58552551269531,-300.63623046875
-45.46693420410156,86.03094482421875,-301.15283203125
-46.16810607910156,86.6884765625,-301.6160888671875
-46.84434509277344,86.78489685058594,-301.94915771484375
-46.917327880859375,86.87466430664062,-302.54461669921875
-47.756805419921875,87.05081176757812,-302.568603515625
-48.55461120605469,87.25450134277344,-302.99114990234375
-48.957763671875,87.11947631835938,-303.53076171875
-49.770904541015625,87.58512878417969,-304.3180847167969
-50.2149658203125,87.64492797851562,-304.88494873046875
-50.608367919921875,87.97834777832031,-304.6478271484375
-50.86332702636719,88.14263916015625,-305.25775146484375
-51.31617736816406,88.02812194824219,-305.7574462890625
-51.62060546875,88.29464721679688,-305.29937744140625
-51.80189514160156,88.456298828125,-305.37408447265625
-51.55592346191406,88.67721557617188,-305.3177490234375
-51.96337890625,88.53811645507812,-305.888916015625
-51.83262634277344,89.19630432128906,-305.552734375
-51.62445068359375,89.12263488769531,-305.6768798828125
-51.636322021484375,89.078369140625,-305.41046142578125
-51.17222595214844,89.90467834472656,-305.0787353515625
-51.396697998046875,90.12924194335938,-303.50750732421875
-50.96089172363281,90.5240478515625,-303.3951721191406
-51.35035705566406,91.16497802734375,-301.92559814453125
-50.64488220214844,91.20121765136719,-301.22882080078125
-50.01728820800781,91.85824584960938,-300.0940246582031
-49.375885009765625,92.33938598632812,-299.06494140625
-48.54225158691406,92.40766906738281,-298.2659912109375
-48.056549072265625,92.50283813476562,-296.7274169921875
-46.71876525878906,92.23747253417969,-295.91424560546875
-45.988372802734375,92.22238159179688,-294.9585876464844
-44.82659912109375,92.18746948242188,-293.674072265625
-44.20423889160156,92.08317565917969,-292.7200927734375
-43.24409484863281,91.94085693359375,-291.1253662109375
-41.859619140625,91.47726440429688,-290.67138671875
-40.78428649902344,90.75914001464844,-289.622802734375
-39.69677734375,89.93338012695312,-288.85577392578125
-38.80766296386719,89.43171691894531,-288.06146240234375
-37.57551574707031,88.97578430175781,-287.4676513671875
-36.61640930175781,88.14788818359375,-286.55938720703125
-35.895782470703125,87.08456420898438,-286.1947021484375
-34.881256103515625,86.83309936523438,-285.39447021484375
-34.13629150390625,86.06770324707031,-284.804443359375
-33.74658203125,85.20704650878906,-283.796875
-33.09989929199219,84.70486450195312,-283.6445617675781
-32.514862060546875,84.20191955566406,-283.5401306152344
-31.783172607421875,83.6639404296875,-282.7377014160156
-31.139846801757812,83.19200134277344,-282.4515380859375
-30.693527221679688,82.49885559082031,-282.17431640625
-30.5406494140625,81.69486999511719,-281.63330078125
-29.597610473632812,81.92008972167969,-281.693603515625
-29.3543701171875,81.23471069335938,-281.2337951660156
-29.297988891601562,80.83230590820312,-281.59674072265625
-29.055068969726562,80.75515747070312,-281.36273193359375
-28.800430297851562,80.54336547851562,-281.70458984375
-28.492080688476562,80.15608215332031,-282.23297119140625
-28.124420166015625,80.02766418457031,-282.30194091796875
-27.916946411132812,79.83619689941406,-282.52288818359375
-28.009475708007812,79.73731994628906,-281.93505859375
-27.638702392578125,79.525146484375,-282.289794921875
-27.125198364257812,79.04917907714844,-282.42340087890625
-26.6998291015625,78.75474548339844,-282.59320068359375
-26.460098266601562,78.57327270507812,-283.06256103515625
-26.536529541015625,78.40971374511719,-283.0649719238281
-26.23651123046875,78.34681701660156,-283.46636962890625
-26.01275634765625,78.06277465820312,-283.18890380859375
-25.654815673828125,77.90242004394531,-283.675537109375
-25.661865234375,77.6104736328125,-283.74859619140625
-25.115753173828125,77.56385803222656,-284.4366455078125
-24.974700927734375,76.94454956054688,-284.1634521484375
-24.63909912109375,76.81588745117188,-283.7650146484375
-24.285903930664062,76.8509521484375,-284.09918212890625
-24.209701538085938,76.45753479003906,-284.7484436035156
-24.330642700195312,76.60646057128906,-285.04974365234375
-24.464462280273438,76.28111267089844,-284.19281005859375
-24.451950073242188,76.24324035644531,-284.69915771484375
-24.32574462890625,76.23822021484375,-284.57373046875
-24.371505737304688,76.45364379882812,-284.63330078125
-24.21087646484375,76.49638366699219,-284.5030517578125
-24.512542724609375,76.55929565429688,-284.26361083984375
-24.975570678710938,77.00607299804688,-285.00372314453125
-24.731796264648438,77.31005859375,-285.0666198730469
-25.244415283203125,78.06947326660156,-285.3935852050781
-25.484619140625,77.79531860351562,-284.57928466796875
-25.446884155273438,78.27749633789062,-284.1610412597656
-25.868133544921875,78.30326843261719,-284.3099365234375
-26.03594970703125,79.272216796875,-284.52386474609375
-26.252487182617188,79.41130065917969,-284.41253662109375
-26.705947875976562,80.05543518066406,-284.8809509277344
-27.069488525390625,80.38308715820312,-284.781005859375
-27.561782836914062,80.53877258300781,-284.9820251464844
-28.195755004882812,81.25746154785156,-285.0069580078125
-28.379837036132812,81.70820617675781,-285.8546447753906
-29.251861572265625,82.2235107421875,-285.640869140625
-29.31640625,82.8536376953125,-286.1133117675781
-30.189178466796875,83.030029296875,-286.27081298828125
-30.5323486328125,83.3956298828125,-287.14990234375
-30.671539306640625,83.58695983886719,-286.94561767578125
-31.561737060546875,84.03382873535156,-287.90460205078125
-32.122589111328125,84.51170349121094,-288.079345703125
-32.373626708984375,85.20216369628906,-289.2633056640625
-32.78218078613281,85.57064819335938,-290.4780578613281
-33.409820556640625,85.68965148925781,-290.80755615234375
-34.12199401855469,85.99090576171875,-291.42315673828125
-34.771026611328125,86.37300109863281,-293.2299499511719
-35.18150329589844,86.58450317382812,-294.2149963378906
-36.2811279296875,87.26579284667969,-295.2253112792969
-37.23680114746094,87.40580749511719,-295.8326416015625
-37.93534851074219,87.10104370117188,-297.12371826171875
-38.72679138183594,87.40768432617188,-298.124755859375
-39.17414855957031,87.69708251953125,-299.54248046875
-40.07453918457031,87.61753845214844,-300.1607971191406
-41.117095947265625,87.97528076171875,-301.6643981933594
-41.29151916503906,87.88626098632812,-302.22406005859375
-42.26448059082031,87.68345642089844,-303.117431640625
-43.24359130859375,87.76246643066406,-303.6767578125
-43.982086181640625,88.1239013671875,-304.5729064941406
-44.56126403808594,88.18489074707031,-305.5079650878906
-45.65461730957031,88.51788330078125,-305.8691101074219
-46.180908203125,88.33270263671875,-306.4180908203125
-46.80084228515625,88.47200012207031,-306.956298828125
-47.74168395996094,88.98809814453125,-307.7724609375
-48.686065673828125,88.77713012695312,-307.7080078125
-49.08502197265625,88.54383850097656,-308.516357421875
-49.99205017089844,89.19610595703125,-308.3544006347656
-50.80290222167969,89.02362060546875,-309.51947021484375
-51.47053527832031,89.25131225585938,-309.3883056640625
-52.27252197265625,89.30303955078125,-309.4697265625
-52.314300537109375,89.46090698242188,-309.1466064453125
-52.737640380859375,89.60426330566406,-309.46124267578125
-52.39277648925781,89.574462890625,-309.44329833984375
-52.67633056640625,89.468017578125,-309.9415283203125
-52.29925537109375,89.39910888671875,-310.12420654296875
-51.87739562988281,89.49160766601562,-310.0334167480469
-51.69953918457031,89.15205383300781,-310.1229248046875
-51.13038635253906,89.57492065429688,-309.80987548828125
-50.622894287109375,89.59793090820312,-309.88372802734375
-49.85261535644531,89.71235656738281,-309.3683776855469
-49.2091064453125,89.67726135253906,-308.9287109375
-48.67674255371094,90.06932067871094,-307.80615234375
-48.50846862792969,90.4593505859375,-307.69580078125
-47.424652099609375,90.92390441894531,-306.5621032714844
-46.24444580078125,91.00360107421875,-305.26287841796875
-45.35462951660156,91.37385559082031,-304.50921630859375
-44.584808349609375,91.70356750488281,-303.8067932128906
-43.38447570800781,91.72048950195312,-303.0889892578125
-42.77452087402344,91.67953491210938,-301.36383056640625
-41.76708984375,91.72689819335938,-300.1683349609375
-40.967254638671875,91.57887268066406,-298.69268798828125
-39.667205810546875,91.51756286621094,-297.45440673828125
-38.456512451171875,91.10542297363281,-296.175537109375
-37.79225158691406,91.09027099609375,-294.62030029296875
-36.62934875488281,90.537841796875,-293.4416198730469
-35.6748046875,90.41143798828125,-292.20684814453125
-34.68171691894531,89.86476135253906,-290.564453125
-33.66133117675781,89.24258422851562,-289.765625
-32.78163146972656,88.44288635253906,-287.85235595703125
-31.628921508789062,87.75601196289062,-286.62713623046875
-31.123397827148438,86.92277526855469,-285.621826171875
-29.735763549804688,86.52642822265625,-284.15484619140625
-29.422683715820312,85.70204162597656,-283.7110900878906
-28.607009887695312,84.89788818359375,-282.69512939453125
-28.073028564453125,84.438232421875,-281.876220703125
-27.599624633789062,83.74790954589844,-280.8883056640625
-26.782150268554688,82.91706848144531,-280.6387939453125
-26.251739501953125,82.58731079101562,-280.21099853515625
-25.650955200195312,82.01193237304688,-279.535400390625
-25.399337768554688,81.43740844726562,-279.4407958984375
-25.113861083984375,80.76210021972656,-279.02947998046875
-24.730133056640625,80.49307250976562,-278.58612060546875
-24.508682250976562,80.066162109375,-278.57598876953125
-24.297134399414062,79.83061218261719,-277.7092590332031
-24.376953125,79.21696472167969,-277.360107421875
-24.1546630859375,78.65042114257812,-277.51055908203125
-23.179595947265625,78.71113586425781,-276.96453857421875
-23.082931518554688,78.24417114257812,-276.99755859375
-23.331161499023438,78.03921508789062,-275.8516845703125
-22.886993408203125,77.72406005859375,-276.0346374511719
-22.892333984375,77.39520263671875,-275.6985778808594
-22.949325561523438,77.60708618164062,-275.75689697265625
-22.7388916015625,77.34080505371094,-275.86602783203125
-22.643661499023438,77.61782836914062,-275.5553894042969
-22.9971923828125,77.68472290039062,-275.000244140625
-22.960006713867188,77.71357727050781,-275.2236328125
-22.896133422851562,77.98687744140625,-275.51678466796875
-22.7860107421875,77.99533081054688,-275.4570007324219
-23.09442138671875,78.507568359375,-275.21466064453125
-23.442977905273438,78.56298828125,-275.2040710449219
-23.66448974609375,79.02877807617188,-275.6865234375
-23.7255859375,78.82792663574219,-275.5808410644531
-23.861038208007812,79.66334533691406,-275.9726867675781
-24.08709716796875,79.52388000488281,-276.29888916015625
-24.352569580078125,79.95811462402344,-276.5816650390625
-24.6422119140625,80.373291015625,-277.53387451171875
-24.796478271484375,80.90200805664062,-278.278564453125
-24.648422241210938,81.30293273925781,-278.52783203125
-25.065322875976562,81.39309692382812,-278.7552185058594
-25.536209106445312,82.06355285644531,-278.99945068359375
-26.033462524414062,82.67588806152344,-279.1585693359375
-26.54345703125,82.90093994140625,-279.896728515625
-26.58648681640625,83.66995239257812,-279.8355712890625
-27.210037231445312,83.63096618652344,-279.51239013671875
-27.534866333007812,84.43690490722656,-280.263427734375
-27.734466552734375,84.74879455566406,-280.8930969238281
-28.4534912109375,85.17921447753906,-281.2799072265625
-28.881683349609375,85.32911682128906,-282.28997802734375
-29.18707275390625,85.88749694824219,-282.24456787109375
-29.76055908203125,86.8077392578125,-283.1787109375
-30.31427001953125,86.95149230957031,-283.52099609375
-30.7894287109375,87.50949096679688,-283.78558349609375
-31.1243896484375,88.01060485839844,-284.335205078125
-32.02093505859375,88.61259460449219,-285.3849792480469
-32.65885925292969,89.07839965820312,-285.46844482421875
-33.24284362792969,89.56692504882812,-285.613037109375
-33.70343017578125,90.1282958984375,-286.53778076171875
-34.498321533203125,90.58439636230469,-287.2796630859375
-34.8226318359375,90.67839050292969,-288.3658447265625
-35.9224853515625,91.01071166992188,-289.2328796386719
-36.73933410644531,91.78436279296875,-289.9549560546875
-37.25392150878906,91.85942077636719,-291.03753662109375
-38.38133239746094,92.16459655761719,-291.63140869140625
-38.941680908203125,92.34097290039062,-292.8171081542969
-39.265899658203125,92.61546325683594,-293.66485595703125
-40.24359130859375,92.59495544433594,-295.232666015625
-40.91276550292969,92.60879516601562,-296.6717529296875
-41.50865173339844,92.85272216796875,-297.84210205078125
-42.289581298828125,92.53297424316406,-298.88018798828125
-42.68736267089844,92.68983459472656,-300.3271179199219
-43.60932922363281,92.78440856933594,-301.2022705078125
-44.09629821777344,92.62199401855469,-302.3353271484375
-44.93328857421875,92.742919921875,-303.23321533203125
-45.05072021484375,92.23455810546875,-304.31805419921875
-45.85569763183594,92.29493713378906,-304.4483642578125
-46.22300720214844,92.07760620117188,-305.3905029296875
-46.71502685546875,92.46751403808594,-306.09490966796875
-46.98670959472656,91.85188293457031,-306.64031982421875
-47.481842041015625,91.93211364746094,-307.2284851074219
-47.67071533203125,91.97238159179688,-307.82720947265625
-48.16227722167969,91.97943115234375,-308.1443176269531
-48.627838134765625,92.43109130859375,-308.0357666015625
-49.108612060546875,92.4329833984375,-308.02325439453125
-50.0711669921875,92.85789489746094,-307.85003662109375
-50.66691589355469,92.96943664550781,-308.04736328125
-50.87530517578125,93.39617919921875,-307.5340881347656
-51.49627685546875,93.0821533203125,-307.28314208984375
-51.49836730957031,93.90924072265625,-306.49871826171875
-51.779205322265625,94.22886657714844,-306.42578125
-52.06944274902344,94.49549865722656,-306.2086181640625
-51.948150634765625,94.70614624023438,-305.5706481933594
-51.84071350097656,95.079345703125,-305.15826416015625
-51.96966552734375,95.22892761230469,-304.6505126953125
-51.363800048828125,95.19891357421875,-304.158447265625
-51.67390441894531,95.609130859375,-303.5811767578125
-51.62565612792969,95.99372863769531,-302.67828369140625
-51.62457275390625,96.58589172363281,-301.57366943359375
-51.182891845703125,96.98338317871094,-300.4876403808594
-50.61865234375,97.32470703125,-299.07403564453125
-50.33695983886719,97.95379638671875,-298.0664978027344
-50.100250244140625,97.92709350585938,-296.38153076171875
-49.45829772949219,98.39425659179688,-294.99554443359375
-48.77265930175781,98.83563232421875,-293.90765380859375
-47.81819152832031,98.40113830566406,-293.0172119140625
-47.73768615722656,98.71620178222656,-290.99993896484375
-46.5269775390625,98.99354553222656,-289.39434814453125
-45.77442932128906,99.08453369140625,-288.0854797363281
-44.86756896972656,98.84727478027344,-285.9970703125
-44.035797119140625,98.85325622558594,-285.0234069824219
-42.88813781738281,98.57357788085938,-283.1940002441406
-41.54777526855469,97.83950805664062,-281.33740234375
-40.50437927246094,97.56103515625,-280.22247314453125
-39.53302001953125,97.41537475585938,-278.65716552734375
-37.9404296875,96.46382141113281,-277.3902893066406
-37.041778564453125,96.07612609863281,-276.386962890625
-35.58757019042969,95.55097961425781,-275.2964172363281
-34.18037414550781,94.65516662597656,-274.0093994140625
-32.877166748046875,93.87649536132812,-273.5284423828125
-31.736251831054688,93.28224182128906,-272.1678771972656
-30.247100830078125,92.154052734375,-271.217529296875
-29.093505859375,91.37187194824219,-270.8460388183594
-28.265029907226562,90.65786743164062,-269.93157958984375
-27.185409545898438,89.77305603027344,-269.12359619140625
-25.901275634765625,89.04393005371094,-268.36871337890625
-24.731307983398438,88.2586669921875,-268.7254943847656
-24.319412231445312,87.39070129394531,-268.66278076171875
-23.185195922851562,86.99758911132812,-268.1062316894531
-22.047210693359375,86.50578308105469,-267.3536376953125
-21.341156005859375,85.54225158691406,-267.3244323730469
-20.089614868164062,84.90440368652344,-266.6043395996094
-19.58673095703125,84.07907104492188,-266.40020751953125
-18.789093017578125,83.60031127929688,-266.4274597167969
-18.191421508789062,83.29432678222656,-265.81488037109375
-17.136566162109375,82.40950012207031,-266.296142578125
-16.784454345703125,81.88339233398438,-265.9056091308594
-16.24310302734375,81.14535522460938,-265.6359558105469
-15.72210693359375,80.91499328613281,-265.07940673828125
-15.372879028320312,80.38978576660156,-264.84857177734375
-15.368316650390625,80.12228393554688,-264.40447998046875
-14.877700805664062,79.73574829101562,-264.3524169921875
-14.758895874023438,79.49116516113281,-264.07904052734375
-14.315948486328125,79.7725830078125,-263.6158447265625
-14.680923461914062,79.54124450683594,-263.6734924316406
-13.974014282226562,79.6739501953125,-262.851318359375
-14.430831909179688,80.5091552734375,-263.212890625
-14.773452758789062,80.87899780273438,-262.0665283203125
-15.010009765625,81.42465209960938,-261.7877502441406
-15.177947998046875,81.76856994628906,-261.75555419921875
-15.592605590820312,82.82109069824219,-261.1719970703125
-15.905899047851562,83.29727172851562,-261.13800048828125
-16.660202026367188,84.49697875976562,-260.872802734375
-17.1959228515625,85.73838806152344,-261.44195556640625
-17.931228637695312,86.88009643554688,-261.6265563964844
-18.759262084960938,88.31805419921875,-262.6850280761719
-19.535049438476562,89.46342468261719,-263.07720947265625
-20.552825927734375,90.86033630371094,-263.4149169921875
-20.936538696289062,92.14445495605469,-263.98834228515625
-22.0975341796875,93.44404602050781,-265.308349609375
-23.548980712890625,94.94566345214844,-265.78216552734375
-24.513900756835938,96.23194885253906,-266.2501220703125
-25.390640258789062,97.31423950195312,-267.43505859375
-26.891220092773438,98.4149169921875,-267.9609069824219
-28.000198364257812,99.72077941894531,-268.509521484375
-29.22283935546875,100.65919494628906,-269.018310546875
-30.603012084960938,101.62474060058594,-270.42498779296875
-31.509201049804688,103.09040832519531,-270.82220458984375
-32.83589172363281,104.09632873535156,-271.8126220703125
-34.5869140625,104.71292114257812,-272.9212646484375
-35.99546813964844,105.97425842285156,-273.3686218261719
-37.543975830078125,106.76593017578125,-274.1138916015625
-38.849517822265625,107.47750854492188,-274.9836730957031
-40.378997802734375,108.12162780761719,-276.2835998535156
-41.70735168457031,108.73475646972656,-277.4570007324219
-43.2471923828125,109.54110717773438,-277.83392333984375
-44.61946105957031,109.94581604003906,-279.01495361328125
-45.74754333496094,110.68803405761719,-280.782470703125
-47.03739929199219,110.345703125,-281.9364929199219
-48.84342956542969,111.24722290039062,-283.10675048828125
-50.10643005371094,111.45721435546875,-284.3883972167969
-51.345733642578125,111.48574829101562,-286.34661865234375
-52.29402160644531,112.0980224609375,-288.29290771484375
-53.67042541503906,111.92056274414062,-289.81512451171875
-54.59619140625,112.05439758300781,-291.35101318359375
-55.61701965332031,112.03938293457031,-292.82586669921875
-56.79949951171875,111.69853210449219,-294.9921875
-57.62712097167969,111.68350219726562,-296.66082763671875
-58.49513244628906,111.39195251464844,-298.5190124511719
-59.3182373046875,111.30697631835938,-300.19720458984375
-60.02818298339844,111.12925720214844,-301.5159912109375
-60.69657897949219,110.80421447753906,-302.5729064941406
-61.37675476074219,110.40902709960938,-304.26751708984375
-61.82087707519531,109.89527893066406,-305.4796142578125
-62.08424377441406,109.89387512207031,-306.45806884765625
-62.25372314453125,109.60696411132812,-307.97979736328125
-62.79327392578125,109.19862365722656,-308.8312683105469
-63.07069396972656,109.30598449707031,-309.3412170410156
-63.695831298828125,109.37008666992188,-309.73406982421875
-64.01835632324219,109.759765625,-310.355224609375
-64.58378601074219,109.66079711914062,-310.75347900390625
-64.81846618652344,109.93157958984375,-311.022705078125
-65.41279602050781,110.32449340820312,-311.1044616699219
-66.05473327636719,110.60829162597656,-311.12994384765625
-66.65336608886719,111.31309509277344,-311.377197265625
-66.96513366699219,111.79051208496094,-310.66339111328125
-67.1409912109375,112.32376098632812,-309.79693603515625
-67.03030395507812,113.50511169433594,-309.38311767578125
-66.59883117675781,114.17550659179688,-309.0333251953125
-66.62553405761719,114.78376770019531,-308.4471130371094
-65.97148132324219,115.90635681152344,-307.602783203125
-65.64874267578125,116.73100280761719,-307.3236999511719
-64.90538024902344,118.02641296386719,-306.136474609375
-63.81591796875,119.012451171875,-305.5972900390625
-62.78208923339844,120.26014709472656,-303.8570556640625
-61.58671569824219,121.34947204589844,-301.93011474609375
-60.05787658691406,122.48991394042969,-299.93768310546875
-58.64970397949219,123.74705505371094,-297.806396484375
-56.68988037109375,124.85826110839844,-295.33074951171875
-54.78593444824219,125.5682373046875,-292.5953369140625
-52.45722961425781,126.48509216308594,-289.545166015625
-49.77272033691406,127.10556030273438,-286.984130859375
-47.49543762207031,127.30934143066406,-283.7857971191406
-44.84193420410156,127.08509826660156,-281.6072082519531
-41.91697692871094,126.92056274414062,-277.67315673828125
-39.012451171875,126.26927185058594,-275.00341796875
-35.70164489746094,125.18670654296875,-271.96337890625
-32.750579833984375,123.92707824707031,-269.0570373535156
-29.299301147460938,122.06765747070312,-266.74127197265625
-26.289382934570312,120.44210815429688,-263.383544921875
-22.8778076171875,118.13909912109375,-261.76336669921875
-19.535690307617188,115.93516540527344,-260.23052978515625
-16.96551513671875,112.98916625976562,-258.5670166015625
-14.235565185546875,110.74140930175781,-256.94085693359375
-11.795608520507812,107.85411071777344,-256.2962341308594
-9.2669677734375,105.083251953125,-255.2744140625
-6.493316650390625,102.22146606445312,-254.53309631347656
-4.7440338134765625,99.25997924804688,-254.00872802734375
-2.5955352783203125,96.69328308105469,-254.18992614746094
-1.153533935546875,93.53837585449219,-254.54148864746094
0.395721435546875,90.64385986328125,-254.73416137695312
2.1856689453125,88.01773071289062,-255.13070678710938
3.18115234375,85.66012573242188,-255.6757049560547
4.242645263671875,83.1614990234375,-256.0643615722656
5.213775634765625,80.8218994140625,-256.20806884765625
6.215789794921875,78.48382568359375,-257.2490234375
6.8040008544921875,76.27940368652344,-257.2556457519531
7.7297515869140625,74.40914916992188,-257.6304016113281
8.091766357421875,71.93849182128906,-258.0843811035156
8.278091430664062,69.91007995605469,-258.6576232910156
9.025665283203125,68.35211181640625,-258.6676330566406
8.816818237304688,66.70193481445312,-258.40447998046875
9.212570190429688,64.75619506835938,-258.32354736328125
8.648239135742188,63.308929443359375,-258.08905029296875
8.8878173828125,61.65361022949219,-257.94342041015625
8.99853515625,60.37495422363281,-257.53558349609375
8.767822265625,59.0286865234375,-257.4523620605469
8.465362548828125,58.024566650390625,-257.02838134765625
8.637664794921875,56.999908447265625,-257.5490417480469
8.325576782226562,56.2681884765625,-256.859619140625
8.192367553710938,55.500244140625,-257.6239013671875
8.513870239257812,54.87294006347656,-257.33056640625
8.207046508789062,54.72731018066406,-256.9212646484375
8.0965576171875,54.71391296386719,-256.34271240234375
7.9091796875,54.632965087890625,-256.1405334472656
7.5027923583984375,54.67424011230469,-255.96481323242188
7.8623504638671875,55.10127258300781,-255.3930206298828
7.3283843994140625,55.69502258300781,-255.16720581054688
7.4044342041015625,56.891082763671875,-254.87220764160156
7.27081298828125,57.80754089355469,-254.66000366210938
6.748809814453125,59.0279541015625,-253.79367065429688
6.3301849365234375,60.24053955078125,-252.74424743652344
6.2241973876953125,62.1346435546875,-252.02745056152344
5.3939361572265625,63.556976318359375,-251.7813720703125
4.9885711669921875,65.27606201171875,-251.0372772216797
4.2945709228515625,67.53297424316406,-250.54074096679688
3.9105987548828125,68.64790344238281,-249.6516876220703
3.345977783203125,70.48844909667969,-249.68115234375
3.07940673828125,72.17431640625,-249.43785095214844
2.802459716796875,73.98092651367188,-249.06878662109375
2.2664794921875,75.65350341796875,-249.04248046875
2.2586822509765625,77.47494506835938,-249.20416259765625
1.8714599609375,79.2586669921875,-249.358642578125
1.7412872314453125,81.33969116210938,-249.79237365722656
0.8354339599609375,83.23335266113281,-249.88150024414062
0.845123291015625,85.13761901855469,-251.14520263671875
0.3460235595703125,86.79574584960938,-252.0637969970703
0.177734375,88.85208129882812,-252.36062622070312
-0.5415191650390625,90.88035583496094,-252.92352294921875
-0.6839752197265625,92.9498291015625,-254.1942901611328
-1.310699462890625,95.02998352050781,-254.54307556152344
-1.8612823486328125,97.29441833496094,-256.4447326660156
-2.5057220458984375,99.52360534667969,-257.7596130371094
-3.29656982421875,101.76828002929688,-259.0689697265625
-3.708587646484375,104.05876159667969,-260.18194580078125
-5.2512664794921875,106.2532958984375,-262.62652587890625
-6.2971649169921875,108.849365234375,-263.9729919433594
-7.328826904296875,110.94668579101562,-265.9880065917969
-8.515304565429688,113.54942321777344,-268.2208557128906
-10.0888671875,115.52558898925781,-270.3266906738281
-11.102081298828125,117.51046752929688,-272.3319091796875
-12.3004150390625,118.68281555175781,-274.1647644042969
-13.89910888671875,120.71299743652344,-275.8577880859375
-15.087005615234375,121.78077697753906,-277.79486083984375
-16.170669555664062,123.32469177246094,-279.9081115722656
-17.681915283203125,124.53953552246094,-281.4815368652344
-18.602767944335938,125.17512512207031,-283.4911804199219
-19.903884887695312,125.74375915527344,-285.0163269042969
-20.868316650390625,126.74693298339844,-286.26739501953125
-21.851043701171875,127.29142761230469,-287.3066711425781
-22.796051025390625,127.58125305175781,-289.25909423828125
-23.436279296875,128.05056762695312,-290.2195129394531
-23.535507202148438,128.1910858154297,-291.38531494140625
-24.193893432617188,128.201416015625,-292.15576171875
-23.94488525390625,128.60655212402344,-293.23040771484375
-23.945205688476562,128.47210693359375,-294.158935546875
-23.611831665039062,128.33547973632812,-294.8210754394531
-23.750167846679688,128.25811767578125,-295.9197998046875
-23.415374755859375,127.94927978515625,-296.4748840332031
-23.722259521484375,127.52281188964844,-297.4190368652344
-23.413040161132812,127.01136779785156,-297.141357421875
-22.902725219726562,126.44432067871094,-297.13250732421875
-21.835296630859375,126.36051940917969,-296.283203125
-21.205917358398438,125.67141723632812,-296.2373046875
-20.228363037109375,125.1270751953125,-295.8502502441406
-19.189712524414062,123.84623718261719,-295.54443359375
-18.174636840820312,122.86032104492188,-294.52252197265625
-17.033828735351562,121.45449829101562,-294.154541015625
-16.518310546875,120.36160278320312,-293.0731201171875
-15.075576782226562,119.21099853515625,-291.9450988769531
-13.931610107421875,117.62095642089844,-290.36834716796875
-12.77508544921875,115.76022338867188,-288.2630615234375
-11.157119750976562,113.98883056640625,-286.9813537597656
-10.091705322265625,112.0274658203125,-285.19610595703125
-9.015380859375,109.91586303710938,-283.97528076171875
-8.04241943359375,107.4283447265625,-282.17413330078125
-6.666595458984375,105.01681518554688,-280.75787353515625
-5.130218505859375,101.837890625,-280.0018310546875
-4.4370269775390625,99.38456726074219,-278.3944091796875
-3.7772979736328125,96.25352478027344,-277.99078369140625
-2.9459686279296875,93.08197021484375,-276.82745361328125
-2.3045806884765625,89.84098815917969,-275.82269287109375
-1.8945159912109375,86.73312377929688,-275.62664794921875
-1.578338623046875,83.71598815917969,-275.02667236328125
-1.484344482421875,80.50433349609375,-275.0784606933594
-1.451934814453125,77.52395629882812,-274.897705078125
-1.1602783203125,74.46846008300781,-274.84033203125
-1.81591796875,71.6756591796875,-274.94189453125
-1.9437713623046875,69.14195251464844,-274.6217956542969
-2.4484710693359375,66.53581237792969,-275.5670166015625
-2.873382568359375,64.08889770507812,-276.15179443359375
-3.4629669189453125,61.72691345214844,-276.3048400878906
-4.0526123046875,59.43701171875,-276.6590576171875
-4.8205718994140625,57.6363525390625,-277.32513427734375
-5.2466583251953125,55.41957092285156,-277.73388671875
-5.900909423828125,54.218505859375,-277.74560546875
-6.6365966796875,52.45249938964844,-278.82305908203125
-7.333343505859375,51.0098876953125,-279.19561767578125
-8.078765869140625,49.726104736328125,-279.8473205566406
-8.4017333984375,48.87651062011719,-280.9674072265625
-8.980422973632812,47.307037353515625,-281.845947265625
-9.739105224609375,47.023345947265625,-282.691162109375
-10.3399658203125,45.86131286621094,-283.71099853515625
-11.039581298828125,45.428314208984375,-283.93603515625
-11.380950927734375,44.77873229980469,-284.5902404785156
-12.1749267578125,44.226531982421875,-285.7340087890625
-12.75177001953125,44.10981750488281,-286.3951110839844
-13.201812744140625,43.54557800292969,-286.9541015625
-13.788604736328125,43.48431396484375,-287.1667175292969
-13.883285522460938,43.082183837890625,-288.2197570800781
-14.44451904296875,42.62898254394531,-287.8033142089844
-14.885833740234375,42.97650146484375,-288.2750549316406
-15.149490356445312,42.483917236328125,-288.384765625
-15.87432861328125,42.57688903808594,-287.986572265625
-15.916793823242188,41.965606689453125,-287.91851806640625
-16.465560913085938,42.046630859375,-287.55194091796875
-16.365509033203125,41.70098876953125,-287.000732421875
-16.934371948242188,41.76976013183594,-286.9095458984375
-16.857070922851562,42.25218200683594,-286.3052978515625
-17.214920043945312,41.890777587890625,-285.53173828125
-17.339187622070312,42.14894104003906,-285.091064453125
-17.435516357421875,42.21954345703125,-284.7467041015625
-17.815536499023438,42.55274963378906,-284.2544860839844
-17.572769165039062,43.050994873046875,-283.6195068359375
-17.841079711914062,43.598175048828125,-283.3426513671875
-17.707229614257812,44.06559753417969,-283.4559631347656
-17.862503051757812,44.614837646484375,-282.976318359375
-17.900604248046875,44.96002197265625,-283.24700927734375
-18.04400634765625,45.489501953125,-283.51251220703125
-18.191726684570312,46.50758361816406,-283.32763671875
-18.158401489257812,46.69535827636719,-283.45635986328125
-18.245010375976562,47.34454345703125,-283.2214660644531
-18.023025512695312,47.90452575683594,-283.55010986328125
-18.165557861328125,48.858245849609375,-283.2908020019531
-18.469619750976562,49.65386962890625,-283.784423828125
-17.98004150390625,50.291046142578125,-283.25830078125
-18.233245849609375,50.92655944824219,-283.6903076171875
-18.29071044921875,51.72673034667969,-283.33197021484375
-18.578033447265625,52.29197692871094,-283.6142578125
-18.5164794921875,52.597747802734375,-283.7539367675781
-18.362136840820312,53.474090576171875,-283.51910400390625
-18.474014282226562,53.8555908203125,-284.0901794433594
-18.315811157226562,54.42677307128906,-284.7392883300781
-18.3714599609375,54.54008483886719,-284.69989013671875
-18.561203002929688,54.91505432128906,-284.23516845703125
-18.599212646484375,55.39332580566406,-285.344482421875
-18.312118530273438,56.29756164550781,-285.9453125
-18.350479125976562,56.5777587890625,-286.1225891113281
-18.43310546875,57.07859802246094,-286.2052307128906
-18.727371215820312,57.68901062011719,-286.8908996582031
-18.2353515625,58.548919677734375,-286.8414611816406
-18.200408935546875,58.593597412109375,-287.9298095703125
-18.70550537109375,59.208587646484375,-288.72540283203125
-18.590362548828125,59.779296875,-288.6688537597656
-18.548065185546875,60.125335693359375,-289.09747314453125
-18.436141967773438,60.513214111328125,-289.5067443847656
-18.719070434570312,60.65478515625,-291.02410888671875
-18.319259643554688,61.054718017578125,-291.18878173828125
-18.458755493164062,61.45179748535156,-291.1580810546875
-18.504302978515625,62.20869445800781,-292.22271728515625
-18.41522216796875,62.60688781738281,-291.8396911621094
-18.827682495117188,62.75263977050781,-292.8717956542969
-18.917648315429688,63.36949157714844,-293.10833740234375
-18.66058349609375,63.703857421875,-293.9791259765625
-19.277801513671875,64.62930297851562,-293.636474609375
-19.402572631835938,64.49102783203125,-294.1009216308594
-19.765838623046875,65.21725463867188,-294.24969482421875
-19.80706787109375,65.54969787597656,-294.61260986328125
-19.878509521484375,65.87590026855469,-295.79742431640625
-20.202056884765625,66.32453918457031,-295.19512939453125
-20.384384155273438,66.36045837402344,-295.728515625
-20.234893798828125,66.6282958984375,-295.32794189453125
-20.576797485351562,67.01461791992188,-295.71844482421875
-20.75225830078125,66.74942016601562,-295.4044189453125
-21.150360107421875,66.62593078613281,-295.81976318359375
-21.308074951171875,66.49041748046875,-295.942626953125
-21.62420654296875,66.29618835449219,-296.62017822265625
-21.995895385742188,66.07618713378906,-296.5082092285156
-22.713638305664062,65.68037414550781,-297.4056396484375
-22.485549926757812,65.50856018066406,-297.66937255859375
-22.810409545898438,65.37480163574219,-297.13934326171875
-23.484619140625,64.84677124023438,-296.8831787109375
-23.612625122070312,64.52278137207031,-296.9228515625
-23.620452880859375,63.68382263183594,-296.711669921875
-24.05023193359375,63.36094665527344,-296.60009765625
-24.348129272460938,63.099853515625,-297.01300048828125
-24.488494873046875,62.57759094238281,-296.7578125
-25.121337890625,61.91078186035156,-296.8785400390625
-25.106689453125,61.553955078125,-296.92279052734375
-25.838882446289062,61.07774353027344,-297.16790771484375
-26.432144165039062,60.30244445800781,-297.783935546875
-27.128082275390625,59.80320739746094,-297.63360595703125
-27.57562255859375,59.25042724609375,-298.0101318359375
-28.1180419921875,58.95582580566406,-298.4230651855469
-29.056610107421875,58.39556884765625,-298.60601806640625
-29.680648803710938,58.546478271484375,-299.38616943359375
-30.443161010742188,58.43940734863281,-299.559814453125
-31.345703125,57.86961364746094,-299.89935302734375
-32.0728759765625,57.85527038574219,-300.46728515625
-32.70768737792969,57.99391174316406,-301.1022033691406
-33.79496765136719,57.823089599609375,-301.392822265625
-34.41094970703125,57.80506896972656,-301.3840637207031
-35.12541198730469,57.81239318847656,-302.1694030761719
-35.969024658203125,57.69683837890625,-302.5357666015625
-36.547210693359375,57.9539794921875,-302.9019470214844
-36.88182067871094,58.362823486328125,-302.4478759765625
-37.233734130859375,58.66978454589844,-302.32403564453125
-38.044189453125,59.011962890625,-302.85498046875
-38.52378845214844,59.38447570800781,-302.7812805175781
-38.52186584472656,59.611236572265625,-302.6319885253906
-38.75392150878906,60.13365173339844,-302.22607421875
-39.36125183105469,60.47236633300781,-301.9689636230469
-39.64576721191406,61.1015625,-301.06640625
-39.90174865722656,61.811370849609375,-301.2431945800781
-40.014251708984375,62.46943664550781,-301.480712890625
-39.84120178222656,62.84552001953125,-300.98126220703125
-40.0755615234375,63.5047607421875,-300.3499755859375
-40.02439880371094,63.930023193359375,-300.39373779296875
-39.91227722167969,64.73077392578125,-300.19110107421875
-40.22235107421875,65.33943176269531,-300.4615173339844
-40.144622802734375,65.54371643066406,-300.0881042480469
-40.376983642578125,65.92782592773438,-299.87628173828125
-40.42701721191406,66.33804321289062,-299.39068603515625
-40.58320617675781,67.05206298828125,-299.85772705078125
-40.822906494140625,67.40399169921875,-299.58233642578125
-40.74629211425781,68.13630676269531,-299.5487060546875
-40.8756103515625,68.39912414550781,-299.7889709472656
-41.29350280761719,68.68641662597656,-300.01202392578125
-41.44697570800781,68.97544860839844,-299.8160095214844
-41.37396240234375,69.48049926757812,-300.114501953125
-41.68278503417969,69.87953186035156,-300.4013977050781
-41.48847961425781,69.8038330078125,-299.98974609375
-41.506805419921875,70.52470397949219,-300.4579162597656
-41.89198303222656,70.60661315917969,-300.58392333984375
-41.85736083984375,70.57611083984375,-300.591796875
-41.48992919921875,70.84446716308594,-301.5697021484375
-41.62615966796875,70.850341796875,-301.78094482421875
-41.1595458984375,70.56208801269531,-302.06884765625
-40.72947692871094,70.20614624023438,-302.15350341796875
-40.46815490722656,70.14309692382812,-302.7311706542969
-40.410858154296875,69.55599975585938,-303.308837890625
-39.927459716796875,68.92759704589844,-303.5986328125
-39.74444580078125,69.14865112304688,-303.60919189453125
-39.762115478515625,68.85330200195312,-303.6916198730469
-39.51762390136719,68.8892822265625,-303.9779052734375
-39.53208923339844,68.48799133300781,-304.4755859375
-39.66526794433594,68.44447326660156,-304.4305725097656
-39.42970275878906,68.37945556640625,-304.93035888671875
-39.23399353027344,68.05392456054688,-305.88372802734375
-39.533538818359375,67.88778686523438,-306.0228576660156
-39.57670593261719,67.46290588378906,-306.72509765625
-40.03163146972656,67.85853576660156,-306.71588134765625
-40.13719177246094,67.75473022460938,-307.29742431640625
-40.49607849121094,67.65927124023438,-306.78277587890625
-40.4539794921875,67.48919677734375,-307.8083801269531
-41.01422119140625,67.42378234863281,-308.1374206542969
-40.86482238769531,67.11381530761719,-308.261474609375
-41.43025207519531,67.00599670410156,-308.55792236328125
-41.37559509277344,67.20619201660156,-309.30328369140625
-41.584686279296875,67.13493347167969,-309.8148193359375
-42.250274658203125,66.83518981933594,-311.04730224609375
-42.82792663574219,66.640869140625,-311.0165100097656
-43.128570556640625,66.75827026367188,-311.0949401855469
-43.7288818359375,66.62384033203125,-312.0725402832031
-44.45436096191406,66.74896240234375,-312.39483642578125
-44.920989990234375,66.4794921875,-312.350341796875
-45.61289978027344,66.46498107910156,-312.98602294921875
-46.24256896972656,66.18069458007812,-313.52252197265625
-46.63621520996094,65.79864501953125,-314.3631896972656
-47.64012145996094,65.39727783203125,-314.9239501953125
-48.08612060546875,64.85885620117188,-315.1353759765625
-48.603240966796875,64.32377624511719,-316.6339111328125
-49.382537841796875,63.82066345214844,-316.9848937988281
-50.02854919433594,63.03480529785156,-317.59954833984375
-50.31257629394531,62.004974365234375,-318.0
-51.13493347167969,60.7188720703125,-318.58697509765625
-51.56092834472656,60.29203796386719,-318.4809265136719
-52.17192077636719,58.90553283691406,-319.7974853515625
-52.565032958984375,58.02253723144531,-320.1762390136719
-53.13417053222656,56.38218688964844,-320.474853515625
-53.6656494140625,55.56298828125,-320.33721923828125
-53.70794677734375,54.63832092285156,-320.91400146484375
-54.219512939453125,52.9940185546875,-321.1913146972656
-54.38702392578125,51.8458251953125,-321.87152099609375
-54.71014404296875,50.88264465332031,-321.6224060058594
-55.09452819824219,50.13916015625,-321.8663330078125
-54.86421203613281,48.68452453613281,-322.1787414550781
-55.423736572265625,47.733917236328125,-322.190185546875
-55.73942565917969,46.7093505859375,-322.221435546875
-55.45928955078125,46.035980224609375,-322.3704833984375
-55.898406982421875,45.46336364746094,-322.5037841796875
-55.80854797363281,44.49040222167969,-322.55474853515625
-55.97496032714844,43.62245178222656,-323.23187255859375
-56.54341125488281,43.34208679199219,-323.5833435058594
-56.84135437011719,43.249359130859375,-323.8769836425781
-57.57194519042969,42.9461669921875,-324.15472412109375
-58.00544738769531,42.78538513183594,-324.4837341308594
-58.37632751464844,43.18287658691406,-324.7492370605469
-58.83503723144531,43.2734375,-325.3161926269531
-59.688507080078125,43.527679443359375,-325.74725341796875
-60.592864990234375,43.89509582519531,-326.46630859375
-61.09907531738281,44.32220458984375,-327.08782958984375
-61.443695068359375,44.64363098144531,-327.2001953125
-62.51611328125,45.281829833984375,-327.58856201171875
-62.715362548828125,45.686248779296875,-328.4122619628906
-63.32279968261719,46.34129333496094,-329.20751953125
-64.12600708007812,47.18304443359375,-329.6014404296875
-64.66984558105469,48.05696105957031,-330.2889404296875
-65.43162536621094,49.805908203125,-331.4566650390625
-65.78648376464844,51.497283935546875,-331.92498779296875
-66.66334533691406,54.0072021484375,-332.29583740234375
-67.37933349609375,56.352264404296875,-332.70782470703125
-67.91069030761719,59.542327880859375,-332.7301330566406
-68.79092407226562,62.739410400390625,-332.97247314453125
-69.50126647949219,66.60420227050781,-332.015869140625
-69.86897277832031,70.24459838867188,-331.42071533203125
-69.75250244140625,74.20916748046875,-329.9822998046875
-69.72785949707031,77.67478942871094,-328.84088134765625
-69.38444519042969,81.69520568847656,-326.12457275390625
-69.06343078613281,85.5498046875,-324.684814453125
-67.98348999023438,89.14076232910156,-322.14776611328125
-66.61412048339844,92.20970153808594,-319.78265380859375
-64.8941650390625,94.92283630371094,-316.72418212890625
-62.724578857421875,97.69259643554688,-313.9696044921875
-60.296478271484375,99.58126831054688,-311.08892822265625
-57.66288757324219,101.36053466796875,-307.9975891113281
-53.98786926269531,102.32908630371094,-304.96002197265625
-50.831939697265625,103.37113952636719,-301.7069091796875
-47.896453857421875,103.86628723144531,-299.2364807128906
-44.5250244140625,103.54254150390625,-296.13201904296875
-41.458221435546875,102.80937194824219,-293.4717102050781
-38.89263916015625,101.7381591796875,-291.93170166015625
-36.11625671386719,100.98799133300781,-289.69342041015625
-33.26170349121094,99.75790405273438,-287.76605224609375
-30.690567016601562,98.1229248046875,-286.118408203125
-28.3438720703125,96.49671936035156,-284.30755615234375
-26.653167724609375,94.55094909667969,-282.8049621582031
-24.033432006835938,92.17788696289062,-281.853271484375
-22.036331176757812,90.18838500976562,-280.8428955078125
-20.035049438476562,87.65750122070312,-280.0079345703125
-17.971298217773438,85.56941223144531,-279.169921875
-16.70782470703125,83.31657409667969,-278.67791748046875
-15.361709594726562,81.13809204101562,-278.18072509765625
-14.084304809570312,79.37472534179688,-278.2196044921875
-13.173980712890625,77.29286193847656,-278.64202880859375
-12.2232666015625,75.56575012207031,-278.8819580078125
-11.247573852539062,73.48930358886719,-278.623779296875
-10.693572998046875,71.52401733398438,-278.7386474609375
-9.673812866210938,69.93315124511719,-278.20849609375
-9.456298828125,67.67796325683594,-278.0938720703125
-8.897247314453125,66.20631408691406,-277.8685302734375
-8.443511962890625,64.52627563476562,-277.9013366699219
-8.217025756835938,63.04400634765625,-277.266845703125
-7.9603424072265625,61.56657409667969,-277.0491943359375
-7.4553375244140625,60.00212097167969,-276.581298828125
-7.4747467041015625,58.29704284667969,-276.10302734375
-7.1362457275390625,56.31513977050781,-276.0048828125
-6.9807586669921875,55.02906799316406,-276.38287353515625
-6.7002716064453125,53.220703125,-276.9074401855469
-6.5701141357421875,51.3082275390625,-277.90264892578125
-6.395904541015625,49.44639587402344,-278.61572265625
-6.4097137451171875,48.011260986328125,-278.71014404296875
-6.780364990234375,46.47135925292969,-279.61175537109375
-6.7422027587890625,45.10829162597656,-279.95428466796875
-6.72698974609375,43.6822509765625,-280.95489501953125
-6.7665863037109375,41.982330322265625,-282.10003662109375
-7.3277435302734375,40.53936767578125,-284.0003662109375
-7.3643035888671875,39.402191162109375,-285.41162109375
-7.7073822021484375,38.268218994140625,-287.37158203125
-7.8914794921875,37.14360046386719,-289.642333984375
-7.9611663818359375,36.55572509765625,-292.0078125
-8.273513793945312,36.35356140136719,-293.8780822753906
-9.2398681640625,35.69873046875,-295.6756591796875
-9.8861083984375,35.101165771484375,-296.7811584472656
-10.061859130859375,34.84028625488281,-298.328369140625
-10.62286376953125,33.99314880371094,-299.4794616699219
-10.799026489257812,34.0587158203125,-300.22491455078125
-11.010360717773438,33.10664367675781,-300.4615478515625
-11.507492065429688,32.741302490234375,-301.74774169921875
-12.21533203125,32.13996887207031,-302.1678771972656
-12.770278930664062,31.513015747070312,-303.2905578613281
-13.24407958984375,31.301040649414062,-304.35565185546875
-13.626663208007812,30.455703735351562,-304.885986328125
-14.2110595703125,30.058731079101562,-305.5762023925781
-14.590866088867188,29.56939697265625,-306.62030029296875
-15.491195678710938,29.022506713867188,-307.30902099609375
-16.437026977539062,28.943634033203125,-308.03338623046875
-16.703948974609375,28.360916137695312,-308.82720947265625
-16.878189086914062,28.150955200195312,-309.5902099609375
-17.82659912109375,28.041412353515625,-310.21856689453125
-17.7249755859375,28.038528442382812,-310.3356018066406
-18.51837158203125,27.70068359375,-311.3081359863281
-18.902053833007812,27.4981689453125,-312.1295166015625
-19.262893676757812,27.064224243164062,-312.33349609375
-19.759063720703125,27.2037353515625,-312.65484619140625
-19.910995483398438,27.0821533203125,-313.718505859375
-20.317520141601562,26.82135009765625,-314.01776123046875
-20.531631469726562,27.034622192382812,-314.288818359375
-20.649917602539062,26.870849609375,-314.905029296875
-20.699188232421875,26.850204467773438,-315.11492919921875
-21.142593383789062,26.814910888671875,-315.3901062011719
-21.309051513671875,26.415237426757812,-315.625732421875
-21.229705810546875,26.408737182617188,-315.0126037597656
-21.769577026367188,26.234466552734375,-315.54473876953125
-21.956192016601562,25.988922119140625,-316.140625
-22.052642822265625,25.88885498046875,-316.2846984863281
-22.418746948242188,25.981155395507812,-315.7969665527344
-22.357955932617188,25.93988037109375,-316.582763671875
-22.37542724609375,25.700759887695312,-317.01617431640625
-22.790069580078125,25.873641967773438,-316.78338623046875
-22.650146484375,25.442901611328125,-317.35455322265625
-23.260528564453125,25.390960693359375,-317.16021728515625
-23.248275756835938,25.20672607421875,-317.4682922363281
-23.668792724609375,24.324798583984375,-317.0252380371094
-24.139999389648438,24.159378051757812,-317.3992919921875
-24.22857666015625,24.017013549804688,-317.7237548828125
-24.7308349609375,23.75384521484375,-317.7229919433594
-24.72406005859375,23.051498413085938,-317.8699951171875
-24.894668579101562,23.023361206054688,-317.8260498046875
-25.518630981445312,22.603744506835938,-318.5195007324219
-25.314285278320312,21.931900024414062,-318.00244140625
-25.9722900390625,21.594253540039062,-318.33062744140625
-26.09124755859375,21.177261352539062,-318.07666015625
-26.307540893554688,21.081924438476562,-318.4502868652344
-26.537734985351562,20.875259399414062,-318.0224609375
-26.741607666015625,20.54052734375,-318.3827209472656
-27.140411376953125,20.12957763671875,-318.270263671875
-27.262298583984375,20.1383056640625,-318.10467529296875
-27.215240478515625,19.62823486328125,-318.767578125
-27.774368286132812,19.5054931640625,-318.056640625
-27.994781494140625,19.031204223632812,-317.71099853515625
-27.869308471679688,18.699996948242188,-317.6278076171875
-27.840682983398438,18.736175537109375,-317.70111083984375
-28.221389770507812,18.340652465820312,-317.68505859375
-28.528961181640625,18.17181396484375,-317.5210266113281
-28.412384033203125,18.1888427734375,-317.32623291015625
-28.372238159179688,18.222564697265625,-316.94866943359375
-28.804763793945312,18.262664794921875,-317.42364501953125
-28.675506591796875,17.724884033203125,-317.3470458984375
-28.9307861328125,17.65899658203125,-317.2654724121094
-28.90972900390625,17.79583740234375,-317.26434326171875
-29.246566772460938,17.91839599609375,-316.96868896484375
-29.039459228515625,18.170089721679688,-317.02581787109375
-29.196884155273438,17.829116821289062,-316.7467956542969
-29.153564453125,18.144638061523438,-317.2169189453125
-29.541000366210938,17.989166259765625,-317.2337646484375
-29.498611450195312,17.920562744140625,-316.45989990234375
-29.48052978515625,17.886810302734375,-317.06494140625
-29.407119750976562,17.992645263671875,-316.5870361328125
-29.5400390625,18.126007080078125,-316.62774658203125
-29.444320678710938,18.0489501953125,-316.7100830078125
-29.142364501953125,18.056289672851562,-317.04022216796875
-29.48101806640625,18.258148193359375,-316.04461669921875
-29.361862182617188,18.636734008789062,-316.5631103515625
-29.35247802734375,18.306686401367188,-316.57818603515625
-29.247451782226562,18.402877807617188,-316.96075439453125
-29.218536376953125,18.695846557617188,-316.57403564453125
-29.314239501953125,18.184280395507812,-315.8792724609375
-29.583786010742188,18.798538208007812,-316.031982421875
-29.487380981445312,18.621170043945312,-315.8824157714844
-29.239669799804688,18.721603393554688,-315.78106689453125
-28.92108154296875,19.05401611328125,-315.69549560546875
-29.151519775390625,18.582077026367188,-315.52105712890625
-29.437271118164062,18.520584106445312,-315.72100830078125
-29.332321166992188,18.788116455078125,-315.77838134765625
-29.354583740234375,18.925689697265625,-315.7052307128906
-29.112518310546875,19.07977294921875,-315.47296142578125
-29.65643310546875,19.406707763671875,-315.31915283203125
-29.610137939453125,18.935028076171875,-315.52874755859375
-29.7607421875,19.244491577148438,-315.36431884765625
-29.884323120117188,19.086395263671875,-315.31488037109375
-29.839889526367188,19.111557006835938,-315.5008544921875
-29.703720092773438,19.244293212890625,-315.5714111328125
-29.755813598632812,19.042572021484375,-315.675537109375
-29.753799438476562,19.310516357421875,-315.657470703125
-29.957778930664062,19.370635986328125,-315.74072265625
-30.13946533203125,19.46807861328125,-315.80926513671875
-30.301422119140625,19.495407104492188,-315.89532470703125
-30.517059326171875,19.255950927734375,-316.18402099609375
-30.4342041015625,19.625,-315.999755859375
-30.68939208984375,19.394073486328125,-316.531005859375
-30.33172607421875,19.559539794921875,-315.9169006347656
-30.226242065429688,19.299301147460938,-315.96099853515625
-30.439254760742188,19.391983032226562,-315.6314697265625
-30.49725341796875,19.548095703125,-315.549072265625
-30.943115234375,19.671554565429688,-316.14959716796875
-31.018081665039062,19.44842529296875,-315.5876159667969
-30.762115478515625,19.363067626953125,-315.3250427246094
-31.036819458007812,19.510040283203125,-315.5306091308594
-30.994552612304688,19.425750732421875,-315.2488708496094
-30.596939086914062,19.399063110351562,-315.31109619140625
-30.7403564453125,19.043167114257812,-314.7227478027344
-30.968978881835938,18.888839721679688,-314.34271240234375
-30.733993530273438,18.909530639648438,-314.1626892089844
-30.622390747070312,18.843521118164062,-313.51513671875
-30.379150390625,18.796951293945312,-312.4425354003906
-30.43988037109375,18.51202392578125,-312.47857666015625
-30.47967529296875,18.519149780273438,-311.99029541015625
-30.602645874023438,18.152206420898438,-311.919677734375
-30.487289428710938,18.585983276367188,-311.349365234375
-30.543777465820312,18.2073974609375,-311.23797607421875
-30.706451416015625,17.955123901367188,-310.72259521484375
-30.748855590820312,17.489059448242188,-310.3643493652344
-30.6343994140625,17.781417846679688,-310.393310546875
-31.020721435546875,17.717071533203125,-310.52252197265625
-31.3572998046875,17.823165893554688,-310.47772216796875
-31.585662841796875,17.797836303710938,-310.6240234375
-31.860748291015625,17.48492431640625,-310.951904296875
-32.12828063964844,17.56268310546875,-311.0358581542969
-32.76094055175781,16.798446655273438,-311.27667236328125
-33.07807922363281,17.089202880859375,-311.087890625
-33.47373962402344,17.42999267578125,-311.65179443359375
-34.11114501953125,17.514419555664062,-311.7744140625
-34.53218078613281,17.422576904296875,-312.38873291015625
-34.58460998535156,17.254989624023438,-312.05023193359375
-34.87074279785156,17.754364013671875,-311.84149169921875
-34.16400146484375,17.814651489257812,-311.7855224609375
-34.198760986328125,17.725357055664062,-311.5674743652344
-33.90296936035156,18.045944213867188,-311.2877197265625
-33.75128173828125,18.169815063476562,-310.78564453125
-33.80206298828125,18.262725830078125,-310.1238708496094
-33.50062561035156,18.443435668945312,-309.55950927734375
-33.41563415527344,18.24017333984375,-309.27740478515625
-32.80760192871094,18.393646240234375,-308.2408752441406
-32.487213134765625,18.366302490234375,-308.115234375
-32.095855712890625,18.469924926757812,-307.02471923828125
-31.534088134765625,18.171188354492188,-305.419189453125
-31.075851440429688,18.892425537109375,-303.84600830078125
-30.175384521484375,18.601226806640625,-302.9979248046875
-29.594070434570312,18.6124267578125,-301.0855712890625
-29.225982666015625,18.8067626953125,-299.8966064453125
-28.82489013671875,18.50408935546875,-298.6162414550781
-28.7279052734375,18.8275146484375,-297.74835205078125
-28.12274169921875,18.876571655273438,-296.4998779296875
-27.984390258789062,19.057769775390625,-294.68402099609375
-27.715499877929688,18.917556762695312,-293.0675354003906
-27.417678833007812,19.549514770507812,-292.54412841796875
-27.23291015625,19.783111572265625,-290.90460205078125
-27.146011352539062,19.800872802734375,-288.8771057128906
-26.6287841796875,20.370651245117188,-287.2999572753906
-26.670623779296875,20.40338134765625,-285.1945495605469
-26.559906005859375,21.216567993164062,-283.1265869140625
-26.841644287109375,21.790496826171875,-281.5137634277344
-26.738449096679688,22.655563354492188,-279.22039794921875
-26.396224975585938,23.33428955078125,-277.9379577636719
-26.653427124023438,24.20782470703125,-276.4769287109375
-27.2611083984375,24.621002197265625,-274.6029968261719
-27.53985595703125,25.4869384765625,-273.35565185546875
-28.12261962890625,26.691787719726562,-271.9779052734375
-28.745132446289062,27.446640014648438,-270.2851257324219
-29.193084716796875,28.312362670898438,-269.03424072265625
-28.946044921875,28.587188720703125,-267.50238037109375
-29.266189575195312,29.065704345703125,-266.6803283691406
-30.346481323242188,29.375350952148438,-266.3249206542969
-28.723861694335938,29.892608642578125,-264.9388732910156
-17.722198486328125,34.525634765625,-261.27001953125
1.764923095703125,37.11572265625,-250.92581176757812
12.39422607421875,31.194427490234375,-238.333740234375
13.566085815429688,15.841949462890625,-228.2474822998047
10.8538818359375,-2.6751556396484375,-223.91925048828125
6.063262939453125,-18.969314575195312,-223.80862426757812
2.1189117431640625,-30.844940185546875,-227.36105346679688
-0.453826904296875,-38.258544921875,-232.09226989746094
-2.62847900390625,-42.43138122558594,-236.2191162109375
-3.4370574951171875,-43.8060302734375,-240.0626983642578
-4.0482940673828125,-44.10040283203125,-242.52105712890625
-4.6563568115234375,-43.847930908203125,-243.69541931152344
-5.34716796875,-43.31446838378906,-244.75439453125
-5.1656951904296875,-42.77056884765625,-245.29766845703125
-5.2158355712890625,-42.20477294921875,-245.51744079589844
-5.13427734375,-41.79331970214844,-246.3184356689453
-5.48846435546875,-41.100982666015625,-245.79747009277344
-5.8154754638671875,-40.82612609863281,-245.57566833496094
-6.002899169921875,-40.78794860839844,-246.16465759277344
-6.1491851806640625,-40.58355712890625,-246.36798095703125
-6.055023193359375,-40.81451416015625,-246.1195068359375
-6.44769287109375,-40.29762268066406,-246.78709411621094
-6.2136383056640625,-40.46759033203125,-246.4351348876953
-6.59637451171875,-40.74925231933594,-246.4705047607422
-6.702606201171875,-40.914093017578125,-246.15565490722656
-6.637847900390625,-40.73704528808594,-246.3491973876953
-6.6601409912109375,-40.6873779296875,-247.3383331298828
-6.7867279052734375,-40.43426513671875,-247.6197052001953
-6.7291107177734375,-40.5921630859375,-248.04837036132812
-6.6613006591796875,-40.31427001953125,-248.61160278320312
-6.3209686279296875,-40.55757141113281,-249.30624389648438
-5.9895782470703125,-40.64274597167969,-250.2307586669922
-5.7979888916015625,-40.59068298339844,-251.19970703125
-5.5370635986328125,-40.981842041015625,-252.41395568847656
-4.480133056640625,-40.78501892089844,-253.8250732421875
-4.089385986328125,-41.08164978027344,-256.3944396972656
-3.3445587158203125,-41.4537353515625,-258.2464599609375
-2.9969482421875,-41.98069763183594,-260.41302490234375
-2.3717193603515625,-42.294403076171875,-263.28955078125
-1.7821807861328125,-42.55810546875,-266.42303466796875
-1.8595428466796875,-43.11822509765625,-269.91943359375
-1.9370269775390625,-43.333038330078125,-273.72479248046875
-2.7517852783203125,-43.675079345703125,-276.6359558105469
-3.3381805419921875,-43.454498291015625,-280.0252990722656
-4.4381103515625,-43.10807800292969,-283.8033447265625
-5.46893310546875,-43.364166259765625,-286.2471923828125
-6.7687225341796875,-42.85475158691406,-288.0763854980469
-7.937042236328125,-42.74394226074219,-290.22674560546875
-8.837631225585938,-42.76318359375,-292.22711181640625
-9.587875366210938,-42.56761169433594,-293.2259521484375
-10.235214233398438,-42.190582275390625,-294.49847412109375
-11.349411010742188,-42.041168212890625,-294.9515686035156
-11.834014892578125,-42.50865173339844,-295.67926025390625
-12.251190185546875,-42.72193908691406,-296.1220703125
-12.187728881835938,-42.818572998046875,-295.6329040527344
-13.105133056640625,-42.74845886230469,-295.85760498046875
-13.676773071289062,-42.935760498046875,-296.0693359375
-14.070510864257812,-42.98583984375,-296.16314697265625
-14.672744750976562,-42.81825256347656,-297.26055908203125
-15.203109741210938,-42.319610595703125,-297.527587890625
-16.010528564453125,-42.3900146484375,-298.6824035644531
-16.468338012695312,-42.23809814453125,-298.6163330078125
-17.045135498046875,-42.14350891113281,-298.8537902832031
-17.215728759765625,-42.21348571777344,-299.3729248046875
-17.283584594726562,-42.24552917480469,-299.52752685546875
-17.370315551757812,-41.9893798828125,-299.22698974609375
-17.717437744140625,-41.98561096191406,-299.9833679199219
-17.747161865234375,-41.81105041503906,-300.13031005859375
-18.159652709960938,-42.0999755859375,-299.9662780761719
-18.179550170898438,-41.79017639160156,-299.72052001953125
-18.451446533203125,-41.862213134765625,-299.67376708984375
-18.39971923828125,-41.792205810546875,-300.1086120605469
-18.618942260742188,-41.90238952636719,-300.263916015625
-18.547637939453125,-42.0926513671875,-300.0784912109375
-18.612396240234375,-42.10223388671875,-300.16058349609375
-18.558914184570312,-41.90275573730469,-300.1297302246094
-18.29339599609375,-41.903350830078125,-299.8594055175781
-18.702224731445312,-42.04557800292969,-299.4578857421875
-18.84991455078125,-42.02430725097656,-299.6325378417969
-18.750320434570312,-41.82179260253906,-300.0394287109375
-18.7979736328125,-41.8759765625,-299.5504150390625
-18.745330810546875,-41.726226806640625,-299.58563232421875
-18.989181518554688,-41.757537841796875,-299.478759765625
-18.71826171875,-42.00663757324219,-300.00811767578125
-18.89154052734375,-41.80012512207031,-299.3951416015625
-19.01947021484375,-41.82637023925781,-299.2480773925781
-19.155975341796875,-41.41583251953125,-298.55682373046875
-19.10150146484375,-41.42637634277344,-299.2779235839844
-18.972244262695312,-41.460845947265625,-299.59503173828125
-19.13360595703125,-41.611297607421875,-299.25823974609375
-19.30279541015625,-41.51899719238281,-298.9861145019531
-19.162811279296875,-41.41172790527344,-298.799560546875
-18.593154907226562,-41.46337890625,-299.00634765625
-18.759445190429688,-41.522369384765625,-298.6392517089844
-18.585418701171875,-41.143890380859375,-298.9638671875
-18.33642578125,-41.2059326171875,-298.70361328125
-18.686386108398438,-41.10261535644531,-298.9705505371094
-18.537338256835938,-40.8143310546875,-299.054931640625
-18.815338134765625,-40.842315673828125,-298.54119873046875
-18.551742553710938,-40.63038635253906,-298.47967529296875
-18.70074462890625,-40.461151123046875,-298.39056396484375
-18.16937255859375,-40.806549072265625,-298.2393798828125
-17.90484619140625,-40.561981201171875,-298.16748046875
-17.33966064453125,-40.35353088378906,-298.3514099121094
-17.319381713867188,-40.433380126953125,-298.25616455078125
-17.028167724609375,-39.96513366699219,-298.64013671875
-17.201385498046875,-39.90130615234375,-298.18414306640625
-17.17529296875,-39.580291748046875,-298.52032470703125
-17.229827880859375,-39.109466552734375,-298.54766845703125
-17.176773071289062,-39.23872375488281,-298.6330871582031
-16.748565673828125,-39.20892333984375,-298.9468994140625
-16.390548706054688,-38.966461181640625,-298.78131103515625
-16.2427978515625,-38.77879333496094,-299.1349792480469
-16.415878295898438,-39.078338623046875,-298.300048828125
-16.200759887695312,-38.91015625,-298.66656494140625
-16.34027099609375,-38.6561279296875,-298.32550048828125
-16.177642822265625,-38.94789123535156,-298.68353271484375
-16.13397216796875,-38.59730529785156,-298.93426513671875
-16.17144775390625,-38.7501220703125,-298.46331787109375
-16.327239990234375,-38.56346130371094,-298.81011962890625
-15.9434814453125,-38.658966064453125,-298.8619384765625
-16.08477783203125,-38.330291748046875,-299.1963195800781
-15.953903198242188,-38.64753723144531,-298.9366760253906
-15.892333984375,-38.46379089355469,-298.9521179199219
-15.695236206054688,-38.57283020019531,-298.795166015625
-16.008544921875,-38.31007385253906,-299.3400573730469
-16.193191528320312,-38.40406799316406,-299.18768310546875
-15.792587280273438,-37.943206787109375,-299.16888427734375
-15.730850219726562,-38.322296142578125,-299.08544921875
-15.871826171875,-38.787872314453125,-299.099365234375
-15.594253540039062,-38.42414855957031,-299.3077392578125
-15.431289672851562,-38.53045654296875,-299.4106750488281
-15.488754272460938,-38.53230285644531,-299.42718505859375
-15.153488159179688,-38.264892578125,-299.04705810546875
-15.49737548828125,-37.92694091796875,-298.8975830078125
-14.941574096679688,-38.19660949707031,-299.11224365234375
-14.822830200195312,-38.30247497558594,-299.5216979980469
-14.503433227539062,-38.02861022949219,-299.0875244140625
-14.2855224609375,-37.85444641113281,-299.51715087890625
-14.165512084960938,-37.995391845703125,-298.93365478515625
-14.155868530273438,-38.12028503417969,-299.1056823730469
-13.998275756835938,-38.03474426269531,-299.26812744140625
-13.8917236328125,-37.48826599121094,-299.6192626953125
-13.983840942382812,-37.58746337890625,-299.5411376953125
-13.917892456054688,-37.60542297363281,-299.9699401855469
-13.658447265625,-37.45574951171875,-299.837890625
-13.515289306640625,-37.5418701171875,-299.55938720703125
-13.47509765625,-37.22857666015625,-299.86102294921875
-13.244232177734375,-37.319732666015625,-299.753662109375
-13.480804443359375,-37.37422180175781,-299.4607849121094
-13.380096435546875,-37.34486389160156,-299.93829345703125
-13.241012573242188,-37.078125,-299.72662353515625
-13.143753051757812,-37.08439636230469,-300.14337158203125
-13.069656372070312,-37.14277648925781,-300.0129089355469
-12.881088256835938,-37.32969665527344,-299.7785949707031
-12.702377319335938,-37.26298522949219,-300.20361328125
-12.725387573242188,-36.76593017578125,-300.2964172363281
-12.699813842773438,-36.89860534667969,-300.29888916015625
-12.266738891601562,-37.02708435058594,-300.08905029296875
-12.630020141601562,-37.24517822265625,-299.93414306640625
-12.097549438476562,-37.155242919921875,-300.76727294921875
-12.155410766601562,-36.87872314453125,-300.679443359375
-12.023757934570312,-37.26451110839844,-300.187744140625
-11.888290405273438,-37.22869873046875,-300.61572265625
-11.639602661132812,-37.11708068847656,-300.77105712890625
-11.7945556640625,-37.17796325683594,-300.51312255859375
-11.065597534179688,-37.36177062988281,-300.64141845703125
-11.159896850585938,-37.27685546875,-300.73602294921875
-11.078277587890625,-37.5035400390625,-300.65338134765625
-10.777816772460938,-37.415191650390625,-301.0326843261719
-10.852813720703125,-37.94657897949219,-300.350341796875
-10.540374755859375,-38.30194091796875,-300.73455810546875
-10.171722412109375,-37.96635437011719,-301.1716003417969
-9.855987548828125,-38.214996337890625,-300.4371032714844
-10.104660034179688,-38.57464599609375,-300.62701416015625
-9.394500732421875,-38.35148620605469,-300.47735595703125
-8.890960693359375,-38.48797607421875,-300.5321044921875
-8.504409790039062,-38.48828125,-300.3524169921875
-8.598403930664062,-38.478179931640625,-300.2129821777344
-8.2017822265625,-38.6533203125,-299.94696044921875
-8.0855712890625,-38.54872131347656,-300.13519287109375
-7.8336639404296875,-38.44657897949219,-300.0868835449219
-7.67962646484375,-38.94465637207031,-300.20355224609375
-7.41729736328125,-38.88166809082031,-300.5252990722656
-6.907470703125,-39.15489196777344,-299.91229248046875
-7.0108795166015625,-38.97688293457031,-299.6600036621094
-6.487091064453125,-38.95703125,-300.4412536621094
-6.0891265869140625,-38.96913146972656,-300.037353515625
-5.6470184326171875,-39.290771484375,-300.13873291015625
-5.8654937744140625,-39.3499755859375,-300.57696533203125
-5.5750732421875,-39.03271484375,-299.776123046875
-5.18768310546875,-39.5718994140625,-299.9041748046875
-5.2673187255859375,-39.22636413574219,-300.0137939453125
-5.0793914794921875,-39.2459716796875,-300.093994140625
-4.89471435546875,-39.241668701171875,-300.10772705078125
-4.9400482177734375,-39.37054443359375,-299.890380859375
-4.658660888671875,-39.32539367675781,-299.9432067871094
-4.2588653564453125,-39.12835693359375,-299.8970947265625
-4.22393798828125,-39.418182373046875,-300.5111389160156
-4.3334197998046875,-39.292083740234375,-300.33740234375
-4.1927032470703125,-39.25135803222656,-300.6101989746094
-4.29974365234375,-39.34674072265625,-300.5387268066406
-3.8184661865234375,-39.52186584472656,-300.9361267089844
-4.2051544189453125,-39.45735168457031,-301.2508544921875
-4.088592529296875,-39.43809509277344,-300.9827880859375
-3.5943603515625,-39.2891845703125,-301.813720703125
-3.6794891357421875,-39.24041748046875,-301.44561767578125
-3.2869415283203125,-39.1407470703125,-301.4732360839844
-2.8278656005859375,-38.87858581542969,-301.4913024902344
-2.8534698486328125,-38.80482482910156,-301.14837646484375
-2.2794647216796875,-38.57292175292969,-300.98162841796875
-1.614959716796875,-38.91539001464844,-300.613037109375
-1.3938446044921875,-38.37397766113281,-300.421875
-0.6927032470703125,-38.6063232421875,-300.597412109375
-0.1641082763671875,-38.1866455078125,-300.61932373046875
0.28607177734375,-38.085052490234375,-300.44805908203125
1.124114990234375,-37.71427917480469,-299.9610900878906
1.8197021484375,-37.479095458984375,-299.6026611328125
2.7210540771484375,-36.868865966796875,-299.6171875
3.251373291015625,-36.63160705566406,-299.0669860839844
4.2818603515625,-36.10948181152344,-298.24725341796875
5.6848907470703125,-35.24711608886719,-296.780029296875
6.966461181640625,-34.73542785644531,-295.71136474609375
8.066757202148438,-34.07997131347656,-293.48077392578125
9.7906494140625,-32.96540832519531,-291.8800048828125
11.35882568359375,-32.02684020996094,-289.93414306640625
12.809295654296875,-30.7156982421875,-287.3399353027344
14.196517944335938,-29.34228515625,-284.148681640625
15.574722290039062,-28.043807983398438,-280.8754577636719
16.814987182617188,-26.054946899414062,-277.43389892578125
17.5504150390625,-23.496932983398438,-273.51513671875
17.987014770507812,-20.588729858398438,-269.2328186035156
18.37701416015625,-17.886611938476562,-264.4279479980469
17.05413818359375,-14.846893310546875,-260.6891174316406
16.312469482421875,-10.94390869140625,-256.8540344238281
14.717727661132812,-6.72723388671875,-253.04762268066406
12.81951904296875,-2.9130401611328125,-250.84336853027344
11.6353759765625,1.0855560302734375,-248.40609741210938
9.784500122070312,4.1974639892578125,-248.30116271972656
8.107101440429688,7.3370361328125,-247.6967010498047
6.066314697265625,10.936187744140625,-247.30145263671875
4.354248046875,13.75250244140625,-247.69105529785156
2.7047271728515625,16.72406005859375,-247.79493713378906
0.3806304931640625,18.943450927734375,-248.04623413085938
-1.7935943603515625,21.11785888671875,-248.10816955566406
-3.936553955078125,23.220855712890625,-248.65431213378906
-6.239288330078125,25.012786865234375,-248.79002380371094
-8.7196044921875,27.318496704101562,-248.98146057128906
-10.8433837890625,29.141372680664062,-249.90499877929688
-12.917861938476562,30.443557739257812,-250.91603088378906
-14.924560546875,31.589553833007812,-251.84713745117188
-16.9735107421875,32.71269226074219,-252.5144805908203
-19.08642578125,33.445709228515625,-253.5921173095703
-20.816574096679688,34.14094543457031,-255.13058471679688
-22.226409912109375,35.02226257324219,-255.5048828125
-23.81982421875,35.76081848144531,-257.0657653808594
-25.482086181640625,36.51197814941406,-257.8409118652344
-26.82177734375,36.75103759765625,-259.21234130859375
-28.784698486328125,37.15013122558594,-260.32049560546875
-30.738006591796875,37.72138977050781,-261.3671875
-32.170440673828125,37.79624938964844,-262.11395263671875
-34.23681640625,37.837890625,-263.20013427734375
-35.575531005859375,37.92832946777344,-264.8188781738281
-37.29804992675781,37.96954345703125,-266.7459411621094
-38.90452575683594,37.95399475097656,-268.004150390625
-40.76170349121094,37.796295166015625,-270.08660888671875
-42.18067932128906,37.471527099609375,-272.4189453125
-43.44561767578125,37.40571594238281,-273.827392578125
-44.96366882324219,36.86286926269531,-276.3360595703125
-46.498199462890625,36.19941711425781,-278.94671630859375
-47.84515380859375,35.60432434082031,-281.566162109375
-49.24543762207031,34.774932861328125,-283.8147277832031
-50.222869873046875,34.20257568359375,-286.19720458984375
-50.83906555175781,32.90068054199219,-289.233154296875
-51.574951171875,31.954696655273438,-291.49169921875
-52.52906799316406,30.548202514648438,-293.89410400390625
-52.85459899902344,29.440414428710938,-296.54022216796875
-52.7200927734375,28.247467041015625,-299.2396240234375
-53.25596618652344,27.197998046875,-300.57220458984375
-53.3311767578125,26.2294921875,-301.73419189453125
-53.31988525390625,25.872894287109375,-303.5862121582031
-52.99456787109375,25.048812866210938,-304.88330078125
-52.43194580078125,24.50518798828125,-306.1651611328125
-52.442779541015625,24.570343017578125,-307.5959167480469
-51.53504943847656,23.914199829101562,-308.5677185058594
-51.037750244140625,24.365203857421875,-309.1403503417969
-50.14697265625,24.639694213867188,-310.0780029296875
-49.27384948730469,24.803604125976562,-310.468994140625
-48.27336120605469,26.063308715820312,-310.9725341796875
-47.25807189941406,26.752838134765625,-310.9362487792969
-46.34739685058594,27.8739013671875,-310.41363525390625
-45.30964660644531,28.917221069335938,-310.07708740234375
-43.58949279785156,30.012832641601562,-309.3539733886719
-42.373992919921875,31.720672607421875,-308.083740234375
-41.04158020019531,32.586761474609375,-307.2237854003906
-39.70954895019531,34.36091613769531,-306.543212890625
-37.87046813964844,35.84626770019531,-304.690673828125
-35.864044189453125,37.26411437988281,-303.22149658203125
-33.99583435058594,38.93016052246094,-302.02850341796875
-31.544891357421875,40.141265869140625,-299.995361328125
-29.005584716796875,41.50791931152344,-297.86248779296875
-26.934158325195312,42.25135803222656,-295.7585754394531
-24.570526123046875,43.53236389160156,-292.5753173828125
-21.778701782226562,44.062347412109375,-289.24395751953125
-19.683807373046875,44.53843688964844,-286.649169921875
-17.132369995117188,44.813323974609375,-283.48388671875
-14.843002319335938,44.84541320800781,-279.762451171875
-12.7138671875,44.53472900390625,-276.6591796875
-9.767730712890625,43.63482666015625,-273.69708251953125
-7.498016357421875,42.552337646484375,-270.7620849609375
-4.8801727294921875,41.36766052246094,-268.2349853515625
-2.7201080322265625,39.654571533203125,-265.87701416015625
-0.576446533203125,37.793701171875,-263.4658508300781
1.9096832275390625,35.49470520019531,-262.16925048828125
3.67596435546875,33.14851379394531,-260.0561828613281
5.639373779296875,30.7530517578125,-258.7511291503906
7.6587371826171875,28.371170043945312,-258.3364562988281
9.0894775390625,26.187713623046875,-258.58197021484375
10.78973388671875,23.877395629882812,-258.2723388671875
11.896255493164062,21.483840942382812,-257.7825622558594
12.895065307617188,19.445144653320312,-258.05987548828125
13.9991455078125,17.0660400390625,-258.0035095214844
14.966049194335938,14.839935302734375,-257.8952941894531
15.519302368164062,12.823760986328125,-258.8073425292969
16.345993041992188,10.957992553710938,-259.13848876953125
17.259323120117188,9.46807861328125,-259.5338439941406
17.169464111328125,7.2505340576171875,-260.57781982421875
17.695571899414062,5.647918701171875,-261.2190856933594
17.894149780273438,4.00262451171875,-262.11346435546875
18.132080078125,2.8666839599609375,-262.88775634765625
18.396011352539062,1.8759307861328125,-263.85406494140625
18.211135864257812,0.2778472900390625,-264.1183166503906
18.414077758789062,-0.7367401123046875,-264.8389892578125
18.2098388671875,-1.5923919677734375,-266.00482177734375
17.9329833984375,-2.067779541015625,-266.72186279296875
17.834243774414062,-2.68621826171875,-267.83831787109375
17.5919189453125,-3.386383056640625,-268.76397705078125
17.629486083984375,-4.0402069091796875,-270.0380859375
16.727401733398438,-4.3541412353515625,-270.605712890625
16.721725463867188,-4.8406219482421875,-271.704345703125
16.1990966796875,-4.8256072998046875,-272.12579345703125
15.933349609375,-5.20111083984375,-273.15411376953125
15.6361083984375,-5.62188720703125,-273.51922607421875
15.565658569335938,-5.6510009765625,-273.6109619140625
15.322662353515625,-5.998687744140625,-273.8953857421875
14.806640625,-5.79833984375,-274.1300964355469
14.905776977539062,-6.3697509765625,-274.12109375
14.0535888671875,-6.573699951171875,-273.54974365234375
14.047286987304688,-6.9461822509765625,-273.02886962890625
13.98626708984375,-6.93121337890625,-273.0068359375
13.894882202148438,-7.1637725830078125,-272.77740478515625
13.836929321289062,-7.786285400390625,-272.26715087890625
13.912063598632812,-7.754730224609375,-271.1135559082031
14.230484008789062,-8.751754760742188,-271.21044921875
13.543426513671875,-8.599227905273438,-270.42132568359375
13.661407470703125,-8.575057983398438,-269.7553405761719
13.057586669921875,-8.42474365234375,-269.057373046875
13.184600830078125,-8.529754638671875,-268.237060546875
12.97259521484375,-8.600357055664062,-268.22216796875
13.283920288085938,-7.9762725830078125,-267.26617431640625
13.068344116210938,-7.482940673828125,-267.1552429199219
12.486190795898438,-7.0478515625,-267.30010986328125
12.449295043945312,-6.40472412109375,-267.2830505371094
12.279861450195312,-5.7368927001953125,-267.75927734375
11.943496704101562,-4.9878387451171875,-268.11505126953125
11.882537841796875,-4.3688201904296875,-268.6011962890625
11.725906372070312,-3.5210113525390625,-268.3280334472656
11.03118896484375,-2.5847015380859375,-269.51806640625
11.266876220703125,-1.3969879150390625,-269.67755126953125
10.697402954101562,-0.509033203125,-269.8160400390625
10.353271484375,0.76409912109375,-270.62579345703125
9.380844116210938,1.6881866455078125,-270.65142822265625
9.497665405273438,2.6994476318359375,-271.03607177734375
9.321945190429688,3.5441131591796875,-270.80389404296875
8.4283447265625,4.977020263671875,-270.92413330078125
7.9749603271484375,5.905670166015625,-271.1550598144531
7.386627197265625,7.160736083984375,-271.20672607421875
6.7581329345703125,7.859222412109375,-272.14898681640625
6.6288909912109375,8.748291015625,-272.36431884765625
5.8023529052734375,10.072967529296875,-272.34918212890625
5.4224395751953125,10.755508422851562,-273.10321044921875
4.799102783203125,11.775253295898438,-273.28485107421875
4.4223480224609375,12.166122436523438,-273.44061279296875
3.7722015380859375,13.17340087890625,-273.7461853027344
3.061737060546875,13.922744750976562,-274.320556640625
2.3500518798828125,14.659820556640625,-274.78759765625
1.966827392578125,15.200729370117188,-275.98590087890625
1.20611572265625,15.791366577148438,-276.31317138671875
0.7498779296875,16.607345581054688,-276.9743957519531
-0.0847015380859375,17.117523193359375,-277.60052490234375
-0.6806793212890625,17.8988037109375,-278.8059387207031
-1.3595733642578125,18.5081787109375,-279.486328125
-2.0410919189453125,18.967605590820312,-280.2516784667969
-2.62432861328125,19.471954345703125,-281.2861633300781
-3.43121337890625,19.746292114257812,-281.997802734375
-4.4434051513671875,20.514633178710938,-282.94140625
-4.9240875244140625,20.952682495117188,-283.880615234375
-5.834228515625,21.110671997070312,-285.11334228515625
-6.6868133544921875,21.341156005859375,-285.80615234375
-7.2964630126953125,21.587051391601562,-287.0865783691406
-7.997802734375,21.911529541015625,-287.84063720703125
-9.097274780273438,21.910247802734375,-288.73797607421875
-9.459747314453125,21.603103637695312,-289.8998718261719
-10.076019287109375,21.589202880859375,-290.4907531738281
-10.382431030273438,21.500823974609375,-291.1485595703125
-10.669342041015625,21.132736206054688,-291.92352294921875
-11.193771362304688,21.418655395507812,-291.769287109375
-11.546951293945312,21.0279541015625,-292.29669189453125
-11.593856811523438,20.713058471679688,-292.5863037109375
-11.683334350585938,20.119094848632812,-292.91168212890625
-11.298233032226562,19.371841430664062,-293.087646484375
-11.571792602539062,19.081039428710938,-293.1166076660156
-11.84942626953125,18.522140502929688,-292.7970886230469
-11.01214599609375,17.999649047851562,-293.17584228515625
-11.302352905273438,17.29461669921875,-292.80877685546875
-10.552154541015625,16.723800659179688,-292.812255859375
-10.090988159179688,15.749603271484375,-292.4578552246094
-9.667861938476562,14.448287963867188,-292.57147216796875
-9.02789306640625,13.583541870117188,-292.4643859863281
-8.666793823242188,13.029556274414062,-291.98980712890625
-8.135116577148438,11.88653564453125,-291.1326904296875
-7.8866424560546875,10.561431884765625,-291.12249755859375
-7.336700439453125,9.912506103515625,-290.8428039550781
-6.9579925537109375,8.911773681640625,-290.4143371582031
-7.0691986083984375,7.8898162841796875,-289.7528076171875
-6.8920135498046875,6.6363983154296875,-289.14801025390625
-6.821044921875,6.134979248046875,-289.2696533203125
-6.971221923828125,4.9039306640625,-288.9415588378906
-6.869598388671875,4.1450958251953125,-288.9468078613281
-7.0181884765625,3.64337158203125,-288.74505615234375
-7.38531494140625,2.429840087890625,-288.63470458984375
-7.8173065185546875,1.74859619140625,-288.7544250488281
-8.043121337890625,1.147369384765625,-288.7599182128906
-8.445022583007812,0.1594085693359375,-288.8860168457031
-8.807464599609375,-0.10455322265625,-289.22186279296875
-9.537155151367188,-1.01531982421875,-289.04644775390625
-9.374053955078125,-1.061859130859375,-289.67828369140625
-9.82598876953125,-1.7478179931640625,-289.75396728515625
-10.313430786132812,-2.1678466796875,-289.5122375488281
-10.463363647460938,-2.2761993408203125,-289.69866943359375
-10.5738525390625,-2.60919189453125,-289.1600341796875
-10.812332153320312,-2.9320068359375,-289.27862548828125
-10.9327392578125,-3.3279266357421875,-289.19921875
-11.205108642578125,-3.3736419677734375,-288.906982421875
-11.02667236328125,-3.5764312744140625,-289.13543701171875
-11.175003051757812,-4.0926513671875,-289.11383056640625
-11.407211303710938,-4.14556884765625,-289.3395690917969
-11.068954467773438,-4.327362060546875,-289.55364990234375
-10.964462280273438,-4.5262908935546875,-288.9853820800781
-10.809738159179688,-4.66229248046875,-289.02197265625
-10.78997802734375,-4.356903076171875,-288.49859619140625
-10.981689453125,-4.5054931640625,-288.4333801269531
-10.997634887695312,-4.61822509765625,-288.4623718261719
-10.763656616210938,-4.479461669921875,-288.84356689453125
-11.027908325195312,-4.2661590576171875,-288.8423156738281
-11.8858642578125,-4.277801513671875,-288.11859130859375
-12.180160522460938,-3.9857940673828125,-288.84161376953125
-11.87701416015625,-3.808135986328125,-288.6304931640625
-12.11676025390625,-3.5038604736328125,-288.32281494140625
-12.610336303710938,-3.419219970703125,-288.5505065917969
-12.803024291992188,-3.04022216796875,-289.20648193359375
-13.058135986328125,-2.5595703125,-289.05072021484375
-13.304122924804688,-2.3748931884765625,-289.2779541015625
-14.0291748046875,-1.9717864990234375,-289.7130126953125
-14.31756591796875,-1.592987060546875,-289.2029724121094
-14.589004516601562,-1.387451171875,-289.80035400390625
-15.084228515625,-1.123504638671875,-290.2969665527344
-16.163528442382812,-0.8833160400390625,-290.857666015625
-16.7764892578125,-0.410675048828125,-290.71258544921875
-17.766281127929688,-0.006011962890625,-291.17376708984375
-18.280960083007812,0.27130126953125,-291.84716796875
-18.721817016601562,0.604766845703125,-291.82794189453125
-19.65777587890625,0.849761962890625,-292.70648193359375
-20.313140869140625,1.0601806640625,-292.6484375
-20.99859619140625,1.3603363037109375,-293.0830383300781
-21.53033447265625,1.463714599609375,-293.31231689453125
-22.024383544921875,1.636688232421875,-293.4735107421875
-22.0643310546875,1.5925445556640625,-294.06951904296875
-22.48004150390625,1.584014892578125,-294.33935546875
-22.751876831054688,1.427978515625,-294.56036376953125
-22.863021850585938,1.0778656005859375,-294.3536376953125
-22.83770751953125,0.8868255615234375,-294.77740478515625
-22.399383544921875,0.292816162109375,-294.9082336425781
-21.979629516601562,0.045257568359375,-295.5299072265625
-21.621749877929688,-0.424896240234375,-295.21441650390625
-21.27679443359375,-0.569244384765625,-295.9759216308594
-20.971847534179688,-0.455291748046875,-295.1888427734375
-20.527908325195312,-0.6171417236328125,-295.6218566894531
-20.457244873046875,-0.9453277587890625,-295.8867492675781
-20.453079223632812,-0.6104583740234375,-295.3848571777344
-20.259307861328125,-0.694580078125,-295.37188720703125
-20.50836181640625,-0.312164306640625,-295.3053894042969
-20.707763671875,0.2359161376953125,-295.28912353515625
-20.998062133789062,0.3812713623046875,-295.0821533203125
-21.434661865234375,0.661773681640625,-294.5650634765625
-21.788558959960938,1.300628662109375,-293.91876220703125
-22.647064208984375,1.5887451171875,-294.26287841796875
-23.061721801757812,1.9897003173828125,-294.04150390625
-23.865066528320312,2.4934539794921875,-293.61627197265625
-24.251678466796875,2.5566864013671875,-294.15771484375
-24.94873046875,2.8874664306640625,-294.166259765625
-25.614974975585938,2.8911285400390625,-294.10693359375
-26.303802490234375,2.620513916015625,-294.64617919921875
-26.6751708984375,2.8070831298828125,-295.2152099609375
-27.638916015625,2.6066741943359375,-296.053955078125
-27.749099731445312,2.0053253173828125,-296.214111328125
-28.394180297851562,1.543060302734375,-296.7183837890625
-28.410614013671875,1.2201995849609375,-297.7852783203125
-29.048126220703125,0.3117828369140625,-298.494140625
-29.089187622070312,-0.495880126953125,-298.9847412109375
-29.356170654296875,-1.511199951171875,-299.91143798828125
-28.8375244140625,-2.319305419921875,-300.57159423828125
-29.230667114257812,-3.476043701171875,-300.7248840332031
-28.9549560546875,-4.540283203125,-301.837158203125
-28.384628295898438,-5.4291229248046875,-302.8045654296875
-28.3018798828125,-6.730224609375,-303.19384765625
-28.333023071289062,-7.6558990478515625,-303.63421630859375
-28.488998413085938,-8.508331298828125,-303.5665283203125
-28.176864624023438,-9.313034057617188,-305.0772705078125
-28.042083740234375,-10.193313598632812,-304.72296142578125
-27.864471435546875,-10.7330322265625,-304.9073791503906
-27.909393310546875,-11.309371948242188,-305.5594177246094
-27.792373657226562,-11.942123413085938,-305.17388916015625
-27.9244384765625,-12.346435546875,-305.71563720703125
-27.380218505859375,-12.591018676757812,-305.4820251464844
-27.7869873046875,-13.175735473632812,-305.87957763671875
-27.757110595703125,-13.82281494140625,-305.78875732421875
-27.532821655273438,-13.733108520507812,-306.09881591796875
-27.871200561523438,-14.036972045898438,-306.39703369140625
-28.145523071289062,-14.547348022460938,-306.3309631347656
-28.205657958984375,-14.520538330078125,-306.50848388671875
-28.210342407226562,-14.91009521484375,-307.14532470703125
-28.717803955078125,-15.308258056640625,-307.80511474609375
-28.56927490234375,-15.824310302734375,-307.358154296875
-29.275909423828125,-15.878982543945312,-307.4844970703125
-29.437088012695312,-16.213470458984375,-308.24151611328125
-29.8431396484375,-16.363082885742188,-308.5929870605469
-29.781402587890625,-16.850601196289062,-308.48553466796875
-30.000045776367188,-16.972122192382812,-308.9966125488281
-30.29144287109375,-17.13214111328125,-309.1005554199219
-30.464065551757812,-17.261199951171875,-309.75408935546875
-30.889572143554688,-17.125030517578125,-310.4635009765625
-30.838470458984375,-16.487716674804688,-310.2262878417969
-31.647293090820312,-16.59307861328125,-310.7606201171875
-32.26795959472656,-15.684967041015625,-311.22113037109375
-33.071136474609375,-14.803543090820312,-311.12322998046875
-33.645721435546875,-14.211013793945312,-311.8299255371094
-34.23112487792969,-13.203048706054688,-312.36224365234375
-34.819488525390625,-12.226669311523438,-311.99530029296875
-35.682647705078125,-10.705093383789062,-312.45770263671875
-36.199615478515625,-9.167037963867188,-313.0014953613281
-36.58845520019531,-7.7582855224609375,-313.2216491699219
-37.54875183105469,-6.0795135498046875,-312.482177734375
-37.365966796875,-4.3940277099609375,-312.0291748046875
-37.82795715332031,-2.5010986328125,-311.9706726074219
-37.26618957519531,-0.4329986572265625,-310.69293212890625
-37.2041015625,1.6389312744140625,-310.63079833984375
-36.3221435546875,3.5770263671875,-310.12310791015625
-35.190185546875,5.535003662109375,-309.090087890625
-34.637481689453125,7.6574249267578125,-307.5716247558594
-33.499969482421875,9.349533081054688,-306.4198303222656
-32.264739990234375,10.870193481445312,-305.3841552734375
-31.179031372070312,12.551193237304688,-304.2981872558594
-29.6710205078125,13.831024169921875,-303.27764892578125
-28.163162231445312,15.05841064453125,-301.596435546875
-27.020828247070312,16.355911254882812,-300.49969482421875
-25.793136596679688,17.235321044921875,-298.88958740234375
-24.403335571289062,18.124130249023438,-298.4764709472656
-23.184417724609375,18.80340576171875,-296.723388671875
-21.975173950195312,19.351470947265625,-295.1393127441406
-21.065872192382812,20.049835205078125,-294.2883605957031
-19.728622436523438,20.128341674804688,-292.9666748046875
-19.040298461914062,20.621170043945312,-292.6749267578125
-18.0916748046875,20.970138549804688,-292.31463623046875
-17.513946533203125,21.04412841796875,-292.22216796875
-17.50714111328125,21.26190185546875,-291.73626708984375
-16.358154296875,21.088455200195312,-291.134521484375
-16.027297973632812,21.706863403320312,-290.9631652832031
-15.3543701171875,21.796173095703125,-292.0531311035156
-14.883285522460938,21.53173828125,-292.00567626953125
-14.1171875,21.57550048828125,-291.57427978515625
-13.737899780273438,21.476654052734375,-291.211669921875
-13.08416748046875,21.322601318359375,-291.9351806640625
-12.288909912109375,21.020217895507812,-292.4285888671875
-11.572296142578125,20.76025390625,-292.6202392578125
-10.7130126953125,20.366348266601562,-293.23638916015625
-10.37841796875,19.988723754882812,-293.77117919921875
-9.613113403320312,19.482086181640625,-294.27545166015625
-8.661178588867188,19.339279174804688,-294.294677734375
-8.0166015625,18.998275756835938,-294.8982849121094
-7.0642547607421875,19.100311279296875,-295.08740234375
-6.37835693359375,18.87969970703125,-295.44317626953125
-5.83575439453125,18.183380126953125,-295.601318359375
-5.705169677734375,18.022415161132812,-295.9411926269531
-5.259521484375,18.5704345703125,-296.1373291015625
-5.0416107177734375,18.292007446289062,-295.7255859375
-4.6846771240234375,18.303634643554688,-295.5411376953125
-4.6686859130859375,18.4642333984375,-296.33404541015625
-5.117523193359375,18.813232421875,-296.52166748046875
-5.5856475830078125,18.992889404296875,-296.8516845703125
-5.907379150390625,19.273895263671875,-297.4296569824219
-6.9188232421875,19.91571044921875,-298.246337890625
-8.12237548828125,20.833160400390625,-298.94708251953125
-9.366790771484375,21.637313842773438,-299.3861999511719
-11.11224365234375,22.290985107421875,-299.7687072753906
-12.504074096679688,23.07489013671875,-299.5973815917969
-14.396347045898438,24.11102294921875,-299.51055908203125
-15.745513916015625,25.02386474609375,-299.73846435546875
-17.5538330078125,26.163894653320312,-299.465087890625
-18.523513793945312,26.84063720703125,-299.4552001953125
-20.432235717773438,27.52545166015625,-299.17889404296875
-21.692153930664062,27.912338256835938,-298.75946044921875
-22.566162109375,28.591888427734375,-298.77337646484375
-23.893234252929688,29.044967651367188,-299.11993408203125
-25.320114135742188,29.255874633789062,-299.435546875
-26.461471557617188,29.272415161132812,-300.1273498535156
-27.742034912109375,28.817855834960938,-300.79046630859375
-28.872085571289062,28.420059204101562,-302.04693603515625
-30.069732666015625,28.053466796875,-303.6050720214844
-31.351104736328125,27.494644165039062,-304.40509033203125
-32.61932373046875,26.818496704101562,-306.45550537109375
-33.73338317871094,25.679443359375,-308.148681640625
-34.91487121582031,24.567962646484375,-309.955322265625
-35.44366455078125,22.629852294921875,-311.7521667480469
-36.54838562011719,21.4722900390625,-313.3476867675781
-37.0716552734375,20.088592529296875,-315.47747802734375
-37.52622985839844,18.3643798828125,-317.1790466308594
-37.69032287597656,16.068511962890625,-319.0152587890625
-38.21894836425781,14.534561157226562,-320.67547607421875
-38.03900146484375,13.019577026367188,-321.79962158203125
-38.77787780761719,11.317779541015625,-322.7519836425781
-38.94842529296875,9.748199462890625,-324.0625
-39.40232849121094,8.92095947265625,-324.1839294433594
-40.24400329589844,7.3982696533203125,-325.697509765625
-40.35142517089844,6.4188385009765625,-325.9521484375
-41.493438720703125,5.565765380859375,-326.38299560546875
-42.79267883300781,5.3723907470703125,-326.75823974609375
-43.4757080078125,5.0425872802734375,-326.26580810546875
-44.93064880371094,5.014923095703125,-326.9719543457031
-45.85258483886719,5.1321563720703125,-326.7965087890625
-47.13169860839844,5.0008392333984375,-326.621337890625
-48.105712890625,4.9319000244140625,-327.16107177734375
-48.917755126953125,5.1822662353515625,-326.5953369140625
-49.43641662597656,5.2203521728515625,-327.26806640625
-50.05244445800781,5.4847412109375,-326.2537536621094
-50.390655517578125,5.726226806640625,-326.2853698730469
-50.806365966796875,5.736358642578125,-326.64892578125
-50.961151123046875,6.1808929443359375,-326.501220703125
-50.88337707519531,6.53118896484375,-326.79815673828125
-51.00877380371094,6.94244384765625,-327.00079345703125
-51.17524719238281,7.2857666015625,-326.1163635253906
-50.75657653808594,7.99078369140625,-327.229248046875
-51.34388732910156,8.446792602539062,-326.73040771484375
-51.34599304199219,8.804641723632812,-326.7562255859375
-51.6328125,9.924575805664062,-326.5469055175781
-51.742340087890625,10.2095947265625,-326.1387939453125
-51.489501953125,11.334091186523438,-325.86865234375
-51.256500244140625,12.541046142578125,-325.0848388671875
-51.122100830078125,13.335220336914062,-325.03851318359375
-50.690032958984375,14.790802001953125,-324.8001403808594
-50.016876220703125,15.329879760742188,-324.5150146484375
-48.85731506347656,16.481246948242188,-324.19403076171875
-48.26194763183594,17.5150146484375,-323.35308837890625
-46.52717590332031,18.539276123046875,-322.93121337890625
-45.208251953125,20.231170654296875,-321.9942626953125
-43.58460998535156,21.182647705078125,-321.32501220703125
-41.03831481933594,22.54449462890625,-319.9298095703125
-38.779022216796875,24.043594360351562,-318.97216796875
-36.69818115234375,24.432785034179688,-317.74517822265625
-33.652252197265625,25.414932250976562,-317.39300537109375
-31.183013916015625,25.723495483398438,-315.908935546875
-27.689544677734375,25.932754516601562,-314.6510314941406
-24.865798950195312,26.298980712890625,-312.6850891113281
-21.678512573242188,26.2750244140625,-311.5487060546875
-18.890945434570312,26.17083740234375,-309.94610595703125
-16.625930786132812,25.899383544921875,-308.31854248046875
-14.087677001953125,25.962966918945312,-306.3782958984375
-11.588485717773438,25.747482299804688,-304.7115478515625
-9.9918212890625,25.323394775390625,-302.36859130859375
-8.262969970703125,25.122360229492188,-300.6272888183594
-6.7262725830078125,24.711151123046875,-298.125244140625
-5.3283538818359375,24.225372314453125,-296.1085205078125
-4.2584381103515625,23.860748291015625,-293.7613830566406
-3.074462890625,23.090240478515625,-292.495849609375
-1.7574920654296875,22.720016479492188,-290.5478210449219
-1.0144500732421875,22.13006591796875,-289.37890625
-0.1358184814453125,21.091094970703125,-287.6949462890625
0.57135009765625,20.32525634765625,-286.2618408203125
1.5255126953125,19.593780517578125,-285.28118896484375
2.464324951171875,18.720352172851562,-284.6195068359375
2.8540191650390625,17.660964965820312,-283.9724426269531
3.699737548828125,16.68011474609375,-283.09930419921875
4.1296234130859375,15.660873413085938,-282.4607238769531
4.273162841796875,14.942962646484375,-281.8739013671875
5.12823486328125,13.955154418945312,-281.52667236328125
5.33319091796875,13.319564819335938,-280.9349060058594
5.8287353515625,12.323440551757812,-280.49188232421875
5.93817138671875,11.56866455078125,-280.08837890625
6.4272003173828125,11.119171142578125,-280.1925048828125
6.7056427001953125,10.0462646484375,-279.97747802734375
6.9987945556640625,9.2652587890625,-279.79534912109375
6.92010498046875,8.664749145507812,-280.11224365234375
7.7704315185546875,7.9432373046875,-280.17437744140625
7.502044677734375,7.0695037841796875,-279.6942443847656
7.897918701171875,6.8675994873046875,-279.4452819824219
8.10443115234375,5.947296142578125,-278.85736083984375
8.452804565429688,5.392852783203125,-278.78363037109375
8.83306884765625,5.016326904296875,-279.3699645996094
8.32733154296875,4.886016845703125,-279.23931884765625
8.467575073242188,4.778594970703125,-279.15484619140625
8.139312744140625,4.6998291015625,-278.87481689453125
7.881134033203125,4.7883453369140625,-279.34222412109375
7.6791534423828125,4.63165283203125,-279.0833435058594
7.5153656005859375,4.7576904296875,-279.4066467285156
7.086700439453125,5.0937652587890625,-280.0284729003906
7.006805419921875,5.4911346435546875,-280.6072998046875
6.4161529541015625,5.660980224609375,-280.82379150390625
5.680389404296875,6.4434051513671875,-281.0595703125
5.108856201171875,6.910186767578125,-281.60174560546875
4.9915008544921875,7.31060791015625,-282.09844970703125
4.7100830078125,7.9208221435546875,-282.3826904296875
3.9165802001953125,8.351898193359375,-282.95849609375
3.426727294921875,8.788650512695312,-283.38031005859375
2.557281494140625,9.239471435546875,-283.74688720703125
1.624481201171875,9.806396484375,-284.34429931640625
1.003204345703125,10.584274291992188,-284.33819580078125
0.2476806640625,11.35479736328125,-284.31427001953125
-0.3996429443359375,11.957275390625,-284.9413757324219
-1.1195068359375,12.765914916992188,-284.2763671875
-1.4937896728515625,13.61676025390625,-283.8135070800781
-2.3982086181640625,14.5399169921875,-283.4718017578125
-2.80462646484375,15.311904907226562,-283.09954833984375
-3.72003173828125,16.132110595703125,-282.6453857421875
-4.492218017578125,16.627853393554688,-282.2365417480469
-5.3133544921875,17.645828247070312,-282.1860046386719
-5.5612640380859375,18.089248657226562,-281.3406982421875
-6.700042724609375,18.882125854492188,-280.54864501953125
-7.4545745849609375,19.460494995117188,-280.25762939453125
-7.8433837890625,19.927886962890625,-279.9689025878906
-8.249267578125,20.496002197265625,-280.3892517089844
-9.000335693359375,20.985183715820312,-280.57501220703125
-9.667755126953125,21.047378540039062,-281.26702880859375
-10.257766723632812,21.435684204101562,-282.24658203125
-11.229293823242188,21.843643188476562,-282.8255310058594
-11.8944091796875,21.39349365234375,-284.2362365722656
-12.655059814453125,21.8779296875,-285.58270263671875
-12.918411254882812,21.658065795898438,-287.1465148925781
-13.427993774414062,21.3809814453125,-288.29986572265625
-13.7032470703125,20.773971557617188,-290.07794189453125
-13.558990478515625,20.14910888671875,-292.4021301269531
-13.6016845703125,19.277313232421875,-293.63116455078125
-13.462188720703125,18.037155151367188,-295.5484619140625
-13.32928466796875,17.33746337890625,-296.9227294921875
-12.860366821289062,16.07232666015625,-298.3787841796875
-13.043197631835938,15.621932983398438,-299.19677734375
-12.8475341796875,14.922348022460938,-300.65118408203125
-12.899658203125,14.137374877929688,-301.86126708984375
-12.846633911132812,13.137832641601562,-302.9662780761719
-13.348434448242188,12.85333251953125,-303.67236328125
-13.751678466796875,12.349197387695312,-305.01214599609375
-14.37646484375,12.29779052734375,-305.65789794921875
-15.167892456054688,12.267974853515625,-305.9974060058594
-16.017135620117188,12.533218383789062,-306.0604248046875
-16.991897583007812,12.74755859375,-306.07537841796875
-17.797348022460938,12.77899169921875,-306.71990966796875
-18.875320434570312,13.306121826171875,-305.9550476074219
-19.802978515625,13.517898559570312,-306.4522705078125
-20.4541015625,13.810012817382812,-306.412109375
-21.13751220703125,14.459793090820312,-306.36181640625
-21.812667846679688,14.664688110351562,-306.03564453125
-22.416015625,14.527816772460938,-305.93878173828125
-22.652084350585938,14.738754272460938,-305.83172607421875
-23.227798461914062,14.747085571289062,-305.70733642578125
-23.323410034179688,14.66015625,-305.01513671875
-23.306777954101562,14.5565185546875,-305.51312255859375
-23.18560791015625,14.364578247070312,-305.4036865234375
-23.220382690429688,14.12896728515625,-305.0745849609375
-23.379714965820312,14.176727294921875,-304.97705078125
-23.222015380859375,13.867599487304688,-304.1346130371094
-23.123519897460938,13.675949096679688,-303.84222412109375
-23.29046630859375,13.58880615234375,-303.29852294921875
-22.651748657226562,13.509292602539062,-302.4019775390625
-22.258010864257812,13.408493041992188,-302.10980224609375
-22.2161865234375,13.23065185546875,-301.09564208984375
-21.980484008789062,13.410995483398438,-299.97247314453125
-21.875595092773438,13.362075805664062,-299.0465087890625
-21.146011352539062,13.104141235351562,-297.77362060546875
-20.757232666015625,13.034408569335938,-296.3795166015625
-20.607147216796875,13.318511962890625,-295.62506103515625
-20.036376953125,13.06951904296875,-293.9350280761719
-19.19873046875,12.779815673828125,-293.00994873046875
-18.72625732421875,12.665481567382812,-291.38641357421875
-17.221343994140625,12.050384521484375,-290.28125
-16.653076171875,11.513885498046875,-289.513427734375
-15.70501708984375,11.124984741210938,-288.6278076171875
-14.69140625,10.187210083007812,-287.6161193847656
-13.33868408203125,9.682403564453125,-286.56671142578125
-12.236297607421875,8.635055541992188,-285.2975769042969
-11.178375244140625,7.875396728515625,-285.0142822265625
-10.564483642578125,6.56195068359375,-283.70318603515625
-9.703964233398438,5.91424560546875,-282.3059997558594
-8.727508544921875,5.3544464111328125,-281.2266845703125
-8.115234375,4.9453887939453125,-279.9367980957031
-8.084030151367188,4.2880096435546875,-278.30804443359375
-7.9491424560546875,3.930755615234375,-278.13079833984375
-7.2448272705078125,3.0518341064453125,-277.20928955078125
-6.9881744384765625,2.4565887451171875,-276.16259765625
-6.65850830078125,2.2159423828125,-275.86407470703125
-6.3170623779296875,1.7026214599609375,-274.5052490234375
-6.3960113525390625,1.6660003662109375,-274.1922607421875
-6.0381927490234375,1.4777374267578125,-273.3862609863281
-6.332794189453125,0.8199615478515625,-272.5047912597656
-6.21014404296875,0.668487548828125,-272.56103515625
-6.2952423095703125,0.2432098388671875,-271.2548828125
-6.8415679931640625,0.15435791015625,-271.52203369140625
-6.66278076171875,0.0981597900390625,-271.2275390625
-6.8926239013671875,0.1239013671875,-271.58349609375
-7.288909912109375,0.3903656005859375,-271.0213317871094
-7.515899658203125,0.304443359375,-271.3041076660156
-8.250640869140625,0.4298248291015625,-271.5126953125
-8.204635620117188,0.77447509765625,-271.193359375
-8.857589721679688,1.1391448974609375,-271.61322021484375
-9.601776123046875,1.6989593505859375,-271.6220703125
-9.953720092773438,1.6791534423828125,-272.2630310058594
-10.678085327148438,2.09051513671875,-272.806396484375
-11.255630493164062,2.6415252685546875,-272.872802734375
-11.588882446289062,2.7774810791015625,-272.79486083984375
-12.059600830078125,3.53472900390625,-273.3958740234375
-12.808425903320312,3.4161376953125,-273.3385009765625
-13.463577270507812,3.4451446533203125,-274.0147705078125
-13.69171142578125,3.9015655517578125,-274.0631103515625
-14.444503784179688,3.917388916015625,-274.439208984375
-15.159347534179688,4.0710601806640625,-274.0908203125
-15.609054565429688,4.5325469970703125,-274.60333251953125
-15.633041381835938,4.3737335205078125,-275.4653015136719
-16.290115356445312,4.7762603759765625,-275.126220703125
-16.713027954101562,4.8297119140625,-275.84063720703125
-16.701690673828125,4.71319580078125,-275.573974609375
-16.451004028320312,4.3775634765625,-276.02886962890625
-16.605422973632812,4.45416259765625,-275.690673828125
-16.442428588867188,3.906982421875,-275.6190490722656
-15.757583618164062,3.714141845703125,-275.07049560546875
-15.655929565429688,4.16351318359375,-274.8311767578125
-15.597335815429688,4.1441650390625,-274.6097412109375
-15.087631225585938,3.8625335693359375,-274.55010986328125
-15.574310302734375,3.73345947265625,-274.42364501953125
-15.64190673828125,3.6447296142578125,-274.447021484375
-16.06103515625,3.9344329833984375,-274.7789306640625
-16.415435791015625,4.1736297607421875,-275.2864990234375
-16.853897094726562,4.4378509521484375,-275.3370361328125
-17.696258544921875,4.742919921875,-276.5748291015625
-17.764190673828125,4.8791046142578125,-276.6450500488281
-18.296646118164062,5.1287841796875,-277.092529296875
-18.65460205078125,5.28973388671875,-276.7923278808594
-19.188217163085938,5.9351806640625,-276.77447509765625
-19.73712158203125,6.08892822265625,-276.7511291503906
-20.128402709960938,6.42926025390625,-276.4493408203125
-20.905975341796875,6.674774169921875,-275.90545654296875
-21.335693359375,6.647979736328125,-275.8574523925781
-22.203704833984375,6.9649658203125,-275.86669921875
-22.761962890625,7.2723388671875,-275.7786560058594
-23.112945556640625,7.444610595703125,-276.21630859375
-23.263107299804688,7.5605621337890625,-276.84881591796875
-24.111740112304688,7.539459228515625,-276.6512451171875
-24.59332275390625,7.57672119140625,-277.2480163574219
-24.706985473632812,7.697357177734375,-278.3234558105469
-25.118789672851562,7.4181671142578125,-278.5963134765625
-25.402694702148438,7.7642669677734375,-278.87969970703125
-25.950698852539062,7.464447021484375,-280.00579833984375
-26.093643188476562,7.4244232177734375,-281.1008605957031
-26.418899536132812,7.315765380859375,-281.981689453125
-26.38970947265625,7.134002685546875,-282.05596923828125
-26.578323364257812,6.9997406005859375,-283.47601318359375
-26.859359741210938,6.6327362060546875,-284.38604736328125
-26.844345092773438,6.244354248046875,-285.27532958984375
-27.148223876953125,5.700927734375,-286.0953063964844
-27.152999877929688,5.5075225830078125,-287.1310119628906
-27.24041748046875,5.1414794921875,-287.8055419921875
-27.287704467773438,4.9210205078125,-288.9871520996094
-27.72296142578125,4.3012542724609375,-289.64312744140625
-27.862747192382812,3.8811492919921875,-290.33551025390625
-27.779541015625,3.7420806884765625,-291.03680419921875
-27.97442626953125,3.097442626953125,-291.315185546875
-28.178726196289062,2.7201690673828125,-291.96435546875
-28.710159301757812,2.7093048095703125,-292.67193603515625
-29.008377075195312,2.6713714599609375,-293.2613525390625
-29.610427856445312,2.2830047607421875,-293.17626953125
-29.992416381835938,1.482879638671875,-293.9970703125
-29.97137451171875,1.749542236328125,-294.10791015625
-30.396331787109375,1.632843017578125,-294.13861083984375
-30.784194946289062,1.60430908203125,-293.92816162109375
-31.394500732421875,1.4625701904296875,-294.35894775390625
-31.705368041992188,1.1909637451171875,-293.95501708984375
-32.13706970214844,1.224884033203125,-294.20233154296875
-32.424072265625,1.5617523193359375,-294.4627685546875
-33.70549011230469,1.4782562255859375,-294.2100524902344
-33.80229187011719,1.5523529052734375,-294.3096923828125
-34.563690185546875,1.5067901611328125,-293.985595703125
-34.74980163574219,1.59722900390625,-293.8365478515625
-34.917877197265625,1.5637359619140625,-293.40032958984375
-35.018157958984375,1.7491912841796875,-293.27667236328125
-34.841949462890625,1.4958953857421875,-292.4014892578125
-35.30134582519531,1.4335174560546875,-292.285400390625
-35.43528747558594,1.80224609375,-291.98321533203125
-35.51890563964844,1.9122314453125,-291.4974365234375
-35.65461730957031,1.9315643310546875,-291.57537841796875
-35.724578857421875,2.47357177734375,-290.7247314453125
-35.46113586425781,2.4722747802734375,-290.7431640625
-35.6363525390625,2.8503875732421875,-290.12103271484375
-35.36769104003906,3.0461273193359375,-289.68304443359375
-35.466583251953125,3.5937957763671875,-289.00433349609375
-34.960906982421875,3.75787353515625,-289.138427734375
-34.91925048828125,4.2309112548828125,-288.7288818359375
-34.62443542480469,4.432952880859375,-288.86822509765625
-34.779693603515625,4.847320556640625,-288.7972412109375
-34.13517761230469,5.5885772705078125,-288.1024169921875
-33.96763610839844,6.202117919921875,-287.9857177734375
-33.66705322265625,7.0234832763671875,-287.0506591796875
-32.89753723144531,7.9355316162109375,-286.9456787109375
-32.49488830566406,8.808242797851562,-286.3889465332031
-31.739578247070312,9.885284423828125,-285.8564758300781
-30.827926635742188,10.798004150390625,-285.20367431640625
-29.920425415039062,11.815765380859375,-284.1959533691406
-28.897705078125,12.994796752929688,-283.63232421875
-27.780441284179688,13.641769409179688,-282.732421875
-26.565185546875,14.483505249023438,-281.7083740234375
-25.0155029296875,15.7469482421875,-281.54052734375
-23.90167236328125,16.16961669921875,-280.47760009765625
-22.542327880859375,17.130020141601562,-279.752685546875
-21.345748901367188,17.654052734375,-278.7557373046875
-19.659912109375,18.135711669921875,-277.8743896484375
-18.530014038085938,18.601058959960938,-276.8662109375
-17.390380859375,18.93121337890625,-276.35919189453125
-16.654266357421875,19.151412963867188,-275.8353576660156
-15.170028686523438,19.680755615234375,-275.56048583984375
-14.314895629882812,19.990936279296875,-274.93841552734375
-13.334091186523438,20.499725341796875,-274.2712707519531
-12.05218505859375,20.627182006835938,-274.43804931640625
-11.225479125976562,20.977005004882812,-273.9021301269531
-10.4393310546875,21.0611572265625,-274.12933349609375
-9.504730224609375,21.222030639648438,-273.9410095214844
-8.843215942382812,21.433090209960938,-274.209228515625
-8.230331420898438,21.884902954101562,-273.7241516113281
-7.508697509765625,22.304458618164062,-273.89031982421875
-6.7845611572265625,22.533157348632812,-274.05084228515625
-6.438446044921875,23.122467041015625,-274.4988708496094
-6.32373046875,23.3253173828125,-275.2877197265625
-5.89349365234375,24.270660400390625,-275.41290283203125
-6.119049072265625,24.648834228515625,-275.38555908203125
-6.21612548828125,25.252243041992188,-275.91510009765625
-6.5084228515625,26.054641723632812,-276.3414306640625
-7.06982421875,26.663528442382812,-276.7850341796875
-7.2705078125,27.359176635742188,-277.4129638671875
-8.131439208984375,28.1888427734375,-277.95294189453125
-8.329757690429688,28.847946166992188,-277.9986572265625
-9.244873046875,29.467666625976562,-278.28436279296875
-9.67449951171875,30.190200805664062,-279.07305908203125
-10.595199584960938,31.262603759765625,-279.019775390625
-11.154251098632812,32.04547119140625,-280.0554504394531
-12.02288818359375,32.5576171875,-279.78973388671875
-12.7642822265625,32.81593322753906,-279.7512512207031
-13.585052490234375,33.18743896484375,-280.85162353515625
-14.257034301757812,34.28007507324219,-282.19415283203125
-15.27142333984375,34.33235168457031,-282.58001708984375
-15.84814453125,34.897674560546875,-283.5213317871094
-17.161758422851562,34.93803405761719,-283.96234130859375
-18.548095703125,35.281402587890625,-285.292724609375
-19.6666259765625,35.32276916503906,-285.857666015625
-21.148712158203125,35.73118591308594,-286.28302001953125
-22.347076416015625,36.15843200683594,-286.4878845214844
-23.57037353515625,36.81172180175781,-286.6292724609375
-24.913772583007812,36.98698425292969,-286.68243408203125
-26.220840454101562,37.42607116699219,-286.1353759765625
-27.223922729492188,37.643585205078125,-285.7913818359375
-28.70843505859375,37.89268493652344,-285.2288818359375
-30.419403076171875,38.140899658203125,-284.7315673828125
-31.717193603515625,38.66571044921875,-283.92742919921875
-33.343048095703125,38.53868103027344,-283.8503723144531
-34.4801025390625,38.74444580078125,-283.54876708984375
-36.33427429199219,39.035980224609375,-283.01708984375
-37.81071472167969,38.84912109375,-283.2221984863281
-39.27642822265625,38.71833801269531,-283.9825439453125
-40.8077392578125,38.43699645996094,-284.2661437988281
-42.51133728027344,38.26446533203125,-285.0676574707031
-43.722869873046875,37.53485107421875,-286.2890930175781
-45.34153747558594,36.73063659667969,-287.115234375
-46.903106689453125,36.58540344238281,-288.48468017578125
-47.90093994140625,35.65557861328125,-290.2192687988281
-49.32823181152344,34.782745361328125,-291.7862548828125
-50.796539306640625,33.603271484375,-293.18231201171875
-51.7230224609375,32.47943115234375,-294.53936767578125
-52.95872497558594,31.369613647460938,-296.63482666015625
-54.38800048828125,30.541732788085938,-297.8592529296875
-55.572418212890625,29.619125366210938,-299.34051513671875
-56.799560546875,28.9385986328125,-299.859375
-58.13653564453125,28.207794189453125,-300.6640625
-59.608306884765625,26.989059448242188,-301.08660888671875
-60.90391540527344,26.791275024414062,-300.68475341796875
-62.55665588378906,26.436691284179688,-300.7827453613281
-63.918212890625,25.855712890625,-300.63836669921875
-64.94110107421875,25.234970092773438,-300.3682556152344
-66.37815856933594,24.90142822265625,-299.2370910644531
-67.89558410644531,24.71405029296875,-299.3123779296875
-68.9761962890625,24.3758544921875,-299.4968566894531
-69.60823059082031,24.333572387695312,-299.68914794921875
-70.25895690917969,24.326400756835938,-300.00299072265625
-70.63203430175781,23.983901977539062,-301.12744140625
-70.88221740722656,24.2213134765625,-302.0279541015625
-71.39256286621094,24.068206787109375,-302.01220703125
-71.53291320800781,24.385940551757812,-303.676025390625
-71.50044250488281,24.306655883789062,-304.7032775878906
-71.93360900878906,24.4925537109375,-305.54248046875
-71.74290466308594,24.786285400390625,-307.3354797363281
-72.08998107910156,25.292404174804688,-307.7633056640625
-71.75489807128906,25.562667846679688,-309.3486328125
-71.45509338378906,26.3868408203125,-310.10955810546875
-71.17845153808594,27.32818603515625,-311.2568359375
-71.12663269042969,27.807937622070312,-311.63824462890625
-70.1617431640625,29.255279541015625,-312.62127685546875
-69.55624389648438,30.467926025390625,-313.617431640625
-68.52642822265625,32.205902099609375,-315.01837158203125
-67.25334167480469,33.91862487792969,-315.90374755859375
-65.41207885742188,35.737060546875,-316.87457275390625
-63.92913818359375,37.630859375,-316.76177978515625
-61.94511413574219,39.776031494140625,-316.5909118652344
-59.75843811035156,42.817901611328125,-316.0400695800781
-57.87309265136719,45.40397644042969,-315.3954772949219
-55.360809326171875,48.07147216796875,-313.3467712402344
-52.42481994628906,51.04396057128906,-312.319580078125
-49.086883544921875,53.522369384765625,-310.0347900390625
-45.88810729980469,55.80345153808594,-307.8891296386719
-42.238372802734375,57.93904113769531,-304.9569091796875
-38.578765869140625,59.82330322265625,-302.38970947265625
-34.560211181640625,61.170166015625,-299.40093994140625
-30.363601684570312,62.52781677246094,-296.5832214355469
-26.136642456054688,63.21543884277344,-293.4410095214844
-21.459136962890625,63.50874328613281,-290.3482666015625
-17.185317993164062,62.87120056152344,-287.34283447265625
-12.979156494140625,62.099090576171875,-283.78875732421875
-8.785659790039062,61.28999328613281,-280.96453857421875
-4.7199859619140625,59.89103698730469,-279.0087890625
-0.81402587890625,57.850921630859375,-276.178466796875
2.877960205078125,56.0247802734375,-273.9373474121094
6.109893798828125,53.26710510253906,-271.73590087890625
9.5494384765625,50.751861572265625,-269.92474365234375
12.516937255859375,48.29029846191406,-268.2276611328125
15.343887329101562,45.33393859863281,-266.58624267578125
17.575241088867188,42.70721435546875,-265.559814453125
19.696563720703125,39.805023193359375,-264.5542297363281
21.572921752929688,36.99729919433594,-263.899169921875
23.598800659179688,34.05635070800781,-263.390869140625
24.882705688476562,31.618759155273438,-262.6313781738281
26.407150268554688,28.9378662109375,-262.2839660644531
27.777984619140625,26.475753784179688,-261.91839599609375
28.453628540039062,24.082733154296875,-261.92193603515625
29.350479125976562,22.464813232421875,-262.03424072265625
29.949737548828125,20.509857177734375,-262.1109619140625
30.405746459960938,18.79644775390625,-262.1278381347656
31.095687866210938,17.058364868164062,-261.81207275390625
31.42608642578125,15.672714233398438,-261.6077880859375
31.463333129882812,14.398193359375,-261.8023681640625
32.02690124511719,13.11334228515625,-262.02252197265625
32.08018493652344,12.068069458007812,-261.9825744628906
32.394622802734375,10.802093505859375,-262.68115234375
32.598419189453125,9.969741821289062,-262.43695068359375
32.66851806640625,9.402191162109375,-262.4183349609375
32.62510681152344,8.860565185546875,-262.59527587890625
32.66648864746094,8.37451171875,-262.71575927734375
32.426422119140625,8.1092529296875,-262.5570373535156
32.59944152832031,8.204559326171875,-263.0601501464844
32.47767639160156,7.9716339111328125,-262.9712219238281
32.15348815917969,8.175643920898438,-262.86212158203125
31.878860473632812,8.14337158203125,-263.1754150390625
31.762405395507812,8.397171020507812,-263.096435546875
31.736373901367188,8.29754638671875,-262.90802001953125
31.529449462890625,8.682891845703125,-263.34716796875
31.143814086914062,9.335250854492188,-263.7130432128906
30.8804931640625,9.940444946289062,-263.2239990234375
30.572479248046875,10.582794189453125,-263.272705078125
30.290786743164062,10.943496704101562,-263.0689697265625
30.035781860351562,11.352096557617188,-263.12359619140625
29.519973754882812,12.542984008789062,-263.5125732421875
29.463058471679688,12.644027709960938,-263.28802490234375
29.18634033203125,13.31396484375,-263.2926025390625
28.844024658203125,14.195816040039062,-263.15777587890625
27.9305419921875,15.130661010742188,-262.7631530761719
27.732284545898438,16.501007080078125,-262.7452392578125
26.926986694335938,18.012802124023438,-261.9749755859375
26.325515747070312,19.116744995117188,-261.874755859375
25.095733642578125,20.492111206054688,-261.88702392578125
24.39630126953125,21.994430541992188,-261.29595947265625
23.264129638671875,23.5634765625,-260.3646240234375
22.327621459960938,24.94091796875,-260.35235595703125
21.759292602539062,25.756591796875,-259.7992248535156
21.158432006835938,27.10589599609375,-259.62322998046875
20.058425903320312,28.351791381835938,-259.4347229003906
19.164260864257812,29.448593139648438,-259.52301025390625
18.443679809570312,30.653366088867188,-259.2664794921875
17.363616943359375,31.866302490234375,-258.9580078125
16.680999755859375,33.20526123046875,-258.9212646484375
15.911376953125,34.69293212890625,-259.25732421875
14.641555786132812,36.159912109375,-259.54229736328125
13.60736083984375,37.646087646484375,-260.0132141113281
12.174468994140625,39.036651611328125,-260.5574035644531
10.554550170898438,40.55986022949219,-260.8406677246094
9.590011596679688,41.91740417480469,-261.646728515625
7.4430084228515625,43.50923156738281,-262.38372802734375
5.46484375,45.65458679199219,-263.711181640625
4.2336273193359375,47.14915466308594,-265.1586608886719
2.2361297607421875,48.75016784667969,-265.93463134765625
0.309722900390625,50.33390808105469,-266.82373046875
-1.4405364990234375,51.55830383300781,-269.0840759277344
-3.4683685302734375,53.08064270019531,-270.6419372558594
-5.8890838623046875,54.51087951660156,-272.5079345703125
-8.185470581054688,55.84458923339844,-274.6661376953125
-10.208480834960938,56.99163818359375,-276.40362548828125
-12.395065307617188,57.49365234375,-278.53045654296875
-14.682235717773438,58.041351318359375,-280.13330078125
-16.946975708007812,58.89788818359375,-281.9361572265625
-19.103378295898438,59.227386474609375,-283.0704650878906
-20.928680419921875,59.81268310546875,-284.24639892578125
-22.658859252929688,59.64598083496094,-284.7970275878906
-24.224166870117188,59.99113464355469,-285.820556640625
-25.2984619140625,60.139678955078125,-285.924560546875
-26.271011352539062,60.08012390136719,-287.0015563964844
-27.019943237304688,59.796600341796875,-287.359619140625
-27.54315185546875,59.69764709472656,-287.77032470703125
-27.6102294921875,59.56629943847656,-288.35821533203125
-27.18603515625,59.58335876464844,-288.83685302734375
-27.34942626953125,59.151580810546875,-289.3397216796875
-27.211502075195312,59.0465087890625,-289.83648681640625
-26.510101318359375,58.67015075683594,-290.0074157714844
-26.266769409179688,58.40376281738281,-289.7839660644531
-25.966415405273438,57.90522766113281,-289.6954650878906
-25.154083251953125,57.90655517578125,-289.2303771972656
-24.913299560546875,57.32868957519531,-288.7137451171875
-24.1534423828125,57.261260986328125,-287.97271728515625
-24.13800048828125,56.94294738769531,-286.87457275390625
-23.567596435546875,56.78204345703125,-286.1925354003906
-22.522720336914062,56.38446044921875,-284.5013427734375
-21.580612182617188,55.63072204589844,-284.0811767578125
-20.706146240234375,54.9261474609375,-282.38153076171875
-19.496383666992188,53.74462890625,-281.6715087890625
-18.314132690429688,53.28709411621094,-280.4474182128906
-17.166610717773438,52.4449462890625,-279.119140625
-16.262802124023438,51.195953369140625,-277.38714599609375
-15.02557373046875,49.88749694824219,-276.3037109375
-13.894927978515625,48.89695739746094,-275.0210876464844
-12.432113647460938,47.35874938964844,-273.5003662109375
-10.751312255859375,45.73626708984375,-272.282470703125
-9.22515869140625,43.92686462402344,-271.12750244140625
-7.909393310546875,42.22727966308594,-269.5389404296875
-5.8994598388671875,39.78450012207031,-268.4066162109375
-4.603118896484375,37.98191833496094,-267.3316650390625
-2.589874267578125,36.00262451171875,-266.74346923828125
-1.36590576171875,33.422515869140625,-265.232666015625
0.27203369140625,31.126022338867188,-265.34320068359375
1.3353424072265625,29.201202392578125,-263.85302734375
2.662811279296875,26.338455200195312,-263.8787841796875
3.9463958740234375,24.51153564453125,-263.04949951171875
4.891326904296875,21.682723999023438,-262.322265625
5.901580810546875,19.629806518554688,-261.1936950683594
6.456207275390625,17.443328857421875,-260.47467041015625
7.5228271484375,15.391754150390625,-260.220458984375
7.7995758056640625,13.388656616210938,-259.65380859375
8.500625610351562,10.799423217773438,-258.83624267578125
9.255569458007812,8.887939453125,-258.89324951171875
9.564697265625,7.3062591552734375,-258.70196533203125
9.706893920898438,5.6055450439453125,-257.61102294921875
10.105194091796875,3.9666900634765625,-258.225341796875
10.451385498046875,2.0787353515625,-257.8087158203125
11.170394897460938,1.3261260986328125,-257.69720458984375
11.122482299804688,0.079254150390625,-257.665771484375
10.979034423828125,-0.99334716796875,-257.97613525390625
11.444183349609375,-1.8943023681640625,-258.4000244140625
11.407730102539062,-2.8398284912109375,-258.9356689453125
11.390167236328125,-3.477386474609375,-258.8669128417969
11.419265747070312,-3.7800445556640625,-259.83538818359375
11.2283935546875,-4.089813232421875,-260.0212097167969
11.446609497070312,-4.7313385009765625,-260.3649597167969
11.78375244140625,-5.0015411376953125,-260.1998291015625
11.398635864257812,-4.6442413330078125,-260.83868408203125
11.4005126953125,-4.7835845947265625,-261.53326416015625
11.240859985351562,-5.2072296142578125,-261.94598388671875
11.065628051757812,-5.2820892333984375,-262.46124267578125
10.871536254882812,-5.130950927734375,-262.40887451171875
10.752975463867188,-5.1723175048828125,-262.1509094238281
10.761932373046875,-5.022918701171875,-262.34527587890625
10.344894409179688,-5.1236724853515625,-262.197998046875
10.00067138671875,-4.881134033203125,-261.8199768066406
9.881210327148438,-4.762237548828125,-262.25469970703125
9.329559326171875,-4.5581512451171875,-261.8929443359375
9.271987915039062,-4.5555877685546875,-261.49560546875
8.662429809570312,-3.8431854248046875,-261.4372863769531
8.662948608398438,-3.80572509765625,-261.3531188964844
8.529876708984375,-3.213470458984375,-261.324951171875
8.073135375976562,-2.8682708740234375,-261.4617919921875
7.6637115478515625,-2.591033935546875,-260.9422302246094
7.6026153564453125,-2.1875762939453125,-261.46014404296875
6.9413299560546875,-1.7083587646484375,-261.09619140625
6.4636077880859375,-1.128082275390625,-260.5152587890625
6.14215087890625,-0.720947265625,-259.9156494140625
5.64373779296875,-0.253753662109375,-259.9447021484375
5.10687255859375,0.0624847412109375,-259.4820556640625
4.688140869140625,0.6653594970703125,-259.10272216796875
4.26275634765625,1.838836669921875,-258.6051940917969
3.2440948486328125,2.2688140869140625,-258.3258361816406
2.6814117431640625,3.3621826171875,-258.5350341796875
1.91839599609375,4.48388671875,-258.32208251953125
1.038665771484375,5.078338623046875,-258.3093566894531
0.1984710693359375,6.0164337158203125,-257.81005859375
-0.943145751953125,7.0027313232421875,-257.61248779296875
-1.6678314208984375,7.990386962890625,-257.8925476074219
-3.02484130859375,8.39422607421875,-257.2901306152344
-3.5376739501953125,9.214202880859375,-257.11505126953125
-4.0211944580078125,9.593673706054688,-256.917236328125
-4.897308349609375,10.225677490234375,-256.7684631347656
-5.8080596923828125,10.980850219726562,-256.862060546875
-6.449798583984375,11.853836059570312,-256.68353271484375
-7.4881439208984375,12.622848510742188,-256.88671875
-8.252960205078125,13.0499267578125,-257.16473388671875
-8.936431884765625,13.990890502929688,-257.00408935546875
-9.843124389648438,14.741012573242188,-257.3941650390625
-10.606002807617188,15.348724365234375,-257.92584228515625
-11.458648681640625,15.691192626953125,-258.45391845703125
-12.157501220703125,16.440093994140625,-258.46575927734375
-13.28326416015625,16.883880615234375,-259.28948974609375
-14.093597412109375,18.123764038085938,-259.9869689941406
-15.44500732421875,18.70172119140625,-261.0132751464844
-16.455108642578125,19.555953979492188,-261.950439453125
-17.499114990234375,20.028335571289062,-263.0182800292969
-18.2803955078125,20.51971435546875,-263.81158447265625
-19.3797607421875,20.780059814453125,-264.3318176269531
-20.483627319335938,21.916915893554688,-265.85906982421875
-20.992630004882812,22.636611938476562,-267.17779541015625
-22.076278686523438,22.712493896484375,-267.7662658691406
-22.432998657226562,23.053955078125,-269.3797302246094
-23.387649536132812,23.656707763671875,-270.5870056152344
-24.344497680664062,23.900482177734375,-271.7935791015625
-25.445510864257812,24.097564697265625,-272.44189453125
-25.634521484375,24.315460205078125,-273.77423095703125
-26.633316040039062,24.337295532226562,-274.6693115234375
-27.044403076171875,24.340118408203125,-275.5838623046875
-27.674240112304688,24.461471557617188,-276.9669494628906
-28.282913208007812,24.385910034179688,-277.66851806640625
-28.662429809570312,24.231903076171875,-278.4656982421875
-28.78875732421875,23.984283447265625,-279.4442138671875
-29.11553955078125,23.813201904296875,-280.3708801269531
-29.39703369140625,23.696563720703125,-280.88275146484375
-29.785552978515625,23.4732666015625,-281.71661376953125
-29.759994506835938,23.186019897460938,-282.3917541503906
-29.859344482421875,23.257720947265625,-282.9227294921875
-29.738006591796875,23.300811767578125,-283.1921691894531
-29.828857421875,22.789093017578125,-283.2935485839844
-30.253036499023438,22.378021240234375,-283.5569152832031
-30.205657958984375,22.383834838867188,-284.04266357421875
-30.405975341796875,22.0430908203125,-284.2818908691406
-31.063995361328125,22.068771362304688,-284.53521728515625
-30.689468383789062,21.851730346679688,-284.10443115234375
-30.932083129882812,21.484786987304688,-283.6712951660156
-31.408432006835938,21.787796020507812,-283.4085998535156
-31.2467041015625,21.62249755859375,-283.53155517578125
-31.014068603515625,21.608505249023438,-283.60333251953125
-31.280075073242188,21.460739135742188,-282.95758056640625
-31.257919311523438,21.397262573242188,-282.76214599609375
-31.078643798828125,21.563980102539062,-281.94732666015625
-31.291748046875,21.089202880859375,-281.61956787109375
-31.319992065429688,21.242843627929688,-281.3050537109375
-31.34954833984375,21.234939575195312,-280.3935546875
-31.105743408203125,21.14794921875,-279.55859375
-30.418899536132812,20.958908081054688,-279.1396789550781
-29.97430419921875,20.796524047851562,-277.9716796875
-29.662445068359375,21.148666381835938,-277.40985107421875
-28.632659912109375,21.139053344726562,-277.08331298828125
-27.720062255859375,21.163101196289062,-276.3404541015625
-27.075149536132812,21.206268310546875,-276.39178466796875
-25.74615478515625,21.153976440429688,-275.0002746582031
-24.859710693359375,21.267593383789062,-274.3864440917969
-23.134841918945312,21.04925537109375,-273.3656005859375
-22.262100219726562,20.984329223632812,-273.06805419921875
-20.647705078125,20.736312866210938,-272.75225830078125
-19.266143798828125,20.347015380859375,-271.324462890625
-18.011505126953125,20.399627685546875,-270.8472900390625
-16.29669189453125,20.298141479492188,-269.9934387207031
-14.454513549804688,19.842086791992188,-268.9822998046875
-12.803741455078125,19.520492553710938,-268.1109619140625
-11.009353637695312,18.96466064453125,-267.24139404296875
-9.6591796875,18.38421630859375,-266.2027587890625
-7.9163360595703125,17.573501586914062,-265.1244201660156
-6.023468017578125,17.308822631835938,-264.520751953125
-4.8462371826171875,16.63580322265625,-263.43707275390625
-3.2293548583984375,15.701629638671875,-262.83685302734375
-1.623626708984375,15.10235595703125,-262.40557861328125
-0.3856353759765625,14.165084838867188,-261.3668518066406
1.080047607421875,13.570449829101562,-261.08807373046875
2.34759521484375,12.344894409179688,-260.08404541015625
3.52520751953125,12.097900390625,-260.66937255859375
4.543914794921875,11.261642456054688,-260.2658996582031
5.9798736572265625,10.562713623046875,-259.98736572265625
6.9568634033203125,9.840255737304688,-260.36944580078125
7.94366455078125,9.18231201171875,-260.90533447265625
8.88970947265625,8.668533325195312,-260.8851318359375
9.419570922851562,8.497238159179688,-261.33282470703125
10.012741088867188,8.530975341796875,-261.7543640136719
10.50714111328125,7.9044647216796875,-262.05657958984375
11.21795654296875,7.99676513671875,-261.624267578125
11.733291625976562,7.9271240234375,-262.73016357421875
11.978317260742188,7.8453369140625,-262.5800476074219
12.545501708984375,7.928192138671875,-262.350830078125
12.794479370117188,8.066879272460938,-262.617919921875
12.9453125,8.02154541015625,-262.8222351074219
12.984954833984375,8.199310302734375,-262.6126403808594
13.083084106445312,9.210189819335938,-263.30072021484375
12.75201416015625,10.009475708007812,-263.2701416015625
12.595718383789062,10.47637939453125,-263.32391357421875
12.625381469726562,11.2681884765625,-263.49395751953125
12.098297119140625,11.93389892578125,-263.754150390625
12.116134643554688,13.075759887695312,-264.24676513671875
11.183914184570312,14.132522583007812,-265.28448486328125
10.989822387695312,15.044281005859375,-265.27813720703125
10.263153076171875,15.9107666015625,-265.6238098144531
9.666717529296875,17.047622680664062,-265.939208984375
9.110122680664062,18.146560668945312,-265.72772216796875
8.139236450195312,18.933639526367188,-265.8938293457031
7.4029998779296875,20.025283813476562,-266.3140563964844
6.6148681640625,20.8431396484375,-266.601318359375
6.094268798828125,21.759963989257812,-267.5015869140625
4.9816741943359375,22.723846435546875,-267.7570495605469
4.0009918212890625,23.703521728515625,-268.21356201171875
2.806304931640625,24.494781494140625,-268.3709716796875
1.683380126953125,25.362823486328125,-269.0687255859375
0.4050140380859375,26.410415649414062,-269.8396301269531
-1.0752716064453125,27.278915405273438,-269.4393310546875
-2.608734130859375,27.952957153320312,-270.6123352050781
-3.7699737548828125,29.063888549804688,-270.52850341796875
-4.99658203125,29.695571899414062,-270.7227783203125
-5.883697509765625,30.175949096679688,-270.7123718261719
-7.4285888671875,30.900436401367188,-270.510009765625
-8.53411865234375,31.470718383789062,-270.3388366699219
-9.836227416992188,31.796707153320312,-271.0118408203125
-11.011184692382812,32.43243408203125,-271.4014892578125
-11.995864868164062,32.97178649902344,-271.683349609375
-13.538650512695312,33.0404052734375,-271.89251708984375
-14.661407470703125,33.35591125488281,-272.18328857421875
-16.029800415039062,33.67131042480469,-272.2627868652344
-17.565963745117188,34.2296142578125,-272.7311706542969
-18.939743041992188,34.58857727050781,-272.75811767578125
-20.451263427734375,34.684478759765625,-272.89385986328125
-21.743667602539062,35.00523376464844,-272.93048095703125
-23.1209716796875,35.3548583984375,-273.6805114746094
-24.825180053710938,35.46058654785156,-274.53387451171875
-26.424301147460938,35.57841491699219,-275.104736328125
-27.594924926757812,35.71003723144531,-276.25299072265625
-29.460159301757812,35.48384094238281,-276.98797607421875
-30.661911010742188,35.14155578613281,-278.50836181640625
-32.18446350097656,35.152313232421875,-279.68450927734375
-33.692352294921875,34.9771728515625,-281.15667724609375
-34.74861145019531,34.47679138183594,-282.73590087890625
-36.2017822265625,34.163116455078125,-284.43865966796875
-37.325714111328125,33.56578063964844,-285.9077453613281
-38.72789001464844,33.06773376464844,-287.32269287109375
-39.68536376953125,32.22209167480469,-288.6694641113281
-41.08555603027344,31.92108154296875,-290.0703125
-42.01283264160156,31.606948852539062,-290.4332275390625
-42.91229248046875,30.985855102539062,-291.3565673828125
-44.104522705078125,30.572601318359375,-292.5382080078125
-44.89640808105469,30.209365844726562,-292.928955078125
-45.86468505859375,29.516464233398438,-293.71063232421875
-46.51666259765625,29.482925415039062,-294.46405029296875
-47.30693054199219,29.140609741210938,-295.5701904296875
-47.532989501953125,29.1002197265625,-296.2065124511719
-47.58154296875,29.01251220703125,-296.459228515625
-47.98309326171875,29.035018920898438,-296.88189697265625
-47.97407531738281,28.616226196289062,-297.6522521972656
-48.07347106933594,28.548675537109375,-297.90545654296875
-47.84199523925781,28.887222290039062,-298.74078369140625
-47.42811584472656,29.240142822265625,-299.3157958984375
-47.54090881347656,29.448776245117188,-300.0181884765625
-47.121429443359375,29.771865844726562,-299.7147521972656
-46.73248291015625,29.84063720703125,-300.2958068847656
-46.69068908691406,30.214370727539062,-300.2640686035156
-45.54237365722656,31.264724731445312,-300.14385986328125
-44.439117431640625,31.949691772460938,-300.46978759765625
-43.17608642578125,32.84681701660156,-300.38751220703125
-41.71722412109375,33.68251037597656,-300.227783203125
-40.14747619628906,34.843780517578125,-300.3558044433594
-37.93408203125,35.74578857421875,-299.7239685058594
-35.48457336425781,36.71412658691406,-299.1727294921875
-33.58888244628906,37.62945556640625,-298.6956481933594
-30.616470336914062,39.03456115722656,-297.889404296875
-27.13909912109375,40.061279296875,-296.124267578125
-23.675064086914062,40.43028259277344,-294.58984375
-20.352264404296875,41.836578369140625,-292.8452453613281
-16.07366943359375,41.76246643066406,-290.38433837890625
-11.921463012695312,41.74635314941406,-287.6324462890625
-7.3740234375,40.792724609375,-284.92755126953125
-2.564422607421875,39.851654052734375,-282.6123046875
1.7036895751953125,38.348052978515625,-279.925537109375
5.8726806640625,36.150543212890625,-277.26251220703125
9.895248413085938,33.561676025390625,-274.31597900390625
13.187942504882812,30.628952026367188,-271.1741638183594
16.577239990234375,27.668075561523438,-268.536376953125
19.544967651367188,24.227737426757812,-265.0302734375
21.554779052734375,20.76776123046875,-261.709716796875
23.56817626953125,16.766555786132812,-258.2628173828125
24.377288818359375,12.848785400390625,-254.26229858398438
25.437332153320312,9.206588745117188,-251.12596130371094
25.25146484375,5.3871002197265625,-246.98336791992188
24.723831176757812,2.1315765380859375,-243.44549560546875
23.931427001953125,-1.1170654296875,-240.15304565429688
22.906173706054688,-4.188873291015625,-237.036865234375
21.020278930664062,-7.0494232177734375,-233.6134490966797
19.582992553710938,-9.360214233398438,-231.21725463867188
17.73138427734375,-11.9298095703125,-228.75074768066406
15.7454833984375,-14.315322875976562,-226.8229217529297
14.109054565429688,-16.436737060546875,-225.1440887451172
12.476165771484375,-18.552459716796875,-222.78773498535156
10.417282104492188,-19.98040771484375,-221.81764221191406
8.937423706054688,-21.552337646484375,-220.89259338378906
7.510711669921875,-23.421554565429688,-219.7327117919922
5.9571990966796875,-24.6513671875,-219.33148193359375
4.4893341064453125,-25.989303588867188,-218.60321044921875
2.9905242919921875,-26.65716552734375,-218.1527862548828
1.535675048828125,-27.466232299804688,-217.12246704101562
-0.0352020263671875,-28.094390869140625,-217.10708618164062
-1.46630859375,-28.713058471679688,-215.9159698486328
-3.2859954833984375,-28.466262817382812,-215.4362335205078
-4.4738006591796875,-28.971267700195312,-214.7593994140625
-5.6986083984375,-29.205551147460938,-214.44955444335938
-6.77044677734375,-29.293182373046875,-213.77182006835938
-7.5078582763671875,-29.124557495117188,-213.47335815429688
-8.140411376953125,-29.209930419921875,-213.2228546142578
-8.842208862304688,-29.38916015625,-213.36549377441406
-9.394027709960938,-29.67279052734375,-213.5874481201172
-10.171554565429688,-29.474212646484375,-213.67173767089844
-10.712142944335938,-29.086639404296875,-213.20436096191406
-11.494461059570312,-28.689712524414062,-212.6649627685547
-12.281356811523438,-28.490936279296875,-213.08616638183594
-13.049896240234375,-28.509353637695312,-212.77850341796875
-13.44403076171875,-27.82122802734375,-212.85806274414062
-13.834579467773438,-28.11187744140625,-211.81948852539062
-14.07562255859375,-27.771087646484375,-212.42674255371094
-14.1226806640625,-27.198699951171875,-212.92019653320312
-13.945037841796875,-27.253875732421875,-212.53659057617188
-14.17718505859375,-27.372039794921875,-212.3929443359375
-14.6053466796875,-26.974044799804688,-212.77813720703125
-14.744827270507812,-26.861114501953125,-212.91554260253906
-14.810073852539062,-27.257949829101562,-212.41932678222656
-15.3751220703125,-27.331832885742188,-212.6867218017578
-15.609222412109375,-27.253387451171875,-212.10458374023438
-15.84503173828125,-26.875808715820312,-212.4813690185547
-15.995025634765625,-26.586517333984375,-211.98135375976562
-16.260147094726562,-25.816940307617188,-211.69737243652344
-16.991622924804688,-24.48931884765625,-211.85882568359375
-17.245941162109375,-23.889251708984375,-211.02200317382812
-17.2816162109375,-22.633010864257812,-210.9142608642578
-18.11260986328125,-21.57196044921875,-209.90940856933594
-18.37481689453125,-21.073486328125,-209.59100341796875
-18.925003051757812,-20.387939453125,-209.40391540527344
-18.839614868164062,-19.734268188476562,-208.22943115234375
-19.075775146484375,-19.034637451171875,-207.96881103515625
-18.8521728515625,-18.58392333984375,-206.7527313232422
-18.596282958984375,-17.922500610351562,-205.9265899658203
-18.503738403320312,-18.14422607421875,-205.49339294433594
-18.186080932617188,-17.287628173828125,-204.3144989013672
-18.180862426757812,-16.97283935546875,-203.24281311035156
-18.249618530273438,-16.001022338867188,-201.72740173339844
-18.0904541015625,-15.532577514648438,-201.2605743408203
-18.415802001953125,-14.477615356445312,-200.4523468017578
-18.343673706054688,-13.991943359375,-199.67861938476562
-18.707595825195312,-12.961288452148438,-198.01206970214844
-18.997955322265625,-11.88580322265625,-196.75160217285156
-19.679458618164062,-10.901321411132812,-195.27151489257812
-19.990890502929688,-9.684555053710938,-194.0966033935547
-20.5684814453125,-8.070602416992188,-192.37486267089844
-20.519790649414062,-6.5655364990234375,-191.23007202148438
-21.053253173828125,-4.5609283447265625,-189.72372436523438
-21.80792236328125,-2.3195953369140625,-188.57785034179688
-21.679458618164062,0.3543701171875,-187.3647918701172
-22.14276123046875,2.4134063720703125,-186.90469360351562
-22.132720947265625,5.1040191650390625,-185.69439697265625
-22.6234130859375,7.4862213134765625,-185.43264770507812
-22.995468139648438,9.851028442382812,-185.42178344726562
-22.6497802734375,11.698440551757812,-185.8870391845703
-22.851821899414062,14.26763916015625,-186.8821563720703
-23.0133056640625,16.298049926757812,-186.9861297607422
-22.80908203125,18.890213012695312,-187.16644287109375
-23.314910888671875,21.9613037109375,-188.04229736328125
-24.129776000976562,25.434310913085938,-188.70216369628906
-25.176864624023438,29.57012939453125,-190.37498474121094
-26.845794677734375,34.32293701171875,-192.0017852783203
-29.132293701171875,40.39036560058594,-194.3196258544922
-32.47041320800781,46.40052795410156,-198.11141967773438
-36.76176452636719,52.010955810546875,-203.17724609375
-42.92095947265625,53.917388916015625,-210.2212371826172
-54.12861633300781,49.860626220703125,-230.3782958984375
-55.20660400390625,51.73927307128906,-228.54248046875
-54.61814880371094,52.42042541503906,-228.93551635742188
-54.53962707519531,53.02470397949219,-229.1118621826172
-54.45423889160156,52.99421691894531,-229.49566650390625
-54.75767517089844,53.16552734375,-229.32431030273438
-54.7342529296875,52.63215637207031,-229.9298858642578
-54.44886779785156,52.23066711425781,-229.7940673828125
-54.618743896484375,52.48919677734375,-230.03404235839844
-55.26142883300781,52.27421569824219,-230.06997680664062
-55.579742431640625,52.59593200683594,-230.4886016845703
-55.83625793457031,52.60810852050781,-230.4486541748047
-56.048583984375,52.4365234375,-229.8862762451172
-56.22630310058594,52.4295654296875,-230.5621337890625
-56.75526428222656,52.60566711425781,-230.0702667236328
-56.79383850097656,52.9627685546875,-230.84413146972656
-57.17115783691406,52.84666442871094,-230.9987335205078
-57.06488037109375,52.87214660644531,-230.5193634033203
-57.01324462890625,52.99922180175781,-231.0615234375
-57.09205627441406,52.22239685058594,-231.6411590576172
-56.907745361328125,52.3067626953125,-230.81634521484375
-56.28590393066406,51.48103332519531,-231.3871307373047
-55.40235900878906,51.055419921875,-231.76739501953125
-55.032073974609375,50.80735778808594,-232.19232177734375
-54.48419189453125,50.04353332519531,-232.6324920654297
-53.62287902832031,49.64353942871094,-232.6639862060547
-53.24708557128906,49.18218994140625,-232.46063232421875
-52.61151123046875,48.80244445800781,-233.13235473632812
-52.15850830078125,48.383270263671875,-232.81764221191406
-51.814361572265625,47.7664794921875,-233.36097717285156
-51.21385192871094,47.591827392578125,-233.48910522460938
-51.14183044433594,47.195159912109375,-233.94786071777344
-50.865081787109375,47.072418212890625,-234.08912658691406
-51.17430114746094,46.487884521484375,-234.09671020507812
-51.27867126464844,46.29048156738281,-233.99481201171875
-51.965301513671875,46.29887390136719,-233.9170684814453
-52.307769775390625,46.22019958496094,-234.5039825439453
-53.19602966308594,46.16545104980469,-234.37994384765625
-54.34989929199219,46.06745910644531,-233.93296813964844
-55.292083740234375,45.94441223144531,-234.43130493164062
-55.70445251464844,45.82548522949219,-234.1464080810547
-55.950103759765625,45.64659118652344,-234.29290771484375
-56.07957458496094,45.13084411621094,-235.04824829101562
-56.09455871582031,44.30339050292969,-234.84652709960938
-55.82421875,43.55879211425781,-234.73277282714844
-54.22865295410156,42.374542236328125,-235.33108520507812
-53.71734619140625,41.048675537109375,-235.650634765625
-51.53230285644531,39.38429260253906,-236.42982482910156
-49.689697265625,37.43894958496094,-237.65762329101562
-47.81773376464844,35.59210205078125,-238.78334045410156
-46.01405334472656,33.66107177734375,-239.95094299316406
-43.846710205078125,31.823715209960938,-241.93118286132812
-41.8677978515625,29.816085815429688,-243.08770751953125
-40.34869384765625,28.427078247070312,-244.90411376953125
-39.40553283691406,26.807098388671875,-246.6004638671875
-38.05413818359375,25.279769897460938,-248.25643920898438
-37.19355773925781,24.053512573242188,-249.92208862304688
-36.9759521484375,23.168075561523438,-251.39451599121094
-36.067962646484375,22.057098388671875,-252.16751098632812
-35.99928283691406,21.241470336914062,-253.10707092285156
-35.47967529296875,21.051605224609375,-254.06951904296875
-35.416595458984375,20.710784912109375,-254.9156494140625
-35.40242004394531,20.672805786132812,-255.050537109375
-34.83021545410156,20.511322021484375,-255.34320068359375
-34.68890380859375,20.133743286132812,-256.434326171875
-33.99937438964844,19.897415161132812,-256.8085021972656
-33.60295104980469,19.5045166015625,-257.56707763671875
-33.20367431640625,19.490310668945312,-259.2676086425781
-32.5517578125,19.355377197265625,-260.7980041503906
-31.893173217773438,18.895233154296875,-262.3128356933594
-30.881637573242188,18.758941650390625,-263.4924011230469
-30.237518310546875,18.717208862304688,-264.9967346191406
-30.001312255859375,18.644439697265625,-266.2325134277344
-29.5570068359375,18.160018920898438,-267.2171630859375
-29.417160034179688,18.307327270507812,-268.446044921875
-29.237503051757812,18.030471801757812,-269.7449951171875
-28.846603393554688,17.9617919921875,-270.506103515625
-28.829330444335938,17.9619140625,-271.57171630859375
-28.790420532226562,17.877670288085938,-272.6226806640625
-28.372589111328125,17.829055786132812,-272.9508056640625
-28.56585693359375,17.561126708984375,-273.4194030761719
-28.85675048828125,17.882797241210938,-273.33160400390625
-28.308685302734375,17.65435791015625,-273.687744140625
-28.159072875976562,18.307449340820312,-273.403076171875
-28.409164428710938,18.453567504882812,-273.5810852050781
-28.522308349609375,18.70220947265625,-273.13470458984375
-28.688461303710938,18.675811767578125,-273.73175048828125
-28.545242309570312,18.577377319335938,-274.01641845703125
-28.604751586914062,18.77398681640625,-274.3041687011719
-28.694122314453125,18.27862548828125,-275.0394287109375
-28.597381591796875,18.4197998046875,-275.0750732421875
-28.897750854492188,18.432571411132812,-276.2323303222656
-28.26416015625,18.346939086914062,-276.9086608886719
-28.387908935546875,18.49725341796875,-277.986572265625
-28.243301391601562,18.523834228515625,-278.7611083984375
-27.867706298828125,18.668060302734375,-278.97540283203125
-28.155227661132812,18.799652099609375,-279.52264404296875
-27.902191162109375,18.77685546875,-280.27093505859375
-28.016525268554688,18.919967651367188,-280.9433898925781
-27.851852416992188,18.6619873046875,-281.8052062988281
-28.055831909179688,18.630752563476562,-282.98590087890625
-28.507034301757812,18.482818603515625,-284.19622802734375
-28.518295288085938,18.09881591796875,-284.7774963378906
-28.696609497070312,18.392822265625,-285.5848083496094
-28.879806518554688,17.898208618164062,-286.437744140625
-28.924652099609375,17.730270385742188,-286.7529296875
-28.870162963867188,17.867813110351562,-287.29345703125
-29.104354858398438,17.685440063476562,-288.2602233886719
-29.360595703125,17.698257446289062,-288.56060791015625
-29.5914306640625,17.595611572265625,-289.06097412109375
-29.125289916992188,17.695526123046875,-289.17779541015625
-29.131423950195312,17.89215087890625,-289.83062744140625
-29.171905517578125,17.767990112304688,-290.00897216796875
-29.8494873046875,18.0224609375,-290.1175537109375
-29.715133666992188,17.668014526367188,-290.6925354003906
-29.679275512695312,17.768310546875,-290.9089660644531
-30.049667358398438,17.932235717773438,-291.04449462890625
-29.932418823242188,17.75604248046875,-291.63995361328125
-30.539535522460938,17.68414306640625,-291.3920593261719
-30.25958251953125,18.141265869140625,-293.03515625
-30.708724975585938,18.181884765625,-293.62420654296875
-30.433013916015625,18.486831665039062,-293.4816589355469
-30.930465698242188,18.302474975585938,-293.7436828613281
-30.865066528320312,18.566268920898438,-294.2567138671875
-30.971420288085938,18.887908935546875,-294.253662109375
-30.896728515625,18.709152221679688,-294.2908935546875
-30.839157104492188,19.179550170898438,-295.2600402832031
-31.076492309570312,19.037368774414062,-294.2940673828125
-31.47900390625,18.83013916015625,-294.6579895019531
-31.639373779296875,18.851669311523438,-294.53466796875
-31.245834350585938,18.911376953125,-294.729736328125
-31.332550048828125,18.93817138671875,-295.4803161621094
-31.250106811523438,18.787979125976562,-294.7254638671875
-31.54998779296875,18.884689331054688,-294.92840576171875
-31.85009765625,19.206390380859375,-295.7613525390625
-31.675811767578125,19.099624633789062,-295.2864074707031
-31.875274658203125,19.50872802734375,-295.93072509765625
-31.798904418945312,19.274566650390625,-295.23760986328125
-32.0260009765625,19.270660400390625,-295.9686279296875
-31.93170166015625,19.33978271484375,-295.88360595703125
-32.00346374511719,19.575790405273438,-296.0222473144531
-32.163818359375,19.908203125,-296.08831787109375
-32.211456298828125,19.897308349609375,-296.48077392578125
-32.33442687988281,19.73291015625,-296.4573669433594
-32.48577880859375,19.999526977539062,-296.30438232421875
-32.57527160644531,20.180557250976562,-296.0714416503906
-32.38600158691406,20.049072265625,-295.9609069824219
-32.345733642578125,19.980941772460938,-296.46734619140625
-32.34625244140625,20.078018188476562,-296.1285400390625
-32.49061584472656,20.260406494140625,-296.07159423828125
-32.52101135253906,20.1688232421875,-296.09783935546875
-32.91539001464844,20.206268310546875,-296.1510925292969
-32.911407470703125,20.338821411132812,-296.32373046875
-32.78254699707031,20.481048583984375,-296.00146484375
-32.976715087890625,20.494308471679688,-295.7820739746094
-32.8016357421875,20.172042846679688,-295.1177673339844
-32.67083740234375,20.605819702148438,-294.816650390625
-32.44096374511719,20.690277099609375,-295.31280517578125
-32.574127197265625,20.47991943359375,-294.9878234863281
-32.52104187011719,20.415054321289062,-294.93157958984375
-32.653594970703125,20.583572387695312,-295.01947021484375
-32.37677001953125,20.775344848632812,-295.4244384765625
-32.070404052734375,20.166976928710938,-295.24627685546875
-31.93438720703125,20.734390258789062,-295.71685791015625
-32.16972351074219,20.753204345703125,-295.35595703125
-32.087921142578125,20.81549072265625,-294.8106689453125
-31.811569213867188,20.837448120117188,-294.8579406738281
-32.267181396484375,20.523223876953125,-295.23284912109375
-32.08387756347656,20.79010009765625,-295.06500244140625
-31.708786010742188,20.704757690429688,-295.1040954589844
-31.608200073242188,20.88226318359375,-294.87030029296875
-31.738662719726562,21.290695190429688,-294.50885009765625
-31.7171630859375,21.30096435546875,-294.77630615234375
-31.374526977539062,21.570541381835938,-294.559814453125
-31.277587890625,21.541580200195312,-295.1158447265625
-30.556533813476562,21.760391235351562,-295.2875061035156
-30.75421142578125,22.523849487304688,-295.539306640625
-30.789688110351562,22.444290161132812,-294.88916015625
-30.369949340820312,22.560150146484375,-295.26568603515625
-30.2913818359375,22.512847900390625,-294.46527099609375
-30.153793334960938,22.621368408203125,-294.4914855957031
-29.906951904296875,22.33526611328125,-294.09112548828125
-29.504989624023438,22.309783935546875,-293.16082763671875
-29.51690673828125,22.696533203125,-292.1824645996094
-29.08026123046875,22.547454833984375,-291.2903137207031
-28.653900146484375,22.906997680664062,-290.8419189453125
-28.339111328125,22.9014892578125,-289.3330078125
-27.977035522460938,23.03778076171875,-288.91680908203125
-27.883621215820312,23.12591552734375,-287.718017578125
-27.507186889648438,24.157852172851562,-286.61163330078125
-27.211288452148438,24.194076538085938,-285.63922119140625
-26.673980712890625,24.421249389648438,-283.71630859375
-26.749435424804688,25.085739135742188,-282.3656005859375
-26.31280517578125,25.6292724609375,-280.69183349609375
-26.054367065429688,26.38739013671875,-279.430908203125
-25.752426147460938,27.129638671875,-278.1019287109375
-26.1697998046875,28.031661987304688,-276.61395263671875
-25.563827514648438,28.917877197265625,-274.7294921875
-25.856155395507812,29.7608642578125,-273.62030029296875
-25.8740234375,30.90277099609375,-271.7998046875
-25.505996704101562,31.87469482421875,-269.84661865234375
-25.745040893554688,33.01869201660156,-268.0601806640625
-25.963150024414062,34.31538391113281,-266.59027099609375
-26.6761474609375,35.533782958984375,-264.7762451171875
-26.694778442382812,37.03031921386719,-263.419189453125
-27.598892211914062,38.08564758300781,-261.74029541015625
-27.816970825195312,39.870697021484375,-259.8983154296875
-28.4512939453125,41.898406982421875,-258.7296447753906
-28.599929809570312,43.268646240234375,-258.242919921875
-28.857818603515625,44.72930908203125,-257.3427734375
-28.437088012695312,46.29536437988281,-256.58941650390625
-28.585113525390625,48.297332763671875,-257.141357421875
-28.772369384765625,49.87530517578125,-257.052001953125
-28.564468383789062,51.59828186035156,-257.6412353515625
-28.056900024414062,52.80876159667969,-258.6752014160156
-27.314315795898438,54.297149658203125,-259.6398620605469
-26.809783935546875,55.37322998046875,-260.65960693359375
-26.522445678710938,56.12797546386719,-261.8024597167969
-25.443115234375,57.053924560546875,-262.9049072265625
-24.88446044921875,57.43788146972656,-264.0926513671875
-24.493881225585938,58.31097412109375,-265.25347900390625
-24.114547729492188,58.81944274902344,-266.4027404785156
-24.291275024414062,59.936065673828125,-267.3305358886719
-23.69207763671875,60.96382141113281,-268.16754150390625
-23.671051025390625,62.00260925292969,-269.1536560058594
-24.259963989257812,63.40216064453125,-270.25518798828125
-24.377243041992188,64.88682556152344,-271.32708740234375
-25.270553588867188,66.83131408691406,-271.49029541015625
-25.661483764648438,68.96542358398438,-272.81207275390625
-26.855361938476562,70.87396240234375,-273.627685546875
-27.27734375,72.34245300292969,-274.1406555175781
-28.915435791015625,74.31480407714844,-274.69061279296875
-29.951995849609375,75.72817993164062,-275.1260681152344
-31.340896606445312,77.31050109863281,-276.0270080566406
-32.5115966796875,78.85568237304688,-276.321044921875
-33.73680114746094,80.25540161132812,-276.80340576171875
-35.20353698730469,81.32267761230469,-277.17767333984375
-35.99476623535156,82.67216491699219,-278.4112854003906
-38.0120849609375,83.34001159667969,-278.84393310546875
-39.02781677246094,84.355224609375,-279.8336181640625
-40.37501525878906,85.24295043945312,-281.26580810546875
-41.854248046875,86.30084228515625,-282.3542785644531
-43.335662841796875,86.40701293945312,-282.89892578125
-44.81877136230469,87.23727416992188,-283.5087890625
-46.1402587890625,87.63920593261719,-284.801025390625
-47.26336669921875,87.96331787109375,-285.85394287109375
-48.966705322265625,88.1861572265625,-286.7667236328125
-50.09733581542969,88.203369140625,-287.50115966796875
-51.181854248046875,88.67767333984375,-289.1031188964844
-52.286102294921875,88.5001220703125,-289.9189453125
-53.093719482421875,88.71075439453125,-291.03155517578125
-54.25633239746094,88.38789367675781,-291.8856201171875
-55.136810302734375,88.21977233886719,-293.38671875
-55.9500732421875,87.70753479003906,-294.1624755859375
-56.50999450683594,87.49221801757812,-295.9301452636719
-57.1639404296875,87.08531188964844,-297.07476806640625
-57.37152099609375,86.74513244628906,-298.1932067871094
-57.67500305175781,85.90814208984375,-299.9548645019531
-57.530548095703125,85.02197265625,-301.06494140625
-58.15531921386719,84.44003295898438,-302.8170166015625
-58.09718322753906,83.774658203125,-304.30010986328125
-57.78562927246094,82.95918273925781,-305.19195556640625
-57.93743896484375,81.48049926757812,-306.493896484375
-57.749664306640625,80.72998046875,-307.73504638671875
-57.45829772949219,79.96281433105469,-308.978759765625
-57.155609130859375,78.85877990722656,-309.8519287109375
-56.57136535644531,77.94514465332031,-310.95196533203125
-56.491363525390625,77.02934265136719,-311.9595031738281
-56.124603271484375,76.11326599121094,-312.767333984375
-55.7911376953125,75.55607604980469,-313.5765075683594
-55.11846923828125,74.86981201171875,-314.59930419921875
-54.77583312988281,74.42158508300781,-315.24664306640625
-54.53184509277344,73.6419677734375,-315.28314208984375
-53.96537780761719,73.10951232910156,-316.22906494140625
-53.63786315917969,72.73567199707031,-316.70928955078125
-53.180206298828125,72.35116577148438,-317.0303955078125
-52.717132568359375,71.96104431152344,-317.40960693359375
-52.350433349609375,71.95780944824219,-317.64288330078125
-52.10655212402344,72.02548217773438,-318.140869140625
-51.818511962890625,72.04348754882812,-318.3284912109375
-52.080963134765625,72.11886596679688,-318.3843994140625
-51.75286865234375,72.71525573730469,-318.65045166015625
-51.62542724609375,73.16574096679688,-319.78826904296875
-51.30088806152344,73.37652587890625,-320.1512756347656
-50.69532775878906,74.07867431640625,-320.1907653808594
-49.949127197265625,74.45758056640625,-320.2767028808594
-49.5089111328125,75.28012084960938,-319.9139709472656
-48.565216064453125,75.81330871582031,-320.0291748046875
-47.97027587890625,76.41700744628906,-320.0191650390625
-46.47639465332031,77.27738952636719,-320.23095703125
-45.47554016113281,78.24681091308594,-319.444580078125
-44.63783264160156,79.37913513183594,-319.9825744628906
-43.28349304199219,80.27040100097656,-319.27435302734375
-42.02897644042969,81.5135498046875,-318.98828125
-40.81913757324219,82.69956970214844,-317.9117431640625
-39.907562255859375,83.98086547851562,-317.37396240234375
-38.21514892578125,85.41108703613281,-316.3799133300781
-36.68193054199219,86.74421691894531,-314.9297180175781
-35.050048828125,87.71029663085938,-313.5712890625
-33.38978576660156,88.91842651367188,-312.3399963378906
-31.759475708007812,89.74203491210938,-310.48565673828125
-30.016754150390625,90.58050537109375,-308.4820556640625
-28.462234497070312,91.45391845703125,-306.90045166015625
-26.605056762695312,91.84629821777344,-305.1406555175781
-24.194442749023438,92.20460510253906,-302.7206115722656
-22.577194213867188,92.32966613769531,-300.9312744140625
-20.759674072265625,92.12284851074219,-298.4266052246094
-18.941925048828125,91.94123840332031,-295.9408874511719
-16.952606201171875,91.72962951660156,-294.147216796875
-15.303726196289062,90.90830993652344,-291.84661865234375
-14.028396606445312,90.37513732910156,-289.3941650390625
-12.575637817382812,89.21484375,-287.317626953125
-10.634780883789062,88.11882019042969,-285.4779968261719
-9.304031372070312,86.84536743164062,-283.0238952636719
-7.829559326171875,85.77305603027344,-281.0921630859375
-6.777069091796875,84.44279479980469,-279.29736328125
-6.053680419921875,82.73793029785156,-277.35589599609375
-4.5452728271484375,80.95994567871094,-275.4859619140625
-3.590362548828125,79.219482421875,-273.8643493652344
-3.2025146484375,78.15278625488281,-272.23736572265625
-1.939117431640625,76.20199584960938,-270.6011962890625
-1.3537445068359375,74.79803466796875,-269.63763427734375
-0.848663330078125,73.21185302734375,-268.2459411621094
-0.450897216796875,71.87014770507812,-267.0103759765625
-0.089569091796875,70.53182983398438,-266.1484069824219
0.3026885986328125,68.98272705078125,-265.1171569824219
0.41595458984375,67.99949645996094,-264.68597412109375
1.2340240478515625,66.56076049804688,-263.62890625
1.6256561279296875,65.3289794921875,-263.3146667480469
1.7282867431640625,64.26307678222656,-262.49932861328125
1.938720703125,63.01707458496094,-262.03753662109375
2.5106964111328125,62.02796936035156,-261.40081787109375
2.063385009765625,61.43743896484375,-260.6245422363281
2.1580810546875,60.947784423828125,-260.11041259765625
2.06988525390625,60.18479919433594,-259.05859375
2.3152618408203125,59.65827941894531,-258.070556640625
2.56317138671875,59.18913269042969,-257.69451904296875
1.8608551025390625,59.07098388671875,-256.78717041015625
2.6204376220703125,58.915771484375,-256.222412109375
2.1443328857421875,59.00437927246094,-255.32435607910156
1.897216796875,59.114044189453125,-254.34681701660156
1.6617279052734375,59.02740478515625,-253.98411560058594
1.9729461669921875,59.23484802246094,-253.09608459472656
2.099212646484375,60.06825256347656,-252.94850158691406
1.9207000732421875,60.28385925292969,-252.55902099609375
1.9584197998046875,60.891448974609375,-252.8203125
2.1469268798828125,61.287506103515625,-252.4662628173828
2.3587646484375,61.92088317871094,-252.48138427734375
2.5286865234375,62.84950256347656,-252.5198974609375
2.9247894287109375,63.7281494140625,-252.69561767578125
2.7752227783203125,64.10194396972656,-253.0465545654297
3.140594482421875,65.30291748046875,-253.66119384765625
3.507049560546875,65.3663330078125,-254.12689208984375
3.856536865234375,66.90444946289062,-254.88575744628906
4.138885498046875,67.9420166015625,-255.7715606689453
4.8072662353515625,69.0029296875,-257.56732177734375
4.9736328125,70.17027282714844,-258.3416748046875
5.1497802734375,71.56997680664062,-259.3736877441406
4.9844970703125,73.08404541015625,-259.9331359863281
5.021881103515625,74.16246032714844,-259.66070556640625
4.380462646484375,75.87779235839844,-260.2344055175781
4.468414306640625,77.16743469238281,-260.19232177734375
3.9427032470703125,78.63578796386719,-260.10162353515625
3.476715087890625,79.82327270507812,-259.97784423828125
3.116607666015625,80.41244506835938,-260.1831970214844
2.99847412109375,81.54792785644531,-260.18621826171875
3.212371826171875,82.21609497070312,-260.72674560546875
3.1464385986328125,82.51560974121094,-261.7135009765625
3.244781494140625,83.19723510742188,-262.2393798828125
3.3664398193359375,84.01277160644531,-263.32672119140625
3.5225372314453125,84.35899353027344,-263.2907409667969
3.350372314453125,85.22854614257812,-264.4312744140625
3.1355133056640625,85.88310241699219,-265.4814453125
3.0579681396484375,87.016357421875,-265.32330322265625
2.6145782470703125,88.3685302734375,-266.0427551269531
2.33099365234375,88.90074157714844,-266.8944091796875
2.494720458984375,90.09516906738281,-267.32525634765625
1.7892608642578125,90.85919189453125,-267.904541015625
1.72039794921875,91.51362609863281,-268.1842041015625
1.458404541015625,92.81076049804688,-269.26416015625
1.233154296875,93.49874877929688,-269.34613037109375
0.9133758544921875,94.34677124023438,-270.2917175292969
0.6427459716796875,94.74334716796875,-270.6395263671875
0.67303466796875,95.67318725585938,-271.50872802734375
0.2400665283203125,96.33917236328125,-272.2619934082031
0.32696533203125,96.995849609375,-273.6148681640625
-0.1108856201171875,97.89619445800781,-274.6607666015625
-0.28900146484375,98.47163391113281,-275.0441589355469
-0.5178680419921875,99.42355346679688,-275.988037109375
-1.016815185546875,100.35511779785156,-276.83807373046875
-1.4156951904296875,101.12380981445312,-277.94384765625
-2.483154296875,102.14817810058594,-278.5604553222656
-2.95733642578125,102.5697021484375,-279.3991394042969
-3.5175933837890625,103.70033264160156,-280.060546875
-3.83197021484375,104.88607788085938,-281.03631591796875
-4.429290771484375,105.68991088867188,-281.3150634765625
-5.1535797119140625,106.68229675292969,-281.763671875
-6.0207061767578125,107.47846984863281,-282.4891357421875
-6.6703033447265625,107.99172973632812,-282.5057373046875
-7.23077392578125,108.88020324707031,-282.8282165527344
-7.88360595703125,109.69775390625,-282.88153076171875
-8.77984619140625,110.70559692382812,-282.76513671875
-9.557327270507812,111.43794250488281,-282.32904052734375
-10.094039916992188,112.24073791503906,-282.1531982421875
-10.758026123046875,113.09336853027344,-281.97393798828125
-11.87603759765625,113.5274658203125,-281.24853515625
-12.229507446289062,114.16732788085938,-280.6298828125
-12.457901000976562,114.96958923339844,-279.87396240234375
-13.163406372070312,114.59565734863281,-278.33795166015625
-13.612823486328125,115.15715026855469,-277.1953430175781
-13.3048095703125,115.37452697753906,-275.6474609375
-13.324569702148438,115.37333679199219,-275.10491943359375
-13.518081665039062,115.04818725585938,-273.165283203125
-12.89947509765625,114.62960815429688,-272.02618408203125
-12.760330200195312,113.82919311523438,-271.07232666015625
-12.52093505859375,113.41677856445312,-269.96405029296875
-12.09979248046875,113.35960388183594,-269.4296875
-11.813247680664062,112.49943542480469,-268.02862548828125
-11.16497802734375,111.57041931152344,-266.8408203125
-10.773834228515625,110.49299621582031,-265.53558349609375
-9.754898071289062,108.86213684082031,-264.66009521484375
-8.626998901367188,107.82901000976562,-263.75567626953125
-7.654571533203125,106.14248657226562,-262.5853576660156
-6.651123046875,104.56593322753906,-261.65386962890625
-5.853729248046875,102.67366027832031,-261.5562744140625
-5.0601043701171875,101.64698791503906,-261.572509765625
-4.0957489013671875,100.17481994628906,-261.0133972167969
-3.58740234375,98.62167358398438,-260.70654296875
-2.590576171875,97.05119323730469,-261.3187255859375
-1.8844451904296875,95.37504577636719,-261.28460693359375
-1.270721435546875,94.02760314941406,-261.68280029296875
-0.2000274658203125,92.26193237304688,-261.20574951171875
0.1416778564453125,91.02043151855469,-261.6214904785156
0.6278533935546875,89.08023071289062,-261.36285400390625
1.29229736328125,87.478515625,-261.7992858886719
2.140869140625,85.79869079589844,-262.1297302246094
2.55621337890625,84.57310485839844,-262.53704833984375
2.6468353271484375,82.97323608398438,-262.7878112792969
2.8773651123046875,81.572265625,-263.08843994140625
3.17584228515625,80.30424499511719,-263.1487121582031
3.384490966796875,79.12608337402344,-263.2747802734375
4.061187744140625,77.66358947753906,-263.39764404296875
4.3097076416015625,76.7342529296875,-263.52178955078125
4.0619049072265625,75.42640686035156,-264.00152587890625
4.1131439208984375,74.35906982421875,-264.66259765625
4.35748291015625,73.74977111816406,-264.86029052734375
4.470184326171875,72.19375610351562,-265.1943054199219
4.6981964111328125,71.93992614746094,-265.648681640625
5.0102081298828125,71.08956909179688,-266.1572265625
4.59454345703125,70.23117065429688,-267.13262939453125
5.24041748046875,69.54031372070312,-267.2967529296875
5.1484527587890625,69.16398620605469,-268.2747802734375
4.87786865234375,68.91021728515625,-269.2759094238281
5.2380218505859375,68.99076843261719,-269.47161865234375
4.950225830078125,68.46723937988281,-270.33111572265625
5.249969482421875,68.37576293945312,-271.8050537109375
4.9036712646484375,68.73794555664062,-272.1015319824219
5.0641632080078125,68.81947326660156,-273.19317626953125
4.582000732421875,68.84764099121094,-273.3847351074219
4.5689697265625,68.93171691894531,-273.9134521484375
4.732330322265625,68.90008544921875,-274.44976806640625
5.155181884765625,69.03805541992188,-275.0765380859375
5.0395050048828125,69.63200378417969,-275.40155029296875
5.3544158935546875,69.52607727050781,-275.2261962890625
5.1391448974609375,69.68922424316406,-275.95263671875
5.14453125,69.71839904785156,-275.5514831542969
5.073638916015625,69.72074890136719,-275.8982238769531
5.11712646484375,70.01690673828125,-275.6351623535156
5.0827484130859375,70.04052734375,-275.3545227050781
5.359039306640625,70.11712646484375,-274.91595458984375
5.3864593505859375,69.95111083984375,-275.57275390625
5.587188720703125,70.09323120117188,-275.2250671386719
5.6370086669921875,69.91464233398438,-274.612060546875
5.5098724365234375,69.71527099609375,-274.007080078125
5.8267974853515625,69.05502319335938,-273.46234130859375
6.188934326171875,68.5770263671875,-273.32513427734375
6.7030487060546875,68.31344604492188,-273.20831298828125
6.6778564453125,67.84144592285156,-272.5672607421875
7.1352386474609375,67.0513916015625,-272.0350341796875
7.1899261474609375,66.36709594726562,-271.4382019042969
7.394866943359375,65.82559204101562,-270.61199951171875
8.001663208007812,65.05863952636719,-269.51898193359375
8.353179931640625,64.14804077148438,-268.71588134765625
8.192657470703125,63.15904235839844,-267.8330078125
8.544357299804688,62.135284423828125,-266.62353515625
8.973419189453125,61.22932434082031,-265.7252197265625
8.845733642578125,59.79243469238281,-264.90155029296875
9.196762084960938,59.11585998535156,-263.53265380859375
9.352996826171875,57.67384338378906,-262.733154296875
9.510009765625,56.84541320800781,-262.1292724609375
9.53961181640625,55.6927490234375,-260.60418701171875
9.7352294921875,54.56294250488281,-260.3155517578125
9.950271606445312,53.556060791015625,-259.0161437988281
9.865020751953125,52.40118408203125,-258.1190185546875
9.961135864257812,51.623321533203125,-257.50482177734375
9.957870483398438,50.66046142578125,-256.81585693359375
9.913894653320312,49.8134765625,-255.8287811279297
9.917999267578125,48.967132568359375,-254.33038330078125
9.324493408203125,47.90376281738281,-253.87216186523438
9.289688110351562,47.3056640625,-252.60523986816406
8.776824951171875,46.64189147949219,-250.4169158935547
8.254348754882812,45.45448303222656,-249.32579040527344
7.7761077880859375,44.85237121582031,-248.40708923339844
7.0971527099609375,44.33091735839844,-246.80201721191406
6.678375244140625,43.272674560546875,-245.16574096679688
5.55633544921875,42.61676025390625,-243.65097045898438
5.0266265869140625,42.05961608886719,-241.36190795898438
4.36016845703125,41.12162780761719,-239.8392333984375
3.4895477294921875,40.98783874511719,-239.1380157470703
3.0945281982421875,40.03453063964844,-237.50559997558594
2.2701568603515625,39.6998291015625,-236.8689422607422
1.81756591796875,39.12528991699219,-235.41705322265625
1.370147705078125,38.94404602050781,-234.64198303222656
1.01495361328125,38.56109619140625,-234.44094848632812
0.971282958984375,38.466796875,-233.9721221923828
1.2531280517578125,38.539520263671875,-233.427490234375
1.0668182373046875,38.769256591796875,-232.70790100097656
1.095245361328125,38.87748718261719,-232.7311248779297
1.586669921875,39.47843933105469,-233.00518798828125
1.0331573486328125,39.51123046875,-232.213623046875
1.1524810791015625,39.77738952636719,-232.29721069335938
0.8895416259765625,39.89068603515625,-231.74560546875
0.70989990234375,40.26422119140625,-231.13311767578125
0.1741180419921875,40.51762390136719,-230.43264770507812
-0.314117431640625,40.73286437988281,-230.33236694335938
-0.2974853515625,40.90278625488281,-229.2494659423828
-0.947113037109375,40.83888244628906,-229.17385864257812
-1.2848968505859375,41.030517578125,-228.0175323486328
-1.5498504638671875,41.59735107421875,-228.15834045410156
-1.792572021484375,42.13890075683594,-227.43572998046875
-2.3946990966796875,42.356231689453125,-227.4810333251953
-2.1795196533203125,42.46397399902344,-227.24386596679688
-1.888885498046875,42.85687255859375,-227.19041442871094
-1.7475128173828125,43.33856201171875,-226.57215881347656
-1.59991455078125,43.68663024902344,-227.06365966796875
-1.290008544921875,44.45048522949219,-227.40487670898438
-0.873626708984375,45.1705322265625,-227.1640167236328
-0.5955657958984375,45.7374267578125,-227.07986450195312
-0.0983123779296875,46.461822509765625,-227.37380981445312
-0.095855712890625,47.20643615722656,-227.6200714111328
0.5793304443359375,48.18267822265625,-227.6901092529297
1.3657684326171875,48.87579345703125,-228.22451782226562
1.572723388671875,49.908203125,-228.9703369140625
2.034088134765625,51.29541015625,-228.55264282226562
2.697784423828125,52.16539001464844,-229.69644165039062
3.0353240966796875,53.48741149902344,-229.44906616210938
3.739959716796875,54.091766357421875,-230.0528106689453
4.2528076171875,55.03021240234375,-230.48797607421875
4.6651611328125,55.9730224609375,-230.7466583251953
5.6265716552734375,57.08030700683594,-231.0465545654297
5.8718109130859375,57.663726806640625,-231.73805236816406
6.1063690185546875,58.77503967285156,-231.93556213378906
6.541259765625,59.61543273925781,-232.830078125
7.1367950439453125,60.7279052734375,-233.5248260498047
7.9537200927734375,61.85716247558594,-233.11441040039062
8.55560302734375,62.273193359375,-233.9879608154297
9.111465454101562,62.81593322753906,-234.75469970703125
9.365066528320312,63.37950134277344,-235.27020263671875
9.7686767578125,63.846710205078125,-235.4182586669922
10.315628051757812,64.07405090332031,-235.677734375
10.743453979492188,64.41441345214844,-236.24667358398438
11.157470703125,64.44517517089844,-236.29225158691406
12.101913452148438,64.36338806152344,-236.49586486816406
12.195465087890625,64.54867553710938,-237.08209228515625
12.723907470703125,64.43759155273438,-237.0768585205078
13.459518432617188,63.8839111328125,-237.58575439453125
13.75311279296875,63.05659484863281,-237.36878967285156
14.441268920898438,62.664886474609375,-238.10519409179688
14.918624877929688,61.636322021484375,-238.155029296875
15.148834228515625,60.79164123535156,-238.19093322753906
15.919677734375,59.48040771484375,-238.507080078125
16.413101196289062,58.02394104003906,-238.80703735351562
16.53143310546875,56.77532958984375,-239.43698120117188
16.846542358398438,55.192230224609375,-239.41159057617188
16.863296508789062,53.172882080078125,-239.75843811035156
16.699615478515625,51.146759033203125,-241.0655059814453
16.32965087890625,48.64128112792969,-241.2559356689453
16.129196166992188,45.73304748535156,-242.1361846923828
15.35784912109375,42.688690185546875,-242.92684936523438
14.750534057617188,39.47254943847656,-243.48928833007812
13.231292724609375,36.172943115234375,-244.68829345703125
11.914642333984375,32.49110412597656,-244.9226531982422
10.607406616210938,29.220718383789062,-245.75271606445312
8.907928466796875,25.988357543945312,-246.366455078125
7.2186737060546875,22.619338989257812,-248.0392303466797
5.066070556640625,19.999420166015625,-248.25198364257812
3.6086578369140625,17.451950073242188,-249.57720947265625
0.8876190185546875,14.797714233398438,-251.13211059570312
-0.6245880126953125,12.377182006835938,-252.76756286621094
-2.6305694580078125,10.198013305664062,-254.68650817871094
-4.9890899658203125,8.066482543945312,-256.01043701171875
-6.8463592529296875,6.2761993408203125,-257.21197509765625
-8.727752685546875,4.9310455322265625,-259.13873291015625
-11.076675415039062,3.378387451171875,-260.77545166015625
-12.840301513671875,2.298980712890625,-262.63372802734375
-14.99847412109375,1.3785858154296875,-264.8050537109375
-16.552642822265625,0.5311279296875,-266.62103271484375
-18.327957153320312,-0.052459716796875,-267.8869323730469
-19.445632934570312,-0.78631591796875,-269.4190673828125
-21.628189086914062,-1.1925048828125,-270.9407958984375
-22.444366455078125,-1.29010009765625,-271.8554992675781
-24.054031372070312,-1.9437103271484375,-273.26318359375
-25.491363525390625,-2.0709686279296875,-274.5059814453125
-26.715240478515625,-1.5726470947265625,-275.51806640625
-27.75811767578125,-2.0584259033203125,-276.07763671875
-28.94158935546875,-1.9517974853515625,-277.3507080078125
-29.816650390625,-1.851776123046875,-277.9169921875
-30.869522094726562,-1.8523712158203125,-279.0970458984375
-31.646392822265625,-1.28375244140625,-278.8297119140625
-32.19287109375,-1.3040771484375,-279.036376953125
-33.360137939453125,-1.2552337646484375,-279.3775329589844
-33.90858459472656,-1.1207122802734375,-279.13848876953125
-34.66255187988281,-0.6926422119140625,-279.7631530761719
-35.23358154296875,-0.80084228515625,-279.54583740234375
-35.893341064453125,-0.306732177734375,-279.123779296875
-36.23191833496094,0.1177825927734375,-279.51068115234375
-36.90751647949219,0.0837249755859375,-278.8094482421875
-37.11897277832031,0.6250152587890625,-278.9701843261719
-37.44715881347656,0.73260498046875,-278.625
-37.99552917480469,1.4323883056640625,-278.1924743652344
-37.502838134765625,1.336700439453125,-277.8122253417969
-37.814361572265625,1.787322998046875,-277.6531066894531
-38.0711669921875,2.0842132568359375,-277.3238830566406
-37.56085205078125,2.9746246337890625,-276.2169189453125
-37.60383605957031,3.36846923828125,-275.41961669921875
-37.617431640625,3.8849334716796875,-275.1816711425781
-37.24140930175781,4.5245208740234375,-275.0506591796875
-37.03302001953125,4.6928558349609375,-274.98980712890625
-36.8017578125,5.61541748046875,-274.75115966796875
-36.7216796875,5.9409027099609375,-274.9495849609375
-36.189208984375,6.63861083984375,-274.2845458984375
-35.649658203125,7.0774078369140625,-274.25
-35.76335144042969,7.5097808837890625,-273.75885009765625
-35.37812805175781,8.193405151367188,-274.1880187988281
-34.76361083984375,8.421401977539062,-273.5591735839844
-34.162628173828125,9.412750244140625,-273.556884765625
-33.84381103515625,9.7830810546875,-273.08319091796875
-33.92596435546875,10.121963500976562,-273.20074462890625
-33.247833251953125,10.65301513671875,-272.5130615234375
-33.30052185058594,11.318084716796875,-272.36309814453125
-32.641998291015625,11.4853515625,-271.9557189941406
-31.998687744140625,12.186981201171875,-270.94970703125
-32.17295837402344,12.794662475585938,-270.80487060546875
-31.556640625,13.497909545898438,-269.3977966308594
-31.386062622070312,14.183853149414062,-268.5318603515625
-31.090621948242188,15.113067626953125,-267.47796630859375
-30.800537109375,15.641525268554688,-266.71392822265625
-30.618682861328125,16.302078247070312,-265.446533203125
-30.379119873046875,17.084869384765625,-264.759033203125
-29.78912353515625,18.112640380859375,-263.5547180175781
-30.016921997070312,18.675872802734375,-262.3182067871094
-29.076126098632812,19.63787841796875,-261.3880615234375
-29.03936767578125,20.262496948242188,-261.2825927734375
-28.707534790039062,21.167022705078125,-259.999267578125
-27.962142944335938,21.84051513671875,-260.27130126953125
-27.658340454101562,23.004013061523438,-259.80718994140625
-27.319656372070312,23.691665649414062,-259.05804443359375
-26.943649291992188,24.751571655273438,-258.38812255859375
-26.80029296875,25.510757446289062,-257.9517822265625
-26.753555297851562,26.386428833007812,-257.03851318359375
-26.234664916992188,27.0233154296875,-257.1506652832031
-25.701705932617188,28.304550170898438,-256.54107666015625
-25.442550659179688,29.04718017578125,-255.81692504882812
-25.205520629882812,30.002120971679688,-255.2904052734375
-24.806503295898438,31.021163940429688,-254.4413299560547
-24.677688598632812,32.080291748046875,-253.9835662841797
-24.611175537109375,33.341552734375,-253.54808044433594
-24.7913818359375,34.524505615234375,-252.5412139892578
-24.59832763671875,35.60418701171875,-251.76832580566406
-24.622161865234375,36.798828125,-251.47686767578125
-24.708404541015625,38.21009826660156,-251.44590759277344
-24.7679443359375,39.515869140625,-250.27760314941406
-24.975677490234375,40.499664306640625,-250.29812622070312
-24.850570678710938,42.1019287109375,-249.492919921875
-25.085525512695312,43.3197021484375,-249.0421142578125
-25.34161376953125,44.82330322265625,-249.0432586669922
-25.38323974609375,45.81983947753906,-248.33480834960938
-25.660781860351562,47.360687255859375,-248.22195434570312
-25.874542236328125,48.267822265625,-248.13157653808594
-25.928924560546875,49.19685363769531,-247.9697265625
-25.94500732421875,50.27268981933594,-247.445068359375
-26.169158935546875,51.1495361328125,-248.47352600097656
-25.92620849609375,51.440765380859375,-247.7202606201172
-26.398849487304688,51.974700927734375,-248.51263427734375
-26.658233642578125,52.545806884765625,-247.8175048828125
-27.049652099609375,53.273773193359375,-248.08221435546875
-27.4315185546875,53.470611572265625,-248.41270446777344
-28.0108642578125,53.83197021484375,-248.70645141601562
-28.095840454101562,54.31658935546875,-248.62718200683594
-28.47515869140625,54.360321044921875,-248.61709594726562
-29.020294189453125,54.40155029296875,-249.23048400878906
-29.395156860351562,54.46482849121094,-249.644287109375
-29.850357055664062,54.468963623046875,-250.09690856933594
-29.876068115234375,54.239776611328125,-250.44960021972656
-30.310836791992188,54.51258850097656,-250.68853759765625
-30.435317993164062,54.12248229980469,-251.5118865966797
-30.924026489257812,53.7227783203125,-251.94818115234375
-31.265869140625,53.38432312011719,-252.51724243164062
-31.554931640625,52.803558349609375,-252.90902709960938
-31.864883422851562,52.33941650390625,-253.02203369140625
-32.858978271484375,51.893157958984375,-253.77699279785156
-32.57054138183594,51.431640625,-254.06192016601562
-33.13111877441406,50.888153076171875,-255.09400939941406
-33.36073303222656,50.30583190917969,-255.27322387695312
-33.24732971191406,49.81324768066406,-256.5097961425781
-33.345855712890625,49.020263671875,-257.64208984375
-33.19654846191406,48.34613037109375,-258.77587890625
-32.88978576660156,47.11662292480469,-259.8131408691406
-32.539093017578125,46.11393737792969,-261.826904296875
-32.45082092285156,45.577362060546875,-262.673095703125
-32.20875549316406,44.52027893066406,-263.6649475097656
-31.723602294921875,43.57743835449219,-265.3258056640625
-31.2169189453125,43.06230163574219,-265.9644775390625
-31.018524169921875,42.315399169921875,-267.199462890625
-30.619461059570312,41.77494812011719,-268.46575927734375
-30.759170532226562,40.94390869140625,-269.6305847167969
-30.101882934570312,40.46784973144531,-270.64385986328125
-30.128311157226562,40.06050109863281,-271.3838806152344
-29.244308471679688,39.60749816894531,-272.5478515625
-29.117279052734375,39.103607177734375,-273.20721435546875
-29.413223266601562,38.33770751953125,-273.7124328613281
-28.71099853515625,37.869659423828125,-274.10052490234375
-28.748046875,37.38063049316406,-274.711181640625
-28.286697387695312,36.91456604003906,-275.2071533203125
-28.213104248046875,36.5430908203125,-275.55364990234375
-28.129714965820312,36.33013916015625,-276.53594970703125
-27.938003540039062,35.723785400390625,-276.5099792480469
-27.670211791992188,35.68583679199219,-277.33135986328125
-27.196990966796875,34.876373291015625,-277.98687744140625
-26.977935791015625,34.799102783203125,-277.89642333984375
-26.739288330078125,34.29100036621094,-279.37200927734375
-26.576568603515625,34.25579833984375,-279.4707946777344
-26.27728271484375,33.98548889160156,-279.693359375
-25.843994140625,33.67686462402344,-280.12841796875
-25.484878540039062,33.429901123046875,-280.8827819824219
-25.649185180664062,33.37640380859375,-281.1998291015625
-25.148956298828125,33.17955017089844,-281.807373046875
-25.060897827148438,33.17912292480469,-282.10723876953125
-24.854751586914062,32.77186584472656,-282.61572265625
-24.754913330078125,32.86860656738281,-283.206298828125
-24.676803588867188,32.84941101074219,-283.01739501953125
-24.805953979492188,32.77061462402344,-283.3426818847656
-24.392196655273438,32.4810791015625,-283.49688720703125
-24.137130737304688,32.65443420410156,-283.4224548339844
-23.733810424804688,32.59220886230469,-283.1029357910156
-23.86517333984375,32.3538818359375,-282.72967529296875
-23.664016723632812,32.403350830078125,-282.27484130859375
-23.48486328125,31.962631225585938,-281.97772216796875
-23.237838745117188,31.776031494140625,-280.8828430175781
-23.2989501953125,31.781982421875,-280.6988525390625
-23.224533081054688,32.08294677734375,-279.87322998046875
-23.310958862304688,31.926727294921875,-279.1119384765625
-23.001739501953125,32.06211853027344,-278.6181945800781
-23.322647094726562,31.972549438476562,-277.491455078125
-22.870986938476562,32.285888671875,-276.2447509765625
-23.282455444335938,32.03912353515625,-275.5067138671875
-23.425521850585938,32.795318603515625,-273.4898986816406
-23.312820434570312,33.38847351074219,-272.95086669921875
-23.465805053710938,33.24241638183594,-272.3222351074219
-23.346817016601562,33.86549377441406,-271.33984375
-23.512420654296875,34.398162841796875,-270.9314880371094
-23.220123291015625,34.896728515625,-270.0494384765625
-23.28564453125,35.5169677734375,-269.41571044921875
-23.38995361328125,36.28233337402344,-269.2713623046875
-23.686370849609375,37.06773376464844,-268.70159912109375
-23.496185302734375,37.80833435058594,-268.1424865722656
-23.404312133789062,38.31053161621094,-267.4698486328125
-23.431259155273438,39.205078125,-266.88397216796875
-23.359542846679688,39.96748352050781,-266.8673400878906
-23.601272583007812,40.5819091796875,-266.3181457519531
-23.737411499023438,41.1334228515625,-266.2593078613281
-23.815475463867188,42.367584228515625,-265.86669921875
-23.766845703125,42.82154846191406,-266.09405517578125
-23.885528564453125,43.481353759765625,-265.7861328125
-23.451370239257812,44.36004638671875,-265.71563720703125
-23.375686645507812,45.068206787109375,-265.84173583984375
-23.480941772460938,45.584320068359375,-265.52587890625
-23.603042602539062,46.296051025390625,-265.76934814453125
-23.673110961914062,46.81182861328125,-265.55108642578125
-23.696640014648438,47.61248779296875,-265.2880859375
-23.84515380859375,48.115386962890625,-265.7076110839844
-23.583084106445312,49.2073974609375,-265.3131103515625
-23.742752075195312,49.86940002441406,-265.45281982421875
-23.913787841796875,50.642303466796875,-265.15924072265625
-23.90570068359375,51.31500244140625,-265.81439208984375
-23.80706787109375,52.26789855957031,-265.4578857421875
-24.38372802734375,53.185791015625,-265.3092346191406
-24.834091186523438,54.62937927246094,-266.16729736328125
-24.352737426757812,54.937713623046875,-265.9495849609375
-24.533172607421875,55.93748474121094,-266.2872314453125
-24.651458740234375,56.71031188964844,-266.54315185546875
-25.2884521484375,57.84571838378906,-266.95379638671875
-25.145278930664062,58.710723876953125,-267.0039367675781
-25.081771850585938,59.981231689453125,-267.08770751953125
-25.567230224609375,60.70011901855469,-267.742431640625
-25.720687866210938,61.42951965332031,-268.1017761230469
-25.577957153320312,62.39332580566406,-268.9503173828125
-25.767349243164062,63.27142333984375,-268.95904541015625
-26.170822143554688,64.13153076171875,-269.90728759765625
-25.960311889648438,65.16110229492188,-270.1258544921875
-26.25555419921875,65.21905517578125,-270.52508544921875
-26.585739135742188,65.998291015625,-270.777099609375
-26.855667114257812,66.74655151367188,-270.9322814941406
-27.0372314453125,67.20343017578125,-271.57879638671875
-26.830856323242188,67.79444885253906,-271.5018310546875
-26.65045166015625,67.97123718261719,-271.6160888671875
-27.010696411132812,68.48269653320312,-271.9225769042969
-26.652313232421875,68.70152282714844,-272.3684997558594
-26.766342163085938,69.48677062988281,-272.0557556152344
-26.6080322265625,69.80157470703125,-272.791015625
-26.75469970703125,70.13888549804688,-272.9892578125
-26.35736083984375,70.32418823242188,-272.870849609375
-26.115219116210938,70.84515380859375,-273.55548095703125
-26.3232421875,71.10879516601562,-273.7764892578125
-25.575286865234375,71.22718811035156,-274.59130859375
-25.203475952148438,70.92311096191406,-274.50213623046875
-24.801376342773438,70.87452697753906,-274.2147216796875
-24.148666381835938,71.04182434082031,-274.73028564453125
-23.807876586914062,70.80850219726562,-274.364013671875
-23.116119384765625,70.85137939453125,-274.38348388671875
-22.785751342773438,70.36172485351562,-274.71826171875
-22.31854248046875,70.04217529296875,-274.3394775390625
-21.542724609375,69.623779296875,-274.23211669921875
-20.805145263671875,69.24276733398438,-274.01190185546875
-19.344512939453125,68.6209716796875,-274.3604736328125
-18.708343505859375,67.80732727050781,-273.73077392578125
-17.76312255859375,66.87176513671875,-273.7633056640625
-16.878219604492188,66.06132507324219,-272.94744873046875
-16.515380859375,65.278564453125,-272.8561096191406
-15.288619995117188,63.998687744140625,-272.8661193847656
-14.522048950195312,63.20330810546875,-273.0820617675781
-13.604965209960938,62.13661193847656,-272.7708740234375
-12.918899536132812,60.749176025390625,-272.5743713378906
-11.688018798828125,59.70494079589844,-272.75933837890625
-11.171981811523438,58.3162841796875,-272.8721923828125
-9.942153930664062,57.38279724121094,-273.25616455078125
-9.301239013671875,55.70823669433594,-273.32110595703125
-8.616531372070312,54.211639404296875,-273.084716796875
-7.784820556640625,52.669677734375,-273.07373046875
-7.32171630859375,51.042205810546875,-273.49859619140625
-6.7128143310546875,49.773529052734375,-273.9454345703125
-5.8596038818359375,48.212310791015625,-274.5965576171875
-5.1430816650390625,46.615020751953125,-275.025390625
-4.8731689453125,45.39753723144531,-275.32049560546875
-4.4745025634765625,43.56721496582031,-276.06842041015625
-4.0283966064453125,42.456939697265625,-276.6814270019531
-3.65850830078125,40.92144775390625,-277.52117919921875
-3.0651702880859375,39.838623046875,-278.16162109375
-2.9075469970703125,39.03584289550781,-279.0060729980469
-2.495758056640625,38.18876647949219,-280.4626770019531
-2.205535888671875,37.406951904296875,-281.23443603515625
-1.814361572265625,37.05360412597656,-282.39306640625
-1.4360198974609375,36.12522888183594,-283.10125732421875
-1.493011474609375,35.770355224609375,-283.7833251953125
-0.64068603515625,35.74530029296875,-284.1898193359375
-0.8268280029296875,35.2630615234375,-286.041259765625
-0.34881591796875,35.08216857910156,-286.9486083984375
0.319976806640625,35.14910888671875,-287.87945556640625
0.29150390625,35.08500671386719,-288.64312744140625
0.8171234130859375,34.89195251464844,-289.51568603515625
0.66845703125,34.90483093261719,-290.1541748046875
0.9719085693359375,34.76316833496094,-290.4127197265625
1.3806304931640625,34.784393310546875,-291.10302734375
2.02447509765625,34.07196044921875,-291.32080078125
1.815032958984375,33.74468994140625,-291.15130615234375
2.3231201171875,33.36944580078125,-289.9161071777344
2.629150390625,32.82560729980469,-290.15679931640625
3.107086181640625,32.51533508300781,-289.3863525390625
3.3892822265625,31.887832641601562,-288.43914794921875
3.621673583984375,31.56817626953125,-288.0219421386719
3.562774658203125,30.57080078125,-286.213134765625
4.233001708984375,30.223342895507812,-285.8879699707031
4.0886383056640625,29.70361328125,-284.154296875
4.0928955078125,29.676116943359375,-283.1460266113281
4.5822906494140625,29.1055908203125,-281.6523742675781
4.74163818359375,28.765762329101562,-280.019287109375
5.0104522705078125,28.947113037109375,-278.65325927734375
4.7441558837890625,28.629776000976562,-276.58258056640625
5.019866943359375,28.632064819335938,-275.03326416015625
4.9109649658203125,28.952590942382812,-274.3602600097656
4.7975006103515625,28.824127197265625,-272.7499694824219
5.0738983154296875,29.683135986328125,-271.76324462890625
5.0071563720703125,29.904556274414062,-269.70025634765625
5.0746612548828125,31.167221069335938,-267.79534912109375
4.924530029296875,32.23968505859375,-265.5305480957031
4.8045806884765625,33.10066223144531,-263.664306640625
4.213043212890625,34.36338806152344,-261.6683654785156
4.012420654296875,35.51777648925781,-260.43255615234375
3.9032745361328125,36.67431640625,-259.05474853515625
3.78448486328125,37.93263244628906,-258.341064453125
3.6674041748046875,38.98643493652344,-257.17291259765625
3.82342529296875,40.205474853515625,-256.87738037109375
4.097259521484375,41.80503845214844,-256.6525573730469
3.8944244384765625,42.81060791015625,-256.97576904296875
4.47418212890625,43.82196044921875,-257.60882568359375
4.5028228759765625,44.44865417480469,-257.6617431640625
5.139373779296875,45.03535461425781,-258.08905029296875
5.3381805419921875,45.72190856933594,-258.9634704589844
5.5017852783203125,46.47099304199219,-259.5678405761719
5.56768798828125,47.19142150878906,-259.8447570800781
5.95538330078125,48.09400939941406,-260.05462646484375
6.4367828369140625,48.842498779296875,-260.9049377441406
6.532989501953125,50.21147155761719,-261.37664794921875
6.5964813232421875,51.18492126464844,-261.5458984375
6.6164398193359375,52.047027587890625,-261.38226318359375
6.6488800048828125,52.97169494628906,-260.8792724609375
7.065093994140625,54.64433288574219,-261.42938232421875
7.0143890380859375,55.93247985839844,-261.76495361328125
6.6698760986328125,57.5048828125,-261.55853271484375
6.605682373046875,58.813873291015625,-261.91357421875
6.4288177490234375,60.188262939453125,-261.881103515625
6.6323394775390625,61.803192138671875,-262.7662353515625
6.910888671875,63.02557373046875,-263.3175048828125
6.5785064697265625,64.58245849609375,-263.67156982421875
6.89495849609375,65.845947265625,-264.07269287109375
6.4038848876953125,67.47683715820312,-264.3990478515625
6.457855224609375,68.91522216796875,-265.6148681640625
6.125152587890625,70.27622985839844,-266.1541748046875
6.4277801513671875,71.6463623046875,-266.50604248046875
6.060150146484375,73.08883666992188,-266.713134765625
5.9658355712890625,74.08998107910156,-267.65057373046875
5.6268310546875,75.08004760742188,-267.9754333496094
5.6775970458984375,76.37046813964844,-268.55230712890625
5.5887451171875,77.0211181640625,-269.83599853515625
5.5732574462890625,78.36326599121094,-270.6798095703125
5.5240325927734375,79.0474853515625,-271.69781494140625
5.7017822265625,80.17066955566406,-271.9172668457031
5.566009521484375,80.73446655273438,-272.7098388671875
5.586395263671875,81.30903625488281,-273.2176208496094
6.24322509765625,81.73133850097656,-273.5326232910156
6.3860015869140625,82.2828369140625,-273.3638000488281
6.9906158447265625,82.25042724609375,-273.51513671875
6.7684478759765625,82.64883422851562,-274.3334655761719
7.391326904296875,82.71818542480469,-274.1815185546875
7.8118743896484375,82.65664672851562,-274.63226318359375
8.351730346679688,82.53822326660156,-274.41070556640625
8.959075927734375,82.13676452636719,-274.71136474609375
9.434326171875,81.56463623046875,-274.057861328125
10.310714721679688,80.95925903320312,-273.56207275390625
11.344863891601562,79.85725402832031,-273.30279541015625
11.895217895507812,78.62643432617188,-272.590576171875
12.7587890625,77.2747802734375,-272.16546630859375
13.463638305664062,76.22454833984375,-271.5236511230469
13.98431396484375,75.24214172363281,-271.1388244628906
14.746322631835938,73.92494201660156,-271.3865051269531
15.347869873046875,72.41908264160156,-271.2410888671875
15.730316162109375,71.36343383789062,-271.4906005859375
16.655532836914062,69.67279052734375,-271.47564697265625
17.202133178710938,68.07833862304688,-272.3196105957031
17.837799072265625,65.29827880859375,-273.18182373046875
18.204513549804688,62.52742004394531,-273.3468017578125
18.731201171875,60.030731201171875,-275.0426025390625
19.158660888671875,56.848388671875,-275.685791015625
19.097518920898438,53.71600341796875,-277.2403259277344
19.094772338867188,50.806640625,-279.35418701171875
19.147247314453125,47.742462158203125,-281.853759765625
18.215133666992188,45.4227294921875,-283.6293640136719
17.875564575195312,42.300994873046875,-285.7169494628906
16.454910278320312,39.823089599609375,-287.35308837890625
15.852462768554688,37.05729675292969,-289.294189453125
14.540863037109375,34.351806640625,-291.82427978515625
13.119964599609375,31.436141967773438,-293.32696533203125
11.697525024414062,28.993881225585938,-294.70159912109375
9.8040771484375,26.671615600585938,-296.2559814453125
8.08734130859375,24.2174072265625,-297.774658203125
6.1458282470703125,22.054092407226562,-298.4071044921875
4.479248046875,20.075958251953125,-299.38287353515625
2.3489532470703125,18.052581787109375,-300.5631103515625
0.43670654296875,16.290618896484375,-301.41033935546875
-1.406158447265625,14.472793579101562,-301.9335632324219
-3.3863372802734375,13.062301635742188,-302.51947021484375
-5.1178131103515625,11.7342529296875,-303.5953369140625
-6.9475860595703125,10.64068603515625,-304.0137939453125
-8.242111206054688,9.6451416015625,-304.0098876953125
-10.053634643554688,9.1375732421875,-303.95941162109375
-11.60040283203125,7.7539520263671875,-304.26531982421875
-13.337371826171875,7.123046875,-304.6441650390625
-14.88018798828125,6.5140380859375,-305.0272216796875
-15.866073608398438,6.1708984375,-305.12335205078125
-17.395523071289062,5.5269317626953125,-305.09014892578125
-18.659439086914062,4.98895263671875,-304.6246337890625
-19.968002319335938,4.2462158203125,-305.2606201171875
-20.921630859375,3.728759765625,-304.84991455078125
-22.4473876953125,3.032928466796875,-304.288330078125
-23.37744140625,2.4140625,-304.32147216796875
-24.316940307617188,1.848114013671875,-303.37139892578125
-24.858566284179688,1.6129608154296875,-302.8255920410156
-25.60076904296875,0.8326416015625,-302.0077819824219
-26.311111450195312,0.199554443359375,-300.9681091308594
-27.369293212890625,-0.430450439453125,-299.68780517578125
-27.6072998046875,-0.6147003173828125,-299.0511474609375
-27.98980712890625,-1.0178375244140625,-297.56744384765625
-27.685104370117188,-1.2168426513671875,-296.05352783203125
-28.225509643554688,-0.85687255859375,-295.3426208496094
-28.054672241210938,-0.705810546875,-294.4947204589844
-28.636825561523438,-0.53515625,-294.17633056640625
-28.134414672851562,-0.413177490234375,-294.14453125
-27.611526489257812,0.122802734375,-294.38409423828125
-27.030670166015625,0.5921173095703125,-295.20001220703125
-26.759506225585938,1.452423095703125,-295.6898193359375
-25.800201416015625,2.3895111083984375,-296.27239990234375
-24.947463989257812,3.5172119140625,-297.146240234375
-23.948348999023438,4.5548553466796875,-298.1219787597656
-22.776016235351562,5.9047393798828125,-298.69427490234375
-22.018936157226562,7.08135986328125,-299.44134521484375
-21.558975219726562,8.0579833984375,-300.5260009765625
-20.992507934570312,9.024520874023438,-301.01092529296875
-20.040206909179688,10.157257080078125,-301.1402893066406
-19.431808471679688,10.975189208984375,-301.46221923828125
-18.248931884765625,11.760665893554688,-300.2086181640625
-17.5150146484375,12.485794067382812,-299.1064453125
-16.493484497070312,13.23779296875,-297.77667236328125
-15.245712280273438,13.97637939453125,-295.54693603515625
-14.4228515625,14.535659790039062,-293.9442138671875
-13.560470581054688,15.225677490234375,-291.5511474609375
-12.708663940429688,16.185134887695312,-289.94329833984375
-11.96295166015625,16.224411010742188,-288.3849792480469
-11.566574096679688,17.11944580078125,-287.0254821777344
-11.036407470703125,17.38275146484375,-285.68731689453125
-10.733169555664062,18.251144409179688,-284.1345520019531
-10.156875610351562,18.957534790039062,-283.2066650390625
-9.750198364257812,19.819305419921875,-282.3240966796875
-8.79461669921875,20.634628295898438,-281.8009948730469
-8.556564331054688,21.430282592773438,-281.7984924316406
-8.024566650390625,22.2083740234375,-281.69622802734375
-7.3433074951171875,22.744949340820312,-282.0975646972656
-7.0782928466796875,23.94305419921875,-282.2235107421875
-6.9688720703125,24.973388671875,-282.4551086425781
-6.271087646484375,25.558914184570312,-282.5372314453125
-5.739898681640625,26.632049560546875,-282.6824951171875
-5.419036865234375,27.332351684570312,-282.2288818359375
-4.8854522705078125,28.3939208984375,-282.9012145996094
-4.6648406982421875,28.926559448242188,-282.48974609375
-4.51910400390625,29.475906372070312,-281.6720886230469
-4.0460968017578125,30.327133178710938,-281.36962890625
-3.84320068359375,31.066757202148438,-280.3408203125
-3.577362060546875,31.843978881835938,-279.4801940917969
-3.7559814453125,32.870208740234375,-278.1551513671875
-3.1890869140625,33.55723571777344,-277.95074462890625
-3.0049591064453125,34.02165222167969,-276.50244140625
-3.4738616943359375,34.999755859375,-275.84600830078125
-3.118255615234375,35.566314697265625,-275.18963623046875
-2.9296417236328125,36.588714599609375,-274.8968505859375
-2.9181365966796875,37.13214111328125,-274.6394958496094
-3.299407958984375,37.951690673828125,-274.34814453125
-2.7655487060546875,38.72125244140625,-273.7427062988281
-2.973052978515625,39.732574462890625,-273.3597106933594
-3.1766815185546875,40.214630126953125,-272.9456481933594
-3.1669464111328125,40.55912780761719,-272.95684814453125
-3.14093017578125,41.026153564453125,-272.65313720703125
-3.2894439697265625,41.41583251953125,-271.80255126953125
-3.624481201171875,41.85160827636719,-271.3905944824219
-3.96630859375,41.96739196777344,-271.25274658203125
-4.4469757080078125,42.33992004394531,-270.029296875
-4.41497802734375,42.09333801269531,-269.74151611328125
-5.242462158203125,42.447723388671875,-268.96820068359375
-5.6108856201171875,42.18170166015625,-268.4915771484375
-6.0560150146484375,42.096405029296875,-267.81890869140625
-6.7636260986328125,41.88856506347656,-267.9144287109375
-6.9503936767578125,41.887603759765625,-266.909423828125
-7.4848175048828125,41.772796630859375,-266.1066589355469
-8.463943481445312,41.11470031738281,-266.00408935546875
-9.132965087890625,40.98033142089844,-265.5528564453125
-9.95135498046875,40.58111572265625,-264.6592712402344
-10.793731689453125,40.02098083496094,-264.33013916015625
-11.480682373046875,39.906463623046875,-263.6688232421875
-12.529464721679688,39.17195129394531,-263.67230224609375
-13.5048828125,38.794708251953125,-264.3471984863281
-14.29583740234375,37.987060546875,-263.7611083984375
-15.0892333984375,37.3277587890625,-264.95111083984375
-15.834716796875,36.47831726074219,-264.705078125
-16.792404174804688,35.73219299316406,-265.4870300292969
-17.850875854492188,34.50325012207031,-265.6432189941406
-18.762420654296875,33.3934326171875,-266.381591796875
-19.606704711914062,32.00083923339844,-267.1234130859375
-20.682388305664062,31.048080444335938,-268.02398681640625
-21.72308349609375,29.975082397460938,-268.511474609375
-22.656021118164062,28.898574829101562,-269.66143798828125
-24.081069946289062,27.896148681640625,-270.1795654296875
-24.823043823242188,27.04046630859375,-271.173828125
-25.821151733398438,26.496337890625,-271.8995666503906
-26.691787719726562,25.522689819335938,-272.85479736328125
-27.871627807617188,24.4892578125,-273.5816650390625
-28.4381103515625,23.987777709960938,-274.958984375
-29.305404663085938,23.540771484375,-275.74267578125
-30.226425170898438,22.72869873046875,-276.6563415527344
-30.799346923828125,22.394317626953125,-276.8563232421875
-31.344284057617188,22.277984619140625,-277.89031982421875
-31.941146850585938,21.712936401367188,-278.9576416015625
-32.68833923339844,21.026947021484375,-279.4951171875
-33.197052001953125,21.094696044921875,-280.2879638671875
-33.40028381347656,20.695083618164062,-281.6295471191406
-33.917938232421875,20.5997314453125,-282.58929443359375
-34.43963623046875,20.319046020507812,-283.14312744140625
-34.603240966796875,20.476455688476562,-284.41326904296875
-34.93208312988281,19.984146118164062,-285.6436767578125
-34.97808837890625,20.10369873046875,-286.28826904296875
-35.21995544433594,20.022201538085938,-287.4033203125
-35.07667541503906,19.866195678710938,-288.54473876953125
-35.45928955078125,19.814865112304688,-289.2544250488281
-35.4598388671875,20.110809326171875,-289.78155517578125
-35.51731872558594,20.26080322265625,-290.5592346191406
-35.773956298828125,20.174880981445312,-291.6302490234375
-35.42689514160156,20.659820556640625,-292.594970703125
-35.65910339355469,20.135665893554688,-292.80413818359375
-35.86474609375,20.722381591796875,-293.3901062011719
-35.68196105957031,20.490737915039062,-293.3242492675781
-35.35997009277344,20.876937866210938,-293.62982177734375
-36.05842590332031,20.6405029296875,-293.96722412109375
-35.77606201171875,20.941986083984375,-294.24542236328125
-35.59747314453125,21.1781005859375,-294.18194580078125
-35.426849365234375,20.927566528320312,-294.04290771484375
-35.26618957519531,21.116744995117188,-293.28436279296875
-35.188995361328125,20.847396850585938,-292.990478515625
-35.24232482910156,20.888702392578125,-292.6787109375
-34.91954040527344,20.707412719726562,-291.9461669921875
-34.94989013671875,20.672439575195312,-291.0684814453125
-34.790618896484375,20.833770751953125,-290.0954284667969
-34.90177917480469,21.21148681640625,-289.3585205078125
-34.68937683105469,20.759811401367188,-288.9583740234375
-34.4931640625,21.169448852539062,-288.1573181152344
-34.22428894042969,21.506439208984375,-287.2088623046875
-33.72233581542969,21.463958740234375,-286.8917236328125
-34.09687805175781,21.92669677734375,-285.28961181640625
-33.61285400390625,22.440338134765625,-285.0089111328125
-33.26087951660156,23.0556640625,-283.87005615234375
-33.3480224609375,23.230331420898438,-282.83807373046875
-33.10536193847656,23.805770874023438,-282.41741943359375
-32.635162353515625,24.3990478515625,-282.32537841796875
-32.4075927734375,25.186050415039062,-281.7552185058594
-32.29335021972656,25.664993286132812,-280.8336181640625
-32.01727294921875,26.343414306640625,-280.35540771484375
-31.0751953125,26.818023681640625,-280.1694641113281
-31.32769775390625,28.001419067382812,-279.2803649902344
-30.907867431640625,28.373214721679688,-278.7714538574219
-30.983993530273438,28.882034301757812,-277.822021484375
-30.823089599609375,30.023910522460938,-277.61376953125
-30.9530029296875,30.579360961914062,-276.733642578125
-30.833663940429688,31.424285888671875,-275.734375
-30.72100830078125,32.03581237792969,-275.669677734375
-30.798446655273438,32.692779541015625,-275.1521301269531
-30.915374755859375,33.24775695800781,-275.0920715332031
-30.950286865234375,33.81640625,-274.53326416015625
-30.937728881835938,34.5316162109375,-274.27239990234375
-30.835540771484375,35.214630126953125,-274.2366638183594
-30.566024780273438,35.60755920410156,-274.5061950683594
-30.40997314453125,36.236968994140625,-274.6985778808594
-30.541259765625,36.9183349609375,-274.5689697265625
-30.535263061523438,37.44621276855469,-274.51141357421875
-30.495346069335938,38.29188537597656,-274.7280578613281
-30.048629760742188,38.97650146484375,-274.01312255859375
-30.231292724609375,39.42179870605469,-274.179931640625
-30.159637451171875,40.079193115234375,-274.8558349609375
-30.138931274414062,40.63716125488281,-274.82623291015625
-29.9832763671875,41.55291748046875,-275.19207763671875
-30.104660034179688,42.36296081542969,-275.3323669433594
-29.8182373046875,42.807342529296875,-274.88677978515625
-30.050811767578125,43.698272705078125,-275.1124572753906
-30.2115478515625,44.39094543457031,-275.3335876464844
-30.13037109375,45.09832763671875,-275.5353698730469
-30.187484741210938,46.01470947265625,-275.4991760253906
-30.256317138671875,46.1322021484375,-275.33001708984375
-30.4146728515625,47.156829833984375,-274.92120361328125
-30.67303466796875,47.648193359375,-274.88836669921875
-30.792984008789062,48.097412109375,-275.0299377441406
-30.71087646484375,48.83250427246094,-275.1224365234375
-30.94769287109375,49.55189514160156,-275.9651184082031
-31.063125610351562,50.136199951171875,-275.2237548828125
-30.996856689453125,50.87254333496094,-275.2393798828125
-31.151473999023438,51.41935729980469,-275.281982421875
-31.234512329101562,51.78825378417969,-274.77191162109375
-31.413436889648438,52.46665954589844,-274.9578857421875
-31.47235107421875,52.67799377441406,-275.334716796875
-32.05232238769531,53.04524230957031,-275.13623046875
-31.73785400390625,53.03802490234375,-275.06744384765625
-31.712265014648438,53.52947998046875,-275.1184387207031
-32.07496643066406,53.77134704589844,-274.7369384765625
-32.035675048828125,54.0728759765625,-274.93829345703125
-32.500823974609375,53.98432922363281,-274.4881591796875
-32.47917175292969,54.19569396972656,-274.4501647949219
-32.21705627441406,54.87445068359375,-274.3807067871094
-32.58720397949219,54.850189208984375,-274.4940185546875
-32.3956298828125,54.61549377441406,-274.06585693359375
-32.42292785644531,54.70654296875,-274.47607421875
-32.52740478515625,55.02391052246094,-274.6946716308594
-32.19853210449219,55.33433532714844,-275.2168273925781
-32.022979736328125,55.48564147949219,-275.33026123046875
-32.238525390625,55.8106689453125,-275.1275939941406
-31.954360961914062,55.666534423828125,-276.00213623046875
-31.949478149414062,55.708526611328125,-276.0245361328125
-31.786773681640625,55.62510681152344,-276.09521484375
-31.674407958984375,55.69651794433594,-276.28961181640625
-31.478973388671875,55.737884521484375,-276.00079345703125
-30.90643310546875,55.65519714355469,-276.33721923828125
-30.915725708007812,55.316864013671875,-276.277099609375
-30.839508056640625,55.25946044921875,-277.04022216796875
-30.308822631835938,55.292694091796875,-276.58306884765625
-30.01507568359375,54.85111999511719,-276.42138671875
-29.25830078125,54.486114501953125,-276.220947265625
-28.905380249023438,53.72752380371094,-276.2418212890625
-28.150177001953125,52.622955322265625,-275.79522705078125
-27.1414794921875,52.11723327636719,-276.02880859375
-26.585479736328125,51.103546142578125,-276.062744140625
-25.6641845703125,50.33306884765625,-276.1454162597656
-24.92889404296875,49.169189453125,-276.33489990234375
-24.706588745117188,48.3837890625,-276.3399658203125
-23.743896484375,46.94059753417969,-276.565673828125
-22.993453979492188,45.76264953613281,-276.9483947753906
-22.506942749023438,44.05467224121094,-277.17340087890625
-21.785720825195312,42.701141357421875,-277.33148193359375
-21.202011108398438,41.08699035644531,-277.7189636230469
-20.459121704101562,39.13763427734375,-278.3050537109375
-20.459243774414062,37.30293273925781,-278.858642578125
-19.95770263671875,35.84223937988281,-279.1875305175781
-19.522171020507812,33.58058166503906,-279.1861572265625
-19.798568725585938,31.845733642578125,-279.7811584472656
-19.285186767578125,30.110916137695312,-280.76904296875
-19.534042358398438,28.444168090820312,-281.1748046875
-20.117294311523438,26.555740356445312,-281.666748046875
-20.216964721679688,25.239776611328125,-282.0672302246094
-20.149856567382812,23.320465087890625,-283.13421630859375
-20.177017211914062,21.760574340820312,-283.54217529296875
-20.726364135742188,20.210235595703125,-283.95855712890625
-21.165817260742188,18.846282958984375,-285.4270935058594
-21.238128662109375,17.6917724609375,-285.65081787109375
-21.846450805664062,16.522491455078125,-286.4762268066406
-22.391326904296875,15.793991088867188,-286.88751220703125
-22.05743408203125,14.585037231445312,-287.8873291015625
-22.95697021484375,13.987030029296875,-288.21905517578125
-22.895401000976562,13.346817016601562,-289.08184814453125
-23.3125,12.026657104492188,-289.61346435546875
-23.672500610351562,11.68170166015625,-290.3355407714844
-24.045074462890625,11.001953125,-290.73089599609375
-24.520706176757812,10.4117431640625,-290.4139709472656
-24.588851928710938,9.787277221679688,-291.2442626953125
-25.197830200195312,8.852737426757812,-291.4278259277344
-25.035934448242188,8.598907470703125,-291.24462890625
-25.452224731445312,7.6383209228515625,-291.0411376953125
-25.675140380859375,6.74066162109375,-290.1942138671875
-25.791854858398438,6.2027740478515625,-290.1719970703125
-26.239410400390625,5.786468505859375,-289.243408203125
-26.288482666015625,5.54803466796875,-288.51513671875
-26.265655517578125,5.2985687255859375,-287.2211608886719
-25.961624145507812,5.0574188232421875,-286.4329833984375
-25.522537231445312,4.5514984130859375,-285.34417724609375
-25.565872192382812,4.7791290283203125,-284.5342712402344
-24.469085693359375,4.7934722900390625,-283.7601318359375
-24.117218017578125,5.03631591796875,-282.94378662109375
-23.235122680664062,5.5244903564453125,-281.59130859375
-22.638565063476562,5.9810791015625,-281.1382751464844
-22.074859619140625,6.1621551513671875,-279.9458923339844
-21.425552368164062,7.153961181640625,-279.330078125
-20.333908081054688,7.676025390625,-278.7481689453125
-18.987411499023438,8.432144165039062,-278.4538269042969
-18.143173217773438,9.493362426757812,-278.47625732421875
-17.354904174804688,10.459259033203125,-278.9371337890625
-15.962142944335938,11.409103393554688,-279.25811767578125
-14.676025390625,12.205490112304688,-279.5089111328125
-14.170913696289062,13.31964111328125,-280.30352783203125
-13.46478271484375,14.212615966796875,-279.80987548828125
-12.172866821289062,15.578170776367188,-278.7562255859375
-11.57037353515625,16.61944580078125,-278.0469970703125
-10.884323120117188,17.847305297851562,-276.99090576171875
-10.229766845703125,19.739395141601562,-275.4487609863281
-9.663864135742188,21.077178955078125,-274.58624267578125
-9.48895263671875,22.7498779296875,-272.9832763671875
-8.676193237304688,24.200363159179688,-271.7993469238281
-8.189010620117188,25.684722900390625,-271.5217590332031
-7.7590484619140625,26.997772216796875,-270.67498779296875
-7.0089111328125,28.48590087890625,-269.9744567871094
-6.941619873046875,29.992446899414062,-269.9440612792969
-6.2812652587890625,31.842208862304688,-270.1817626953125
-5.796478271484375,33.55438232421875,-270.04949951171875
-5.784027099609375,34.43775939941406,-270.5814208984375
-5.34423828125,36.13836669921875,-270.41943359375
-4.926055908203125,37.849884033203125,-271.26806640625
-4.680511474609375,39.214630126953125,-272.04296875
-4.2349090576171875,40.49211120605469,-272.489501953125
-4.1351318359375,42.45597839355469,-272.72998046875
-3.7768707275390625,44.07060241699219,-273.73089599609375
-3.8945465087890625,45.53831481933594,-274.23529052734375
-4.1371307373046875,46.94728088378906,-274.6502990722656
-3.935272216796875,48.78302001953125,-275.72723388671875
-4.21405029296875,50.18035888671875,-275.92486572265625
-4.4196014404296875,51.439727783203125,-276.4205017089844
-4.41522216796875,52.95855712890625,-276.4407958984375
-4.3433685302734375,54.13563537597656,-277.2542419433594
-4.581298828125,55.363800048828125,-277.6288757324219
-4.92510986328125,56.56964111328125,-277.56378173828125
-5.360626220703125,57.93101501464844,-278.45361328125
-5.27191162109375,58.647552490234375,-278.55609130859375
-5.236114501953125,59.78727722167969,-279.56298828125
-5.6602020263671875,61.06744384765625,-279.5151672363281
-5.7157135009765625,61.57646179199219,-279.48150634765625
-6.1600341796875,62.67063903808594,-280.1807861328125
-6.231719970703125,63.161773681640625,-280.09991455078125
-6.076202392578125,63.86296081542969,-281.3427734375
-6.02569580078125,64.20205688476562,-280.67535400390625
-6.1516571044921875,64.7086181640625,-280.5276794433594
-6.29193115234375,65.27397155761719,-281.0228271484375
-6.433746337890625,65.55484008789062,-280.9087829589844
-6.1837921142578125,65.5714111328125,-281.150146484375
-6.1659088134765625,65.77098083496094,-280.7810363769531
-6.1692047119140625,65.8739013671875,-280.9367370605469
-5.6978912353515625,66.01683044433594,-280.4408874511719
-5.27301025390625,65.73597717285156,-280.1221923828125
-4.7505950927734375,65.32861328125,-280.18670654296875
-4.2152099609375,65.23268127441406,-279.30780029296875
-4.17108154296875,65.15667724609375,-279.37054443359375
-3.711181640625,64.67228698730469,-278.75177001953125
-3.0083770751953125,64.40682983398438,-278.740478515625
-2.397308349609375,64.12521362304688,-278.2865905761719
-1.71258544921875,63.25294494628906,-278.31640625
-1.194610595703125,62.71649169921875,-278.2353515625
-0.029754638671875,62.129058837890625,-278.4322509765625
0.4344329833984375,61.201934814453125,-277.7154846191406
0.895294189453125,60.326080322265625,-277.2626953125
1.8606414794921875,59.12738037109375,-276.648681640625
2.8782196044921875,57.41131591796875,-275.81268310546875
3.2417449951171875,55.8497314453125,-274.96697998046875
4.3327484130859375,53.92024230957031,-274.00299072265625
4.638092041015625,52.07408142089844,-274.1964416503906
5.4588470458984375,49.95841979980469,-273.4251708984375
5.428009033203125,47.76971435546875,-272.20172119140625
5.879119873046875,45.41534423828125,-271.86865234375
5.9470367431640625,42.03558349609375,-272.021240234375
5.897491455078125,39.09197998046875,-271.6041259765625
5.619110107421875,35.80744934082031,-271.4731750488281
4.6151123046875,32.077056884765625,-272.2739562988281
3.7071380615234375,28.68023681640625,-272.0052490234375
2.6409454345703125,24.749847412109375,-272.369140625
1.296417236328125,21.03997802734375,-272.6461486816406
-0.75738525390625,17.767440795898438,-272.702392578125
-2.7716064453125,14.155136108398438,-273.9619140625
-4.885467529296875,11.331649780273438,-273.86749267578125
-7.6914520263671875,8.393341064453125,-274.58856201171875
-10.480987548828125,6.0385589599609375,-275.228759765625
-13.092559814453125,3.744842529296875,-275.877685546875
-16.08282470703125,1.6417236328125,-275.7571716308594
-18.436325073242188,0.21868896484375,-276.95208740234375
-21.321075439453125,-0.8097381591796875,-277.2294921875
-23.113571166992188,-1.48858642578125,-278.015869140625
-25.374237060546875,-2.1168365478515625,-278.79107666015625
-27.244659423828125,-2.3596038818359375,-278.13482666015625
-28.615264892578125,-1.9664306640625,-277.9158935546875
-29.887664794921875,-2.3976898193359375,-277.4251403808594
-31.671051025390625,-2.0190582275390625,-276.31658935546875
-33.20399475097656,-2.1197509765625,-275.6479187011719
-34.538330078125,-2.0754547119140625,-274.75103759765625
-36.109344482421875,-1.9091339111328125,-274.04498291015625
-37.74662780761719,-1.36700439453125,-273.2467041015625
-39.35615539550781,-1.29742431640625,-272.781982421875
-40.802734375,-1.536041259765625,-272.28155517578125
-41.95863342285156,-1.6535491943359375,-272.2528076171875
-43.30023193359375,-1.3408050537109375,-271.8526611328125
-44.22157287597656,-1.230010986328125,-272.5747985839844
-45.22212219238281,-1.2283782958984375,-271.9285583496094
-45.47845458984375,-0.6223602294921875,-271.879150390625
-46.65034484863281,-0.7456207275390625,-271.71429443359375
-47.64314270019531,-0.409149169921875,-271.9398193359375
-48.180999755859375,-0.2136688232421875,-272.00390625
-48.78227233886719,0.0361175537109375,-271.62078857421875
-49.67164611816406,-0.018096923828125,-271.4896240234375
-50.42240905761719,-0.037445068359375,-271.4154052734375
-50.58799743652344,0.026458740234375,-271.6175537109375
-51.247161865234375,0.211700439453125,-271.4365539550781
-51.86561584472656,0.134857177734375,-271.9617614746094
-52.583251953125,0.506011962890625,-272.0152282714844
-52.27308654785156,0.3405914306640625,-272.25506591796875
-53.45573425292969,0.381500244140625,-272.4726257324219
-53.388824462890625,0.4239044189453125,-273.10296630859375
-53.58064270019531,0.390350341796875,-273.14324951171875
-53.77565002441406,0.48284912109375,-273.1191101074219
-54.38970947265625,0.3861236572265625,-273.3258361816406
-54.85240173339844,0.268096923828125,-273.6350402832031
-54.98286437988281,-0.119384765625,-273.63299560546875
-54.78904724121094,0.4156646728515625,-274.18182373046875
-55.38121032714844,0.2536163330078125,-274.42572021484375
-55.225921630859375,0.2100677490234375,-274.5614318847656
-55.28570556640625,0.146881103515625,-275.0651550292969
-55.22724914550781,0.0212860107421875,-275.6722106933594
-55.08757019042969,0.1121826171875,-276.25537109375
-54.94549560546875,-0.038482666015625,-277.11846923828125
-54.671356201171875,0.2200927734375,-277.5163879394531
-54.456451416015625,0.066314697265625,-277.84423828125
-54.48588562011719,0.179168701171875,-278.2537536621094
-54.51194763183594,0.3766632080078125,-278.1729736328125
-54.40315246582031,0.4700927734375,-278.76385498046875
-54.128570556640625,0.5505828857421875,-278.5958251953125
-54.30921936035156,0.99725341796875,-279.0815734863281
-53.780670166015625,0.8158721923828125,-278.67156982421875
-53.24949645996094,1.0649871826171875,-279.0910339355469
-53.40898132324219,1.265594482421875,-278.8885498046875
-53.078582763671875,1.1979522705078125,-279.8397521972656
-53.368743896484375,1.1587677001953125,-280.58868408203125
-52.921356201171875,1.2050628662109375,-280.8382263183594
-53.53242492675781,1.459228515625,-281.27105712890625
-53.89772033691406,1.5517578125,-281.94757080078125
-54.56640625,1.1690673828125,-282.73394775390625
-54.820556640625,1.519195556640625,-283.0308532714844
-55.08485412597656,1.3361968994140625,-282.8833923339844
-55.20790100097656,1.4392547607421875,-283.0095520019531
-55.761993408203125,1.62615966796875,-282.501953125
-55.8349609375,1.7681121826171875,-281.99481201171875
-56.13470458984375,1.7506256103515625,-281.74261474609375
-56.048980712890625,1.78924560546875,-281.66668701171875
-56.46498107910156,2.07421875,-281.16510009765625
-56.33418273925781,2.4452667236328125,-281.1824951171875
-56.95838928222656,2.4859771728515625,-280.79302978515625
-57.348724365234375,2.461456298828125,-281.18536376953125
-57.22198486328125,2.08294677734375,-280.9912109375
-57.725799560546875,2.356719970703125,-281.5906677246094
-57.969512939453125,2.296234130859375,-281.156494140625
-57.95960998535156,2.4438018798828125,-281.772705078125
-58.14988708496094,2.414581298828125,-281.5914306640625
-58.811065673828125,2.488861083984375,-281.3065185546875
-58.532379150390625,2.5467987060546875,-282.44122314453125
-58.52525329589844,2.697601318359375,-282.53594970703125
-58.54350280761719,2.933258056640625,-282.72637939453125
-58.50410461425781,2.9145965576171875,-282.64593505859375
-58.717559814453125,3.3770294189453125,-283.11981201171875
-58.92596435546875,3.13983154296875,-283.6402282714844
-58.6600341796875,3.138519287109375,-283.80499267578125
-58.77601623535156,3.4851837158203125,-283.7893981933594
-59.03730773925781,3.4807891845703125,-283.9439697265625
-58.84077453613281,3.580718994140625,-283.601318359375
-58.80253601074219,3.86199951171875,-284.4027404785156
-58.7625732421875,3.7626495361328125,-284.177978515625
-58.84454345703125,3.8838348388671875,-284.56591796875
-59.08387756347656,4.1288604736328125,-284.8273620605469
-58.86846923828125,4.278076171875,-284.75482177734375
-59.04103088378906,4.21087646484375,-284.9542236328125
-58.759185791015625,4.679779052734375,-284.9500427246094
-59.56401062011719,4.7273101806640625,-285.5402526855469
-59.30436706542969,4.781097412109375,-286.3671875
-59.29695129394531,4.751556396484375,-285.987548828125
-59.43084716796875,4.8003082275390625,-286.52166748046875
-59.57392883300781,4.9905548095703125,-286.45526123046875
-59.78569030761719,4.8944854736328125,-286.6821594238281
-59.97161865234375,5.3162994384765625,-286.84747314453125
-60.365142822265625,5.5101470947265625,-286.97698974609375
-60.302520751953125,5.6740875244140625,-287.05487060546875
-60.48558044433594,5.7374267578125,-287.111083984375
-60.73054504394531,5.977447509765625,-287.86407470703125
-61.070068359375,6.153533935546875,-288.04443359375
-61.58750915527344,5.9854278564453125,-288.2235107421875
-61.74761962890625,5.8099517822265625,-288.4537353515625
-61.863037109375,6.10345458984375,-288.62322998046875
-61.36604309082031,6.3931732177734375,-289.0281982421875
-62.23014831542969,6.34295654296875,-289.52545166015625
-61.954681396484375,6.4519195556640625,-289.56622314453125
-62.17143249511719,6.8004608154296875,-289.4496154785156
-62.050628662109375,6.7216033935546875,-289.5469970703125
-62.43824768066406,6.9698028564453125,-290.3975524902344
-62.22871398925781,6.85107421875,-289.865478515625
-62.27714538574219,6.9097747802734375,-290.4619140625
-62.66877746582031,6.96435546875,-289.6033630371094
-62.184844970703125,7.271087646484375,-290.09259033203125
-62.56288146972656,7.1349639892578125,-289.60064697265625
-62.08787536621094,7.133331298828125,-290.12835693359375
-62.237579345703125,7.4010009765625,-290.13836669921875
-62.588623046875,7.342864990234375,-290.59527587890625
-62.19328308105469,7.2907867431640625,-290.2671203613281
-62.46546936035156,7.52691650390625,-290.5398864746094
-62.881744384765625,7.6155242919921875,-290.398681640625
-62.77366638183594,7.5996856689453125,-290.2771911621094
-62.74053955078125,7.6572723388671875,-290.53436279296875
-62.63203430175781,7.53082275390625,-291.1014709472656
-62.47802734375,7.279266357421875,-290.705078125
-62.27711486816406,7.5353546142578125,-290.8212585449219
-62.079437255859375,7.7947998046875,-290.78936767578125
-62.01417541503906,7.7078704833984375,-290.2587890625
-62.1925048828125,7.7712554931640625,-290.5523681640625
-61.907562255859375,7.5337982177734375,-290.53533935546875
-61.500579833984375,7.9569854736328125,-290.3963623046875
-61.34953308105469,7.7644500732421875,-290.1400146484375
-61.1148681640625,7.9077911376953125,-290.2542724609375
-61.03459167480469,7.8064727783203125,-290.64190673828125
-61.11149597167969,7.961578369140625,-290.30841064453125
-60.97625732421875,7.834197998046875,-289.9709777832031
-60.88719177246094,7.672882080078125,-290.051025390625
-61.0006103515625,8.026199340820312,-289.49468994140625
-60.967437744140625,8.034225463867188,-289.69830322265625
-61.04205322265625,8.09088134765625,-289.29833984375
-61.02937316894531,8.02557373046875,-289.5076904296875
-61.11705017089844,8.136581420898438,-289.45281982421875
-61.48193359375,8.420013427734375,-288.73883056640625
-61.2796630859375,8.465896606445312,-289.1036376953125
-61.52693176269531,8.36285400390625,-289.14239501953125
-62.73558044433594,7.2535858154296875,-288.7351989746094
-57.87513732910156,5.9508056640625,-284.6068115234375
-41.12689208984375,10.972946166992188,-276.5858154296875
-28.3232421875,8.532989501953125,-266.0084228515625
-25.2305908203125,-3.2927703857421875,-254.44757080078125
-27.135269165039062,-21.312103271484375,-246.4453887939453
-30.219375610351562,-40.76679992675781,-243.9678955078125
-32.076202392578125,-56.25807189941406,-249.15863037109375
-32.790008544921875,-65.66499328613281,-257.36431884765625
-33.325958251953125,-69.06108093261719,-264.4923400878906
-33.23066711425781,-69.79385375976562,-269.26068115234375
-33.76069641113281,-68.74151611328125,-272.4037170410156
-34.77284240722656,-67.57505798339844,-275.16583251953125
-35.21424865722656,-66.65843200683594,-276.3914794921875
-37.09063720703125,-65.59904479980469,-277.4085388183594
-38.62701416015625,-65.03033447265625,-278.61187744140625
-39.59730529785156,-64.34162902832031,-279.0919494628906
-41.60838317871094,-63.49928283691406,-279.8746337890625
-43.26423645019531,-62.77000427246094,-279.59625244140625
-44.96893310546875,-61.854766845703125,-279.3984375
-47.00730895996094,-60.834991455078125,-279.5809631347656
-49.39329528808594,-59.69024658203125,-279.48895263671875
-51.501678466796875,-58.707794189453125,-279.5439758300781
-53.84971618652344,-57.688201904296875,-280.1942138671875
-55.596343994140625,-56.33868408203125,-280.45623779296875
-57.62391662597656,-55.2646484375,-280.32244873046875
-59.22196960449219,-54.43052673339844,-280.4244384765625
-60.44798278808594,-53.511016845703125,-281.3937072753906
-61.80751037597656,-52.49589538574219,-281.88494873046875
-62.70591735839844,-51.703582763671875,-282.2793884277344
-63.42518615722656,-51.251495361328125,-282.48602294921875
-64.26608276367188,-50.60467529296875,-282.3348388671875
-64.99725341796875,-50.19465637207031,-282.55181884765625
-65.44366455078125,-49.568878173828125,-282.1021728515625
-65.84837341308594,-49.446014404296875,-282.38714599609375
-66.2054443359375,-48.873931884765625,-282.7694091796875
-66.69807434082031,-48.356475830078125,-282.09600830078125
-66.89790344238281,-48.18768310546875,-282.246337890625
-66.99223327636719,-47.84657287597656,-282.1844482421875
-67.39869689941406,-47.689910888671875,-282.103271484375
-67.66824340820312,-47.21794128417969,-282.01763916015625
-67.72853088378906,-47.173828125,-281.86285400390625
-67.83061218261719,-47.086700439453125,-281.4737548828125
-67.853271484375,-46.94456481933594,-281.3509521484375
-67.62368774414062,-46.923248291015625,-281.3375244140625
-67.95452880859375,-46.65934753417969,-281.52325439453125
-67.89625549316406,-46.434906005859375,-281.63177490234375
-68.29924011230469,-46.21250915527344,-281.50543212890625
-68.63313293457031,-46.1951904296875,-281.35858154296875
-68.40792846679688,-46.213958740234375,-280.8778991699219
-68.43099975585938,-46.04396057128906,-280.81378173828125
-68.57850646972656,-45.59123229980469,-280.982421875
-68.5250244140625,-45.89591979980469,-280.7570495605469
-68.08595275878906,-46.25944519042969,-280.98272705078125
-68.37416076660156,-46.226287841796875,-281.4932861328125
-68.16476440429688,-46.46397399902344,-281.3849792480469
-68.12860107421875,-46.68266296386719,-281.88970947265625
-68.08102416992188,-46.889892578125,-281.55413818359375
-67.80264282226562,-46.978729248046875,-281.82269287109375
-67.2376708984375,-47.267242431640625,-282.4600830078125
-67.51199340820312,-47.3348388671875,-282.0022888183594
-67.30545043945312,-47.238555908203125,-282.3138732910156
-67.38531494140625,-47.47265625,-282.3739013671875
-67.55255126953125,-46.970306396484375,-281.86651611328125
-67.5911865234375,-47.44273376464844,-282.01904296875
-67.516845703125,-47.06837463378906,-282.18865966796875
-67.66496276855469,-47.39448547363281,-282.197998046875
-67.63912963867188,-47.598968505859375,-282.17431640625
-67.95793151855469,-47.23236083984375,-282.6334228515625
-67.70484924316406,-47.51542663574219,-282.1572570800781
-67.6934814453125,-47.3594970703125,-282.17486572265625
-67.34194946289062,-47.5670166015625,-282.75445556640625
-67.70146179199219,-47.88035583496094,-282.53924560546875
-67.32884216308594,-48.0252685546875,-283.2421569824219
-67.24148559570312,-48.10850524902344,-282.8653869628906
-67.13713073730469,-48.514739990234375,-283.13616943359375
-67.07524108886719,-48.16278076171875,-283.32244873046875
-66.84567260742188,-48.26741027832031,-283.241943359375
-66.32345581054688,-48.69355773925781,-283.46771240234375
-66.67465209960938,-48.83087158203125,-283.49786376953125
-66.33290100097656,-48.832122802734375,-283.41632080078125
-66.42599487304688,-48.71510314941406,-283.573974609375
-65.7730712890625,-48.91595458984375,-284.190673828125
-65.88534545898438,-48.80625915527344,-284.082763671875
-66.2437744140625,-48.78770446777344,-284.26239013671875
-66.26588439941406,-49.04609680175781,-284.2893371582031
-66.18121337890625,-48.67793273925781,-284.19891357421875
-66.02655029296875,-48.87358093261719,-284.5128173828125
-65.75164794921875,-49.072021484375,-285.0010986328125
-65.87037658691406,-49.37150573730469,-284.2362365722656
-65.74742126464844,-49.259857177734375,-284.75390625
-65.70538330078125,-49.3179931640625,-284.91094970703125
-65.69871520996094,-49.60835266113281,-285.020263671875
-65.58291625976562,-49.55534362792969,-284.6360778808594
-65.48509216308594,-49.799774169921875,-284.56207275390625
-65.46041870117188,-50.16734313964844,-285.01580810546875
-65.60594177246094,-50.456146240234375,-284.93121337890625
-64.97210693359375,-50.166107177734375,-285.2528076171875
-64.87178039550781,-50.119293212890625,-285.07537841796875
-64.71821594238281,-50.891265869140625,-285.28594970703125
-64.33169555664062,-51.41987609863281,-285.1912536621094
-64.33050537109375,-51.484283447265625,-285.39837646484375
-64.01849365234375,-51.682281494140625,-285.5831298828125
-64.0028076171875,-51.24760437011719,-285.3473815917969
-63.76264953613281,-51.59016418457031,-285.31939697265625
-63.72065734863281,-51.83106994628906,-285.9666748046875
-63.65362548828125,-51.83732604980469,-286.3399658203125
-63.39666748046875,-52.17787170410156,-286.069091796875
-63.30596923828125,-52.31007385253906,-286.112060546875
-63.44731140136719,-52.01502990722656,-286.3466796875
-63.04750061035156,-52.3802490234375,-286.25787353515625
-62.913177490234375,-52.564788818359375,-286.4938659667969
-62.75755310058594,-52.7266845703125,-286.1202392578125
-62.60711669921875,-52.78973388671875,-286.29327392578125
-62.51995849609375,-53.13648986816406,-286.2855224609375
-62.071685791015625,-52.92826843261719,-287.41363525390625
-62.18763732910156,-53.22651672363281,-286.8067626953125
-62.064117431640625,-53.12556457519531,-286.78961181640625
-62.103057861328125,-53.41796875,-286.751708984375
-61.77464294433594,-53.796539306640625,-286.656982421875
-61.703948974609375,-53.84748840332031,-286.8017578125
-61.59181213378906,-53.56343078613281,-287.09014892578125
-61.42607116699219,-53.90740966796875,-286.9566345214844
-61.54829406738281,-54.19903564453125,-287.1908874511719
-61.4886474609375,-54.26628112792969,-286.97259521484375
-61.47491455078125,-54.27314758300781,-287.43170166015625
-61.67906188964844,-54.264007568359375,-287.012451171875
-61.64167785644531,-54.332305908203125,-287.11444091796875
-61.76930236816406,-54.57765197753906,-287.35687255859375
-61.506622314453125,-54.54713439941406,-287.09490966796875
-61.59089660644531,-54.7059326171875,-287.22540283203125
-61.350067138671875,-54.47383117675781,-287.5660705566406
-60.94972229003906,-54.79606628417969,-287.6380920410156
-61.373565673828125,-55.263275146484375,-287.4106140136719
-61.05323791503906,-55.132598876953125,-287.741455078125
-61.004241943359375,-55.25575256347656,-287.64752197265625
-60.87164306640625,-55.247955322265625,-287.89385986328125
-61.185211181640625,-55.4091796875,-287.5960693359375
-60.6021728515625,-55.93251037597656,-287.79742431640625
-60.33831787109375,-55.961700439453125,-288.6144104003906
-60.60621643066406,-56.14735412597656,-288.5592956542969
-60.4200439453125,-56.09808349609375,-288.7647705078125
-59.91392517089844,-56.46319580078125,-289.16131591796875
-60.12303161621094,-56.837432861328125,-288.9436950683594
-60.035888671875,-56.39556884765625,-289.3026123046875
-60.03370666503906,-56.835052490234375,-289.57537841796875
-59.85023498535156,-56.756591796875,-289.84686279296875
-60.218109130859375,-56.715057373046875,-289.85504150390625
-60.35551452636719,-56.45849609375,-290.3537902832031
-60.099395751953125,-56.752655029296875,-290.38385009765625
-60.49681091308594,-56.29582214355469,-290.89385986328125
-60.266937255859375,-56.37574768066406,-290.4947204589844
-60.04020690917969,-56.48872375488281,-291.37091064453125
-60.37965393066406,-56.526885986328125,-291.5051574707031
-59.89616394042969,-56.75288391113281,-292.25250244140625
-59.50421142578125,-56.308258056640625,-291.92340087890625
-60.06915283203125,-56.42958068847656,-291.7525634765625
-60.25859069824219,-56.008880615234375,-292.1103820800781
-60.16017150878906,-56.08154296875,-292.39874267578125
-60.45021057128906,-55.92547607421875,-292.62823486328125
-60.13336181640625,-56.009735107421875,-293.0843200683594
-60.53782653808594,-55.93727111816406,-292.88525390625
-60.49559020996094,-56.12931823730469,-293.561279296875
-60.35920715332031,-55.9827880859375,-293.54425048828125
-60.315643310546875,-55.95574951171875,-293.41168212890625
-60.17823791503906,-55.69822692871094,-293.990478515625
-59.96864318847656,-55.88661193847656,-294.4352111816406
-60.258056640625,-56.00236511230469,-294.5594482421875
-59.55503845214844,-56.12532043457031,-294.42926025390625
-60.305023193359375,-55.97715759277344,-294.7196044921875
-59.93440246582031,-55.962860107421875,-294.83782958984375
-59.81877136230469,-55.984588623046875,-295.56048583984375
-59.67469787597656,-56.14820861816406,-295.45867919921875
-59.9649658203125,-56.60932922363281,-295.6568603515625
-59.93290710449219,-56.169677734375,-295.5836181640625
-59.61279296875,-56.322906494140625,-295.92333984375
-59.07978820800781,-56.479766845703125,-296.189697265625
-59.11021423339844,-56.635162353515625,-296.58209228515625
-58.909576416015625,-56.53218078613281,-296.43505859375
-58.67335510253906,-56.68122863769531,-296.84320068359375
-58.38897705078125,-56.96368408203125,-297.5477294921875
-58.5166015625,-56.76954650878906,-297.49432373046875
-57.71015930175781,-57.26206970214844,-298.3624267578125
-57.704376220703125,-57.44281005859375,-298.1482238769531
-57.20933532714844,-57.761322021484375,-298.0760498046875
-56.501861572265625,-58.06098937988281,-299.0871887207031
-55.64189147949219,-58.36122131347656,-299.3585205078125
-54.87916564941406,-58.53460693359375,-300.09527587890625
-53.898529052734375,-58.95094299316406,-300.73687744140625
-53.11927795410156,-59.21022033691406,-300.60662841796875
-51.80754089355469,-59.49607849121094,-301.53045654296875
-50.48515319824219,-59.91851806640625,-302.4384765625
-48.82612609863281,-60.38426208496094,-303.216552734375
-47.143341064453125,-60.62327575683594,-303.923828125
-44.804046630859375,-60.838043212890625,-304.81109619140625
-42.286773681640625,-61.32557678222656,-305.71343994140625
-39.32109069824219,-61.3846435546875,-305.76025390625
-36.47108459472656,-61.63287353515625,-305.96099853515625
-32.90324401855469,-61.771697998046875,-306.56964111328125
-29.348480224609375,-61.89427185058594,-306.78839111328125
-24.96807861328125,-61.46214294433594,-306.08843994140625
-20.28924560546875,-60.90586853027344,-305.1005554199219
-15.65179443359375,-60.40345764160156,-304.7305603027344
-11.078369140625,-58.91712951660156,-303.67803955078125
-6.430023193359375,-56.861297607421875,-302.125244140625
-1.68145751953125,-54.87457275390625,-299.779052734375
2.93621826171875,-52.375640869140625,-297.30938720703125
6.6923370361328125,-49.3963623046875,-294.97894287109375
10.526275634765625,-46.319549560546875,-292.07891845703125
13.520782470703125,-42.499298095703125,-288.51678466796875
16.330764770507812,-38.5516357421875,-285.72137451171875
18.148818969726562,-34.3660888671875,-282.6476745605469
19.658187866210938,-29.967361450195312,-280.7746887207031
20.179595947265625,-25.432418823242188,-278.0301513671875
20.691513061523438,-21.0987548828125,-277.05767822265625
19.894515991210938,-16.712600708007812,-275.798828125
18.94781494140625,-12.804580688476562,-274.8671875
18.221542358398438,-8.520050048828125,-274.85528564453125
16.89141845703125,-5.3067626953125,-275.0184326171875
15.868331909179688,-2.0949554443359375,-274.65692138671875
14.257980346679688,0.4980621337890625,-275.211669921875
12.817092895507812,2.57830810546875,-274.58251953125
11.544952392578125,4.4502410888671875,-275.40533447265625
10.280807495117188,5.81219482421875,-274.99420166015625
8.949417114257812,6.8844146728515625,-274.9383544921875
8.178695678710938,8.354766845703125,-274.9688720703125
7.0887908935546875,9.109085083007812,-275.32421875
6.2890167236328125,9.767730712890625,-275.09552001953125
5.2366485595703125,10.683502197265625,-275.2164306640625
4.64935302734375,11.018035888671875,-275.13671875
3.620697021484375,11.096893310546875,-274.64141845703125
3.333953857421875,11.730331420898438,-274.5574645996094
2.733062744140625,11.982681274414062,-274.7178955078125
2.233489990234375,12.16253662109375,-273.600341796875
2.1503143310546875,12.205856323242188,-273.6953430175781
1.4746246337890625,12.639251708984375,-273.47119140625
1.2711181640625,12.878326416015625,-273.4346618652344
1.070098876953125,13.095611572265625,-273.8821716308594
0.257781982421875,13.1934814453125,-273.89837646484375
-0.1132659912109375,13.128982543945312,-274.1334228515625
-0.690185546875,13.147933959960938,-274.23101806640625
-0.9132080078125,13.27862548828125,-273.783203125
-1.2413482666015625,13.790695190429688,-274.81207275390625
-1.6278228759765625,13.79754638671875,-275.17877197265625
-2.3264923095703125,13.960418701171875,-275.69769287109375
-2.5735931396484375,14.529922485351562,-275.796630859375
-3.0126190185546875,14.592041015625,-275.8336181640625
-3.0220947265625,14.742477416992188,-276.1392822265625
-3.3155670166015625,14.842437744140625,-277.49432373046875
-3.680206298828125,15.1434326171875,-277.48712158203125
-3.9923858642578125,15.322906494140625,-277.3502502441406
-4.3072509765625,15.772354125976562,-277.52825927734375
-4.5547943115234375,15.749099731445312,-277.7259521484375
-4.580841064453125,16.278274536132812,-278.0334777832031
-4.4355621337890625,16.8126220703125,-278.251708984375
-4.6547088623046875,17.03448486328125,-278.225830078125
-4.8209991455078125,17.264755249023438,-277.8306579589844
-4.428955078125,18.19610595703125,-277.85302734375
-4.474212646484375,18.156387329101562,-277.38238525390625
-4.0870361328125,18.49053955078125,-276.721435546875
-3.983673095703125,18.87017822265625,-276.3429870605469
-3.6837005615234375,19.016586303710938,-276.0231628417969
-3.185791015625,19.712783813476562,-275.31982421875
-2.299072265625,20.058685302734375,-275.07562255859375
-1.6218719482421875,20.102676391601562,-274.16595458984375
-0.5205078125,19.89984130859375,-273.81304931640625
0.1499786376953125,20.256103515625,-272.32867431640625
0.755126953125,19.98968505859375,-272.4635925292969
1.886993408203125,20.63372802734375,-271.440185546875
3.0436859130859375,20.334457397460938,-270.58740234375
4.34906005859375,20.448211669921875,-269.48492431640625
5.47821044921875,19.591094970703125,-268.01507568359375
7.1160888671875,19.412750244140625,-267.5494384765625
8.15997314453125,18.804519653320312,-265.43280029296875
9.578598022460938,17.742416381835938,-264.5528259277344
11.288482666015625,16.8631591796875,-263.2153015136719
12.74005126953125,16.059677124023438,-261.63531494140625
14.349456787109375,14.690704345703125,-259.47003173828125
16.01812744140625,12.98419189453125,-257.70074462890625
17.536788940429688,11.119064331054688,-257.0635986328125
19.380950927734375,9.362289428710938,-255.68765258789062
20.547927856445312,7.0831146240234375,-254.87063598632812
22.557952880859375,4.64251708984375,-254.01080322265625
23.856033325195312,2.1502685546875,-253.37294006347656
25.312606811523438,-0.5457916259765625,-253.6426239013672
27.108154296875,-3.460968017578125,-253.0998992919922
27.62884521484375,-6.5186614990234375,-252.53616333007812
28.783538818359375,-10.057846069335938,-252.0486297607422
29.688201904296875,-12.9814453125,-251.93246459960938
30.02484130859375,-16.2861328125,-251.9268341064453
30.381912231445312,-19.288406372070312,-252.274658203125
30.79168701171875,-22.350082397460938,-252.2815399169922
30.9981689453125,-25.366058349609375,-252.35963439941406
31.032577514648438,-28.306365966796875,-252.71046447753906
31.049270629882812,-31.172988891601562,-252.96722412109375
30.768890380859375,-33.67668151855469,-253.9512481689453
30.255752563476562,-35.96144104003906,-254.25814819335938
30.291152954101562,-38.872955322265625,-254.9759063720703
29.398330688476562,-41.14897155761719,-256.2259521484375
29.019134521484375,-43.127716064453125,-256.871337890625
28.763778686523438,-45.38648986816406,-258.4450378417969
28.10400390625,-46.77496337890625,-258.67962646484375
27.757659912109375,-48.4659423828125,-260.11181640625
27.502288818359375,-49.87211608886719,-261.48663330078125
27.336013793945312,-50.77455139160156,-262.64471435546875
26.85699462890625,-51.81550598144531,-263.4246826171875
26.945816040039062,-52.95426940917969,-265.0331115722656
26.478729248046875,-53.36585998535156,-267.1288757324219
26.47906494140625,-53.392242431640625,-268.054931640625
26.558456420898438,-53.76966857910156,-269.65582275390625
27.273605346679688,-53.63465881347656,-271.04931640625
27.101669311523438,-53.320404052734375,-272.6422119140625
27.413192749023438,-52.86131286621094,-274.03375244140625
27.859283447265625,-52.05067443847656,-275.68939208984375
28.411148071289062,-51.14372253417969,-276.9615783691406
28.526840209960938,-50.39491271972656,-277.73699951171875
29.131988525390625,-49.4276123046875,-279.25701904296875
29.713516235351562,-48.45011901855469,-279.75537109375
29.8233642578125,-47.32041931152344,-280.8731689453125
30.228652954101562,-46.17552185058594,-280.98175048828125
30.849258422851562,-45.298797607421875,-281.5198974609375
31.251068115234375,-44.0250244140625,-281.39935302734375
31.688507080078125,-42.81855773925781,-281.8509826660156
31.6707763671875,-42.10237121582031,-281.3255615234375
32.595428466796875,-41.50267028808594,-280.3847961425781
32.99432373046875,-40.88371276855469,-279.7997131347656
33.0291748046875,-40.81336975097656,-279.024169921875
33.35383605957031,-40.65631103515625,-278.47119140625
33.87532043457031,-40.30389404296875,-277.2205810546875
33.53312683105469,-40.561981201171875,-275.70904541015625
33.61778259277344,-40.855682373046875,-274.51348876953125
33.77540588378906,-41.251434326171875,-272.7396240234375
33.36860656738281,-41.44439697265625,-270.570068359375
33.64300537109375,-41.95439147949219,-268.44549560546875
33.339080810546875,-42.413787841796875,-266.7430114746094
33.04730224609375,-42.735687255859375,-265.0110168457031
32.823577880859375,-42.902130126953125,-263.0244140625
32.85693359375,-42.82603454589844,-261.3370666503906
32.730621337890625,-43.01109313964844,-260.3503723144531
32.850830078125,-42.74867248535156,-258.95782470703125
32.35905456542969,-41.96107482910156,-257.66827392578125
32.733306884765625,-41.355560302734375,-257.0242919921875
32.40260314941406,-40.490936279296875,-256.2989807128906
32.98960876464844,-39.75144958496094,-255.34014892578125
33.10716247558594,-38.605926513671875,-255.17654418945312
32.46009826660156,-37.696319580078125,-254.049560546875
33.29771423339844,-36.953582763671875,-253.20465087890625
33.44648742675781,-35.87939453125,-253.600341796875
33.47651672363281,-34.740386962890625,-252.66891479492188
33.46977233886719,-34.18019104003906,-251.7187042236328
33.232513427734375,-33.24761962890625,-251.28627014160156
33.330413818359375,-32.720672607421875,-250.5432891845703
33.603118896484375,-32.09600830078125,-250.5691680908203
33.46160888671875,-31.243148803710938,-250.58433532714844
33.508697509765625,-30.550277709960938,-249.98974609375
33.763031005859375,-29.796279907226562,-249.50050354003906
33.98597717285156,-28.941009521484375,-249.23133850097656
33.76353454589844,-28.037109375,-249.08494567871094
33.96757507324219,-26.84979248046875,-249.06930541992188
34.42845153808594,-25.504104614257812,-249.04046630859375
34.501068115234375,-24.286895751953125,-248.7222442626953
34.59580993652344,-22.595443725585938,-248.52528381347656
34.760101318359375,-20.85028076171875,-248.64547729492188
34.680816650390625,-19.282699584960938,-248.52871704101562
34.58961486816406,-17.501052856445312,-247.4642333984375
34.54591369628906,-15.2261962890625,-247.74581909179688
33.909881591796875,-13.238510131835938,-247.24900817871094
34.028778076171875,-10.705062866210938,-247.060302734375
33.78575134277344,-8.329681396484375,-247.1656036376953
33.11558532714844,-6.30242919921875,-246.37539672851562
32.54954528808594,-4.0032958984375,-246.80953979492188
32.560943603515625,-1.722503662109375,-246.8310089111328
31.5545654296875,0.368988037109375,-246.65133666992188
31.191009521484375,2.7953338623046875,-246.86671447753906
30.183456420898438,4.9885711669921875,-247.491455078125
29.8824462890625,6.62646484375,-248.18922424316406
29.446914672851562,8.894027709960938,-248.74349975585938
28.72979736328125,10.764968872070312,-249.1107635498047
28.170944213867188,11.989166259765625,-249.70362854003906
27.693756103515625,13.671798706054688,-250.2849884033203
27.334503173828125,14.430923461914062,-250.6650848388672
26.25006103515625,15.1597900390625,-249.97415161132812
26.36810302734375,15.939865112304688,-250.1924591064453
26.058258056640625,16.308624267578125,-249.4281463623047
25.853271484375,16.409927368164062,-249.8748321533203
25.593109130859375,16.518295288085938,-249.60855102539062
25.72979736328125,16.567230224609375,-248.6325225830078
25.611602783203125,16.044296264648438,-248.55447387695312
25.575164794921875,15.888031005859375,-248.2908477783203
26.04644775390625,15.234710693359375,-247.66830444335938
25.602035522460938,14.402099609375,-247.98179626464844
26.4930419921875,13.168258666992188,-247.29400634765625
26.273406982421875,12.189437866210938,-246.51995849609375
26.531097412109375,10.986984252929688,-246.37982177734375
26.798492431640625,9.843765258789062,-245.8377227783203
26.721481323242188,8.699569702148438,-245.03997802734375
26.515945434570312,7.4083251953125,-244.48846435546875
26.611618041992188,5.9822998046875,-243.98780822753906
26.363922119140625,4.7393951416015625,-243.09857177734375
25.910507202148438,3.1899261474609375,-242.0255889892578
25.9490966796875,1.4010772705078125,-242.5962677001953
25.819046020507812,-0.663665771484375,-241.45639038085938
25.822265625,-2.7661590576171875,-241.28184509277344
26.053741455078125,-5.0189971923828125,-241.36573791503906
26.026168823242188,-7.599029541015625,-241.17691040039062
25.61883544921875,-10.046356201171875,-241.11245727539062
25.553695678710938,-12.240036010742188,-241.4923095703125
25.168304443359375,-14.719711303710938,-241.1817169189453
25.022201538085938,-17.610824584960938,-241.52452087402344
24.910980224609375,-20.049545288085938,-241.9976348876953
24.40875244140625,-22.462615966796875,-242.80479431152344
24.045639038085938,-25.375808715820312,-243.4300079345703
23.649642944335938,-27.865631103515625,-244.2015380859375
23.176040649414062,-30.191024780273438,-244.22743225097656
22.784774780273438,-32.308074951171875,-246.2380828857422
22.08148193359375,-34.527374267578125,-246.6625213623047
21.54656982421875,-36.196044921875,-247.79522705078125
20.809646606445312,-37.92698669433594,-248.86119079589844
20.170639038085938,-40.09895324707031,-250.05416870117188
19.298751831054688,-41.343505859375,-251.30191040039062
18.7266845703125,-42.47467041015625,-252.78591918945312
18.499664306640625,-43.68505859375,-253.90513610839844
18.088546752929688,-44.7056884765625,-255.50668334960938
17.86529541015625,-45.39195251464844,-256.8558654785156
17.550186157226562,-45.70655822753906,-258.39227294921875
17.227462768554688,-46.58442687988281,-260.08477783203125
16.891143798828125,-47.08302307128906,-261.5118408203125
16.82232666015625,-47.015594482421875,-262.8067626953125
16.51422119140625,-47.31315612792969,-264.1212158203125
16.444610595703125,-47.27183532714844,-264.26123046875
16.411331176757812,-47.38554382324219,-265.6643371582031
16.297500610351562,-46.44343566894531,-266.0504150390625
16.046646118164062,-46.75239562988281,-266.8937683105469
16.023788452148438,-46.268402099609375,-267.7076416015625
16.443756103515625,-45.252349853515625,-267.80328369140625
16.013336181640625,-44.80873107910156,-268.391357421875
16.506317138671875,-44.53218078613281,-268.561279296875
16.431625366210938,-44.176300048828125,-268.65625
16.063644409179688,-43.62901306152344,-268.3479919433594
16.302261352539062,-43.07806396484375,-268.4659423828125
16.111541748046875,-42.98139953613281,-267.9197692871094
16.359176635742188,-42.81288146972656,-267.4534912109375
16.284835815429688,-41.952301025390625,-267.4571533203125
16.423538208007812,-41.897430419921875,-266.8013610839844
16.413421630859375,-41.44966125488281,-266.353271484375
16.446395874023438,-40.94270324707031,-265.3727722167969
16.31622314453125,-40.76171875,-264.69097900390625
15.819488525390625,-40.860382080078125,-264.13818359375
15.652420043945312,-40.89906311035156,-263.4764404296875
15.582504272460938,-40.86946105957031,-263.00048828125
15.198837280273438,-40.61122131347656,-261.9866943359375
14.942581176757812,-40.964630126953125,-260.7570495605469
14.643081665039062,-41.12117004394531,-260.0192565917969
14.360931396484375,-41.315185546875,-259.05999755859375
14.121566772460938,-41.40275573730469,-257.71258544921875
13.440902709960938,-41.072174072265625,-256.89642333984375
13.312301635742188,-41.04815673828125,-255.4366455078125
13.426025390625,-40.517181396484375,-253.922607421875
12.697418212890625,-39.91357421875,-252.77076721191406
12.433792114257812,-39.0648193359375,-251.12750244140625
12.545516967773438,-38.015167236328125,-250.1458740234375
12.222747802734375,-36.440155029296875,-248.45733642578125
12.202667236328125,-35.22450256347656,-247.48704528808594
11.933395385742188,-34.280364990234375,-246.90542602539062
11.510589599609375,-33.06837463378906,-245.7557373046875
11.371841430664062,-32.167877197265625,-245.30807495117188
11.095062255859375,-31.439041137695312,-244.8829803466797
11.572418212890625,-30.710968017578125,-244.7153778076172
11.4818115234375,-30.429931640625,-244.59925842285156
11.730926513671875,-30.045852661132812,-244.53704833984375
11.952911376953125,-29.417770385742188,-245.37779235839844
12.336898803710938,-29.499755859375,-246.09542846679688
12.584213256835938,-29.060333251953125,-245.93153381347656
12.52459716796875,-28.656768798828125,-245.86349487304688
12.661819458007812,-27.7977294921875,-246.67469787597656
13.324630737304688,-27.308792114257812,-246.505615234375
13.244400024414062,-26.623046875,-246.30384826660156
13.272064208984375,-25.448394775390625,-246.4322967529297
12.836105346679688,-24.394424438476562,-246.0375518798828
12.953887939453125,-23.181228637695312,-245.5996551513672
13.03692626953125,-21.60638427734375,-245.4644012451172
12.699493408203125,-20.638946533203125,-245.2125244140625
12.6353759765625,-19.355743408203125,-244.96392822265625
12.147964477539062,-17.441314697265625,-244.43853759765625
11.690460205078125,-16.114883422851562,-243.7264862060547
11.648574829101562,-14.681869506835938,-243.64369201660156
10.673019409179688,-12.918258666992188,-243.33364868164062
10.420669555664062,-11.76983642578125,-242.73289489746094
9.789138793945312,-10.045654296875,-243.6654052734375
9.277023315429688,-8.206039428710938,-243.13682556152344
8.773849487304688,-6.730224609375,-243.2373046875
8.349838256835938,-5.6370086669921875,-243.16221618652344
7.7244110107421875,-3.9216156005859375,-243.67628479003906
7.7056732177734375,-2.62945556640625,-243.57717895507812
7.2534942626953125,-0.90728759765625,-243.46006774902344
6.799041748046875,0.3812255859375,-244.4166717529297
5.8846282958984375,1.28204345703125,-244.0669403076172
5.562774658203125,2.23126220703125,-244.95518493652344
5.2051544189453125,3.110687255859375,-244.76380920410156
4.910980224609375,4.0137176513671875,-245.0305938720703
4.327911376953125,5.0374755859375,-245.25596618652344
4.183837890625,5.4188690185546875,-246.1912841796875
3.9718170166015625,5.7456817626953125,-245.82138061523438
3.7584381103515625,6.44305419921875,-246.52816772460938
3.5501556396484375,6.8060302734375,-246.95619201660156
3.7751922607421875,6.9708099365234375,-246.62599182128906
3.785491943359375,7.3898162841796875,-247.0614013671875
3.7109375,7.84375,-247.4940948486328
3.45965576171875,7.9042205810546875,-248.0522918701172
3.5146942138671875,8.02899169921875,-247.6743927001953
3.711883544921875,7.8176422119140625,-248.36317443847656
3.7949066162109375,8.084823608398438,-249.16412353515625
4.193023681640625,7.571502685546875,-249.28927612304688
4.633819580078125,7.38421630859375,-249.43414306640625
4.9354705810546875,7.0915985107421875,-250.28955078125
5.358154296875,6.5803375244140625,-250.72976684570312
5.5647735595703125,5.8035430908203125,-250.30535888671875
6.6531524658203125,5.2457275390625,-250.90011596679688
6.8511199951171875,4.127716064453125,-250.4033660888672
7.503509521484375,3.46563720703125,-251.05209350585938
8.111724853515625,2.23333740234375,-251.091064453125
8.719329833984375,1.3012542724609375,-251.05409240722656
9.631912231445312,-0.264190673828125,-251.92364501953125
10.4957275390625,-1.9163665771484375,-251.771484375
11.159194946289062,-3.5504302978515625,-252.04827880859375
12.024002075195312,-5.0882415771484375,-251.81092834472656
13.072036743164062,-7.1455230712890625,-252.10394287109375
13.808258056640625,-9.172882080078125,-252.1302490234375
14.645217895507812,-10.947113037109375,-252.9173583984375
14.786422729492188,-13.2969970703125,-252.92965698242188
15.323196411132812,-15.733184814453125,-253.4691925048828
15.496200561523438,-17.99798583984375,-253.6895751953125
15.847091674804688,-20.118911743164062,-253.63951110839844
16.431060791015625,-22.687515258789062,-254.099365234375
16.546493530273438,-24.689956665039062,-254.2332305908203
16.766815185546875,-26.939315795898438,-254.85870361328125
17.277633666992188,-28.863967895507812,-255.34835815429688
16.780593872070312,-30.651718139648438,-256.1039123535156
16.994873046875,-32.72410583496094,-257.0948486328125
16.875762939453125,-34.409820556640625,-258.21600341796875
17.503997802734375,-36.32939147949219,-259.18585205078125
16.971267700195312,-37.82688903808594,-260.5240783691406
17.02215576171875,-39.210052490234375,-261.485595703125
17.480743408203125,-40.286773681640625,-262.5871276855469
17.3663330078125,-41.393524169921875,-263.9819641113281
17.204788208007812,-42.24400329589844,-265.5201416015625
16.97637939453125,-43.08317565917969,-266.457763671875
17.110992431640625,-43.601165771484375,-267.6488342285156
17.242965698242188,-43.94822692871094,-269.3790283203125
17.187393188476562,-43.975372314453125,-270.67962646484375
17.339141845703125,-43.98838806152344,-271.61663818359375
17.491317749023438,-44.15277099609375,-272.77630615234375
17.979888916015625,-43.94578552246094,-273.42266845703125
17.783721923828125,-43.66120910644531,-274.2861328125
17.99066162109375,-43.59202575683594,-275.2576904296875
18.611679077148438,-43.65541076660156,-275.283447265625
18.729385375976562,-43.125885009765625,-275.76885986328125
18.96923828125,-43.59814453125,-276.11962890625
19.2894287109375,-42.98699951171875,-275.927734375
19.774688720703125,-42.9678955078125,-275.36279296875
20.078933715820312,-42.25914001464844,-275.16094970703125
20.970932006835938,-42.33537292480469,-274.9612731933594
20.689498901367188,-41.95491027832031,-274.120361328125
21.329788208007812,-41.550994873046875,-273.2037353515625
21.62274169921875,-41.27043151855469,-272.8917541503906
21.840744018554688,-41.33857727050781,-272.1636962890625
22.279800415039062,-40.953033447265625,-271.15203857421875
22.340225219726562,-40.9195556640625,-270.7504577636719
22.732345581054688,-40.93608093261719,-269.6426696777344
22.81658935546875,-41.04325866699219,-268.7796936035156
22.587249755859375,-40.83125305175781,-267.8000183105469
22.527297973632812,-40.99665832519531,-267.26531982421875
22.765411376953125,-40.78228759765625,-266.686767578125
23.07293701171875,-40.75421142578125,-265.584716796875
23.5052490234375,-40.524261474609375,-264.5408935546875
23.593017578125,-39.788330078125,-263.32562255859375
24.057708740234375,-38.4781494140625,-262.7906188964844
24.123519897460938,-36.93827819824219,-262.2894287109375
24.475692749023438,-35.42021179199219,-261.10992431640625
24.713653564453125,-33.4400634765625,-260.1768798828125
24.355499267578125,-31.588821411132812,-259.66339111328125
24.781005859375,-29.769378662109375,-259.21563720703125
24.887527465820312,-27.74468994140625,-258.97308349609375
25.303924560546875,-26.079391479492188,-258.4844970703125
24.989791870117188,-24.571609497070312,-257.98828125
25.234466552734375,-22.936416625976562,-258.1029968261719
24.777984619140625,-22.181533813476562,-257.612548828125
24.965728759765625,-20.833404541015625,-257.55682373046875
24.779022216796875,-19.638763427734375,-257.6560974121094
24.765060424804688,-18.831741333007812,-258.31561279296875
25.346343994140625,-17.705886840820312,-259.1998291015625
24.944656372070312,-16.961395263671875,-259.2576904296875
25.078475952148438,-15.9375,-259.678466796875
25.339324951171875,-14.711502075195312,-259.7802734375
24.784042358398438,-13.7711181640625,-260.00750732421875
24.7464599609375,-12.067337036132812,-260.82415771484375
24.45086669921875,-10.6361083984375,-260.823974609375
23.764266967773438,-9.215194702148438,-260.52655029296875
23.897354125976562,-7.6829986572265625,-260.1763916015625
23.529739379882812,-6.0998077392578125,-260.58270263671875
22.998367309570312,-4.81866455078125,-260.36810302734375
22.371963500976562,-3.3157196044921875,-260.759521484375
21.785491943359375,-1.51568603515625,-260.3757019042969
21.47027587890625,-0.5516204833984375,-260.7396545410156
20.81927490234375,0.8491363525390625,-260.43719482421875
20.405181884765625,2.30340576171875,-260.9056396484375
19.835403442382812,2.8751678466796875,-261.4114990234375
19.202468872070312,4.2956085205078125,-261.2288818359375
19.034988403320312,5.3480072021484375,-261.6407775878906
18.774856567382812,6.1519927978515625,-261.92828369140625
18.578628540039062,7.16351318359375,-262.3426513671875
17.956573486328125,7.93145751953125,-262.96826171875
18.053268432617188,8.850631713867188,-263.1195068359375
17.636093139648438,9.590621948242188,-264.1845703125
17.199249267578125,9.992095947265625,-264.5738525390625
16.98504638671875,11.003280639648438,-265.4094543457031
17.202804565429688,11.531845092773438,-265.34503173828125
16.825103759765625,11.9532470703125,-266.1736755371094
17.291824340820312,11.9697265625,-266.60400390625
17.171142578125,12.237838745117188,-267.47344970703125
17.135833740234375,12.593124389648438,-268.22210693359375
17.282943725585938,12.701629638671875,-268.1760559082031
17.60675048828125,13.10479736328125,-268.49700927734375
18.18096923828125,13.134307861328125,-268.67584228515625
18.921157836914062,13.075363159179688,-269.0017395019531
19.1104736328125,13.0657958984375,-269.1914367675781
19.61077880859375,13.513351440429688,-269.74395751953125
20.329086303710938,13.080825805664062,-270.0637512207031
20.979232788085938,12.98883056640625,-270.2659912109375
21.39093017578125,12.697662353515625,-270.23529052734375
22.293426513671875,12.198776245117188,-270.26123046875
23.1287841796875,11.497100830078125,-270.63287353515625
24.211502075195312,10.5001220703125,-270.0706787109375
25.61468505859375,9.409515380859375,-270.4233093261719
26.57049560546875,8.19189453125,-269.9975280761719
28.164596557617188,7.0006103515625,-269.80810546875
29.365631103515625,5.264068603515625,-269.4543151855469
30.6162109375,2.913360595703125,-268.69342041015625
31.755905151367188,1.101654052734375,-268.1063232421875
33.064361572265625,-1.5612945556640625,-267.0323486328125
33.95756530761719,-4.5690155029296875,-266.84320068359375
34.75433349609375,-7.78106689453125,-266.52984619140625
35.65028381347656,-11.239852905273438,-266.11492919921875
36.68267822265625,-14.862060546875,-265.46636962890625
36.87451171875,-19.089630126953125,-264.7844543457031
36.75840759277344,-22.806289672851562,-264.8407287597656
36.73724365234375,-26.751007080078125,-264.4706115722656
36.32405090332031,-30.8133544921875,-264.35516357421875
35.55552673339844,-34.729278564453125,-264.59515380859375
34.612091064453125,-38.58274841308594,-264.468505859375
33.47117614746094,-42.45416259765625,-265.0499267578125
32.15757751464844,-45.31639099121094,-266.16424560546875
30.697525024414062,-48.49946594238281,-266.5019836425781
29.24932861328125,-51.34815979003906,-267.77545166015625
27.530715942382812,-53.929351806640625,-269.0924377441406
25.666915893554688,-56.147613525390625,-270.120849609375
24.361923217773438,-58.18486022949219,-272.1569519042969
22.73236083984375,-59.546630859375,-273.502685546875
21.182861328125,-61.344635009765625,-275.08514404296875
20.16534423828125,-62.06610107421875,-276.958984375
18.416305541992188,-62.97764587402344,-278.56982421875
17.159286499023438,-64.04446411132812,-280.4671630859375
15.709381103515625,-63.96833801269531,-281.8363037109375
14.336685180664062,-64.16145324707031,-283.7059020996094
13.296783447265625,-64.358642578125,-285.406494140625
12.324417114257812,-64.47712707519531,-287.36041259765625
11.4296875,-64.03955078125,-288.82562255859375
10.639556884765625,-63.96661376953125,-290.47314453125
10.18646240234375,-63.36444091796875,-292.38421630859375
9.463958740234375,-62.93310546875,-293.13238525390625
8.772552490234375,-62.37129211425781,-294.5306396484375
8.056991577148438,-62.09986877441406,-295.27215576171875
7.581207275390625,-62.0023193359375,-296.28741455078125
6.9234466552734375,-61.70185852050781,-297.0406799316406
6.723114013671875,-61.64787292480469,-297.76031494140625
6.2216339111328125,-61.28288269042969,-297.52581787109375
5.4517364501953125,-61.374664306640625,-297.73211669921875
5.346832275390625,-61.42401123046875,-297.52783203125
4.6465606689453125,-61.47625732421875,-297.3970947265625
4.742401123046875,-62.102325439453125,-297.1949768066406
4.119476318359375,-61.99858093261719,-296.620361328125
3.9144744873046875,-62.85389709472656,-295.66229248046875
3.9604339599609375,-63.074737548828125,-294.72515869140625
3.8445892333984375,-63.926605224609375,-293.56365966796875
3.20196533203125,-64.2137451171875,-291.83306884765625
2.9720916748046875,-64.70265197753906,-291.2794189453125
3.2179412841796875,-65.32109069824219,-290.062744140625
2.728302001953125,-65.77818298339844,-289.1156005859375
2.611480712890625,-66.22518920898438,-287.20703125
2.9790496826171875,-66.19136047363281,-286.08367919921875
2.7577056884765625,-66.40621948242188,-285.5790710449219
2.799468994140625,-66.66065979003906,-284.30462646484375
3.025115966796875,-66.3482666015625,-282.61627197265625
3.2169952392578125,-66.51905822753906,-281.59832763671875
3.913543701171875,-66.58734130859375,-280.85406494140625
4.108489990234375,-66.56851196289062,-278.85546875
5.0015411376953125,-65.8331298828125,-278.16717529296875
5.705535888671875,-65.41438293457031,-276.5849609375
6.508270263671875,-64.68669128417969,-275.1123962402344
7.94140625,-63.72392272949219,-273.8916015625
8.55633544921875,-62.931793212890625,-272.49273681640625
9.318267822265625,-62.21966552734375,-271.82135009765625
10.686141967773438,-61.10089111328125,-270.9048767089844
11.416763305664062,-60.377471923828125,-270.378662109375
12.383331298828125,-59.464813232421875,-269.6014099121094
12.962966918945312,-58.57623291015625,-269.55145263671875
13.696456909179688,-57.914459228515625,-270.02923583984375
14.493392944335938,-56.90940856933594,-270.63751220703125
15.164093017578125,-56.42070007324219,-271.2734069824219
15.372817993164062,-55.68849182128906,-272.106689453125
15.996536254882812,-55.19384765625,-273.03216552734375
16.83599853515625,-54.315093994140625,-273.834716796875
17.177169799804688,-53.93974304199219,-275.01788330078125
17.6002197265625,-52.918212890625,-275.594970703125
18.073348999023438,-52.11474609375,-275.7095031738281
18.985275268554688,-51.35426330566406,-275.3237609863281
19.65594482421875,-50.74046325683594,-274.78631591796875
20.230117797851562,-49.71974182128906,-273.75469970703125
20.559890747070312,-48.50709533691406,-272.53759765625
21.356277465820312,-47.64256286621094,-271.4078369140625
22.145645141601562,-46.347808837890625,-269.5736999511719
22.740982055664062,-45.53138732910156,-268.10894775390625
22.962997436523438,-43.98583984375,-266.578369140625
23.298385620117188,-42.65275573730469,-264.9643249511719
24.003189086914062,-41.28654479980469,-263.71673583984375
24.314407348632812,-39.67572021484375,-262.7015075683594
24.81024169921875,-38.015411376953125,-261.9169921875
25.264724731445312,-36.78602600097656,-260.88421630859375
25.343597412109375,-35.5032958984375,-260.089599609375
25.686752319335938,-34.032501220703125,-259.83331298828125
25.593521118164062,-32.94923400878906,-259.83917236328125
25.893661499023438,-31.260787963867188,-260.2490234375
25.966415405273438,-30.184677124023438,-260.5799560546875
26.33758544921875,-29.126190185546875,-260.06536865234375
26.392578125,-27.985504150390625,-260.2812194824219
26.451217651367188,-26.9864501953125,-260.2288818359375
26.294174194335938,-26.6363525390625,-260.38677978515625
26.21661376953125,-25.993240356445312,-260.0447692871094
25.429824829101562,-25.987258911132812,-259.44061279296875
25.332962036132812,-25.678466796875,-259.24267578125
25.030776977539062,-25.948654174804688,-258.08477783203125
24.376754760742188,-26.474166870117188,-257.0405578613281
24.01654052734375,-26.972335815429688,-256.54071044921875
23.439971923828125,-27.166473388671875,-256.2292175292969
23.032821655273438,-28.080780029296875,-255.724853515625
22.403488159179688,-28.454635620117188,-255.53521728515625
21.617996215820312,-29.333694458007812,-255.48977661132812
21.5533447265625,-29.940582275390625,-255.4614715576172
20.655014038085938,-30.99041748046875,-255.6372833251953
19.918243408203125,-32.28428649902344,-255.81446838378906
18.727386474609375,-33.02616882324219,-256.2313232421875
17.803009033203125,-34.380950927734375,-256.8533935546875
16.684738159179688,-35.86372375488281,-257.0790710449219
15.505905151367188,-37.069122314453125,-257.5694885253906
13.766189575195312,-38.29643249511719,-257.3969421386719
12.897857666015625,-39.95634460449219,-257.98175048828125
11.190338134765625,-41.41059875488281,-257.79730224609375
9.562454223632812,-42.088531494140625,-257.5498046875
7.735015869140625,-43.5616455078125,-258.2867431640625
5.909912109375,-44.706756591796875,-258.7751159667969
3.8820648193359375,-46.06593322753906,-259.176025390625
2.3961944580078125,-47.00810241699219,-259.63726806640625
0.506103515625,-47.66459655761719,-260.18402099609375
-1.3100738525390625,-48.29481506347656,-260.93682861328125
-3.4647369384765625,-49.266510009765625,-261.72723388671875
-4.9389801025390625,-49.515167236328125,-262.39892578125
-6.573028564453125,-50.10279846191406,-263.203369140625
-8.043838500976562,-50.3946533203125,-263.924072265625
-9.701370239257812,-50.17454528808594,-264.58331298828125
-10.885726928710938,-50.48002624511719,-265.4278259277344
-12.257537841796875,-50.59144592285156,-266.3430480957031
-13.063751220703125,-49.93553161621094,-266.94439697265625
-14.168136596679688,-50.29756164550781,-267.76190185546875
-14.591445922851562,-49.53071594238281,-268.529052734375
-15.702789306640625,-49.34169006347656,-269.0227355957031
-16.24945068359375,-48.958892822265625,-269.9609680175781
-16.676956176757812,-48.51182556152344,-270.7882995605469
-16.988525390625,-48.19880676269531,-271.06353759765625
-17.960098266601562,-48.07066345214844,-271.3736267089844
-18.009796142578125,-47.57133483886719,-272.3129577636719
-18.099075317382812,-47.1435546875,-272.6103820800781
-18.3941650390625,-46.95951843261719,-273.11895751953125
-18.688201904296875,-46.37969970703125,-273.4669189453125
-18.930679321289062,-45.82038879394531,-274.0494689941406
-19.148162841796875,-46.05120849609375,-274.0391845703125
-18.782730102539062,-45.63478088378906,-273.75732421875
-18.808853149414062,-45.101776123046875,-274.170166015625
-18.916641235351562,-45.09222412109375,-274.6861267089844
-18.469894409179688,-44.66169738769531,-274.7123107910156
-18.77716064453125,-44.43025207519531,-275.3082275390625
-18.584243774414062,-44.17082214355469,-275.51318359375
-18.581680297851562,-43.64451599121094,-275.7479553222656
-18.69720458984375,-43.566131591796875,-275.46295166015625
-18.568649291992188,-43.66169738769531,-275.65496826171875
-18.835678100585938,-43.34498596191406,-275.513427734375
-18.629135131835938,-43.15135192871094,-275.5980224609375
-18.703994750976562,-43.01484680175781,-275.044677734375
-18.419296264648438,-43.165008544921875,-274.5187072753906
-18.433685302734375,-43.16023254394531,-273.8016662597656
-18.476455688476562,-42.916839599609375,-273.2181396484375
-18.232101440429688,-42.47650146484375,-273.08709716796875
-18.251266479492188,-42.685760498046875,-272.72918701171875
-18.510101318359375,-42.6787109375,-271.6708984375
-18.19024658203125,-42.56028747558594,-270.7213134765625
-18.176742553710938,-42.206451416015625,-270.0717468261719
-18.131988525390625,-41.65684509277344,-269.48406982421875
-17.798248291015625,-41.49964904785156,-268.86004638671875
-17.94921875,-40.88897705078125,-268.4852294921875
-17.808319091796875,-40.29093933105469,-268.2296142578125
-17.304489135742188,-39.817108154296875,-267.9090270996094
-17.3699951171875,-39.26109313964844,-267.6726989746094
-17.326858520507812,-38.78839111328125,-267.67767333984375
-16.613433837890625,-38.873138427734375,-267.9644775390625
-17.026031494140625,-38.0634765625,-268.1210021972656
-17.01898193359375,-37.2645263671875,-268.2607727050781
-16.890518188476562,-36.65779113769531,-268.0538330078125
-16.729339599609375,-36.33122253417969,-268.00555419921875
-16.754852294921875,-35.380950927734375,-267.637939453125
-16.332046508789062,-35.06095886230469,-267.1323547363281
-16.752273559570312,-34.2760009765625,-267.1988220214844
-16.328521728515625,-33.5087890625,-266.510009765625
-16.70513916015625,-33.24247741699219,-266.7096252441406
-16.661422729492188,-32.610198974609375,-266.63470458984375
-16.737442016601562,-32.35227966308594,-266.3377685546875
-17.112442016601562,-31.407638549804688,-266.28094482421875
-17.219802856445312,-31.161041259765625,-265.8500671386719
-17.222854614257812,-30.841583251953125,-266.28826904296875
-17.242691040039062,-30.45135498046875,-265.7067565917969
-17.502029418945312,-30.34674072265625,-266.174560546875
-17.486724853515625,-30.104049682617188,-265.9590148925781
-17.666824340820312,-29.94903564453125,-266.28387451171875
-17.751358032226562,-29.491546630859375,-266.18701171875
-17.975967407226562,-29.188385009765625,-266.1041564941406
-17.731689453125,-28.891372680664062,-266.3598327636719
-17.885421752929688,-28.007598876953125,-266.330322265625
-17.9840087890625,-27.69464111328125,-266.4730224609375
-18.30291748046875,-27.290908813476562,-266.71917724609375
-18.19805908203125,-27.139739990234375,-266.59405517578125
-18.674026489257812,-26.307754516601562,-265.9380187988281
-17.92041015625,-26.066436767578125,-265.9414978027344
-18.463577270507812,-25.543472290039062,-265.3470764160156
-18.38555908203125,-24.816802978515625,-265.0686950683594
-18.853134155273438,-24.359893798828125,-264.5745849609375
-19.131973266601562,-23.831329345703125,-264.0140380859375
-19.091537475585938,-23.135421752929688,-263.42236328125
-19.057891845703125,-22.81414794921875,-263.3280029296875
-19.252532958984375,-22.495452880859375,-262.7864074707031
-19.471817016601562,-21.8458251953125,-262.3427429199219
-19.804641723632812,-21.601882934570312,-261.9969482421875
-19.91827392578125,-21.440338134765625,-262.39483642578125
-20.281356811523438,-20.649429321289062,-261.4996337890625
-20.4869384765625,-20.48101806640625,-261.67559814453125
-20.895050048828125,-20.045822143554688,-261.6012878417969
-20.765060424804688,-19.4117431640625,-261.6878662109375
-21.215057373046875,-19.2781982421875,-261.123046875
-21.17938232421875,-19.230438232421875,-261.16998291015625
-21.460235595703125,-18.929000854492188,-261.9212646484375
-21.505264282226562,-18.775955200195312,-261.95166015625
-21.953887939453125,-18.671920776367188,-261.9336853027344
-22.11004638671875,-18.97088623046875,-262.463623046875
-22.183670043945312,-18.46722412109375,-262.20794677734375
-22.588577270507812,-18.187530517578125,-262.58367919921875
-22.966949462890625,-18.188034057617188,-262.83184814453125
-22.83074951171875,-18.003646850585938,-263.07391357421875
-22.968948364257812,-17.624542236328125,-263.4802551269531
-22.945709228515625,-17.512710571289062,-263.880859375
-23.191619873046875,-17.18603515625,-264.0089416503906
-23.448043823242188,-16.919387817382812,-264.43914794921875
-23.608184814453125,-16.079864501953125,-264.4642028808594
-23.731399536132812,-16.151458740234375,-265.41534423828125
-23.716522216796875,-15.661392211914062,-265.68536376953125
-24.10076904296875,-15.015243530273438,-266.11260986328125
-23.922515869140625,-14.95025634765625,-266.6092529296875
-23.490676879882812,-14.3843994140625,-266.7500915527344
-23.365188598632812,-13.83697509765625,-266.7904357910156
-23.597198486328125,-13.008895874023438,-266.640869140625
-23.303207397460938,-12.4901123046875,-266.95135498046875
-22.673202514648438,-12.072433471679688,-267.41436767578125
-22.664794921875,-11.6968994140625,-266.97393798828125
-21.710052490234375,-11.3101806640625,-267.1338806152344
-21.09808349609375,-10.496337890625,-267.23468017578125
-20.005050659179688,-9.985183715820312,-267.20867919921875
-19.380889892578125,-9.944198608398438,-266.72412109375
-18.8106689453125,-9.438232421875,-266.95953369140625
-17.35760498046875,-9.55902099609375,-266.5609130859375
-16.03875732421875,-9.627410888671875,-266.3006591796875
-14.685928344726562,-9.89471435546875,-266.0590515136719
-13.149765014648438,-10.32220458984375,-266.44525146484375
-12.223480224609375,-10.48583984375,-266.1849365234375
-10.635604858398438,-10.84136962890625,-266.27349853515625
-9.283859252929688,-11.617034912109375,-265.5757141113281
-7.72625732421875,-12.199935913085938,-265.49688720703125
-6.6922149658203125,-12.902130126953125,-265.09124755859375
-5.5272979736328125,-13.991073608398438,-265.3914794921875
-4.2757415771484375,-14.779205322265625,-264.78436279296875
-3.34808349609375,-16.007232666015625,-264.099853515625
-2.003326416015625,-16.975982666015625,-264.21539306640625
-1.17620849609375,-17.898040771484375,-264.79132080078125
-0.074371337890625,-19.3231201171875,-264.76129150390625
0.6805419921875,-20.369705200195312,-264.6300964355469
1.657958984375,-21.53912353515625,-265.17022705078125
2.53192138671875,-22.611968994140625,-265.7318115234375
3.21435546875,-23.521774291992188,-266.1533508300781
3.7257537841796875,-24.378616333007812,-266.4481201171875
4.640899658203125,-25.551406860351562,-267.2162170410156
5.04833984375,-26.440505981445312,-267.9964294433594
5.5854644775390625,-26.755477905273438,-268.14324951171875
6.3328857421875,-27.450271606445312,-268.90142822265625
6.5475311279296875,-28.130447387695312,-269.060791015625
7.029510498046875,-28.289398193359375,-269.676025390625
7.3403778076171875,-28.725479125976562,-270.474853515625
7.8713836669921875,-29.425460815429688,-271.6608581542969
8.32940673828125,-29.430923461914062,-272.22552490234375
8.399215698242188,-29.650665283203125,-272.1197509765625
9.181671142578125,-29.878646850585938,-272.41015625
9.293350219726562,-29.950836181640625,-272.7308349609375
9.569717407226562,-30.304931640625,-272.3841552734375
9.982192993164062,-30.308120727539062,-272.22296142578125
10.359786987304688,-30.422744750976562,-272.09246826171875
10.68280029296875,-30.210784912109375,-271.5761413574219
11.036178588867188,-30.021469116210938,-271.7019348144531
11.248504638671875,-29.955581665039062,-271.33074951171875
11.798797607421875,-29.8082275390625,-270.9678955078125
12.107681274414062,-29.894088745117188,-271.0608825683594
12.795303344726562,-29.3875732421875,-270.4085998535156
12.3851318359375,-29.191421508789062,-269.8906555175781
13.106170654296875,-28.47015380859375,-269.34918212890625
13.4088134765625,-27.689422607421875,-269.549560546875
13.236221313476562,-27.012832641601562,-268.97979736328125
13.585342407226562,-26.02655029296875,-267.971435546875
13.608444213867188,-25.314651489257812,-267.920654296875
14.197738647460938,-23.990478515625,-268.0245666503906
14.332809448242188,-22.569351196289062,-267.48333740234375
14.577133178710938,-21.77325439453125,-267.8289794921875
14.572113037109375,-20.533187866210938,-267.30596923828125
14.466583251953125,-19.6676025390625,-267.4317626953125
14.109115600585938,-18.56536865234375,-267.12176513671875
14.384597778320312,-17.364303588867188,-266.8499755859375
14.388900756835938,-16.34002685546875,-266.695556640625
13.621124267578125,-15.128570556640625,-266.38287353515625
13.62451171875,-13.649322509765625,-265.73748779296875
12.960784912109375,-11.926986694335938,-265.37615966796875
12.59234619140625,-10.893600463867188,-265.4167785644531
12.0369873046875,-9.384750366210938,-265.18951416015625
11.835189819335938,-8.146270751953125,-264.21185302734375
11.652175903320312,-7.0841522216796875,-263.88323974609375
10.996109008789062,-5.92333984375,-263.532470703125
10.323760986328125,-5.1786041259765625,-263.06817626953125
9.637100219726562,-4.1760711669921875,-262.588134765625
8.989212036132812,-3.4721832275390625,-262.3401794433594
8.733413696289062,-2.318878173828125,-262.2774658203125
8.380615234375,-1.6625518798828125,-262.16973876953125
7.438079833984375,-0.5787200927734375,-261.91253662109375
6.6703643798828125,0.34619140625,-262.5533447265625
6.302825927734375,1.411346435546875,-262.04620361328125
5.74542236328125,1.974517822265625,-261.9271240234375
4.78619384765625,3.2807159423828125,-262.68121337890625
3.817535400390625,4.373443603515625,-262.5827941894531
3.0184326171875,5.3640289306640625,-263.1402587890625
2.385589599609375,6.091827392578125,-263.2894287109375
1.457611083984375,7.20745849609375,-263.7646484375
0.5225982666015625,8.397109985351562,-263.6539001464844
-0.5381927490234375,9.011489868164062,-264.4120178222656
-1.5304718017578125,10.134475708007812,-265.18182373046875
-2.5246734619140625,10.957748413085938,-265.62103271484375
-3.396148681640625,11.8359375,-266.7869873046875
-4.380767822265625,12.33953857421875,-266.7486572265625
-5.387176513671875,13.2149658203125,-267.0491943359375
-6.7393646240234375,14.251266479492188,-268.6853332519531
-7.3473968505859375,15.215286254882812,-269.19439697265625
-8.808547973632812,15.484542846679688,-270.1822509765625
-9.633071899414062,16.139923095703125,-270.52764892578125
-10.424468994140625,16.947265625,-271.535888671875
-11.477584838867188,17.566986083984375,-272.45843505859375
-12.271621704101562,18.25860595703125,-272.85162353515625
-13.266876220703125,18.51641845703125,-273.60882568359375
-13.876510620117188,18.962112426757812,-273.763916015625
-14.540084838867188,19.6802978515625,-274.0229797363281
-15.382598876953125,19.977432250976562,-274.38763427734375
-15.978744506835938,20.220138549804688,-274.6810302734375
-15.676498413085938,20.922958374023438,-275.02001953125
-15.9224853515625,21.314788818359375,-275.0113525390625
-16.230926513671875,21.539443969726562,-274.52642822265625
-15.751739501953125,22.065994262695312,-274.66607666015625
-15.587249755859375,22.512680053710938,-274.3607177734375
-14.947540283203125,22.95928955078125,-274.5143737792969
-14.61370849609375,23.258499145507812,-274.3397216796875
-14.21087646484375,23.758392333984375,-274.063232421875
-13.387313842773438,23.700897216796875,-273.6863708496094
-12.3062744140625,24.314620971679688,-273.4450988769531
-11.570388793945312,24.4127197265625,-273.3802490234375
-10.419677734375,24.598526000976562,-273.36346435546875
-9.45391845703125,25.322067260742188,-273.65179443359375
-7.8141632080078125,25.001785278320312,-273.15374755859375
-6.6595611572265625,25.2911376953125,-272.72479248046875
-5.1573486328125,25.28662109375,-272.6470947265625
-3.4319915771484375,25.259292602539062,-272.48541259765625
-1.861358642578125,25.08990478515625,-271.87298583984375
-0.4722900390625,25.023849487304688,-271.21923828125
1.249725341796875,24.957763671875,-270.1349792480469
2.9380340576171875,25.02374267578125,-269.4112548828125
4.4463958740234375,24.442626953125,-268.69769287109375
5.925933837890625,24.0972900390625,-267.27337646484375
7.4665069580078125,24.131271362304688,-265.7044677734375
9.10748291015625,23.460403442382812,-264.63616943359375
10.896270751953125,22.611282348632812,-263.267822265625
12.502960205078125,22.141677856445312,-262.72808837890625
14.97021484375,20.615447998046875,-260.9425048828125
16.82232666015625,19.38702392578125,-259.81744384765625
18.721817016601562,17.145248413085938,-259.0109558105469
20.90020751953125,15.726089477539062,-258.71624755859375
22.910537719726562,13.093826293945312,-258.761962890625
25.09417724609375,10.705276489257812,-258.1362609863281
27.07183837890625,7.737335205078125,-257.8919677734375
28.995452880859375,5.32476806640625,-257.41741943359375
30.494354248046875,2.0760955810546875,-257.95550537109375
31.941970825195312,-0.9654541015625,-257.8625183105469
33.276397705078125,-4.12677001953125,-258.0711975097656
34.40901184082031,-7.3114013671875,-258.3087463378906
35.27394104003906,-11.105422973632812,-259.285888671875
36.68595886230469,-14.464126586914062,-259.3068542480469
36.78242492675781,-17.731430053710938,-260.15496826171875
36.978759765625,-21.39337158203125,-261.14141845703125
37.39422607421875,-24.462417602539062,-261.40496826171875
37.70405578613281,-27.548782348632812,-261.884765625
37.19549560546875,-30.983749389648438,-263.30548095703125
36.60426330566406,-33.79896545410156,-263.5848388671875
36.298431396484375,-35.98048400878906,-264.26025390625
36.01686096191406,-38.93438720703125,-264.86566162109375
35.59004211425781,-41.402374267578125,-265.72430419921875
34.719573974609375,-43.4542236328125,-265.99615478515625
34.02325439453125,-45.16023254394531,-266.4178466796875
33.621490478515625,-47.143585205078125,-267.5302734375
33.18559265136719,-48.72679138183594,-267.8136901855469
32.514495849609375,-50.18220520019531,-268.8621826171875
31.885757446289062,-51.38920593261719,-269.1864013671875
31.7301025390625,-52.91398620605469,-269.6444091796875
31.297286987304688,-53.43858337402344,-270.1816101074219
30.734451293945312,-54.77613830566406,-270.6900939941406
30.433670043945312,-55.629730224609375,-270.9407043457031
30.065963745117188,-55.909149169921875,-271.36663818359375
29.961502075195312,-56.51219177246094,-270.9686584472656
29.766067504882812,-57.297332763671875,-270.576416015625
29.608718872070312,-57.64619445800781,-270.4664001464844
29.702362060546875,-57.826324462890625,-269.55718994140625
29.921218872070312,-57.92401123046875,-269.41998291015625
30.085769653320312,-58.33332824707031,-268.51947021484375
29.982696533203125,-58.01612854003906,-267.6998596191406
30.369949340820312,-58.033538818359375,-266.0779113769531
30.623306274414062,-57.89405822753906,-265.1581115722656
31.167404174804688,-57.55937194824219,-264.4368896484375
31.423980712890625,-56.69548034667969,-262.77508544921875
31.94195556640625,-56.375396728515625,-261.89898681640625
32.61079406738281,-54.95750427246094,-260.76519775390625
33.275634765625,-54.02507019042969,-260.1184997558594
33.96571350097656,-52.93470764160156,-259.22344970703125
35.15638732910156,-51.24024963378906,-258.27789306640625
35.96009826660156,-49.33087158203125,-257.5530090332031
36.85475158691406,-47.60081481933594,-256.47894287109375
38.02436828613281,-45.49493408203125,-256.72052001953125
38.413909912109375,-44.008941650390625,-256.2477722167969
39.41587829589844,-42.29710388183594,-256.4218444824219
40.07640075683594,-39.94139099121094,-256.18023681640625
40.92515563964844,-38.08900451660156,-256.90643310546875
41.64361572265625,-35.95768737792969,-256.9808349609375
42.26991271972656,-34.16065979003906,-256.8102722167969
42.98173522949219,-31.698867797851562,-256.7867126464844
43.15599060058594,-29.499557495117188,-256.6478271484375
43.46778869628906,-27.179214477539062,-256.00048828125
43.68934631347656,-24.152603149414062,-255.72088623046875
43.785430908203125,-21.584747314453125,-255.29141235351562
43.90275573730469,-18.971633911132812,-254.78599548339844
43.62104797363281,-16.5992431640625,-254.3013916015625
43.64158630371094,-14.2742919921875,-254.39683532714844
43.34898376464844,-11.809112548828125,-254.19126892089844
42.98735046386719,-9.459182739257812,-254.4588165283203
42.844085693359375,-7.125335693359375,-254.70799255371094
42.279205322265625,-5.4716949462890625,-254.51345825195312
42.36314392089844,-3.6103973388671875,-255.15476989746094
41.707183837890625,-1.923187255859375,-254.90711975097656
41.10462951660156,-0.3704376220703125,-256.0323486328125
40.73260498046875,1.6962127685546875,-255.97268676757812
40.323089599609375,3.0236358642578125,-256.08551025390625
39.87921142578125,4.609161376953125,-256.671875
39.37284851074219,5.9842071533203125,-256.7048034667969
38.621551513671875,7.1544952392578125,-256.48974609375
38.07426452636719,8.36773681640625,-256.05572509765625
37.62724304199219,9.368728637695312,-255.47877502441406
36.92741394042969,10.765533447265625,-255.69866943359375
36.28736877441406,11.767333984375,-255.0438232421875
35.484222412109375,12.793365478515625,-254.40243530273438
35.01774597167969,14.044479370117188,-253.68116760253906
34.4154052734375,15.1243896484375,-253.2571563720703
33.883819580078125,16.08837890625,-252.74815368652344
32.68818664550781,17.29681396484375,-252.54808044433594
32.20903015136719,18.764801025390625,-252.0248260498047
31.18890380859375,19.8236083984375,-251.50050354003906
30.67852783203125,20.68157958984375,-251.16744995117188
29.740203857421875,22.136703491210938,-250.48590087890625
29.418487548828125,22.905990600585938,-250.7536163330078
28.745758056640625,23.69964599609375,-250.86329650878906
28.3125,24.732406616210938,-250.9019317626953
27.749343872070312,25.686309814453125,-250.9615936279297
27.453765869140625,26.521484375,-251.38050842285156
27.088546752929688,27.328094482421875,-251.18087768554688
26.810638427734375,27.671875,-251.49684143066406
26.267623901367188,28.178787231445312,-251.73277282714844
26.57696533203125,28.385574340820312,-251.3827667236328
26.24151611328125,28.375762939453125,-251.25364685058594
26.752975463867188,28.692550659179688,-250.51048278808594
26.793609619140625,28.449371337890625,-250.25112915039062
27.019912719726562,28.714019775390625,-250.0416259765625
27.469497680664062,28.298858642578125,-249.0403289794922
27.893966674804688,27.986526489257812,-248.6671600341797
28.244857788085938,27.51519775390625,-247.9611053466797
28.95599365234375,26.698562622070312,-247.14002990722656
29.62078857421875,26.009872436523438,-246.85438537597656
30.64276123046875,25.209548950195312,-246.27444458007812
31.430511474609375,23.912521362304688,-246.24844360351562
32.236419677734375,23.0850830078125,-245.4865264892578
32.75213623046875,21.635528564453125,-244.91700744628906
33.38819885253906,20.373886108398438,-244.29685974121094
34.43267822265625,18.398193359375,-243.39710998535156
34.866241455078125,17.291427612304688,-242.0216064453125
35.70103454589844,14.959274291992188,-240.89732360839844
36.3179931640625,13.173294067382812,-240.34713745117188
36.54962158203125,10.937118530273438,-239.35899353027344
36.70207214355469,9.098648071289062,-238.5074462890625
37.2579345703125,7.089111328125,-237.2649383544922
36.88385009765625,5.2549896240234375,-236.3227081298828
36.895050048828125,3.5918731689453125,-235.64797973632812
36.94062805175781,1.15362548828125,-233.7454071044922
36.78590393066406,-0.73974609375,-233.0257568359375
36.59678649902344,-3.0303955078125,-232.7108612060547
36.730316162109375,-5.6135406494140625,-232.94827270507812
36.58642578125,-8.4215087890625,-232.36561584472656
36.32720947265625,-10.926177978515625,-232.3939971923828
36.10670471191406,-14.231414794921875,-232.50572204589844
35.884063720703125,-17.160858154296875,-233.01254272460938
35.48149108886719,-20.138824462890625,-233.8284149169922
35.31201171875,-23.487533569335938,-234.41476440429688
34.62739562988281,-26.732025146484375,-235.083984375
34.26618957519531,-30.035186767578125,-236.26828002929688
33.4906005859375,-33.21449279785156,-237.35240173339844
32.75083923339844,-36.23393249511719,-239.34051513671875
31.843429565429688,-39.20359802246094,-240.77992248535156
30.900604248046875,-41.404754638671875,-242.44522094726562
29.980880737304688,-44.50074768066406,-244.62710571289062
28.7626953125,-46.54441833496094,-246.17828369140625
27.948394775390625,-48.92803955078125,-247.45274353027344
26.739883422851562,-51.36494445800781,-249.12161254882812
25.591583251953125,-53.01255798339844,-250.2379913330078
24.603012084960938,-54.541595458984375,-251.9739227294922
23.590179443359375,-56.04229736328125,-253.4646759033203
22.60162353515625,-57.596710205078125,-254.27822875976562
21.043624877929688,-58.589935302734375,-255.251220703125
19.929244995117188,-59.91790771484375,-256.7996520996094
18.66314697265625,-61.117340087890625,-257.965576171875
17.538101196289062,-62.166839599609375,-259.1640930175781
16.645782470703125,-63.10133361816406,-259.47021484375
15.45098876953125,-63.48085021972656,-260.5757751464844
14.313720703125,-64.0728759765625,-261.40985107421875
13.965255737304688,-64.17291259765625,-262.4008483886719
13.045150756835938,-64.60322570800781,-262.2986145019531
12.4598388671875,-64.84565734863281,-262.69110107421875
12.136062622070312,-65.05305480957031,-263.18017578125
11.159866333007812,-65.38604736328125,-262.9105224609375
10.919326782226562,-65.34275817871094,-263.11260986328125
10.64361572265625,-65.45144653320312,-262.982177734375
10.153472900390625,-65.5693359375,-262.803955078125
10.222854614257812,-65.00735473632812,-262.28521728515625
9.52099609375,-65.15765380859375,-261.34710693359375
9.55560302734375,-64.32470703125,-260.885498046875
8.938461303710938,-64.75428771972656,-260.03521728515625
9.211013793945312,-64.11878967285156,-258.6357116699219
8.676803588867188,-63.77610778808594,-258.1204833984375
8.89801025390625,-62.89476013183594,-256.82659912109375
9.005508422851562,-62.224822998046875,-255.5276641845703
9.02069091796875,-61.75779724121094,-254.3196258544922
8.878021240234375,-61.036834716796875,-252.9992218017578
9.1351318359375,-60.34477233886719,-251.56808471679688
8.8651123046875,-59.69334411621094,-250.53289794921875
9.136505126953125,-59.070465087890625,-250.24180603027344
9.191558837890625,-58.28424072265625,-248.3307647705078
9.306488037109375,-57.21784973144531,-247.4140625
9.366653442382812,-56.4874267578125,-246.95533752441406
9.866058349609375,-55.4986572265625,-246.56610107421875
10.252883911132812,-54.36247253417969,-245.96778869628906
11.000808715820312,-53.39512634277344,-245.45773315429688
11.0926513671875,-52.524627685546875,-245.14633178710938
11.7567138671875,-51.35118103027344,-245.210693359375
12.869522094726562,-50.01225280761719,-245.17929077148438
13.455551147460938,-48.761749267578125,-244.74615478515625
14.04083251953125,-47.48527526855469,-244.89662170410156
14.772476196289062,-46.3643798828125,-244.93931579589844
15.145797729492188,-45.13121032714844,-244.50453186035156
15.6844482421875,-43.97337341308594,-245.02471923828125
16.341476440429688,-42.979827880859375,-245.06494140625
16.602493286132812,-42.079986572265625,-244.51869201660156
16.905044555664062,-41.575469970703125,-244.64344787597656
16.7852783203125,-40.45637512207031,-243.89273071289062
17.197479248046875,-39.98680114746094,-243.26144409179688
17.227920532226562,-38.592071533203125,-242.89556884765625
17.052093505859375,-37.51898193359375,-241.98338317871094
17.107864379882812,-37.0286865234375,-241.7084503173828
17.2784423828125,-35.801300048828125,-241.0773162841797
17.129104614257812,-35.04914855957031,-240.57472229003906
17.365951538085938,-33.76966857910156,-239.95135498046875
17.233489990234375,-32.79664611816406,-239.660888671875
17.128372192382812,-31.796554565429688,-239.55104064941406
17.671463012695312,-30.823577880859375,-239.20919799804688
17.2069091796875,-29.88934326171875,-238.77561950683594
17.42816162109375,-28.590087890625,-238.7853546142578
17.6541748046875,-27.830947875976562,-238.3316650390625
17.367095947265625,-26.79681396484375,-237.99188232421875
17.247116088867188,-25.206436157226562,-238.19178771972656
17.150604248046875,-24.007064819335938,-237.57591247558594
17.435897827148438,-22.675796508789062,-237.22250366210938
17.09710693359375,-21.279647827148438,-237.29727172851562
16.742172241210938,-19.902450561523438,-237.25833129882812
16.651535034179688,-18.793121337890625,-236.68310546875
16.134048461914062,-16.958969116210938,-237.014892578125
16.4324951171875,-15.429031372070312,-236.82662963867188
16.001174926757812,-14.358123779296875,-236.72958374023438
16.02252197265625,-13.119232177734375,-237.33175659179688
15.994796752929688,-11.49249267578125,-237.30877685546875
15.787017822265625,-11.0882568359375,-237.69357299804688
15.4942626953125,-9.49566650390625,-237.71336364746094
14.9544677734375,-8.355148315429688,-238.035400390625
14.477798461914062,-7.5478057861328125,-238.5853271484375
14.402236938476562,-6.5844879150390625,-238.3252410888672
14.057662963867188,-5.6501922607421875,-238.39247131347656
13.44140625,-5.181915283203125,-238.14529418945312
12.867263793945312,-4.1251678466796875,-237.94525146484375
12.671157836914062,-4.002899169921875,-237.9528350830078
11.92254638671875,-3.5306396484375,-237.81427001953125
11.230209350585938,-3.403961181640625,-237.1384735107422
10.937957763671875,-2.9050140380859375,-237.4033660888672
10.417221069335938,-3.15625,-237.4246368408203
10.625701904296875,-3.629852294921875,-237.59901428222656
10.188720703125,-3.6590728759765625,-237.70162963867188
9.87481689453125,-3.6668243408203125,-237.71780395507812
9.749664306640625,-3.9984283447265625,-238.39535522460938
9.768630981445312,-3.831695556640625,-238.64190673828125
9.414443969726562,-4.826873779296875,-238.56336975097656
9.486785888671875,-5.1249542236328125,-238.8523712158203
9.322097778320312,-5.5262451171875,-239.08685302734375
9.018814086914062,-6.051605224609375,-239.3298797607422
9.202621459960938,-6.477447509765625,-239.25482177734375
8.942657470703125,-6.4691009521484375,-239.48342895507812
8.6937255859375,-7.1821441650390625,-238.98410034179688
8.362213134765625,-7.6138458251953125,-239.7477569580078
8.173599243164062,-8.475143432617188,-239.69200134277344
7.639251708984375,-8.5072021484375,-239.8759002685547
7.801055908203125,-9.439346313476562,-240.36302185058594
7.5265960693359375,-9.558029174804688,-240.30418395996094
7.71710205078125,-10.83221435546875,-241.24404907226562
7.7136077880859375,-11.828216552734375,-241.25791931152344
7.939483642578125,-12.597824096679688,-241.56399536132812
8.205230712890625,-13.834182739257812,-242.36508178710938
7.975128173828125,-15.003738403320312,-242.62387084960938
8.699295043945312,-16.387847900390625,-243.4268341064453
8.644760131835938,-17.64971923828125,-244.05905151367188
9.104568481445312,-19.18310546875,-244.82110595703125
9.35894775390625,-20.791397094726562,-245.3740997314453
9.692092895507812,-21.858551025390625,-246.18885803222656
9.901138305664062,-23.528961181640625,-247.5879364013672
10.064895629882812,-24.90472412109375,-247.83663940429688
10.177276611328125,-26.453704833984375,-248.74314880371094
10.6038818359375,-28.31573486328125,-250.24012756347656
10.507247924804688,-29.888336181640625,-250.2526397705078
10.897430419921875,-31.261611938476562,-251.81935119628906
10.571365356445312,-32.608489990234375,-252.54287719726562
10.853012084960938,-33.77684020996094,-252.97836303710938
10.828277587890625,-35.01118469238281,-254.51258850097656
10.958847045898438,-35.86192321777344,-255.40335083007812
10.725799560546875,-37.09053039550781,-256.76080322265625
10.831192016601562,-37.88548278808594,-257.05877685546875
10.445068359375,-38.71784973144531,-258.48089599609375
10.81317138671875,-39.48918151855469,-259.54925537109375
10.728179931640625,-39.84490966796875,-260.115478515625
10.91943359375,-40.68255615234375,-260.4204406738281
10.728179931640625,-40.67402648925781,-261.93359375
10.82928466796875,-41.32403564453125,-262.37750244140625
11.039077758789062,-41.86564636230469,-262.8423767089844
10.972930908203125,-41.81169128417969,-263.5048828125
11.419357299804688,-42.2366943359375,-263.91473388671875
11.294357299804688,-42.06874084472656,-264.61468505859375
11.807586669921875,-42.48286437988281,-264.469482421875
11.62091064453125,-42.3682861328125,-265.46368408203125
11.92193603515625,-42.73292541503906,-265.79974365234375
12.4447021484375,-42.42901611328125,-266.39990234375
12.495269775390625,-42.00030517578125,-266.69525146484375
12.408065795898438,-42.13032531738281,-266.8798522949219
12.689727783203125,-41.63752746582031,-266.8463439941406
12.846694946289062,-41.663238525390625,-267.0495910644531
13.640731811523438,-41.25569152832031,-266.9237365722656
13.597610473632812,-41.104339599609375,-267.179931640625
13.943527221679688,-40.46209716796875,-267.0852355957031
14.400588989257812,-40.21922302246094,-267.5736389160156
14.204315185546875,-39.86834716796875,-267.40350341796875
14.143630981445312,-39.38978576660156,-267.0748596191406
14.86749267578125,-38.85650634765625,-266.52947998046875
14.766510009765625,-38.81159973144531,-265.5120849609375
14.853805541992188,-38.53816223144531,-265.2624206542969
14.991058349609375,-37.768341064453125,-264.6125793457031
15.15765380859375,-37.33815002441406,-264.2320556640625
14.812759399414062,-36.74822998046875,-263.2508544921875
15.198013305664062,-36.03302001953125,-262.0511474609375
15.610885620117188,-35.37705993652344,-260.67291259765625
15.579071044921875,-33.86891174316406,-259.7413330078125
14.978363037109375,-32.673126220703125,-258.67657470703125
15.701034545898438,-31.0126953125,-257.4167785644531
15.153335571289062,-29.791213989257812,-256.4547424316406
15.307464599609375,-28.157196044921875,-255.28387451171875
15.048919677734375,-26.707778930664062,-254.16847229003906
14.63787841796875,-25.010009765625,-253.9425506591797
14.286285400390625,-23.34686279296875,-253.19207763671875
14.125274658203125,-22.23553466796875,-252.44540405273438
14.213485717773438,-21.3984375,-252.0857391357422
14.135543823242188,-20.263626098632812,-252.2101593017578
13.757125854492188,-19.556472778320312,-252.2970733642578
13.62451171875,-18.931594848632812,-251.79861450195312
13.71551513671875,-18.352371215820312,-252.660888671875
13.583480834960938,-18.112289428710938,-251.83102416992188
14.040969848632812,-17.130203247070312,-252.21595764160156
13.447097778320312,-16.145172119140625,-252.49964904785156
13.293487548828125,-15.525421142578125,-252.559326171875
13.10626220703125,-14.900253295898438,-251.90869140625
13.068466186523438,-13.823394775390625,-251.82083129882812
12.665939331054688,-12.66021728515625,-251.42263793945312
11.930862426757812,-11.891708374023438,-251.35464477539062
11.964553833007812,-11.033737182617188,-251.07131958007812
11.343902587890625,-9.833847045898438,-250.86309814453125
11.430145263671875,-9.157135009765625,-251.07203674316406
10.579116821289062,-8.092208862304688,-250.7794952392578
10.400421142578125,-7.042816162109375,-250.25726318359375
9.807449340820312,-6.2537689208984375,-251.05343627929688
9.707733154296875,-5.190887451171875,-250.22950744628906
9.181182861328125,-4.510772705078125,-250.83560180664062
9.159957885742188,-3.8916015625,-250.8647003173828
8.878829956054688,-2.8535003662109375,-250.8863983154297
8.35601806640625,-2.24383544921875,-250.8828887939453
8.34771728515625,-1.5881500244140625,-251.46229553222656
8.02374267578125,-0.4056549072265625,-251.54039001464844
7.847900390625,0.1959381103515625,-252.12356567382812
7.4850616455078125,1.03045654296875,-251.90493774414062
7.294952392578125,1.8675384521484375,-252.16896057128906
7.0238494873046875,2.4953155517578125,-252.76686096191406
7.0220489501953125,3.4076995849609375,-252.65115356445312
6.427520751953125,3.954315185546875,-253.1103057861328
6.3981781005859375,4.5112152099609375,-253.66839599609375
6.519989013671875,5.26861572265625,-253.97117614746094
6.040069580078125,5.8895111083984375,-254.3633575439453
5.702484130859375,6.408355712890625,-254.40042114257812
6.1201934814453125,6.58697509765625,-254.8931427001953
6.5037689208984375,7.22833251953125,-255.09121704101562
6.0558929443359375,7.7345123291015625,-255.73960876464844
6.182525634765625,7.78619384765625,-255.97984313964844
6.4826507568359375,8.514633178710938,-256.7440185546875
6.2197113037109375,8.782318115234375,-257.429443359375
6.5431671142578125,9.269088745117188,-257.31658935546875
6.6820068359375,9.745391845703125,-258.31298828125
6.5332183837890625,9.84039306640625,-258.4371337890625
6.9232940673828125,10.321456909179688,-259.37744140625
7.206329345703125,10.207504272460938,-259.0749816894531
7.8167877197265625,10.525909423828125,-259.36627197265625
7.855010986328125,10.250244140625,-259.4569396972656
8.067413330078125,10.136276245117188,-260.4031982421875
9.069534301757812,10.211502075195312,-260.485595703125
9.545379638671875,9.896987915039062,-260.86474609375
10.461196899414062,9.81982421875,-260.6934814453125
11.046676635742188,9.314285278320312,-260.88641357421875
11.500396728515625,9.287460327148438,-261.4660949707031
12.3118896484375,8.827224731445312,-261.8648681640625
12.910537719726562,8.652389526367188,-262.10931396484375
13.364227294921875,7.8985748291015625,-261.8455810546875
14.677078247070312,7.2180633544921875,-262.24114990234375
15.548751831054688,6.1316070556640625,-262.6293640136719
17.2198486328125,5.18017578125,-262.616943359375
18.068679809570312,4.337982177734375,-263.2247009277344
19.501205444335938,2.6761016845703125,-263.7564697265625
20.5418701171875,1.3201446533203125,-263.65106201171875
21.770172119140625,-0.2950897216796875,-264.4560852050781
22.99114990234375,-1.67633056640625,-264.7232360839844
24.136444091796875,-3.0774688720703125,-265.710205078125
25.002532958984375,-5.821044921875,-266.44970703125
26.19439697265625,-7.80181884765625,-266.364501953125
27.171524047851562,-9.909591674804688,-266.13702392578125
27.98583984375,-11.902633666992188,-266.50115966796875
28.929656982421875,-14.60162353515625,-266.9840087890625
29.39886474609375,-17.022262573242188,-266.98590087890625
29.690719604492188,-19.841049194335938,-266.90777587890625
30.14324951171875,-22.6578369140625,-266.82708740234375
30.379806518554688,-25.442428588867188,-266.00250244140625
30.67608642578125,-28.466888427734375,-265.8964538574219
30.155487060546875,-30.840667724609375,-265.5107421875
30.084991455078125,-33.74774169921875,-265.44024658203125
29.62835693359375,-36.43040466308594,-264.87872314453125
29.2066650390625,-39.170623779296875,-264.135498046875
28.150253295898438,-42.09620666503906,-263.5732727050781
27.65191650390625,-44.90869140625,-263.20513916015625
26.862152099609375,-47.3349609375,-262.59527587890625
25.205780029296875,-49.38812255859375,-261.9922790527344
24.336135864257812,-52.054962158203125,-261.291015625
23.225189208984375,-54.10572814941406,-261.00213623046875
21.774307250976562,-56.13389587402344,-260.4677734375
20.345870971679688,-58.00459289550781,-259.22271728515625
19.070114135742188,-60.03782653808594,-258.3442077636719
17.583969116210938,-61.744537353515625,-257.38018798828125
15.752822875976562,-63.40576171875,-256.2967834472656
13.898880004882812,-64.59210205078125,-254.61947631835938
12.029922485351562,-66.45211791992188,-253.28065490722656
9.853057861328125,-67.42788696289062,-252.15103149414062
8.045516967773438,-68.832275390625,-250.8373565673828
6.21173095703125,-70.07334899902344,-249.46380615234375
4.0076446533203125,-70.84513854980469,-247.72329711914062
2.1876678466796875,-72.01370239257812,-246.56089782714844
-0.4871368408203125,-72.54603576660156,-245.35313415527344
-2.2864532470703125,-72.93998718261719,-243.7334442138672
-4.1712646484375,-73.41864013671875,-242.65362548828125
-6.26123046875,-74.35504150390625,-241.8616943359375
-8.023513793945312,-74.54110717773438,-241.01063537597656
-9.934127807617188,-75.12773132324219,-240.0185546875
-11.830642700195312,-75.58955383300781,-239.73793029785156
-13.761306762695312,-75.94844055175781,-238.78111267089844
-15.291305541992188,-75.87606811523438,-238.89364624023438
-16.823348999023438,-76.59231567382812,-238.25308227539062
-18.310333251953125,-76.69955444335938,-237.9021453857422
-19.898605346679688,-76.95782470703125,-237.96990966796875
-20.888336181640625,-77.04667663574219,-237.66461181640625
-22.490631103515625,-77.66621398925781,-237.9243927001953
-23.733413696289062,-77.49996948242188,-237.60406494140625
-25.202407836914062,-77.44021606445312,-237.9317169189453
-26.384048461914062,-77.23544311523438,-237.30413818359375
-27.509674072265625,-77.39274597167969,-237.05189514160156
-28.575668334960938,-76.897216796875,-236.51539611816406
-29.480972290039062,-77.08897399902344,-236.23130798339844
-29.931228637695312,-76.80287170410156,-236.32000732421875
-30.503585815429688,-76.51568603515625,-236.1166229248047
-31.71380615234375,-76.44673156738281,-235.92808532714844
-32.093414306640625,-75.981689453125,-236.43653869628906
-32.41084289550781,-76.22624206542969,-236.56773376464844
-32.29463195800781,-76.39627075195312,-236.51902770996094
-31.986846923828125,-76.57742309570312,-237.4119110107422
-32.342010498046875,-77.05252075195312,-237.51361083984375
-32.317901611328125,-77.55299377441406,-238.84861755371094
-31.93896484375,-78.08689880371094,-238.9593048095703
-31.95233154296875,-77.93760681152344,-240.45016479492188
-32.050079345703125,-78.10035705566406,-240.65879821777344
-31.884429931640625,-78.39332580566406,-240.69358825683594
-31.521697998046875,-78.59452819824219,-241.38290405273438
-31.524322509765625,-78.47331237792969,-241.5499725341797
-32.185211181640625,-78.56816101074219,-241.36207580566406
-32.013580322265625,-78.82469177246094,-241.8050079345703
-31.80059814453125,-78.46528625488281,-241.94122314453125
-32.21342468261719,-78.51712036132812,-241.3006134033203
-32.05723571777344,-78.15609741210938,-241.00790405273438
-31.654266357421875,-78.44473266601562,-241.37294006347656
-31.769287109375,-78.21307373046875,-241.08432006835938
-32.24491882324219,-78.39476013183594,-240.71270751953125
-32.11689758300781,-78.11363220214844,-240.6579132080078
-32.10200500488281,-78.07308959960938,-240.51954650878906
-32.0372314453125,-77.94033813476562,-240.3584747314453
-32.70185852050781,-77.7406005859375,-240.07705688476562
-32.32579040527344,-77.46830749511719,-240.41485595703125
-32.469268798828125,-77.5804443359375,-239.50599670410156
-32.428985595703125,-77.28901672363281,-238.9605712890625
-32.96003723144531,-77.35507202148438,-239.70751953125
-32.723907470703125,-77.02603149414062,-239.3376007080078
-33.004974365234375,-77.03038024902344,-239.18548583984375
-32.925201416015625,-77.20333862304688,-238.91641235351562
-33.145538330078125,-77.20675659179688,-238.7353515625
-32.80628967285156,-77.095458984375,-238.55702209472656
-33.20631408691406,-76.97523498535156,-238.6302947998047
-33.03564453125,-76.76002502441406,-238.55197143554688
-32.67335510253906,-76.71342468261719,-238.81390380859375
-32.68876647949219,-77.00273132324219,-238.6261444091797
-32.691131591796875,-77.15705871582031,-238.57814025878906
-32.76615905761719,-77.35331726074219,-239.03488159179688
-32.39476013183594,-77.28762817382812,-239.19508361816406
-32.1785888671875,-77.41114807128906,-239.4763641357422
-32.23065185546875,-77.376708984375,-239.87600708007812
-31.954437255859375,-77.68434143066406,-239.96102905273438
-31.75567626953125,-77.68777465820312,-240.0368194580078
-32.17913818359375,-77.62260437011719,-240.6150665283203
-32.14070129394531,-77.87014770507812,-241.0232391357422
-31.999832153320312,-77.68745422363281,-241.32589721679688
-31.723800659179688,-77.84410095214844,-240.73617553710938
-31.63037109375,-77.96466064453125,-241.57142639160156
-31.7335205078125,-78.12263488769531,-241.81590270996094
-31.402755737304688,-78.17445373535156,-242.06784057617188
-31.59130859375,-78.09130859375,-242.2394256591797
-31.407882690429688,-78.03521728515625,-242.3581085205078
-31.076873779296875,-77.98330688476562,-242.50440979003906
-31.27618408203125,-77.854736328125,-242.8000030517578
-31.23187255859375,-77.78262329101562,-242.1442108154297
-30.991806030273438,-77.52714538574219,-242.63394165039062
-31.18994140625,-77.73381042480469,-242.30111694335938
-30.810684204101562,-77.19026184082031,-242.31179809570312
-30.880950927734375,-77.08651733398438,-241.88705444335938
-30.007186889648438,-76.85116577148438,-241.82351684570312
-29.834365844726562,-76.35719299316406,-241.4085235595703
-29.366134643554688,-76.1680908203125,-241.6207275390625
-29.1590576171875,-75.95198059082031,-240.9633331298828
-28.498764038085938,-75.57461547851562,-240.78553771972656
-28.056640625,-75.28202819824219,-240.60940551757812
-27.406387329101562,-75.35749816894531,-240.2626190185547
-27.03082275390625,-74.88853454589844,-240.0088348388672
-26.10302734375,-74.70187377929688,-239.10643005371094
-25.723602294921875,-74.22731018066406,-238.289306640625
-24.87762451171875,-73.98330688476562,-237.32577514648438
-24.156967163085938,-73.20637512207031,-236.143798828125
-23.7542724609375,-72.73381042480469,-234.482177734375
-23.469146728515625,-71.85627746582031,-233.0746612548828
-22.675033569335938,-71.08328247070312,-231.87059020996094
-21.985733032226562,-69.9248046875,-229.85862731933594
-21.633132934570312,-68.49703979492188,-227.99609375
-20.86834716796875,-66.92802429199219,-226.1090850830078
-20.679367065429688,-64.84257507324219,-223.5885009765625
-20.362640380859375,-62.26631164550781,-221.37635803222656
-20.758377075195312,-58.64994812011719,-218.6483917236328
-21.314605712890625,-54.658233642578125,-215.95648193359375
-21.9539794921875,-50.43342590332031,-213.28562927246094
-23.113937377929688,-45.21296691894531,-211.0583038330078
-24.92291259765625,-39.126922607421875,-208.15435791015625
-27.009735107421875,-32.508148193359375,-204.99856567382812
-29.947738647460938,-24.377914428710938,-202.62896728515625
-33.561859130859375,-15.847396850585938,-200.64601135253906
-37.906524658203125,-5.9468841552734375,-200.064697265625
-43.07493591308594,4.8911895751953125,-201.0193634033203
-48.292633056640625,15.537750244140625,-204.31509399414062
-53.333160400390625,26.098922729492188,-210.20962524414062
-56.85990905761719,33.32568359375,-218.29820251464844
-57.81610107421875,32.91896057128906,-228.805908203125
-53.34910583496094,24.231277465820312,-246.56536865234375
-50.631103515625,1.6184844970703125,-255.53952026367188
-51.459197998046875,-2.1892242431640625,-256.44488525390625
-52.73692321777344,-2.393218994140625,-255.72189331054688
-52.90382385253906,-2.8466339111328125,-256.3156433105469
-52.95460510253906,-2.8219757080078125,-256.2696838378906
-53.31455993652344,-2.889556884765625,-256.0191650390625
-53.18206787109375,-2.895477294921875,-256.2581787109375
-53.78129577636719,-2.7714691162109375,-256.6894226074219
-54.0076904296875,-3.014251708984375,-256.2993469238281
-53.934112548828125,-2.549346923828125,-256.3680419921875
-54.083648681640625,-2.539398193359375,-256.97747802734375
-54.0941162109375,-2.151702880859375,-256.1769104003906
-54.380340576171875,-2.2047271728515625,-255.9580078125
-54.49090576171875,-2.25628662109375,-256.34576416015625
-55.09651184082031,-2.0652313232421875,-255.4981231689453
-55.22273254394531,-2.0877685546875,-255.09841918945312
-55.7979736328125,-1.575775146484375,-255.49969482421875
-55.657073974609375,-1.539947509765625,-255.61277770996094
-55.79901123046875,-1.5861663818359375,-255.60621643066406
-56.14056396484375,-1.1627655029296875,-255.4405517578125
-56.58580017089844,-1.1550445556640625,-255.2160186767578
-57.02033996582031,-1.02325439453125,-254.97901916503906
-57.46281433105469,-0.4661865234375,-254.5501708984375
-58.27812194824219,-0.2749481201171875,-253.90530395507812
-59.12754821777344,-0.22381591796875,-253.71490478515625
-59.55674743652344,0.401763916015625,-253.41258239746094
-60.160552978515625,0.5102996826171875,-253.0379180908203
-60.59516906738281,1.0783843994140625,-251.87294006347656
-61.22444152832031,1.0594635009765625,-251.6697540283203
-61.69267272949219,1.64117431640625,-251.8284912109375
-62.45817565917969,2.1257781982421875,-250.80421447753906
-62.69062805175781,2.1192474365234375,-251.38601684570312
-63.46452331542969,2.5795440673828125,-251.04388427734375
-63.67079162597656,2.68878173828125,-250.8909912109375
-64.01460266113281,2.7328033447265625,-250.9108428955078
-64.35948181152344,2.7645263671875,-251.80126953125
-64.62599182128906,2.1834259033203125,-252.56008911132812
-64.74404907226562,1.66387939453125,-252.86802673339844
-64.53654479980469,1.5886688232421875,-254.19357299804688
-63.69926452636719,0.6945343017578125,-255.42669677734375
-63.17333984375,0.1591644287109375,-256.64666748046875
-62.24726867675781,-0.5904998779296875,-258.79559326171875
-61.87353515625,-1.4356231689453125,-260.3670349121094
-61.43299865722656,-1.8495025634765625,-261.6678771972656
-60.847900390625,-2.51678466796875,-263.10345458984375
-59.973358154296875,-2.7848663330078125,-264.0392761230469
-59.22853088378906,-2.80206298828125,-265.54864501953125
-58.49769592285156,-3.3202972412109375,-267.34735107421875
-57.95576477050781,-3.9994049072265625,-268.6087646484375
-56.934478759765625,-4.0447845458984375,-270.4952392578125
-55.836395263671875,-4.2038726806640625,-271.58648681640625
-54.711578369140625,-4.3530120849609375,-273.2489929199219
-53.49859619140625,-4.245147705078125,-274.9037170410156
-52.172088623046875,-4.584014892578125,-276.4736633300781
-51.15327453613281,-4.0572509765625,-277.6366271972656
-49.97137451171875,-3.8006134033203125,-278.943115234375
-48.85443115234375,-3.402313232421875,-280.323974609375
-47.560638427734375,-2.9874267578125,-282.5015869140625
-46.29148864746094,-2.613800048828125,-283.51336669921875
-45.072967529296875,-2.1982269287109375,-285.6666259765625
-43.59431457519531,-1.29364013671875,-286.8863220214844
-42.772979736328125,-0.7298431396484375,-287.7318420410156
-41.63389587402344,-0.2552947998046875,-287.975341796875
-40.59645080566406,0.095977783203125,-288.68426513671875
-39.79347229003906,0.61712646484375,-287.69091796875
-38.67594909667969,1.497894287109375,-286.9873046875
-38.11872863769531,1.903533935546875,-286.1163330078125
-37.113525390625,2.844207763671875,-285.12213134765625
-36.4488525390625,2.66790771484375,-283.080322265625
-35.55931091308594,3.368927001953125,-281.56427001953125
-34.98072814941406,4.14447021484375,-279.9950866699219
-34.02656555175781,4.8131866455078125,-278.10809326171875
-33.699188232421875,5.7020111083984375,-276.9263916015625
-32.737396240234375,6.447052001953125,-275.30279541015625
-32.4005126953125,7.0930023193359375,-273.57904052734375
-31.666458129882812,8.195449829101562,-272.4774169921875
-31.22662353515625,8.97296142578125,-271.40728759765625
-30.573287963867188,9.489837646484375,-270.368896484375
-29.514312744140625,10.546859741210938,-269.7632141113281
-29.264846801757812,11.480392456054688,-269.03790283203125
-28.747528076171875,12.243698120117188,-268.3858642578125
-27.6595458984375,13.074188232421875,-267.3563232421875
-27.287338256835938,13.928665161132812,-267.35614013671875
-26.646286010742188,14.680450439453125,-266.0910949707031
-26.392898559570312,15.979690551757812,-265.94293212890625
-25.870346069335938,16.544204711914062,-265.32330322265625
-25.548492431640625,17.659805297851562,-263.942626953125
-25.236114501953125,18.340591430664062,-263.34503173828125
-25.033218383789062,19.426589965820312,-262.9839172363281
-25.007339477539062,20.427001953125,-262.7490234375
-24.889190673828125,21.093048095703125,-261.5428466796875
-24.495040893554688,22.050094604492188,-261.3975830078125
-24.647964477539062,22.339035034179688,-260.49822998046875
-24.066818237304688,23.246826171875,-260.4349060058594
-24.02838134765625,23.853912353515625,-260.11932373046875
-24.289657592773438,24.525161743164062,-260.05755615234375
-23.91473388671875,25.144317626953125,-259.9093017578125
-24.050521850585938,25.277877807617188,-260.1304931640625
-24.042327880859375,25.543853759765625,-260.21484375
-24.080291748046875,25.544097900390625,-260.32861328125
-24.357696533203125,25.685195922851562,-260.2657775878906
-24.498580932617188,26.168853759765625,-260.5712890625
-25.302276611328125,26.157928466796875,-260.34185791015625
-25.550811767578125,25.82763671875,-260.8109130859375
-26.117141723632812,25.913970947265625,-260.1846618652344
-26.827590942382812,25.3311767578125,-260.4517822265625
-27.025955200195312,24.962020874023438,-260.49798583984375
-27.947662353515625,25.574432373046875,-260.16455078125
-28.227081298828125,25.021652221679688,-260.72711181640625
-28.770523071289062,24.79425048828125,-260.8575439453125
-29.258438110351562,24.430679321289062,-260.41064453125
-29.9151611328125,24.27752685546875,-261.28662109375
-30.390518188476562,24.162124633789062,-261.76019287109375
-30.141921997070312,23.714874267578125,-262.39849853515625
-30.722335815429688,23.154891967773438,-262.5751953125
-31.362472534179688,22.575912475585938,-263.96600341796875
-31.796295166015625,21.96612548828125,-264.727294921875
-31.973953247070312,21.524505615234375,-265.27685546875
-32.679351806640625,20.73876953125,-265.791015625
-32.47117614746094,20.081253051757812,-266.494140625
-33.04277038574219,19.85894775390625,-267.5338439941406
-33.20857238769531,19.231002807617188,-267.7249755859375
-33.6295166015625,18.625869750976562,-268.42132568359375
-34.181671142578125,17.76177978515625,-268.8663330078125
-34.50639343261719,17.261245727539062,-269.9307556152344
-34.99876403808594,16.591293334960938,-270.3238220214844
-35.07269287109375,16.178726196289062,-271.28216552734375
-35.477142333984375,15.5189208984375,-271.97491455078125
-35.61564636230469,14.920928955078125,-272.86102294921875
-36.128692626953125,14.18634033203125,-273.8512878417969
-36.3116455078125,14.031875610351562,-274.90191650390625
-36.62164306640625,13.256942749023438,-275.1142272949219
-36.949371337890625,12.63641357421875,-276.3196716308594
-36.79121398925781,12.230926513671875,-276.4046325683594
-37.03556823730469,11.477920532226562,-277.5554504394531
-37.809539794921875,11.512863159179688,-278.095947265625
-37.809783935546875,11.117599487304688,-278.5325927734375
-37.82124328613281,11.056182861328125,-279.27935791015625
-38.120361328125,10.37841796875,-280.118896484375
-38.43629455566406,10.099884033203125,-280.6404724121094
-38.46965026855469,10.051956176757812,-280.99444580078125
-38.57203674316406,9.584243774414062,-281.68157958984375
-38.705047607421875,9.565475463867188,-282.01666259765625
-38.95106506347656,9.505126953125,-282.9386291503906
-38.874053955078125,9.333602905273438,-283.5384521484375
-38.94842529296875,9.059326171875,-284.1094055175781
-39.15782165527344,8.714614868164062,-284.1263122558594
-39.0111083984375,8.967193603515625,-284.726318359375
-39.61943054199219,8.694244384765625,-284.4959716796875
-39.08146667480469,8.745254516601562,-284.86444091796875
-39.10813903808594,8.371383666992188,-285.1822509765625
-39.682098388671875,8.254348754882812,-285.2230224609375
-39.470733642578125,8.386474609375,-284.787353515625
-39.55995178222656,8.223953247070312,-284.151123046875
-40.079620361328125,8.199111938476562,-283.87042236328125
-40.2628173828125,7.8593597412109375,-284.0391540527344
-40.11344909667969,8.224609375,-283.45916748046875
-40.50335693359375,7.610748291015625,-282.65606689453125
-41.13194274902344,7.722686767578125,-282.41192626953125
-40.6932373046875,7.63287353515625,-281.67401123046875
-40.684844970703125,7.5931854248046875,-281.232666015625
-40.760467529296875,7.5295867919921875,-280.370849609375
-40.98951721191406,7.50299072265625,-279.43182373046875
-40.998046875,7.5368499755859375,-278.0107727050781
-41.11344909667969,7.6738739013671875,-277.861328125
-40.493255615234375,7.730316162109375,-277.0645751953125
-40.418670654296875,7.929412841796875,-276.0498352050781
-40.07843017578125,8.226119995117188,-275.4445495605469
-40.03474426269531,8.756027221679688,-274.592529296875
-39.54791259765625,9.659835815429688,-273.82562255859375
-39.217010498046875,9.775177001953125,-273.7069091796875
-38.73370361328125,10.595199584960938,-272.729736328125
-38.2481689453125,11.04937744140625,-271.281982421875
-37.98512268066406,12.005752563476562,-270.510986328125
-37.60581970214844,12.962142944335938,-269.27081298828125
-37.21534729003906,13.612823486328125,-268.74005126953125
-36.93852233886719,14.602294921875,-267.559814453125
-36.27699279785156,15.413360595703125,-266.9221496582031
-35.738677978515625,16.767654418945312,-265.5130615234375
-35.3427734375,17.722671508789062,-264.6258544921875
-35.25416564941406,18.759063720703125,-263.84954833984375
-34.810516357421875,19.788101196289062,-262.7614440917969
-34.35469055175781,20.489151000976562,-262.2078857421875
-33.985687255859375,21.69610595703125,-261.860595703125
-33.770843505859375,22.603469848632812,-261.35809326171875
-33.234161376953125,23.397918701171875,-260.85150146484375
-32.80809020996094,24.609344482421875,-260.9707336425781
-32.35951232910156,25.3912353515625,-260.89593505859375
-32.300933837890625,26.39068603515625,-260.22076416015625
-31.953628540039062,27.349685668945312,-260.5484619140625
-31.469985961914062,27.885025024414062,-260.4985656738281
-30.815948486328125,29.1983642578125,-260.24981689453125
-30.6585693359375,30.377029418945312,-260.09674072265625
-30.373809814453125,31.14263916015625,-260.2684020996094
-30.049423217773438,32.44712829589844,-260.090087890625
-29.956100463867188,33.50245666503906,-260.017822265625
-30.029678344726562,34.65052795410156,-259.2524108886719
-29.5091552734375,35.6044921875,-258.20977783203125
-29.824234008789062,36.73310852050781,-258.0876159667969
-30.0015869140625,37.749481201171875,-257.7211608886719
-30.205291748046875,38.95558166503906,-257.5745849609375
-30.5853271484375,40.24223327636719,-256.87750244140625
-30.35467529296875,41.26448059082031,-256.1221923828125
-30.918701171875,41.90458679199219,-255.84725952148438
-31.358596801757812,43.30412292480469,-255.50209045410156
-31.364364624023438,44.13899230957031,-255.5647735595703
-31.747207641601562,45.51335144042969,-255.198486328125
-32.110015869140625,46.12388610839844,-254.50938415527344
-32.04652404785156,47.03819274902344,-254.94271850585938
-31.7412109375,47.489501953125,-254.47323608398438
-31.834625244140625,48.16468811035156,-254.60357666015625
-32.167236328125,48.70135498046875,-254.525634765625
-31.848526000976562,49.299835205078125,-254.62435913085938
-32.29981994628906,49.71116638183594,-254.3273162841797
-32.241455078125,50.17010498046875,-254.40460205078125
-32.18690490722656,50.220733642578125,-254.54010009765625
-32.22102355957031,50.4969482421875,-254.2431182861328
-32.28948974609375,50.98126220703125,-253.9702911376953
-32.50001525878906,50.92071533203125,-253.89370727539062
-32.83026123046875,51.01019287109375,-253.94444274902344
-32.55827331542969,51.05731201171875,-253.6053009033203
-32.54743957519531,51.152587890625,-254.00723266601562
-32.6534423828125,51.52848815917969,-253.85293579101562
-32.571197509765625,51.31474304199219,-253.13633728027344
-32.51361083984375,51.32682800292969,-253.94296264648438
-32.47425842285156,51.01385498046875,-253.4756317138672
-32.31349182128906,50.3638916015625,-253.20513916015625
-32.26426696777344,50.15980529785156,-252.6750946044922
-32.11235046386719,49.98231506347656,-252.78439331054688
-32.20982360839844,49.771087646484375,-252.81451416015625
-32.22718811035156,49.00300598144531,-252.95974731445312
-31.962295532226562,48.57611083984375,-252.32052612304688
-32.22489929199219,47.6341552734375,-251.72300720214844
-32.18853759765625,46.58738708496094,-251.559814453125
-32.50401306152344,45.85661315917969,-250.71746826171875
-32.47816467285156,44.18385314941406,-250.7939910888672
-32.21830749511719,43.006988525390625,-250.64524841308594
-32.25218200683594,41.5281982421875,-250.29563903808594
-32.691375732421875,40.19757080078125,-250.6663818359375
-32.54411315917969,38.56361389160156,-250.15028381347656
-32.43157958984375,37.30625915527344,-249.9560546875
-32.51197814941406,35.359344482421875,-250.2420654296875
-33.210418701171875,33.678680419921875,-250.33203125
-33.21128845214844,32.22431945800781,-251.35833740234375
-33.56587219238281,30.497604370117188,-251.1382293701172
-33.449798583984375,28.938796997070312,-251.54922485351562
-33.844635009765625,27.413558959960938,-251.66761779785156
-33.61308288574219,25.823623657226562,-253.07379150390625
-33.93318176269531,24.19586181640625,-253.38821411132812
-34.13963317871094,22.9349365234375,-254.15277099609375
-34.29026794433594,20.96807861328125,-255.2548065185547
-34.12718200683594,19.304519653320312,-256.73760986328125
-34.61091613769531,18.277557373046875,-257.31683349609375
-34.33073425292969,17.059814453125,-258.5546875
-34.73677062988281,15.6202392578125,-259.76287841796875
-34.78857421875,14.276565551757812,-260.5269775390625
-34.86329650878906,13.353713989257812,-261.4470520019531
-35.01838684082031,12.265029907226562,-262.53656005859375
-35.27461242675781,11.443862915039062,-264.515869140625
-35.576873779296875,10.591156005859375,-264.8277587890625
-35.80183410644531,9.811813354492188,-265.6539306640625
-35.7059326171875,9.274398803710938,-267.4488525390625
-35.97230529785156,8.517822265625,-268.2489013671875
-36.0025634765625,7.6806182861328125,-268.6708984375
-36.176055908203125,7.6612701416015625,-269.867919921875
-36.43098449707031,6.7665252685546875,-270.77984619140625
-36.53959655761719,6.5124664306640625,-271.63397216796875
-36.94285583496094,6.0554351806640625,-272.30010986328125
-37.2171630859375,5.537506103515625,-272.95745849609375
-37.073822021484375,5.5366363525390625,-272.9383544921875
-37.71873474121094,5.1471099853515625,-273.9593811035156
-38.10502624511719,4.7425384521484375,-273.44317626953125
-38.57231140136719,4.5135498046875,-273.2081298828125
-38.87017822265625,4.09503173828125,-273.74664306640625
-38.95855712890625,4.2841949462890625,-273.13299560546875
-39.36048889160156,4.000701904296875,-273.243408203125
-39.492401123046875,4.11767578125,-272.33306884765625
-39.93125915527344,3.8018951416015625,-271.7144470214844
-40.381134033203125,4.0968017578125,-271.7294921875
-40.27925109863281,4.1973114013671875,-271.02325439453125
-40.25634765625,3.8238372802734375,-270.29583740234375
-40.30354309082031,4.4068756103515625,-269.68524169921875
-40.51914978027344,4.3615875244140625,-268.82720947265625
-40.70384216308594,4.5623626708984375,-268.75946044921875
-40.68388366699219,4.9040374755859375,-267.54974365234375
-40.690155029296875,5.1781158447265625,-266.5492248535156
-40.57368469238281,5.30035400390625,-265.9046936035156
-40.566131591796875,5.9836578369140625,-265.09906005859375
-40.22596740722656,6.4416656494140625,-264.0472412109375
-40.194488525390625,6.44757080078125,-263.618408203125
-39.75993347167969,7.2530364990234375,-262.7109375
-39.41802978515625,8.099334716796875,-261.68389892578125
-39.236846923828125,8.619171142578125,-260.502685546875
-39.26487731933594,9.85833740234375,-259.39129638671875
-39.062164306640625,10.497940063476562,-257.75726318359375
-38.90449523925781,11.782058715820312,-256.11669921875
-38.52684020996094,13.179519653320312,-254.97071838378906
-38.418121337890625,14.3056640625,-253.41940307617188
-38.74864196777344,15.56005859375,-251.98548889160156
-39.04368591308594,17.271270751953125,-250.31008911132812
-38.702850341796875,18.392623901367188,-249.5471649169922
-38.40599060058594,20.0111083984375,-249.13211059570312
-38.302886962890625,21.087432861328125,-248.0081024169922
-38.15765380859375,21.999923706054688,-247.20346069335938
-37.80070495605469,23.366043090820312,-247.20089721679688
-36.853363037109375,24.44024658203125,-246.71046447753906
-36.73677062988281,25.516189575195312,-246.23410034179688
-35.82789611816406,26.882537841796875,-246.43971252441406
-35.603057861328125,28.064727783203125,-245.521240234375
-34.98738098144531,28.8209228515625,-245.16119384765625
-34.57530212402344,30.192291259765625,-245.07919311523438
-33.86137390136719,31.576309204101562,-244.69711303710938
-33.56964111328125,33.04010009765625,-244.19876098632812
-33.07872009277344,34.191131591796875,-244.19212341308594
-32.68721008300781,35.21003723144531,-244.5380401611328
-32.08447265625,36.87969970703125,-244.3097686767578
-31.832443237304688,37.93296813964844,-244.33145141601562
-31.663970947265625,39.22088623046875,-243.6654052734375
-31.335403442382812,40.55975341796875,-243.8961181640625
-31.1219482421875,42.1719970703125,-243.4928436279297
-31.216384887695312,43.926910400390625,-243.49368286132812
-30.730911254882812,45.267578125,-243.35623168945312
-31.320098876953125,47.20802307128906,-243.51614379882812
-31.080047607421875,48.48258972167969,-243.19969177246094
-31.163330078125,50.05805969238281,-243.24514770507812
-31.06890869140625,51.13258361816406,-243.33840942382812
-30.466339111328125,52.70686340332031,-243.5314483642578
-30.266128540039062,53.37739562988281,-244.21922302246094
-30.019622802734375,53.99131774902344,-244.0424346923828
-30.113555908203125,54.96736145019531,-244.53753662109375
-30.06134033203125,55.9212646484375,-244.93307495117188
-29.726409912109375,57.18235778808594,-244.92613220214844
-29.797531127929688,57.71000671386719,-245.32408142089844
-29.529434204101562,58.2930908203125,-245.64610290527344
-29.748199462890625,59.07513427734375,-245.71495056152344
-29.828521728515625,59.88514709472656,-245.22189331054688
-29.865859985351562,60.97605895996094,-245.21044921875
-29.858688354492188,60.86857604980469,-245.15863037109375
-30.503448486328125,61.04277038574219,-245.29359436035156
-29.754974365234375,61.80784606933594,-245.58059692382812
-29.593948364257812,62.3182373046875,-245.4244384765625
-29.566848754882812,62.22874450683594,-245.8258514404297
-29.587478637695312,62.724609375,-245.9989776611328
-29.58514404296875,62.61058044433594,-245.75355529785156
-29.488815307617188,62.273223876953125,-245.84713745117188
-29.341110229492188,62.50563049316406,-245.25233459472656
-30.09747314453125,62.29087829589844,-245.13449096679688
-30.067245483398438,61.59722900390625,-244.7877655029297
-30.476547241210938,61.30342102050781,-244.39700317382812
-30.082427978515625,60.98298645019531,-243.92990112304688
-30.5267333984375,60.41035461425781,-244.1783905029297
-30.544418334960938,59.65818786621094,-243.3442840576172
-30.586898803710938,58.561279296875,-242.17849731445312
-30.883819580078125,57.63401794433594,-241.7804412841797
-31.104400634765625,55.76422119140625,-241.3910675048828
-31.433609008789062,54.30207824707031,-240.7679901123047
-31.456298828125,52.67698669433594,-241.00534057617188
-31.310470581054688,50.97792053222656,-240.1809844970703
-31.691543579101562,49.506988525390625,-239.93849182128906
-31.491058349609375,47.76641845703125,-239.85733032226562
-31.866165161132812,45.72715759277344,-239.95510864257812
-32.20390319824219,43.831634521484375,-239.68260192871094
-32.27497863769531,41.80714416503906,-240.6764678955078
-32.21879577636719,40.17643737792969,-240.25424194335938
-32.01434326171875,38.146759033203125,-241.0012969970703
-32.50433349609375,36.45661926269531,-240.98007202148438
-32.74365234375,34.12420654296875,-241.70684814453125
-33.606719970703125,32.23350524902344,-242.2073974609375
-33.77178955078125,30.715362548828125,-242.52122497558594
-33.79669189453125,28.70068359375,-243.4710693359375
-34.158721923828125,26.89068603515625,-244.40130615234375
-34.47651672363281,24.9246826171875,-244.72149658203125
-34.62318420410156,23.640777587890625,-245.76551818847656
-34.94329833984375,22.155227661132812,-246.99072265625
-34.92063903808594,20.892684936523438,-248.0519256591797
-35.0772705078125,19.394866943359375,-248.5155792236328
-35.14576721191406,17.961822509765625,-250.3392333984375
-34.899688720703125,16.865036010742188,-251.06459045410156
-34.91825866699219,15.892288208007812,-252.6350555419922
-34.69929504394531,15.016708374023438,-253.7070770263672
-34.73741149902344,14.002731323242188,-255.28167724609375
-34.525299072265625,13.4600830078125,-256.37359619140625
-34.29402160644531,12.584564208984375,-257.1551513671875
-34.46961975097656,12.482208251953125,-258.1470947265625
-34.12481689453125,11.948638916015625,-259.04095458984375
-34.23268127441406,11.2567138671875,-260.33135986328125
-34.136199951171875,10.476028442382812,-261.5216369628906
-34.21342468261719,9.532485961914062,-261.9071960449219
-34.855560302734375,9.06597900390625,-263.33966064453125
-35.385162353515625,8.897735595703125,-263.625244140625
-36.07801818847656,8.32965087890625,-263.5770568847656
-36.2705078125,8.21185302734375,-263.895751953125
-36.886383056640625,8.104110717773438,-263.78509521484375
-37.2901611328125,8.147705078125,-263.7466125488281
-37.857757568359375,7.47540283203125,-263.50042724609375
-38.41020202636719,7.6679534912109375,-263.67681884765625
-38.68206787109375,7.5228729248046875,-262.87567138671875
-39.69862365722656,7.0791168212890625,-262.33282470703125
-39.93040466308594,7.4087677001953125,-261.70916748046875
-40.3544921875,7.3824005126953125,-261.1576232910156
-40.691497802734375,7.4739990234375,-261.07720947265625
-41.43547058105469,7.4280853271484375,-260.3717041015625
-42.114990234375,7.4680328369140625,-259.53289794921875
-42.26652526855469,8.32379150390625,-259.10394287109375
-42.59693908691406,8.127426147460938,-258.34381103515625
-42.629852294921875,8.661590576171875,-257.3697204589844
-43.694244384765625,9.210693359375,-256.09735107421875
-43.60002136230469,9.512786865234375,-255.51361083984375
-43.631256103515625,10.176345825195312,-254.99969482421875
-43.615386962890625,10.42822265625,-254.23452758789062
-43.86968994140625,11.118057250976562,-253.29847717285156
-43.83827209472656,11.74859619140625,-252.7279052734375
-43.547637939453125,12.510055541992188,-252.0845489501953
-43.45062255859375,13.6650390625,-251.29505920410156
-43.41886901855469,14.266403198242188,-250.5751190185547
-43.539459228515625,14.908645629882812,-250.10252380371094
-43.480010986328125,15.7142333984375,-249.2208709716797
-43.41778564453125,16.402603149414062,-248.04566955566406
-43.60589599609375,17.316513061523438,-247.20550537109375
-43.138763427734375,17.99102783203125,-247.16494750976562
-43.042755126953125,18.688064575195312,-246.40509033203125
-43.00025939941406,19.588638305664062,-245.6539306640625
-42.3759765625,20.132553100585938,-244.84552001953125
-42.655426025390625,20.859603881835938,-244.78126525878906
-41.89781188964844,21.632369995117188,-244.22708129882812
-41.556732177734375,22.582809448242188,-243.62652587890625
-41.29298400878906,23.427444458007812,-243.3799285888672
-40.88099670410156,24.164596557617188,-242.86219787597656
-40.3487548828125,25.084304809570312,-242.95787048339844
-39.885345458984375,25.8448486328125,-241.963134765625
-39.52836608886719,26.543991088867188,-242.05532836914062
-39.088134765625,27.721923828125,-241.37149047851562
-38.68748474121094,28.787078857421875,-241.27886962890625
-38.43821716308594,30.160797119140625,-240.5802459716797
-38.24348449707031,31.008499145507812,-240.23387145996094
-37.65052795410156,32.210357666015625,-239.8309783935547
-37.28822326660156,33.52667236328125,-240.07252502441406
-37.26507568359375,34.94012451171875,-239.5959930419922
-37.07704162597656,36.603515625,-239.1095428466797
-36.40913391113281,37.957061767578125,-238.30470275878906
-36.388641357421875,39.60302734375,-238.4280548095703
-36.91029357910156,41.120361328125,-237.86048889160156
-37.05924987792969,42.49871826171875,-237.50086975097656
-37.09709167480469,44.091888427734375,-237.40725708007812
-37.00616455078125,45.68742370605469,-237.18690490722656
-37.15888977050781,47.37489318847656,-237.0218048095703
-37.094146728515625,48.4981689453125,-236.9557647705078
-37.116058349609375,50.24659729003906,-237.09713745117188
-37.380035400390625,51.20359802246094,-237.2709503173828
-37.06660461425781,52.179962158203125,-236.73577880859375
-37.26148986816406,52.867706298828125,-236.80450439453125
-37.325103759765625,53.66691589355469,-237.01231384277344
-37.42694091796875,54.98377990722656,-236.5178985595703
-37.66510009765625,55.507568359375,-236.59912109375
-37.70121765136719,55.87513732910156,-236.95413208007812
-37.61003112792969,56.65452575683594,-236.92234802246094
-37.72032165527344,57.21171569824219,-236.9901580810547
-38.322906494140625,56.82763671875,-236.8593292236328
-38.25440979003906,57.36897277832031,-237.12176513671875
-38.77619934082031,57.380889892578125,-236.397216796875
-38.75428771972656,57.767364501953125,-237.1407012939453
-39.15742492675781,57.6075439453125,-236.73870849609375
-39.312530517578125,57.59996032714844,-236.50820922851562
-39.5098876953125,57.301361083984375,-236.46054077148438
-39.203582763671875,57.34022521972656,-236.71749877929688
-39.06547546386719,57.113861083984375,-236.6411590576172
-39.34303283691406,56.537872314453125,-237.13587951660156
-39.06358337402344,56.062744140625,-236.65084838867188
-39.15058898925781,55.69511413574219,-237.05413818359375
-39.33219909667969,54.96784973144531,-236.8490447998047
-39.53260803222656,55.09651184082031,-236.85763549804688
-39.68318176269531,54.48841857910156,-236.94845581054688
-39.88688659667969,54.04570007324219,-236.7416229248047
-39.75611877441406,53.05653381347656,-237.1832275390625
-39.77006530761719,52.14512634277344,-237.13226318359375
-40.13752746582031,50.69068908691406,-237.0214385986328
-39.84663391113281,49.16206359863281,-237.4031982421875
-40.10597229003906,47.29991149902344,-237.7215118408203
-40.319427490234375,45.671142578125,-237.9069366455078
-40.45100402832031,44.0164794921875,-238.29244995117188
-40.654266357421875,42.35600280761719,-238.66073608398438
-41.04164123535156,40.73960876464844,-239.3774871826172
-41.18623352050781,38.939727783203125,-239.65122985839844
-41.20985412597656,37.50709533691406,-240.72042846679688
-41.160919189453125,36.13194274902344,-241.08546447753906
-41.00483703613281,34.01171875,-241.63768005371094
-41.40089416503906,32.28370666503906,-243.13670349121094
-40.88275146484375,30.205307006835938,-243.93692016601562
-40.791351318359375,28.52288818359375,-245.4064483642578
-40.53570556640625,26.80047607421875,-246.7183074951172
-40.30842590332031,24.761703491210938,-248.06385803222656
-40.29188537597656,23.353240966796875,-249.7308349609375
-40.09541320800781,22.081222534179688,-251.03097534179688
-39.816131591796875,20.869522094726562,-252.25160217285156
-39.908416748046875,19.671798706054688,-253.35006713867188
-39.87806701660156,18.380859375,-254.1478271484375
-39.90081787109375,17.79876708984375,-255.50054931640625
-40.16748046875,16.853805541992188,-256.98443603515625
-40.314453125,15.89776611328125,-258.119140625
-40.204864501953125,15.40753173828125,-259.03448486328125
-40.352386474609375,15.038284301757812,-259.95709228515625
-40.50419616699219,14.232681274414062,-260.8575439453125
-40.54911804199219,13.720443725585938,-261.6707763671875
-40.54096984863281,13.3597412109375,-262.35394287109375
-40.63909912109375,12.92413330078125,-263.279541015625
-40.42829895019531,12.475189208984375,-263.7662353515625
-40.718170166015625,11.994796752929688,-264.9014892578125
-40.740875244140625,11.742599487304688,-265.70770263671875
-40.76051330566406,11.542343139648438,-266.3409423828125
-40.69020080566406,11.085952758789062,-266.83160400390625
-41.32554626464844,11.065399169921875,-266.5601806640625
-41.412078857421875,10.731491088867188,-267.1045837402344
-41.92127990722656,10.771316528320312,-266.74090576171875
-42.038848876953125,10.635650634765625,-267.5729675292969
-42.074981689453125,10.321243286132812,-267.04058837890625
-42.49626159667969,10.2213134765625,-267.2257385253906
-42.43658447265625,10.302902221679688,-267.0541687011719
-42.86204528808594,10.6016845703125,-266.83349609375
-43.045867919921875,10.521286010742188,-266.7023620605469
-43.037109375,10.294647216796875,-265.9932861328125
-43.320281982421875,10.611663818359375,-265.493408203125
-43.246612548828125,10.528305053710938,-266.3197021484375
-43.78521728515625,10.766937255859375,-265.6075439453125
-43.69447326660156,10.542861938476562,-264.84442138671875
-43.972442626953125,11.033218383789062,-264.69329833984375
-43.852386474609375,11.428237915039062,-264.12506103515625
-44.45375061035156,11.689208984375,-263.326416015625
-44.843475341796875,11.727554321289062,-262.52203369140625
-44.79963684082031,12.34417724609375,-262.1692199707031
-44.64031982421875,12.816940307617188,-261.4272155761719
-44.90061950683594,13.278549194335938,-260.34967041015625
-44.948944091796875,13.770339965820312,-259.80877685546875
-44.93635559082031,14.568756103515625,-259.2886962890625
-44.62120056152344,14.959625244140625,-258.53961181640625
-44.47148132324219,15.568450927734375,-258.33355712890625
-44.33563232421875,16.145538330078125,-257.841552734375
-43.96989440917969,16.872116088867188,-256.8893737792969
-44.12773132324219,18.008590698242188,-255.90127563476562
-43.74122619628906,18.58319091796875,-255.5448455810547
-43.07112121582031,19.163482666015625,-254.79156494140625
-42.88212585449219,19.989486694335938,-254.8266143798828
-42.491455078125,21.154754638671875,-253.8784637451172
-42.28831481933594,22.030059814453125,-253.26834106445312
-41.77375793457031,22.8663330078125,-253.0434112548828
-41.64353942871094,23.8863525390625,-252.965087890625
-41.0645751953125,24.957778930664062,-251.79698181152344
-40.887847900390625,25.555618286132812,-252.11659240722656
-40.453277587890625,26.3992919921875,-251.1869354248047
-39.877899169921875,27.042984008789062,-251.63766479492188
-39.25733947753906,28.3214111328125,-251.63223266601562
-39.37834167480469,29.02423095703125,-250.9669647216797
-38.76127624511719,29.688705444335938,-250.72560119628906
-38.463836669921875,30.971420288085938,-250.9603271484375
-38.115447998046875,31.273544311523438,-250.36669921875
-37.634857177734375,32.05329895019531,-250.54978942871094
-37.44746398925781,33.11236572265625,-250.57203674316406
-36.86187744140625,33.716094970703125,-250.6758575439453
-36.444091796875,34.970367431640625,-250.8087158203125
-36.02046203613281,36.13529968261719,-250.00587463378906
-35.90789794921875,37.10786437988281,-250.298583984375
-35.63972473144531,38.18647766113281,-249.938720703125
-35.40568542480469,39.438018798828125,-250.1593475341797
-34.95497131347656,40.704376220703125,-250.03466796875
-35.13676452636719,41.86695861816406,-250.10528564453125
-34.96424865722656,42.760162353515625,-249.84230041503906
-34.83726501464844,43.94941711425781,-249.79046630859375
-34.308441162109375,45.147064208984375,-249.73097229003906
-33.92864990234375,46.02410888671875,-249.84619140625
-33.989593505859375,46.96636962890625,-250.333740234375
-33.65293884277344,47.89384460449219,-250.47630310058594
-34.02891540527344,48.77079772949219,-250.50267028808594
-33.694061279296875,49.697021484375,-250.5159454345703
-33.780242919921875,50.18467712402344,-250.05015563964844
-33.89027404785156,50.966888427734375,-250.02554321289062
-33.814971923828125,51.59686279296875,-250.60159301757812
-34.08601379394531,51.875579833984375,-250.2288818359375
-34.13688659667969,52.297515869140625,-250.18821716308594
-34.38993835449219,52.53053283691406,-250.2159423828125
-34.42987060546875,52.64971923828125,-250.02511596679688
-34.24530029296875,53.23347473144531,-249.8772735595703
-33.877105712890625,53.64259338378906,-250.632568359375
-33.8924560546875,53.36427307128906,-250.22061157226562
-33.80058288574219,53.495697021484375,-250.83477783203125
-33.55632019042969,53.161712646484375,-250.97775268554688
-33.256927490234375,53.135101318359375,-251.2003631591797
-33.25811767578125,52.937896728515625,-251.17921447753906
-33.27082824707031,52.53669738769531,-250.4741668701172
-33.28056335449219,52.27423095703125,-251.24032592773438
-33.35198974609375,52.059906005859375,-251.35891723632812
-33.698394775390625,51.67753601074219,-250.7663116455078
-33.59925842285156,51.23518371582031,-251.63943481445312
-33.7528076171875,50.522857666015625,-251.05526733398438
-33.56231689453125,50.17814636230469,-250.8653564453125
-33.69012451171875,49.428619384765625,-250.66883850097656
-33.22578430175781,48.695831298828125,-250.541259765625
-32.89093017578125,47.37547302246094,-250.83688354492188
-33.22471618652344,46.50238037109375,-251.3157196044922
-33.528533935546875,45.257293701171875,-250.9672393798828
-33.38201904296875,43.8236083984375,-251.2479248046875
-33.15013122558594,42.789703369140625,-251.1197052001953
-33.22163391113281,41.51625061035156,-251.0020294189453
-33.25959777832031,40.14186096191406,-251.7778778076172
-33.527099609375,38.94331359863281,-252.22817993164062
-33.37425231933594,37.233062744140625,-252.8509979248047
-33.25126647949219,35.824859619140625,-253.77403259277344
-33.196990966796875,33.98448181152344,-254.0765838623047
-33.22041320800781,32.486907958984375,-254.44776916503906
-32.86737060546875,30.818649291992188,-255.99240112304688
-33.26316833496094,29.244552612304688,-256.4704895019531
-33.604644775390625,27.9300537109375,-257.56658935546875
-33.209259033203125,26.472763061523438,-258.69305419921875
-33.83180236816406,24.989486694335938,-259.44256591796875
-34.00624084472656,23.80987548828125,-260.2862548828125
-34.44902038574219,22.400146484375,-261.396728515625
-34.60595703125,21.255355834960938,-262.2270812988281
-35.21897888183594,19.800262451171875,-263.6619873046875
-35.57832336425781,18.988571166992188,-264.41546630859375
-35.972076416015625,18.087738037109375,-265.80596923828125
-36.02024841308594,17.141510009765625,-266.216552734375
-36.416015625,16.2071533203125,-266.550048828125
-37.206085205078125,15.462844848632812,-268.1297607421875
-37.56269836425781,14.651580810546875,-268.36175537109375
-37.97029113769531,14.093490600585938,-269.61065673828125
-38.547088623046875,13.483612060546875,-270.6588134765625
-39.04148864746094,12.934921264648438,-271.224365234375
-39.135040283203125,12.109970092773438,-272.07550048828125
-39.45231628417969,12.06561279296875,-272.1458740234375
-39.994598388671875,11.69329833984375,-273.2467041015625
-40.62518310546875,11.098281860351562,-273.6020812988281
-41.294830322265625,10.946624755859375,-273.2922668457031
-41.738128662109375,10.100601196289062,-273.77520751953125
-42.10894775390625,10.428024291992188,-272.9258728027344
-42.54345703125,10.124832153320312,-272.8680114746094
-43.224884033203125,9.791900634765625,-272.579833984375
-43.572113037109375,9.717666625976562,-272.3680419921875
-43.944427490234375,9.75335693359375,-271.9293212890625
-44.5858154296875,9.7203369140625,-271.535888671875
-44.929290771484375,9.781509399414062,-271.14019775390625
-45.33403015136719,9.671478271484375,-271.204833984375
-45.73771667480469,9.942901611328125,-270.11834716796875
-45.82057189941406,10.287033081054688,-270.0052490234375
-46.16413879394531,10.475540161132812,-269.2867431640625
-46.19932556152344,10.78436279296875,-268.51153564453125
-46.42921447753906,10.892471313476562,-267.7572326660156
-46.29058837890625,11.130783081054688,-267.19171142578125
-46.370941162109375,11.409957885742188,-266.3020324707031
-46.495513916015625,11.889358520507812,-265.7567138671875
-46.07301330566406,12.349517822265625,-265.4040222167969
-46.08241271972656,12.682220458984375,-264.56317138671875
-45.48225402832031,12.9228515625,-264.5696716308594
-45.07005310058594,13.578155517578125,-264.9013671875
-44.60670471191406,13.862274169921875,-264.1183776855469
-44.313140869140625,14.392974853515625,-263.6300048828125
-43.4969482421875,14.976181030273438,-263.51123046875
-42.984344482421875,15.244857788085938,-263.7958984375
-42.23533630371094,15.909652709960938,-262.98687744140625
-41.76377868652344,16.63494873046875,-262.2244567871094
-41.12803649902344,17.228500366210938,-262.12823486328125
-40.95994567871094,18.028640747070312,-260.98419189453125
-40.618865966796875,18.547149658203125,-260.822509765625
-40.08229064941406,19.140121459960938,-261.01544189453125
-39.616943359375,19.697906494140625,-260.380126953125
-38.91279602050781,20.880035400390625,-260.4061279296875
-38.47218322753906,21.066879272460938,-260.05010986328125
-38.25132751464844,21.5882568359375,-260.05908203125
-37.38865661621094,22.523727416992188,-259.5640869140625
-37.21449279785156,22.957733154296875,-259.9556884765625
-36.74525451660156,23.55828857421875,-260.4586181640625
-36.110107421875,24.0721435546875,-260.029052734375
-35.8062744140625,24.454193115234375,-260.19610595703125
-35.461456298828125,25.248138427734375,-260.42083740234375
-34.951873779296875,25.91046142578125,-260.6220703125
-34.52436828613281,26.588729858398438,-260.11468505859375
-34.39006042480469,27.248291015625,-260.21295166015625
-33.9593505859375,27.578216552734375,-259.74346923828125
-33.585601806640625,28.4588623046875,-259.04144287109375
-33.51387023925781,28.987930297851562,-259.2794189453125
-33.19401550292969,29.760177612304688,-259.1692199707031
-32.90423583984375,30.538253784179688,-258.77484130859375
-32.68426513671875,31.351425170898438,-258.3670959472656
-32.639312744140625,31.853836059570312,-258.59136962890625
-32.31884765625,32.51849365234375,-258.0162658691406
-32.35420227050781,33.6439208984375,-257.41217041015625
-31.959442138671875,34.482330322265625,-257.38165283203125
-32.01029968261719,35.025604248046875,-256.8028869628906
-31.688308715820312,35.952911376953125,-257.0495300292969
-31.486419677734375,36.54383850097656,-256.645751953125
-31.855361938476562,37.35066223144531,-255.97265625
-31.688262939453125,38.26026916503906,-256.2430419921875
-31.369415283203125,39.07395935058594,-256.0118408203125
-31.402816772460938,39.54832458496094,-255.37893676757812
-31.589828491210938,40.509429931640625,-255.64971923828125
-31.380615234375,41.01130676269531,-255.46588134765625
-31.300033569335938,41.43879699707031,-255.23373413085938
-31.614425659179688,42.25608825683594,-254.95181274414062
-31.577957153320312,42.889068603515625,-255.39999389648438
-31.54473876953125,43.29875183105469,-254.87213134765625
-31.521347045898438,43.751922607421875,-255.4438934326172
-31.354507446289062,44.15980529785156,-255.4209747314453
-31.10894775390625,44.50181579589844,-255.3551483154297
-30.978179931640625,44.57464599609375,-255.74717712402344
-30.673446655273438,44.28135681152344,-255.91766357421875
-30.518844604492188,44.53727722167969,-256.0989990234375
-30.175369262695312,44.821075439453125,-255.9962158203125
-30.065216064453125,45.04827880859375,-256.6745300292969
-29.816940307617188,44.49951171875,-257.31890869140625
-29.847076416015625,44.09169006347656,-256.8980712890625
-29.79974365234375,43.90879821777344,-256.97967529296875
-29.929290771484375,43.379119873046875,-257.4095153808594
-30.24212646484375,43.2943115234375,-257.14752197265625
-30.569976806640625,43.01141357421875,-256.8299560546875
-30.63848876953125,42.508209228515625,-256.398193359375
-31.172073364257812,41.89044189453125,-256.21795654296875
-31.157928466796875,41.35856628417969,-255.86373901367188
-31.261993408203125,40.996490478515625,-255.87757873535156
-32.09074401855469,40.13175964355469,-256.23480224609375
-32.015167236328125,39.32664489746094,-256.26922607421875
-32.33909606933594,38.3743896484375,-256.48748779296875
-32.387908935546875,37.28520202636719,-256.69647216796875
-32.37409973144531,36.408721923828125,-257.4464111328125
-32.61625671386719,35.461883544921875,-257.45416259765625
-32.57102966308594,34.385498046875,-257.87237548828125
-32.99485778808594,32.79176330566406,-258.4162292480469
-33.244873046875,31.944259643554688,-259.4549560546875
-32.99603271484375,30.607620239257812,-260.35906982421875
-33.28486633300781,29.821441650390625,-261.53338623046875
-33.761566162109375,28.429397583007812,-262.16448974609375
-33.61759948730469,27.374252319335938,-262.8424072265625
-34.028228759765625,26.486160278320312,-264.00506591796875
-34.376495361328125,25.3980712890625,-265.00799560546875
-34.73554992675781,24.494232177734375,-266.3153381347656
-34.52610778808594,23.553329467773438,-267.44384765625
-34.87513732910156,22.594482421875,-267.90484619140625
-35.32630920410156,21.801254272460938,-269.392822265625
-35.89051818847656,20.97100830078125,-270.291748046875
-36.05635070800781,20.22711181640625,-271.4000244140625
-36.64949035644531,19.458053588867188,-273.2530822753906
-37.05133056640625,19.063751220703125,-273.6650390625
-37.1103515625,18.934616088867188,-274.5002746582031
-37.617034912109375,18.597381591796875,-275.7208251953125
-38.08644104003906,18.159439086914062,-276.13702392578125
-38.16426086425781,17.535507202148438,-277.20428466796875
-38.50465393066406,17.236434936523438,-278.74786376953125
-38.66539001464844,17.130218505859375,-279.0225830078125
-39.03379821777344,17.114273071289062,-280.58905029296875
-39.097930908203125,16.710052490234375,-280.8507080078125
-39.341400146484375,16.62054443359375,-282.1964111328125
-39.63525390625,16.403350830078125,-282.90350341796875
-39.84431457519531,16.127334594726562,-283.44866943359375
-40.1947021484375,16.152877807617188,-283.87884521484375
-40.269622802734375,16.0634765625,-284.22760009765625
-40.629486083984375,15.793685913085938,-284.780517578125
-40.97918701171875,15.805587768554688,-284.249755859375
-41.2655029296875,15.958969116210938,-284.1492614746094
-41.71368408203125,16.03179931640625,-284.85455322265625
-42.010101318359375,15.766510009765625,-284.47113037109375
-41.848663330078125,15.564239501953125,-284.9185791015625
-42.39739990234375,15.592025756835938,-284.97808837890625
-42.691253662109375,15.359390258789062,-284.59722900390625
-42.50579833984375,15.478897094726562,-284.9208984375
-42.97052001953125,15.499252319335938,-284.671875
-42.83921813964844,15.363739013671875,-284.578857421875
-43.04512023925781,15.762557983398438,-285.0047912597656
-43.38523864746094,15.499649047851562,-284.42706298828125
-43.3896484375,15.564315795898438,-284.435546875
-43.46275329589844,15.524185180664062,-284.0091552734375
-43.59637451171875,15.718963623046875,-283.46142578125
-43.64561462402344,16.083297729492188,-283.21392822265625
-43.623016357421875,15.574264526367188,-282.4273681640625
-43.584716796875,15.823272705078125,-282.48876953125
-43.324859619140625,16.153533935546875,-282.716064453125
-43.549560546875,16.272262573242188,-281.5244445800781
-43.43489074707031,16.14599609375,-280.7612609863281
-43.57829284667969,16.476303100585938,-280.59991455078125
-43.57215881347656,16.597381591796875,-279.8553466796875
-43.21002197265625,16.995529174804688,-278.9137268066406
-43.078216552734375,17.40625,-278.46832275390625
-43.002044677734375,17.132339477539062,-277.874267578125
-42.80964660644531,17.281875610351562,-277.3248596191406
-42.74037170410156,17.393295288085938,-276.750732421875
-42.72959899902344,18.059371948242188,-276.45562744140625
-42.44160461425781,18.422836303710938,-276.245849609375
-42.11238098144531,18.681610107421875,-275.9393310546875
-41.6671142578125,18.557083129882812,-275.5673522949219
-41.82301330566406,18.802337646484375,-274.6107482910156
-42.03466796875,19.04534912109375,-274.5069885253906
-41.523956298828125,19.0762939453125,-274.18365478515625
-41.730865478515625,19.3465576171875,-273.76837158203125
-41.452178955078125,19.70062255859375,-273.15924072265625
-41.177825927734375,20.136306762695312,-273.27862548828125
-41.04643249511719,20.153701782226562,-272.766357421875
-41.20115661621094,20.541259765625,-271.9540710449219
-41.079742431640625,20.855606079101562,-272.3339538574219
-40.637908935546875,20.946533203125,-271.731201171875
-40.287261962890625,21.26397705078125,-271.4877014160156
-39.94171142578125,21.729339599609375,-271.0175476074219
-39.91387939453125,21.853469848632812,-270.7821350097656
-39.53045654296875,22.372039794921875,-270.6049499511719
-39.46299743652344,23.005142211914062,-270.4021911621094
-38.977783203125,22.920028686523438,-270.10968017578125
-38.78318786621094,23.921051025390625,-270.322265625
-38.466796875,24.126663208007812,-269.4478759765625
-38.25367736816406,24.471527099609375,-269.08612060546875
-37.92997741699219,24.98834228515625,-268.63232421875
-37.84013366699219,25.589859008789062,-268.3792724609375
-37.845703125,26.067092895507812,-267.76898193359375
-37.820068359375,26.690643310546875,-267.60906982421875
-37.20674133300781,27.375823974609375,-267.15673828125
-37.47795104980469,27.7410888671875,-267.29217529296875
-36.58717346191406,28.174697875976562,-267.2153015136719
-36.41009521484375,28.713516235351562,-267.1055908203125
-36.46165466308594,29.270843505859375,-266.884033203125
-36.08587646484375,29.568252563476562,-267.10601806640625
-35.95790100097656,30.0296630859375,-267.6795959472656
-35.5482177734375,30.564132690429688,-267.98834228515625
-35.10986328125,31.040054321289062,-268.3653869628906
-34.766265869140625,31.355056762695312,-268.5552978515625
-34.30793762207031,31.51727294921875,-268.9791259765625
-34.01078796386719,31.906143188476562,-269.405029296875
-33.706756591796875,32.15065002441406,-269.49365234375
-33.35899353027344,32.29051208496094,-269.9242248535156
-33.23533630371094,32.79432678222656,-270.4113464355469
-32.99070739746094,33.05696105957031,-270.29254150390625
-33.59834289550781,33.19677734375,-270.4354553222656
-33.18788146972656,33.03717041015625,-270.69464111328125
-33.49424743652344,33.1849365234375,-271.2580261230469
-33.268310546875,32.813140869140625,-271.20526123046875
-33.67674255371094,32.89054870605469,-270.95465087890625
-33.710906982421875,32.83583068847656,-270.55706787109375
-34.21800231933594,33.18000793457031,-270.3499755859375
-34.446990966796875,33.1171875,-270.46270751953125
-34.95405578613281,33.00260925292969,-269.83135986328125
-35.26301574707031,32.39118957519531,-270.1216125488281
-35.62481689453125,32.12066650390625,-269.701904296875
-36.17425537109375,32.12007141113281,-270.4215087890625
-36.35108947753906,31.369873046875,-270.8715515136719
-36.73014831542969,31.311660766601562,-271.0575256347656
-36.84864807128906,30.522369384765625,-271.7191162109375
-37.53956604003906,30.372268676757812,-272.2576904296875
-37.88941955566406,29.870834350585938,-272.259033203125
-38.62867736816406,29.464324951171875,-273.12225341796875
-38.886199951171875,29.165481567382812,-273.4913330078125
-39.137359619140625,28.912368774414062,-274.3433837890625
-39.86802673339844,28.901092529296875,-275.0641784667969
-40.18913269042969,28.52130126953125,-276.17742919921875
-41.00248718261719,28.344863891601562,-277.412841796875
-41.150634765625,28.230133056640625,-278.2377624511719
-41.256134033203125,28.140625,-278.48516845703125
-41.96293640136719,27.9031982421875,-279.5477294921875
-42.20726013183594,28.30535888671875,-280.70477294921875
-42.64735412597656,28.04522705078125,-281.3961181640625
-43.01509094238281,28.3524169921875,-281.539306640625
-43.265411376953125,28.419601440429688,-282.68328857421875
-43.90583801269531,28.333251953125,-282.7215270996094
-43.79866027832031,28.538040161132812,-283.4510192871094
-44.358489990234375,28.719863891601562,-284.1194152832031
-44.57470703125,28.864959716796875,-284.6651611328125
-44.54054260253906,29.017807006835938,-284.99188232421875
-44.84120178222656,29.11492919921875,-285.69354248046875
-44.73588562011719,29.188888549804688,-285.5559387207031
-44.65032958984375,29.463882446289062,-286.3957824707031
-44.778167724609375,29.990768432617188,-287.00994873046875
-44.645355224609375,29.9747314453125,-285.98394775390625
-44.681060791015625,30.107620239257812,-286.47930908203125
-45.03407287597656,29.859695434570312,-286.87298583984375
-44.55854797363281,30.109939575195312,-286.9263000488281
-44.7657470703125,30.270584106445312,-286.9158020019531
-44.70164489746094,30.824615478515625,-286.78155517578125
-44.98439025878906,30.277435302734375,-287.556884765625
-44.83479309082031,30.28680419921875,-287.278564453125
-44.77171325683594,30.293930053710938,-286.91925048828125
-44.7706298828125,30.328781127929688,-287.255615234375
-44.47138977050781,30.134414672851562,-286.73272705078125
-44.40129089355469,29.87445068359375,-286.6295471191406
-44.33888244628906,29.821456909179688,-286.8326416015625
-44.39573669433594,30.092971801757812,-285.9602355957031
-44.64231872558594,29.315948486328125,-285.99169921875
-44.00367736816406,29.3155517578125,-285.72906494140625
-44.697662353515625,29.269943237304688,-285.8665466308594
-44.63420104980469,29.36248779296875,-285.48040771484375
-44.43609619140625,29.406585693359375,-284.98602294921875
-44.4407958984375,29.105056762695312,-285.05084228515625
-44.44938659667969,28.9691162109375,-284.2756652832031
-44.4442138671875,28.763534545898438,-283.9383544921875
-44.30213928222656,28.597579956054688,-282.8876953125
-44.15391540527344,28.62939453125,-282.8230285644531
-44.054168701171875,28.505172729492188,-282.04437255859375
-44.2459716796875,28.636810302734375,-282.03118896484375
-44.540069580078125,28.712905883789062,-280.85784912109375
-44.01829528808594,29.016342163085938,-280.09698486328125
-44.07289123535156,29.40167236328125,-279.67840576171875
-43.947296142578125,29.327285766601562,-278.80865478515625
-44.14979553222656,30.029388427734375,-277.84442138671875
-44.38636779785156,30.445144653320312,-276.89642333984375
-44.31260681152344,30.74462890625,-276.327880859375
-44.17674255371094,30.729339599609375,-275.3057861328125
-43.914794921875,30.928604125976562,-274.66131591796875
-43.93634033203125,31.864791870117188,-274.5819091796875
-44.25773620605469,32.017303466796875,-274.2655944824219
-43.70872497558594,32.72499084472656,-274.02716064453125
-43.6385498046875,32.97235107421875,-273.3424072265625
-43.694000244140625,33.27177429199219,-273.0694274902344
-43.51673889160156,34.07615661621094,-272.1964111328125
-43.490692138671875,34.243682861328125,-272.7800598144531
-43.23016357421875,34.89997863769531,-272.9654541015625
-42.713104248046875,35.116058349609375,-272.87200927734375
-42.62879943847656,35.672027587890625,-272.8612060546875
-42.52644348144531,36.11932373046875,-272.777099609375
-42.52783203125,36.33872985839844,-273.3719177246094
-42.45909118652344,36.966583251953125,-272.6262512207031
-42.15553283691406,37.81365966796875,-273.03302001953125
-42.025054931640625,37.97218322753906,-273.48046875
-41.788848876953125,38.62702941894531,-273.2079772949219
-41.43165588378906,39.3028564453125,-273.29229736328125
-41.47084045410156,40.16957092285156,-273.25439453125
-41.33180236816406,40.749420166015625,-273.5305480957031
-41.2469482421875,41.4835205078125,-273.773193359375
-41.244598388671875,41.73968505859375,-273.8780212402344
-40.82914733886719,42.474029541015625,-274.1058349609375
-40.87977600097656,43.18925476074219,-274.75531005859375
-40.897552490234375,43.83416748046875,-274.49755859375
-40.79484558105469,44.31134033203125,-274.47601318359375
-40.75859069824219,45.05320739746094,-274.32647705078125
-40.70758056640625,45.34271240234375,-274.9554138183594
-40.84846496582031,45.84321594238281,-274.9662780761719
-40.927825927734375,46.87486267089844,-275.4107666015625
-40.63655090332031,47.14892578125,-275.84722900390625
-40.723541259765625,47.885467529296875,-275.538818359375
-40.628631591796875,48.663665771484375,-276.0723876953125
-40.60502624511719,48.74888610839844,-276.1196594238281
-40.912933349609375,49.42088317871094,-275.99395751953125
-40.808990478515625,50.09104919433594,-276.1932373046875
-41.08824157714844,50.53327941894531,-276.62548828125
-40.69769287109375,50.77301025390625,-276.31719970703125
-40.7525634765625,51.342254638671875,-276.4698486328125
-41.13287353515625,51.84913635253906,-276.93182373046875
-40.80316162109375,52.15946960449219,-276.8982849121094
-40.7391357421875,52.633514404296875,-277.1728515625
-40.92510986328125,53.30413818359375,-277.23406982421875
-40.97721862792969,53.332000732421875,-277.56988525390625
-40.9400634765625,54.01226806640625,-277.88018798828125
-40.52531433105469,54.188995361328125,-277.8731689453125
-41.04852294921875,54.54255676269531,-277.8778381347656
-40.67047119140625,54.853790283203125,-277.9296875
-40.578094482421875,55.0189208984375,-277.7867431640625
-40.189697265625,55.36146545410156,-277.9439697265625
-40.12660217285156,55.58366394042969,-277.0672607421875
-39.94102478027344,55.990203857421875,-277.2648010253906
-39.49720764160156,56.025665283203125,-277.0845947265625
-39.6943359375,56.6912841796875,-276.7862854003906
-39.421051025390625,56.345916748046875,-276.4544677734375
-38.76808166503906,56.81501770019531,-275.85540771484375
-38.1683349609375,56.78741455078125,-276.16143798828125
-38.0040283203125,56.31364440917969,-275.2591247558594
-37.422332763671875,56.05999755859375,-274.61126708984375
-36.708404541015625,55.68107604980469,-274.1011962890625
-36.191986083984375,55.5242919921875,-273.67138671875
-35.5965576171875,54.75566101074219,-273.10968017578125
-34.976898193359375,54.31962585449219,-273.10162353515625
-34.44769287109375,53.44721984863281,-272.84033203125
-33.815582275390625,52.39564514160156,-271.85455322265625
-33.42286682128906,51.16923522949219,-271.48907470703125
-32.86042785644531,50.26481628417969,-270.4091796875
-32.53108215332031,48.707427978515625,-270.27117919921875
-32.3441162109375,47.6199951171875,-269.29278564453125
-32.23974609375,46.03379821777344,-269.118896484375
-32.154632568359375,45.10174560546875,-267.9078674316406
-32.056915283203125,43.49812316894531,-267.70208740234375
-31.8597412109375,41.66664123535156,-267.18743896484375
-31.774917602539062,40.25648498535156,-266.3548278808594
-31.979644775390625,39.052581787109375,-265.64691162109375
-32.439910888671875,37.71461486816406,-265.4170227050781
-32.54791259765625,36.19664001464844,-265.6139831542969
-32.45539855957031,34.788726806640625,-265.216064453125
-32.483123779296875,33.34992980957031,-265.15728759765625
-32.49128723144531,32.654052734375,-265.540283203125
-32.75358581542969,31.033782958984375,-265.77386474609375
-32.64665222167969,29.7418212890625,-265.4263916015625
-32.65216064453125,28.70684814453125,-266.11895751953125
-32.87089538574219,28.01007080078125,-266.41912841796875
-32.649932861328125,26.689529418945312,-266.9022216796875
-32.96601867675781,26.119232177734375,-267.6080322265625
-33.04754638671875,25.55487060546875,-267.70758056640625
-32.97743225097656,24.773483276367188,-267.8382568359375
-33.076141357421875,23.859298706054688,-268.50006103515625
-32.82701110839844,23.493621826171875,-268.50067138671875
-33.30867004394531,22.698577880859375,-268.9264831542969
-33.27842712402344,22.1212158203125,-268.85162353515625
-33.53300476074219,21.588958740234375,-269.360595703125
-33.76841735839844,21.075057983398438,-268.8299255371094
-33.92799377441406,20.91827392578125,-269.25836181640625
-34.20896911621094,20.634002685546875,-268.77447509765625
-34.588226318359375,20.053848266601562,-268.2170715332031
-34.66596984863281,19.96697998046875,-268.20989990234375
-34.59645080566406,19.682235717773438,-267.46795654296875
-34.707794189453125,19.317169189453125,-267.23614501953125
-35.03587341308594,19.623046875,-266.3212890625
-35.38055419921875,19.49127197265625,-265.656982421875
-35.50944519042969,19.472518920898438,-265.0999755859375
-35.605682373046875,19.9150390625,-264.88616943359375
-35.68475341796875,19.866668701171875,-264.0760498046875
-35.68402099609375,20.150848388671875,-263.911865234375
-35.879669189453125,20.220794677734375,-262.719970703125
-35.76385498046875,20.494186401367188,-262.160888671875
-35.839630126953125,20.827041625976562,-261.750732421875
-35.57878112792969,21.453369140625,-261.4173583984375
-35.37486267089844,21.775405883789062,-261.0101318359375
-35.12298583984375,22.18035888671875,-259.97705078125
-35.02589416503906,22.512619018554688,-259.8692626953125
-34.78788757324219,23.498458862304688,-259.4347229003906
-34.4957275390625,24.005340576171875,-258.52447509765625
-34.289031982421875,24.846755981445312,-258.68988037109375
-34.131805419921875,25.513229370117188,-257.9942932128906
-33.90997314453125,26.357223510742188,-257.3335876464844
-33.41400146484375,27.162200927734375,-257.08154296875
-33.76136779785156,28.137771606445312,-256.51336669921875
-33.44084167480469,29.031280517578125,-255.93209838867188
-33.42005920410156,30.012344360351562,-255.58203125
-33.133148193359375,30.988067626953125,-255.55111694335938
-32.43843078613281,32.063995361328125,-254.93983459472656
-32.38533020019531,33.02607727050781,-255.05238342285156
-31.454849243164062,34.44384765625,-254.53189086914062
-31.849884033203125,35.307586669921875,-255.11279296875
-31.096939086914062,36.219970703125,-254.5388641357422
-30.319473266601562,37.077880859375,-254.5977325439453
-30.497055053710938,38.20631408691406,-254.86306762695312
-29.851913452148438,39.42694091796875,-254.79452514648438
-29.375869750976562,40.493621826171875,-254.82473754882812
-28.9708251953125,41.444122314453125,-254.96697998046875
-28.780593872070312,42.73866271972656,-255.31298828125
-28.306808471679688,43.61128234863281,-255.26539611816406
-27.724838256835938,44.68794250488281,-255.7889404296875
-27.452041625976562,45.97892761230469,-255.95140075683594
-27.444259643554688,46.96821594238281,-256.01092529296875
-27.085403442382812,48.45283508300781,-256.122802734375
-26.973403930664062,49.87684631347656,-256.9609069824219
-26.701644897460938,51.26542663574219,-257.39111328125
-26.591583251953125,52.43231201171875,-257.7699279785156
-26.577789306640625,53.77455139160156,-257.590576171875
-26.312362670898438,55.04542541503906,-258.4889831542969
-26.419876098632812,56.457977294921875,-259.09222412109375
-26.337570190429688,57.45088195800781,-259.8487854003906
-26.083541870117188,58.46235656738281,-260.193603515625
-26.147979736328125,59.53004455566406,-260.510986328125
-26.287933349609375,60.84529113769531,-260.57501220703125
-26.655593872070312,61.85325622558594,-261.4378356933594
-26.819091796875,62.461700439453125,-261.2174072265625
-26.85546875,63.69960021972656,-261.80206298828125
-26.895095825195312,64.09832763671875,-261.79754638671875
-27.062179565429688,64.80503845214844,-261.65478515625
-27.3399658203125,65.36570739746094,-261.8518371582031
-27.50146484375,65.66148376464844,-261.856201171875
-27.493820190429688,66.33750915527344,-262.0545349121094
-27.511459350585938,66.65304565429688,-261.396484375
-27.459396362304688,67.13565063476562,-261.50115966796875
-27.61181640625,67.34123229980469,-261.4644470214844
-27.725341796875,67.41355895996094,-261.663818359375
-27.446884155273438,67.16571044921875,-261.07965087890625
-27.099136352539062,67.3228759765625,-261.1954650878906
-27.093826293945312,67.27804565429688,-261.096435546875
-26.937164306640625,67.15786743164062,-260.99755859375
-26.774246215820312,66.79461669921875,-260.491943359375
-26.188690185546875,66.21292114257812,-260.8953857421875
-25.893890380859375,66.08343505859375,-260.5563049316406
-25.604049682617188,65.50936889648438,-259.96429443359375
-25.328140258789062,64.90536499023438,-259.663330078125
-24.813873291015625,64.302734375,-259.00250244140625
-24.892013549804688,63.0242919921875,-258.2434997558594
-24.435409545898438,62.212158203125,-258.24273681640625
-24.159255981445312,61.662078857421875,-257.36529541015625
-24.126052856445312,60.22845458984375,-256.450439453125
-23.63470458984375,58.88600158691406,-255.54257202148438
-23.742767333984375,57.25450134277344,-255.93605041503906
-23.31646728515625,55.420196533203125,-255.1620330810547
-23.443359375,53.5283203125,-254.94671630859375
-23.1317138671875,51.01373291015625,-254.44981384277344
-23.51251220703125,49.073516845703125,-253.55007934570312
-23.299560546875,47.2674560546875,-253.91465759277344
-23.56268310546875,45.34539794921875,-253.33197021484375
-23.933731079101562,43.03941345214844,-252.97955322265625
-24.664840698242188,40.688629150390625,-253.11019897460938
-25.266921997070312,38.23481750488281,-253.39666748046875
-25.610855102539062,36.240936279296875,-253.66348266601562
-26.230438232421875,33.70747375488281,-253.89512634277344
-26.859344482421875,31.624252319335938,-253.6666259765625
-27.958404541015625,29.344894409179688,-254.47328186035156
-29.1051025390625,27.132888793945312,-254.9722442626953
-29.984619140625,24.892776489257812,-254.8129119873047
-30.982177734375,23.508712768554688,-256.157470703125
-31.933609008789062,21.177520751953125,-257.17279052734375
-33.024627685546875,19.597000122070312,-257.6375732421875
-33.94721984863281,18.511993408203125,-258.5238037109375
-34.883392333984375,16.895736694335938,-259.7097473144531
-35.75115966796875,15.105636596679688,-260.3179016113281
-36.44831848144531,14.179183959960938,-261.2277526855469
-37.41746520996094,13.043304443359375,-262.79193115234375
-38.33250427246094,12.130661010742188,-263.5943298339844
-39.00077819824219,11.289352416992188,-264.3529357910156
-39.715118408203125,10.565322875976562,-265.3074951171875
-40.72737121582031,10.119186401367188,-266.77783203125
-40.87294006347656,9.18560791015625,-267.167236328125
-41.99473571777344,8.544921875,-267.5685119628906
-42.467529296875,8.193878173828125,-268.718017578125
-43.08148193359375,7.8437042236328125,-269.3572998046875
-43.62532043457031,7.5438690185546875,-269.8236083984375
-44.04371643066406,7.5102996826171875,-270.3494567871094
-44.78199768066406,7.2310028076171875,-270.457275390625
-45.59819030761719,6.9920196533203125,-270.4810791015625
-45.9788818359375,6.5991668701171875,-270.2353515625
-46.914764404296875,6.385986328125,-270.44830322265625
-47.04866027832031,5.96197509765625,-270.9665222167969
-47.417266845703125,6.08465576171875,-270.65228271484375
-48.007537841796875,6.36541748046875,-270.85406494140625
-48.54481506347656,6.5184326171875,-270.61798095703125
-49.11634826660156,6.430023193359375,-270.31524658203125
-49.37042236328125,5.9607696533203125,-269.842041015625
-49.91583251953125,6.8348388671875,-269.46124267578125
-49.941253662109375,6.736083984375,-269.10943603515625
-49.975799560546875,6.9878387451171875,-268.98626708984375
-50.35693359375,7.2864990234375,-268.4656677246094
-50.25532531738281,7.4029693603515625,-267.8644714355469
-50.54399108886719,7.925689697265625,-267.0054931640625
-50.61466979980469,8.082626342773438,-266.991455078125
-50.651397705078125,8.097320556640625,-266.10736083984375
-50.64701843261719,8.550643920898438,-265.61865234375
-50.48936462402344,8.494354248046875,-265.6687927246094
-50.42710876464844,8.88409423828125,-264.8924865722656
-50.42408752441406,9.01812744140625,-264.820068359375
-49.65142822265625,9.628219604492188,-264.27001953125
-49.53558349609375,10.126388549804688,-263.41436767578125
-48.902130126953125,10.76629638671875,-263.017333984375
-48.87239074707031,10.969207763671875,-262.7423400878906
-48.16731262207031,11.713577270507812,-262.2801513671875
-47.6995849609375,12.558135986328125,-260.616943359375
-47.51380920410156,13.231842041015625,-260.80548095703125
-46.746337890625,13.723419189453125,-259.7951965332031
-47.100677490234375,14.516342163085938,-258.68695068359375
-46.34599304199219,15.011764526367188,-258.76312255859375
-46.00032043457031,15.693038940429688,-257.14813232421875
-45.47572326660156,16.148727416992188,-257.11029052734375
-44.86378479003906,17.221405029296875,-256.60089111328125
-44.16780090332031,17.961273193359375,-256.6761474609375
-43.601104736328125,18.247528076171875,-256.2130126953125
-43.02827453613281,19.262725830078125,-255.59576416015625
-42.25115966796875,19.790939331054688,-255.74264526367188
-41.57002258300781,20.32659912109375,-255.5949249267578
-40.71263122558594,21.0203857421875,-255.30401611328125
-39.99128723144531,21.308944702148438,-255.68234252929688
-39.105621337890625,21.877792358398438,-255.48291015625
-38.458221435546875,22.91339111328125,-255.48829650878906
-38.04154968261719,23.448486328125,-254.98683166503906
-37.17805480957031,24.520751953125,-254.7672576904297
-36.806671142578125,25.270431518554688,-254.6585235595703
-36.16265869140625,25.77484130859375,-254.2577362060547
-35.743743896484375,26.9630126953125,-254.58311462402344
-35.40989685058594,28.04730224609375,-254.4777069091797
-34.73193359375,29.090911865234375,-253.73370361328125
-34.71250915527344,29.89111328125,-253.4376678466797
-33.9461669921875,30.833084106445312,-253.20599365234375
-33.80986022949219,32.11015319824219,-252.7876739501953
-33.345794677734375,32.88493347167969,-252.69293212890625
-33.390838623046875,34.10527038574219,-252.5347900390625
-33.29939270019531,34.98054504394531,-252.14208984375
-32.9722900390625,36.08686828613281,-252.04931640625
-33.16015625,36.9376220703125,-251.6284942626953
-32.91624450683594,38.06706237792969,-251.22972106933594
-32.82698059082031,38.82347106933594,-251.42652893066406
-33.178924560546875,40.00773620605469,-251.13961791992188
-33.19866943359375,40.6666259765625,-250.29299926757812
-33.434478759765625,41.06944274902344,-250.3436279296875
-33.50532531738281,42.11604309082031,-250.06097412109375
-33.93328857421875,42.83842468261719,-249.45999145507812
-33.89460754394531,43.15736389160156,-249.230224609375
-34.159759521484375,44.13775634765625,-249.1632537841797
-34.96321105957031,44.49882507324219,-248.35655212402344
-35.66014099121094,44.483551025390625,-248.25953674316406
-35.71064758300781,44.83222961425781,-247.98175048828125
-36.41975402832031,44.92909240722656,-247.86996459960938
-36.60176086425781,44.87528991699219,-247.55157470703125
-37.29583740234375,44.39781188964844,-247.47715759277344
-37.75567626953125,44.40141296386719,-247.6652069091797
-38.06256103515625,44.07621765136719,-247.5612030029297
-38.47041320800781,44.093780517578125,-247.87876892089844
-38.68360900878906,43.617706298828125,-247.46412658691406
-39.057037353515625,43.24702453613281,-247.645263671875
-39.42118835449219,42.61671447753906,-247.57838439941406
-39.66351318359375,41.980987548828125,-247.95376586914062
-40.45384216308594,41.29512023925781,-248.0099639892578
-40.87567138671875,40.808868408203125,-247.4066619873047
-41.5836181640625,40.15708923339844,-247.95811462402344
-42.52607727050781,39.38134765625,-247.88006591796875
-43.108306884765625,38.96211242675781,-247.78530883789062
-43.91954040527344,38.45268249511719,-247.8916473388672
-44.51741027832031,38.33979797363281,-248.22874450683594
-45.290130615234375,37.85987854003906,-247.9983673095703
-45.49571228027344,37.068572998046875,-248.18896484375
-46.33897399902344,36.779876708984375,-248.85533142089844
-46.98930358886719,35.74310302734375,-248.935302734375
-47.012725830078125,34.41255187988281,-249.5885772705078
-46.98344421386719,33.93446350097656,-250.32958984375
-47.68110656738281,32.86994934082031,-250.82179260253906
-48.124847412109375,31.9307861328125,-251.64501953125
-48.23832702636719,31.180526733398438,-252.283935546875
-48.536163330078125,29.884078979492188,-253.4893341064453
-48.50282287597656,29.25128173828125,-254.42189025878906
-48.45698547363281,28.19390869140625,-255.12071228027344
-48.501373291015625,27.33697509765625,-256.10467529296875
-48.6689453125,26.55670166015625,-257.24542236328125
-48.75238037109375,25.165740966796875,-258.14410400390625
-48.9898681640625,24.366714477539062,-259.06866455078125
-49.330718994140625,23.615875244140625,-260.35650634765625
-49.1268310546875,22.828292846679688,-261.5350341796875
-49.52485656738281,22.058914184570312,-262.89697265625
-49.3465576171875,21.384429931640625,-263.663330078125
-49.4093017578125,20.857070922851562,-264.38372802734375
-49.697265625,20.049179077148438,-265.81219482421875
-49.68458557128906,19.35125732421875,-266.6583251953125
-49.97669982910156,19.114120483398438,-268.3411865234375
-50.08030700683594,18.62762451171875,-268.65728759765625
-50.0050048828125,18.529891967773438,-269.9322509765625
-50.2205810546875,18.108047485351562,-270.31317138671875
-49.957183837890625,17.78607177734375,-271.39068603515625
-50.5858154296875,17.627288818359375,-272.3014221191406
-50.36415100097656,17.57879638671875,-273.3548278808594
-50.33906555175781,17.262420654296875,-274.28643798828125
-50.63531494140625,17.283401489257812,-275.01409912109375
-50.32215881347656,17.441650390625,-275.11309814453125
-50.6119384765625,17.432968139648438,-275.45831298828125
-50.30900573730469,17.383102416992188,-276.5238037109375
-50.35589599609375,16.803070068359375,-276.67572021484375
-50.363128662109375,17.07379150390625,-277.6021423339844
-50.0247802734375,17.260543823242188,-277.66864013671875
-50.09912109375,17.45086669921875,-277.87884521484375
-50.61186218261719,17.589523315429688,-278.2036437988281
-50.00617980957031,17.392486572265625,-277.9884033203125
-50.67597961425781,17.327728271484375,-278.413330078125
-50.19346618652344,17.55377197265625,-278.3812255859375
-50.6685791015625,17.598724365234375,-278.06646728515625
-50.798614501953125,17.741897583007812,-277.878662109375
-50.58561706542969,17.991912841796875,-277.40289306640625
-51.21199035644531,18.129379272460938,-277.5897216796875
-50.804107666015625,18.2095947265625,-276.88458251953125
-51.18804931640625,18.362152099609375,-276.3039245605469
-51.26359558105469,18.494964599609375,-276.4727783203125
-51.277740478515625,18.473114013671875,-276.20452880859375
-51.13447570800781,19.0072021484375,-275.8157958984375
-51.44160461425781,19.307708740234375,-275.05596923828125
-51.494781494140625,19.471176147460938,-274.260986328125
-51.384307861328125,19.965774536132812,-274.07843017578125
-51.48822021484375,20.548171997070312,-273.20050048828125
-51.76972961425781,20.762725830078125,-272.71173095703125
-51.890869140625,21.35858154296875,-272.19189453125
-51.68669128417969,21.290542602539062,-271.6332092285156
-51.39454650878906,22.196701049804688,-271.5755920410156
-51.38294982910156,22.537490844726562,-271.42254638671875
-51.74476623535156,23.670272827148438,-270.0039978027344
-51.26667785644531,23.884536743164062,-270.24444580078125
-51.27644348144531,23.9920654296875,-270.05914306640625
-51.23236083984375,24.610504150390625,-269.64044189453125
-51.4578857421875,25.297607421875,-268.4688720703125
-51.4759521484375,25.547897338867188,-267.8370361328125
-51.39701843261719,26.070953369140625,-267.4466552734375
-51.48783874511719,26.81854248046875,-266.36334228515625
-51.66436767578125,27.249481201171875,-266.1814270019531
-51.52569580078125,27.7989501953125,-265.63800048828125
-51.84051513671875,28.46783447265625,-264.7383117675781
-51.811920166015625,28.778579711914062,-264.994384765625
-51.33631896972656,29.319671630859375,-264.9211120605469
-51.23371887207031,29.62542724609375,-264.521484375
-50.83921813964844,30.131317138671875,-264.5267333984375
-50.566436767578125,30.721450805664062,-264.1514892578125
-50.5330810546875,31.218902587890625,-264.33123779296875
-50.25468444824219,31.360885620117188,-263.8104553222656
-50.12748718261719,31.873733520507812,-263.51898193359375
-49.86419677734375,32.34393310546875,-264.1602783203125
-49.65625,32.524200439453125,-263.8667907714844
-49.17547607421875,33.14263916015625,-264.2293701171875
-48.997528076171875,33.2554931640625,-264.3828125
-48.89872741699219,33.83796691894531,-264.1981201171875
-48.355133056640625,34.498870849609375,-264.02838134765625
-47.99760437011719,34.99211120605469,-263.8735046386719
-47.832275390625,35.486663818359375,-264.2886962890625
-47.80781555175781,35.977783203125,-263.56488037109375
-47.666748046875,36.53083801269531,-263.2989501953125
-47.74684143066406,37.2896728515625,-263.261962890625
-47.166412353515625,37.892578125,-262.82769775390625
-47.08935546875,38.66607666015625,-262.7913513183594
-46.53044128417969,39.221527099609375,-263.08026123046875
-47.1551513671875,39.92543029785156,-263.0302429199219
-46.31196594238281,40.28228759765625,-263.0621643066406
-46.37043762207031,40.909576416015625,-262.7841796875
-46.30070495605469,41.26885986328125,-262.93865966796875
-46.34857177734375,42.04487609863281,-262.626220703125
-46.54463195800781,42.47511291503906,-263.163330078125
-46.739471435546875,42.95433044433594,-262.78387451171875
-46.71241760253906,43.53016662597656,-262.84857177734375
-46.92015075683594,43.87525939941406,-262.3868408203125
-47.167694091796875,44.36515808105469,-262.640380859375
-47.30891418457031,44.97743225097656,-262.5633544921875
-47.266387939453125,45.02714538574219,-263.23126220703125
-47.6640625,45.382049560546875,-263.0733337402344
-47.60986328125,45.16593933105469,-262.4535827636719
-48.36151123046875,45.75895690917969,-262.49615478515625
-48.53388977050781,45.90312194824219,-262.73724365234375
-48.928741455078125,46.15008544921875,-262.80010986328125
-48.773223876953125,46.12892150878906,-263.2401123046875
-48.9931640625,46.46910095214844,-263.5645751953125
-48.98564147949219,46.72908020019531,-264.01263427734375
-49.07093811035156,46.688934326171875,-264.0856018066406
-48.99021911621094,46.83674621582031,-264.6034240722656
-49.02690124511719,46.79615783691406,-264.7728271484375
-48.99595642089844,46.84800720214844,-265.3087158203125
-49.33558654785156,46.94084167480469,-265.5084228515625
-49.01812744140625,46.994873046875,-265.60845947265625
-48.95579528808594,47.32383728027344,-266.0914306640625
-49.02714538574219,47.3023681640625,-265.60614013671875
-48.67063903808594,47.59234619140625,-266.18035888671875
-48.605560302734375,47.804473876953125,-266.25262451171875
-48.875946044921875,48.23454284667969,-266.29296875
-48.364837646484375,48.513214111328125,-266.83941650390625
-47.9300537109375,48.41046142578125,-266.65936279296875
-47.797607421875,48.62123107910156,-266.3016662597656
-46.87127685546875,48.28273010253906,-266.5550231933594
-46.30632019042969,48.253387451171875,-266.1205749511719
-45.42864990234375,48.00775146484375,-265.7548828125
-44.50379943847656,47.99583435058594,-265.8012390136719
-44.09776306152344,47.305908203125,-265.69561767578125
-43.06462097167969,46.65606689453125,-265.248046875
-42.48016357421875,46.28273010253906,-264.86639404296875
-41.5753173828125,45.10005187988281,-264.210205078125
-41.11553955078125,44.051361083984375,-264.35174560546875
-40.435699462890625,42.9886474609375,-263.5885009765625
-39.48866271972656,41.68133544921875,-262.578857421875
-39.15132141113281,40.36796569824219,-261.87200927734375
-38.89958190917969,38.44189453125,-261.8104248046875
-38.63087463378906,37.06904602050781,-261.8243408203125
-38.730743408203125,35.72491455078125,-261.4735107421875
-38.67057800292969,33.36006164550781,-261.28045654296875
-38.855743408203125,31.52886962890625,-261.646484375
-39.185791015625,29.576644897460938,-261.0607604980469
-39.54075622558594,27.615005493164062,-261.836669921875
-40.20606994628906,26.205947875976562,-261.4825439453125
-40.28123474121094,24.561981201171875,-261.74798583984375
-40.811798095703125,23.057754516601562,-261.7846374511719
-41.304962158203125,21.745193481445312,-262.5125732421875
-41.80821228027344,20.91387939453125,-262.22216796875
-42.09074401855469,19.608840942382812,-262.3763427734375
-42.78611755371094,18.88592529296875,-263.0998840332031
-43.15528869628906,17.92303466796875,-263.2640075683594
-43.803985595703125,16.762313842773438,-263.2547302246094
-44.28816223144531,15.982009887695312,-263.5165100097656
-45.050384521484375,15.57940673828125,-263.7082824707031
-45.51194763183594,14.969467163085938,-263.20233154296875
-46.0860595703125,14.321884155273438,-263.41363525390625
-46.94102478027344,13.711441040039062,-263.2022399902344
-47.417449951171875,13.381423950195312,-263.06170654296875
-48.124267578125,13.303482055664062,-262.828369140625
-49.176910400390625,12.678543090820312,-262.28125
-49.736602783203125,12.545455932617188,-261.9818115234375
-50.65666198730469,11.676589965820312,-262.4908752441406
-51.10478210449219,11.581802368164062,-262.1676025390625
-51.80458068847656,11.729095458984375,-262.1248779296875
-52.50828552246094,11.405838012695312,-261.773681640625
-53.050506591796875,11.344207763671875,-261.32177734375
-53.348846435546875,11.205810546875,-261.54425048828125
-54.1527099609375,10.783935546875,-261.13360595703125
-54.509429931640625,11.027191162109375,-261.77935791015625
-54.89312744140625,10.645645141601562,-261.7409973144531
-55.21376037597656,10.467514038085938,-261.43218994140625
-55.85557556152344,10.397323608398438,-261.7015380859375
-55.964691162109375,9.929763793945312,-261.43304443359375
-56.102508544921875,10.256622314453125,-261.17791748046875
-56.66590881347656,10.131622314453125,-261.5452880859375
-56.1279296875,9.54351806640625,-261.79937744140625
-56.2855224609375,9.804397583007812,-261.93280029296875
-55.83375549316406,9.668365478515625,-262.2879638671875
-55.69309997558594,9.57867431640625,-262.6214904785156
-55.455902099609375,9.369354248046875,-262.1224365234375
-54.858734130859375,9.736587524414062,-262.2540283203125
-54.03727722167969,9.786239624023438,-262.57525634765625
-54.10186767578125,9.989242553710938,-261.6124267578125
-53.90521240234375,10.177627563476562,-261.66162109375
-53.45115661621094,10.3690185546875,-260.93133544921875
-53.024139404296875,10.572586059570312,-260.75177001953125
-53.15113830566406,10.889633178710938,-260.881103515625
-52.518585205078125,10.607818603515625,-261.1493835449219
-51.67179870605469,10.812271118164062,-260.7157287597656
-51.46917724609375,10.588836669921875,-261.46600341796875
-50.227294921875,10.040603637695312,-262.0938415527344
-50.14973449707031,9.661270141601562,-262.83477783203125
-49.64265441894531,9.687713623046875,-263.95953369140625
-49.299835205078125,9.328155517578125,-264.30157470703125
-49.024505615234375,9.0496826171875,-265.1398010253906
-48.47685241699219,8.497848510742188,-265.594482421875
-48.17658996582031,8.931747436523438,-266.25152587890625
-48.34532165527344,8.524978637695312,-265.8775939941406
-48.408294677734375,8.307510375976562,-265.80096435546875
-48.34442138671875,8.361282348632812,-266.2418212890625
-48.90000915527344,8.413970947265625,-266.0771484375
-48.83033752441406,8.272384643554688,-266.15966796875
-49.00541687011719,7.931304931640625,-265.7303771972656
-49.16807556152344,8.2198486328125,-265.8169250488281
-49.64874267578125,7.6512603759765625,-265.4245910644531
-49.71406555175781,7.235992431640625,-265.771240234375
-50.15733337402344,7.738739013671875,-265.69451904296875
-50.70947265625,7.51031494140625,-265.5841064453125
-50.65119934082031,7.30133056640625,-265.64111328125
-50.739715576171875,7.3694610595703125,-265.28302001953125
-50.78968811035156,6.952667236328125,-266.17364501953125
-50.68223571777344,6.691436767578125,-266.20751953125
-50.92510986328125,6.6214599609375,-266.0213317871094
-50.34965515136719,6.461761474609375,-266.95928955078125
-50.200836181640625,6.6515350341796875,-266.7059326171875
-50.05702209472656,6.436859130859375,-266.6607666015625
-49.828857421875,6.253936767578125,-266.66015625
-49.99436950683594,6.67193603515625,-266.43896484375
-50.210296630859375,6.5661468505859375,-266.41107177734375
-50.121856689453125,6.5464935302734375,-267.21575927734375
-49.694854736328125,6.031646728515625,-267.15966796875
-50.162353515625,5.977783203125,-267.46923828125
-49.84349060058594,6.236541748046875,-267.4048156738281
-49.763092041015625,5.8338165283203125,-266.65057373046875
-49.80645751953125,6.0927276611328125,-267.37591552734375
-49.84771728515625,5.9239654541015625,-267.66986083984375
-49.53849792480469,5.7724609375,-267.67413330078125
-49.45893859863281,5.6619873046875,-268.50006103515625
-49.61212158203125,5.3706512451171875,-268.50653076171875
-49.587982177734375,5.16607666015625,-269.3179016113281
-50.08477783203125,4.7741851806640625,-269.7004699707031
-49.870147705078125,4.4687347412109375,-270.12567138671875
-49.78392028808594,4.303466796875,-270.2543640136719
-49.69233703613281,3.9715118408203125,-271.002197265625
-49.593780517578125,4.0796661376953125,-270.66461181640625
-49.90974426269531,3.8503570556640625,-271.39056396484375
-49.71690368652344,3.7321319580078125,-271.79290771484375
-49.574981689453125,4.1476593017578125,-271.37054443359375
-49.763946533203125,3.51922607421875,-271.77252197265625
-49.77549743652344,3.5956268310546875,-271.9136962890625
-49.60289001464844,3.194000244140625,-272.7073059082031
-49.557769775390625,3.1579437255859375,-272.31170654296875
-49.52153015136719,3.6450347900390625,-272.7262268066406
-49.518096923828125,3.0094757080078125,-272.88372802734375
-49.10255432128906,3.3586273193359375,-272.77667236328125
-48.631988525390625,3.248443603515625,-272.373779296875
-48.57220458984375,3.0209197998046875,-272.5811767578125
-48.22254943847656,3.3161468505859375,-273.10260009765625
-47.66253662109375,2.9735107421875,-272.7298889160156
-47.54278564453125,3.412078857421875,-272.9886474609375
-47.22322082519531,3.4385223388671875,-272.92095947265625
-47.11967468261719,3.184722900390625,-273.2018737792969
-46.784912109375,3.22308349609375,-273.1116027832031
-46.01622009277344,3.0845794677734375,-273.7740173339844
-46.0538330078125,2.9745025634765625,-273.412841796875
-45.63215637207031,3.5726318359375,-273.1878662109375
-45.35597229003906,3.810150146484375,-273.4336242675781
-44.785247802734375,4.070220947265625,-273.2630920410156
-44.38053894042969,3.7604217529296875,-273.01910400390625
-43.98681640625,4.1646575927734375,-272.3982849121094
-43.87864685058594,4.6677703857421875,-272.32281494140625
-43.17152404785156,4.9788818359375,-271.71978759765625
-42.85478210449219,6.498748779296875,-271.6605224609375
-43.02677917480469,6.4492340087890625,-271.58740234375
-43.830169677734375,5.732635498046875,-272.7889404296875
-42.47808837890625,2.4854888916015625,-274.5292663574219
-34.27239990234375,-2.596160888671875,-276.8819580078125
-15.792953491210938,-6.8980255126953125,-275.72515869140625
-4.742950439453125,-10.959915161132812,-272.07147216796875
-1.9200897216796875,-16.371963500976562,-264.864013671875
-3.6038970947265625,-24.468856811523438,-257.7903137207031
-6.187164306640625,-33.66595458984375,-251.72174072265625
-8.838836669921875,-43.8861083984375,-249.96546936035156
-10.28973388671875,-52.86039733886719,-251.1283416748047
-11.373748779296875,-58.40989685058594,-253.82008361816406
-12.000411987304688,-61.3958740234375,-257.3770751953125
-13.615127563476562,-63.51994323730469,-261.490234375
-14.824737548828125,-64.36187744140625,-265.45135498046875
-16.639801025390625,-65.24720764160156,-269.8377380371094
-18.44732666015625,-65.78269958496094,-274.07708740234375
-20.512191772460938,-65.85493469238281,-278.2669677734375
-23.065750122070312,-66.37991333007812,-282.6862487792969
-25.144210815429688,-66.46733093261719,-286.436767578125
-28.0775146484375,-66.82542419433594,-289.87139892578125
-30.343338012695312,-66.86405944824219,-292.67608642578125
-33.40431213378906,-66.65531921386719,-295.6322021484375
-36.29649353027344,-66.4259033203125,-297.4430847167969
-38.705841064453125,-65.81196594238281,-299.13397216796875
-41.63389587402344,-65.22846984863281,-300.65020751953125
-44.224517822265625,-63.973175048828125,-302.37322998046875
-46.942535400390625,-63.22718811035156,-302.2823486328125
-49.96363830566406,-62.091888427734375,-303.81964111328125
-52.09999084472656,-60.73614501953125,-303.8561706542969
-54.49165344238281,-59.34455871582031,-304.430908203125
-56.540985107421875,-58.21504211425781,-304.7530822753906
-58.387176513671875,-56.670928955078125,-305.31158447265625
-60.10240173339844,-55.406005859375,-305.02166748046875
-61.37007141113281,-54.463348388671875,-304.7694091796875
-62.692230224609375,-53.04034423828125,-304.94384765625
-63.6619873046875,-51.82365417480469,-305.4920654296875
-64.63761901855469,-51.162261962890625,-305.35479736328125
-65.90093994140625,-49.98149108886719,-305.37884521484375
-66.67854309082031,-49.141265869140625,-305.226318359375
-67.97607421875,-48.54298400878906,-305.21783447265625
-68.48603820800781,-47.352752685546875,-305.0063171386719
-69.19416809082031,-46.653167724609375,-304.4730529785156
-69.92787170410156,-45.758026123046875,-304.75244140625
-70.35111999511719,-45.03692626953125,-304.33953857421875
-71.27655029296875,-44.55055236816406,-304.71270751953125
-71.75007629394531,-44.10858154296875,-304.4986572265625
-71.99923706054688,-43.58697509765625,-304.24822998046875
-72.53175354003906,-43.29237365722656,-304.14117431640625
-72.55543518066406,-43.07830810546875,-304.3574523925781
-72.67756652832031,-43.308135986328125,-303.82763671875
-72.62796020507812,-42.76731872558594,-304.41015625
-72.46966552734375,-42.913116455078125,-304.85931396484375
-72.72987365722656,-42.938323974609375,-304.3621826171875
-72.87757873535156,-42.538299560546875,-304.427490234375
-73.09877014160156,-42.63774108886719,-304.01031494140625
-73.70181274414062,-42.41044616699219,-303.6094970703125
-73.89805603027344,-41.91047668457031,-303.75653076171875
-74.44615173339844,-41.71168518066406,-303.5341796875
-74.80509948730469,-41.552734375,-304.27587890625
-74.941650390625,-41.33769226074219,-303.5237121582031
-74.97506713867188,-41.53334045410156,-302.96649169921875
-75.24809265136719,-41.546966552734375,-303.0682373046875
-75.43984985351562,-41.639007568359375,-303.62744140625
-75.31222534179688,-41.804229736328125,-302.7718505859375
-75.39892578125,-41.85951232910156,-302.68804931640625
-75.48335266113281,-42.34619140625,-302.93634033203125
-75.36470031738281,-42.51750183105469,-302.4254150390625
-75.38804626464844,-42.32914733886719,-302.3581237792969
-75.3935546875,-42.21392822265625,-302.59661865234375
-75.41116333007812,-42.44990539550781,-302.34210205078125
-75.71694946289062,-42.709075927734375,-302.2168273925781
-76.26028442382812,-42.54176330566406,-302.242431640625
-75.91221618652344,-42.79618835449219,-301.98162841796875
-76.03468322753906,-42.781402587890625,-301.87255859375
-76.34230041503906,-42.738494873046875,-302.306640625
-76.59468078613281,-42.8692626953125,-301.59088134765625
-76.64079284667969,-42.914459228515625,-302.0788269042969
-76.6812744140625,-42.52833557128906,-301.506591796875
-76.90725708007812,-42.82453918457031,-302.2237548828125
-76.43095397949219,-42.909942626953125,-301.818359375
-76.67794799804688,-42.89019775390625,-302.27001953125
-76.65077209472656,-43.023529052734375,-302.45037841796875
-76.22982788085938,-42.517333984375,-301.9761962890625
-76.544189453125,-42.91813659667969,-302.6129150390625
-76.53169250488281,-42.61460876464844,-302.086181640625
-76.31471252441406,-42.80601501464844,-301.9733581542969
-76.74336242675781,-42.76348876953125,-302.4068298339844
-76.79258728027344,-42.52238464355469,-301.94659423828125
-76.85572814941406,-42.73211669921875,-302.474365234375
-76.5999755859375,-42.54008483886719,-302.59185791015625
-76.55921936035156,-42.740814208984375,-302.02777099609375
-76.62933349609375,-42.61299133300781,-302.3873291015625
-76.68603515625,-42.90966796875,-302.5203552246094
-76.35867309570312,-43.29463195800781,-303.0418701171875
-75.97833251953125,-43.21107482910156,-302.42376708984375
-76.32049560546875,-43.40386962890625,-302.59619140625
-76.27500915527344,-42.8958740234375,-303.0012512207031
-76.77987670898438,-43.22845458984375,-302.6265869140625
-76.91319274902344,-43.247955322265625,-302.56561279296875
-76.65679931640625,-42.9010009765625,-302.6099853515625
-76.42146301269531,-43.026763916015625,-302.1700439453125
-76.83152770996094,-42.98728942871094,-302.60821533203125
-76.52658081054688,-42.913055419921875,-302.4110107421875
-76.85009765625,-43.179443359375,-302.6710205078125
-76.60964965820312,-42.90269470214844,-302.6239013671875
-76.83184814453125,-43.183349609375,-302.4019470214844
-76.74916076660156,-43.545867919921875,-302.50030517578125
-77.06494140625,-43.49147033691406,-301.7442321777344
-77.10317993164062,-43.56376647949219,-301.96087646484375
-76.59104919433594,-43.654510498046875,-302.2904052734375
-77.24378967285156,-44.05152893066406,-301.6839599609375
-76.68293762207031,-44.03753662109375,-301.902587890625
-76.86630249023438,-44.36970520019531,-301.84918212890625
-77.08323669433594,-44.76141357421875,-302.0581359863281
-76.81182861328125,-44.74272155761719,-301.88232421875
-76.6695556640625,-44.961273193359375,-301.9373474121094
-76.38815307617188,-45.529022216796875,-301.9009704589844
-75.93482971191406,-45.63818359375,-302.0423889160156
-76.41407775878906,-45.44305419921875,-301.58111572265625
-76.20106506347656,-46.0234375,-302.36920166015625
-75.83169555664062,-46.1138916015625,-302.7882080078125
-75.71340942382812,-46.137176513671875,-302.3849182128906
-75.54037475585938,-46.27339172363281,-302.8132019042969
-75.62484741210938,-45.65864562988281,-303.0216064453125
-75.68682861328125,-45.64654541015625,-303.2861328125
-75.68899536132812,-45.289337158203125,-303.17974853515625
-75.86872863769531,-45.288421630859375,-303.2312316894531
-75.47634887695312,-45.25776672363281,-303.4562683105469
-75.65031433105469,-44.81199645996094,-303.644775390625
-75.7098388671875,-44.88720703125,-303.80755615234375
-75.18217468261719,-44.967926025390625,-304.25665283203125
-74.95664978027344,-44.96281433105469,-304.8918762207031
-74.45286560058594,-44.430908203125,-304.7003479003906
-74.43075561523438,-44.35577392578125,-305.1473693847656
-74.80509948730469,-44.04045104980469,-305.3741455078125
-74.69163513183594,-44.06919860839844,-305.760498046875
-74.20469665527344,-43.78361511230469,-305.8949279785156
-74.03549194335938,-43.564727783203125,-305.98992919921875
-73.68515014648438,-43.317626953125,-306.6358642578125
-73.36836242675781,-43.24711608886719,-307.4419250488281
-73.33372497558594,-43.231597900390625,-307.66558837890625
-72.92744445800781,-43.338592529296875,-307.8203430175781
-72.16636657714844,-43.33262634277344,-308.6985168457031
-71.62434387207031,-43.23429870605469,-309.37567138671875
-70.81913757324219,-43.28691101074219,-309.9888916015625
-69.68984985351562,-43.86927795410156,-311.3292236328125
-68.26158142089844,-44.26226806640625,-311.7845458984375
-66.66532897949219,-44.906951904296875,-312.55169677734375
-65.09535217285156,-45.42070007324219,-312.83837890625
-63.423187255859375,-46.37504577636719,-313.8592224121094
-61.36163330078125,-47.343414306640625,-314.5177307128906
-59.47349548339844,-48.35804748535156,-315.31732177734375
-57.30741882324219,-48.97969055175781,-316.1963806152344
-55.118133544921875,-49.45445251464844,-317.05224609375
-52.27252197265625,-50.32270812988281,-317.64007568359375
-50.135467529296875,-50.557464599609375,-317.5894775390625
-47.413543701171875,-50.89137268066406,-318.11102294921875
-44.44322204589844,-51.28120422363281,-318.55792236328125
-41.7467041015625,-51.037567138671875,-318.8216857910156
-38.701385498046875,-51.19940185546875,-319.99835205078125
-35.47113037109375,-51.16546630859375,-319.1680908203125
-32.44953918457031,-50.738433837890625,-319.00360107421875
-29.088485717773438,-49.76655578613281,-319.38104248046875
-25.472305297851562,-49.30499267578125,-318.83984375
-22.410812377929688,-48.2611083984375,-318.68695068359375
-18.95281982421875,-46.87754821777344,-317.0643310546875
-15.89666748046875,-46.34907531738281,-316.13568115234375
-12.979278564453125,-45.34315490722656,-315.1195068359375
-10.012008666992188,-43.993682861328125,-313.5428161621094
-7.282989501953125,-43.242828369140625,-311.4859313964844
-4.744354248046875,-42.2021484375,-309.8804931640625
-2.136688232421875,-41.407867431640625,-308.28997802734375
0.0909271240234375,-40.5667724609375,-306.703369140625
1.7608184814453125,-39.3929443359375,-304.1727600097656
3.852935791015625,-38.3690185546875,-301.76043701171875
4.7223358154296875,-36.97602844238281,-300.5126037597656
6.2139129638671875,-36.00120544433594,-299.0353698730469
7.3110504150390625,-34.11332702636719,-298.02020263671875
8.280853271484375,-32.88710021972656,-297.12042236328125
8.908432006835938,-31.772384643554688,-296.27239990234375
9.135513305664062,-29.877349853515625,-295.59832763671875
10.231521606445312,-29.110946655273438,-294.396484375
11.0289306640625,-27.904830932617188,-293.5269775390625
11.947845458984375,-26.812713623046875,-291.6239929199219
12.771514892578125,-26.13543701171875,-290.2620849609375
13.889663696289062,-25.064605712890625,-288.3216857910156
14.77874755859375,-23.912399291992188,-286.3746643066406
15.62847900390625,-22.686477661132812,-283.7373046875
16.179916381835938,-21.930984497070312,-281.2862854003906
16.975906372070312,-21.059783935546875,-279.08660888671875
17.24713134765625,-20.252578735351562,-276.86163330078125
17.174957275390625,-19.557037353515625,-275.331298828125
17.522079467773438,-18.863845825195312,-273.9392395019531
17.65673828125,-17.782211303710938,-272.0172119140625
18.426834106445312,-17.355926513671875,-270.4584045410156
18.216400146484375,-16.4873046875,-269.82843017578125
18.020828247070312,-15.528030395507812,-268.8460693359375
17.993240356445312,-14.27001953125,-268.19696044921875
17.89288330078125,-12.871810913085938,-267.90142822265625
18.6473388671875,-11.69781494140625,-267.6864318847656
18.274444580078125,-10.345291137695312,-267.92962646484375
17.838653564453125,-9.0911865234375,-268.30078125
17.926116943359375,-7.6412811279296875,-268.2926025390625
17.297836303710938,-6.241607666015625,-269.1858215332031
17.041961669921875,-4.8185882568359375,-269.1253967285156
16.804367065429688,-3.4091033935546875,-269.71142578125
16.49212646484375,-2.3739013671875,-269.39862060546875
16.020355224609375,-1.1735992431640625,-269.941162109375
15.348724365234375,-0.2067108154296875,-270.0757751464844
15.509933471679688,0.8063201904296875,-270.3540954589844
14.77105712890625,1.828094482421875,-269.9259033203125
14.556884765625,2.8420867919921875,-270.06982421875
13.99078369140625,3.4913177490234375,-269.51483154296875
13.67315673828125,3.61627197265625,-269.13311767578125
13.662078857421875,4.468841552734375,-268.501220703125
13.201431274414062,4.75628662109375,-268.368896484375
13.114852905273438,5.1145477294921875,-267.5621643066406
13.046615600585938,5.108489990234375,-267.1336364746094
12.542327880859375,4.7931365966796875,-265.9725036621094
13.010833740234375,4.8874053955078125,-265.2833557128906
12.709732055664062,4.55487060546875,-265.01019287109375
12.631118774414062,3.9478912353515625,-263.931884765625
13.019332885742188,3.785888671875,-262.8277587890625
12.650787353515625,3.2054443359375,-262.0455322265625
12.646209716796875,2.4989776611328125,-261.107177734375
12.626968383789062,1.7711334228515625,-259.93780517578125
12.29534912109375,1.030548095703125,-259.0526123046875
12.691055297851562,0.1877288818359375,-257.1378173828125
12.306350708007812,-1.0113525390625,-256.64532470703125
12.3131103515625,-2.5636749267578125,-255.2432098388672
12.563079833984375,-3.6942596435546875,-255.07505798339844
12.6380615234375,-5.66973876953125,-254.59368896484375
13.131851196289062,-7.1738433837890625,-254.16246032714844
13.592575073242188,-9.184310913085938,-253.82444763183594
13.485275268554688,-11.274322509765625,-253.7797088623047
13.740524291992188,-13.123321533203125,-254.1685333251953
13.667831420898438,-14.883941650390625,-254.52011108398438
14.253387451171875,-17.053604125976562,-255.21519470214844
14.16064453125,-19.128662109375,-255.79415893554688
14.243453979492188,-21.456329345703125,-256.5469970703125
14.21405029296875,-23.214309692382812,-257.45965576171875
13.930374145507812,-25.41357421875,-258.6886291503906
13.840362548828125,-27.4481201171875,-259.69915771484375
13.623764038085938,-29.002487182617188,-260.9471435546875
13.035446166992188,-31.211654663085938,-261.6070556640625
12.988555908203125,-33.03033447265625,-263.5907287597656
12.365127563476562,-34.04026794433594,-265.03363037109375
12.37200927734375,-35.77154541015625,-266.92779541015625
12.609695434570312,-36.55696105957031,-268.4896240234375
12.031524658203125,-37.47880554199219,-270.62615966796875
11.902999877929688,-38.30914306640625,-271.9964599609375
11.125595092773438,-38.84576416015625,-273.5628967285156
10.707199096679688,-39.82835388183594,-274.64715576171875
10.29010009765625,-40.54547119140625,-276.33392333984375
10.031234741210938,-41.53892517089844,-277.743408203125
9.615829467773438,-41.938629150390625,-278.80487060546875
9.109359741210938,-42.70344543457031,-280.00689697265625
8.627426147460938,-43.61442565917969,-280.65850830078125
8.37481689453125,-44.07035827636719,-281.12060546875
7.494171142578125,-44.863037109375,-282.0255126953125
7.5745391845703125,-45.217010498046875,-282.96685791015625
6.8916473388671875,-45.546356201171875,-283.7094421386719
6.475341796875,-45.81988525390625,-284.7552185058594
6.4644622802734375,-46.14262390136719,-285.97210693359375
6.01348876953125,-46.10969543457031,-286.3238830566406
5.8130035400390625,-46.34063720703125,-287.5101623535156
5.23138427734375,-46.01664733886719,-288.2484130859375
4.5401458740234375,-46.11949157714844,-289.62432861328125
4.563446044921875,-45.86027526855469,-290.33343505859375
3.8656005859375,-45.84989929199219,-290.9440002441406
4.124420166015625,-45.839691162109375,-291.86773681640625
3.57696533203125,-45.33634948730469,-292.64361572265625
3.160888671875,-44.59626770019531,-293.909912109375
3.3474884033203125,-44.42112731933594,-294.87664794921875
2.8166656494140625,-43.78919982910156,-295.64715576171875
2.771148681640625,-42.82435607910156,-296.7757568359375
2.78533935546875,-42.010467529296875,-297.3936462402344
2.253814697265625,-41.031463623046875,-298.1849670410156
2.4377593994140625,-40.22538757324219,-299.0867614746094
2.3205718994140625,-39.199920654296875,-299.61083984375
1.9782257080078125,-38.12977600097656,-300.23223876953125
1.8934326171875,-37.13140869140625,-300.35284423828125
1.890350341796875,-35.9600830078125,-301.2357482910156
1.814453125,-34.89573669433594,-301.9778747558594
1.4847564697265625,-34.33477783203125,-302.90789794921875
1.0623321533203125,-33.38227844238281,-302.94586181640625
1.451873779296875,-32.764923095703125,-303.3332214355469
1.2509765625,-31.789398193359375,-303.65655517578125
1.1295166015625,-31.018844604492188,-303.97802734375
1.04425048828125,-30.585617065429688,-304.42852783203125
0.7056121826171875,-29.656005859375,-304.0474853515625
1.008880615234375,-29.914215087890625,-304.5799560546875
0.831268310546875,-29.717254638671875,-304.2940368652344
1.51885986328125,-29.7725830078125,-304.85491943359375
1.34844970703125,-29.738861083984375,-304.53314208984375
1.5866546630859375,-30.181289672851562,-304.1629638671875
2.2976837158203125,-31.18353271484375,-303.47650146484375
3.118499755859375,-31.038772583007812,-302.02313232421875
3.5897979736328125,-32.011566162109375,-301.43768310546875
4.93731689453125,-32.248443603515625,-299.72772216796875
5.2143402099609375,-33.25154113769531,-298.93487548828125
6.25946044921875,-33.71665954589844,-297.68402099609375
6.7666473388671875,-34.452117919921875,-295.5132141113281
7.3480377197265625,-34.85002136230469,-294.22637939453125
8.103073120117188,-35.037933349609375,-292.7709655761719
8.593307495117188,-35.01371765136719,-293.0030212402344
8.8760986328125,-34.66343688964844,-291.14703369140625
9.736190795898438,-34.348876953125,-290.5234375
9.837448120117188,-33.94844055175781,-289.7406005859375
10.00408935546875,-33.3916015625,-289.2936096191406
10.118392944335938,-32.54560852050781,-288.7513427734375
11.07025146484375,-31.96368408203125,-288.63525390625
10.94219970703125,-30.882965087890625,-288.1948547363281
11.15875244140625,-30.39239501953125,-288.08575439453125
11.568099975585938,-29.583572387695312,-287.94189453125
11.658218383789062,-28.761093139648438,-287.28631591796875
11.788803100585938,-28.275650024414062,-287.270751953125
11.855804443359375,-27.89312744140625,-287.02362060546875
11.813751220703125,-27.216629028320312,-286.66766357421875
12.613189697265625,-26.805984497070312,-286.57293701171875
12.328170776367188,-26.305572509765625,-286.2139892578125
12.506484985351562,-26.447052001953125,-285.1015625
12.734725952148438,-26.292526245117188,-284.5401306152344
12.9205322265625,-26.055770874023438,-283.5663146972656
13.558059692382812,-25.838226318359375,-283.3395690917969
13.198516845703125,-26.178543090820312,-282.6217956542969
14.11126708984375,-25.283477783203125,-281.22552490234375
14.101638793945312,-25.029449462890625,-280.48291015625
13.937179565429688,-24.739120483398438,-279.1289978027344
14.225601196289062,-23.958038330078125,-278.53472900390625
14.623291015625,-23.46209716796875,-277.8746643066406
14.990814208984375,-22.821533203125,-276.7684020996094
14.440673828125,-22.039459228515625,-276.6441650390625
14.504058837890625,-21.152114868164062,-276.0487365722656
14.453994750976562,-20.40118408203125,-275.4837646484375
14.113922119140625,-19.198226928710938,-274.95318603515625
13.952545166015625,-18.068634033203125,-275.2282409667969
13.88055419921875,-16.77667236328125,-275.0606689453125
13.723159790039062,-15.72393798828125,-275.435791015625
13.811859130859375,-14.638641357421875,-275.9627685546875
13.507919311523438,-13.631866455078125,-276.2262268066406
13.343795776367188,-12.742752075195312,-276.3218994140625
12.603240966796875,-11.333633422851562,-277.21044921875
12.042190551757812,-10.543304443359375,-277.7397766113281
11.959152221679688,-9.73779296875,-277.402587890625
11.70379638671875,-9.102691650390625,-276.9689025878906
11.851226806640625,-8.166748046875,-277.77667236328125
11.504196166992188,-7.1576080322265625,-278.1383361816406
11.191757202148438,-7.0465087890625,-278.1783447265625
11.16461181640625,-6.531524658203125,-277.96533203125
10.97967529296875,-6.0614776611328125,-278.7266845703125
11.260406494140625,-6.26654052734375,-278.955322265625
10.6163330078125,-5.3989410400390625,-279.2618408203125
10.393753051757812,-5.4813995361328125,-280.2265930175781
10.610946655273438,-5.515167236328125,-280.1128845214844
10.683929443359375,-5.307708740234375,-280.2476806640625
10.628585815429688,-5.750152587890625,-280.30169677734375
10.887725830078125,-5.5121002197265625,-280.71380615234375
11.057327270507812,-6.11767578125,-281.06231689453125
11.114212036132812,-6.8924407958984375,-281.191650390625
11.191513061523438,-7.6259613037109375,-281.02740478515625
11.724884033203125,-8.098464965820312,-281.03192138671875
12.46490478515625,-8.83026123046875,-280.99847412109375
12.3121337890625,-9.404556274414062,-281.1541748046875
12.950653076171875,-10.350982666015625,-280.76751708984375
13.1357421875,-11.374832153320312,-281.29705810546875
13.623092651367188,-12.460281372070312,-281.6731872558594
13.952285766601562,-13.305709838867188,-281.81640625
13.701950073242188,-14.459625244140625,-282.60791015625
13.967971801757812,-15.822845458984375,-283.0946044921875
14.596267700195312,-16.908370971679688,-284.66436767578125
14.352127075195312,-18.323699951171875,-284.36187744140625
14.462997436523438,-19.346511840820312,-285.028076171875
14.14447021484375,-20.491241455078125,-285.65203857421875
14.222732543945312,-21.873046875,-286.67376708984375
13.945449829101562,-22.862411499023438,-287.7079162597656
13.86224365234375,-24.054916381835938,-287.62152099609375
13.636444091796875,-25.16864013671875,-288.5238037109375
13.387359619140625,-26.278411865234375,-289.0387268066406
13.044586181640625,-27.160507202148438,-290.259033203125
12.948272705078125,-28.0059814453125,-290.27056884765625
12.314041137695312,-28.815582275390625,-291.1780700683594
11.862350463867188,-30.002334594726562,-291.2030029296875
11.574249267578125,-31.061782836914062,-292.032958984375
11.420379638671875,-31.7027587890625,-292.9077453613281
11.017196655273438,-32.60888671875,-293.876708984375
10.54071044921875,-33.19569396972656,-294.30712890625
10.507797241210938,-34.012359619140625,-295.1690673828125
9.588943481445312,-34.136260986328125,-295.18621826171875
9.267822265625,-34.60981750488281,-296.8414306640625
8.902084350585938,-34.92962646484375,-297.3636779785156
8.27001953125,-34.75355529785156,-298.4544677734375
7.649078369140625,-35.23139953613281,-299.49114990234375
7.12042236328125,-35.393035888671875,-299.808349609375
6.6660308837890625,-35.62590026855469,-300.437744140625
6.2213134765625,-35.835418701171875,-301.31146240234375
5.6102752685546875,-35.71612548828125,-302.2265625
5.267242431640625,-35.64915466308594,-302.9873962402344
4.994842529296875,-35.80351257324219,-302.87127685546875
4.47979736328125,-35.87486267089844,-302.4466247558594
4.8244476318359375,-36.338775634765625,-302.314208984375
4.592498779296875,-36.56256103515625,-302.6810302734375
4.636383056640625,-36.66200256347656,-302.48419189453125
5.114288330078125,-37.16828918457031,-302.79644775390625
5.6044769287109375,-37.22148132324219,-302.34356689453125
5.609130859375,-37.38179016113281,-301.69525146484375
5.977203369140625,-37.89451599121094,-301.6519775390625
6.308837890625,-37.823699951171875,-300.8128662109375
6.7037353515625,-38.07353210449219,-300.1451416015625
6.806854248046875,-38.309356689453125,-299.580810546875
7.148345947265625,-38.52006530761719,-299.4527587890625
7.2985382080078125,-38.36993408203125,-298.3896789550781
8.012466430664062,-38.71577453613281,-297.8302307128906
8.46331787109375,-38.92195129394531,-296.94305419921875
8.899276733398438,-39.161712646484375,-296.1990966796875
9.604171752929688,-39.33831787109375,-295.4725036621094
9.8604736328125,-38.936309814453125,-294.57769775390625
10.45135498046875,-39.16105651855469,-293.7076416015625
10.64007568359375,-38.71037292480469,-292.416259765625
11.003097534179688,-38.64295959472656,-291.3694763183594
11.557205200195312,-38.461212158203125,-290.9706115722656
11.744277954101562,-38.07875061035156,-290.05328369140625
12.783782958984375,-37.80979919433594,-289.5557861328125
12.999343872070312,-37.53511047363281,-288.5645751953125
13.248611450195312,-36.44950866699219,-287.85540771484375
13.926437377929688,-35.74501037597656,-288.13671875
14.342330932617188,-35.3101806640625,-286.7376403808594
14.546295166015625,-34.42384338378906,-286.6300048828125
15.203659057617188,-33.09722900390625,-286.68414306640625
14.754562377929688,-32.23065185546875,-286.40411376953125
15.157577514648438,-31.261642456054688,-286.20452880859375
15.506912231445312,-30.641555786132812,-285.93157958984375
15.505966186523438,-29.678756713867188,-286.321533203125
15.582351684570312,-28.852737426757812,-285.92901611328125
15.900314331054688,-27.489501953125,-285.376220703125
15.97711181640625,-26.899124145507812,-284.9506530761719
16.005722045898438,-26.274078369140625,-284.78857421875
16.018585205078125,-25.590255737304688,-284.57373046875
16.439132690429688,-24.7965087890625,-284.6332092285156
16.690155029296875,-23.872085571289062,-283.6504211425781
16.234786987304688,-23.070571899414062,-283.6322326660156
16.305923461914062,-22.231689453125,-283.5829162597656
16.387710571289062,-21.58154296875,-283.0055847167969
16.800140380859375,-20.221298217773438,-282.99139404296875
16.663848876953125,-19.289886474609375,-282.5981750488281
16.569061279296875,-18.73046875,-282.15850830078125
16.324966430664062,-17.529800415039062,-282.44287109375
16.4102783203125,-17.572219848632812,-281.96343994140625
16.679428100585938,-16.308441162109375,-281.5210876464844
16.800811767578125,-15.30181884765625,-281.72967529296875
16.360565185546875,-14.7503662109375,-281.37310791015625
16.313262939453125,-13.536911010742188,-281.1044921875
16.053146362304688,-12.928543090820312,-280.6744079589844
15.7696533203125,-12.025161743164062,-280.8255615234375
15.646774291992188,-10.9052734375,-280.3571472167969
15.450576782226562,-10.26947021484375,-280.978759765625
15.209625244140625,-9.305709838867188,-281.19451904296875
15.111602783203125,-8.676010131835938,-280.99847412109375
14.68231201171875,-7.714263916015625,-281.0335693359375
14.378814697265625,-7.0003204345703125,-281.380126953125
13.873764038085938,-6.03619384765625,-281.47216796875
13.849227905273438,-5.669158935546875,-280.9986877441406
13.915786743164062,-5.20513916015625,-281.1650085449219
13.946441650390625,-4.5529022216796875,-281.36865234375
13.109634399414062,-4.089111328125,-281.4071044921875
13.166290283203125,-3.999542236328125,-281.3316650390625
12.922012329101562,-3.500762939453125,-281.24688720703125
13.311172485351562,-2.8395538330078125,-281.29034423828125
12.76153564453125,-3.08990478515625,-281.16796875
13.039291381835938,-2.723663330078125,-282.0025939941406
12.608596801757812,-2.659271240234375,-281.7640686035156
12.567062377929688,-2.2724609375,-281.6346130371094
12.73291015625,-2.39697265625,-282.65008544921875
13.0289306640625,-2.27557373046875,-282.4125061035156
12.906570434570312,-2.5229034423828125,-282.3883056640625
13.323043823242188,-2.7342376708984375,-283.18975830078125
13.56158447265625,-2.9312591552734375,-283.13763427734375
13.5693359375,-3.3466339111328125,-282.9427795410156
14.041885375976562,-4.1395111083984375,-283.44732666015625
14.597915649414062,-4.44024658203125,-283.2147216796875
15.191970825195312,-5.0879974365234375,-284.13543701171875
15.375350952148438,-5.5498504638671875,-283.690185546875
15.758163452148438,-5.982818603515625,-284.101318359375
16.42449951171875,-7.1264190673828125,-284.174560546875
16.442367553710938,-7.493682861328125,-283.5092468261719
17.112380981445312,-8.902252197265625,-284.3785400390625
17.746109008789062,-9.799484252929688,-284.36767578125
18.36248779296875,-10.348983764648438,-284.7520751953125
18.813262939453125,-12.134475708007812,-285.1372985839844
19.1180419921875,-13.668853759765625,-285.5394287109375
19.038909912109375,-15.573822021484375,-286.7054443359375
19.388916015625,-17.032073974609375,-287.578369140625
19.464981079101562,-19.255050659179688,-288.31890869140625
19.26312255859375,-21.272354125976562,-288.767333984375
19.33209228515625,-23.134170532226562,-289.5213317871094
18.985504150390625,-24.96771240234375,-290.8647766113281
18.679046630859375,-26.907745361328125,-291.45269775390625
18.21478271484375,-28.660446166992188,-292.5272216796875
17.648300170898438,-30.770477294921875,-292.94580078125
16.84161376953125,-32.53312683105469,-294.00213623046875
15.388671875,-34.04167175292969,-294.2364501953125
14.98736572265625,-36.08418273925781,-294.6553955078125
14.323593139648438,-37.13548278808594,-295.11895751953125
12.777664184570312,-38.38435363769531,-296.05865478515625
11.750823974609375,-39.70661926269531,-296.7857666015625
10.778961181640625,-40.77305603027344,-297.199462890625
9.414718627929688,-42.13493347167969,-297.531982421875
8.303817749023438,-42.58354187011719,-298.44122314453125
6.991912841796875,-43.90684509277344,-299.3118896484375
6.12628173828125,-44.10749816894531,-299.7612609863281
5.123260498046875,-44.52984619140625,-300.34228515625
4.0056304931640625,-44.90779113769531,-300.867431640625
2.9654998779296875,-45.23576354980469,-301.231689453125
2.138946533203125,-45.72422790527344,-302.2071533203125
1.5487823486328125,-45.49853515625,-302.45721435546875
0.60028076171875,-45.852813720703125,-303.09356689453125
-0.5965423583984375,-45.72071838378906,-303.30810546875
-0.9679107666015625,-45.8509521484375,-303.89984130859375
-2.0143890380859375,-46.1849365234375,-304.14703369140625
-2.210784912109375,-46.16783142089844,-304.30096435546875
-3.0349578857421875,-46.38749694824219,-303.61102294921875
-3.2204742431640625,-47.15156555175781,-303.66680908203125
-3.373077392578125,-47.29151916503906,-304.0488586425781
-3.88970947265625,-47.45770263671875,-303.984130859375
-3.9661712646484375,-47.87744140625,-303.0576171875
-3.873779296875,-48.32331848144531,-302.2684326171875
-3.934295654296875,-48.4840087890625,-302.1463623046875
-3.624481201171875,-49.053985595703125,-301.49639892578125
-3.7755126953125,-49.59014892578125,-300.3763427734375
-3.1598663330078125,-49.914398193359375,-299.8127136230469
-3.340911865234375,-50.23924255371094,-299.10791015625
-2.8865814208984375,-50.591583251953125,-298.2032165527344
-2.04241943359375,-50.51469421386719,-297.76483154296875
-1.8055877685546875,-51.22917175292969,-296.3394775390625
-1.33843994140625,-50.99070739746094,-295.7559814453125
-0.6162567138671875,-51.123046875,-295.0529479980469
0.205657958984375,-50.783843994140625,-294.1702880859375
0.663970947265625,-50.24151611328125,-293.49237060546875
1.5064544677734375,-50.22222900390625,-292.5233154296875
1.93463134765625,-49.77342224121094,-292.29522705078125
2.642364501953125,-49.22731018066406,-291.87994384765625
3.2041473388671875,-49.08543395996094,-291.6806335449219
3.866607666015625,-48.53797912597656,-290.799072265625
4.252532958984375,-47.736846923828125,-290.2596130371094
5.2515716552734375,-47.58552551269531,-290.40325927734375
5.5901641845703125,-46.37898254394531,-289.75213623046875
6.59222412109375,-45.99598693847656,-289.7255554199219
7.11279296875,-45.25138854980469,-288.77862548828125
7.837249755859375,-44.453277587890625,-288.4444580078125
8.674819946289062,-43.95826721191406,-288.3364562988281
8.993942260742188,-43.14897155761719,-287.7821350097656
9.600341796875,-42.42008972167969,-287.8018798828125
10.174819946289062,-41.5892333984375,-287.29351806640625
10.692550659179688,-40.79576110839844,-287.5246887207031
10.956008911132812,-40.45912170410156,-287.75189208984375
11.794036865234375,-39.397735595703125,-287.54180908203125
12.285537719726562,-38.57569885253906,-288.2987060546875
12.53118896484375,-37.28569030761719,-288.2732238769531
12.648223876953125,-36.34339904785156,-288.53302001953125
12.969314575195312,-35.67140197753906,-288.44891357421875
13.309219360351562,-34.5533447265625,-288.9544677734375
13.799240112304688,-33.88099670410156,-289.47509765625
13.791412353515625,-32.754150390625,-289.6355285644531
13.938522338867188,-31.528182983398438,-290.08941650390625
14.456146240234375,-30.910751342773438,-289.72589111328125
14.725479125976562,-30.14398193359375,-289.7571716308594
14.8729248046875,-29.2237548828125,-289.22882080078125
15.4310302734375,-28.904266357421875,-288.7330322265625
15.680618286132812,-28.297454833984375,-288.08709716796875
16.159088134765625,-27.939315795898438,-286.8504638671875
16.236892700195312,-27.459243774414062,-286.9124755859375
17.076019287109375,-27.13507080078125,-286.3640441894531
17.020828247070312,-26.917465209960938,-285.4814147949219
17.153472900390625,-26.255340576171875,-285.1201171875
17.175750732421875,-26.024063110351562,-284.9490661621094
17.23822021484375,-25.462814331054688,-285.174560546875
17.004501342773438,-25.315292358398438,-285.10797119140625
17.343780517578125,-25.287643432617188,-285.79022216796875
17.225311279296875,-24.395401000976562,-287.1893310546875
16.8228759765625,-24.775222778320312,-287.16900634765625
16.706756591796875,-24.029434204101562,-287.1085205078125
16.452484130859375,-23.3614501953125,-286.68975830078125
16.77191162109375,-23.257736206054688,-286.61407470703125
17.110305786132812,-22.98187255859375,-285.7391052246094
17.3255615234375,-23.320480346679688,-285.20672607421875
17.569869995117188,-23.033309936523438,-284.86981201171875
17.701416015625,-23.106399536132812,-283.36358642578125
17.592498779296875,-23.213394165039062,-282.79217529296875
17.942779541015625,-23.572921752929688,-282.305419921875
17.314804077148438,-23.753570556640625,-281.7466125488281
17.726211547851562,-23.450836181640625,-281.1214599609375
17.337692260742188,-23.746383666992188,-280.9404296875
17.54315185546875,-23.990280151367188,-280.8629150390625
17.223037719726562,-24.099258422851562,-280.4752502441406
16.949188232421875,-24.775009155273438,-280.3907165527344
16.515960693359375,-25.024169921875,-280.5553894042969
16.261932373046875,-25.290771484375,-280.3539123535156
16.019088745117188,-26.001220703125,-279.98980712890625
15.449066162109375,-26.704177856445312,-279.8043212890625
15.002349853515625,-27.032882690429688,-279.8370361328125
14.848159790039062,-28.022872924804688,-279.93646240234375
14.181655883789062,-28.37823486328125,-279.4414978027344
13.747879028320312,-29.100250244140625,-279.31219482421875
13.94122314453125,-29.365493774414062,-279.359619140625
12.695159912109375,-29.696319580078125,-279.3600769042969
12.570968627929688,-29.84088134765625,-279.3076171875
11.661956787109375,-30.224136352539062,-280.073486328125
11.194305419921875,-30.494476318359375,-280.56707763671875
10.226104736328125,-30.243331909179688,-280.62823486328125
9.623565673828125,-30.33514404296875,-281.7753601074219
9.118850708007812,-30.217178344726562,-282.82037353515625
8.20001220703125,-30.08837890625,-283.83563232421875
7.3985595703125,-29.997482299804688,-284.55157470703125
6.5110931396484375,-29.633651733398438,-286.5511474609375
5.4421844482421875,-29.40167236328125,-287.5333557128906
4.2317962646484375,-29.367218017578125,-288.005859375
3.4203033447265625,-29.056320190429688,-289.3034973144531
2.7944183349609375,-28.867919921875,-290.5666809082031
2.0316009521484375,-28.852188110351562,-291.3441162109375
1.123321533203125,-28.691741943359375,-291.55010986328125
0.4700927734375,-28.846206665039062,-292.68463134765625
-0.0776519775390625,-28.849075317382812,-292.75518798828125
-0.6192779541015625,-29.210891723632812,-292.7684020996094
-0.7406158447265625,-29.340789794921875,-292.62567138671875
-1.353271484375,-30.133834838867188,-293.1239013671875
-1.9491424560546875,-30.171737670898438,-292.17047119140625
-2.001312255859375,-30.65802001953125,-292.5992431640625
-2.1134490966796875,-31.207122802734375,-292.66326904296875
-2.119659423828125,-31.84075927734375,-292.3702392578125
-1.9946136474609375,-32.46470642089844,-292.3154296875
-2.2159271240234375,-33.05860900878906,-292.02001953125
-2.1287384033203125,-33.701690673828125,-291.4494934082031
-2.0656890869140625,-34.41941833496094,-290.7000732421875
-2.084686279296875,-35.13099670410156,-290.302734375
-1.82855224609375,-36.15336608886719,-289.1595764160156
-1.7736053466796875,-37.00218200683594,-288.7388916015625
-1.2144927978515625,-37.574737548828125,-287.33203125
-1.874481201171875,-38.64677429199219,-286.910400390625
-1.4569244384765625,-39.53742980957031,-286.33404541015625
-1.4837799072265625,-40.267486572265625,-285.13037109375
-1.8365936279296875,-41.310546875,-284.3773193359375
-1.9800567626953125,-41.59681701660156,-283.4818420410156
-2.0906829833984375,-42.87013244628906,-282.8519287109375
-2.4923858642578125,-43.759979248046875,-282.1688232421875
-2.16021728515625,-44.30305480957031,-281.43182373046875
-2.8777618408203125,-45.5001220703125,-281.2446594238281
-3.024627685546875,-46.23820495605469,-279.68017578125
-3.2581634521484375,-46.853424072265625,-279.7509460449219
-3.5302276611328125,-47.463409423828125,-278.759033203125
-3.7508392333984375,-48.306060791015625,-278.40692138671875
-4.30023193359375,-49.127838134765625,-277.9951171875
-4.4000701904296875,-49.977508544921875,-277.35003662109375
-4.5676727294921875,-50.47343444824219,-276.79119873046875
-4.6188507080078125,-51.07867431640625,-276.05377197265625
-5.5375518798828125,-51.422454833984375,-274.984619140625
-5.6002044677734375,-51.366302490234375,-273.91082763671875
-5.591949462890625,-51.85786437988281,-272.5533447265625
-5.7100830078125,-52.351470947265625,-271.4599914550781
-6.110443115234375,-52.482269287109375,-270.02642822265625
-6.0806732177734375,-52.84712219238281,-268.45654296875
-6.673065185546875,-52.994873046875,-267.166015625
-6.7535247802734375,-52.89686584472656,-265.4742736816406
-6.8192901611328125,-53.26368713378906,-264.4967041015625
-7.332061767578125,-53.73484802246094,-263.39813232421875
-7.796417236328125,-53.70259094238281,-263.02154541015625
-8.172012329101562,-53.88288879394531,-262.41265869140625
-8.253326416015625,-54.05955505371094,-261.7950439453125
-8.601913452148438,-54.406402587890625,-262.19580078125
-8.847824096679688,-54.76837158203125,-262.42681884765625
-8.918624877929688,-54.8629150390625,-262.061767578125
-9.238479614257812,-55.355438232421875,-262.3136901855469
-9.3262939453125,-55.13078308105469,-262.60076904296875
-9.297988891601562,-55.54820251464844,-262.71136474609375
-9.166366577148438,-55.37440490722656,-263.1763000488281
-9.297149658203125,-55.170074462890625,-263.388427734375
-8.700653076171875,-54.852996826171875,-262.735107421875
-8.24005126953125,-54.52772521972656,-263.06243896484375
-8.105026245117188,-54.04176330566406,-263.3485107421875
-7.3211669921875,-53.750030517578125,-262.66400146484375
-6.8835601806640625,-53.329681396484375,-263.0555725097656
-6.3516693115234375,-52.92658996582031,-263.10076904296875
-6.129913330078125,-52.66737365722656,-263.4378662109375
-5.793426513671875,-51.99531555175781,-263.0374755859375
-5.2095947265625,-51.99366760253906,-264.10321044921875
-4.5279998779296875,-51.45213317871094,-264.5311279296875
-4.0428009033203125,-50.62022399902344,-265.5110778808594
-3.34173583984375,-50.567138671875,-266.093994140625
-2.845703125,-50.365875244140625,-266.94989013671875
-2.472869873046875,-50.02442932128906,-268.85418701171875
-1.715240478515625,-49.24714660644531,-270.23046875
-1.6169586181640625,-48.69969177246094,-272.2513122558594
-0.8237152099609375,-47.93206787109375,-272.71649169921875
-0.5511322021484375,-47.10064697265625,-273.91546630859375
-0.3539886474609375,-47.18711853027344,-274.49859619140625
-0.4026947021484375,-46.98515319824219,-274.56256103515625
-0.7613983154296875,-47.00697326660156,-274.7350158691406
-0.5502166748046875,-47.24809265136719,-275.544189453125
-0.8704833984375,-47.266693115234375,-275.59552001953125
-0.822509765625,-47.463836669921875,-276.43096923828125
-1.1255950927734375,-47.77708435058594,-277.0548400878906
-1.0386505126953125,-47.75654602050781,-277.85150146484375
-1.7811431884765625,-48.27146911621094,-278.501220703125
-1.9145355224609375,-48.26884460449219,-279.3450012207031
-2.3858184814453125,-48.74253845214844,-281.1244201660156
-2.8182525634765625,-49.00840759277344,-282.91632080078125
-3.65289306640625,-49.122100830078125,-283.78436279296875
-3.9655609130859375,-49.5068359375,-285.10638427734375
-4.8773651123046875,-49.785491943359375,-285.2679443359375
-5.052032470703125,-49.8572998046875,-285.362548828125
-5.2047882080078125,-50.47377014160156,-285.9521484375
-5.4005279541015625,-50.534820556640625,-285.9923095703125
-6.0773773193359375,-51.151458740234375,-285.58001708984375
-6.2308349609375,-51.66142272949219,-286.67059326171875
-6.5417938232421875,-52.110107421875,-286.132568359375
-7.0859222412109375,-52.36174011230469,-286.71728515625
-7.9558868408203125,-52.76261901855469,-285.81732177734375
-8.478744506835938,-53.13623046875,-286.2762451171875
-9.004684448242188,-53.86579895019531,-286.27410888671875
-9.645889282226562,-54.288177490234375,-286.8695373535156
-10.468185424804688,-55.22438049316406,-286.6531982421875
-10.910018920898438,-55.15361022949219,-288.12890625
-11.9677734375,-55.43070983886719,-288.31463623046875
-12.616485595703125,-55.853363037109375,-288.7862548828125
-13.513992309570312,-56.316558837890625,-289.40985107421875
-13.94964599609375,-56.381744384765625,-289.7464599609375
-15.009262084960938,-56.44367980957031,-289.9483642578125
-15.616683959960938,-56.51210021972656,-291.23779296875
-16.462539672851562,-56.88105773925781,-291.4018859863281
-17.38153076171875,-57.43681335449219,-291.47308349609375
-18.158370971679688,-57.16154479980469,-292.4453430175781
-18.815567016601562,-56.63426208496094,-293.2152099609375
-19.619232177734375,-56.910003662109375,-294.0572509765625
-20.618942260742188,-56.3663330078125,-295.13067626953125
-21.539260864257812,-55.95025634765625,-297.33624267578125
-22.749465942382812,-55.25956726074219,-298.128662109375
-24.164932250976562,-54.43818664550781,-299.42291259765625
-25.358749389648438,-54.0072021484375,-300.9698181152344
-26.654388427734375,-53.26835632324219,-301.75238037109375
-27.459243774414062,-52.79583740234375,-302.8594665527344
-28.57806396484375,-51.99986267089844,-303.623046875
-29.825881958007812,-51.338226318359375,-304.00341796875
-30.410659790039062,-51.214508056640625,-304.6978454589844
-31.539703369140625,-50.9112548828125,-305.2118225097656
-32.36383056640625,-50.60017395019531,-305.1134948730469
-32.80216979980469,-50.25303649902344,-305.45794677734375
-33.626007080078125,-49.97943115234375,-305.48199462890625
-34.75421142578125,-49.82450866699219,-305.87322998046875
-35.529998779296875,-49.72312927246094,-306.08544921875
-35.92848205566406,-49.52085876464844,-305.96453857421875
-36.51005554199219,-50.00715637207031,-305.7049560546875
-37.00395202636719,-50.700653076171875,-305.3862609863281
-38.09809875488281,-50.76173400878906,-305.42230224609375
-38.57896423339844,-51.58262634277344,-304.58660888671875
-39.20240783691406,-52.05914306640625,-303.47662353515625
-39.33378601074219,-53.18739318847656,-303.07666015625
-40.154632568359375,-54.130828857421875,-302.1739501953125
-40.50311279296875,-55.02476501464844,-300.954345703125
-40.498565673828125,-56.08271789550781,-300.4447021484375
-40.75791931152344,-56.959197998046875,-299.16912841796875
-41.286834716796875,-57.46250915527344,-298.488037109375
-41.42848205566406,-57.76506042480469,-297.3300476074219
-41.79039001464844,-58.483367919921875,-296.9155578613281
-42.19929504394531,-58.576690673828125,-297.18585205078125
-42.512969970703125,-58.89227294921875,-296.42291259765625
-42.582855224609375,-59.00505065917969,-295.7593994140625
-42.801971435546875,-59.28569030761719,-296.0287170410156
-42.71955871582031,-59.28553771972656,-295.4235534667969
-42.54582214355469,-59.54730224609375,-295.75189208984375
-42.811248779296875,-59.4742431640625,-295.30181884765625
-43.04643249511719,-59.63426208496094,-295.2164306640625
-43.055633544921875,-59.773773193359375,-294.95404052734375
-43.285614013671875,-59.90361022949219,-294.45574951171875
-43.26716613769531,-59.8255615234375,-294.62164306640625
-43.5443115234375,-59.81672668457031,-294.9857482910156
-44.25048828125,-59.941680908203125,-294.36602783203125
-44.11116027832031,-59.684783935546875,-294.0477294921875
-44.39631652832031,-60.10951232910156,-293.6751403808594
-44.084991455078125,-60.13063049316406,-294.079833984375
-44.53944396972656,-59.71516418457031,-293.9150695800781
-44.45774841308594,-59.84178161621094,-293.75189208984375
-44.32789611816406,-60.00212097167969,-293.78570556640625
-44.44654846191406,-59.90815734863281,-294.00653076171875
-44.458984375,-60.242919921875,-294.20733642578125
-44.82281494140625,-60.02763366699219,-294.0650939941406
-44.65928649902344,-60.10552978515625,-293.9368591308594
-44.64691162109375,-60.22149658203125,-293.2546691894531
-44.994354248046875,-60.11479187011719,-293.55133056640625
-45.14166259765625,-60.213623046875,-293.3849182128906
-45.14842224121094,-60.22560119628906,-293.9353332519531
-45.17784118652344,-60.175384521484375,-293.54718017578125
-44.959197998046875,-60.0526123046875,-293.13336181640625
-45.15544128417969,-60.20448303222656,-293.5096435546875
-45.77061462402344,-59.74440002441406,-292.85626220703125
-45.520355224609375,-60.054901123046875,-292.9979553222656
-45.82417297363281,-60.09715270996094,-292.96875
-45.492889404296875,-60.29827880859375,-293.14361572265625
-45.93705749511719,-60.56622314453125,-292.4313659667969
-45.813232421875,-60.91731262207031,-292.4605712890625
-46.00529479980469,-60.8402099609375,-292.1678771972656
-45.75959777832031,-60.78443908691406,-291.5478210449219
-46.15806579589844,-61.60252380371094,-291.328369140625
-46.19657897949219,-61.46307373046875,-291.2418518066406
-46.209625244140625,-61.752960205078125,-290.9027404785156
-46.03312683105469,-61.81596374511719,-290.59033203125
-46.26240539550781,-61.515777587890625,-290.37884521484375
-46.44378662109375,-61.96662902832031,-290.2574157714844
-46.37248229980469,-61.89497375488281,-290.47479248046875
-46.615631103515625,-62.239410400390625,-289.7615966796875
-46.66070556640625,-62.01762390136719,-290.10736083984375
-46.82865905761719,-62.294891357421875,-289.7865905761719
-46.959564208984375,-61.812591552734375,-289.69122314453125
-47.10234069824219,-62.414642333984375,-289.233154296875
-47.46672058105469,-62.02464294433594,-289.58648681640625
-47.22926330566406,-62.13401794433594,-289.43084716796875
-47.39979553222656,-61.86651611328125,-289.3272705078125
-47.62605285644531,-61.99310302734375,-289.213134765625
-47.73150634765625,-62.03265380859375,-289.2227783203125
-47.62242126464844,-62.286407470703125,-289.0652770996094
-47.35443115234375,-62.23951721191406,-289.1036376953125
-47.75164794921875,-62.28010559082031,-288.9544677734375
-47.713958740234375,-62.21409606933594,-289.318603515625
-47.98736572265625,-62.410064697265625,-288.7396240234375
-47.613677978515625,-62.15641784667969,-288.9713134765625
-47.460357666015625,-62.05445861816406,-288.5260314941406
-47.61167907714844,-62.40443420410156,-288.3227233886719
-47.63725280761719,-62.46649169921875,-288.68072509765625
-47.28385925292969,-62.41856384277344,-288.29864501953125
-47.38824462890625,-62.40275573730469,-287.794189453125
-47.47468566894531,-62.535400390625,-287.7642822265625
-47.58673095703125,-62.41227722167969,-288.20709228515625
-47.2685546875,-62.610565185546875,-288.282958984375
-47.65046691894531,-62.271026611328125,-287.81561279296875
-47.58406066894531,-62.6881103515625,-287.77935791015625
-47.50508117675781,-62.545196533203125,-287.86358642578125
-47.4908447265625,-62.783905029296875,-287.7020263671875
-47.66560363769531,-62.790252685546875,-288.1368103027344
-47.34260559082031,-62.48274230957031,-287.7562255859375
-47.24916076660156,-62.46038818359375,-288.0760498046875
-47.702789306640625,-62.585540771484375,-287.3197021484375
-47.256805419921875,-62.7977294921875,-287.7767028808594
-47.384429931640625,-62.84844970703125,-287.5926513671875
-47.603729248046875,-62.72715759277344,-287.65374755859375
-47.79083251953125,-62.85023498535156,-287.3195495605469
-47.63432312011719,-62.716339111328125,-287.66619873046875
-47.623504638671875,-62.363494873046875,-287.36077880859375
-47.589385986328125,-62.506439208984375,-287.142822265625
-47.94865417480469,-62.80503845214844,-288.2886962890625
-48.04615783691406,-62.70457458496094,-287.8497314453125
-47.99613952636719,-62.97236633300781,-288.14288330078125
-48.00193786621094,-62.678680419921875,-288.3427734375
-48.12074279785156,-62.62379455566406,-287.6517333984375
-47.9786376953125,-62.40751647949219,-288.118408203125
-47.71522521972656,-62.675445556640625,-287.97283935546875
-47.71788024902344,-62.64533996582031,-287.68743896484375
-48.27210998535156,-62.18699645996094,-287.30224609375
-48.06353759765625,-62.07830810546875,-287.8193054199219
-47.92340087890625,-62.18513488769531,-288.1182861328125
-48.009368896484375,-62.4024658203125,-287.8694763183594
-48.0423583984375,-62.40956115722656,-288.6685791015625
-47.85493469238281,-62.469573974609375,-287.97796630859375
-48.18916320800781,-62.508544921875,-288.45855712890625
-48.03315734863281,-62.58734130859375,-288.2764587402344
-48.044525146484375,-62.14886474609375,-288.42669677734375
-48.46612548828125,-62.52142333984375,-288.2635192871094
-48.36009216308594,-62.005157470703125,-288.2265625
-48.57875061035156,-62.45204162597656,-287.85052490234375
-48.60804748535156,-62.333648681640625,-287.46929931640625
-48.524505615234375,-62.29072570800781,-287.8074645996094
-48.693603515625,-62.34223937988281,-288.26861572265625
-48.39036560058594,-62.40998840332031,-287.87261962890625
-48.434844970703125,-62.37156677246094,-287.88043212890625
-48.33061218261719,-62.365325927734375,-287.48297119140625
-48.566131591796875,-62.4632568359375,-287.38836669921875
-48.23863220214844,-62.340545654296875,-286.982666015625
-48.18858337402344,-62.70404052734375,-287.4039306640625
-48.57159423828125,-62.44561767578125,-287.25921630859375
-48.44511413574219,-62.5615234375,-286.82171630859375
-48.49430847167969,-62.68621826171875,-287.2021179199219
-48.65740966796875,-62.73054504394531,-287.09625244140625
-48.7698974609375,-62.665252685546875,-287.13934326171875
-48.59405517578125,-62.59516906738281,-287.22637939453125
-48.64573669433594,-62.27363586425781,-286.7110595703125
-48.35797119140625,-62.69621276855469,-286.7177429199219
-48.50889587402344,-62.5035400390625,-286.2452087402344
-48.84565734863281,-62.641571044921875,-286.08575439453125
-48.614105224609375,-62.71940612792969,-286.49298095703125
-48.57536315917969,-62.76707458496094,-286.7002258300781
-48.722991943359375,-63.00523376464844,-286.1834716796875
-49.086395263671875,-62.82615661621094,-285.89508056640625
-49.03739929199219,-62.75148010253906,-285.85162353515625
-48.93504333496094,-62.832244873046875,-286.23309326171875
-49.17449951171875,-63.113006591796875,-286.23724365234375
-48.71177673339844,-63.10557556152344,-286.27325439453125
-49.075103759765625,-62.8599853515625,-285.80316162109375
-48.57606506347656,-63.13026428222656,-285.72027587890625
-48.9259033203125,-62.88395690917969,-286.64569091796875
-49.22467041015625,-63.00799560546875,-286.12420654296875
-49.259033203125,-63.15953063964844,-285.49365234375
-48.943389892578125,-63.289703369140625,-285.137939453125
-49.10606384277344,-63.08283996582031,-285.892578125
-49.01812744140625,-63.02677917480469,-286.2852783203125
-48.802215576171875,-63.21343994140625,-285.9453125
-49.0782470703125,-63.02708435058594,-285.58489990234375
-48.81352233886719,-63.370574951171875,-286.2532043457031
-48.99488830566406,-63.37626647949219,-285.9084167480469
-49.018402099609375,-63.421905517578125,-285.77001953125
-48.75457763671875,-63.020172119140625,-285.79638671875
-49.06166076660156,-63.06884765625,-286.2057800292969
-49.02256774902344,-63.22392272949219,-285.784423828125
-48.64152526855469,-62.74102783203125,-285.6211853027344
-48.69334411621094,-62.855438232421875,-285.87371826171875
-48.450958251953125,-62.96562194824219,-286.19049072265625
-48.549285888671875,-62.75364685058594,-285.7124938964844
-48.54292297363281,-63.08233642578125,-285.701171875
-48.9664306640625,-63.15313720703125,-285.4022216796875
-48.54054260253906,-62.828216552734375,-285.2373962402344
-48.56559753417969,-63.035308837890625,-285.5750427246094
-48.51469421386719,-63.22401428222656,-285.8544616699219
-48.7169189453125,-63.03804016113281,-285.22943115234375
-48.5010986328125,-63.4039306640625,-285.90692138671875
-48.87638854980469,-63.02008056640625,-285.5443420410156
-48.71647644042969,-63.07489013671875,-285.7415771484375
-48.22496032714844,-63.37284851074219,-285.353271484375
-48.72920227050781,-63.10986328125,-285.9361572265625
-48.911102294921875,-63.04095458984375,-285.855224609375
-48.621185302734375,-62.81486511230469,-285.907470703125
-48.57829284667969,-63.144439697265625,-285.89068603515625
-48.71331787109375,-63.25599670410156,-285.58026123046875
-48.51780700683594,-63.22444152832031,-285.7484436035156
-48.84126281738281,-63.22611999511719,-285.72332763671875
-48.889984130859375,-63.35661315917969,-285.74652099609375
-48.84693908691406,-63.19488525390625,-285.946533203125
-49.017181396484375,-63.225006103515625,-286.232177734375
-49.06402587890625,-63.1331787109375,-285.810791015625
-48.98396301269531,-62.84016418457031,-285.8014831542969
-48.5692138671875,-63.19606018066406,-285.9092102050781
-48.698577880859375,-62.86334228515625,-285.9466857910156
-48.60430908203125,-62.84440612792969,-286.09100341796875
-48.91880798339844,-62.904266357421875,-285.8506164550781
-48.781036376953125,-63.15242004394531,-285.84326171875
-48.674224853515625,-63.09718322753906,-286.1139831542969
-48.89442443847656,-63.07080078125,-285.921630859375
-48.447906494140625,-63.23973083496094,-286.3380126953125
-48.50263977050781,-63.18760681152344,-285.74822998046875
-48.87571716308594,-62.737060546875,-286.0686950683594
-48.906463623046875,-62.73786926269531,-286.47198486328125
-48.44873046875,-63.19914245605469,-285.7339172363281
-48.69056701660156,-62.80271911621094,-285.77294921875
-48.86273193359375,-62.66558837890625,-285.97174072265625
-48.65850830078125,-62.83599853515625,-285.876708984375
-48.537567138671875,-62.8634033203125,-286.04547119140625
-48.519805908203125,-62.95263671875,-285.961181640625
-48.42826843261719,-62.800140380859375,-285.96685791015625
-48.01210021972656,-63.00325012207031,-286.0950927734375
-48.581695556640625,-62.46864318847656,-285.814453125
-48.468505859375,-62.85633850097656,-285.69549560546875
-48.56024169921875,-62.74449157714844,-285.9249267578125
-48.66929626464844,-62.475311279296875,-286.15460205078125
-48.538055419921875,-62.79591369628906,-286.2822570800781
-48.28753662109375,-62.67778015136719,-285.86962890625
-48.69999694824219,-62.74375915527344,-286.19921875
-48.91644287109375,-62.97357177734375,-286.09368896484375
-48.66639709472656,-62.86817932128906,-286.451904296875
-48.77702331542969,-62.39161682128906,-286.27154541015625
-48.63233947753906,-62.679656982421875,-285.88055419921875
-48.83036804199219,-62.84135437011719,-286.2447814941406
-48.94342041015625,-63.01286315917969,-286.7837219238281
-48.728973388671875,-62.83601379394531,-286.40191650390625
-48.739715576171875,-62.82356262207031,-286.4613952636719
-48.88591003417969,-62.88787841796875,-286.16912841796875
-48.66078186035156,-62.91154479980469,-286.25860595703125
-48.69183349609375,-62.90553283691406,-286.161376953125
-48.75263977050781,-62.948577880859375,-286.73565673828125
-48.678985595703125,-63.01863098144531,-286.8544006347656
-48.88694763183594,-62.74253845214844,-286.4039001464844
-48.79661560058594,-62.93717956542969,-286.74713134765625
-48.91583251953125,-62.85346984863281,-286.4403991699219
-48.89244079589844,-62.66412353515625,-286.22723388671875
-48.71989440917969,-63.1214599609375,-286.39483642578125
-48.64593505859375,-62.78729248046875,-286.654296875
-48.644012451171875,-62.69303894042969,-286.17449951171875
-48.63822937011719,-62.679107666015625,-286.74420166015625
-48.83213806152344,-62.69398498535156,-286.4606628417969
-48.557769775390625,-62.775238037109375,-286.53729248046875
-49.03590393066406,-62.91746520996094,-286.5019836425781
-49.009368896484375,-62.80363464355469,-286.42095947265625
-48.908538818359375,-62.70806884765625,-286.40936279296875
-49.03694152832031,-62.86912536621094,-286.65673828125
-48.65681457519531,-62.843353271484375,-286.7371826171875
-48.74432373046875,-62.52217102050781,-287.3590087890625
-48.368682861328125,-62.601104736328125,-286.9374694824219
-48.73335266113281,-62.63139343261719,-286.549560546875
-48.50788879394531,-62.81071472167969,-287.0937805175781
-48.724578857421875,-62.893951416015625,-287.1808776855469
-49.012603759765625,-62.791748046875,-286.777099609375
-48.7264404296875,-62.82398986816406,-287.2373046875
-48.606719970703125,-62.84657287597656,-286.7398681640625
-48.82487487792969,-62.77717590332031,-286.82940673828125
-48.54423522949219,-62.59934997558594,-286.6665954589844
-48.92877197265625,-63.01231384277344,-286.6536865234375
-48.84495544433594,-62.77142333984375,-286.7259521484375
-48.79643249511719,-62.795013427734375,-286.37347412109375
-48.57484436035156,-62.4425048828125,-286.9010009765625
-48.47932434082031,-62.603302001953125,-287.5667419433594
-48.5853271484375,-62.828948974609375,-286.958740234375
-48.88511657714844,-62.78846740722656,-286.58673095703125
-48.511260986328125,-63.071807861328125,-286.7062683105469
-48.81463623046875,-62.59895324707031,-286.721923828125
-48.8009033203125,-62.65333557128906,-286.903564453125
-48.86378479003906,-62.760650634765625,-286.6916809082031
-48.41865539550781,-62.783599853515625,-286.93231201171875
-48.906341552734375,-62.34222412109375,-286.855224609375
-48.99427795410156,-62.70881652832031,-286.90557861328125
-49.11277770996094,-62.489715576171875,-286.7069091796875
-49.099884033203125,-62.87007141113281,-287.01885986328125
-49.033905029296875,-62.84034729003906,-287.2594909667969
-48.88179016113281,-62.71290588378906,-286.6600341796875
-48.74360656738281,-62.66371154785156,-287.17840576171875
-48.81951904296875,-62.23027038574219,-287.3929443359375
-48.595977783203125,-62.35394287109375,-287.39056396484375
-48.74534606933594,-62.650482177734375,-287.1028747558594
-48.83233642578125,-62.771270751953125,-287.18011474609375
-48.887847900390625,-62.77223205566406,-287.19891357421875
-48.93345642089844,-62.39411926269531,-286.6435852050781
-48.96540832519531,-63.00318908691406,-286.5403747558594
-48.811309814453125,-62.68379211425781,-286.6510009765625
-48.78575134277344,-62.85406494140625,-286.90093994140625
-48.96662902832031,-62.557861328125,-286.72442626953125
-49.114471435546875,-62.473663330078125,-287.114501953125
-49.00062561035156,-62.592254638671875,-286.748046875
-49.01057434082031,-62.74485778808594,-287.0999755859375
-48.94783020019531,-62.58949279785156,-287.08709716796875
-48.86619567871094,-62.853973388671875,-286.746826171875
-49.10298156738281,-62.51457214355469,-286.416015625
-49.19505310058594,-62.721832275390625,-286.3695373535156
-48.754486083984375,-62.85595703125,-286.67822265625
-48.63404846191406,-62.596832275390625,-287.1632080078125
-48.67088317871094,-62.704559326171875,-286.8292236328125
-48.79718017578125,-62.87750244140625,-286.23675537109375
-48.70588684082031,-62.940948486328125,-286.7559814453125
-48.75627136230469,-62.58477783203125,-286.5440673828125
-48.64680480957031,-62.60560607910156,-286.91162109375
-49.086090087890625,-62.65315246582031,-286.59857177734375
-48.91383361816406,-62.60453796386719,-286.75457763671875
-49.094512939453125,-62.60362243652344,-286.97705078125
-48.92945861816406,-62.632537841796875,-286.81488037109375
-49.02345275878906,-62.55030822753906,-287.0450439453125
-48.6776123046875,-62.31910705566406,-287.2640380859375
-48.98094177246094,-62.367401123046875,-287.3955078125
-48.961029052734375,-62.521270751953125,-286.65478515625
-49.07829284667969,-62.37083435058594,-286.6290283203125
-49.05145263671875,-62.46037292480469,-286.3853454589844
-48.93211364746094,-62.694580078125,-286.58978271484375
-48.88349914550781,-62.65864562988281,-286.8045654296875
-48.90333557128906,-62.38392639160156,-286.8982238769531
-49.08638000488281,-62.356353759765625,-286.6724853515625
-49.33503723144531,-62.634735107421875,-286.9373474121094
-49.124359130859375,-62.58723449707031,-286.02679443359375
-49.42265319824219,-62.66133117675781,-286.8934631347656
-49.20050048828125,-62.61875915527344,-286.41949462890625
-48.97904968261719,-62.41119384765625,-286.275390625
-49.15745544433594,-62.09886169433594,-286.4193115234375
-49.13313293457031,-62.43675231933594,-286.34906005859375
-49.16349792480469,-62.412139892578125,-286.479736328125
-49.079803466796875,-61.998382568359375,-286.48394775390625
-49.33457946777344,-62.22837829589844,-286.24810791015625
-49.38121032714844,-62.38999938964844,-286.16436767578125
-49.62556457519531,-62.27485656738281,-285.9342346191406
-49.59098815917969,-62.62054443359375,-286.20501708984375
-49.65806579589844,-62.425323486328125,-286.2498474121094
-49.61680603027344,-62.67344665527344,-286.102783203125
-49.49565124511719,-62.79168701171875,-286.2760925292969
-49.56947326660156,-62.548614501953125,-286.1436462402344
-49.55448913574219,-62.65519714355469,-285.82806396484375
-49.810577392578125,-62.542266845703125,-285.9853515625
-49.49250793457031,-62.60163879394531,-286.20648193359375
-49.42066955566406,-62.513580322265625,-285.7583312988281
-49.39738464355469,-62.22929382324219,-285.5079345703125
-49.60798645019531,-62.49189758300781,-286.14044189453125
-49.65727233886719,-62.37727355957031,-286.30145263671875
-49.659912109375,-62.751251220703125,-285.9996032714844
-49.612823486328125,-62.51484680175781,-285.8055725097656
-49.58787536621094,-62.689361572265625,-285.5700378417969
-49.72654724121094,-62.640533447265625,-285.6526184082031
-49.7061767578125,-62.47515869140625,-286.0446472167969
-50.069122314453125,-62.74559020996094,-286.0644836425781
-49.83711242675781,-62.45573425292969,-285.47491455078125
-50.053619384765625,-62.60798645019531,-285.71337890625
-49.84715270996094,-62.47991943359375,-286.25042724609375
-49.42082214355469,-62.557586669921875,-286.114013671875
-49.51490783691406,-62.74285888671875,-286.4290771484375
-49.729827880859375,-62.30427551269531,-285.9385681152344
-49.58522033691406,-62.52777099609375,-285.8082275390625
-49.53959655761719,-62.29582214355469,-285.85211181640625
-49.55018615722656,-62.47099304199219,-286.0439453125
-49.659912109375,-62.49310302734375,-285.586181640625
-49.8641357421875,-62.08259582519531,-286.47528076171875
-49.90594482421875,-62.74931335449219,-285.8773193359375
-49.82176208496094,-62.23828125,-285.90545654296875
-49.39306640625,-62.219635009765625,-285.77178955078125
-49.66102600097656,-62.410980224609375,-285.902587890625
-49.64405822753906,-62.25965881347656,-286.4501037597656
-49.46929931640625,-62.68634033203125,-286.24310302734375
-49.923980712890625,-62.677581787109375,-286.4730224609375
-49.93702697753906,-62.256072998046875,-286.10906982421875
-49.420074462890625,-62.48396301269531,-286.35028076171875
-49.898284912109375,-62.38331604003906,-286.21795654296875
-49.91053771972656,-62.5555419921875,-285.7882080078125
-49.774688720703125,-62.35972595214844,-286.139892578125
-49.78514099121094,-62.38298034667969,-286.035400390625
-50.071868896484375,-62.25733947753906,-286.0921630859375
-49.493316650390625,-62.47074890136719,-286.090576171875
-49.959503173828125,-62.36033630371094,-286.45745849609375
-49.663604736328125,-62.23374938964844,-286.12457275390625
-49.65913391113281,-62.43170166015625,-286.5610656738281
-49.62745666503906,-62.30769348144531,-286.3643798828125
-49.53826904296875,-62.42967224121094,-286.5787048339844
-49.77972412109375,-62.349151611328125,-286.1978759765625
-49.53651428222656,-62.58604431152344,-286.377197265625
-49.65447998046875,-62.257781982421875,-286.36773681640625
-49.39347839355469,-62.330535888671875,-285.4238586425781
-49.58027648925781,-62.22688293457031,-285.9815673828125
-49.65577697753906,-62.390899658203125,-285.83099365234375
-49.6365966796875,-62.43540954589844,-285.5867614746094
-49.829803466796875,-62.69334411621094,-285.9981689453125
-49.75419616699219,-62.3492431640625,-285.80035400390625
-50.32469177246094,-62.621856689453125,-285.917724609375
-50.09233093261719,-62.80915832519531,-286.1563720703125
-50.25096130371094,-62.434539794921875,-285.89501953125
-49.94218444824219,-62.653961181640625,-285.93865966796875
-49.947509765625,-62.66973876953125,-285.3193664550781
-49.56010437011719,-62.68135070800781,-286.46929931640625
-49.788665771484375,-62.41827392578125,-286.09881591796875
-49.717193603515625,-62.81982421875,-286.3484191894531
-49.853424072265625,-62.69488525390625,-286.24664306640625
-49.39921569824219,-62.75529479980469,-285.75238037109375
-49.64012145996094,-62.6395263671875,-286.31695556640625
-49.59065246582031,-62.745880126953125,-286.12261962890625
-49.79347229003906,-62.58995056152344,-285.60198974609375
-49.56825256347656,-62.62629699707031,-285.6417236328125
-49.22721862792969,-62.85688781738281,-285.7009582519531
-49.59214782714844,-62.51814270019531,-285.75897216796875
-49.40869140625,-62.62846374511719,-285.91009521484375
-49.45770263671875,-62.77235412597656,-285.3114929199219
-49.24742126464844,-62.648406982421875,-285.33935546875
-49.32887268066406,-62.693328857421875,-285.09100341796875
-49.23545837402344,-62.56077575683594,-285.6668395996094
-49.157379150390625,-62.57421875,-285.7447509765625
-49.43217468261719,-62.429962158203125,-285.6941223144531
-49.235626220703125,-62.57637023925781,-286.1621398925781
-49.47019958496094,-62.61161804199219,-286.1612548828125
-48.94268798828125,-62.40092468261719,-286.39013671875
-49.35536193847656,-62.48002624511719,-286.19293212890625
-48.97282409667969,-62.54052734375,-285.899169921875
-49.31459045410156,-62.43763732910156,-286.04400634765625
-49.52604675292969,-62.1949462890625,-285.8941650390625
-49.10786437988281,-62.3023681640625,-286.00048828125
-49.152587890625,-62.713104248046875,-286.078857421875
-49.195220947265625,-62.666961669921875,-285.60009765625
-48.99043273925781,-62.56256103515625,-286.2445068359375
-49.158172607421875,-62.75250244140625,-285.95220947265625
-49.197540283203125,-62.848419189453125,-286.2066955566406
-48.94366455078125,-62.69792175292969,-285.527099609375
-49.005218505859375,-62.71784973144531,-285.56915283203125
-49.1053466796875,-62.65934753417969,-285.5049133300781
-49.09773254394531,-62.42112731933594,-285.33319091796875
-48.731353759765625,-62.84100341796875,-285.37872314453125
-48.55511474609375,-62.299652099609375,-285.41644287109375
-49.18373107910156,-62.594970703125,-285.4169616699219
-48.901153564453125,-63.07395935058594,-285.50225830078125
-48.679168701171875,-62.87103271484375,-285.3809814453125
-48.80708312988281,-62.750274658203125,-285.9062805175781
-48.9468994140625,-62.364410400390625,-285.62005615234375
-48.798797607421875,-62.451171875,-285.67706298828125
-49.09320068359375,-62.80357360839844,-285.5224304199219
-48.83929443359375,-62.41078186035156,-285.43853759765625
-48.6785888671875,-62.90187072753906,-285.37200927734375
-49.036956787109375,-62.69099426269531,-285.46337890625
-48.98626708984375,-63.1234130859375,-285.8658142089844
-49.29853820800781,-62.75189208984375,-286.2288818359375
-48.99717712402344,-62.3538818359375,-285.7252197265625
-49.15997314453125,-62.4595947265625,-285.9482421875
-49.24066162109375,-62.691619873046875,-285.9689025878906
-48.95726013183594,-62.775054931640625,-285.6377868652344
-49.124542236328125,-62.254791259765625,-285.744384765625
-49.008056640625,-62.46929931640625,-285.4490966796875
-48.53526306152344,-62.26445007324219,-285.7449645996094
-48.8294677734375,-62.119964599609375,-285.4755859375
-48.530609130859375,-62.66502380371094,-285.3258056640625
-48.65608215332031,-62.35118103027344,-285.67578125
-49.03511047363281,-62.626983642578125,-286.2952880859375
-48.91114807128906,-62.50404357910156,-285.41424560546875
-48.97105407714844,-62.2938232421875,-286.09259033203125
-48.95289611816406,-62.42250061035156,-285.9294738769531
-48.77978515625,-62.445587158203125,-285.561767578125
-49.05560302734375,-62.58526611328125,-286.2098083496094
-49.34275817871094,-62.535125732421875,-286.31231689453125
-49.10075378417969,-62.61346435546875,-285.89178466796875
-48.95219421386719,-62.56147766113281,-286.1509704589844
-48.97772216796875,-62.37919616699219,-285.9047546386719
-48.98442077636719,-62.618255615234375,-286.28839111328125
-49.14738464355469,-62.88011169433594,-285.87518310546875
-48.842132568359375,-62.53718566894531,-286.23358154296875
-49.32398986816406,-62.69642639160156,-285.764404296875
-48.986083984375,-62.64091491699219,-285.78082275390625
-49.155364990234375,-62.693511962890625,-285.9908752441406
-48.968902587890625,-62.49919128417969,-285.5302429199219
-49.054931640625,-62.473602294921875,-285.66180419921875
-48.92958068847656,-62.27253723144531,-285.88592529296875
-49.09234619140625,-62.79811096191406,-285.2915954589844
-49.28321838378906,-62.575958251953125,-286.362060546875
-49.59904479980469,-62.74043273925781,-286.1253967285156
-48.931427001953125,-62.812225341796875,-285.94573974609375
-48.9576416015625,-62.8294677734375,-286.5341796875
-49.18865966796875,-62.74566650390625,-286.37017822265625
-49.07728576660156,-62.84429931640625,-286.1900634765625
-48.977752685546875,-62.7767333984375,-286.40142822265625
-49.106689453125,-62.35472106933594,-285.7320861816406
-49.11170959472656,-63.01416015625,-286.21478271484375
-48.989501953125,-62.60554504394531,-286.31072998046875
-49.21870422363281,-62.760986328125,-285.85174560546875
-49.16239929199219,-62.64411926269531,-286.09033203125
-49.191802978515625,-62.346221923828125,-285.6729431152344
-49.01593017578125,-62.579620361328125,-286.0201416015625
-49.09429931640625,-62.615081787109375,-285.597412109375
-48.9490966796875,-62.61442565917969,-285.762939453125
-49.235015869140625,-62.98602294921875,-285.295166015625
-48.96910095214844,-62.78202819824219,-285.72406005859375
-49.008087158203125,-62.869171142578125,-285.7568054199219
-49.00970458984375,-62.68113708496094,-286.087890625
-48.893035888671875,-62.96577453613281,-286.23223876953125
-48.57542419433594,-62.52674865722656,-286.0896301269531
-48.88102722167969,-62.70335388183594,-286.076904296875
-48.973114013671875,-62.74122619628906,-285.6343688964844
-48.83795166015625,-62.83245849609375,-285.95245361328125
-49.0341796875,-62.8529052734375,-285.9360656738281
-48.94866943359375,-62.83837890625,-285.9287109375
-48.997467041015625,-62.93821716308594,-285.6772766113281
-48.89830017089844,-62.89459228515625,-285.76776123046875
-48.692474365234375,-62.754638671875,-285.4696044921875
-49.07720947265625,-63.10371398925781,-286.12176513671875
-48.78810119628906,-63.207916259765625,-285.5780334472656
-49.01252746582031,-62.95182800292969,-285.77996826171875
-49.04753112792969,-62.53648376464844,-285.2646179199219
-48.790252685546875,-62.79547119140625,-285.41412353515625
-48.78216552734375,-62.65925598144531,-285.57867431640625
-48.947265625,-62.517059326171875,-285.8111572265625
-48.83592224121094,-62.794097900390625,-285.5101318359375
-49.04988098144531,-62.753814697265625,-285.3883361816406
-48.72764587402344,-62.865936279296875,-285.51727294921875
-49.20246887207031,-63.07200622558594,-285.61669921875
-48.96063232421875,-62.728515625,-285.5753479003906
-48.90068054199219,-62.745269775390625,-285.488037109375
-48.86907958984375,-62.87303161621094,-285.80010986328125
-48.69029235839844,-62.65187072753906,-284.97906494140625
-48.83564758300781,-62.981536865234375,-285.2945556640625
-48.97700500488281,-62.86747741699219,-285.6456298828125
-48.78446960449219,-63.06990051269531,-285.6407165527344
-48.77571105957031,-62.88212585449219,-285.96893310546875
-48.69300842285156,-62.78581237792969,-285.7536926269531
-48.92463684082031,-62.747955322265625,-285.8141784667969
-48.6475830078125,-62.61894226074219,-285.855712890625
-48.86985778808594,-62.76502990722656,-285.7730712890625
-48.760894775390625,-62.703125,-285.8164367675781
-48.684967041015625,-63.14549255371094,-286.2841796875
-48.958099365234375,-63.13960266113281,-285.7290344238281
-48.631866455078125,-62.814849853515625,-285.96490478515625
-48.932861328125,-62.93769836425781,-285.2952880859375
-48.80363464355469,-63.24638366699219,-285.46539306640625
-48.60711669921875,-62.71275329589844,-285.9061584472656
-48.71324157714844,-62.98948669433594,-285.5426025390625
-48.612274169921875,-62.895721435546875,-285.8489990234375
-48.961700439453125,-63.09162902832031,-285.650634765625
-48.948577880859375,-63.18547058105469,-285.8847351074219
-48.80183410644531,-62.91455078125,-285.6963195800781
-49.07147216796875,-63.09539794921875,-285.8125915527344
-48.62992858886719,-63.17591857910156,-285.3067932128906
-48.49525451660156,-63.15373229980469,-285.5714111328125
-48.626007080078125,-63.25907897949219,-285.74737548828125
-48.820465087890625,-63.15008544921875,-285.7698974609375
-48.82972717285156,-62.9088134765625,-285.9456481933594
-48.63948059082031,-63.1273193359375,-285.44940185546875
-48.85731506347656,-63.23101806640625,-285.2906799316406
-48.91682434082031,-63.144134521484375,-286.13714599609375
-48.69061279296875,-63.1151123046875,-285.28265380859375
-49.01985168457031,-63.045318603515625,-285.46917724609375
-48.66468811035156,-62.91493225097656,-285.45697021484375
-48.79252624511719,-63.38568115234375,-286.01031494140625
-48.7435302734375,-62.99339294433594,-285.7021484375
-48.72650146484375,-62.9056396484375,-285.5284423828125
-48.622711181640625,-62.98101806640625,-285.58453369140625
-48.28668212890625,-63.076812744140625,-285.3250732421875
-48.42347717285156,-62.863983154296875,-285.6512451171875
-48.76130676269531,-63.24861145019531,-285.755859375
-49.07142639160156,-62.94496154785156,-285.6015319824219
-48.8211669921875,-63.08636474609375,-285.3716735839844
-48.78338623046875,-63.08854675292969,-285.54425048828125
-48.6671142578125,-63.0489501953125,-285.74163818359375
-48.50007629394531,-63.22442626953125,-285.4991760253906
-48.45027160644531,-62.736236572265625,-285.28173828125
-48.081634521484375,-63.25584411621094,-285.634765625
-48.11351013183594,-63.136962890625,-285.2110595703125
-48.76246643066406,-62.9373779296875,-284.7908935546875
-48.28324890136719,-62.96844482421875,-285.0685729980469
-48.06097412109375,-63.087249755859375,-285.7168884277344
-47.818115234375,-63.05574035644531,-285.3233642578125
-47.641571044921875,-63.1708984375,-285.89093017578125
-47.69004821777344,-63.07356262207031,-285.5252685546875
-47.73091125488281,-63.07525634765625,-285.8736572265625
-47.27427673339844,-62.80354309082031,-286.08270263671875
-47.162261962890625,-63.027740478515625,-286.16986083984375
-46.86164855957031,-62.95556640625,-286.6916809082031
-46.92559814453125,-63.22593688964844,-285.919189453125
-46.403045654296875,-63.20713806152344,-286.1351623535156
-46.105438232421875,-63.22392272949219,-286.105224609375
-45.842681884765625,-63.496826171875,-286.2438049316406
-46.05633544921875,-63.56671142578125,-286.02691650390625
-45.8682861328125,-63.15110778808594,-285.9462890625
-45.593231201171875,-63.068145751953125,-285.8611145019531
-45.75547790527344,-63.43623352050781,-286.01495361328125
-45.59814453125,-63.457794189453125,-285.5938720703125
-45.94288635253906,-63.559234619140625,-285.2291259765625
-45.80659484863281,-63.67887878417969,-285.83270263671875
-46.0252685546875,-63.59330749511719,-285.27825927734375
-46.416595458984375,-63.83561706542969,-285.53155517578125
-46.35523986816406,-63.89070129394531,-285.29388427734375
-46.31871032714844,-63.66065979003906,-285.71075439453125
-46.43766784667969,-64.07582092285156,-284.93280029296875
-46.61726379394531,-63.82139587402344,-284.59173583984375
-46.612884521484375,-64.01934814453125,-284.89044189453125
-46.466766357421875,-64.20008850097656,-284.9395751953125
-46.72975158691406,-64.0245361328125,-284.2481994628906
-46.714019775390625,-64.18888854980469,-284.95013427734375
-46.85261535644531,-63.91090393066406,-284.80560302734375
-46.470916748046875,-64.032470703125,-284.748291015625
-46.88299560546875,-63.54341125488281,-284.3228759765625
-46.8326416015625,-63.56889343261719,-284.4060363769531
-47.020050048828125,-63.78895568847656,-284.49468994140625
-47.0023193359375,-63.59686279296875,-284.8087463378906
-46.59629821777344,-63.80908203125,-284.5577392578125
-46.58758544921875,-63.54240417480469,-284.40985107421875
-46.64231872558594,-63.557281494140625,-284.9345397949219
-46.602783203125,-63.64112854003906,-284.7440185546875
-46.50932312011719,-63.426849365234375,-284.3315734863281
-46.88084411621094,-63.794158935546875,-284.43505859375
-46.540771484375,-63.49951171875,-284.7447204589844
-46.887664794921875,-63.44306945800781,-284.49749755859375
-46.727813720703125,-63.53602600097656,-285.08160400390625
-46.46806335449219,-63.78096008300781,-284.8691711425781
-46.35685729980469,-63.64530944824219,-284.8940124511719
-46.10185241699219,-63.66252136230469,-284.48468017578125
-46.809478759765625,-63.63682556152344,-284.83135986328125
-46.40568542480469,-63.757720947265625,-284.901611328125
-46.57810974121094,-63.39227294921875,-284.85870361328125
-46.483642578125,-63.79533386230469,-284.9095764160156
-46.98832702636719,-63.85209655761719,-284.6360778808594
-46.79200744628906,-63.680755615234375,-284.82672119140625
-46.768310546875,-63.4927978515625,-284.8729248046875
-47.01753234863281,-63.68199157714844,-284.3226013183594
-46.88856506347656,-63.80731201171875,-284.2916564941406
-46.992828369140625,-63.92674255371094,-284.17486572265625
-47.019378662109375,-63.91300964355469,-284.2273254394531
-46.79698181152344,-63.78118896484375,-284.53118896484375
-47.05230712890625,-64.21607971191406,-283.819091796875
-46.91099548339844,-64.20909118652344,-283.95660400390625
-46.9627685546875,-64.04620361328125,-283.931396484375
-46.96038818359375,-64.03598022460938,-284.24664306640625
-47.02241516113281,-63.743988037109375,-284.2018127441406
-47.09033203125,-63.89996337890625,-283.810302734375
-47.14170837402344,-63.65290832519531,-283.9168701171875
-46.796844482421875,-63.92048645019531,-284.1898193359375
-46.833953857421875,-63.806640625,-284.42919921875
-47.02592468261719,-64.07695007324219,-283.78997802734375
-46.790435791015625,-63.901397705078125,-283.90240478515625
-46.90043640136719,-64.11604309082031,-284.4986267089844
-46.71366882324219,-63.71052551269531,-284.0357360839844
-47.12400817871094,-63.92579650878906,-283.46392822265625
-46.90742492675781,-64.03076171875,-283.33740234375
-47.04994201660156,-64.02894592285156,-283.9111328125
-47.3282470703125,-64.124267578125,-283.8879089355469
-47.271484375,-64.18919372558594,-284.0665283203125
-46.939056396484375,-64.29879760742188,-283.9306640625
-47.24403381347656,-64.13456726074219,-283.7440490722656
-46.974090576171875,-63.80091857910156,-284.296875
-46.9969482421875,-63.68388366699219,-284.22003173828125
-46.77058410644531,-63.901031494140625,-284.10748291015625
-46.79722595214844,-63.708648681640625,-284.4666748046875
-47.18707275390625,-63.82081604003906,-284.28704833984375
-46.96943664550781,-63.85282897949219,-284.3310546875
-46.97760009765625,-63.82868957519531,-284.288330078125
-47.00535583496094,-63.943511962890625,-284.2416076660156
-47.28497314453125,-63.52534484863281,-284.7176513671875
-47.30763244628906,-63.80494689941406,-284.45391845703125
-47.07891845703125,-63.91444396972656,-284.4910888671875
-47.315155029296875,-63.81378173828125,-283.959228515625
-47.16044616699219,-63.733795166015625,-283.86712646484375
-47.45097351074219,-63.881622314453125,-283.9634094238281
-47.46844482421875,-63.51164245605469,-284.0807189941406
-47.412261962890625,-63.628021240234375,-284.25506591796875
-47.325836181640625,-63.69596862792969,-284.03485107421875
-47.32861328125,-63.66575622558594,-284.82720947265625
-47.30859375,-63.97361755371094,-284.5846252441406
-47.20256042480469,-63.76947021484375,-284.327392578125
-47.544097900390625,-63.44480895996094,-283.7712707519531
-47.68670654296875,-63.67994689941406,-284.3955078125
-47.20599365234375,-63.84422302246094,-284.4111328125
-47.51277160644531,-63.69865417480469,-284.08056640625
-47.83564758300781,-63.65809631347656,-284.10772705078125
-47.77293395996094,-63.533294677734375,-283.99658203125
-47.7137451171875,-63.807373046875,-284.35198974609375
-48.052001953125,-63.753570556640625,-283.68536376953125
-47.690582275390625,-63.65696716308594,-284.04754638671875
-47.54478454589844,-63.73419189453125,-283.95745849609375
-48.26029968261719,-63.88999938964844,-283.54229736328125
-47.71110534667969,-63.881317138671875,-283.8514709472656
-47.76835632324219,-63.8929443359375,-283.8632507324219
-47.65336608886719,-63.937713623046875,-283.8406677246094
-47.90777587890625,-63.7996826171875,-283.67779541015625
-48.12652587890625,-63.450286865234375,-283.9228515625
-48.14683532714844,-63.9599609375,-283.7952880859375
-47.929351806640625,-63.50315856933594,-283.4443359375
-48.12620544433594,-63.56700134277344,-283.34326171875
-47.74159240722656,-63.467864990234375,-283.3404541015625
-48.333831787109375,-63.43278503417969,-283.2374267578125
-48.09483337402344,-63.41203308105469,-283.8298645019531
-47.92938232421875,-63.53443908691406,-283.78717041015625
-47.99432373046875,-63.7073974609375,-284.27117919921875
-47.87559509277344,-63.49847412109375,-284.52777099609375
-48.13447570800781,-63.55403137207031,-284.3927917480469
-48.158355712890625,-63.38703918457031,-284.56256103515625
-48.17875671386719,-63.44059753417969,-284.04779052734375
-48.196197509765625,-63.41600036621094,-283.29473876953125
-47.98200988769531,-63.46522521972656,-283.9847106933594
-48.16944885253906,-63.60090637207031,-284.07818603515625
-48.14324951171875,-63.46800231933594,-284.0528564453125
-48.32122802734375,-63.51939392089844,-283.9804992675781
-47.85295104980469,-63.443267822265625,-284.42388916015625
-48.103057861328125,-63.26531982421875,-284.0435485839844
-48.04014587402344,-63.53192138671875,-284.431396484375
-47.69868469238281,-63.72346496582031,-283.83416748046875
-47.61720275878906,-63.27894592285156,-283.92657470703125
-47.83760070800781,-63.63041687011719,-284.041259765625
-47.89703369140625,-63.67994689941406,-283.53582763671875
-47.79612731933594,-63.51802062988281,-284.39300537109375
-47.88824462890625,-63.51429748535156,-283.7906494140625
-47.95916748046875,-63.49327087402344,-283.9212951660156
-47.78228759765625,-63.688018798828125,-283.96868896484375
-47.712890625,-63.592071533203125,-283.53094482421875
-47.81268310546875,-63.6634521484375,-283.8741149902344
-47.544219970703125,-63.8677978515625,-283.996337890625
-47.73329162597656,-63.88836669921875,-284.2502136230469
-47.919342041015625,-63.5487060546875,-284.59893798828125
-47.75706481933594,-63.732330322265625,-284.330322265625
-47.66862487792969,-63.54939270019531,-284.1798095703125
-47.91633605957031,-63.938018798828125,-284.3286437988281
-47.923095703125,-63.43006896972656,-284.4647216796875
-47.893341064453125,-63.94734191894531,-284.43133544921875
-47.85185241699219,-63.63124084472656,-284.32421875
-47.76429748535156,-63.52745056152344,-284.3392333984375
-47.93382263183594,-63.63946533203125,-284.12860107421875
-48.09574890136719,-63.71134948730469,-284.79931640625
-47.68907165527344,-63.57745361328125,-284.637451171875
-47.9573974609375,-63.543731689453125,-284.8306884765625
-47.87596130371094,-63.44163513183594,-284.663818359375
-47.73326110839844,-63.76643371582031,-284.95855712890625
-47.95233154296875,-63.38676452636719,-285.052734375
-47.99211120605469,-63.55955505371094,-284.7965087890625
-48.12371826171875,-63.757904052734375,-284.76580810546875
-47.77156066894531,-63.485443115234375,-284.26544189453125
-48.093414306640625,-63.67948913574219,-284.7415466308594
-48.017303466796875,-63.69287109375,-284.2429504394531
-48.36082458496094,-63.45994567871094,-284.5363464355469
-48.09033203125,-63.647064208984375,-284.93402099609375
-48.06373596191406,-63.94117736816406,-284.0683898925781
-48.017852783203125,-63.79713439941406,-284.9792175292969
-48.30986022949219,-63.74189758300781,-284.8475341796875
-48.13505554199219,-63.62628173828125,-285.4234619140625
-48.38719177246094,-63.44000244140625,-285.23345947265625
-48.33399963378906,-63.61289978027344,-285.4098815917969
-48.626373291015625,-63.440216064453125,-285.4908447265625
-48.44288635253906,-63.37516784667969,-285.02008056640625
-48.3228759765625,-63.64466857910156,-285.63641357421875
-48.419830322265625,-63.4022216796875,-285.2491455078125
-48.439727783203125,-63.63362121582031,-285.4377746582031
-48.76824951171875,-63.55316162109375,-285.4952392578125
-48.85462951660156,-63.44392395019531,-285.2695007324219
-48.86030578613281,-63.200286865234375,-285.9085693359375
-48.54669189453125,-63.16377258300781,-285.38800048828125
-48.427337646484375,-63.18519592285156,-285.9367370605469
-48.69993591308594,-63.07658386230469,-285.53363037109375
-48.759979248046875,-63.318145751953125,-285.5477600097656
-48.63258361816406,-63.404815673828125,-285.759033203125
-48.9593505859375,-63.5247802734375,-286.3585510253906
-48.669219970703125,-63.21885681152344,-286.10272216796875
-49.07177734375,-63.04058837890625,-285.843994140625
-48.68135070800781,-62.86297607421875,-286.42608642578125
-48.94999694824219,-62.96263122558594,-286.3360595703125
-48.79988098144531,-63.263885498046875,-285.6453857421875
-48.36369323730469,-63.04583740234375,-286.57965087890625
-48.88572692871094,-63.057586669921875,-286.25714111328125
-48.64976501464844,-63.1732177734375,-286.31182861328125
-48.549224853515625,-63.261688232421875,-286.4996337890625
-48.34754943847656,-63.40922546386719,-286.562255859375
-48.19960021972656,-63.2535400390625,-286.4906005859375
-48.70838928222656,-63.542877197265625,-285.9140625
-48.254241943359375,-63.22166442871094,-286.7034912109375
-48.4622802734375,-62.90193176269531,-286.4801025390625
-48.55320739746094,-62.99041748046875,-286.5285949707031
-48.48670959472656,-63.001861572265625,-286.7208251953125
-48.613616943359375,-62.96153259277344,-287.22052001953125
-48.622222900390625,-62.995880126953125,-287.1625061035156
-48.70561218261719,-62.799163818359375,-287.644775390625
-48.58903503417969,-62.79228210449219,-287.324462890625
-48.51249694824219,-62.85218811035156,-287.511474609375
-48.45988464355469,-62.43647766113281,-287.6151123046875
-48.68397521972656,-63.00604248046875,-287.489013671875
-48.476593017578125,-62.77781677246094,-287.5154113769531
-48.25709533691406,-63.17298889160156,-287.31353759765625
-48.21995544433594,-62.5914306640625,-287.16107177734375
-48.551513671875,-62.724578857421875,-287.83404541015625
-48.46449279785156,-62.32337951660156,-287.5302429199219
-48.64479064941406,-62.542633056640625,-287.779541015625
-48.42839050292969,-62.664215087890625,-287.88641357421875
-48.92271423339844,-62.61763000488281,-288.21295166015625
-48.9715576171875,-62.405242919921875,-288.29302978515625
-48.718780517578125,-62.301483154296875,-288.3598937988281
-48.72752380371094,-62.60028076171875,-288.6056823730469
-48.72795104980469,-62.330718994140625,-288.5819091796875
-49.07421875,-62.33116149902344,-288.40533447265625
-49.01243591308594,-62.0682373046875,-288.0740661621094
-49.06840515136719,-62.70997619628906,-288.0523681640625
-48.87574768066406,-62.403106689453125,-287.8612976074219
-49.392303466796875,-62.65513610839844,-287.8081359863281
-49.54600524902344,-62.46086120605469,-287.470703125
-49.482940673828125,-62.45829772949219,-287.6955261230469
-49.324981689453125,-62.72955322265625,-288.09783935546875
-49.57127380371094,-62.24037170410156,-288.1717224121094
-49.521820068359375,-62.25221252441406,-287.99993896484375
-49.49604797363281,-62.349609375,-288.14752197265625
-49.25776672363281,-62.59895324707031,-287.37750244140625
-49.55848693847656,-62.66856384277344,-287.47216796875
-49.72560119628906,-62.716766357421875,-287.3846130371094
-49.76988220214844,-62.76045227050781,-287.37957763671875
-50.071502685546875,-62.350341796875,-287.0091247558594
-50.17097473144531,-62.660430908203125,-287.08697509765625
-50.06471252441406,-62.81520080566406,-287.053466796875
-50.32627868652344,-62.57725524902344,-287.2170715332031
-50.46546936035156,-62.58427429199219,-286.8113708496094
-50.59635925292969,-62.51213073730469,-287.6751708984375
-50.375885009765625,-62.23284912109375,-286.9515380859375
-50.265960693359375,-62.10563659667969,-287.0843505859375
-50.57554626464844,-61.9700927734375,-287.697265625
-50.4268798828125,-62.027069091796875,-287.2017517089844
-50.78404235839844,-62.33424377441406,-287.1588134765625
-50.57731628417969,-61.82392883300781,-287.0535583496094
-50.80894470214844,-62.16624450683594,-287.384033203125
-50.41731262207031,-62.220123291015625,-287.50616455078125
-50.58122253417969,-62.09576416015625,-287.17999267578125
-50.63410949707031,-62.30364990234375,-286.7610168457031
-50.5455322265625,-62.206634521484375,-287.2677001953125
