X,Y,Z
0.09483055770397186,0.006374537944793701,0.0031496286392211914
0.12262733280658722,-0.029648542404174805,0.051496803760528564
0.13118663430213928,-0.07637345790863037,0.03202325105667114
0.11145709455013275,-0.10186553001403809,0.01617586612701416
0.07674014568328857,-0.0975990891456604,0.002153635025024414
0.05782787501811981,-0.0743599534034729,-0.08139175176620483
0.06524213403463364,-0.054658591747283936,-0.10482239723205566
0.0285603329539299,-0.014835238456726074,-0.08312487602233887
-0.07944715023040771,0.04073524475097656,-0.0815427303314209
0.03776174783706665,-0.02228635549545288,-0.1294686198234558
0.08140099793672562,-0.04947441816329956,-0.07796186208724976
0.05436047166585922,-0.029213249683380127,0.018266499042510986
0.031097447499632835,-0.015981197357177734,0.09286320209503174
0.06362902373075485,-0.12520956993103027,0.16545772552490234
0.13640378415584564,-0.25549352169036865,0.3241422176361084
0.11809666454792023,-0.25743603706359863,0.46292442083358765
0.08701267093420029,-0.05433475971221924,0.5180957913398743
0.09925693273544312,0.11505711078643799,0.42824608087539673
0.10897321999073029,0.23680055141448975,0.38067299127578735
0.026669785380363464,0.2687755823135376,0.4634929895401001
-0.246220201253891,0.1579408049583435,0.5480342507362366
-0.6599259376525879,0.07213783264160156,0.7273693680763245
-0.7609874606132507,-0.16133466362953186,0.7485980987548828
-0.5784127116203308,-0.3102540075778961,0.7614864706993103
-0.5690935254096985,-0.16793549060821533,0.8842628598213196
-0.5306941270828247,0.08544528484344482,1.009596586227417
-0.2862935960292816,0.15512052178382874,1.214163899421692
0.2480870485305786,0.11965829133987427,1.397745966911316
0.03308798372745514,0.47528186440467834,1.4898964166641235
-0.4398377537727356,0.6373339891433716,1.546869158744812
-0.7369565963745117,0.49950870871543884,1.4760626554489136
-1.0268319845199585,0.4438847303390503,1.348050832748413
-1.1672635078430176,0.4985189437866211,1.389402151107788
-1.2224963903427124,0.6069163680076599,1.424027681350708
-1.2500035762786865,0.7090662717819214,1.3755334615707397
-1.2962807416915894,0.8161681890487671,1.255204200744629
-1.3713428974151611,0.9046866297721863,1.0814265012741089
-1.5205862522125244,0.9161279201507568,0.8105965852737427
-1.6449037790298462,0.8554073572158813,0.4863291382789612
-1.7641022205352783,0.8053997755050659,0.1974366307258606
-1.9331114292144775,0.8120585680007935,-0.10157120227813721
-2.150270938873291,0.859498918056488,-0.36031585931777954
-2.3698830604553223,0.9632358551025391,-0.5419514179229736
-2.550084352493286,1.0961400270462036,-0.6264160871505737
-2.6890804767608643,1.2564609050750732,-0.6521162986755371
-2.6971192359924316,1.4362072944641113,-0.7437739372253418
-2.6995182037353516,1.5971388816833496,-0.880180835723877
-2.6879477500915527,1.697620153427124,-0.9328547716140747
-2.704096794128418,1.7672977447509766,-0.9357892274856567
-2.71004581451416,1.8186593055725098,-0.985637903213501
-2.7513842582702637,1.8035194873809814,-1.1830768585205078
-2.800835132598877,1.734723448753357,-1.4606523513793945
-2.887279510498047,1.7019386291503906,-1.6428261995315552
-2.974698066711426,1.766981601715088,-1.6678321361541748
-3.116586208343506,1.9463870525360107,-1.4568628072738647
-3.337700605392456,2.2352945804595947,-0.9616426825523376
-3.5160791873931885,2.647919178009033,-0.35544729232788086
-3.608513116836548,3.1199262142181396,0.13551998138427734
-3.5273098945617676,3.6096084117889404,0.4150763750076294
-3.2035233974456787,4.045757293701172,0.3913043737411499
-2.7366790771484375,4.334794998168945,0.16464847326278687
-2.229163885116577,4.431055068969727,-0.12783539295196533
-1.7330763339996338,4.377157688140869,-0.43826723098754883
-1.32453191280365,4.204700469970703,-0.7286638021469116
-1.0124720335006714,3.975276231765747,-0.914149284362793
-0.9241410493850708,3.719822883605957,-1.0697709321975708
-0.965447723865509,3.499269485473633,-1.283848762512207
-0.9643738269805908,3.3606131076812744,-1.4996039867401123
-0.9218965172767639,3.31144380569458,-1.7287272214889526
-0.9007461667060852,3.3368921279907227,-1.8872289657592773
-0.802733302116394,3.451932430267334,-1.9814209938049316
-0.6409528851509094,3.6116251945495605,-2.0531539916992188
-0.47870686650276184,3.7342867851257324,-2.0707406997680664
-0.32932111620903015,3.7476086616516113,-1.9234378337860107
-0.37204667925834656,3.615618944168091,-1.6803884506225586
-0.6736752986907959,3.3478565216064453,-1.514979600906372
-1.117418885231018,3.004631519317627,-1.511291742324829
-1.6106188297271729,2.7373998165130615,-1.675855278968811
-1.9274821281433105,2.6599977016448975,-1.9130717515945435
-1.9627721309661865,2.7676408290863037,-2.067978858947754
-1.856482744216919,2.9416232109069824,-2.089200973510742
-1.7036336660385132,3.046804428100586,-2.0146079063415527
-1.6160187721252441,3.0958094596862793,-1.8294917345046997
-1.594527244567871,3.0508100986480713,-1.6109490394592285
-1.6116831302642822,2.9496614933013916,-1.362431287765503
-1.6830430030822754,2.8728387355804443,-1.1246834993362427
-1.8332316875457764,2.8546054363250732,-0.9804166555404663
-2.0858302116394043,2.81925106048584,-0.8777917623519897
-2.37929105758667,2.82035493850708,-0.7565611004829407
-2.641641855239868,2.929762363433838,-0.6105857491493225
-2.8495535850524902,3.0456693172454834,-0.4481145143508911
-3.1159067153930664,3.165222644805908,-0.31104040145874023
-3.318481922149658,3.2967722415924072,-0.21227610111236572
-3.4254374504089355,3.3647286891937256,-0.1610446572303772
-3.4056336879730225,3.3707523345947266,-0.07961827516555786
-3.185041666030884,3.3681106567382812,0.041847944259643555
-2.947348117828369,3.3314049243927,0.23363053798675537
-2.835862874984741,3.3176586627960205,0.4389472007751465
-2.730963945388794,3.4117801189422607,0.4925311803817749
-2.562286853790283,3.552035093307495,0.3857306241989136
-2.443354368209839,3.739192485809326,0.3129611015319824
-2.3617560863494873,3.971937417984009,0.23373621702194214
-2.2708077430725098,4.167877197265625,0.11808967590332031
-2.2094621658325195,4.263266086578369,-0.01530611515045166
-2.125521183013916,4.301443099975586,-0.11250150203704834
-2.0408012866973877,4.330630779266357,-0.30603379011154175
-1.9970917701721191,4.442558765411377,-0.6054698824882507
-1.8324289321899414,4.705508232116699,-0.8087502717971802
-1.5975075960159302,5.044510841369629,-0.8293792009353638
-1.4620670080184937,5.3957977294921875,-0.7600221037864685
-1.214209794998169,5.496718883514404,-0.6239792108535767
-1.0472297668457031,5.503735542297363,-0.38112643361091614
-0.9876419305801392,5.41461706161499,-0.113536536693573
-0.9654166102409363,5.244936943054199,0.10328072309494019
-1.041548252105713,5.0902862548828125,0.15746498107910156
-1.1478993892669678,5.018560886383057,-0.0023442506790161133
-1.1869261264801025,5.053215980529785,-0.15131360292434692
-1.1741735935211182,5.138495922088623,-0.13751956820487976
-1.2906169891357422,5.173127174377441,-0.08371108770370483
-1.5043141841888428,5.216170787811279,-0.05374377965927124
-1.6788356304168701,5.270223140716553,-0.05129644274711609
-1.8890504837036133,5.381407737731934,-0.035602718591690063
-2.1190195083618164,5.414063930511475,-0.004073351621627808
-2.375030279159546,5.445508003234863,0.11250567436218262
-2.518097162246704,5.714091777801514,0.3374316096305847
-2.1787941455841064,5.939239501953125,0.675611138343811
-1.6506685018539429,5.925274848937988,1.0470960140228271
-1.134495735168457,5.678564548492432,1.2215514183044434
-0.8430841565132141,5.151210784912109,1.0569590330123901
-0.9714995622634888,4.48316764831543,0.6222714781761169
-1.420363426208496,3.961714029312134,0.22276657819747925
-1.9091124534606934,3.598358631134033,0.11283409595489502
-2.171804428100586,3.44134521484375,0.2574871778488159
-2.1433725357055664,3.3781919479370117,0.5641611218452454
-2.1119837760925293,3.3623509407043457,0.7184913158416748
-2.1854376792907715,3.46305775642395,0.5710518956184387
-2.191460371017456,3.7089574337005615,0.331479012966156
-2.1547045707702637,3.8909521102905273,0.052558839321136475
-2.3362109661102295,4.070094585418701,-0.42953842878341675
-2.4960484504699707,4.248415946960449,-1.0394150018692017
-2.5456924438476562,4.382909774780273,-1.6907806396484375
-2.5065321922302246,4.394993782043457,-2.2802305221557617
-2.521132707595825,4.303332805633545,-2.7379393577575684
-2.44048810005188,4.198770523071289,-3.0724759101867676
-2.059339761734009,4.064633369445801,-3.3570730686187744
-1.5713024139404297,3.817321538925171,-3.4816956520080566
-1.4492273330688477,3.4590864181518555,-3.3394784927368164
-1.849409580230713,3.0328173637390137,-2.9209296703338623
-2.487212896347046,2.7659764289855957,-2.3012027740478516
-2.9361610412597656,2.7419450283050537,-1.8402214050292969
-3.1815621852874756,2.8770205974578857,-1.5982730388641357
-3.179565668106079,3.136496067047119,-1.5313462018966675
-2.9772567749023438,3.468993663787842,-1.6388165950775146
-2.62473201751709,3.7845993041992188,-1.8707242012023926
-2.2980170249938965,4.018703937530518,-1.9883453845977783
-2.267099618911743,4.1529083251953125,-1.7700542211532593
-2.5325052738189697,4.149165630340576,-1.2319597005844116
-2.887152910232544,4.0954413414001465,-0.5927529335021973
-3.121858596801758,4.099697113037109,-0.05363106727600098
-3.1607489585876465,4.1885457038879395,0.4319818615913391
-2.939008951187134,4.29504919052124,0.7715028524398804
-2.556525468826294,4.3706793785095215,0.6858019828796387
-2.134117603302002,4.38759708404541,0.2594735622406006
-1.824417233467102,4.3358378410339355,-0.159015953540802
-1.6323621273040771,4.250102519989014,-0.5104959011077881
-1.4368419647216797,4.217462539672852,-0.714947521686554
-1.3184901475906372,4.207781791687012,-0.7842283844947815
-1.2376505136489868,4.227104187011719,-0.7807284593582153
-1.1388661861419678,4.212830066680908,-0.8394426107406616
-0.9995365142822266,4.170981407165527,-0.9380530118942261
-0.8662973046302795,4.122429847717285,-1.1472516059875488
-0.8019832968711853,4.014393329620361,-1.469886302947998
-0.9061466455459595,3.8642046451568604,-1.8068398237228394
-1.2186918258666992,3.7411069869995117,-2.131556987762451
-1.6610536575317383,3.717296600341797,-2.3698675632476807
-2.0363082885742188,3.712459087371826,-2.3576653003692627
-2.410470485687256,3.779082775115967,-2.2447280883789062
-2.7439112663269043,3.9083549976348877,-2.1264538764953613
-2.8084468841552734,4.04534912109375,-1.9249385595321655
-2.7040047645568848,4.129329204559326,-1.6790025234222412
-2.4949686527252197,4.132192611694336,-1.4380444288253784
-2.2355260848999023,4.078243732452393,-1.1633875370025635
-2.092817544937134,3.9112372398376465,-0.8177996277809143
-2.4080913066864014,3.5708823204040527,-0.2522030472755432
-2.722261667251587,3.1771163940429688,0.38536399602890015
-2.970489978790283,3.0963916778564453,0.7473747134208679
-2.9770455360412598,3.2886903285980225,0.7983437180519104
-2.6340997219085693,3.490612745285034,0.7632587552070618
-2.570377826690674,3.3738768100738525,0.7490360140800476
-2.7503902912139893,3.1253132820129395,0.6509008407592773
-2.978302478790283,2.8974874019622803,0.4994489550590515
-3.1762914657592773,2.8737571239471436,0.4231184124946594
-3.1264772415161133,3.099061965942383,0.42942166328430176
-2.674872636795044,3.4345006942749023,0.6179683208465576
-2.228790521621704,3.7146220207214355,1.0721156597137451
-1.96477472782135,3.824042797088623,1.4182339906692505
-1.5507631301879883,3.9088473320007324,1.2808396816253662
-0.8929599523544312,3.5694987773895264,1.4205368757247925
-0.5549591183662415,3.2001070976257324,1.74033522605896
-0.2868329584598541,2.8749449253082275,1.8256016969680786
-0.24668046832084656,2.6493241786956787,1.6821016073226929
-0.4508528411388397,2.568417549133301,1.3480983972549438
-0.7415723204612732,2.631439685821533,0.8416781425476074
-1.113183617591858,2.831273078918457,0.2515336275100708
-1.468245506286621,2.975961208343506,-0.27949726581573486
-1.7822763919830322,3.0858511924743652,-0.6142642498016357
-1.904706597328186,3.1921656131744385,-0.7808184623718262
-1.9071259498596191,3.3479771614074707,-0.7570574283599854
-1.6381120681762695,3.4336116313934326,-0.5651643872261047
-1.388361930847168,3.6292667388916016,-0.2552129328250885
-1.1397216320037842,3.6577718257904053,0.048877865076065063
-0.9711242318153381,3.61678147315979,0.3221992552280426
-0.8340163230895996,3.5646910667419434,0.5229523181915283
-0.7430129051208496,3.512864351272583,0.6212852001190186
-0.7313599586486816,3.461515426635742,0.6058993339538574
-0.8276650309562683,3.413198947906494,0.4744892120361328
-1.0255104303359985,3.459468126296997,0.16251200437545776
-1.1121447086334229,3.5683753490448,-0.1241360455751419
-1.1586487293243408,3.717512845993042,-0.255215048789978
-1.1769633293151855,3.8913073539733887,-0.24980583786964417
-1.2067928314208984,4.043451309204102,-0.12827932834625244
-1.2621269226074219,4.1693854331970215,0.0589529424905777
-1.339552402496338,4.285531044006348,0.21052557229995728
-1.4649766683578491,4.315035820007324,0.25664079189300537
-1.5978727340698242,4.318626403808594,0.12386664748191833
-1.7406184673309326,4.439827919006348,-0.08433586359024048
-1.8530222177505493,4.607900619506836,-0.11837153136730194
-1.926056981086731,4.7601399421691895,0.01823514699935913
-1.9118015766143799,4.980926036834717,0.23369158804416656
-1.7229241132736206,4.9883713722229,0.4615400433540344
-1.591715693473816,4.8203935623168945,0.5674851536750793
-1.5227978229522705,4.624082565307617,0.5638031363487244
-1.5350748300552368,4.347519874572754,0.5030383467674255
-1.6239476203918457,4.017046928405762,0.38983190059661865
-1.8729994297027588,3.7596821784973145,0.2489752173423767
-2.2180347442626953,3.5811715126037598,0.17825663089752197
-2.534984827041626,3.5452139377593994,0.1398237943649292
-2.8103063106536865,3.644312620162964,0.07233333587646484
-3.1624093055725098,3.88708233833313,-0.03366045653820038
-3.422661542892456,4.284783363342285,-0.16424402594566345
-3.183157444000244,4.803383827209473,-0.21340861916542053
-2.441800117492676,5.157258033752441,-0.2644875645637512
-1.7476720809936523,5.287773132324219,-0.5255738496780396
-1.2873854637145996,5.1675567626953125,-1.2171705961227417
-1.0093188285827637,5.004368782043457,-2.1440412998199463
-0.8467138409614563,4.799392223358154,-3.0314865112304688
-0.6962013840675354,4.565560817718506,-3.69376540184021
-0.45169728994369507,4.3471269607543945,-3.9194955825805664
-0.21029876172542572,4.022709369659424,-3.691138505935669
-0.2483922243118286,3.508275032043457,-3.1398227214813232
-0.6152753829956055,2.9229700565338135,-2.4368739128112793
-1.1194705963134766,2.435209274291992,-1.7846577167510986
-1.664666771888733,2.117581844329834,-1.3679563999176025
-2.1705589294433594,2.0239181518554688,-1.2833389043807983
-2.509596109390259,2.138789176940918,-1.463639736175537
-2.5494909286499023,2.462024211883545,-1.724426507949829
-2.316948413848877,2.871366024017334,-2.01438570022583
-2.011340856552124,3.1764121055603027,-2.283541202545166
-1.9978039264678955,3.300422191619873,-2.2273104190826416
-2.226811647415161,3.356809616088867,-1.7766096591949463
-2.5617177486419678,3.4578258991241455,-1.0674444437026978
-2.8655686378479004,3.5945425033569336,-0.3145742416381836
-2.8585386276245117,3.773937225341797,0.3069837689399719
-2.648944854736328,3.9510867595672607,0.7017515897750854
-2.3075900077819824,4.111270427703857,0.8542041778564453
-1.9385099411010742,4.235991954803467,0.8327910900115967
-1.7043884992599487,4.244777679443359,0.649884045124054
-1.5266066789627075,4.192211151123047,0.4080672264099121
-1.4011915922164917,4.105982780456543,0.14319950342178345
-1.3576457500457764,4.0214338302612305,-0.11155253648757935
-1.3220710754394531,3.996518135070801,-0.28510916233062744
-1.240503191947937,4.00960111618042,-0.39923524856567383
-1.155276894569397,4.049872875213623,-0.4178617000579834
-1.0778838396072388,4.077995777130127,-0.3806339502334595
-0.9761985540390015,4.0359272956848145,-0.3658929467201233
-0.8827936053276062,3.984485149383545,-0.39220595359802246
-0.7569537162780762,3.871772050857544,-0.4655505418777466
-0.5440782308578491,3.724990129470825,-0.5488091111183167
-0.36130860447883606,3.4800171852111816,-0.7514761686325073
-0.2890830934047699,3.2261507511138916,-1.0630204677581787
-0.34545454382896423,3.01121187210083,-1.3967827558517456
-0.5818350911140442,2.8227720260620117,-1.74884033203125
-0.9357976913452148,2.719125747680664,-1.9791285991668701
-1.3854466676712036,2.7300474643707275,-2.1166646480560303
-1.85371732711792,2.7977137565612793,-2.1058123111724854
-2.2207229137420654,2.903590202331543,-1.9441723823547363
-2.460292100906372,3.04679799079895,-1.7631679773330688
-2.5265073776245117,3.2216198444366455,-1.5497350692749023
-2.433642864227295,3.40097713470459,-1.351415991783142
-2.300971508026123,3.5185062885284424,-1.1541074514389038
-2.1421520709991455,3.637576103210449,-0.9371784329414368
-2.0477399826049805,3.740368366241455,-0.7168161273002625
-2.0919077396392822,3.8175697326660156,-0.4743098020553589
-2.3146419525146484,3.860077142715454,-0.17467212677001953
-2.622943162918091,3.7630982398986816,0.2603970170021057
-2.7569501399993896,3.669170379638672,0.7763136029243469
-2.7525877952575684,3.7294909954071045,1.1168842315673828
-2.6816463470458984,3.8726327419281006,1.1875715255737305
-2.5380311012268066,3.9216880798339844,1.1292091608047485
-2.4306411743164062,3.8403167724609375,1.0456128120422363
-2.4474315643310547,3.6614174842834473,0.915134072303772
-2.340937852859497,3.4661102294921875,0.795953631401062
-2.113166570663452,3.3226981163024902,0.8285846710205078
-1.892636775970459,3.2631430625915527,0.9886893033981323
-1.7764801979064941,3.2509989738464355,1.1842721700668335
-1.745941400527954,3.283184051513672,1.1727478504180908
-1.6590410470962524,3.3385777473449707,0.9331839084625244
-1.5483150482177734,3.410066604614258,0.6897969245910645
-1.450659155845642,3.486051082611084,0.552587628364563
-1.3386900424957275,3.5180370807647705,0.42505860328674316
-1.2802982330322266,3.557849645614624,0.24790038168430328
-1.3000373840332031,3.5913963317871094,0.10298501700162888
-1.331909418106079,3.6352782249450684,-0.04886248707771301
-1.4223670959472656,3.762637138366699,-0.22863484919071198
-1.4371397495269775,3.9860901832580566,-0.37542176246643066
-1.4006332159042358,4.22001314163208,-0.4799787998199463
-1.2644633054733276,4.411770343780518,-0.4739137887954712
-1.0370416641235352,4.553979396820068,-0.3645322322845459
-0.7849523425102234,4.6462225914001465,-0.1515439748764038
-0.5490100383758545,4.623791217803955,0.10003376752138138
-0.48855602741241455,4.538488388061523,0.2213430404663086
-0.5254930257797241,4.4006876945495605,0.1917133331298828
-0.5659236311912537,4.225673675537109,0.11734353005886078
-0.6442639231681824,4.109144687652588,0.06446188688278198
-0.6883556842803955,4.057532787322998,0.07191488146781921
-0.7022778391838074,4.091372966766357,0.06449145078659058
-0.7561467885971069,4.171480178833008,0.026803046464920044
-0.753288209438324,4.25283145904541,0.08506578207015991
-0.7960593104362488,4.324287414550781,0.19657567143440247
-0.9756268262863159,4.346230983734131,0.2120456099510193
-1.2785447835922241,4.365499973297119,0.1794213056564331
-1.5417354106903076,4.426286697387695,0.16177710890769958
-1.6902157068252563,4.584271430969238,0.19333603978157043
-1.690699577331543,4.876753807067871,0.28961610794067383
-1.5860660076141357,5.097990989685059,0.4067992568016052
-1.4378749132156372,5.028687477111816,0.5456170439720154
-1.377689003944397,4.90444278717041,0.6407892107963562
-1.3568413257598877,4.652218818664551,0.7114392518997192
-1.5033013820648193,4.331345558166504,0.6727756261825562
-1.6512523889541626,4.011723518371582,0.5751318335533142
-1.7773504257202148,3.85555362701416,0.5718809962272644
-2.0465221405029297,3.818681240081787,0.6022448539733887
-2.172595739364624,3.7531919479370117,0.6564874053001404
-2.161902666091919,3.7902960777282715,0.7229089140892029
-2.007852792739868,3.767381429672241,0.7510674595832825
-1.970102071762085,3.6877212524414062,0.5952396988868713
-2.0538220405578613,3.670942783355713,0.13667535781860352
-2.1955814361572266,3.679713249206543,-0.1878744661808014
-2.266238212585449,3.865579843521118,-0.3387477695941925
-2.307398557662964,4.131050109863281,-0.4092477262020111
-2.3630566596984863,4.385324954986572,-0.4292113482952118
-2.2247016429901123,4.555774688720703,-0.5770671367645264
-1.9098904132843018,4.723356246948242,-0.9249983429908752
-1.4286611080169678,4.72637414932251,-1.4934031963348389
-1.0586026906967163,4.377972602844238,-2.189547061920166
-0.8674336671829224,4.083744525909424,-2.7573492527008057
-0.7251535654067993,3.9229061603546143,-3.0697426795959473
-0.5990555286407471,3.7386019229888916,-3.1578078269958496
-0.6045845746994019,3.465648889541626,-3.0033631324768066
-0.8803715705871582,3.1031675338745117,-2.719700574874878
-1.3973040580749512,2.726010799407959,-2.455106735229492
-2.0259857177734375,2.493917465209961,-2.305269718170166
-2.488767147064209,2.3462350368499756,-2.2442259788513184
-2.619616985321045,2.3150417804718018,-2.2051806449890137
-2.4279656410217285,2.419279098510742,-2.1767776012420654
-2.133762836456299,2.525346040725708,-2.1070542335510254
-1.9671725034713745,2.5869109630584717,-1.9396228790283203
-2.1037280559539795,2.647587776184082,-1.6451483964920044
-2.4966628551483154,2.7557973861694336,-1.2409143447875977
-2.9796040058135986,2.8959288597106934,-0.7548091411590576
-3.3931827545166016,3.1546378135681152,-0.22583043575286865
-3.5312485694885254,3.534296989440918,0.273937463760376
-3.2956690788269043,3.938513994216919,0.6156749129295349
-2.907487630844116,4.2709197998046875,0.7904876470565796
-2.5385913848876953,4.5280022621154785,0.8853471875190735
-2.1650683879852295,4.703330039978027,0.9168220162391663
-1.8186264038085938,4.764386177062988,0.7821490168571472
-1.5254043340682983,4.693260192871094,0.4974289536476135
-1.2903542518615723,4.545974254608154,0.18384122848510742
-1.158976674079895,4.382266521453857,-0.16576343774795532
-1.08214271068573,4.268469333648682,-0.42452675104141235
-1.0638341903686523,4.179769039154053,-0.5495448708534241
-1.0532188415527344,4.100032806396484,-0.5586507320404053
-1.0094215869903564,4.060556411743164,-0.5446139574050903
-0.9447628259658813,3.9383368492126465,-0.5934677124023438
-0.8171523213386536,3.8065836429595947,-0.6949731111526489
-0.6423071622848511,3.6897103786468506,-0.9083675146102905
-0.5742697715759277,3.5528275966644287,-1.1764004230499268
-0.5547590851783752,3.4378297328948975,-1.348914384841919
-0.5037342309951782,3.31901216506958,-1.4445574283599854
-0.5967869758605957,3.167539596557617,-1.5640348196029663
-0.8379973769187927,3.0345304012298584,-1.6916377544403076
-1.201680064201355,2.921684741973877,-1.7950540781021118
-1.6499533653259277,2.814866542816162,-1.9208183288574219
-2.1319355964660645,2.7974300384521484,-2.089933156967163
-2.5787158012390137,2.880329132080078,-2.2448813915252686
-2.9102511405944824,3.0652008056640625,-2.288271903991699
-3.106165647506714,3.139472723007202,-2.161606550216675
-3.3470253944396973,3.1563570499420166,-2.007448434829712
-3.59978985786438,3.4564836025238037,-1.884987235069275
-3.694408655166626,4.1204023361206055,-1.719794511795044
-3.5441677570343018,4.866116046905518,-1.3926818370819092
-3.2700037956237793,5.601879119873047,-0.9572519063949585
-2.8694710731506348,6.0167059898376465,-0.4750991463661194
-2.6925363540649414,5.820706367492676,0.10736364126205444
-2.6218152046203613,5.263106346130371,0.6543300747871399
-2.4005050659179688,4.669022560119629,0.9998335242271423
-2.107377529144287,4.129417896270752,1.1434261798858643
-1.8174569606781006,3.575282335281372,1.2432334423065186
-1.7987816333770752,3.148075819015503,1.3139619827270508
-2.088750123977661,2.8925256729125977,1.1677004098892212
-2.4668402671813965,2.9439480304718018,0.8386677503585815
-2.9122302532196045,3.3161258697509766,0.4618486762046814
-3.181377410888672,3.7992255687713623,0.2520824074745178
-3.0991463661193848,4.158344745635986,0.3584778308868408
-2.6709036827087402,4.310463905334473,0.7214306592941284
-2.163069725036621,4.397210597991943,1.0392436981201172
-1.7374632358551025,4.488192558288574,1.048051357269287
-1.495011806488037,4.643778324127197,0.7113626003265381
-1.4183340072631836,4.887890338897705,0.2150512933731079
-1.395157814025879,5.191131591796875,-0.37228643894195557
-1.4652304649353027,5.5001068115234375,-0.9297258853912354
-1.5119273662567139,5.73502779006958,-1.3212032318115234
-1.362423062324524,5.861793518066406,-1.5018223524093628
-1.0571234226226807,5.951748371124268,-1.3486251831054688
-0.7557778358459473,5.992164134979248,-0.9473729133605957
-0.5173566341400146,5.882410049438477,-0.5647292137145996
-0.42678141593933105,5.646212577819824,-0.2273750901222229
-0.49710607528686523,5.3683295249938965,0.10950744152069092
-0.6111816167831421,5.060618877410889,0.4017806649208069
-0.759662389755249,4.77724552154541,0.5925050377845764
-0.9577251672744751,4.614710807800293,0.6421717405319214
-1.1241258382797241,4.605376720428467,0.53858482837677
-1.2803895473480225,4.624977111816406,0.38972964882850647
-1.4161460399627686,4.729693412780762,0.2353862226009369
-1.5106267929077148,4.951600074768066,0.005795419216156006
-1.6169511079788208,5.069633483886719,-0.23940899968147278
-1.745888352394104,5.190044403076172,-0.3516811430454254
-1.8756828308105469,5.408389568328857,-0.19572314620018005
-1.8762140274047852,5.489299774169922,0.13295520842075348
-1.8196959495544434,5.449694633483887,0.49391835927963257
-1.7682347297668457,5.278779983520508,0.7748579382896423
-1.6554534435272217,5.036643981933594,0.9438884854316711
-1.6252906322479248,4.798943519592285,0.9439713954925537
-1.4303532838821411,4.439639568328857,0.8940842151641846
-1.4537262916564941,4.187665939331055,0.8308197259902954
-1.6785383224487305,3.8720767498016357,0.635380208492279
-1.879535436630249,3.6208548545837402,0.4620136022567749
-2.0723931789398193,3.614574909210205,0.44329482316970825
-1.991337537765503,3.6210763454437256,0.513307511806488
-2.018554449081421,3.536890745162964,0.5380715131759644
-2.23606014251709,3.542901039123535,0.33538851141929626
-2.2709603309631348,3.7043540477752686,-0.00027292966842651367
-2.1106722354888916,3.8920786380767822,-0.14282357692718506
-2.01023530960083,4.087399482727051,-0.3360583782196045
-1.9655842781066895,4.243019104003906,-0.5571617484092712
-1.8706189393997192,4.414541721343994,-0.8001238107681274
-1.6931123733520508,4.38364315032959,-1.1861006021499634
-1.5127007961273193,4.245561122894287,-1.7387447357177734
-1.303678035736084,4.039520263671875,-2.297144889831543
-0.9649935364723206,3.760068893432617,-2.591758966445923
-0.6427198648452759,3.540409564971924,-2.586575746536255
-0.49698570370674133,3.2706823348999023,-2.4853696823120117
-0.6583409309387207,2.9001481533050537,-2.4455137252807617
-1.027675747871399,2.553633689880371,-2.3814592361450195
-1.5035810470581055,2.334075927734375,-2.3816022872924805
-1.8755838871002197,2.2353951930999756,-2.510457992553711
-2.1777725219726562,2.19382381439209,-2.5918972492218018
-2.333496570587158,2.300511121749878,-2.518869638442993
-2.3419723510742188,2.4489524364471436,-2.461730718612671
-2.4409494400024414,2.5243587493896484,-2.410867691040039
-2.571467876434326,2.5629613399505615,-2.2701377868652344
-2.689100742340088,2.5707998275756836,-2.034842014312744
-2.823277473449707,2.582651138305664,-1.6423894166946411
-2.898909091949463,2.6002516746520996,-1.1084553003311157
-2.976224184036255,2.670896291732788,-0.49014928936958313
-3.0731701850891113,2.858701705932617,0.20491242408752441
-3.1724939346313477,3.1385858058929443,0.7964324355125427
-3.1193060874938965,3.5222411155700684,1.1744611263275146
-2.86567759513855,3.8997349739074707,1.3447539806365967
-2.4783594608306885,4.172459602355957,1.2461223602294922
-2.0542681217193604,4.354082107543945,0.9487475752830505
-1.7344924211502075,4.391622066497803,0.5074830055236816
-1.4767553806304932,4.3410139083862305,0.049237608909606934
-1.3392819166183472,4.268449783325195,-0.2856404185295105
-1.2832143306732178,4.202973365783691,-0.572736918926239
-1.2394309043884277,4.166952133178711,-0.8474335670471191
-1.2116825580596924,4.183010578155518,-1.0976629257202148
-1.2369352579116821,4.24408483505249,-1.2752243280410767
-1.210930585861206,4.349250316619873,-1.4306964874267578
-1.02339506149292,4.511859893798828,-1.6398626565933228
-0.7865813374519348,4.661977767944336,-1.9651789665222168
-0.6116920709609985,4.740623474121094,-2.332451105117798
-0.5535259246826172,4.617143154144287,-2.551830291748047
-0.6423672437667847,4.557245254516602,-2.5045289993286133
-1.0717084407806396,4.512344837188721,-2.247089385986328
-1.8552563190460205,4.254072189331055,-1.9109400510787964
-2.5979361534118652,4.005006790161133,-1.6960699558258057
-3.046501636505127,3.8216118812561035,-1.5336484909057617
-2.9405226707458496,3.7938027381896973,-1.4001874923706055
-2.2748427391052246,3.811469078063965,-1.2993690967559814
-1.6006221771240234,3.7966790199279785,-1.0940983295440674
-1.3687798976898193,3.548753023147583,-0.8663814663887024
-1.580996036529541,3.2292399406433105,-0.7879701256752014
-1.691777229309082,3.15632963180542,-0.8648520112037659
-1.6443017721176147,3.2708230018615723,-0.9509660601615906
-1.727285385131836,3.3966076374053955,-0.9582430124282837
-1.9530835151672363,3.491241931915283,-0.85661381483078
-2.06191086769104,3.653383493423462,-0.6853784918785095
-1.997453212738037,3.7959020137786865,-0.4381975531578064
-1.9179158210754395,3.841855049133301,-0.1322271227836609
-1.8456230163574219,3.7800533771514893,0.20701515674591064
-1.9244314432144165,3.5643656253814697,0.5218644142150879
-2.0473716259002686,3.3502321243286133,0.7216819524765015
-2.1058859825134277,3.286046028137207,0.795799970626831
-2.085059404373169,3.394440174102783,0.7985509634017944
-1.9667149782180786,3.582181930541992,0.810173749923706
-1.7478998899459839,3.720289945602417,0.8403651714324951
-1.6104931831359863,3.8954591751098633,0.8355921506881714
-1.561626672744751,4.1253228187561035,0.7792724370956421
-1.5259944200515747,4.337406635284424,0.7352470755577087
-1.367128610610962,4.376035690307617,0.7016702890396118
-1.3166413307189941,4.267458915710449,0.6608202457427979
-1.334360957145691,4.128515720367432,0.5313698053359985
-1.3839006423950195,4.060482025146484,0.24331562221050262
-1.4961905479431152,4.132061004638672,-0.18801157176494598
-1.4745420217514038,4.390120983123779,-0.6213149428367615
-1.251751184463501,4.765621185302734,-0.8967872858047485
-0.9074312448501587,5.108872890472412,-0.9226056337356567
-0.5915871858596802,5.332920551300049,-0.8030588626861572
-0.3306978940963745,5.362860679626465,-0.6626361012458801
-0.16141283512115479,5.249166011810303,-0.5216317772865295
-0.10651636123657227,5.083248138427734,-0.37436261773109436
-0.10956382751464844,4.891016960144043,-0.2674340009689331
-0.1442834734916687,4.6960272789001465,-0.14614951610565186
-0.23390811681747437,4.538469314575195,-0.05558735132217407
-0.3237103223800659,4.4289422035217285,0.05311495065689087
-0.40202653408050537,4.361475467681885,0.21556001901626587
-0.5068997144699097,4.314055442810059,0.2797096371650696
-0.5696943998336792,4.233175277709961,0.11509561538696289
-0.6564639806747437,4.208819389343262,-0.12181347608566284
-0.8026938438415527,4.236132621765137,-0.3159264922142029
-0.941865086555481,4.210783958435059,-0.4036957025527954
-1.128807783126831,4.214284896850586,-0.32910823822021484
-1.3480373620986938,4.1899943351745605,-0.1697964072227478
-1.449291467666626,4.183723449707031,0.09123831987380981
-1.3926759958267212,4.269590377807617,0.3867061138153076
-1.2518959045410156,4.192910671234131,0.6060575246810913
-1.0726659297943115,3.9856996536254883,0.6421687602996826
-1.0357191562652588,3.6676793098449707,0.5303982496261597
-1.2002272605895996,3.3548672199249268,0.40527141094207764
-1.465768814086914,3.133090019226074,0.2751595973968506
-1.7632811069488525,2.958244800567627,0.18153095245361328
-2.070855140686035,2.9446427822113037,0.22719311714172363
-2.2648072242736816,3.0021023750305176,0.3631630539894104
-2.4533376693725586,3.247586727142334,0.42159706354141235
-2.5767083168029785,3.5172176361083984,0.2696968913078308
-2.660748243331909,3.77050518989563,-0.03323918581008911
-2.635054111480713,4.129012107849121,-0.40073323249816895
-2.481588840484619,4.667068004608154,-0.7131669521331787
-2.120426654815674,4.956239700317383,-0.9611603617668152
-1.597419261932373,5.166965961456299,-1.1148542165756226
-0.8115660548210144,5.250432968139648,-1.3525352478027344
0.008279897272586823,5.102232933044434,-2.0070958137512207
0.7837507128715515,4.675989627838135,-2.773670196533203
1.418567419052124,4.127327919006348,-3.2754695415496826
1.4779095649719238,3.710047960281372,-3.365410089492798
1.0069527626037598,3.252063274383545,-3.095689296722412
0.318078875541687,2.824260711669922,-2.495645046234131
-0.2868751883506775,2.4124133586883545,-1.8607017993927002
-0.7461696267127991,1.9805963039398193,-1.4323155879974365
-0.9757407307624817,1.6588609218597412,-1.1403248310089111
-1.0443214178085327,1.5768153667449951,-1.0770981311798096
-1.009120225906372,1.6783909797668457,-1.2789050340652466
-0.7657321095466614,1.930220365524292,-1.5808985233306885
-0.48141932487487793,2.2286577224731445,-1.868535041809082
-0.3645234704017639,2.4948434829711914,-2.0931010246276855
-0.3770797848701477,2.7075350284576416,-2.187304973602295
-0.4873000383377075,2.922562837600708,-2.0787763595581055
-0.6468261480331421,3.0771875381469727,-1.7793009281158447
-0.8354916572570801,3.136465549468994,-1.4095537662506104
-1.110285758972168,3.142845630645752,-0.9854452610015869
-1.4167087078094482,3.1217522621154785,-0.5323163270950317
-1.6054409742355347,3.0788140296936035,-0.09838473796844482
-1.6043264865875244,3.019768238067627,0.26503920555114746
-1.4691718816757202,2.962352752685547,0.5277663469314575
-1.319096326828003,2.932509422302246,0.701891303062439
-1.1772644519805908,2.896005392074585,0.832608699798584
-1.039089560508728,2.843839168548584,0.9510361552238464
-0.8733814358711243,2.7832257747650146,1.026987910270691
-0.6713017225265503,2.7038679122924805,1.0878533124923706
-0.5172098278999329,2.6188766956329346,1.1495461463928223
-0.4170023202896118,2.5076093673706055,1.1815788745880127
-0.37592968344688416,2.381455421447754,1.1769614219665527
-0.39757832884788513,2.265428304672241,1.157367467880249
-0.4294602870941162,2.1734344959259033,1.1035099029541016
-0.470029354095459,2.067809581756592,1.016129493713379
-0.5320934653282166,1.9746818542480469,0.9114816784858704
-0.5681155323982239,1.9024230241775513,0.8172943592071533
-0.607196569442749,1.8429131507873535,0.7305496335029602
-0.6460297107696533,1.7996680736541748,0.6700972318649292
-0.6547359824180603,1.7637825012207031,0.6511459946632385
-0.645760178565979,1.7299997806549072,0.6344636082649231
-0.6042711138725281,1.7206220626831055,0.5989159345626831
-0.537697434425354,1.7122900485992432,0.5441213250160217
-0.4667665958404541,1.7034778594970703,0.47537219524383545
-0.43126195669174194,1.6969053745269775,0.43766123056411743
-0.4209187626838684,1.6858696937561035,0.4119938910007477
-0.4082666039466858,1.6659677028656006,0.37742874026298523
-0.40312063694000244,1.657365322113037,0.3306584358215332
-0.42250052094459534,1.665806770324707,0.2805129885673523
-0.4664348065853119,1.6568551063537598,0.23617799580097198
-0.505827009677887,1.6356253623962402,0.18740487098693848
-0.5367010831832886,1.5993611812591553,0.1336333155632019
-0.5564500093460083,1.5470058917999268,0.10247112065553665
-0.5595031380653381,1.4910938739776611,0.1054697036743164
-0.5596275925636292,1.4051682949066162,0.12007242441177368
-0.5315854549407959,1.2691208124160767,0.15666145086288452
-0.48383671045303345,1.1456949710845947,0.24526464939117432
-0.46439871191978455,1.0148277282714844,0.2981903553009033
-0.49412915110588074,0.8462989330291748,0.258675754070282
-0.6051476001739502,0.6365911364555359,0.14291518926620483
-0.7229228615760803,0.4074043035507202,-0.03802698850631714
-0.8206327557563782,0.1702876091003418,-0.2736559510231018
-0.987946093082428,-0.08389919996261597,-0.5132704973220825
-1.1891875267028809,-0.32921159267425537,-0.7076514363288879
-1.3441256284713745,-0.574820339679718,-0.8074084520339966
-1.4404733180999756,-0.7497456669807434,-0.752001941204071
-1.448054313659668,-0.8692284822463989,-0.5871433615684509
-1.3194727897644043,-0.9098366498947144,-0.42351242899894714
-1.0806262493133545,-0.8738289475440979,-0.2981991171836853
-0.8214622735977173,-0.811963677406311,-0.18110600113868713
-0.6327675580978394,-0.7310672402381897,-0.08671420812606812
-0.4989790618419647,-0.6720511317253113,-0.01916658878326416
-0.39629560708999634,-0.6230587363243103,0.052559614181518555
-0.33186596632003784,-0.5686244964599609,0.09256529808044434
-0.2980770468711853,-0.5177595615386963,0.07127517461776733
-0.25734174251556396,-0.4730220437049866,0.020930469036102295
-0.24776320159435272,-0.4394999146461487,-0.006350874900817871
-0.2661968469619751,-0.4160717725753784,-0.0026780366897583008
-0.32509365677833557,-0.4027535915374756,0.027727603912353516
-0.35501042008399963,-0.3993978500366211,0.07592320442199707
-0.30116525292396545,-0.368959903717041,0.13761687278747559
-0.21339325606822968,-0.31845587491989136,0.20355308055877686
-0.13275425136089325,-0.2867065668106079,0.24969494342803955
-0.08202219754457474,-0.25911104679107666,0.27044183015823364
-0.07370416820049286,-0.23281896114349365,0.2849154472351074
-0.08434862643480301,-0.20953816175460815,0.2877200245857239
-0.08026938140392303,-0.1834513545036316,0.2673898935317993
-0.06009947136044502,-0.14915037155151367,0.24547600746154785
-0.0322771891951561,-0.11588823795318604,0.2342328429222107
-0.007179596461355686,-0.08950382471084595,0.2248045802116394
0.010725537315011024,-0.061435818672180176,0.21678972244262695
0.03240928053855896,-0.030070006847381592,0.20878219604492188
0.0716312900185585,-0.005194604396820068,0.1967676281929016
0.12228359282016754,0.024425208568572998,0.18139737844467163
0.16685020923614502,0.06502139568328857,0.18643677234649658
0.18910421431064606,0.11205625534057617,0.18895715475082397
0.1971975862979889,0.15408813953399658,0.1481027603149414
0.22208818793296814,0.18732964992523193,0.04613375663757324
0.2798749506473541,0.22033196687698364,-0.08072537183761597
0.3678741455078125,0.2566947340965271,-0.17388814687728882
0.45966511964797974,0.29083263874053955,-0.1735227108001709
0.5393164753913879,0.3370247483253479,-0.1126093864440918
0.602668285369873,0.41781675815582275,-0.03994637727737427
0.6184532642364502,0.4383111596107483,-0.026051729917526245
0.755492627620697,0.610191822052002,-0.02400583028793335
0.7828432321548462,0.5927223563194275,-0.021329224109649658
0.47773975133895874,0.3208913803100586,-0.07539606094360352
0.3930217921733856,0.3815365433692932,-0.0706508457660675
0.43699830770492554,0.4607830047607422,-0.03799891471862793
0.4523748457431793,0.49575066566467285,-0.0004654228687286377
0.46360674500465393,0.5612367987632751,0.02947920560836792
0.4222550094127655,0.6043381094932556,0.05743598937988281
0.29130420088768005,0.6022575497627258,0.08214683830738068
0.07787945866584778,0.5853795409202576,0.06166178733110428
0.06348630785942078,0.5443234443664551,0.08519870042800903
0.07795768976211548,0.5179604291915894,0.11585772037506104
0.00951242446899414,0.5209528803825378,0.17645607888698578
0.0012885332107543945,0.5182571411132812,0.20007680356502533
0.03224027156829834,0.5174401998519897,0.19791066646575928
0.1024399995803833,0.5002972483634949,0.20442816615104675
0.12770557403564453,0.5312920808792114,0.23448768258094788
0.16680866479873657,0.5877465009689331,0.3022230267524719
0.19926470518112183,0.6063912510871887,0.33576327562332153
0.18721312284469604,0.5844660401344299,0.3530685305595398
0.15457528829574585,0.5306112766265869,0.3776123523712158
0.10937285423278809,0.4915086627006531,0.4327234625816345
0.103912353515625,0.48931217193603516,0.4898506999015808
0.14702647924423218,0.4917556941509247,0.5572435259819031
0.16531068086624146,0.4932141900062561,0.6194722652435303
0.14939716458320618,0.4810672104358673,0.6666054129600525
0.09890934824943542,0.4325464367866516,0.6964974999427795
0.035975128412246704,0.452446311712265,0.6976088881492615
0.014123529195785522,0.4587782919406891,0.6785564422607422
-0.023128092288970947,0.4480499029159546,0.6669546961784363
-0.05146557092666626,0.4415903091430664,0.6439428925514221
-0.050210773944854736,0.43856123089790344,0.6168221235275269
-0.020385533571243286,0.46404796838760376,0.6115899085998535
0.07052364945411682,0.5187698006629944,0.6033976674079895
0.18257805705070496,0.5768103003501892,0.5842596888542175
0.20728227496147156,0.6180473566055298,0.5450631380081177
0.18362557888031006,0.6361167430877686,0.5097573399543762
0.1144099235534668,0.5550491213798523,0.5118138790130615
0.019775599241256714,0.42006123065948486,0.5143706798553467
-0.022341758012771606,0.37410029768943787,0.514214277267456
-0.0002364814281463623,0.49521297216415405,1.2240936756134033
0.32281413674354553,0.45280349254608154,1.0364947319030762
0.18324202299118042,0.7749439477920532,2.504796266555786
0.5900194048881531,0.1707986444234848,-0.7555578947067261
0.3821127116680145,0.5978987216949463,0.06228291988372803
0.37811505794525146,0.309356689453125,-0.1046215295791626
0.2522658407688141,0.22603927552700043,-0.06377184391021729
0.2774643898010254,0.20935368537902832,0.2724266052246094
0.3633729815483093,0.16931162774562836,0.007772088050842285
0.3436945676803589,0.21180978417396545,-0.06920945644378662
0.2963672876358032,0.24779392778873444,0.06307268142700195
0.2338336855173111,0.1784033328294754,0.05629384517669678
0.13285808265209198,0.1330011487007141,0.04241740703582764
0.09930860996246338,0.13881374895572662,0.05368757247924805
0.14174345135688782,0.14448553323745728,0.06750822067260742
0.20396634936332703,0.10100612044334412,0.034591078758239746
0.2483278214931488,-0.0046764761209487915,0.04548913240432739
0.3264162540435791,-0.20326468348503113,0.008653998374938965
0.3570692241191864,-0.09109919518232346,-0.031455278396606445
0.27678000926971436,0.04395703226327896,-0.14215487241744995
0.19419291615486145,0.177305668592453,-0.28415560722351074
0.12443530559539795,0.3082774579524994,0.16561079025268555
0.30882561206817627,0.17238947749137878,0.5402370691299438
-0.023417502641677856,-0.15860454738140106,-0.14508545398712158
0.24637120962142944,-0.08115231990814209,0.14180266857147217
0.2862509787082672,0.07057590782642365,0.08781588077545166
0.3338794410228729,0.17623679339885712,0.05135625600814819
0.3349348306655884,0.27021050453186035,0.05013775825500488
0.34557783603668213,0.30463138222694397,0.012966632843017578
0.40725424885749817,0.3063880503177643,0.10255295038223267
0.430423766374588,0.2895299196243286,0.009255766868591309
0.45476794242858887,0.2740545868873596,0.05419504642486572
0.49396371841430664,0.2547978162765503,0.05807363986968994
0.5323796272277832,0.17981329560279846,0.04973340034484863
0.41215091943740845,0.04767512530088425,0.02572542428970337
0.28184738755226135,0.004789635539054871,0.06145346164703369
0.30870845913887024,0.017208676785230637,0.0531543493270874
0.305223286151886,0.012978872284293175,0.03235983848571777
0.30604287981987,0.014215754345059395,0.05144226551055908
0.3059121370315552,0.013871898874640465,0.05614471435546875
0.3044494390487671,0.014639351516962051,0.03716456890106201
0.3066112697124481,0.014529598876833916,0.04649186134338379
0.3049246668815613,0.014744887128472328,0.05340683460235596
0.3033541440963745,0.013914313167333603,0.047792136669158936
0.3037819564342499,0.01572873815894127,0.035606324672698975
0.305006206035614,0.013998715206980705,0.06141483783721924
0.3034244179725647,0.014354316517710686,0.042568206787109375
0.30393320322036743,0.013493888080120087,0.041982054710388184
0.30335235595703125,0.015129899606108665,0.0487750768661499
0.30016350746154785,0.014310957863926888,0.05030238628387451
0.2960655987262726,0.014924565330147743,0.03732174634933472
0.2921946048736572,0.013265538960695267,0.04613226652145386
0.28731998801231384,0.013276850804686546,0.04597461223602295
0.28226929903030396,0.011338023468852043,0.03584563732147217
0.2798151671886444,0.010432925075292587,0.0403367280960083
0.27563929557800293,0.009731672704219818,0.041701555252075195
0.2728003263473511,0.009569255635142326,0.03432422876358032
0.26843297481536865,0.010191548615694046,0.03496360778808594
0.26429659128189087,0.010601695626974106,0.038498640060424805
0.2600214183330536,0.009939121082425117,0.03340792655944824
0.2566189765930176,0.009868120774626732,0.032512366771698
0.2541675865650177,0.009778166189789772,0.035044312477111816
0.249737948179245,0.009668184444308281,0.030222058296203613
0.24663791060447693,0.009257283061742783,0.02868729829788208
0.2443094104528427,0.009525733068585396,0.03018772602081299
0.2419624775648117,0.008754262700676918,0.02863907814025879
0.23798854649066925,0.008836783468723297,0.027514338493347168
0.2344554215669632,0.00902487151324749,0.02809983491897583
0.23208771646022797,0.008141031488776207,0.027185797691345215
0.22832323610782623,0.007267769426107407,0.025682806968688965
0.226368248462677,0.00718497671186924,0.02640610933303833
0.22241921722888947,0.0065980516374111176,0.0239296555519104
0.22066929936408997,0.007022270932793617,0.02394390106201172
0.21950548887252808,0.006365373730659485,0.023871421813964844
0.21535220742225647,0.006714096292853355,0.02284693717956543
0.2129555195569992,0.0065038856118917465,0.021522462368011475
0.21102429926395416,0.0071161892265081406,0.02199864387512207
0.2088051736354828,0.006310662254691124,0.020282268524169922
0.20633189380168915,0.006625428795814514,0.020047903060913086
0.20454786717891693,0.006109986454248428,0.020684480667114258
0.2019556760787964,0.006438262760639191,0.019867420196533203
0.1999455690383911,0.00598425418138504,0.01934051513671875
0.19845309853553772,0.006446510553359985,0.019212186336517334
0.19583860039710999,0.006188353523612022,0.01824164390563965
0.19458694756031036,0.005746565759181976,0.015787363052368164
0.1928541511297226,0.005347376689314842,0.018639564514160156
0.19068127870559692,0.005689946934580803,0.017444133758544922
0.18859314918518066,0.005184125155210495,0.015604019165039062
0.18663878738880157,0.005210202187299728,0.017468154430389404
0.18546338379383087,0.004421416670084,0.016782164573669434
0.18270084261894226,0.005098612979054451,0.01523280143737793
0.18121889233589172,0.00539669394493103,0.0161818265914917
0.18005028367042542,0.006287222728133202,0.016711831092834473
0.17733989655971527,0.005923198536038399,0.013664603233337402
0.175434872508049,0.005531398579478264,0.014607667922973633
0.1741630584001541,0.005155343562364578,0.01514887809753418
0.17195554077625275,0.004963766783475876,0.012951016426086426
0.17063578963279724,0.005623344331979752,0.012852370738983154
0.16908298432826996,0.00510966032743454,0.014516055583953857
0.16670024394989014,0.005322089418768883,0.012984395027160645
0.1658867597579956,0.004333781078457832,0.012082517147064209
0.16552719473838806,0.0038070641458034515,0.013540267944335938
0.16418811678886414,0.003764308989048004,0.012927234172821045
0.1613081395626068,0.003698991611599922,0.012181639671325684
0.16031695902347565,0.004000749439001083,0.01268160343170166
0.1601860672235489,0.005036145448684692,0.012909650802612305
0.15834520757198334,0.004450999200344086,0.010443508625030518
0.15656352043151855,0.004374464973807335,0.010806679725646973
0.15560859441757202,0.004842434078454971,0.012060046195983887
0.15433309972286224,0.004716603085398674,0.01061934232711792
0.152921661734581,0.0049178823828697205,0.010660648345947266
0.15056543052196503,0.004448961466550827,0.011060118675231934
0.1501360684633255,0.004534417763352394,0.010301828384399414
0.14847230911254883,0.0036724358797073364,0.00945580005645752
0.1475837081670761,0.0039709992706775665,0.010141491889953613
0.1476154774427414,0.003962777554988861,0.010572254657745361
0.14523059129714966,0.00402568094432354,0.00857996940612793
0.14265024662017822,0.0035705938935279846,0.009767889976501465
0.14258086681365967,0.003812454640865326,0.009342789649963379
0.14185988903045654,0.003639671951532364,0.00890493392944336
0.1402735710144043,0.004339752718806267,0.008870244026184082
0.1398036628961563,0.005069322884082794,0.007816970348358154
0.13864602148532867,0.0037678703665733337,0.008427858352661133
0.137136772274971,0.0036499295383691788,0.008523344993591309
0.13574212789535522,0.0044636595994234085,0.00903475284576416
0.13597966730594635,0.004248848184943199,0.00822216272354126
0.13611401617527008,0.0034313369542360306,0.006802618503570557
0.13398179411888123,0.0035179797559976578,0.007490873336791992
0.13339823484420776,0.0026721972972154617,0.007633864879608154
0.1322072595357895,0.0026849284768104553,0.0061299800872802734
0.13093040883541107,0.0037733223289251328,0.008045673370361328
0.13080963492393494,0.003934454172849655,0.007875800132751465
0.12984324991703033,0.0035145189613103867,0.007433295249938965
0.1285913735628128,0.0035516023635864258,0.006826639175415039
0.12770779430866241,0.00356232188642025,0.007594466209411621
0.1271115392446518,0.0038800425827503204,0.005984187126159668
0.12599362432956696,0.004170719534158707,0.0066634416580200195
0.12481518089771271,0.004024112597107887,0.007009625434875488
0.12344391644001007,0.003912709653377533,0.006670475006103516
0.1232115775346756,0.004193473607301712,0.006211400032043457
0.12249407172203064,0.004078652709722519,0.006594717502593994
0.12096498161554337,0.003854120150208473,0.005804896354675293
0.12014806270599365,0.003088919445872307,0.004954338073730469
0.11979664117097855,0.003439413383603096,0.005465030670166016
0.11859215795993805,0.0031986460089683533,0.006421327590942383
0.11740180850028992,0.002877088263630867,0.00483173131942749
0.11791689693927765,0.003131367266178131,0.00588381290435791
0.11626796424388885,0.003938483074307442,0.005639791488647461
0.11563315987586975,0.003790341317653656,0.00637364387512207
0.11527043581008911,0.0033801905810832977,0.0058296918869018555
0.11470749974250793,0.0031037144362926483,0.005255699157714844
0.11520397663116455,0.002998543903231621,0.005354404449462891
0.11350297927856445,0.003490529954433441,0.005104541778564453
0.1128367930650711,0.003589686006307602,0.005098700523376465
0.11350306868553162,0.00352669321000576,0.005887210369110107
0.11263342201709747,0.003477262333035469,0.005198836326599121
0.11175505816936493,0.003455139696598053,0.004862427711486816
0.11113156378269196,0.002771083265542984,0.005031466484069824
0.10912596434354782,0.0028766244649887085,0.004726886749267578
0.10823681205511093,0.0036172233521938324,0.005155324935913086
0.10805381089448929,0.0033821966499090195,0.0043201446533203125
0.10706836730241776,0.003149915486574173,0.005347549915313721
0.10663899034261703,0.0026906970888376236,0.004895985126495361
0.10558736324310303,0.0024154745042324066,0.004170596599578857
0.10470113903284073,0.0035758037120103836,0.003948867321014404
0.10492382198572159,0.003886274993419647,0.004232287406921387
0.10476995259523392,0.0034578535705804825,0.003953218460083008
0.10381415486335754,0.003211280331015587,0.0039044618606567383
0.10232860594987869,0.0035907570272684097,0.004678905010223389
0.10201127082109451,0.0032411254942417145,0.004769623279571533
0.10183494538068771,0.0029153767973184586,0.004907011985778809
0.10113702714443207,0.003857262432575226,0.0037338733673095703
0.10114216059446335,0.003134744241833687,0.003613889217376709
0.10041508823633194,0.002572685480117798,0.004180848598480225
0.10000262409448624,0.0024647079408168793,0.004062294960021973
0.09937388449907303,0.0030028223991394043,0.0027404427528381348
0.09816087782382965,0.0019332654774188995,0.0031284093856811523
0.09839712083339691,0.002426890656352043,0.0024793148040771484
0.09807324409484863,0.0025697853416204453,0.002990543842315674
0.09707570821046829,0.003198716789484024,0.004495441913604736
0.0967489629983902,0.0033385884016752243,0.0024296045303344727
0.09588464349508286,0.0031964723020792007,0.003735840320587158
0.09573085606098175,0.003379281610250473,0.0033800601959228516
0.09498203545808792,0.0031755268573760986,0.002078413963317871
0.09364353120326996,0.00298442505300045,0.0032497048377990723
0.0935891717672348,0.002834102138876915,0.003475010395050049
0.0941162183880806,0.002318311482667923,0.003260016441345215
0.09310296922922134,0.0015848204493522644,0.002862215042114258
0.09200841188430786,0.0023980271071195602,0.0022368431091308594
0.09222517162561417,0.002799447625875473,0.0033205747604370117
0.0919150561094284,0.002879016101360321,0.002651810646057129
0.09154579788446426,0.002349661663174629,0.0025482177734375
0.09131577610969543,0.0019900761544704437,0.0026417970657348633
0.09052173048257828,0.0022273845970630646,0.0026764273643493652
0.09002363681793213,0.003360079601407051,0.0034427642822265625
0.08930081129074097,0.0036380887031555176,0.0024396181106567383
0.08962763100862503,0.003610057756304741,0.002842426300048828
0.08934695273637772,0.00336577370762825,0.004404187202453613
0.08802835643291473,0.0030219871550798416,0.0022125244140625
0.08773728460073471,0.0032159406691789627,0.002264738082885742
0.08738263696432114,0.0026982109993696213,0.002943873405456543
0.08777853101491928,0.0030288919806480408,0.0020514726638793945
0.08666539192199707,0.0030626021325588226,0.0023192167282104492
0.08650477975606918,0.0025356076657772064,0.002618074417114258
0.08562722057104111,0.0027498044073581696,0.0020030736923217773
0.08428067713975906,0.0025183018296957016,0.0022416114807128906
0.08458855003118515,0.00260169617831707,0.0029233694076538086
0.08513294905424118,0.0021501127630472183,0.0019415616989135742
0.08378849178552628,0.00262545607984066,0.0031893253326416016
0.08393333852291107,0.002840239554643631,0.0028803348541259766
0.08350201696157455,0.002929452806711197,0.0018076896667480469
0.08236353099346161,0.002576693892478943,0.002887248992919922
0.08213982731103897,0.0032260697335004807,0.0019682645797729492
0.08237294852733612,0.0031905043870210648,0.0013571977615356445
0.08210567384958267,0.003664853051304817,0.0018744468688964844
0.08117514848709106,0.002470981329679489,0.0019039511680603027
0.0811416357755661,0.002419736236333847,0.0012770891189575195
0.08069935441017151,0.0024996772408485413,0.0012458562850952148
0.08015637844800949,0.0017648078501224518,0.0026813745498657227
0.08102336525917053,0.0018733646720647812,0.0009583234786987305
0.08024297654628754,0.002272883430123329,0.0016624927520751953
0.07933012396097183,0.0018002837896347046,0.001969575881958008
0.07896255701780319,0.0023231133818626404,0.001667022705078125
0.07865320146083832,0.003095032647252083,0.0012879371643066406
0.07882342487573624,0.0025762561708688736,0.0015196800231933594
0.07796896994113922,0.0020789727568626404,0.0017361640930175781
0.07762138545513153,0.0023571234196424484,0.002319514751434326
0.07764222472906113,0.0035395361483097076,0.0015448927879333496
0.07805486023426056,0.002593548968434334,0.0012902021408081055
0.07717233151197433,0.0027673598378896713,0.0010052919387817383
0.07519686967134476,0.0027299914509058,0.0017570853233337402
0.07576117664575577,0.0029490403831005096,0.001563429832458496
0.07597561925649643,0.0026174262166023254,0.0018747448921203613
0.0758729800581932,0.002300731837749481,0.0020325779914855957
0.07518398016691208,0.002153327688574791,0.0014435648918151855
0.07485618442296982,0.002801768481731415,0.0016160011291503906
0.07341473549604416,0.002082293853163719,0.0012863874435424805
0.0734744593501091,0.002225765958428383,0.0018101334571838379
0.07318220287561417,0.0024296026676893234,0.0025349855422973633
0.0740068256855011,0.002694586291909218,0.0013068914413452148
0.0729026198387146,0.002622786909341812,0.0022907257080078125
0.07211959362030029,0.002365957945585251,0.002237379550933838
0.07342865318059921,0.003018312156200409,0.0012993812561035156
0.07195959240198135,0.003196870908141136,0.0011240243911743164
0.07261396199464798,0.0022398363798856735,0.0011932849884033203
0.07258911430835724,0.002555517479777336,0.0007597208023071289
0.07210445404052734,0.002811368554830551,0.0010889768600463867
0.07136733829975128,0.002135852351784706,0.0010830163955688477
0.07156547904014587,0.0016516074538230896,0.0004979372024536133
0.0716073289513588,0.0021321475505828857,0.001103818416595459
0.07036177814006805,0.002322673797607422,0.0014499425888061523
0.0704566091299057,0.0023473724722862244,0.0007897615432739258
0.07049306482076645,0.002398693934082985,0.0013953447341918945
0.07109906524419785,0.0020951684564352036,0.0007493495941162109
0.06921260058879852,0.0025715865194797516,0.000851750373840332
0.06827931851148605,0.002046233043074608,0.0005274415016174316
0.06837928295135498,0.0019520912319421768,0.0012859702110290527
0.06857948750257492,0.0015672538429498672,0.0012974739074707031
0.06809048354625702,0.0027783140540122986,0.0004851818084716797
0.0673888623714447,0.002527303993701935,0.001290440559387207
0.06747044622898102,0.00179237499833107,0.0015773773193359375
0.06623680889606476,0.0019012857228517532,0.0005974769592285156
0.06631792336702347,0.0016854554414749146,-9.119510650634766e-05
0.06745830178260803,0.00199008546769619,0.0010214447975158691
0.0663772001862526,0.0016230735927820206,0.001034855842590332
0.06680333614349365,0.001984786242246628,0.0007123947143554688
0.06615003943443298,0.0016202423721551895,0.00042170286178588867
0.06617442518472672,0.002420147880911827,0.0018099546432495117
0.0659051463007927,0.002301812171936035,-8.26120376586914e-05
0.06551133841276169,0.0015054605901241302,0.0011212825775146484
0.06525768339633942,0.002292688935995102,0.0004793405532836914
0.06496648490428925,0.002150973305106163,-0.0011082887649536133
0.06526876986026764,0.002515610307455063,0.0002796649932861328
0.06516715884208679,0.0024691373109817505,0.0012093186378479004
0.06546715646982193,0.0019051600247621536,0.0005229711532592773
0.06564617156982422,0.001904856413602829,0.00033932924270629883
0.06470289081335068,0.0016825702041387558,0.0010105371475219727
0.06354434043169022,0.0028725862503051758,0.0010558366775512695
0.06393997371196747,0.0023208241909742355,0.0014368295669555664
0.0633997842669487,0.0018654856830835342,0.0011309385299682617
0.06319388002157211,0.0016445908695459366,0.001131296157836914
0.06296113133430481,0.0019692033529281616,0.0008422136306762695
0.06307072937488556,0.0016779210418462753,0.0009495019912719727
0.06193011999130249,0.0019766874611377716,0.0015153884887695312
0.06096386909484863,0.0020926669239997864,0.0006616115570068359
0.06126828491687775,0.001974109560251236,0.00028133392333984375
0.06148548424243927,0.0028441771864891052,0.00020623207092285156
0.062315672636032104,0.002218831330537796,0.00042134523391723633
0.06128706783056259,0.0025745853781700134,0.0004993677139282227
0.060943469405174255,0.0024264995008707047,-0.000368654727935791
0.06053739786148071,0.002759605646133423,0.0005638599395751953
0.060696251690387726,0.0029171761125326157,0.00022995471954345703
0.060341984033584595,0.0020478982478380203,0.0005068778991699219
0.06065116077661514,0.0012819468975067139,0.00035709142684936523
0.06096108257770538,0.0018030200153589249,0.0014278888702392578
0.06000196933746338,0.0019265413284301758,0.0003927946090698242
0.06024368107318878,0.0010058674961328506,0.0007616281509399414
0.059602633118629456,0.0016421694308519363,0.00010943412780761719
0.05964764207601547,0.0025146231055259705,0.00026476383209228516
0.05984550714492798,0.0021014567464590073,0.0007710456848144531
0.05871830880641937,0.002817586064338684,0.0006365776062011719
0.058826420456171036,0.002572048455476761,-0.000825047492980957
0.059423912316560745,0.001499522477388382,0.0005054473876953125
0.05894583463668823,0.002212410792708397,0.0006758570671081543
0.05881320685148239,0.0020082443952560425,6.777048110961914e-05
0.05782855674624443,0.0028241686522960663,0.0006511807441711426
0.05818996950984001,0.0031532887369394302,0.00012063980102539062
0.05799061805009842,0.002689531072974205,0.0008865594863891602
0.05769449472427368,0.001092277467250824,-0.0003764629364013672
0.056963786482810974,0.00168699212372303,0.00020766258239746094
0.05714210495352745,0.0020637400448322296,0.00034868717193603516
0.05668758228421211,0.001947173848748207,-0.00021135807037353516
0.05699176713824272,0.0025828927755355835,0.0006929636001586914
0.0568707212805748,0.0021727848798036575,0.00026977062225341797
0.056215669959783554,0.0026012416929006577,0.00035011768341064453
0.05548787862062454,0.0025992710143327713,0.00011056661605834961
0.05625516176223755,0.002549918368458748,0.0010461807250976562
0.05677901953458786,0.0021727271378040314,-0.00032150745391845703
0.05614722520112991,0.0019580721855163574,0.0004928112030029297
0.055146556347608566,0.002418477088212967,-0.0003873109817504883
0.055222004652023315,0.002098020166158676,-0.0004286766052246094
0.05538228154182434,0.0016079805791378021,-0.00030171871185302734
0.054649800062179565,0.0011702682822942734,0.0002683401107788086
0.05515313521027565,0.0015953928232192993,-0.00010704994201660156
0.05525529384613037,0.0018906649202108383,-0.0005437135696411133
0.05494469404220581,0.0014032348990440369,0.0008500814437866211
0.05498223006725311,0.0019120126962661743,-4.4226646423339844e-05
0.05422389879822731,0.0014197230339050293,-9.942054748535156e-05
0.05432699993252754,0.0021525323390960693,0.00011932849884033203
0.05434514209628105,0.0024476926773786545,-0.00017940998077392578
0.05340919643640518,0.0026909373700618744,0.0002532005310058594
0.05353517830371857,0.0020913928747177124,0.0005486011505126953
0.05297160893678665,0.002079777419567108,-0.0004215240478515625
0.0531490184366703,0.002335015684366226,0.00019443035125732422
0.052501656115055084,0.0014950279146432877,0.0007041692733764648
0.05298728868365288,0.002481570467352867,-0.0010297298431396484
0.05323227494955063,0.002209734171628952,0.00016605854034423828
0.05335186421871185,0.0018876008689403534,0.0004930496215820312
0.05263866111636162,0.0013286024332046509,0.0006210803985595703
0.053010210394859314,0.0017521455883979797,-0.0008682012557983398
0.05162862688302994,0.0017289184033870697,2.300739288330078e-05
0.05176517739892006,0.0015228651463985443,-0.0001995563507080078
0.05256170034408569,0.0016060378402471542,-0.0008488893508911133
0.05108897387981415,0.002019571140408516,-1.8477439880371094e-05
0.051629841327667236,0.0020752381533384323,-8.732080459594727e-05
0.051793213933706284,0.0017017591744661331,-0.0006456971168518066
0.05176202952861786,0.0019225534051656723,-0.0009735226631164551
0.050776559859514236,0.0022949278354644775,-0.00035583972930908203
0.050672389566898346,0.0011071283370256424,-0.0005766749382019043
0.05038711801171303,0.002428421750664711,-0.00027883052825927734
0.051393646746873856,0.001239171251654625,-0.0007748603820800781
0.050277020782232285,0.0009071808308362961,-0.000828087329864502
0.05024194344878197,0.0013820081949234009,-0.0004545450210571289
0.0510658323764801,0.0014190245419740677,-0.0003399848937988281
0.05029543116688728,0.001484328880906105,0.0002770423889160156
0.05087198689579964,0.001348145306110382,1.0192394256591797e-05
0.05027582868933678,0.001655561849474907,-0.0003630518913269043
0.04961511492729187,0.00129636749625206,-0.001575469970703125
0.049292899668216705,0.0012994594871997833,0.00011074542999267578
0.04962976276874542,0.0025690067559480667,-0.0004304647445678711
0.04939974099397659,0.0020927079021930695,-0.00046753883361816406
0.04959908872842789,0.003194523975253105,-0.0004901885986328125
0.04850615933537483,0.0028092097491025925,-0.00031489133834838867
0.04885394871234894,0.001766463741660118,0.0003490447998046875
0.04875914379954338,0.001265173777937889,0.0002804994583129883
0.04824633523821831,0.00173133984208107,0.0003039836883544922
0.04869868606328964,0.0014158766716718674,0.0009227991104125977
0.04890820011496544,0.001684088259935379,-0.0009304285049438477
0.04871205613017082,0.0018131881952285767,-2.1755695343017578e-05
0.04831717535853386,0.0016915742307901382,-7.396936416625977e-05
0.04795055836439133,0.0017014574259519577,-0.00018745660781860352
0.048338137567043304,0.0012763142585754395,0.0002480745315551758
0.04758194833993912,0.0016381759196519852,-0.00017064809799194336
0.048433300107717514,0.0015158187597990036,-0.0006958246231079102
0.04647974297404289,0.002459706738591194,-0.00025963783264160156
0.047744814306497574,0.001883041113615036,-0.00047981739044189453
0.04748574271798134,0.001757148653268814,-0.00037920475006103516
0.04725871607661247,0.0018255021423101425,-6.580352783203125e-05
0.047726090997457504,0.0016680844128131866,-0.00017905235290527344
0.04736136645078659,0.0015468057245016098,0.0002568960189819336
0.04735250771045685,0.0017577782273292542,-0.0006947517395019531
0.046697840094566345,0.0018783528357744217,0.00022995471954345703
0.04644107446074486,0.0016650762408971786,-0.0005697011947631836
0.045924849808216095,0.001324094831943512,-0.0010945796966552734
0.046082913875579834,0.0007491204887628555,-0.0003688335418701172
0.046713296324014664,0.001458795741200447,-0.00028395652770996094
0.047315046191215515,0.0017918404191732407,-0.0005041360855102539
0.045596085488796234,0.00192178413271904,-9.775161743164062e-05
0.04545854777097702,0.001637883484363556,-0.0003783702850341797
0.04502787068486214,0.0029919054359197617,-0.0004305839538574219
0.04587317258119583,0.0019171833992004395,-0.00016164779663085938
0.045449089258909225,0.002080712467432022,-0.00028890371322631836
0.044652070850133896,0.0011007264256477356,-0.001057267189025879
0.04488856717944145,0.0012027379125356674,-0.000788271427154541
0.04476146399974823,0.0015400554984807968,-0.0005657672882080078
0.04492892697453499,0.001976640895009041,-0.001074373722076416
0.04519686847925186,0.001552743837237358,-0.0007593631744384766
0.045552801340818405,0.0017635803669691086,-0.0013296008110046387
0.04496868699789047,0.0015201233327388763,-0.00106126070022583
0.04483622685074806,0.0012927185744047165,-0.00025838613510131836
0.04437871277332306,0.0012074187397956848,-0.0005685091018676758
0.04324951022863388,0.0013516228646039963,-0.0007566213607788086
0.04460309445858002,0.0019500181078910828,-0.00033462047576904297
0.04398372769355774,0.0016884636133909225,-0.0006606578826904297
0.04402424395084381,0.001962698996067047,-0.0008184909820556641
0.044078465551137924,0.0020552147179841995,-0.0005036592483520508
0.04405488818883896,0.0010613426566123962,-0.0007687807083129883
0.04378877207636833,0.001532008871436119,-0.00025534629821777344
0.04346755892038345,0.002666393294930458,-0.0012524127960205078
0.043450433760881424,0.00161704421043396,-0.0006775856018066406
0.04331497848033905,0.0015383195132017136,-0.0014148950576782227
0.042991019785404205,0.0011040624231100082,-0.0010840892791748047
0.04270829260349274,0.0010857470333576202,-0.0009822845458984375
0.04300929605960846,0.0016639363020658493,-0.00017821788787841797
0.04231658950448036,0.0012834426015615463,-0.0005034208297729492
0.043121956288814545,0.0012027453631162643,-0.0007988214492797852
0.04289506748318672,0.001497974619269371,0.0002802610397338867
0.04284289479255676,0.0014748293906450272,-0.0002428889274597168
0.0427614264190197,0.0014419332146644592,-0.0011025667190551758
0.042873408645391464,0.0010919328778982162,-0.0008172392845153809
0.04311283305287361,0.0010497141629457474,0.0003075599670410156
0.04207596927881241,0.0015029273927211761,-0.0003680586814880371
0.04187900573015213,0.0020955055952072144,-0.0009217262268066406
0.042034782469272614,0.0009450428187847137,-0.0016742944717407227
0.04200540482997894,0.0013981461524963379,-0.0005797743797302246
0.041851866990327835,0.0018009096384048462,-0.0009655952453613281
0.041686709970235825,0.0014317501336336136,-0.0008473396301269531
0.04194017872214317,0.001225283369421959,-0.0009129047393798828
0.041833847761154175,0.000980885699391365,-0.0006582736968994141
0.04071131721138954,0.0016916021704673767,-0.00020509958267211914
0.04137329012155533,0.000997515395283699,-0.00010293722152709961
0.04096651077270508,0.0018923021852970123,-4.6253204345703125e-05
0.040954213589429855,0.0024160686880350113,-0.0005230903625488281
0.040495630353689194,0.001782657578587532,-0.0006952285766601562
0.04098581150174141,0.0014314353466033936,-0.0019199848175048828
0.04112673178315163,0.0016246326267719269,-0.0012379288673400879
0.04083220660686493,0.000676298514008522,-0.000586092472076416
0.04031190648674965,0.0009918604046106339,-0.0005743503570556641
0.040273070335388184,0.0010001994669437408,-0.0012346506118774414
0.03968549147248268,0.0016575362533330917,-0.0008721351623535156
0.03989027440547943,0.0008592810481786728,-0.0012581348419189453
0.040269266813993454,0.0010536424815654755,-0.000819087028503418
0.03990532457828522,0.001149618998169899,-0.00047129392623901367
0.03949681296944618,0.0010527875274419785,-0.0008261799812316895
0.039800554513931274,0.0013543237000703812,-0.001074373722076416
0.03962532803416252,0.0013633761554956436,-0.0006963610649108887
0.03940647467970848,0.001552453264594078,-0.0005624294281005859
0.040183745324611664,0.0012812595814466476,-0.0008099079132080078
0.03973688185214996,0.0015404094010591507,-0.0009354352951049805
0.0395224504172802,0.0018402040004730225,-0.00046557188034057617
0.03884182125329971,0.0009120814502239227,-0.000560760498046875
0.03990477696061134,0.0009039789438247681,-0.0016786456108093262
0.03946677967905998,0.0016672611236572266,-0.0019255876541137695
0.03891141340136528,0.001309497281908989,-0.0010738372802734375
0.03851589187979698,0.001733049750328064,-0.001031637191772461
0.03852658346295357,0.0010136570781469345,-0.0017682313919067383
0.039133116602897644,0.0005326792597770691,-0.0013143420219421387
0.03851686045527458,0.0012542027980089188,-0.0007227063179016113
0.03872377425432205,0.0018993765115737915,-5.4717063903808594e-05
0.038553476333618164,0.0020080413669347763,-0.0014624595642089844
0.037627410143613815,0.0013890042901039124,-0.0003222227096557617
0.039076659828424454,0.0007640253752470016,-0.00018870830535888672
0.03924151510000229,0.0011997595429420471,-0.0006651878356933594
0.03875765576958656,0.0016697309911251068,-0.0006688833236694336
0.03846380487084389,0.0012494847178459167,-0.000535428524017334
0.03823316842317581,0.0017986036837100983,-0.0010886192321777344
0.03833632916212082,0.001841135323047638,-0.0006342530250549316
0.03786851838231087,0.0015558842569589615,-0.000591576099395752
0.03820950537919998,0.001956481486558914,-0.0022274255752563477
0.037894412875175476,0.001366056501865387,-0.002582073211669922
0.03810478001832962,0.001287238672375679,-0.0014104843139648438
0.03793250396847725,0.0017999541014432907,-0.0020245909690856934
0.038032788783311844,0.0014546290040016174,-0.0013567805290222168
0.03793615847826004,0.0019157249480485916,-0.00012379884719848633
0.03722713887691498,0.0015200357884168625,-0.00044786930084228516
0.03661098703742027,0.0011774860322475433,-0.0006341934204101562
0.037434905767440796,0.0008666627109050751,-5.7578086853027344e-05
0.036388419568538666,0.001114608719944954,-0.0012655258178710938
0.03683420643210411,0.0013362783938646317,-0.0009936094284057617
0.037156615406274796,0.0009046904742717743,-0.000615239143371582
0.037727147340774536,0.0017304923385381699,-0.0015641450881958008
0.03643900901079178,0.0013266261667013168,-0.0012313127517700195
0.03705981746315956,0.0012834686785936356,-0.0007303953170776367
0.03656315803527832,0.0010929759591817856,-0.0011303424835205078
0.036748796701431274,0.0008829198777675629,-0.000522911548614502
0.03667566180229187,0.0009580589830875397,-0.001304030418395996
0.0370740108191967,0.0018091462552547455,-0.0016428232192993164
0.036599695682525635,0.000779028981924057,-0.0009905099868774414
0.03702470287680626,0.001169329509139061,0.00030303001403808594
0.036334071308374405,0.0023142993450164795,-0.00041675567626953125
0.0363619290292263,0.0013714078813791275,-0.0011830329895019531
0.036269642412662506,0.0007735230028629303,-0.002407670021057129
0.0365632027387619,0.0017990898340940475,-0.0005339384078979492
0.03615344315767288,0.0011479798704385757,-0.000750422477722168
0.03585582971572876,0.0006278660148382187,-0.0008602738380432129
0.035863444209098816,0.0010085571557283401,0.00035774707794189453
0.03549611195921898,0.001325611025094986,-0.0004388093948364258
0.03463475778698921,0.0019485745579004288,-0.0007469654083251953
0.03608269616961479,0.00229538232088089,-0.0012688636779785156
0.03608297184109688,0.0010992679744958878,-0.001103818416595459
0.0357782281935215,0.001226993277668953,-0.0010614395141601562
0.03520746901631355,0.0016953758895397186,-0.0011864900588989258
0.03488690406084061,0.000958520919084549,-0.0005632638931274414
0.03557456657290459,0.0006621181964874268,-0.00016963481903076172
0.03493973985314369,0.001272253692150116,0.0001023411750793457
0.03463359549641609,0.0011241771280765533,-0.0008922815322875977
0.03502155467867851,0.0014030039310455322,-0.0005897283554077148
0.0345144085586071,0.0011312589049339294,-0.0008524656295776367
0.03525279089808464,0.0018920209258794785,-0.0018631219863891602
0.03495839238166809,0.001543492078781128,-0.0005688071250915527
0.03560186177492142,0.0016398727893829346,-0.0006786584854125977
0.03528779372572899,0.0013667922466993332,-0.0013831853866577148
0.03480803221464157,0.0010837186127901077,0.00032269954681396484
0.03403475508093834,7.971376180648804e-05,-0.00015288591384887695
0.03399394080042839,0.0009570363909006119,-0.0008581876754760742
0.03497892990708351,0.0015669241547584534,-0.0012722015380859375
0.034734200686216354,0.0009630564600229263,-0.0006948709487915039
0.034515492618083954,0.0012731272727251053,-0.00016319751739501953
0.03419041633605957,0.002022426575422287,-0.000394284725189209
0.033816441893577576,0.0014334172010421753,-0.001205742359161377
0.033628057688474655,0.0011622905731201172,-0.0005972385406494141
0.034206196665763855,0.0013831555843353271,-0.0011789798736572266
0.03324553743004799,0.0020092371851205826,-0.002097010612487793
0.03381378948688507,0.0017399992793798447,-0.0014280080795288086
0.034953996539115906,0.0016536638140678406,-0.0007436275482177734
0.03391599655151367,0.0014441348612308502,-0.0009145736694335938
0.033567026257514954,0.0014942511916160583,-0.0008714199066162109
0.03327019885182381,0.000894840806722641,-0.0017895698547363281
0.03384678065776825,0.00099947489798069,-0.0007232427597045898
0.033411502838134766,0.0004719942808151245,-0.007988333702087402
0.03250360116362572,-0.0016651079058647156,-0.00017786026000976562
0.03657318279147148,-0.0027042943984270096,0.0055204033851623535
0.18855857849121094,-0.03646543622016907,-0.005552768707275391
0.28882721066474915,0.007803957909345627,0.005084574222564697
0.04264423996210098,0.15670818090438843,-0.0006395578384399414
-0.05827649310231209,0.17926417291164398,-0.002140045166015625
-0.039691198617219925,0.3187084197998047,-0.0115278959274292
-0.07073171436786652,0.37368524074554443,0.003834366798400879
-0.04065560922026634,0.2808765769004822,-0.00410306453704834
0.05026605352759361,0.14116202294826508,-0.002945244312286377
-0.008610226213932037,0.14055374264717102,0.0035840272903442383
-0.08199626207351685,0.14157214760780334,0.0011261701583862305
-0.07909414172172546,0.16524341702461243,-0.004641890525817871
-0.031197961419820786,0.2159523367881775,-0.0012684464454650879
0.029489215463399887,0.24501405656337738,0.006087183952331543
0.059308815747499466,0.2618696093559265,-0.004073619842529297
0.07039164751768112,0.2466968446969986,-0.00018072128295898438
0.06450534611940384,0.20171460509300232,0.00032508373260498047
0.039523083716630936,0.1645362824201584,-0.0005117058753967285
0.02350601926445961,0.11206994950771332,-0.0025686025619506836
0.019417371600866318,0.05720582604408264,0.003674805164337158
0.015423163771629333,0.002945568412542343,-0.001128554344177246
0.013688508421182632,-0.04717762768268585,-0.0044373273849487305
-0.005011525005102158,-0.08938348293304443,0.00011205673217773438
-0.03240573778748512,-0.13199478387832642,0.0005026459693908691
-0.036789145320653915,-0.1296764314174652,0.005119919776916504
-0.004133444279432297,-0.11931540817022324,0.05976837873458862
0.046350859105587006,-0.10897907614707947,0.20352822542190552
0.10472863912582397,-0.08637930452823639,0.16905897855758667
0.1545328050851822,-0.07869841158390045,0.0448879599571228
0.05525008961558342,-0.17797952890396118,-0.7975152730941772
-0.07384823262691498,-0.1341303288936615,0.038399577140808105
0.05072684586048126,-0.05875920504331589,-0.01096123456954956
0.07254205644130707,-0.19307848811149597,0.011885285377502441
0.03703583404421806,-0.1843336820602417,-0.0022072792053222656
0.02862754464149475,-0.16657264530658722,-0.0033540725708007812
-0.006375368684530258,-0.1580137014389038,-0.008867502212524414
0.04025645926594734,-0.12686699628829956,0.005487024784088135
-0.0305226668715477,-0.12912145256996155,0.004096388816833496
-0.012172620743513107,-0.10941299796104431,-0.012316405773162842
0.016582246869802475,-0.08290817588567734,0.0030515193939208984
0.028494499623775482,-0.05043269693851471,-0.0034426450729370117
0.02573176473379135,-0.010893948376178741,-7.957220077514648e-05
0.051900576800107956,0.016063563525676727,-0.007081568241119385
0.051785342395305634,0.045607827603816986,0.0058765411376953125
0.04321037977933884,0.0768890380859375,-0.006785035133361816
0.042777493596076965,0.10697080940008163,-0.0017578601837158203
0.07006636261940002,0.1380842626094818,0.003419041633605957
0.08892582356929779,0.17275476455688477,-0.0011366009712219238
0.10246124118566513,0.1766476333141327,-0.0005356073379516602
0.10308075696229935,0.15636809170246124,0.005612611770629883
0.07572271674871445,0.14293056726455688,-0.004874527454376221
0.06537163257598877,0.12415830045938492,0.003398001194000244
0.05817229300737381,0.11456361413002014,3.24249267578125e-05
0.05477458983659744,0.11098857969045639,0.005552530288696289
0.04627425596117973,0.11544830352067947,-0.002690553665161133
0.07176557183265686,0.11265357583761215,-3.421306610107422e-05
0.07283003628253937,0.0916319489479065,0.0006886720657348633
0.036124322563409805,0.0650186687707901,0.002748429775238037
0.026066642254590988,0.03892524540424347,-0.00449824333190918
0.03272238001227379,0.011326253414154053,0.0016214847564697266
0.025273360311985016,0.013248652219772339,0.01592344045639038
0.021868351846933365,0.009486116468906403,0.03112328052520752
0.011435512453317642,0.001882709562778473,0.09171193838119507
0.007798708975315094,-0.023009054362773895,0.14601171016693115
0.002701651304960251,-0.03695525974035263,0.08257448673248291
0.012185171246528625,-0.07891369611024857,-0.2387089729309082
0.013961754739284515,-0.02221105247735977,-0.17773807048797607
0.08541520684957504,-0.08738669753074646,0.16463077068328857
0.06312840431928635,-0.061030253767967224,0.05680727958679199
-0.05617377907037735,-0.07188569009304047,-0.09947896003723145
-0.1794883906841278,-0.2527509033679962,-0.12570512294769287
-0.32290005683898926,-0.39466041326522827,-0.1525043249130249
-0.25602930784225464,-0.4553007483482361,-0.05242013931274414
-0.14685702323913574,-0.256878525018692,0.01985102891921997
-0.3051755130290985,0.09688451141119003,0.06552469730377197
-0.3276539146900177,0.09706449508666992,0.017288684844970703
0.02294166386127472,0.10539787262678146,0.097850501537323
0.35269394516944885,0.018909312784671783,0.2553015947341919
0.49799397587776184,-0.08044417202472687,0.35491400957107544
0.5086894035339355,-0.12555921077728271,0.3427799940109253
0.4031652808189392,-0.13087588548660278,0.5537431836128235
0.18196752667427063,-0.12492156028747559,0.7014086842536926
0.09299378842115402,-0.07631835341453552,0.681394100189209
-0.010458990931510925,0.011802732944488525,0.6278343796730042
-0.12318743765354156,0.08550006151199341,0.5706875324249268
-0.23766645789146423,0.10736672580242157,0.4969221353530884
-0.26243653893470764,0.12867368757724762,0.3439525365829468
-0.13128210604190826,0.15841588377952576,0.15666711330413818
0.35183173418045044,0.12850069999694824,-0.02062821388244629
1.279779314994812,-0.12926191091537476,-0.05232501029968262
0.9649088978767395,-0.500212550163269,0.09530043601989746
0.20770008862018585,-0.5331382751464844,0.12185370922088623
0.04647068679332733,-0.24053722620010376,0.030183792114257812
0.19634205102920532,-0.050916314125061035,-0.030864596366882324
0.2377455085515976,-0.144646555185318,0.0027235746383666992
0.18412579596042633,-0.20910421013832092,0.08789706230163574
0.15700045228004456,-0.16371950507164001,0.15524977445602417
0.1141175627708435,-0.06520116329193115,0.2877155542373657
0.08647245168685913,-0.04615023732185364,0.4861719012260437
0.021229103207588196,-0.042624473571777344,0.4197995662689209
0.00204680860042572,0.026054173707962036,0.37163060903549194
-0.04438047111034393,0.0974152684211731,0.23571324348449707
-0.07617054134607315,0.13877636194229126,0.08547979593276978
-0.0902990996837616,0.17464226484298706,-0.018640756607055664
-0.06199295073747635,0.21705830097198486,-0.08823692798614502
0.09945067018270493,0.3497704863548279,-0.12091463804244995
0.03223209083080292,0.14576220512390137,-0.11505758762359619
-0.0903722271323204,0.03157997131347656,-0.1449316143989563
-0.13119475543498993,0.04889494180679321,-0.1793767213821411
-0.12233850359916687,0.14976871013641357,-0.2132611870765686
-0.13466709852218628,0.28332751989364624,-0.24204128980636597
-0.18448464572429657,0.31305402517318726,-0.260963499546051
-0.21663819253444672,0.23100435733795166,-0.2711792588233948
-0.1478176712989807,0.13520127534866333,-0.30722755193710327
-0.05700124800205231,0.11089849472045898,-0.3459742069244385
-0.0014367010444402695,0.14447426795959473,-0.35657352209091187
-0.01574392057955265,0.18116658926010132,-0.3471640348434448
-0.06910670548677444,0.21323639154434204,-0.33297502994537354
-0.10601822286844254,0.23432374000549316,-0.31864190101623535
-0.12141992151737213,0.2292223572731018,-0.28582608699798584
-0.11334136128425598,0.20636975765228271,-0.2515489459037781
-0.07626330107450485,0.19492149353027344,-0.2316434383392334
-0.04344331845641136,0.1959635615348816,-0.23330539464950562
-0.010969378054141998,0.19806629419326782,-0.24199092388153076
0.04174851253628731,0.2055545449256897,-0.2411189079284668
0.07775184512138367,0.21673285961151123,-0.23348629474639893
0.2518737316131592,0.37407761812210083,-0.21449625492095947
0.1340637356042862,0.25887393951416016,-0.1903524398803711
-0.1400374472141266,0.009653866291046143,-0.1842050552368164
-0.24505355954170227,-0.013778984546661377,-0.21350687742233276
-0.13202375173568726,0.11475294828414917,-0.24041962623596191
-0.028110191226005554,0.18338972330093384,-0.22130650281906128
-0.027267513796687126,0.1518775224685669,-0.14445453882217407
-0.04528665542602539,0.11500060558319092,-0.07471460103988647
-0.03679995238780975,0.11545848846435547,-0.07043629884719849
-0.009517095983028412,0.12422192096710205,-0.07197540998458862
0.04764074087142944,0.10781753063201904,-0.02601402997970581
0.10431121289730072,0.07763433456420898,0.03371024131774902
0.12466371804475784,0.05673176050186157,0.06447094678878784
0.10424850881099701,0.04969137907028198,0.05501753091812134
0.06618655472993851,0.04805183410644531,0.020914733409881592
0.03836767002940178,0.04347097873687744,-0.011985480785369873
0.030633073300123215,0.0385282039642334,-0.025651276111602783
0.03360586240887642,0.03447616100311279,-0.02415245771408081
0.03481312468647957,0.028456449508666992,-0.013500750064849854
0.038151632994413376,0.018761277198791504,-0.005580604076385498
0.0519721545279026,0.007934868335723877,0.010993480682373047
0.06938131898641586,-0.003581523895263672,0.03273099660873413
0.06414026021957397,-0.00508570671081543,0.04308360815048218
0.04373995587229729,0.003216266632080078,0.050973474979400635
0.02349209040403366,0.009546935558319092,0.062138378620147705
0.008539896458387375,0.007724642753601074,0.07139748334884644
0.004206560552120209,0.005059361457824707,0.07869863510131836
0.0060510411858558655,0.0036844611167907715,0.08087831735610962
0.009841986000537872,0.0002791285514831543,0.07751303911209106
0.01300889253616333,-0.004468381404876709,0.06766098737716675
0.023378964513540268,-0.008057832717895508,0.06204134225845337
0.03817114233970642,-0.012231171131134033,0.0577961802482605
0.03390456736087799,-0.012524127960205078,0.05107414722442627
0.025511950254440308,-0.006678402423858643,0.04485386610031128
0.022517994046211243,-0.006109833717346191,0.042503952980041504
0.02034621685743332,-0.008336424827575684,0.039878785610198975
0.01805844157934189,-0.0054517388343811035,0.0370253324508667
0.014440760016441345,-0.002337217330932617,0.03804677724838257
0.012336574494838715,-0.008011817932128906,0.046450674533843994
0.010998249053955078,-0.009606540203094482,0.05384117364883423
0.008892364799976349,-0.006843447685241699,0.05536776781082153
0.0007003769278526306,-0.0035766959190368652,0.05211371183395386
-0.002757422626018524,-0.00034624338150024414,0.047853171825408936
0.0026069730520248413,-0.0017678141593933105,0.04970782995223999
0.020385131239891052,-0.005162715911865234,0.052612483501434326
0.027064114809036255,-0.003988027572631836,0.05230480432510376
0.031607963144779205,-0.004599928855895996,0.04989558458328247
0.038678862154483795,-0.01000756025314331,0.043704867362976074
0.039796918630599976,-0.010281801223754883,0.036115944385528564
0.034356147050857544,-0.007311344146728516,0.0297660231590271
0.03479631990194321,-0.006627976894378662,0.02357661724090576
0.03529907763004303,-0.0005491971969604492,0.019361495971679688
0.030143409967422485,0.0033195018768310547,0.016551673412322998
0.02993316948413849,0.007002592086791992,0.014507114887237549
0.029516421258449554,0.010780155658721924,0.01750236749649048
0.019398197531700134,0.01804131269454956,0.015245139598846436
0.004491701722145081,0.024278581142425537,0.006304144859313965
-0.008636035025119781,0.024921178817749023,-0.005044758319854736
-0.01194126158952713,0.027691364288330078,-0.01918715238571167
0.0010838061571121216,0.029867053031921387,-0.02648019790649414
0.029240958392620087,0.02178436517715454,-0.019162118434906006
0.0732070654630661,0.007998824119567871,0.0001685023307800293
0.1040891483426094,-0.003580749034881592,0.018529891967773438
0.11121703684329987,-0.005930662155151367,0.0295751690864563
0.09621036797761917,-0.0025811195373535156,0.021260738372802734
0.06776315718889236,0.006774187088012695,-0.00022965669631958008
0.045617058873176575,0.016407787799835205,-0.022068500518798828
0.04177505522966385,0.01743704080581665,-0.032464444637298584
0.049531325697898865,0.01368039846420288,-0.02950674295425415
0.06150728464126587,0.00803285837173462,-0.022123754024505615
0.07717465609312057,0.005056202411651611,-0.01722651720046997
0.08845806866884232,0.004357039928436279,-0.012886404991149902
0.08835387229919434,0.0029878616333007812,-0.011170625686645508
0.09953204542398453,-0.0038323402404785156,-0.01519101858139038
0.10684195905923843,-0.006971240043640137,-0.029321491718292236
0.09563793241977692,-0.0037583112716674805,-0.051106154918670654
0.07766696810722351,0.0028960704803466797,-0.06916344165802002
0.06488379836082458,0.008066654205322266,-0.07194119691848755
0.06511018425226212,0.005478620529174805,-0.06061077117919922
0.0729292556643486,0.004302382469177246,-0.04590797424316406
0.07344583421945572,0.006516635417938232,-0.035749733448028564
0.07057745009660721,0.007253408432006836,-0.03194481134414673
0.06719114631414413,0.004947781562805176,-0.0348963737487793
0.06905519217252731,0.007691144943237305,-0.043885886669158936
0.07073318213224411,0.011225402355194092,-0.04459536075592041
0.08623919636011124,0.005847513675689697,-0.03067094087600708
0.09396204352378845,-0.0005473494529724121,-0.015005290508270264
0.07552849501371384,0.0051985979080200195,-0.002985060214996338
0.04403778165578842,0.014832854270935059,0.0008537769317626953
0.021100766956806183,0.02000671625137329,0.003658294677734375
0.02249515801668167,0.01605910062789917,0.0068045854568481445
0.027690492570400238,0.014362871646881104,0.00652843713760376
0.017713233828544617,0.015471160411834717,-1.245737075805664e-05
-0.004587322473526001,0.01744234561920166,-0.009196221828460693
-0.01911289244890213,0.017546236515045166,-0.009288430213928223
-0.02897179126739502,0.01059955358505249,0.0030748844146728516
-0.06137676537036896,0.007215380668640137,0.04257386922836304
-0.24530120193958282,-0.02113056182861328,0.18414521217346191
0.48970311880111694,0.18199944496154785,-0.7488865256309509
-0.026997573673725128,-0.2695092558860779,-0.6901046633720398
0.11884433031082153,-0.1379799246788025,-0.21605205535888672
0.16269941627979279,0.08831334114074707,0.09075528383255005
0.03483480215072632,0.06463634967803955,0.13944554328918457
-0.030911117792129517,0.006832480430603027,0.18674951791763306
-0.012184053659439087,0.015570402145385742,0.1785631775856018
0.035304948687553406,0.03090035915374756,0.0807119607925415
0.04161367565393448,0.002925276756286621,0.0032507777214050293
0.038325004279613495,-0.002034127712249756,-0.015244543552398682
0.037250861525535583,0.013479650020599365,0.014738917350769043
0.05348791927099228,-0.015371143817901611,-0.025408685207366943
0.1053481251001358,-0.040370285511016846,-0.11066776514053345
0.10559684038162231,-0.03744471073150635,-0.10289674997329712
0.07771080732345581,-0.03925478458404541,-0.08166307210922241
0.06229735165834427,-0.02280724048614502,-0.03952741622924805
0.05317752808332443,-0.02062767744064331,-0.004763007164001465
0.04687396436929703,-0.021380066871643066,0.0033749938011169434
0.03978833556175232,-0.01528090238571167,-0.01140207052230835
0.03608269989490509,-0.020221233367919922,-0.010267913341522217
0.0367904007434845,-0.01587766408920288,-0.018419921398162842
0.046782463788986206,0.01278543472290039,0.0014293789863586426
0.0687093585729599,0.024584949016571045,0.054586172103881836
0.07675076276063919,0.014893412590026855,0.0990288257598877
0.052679888904094696,0.010791540145874023,0.08277583122253418
-0.011047303676605225,-0.016222715377807617,-0.01993507146835327
0.0139550119638443,-0.02874612808227539,-0.1360437273979187
0.0563570111989975,-0.0213279128074646,-0.19841527938842773
0.05179592967033386,-0.04211390018463135,-0.24259978532791138
0.07323808968067169,-0.07481569051742554,-0.20589500665664673
0.07063942402601242,-0.08434265851974487,-0.22145038843154907
0.042589448392391205,-0.07203006744384766,-0.2542244791984558
0.03407461568713188,-0.08085674047470093,-0.22922998666763306
0.03872055187821388,-0.08349847793579102,-0.1836267113685608
0.037678312510252,-0.07137501239776611,-0.17131394147872925
0.02700740098953247,-0.0540086030960083,-0.1654765009880066
0.01731373369693756,-0.03982877731323242,-0.1567562222480774
0.0060376860201358795,-0.03683203458786011,-0.15924763679504395
0.002112213522195816,-0.039051830768585205,-0.15265828371047974
-0.019036276265978813,-0.03503882884979248,-0.16233259439468384
-0.05437171459197998,-0.03313553333282471,-0.18714278936386108
-0.07759334146976471,-0.022188544273376465,-0.21512752771377563
-0.0930715799331665,-0.004285037517547607,-0.22153431177139282
-0.10292191803455353,0.0054160356521606445,-0.19829624891281128
-0.11831385642290115,0.013083100318908691,-0.16481173038482666
-0.11590011417865753,0.03705030679702759,-0.13694161176681519
-0.10821827501058578,0.03926771879196167,-0.13270020484924316
-0.07367971539497375,0.03975546360015869,-0.1389428973197937
-0.0273123886436224,0.04676693677902222,-0.16074717044830322
-0.01294320821762085,0.05122804641723633,-0.2012006640434265
-0.01776782050728798,0.06039237976074219,-0.245033860206604
-0.0253741517663002,0.05121642351150513,-0.26171302795410156
-0.03535563126206398,0.03430408239364624,-0.2577555775642395
-0.026189059019088745,0.0030594468116760254,-0.23880791664123535
-0.10037863999605179,-0.13949990272521973,-0.2175542116165161
-0.119285948574543,-0.18884748220443726,-0.22676050662994385
0.16172552108764648,0.06342971324920654,-0.22880172729492188
0.22527649998664856,0.10048359632492065,-0.17370998859405518
0.13812561333179474,0.08886218070983887,-0.1235353946685791
0.06615985184907913,0.054021358489990234,-0.09039342403411865
0.0171709805727005,0.025985777378082275,-0.06558370590209961
0.01809820532798767,0.007807642221450806,-0.03729891777038574
0.09165172278881073,0.03266492486000061,0.02956843376159668
0.4408091902732849,0.27353739738464355,0.13797527551651
0.2777312397956848,0.1587074100971222,0.27867966890335083
0.011198341846466064,-0.09691819548606873,0.36786389350891113
0.16800637543201447,0.013275861740112305,0.3592625856399536
0.18456141650676727,0.0015326440334320068,0.3478415012359619
0.12198673188686371,-0.03554171323776245,0.2827727794647217
0.1416144222021103,0.020885229110717773,0.16214537620544434
0.15997588634490967,0.09919431805610657,0.0817251205444336
0.17279796302318573,0.1801963448524475,0.07042598724365234
-0.10997194051742554,-0.17651569843292236,0.15154129266738892
-0.15581081807613373,-0.24921101331710815,0.28672361373901367
0.282662957906723,0.36711689829826355,0.2632397413253784
0.38234660029411316,0.5353800058364868,0.1765650510787964
0.24273982644081116,0.44113728404045105,0.08286523818969727
0.014155641198158264,0.2612808048725128,0.037889182567596436
-0.09156484156847,0.16029149293899536,0.035120487213134766
-0.04685539752244949,0.18511176109313965,0.042931199073791504
0.025771670043468475,0.22747191786766052,0.03330957889556885
0.009735457599163055,0.20411276817321777,0.019878268241882324
-0.0712420642375946,0.13765352964401245,0.02495598793029785
-0.10903651267290115,0.13748520612716675,0.053607940673828125
-0.09301450103521347,0.18103277683258057,0.07403737306594849
-0.08925636112689972,0.20778167247772217,0.08168864250183105
-0.10368373990058899,0.23332083225250244,0.07488632202148438
-0.06400357931852341,0.18878722190856934,-0.0031679868698120117
0.21476484835147858,-0.43722718954086304,-0.04331326484680176
0.05017106235027313,-0.5683732628822327,0.40835511684417725
0.025654828175902367,0.03080400824546814,1.006827473640442
0.23080143332481384,0.11420315504074097,1.301912546157837
0.25314444303512573,0.08913525938987732,1.0867799520492554
0.14223504066467285,0.13565769791603088,0.5607235431671143
0.05226747691631317,0.0781482458114624,0.07012641429901123
0.01884746178984642,-0.011433213949203491,-0.21076500415802002
0.019477657973766327,-0.0370500385761261,-0.32496416568756104
0.02742055617272854,-0.011556237936019897,-0.3716531991958618
0.008317595347762108,0.007839351892471313,-0.4019448757171631
-0.025410015136003494,-0.041957855224609375,-0.43039190769195557
-0.036742858588695526,-0.09168604016304016,-0.432564914226532
-0.02120468020439148,-0.1003989577293396,-0.3826971650123596
-0.005933629348874092,-0.08142200112342834,-0.3108401298522949
0.024039918556809425,-0.09384825825691223,-0.22522103786468506
0.04327097535133362,-0.1149429976940155,-0.126642644405365
0.04348636418581009,-0.11494502425193787,-0.02115046977996826
0.047957390546798706,-0.11625093221664429,0.06024801731109619
0.04127116501331329,-0.09869581460952759,0.10901099443435669
0.03241315111517906,-0.07641386985778809,0.12454450130462646
0.01596747525036335,-0.055193573236465454,0.10846751928329468
-0.01607609912753105,-0.032398343086242676,0.07367563247680664
-0.04763596132397652,-0.015123575925827026,0.03899073600769043
-0.06644017994403839,-0.010122478008270264,0.0031707286834716797
-0.08170376718044281,-0.0004178285598754883,-0.024422287940979004
-0.07623787224292755,0.01413661241531372,-0.03345227241516113
-0.055960215628147125,0.017403364181518555,-0.0305325984954834
-0.04177795350551605,0.01628434658050537,-0.020387887954711914
-0.028975358232855797,0.01525801420211792,-0.008220255374908447
-0.010956643149256706,0.01049506664276123,0.0004018545150756836
0.008226310834288597,0.002046436071395874,0.0035554170608520508
0.02216905914247036,-0.0018341243267059326,-0.0019932985305786133
0.03303932026028633,-0.0008331239223480225,-0.0133439302444458
0.0355740450322628,-0.0023709237575531006,-0.030091047286987305
0.038684360682964325,-0.00518876314163208,-0.04543370008468628
0.059268854558467865,-0.014551818370819092,-0.05018121004104614
0.07750760018825531,-0.022130489349365234,-0.03461712598800659
0.08181970566511154,-0.024050191044807434,-0.007860958576202393
0.08339391648769379,-0.020249679684638977,0.02374899387359619
0.08475996553897858,-0.015307977795600891,0.05454134941101074
0.07740745693445206,-0.011043339967727661,0.07893764972686768
0.06508258730173111,-0.004598215222358704,0.09574365615844727
0.053808003664016724,0.004386574029922485,0.10333937406539917
0.03854165971279144,0.013822183012962341,0.10709387063980103
0.026438552886247635,0.01693381369113922,0.1061621904373169
0.014997856691479683,0.01799170672893524,0.0895853042602539
0.009488781914114952,0.021018996834754944,0.06236588954925537
0.005735669285058975,0.020840972661972046,0.033068180084228516
-0.004920780658721924,0.013075783848762512,0.006977975368499756
-0.01642017811536789,0.0032823681831359863,-0.01553964614868164
-0.014837687835097313,-0.008264333009719849,-0.035895347595214844
-0.013891227543354034,-0.023573294281959534,-0.05279606580734253
-0.021214844658970833,-0.03609432280063629,-0.07075285911560059
-0.019701318815350533,-0.0436081737279892,-0.09317135810852051
-0.005098383873701096,-0.04748666286468506,-0.10984337329864502
0.01166829839348793,-0.04436880350112915,-0.11843234300613403
0.02448509819805622,-0.04007537662982941,-0.11741495132446289
0.03364300727844238,-0.03701496124267578,-0.10563313961029053
0.0384315550327301,-0.029993414878845215,-0.0842750072479248
0.04638461396098137,-0.019520238041877747,-0.05280888080596924
0.05401712656021118,-0.010846242308616638,-0.016767263412475586
0.05649898946285248,-0.004189684987068176,0.021765708923339844
0.05598299205303192,0.007367253303527832,0.055475831031799316
0.052668750286102295,0.015641391277313232,0.0775444507598877
0.047578658908605576,0.01791723072528839,0.09162193536758423
0.04801055043935776,0.017116710543632507,0.09727871417999268
0.05276128277182579,0.0139523446559906,0.09769439697265625
0.06160862371325493,0.010138750076293945,0.08858954906463623
0.06377647817134857,0.00574454665184021,0.07413578033447266
0.0567547045648098,-0.003650352358818054,0.052827656269073486
0.04910542443394661,-0.013857915997505188,0.03126680850982666
0.04302532225847244,-0.01913103461265564,0.005756378173828125
0.03426414728164673,-0.020319074392318726,-0.018157124519348145
0.031243477016687393,-0.02110619843006134,-0.03586840629577637
0.028729163110256195,-0.02190561592578888,-0.0471576452255249
0.022065646946430206,-0.021448776125907898,-0.04973524808883667
0.01772332563996315,-0.020309239625930786,-0.04251396656036377
0.00812364649027586,-0.0206308513879776,-0.031477928161621094
0.002269926480948925,-0.020186886191368103,-0.024166405200958252
0.005570037290453911,-0.015635937452316284,-0.020843505859375
0.00961139053106308,-0.010502949357032776,-0.01616060733795166
0.011213444173336029,-0.005678951740264893,-0.006548762321472168
0.011931132525205612,-0.0034088939428329468,0.004851281642913818
0.013074246235191822,-0.003043949604034424,0.013184309005737305
0.016936345025897026,-0.0018394291400909424,0.016553044319152832
0.019946638494729996,-0.0011547356843948364,0.0162125825881958
0.023493114858865738,0.000794142484664917,0.011948943138122559
0.02854170836508274,0.0021762102842330933,0.01257479190826416
0.034297723323106766,-0.00037091970443725586,0.01475989818572998
0.04240281134843826,-0.0062526315450668335,0.012125730514526367
0.048709381371736526,-0.0075492262840271,0.008919179439544678
0.052179932594299316,-0.0074977874755859375,0.0029790401458740234
0.05319949984550476,-0.010319784283638,-0.0013257265090942383
0.05123133212327957,-0.012581855058670044,-0.005257666110992432
0.050782136619091034,-0.01548449695110321,-0.008449912071228027
0.05181330814957619,-0.01730257272720337,-0.013385772705078125
0.048970118165016174,-0.01962190866470337,-0.014569401741027832
0.041458696126937866,-0.022858813405036926,-0.010726571083068848
0.03424771875143051,-0.022902637720108032,-0.005244433879852295
0.02610742673277855,-0.02071957290172577,-0.0019663572311401367
0.02193600684404373,-0.013509497046470642,0.0007411837577819824
0.01983632892370224,-0.007472485303878784,0.001705467700958252
0.019819919019937515,-0.005422830581665039,0.005918025970458984
0.02027036063373089,-0.00340937077999115,0.008025765419006348
0.018834374845027924,-0.006257191300392151,0.00830841064453125
0.02218562364578247,-0.010845854878425598,0.006810486316680908
0.02578967809677124,-0.015561848878860474,0.0021094083786010742
0.023749612271785736,-0.019359692931175232,-0.004266500473022461
0.022396784275770187,-0.023043349385261536,-0.014436721801757812
0.024377290159463882,-0.023498207330703735,-0.021326124668121338
0.025697488337755203,-0.020260870456695557,-0.025592803955078125
0.022675951942801476,-0.01778644323348999,-0.02415454387664795
0.01941344328224659,-0.01536974310874939,-0.019247829914093018
0.019400835037231445,-0.01041710376739502,-0.013119161128997803
0.023698994889855385,-0.008111178874969482,-0.005664348602294922
0.03087572567164898,-0.005712434649467468,0.0005669593811035156
0.03628701716661453,-0.0004972368478775024,0.005563259124755859
0.04332558065652847,5.148351192474365e-05,0.008688569068908691
0.052312176674604416,-0.00022564828395843506,0.008278489112854004
0.059460099786520004,-0.0006377696990966797,0.006357908248901367
0.06574808806180954,-0.0016712844371795654,0.005042612552642822
0.06633178144693375,-0.004168212413787842,0.00660860538482666
0.06087677180767059,-0.010593309998512268,0.008189082145690918
0.05019721761345863,-0.01895618438720703,0.007768034934997559
0.03766448795795441,-0.027319669723510742,0.0010909438133239746
0.02532278560101986,-0.031864672899246216,-0.010715007781982422
0.01745537668466568,-0.033073559403419495,-0.0261228084564209
0.011559220030903816,-0.029663383960723877,-0.03964507579803467
0.005178641062229872,-0.02821899950504303,-0.04578995704650879
0.0035304627381265163,-0.025760218501091003,-0.04401564598083496
0.0029515225905925035,-0.01789538562297821,-0.03252208232879639
0.006681500002741814,-0.008823111653327942,-0.01719987392425537
0.019339151680469513,-0.0003435462713241577,-0.0001068115234375
0.0329023040831089,0.00814327597618103,0.016779601573944092
0.04409865662455559,0.01467221975326538,0.0325130820274353
0.056384410709142685,0.014636948704719543,0.04310810565948486
0.06361198425292969,0.009645000100135803,0.04834175109863281
0.06695877760648727,0.0010930299758911133,0.046979546546936035
0.06870841979980469,-0.008444085717201233,0.03631854057312012
0.06908262521028519,-0.01437552273273468,0.01888108253479004
0.0632605031132698,-0.019958198070526123,-0.0009957551956176758
0.05326242744922638,-0.024381667375564575,-0.018211781978607178
0.04358388110995293,-0.025783181190490723,-0.032043516635894775
0.030310124158859253,-0.02483709156513214,-0.04142695665359497
0.015233088284730911,-0.023991361260414124,-0.043877243995666504
0.0027372962795197964,-0.024078786373138428,-0.04221034049987793
-0.0038502197712659836,-0.01930542290210724,-0.0381733775138855
-0.006540373899042606,-0.012623071670532227,-0.031584858894348145
-0.010619299486279488,-0.0060498714447021484,-0.022348463535308838
-0.011748448014259338,-0.0002858787775039673,-0.011611461639404297
-0.010338482446968555,0.0029769092798233032,-0.0010650157928466797
-0.00746331550180912,0.005015268921852112,0.0067144036293029785
-0.0014063874259591103,0.005962580442428589,0.015134572982788086
0.007074320688843727,0.0029941797256469727,0.01830160617828369
0.016861330717802048,-6.091594696044922e-05,0.01723456382751465
0.02591114118695259,-0.00235903263092041,0.012538909912109375
0.033406246453523636,-0.005849331617355347,0.005440413951873779
0.03466816619038582,-0.010463804006576538,-0.0015344023704528809
0.03672733157873154,-0.01599125564098358,-0.006429612636566162
0.037667166441679,-0.019878149032592773,-0.012194991111755371
0.03697952628135681,-0.023266956210136414,-0.017078638076782227
0.03392219915986061,-0.023404419422149658,-0.020062685012817383
0.02966347523033619,-0.0204554945230484,-0.022876739501953125
0.02829538658261299,-0.015220120549201965,-0.02293705940246582
0.029643464833498,-0.010066822171211243,-0.017445802688598633
0.033475615084171295,-0.005985096096992493,-0.007388770580291748
0.038552768528461456,-0.004575356841087341,0.004847288131713867
0.04125801473855972,-0.007310599088668823,0.01657402515411377
0.03882182389497757,-0.010067731142044067,0.022493422031402588
0.035671718418598175,-0.011923328042030334,0.021807312965393066
0.03132813051342964,-0.014127716422080994,0.015236914157867432
0.027354015037417412,-0.015028774738311768,0.005020737648010254
0.022905567660927773,-0.01669454574584961,-0.005524754524230957
0.018439242616295815,-0.019715964794158936,-0.012925863265991211
0.017023000866174698,-0.02119120955467224,-0.02089923620223999
0.019095322117209435,-0.019619092345237732,-0.025207996368408203
0.021400902420282364,-0.016858547925949097,-0.022406160831451416
0.021274080500006676,-0.014641478657722473,-0.01886725425720215
0.020488247275352478,-0.012572601437568665,-0.013615131378173828
0.025602973997592926,-0.006834238767623901,-0.0059108734130859375
0.028962165117263794,-0.002570316195487976,0.002151191234588623
0.028727006167173386,-0.0015216320753097534,0.009066104888916016
0.03379293158650398,-0.0024537742137908936,0.015007078647613525
0.03458536043763161,-0.002936244010925293,0.016468286514282227
0.034806136041879654,-0.0031639188528060913,0.013347148895263672
0.03821910545229912,-0.0026206523180007935,0.005491018295288086
0.042451247572898865,-0.004332289099693298,-2.682209014892578e-05
0.041289400309324265,-0.00903177261352539,-0.00455784797668457
0.03899736702442169,-0.012421220541000366,-0.007236599922180176
0.040538489818573,-0.015776216983795166,-0.011226177215576172
0.040263883769512177,-0.01907201111316681,-0.011843562126159668
0.03818681463599205,-0.020716562867164612,-0.015240013599395752
0.035816602408885956,-0.0200100839138031,-0.018611431121826172
0.032809916883707047,-0.018225520849227905,-0.01886463165283203
0.030918516218662262,-0.015973910689353943,-0.018025994300842285
0.025849876925349236,-0.01355046033859253,-0.01581883430480957
0.022977987304329872,-0.010765239596366882,-0.01206207275390625
0.01976739801466465,-0.008219242095947266,-0.006665170192718506
0.01909378170967102,-0.007121533155441284,-0.00083160400390625
0.020407699048519135,-0.005810216069221497,0.004043281078338623
0.021468142047524452,-0.00599999725818634,0.007320523262023926
0.022220171988010406,-0.005789011716842651,0.0077964067459106445
0.0221355389803648,-0.00720447301864624,0.008062362670898438
0.02078505977988243,-0.008441343903541565,0.007139921188354492
0.018131745979189873,-0.011451378464698792,0.002035379409790039
0.016607210040092468,-0.013311251997947693,-0.005115628242492676
0.018372073769569397,-0.0140179842710495,-0.012936115264892578
0.019751455634832382,-0.01378786563873291,-0.017730355262756348
0.02020021714270115,-0.012218192219734192,-0.019955039024353027
0.020669514313340187,-0.009956568479537964,-0.01828676462173462
0.021843573078513145,-0.007737860083580017,-0.014123797416687012
0.022753966972231865,-0.007109552621841431,-0.00806283950805664
0.023058094084262848,-0.006230205297470093,-0.00254666805267334
0.020760133862495422,-0.006579190492630005,0.0013778209686279297
0.020827312022447586,-0.007122412323951721,0.0019885897636413574
0.024760406464338303,-0.006520450115203857,0.0015491247177124023
0.025760626420378685,-0.006860852241516113,0.0023611783981323242
0.023860404267907143,-0.009140387177467346,3.5643577575683594e-05
0.019704220816493034,-0.008451581001281738,-0.001067519187927246
0.016924817115068436,-0.00824892520904541,-0.0020755529403686523
0.019169924780726433,-0.007473796606063843,-0.0028530359268188477
0.020659716799855232,-0.006710529327392578,-0.0033978819847106934
0.018074657768011093,-0.012212350964546204,-0.0043773651123046875
0.02804643288254738,-0.004530847072601318,-0.0034341812133789062
0.032516784965991974,-0.007716655731201172,3.17692756652832e-05
0.030320588499307632,-0.01529267430305481,0.001709580421447754
0.031050320714712143,-0.014273300766944885,0.0003762245178222656
0.031547605991363525,-0.01394672691822052,-0.0038695335388183594
0.02978672832250595,-0.014535531401634216,-0.008758902549743652
0.027784138917922974,-0.01231539249420166,-0.011877059936523438
0.02649354562163353,-0.010825976729393005,-0.013550519943237305
0.02587735466659069,-0.009108617901802063,-0.01368802785873413
0.025818172842264175,-0.008610591292381287,-0.009469807147979736
0.02653973177075386,-0.009305000305175781,-0.005178689956665039
0.026589015498757362,-0.008696839213371277,-0.0006518363952636719
0.02814044989645481,-0.008762001991271973,0.0034897327423095703
0.03100937232375145,-0.0078031569719314575,0.00491487979888916
0.03269168734550476,-0.006471008062362671,0.002492547035217285
0.03366582468152046,-0.005936577916145325,0.003391861915588379
0.03424154594540596,-0.005113199353218079,0.003261864185333252
0.03391449898481369,-0.004816800355911255,0.003208756446838379
0.03389027714729309,-0.006439536809921265,0.003439188003540039
0.032446879893541336,-0.008088290691375732,0.0014358758926391602
0.03391284495592117,-0.009321317076683044,-0.00012171268463134766
0.03429592400789261,-0.007932782173156738,-0.00282442569732666
0.034515056759119034,-0.00688016414642334,-0.004102110862731934
0.0337267741560936,-0.007891759276390076,-0.0036138296127319336
0.034213513135910034,-0.008556142449378967,-0.0013994574546813965
0.030994530767202377,-0.009199246764183044,0.0028142929077148438
0.03060360997915268,-0.01180008053779602,0.005424320697784424
0.03029201738536358,-0.01134529709815979,0.002315521240234375
0.029905494302511215,-0.011205241084098816,-0.0019456148147583008
0.02701871283352375,-0.010229185223579407,-0.006637275218963623
0.02410781756043434,-0.009144574403762817,-0.011343181133270264
0.02207017131149769,-0.008707240223884583,-0.013839960098266602
0.021684616804122925,-0.009007647633552551,-0.012507438659667969
0.02149052545428276,-0.009851217269897461,-0.008591532707214355
0.020226426422595978,-0.00953298807144165,-0.005666613578796387
0.018818581476807594,-0.00864623486995697,-0.004477202892303467
0.02095138281583786,-0.006950363516807556,-0.0016492605209350586
0.02043582871556282,-0.0055617839097976685,0.002501845359802246
0.017898425459861755,-0.005054041743278503,0.005979061126708984
0.018044019117951393,-0.006578952074050903,0.003947138786315918
0.019716382026672363,-0.0059347003698349,0.0020471811294555664
0.019786324352025986,-0.007245481014251709,-0.003185272216796875
0.019330477342009544,-0.00985078513622284,-0.009390175342559814
0.020313173532485962,-0.010735005140304565,-0.01404482126235962
0.021480925381183624,-0.011054262518882751,-0.014981985092163086
0.02352198027074337,-0.010947316884994507,-0.014182686805725098
0.025203077122569084,-0.009973719716072083,-0.010237514972686768
0.024133451282978058,-0.009783059358596802,-0.005377769470214844
0.024668283760547638,-0.008514240384101868,-0.0010318756103515625
0.0280386321246624,-0.0074732303619384766,0.0011109113693237305
0.02988503873348236,-0.007260769605636597,0.0011775493621826172
0.026833364740014076,-0.006593137979507446,6.270408630371094e-05
0.023400085046887398,-0.007241591811180115,-0.0023621320724487305
0.02511715516448021,-0.008138209581375122,-0.005251586437225342
0.026347698643803596,-0.008072853088378906,-0.005507469177246094
0.02536844089627266,-0.009475961327552795,-0.003060579299926758
0.024762514978647232,-0.010497018694877625,-0.0013461112976074219
0.02422182261943817,-0.011545553803443909,-0.001031637191772461
0.02345074713230133,-0.012013435363769531,-0.003701448440551758
0.022837067022919655,-0.010388627648353577,-0.007871747016906738
0.020579271018505096,-0.010075733065605164,-0.008663535118103027
0.017284326255321503,-0.008754700422286987,-0.006129264831542969
0.01697240024805069,-0.00629030168056488,-0.0026311874389648438
0.01880093291401863,-0.0031621605157852173,-0.0022624731063842773
0.01784721203148365,-0.002791181206703186,0.00018835067749023438
0.02023799531161785,-0.0038228482007980347,0.004210412502288818
0.021351290866732597,-0.0029759258031845093,0.009199678897857666
0.02374076470732689,-0.0053102970123291016,0.013058245182037354
0.02397080510854721,-0.00401519238948822,0.013990044593811035
0.020082054659724236,-0.0034733712673187256,0.012217283248901367
0.01946420967578888,-0.004934459924697876,0.009540915489196777
0.02037729136645794,-0.00689619779586792,0.004632413387298584
0.022702950984239578,-0.00514751672744751,-0.005587458610534668
0.024415146559476852,-0.004652753472328186,-0.010918378829956055
0.02781006321310997,-0.008146941661834717,-0.016421377658843994
0.030933091416954994,-0.01021277904510498,-0.020824432373046875
0.029940299689769745,-0.011805340647697449,-0.020104169845581055
0.027577118948101997,-0.016157448291778564,-0.017625927925109863
0.02873954549431801,-0.015480458736419678,-0.015909194946289062
0.026222091168165207,-0.014935195446014404,-0.015192508697509766
0.023498831316828728,-0.015149831771850586,-0.014033079147338867
0.02017812989652157,-0.012627661228179932,-0.011240363121032715
0.01536177285015583,-0.008756861090660095,-0.00764697790145874
0.01243240013718605,-0.007624462246894836,-0.007579684257507324
0.011812776327133179,-0.005704805254936218,-0.005658268928527832
0.01280176267027855,-0.005595043301582336,-0.0012606382369995117
0.012174032628536224,-0.005884498357772827,0.005996286869049072
0.014482722617685795,-0.005630940198898315,0.009889483451843262
0.019925622269511223,-0.0027002543210983276,0.01149296760559082
0.021640727296471596,-0.0017876476049423218,0.01066732406616211
0.023069672286510468,-0.0039021670818328857,0.006328463554382324
0.02391224168241024,-0.0041518062353134155,0.0001748800277709961
0.025369012728333473,-0.005135238170623779,-0.005927085876464844
0.027587570250034332,-0.007816538214683533,-0.011871337890625
0.027818050235509872,-0.010085135698318481,-0.0147552490234375
0.026002198457717896,-0.01094287633895874,-0.014544248580932617
0.022409839555621147,-0.013040497899055481,-0.013089656829833984
0.02113417722284794,-0.012731418013572693,-0.013043642044067383
0.02306905947625637,-0.012710288166999817,-0.01366579532623291
0.02573424018919468,-0.011664345860481262,-0.013146698474884033
0.024714238941669464,-0.010158568620681763,-0.010790467262268066
0.023395612835884094,-0.009739398956298828,-0.0060117244720458984
0.023200180381536484,-0.009388595819473267,-0.0023726224899291992
0.022690733894705772,-0.008687660098075867,-0.0005519986152648926
0.020935963839292526,-0.00730384886264801,0.0006213784217834473
0.018482239916920662,-0.005039826035499573,0.0011047124862670898
0.017574265599250793,-0.0050481706857681274,-0.000666499137878418
0.02147410809993744,-0.0031934380531311035,-0.0032643675804138184
0.02281242236495018,-0.0028859078884124756,-0.0019420385360717773
0.025466619059443474,-0.002694547176361084,0.0007698535919189453
0.029473699629306793,-0.0028493106365203857,0.005542874336242676
0.035181980580091476,-0.005915716290473938,0.008552908897399902
0.036658283323049545,-0.007886633276939392,0.007983088493347168
0.035983242094516754,-0.009854257106781006,0.006434500217437744
0.033583857119083405,-0.010509908199310303,0.0009704232215881348
0.03162768855690956,-0.009989559650421143,-0.005064785480499268
0.028828179463744164,-0.011777818202972412,-0.008611321449279785
0.026362774893641472,-0.013108417391777039,-0.010919272899627686
0.02303345687687397,-0.011924922466278076,-0.012398064136505127
0.01957455836236477,-0.010360553860664368,-0.011966824531555176
0.015706315636634827,-0.010058596730232239,-0.00995713472366333
0.013812427408993244,-0.008257254958152771,-0.00831902027130127
0.010553184896707535,-0.006703630089759827,-0.007279634475708008
0.010482451878488064,-0.005269959568977356,-0.006044209003448486
0.01374486368149519,-0.004699826240539551,-0.0040444135665893555
0.01373857632279396,-0.0040668100118637085,-0.0013207197189331055
0.014474746771156788,-0.003906935453414917,0.0004936456680297852
0.015864510089159012,-0.006381630897521973,0.0014306902885437012
0.01949412375688553,-0.007430925965309143,0.002278149127960205
0.023257680237293243,-0.007592439651489258,0.0006333589553833008
0.02207820676267147,-0.009089231491088867,-0.003530740737915039
0.023382753133773804,-0.010236233472824097,-0.004848062992095947
0.02613328956067562,-0.010090693831443787,-0.007610321044921875
0.026155322790145874,-0.009712502360343933,-0.008352160453796387
0.02363387495279312,-0.009182393550872803,-0.008569598197937012
0.021945500746369362,-0.008454322814941406,-0.00870811939239502
0.024038752540946007,-0.00772114098072052,-0.008122622966766357
0.022982344031333923,-0.0066225528717041016,-0.005095958709716797
0.021568436175584793,-0.006277725100517273,-0.0029829740524291992
0.018704919144511223,-0.005763426423072815,-0.0006954669952392578
0.018925121054053307,-0.005065217614173889,0.00029855966567993164
0.02376747503876686,-0.004266142845153809,-8.779764175415039e-05
0.023101799190044403,-0.0032326430082321167,0.0018712282180786133
0.022260650992393494,-0.003249138593673706,0.002818167209625244
0.0228435005992651,-0.0059552788734436035,0.00487828254699707
0.020957015454769135,-0.008243411779403687,0.0023192167282104492
0.021435139700770378,-0.010594204068183899,-0.0012286901473999023
0.021160807460546494,-0.01249532401561737,-0.005571484565734863
0.01951741985976696,-0.013084173202514648,-0.01145261526107788
0.01969916746020317,-0.01178579032421112,-0.01520240306854248
0.020113863050937653,-0.008641600608825684,-0.015968680381774902
0.017981119453907013,-0.0066680908203125,-0.010680675506591797
0.017446547746658325,-0.00490744411945343,-0.005325675010681152
0.02205941267311573,-0.005472034215927124,4.982948303222656e-05
0.024301782250404358,-0.005572587251663208,0.005278229713439941
0.0215503741055727,-0.004196643829345703,0.00760495662689209
0.018036630004644394,-0.006166562438011169,0.005112886428833008
0.01667623780667782,-0.0071722716093063354,0.0009800195693969727
0.01771463267505169,-0.0064929574728012085,-0.003899097442626953
0.016553092747926712,-0.006855204701423645,-0.006563782691955566
0.01724608615040779,-0.007448315620422363,-0.00950080156326294
0.01899774558842182,-0.007709100842475891,-0.010345280170440674
0.02151571959257126,-0.007392972707748413,-0.009860217571258545
0.021432358771562576,-0.007354855537414551,-0.006663262844085693
0.02217911183834076,-0.007848426699638367,-0.003615438938140869
0.02445654198527336,-0.006688043475151062,-0.0008107423782348633
0.024630263447761536,-0.006646305322647095,0.0036410093307495117
0.022904258221387863,-0.005326569080352783,0.004552066326141357
0.021883394569158554,-0.0028949975967407227,0.006393790245056152
0.022972481325268745,-0.0028881877660751343,0.008934974670410156
0.018858693540096283,-0.0052462369203567505,0.011080622673034668
0.015424365177750587,-0.007321029901504517,0.010038256645202637
0.02110750786960125,-0.009347841143608093,0.0036458969116210938
0.024527866393327713,-0.009286820888519287,-0.003288447856903076
0.024891506880521774,-0.008420079946517944,-0.01053762435913086
0.024044189602136612,-0.008331522345542908,-0.014913201332092285
0.02540510892868042,-0.009314820170402527,-0.01725029945373535
0.025425812229514122,-0.009208470582962036,-0.017253756523132324
0.021758202463388443,-0.010256782174110413,-0.015265822410583496
0.02201905846595764,-0.010251730680465698,-0.015604853630065918
0.025021925568580627,-0.009298428893089294,-0.013509631156921387
0.02449868805706501,-0.008435606956481934,-0.008524537086486816
0.022673338651657104,-0.005948618054389954,-0.0045909881591796875
0.019377905875444412,-0.004468560218811035,-0.002225637435913086
0.017787180840969086,-0.0024156570434570312,0.00112152099609375
0.01653851754963398,0.0007478296756744385,0.004926502704620361
0.01523725688457489,0.0008938759565353394,0.007774829864501953
0.01684579998254776,-2.835690975189209e-05,0.007984161376953125
0.02264397218823433,-0.001082777976989746,0.007936358451843262
0.02839583344757557,-0.003880903124809265,0.0058013200759887695
0.028438158333301544,-0.00684453547000885,0.003633737564086914
0.025988955050706863,-0.009223788976669312,0.0002918839454650879
0.02744763344526291,-0.010622024536132812,-0.003098428249359131
0.02592034637928009,-0.011539489030838013,-0.005215585231781006
0.02346491441130638,-0.01207132637500763,-0.00760120153427124
0.017671329900622368,-0.012438073754310608,-0.009631156921386719
0.013250879943370819,-0.011058911681175232,-0.012374520301818848
0.009893378242850304,-0.011681035161018372,-0.014807939529418945
0.008048811927437782,-0.010244771838188171,-0.01536870002746582
0.006419441197067499,-0.00807906687259674,-0.013180673122406006
0.006518104113638401,-0.00492115318775177,-0.008831918239593506
0.006209915038198233,-0.00340917706489563,-0.0036824941635131836
0.006959131918847561,-0.0011821389198303223,0.002971947193145752
0.010677780024707317,-0.001849144697189331,0.006119132041931152
0.015504991635680199,-0.003139093518257141,0.009918272495269775
0.018064148724079132,-0.005200430750846863,0.008443593978881836
0.0221614558249712,-0.007137134671211243,0.0025849342346191406
0.02563358098268509,-0.007473185658454895,-0.003823399543762207
0.02695385366678238,-0.009052440524101257,-0.010059833526611328
0.025623556226491928,-0.009104982018470764,-0.01357567310333252
0.02484128065407276,-0.009411081671714783,-0.013362884521484375
0.023594561964273453,-0.009118661284446716,-0.009378552436828613
0.020554959774017334,-0.009058013558387756,-0.004296541213989258
0.01951006054878235,-0.0074026137590408325,-0.0004305839538574219
0.019625019282102585,-0.0052072107791900635,0.0011302828788757324
0.019577007740736008,-0.003548532724380493,0.002902209758758545
0.0165284164249897,-0.0023579299449920654,0.0037694573402404785
0.015070123597979546,-0.0040870606899261475,0.0011173486709594727
0.015009889379143715,-0.006737738847732544,-0.001578211784362793
0.013255070894956589,-0.006500735878944397,-0.004174470901489258
0.00960786547511816,-0.008617207407951355,-0.009051322937011719
0.009228037670254707,-0.01054006814956665,-0.013554811477661133
0.012087874114513397,-0.01038581132888794,-0.016728758811950684
0.01544814370572567,-0.00935034453868866,-0.016000986099243164
0.017300158739089966,-0.009419813752174377,-0.012521982192993164
0.016957160085439682,-0.007185071706771851,-0.004881024360656738
0.021181540563702583,-0.005015477538108826,0.0038546323776245117
0.02435307763516903,-0.0028156638145446777,0.012035191059112549
0.02570524252951145,-0.0008518248796463013,0.017185568809509277
0.02493017539381981,-0.0012308508157730103,0.01764923334121704
0.020854469388723373,-0.0033550262451171875,0.012727022171020508
0.017857622355222702,-0.004461318254470825,0.0022228360176086426
0.018257711082696915,-0.005762383341789246,-0.008289635181427002
0.0158782210201025,-0.008569121360778809,-0.01499319076538086
0.01527335774153471,-0.011123090982437134,-0.018549561500549316
0.01699727401137352,-0.011655718088150024,-0.020797014236450195
0.017115116119384766,-0.010647386312484741,-0.020787596702575684
0.01997755840420723,-0.008545249700546265,-0.016267061233520508
0.02324039861559868,-0.006572350859642029,-0.009613335132598877
0.0256248377263546,-0.005453780293464661,0.0006167888641357422
0.02633139118552208,-0.0038167834281921387,0.010303497314453125
0.021379750221967697,-0.005131453275680542,0.01620882749557495
0.014248945750296116,-0.005156874656677246,0.012675881385803223
0.011427943594753742,-0.006245210766792297,0.005120396614074707
0.008639435283839703,-0.005573168396949768,-0.00279998779296875
0.0059492578729987144,-0.005270034074783325,-0.01148378849029541
0.006554572843015194,-0.0039039701223373413,-0.014792323112487793
0.004156255163252354,-0.00482042133808136,-0.013912975788116455
0.0033249463886022568,-0.0038561373949050903,-0.007053852081298828
0.006383690983057022,-0.0010075122117996216,0.0026243925094604492
0.01564674638211727,-0.003171101212501526,0.013624131679534912
0.03578798100352287,-0.007111102342605591,0.029736995697021484
0.05521685257554054,-0.011648789048194885,0.0618901252746582
0.08218314498662949,-0.022625893354415894,0.11254322528839111
0.12702839076519012,-0.016560271382331848,0.20006543397903442
0.1676783561706543,0.019170522689819336,0.3765692710876465
0.23015737533569336,0.12337829172611237,0.6765360236167908
0.24789392948150635,0.30997931957244873,1.045535683631897
0.09068652242422104,0.5051894783973694,1.4889785051345825
-0.26679179072380066,0.5078475475311279,1.7997795343399048
-0.6182934045791626,0.5935333371162415,1.34147310256958
-0.7182605862617493,0.8189934492111206,0.6436815857887268
-0.7879172563552856,0.7925707101821899,0.2194458246231079
-0.7010807991027832,0.58037269115448,-0.05654644966125488
-0.5354984998703003,0.35411959886550903,-0.20996034145355225
-0.40867161750793457,0.21873754262924194,-0.18062269687652588
-0.2033415287733078,0.13718318939208984,-0.04653751850128174
-0.0010845810174942017,0.10370838642120361,0.1405026912689209
0.0500289648771286,0.08441424369812012,0.29946696758270264
0.020574674010276794,0.06060880422592163,0.38290733098983765
-0.013555645942687988,0.08038508892059326,0.37964850664138794
-0.08020609617233276,0.11581456661224365,0.2963884472846985
-0.13642732799053192,0.13457471132278442,0.1470744013786316
-0.13088145852088928,0.160056471824646,-0.016904771327972412
-0.09705550968647003,0.16400718688964844,-0.13345849514007568
-0.05394831299781799,0.14498555660247803,-0.19124966859817505
0.019816607236862183,0.12379884719848633,-0.21796345710754395
0.09606271982192993,0.10331135988235474,-0.2324274182319641
0.1403813362121582,0.09746426343917847,-0.2134249210357666
0.14380961656570435,0.1038064956665039,-0.15251415967941284
0.12928271293640137,0.10797005891799927,-0.09555727243423462
0.10799378156661987,0.11198878288269043,-0.07546097040176392
0.07357555627822876,0.12009984254837036,-0.10270780324935913
0.05578604340553284,0.12420248985290527,-0.13391298055648804
0.03459686040878296,0.13070940971374512,-0.34950244426727295
0.06326335668563843,0.15668928623199463,-0.34439200162887573
0.10093739628791809,0.0551721453666687,-0.10817372798919678
0.17010822892189026,0.04863250255584717,-0.03685504198074341
0.23332756757736206,0.11961442232131958,-0.07977640628814697
0.2328011393547058,0.13274431228637695,-0.13780862092971802
0.19590619206428528,0.11829745769500732,-0.1820424199104309
0.14601677656173706,0.10066521167755127,-0.22453105449676514
0.11611512303352356,0.07619446516036987,-0.26050305366516113
0.08972331881523132,0.05417543649673462,-0.2976868152618408
-0.048890769481658936,0.0203821063041687,-0.49451151490211487
-0.060955584049224854,0.016556382179260254,-0.5494217276573181
0.0851503312587738,0.02518552541732788,-0.42713963985443115
0.20276951789855957,0.02729552984237671,-0.2841140031814575
0.2596244513988495,0.010036647319793701,-0.19870072603225708
0.33793577551841736,0.009400904178619385,-0.18220674991607666
0.28884223103523254,0.01890164613723755,-0.1894543170928955
0.13242262601852417,0.0001927018165588379,-0.19844084978103638
0.046846747398376465,0.008167862892150879,-0.11494565010070801
0.06055241823196411,0.11173075437545776,-0.468710333108902
0.09792459011077881,-0.01854044198989868,-0.6444302201271057
0.0282057523727417,-0.0515018105506897,-0.32145050168037415
0.08004075288772583,0.06012219190597534,-0.43723875284194946
0.04395592212677002,0.0005604028701782227,-0.230296790599823
-0.006101667881011963,0.05736058950424194,-0.08207756280899048
-0.05759558081626892,0.07228749990463257,0.10024604201316833
-0.09648963809013367,0.05525273084640503,0.1756628155708313
-0.09457722306251526,0.021825015544891357,0.062098562717437744
-0.017598122358322144,-0.0032582879066467285,-0.09401112794876099
0.04449421167373657,-0.03409463167190552,-0.22750511765480042
0.053585171699523926,-0.0775688886642456,-0.3254055082798004
0.10419538617134094,-0.11077660322189331,-0.31032657623291016
0.16031283140182495,-0.06731420755386353,0.09879690408706665
0.04194486141204834,0.086811363697052,-0.007764935493469238
-0.05773577094078064,-0.007945835590362549,-0.11710447072982788
-0.04333090782165527,-0.016457319259643555,-0.047037720680236816
-0.04689359664916992,0.0257415771484375,-0.036442577838897705
-0.10814103484153748,-0.01657050848007202,-0.06997621059417725
-0.09078341722488403,0.03058725595474243,-0.11773648858070374
-0.0368102490901947,0.04284012317657471,-0.1059805154800415
-0.016914933919906616,0.0047602057456970215,-0.05968230962753296
-0.002915501594543457,0.0006027817726135254,-0.05706220865249634
0.05595850944519043,0.035004258155822754,0.060113370418548584
0.11671262979507446,0.013410329818725586,0.23908400535583496
0.15389272570610046,-0.01092386245727539,0.2547760605812073
0.356000155210495,0.21810197830200195,-0.4419742226600647
0.31097695231437683,-0.311069130897522,-0.9004842638969421
0.3260263204574585,-0.4044857621192932,-0.5865756273269653
-0.13458600640296936,0.05092376470565796,-0.16938766837120056
-0.046327292919158936,0.05167871713638306,-0.16227662563323975
0.23089364171028137,-0.09595972299575806,-0.23709166049957275
0.3479369580745697,-0.06632024049758911,-0.21517634391784668
0.3459549844264984,-0.08485931158065796,-0.1016225814819336
0.3401425778865814,-0.07740044593811035,0.08205240964889526
0.34599608182907104,-0.08770519495010376,0.24430209398269653
0.305009126663208,-0.0847892165184021,0.2972481846809387
0.2250220775604248,-0.07615166902542114,0.24435019493103027
0.12661516666412354,-0.07301115989685059,0.13471722602844238
0.035976916551589966,-0.06090182065963745,0.0162508487701416
-0.04075857996940613,-0.04085731506347656,-0.08626818656921387
-0.0830886960029602,-0.03430497646331787,-0.1329745352268219
-0.08008882403373718,-0.029913246631622314,-0.12132826447486877
-0.0653802752494812,-0.012983441352844238,-0.0956704318523407
-0.052054524421691895,-0.0083199143409729,-0.06034532189369202
-0.010121062397956848,-0.013863682746887207,-0.025210916996002197
0.02905730903148651,-0.002713799476623535,-0.033467233180999756
0.047643646597862244,0.0061931610107421875,-0.071696937084198
0.06851015985012054,-0.0009059309959411621,-0.10598349571228027
0.07265496253967285,0.01257932186126709,-0.1544990837574005
0.028386056423187256,0.05339491367340088,-0.25288403034210205
-0.0644475668668747,0.08352929353713989,-0.3282166123390198
-0.11730852723121643,0.16707491874694824,-0.3545461893081665
-0.15599901974201202,0.13844317197799683,-0.3063790500164032
-0.15326745808124542,0.029755353927612305,-0.26775485277175903
-0.05322544276714325,0.06158357858657837,-0.29275763034820557
0.015610545873641968,0.042366981506347656,-0.3169139623641968
0.05120457708835602,0.03726756572723389,-0.30869776010513306
0.06082141399383545,0.04157823324203491,-0.28068476915359497
0.058333441615104675,0.04579740762710571,-0.2564694881439209
0.05387060344219208,0.06662851572036743,-0.2286229133605957
0.048674002289772034,0.07622635364532471,-0.18719500303268433
0.033519625663757324,0.08879870176315308,-0.17131149768829346
-0.011017277836799622,0.10271650552749634,-0.16043198108673096
-0.07604377716779709,0.12253892421722412,-0.12832540273666382
-0.1345425844192505,0.12873369455337524,-0.10208982229232788
-0.1670055091381073,0.13555055856704712,-0.10542631149291992
-0.1514260172843933,0.15064197778701782,-0.1293107271194458
-0.12100479006767273,0.15236115455627441,-0.13566094636917114
-0.09698840975761414,0.1468949317932129,-0.1215553879737854
-0.06157222390174866,0.1554226279258728,-0.10967010259628296
-0.0463087372481823,0.1529099941253662,-0.1084057092666626
-0.022723395377397537,0.15340930223464966,-0.09352916479110718
-0.011174311861395836,0.1470075249671936,-0.07850784063339233
-0.0182083360850811,0.13160568475723267,-0.07970786094665527
-0.0313456654548645,0.11979174613952637,-0.11599743366241455
-0.03814796358346939,0.1109466552734375,-0.17020952701568604
-0.03465446084737778,0.10107183456420898,-0.21813541650772095
-0.023899421095848083,0.09971410036087036,-0.24904096126556396
-0.014402749016880989,0.09498745203018188,-0.25298285484313965
-0.006444839760661125,0.08541899919509888,-0.2220175862312317
0.0117573793977499,0.08720892667770386,-0.18362867832183838
0.016856670379638672,0.10416579246520996,-0.14579474925994873
0.0036227088421583176,0.1278395652770996,-0.09215414524078369
-0.006230490282177925,0.15131890773773193,-0.018971264362335205
-0.010361158289015293,0.17822295427322388,0.05982547998428345
-0.025589309632778168,0.19240444898605347,0.14689594507217407
-0.016891129314899445,0.17502367496490479,0.2449650764465332
-0.013590995222330093,0.1668332815170288,0.3285113573074341
-0.023033171892166138,0.16774886846542358,0.38556957244873047
-0.04099193215370178,0.16135895252227783,0.4161650538444519
-0.06791089475154877,0.16668099164962769,0.4268394112586975
-0.09840527921915054,0.17541193962097168,0.4375333786010742
-0.13270673155784607,0.17226138710975647,0.4457518458366394
-0.12946587800979614,0.15237057209014893,0.43896257877349854
-0.11008818447589874,0.12762999534606934,0.3987387418746948
-0.09751002490520477,0.10166001319885254,0.3443310856819153
-0.09540397673845291,0.0742129385471344,0.29618000984191895
-0.07514515519142151,0.052318036556243896,0.2449566125869751
-0.04072976112365723,0.038179367780685425,0.1986919641494751
-0.03153327852487564,0.027453243732452393,0.15867459774017334
-0.034679561853408813,0.01921898126602173,0.11992752552032471
-0.02530381828546524,0.028042912483215332,0.08110463619232178
-0.023459449410438538,0.04406824707984924,0.06097078323364258
-0.03847534954547882,0.052592843770980835,0.049729347229003906
-0.046485960483551025,0.062473297119140625,0.02824866771697998
-0.059306785464286804,0.08173131942749023,-0.005439639091491699
-0.07208777964115143,0.10141775012016296,-0.04921180009841919
-0.07812917232513428,0.12394756078720093,-0.08889210224151611
-0.08461791276931763,0.15189534425735474,-0.12212425470352173
-0.052592337131500244,0.15805688500404358,-0.24744051694869995
0.24039004743099213,-0.22512298822402954,-0.3796696662902832
0.5571861267089844,-0.7495999336242676,0.09257245063781738
0.3917006254196167,-0.682807445526123,0.5419973731040955
0.4253425598144531,-0.20591899752616882,1.0439101457595825
0.5049424171447754,0.19082844257354736,1.2547515630722046
0.3621061146259308,0.2315872311592102,0.9323064088821411
0.07275667786598206,0.08846595883369446,0.45235931873321533
-0.09058623015880585,0.08844897150993347,0.1433337926864624
-0.1648988276720047,0.16345977783203125,-0.013074517250061035
-0.2076570689678192,0.22294896841049194,-0.1171410083770752
-0.22607509791851044,0.1793990135192871,-0.2132779359817505
-0.20051276683807373,0.13272517919540405,-0.24318397045135498
-0.14106038212776184,0.13105881214141846,-0.1987103819847107
-0.08596423268318176,0.10133612155914307,-0.11854255199432373
-0.04338674247264862,0.06089991331100464,-0.041321754455566406
0.0068577975034713745,0.0337408185005188,0.01988893747329712
0.06431958079338074,0.004210293292999268,0.06547403335571289
0.11177025735378265,-0.04414111375808716,0.08706963062286377
0.1394471824169159,-0.06346774101257324,0.07912683486938477
0.14535461366176605,-0.07295602560043335,0.036172449588775635
0.13267675042152405,-0.08510714769363403,-0.018109679222106934
0.10742643475532532,-0.0840943455696106,-0.0706639289855957
0.07658176124095917,-0.07435202598571777,-0.12218362092971802
0.03780856728553772,-0.07144701480865479,-0.16744112968444824
0.006892412900924683,-0.07504737377166748,-0.19347620010375977
-0.01190386712551117,-0.06418836116790771,-0.20385682582855225
-0.029712319374084473,-0.06634306907653809,-0.20123648643493652
-0.037829115986824036,-0.07130897045135498,-0.18425703048706055
-0.03803256154060364,-0.06209295988082886,-0.1557711362838745
-0.037671491503715515,-0.0540657639503479,-0.12163329124450684
-0.04344487190246582,-0.04564017057418823,-0.08104157447814941
-0.043938711285591125,-0.031238794326782227,-0.04572403430938721
-0.04259064793586731,-0.015351712703704834,-0.027817726135253906
-0.03905878961086273,-0.007966101169586182,-0.016647398471832275
-0.025162994861602783,0.0014612674713134766,-0.0069252848625183105
-0.014041095972061157,0.004629731178283691,0.003851771354675293
-0.004155576229095459,0.0037959814071655273,0.01405322551727295
0.007787823677062988,0.008185207843780518,0.023579835891723633
0.018854036927223206,0.010314583778381348,0.030394375324249268
0.026839643716812134,0.0077661871910095215,0.034661948680877686
0.02954120934009552,0.010599911212921143,0.04078584909439087
0.025410547852516174,0.011833906173706055,0.041268110275268555
0.018877625465393066,0.013533473014831543,0.036551833152770996
0.015237733721733093,0.017632484436035156,0.028100967407226562
0.013681083917617798,0.01671779155731201,0.016940295696258545
0.012313738465309143,0.015438973903656006,0.006519317626953125
0.01496686041355133,0.010618448257446289,-0.002282381057739258
0.02037663757801056,0.006998896598815918,-0.011391401290893555
0.026270359754562378,0.005494117736816406,-0.019671976566314697
0.03158213198184967,0.00023674964904785156,-0.0278548002243042
0.03324368596076965,-0.007771670818328857,-0.030374646186828613
0.03705425560474396,-0.012408196926116943,-0.03102278709411621
0.04197697341442108,-0.01430588960647583,-0.030633270740509033
0.044371068477630615,-0.01338130235671997,-0.03223562240600586
0.03994953632354736,-0.0107879638671875,-0.02917611598968506
0.03450794517993927,-0.009558320045471191,-0.02696281671524048
0.03112320601940155,-0.009195864200592041,-0.024520158767700195
0.02904514968395233,-0.007162213325500488,-0.023472130298614502
0.024286121129989624,-0.0022081732749938965,-0.02136528491973877
0.021029874682426453,-0.0008355379104614258,-0.019604146480560303
0.0158374160528183,-0.003470778465270996,-0.01590871810913086
0.017414256930351257,-0.0007141828536987305,-0.009456515312194824
0.019959241151809692,0.004240214824676514,0.0006300210952758789
0.020877063274383545,0.005187034606933594,0.01108694076538086
0.023169398307800293,0.007795870304107666,0.022729039192199707
0.024452045559883118,0.012030482292175293,0.031517624855041504
0.024295926094055176,0.01193392276763916,0.0375978946685791
0.02135254442691803,0.011498570442199707,0.0388331413269043
0.01799595355987549,0.013523697853088379,0.037966132164001465
0.016777321696281433,0.015111684799194336,0.03196197748184204
0.012511774897575378,0.013671338558197021,0.026133298873901367
0.009389802813529968,0.011254429817199707,0.019542932510375977
0.007985278964042664,0.00893700122833252,0.010827302932739258
0.006386935710906982,0.006745278835296631,0.0015584230422973633
0.007085546851158142,0.0030159950256347656,-0.00459897518157959
0.007697641849517822,-0.001380622386932373,-0.009006321430206299
0.01100611686706543,-0.006415426731109619,-0.014432132244110107
0.016346469521522522,-0.005859673023223877,-0.019161701202392578
0.01848679780960083,-0.00493466854095459,-0.02197706699371338
0.017099440097808838,-0.007002651691436768,-0.02217888832092285
0.017716288566589355,-0.008264601230621338,-0.02267533540725708
0.018825054168701172,-0.006681561470031738,-0.02181190252304077
0.01871679723262787,-0.004773318767547607,-0.020559489727020264
0.016105636954307556,-0.006784260272979736,-0.01622748374938965
0.016730815172195435,-0.0077078938484191895,-0.013852715492248535
0.015537068247795105,-0.0043964385986328125,-0.012662351131439209
0.012018755078315735,-0.0028886795043945312,-0.013027191162109375
0.008122265338897705,-0.002421557903289795,-0.010701656341552734
0.008262291550636292,-0.0004259347915649414,-0.010282158851623535
0.007424965500831604,0.0006965994834899902,-0.007995903491973877
0.00971098244190216,-0.0008123517036437988,-0.006471753120422363
0.0135936439037323,-0.0002525448799133301,-0.0065100789070129395
0.017273634672164917,-0.0019663572311401367,-0.004281580448150635
0.017801016569137573,-0.0053397417068481445,-0.004116177558898926
0.016522586345672607,-0.00429844856262207,-0.005577385425567627
0.014296278357505798,-0.0028485655784606934,-0.00909954309463501
0.01103411614894867,-0.004991292953491211,-0.013338088989257812
0.013258382678031921,-0.006341159343719482,-0.01805126667022705
0.018310844898223877,-0.0038138628005981445,-0.020461559295654297
0.02169167995452881,-0.002712428569793701,-0.021608471870422363
0.024295583367347717,-0.0008023381233215332,-0.01684015989303589
0.027755796909332275,0.001188039779663086,-0.010976076126098633
0.02965572476387024,-0.00014972686767578125,-0.005185365676879883
0.030441567301750183,0.0018566250801086426,-4.214048385620117e-05
0.026696786284446716,0.0020698904991149902,0.00915837287902832
0.019131287932395935,-0.0030210018157958984,0.015110671520233154
0.00785142183303833,-0.006801903247833252,0.015074610710144043
-0.005414620041847229,-0.004631757736206055,0.011004984378814697
-0.018209397792816162,-0.0043250322341918945,0.004556417465209961
-0.023014336824417114,-0.0032955408096313477,-0.0006577372550964355
-0.02651354670524597,0.0021724700927734375,-0.0025020837783813477
-0.027217835187911987,0.00532001256942749,0.000778496265411377
-0.02260822057723999,0.009793400764465332,0.00745624303817749
-0.01526176929473877,0.01678532361984253,0.020843923091888428
-0.012311816215515137,0.02008157968521118,0.03689014911651611
-0.009790301322937012,0.018423497676849365,0.05180168151855469
-0.0022763609886169434,0.016099214553833008,0.05512744188308716
0.008884549140930176,0.015546143054962158,0.04660981893539429
0.01868295669555664,0.014075279235839844,0.03152871131896973
0.026180297136306763,0.010639488697052002,0.014130353927612305
0.031777024269104004,0.007207691669464111,-0.003462374210357666
0.0369907021522522,0.004577219486236572,-0.020470738410949707
0.04435107111930847,0.0011496543884277344,-0.03431558609008789
0.04959109425544739,-0.004885613918304443,-0.04424631595611572
0.052711695432662964,-0.012705445289611816,-0.050341129302978516
0.0575525164604187,-0.013470292091369629,-0.0558738112449646
0.05932548642158508,-0.009538650512695312,-0.05816340446472168
0.0579066276550293,-0.008282363414764404,-0.05615639686584473
0.0575539767742157,-0.004318296909332275,-0.051733970642089844
0.056935787200927734,-0.0007634162902832031,-0.040670692920684814
0.05218800902366638,0.0022563934326171875,-0.022762060165405273
0.04634454846382141,0.00343167781829834,-0.0035384297370910645
0.04276421666145325,0.004461109638214111,0.011776924133300781
0.037821948528289795,0.005239963531494141,0.020251870155334473
0.0322721004486084,0.00627899169921875,0.019727468490600586
0.02757406234741211,0.006297707557678223,0.014248967170715332
0.023044228553771973,0.006680548191070557,0.0034173130989074707
0.021483898162841797,0.005626320838928223,-0.006457865238189697
0.019309550523757935,0.006262302398681641,-0.009159266948699951
0.012942612171173096,0.0016304850578308105,-0.00837939977645874
0.010427087545394897,0.0007436871528625488,-0.006081283092498779
0.008782714605331421,0.0038019418716430664,-0.0034638047218322754
0.009133636951446533,0.004861295223236084,-0.0026561617851257324
0.008518397808074951,0.0031412243843078613,-0.002541840076446533
0.01154431700706482,0.002029597759246826,-0.0012050867080688477
0.01187869906425476,-0.00036388635635375977,-0.0006821155548095703
0.011124283075332642,-0.0052408576011657715,-0.0022749900817871094
0.010624617338180542,-0.005070030689239502,-0.00429379940032959
0.008657991886138916,-0.007152378559112549,-0.010210573673248291
0.005127131938934326,-0.009760677814483643,-0.01676762104034424
0.004965782165527344,-0.01015406847000122,-0.02641516923904419
0.006336182355880737,-0.009154438972473145,-0.03373253345489502
0.006285995244979858,-0.008204221725463867,-0.035839200019836426
0.004033535718917847,-0.01155012845993042,-0.031291961669921875
0.0006694793701171875,-0.016630053520202637,-0.02569282054901123
-0.003331422805786133,-0.01904475688934326,-0.02408003807067871
-0.007030189037322998,-0.015430867671966553,-0.029403209686279297
-0.008765995502471924,-0.008889555931091309,-0.034444332122802734
-0.010027647018432617,-0.004231691360473633,-0.03581857681274414
-0.008384346961975098,0.0007030367851257324,-0.03153449296951294
-0.007966190576553345,0.00045603513717651367,-0.01821267604827881
-0.011061787605285645,-0.0034242868423461914,-0.007414460182189941
-0.0097694993019104,-0.0016012787818908691,-0.0010962486267089844
-0.00722116231918335,0.0006502270698547363,-0.0035142898559570312
-0.006342500448226929,0.004145383834838867,-0.010750055313110352
-0.005427509546279907,0.007823705673217773,-0.014488637447357178
-0.00022998452186584473,0.008552730083465576,-0.010400831699371338
0.0059424638748168945,0.007051527500152588,0.0007897615432739258
0.011132687330245972,0.004196465015411377,0.014105141162872314
0.017590641975402832,0.0025237202644348145,0.024236202239990234
0.02268478274345398,0.00148087739944458,0.027056217193603516
0.0296667218208313,0.0011805891990661621,0.02348923683166504
0.035113364458084106,0.0019238591194152832,0.01979207992553711
0.03630289435386658,0.0041016340255737305,0.016299188137054443
0.03030356764793396,0.004576206207275391,0.01618868112564087
0.026376456022262573,0.003701150417327881,0.02133697271347046
0.022587835788726807,0.004238784313201904,0.022122681140899658
0.02289620041847229,0.00341033935546875,0.02109086513519287
0.020818501710891724,0.0017150640487670898,0.019620299339294434
0.01846069097518921,0.0033197402954101562,0.015431404113769531
0.020259737968444824,0.0030717849731445312,0.008256256580352783
0.022386372089385986,0.0031651854515075684,0.0027486085891723633
0.023308277130126953,0.002162456512451172,0.0028203725814819336
0.022882014513015747,0.0015132427215576172,-0.0008370280265808105
0.01894339919090271,0.00596010684967041,-0.002448558807373047
0.016012877225875854,0.008375942707061768,-0.0009221434593200684
0.013090819120407104,0.00793302059173584,0.003910422325134277
0.012774407863616943,0.0074378252029418945,0.007543683052062988
0.010878533124923706,0.005730271339416504,0.00869297981262207
0.008236289024353027,0.0038350820541381836,0.006939232349395752
0.004504024982452393,0.0010208487510681152,-0.00246351957321167
0.001850515604019165,-0.0025913119316101074,-0.01444089412689209
0.002440840005874634,-0.006088435649871826,-0.027948498725891113
0.003091871738433838,-0.010436475276947021,-0.04060196876525879
0.0025004446506500244,-0.012486159801483154,-0.05137896537780762
0.00475078821182251,-0.0122031569480896,-0.057898521423339844
0.010862529277801514,-0.010724425315856934,-0.05622565746307373
0.017901510000228882,-0.00930243730545044,-0.04864847660064697
0.022906780242919922,-0.008749306201934814,-0.03746253252029419
0.027473658323287964,-0.009761214256286621,-0.025406360626220703
0.031755268573760986,-0.007735848426818848,-0.019541561603546143
0.033690690994262695,-0.007239401340484619,-0.0142439603805542
0.03243282437324524,-0.008836507797241211,-0.012567222118377686
0.031513988971710205,-0.008626043796539307,-0.014985859394073486
0.03281289339065552,-0.005275070667266846,-0.023158013820648193
0.03132903575897217,-0.0032113194465637207,-0.029408931732177734
0.03382185101509094,0.0002002716064453125,-0.03178161382675171
0.03619188070297241,0.001350998878479004,-0.028539299964904785
0.03849691152572632,-0.004110991954803467,-0.022802650928497314
0.04288700222969055,-0.00560915470123291,-0.013511419296264648
0.04365706443786621,-0.002176225185394287,-0.005634427070617676
0.04028785228729248,-0.003369450569152832,-0.002591729164123535
0.033727675676345825,-0.0033813118934631348,-0.0031668543815612793
0.029177457094192505,-0.00386810302734375,-0.010707497596740723
0.02695693075656891,-0.00586855411529541,-0.017930567264556885
0.02727629244327545,-0.006863653659820557,-0.023536384105682373
0.02736504375934601,-0.0016761422157287598,-0.02731907367706299
0.021462231874465942,-0.00028389692306518555,-0.02705538272857666
0.024288460612297058,-0.002233266830444336,-0.02229517698287964
0.022932708263397217,0.0006014704704284668,-0.016302108764648438
0.02221381664276123,0.0016885995864868164,-0.007407069206237793
0.021377161145210266,0.0003846287727355957,0.002177298069000244
0.015967413783073425,0.0010709762573242188,0.004795670509338379
0.010024309158325195,0.001785874366760254,0.002652466297149658
0.009920746088027954,0.004359900951385498,0.00048673152923583984
0.007125407457351685,0.00406956672668457,-0.002068161964416504
0.002575978636741638,0.004509985446929932,0.0025888681411743164
-0.0006943345069885254,0.006124556064605713,0.010136902332305908
-0.0020934194326400757,0.005598545074462891,0.018840789794921875
-0.0011010468006134033,0.004782974720001221,0.022987782955169678
-8.130073547363281e-05,0.006187856197357178,0.027199864387512207
-0.002433210611343384,0.005794495344161987,0.032121241092681885
-0.0037534385919570923,0.005964189767837524,0.029281437397003174
-0.004503041505813599,0.005847662687301636,0.022062957286834717
-0.0017492473125457764,0.006110936403274536,0.012583673000335693
0.0015122294425964355,0.005017906427383423,0.0022736787796020508
0.006511509418487549,0.0036208927631378174,-0.0024598240852355957
0.011102020740509033,0.00015980005264282227,-0.003567934036254883
0.013318836688995361,-0.0028258860111236572,-0.002195596694946289
0.015540063381195068,-0.004379630088806152,-0.002852201461791992
0.019343629479408264,-0.005284696817398071,-0.004357635974884033
0.02261301875114441,-0.005414247512817383,-0.006483137607574463
0.02641938626766205,-0.004818707704544067,-0.007859587669372559
0.030287235975265503,-0.005330324172973633,-0.0056917667388916016
0.026895031332969666,-0.0050431787967681885,-0.006612420082092285
0.019918397068977356,-0.004525512456893921,-0.016517341136932373
0.019234374165534973,-0.0025121569633483887,-0.035923004150390625
0.021435320377349854,-0.0023863017559051514,-0.04845786094665527
0.02085457742214203,-0.006085872650146484,-0.048253774642944336
0.01854628324508667,-0.01026993989944458,-0.04230034351348877
0.013683497905731201,-0.011590391397476196,-0.03241819143295288
0.012072235345840454,-0.011852174997329712,-0.021200835704803467
0.01889975368976593,-0.011095046997070312,-0.01054525375366211
0.03933246433734894,-0.007280826568603516,0.008735716342926025
0.05985315144062042,-0.005363553762435913,0.039993345737457275
0.05395576357841492,-0.009936541318893433,0.06239593029022217
0.03944215178489685,-0.005947738885879517,0.058851659297943115
0.02770136296749115,0.007273733615875244,0.028486132621765137
0.020830318331718445,0.008114427328109741,0.002843499183654785
0.04119779169559479,0.009222954511642456,-0.0010813474655151367
0.07285544276237488,0.010376036167144775,0.019487082958221436
0.09471523761749268,0.0006412863731384277,0.06648647785186768
0.10949382185935974,-0.012641072273254395,0.12054330110549927
0.10553231835365295,-0.01487421989440918,0.17428386211395264
0.09224508702754974,-0.0009300410747528076,0.21725881099700928
0.1129261702299118,0.09751006960868835,0.0751846432685852
0.0775420069694519,0.10867643356323242,-0.04433494806289673
-0.09867791831493378,-0.03511309623718262,0.0949864387512207
-0.18540151417255402,-0.0696977972984314,0.15112048387527466
-0.14558055996894836,0.01947784423828125,0.10575789213180542
-0.07082156836986542,0.08195531368255615,0.03612494468688965
-0.022759780287742615,0.07977855205535889,-0.010458052158355713
-0.009150668978691101,0.05754774808883667,-0.03297722339630127
-0.023437976837158203,0.03612840175628662,-0.041922807693481445
-0.022906184196472168,0.025944292545318604,-0.05614638328552246
-0.010196477174758911,0.008103132247924805,-0.056161701679229736
0.02191615104675293,0.011657536029815674,-0.058176398277282715
0.056858569383621216,0.018467366695404053,-0.05930674076080322
0.06772838532924652,0.01693493127822876,-0.06503045558929443
0.048628777265548706,0.011906147003173828,-0.07331883907318115
0.01592475175857544,-0.0004191398620605469,-0.08135700225830078
-0.007786214351654053,-0.006110012531280518,-0.0963318943977356
-0.008882716298103333,0.015108227729797363,-0.11609256267547607
-0.0062638819217681885,0.04750436544418335,-0.13149333000183105
-0.010324835777282715,0.024668753147125244,-0.1330382227897644
-0.14357277750968933,-0.033944666385650635,-0.13574504852294922
-0.3245151937007904,-0.1030353307723999,-0.09519726037979126
-0.11160534620285034,0.03629708290100098,-0.05945795774459839
0.015442699193954468,0.07231289148330688,-0.023652613162994385
0.025326982140541077,-0.004493415355682373,0.033727169036865234
0.05886584520339966,-0.019594907760620117,0.07798576354980469
0.09232248365879059,0.0017850399017333984,0.09685641527175903
0.09658804535865784,0.0022936463356018066,0.09423035383224487
0.07993508875370026,-0.011633336544036865,0.0802716612815857
0.0741405338048935,-0.009475648403167725,0.061475396156311035
0.07738372683525085,-0.013780295848846436,0.04113811254501343
0.07503940165042877,-0.01348257064819336,0.012111783027648926
0.06656086444854736,-0.0014227032661437988,-0.023052692413330078
0.05775803327560425,0.009223699569702148,-0.05037248134613037
0.054514288902282715,0.023429274559020996,-0.0578230619430542
0.05340583622455597,0.019236087799072266,-0.054829537868499756
0.060911744832992554,0.02435314655303955,-0.05318713188171387
0.08129699528217316,0.038685142993927,-0.05032026767730713
0.0934847891330719,0.03568357229232788,-0.04070734977722168
0.12113144993782043,0.023386716842651367,-0.010606586933135986
0.18654315173625946,0.05455172061920166,0.02603292465209961
0.45520102977752686,0.39121657609939575,-0.0019266605377197266
0.3608535826206207,0.1760922074317932,0.019208312034606934
-0.17103180289268494,-0.2332668900489807,0.06450432538986206
-0.4060935974121094,-0.31397783756256104,0.05227982997894287
-0.34838950634002686,-0.20475530624389648,-0.006402850151062012
-0.16497984528541565,0.0005673766136169434,-0.0672382116317749
-0.03584471344947815,0.10757046937942505,-0.0936894416809082
-0.005565285682678223,0.0773194432258606,-0.08117800951004028
0.0032330304384231567,0.016194641590118408,-0.028927385807037354
0.041125521063804626,-0.016631126403808594,0.02009141445159912
0.07310104370117188,-0.030369043350219727,0.058306097984313965
0.0688006728887558,-0.033011674880981445,0.08516597747802734
0.04236714541912079,-0.03713250160217285,0.08693528175354004
0.003423355519771576,-0.047502219676971436,0.06961530447006226
-0.008637361228466034,-0.03720623254776001,-0.018315017223358154
-0.007692784070968628,-0.008092105388641357,-0.10830408334732056
-0.030164144933223724,0.0036092400550842285,-0.13352370262145996
-0.05958721786737442,-0.004988253116607666,-0.12632417678833008
-0.04895082116127014,-0.012767672538757324,-0.11470925807952881
-0.0011549219489097595,-0.0178261399269104,-0.08203142881393433
0.02676665037870407,-0.023532748222351074,-0.03099280595779419
0.027733013033866882,-0.02036064863204956,0.012166142463684082
0.014014795422554016,-0.013809680938720703,0.036315202713012695
0.006900854408740997,-0.005261898040771484,0.04325979948043823
0.0031292960047721863,0.0029018521308898926,0.03930044174194336
-0.009535938501358032,0.00679171085357666,0.0213736891746521
-0.024876095354557037,0.009860873222351074,-0.005024731159210205
-0.017558664083480835,0.01478874683380127,-0.021651506423950195
-0.010637335479259491,0.012804687023162842,-0.02871119976043701
-0.004140399396419525,0.005875110626220703,-0.024747788906097412
0.004724375903606415,-0.0009599924087524414,-0.01757228374481201
0.015549853444099426,-0.003879845142364502,-0.012270987033843994
0.02185172587633133,-0.006103336811065674,-0.012593388557434082
0.033415935933589935,-0.003434419631958008,-0.006168842315673828
0.05454454571008682,-0.001955568790435791,0.019889771938323975
0.06839488446712494,-0.007736146450042725,0.05588573217391968
0.05902130901813507,-0.011641442775726318,0.07631266117095947
0.04786541312932968,-0.0043503642082214355,0.06351494789123535
0.03539872169494629,0.006781935691833496,0.03142857551574707
0.019080035388469696,0.011479675769805908,0.0007488727569580078
0.008347578346729279,0.007929503917694092,-0.017906546592712402
0.004977650940418243,0.00989919900894165,-0.02884984016418457
0.054835595190525055,0.04401087760925293,-0.03551095724105835
0.055794306099414825,0.04871910810470581,-0.03741258382797241
-0.06380229443311691,-0.05958712100982666,-0.014526009559631348
0.003968194127082825,-0.030073046684265137,-0.008662760257720947
0.027009092271327972,-0.004006505012512207,-0.004530012607574463
0.06567935645580292,0.0018973350524902344,0.005015850067138672
0.06977290660142899,0.0046773552894592285,0.01584535837173462
0.03424554318189621,-0.009407639503479004,0.014108538627624512
-0.018264859914779663,-0.03111511468887329,0.005664050579071045
-0.015136480331420898,-0.015323400497436523,-0.005052685737609863
0.0017732009291648865,0.006333887577056885,-0.013450205326080322
-0.006647184491157532,-0.0021134018898010254,-0.007031083106994629
0.002631083130836487,0.0019235610961914062,0.0039746761322021484
0.0035452842712402344,0.0074114203453063965,0.011999249458312988
-0.0026757419109344482,0.00237119197845459,0.01816260814666748
-0.013573043048381805,-0.005371570587158203,0.017650723457336426
-0.0047074854373931885,0.0019164085388183594,0.01144552230834961
0.00814829021692276,0.008643507957458496,0.004805803298950195
0.01401112973690033,0.00897514820098877,0.0017603039741516113
0.026909738779067993,0.0158083438873291,-0.0005941390991210938
0.037988610565662384,0.018914997577667236,0.00040906667709350586
0.001977182924747467,-0.009400129318237305,0.0062615275382995605
-0.0031690746545791626,-0.01092517375946045,0.0010436773300170898
0.006435506045818329,0.0010189414024353027,-0.006048679351806641
0.006719619035720825,0.00014662742614746094,-0.007528066635131836
-0.002781026065349579,-0.009586751461029053,-0.015417933464050293
-0.00012172013521194458,-0.004842877388000488,-0.018294453620910645
0.003093406558036804,-0.007845520973205566,-0.01806509494781494
0.018258795142173767,-0.007647275924682617,-0.01956862211227417
0.032351501286029816,-0.009154438972473145,-0.016000866889953613
0.037474289536476135,-0.014227211475372314,-0.011182904243469238
0.03292307257652283,-0.015604674816131592,-0.009148597717285156
0.032069429755210876,-0.009978175163269043,-0.008048713207244873
0.028096415102481842,-0.006795287132263184,-0.007090270519256592
0.018195249140262604,-0.007089138031005859,-0.01273733377456665
0.011400662362575531,-0.00405728816986084,-0.016938745975494385
0.015878111124038696,-0.0025902390480041504,-0.012881278991699219
0.023876339197158813,-0.002099275588989258,-0.0007191896438598633
0.026888683438301086,-0.0041806697845458984,0.012392282485961914
0.02267376333475113,-0.002933681011199951,0.0185510516166687
0.01623421162366867,0.0013833045959472656,0.01392817497253418
0.010686174035072327,0.002634286880493164,0.005177557468414307
0.007139243185520172,0.00770258903503418,0.0020528435707092285
0.002255469560623169,0.006228923797607422,0.0005516409873962402
0.007399700582027435,0.00266343355178833,0.003491997718811035
0.014648064970970154,0.004044175148010254,0.006218433380126953
0.0019398704171180725,-0.0009962916374206543,0.004083395004272461
-0.004040911793708801,-0.00461578369140625,-0.00035452842712402344
0.0038111507892608643,0.0028132200241088867,-0.0069092512130737305
0.00477328896522522,0.007004499435424805,-0.013371944427490234
0.004455670714378357,0.0010014772415161133,-0.01825416088104248
0.00446733832359314,-0.0034661293029785156,-0.019654512405395508
0.008186116814613342,-0.0035101771354675293,-0.01879727840423584
0.012861184775829315,-0.005298614501953125,-0.01758742332458496
0.012659147381782532,-0.008316397666931152,-0.023089468479156494
0.026828117668628693,-0.01455146074295044,-0.026964306831359863
0.04719717800617218,-0.020663857460021973,-0.02509915828704834
0.05116063356399536,-0.024865150451660156,-0.026495754718780518
0.051150426268577576,-0.023607075214385986,-0.030189096927642822
0.05057241767644882,-0.01927119493484497,-0.03359347581863403
0.043343670666217804,-0.016315698623657227,-0.030589044094085693
0.03214043751358986,-0.012525558471679688,-0.027463316917419434
0.02230345457792282,-0.006342172622680664,-0.025744497776031494
0.01474650576710701,-0.003185570240020752,-0.02588135004043579
0.011061958968639374,-0.0017592906951904297,-0.021426022052764893
0.008367836475372314,-0.0019012093544006348,-0.010715365409851074
-9.538605809211731e-05,-0.0029401779174804688,-0.003976941108703613
-0.013102762401103973,-0.001818835735321045,-0.007597208023071289
-0.022198796272277832,0.0004290342330932617,-0.0185697078704834
-0.022803321480751038,-0.00039464235305786133,-0.036139726638793945
-0.01148919016122818,-0.004613935947418213,-0.04372203350067139
0.018768996000289917,-0.008931219577789307,-0.022050917148590088
0.07175469398498535,-0.0180475115776062,0.033344149589538574
0.1324380338191986,-0.033171385526657104,0.11657476425170898
0.17617397010326385,-0.04303109645843506,0.201399564743042
0.1638650745153427,-0.03566679358482361,0.2224355936050415
0.10883527249097824,-0.01452493667602539,0.16857272386550903
0.03673522174358368,0.014497339725494385,0.07763314247131348
-0.02439216710627079,0.03943103551864624,-0.020328998565673828
-0.06473684310913086,0.05246537923812866,-0.09545952081680298
-0.08353474736213684,0.04970449209213257,-0.14307677745819092
-0.08973781019449234,0.04015094041824341,-0.1640186905860901
-0.0811944380402565,0.030206799507141113,-0.16310268640518188
-0.06321271508932114,0.01536417007446289,-0.13968181610107422
-0.0427665039896965,-0.007126331329345703,-0.09917473793029785
-0.017305346205830574,-0.024120092391967773,-0.05840641260147095
0.006340818479657173,-0.027942776679992676,-0.026026785373687744
0.01954934559762478,-0.02796071767807007,-0.003679931163787842
0.022347640246152878,-0.02491852641105652,0.0063953399658203125
0.019526375457644463,-0.01727116107940674,0.005381345748901367
0.013476086780428886,-0.008038163185119629,0.0036592483520507812
0.00991876795887947,-0.0037581920623779297,-0.0005601644515991211
0.005371470935642719,0.0017659962177276611,-0.007569313049316406
-0.00120594073086977,0.0041748881340026855,-0.014275193214416504
-0.006889405660331249,0.004623532295227051,-0.022531449794769287
-0.004080657847225666,0.005486011505126953,-0.023159027099609375
0.006134300492703915,0.0009363293647766113,-0.013227224349975586
0.01297612115740776,-0.0041960179805755615,-0.003309965133666992
0.020313389599323273,-0.0066152215003967285,0.00658571720123291
0.028129512444138527,-0.008532553911209106,0.01465749740600586
0.03531588613986969,-0.010334372520446777,0.025301575660705566
0.04735519364476204,-0.009739339351654053,0.03901314735412598
0.046527162194252014,-0.010492384433746338,0.04411768913269043
0.03914446011185646,-0.008245289325714111,0.03731369972229004
0.03340277820825577,-0.0047470927238464355,0.026084065437316895
0.02267984114587307,-0.0022017061710357666,0.010532259941101074
0.01141874585300684,-0.00015339255332946777,-0.00644916296005249
0.008016004227101803,0.0016981959342956543,-0.017354488372802734
0.011371435597538948,0.0005380213260650635,-0.01938760280609131
0.020599687471985817,-0.0011840462684631348,-0.006834745407104492
0.03897876292467117,-0.0006673634052276611,0.025726675987243652
0.0805349349975586,-0.004927486181259155,0.09186971187591553
0.10859635472297668,-0.010799556970596313,0.17032325267791748
0.10484471172094345,-0.004793137311935425,0.22805166244506836
0.08467432111501694,0.009231001138687134,0.24851512908935547
0.03530588746070862,0.023753434419631958,0.1962263584136963
-0.019384820014238358,0.04113587737083435,0.09821689128875732
-0.051321953535079956,0.06346830725669861,0.0028344392776489258
-0.06501289457082748,0.06343486905097961,-0.0767412781715393
-0.07210107892751694,0.04864358901977539,-0.13088345527648926
-0.061886999756097794,0.03562095761299133,-0.14925098419189453
-0.03397757187485695,0.021479040384292603,-0.13030803203582764
-0.006397902965545654,-0.002625018358230591,-0.08272218704223633
0.014136376790702343,-0.028007447719573975,-0.03053492307662964
0.037939153611660004,-0.03786584734916687,0.009451985359191895
0.03915880247950554,-0.04095882177352905,0.01812446117401123
0.032743409276008606,-0.03981500864028931,-0.002131938934326172
0.019465651363134384,-0.03088003396987915,-0.03601795434951782
-0.0015461072325706482,-0.018972009420394897,-0.07255387306213379
-0.018221203237771988,-0.009339720010757446,-0.10284113883972168
-0.02683054283261299,-0.0044494569301605225,-0.12086784839630127
-0.024351365864276886,-0.0024096667766571045,-0.11854279041290283
-0.012380044907331467,-0.006363958120346069,-0.09489214420318604
0.004289713688194752,-0.015248358249664307,-0.060129523277282715
0.02153945155441761,-0.019332677125930786,-0.024546027183532715
0.03305599465966225,-0.016555309295654297,0.00463557243347168
0.03782995045185089,-0.012795984745025635,0.033962130546569824
0.03341468423604965,-0.0052252113819122314,0.05494511127471924
0.018948009237647057,0.004559367895126343,0.05897700786590576
0.0016066152602434158,0.014415860176086426,0.04710865020751953
-0.007911114022135735,0.02029740810394287,0.027518868446350098
-0.008569858968257904,0.021216243505477905,0.006797194480895996
-0.0030976105481386185,0.018729746341705322,-0.00584256649017334
0.010555729269981384,0.0472678542137146,-0.022237181663513184
0.013511454686522484,0.06159627437591553,-0.02930164337158203
-0.02370305173099041,-0.06213340163230896,0.015946149826049805
0.0002572331577539444,-0.03714492917060852,0.029264450073242188
0.04860254377126694,0.013890832662582397,0.03557717800140381
0.0394093319773674,-0.0068797767162323,0.035955965518951416
0.017204243689775467,-0.02129077911376953,0.024049103260040283
0.016630133613944054,-0.010084807872772217,-0.0037806034088134766
0.01658826693892479,-0.000418245792388916,-0.029904961585998535
0.015417528338730335,-0.005313456058502197,-0.04313254356384277
0.015923283994197845,-0.005843639373779297,-0.041230201721191406
0.010546443983912468,-0.0036388039588928223,-0.03000175952911377
0.00758112408220768,-0.004024386405944824,-0.015657484531402588
0.01062826719135046,-0.002660125494003296,-0.002655625343322754
0.015342851169407368,-0.0015319883823394775,0.005088150501251221
0.017999548465013504,0.001850515604019165,0.013549208641052246
0.020357731729745865,0.01242893934249878,0.03678297996520996
0.019850078970193863,0.0036677122116088867,0.062035322189331055
0.015828168019652367,-0.0006522238254547119,0.0526118278503418
0.021156087517738342,0.010319024324417114,0.038460612297058105
0.019480839371681213,0.01339191198348999,0.022082924842834473
0.007743360474705696,0.007152467966079712,0.0017712116241455078
0.0026875678449869156,0.004061788320541382,-0.0184628963470459
0.0040329452604055405,0.0011307299137115479,-0.03310227394104004
0.004083951935172081,-0.007680147886276245,-0.038054585456848145
0.005487857386469841,-0.015780329704284668,-0.039019227027893066
0.012983446940779686,-0.018484801054000854,-0.04051613807678223
0.019414059817790985,-0.023556262254714966,-0.044300198554992676
0.027682896703481674,-0.027242451906204224,-0.04262727499008179
0.03351464495062828,-0.023440450429916382,-0.03372544050216675
0.032552167773246765,-0.015630632638931274,-0.01595127582550049
0.013811573386192322,-0.009454965591430664,-0.0074890851974487305
-0.0038876160979270935,-0.004563570022583008,-0.0062705278396606445
-0.01497028861194849,0.0004481077194213867,-0.0037506818771362305
-0.023249443620443344,0.004048407077789307,-0.0020024776458740234
-0.026483291760087013,0.004364013671875,-0.0025216341018676758
-0.016788940876722336,-0.0008361339569091797,-0.0022055506706237793
0.006563992239534855,-0.013218909502029419,-0.013002753257751465
0.03550630062818527,-0.026493340730667114,-0.038040101528167725
0.052269771695137024,-0.038054704666137695,-0.0743476152420044
0.05308457836508751,-0.05305856466293335,-0.1128508448600769
0.04207615554332733,-0.07611045241355896,-0.15639525651931763
0.03475707024335861,-0.09490421414375305,-0.17209875583648682
0.011108976788818836,-0.1068856418132782,-0.16044998168945312
-0.020937874913215637,-0.11860957741737366,-0.12766730785369873
-0.017244141548871994,-0.12210175395011902,-0.07848435640335083
0.04516705870628357,-0.1294255256652832,-0.01762402057647705
0.11442553997039795,-0.15502020716667175,0.0706934928894043
0.16979174315929413,-0.175355464220047,0.19599735736846924
0.1882077008485794,-0.16658931970596313,0.3455175757408142
0.13371393084526062,-0.13083145022392273,0.4878048896789551
0.030674703419208527,-0.07150164246559143,0.6075037717819214
-0.08086047321557999,-0.0007044672966003418,0.6995853781700134
-0.15269196033477783,0.06410190463066101,0.685219407081604
-0.16781295835971832,0.041213542222976685,0.6149592399597168
-0.14329008758068085,-0.010486245155334473,0.6212673187255859
-0.08744435757398605,-0.07783263921737671,0.6707055568695068
0.05249280482530594,-0.09649693965911865,0.6893273591995239
0.11001504212617874,-0.007927000522613525,0.5724031925201416
0.02002342790365219,-0.008291810750961304,0.46773290634155273
-0.02800818532705307,-0.006246685981750488,0.4109236001968384
-0.04881647229194641,0.036998897790908813,0.381091833114624
-0.07070490717887878,0.05986344814300537,0.3618125915527344
-0.06406386941671371,0.08078265190124512,0.3498373031616211
-0.04190691187977791,0.10364300012588501,0.33792853355407715
-0.022533103823661804,0.12346780300140381,0.3086681365966797
-0.012769248336553574,0.1508081555366516,0.26788651943206787
-0.02022666484117508,0.1705966591835022,0.22391831874847412
-0.033191390335559845,0.18042093515396118,0.17618602514266968
-0.03180810436606407,0.1923658847808838,0.1350393295288086
-0.02302374690771103,0.20392179489135742,0.0982256531715393
-0.018574532121419907,0.2109614610671997,0.07064586877822876
-0.011718552559614182,0.21659469604492188,0.0482407808303833
-0.002141609787940979,0.21781015396118164,0.02209639549255371
0.004473235458135605,0.21971088647842407,-0.024508118629455566
0.01369202509522438,0.22807204723358154,-0.07823246717453003
0.022133179008960724,0.22339946031570435,-0.1175575852394104
0.02917582541704178,0.2172544002532959,-0.14911460876464844
0.0293218195438385,0.2214207649230957,-0.16756987571716309
0.02375846728682518,0.22383874654769897,-0.16366225481033325
0.01506759598851204,0.22183150053024292,-0.15537983179092407
0.013990189880132675,0.2232586145401001,-0.1525363326072693
0.01935434713959694,0.2223685383796692,-0.15732473134994507
0.03440104424953461,0.22049355506896973,-0.16430073976516724
0.05129721760749817,0.2056373953819275,-0.17932730913162231
0.05498947203159332,0.18932074308395386,-0.2057172656059265
0.05001342296600342,0.18661779165267944,-0.23351746797561646
0.045254457741975784,0.18067729473114014,-0.24677878618240356
0.03878794610500336,0.1719784140586853,-0.24652284383773804
0.03621048107743263,0.16616582870483398,-0.2290031909942627
0.0333603098988533,0.15891122817993164,-0.20217901468276978
0.028554845601320267,0.15091955661773682,-0.17554765939712524
0.029787074774503708,0.14264386892318726,-0.15694260597229004
0.018474243581295013,0.14229810237884521,-0.15314412117004395
-0.0012646205723285675,0.14364737272262573,-0.16110050678253174
-0.017178654670715332,0.13401097059249878,-0.17931461334228516
-0.025358054786920547,0.12466609477996826,-0.20453351736068726
-0.008536707609891891,0.10940450429916382,-0.22193551063537598
-0.00690174475312233,0.08696186542510986,-0.21843045949935913
-0.01855107769370079,0.07888954877853394,-0.21222490072250366
-0.03053160384297371,0.08031433820724487,-0.21573501825332642
-0.04260752350091934,0.07460922002792358,-0.21418160200119019
-0.04590337350964546,0.06013518571853638,-0.20362216234207153
-0.03164943307638168,0.046185195446014404,-0.19718939065933228
-0.011997040361166,0.03885716199874878,-0.19318705797195435
-0.0047184862196445465,0.029749572277069092,-0.17328530550003052
0.0016155540943145752,0.02105545997619629,-0.13724809885025024
0.013159532099962234,0.01696091890335083,-0.10287553071975708
0.033297762274742126,0.012677431106567383,-0.07890665531158447
0.0653393566608429,0.007152080535888672,-0.06474870443344116
0.07283813506364822,0.00036907196044921875,-0.06398653984069824
0.0606207512319088,-0.0035900473594665527,-0.0801650881767273
0.04047415405511856,0.0012558698654174805,-0.09450697898864746
0.020818136632442474,0.0048337578773498535,-0.10595208406448364
0.010833293199539185,0.005781292915344238,-0.11241775751113892
0.005476221442222595,0.006079554557800293,-0.11720657348632812
-0.0005708113312721252,0.007391571998596191,-0.12271624803543091
0.00893489271402359,0.007927119731903076,-0.11947083473205566
0.029960505664348602,0.00540846586227417,-0.09850901365280151
0.05177910625934601,0.0022857189178466797,-0.06335639953613281
0.06612738966941833,-0.0005899667739868164,-0.027157306671142578
0.06621627509593964,-0.0019003748893737793,-0.006877481937408447
0.05663403868675232,0.0029171109199523926,0.007399618625640869
0.05294466018676758,0.0016379952430725098,0.019172310829162598
0.06327717751264572,-0.0013442635536193848,0.012745380401611328
0.06733113527297974,-0.002677023410797119,-0.006607115268707275
0.06426002830266953,-0.0031482577323913574,-0.02383100986480713
0.06340812891721725,-0.0020853281021118164,-0.038789451122283936
0.060428448021411896,-0.0016531944274902344,-0.05554121732711792
0.06419119238853455,-0.0076580047607421875,-0.06634068489074707
0.07152500003576279,-0.010051250457763672,-0.07569724321365356
0.08445176482200623,-0.010120928287506104,-0.08042925596237183
0.0935492217540741,-0.009957969188690186,-0.08058446645736694
0.10020032525062561,-0.0065531134605407715,-0.06301987171173096
0.10240282118320465,-0.006675302982330322,-0.03044438362121582
0.10586550831794739,-0.011899411678314209,-0.0046885013580322266
0.11579087376594543,-0.01674187183380127,0.004757046699523926
0.11066725850105286,-0.017497539520263672,0.0015978217124938965
0.0963263213634491,-0.017065465450286865,-0.013726353645324707
0.07747797667980194,-0.018166065216064453,-0.030629277229309082
0.06335747241973877,-0.017509520053863525,-0.039068520069122314
0.05666278302669525,-0.015325546264648438,-0.0407903790473938
0.04879164695739746,-0.016611993312835693,-0.034834444522857666
0.052281320095062256,-0.019168615341186523,-0.03380393981933594
0.062443897128105164,-0.019376099109649658,-0.040281593799591064
0.06535212695598602,-0.02122431993484497,-0.04856365919113159
0.06257480382919312,-0.018253624439239502,-0.05556643009185791
0.051592111587524414,-0.011581242084503174,-0.05850940942764282
0.03611259162425995,-0.009399771690368652,-0.0559612512588501
0.02083691954612732,-0.0075116753578186035,-0.05091601610183716
0.011850178241729736,-0.005325615406036377,-0.04830121994018555
0.01541072130203247,-0.00196075439453125,-0.0463334321975708
0.023029834032058716,0.002681434154510498,-0.033906519412994385
0.03600241243839264,0.005856513977050781,-0.0038919448852539062
0.05682389438152313,0.0036544203758239746,0.03217422962188721
0.04947255551815033,0.0068045854568481445,0.04979890584945679
0.01606951653957367,0.018553078174591064,0.05642807483673096
-0.008555606007575989,0.0221746563911438,0.06911766529083252
-0.00908680260181427,0.02149873971939087,0.07745218276977539
-0.0022890865802764893,0.014692842960357666,0.07525098323822021
0.001176387071609497,0.007472693920135498,0.0704115629196167
-0.006963163614273071,0.0020490288734436035,0.06463867425918579
-0.016973234713077545,-0.004493117332458496,0.05138152837753296
-0.013911299407482147,-0.0075661540031433105,0.039259493350982666
-0.00106106698513031,-0.01355898380279541,0.0397452712059021
0.015091203153133392,-0.026179373264312744,0.04064661264419556
0.031569622457027435,-0.033540427684783936,0.024782001972198486
0.03158188611268997,-0.04123282432556152,0.0019326210021972656
0.03607363998889923,-0.07127225399017334,0.012917697429656982
0.053461410105228424,-0.15537291765213013,0.1985209584236145
0.0017214640974998474,0.3156808614730835,0.03338980674743652
-0.0786520317196846,-0.2397025227546692,-0.20265036821365356
0.0728008821606636,-0.006131410598754883,-0.22618228197097778
0.10147357732057571,0.008991718292236328,-0.14486372470855713
-0.006719328463077545,0.004204452037811279,-0.058956921100616455
-0.049761734902858734,0.054658472537994385,-0.006752192974090576
-0.07389405369758606,0.04933279752731323,0.005620718002319336
-0.04544581472873688,0.026223063468933105,-0.02666032314300537
-0.005578882992267609,0.020447373390197754,-0.034541428089141846
-0.024827398359775543,0.024082660675048828,-0.020681917667388916
0.010966643691062927,0.019458889961242676,-0.01575237512588501
0.046110689640045166,0.0018044710159301758,0.0014383196830749512
0.05773703008890152,-0.014563977718353271,0.0009358525276184082
0.05271681398153305,-0.012528777122497559,-0.02376013994216919
0.04098321497440338,-0.011403977870941162,-0.05528247356414795
0.04238381236791611,-0.015406966209411621,-0.07088989019393921
0.04404819756746292,-0.02259916067123413,-0.08870840072631836
0.0458928644657135,-0.022871196269989014,-0.11850851774215698
0.045971184968948364,-0.0204620361328125,-0.14698565006256104
0.03640966862440109,-0.022614359855651855,-0.17442411184310913
0.05138787627220154,-0.027310967445373535,-0.1875314712524414
0.11087474972009659,-0.027042388916015625,-0.1711239218711853
0.16589629650115967,-0.014324665069580078,-0.15290933847427368
0.1588754504919052,0.033863067626953125,-0.14012593030929565
0.10295002162456512,0.06999045610427856,-0.09743678569793701
0.023024454712867737,0.048794329166412354,-0.034627676010131836
-0.03054272010922432,0.04078012704849243,-0.006473839282989502
-0.06165946274995804,0.03332322835922241,0.0026314854621887207
-0.07415241748094559,0.052399396896362305,0.01940321922302246
-0.06836441904306412,0.08758318424224854,0.05425292253494263
-0.0767311379313469,0.09683471918106079,0.02630138397216797
-0.08587593585252762,0.0801166296005249,-0.01872926950454712
-0.06845059990882874,0.05563920736312866,-0.0917586088180542
-0.0595698356628418,0.03744387626647949,-0.19885796308517456
-0.030476365238428116,0.019228696823120117,-0.2885230779647827
0.01579119637608528,0.0222395658493042,-0.31524813175201416
0.04670088365674019,0.01772826910018921,-0.2751728892326355
0.06794410198926926,0.031890869140625,-0.2571061849594116
0.06273151934146881,0.058784544467926025,-0.26690083742141724
0.03335529938340187,0.07107722759246826,-0.261413037776947
-0.01733282580971718,0.08929628133773804,-0.24939191341400146
-0.04331247881054878,0.10714232921600342,-0.25476789474487305
-0.07353955507278442,0.12795132398605347,-0.27423787117004395
-0.09165062755346298,0.13956201076507568,-0.29774975776672363
-0.06836497783660889,0.10451692342758179,-0.3099541664123535
0.0024055540561676025,0.09793394804000854,-0.2976767420768738
0.02995903789997101,0.09011179208755493,-0.2488200068473816
0.03605622053146362,0.07086819410324097,-0.20730966329574585
0.03562955558300018,0.06523865461349487,-0.190884530544281
0.026248343288898468,0.0768733024597168,-0.17673516273498535
0.028347671031951904,0.08758014440536499,-0.1480804681777954
0.055072393268346786,0.09164166450500488,-0.10573685169219971
0.07602620869874954,0.08899843692779541,-0.06855553388595581
0.08474861830472946,0.07765448093414307,-0.05554628372192383
0.07947511225938797,0.07190054655075073,-0.04782313108444214
0.07895456999540329,0.07411140203475952,-0.0330578088760376
0.0626722201704979,0.08595269918441772,-0.007859289646148682
0.03097623959183693,0.09947597980499268,0.03650301694869995
0.0030595664866268635,0.08761808276176453,0.11911052465438843
-0.12173568457365036,-0.07638821005821228,0.21657955646514893
-0.03336092829704285,0.06818985939025879,0.2706008553504944
0.14320595562458038,0.28246915340423584,0.2789492607116699
0.07697062194347382,0.2735818028450012,0.3362657427787781
-0.07888717204332352,0.22318750619888306,0.3703952431678772
-0.19153612852096558,0.17294034361839294,0.3576201796531677
-0.17056752741336823,0.1585421860218048,0.33241915702819824
-0.09660917520523071,0.19005605578422546,0.30180394649505615
-0.07253296673297882,0.19554561376571655,0.27101099491119385
-0.06425131857395172,0.18419167399406433,0.24590975046157837
-0.08394278585910797,0.15940317511558533,0.20896542072296143
-0.10648827254772186,0.13258564472198486,0.1478249430656433
-0.11453024297952652,0.0948227047920227,0.08037197589874268
0.21538814902305603,-0.36880168318748474,-0.012510538101196289
0.5540779829025269,-1.1581175327301025,0.10311931371688843
0.29219764471054077,-0.8873549103736877,0.908842146396637
0.4226285219192505,0.1849004030227661,1.6112947463989258
0.5880373120307922,0.2155221402645111,1.476435899734497
0.1856132447719574,0.035542190074920654,1.035338282585144
-0.2983410656452179,-0.01994907855987549,0.5070232152938843
-0.4378635883331299,-0.016483455896377563,0.08934426307678223
-0.18564274907112122,0.38845428824424744,-0.17304080724716187
0.0900016501545906,0.4978801906108856,-0.3507511615753174
-0.0011552348732948303,0.19755852222442627,-0.5201451778411865
-0.28219741582870483,-0.07387766242027283,-0.532030463218689
-0.2530045509338379,-0.04653507471084595,-0.38687777519226074
-0.08923240751028061,0.07510286569595337,-0.242514967918396
-0.0505167618393898,0.08700555562973022,-0.15673339366912842
-0.07524747401475906,0.03442469239234924,-0.09003555774688721
-0.0736430436372757,0.010018318891525269,-0.038029611110687256
-0.04031384736299515,0.023349255323410034,0.020855426788330078
-0.012676604092121124,0.03181132674217224,0.09962582588195801
0.01813773810863495,0.015079468488693237,0.16797614097595215
0.04501158744096756,0.017985433340072632,0.19694548845291138
0.04602475464344025,0.02064606547355652,0.180067777633667
0.03343944996595383,0.016166627407073975,0.12429410219192505
0.0184420645236969,0.013638496398925781,0.05910581350326538
0.01035386323928833,0.01878058910369873,-0.0006006956100463867
0.01327935978770256,0.018287628889083862,-0.05001330375671387
0.020383577793836594,0.011655598878860474,-0.08986198902130127
0.011835087090730667,0.01060447096824646,-0.11222577095031738
0.0008279196918010712,0.010579735040664673,-0.11959719657897949
0.007914062589406967,0.005496948957443237,-0.11204397678375244
0.016779817640781403,0.0045524537563323975,-0.08633530139923096
0.027058780193328857,-0.0011716187000274658,-0.05137169361114502
0.037832316011190414,-0.014545589685440063,-0.02411520481109619
0.044131938368082047,-0.021338731050491333,-0.007003903388977051
0.04651760309934616,-0.016004443168640137,0.0010864734649658203
0.0503401905298233,-0.019046247005462646,0.0018409490585327148
0.051486507058143616,-0.029679536819458008,0.0029450654983520508
0.04382700100541115,-0.03133836388587952,-0.00584644079208374
0.024711698293685913,-0.027099162340164185,-0.024175286293029785
0.006313440389931202,-0.02137961983680725,-0.04340565204620361
-0.011064520105719566,-0.020742714405059814,-0.05394184589385986
-0.016475295647978783,-0.026889711618423462,-0.04303145408630371
-0.01073322631418705,-0.02625352144241333,-0.019038915634155273
-0.013024380430579185,-0.02088865637779236,0.0016433000564575195
-0.015732264146208763,-0.0180208683013916,0.021488428115844727
-0.017104506492614746,-0.01586359739303589,0.04439854621887207
-0.026023603975772858,-0.011223316192626953,0.06064331531524658
-0.03432527184486389,-0.003370821475982666,0.07095092535018921
-0.029775267466902733,0.004159033298492432,0.07320719957351685
-0.03721737489104271,0.011075049638748169,0.06726717948913574
-0.0419834740459919,0.01844322681427002,0.05492544174194336
-0.04433578625321388,0.02461826801300049,0.031141936779022217
-0.04675610363483429,0.024615705013275146,0.004553437232971191
-0.03637847676873207,0.020409822463989258,-0.015402019023895264
-0.020396461710333824,0.01727941632270813,-0.024195551872253418
-0.0006333892233669758,0.012977957725524902,-0.026649653911590576
0.017750129103660583,0.00878193974494934,-0.022980451583862305
0.026061413809657097,0.0011950433254241943,-0.011825919151306152
0.03560193255543709,-0.0033205151557922363,0.0038986802101135254
0.04711424559354782,-0.008670896291732788,0.020029067993164062
0.05121772363781929,-0.012854456901550293,0.029314041137695312
0.052655816078186035,-0.012560129165649414,0.027974724769592285
0.04837599769234657,-0.010470718145370483,0.01405864953994751
0.042013369500637054,-0.007812738418579102,-0.008588552474975586
0.03486306592822075,-0.007135748863220215,-0.025789499282836914
0.029234597459435463,-0.00808057188987732,-0.03811830282211304
0.029830818995833397,-0.013196617364883423,-0.039345741271972656
0.027390042319893837,-0.014295369386672974,-0.035413146018981934
0.026301812380552292,-0.010141909122467041,-0.03435671329498291
0.02629368007183075,-0.007961630821228027,-0.03497779369354248
0.02869616262614727,-0.00377008318901062,-0.02615535259246826
0.021217331290245056,0.0006791353225708008,-0.020663857460021973
0.010403819382190704,0.0004467964172363281,-0.015274643898010254
0.0017659924924373627,0.003927320241928101,-0.011801600456237793
-0.00021158065646886826,0.005443006753921509,-0.015642285346984863
-0.0017184987664222717,0.0007908344268798828,-0.02049732208251953
0.0007923590019345284,-0.005233705043792725,-0.01684284210205078
0.005757714621722698,-0.009239494800567627,-0.006202876567840576
0.007286972366273403,-0.006026804447174072,-0.0007864236831665039
0.00743461400270462,-0.00040656328201293945,0.0070844292640686035
0.004286748357117176,0.0006808340549468994,0.027820706367492676
-0.000402563251554966,0.0014924705028533936,0.07176351547241211
-0.0037766173481941223,-0.001620471477508545,0.13373017311096191
-0.0027248580008745193,0.007883548736572266,0.1828075647354126
0.008741725236177444,0.029448896646499634,0.20830148458480835
-0.0027192123234272003,0.051314353942871094,0.17670679092407227
-0.026798471808433533,0.05437716841697693,0.11406171321868896
-0.02594948373734951,0.048538148403167725,0.04614323377609253
-0.017203040421009064,0.033702075481414795,-0.008751749992370605
-0.01649371348321438,0.016941994428634644,-0.055735230445861816
-0.015587877482175827,0.008393615484237671,-0.09464025497436523
-0.007768064737319946,0.003001093864440918,-0.11582601070404053
0.009479982778429985,-0.0026939213275909424,-0.1246766448020935
0.029769811779260635,-0.014397919178009033,-0.10410797595977783
0.04272432625293732,-0.01784232258796692,-0.0713510513305664
0.04471723362803459,-0.01507568359375,-0.04178339242935181
0.04122736304998398,-0.013065934181213379,-0.026858925819396973
0.0371386744081974,-0.0167597234249115,-0.020998358726501465
0.03883343189954758,-0.018205076456069946,-0.027989208698272705
0.04846523329615593,-0.01495438814163208,-0.034110426902770996
0.05131423473358154,-0.016975581645965576,-0.037030935287475586
0.04616648703813553,-0.01851460337638855,-0.040581583976745605
0.03343195095658302,-0.016125351190567017,-0.04291105270385742
0.017775539308786392,-0.010925740003585815,-0.04417705535888672
0.006253235042095184,-0.005135536193847656,-0.04062837362289429
-0.00017311330884695053,0.002970397472381592,-0.03418266773223877
0.001832716166973114,0.006314575672149658,-0.017911672592163086
-0.006324324756860733,0.003763139247894287,-0.0022089481353759766
-0.013468507677316666,0.002405911684036255,0.0035257935523986816
-0.016856269910931587,0.0038448870182037354,-0.0015147924423217773
-0.017136795446276665,-0.0002129077911376953,-0.006891608238220215
-0.015438742935657501,-0.0006198287010192871,-0.011555194854736328
-0.014349598437547684,-0.0062583982944488525,-0.00739598274230957
-0.013826427981257439,-0.02123686671257019,0.01995086669921875
0.0006285253912210464,-0.01534491777420044,0.05283463001251221
0.015243200585246086,0.0030258893966674805,0.06721597909927368
0.010774301365017891,0.00435367226600647,0.06681191921234131
0.015566296875476837,-0.0005635321140289307,0.058879077434539795
0.016526376828551292,-0.0024202167987823486,0.04110836982727051
0.012542841956019402,0.0005552768707275391,0.010844707489013672
0.004239722155034542,0.004944354295730591,-0.024824678897857666
-0.0030737463384866714,0.007966339588165283,-0.052416861057281494
-0.006571364589035511,0.0069560706615448,-0.06093573570251465
-0.004315328784286976,0.005495905876159668,-0.057375311851501465
0.0012651234865188599,0.0016335844993591309,-0.05165684223175049
0.0193690937012434,-0.007677644491195679,-0.04286360740661621
0.04551808536052704,-0.01338505744934082,-0.03065621852874756
0.053120169788599014,-0.019437968730926514,-0.005705535411834717
0.04768010973930359,-0.02183571457862854,0.01565152406692505
0.04353037104010582,-0.015483468770980835,0.02315610647201538
0.037724561989307404,-0.008129507303237915,0.016985297203063965
0.023349858820438385,-0.004803568124771118,0.0036510229110717773
0.012845898047089577,-0.0032176673412323,-0.011922061443328857
0.002714693546295166,-0.0006312727928161621,-0.02372598648071289
-0.009428368881344795,0.0023980140686035156,-0.030555129051208496
-0.017332570627331734,0.006710261106491089,-0.03292948007583618
-0.022932352498173714,0.00656580924987793,-0.03122854232788086
-0.02279924415051937,0.00616869330406189,-0.020013093948364258
-0.02235901728272438,0.0006366074085235596,0.0048468708992004395
-0.02067175693809986,-0.0012286007404327393,0.04316437244415283
-0.0050179921090602875,0.006193339824676514,0.07244408130645752
0.00774923712015152,0.009486645460128784,0.08973634243011475
0.00982360728085041,0.00747331976890564,0.08385580778121948
0.012284986674785614,0.007608264684677124,0.05806291103363037
0.007668942213058472,0.005582720041275024,0.020763516426086426
0.002487756311893463,0.004111677408218384,-0.020887017250061035
0.0027764644473791122,0.001707524061203003,-0.048707008361816406
0.006588789634406567,-0.003866642713546753,-0.055907368659973145
0.010582344606518745,-0.009601086378097534,-0.049698829650878906
0.015573709271848202,-0.011784583330154419,-0.03826773166656494
0.016228044405579567,-0.012963920831680298,-0.025228261947631836
0.0172414630651474,-0.01064649224281311,-0.013622879981994629
0.023096876218914986,-0.008331626653671265,0.0011622309684753418
0.022865338250994682,-0.0073569416999816895,0.012839317321777344
0.015812493860721588,-0.00262296199798584,0.022640705108642578
0.013506757095456123,0.003517359495162964,0.028616666793823242
0.010872055776417255,0.0058269500732421875,0.033355891704559326
0.0013505099341273308,0.007204830646514893,0.029030799865722656
-0.0039904480800032616,0.007068365812301636,0.016487538814544678
-0.0035401685163378716,0.006033539772033691,-0.002433478832244873
-0.004841973073780537,0.005372822284698486,-0.02226579189300537
-0.0056312913075089455,0.0018873512744903564,-0.030643701553344727
0.00036447402089834213,-0.0007272958755493164,-0.028486669063568115
0.007311190944164991,-0.00040036439895629883,-0.016664743423461914
0.013225223869085312,-0.0004951059818267822,0.0015883445739746094
0.015009740367531776,-0.0009632706642150879,0.01582968235015869
0.016231857240200043,0.0006843209266662598,0.025828242301940918
0.011891748756170273,0.002036839723587036,0.02139437198638916
0.008419303223490715,0.004385501146316528,0.010123074054718018
0.006592588033527136,0.00668710470199585,-0.0027652978897094727
0.002893054625019431,0.006134927272796631,-0.012751460075378418
-0.00031571974977850914,0.003772735595703125,-0.021004915237426758
-0.002030664822086692,0.0012059211730957031,-0.023278772830963135
0.0021747376304119825,-0.0009412169456481934,-0.019338250160217285
0.0071268025785684586,-0.004716247320175171,-0.009095311164855957
0.010729920119047165,-0.0028228163719177246,0.006884574890136719
0.013070608489215374,0.001572340726852417,0.02360224723815918
0.010556649416685104,0.0050247907638549805,0.036662518978118896
0.005859557073563337,0.0035293996334075928,0.04028737545013428
0.0067105903290212154,0.0030754506587982178,0.03234243392944336
0.012044095434248447,0.003626316785812378,0.01839125156402588
0.015485648065805435,0.0012623369693756104,0.009506285190582275
0.012291772291064262,-0.0027846097946166992,-0.0007030963897705078
0.011121802031993866,-0.005293697118759155,-0.011228203773498535
0.015631053596735,-0.0065788328647613525,-0.022745609283447266
0.01890510506927967,-0.008964717388153076,-0.035466670989990234
0.021344823762774467,-0.0141792893409729,-0.044202327728271484
0.021654849871993065,-0.014758914709091187,-0.04613858461380005
0.024924147874116898,-0.012988924980163574,-0.047734737396240234
0.02994341030716896,-0.012877136468887329,-0.04998737573623657
0.036086034029722214,-0.01676011085510254,-0.037980079650878906
0.04006687551736832,-0.015820235013961792,-0.019720792770385742
0.03418387472629547,-0.012151658535003662,0.005648374557495117
0.02573576755821705,-0.00934511423110962,0.014345049858093262
0.013732150197029114,-0.007043063640594482,0.005864381790161133
-0.0026664782781153917,-0.003456205129623413,-0.007080137729644775
-0.015831897035241127,-0.002661764621734619,-0.02115452289581299
-0.030457202345132828,-0.005129396915435791,-0.04110461473464966
-0.04671752452850342,-0.00793224573135376,-0.06163966655731201
-0.04054667428135872,-0.0010006725788116455,-0.07385516166687012
-0.020825648680329323,0.007003575563430786,-0.07177650928497314
-0.008318810723721981,0.0051361918449401855,-0.05754995346069336
-0.0022717053070664406,-0.006010591983795166,-0.04356420040130615
-0.000744156539440155,-0.007913917303085327,-0.03139603137969971
0.014672547578811646,0.04948815703392029,0.010599017143249512
0.02904539927840233,0.12339362502098083,0.11344528198242188
-0.04640326648950577,-0.027302324771881104,0.11378622055053711
-0.08593446761369705,-0.08175897598266602,0.05744260549545288
-0.061240822076797485,-0.037846535444259644,0.05151236057281494
-0.0038173524662852287,0.013270944356918335,0.05207020044326782
0.02781524322926998,0.04087799787521362,0.03549516201019287
0.027282491326332092,0.031133562326431274,0.011934816837310791
0.007428391836583614,0.013237744569778442,-0.0027077198028564453
-0.007214108482003212,0.010801851749420166,-0.008471131324768066
-0.008398248814046383,0.011396557092666626,-0.011696219444274902
-0.005893093068152666,0.004681915044784546,-0.013465523719787598
-0.0019055213779211044,-0.006366550922393799,-0.011663079261779785
0.008751976303756237,-0.01675969362258911,-0.0015338659286499023
0.023280568420886993,-0.02140900492668152,0.013990461826324463
0.039023980498313904,-0.019478440284729004,0.02457714080810547
0.03940601646900177,-0.01006278395652771,0.033068299293518066
0.018752632662653923,0.008740842342376709,0.046425700187683105
-0.0015125833451747894,0.01220288872718811,0.04509216547012329
-0.013587620109319687,0.007399827241897583,0.024042963981628418
-0.012850746512413025,0.006948024034500122,0.01355886459350586
-0.004517722874879837,0.021211177110671997,0.010156512260437012
0.002897977828979492,0.030103176832199097,0.003636598587036133
0.010385997593402863,0.025561541318893433,-0.0038678646087646484
0.01641196385025978,0.018132895231246948,-0.012447834014892578
0.019299156963825226,0.013779222965240479,-0.017764747142791748
0.017464451491832733,-0.0035498440265655518,-0.011340975761413574
0.02222539484500885,-0.024544864892959595,0.0028705596923828125
0.037516284734010696,-0.03803059458732605,0.006545066833496094
0.05637668818235397,-0.03973451256752014,-0.0028795599937438965
0.05879959836602211,-0.04267922043800354,-0.015498638153076172
0.05004008486866951,-0.03646048903465271,-0.03134739398956299
0.0419696681201458,-0.022955745458602905,-0.04507100582122803
0.037841036915779114,-0.006874561309814453,-0.049266934394836426
0.02897590771317482,0.0027067363262176514,-0.04113972187042236
0.021648764610290527,0.004390746355056763,-0.0356745719909668
0.018835075199604034,0.0031817257404327393,-0.034400761127471924
0.012564390897750854,-0.0006322264671325684,-0.03194904327392578
0.002031225711107254,-0.006647616624832153,-0.03325510025024414
-0.00029606372117996216,-0.010844230651855469,-0.039472103118896484
0.0029372014105319977,-0.011986613273620605,-0.04615229368209839
0.007054455578327179,-0.013190299272537231,-0.039196133613586426
0.012857727706432343,-0.015742510557174683,-0.022711873054504395
0.014790434390306473,-0.012521058320999146,-0.011958837509155273
0.013046901673078537,-0.0050535500049591064,-0.006030082702636719
0.005608532577753067,0.0007893741130828857,0.0014581084251403809
-0.0015561990439891815,0.005049943923950195,0.01203453540802002
-0.005633089691400528,0.006336480379104614,0.016333818435668945
-0.0060449205338954926,0.008173882961273193,0.013664484024047852
-0.0005219094455242157,0.008855253458023071,0.010188698768615723
0.004840351641178131,0.007009148597717285,0.011858820915222168
0.005245182663202286,0.0022321343421936035,0.014772176742553711
0.006024345755577087,0.0011226534843444824,0.017273545265197754
0.011802975088357925,0.006452471017837524,0.02510678768157959
0.01359085738658905,0.009960412979125977,0.04087257385253906
0.00505436584353447,0.0067975521087646484,0.04920852184295654
-0.003587380051612854,0.006319522857666016,0.03864741325378418
-0.0053239427506923676,0.006474971771240234,0.015040278434753418
-0.006088666617870331,0.008530586957931519,-0.00957345962524414
-0.005233656615018845,0.011999309062957764,-0.024792790412902832
-0.00045723095536231995,0.005544006824493408,-0.02932441234588623
0.0016899779438972473,-0.004320681095123291,-0.027059972286224365
0.0061257630586624146,-0.008413642644882202,-0.02434074878692627
0.010322991758584976,-0.007121384143829346,-0.022627532482147217
0.016732029616832733,-0.005319029092788696,-0.018121838569641113
0.032618116587400436,-0.0032104551792144775,0.0016005635261535645
0.04058185964822769,-0.0062167346477508545,0.030249178409576416
0.03359024226665497,-0.01029995083808899,0.04559057950973511
0.02334621176123619,-0.008770406246185303,0.039899468421936035
0.014143560081720352,-0.0013437867164611816,0.018139660358428955
0.0039053745567798615,0.007248908281326294,-0.0035636425018310547
-0.003340594470500946,0.010137438774108887,-0.015576601028442383
-0.004682950675487518,0.007738173007965088,-0.01912236213684082
-0.0050869472324848175,0.0039387047290802,-0.02096402645111084
-0.0023165568709373474,0.00027102231979370117,-0.02460312843322754
0.002976849675178528,-0.0005654990673065186,-0.02274763584136963
0.007255300879478455,-0.0018978714942932129,-0.012693285942077637
0.00844552367925644,-0.006323724985122681,-0.006125748157501221
0.012613512575626373,-0.009285330772399902,-0.00456547737121582
0.012493841350078583,-0.010739535093307495,-0.004542291164398193
0.010631680488586426,-0.008140891790390015,-0.006170511245727539
0.011326510459184647,-6.0051679611206055e-05,-0.0017635822296142578
0.011578332632780075,0.0034161806106567383,0.009265601634979248
0.008932314813137054,0.0017861425876617432,0.02031421661376953
0.0006487704813480377,0.000313490629196167,0.022113323211669922
-0.0009601004421710968,0.0032347142696380615,0.014042973518371582
0.0035053007304668427,0.006056725978851318,0.002917766571044922
0.0024867914617061615,0.004135996103286743,-0.0011777281761169434
0.00287419930100441,0.0015527009963989258,-0.004384636878967285
0.006666935980319977,0.0001017451286315918,-0.008170843124389648
0.008985791355371475,-0.002689659595489502,-0.010203361511230469
0.011984031647443771,-0.003005802631378174,-0.009300827980041504
0.012365054339170456,-0.00022962689399719238,-0.005078375339508057
0.012307412922382355,0.0008243918418884277,-0.0005983114242553711
0.013376772403717041,-0.002336263656616211,0.0031321048736572266
0.013138353824615479,-0.005379080772399902,0.002449333667755127
0.011639047414064407,-0.0024281740188598633,-0.005294620990753174
0.012417621910572052,0.0003235340118408203,-0.007773160934448242
0.01131540909409523,-0.0008454620838165283,-0.004322469234466553
0.008259274065494537,-0.00036600232124328613,0.005749762058258057
0.005423538386821747,-0.002366095781326294,0.011415541172027588
0.001018289476633072,-0.001832813024520874,0.005337953567504883
-0.0025296323001384735,0.0031626224517822266,-0.003345310688018799
-0.003557909280061722,0.004891842603683472,-0.009433388710021973
-0.0008083246648311615,0.0029753148555755615,-0.005595862865447998
-0.0009476505219936371,-0.0006518959999084473,-0.001074671745300293
0.0006327368319034576,-0.0026051700115203857,-0.002773284912109375
0.0035523734986782074,-0.0020177066326141357,-0.005092799663543701
0.006660632789134979,0.00061836838722229,-0.004743814468383789
0.012438993901014328,-0.00010386109352111816,0.0015844106674194336
0.01423056423664093,-0.004551202058792114,0.00852048397064209
0.012244537472724915,-0.006604373455047607,0.009266793727874756
0.012192394584417343,-0.005186587572097778,-0.002089262008666992
0.012205418199300766,-0.001840144395828247,-0.011505365371704102
0.010162491351366043,-0.00040653347969055176,-0.012062311172485352
0.007987964898347855,-0.001867830753326416,-0.009950637817382812
0.008016414940357208,-0.002319514751434326,-0.009138524532318115
0.009013283997774124,-0.0024493038654327393,-0.014023423194885254
0.005667559802532196,0.0010895133018493652,-0.01573491096496582
0.006250176578760147,0.005786031484603882,-0.005299806594848633
0.007678240537643433,0.0020679235458374023,0.00826108455657959
0.010787863284349442,-0.0014431178569793701,0.016877591609954834
0.010481186211109161,-0.0025969743728637695,0.01744556427001953
0.007801908999681473,-0.0011472702026367188,0.009380340576171875
0.005421195179224014,0.0009819269180297852,-0.0032281875610351562
0.005426332354545593,0.0024127960205078125,-0.009299218654632568
0.004161380231380463,0.00021284818649291992,-0.012877047061920166
0.006746407598257065,-0.0017194747924804688,-0.012234210968017578
0.009950492531061172,-0.0009373724460601807,-0.005665957927703857
0.010190047323703766,-0.0010736584663391113,0.002339005470275879
0.008461147546768188,-0.00304529070854187,0.00653529167175293
0.006252530962228775,-0.0033477842807769775,0.005162179470062256
0.003158990293741226,-0.002920389175415039,0.0001577138900756836
0.001199048012495041,-0.0018693208694458008,-0.007851362228393555
0.0020606592297554016,0.0014982819557189941,-0.009065866470336914
0.0006289556622505188,0.0033530592918395996,-0.00027680397033691406
-0.0006535723805427551,0.0014454126358032227,0.009328722953796387
0.001331876963376999,0.00308305025100708,0.013347625732421875
0.005738917738199234,0.001998603343963623,0.013414978981018066
0.0060065872967243195,0.0007192790508270264,0.008907914161682129
0.0042623430490493774,0.00027889013290405273,0.0015804767608642578
0.006424464285373688,-0.0033131539821624756,-0.0067369937896728516
0.007048748433589935,-0.007686316967010498,-0.011870145797729492
0.008302472531795502,-0.008482545614242554,-0.013657212257385254
0.009884614497423172,-0.00558963418006897,-0.013687491416931152
0.009755633771419525,-0.0026814937591552734,-0.01229780912399292
0.008890826255083084,0.001920938491821289,-0.011013984680175781
0.010287564247846603,0.0031122565269470215,-0.010872244834899902
0.008416034281253815,0.0028865039348602295,-0.01312720775604248
0.00823267176747322,0.003040999174118042,-0.012610256671905518
0.011322401463985443,0.0012684762477874756,-0.006728410720825195
0.010492008179426193,7.95125961303711e-05,-0.003154754638671875
0.010292727500200272,-0.0008048713207244873,-0.004075884819030762
0.01278139278292656,0.00012248754501342773,-0.005708098411560059
0.01265595480799675,-0.001201927661895752,-0.005993485450744629
0.011718463152647018,-0.0015256106853485107,-0.0041811466217041016
0.013349205255508423,-0.0009893178939819336,-0.002984762191772461
0.014163151383399963,-0.00031834840774536133,0.0022049546241760254
0.014464840292930603,-0.0009888410568237305,0.007998287677764893
0.014924746006727219,4.4405460357666016e-06,0.01077723503112793
0.013565842062234879,0.0014747977256774902,0.01298379898071289
0.013332806527614594,0.002109527587890625,0.011179983615875244
0.011624645441770554,0.0028967857360839844,0.00971841812133789
0.011683959513902664,0.0041637122631073,0.005648136138916016
0.006569031625986099,0.00036215782165527344,0.0005047321319580078
0.0019923411309719086,-0.0027872025966644287,-0.006640374660491943
0.0007086507976055145,-0.002482295036315918,-0.011822998523712158
0.0002593584358692169,-0.002982199192047119,-0.010985374450683594
0.0029839053750038147,-0.0055352747440338135,-0.00823962688446045
0.006187215447425842,-0.005262613296508789,-0.003229975700378418
0.007304450497031212,-0.004683405160903931,0.001107931137084961
0.005292624235153198,-0.008229762315750122,0.0028432607650756836
0.0009921211749315262,-0.0043145716190338135,-0.005175471305847168
-0.005113838240504265,-0.003449857234954834,-0.011445760726928711
-0.00485977903008461,-0.005126535892486572,-0.013925790786743164
-0.003910841420292854,-0.005980849266052246,-0.012572050094604492
-0.004215611144900322,-0.006725281476974487,-0.010233163833618164
-0.005036676302552223,-0.005950659513473511,-0.010390996932983398
-0.004725147038698196,-0.0030601322650909424,-0.010159909725189209
-0.00533934123814106,-0.004093974828720093,-0.00847315788269043
-0.004775067791342735,-0.0032154619693756104,-0.007710754871368408
-0.005112998187541962,-0.0031117796897888184,-0.009692490100860596
-9.351223707199097e-05,-0.00025650858879089355,-0.0062514543533325195
0.006864126771688461,0.0007050931453704834,0.002280712127685547
0.011414598673582077,-0.0024113357067108154,0.007578730583190918
0.012871157377958298,-0.0024707019329071045,0.011625170707702637
0.010081622749567032,0.00021517276763916016,0.012299776077270508
0.00778699666261673,0.0018831193447113037,0.00829845666885376
0.010226458311080933,0.0014522969722747803,0.0034572482109069824
0.01264837384223938,0.0015697777271270752,6.335973739624023e-05
0.009865276515483856,0.002360105514526367,-0.0012796521186828613
0.010494768619537354,0.0034311115741729736,-0.0016832947731018066
0.010126400738954544,0.006185710430145264,-0.0012958049774169922
0.010114725679159164,0.0076957643032073975,0.00022220611572265625
0.012813150882720947,0.007263988256454468,0.0003789663314819336
0.016906339675188065,0.007362276315689087,-0.002735614776611328
0.020796213299036026,0.005147755146026611,-0.0053282976150512695
0.024576351046562195,0.0052003562450408936,-0.007998824119567871
0.02800396829843521,0.0031796693801879883,-0.008401691913604736
0.028213810175657272,0.0019392669200897217,-0.0038225650787353516
0.02631545066833496,-0.0010533332824707031,-0.0010765790939331055
0.02119801938533783,-0.0025182366371154785,-0.001185595989227295
0.015665415674448013,-0.002317070960998535,-0.0064553022384643555
0.006266966462135315,-0.007060438394546509,-0.01055896282196045
0.004954613745212555,-0.010920614004135132,-0.015698730945587158
0.008086323738098145,-0.0111788809299469,-0.01662665605545044
0.007894020527601242,-0.011103451251983643,-0.009492695331573486
0.005898220464587212,-0.0066449642181396484,0.0005123019218444824
0.002825675532221794,-0.0017246901988983154,0.01426386833190918
-0.0017909891903400421,0.0017271041870117188,0.024685680866241455
-0.0032668747007846832,0.007794499397277832,0.03334146738052368
-0.005090454593300819,0.010314017534255981,0.03269648551940918
-0.006594305858016014,0.00935143232345581,0.024153709411621094
-0.009162699803709984,0.007364720106124878,0.007989585399627686
-0.007639531046152115,0.004160940647125244,-0.006694912910461426
-0.005321456119418144,-0.0022603273391723633,-0.015700817108154297
-0.004713322967290878,-0.009608447551727295,-0.024056673049926758
0.0023279525339603424,-0.01107516884803772,-0.028689026832580566
0.010143937543034554,-0.009722709655761719,-0.025021016597747803
0.013355240225791931,-0.007482558488845825,-0.014769017696380615
0.01366369053721428,-0.0044899582862854,-0.001715540885925293
0.011417236179113388,-0.0028089582920074463,0.010524272918701172
0.009205752983689308,-0.00022989511489868164,0.01517331600189209
0.007337631657719612,0.0011032819747924805,0.014046192169189453
0.0020757559686899185,0.001400768756866455,0.006175339221954346
-0.001118592917919159,0.001817464828491211,-0.0021567344665527344
-0.004884952679276466,0.0005276799201965332,-0.012009024620056152
-0.0033807046711444855,-0.0008475780487060547,-0.017319917678833008
-0.0011462904512882233,-0.0002861917018890381,-0.016924262046813965
0.0007340926676988602,-0.0033724308013916016,-0.011965036392211914
0.004389351233839989,-0.003388345241546631,-0.005646228790283203
0.011345257982611656,-0.0016732215881347656,-0.0008361339569091797
0.014785176143050194,-0.0016471147537231445,0.0074759721755981445
0.015372393652796745,-0.0013593733310699463,0.012333393096923828
0.015970608219504356,0.0023335814476013184,0.009872257709503174
0.013140518218278885,0.00419345498085022,0.004057824611663818
0.010522689670324326,0.005566716194152832,-0.0009421110153198242
0.007070580497384071,0.0053408145904541016,-0.005860090255737305
0.005927074700593948,0.0006904900074005127,-0.00866997241973877
0.00573737733066082,-0.0016400814056396484,-0.009559392929077148
0.007072446867823601,-0.0035452842712402344,-0.005966305732727051
0.009490994736552238,-0.0030820369720458984,0.00010353326797485352
0.013237729668617249,-0.0004583895206451416,0.008030235767364502
0.01192723959684372,-0.001190871000289917,0.015039682388305664
0.006140671670436859,0.0016209185123443604,0.011095285415649414
0.0017753355205059052,0.004137665033340454,0.001006007194519043
-0.003673972561955452,0.0035724937915802,-0.01179492473602295
-0.004730381071567535,0.000241011381149292,-0.020009279251098633
-0.00030908361077308655,-0.002417534589767456,-0.021528780460357666
0.0014493204653263092,-0.005133330821990967,-0.017752528190612793
0.0044448040425777435,-0.007322847843170166,-0.011341333389282227
0.008403327316045761,-0.008061259984970093,-0.0033783912658691406
0.011223603039979935,-0.0062995851039886475,0.0037123560905456543
0.008627746254205704,-0.0038357973098754883,0.0047574639320373535
0.008419685065746307,-0.0008400380611419678,0.004864096641540527
0.0064536333084106445,0.0015720129013061523,0.005873382091522217
0.005216274410486221,0.0024985969066619873,0.008302450180053711
0.004501527175307274,0.0026001036167144775,0.010473966598510742
0.0010979082435369492,0.004323869943618774,0.00942528247833252
0.0003971867263317108,0.005043596029281616,0.0065032243728637695
-0.003330852836370468,0.0063609778881073,0.0003516674041748047
5.619227886199951e-05,0.003701716661453247,-0.006440997123718262
0.008419280871748924,-0.0030824244022369385,-0.008611202239990234
0.01314813643693924,-0.006519526243209839,-0.011961698532104492
0.01174149103462696,-0.007233709096908569,-0.015137195587158203
0.012557510286569595,-0.00614619255065918,-0.014824628829956055
0.0135246142745018,-0.0034879446029663086,-0.012506484985351562
0.012359611690044403,-0.0021018683910369873,-0.008232414722442627
0.009588761255145073,0.0014190375804901123,-0.0020882487297058105
0.007376004010438919,0.004232496023178101,0.007828593254089355
0.0033150091767311096,0.0036530792713165283,0.013805985450744629
0.0014258865267038345,0.0035209953784942627,0.013846755027770996
0.00039249099791049957,0.001640617847442627,0.010968565940856934
-0.0011003818362951279,0.0009022057056427002,0.006391286849975586
-0.0014092549681663513,-0.00018531084060668945,0.0005090236663818359
-0.0014159847050905228,-5.418062210083008e-05,-0.005823731422424316
-1.3645738363265991e-05,-0.0013814270496368408,-0.01085364818572998
0.0018076077103614807,-0.002911180257797241,-0.015429258346557617
0.004405518993735313,-0.002574712038040161,-0.0139390230178833
0.007064631208777428,-0.0024246275424957275,-0.01232147216796875
0.00877268798649311,-0.003871917724609375,-0.0076705217361450195
0.010383514687418938,-0.0035305023193359375,-0.0014271736145019531
0.009868325665593147,-0.003250718116760254,0.00473785400390625
0.006276508793234825,-0.0017223954200744629,0.0053307414054870605
0.0066180601716041565,0.0007150769233703613,0.006722927093505859
0.007143514230847359,0.002161949872970581,0.005447804927825928
0.006217788904905319,0.0004570186138153076,0.001203298568725586
0.005944196134805679,-0.00022035837173461914,-0.006255984306335449
0.007446650415658951,0.0001697838306427002,-0.009974360466003418
0.005868632346391678,-0.0004531443119049072,-0.010010957717895508
0.007647287100553513,-0.0012164115905761719,-0.00644230842590332
0.01645559072494507,-0.0004539191722869873,0.003360152244567871
0.019079551100730896,-0.002047419548034668,0.011303544044494629
0.016153572127223015,-2.652406692504883e-06,0.011864542961120605
0.01175791397690773,0.0036981701850891113,0.0053771138191223145
0.009487347677350044,0.004926890134811401,0.001988053321838379
0.009103808552026749,0.0037944912910461426,0.0017366409301757812
0.003557944670319557,0.004031270742416382,-0.0020128488540649414
-0.0037998463958501816,0.004258334636688232,-0.006993353366851807
-0.003225458785891533,0.0014808177947998047,-0.012479722499847412
0.005515357479453087,-0.003038167953491211,-0.013669073581695557
0.009530782699584961,-0.004765450954437256,-0.012429237365722656
0.011321216821670532,-0.004307866096496582,-0.011932373046875
0.014500824734568596,-0.003303229808807373,-0.008616328239440918
0.015316760167479515,-0.0020607411861419678,-0.0008562803268432617
0.020344732329249382,0.0014527738094329834,0.003954291343688965
0.03283286839723587,0.002584397792816162,0.01939702033996582
0.02721180021762848,-5.692243576049805e-05,0.03372693061828613
0.019332870841026306,0.007717341184616089,0.028140664100646973
0.021788660436868668,0.014767169952392578,0.027878165245056152
0.016252774745225906,0.01393541693687439,0.019388675689697266
0.013353977352380753,0.005971729755401611,0.010343015193939209
0.015048127621412277,0.014529317617416382,-0.012747764587402344
0.014181867241859436,0.008642405271530151,-0.03174936771392822
0.008171949535608292,-0.0018104612827301025,-0.04569578170776367
0.011216655373573303,0.002117544412612915,-0.05216294527053833
0.013640649616718292,-0.0021458566188812256,-0.05087172985076904
0.013688910752534866,-0.004374504089355469,-0.044532060623168945
0.016965899616479874,-0.009825557470321655,-0.03147071599960327
0.01801370456814766,-0.017412960529327393,-0.01983511447906494
0.018059460446238518,-0.017945021390914917,-0.01571810245513916
0.020284147933125496,-0.020801424980163574,-0.009257197380065918
0.02084587886929512,-0.023307740688323975,-0.0036948323249816895
0.009736865758895874,-0.019763141870498657,-0.0003834962844848633
-0.005400553345680237,-0.01305338740348816,0.00017148256301879883
-0.012357180938124657,-0.00801384449005127,0.00012183189392089844
-0.01821080595254898,-0.004351973533630371,0.004742860794067383
-0.02705306001007557,0.0010777413845062256,0.010139703750610352
-0.028392503038048744,0.006329983472824097,0.015335619449615479
-0.02857801876962185,0.011035114526748657,0.017591357231140137
-0.03069840371608734,0.010652929544448853,0.01692277193069458
-0.026683788746595383,0.00967356562614441,0.017193317413330078
-0.019526474177837372,0.007584989070892334,0.021251916885375977
-0.007771610282361507,0.0046665966510772705,0.0257413387298584
0.002375415526330471,0.004749894142150879,0.03133654594421387
0.01432480663061142,0.010557234287261963,0.03940248489379883
0.032792478799819946,0.01920074224472046,0.05453556776046753
0.03971514850854874,0.03506842255592346,0.07591116428375244
0.04025484621524811,0.05677515268325806,0.10055255889892578
0.026452217251062393,0.07529616355895996,0.11980575323104858
-0.01549600064754486,0.08249956369400024,0.12401336431503296
-0.07415829598903656,0.07910767197608948,0.08780336380004883
-0.10235115140676498,0.05978718400001526,-0.06124556064605713
-0.03845670074224472,0.0056649744510650635,-0.2496095895767212
0.041331589221954346,0.024889588356018066,-0.30606091022491455
0.006182178854942322,0.014045029878616333,-0.07889258861541748
0.020152583718299866,-0.02350372076034546,0.24429857730865479
0.0679057240486145,0.027722179889678955,0.45756351947784424
0.043861523270606995,0.25011250376701355,0.5999922752380371
-0.1869874894618988,0.36995425820350647,0.7591345310211182
-0.29932624101638794,0.3280857503414154,0.8350691199302673
-0.21282082796096802,0.22712022066116333,0.7826137542724609
-0.09054902195930481,0.17050722241401672,0.7509067058563232
-0.008218467235565186,0.14409604668617249,0.6540120840072632
0.05478617548942566,0.09363660216331482,0.49496686458587646
0.12595972418785095,0.04724273085594177,0.3882729411125183
0.16960179805755615,0.012330502271652222,0.3646453022956848
0.16593430936336517,-0.00866788625717163,0.39125412702560425
0.1510823667049408,-0.0015506446361541748,0.4200608730316162
0.1681409478187561,0.01472899317741394,0.442956805229187
0.189347505569458,0.023188084363937378,0.4608577489852905
0.15824051201343536,0.04582589864730835,0.45601242780685425
0.10004575550556183,0.10012549161911011,0.45189589262008667
0.06442110240459442,0.146867036819458,0.4709818959236145
0.04597929120063782,0.17567497491836548,0.4536440372467041
-0.0041531771421432495,0.20971840620040894,0.35958796739578247
-0.017288923263549805,0.2288883924484253,0.21627700328826904
0.031646668910980225,0.21985596418380737,0.09048426151275635
0.061278991401195526,0.20195019245147705,0.01623976230621338
0.032234594225883484,0.19664788246154785,-0.039617300033569336
-0.0034921765327453613,0.2011357545852661,-0.09653383493423462
0.015477590262889862,0.19637387990951538,-0.14379489421844482
0.03559890389442444,0.18929481506347656,-0.1713799238204956
0.03936583548784256,0.18563926219940186,-0.1987680196762085
0.047767721116542816,0.18907827138900757,-0.23141562938690186
0.02837265282869339,0.190987229347229,-0.2701783776283264
-0.02655680477619171,0.1993473768234253,-0.3132596015930176
-0.07233940064907074,0.20655709505081177,-0.36399686336517334
-0.07567204535007477,0.2057403326034546,-0.4161303639411926
-0.022542566061019897,0.18970346450805664,-0.46217799186706543
0.04069584608078003,0.1621418595314026,-0.4931698441505432
0.08832874894142151,0.1439381241798401,-0.5136908292770386
0.12005946040153503,0.12406718730926514,-0.5237579941749573
0.09381823241710663,0.11255878210067749,-0.5157768130302429
0.04208192229270935,0.12345433235168457,-0.479763925075531
0.006636902689933777,0.13414984941482544,-0.4096119999885559
-0.017976626753807068,0.14136099815368652,-0.31290507316589355
-0.022929266095161438,0.14504092931747437,-0.22050750255584717
0.03147568553686142,0.13542795181274414,-0.28253430128097534
0.023771829903125763,0.09826725721359253,-0.3111759424209595
0.029262378811836243,0.10348391532897949,-0.31961673498153687
0.06476566940546036,0.09419965744018555,-0.32635489106178284
0.08366049081087112,0.07523214817047119,-0.29595375061035156
0.06421203166246414,0.07652914524078369,-0.22165247797966003
-0.049027249217033386,0.09870237112045288,-0.1527864933013916
-0.12800398468971252,0.14553219079971313,-0.09460437297821045
-0.13132056593894958,0.14812791347503662,-0.046188175678253174
-0.11409489810466766,0.04554474353790283,-0.12552616000175476
0.005648806691169739,0.007064402103424072,-0.2640419602394104
0.0807693749666214,0.04186809062957764,-0.23522606492042542
0.050094470381736755,-0.03342717885971069,-0.21284690499305725
0.04619470238685608,-0.03697401285171509,-0.22075098752975464
0.06277817487716675,0.007954180240631104,-0.1988961100578308
0.08592788875102997,0.017214298248291016,-0.20007288455963135
0.07153183221817017,-0.03759336471557617,-0.10487771034240723
0.04966045916080475,0.008802950382232666,0.02821338176727295
-0.006587892770767212,0.04827308654785156,0.04859119653701782
-0.053129345178604126,0.036342501640319824,0.040499746799468994
-0.060577914118766785,0.03397446870803833,-0.02985626459121704
-0.04786601662635803,0.008585333824157715,-0.12550047039985657
-0.013440072536468506,-0.026121556758880615,-0.17130804061889648
0.03826208412647247,-0.07986944913864136,-0.18570631742477417
0.07097573578357697,-0.08666706085205078,-0.164337158203125
-0.004018262028694153,-0.03914284706115723,-0.08569616079330444
-0.13682821393013,0.0032765865325927734,-0.014933228492736816
-0.2146761566400528,0.05443704128265381,0.04586970806121826
-0.19782163202762604,0.08640015125274658,0.09732186794281006
-0.12069500982761383,0.047164320945739746,0.056013405323028564
0.0022511184215545654,0.02092421054840088,0.08198291063308716
0.013204872608184814,0.0014565587043762207,0.19115561246871948
-0.051183611154556274,-0.019621551036834717,0.34912461042404175
-0.07679492235183716,-0.012055754661560059,0.34233954548835754
-0.03246413171291351,-0.029488205909729004,0.2558583915233612
0.08377693593502045,-0.0736728310585022,0.20296570658683777
0.13561692833900452,-0.09282231330871582,0.008591264486312866
0.10154220461845398,-0.11504262685775757,0.007314920425415039
0.09436757862567902,0.0352519154548645,-0.18032243847846985
0.07560461759567261,0.05057245492935181,-1.7061980962753296
-0.048980072140693665,-0.3688353896141052,-0.6417989134788513
0.2903316617012024,0.01914799213409424,-0.37099218368530273
0.20270609855651855,-0.02307981252670288,-0.4875391125679016
0.14604361355304718,-0.011701047420501709,-0.3516554832458496
0.08882544934749603,-0.024178743362426758,-0.30045342445373535
0.08641108870506287,-0.016985177993774414,-0.3367054760456085
0.13284039497375488,0.0013303756713867188,-0.2714320421218872
0.17784471809864044,-0.016833603382110596,-0.11933448910713196
0.1892806440591812,-0.02908867597579956,-0.01005244255065918
0.1419348418712616,-0.018166959285736084,0.016044914722442627
0.05485694110393524,0.0033451318740844727,0.012581467628479004
-0.05251501500606537,0.012479782104492188,-0.006424427032470703
-0.13995642960071564,0.025008976459503174,-0.028719186782836914
-0.16533927619457245,0.04506164789199829,-0.03991192579269409
-0.11470295488834381,0.030318379402160645,-0.06165498495101929
0.0022949427366256714,0.011084973812103271,-0.10534101724624634
0.14613723754882812,0.005654513835906982,-0.1678529977798462
0.23224833607673645,-0.02104949951171875,-0.2501968741416931
0.21223489940166473,-0.025087416172027588,-0.3463907837867737
0.11031603813171387,0.002878546714782715,-0.4577752351760864
-0.05756063759326935,0.03709554672241211,-0.5145658254623413
-0.19467750191688538,0.0977739691734314,-0.41341549158096313
-0.3123510777950287,0.15664464235305786,-0.22322511672973633
-0.3294495940208435,0.07078033685684204,-0.014705061912536621
-0.11937733739614487,0.048886001110076904,0.06560009717941284
0.06031658500432968,0.049640536308288574,-0.0023041367530822754
0.06469268351793289,0.026039600372314453,-0.079551100730896
0.0009143352508544922,0.020839214324951172,-0.13838547468185425
-0.05044448375701904,0.021889984607696533,-0.18984580039978027
-0.04580836743116379,0.04358309507369995,-0.23488187789916992
0.017449066042900085,0.044528841972351074,-0.20955109596252441
0.06453296542167664,0.05809301137924194,-0.09658628702163696
0.09029983729124069,0.07011008262634277,0.019349217414855957
0.09262361377477646,0.08295196294784546,0.12252688407897949
0.08405672013759613,0.11888772249221802,0.18741178512573242
0.03924255818128586,0.14776074886322021,0.2186407446861267
-0.025472819805145264,0.15105193853378296,0.22141540050506592
-0.06531228125095367,0.1546926498413086,0.19783097505569458
-0.09116479009389877,0.1524028778076172,0.1627611517906189
-0.12632538378238678,0.1272648572921753,0.13079488277435303
-0.09550059586763382,0.11690503358840942,0.08334004878997803
-0.07725921273231506,0.1050538420677185,0.042560696601867676
-0.05675116926431656,0.08844512701034546,0.003957390785217285
-0.01992764323949814,0.0834692120552063,-0.02728503942489624
0.010175429284572601,0.07906097173690796,-0.049189090728759766
0.017395444214344025,0.08259066939353943,-0.04807025194168091
0.01293356716632843,0.08469927310943604,-0.021606922149658203
0.010320112109184265,0.08170276880264282,-0.007004737854003906
0.008603878319263458,0.08887234330177307,-0.0021518468856811523
-0.005609005689620972,0.09245666861534119,0.0093919038772583
-0.012579649686813354,0.0872168242931366,0.020783662796020508
0.007143817842006683,0.07674109935760498,0.028939127922058105
0.018384739756584167,0.0762031078338623,0.028139948844909668
0.013348452746868134,0.08123591542243958,0.02581000328063965
0.03276296705007553,0.07854056358337402,0.022730648517608643
0.06134849041700363,0.07877761125564575,0.010431170463562012
0.07610489428043365,0.0886041522026062,-0.0020769834518432617
0.09014585614204407,0.09666305780410767,-0.0010635852813720703
0.08265505731105804,0.09992989897727966,0.0023338794708251953
0.02616269886493683,0.11867651343345642,0.00834047794342041
-0.044872865080833435,0.15827977657318115,0.02405989170074463
-0.09283235669136047,0.17946302890777588,0.045170605182647705
-0.14756396412849426,0.1740548312664032,0.05498224496841431
-0.1717642843723297,0.1768440306186676,0.04449129104614258
-0.16163168847560883,0.1898401379585266,0.031241178512573242
-0.1679745614528656,0.1947745680809021,0.0366588830947876
-0.1921156793832779,0.1910102367401123,0.05603957176208496
-0.21363325417041779,0.2114260196685791,0.07273519039154053
-0.23431779444217682,0.2441396713256836,0.03883635997772217
0.07614557445049286,-0.026964902877807617,-0.2917248010635376
0.9131304025650024,-0.8091458678245544,0.1628645658493042
0.6576601266860962,-0.3982471227645874,0.9489424228668213
0.5755459070205688,-0.1094827651977539,1.499243140220642
0.5207197666168213,-0.0020614564418792725,1.8103424310684204
0.3792498707771301,-0.030233830213546753,1.4541888236999512
0.18255744874477386,0.047114163637161255,0.6964356303215027
-0.04103738069534302,0.21540120244026184,0.06970298290252686
-0.21302616596221924,0.22266992926597595,-0.2922431230545044
-0.3161085546016693,0.16691604256629944,-0.46946752071380615
-0.3410000801086426,0.13607117533683777,-0.5465346574783325
-0.3287625312805176,0.09701797366142273,-0.5536776781082153
-0.2937832474708557,0.07142847776412964,-0.48174750804901123
-0.23978611826896667,0.0589657723903656,-0.3315141201019287
-0.19721555709838867,0.03213423490524292,-0.16978460550308228
-0.1529637724161148,0.002500087022781372,-0.027897953987121582
-0.0979677364230156,0.011649549007415771,0.10874640941619873
-0.054322052747011185,0.00940653681755066,0.20243430137634277
-0.030110083520412445,0.00011739134788513184,0.24630975723266602
-0.007355134934186935,0.008031398057937622,0.24260854721069336
0.00392618402838707,0.016397684812545776,0.1993495225906372
-0.006614301353693008,0.008399784564971924,0.1268991231918335
-0.010824527591466904,-0.0029203593730926514,0.04622626304626465
-0.010477349162101746,-0.004628300666809082,-0.021097898483276367
-0.01700681447982788,-0.01938045024871826,-0.08037954568862915
-0.0158977210521698,-0.03230223059654236,-0.12220561504364014
-0.0045227184891700745,-0.04105755686759949,-0.13934218883514404
0.009831652045249939,-0.05424654483795166,-0.14392948150634766
0.026084885001182556,-0.057597994804382324,-0.13381510972976685
0.038454823195934296,-0.054682403802871704,-0.1100773811340332
0.05086606740951538,-0.05313140153884888,-0.08189141750335693
0.060815148055553436,-0.04600217938423157,-0.054367005825042725
0.0647936686873436,-0.031141459941864014,-0.024498939514160156
0.06468906253576279,-0.026632994413375854,-0.001704096794128418
0.0643722414970398,-0.02254730463027954,0.01154482364654541
0.06274072080850601,-0.011391490697860718,0.016246676445007324
0.054481539875268936,-0.004213422536849976,0.012595534324645996
0.05294467508792877,-0.002645552158355713,0.007689356803894043
0.053283579647541046,-0.0016157329082489014,0.0030273795127868652
0.047386810183525085,-0.0006848573684692383,-0.0031388401985168457
0.04136298596858978,0.0017924010753631592,-0.005251407623291016
0.028858624398708344,0.005319356918334961,0.0012137889862060547
0.01759212091565132,0.005904346704483032,0.0063190460205078125
0.0058199577033519745,0.006128907203674316,0.01277148723602295
-0.0033380575478076935,0.003214895725250244,0.014578104019165039
-0.013047700747847557,0.001499861478805542,0.011954903602600098
-0.02139556035399437,0.0017092227935791016,0.005993962287902832
-0.02608231082558632,-0.0012909173965454102,-0.0023553967475891113
-0.028079364448785782,-0.006592094898223877,-0.009975850582122803
-0.03142566606402397,-0.008819431066513062,-0.016192078590393066
-0.038969025015830994,-0.012888282537460327,-0.01939523220062256
-0.05114930123090744,-0.0170460045337677,-0.027531743049621582
-0.061147596687078476,-0.021053463220596313,-0.03820675611495972
-0.06688161194324493,-0.01365712285041809,-0.044415950775146484
-0.06410767138004303,-0.008246064186096191,-0.04406845569610596
-0.05411757528781891,-0.01535332202911377,-0.03660738468170166
-0.03940374031662941,-0.019550830125808716,-0.02002429962158203
-0.03052479214966297,-0.02269187569618225,-0.001010894775390625
-0.025973346084356308,-0.024678528308868408,0.01130664348602295
-0.019003858789801598,-0.022466585040092468,0.019230127334594727
-0.010807139798998833,-0.01669810712337494,0.0243680477142334
-0.008049936965107918,-0.01075279712677002,0.032508790493011475
-0.010444067418575287,-0.005526512861251831,0.04279506206512451
-0.011011248454451561,0.0013027042150497437,0.051180243492126465
-0.00866878405213356,0.008831620216369629,0.055258214473724365
-0.01242875587195158,0.0186862051486969,0.0604780912399292
-0.02052045613527298,0.026469647884368896,0.06236189603805542
-0.027195503935217857,0.038576871156692505,0.05997359752655029
-0.032792188227176666,0.050534769892692566,0.05158710479736328
-0.03172844648361206,0.05019931495189667,0.04042220115661621
-0.017263824120163918,0.04504403471946716,0.02599632740020752
-4.634261131286621e-06,0.03760357201099396,0.012006521224975586
0.015895657241344452,0.028054028749465942,-0.0027807950973510742
0.030762463808059692,0.016014233231544495,-0.017581820487976074
0.03798896074295044,0.005223482847213745,-0.032643258571624756
0.04148939624428749,-0.0012158304452896118,-0.04216492176055908
0.04589344561100006,-0.005013495683670044,-0.049436092376708984
0.05092097073793411,-0.008586704730987549,-0.05426466464996338
0.056572575122117996,-0.011415302753448486,-0.05016559362411499
0.06329084932804108,-0.010175034403800964,-0.040489912033081055
0.06391160935163498,-0.008079871535301208,-0.028463542461395264
0.05596400052309036,-0.005826398730278015,-0.011506438255310059
0.04801863804459572,-0.0033003687858581543,0.008806109428405762
0.03859030082821846,0.0026840120553970337,0.028598666191101074
0.027399692684412003,0.006106913089752197,0.03917288780212402
0.01541314646601677,0.008227288722991943,0.041896820068359375
0.011090513318777084,0.009605467319488525,0.03813457489013672
0.007111039012670517,0.007751137018203735,0.0265963077545166
0.0034055225551128387,0.006423294544219971,0.009988546371459961
0.005436763167381287,0.0038660913705825806,-0.0023462772369384766
0.003696080297231674,-0.0026137828826904297,-0.008343100547790527
0.0012981817126274109,-0.004147574305534363,-0.013581037521362305
0.0022346749901771545,-0.006870940327644348,-0.013299226760864258
0.0039253830909729,-0.01088966429233551,-0.011247515678405762
0.005871053785085678,-0.011265829205513,-0.009618282318115234
0.00820491835474968,-0.010072708129882812,-0.007294058799743652
0.011041950434446335,-0.009827539324760437,-0.0027227401733398438
0.013585548847913742,-0.009931430220603943,0.0011039972305297852
0.016983702778816223,-0.010367065668106079,0.0034753084182739258
0.015929825603961945,-0.008243441581726074,0.0037055611610412598
0.008436344563961029,-0.00864402949810028,0.003256499767303467
0.0034481361508369446,-0.01092579960823059,-0.00482708215713501
0.003399137407541275,-0.011263594031333923,-0.01829928159713745
0.0034239403903484344,-0.010124057531356812,-0.03104233741760254
0.001354910433292389,-0.007594242691993713,-0.034429848194122314
-0.0009005814790725708,-0.004720598459243774,-0.029358744621276855
-0.0006916932761669159,-0.0010897070169448853,-0.01961648464202881
-0.0023389682173728943,0.001564323902130127,-0.0034624338150024414
-0.003869868814945221,0.0051005929708480835,0.013074040412902832
-0.0018425248563289642,0.008042454719543457,0.025001883506774902
-0.004952315241098404,0.007417917251586914,0.029682278633117676
-0.004887789487838745,0.004518672823905945,0.026166796684265137
-0.001269061118364334,0.0039286017417907715,0.014153242111206055
0.00158584862947464,0.0027259141206741333,0.00048553943634033203
0.004427369683980942,-0.0007144957780838013,-0.0084075927734375
0.005032695829868317,-0.002391025424003601,-0.012094736099243164
0.007858846336603165,-0.003581985831260681,-0.011731743812561035
0.012004829943180084,-0.0033867061138153076,-0.005063056945800781
0.01040169969201088,-0.0027874261140823364,0.003202080726623535
0.006534256041049957,-0.0013388395309448242,0.009271621704101562
0.00656890869140625,0.0002743750810623169,0.009835600852966309
0.005089420825242996,0.002508014440536499,0.010954856872558594
0.002602614462375641,0.0025413036346435547,0.008442461490631104
0.002129383385181427,0.0036996006965637207,0.0027565956115722656
0.004605874419212341,0.003254815936088562,-0.0007964372634887695
0.008821230381727219,0.002109810709953308,-0.002346515655517578
0.010894209146499634,0.0021191686391830444,0.0006326436996459961
0.011120226234197617,0.0022754818201065063,0.0030107498168945312
0.009838536381721497,0.0029432326555252075,0.008389651775360107
0.00758780911564827,0.0010897666215896606,0.007106184959411621
0.006009064614772797,-0.001925647258758545,0.0017693042755126953
0.004595909267663956,-0.007075205445289612,-0.00586390495300293
0.005272388458251953,-0.008831918239593506,-0.01601189374923706
0.007177330553531647,-0.009698554873466492,-0.02446615695953369
0.009848035871982574,-0.010734617710113525,-0.027324676513671875
0.011168908327817917,-0.011768102645874023,-0.023889780044555664
0.01137152686715126,-0.010410085320472717,-0.016314685344696045
0.013739436864852905,-0.00423787534236908,-0.008010685443878174
0.0133013054728508,0.0013865828514099121,0.0023348331451416016
0.010573204606771469,0.0030792206525802612,0.012681365013122559
0.005795422941446304,0.005001559853553772,0.019275128841400146
0.0052522532641887665,0.006469666957855225,0.01875889301300049
0.005554020404815674,0.007121279835700989,0.011749207973480225
0.005765244364738464,0.006973326206207275,0.00603938102722168
0.00794178619980812,0.005857601761817932,0.0005260705947875977
0.007885996252298355,0.00486321747303009,-0.0022013187408447266
0.008636362850666046,0.006012395024299622,-0.003910422325134277
0.010171283036470413,0.005814060568809509,-0.002377152442932129
0.00977959856390953,0.004338935017585754,0.0016475915908813477
0.008717507123947144,0.0031276047229766846,0.004618167877197266
0.006030131131410599,0.00022479891777038574,0.005672812461853027
0.0036934316158294678,-0.0033595412969589233,0.0022333860397338867
-3.573670983314514e-05,-0.0051924437284469604,-0.0012639760971069336
-0.0030319206416606903,-0.0072265565395355225,-0.007066488265991211
-0.001243826001882553,-0.009260237216949463,-0.013859927654266357
0.003436002880334854,-0.008848264813423157,-0.019080281257629395
0.004585150629281998,-0.007171705365180969,-0.019064605236053467
0.004602592438459396,-0.004832908511161804,-0.014511287212371826
0.0017493143677711487,-0.0028250813484191895,-0.006873011589050293
-0.002560041844844818,-0.0036921799182891846,-0.0005128383636474609
-0.007803689688444138,-0.004841506481170654,0.0023189187049865723
-0.008976511657238007,-0.005936622619628906,-0.0010744333267211914
-0.006029102951288223,-0.005994528532028198,-0.0070732831954956055
-0.0035910233855247498,-0.00546613335609436,-0.013964056968688965
-0.002909556031227112,-0.0022690892219543457,-0.017720580101013184
-0.000379171222448349,0.001348733901977539,-0.015511393547058105
0.002327360212802887,0.004429832100868225,-0.007020711898803711
0.00895906612277031,0.008406415581703186,0.00044095516204833984
0.017168287187814713,0.011934280395507812,0.010503530502319336
0.021102890372276306,0.0152646005153656,0.018813014030456543
0.018309805542230606,0.01585516333580017,0.026836931705474854
0.01493232324719429,0.013191014528274536,0.024149179458618164
0.010859016329050064,0.008808746933937073,0.010216116905212402
0.007911965250968933,0.0029900670051574707,-0.004446268081665039
0.007877115160226822,-0.005121394991874695,-0.01749861240386963
0.009924434125423431,-0.013030365109443665,-0.024968266487121582
0.013075731694698334,-0.018235206604003906,-0.029143035411834717
0.014353152364492416,-0.02000485360622406,-0.026720285415649414
0.012312650680541992,-0.01795254647731781,-0.01765275001525879
0.007034625858068466,-0.011998027563095093,-0.005153477191925049
0.0015048719942569733,-0.005641043186187744,0.006716132164001465
-0.0029592663049697876,-1.893937587738037e-05,0.015137553215026855
-0.01036117598414421,0.004447117447853088,0.021114826202392578
-0.015872109681367874,0.007060781121253967,0.022085189819335938
-0.01449524611234665,0.007301002740859985,0.016308844089508057
-0.009559568017721176,0.0031260699033737183,0.009854793548583984
-0.0008585415780544281,-0.002822577953338623,0.0028284788131713867
0.011891666799783707,-0.005167171359062195,-0.005614638328552246
0.017365090548992157,-0.004310816526412964,-0.008984506130218506
0.018423669040203094,-0.003091081976890564,-0.006808638572692871
0.019934218376874924,-0.00037536025047302246,0.0002930164337158203
0.020042061805725098,0.0015822499990463257,0.004053711891174316
0.020033352077007294,0.0028477460145950317,0.007970690727233887
0.017734728753566742,0.003492191433906555,0.008630156517028809
0.015576377511024475,-0.0007240921258926392,0.006975829601287842
0.015808284282684326,-0.00440254807472229,0.0003210306167602539
0.016397152096033096,-0.006321072578430176,-0.008507728576660156
0.012070972472429276,-0.009133905172348022,-0.015324056148529053
0.0042670369148254395,-0.009682491421699524,-0.01624774932861328
-0.0030523575842380524,-0.007084786891937256,-0.016571402549743652
-0.009944368153810501,-0.004178151488304138,-0.013540267944335938
-0.01595606654882431,-0.0022088587284088135,-0.006482958793640137
-0.01835690438747406,0.0010593980550765991,-0.002103865146636963
-0.020057957619428635,0.003808915615081787,0.0011445283889770508
-0.022420920431613922,0.003285020589828491,0.005072474479675293
-0.019768547266721725,0.0038624852895736694,0.005972385406494141
-0.017463520169258118,0.002138480544090271,0.005102992057800293
-0.016741547733545303,-0.0007281005382537842,0.004108309745788574
-0.014445267617702484,-0.004005253314971924,-0.0016726851463317871
-0.009400323033332825,-0.006253927946090698,-0.00946354866027832
-0.004001397639513016,-0.006052061915397644,-0.01717996597290039
0.00234183669090271,-0.007568657398223877,-0.019234895706176758
0.006316144019365311,-0.00792442262172699,-0.01725250482559204
0.008643455803394318,-0.006861791014671326,-0.013006985187530518
0.00802323967218399,-0.005312114953994751,-0.0072231292724609375
0.007053382694721222,-0.0036843419075012207,-0.004027962684631348
0.008065175265073776,-0.0029610246419906616,-0.0017766952514648438
0.0074889883399009705,-0.0028058886528015137,-0.003693878650665283
0.009462293237447739,-0.000550001859664917,-0.007310271263122559
0.012349437922239304,-0.0006361305713653564,-0.007393240928649902
0.0106293223798275,-0.0036809146404266357,-0.007598400115966797
0.011608973145484924,-0.0032890141010284424,-0.006028413772583008
0.01879138872027397,0.0025465786457061768,-0.004804372787475586
0.023850519210100174,0.006995156407356262,3.5762786865234375e-06
0.033257219940423965,0.01025158166885376,0.008896946907043457
0.03114079311490059,0.014469414949417114,0.01351475715637207
0.029582418501377106,0.014738813042640686,0.020794272422790527
0.0255037359893322,0.016051679849624634,0.02646815776824951
0.01889548823237419,0.009154632687568665,0.027833104133605957
0.01689271628856659,0.004736512899398804,0.02751636505126953
0.014562521129846573,0.005526363849639893,0.02159595489501953
0.010101325809955597,0.0026595592498779297,0.011472582817077637
0.007889676839113235,-0.0017716437578201294,0.00902247428894043
0.004186674952507019,-0.004325270652770996,0.011536180973052979
0.0028246231377124786,-0.006582140922546387,0.020570695400238037
0.0063202641904354095,-0.01141098141670227,0.032643795013427734
0.005658470094203949,-0.011168211698532104,0.049085378646850586
9.7665935754776e-05,-0.01110982894897461,0.05939352512359619
-0.010623175650835037,-0.007843375205993652,0.061188697814941406
-0.01837022975087166,0.0008372664451599121,0.056660592555999756
-0.01828650012612343,0.011947497725486755,0.04462921619415283
-0.012797249481081963,0.01970478892326355,0.02974259853363037
-0.006773222237825394,0.01903289556503296,0.017734169960021973
-0.0001728646457195282,0.016014844179153442,0.010532975196838379
-0.0004980508238077164,0.01291075348854065,0.004482746124267578
-0.007609911262989044,0.013974636793136597,-0.016631603240966797
0.0020229965448379517,0.015347540378570557,-0.032906532287597656
0.010217688977718353,0.006248950958251953,-0.03091120719909668
0.022734299302101135,0.00374448299407959,-0.02053523063659668
0.025800755247473717,-0.0008118152618408203,-0.011225461959838867
0.03160090371966362,0.0032894909381866455,-0.008369684219360352
0.02936488576233387,0.0032595694065093994,-0.006039023399353027
0.02596856839954853,0.004672616720199585,-0.008489429950714111
0.029249100014567375,0.013153374195098877,-0.01121610403060913
0.015272453427314758,0.006988495588302612,-0.01844543218612671
0.008767182007431984,0.004813551902770996,-0.02278006076812744
0.013091709464788437,0.013385474681854248,-0.023076534271240234
0.013444444164633751,0.020907431840896606,-0.02697610855102539
0.09638357162475586,0.09555155038833618,-0.030256032943725586
0.3314681947231293,0.285635769367218,0.0203704833984375
-0.034117441624403,-0.0613841712474823,0.003940463066101074
-0.17703865468502045,-0.18691429495811462,0.017288565635681152
-0.1287093162536621,-0.10875743627548218,0.013740301132202148
-0.03156772628426552,0.0015267431735992432,-0.012262701988220215
0.021563595160841942,0.02863597869873047,-0.043056488037109375
0.011763609014451504,0.012503325939178467,-0.06806778907775879
-0.015762392431497574,-0.002064317464828491,-0.06947505474090576
-0.02998342365026474,-0.006916224956512451,-0.04813063144683838
-0.040796712040901184,-0.005742311477661133,-0.029444336891174316
-0.04482684284448624,-0.0023751258850097656,-0.020161211490631104
-0.038861554116010666,0.002917647361755371,-0.01266103982925415
-0.02341816946864128,0.004166096448898315,-0.001650094985961914
-0.010481026023626328,0.0032823681831359863,0.00490880012512207
-0.0012985696084797382,-0.0004614591598510742,0.005842447280883789
0.008881966583430767,-0.000734478235244751,0.0019235610961914062
0.01931043341755867,0.0010243356227874756,-0.007120370864868164
0.019382774829864502,-0.0021272897720336914,-0.018163084983825684
0.018160322681069374,-0.005656898021697998,-0.03048884868621826
0.01831570640206337,-0.007714658975601196,-0.03747445344924927
0.016824733465909958,-0.004740089178085327,-0.03917396068572998
0.012725495733320713,-0.004187047481536865,-0.034749388694763184
0.0042947931215167046,-0.008885890245437622,-0.027919769287109375
0.00023751985281705856,-0.010319620370864868,-0.015208125114440918
0.001832866109907627,-0.006333142518997192,0.002100646495819092
0.002715875394642353,-0.004497140645980835,0.01628875732421875
0.0015811370685696602,-0.0009843707084655762,0.019170641899108887
0.00017308257520198822,0.0025660693645477295,0.02036130428314209
-0.0010929666459560394,0.002977699041366577,0.019060850143432617
-0.0034131621941924095,-0.004395335912704468,0.016513168811798096
-0.005863059312105179,-0.007172316312789917,0.015502214431762695
-0.007510777097195387,-0.004927188158035278,0.01030588150024414
-0.011004863306879997,-0.006622284650802612,0.0011063814163208008
-0.012532993219792843,-0.007647693157196045,-0.00980609655380249
-0.014375901781022549,-0.004793494939804077,-0.01618361473083496
-0.01712752692401409,-0.005661606788635254,-0.01631331443786621
-0.018229734152555466,-0.00510898232460022,-0.014518260955810547
-0.017017783597111702,0.001920461654663086,-0.015104472637176514
-0.008389439433813095,0.0046465396881103516,-0.011859536170959473
6.267242133617401e-05,6.493926048278809e-05,-0.002128005027770996
0.006416176445782185,-0.002842634916305542,0.003803253173828125
0.012634453363716602,-0.0012599825859069824,0.00856548547744751
0.01754414662718773,0.0016329586505889893,0.015443861484527588
0.018901892006397247,0.0014962852001190186,0.024455547332763672
0.017163898795843124,-0.00023820996284484863,0.02330726385116577
0.012975194491446018,-0.0005025863647460938,0.01455986499786377
0.011759515851736069,-0.0026426315307617188,0.0015906095504760742
0.01183445006608963,-0.00614696741104126,-0.012187361717224121
0.01015743613243103,-0.007191509008407593,-0.021178722381591797
0.008716666139662266,-0.004110932350158691,-0.022926807403564453
0.008614586666226387,-0.0007428526878356934,-0.01636749505996704
0.007938924245536327,0.004587531089782715,-0.005058765411376953
0.005832089111208916,0.009635508060455322,0.006175577640533447
0.0005785617977380753,0.01052236557006836,0.02152848243713379
-0.0025973347947001457,0.008544772863388062,0.028582334518432617
-0.004640961065888405,0.0053675174713134766,0.028090953826904297
-0.0066384244710206985,0.003119140863418579,0.01875603199005127
-0.005904156714677811,0.0019324719905853271,0.004179596900939941
-0.00918356142938137,0.002261549234390259,-0.01075899600982666
-0.011471353471279144,0.002962172031402588,-0.02183091640472412
-0.01614316739141941,0.003693819046020508,-0.023467063903808594
-0.017252584919333458,0.004410415887832642,-0.015933871269226074
-0.012068063952028751,0.006885826587677002,-0.005264878273010254
-0.004760046489536762,0.007473379373550415,0.009291648864746094
0.005085092969238758,0.0059074461460113525,0.02237081527709961
0.01430238876491785,0.0031197071075439453,0.030245959758758545
0.019043898209929466,-0.00041359663009643555,0.028400659561157227
0.022144874557852745,-0.0021729469299316406,0.017642855644226074
0.022198818624019623,-0.0036914944648742676,0.0019603967666625977
0.018902357667684555,-0.007649093866348267,-0.014868617057800293
0.014134878292679787,-0.006790518760681152,-0.029045820236206055
0.011797046288847923,-0.002873748540878296,-0.03636586666107178
0.011415213346481323,0.0007264912128448486,-0.03615927696228027
0.008498365059494972,0.0014059245586395264,-0.02812957763671875
0.008194247260689735,-0.000668942928314209,-0.014353394508361816
0.012383710592985153,-0.0038182735443115234,0.0029085874557495117
0.011910248547792435,-0.006665855646133423,0.013167381286621094
0.005470510572195053,-0.007866919040679932,0.013398528099060059
0.0015228092670440674,-0.012209832668304443,0.014793336391448975
-0.0023360326886177063,-0.008731275796890259,0.01153421401977539
-0.009148253127932549,-0.004451245069503784,0.002247452735900879
-0.013771794736385345,-0.004630982875823975,-0.01249706745147705
-0.016122916713356972,-0.003141731023788452,-0.02658987045288086
-0.012770470231771469,-0.0024468302726745605,-0.03705191612243652
-0.008458375930786133,-0.0020107030868530273,-0.03993004560470581
-0.0029592756181955338,-0.0019469261169433594,-0.03701579570770264
-0.002941342070698738,-0.0004305243492126465,-0.029399514198303223
-0.006835097447037697,-0.003747999668121338,-0.028458714485168457
-0.011560257524251938,-0.007397115230560303,-0.03138786554336548
-0.012788750231266022,-0.0053672194480896,-0.036286354064941406
-0.014158396050333977,-0.00419268012046814,-0.041242897510528564
-0.012507457286119461,-0.005691051483154297,-0.04097193479537964
-0.006953900679945946,-0.007968872785568237,-0.030093073844909668
-0.0026803137734532356,-0.010971903800964355,-0.013060152530670166
0.0013969875872135162,-0.007790178060531616,0.0011092424392700195
0.0046102674677968025,-0.0012040436267852783,0.011781096458435059
0.006493723951280117,0.000867307186126709,0.017693161964416504
0.007917436771094799,0.0007660984992980957,0.020395934581756592
0.00995929166674614,0.0036615729331970215,0.019644558429718018
0.012653838843107224,0.006349623203277588,0.016191184520721436
0.019282929599285126,0.006886273622512817,0.018389225006103516
0.0217032078653574,0.006545841693878174,0.02626514434814453
0.021770773455500603,0.008466869592666626,0.033141493797302246
0.02276347391307354,0.008484125137329102,0.037241339683532715
0.021949004381895065,0.010874003171920776,0.03771770000457764
0.019015561789274216,0.0110645592212677,0.03289806842803955
0.015883512794971466,0.010477155447006226,0.027515888214111328
0.012147055938839912,0.0081290602684021,0.023769617080688477
0.013012459501624107,0.0067563652992248535,0.017768383026123047
0.018414201214909554,0.008470594882965088,0.011872410774230957
0.020568106323480606,0.007711857557296753,0.007165431976318359
0.016921846196055412,0.0044705867767333984,0.005494594573974609
0.014439398422837257,0.0022349655628204346,0.004532814025878906
0.016185590997338295,0.003369748592376709,0.005061745643615723
0.015326710417866707,0.0032517611980438232,0.007110238075256348
0.010525284335017204,0.0026968419551849365,0.008400797843933105
0.004297541454434395,0.004364043474197388,0.013648152351379395
-0.0008700098842382431,0.000783383846282959,0.013358354568481445
-0.002675658091902733,-0.0027664899826049805,0.006924986839294434
-0.009006991982460022,-0.0067698657512664795,-0.002681255340576172
-0.012431446462869644,-0.01325187087059021,-0.015374541282653809
-0.01080816425383091,-0.017821669578552246,-0.02779364585876465
-0.007323121652007103,-0.017077207565307617,-0.037970542907714844
-0.005455387756228447,-0.014327555894851685,-0.04143041372299194
-0.004020988941192627,-0.006881386041641235,-0.03561508655548096
-0.007208678871393204,0.0001456141471862793,-0.020179271697998047
-0.008946407586336136,0.005546301603317261,0.0005917549133300781
-0.007823407649993896,0.00968557596206665,0.018622279167175293
-0.009662015363574028,0.010625272989273071,0.03141510486602783
-0.00958048366010189,0.009899556636810303,0.03258746862411499
-0.0034928712993860245,0.009692847728729248,0.024662137031555176
0.004880987107753754,0.009488284587860107,0.010249972343444824
0.013006584718823433,0.009014695882797241,-0.004816651344299316
0.016267655417323112,0.007051408290863037,-0.013874411582946777
0.01706688664853573,0.002605617046356201,-0.016146540641784668
0.0180398840457201,1.9073486328125e-05,-0.013392627239227295
0.019207481294870377,-0.0013515353202819824,-0.01038515567779541
0.019303640350699425,-0.003006547689437866,-0.010513663291931152
0.02346847392618656,-0.0064078569412231445,-0.010466814041137695
0.016894591972231865,-0.003372877836227417,-0.009716153144836426
0.010828753933310509,-0.002848118543624878,-0.008432745933532715
0.006263436749577522,0.00019150972366333008,-0.006540775299072266
0.0032905545085668564,0.001706928014755249,0.0024679899215698242
-0.0005963798612356186,0.002446889877319336,0.014582157135009766
-0.001965843141078949,0.004150748252868652,0.02314692735671997
-0.003396958112716675,0.005752742290496826,0.021533489227294922
-0.007808094844222069,0.004307955503463745,0.012559652328491211
-0.010997505858540535,-0.001029282808303833,0.003110945224761963
-0.010006804019212723,-0.0021659135818481445,-0.006264984607696533
-0.00959327258169651,-0.002081066370010376,-0.012367784976959229
-0.0060785915702581406,-0.006566941738128662,-0.010716795921325684
1.9529834389686584e-05,-0.006194978952407837,-0.0088425874710083
0.004953199997544289,-0.002303779125213623,-0.010235786437988281
0.008029542863368988,-0.0028685331344604492,-0.0027942657470703125
0.011931361630558968,-0.0019302666187286377,0.005567073822021484
0.01792159117758274,-0.0016148686408996582,0.005853176116943359
0.02069096267223358,0.0008579790592193604,0.002413630485534668
0.021666232496500015,0.0023362934589385986,-0.001031339168548584
0.016861028969287872,0.003380030393600464,-0.008404731750488281
0.013480594381690025,0.00520557165145874,-0.015136420726776123
0.010491177439689636,0.00018548965454101562,-0.01519012451171875
0.008471015840768814,-0.004337608814239502,-0.008846402168273926
0.008295362815260887,-0.005354374647140503,0.0020145177841186523
0.010172650218009949,-0.003899812698364258,0.0117110013961792
0.006271911785006523,0.0021690428256988525,0.009349584579467773
0.007463203743100166,0.014421463012695312,0.015888690948486328
-0.004668867215514183,0.11339938640594482,0.025599181652069092
-0.078658327460289,0.061608701944351196,0.06637763977050781
-0.09517492353916168,-0.05935794115066528,0.06851577758789062
0.01349526084959507,-0.00974339246749878,0.02093684673309326
0.03822261840105057,0.03543597459793091,-0.002479076385498047
-0.012171665206551552,0.011426329612731934,-0.01120835542678833
-0.0072955358773469925,-0.02058541774749756,-0.018808722496032715
0.030193140730261803,-0.016849398612976074,-0.04060089588165283
0.044878892600536346,-0.010355830192565918,-0.05870622396469116
0.037901170551776886,-0.01489683985710144,-0.06581485271453857
0.032823752611875534,-0.02499711513519287,-0.06693887710571289
0.029827460646629333,-0.02487972378730774,-0.07245129346847534
0.03061729483306408,-0.017798036336898804,-0.06965827941894531
0.02909845858812332,-0.015481323003768921,-0.05887472629547119
0.025864312425255775,-0.014037787914276123,-0.05694246292114258
0.018877407535910606,-0.005238920450210571,-0.04742443561553955
-0.005390023812651634,0.01104089617729187,0.07421731948852539
-0.012534867972135544,-0.019732743501663208,0.07994675636291504
0.016511686146259308,-0.026570260524749756,0.06715822219848633
0.028316836804151535,-0.008123010396957397,0.07093775272369385
-0.00012927688658237457,-0.004496514797210693,0.04129230976104736
-0.023068806156516075,-0.007553130388259888,0.004106402397155762
-0.02664003148674965,-0.009093552827835083,-0.02569359540939331
-0.02800586074590683,-0.007838666439056396,-0.04653465747833252
-0.030324678868055344,-0.0036989152431488037,-0.05119377374649048
-0.029637765139341354,-0.0008987784385681152,-0.0502282977104187
-0.026147466152906418,0.0018242597579956055,-0.042689621448516846
-0.017572809010744095,0.008557885885238647,-0.018369436264038086
-0.011135656386613846,0.005207180976867676,0.01921820640563965
-0.003360781818628311,-0.0004666447639465332,0.058197617530822754
0.005194023251533508,0.001741945743560791,0.07737982273101807
0.009502395987510681,0.00476345419883728,0.07990264892578125
0.013352744281291962,0.00631222128868103,0.0679330825805664
0.008969083428382874,0.003217041492462158,0.045358896255493164
-0.0028947144746780396,0.006102174520492554,0.02368086576461792
-0.020150884985923767,0.01683303713798523,0.009784460067749023
-0.03839360922574997,0.02237984538078308,0.004133403301239014
-0.06385532021522522,0.023349851369857788,0.014710187911987305
-0.09069715440273285,0.034854769706726074,0.0363537073135376
-0.09882214665412903,0.04838636517524719,0.05394625663757324
-0.07911871373653412,0.053268760442733765,0.06696343421936035
-0.04668116569519043,0.05941632390022278,0.08576619625091553
-0.026752591133117676,0.09922528266906738,0.10674375295639038
-0.013733640313148499,0.1029752790927887,0.1221112608909607
0.04946710169315338,-0.0011696219444274902,0.09228241443634033
0.09722299873828888,-0.02163243293762207,0.03591257333755493
0.10306398570537567,0.0022226274013519287,-0.007431507110595703
0.07006266713142395,0.020185917615890503,-0.015107393264770508
0.056151628494262695,0.019757837057113647,-0.015350043773651123
0.052289992570877075,0.016273409128189087,-0.0236356258392334
0.05985918641090393,0.00838586688041687,-0.03816723823547363
0.07285481691360474,0.00383603572845459,-0.048813045024871826
0.10191847383975983,0.047721296548843384,-0.07075297832489014
0.14470554888248444,0.10783150792121887,-0.0757443904876709
0.07337798178195953,-0.021422356367111206,-0.045005202293395996
-0.016158655285835266,-0.10655069351196289,-0.055110156536102295
0.010056272149085999,-0.060965001583099365,-0.0705406665802002
0.02118682861328125,-0.011486262083053589,-0.07542693614959717
-0.0021827667951583862,0.005481064319610596,-0.09797787666320801
-0.017246350646018982,0.003042936325073242,-0.10552984476089478
-0.032246582210063934,0.010866820812225342,-0.0901835560798645
-0.031839922070503235,0.011887520551681519,-0.06907802820205688
-0.014575138688087463,0.009658068418502808,-0.05069899559020996
-0.004112169146537781,-0.0025498569011688232,-0.043282926082611084
-0.00782822072505951,-0.012444645166397095,-0.03896796703338623
-0.006891213357448578,-0.015044599771499634,-0.04019474983215332
-0.005214221775531769,-0.009432405233383179,-0.0394139289855957
0.0025667473673820496,-0.002701282501220703,-0.04868340492248535
0.0010369569063186646,-0.007672756910324097,-0.05080246925354004
-0.0009710043668746948,-0.022137761116027832,-0.05176675319671631
0.005693860352039337,-0.02783796191215515,-0.05729269981384277
0.014239232987165451,-0.017992258071899414,-0.05736452341079712
0.03568596392869949,-0.008092284202575684,-0.04161369800567627
0.0459589958190918,-0.011881113052368164,-0.0065305233001708984
0.03899666666984558,-0.02704101800918579,0.028584778308868408
0.02698058821260929,-0.030615568161010742,0.054662466049194336
0.024080265313386917,-0.021416455507278442,0.0643354058265686
0.018938731402158737,-0.0053795576095581055,0.07086718082427979
0.007485170848667622,0.007277548313140869,0.07008403539657593
0.0005061235278844833,0.01601007580757141,0.05874049663543701
-0.011810798197984695,0.02316799759864807,0.0463297963142395
-0.013953185640275478,0.030104219913482666,0.02783668041229248
0.1507747620344162,0.16222962737083435,-0.02624136209487915
0.08749347180128098,0.09007951617240906,-0.001858830451965332
-0.12989723682403564,-0.09051206707954407,0.05034637451171875
-0.16356325149536133,-0.09757938981056213,0.050509512424468994
-0.09638703614473343,-0.027423620223999023,0.033126235008239746
-0.018573053181171417,0.02134433388710022,0.009224116802215576
0.011324631050229073,0.015379130840301514,-0.007746458053588867
0.0010871198028326035,-0.001971602439880371,-0.00791698694229126
-0.004802582785487175,-0.002736985683441162,-0.0010794401168823242
-0.00550326332449913,0.01175805926322937,-0.0022125244140625
-0.006422536447644234,0.018230080604553223,-0.0007737278938293457
-0.013209521770477295,0.018004506826400757,-0.0031446218490600586
-0.047262415289878845,0.011391609907150269,-0.007200002670288086
-0.08040924370288849,-0.0042198896408081055,-0.02521836757659912
-0.06058944761753082,-0.00415453314781189,-0.051116943359375
-0.014942113310098648,0.005475372076034546,-0.06254541873931885
0.009439406916499138,0.001658320426940918,-0.04804861545562744
0.012182310223579407,-0.008753925561904907,-0.03536856174468994
0.02032390423119068,-0.010888934135437012,-0.02082359790802002
0.028581300750374794,-0.011002004146575928,0.0013642311096191406
0.03123359940946102,-0.009254872798919678,0.020448267459869385
0.03766987472772598,-0.006412327289581299,0.03387594223022461
0.04228586703538895,-0.0031896233558654785,0.0436481237411499
0.035303086042404175,-0.0014564096927642822,0.037665724754333496
0.029240136966109276,-0.0031485259532928467,0.01999533176422119
0.021021556109189987,0.001943051815032959,0.002267003059387207
0.011155778542160988,0.006614059209823608,-0.010417938232421875
0.0019504819065332413,0.0053636133670806885,-0.013019919395446777
0.0016910061240196228,0.0022302865982055664,-0.006480097770690918
0.003334321081638336,0.0009553730487823486,0.0010627508163452148
0.002418817952275276,0.002549082040786743,0.006098508834838867
-0.0037140287458896637,0.0046179890632629395,0.011661887168884277
-0.008842388167977333,0.00637248158454895,0.011582493782043457
-0.01165514625608921,0.00834423303604126,0.008856058120727539
-0.00988924689590931,0.008548438549041748,0.008297920227050781
-0.007493339478969574,0.00679326057434082,0.008924245834350586
-0.002885090187191963,0.003545135259628296,0.009717464447021484
0.004746951162815094,0.0014075040817260742,0.01617377996444702
0.014501111581921577,0.00209200382232666,0.0233767032623291
0.019924774765968323,0.001294940710067749,0.025064587593078613
0.02009023353457451,0.0032429397106170654,0.018986880779266357
0.01829109899699688,0.008172810077667236,0.012938618659973145
0.020336436107754707,0.010784029960632324,0.012737035751342773
0.018774794414639473,0.011056840419769287,0.015820741653442383
0.014780310913920403,0.011385977268218994,0.017803668975830078
0.01488071121275425,0.01189267635345459,0.02099597454071045
0.015717683359980583,0.012348145246505737,0.023819804191589355
0.022030027583241463,0.01590287685394287,0.02792435884475708
0.027282821014523506,0.01880297064781189,0.037870049476623535
0.027642641216516495,0.022057652473449707,0.049294114112854004
0.016317568719387054,0.02483236789703369,0.06240689754486084
-0.0006214044988155365,0.024154692888259888,0.07594919204711914
-0.012193731963634491,0.021859079599380493,0.07947611808776855
-0.011930597014725208,0.019791632890701294,0.07675522565841675
-0.009249100461602211,0.007891863584518433,0.07577323913574219
-0.007099404465407133,-0.00783875584602356,0.05054891109466553
-0.017829062417149544,-0.018084198236465454,-0.024013042449951172
-0.05013338103890419,-0.02214851975440979,-0.10965746641159058
-0.0880008265376091,-0.03605520725250244,-0.14846408367156982
-0.10627353936433792,-0.05281192064285278,-0.1562429666519165
-0.0819767415523529,-0.07226294279098511,-0.1479736566543579
-0.050013743340969086,-0.09678694605827332,-0.10267353057861328
-0.019000938162207603,-0.11141073703765869,0.016786396503448486
0.01034630462527275,-0.10419812798500061,0.2073134183883667
0.012084342539310455,-0.08169394731521606,0.41375601291656494
-0.011755891144275665,-0.06419351696968079,0.5624833106994629
-0.0320187583565712,-0.05169886350631714,0.6361607313156128
-0.05641024559736252,0.012186944484710693,0.6404609084129333
-0.09687194228172302,0.049909889698028564,0.5860015749931335
-0.09523510187864304,0.017296433448791504,0.470100998878479
-0.05435294657945633,-0.00634688138961792,0.3839159607887268
0.009148567914962769,-0.03959321975708008,0.4198087453842163
0.1183774322271347,-0.08821195363998413,0.45238029956817627
0.17881356179714203,-0.07189446687698364,0.39485400915145874
0.13336007297039032,-0.06963366270065308,0.3379089832305908
0.11383076012134552,-0.056648969650268555,0.30089521408081055
0.09832540154457092,-0.039399683475494385,0.2742581367492676
0.06694437563419342,-0.029756128787994385,0.28136223554611206
0.04829077422618866,-0.004025578498840332,0.30557161569595337
0.04678124189376831,0.029403746128082275,0.3358020782470703
0.03674619644880295,0.055302441120147705,0.3603615164756775
0.03838379681110382,0.08448457717895508,0.3497071862220764
0.047533243894577026,0.11213445663452148,0.3094819188117981
0.04536353796720505,0.1269758939743042,0.25034505128860474
0.059209831058979034,0.13854432106018066,0.17844432592391968
0.0578780472278595,0.153298020362854,0.10592609643936157
0.02047792822122574,0.1724478006362915,0.04018145799636841
-0.010679371654987335,0.18539398908615112,-0.00668102502822876
-0.01707950234413147,0.19140464067459106,-0.030218303203582764
-0.006833307445049286,0.1910332441329956,-0.04016530513763428
-0.002171814441680908,0.191237211227417,-0.05467861890792847
-0.004522919654846191,0.19523996114730835,-0.07771128416061401
0.0017480626702308655,0.20186007022857666,-0.10820233821868896
0.009214017540216446,0.2082812786102295,-0.1416988968849182
0.020639296621084213,0.20795410871505737,-0.1636582612991333
0.02916843444108963,0.20819157361984253,-0.1735614538192749
0.046400755643844604,0.20947211980819702,-0.18545114994049072
0.04803253337740898,0.20588773488998413,-0.19960975646972656
0.041695430874824524,0.19823020696640015,-0.22088003158569336
0.0316295400261879,0.1990659236907959,-0.251651793718338
0.013692840933799744,0.2006799578666687,-0.28623759746551514
0.002715490758419037,0.19791269302368164,-0.3093332052230835
-0.0024026185274124146,0.19303059577941895,-0.3033372759819031
-0.0025346800684928894,0.18645089864730835,-0.2794915437698364
0.013634519651532173,0.183171808719635,-0.2540281414985657
0.030403684824705124,0.1767979860305786,-0.21777212619781494
0.039455778896808624,0.16254490613937378,-0.18688085675239563
0.04471609741449356,0.1588016152381897,-0.17136871814727783
0.03523652255535126,0.15556120872497559,-0.16977500915527344
0.011359919793903828,0.14288604259490967,-0.18645331263542175
-0.0008338792249560356,0.134637713432312,-0.208889901638031
-0.012982575222849846,0.1249387264251709,-0.2093968689441681
-0.029600001871585846,0.11226624250411987,-0.19385921955108643
-0.033446304500103,0.0989425778388977,-0.17119449377059937
-0.026779238134622574,0.08373570442199707,-0.1491374969482422
-0.014170628041028976,0.06733149290084839,-0.12952005863189697
0.0011198804713785648,0.05488806962966919,-0.106936514377594
0.029627831652760506,0.04212003946304321,-0.07132124900817871
0.049220964312553406,0.028085052967071533,-0.0383339524269104
0.05145780369639397,0.02357083559036255,-0.020055770874023438
0.03224893659353256,0.020819783210754395,-0.012615442276000977
0.003551832400262356,0.018355488777160645,-0.03148716688156128
-0.0199931301176548,0.017718017101287842,-0.0638839602470398
-0.034030165523290634,0.008350849151611328,-0.09164327383041382
-0.04228740930557251,-0.003036677837371826,-0.1163976788520813
-0.03507440909743309,-0.01428842544555664,-0.13443955779075623
-0.02620459720492363,-0.01942312717437744,-0.1469351351261139
-0.027340808883309364,-0.018184423446655273,-0.14065897464752197
-0.03241261467337608,-0.014862000942230225,-0.1171843409538269
-0.035476792603731155,-0.0114174485206604,-0.07940620183944702
-0.051534950733184814,-0.0064896345138549805,-0.025785386562347412
-0.08040443062782288,-0.003886401653289795,0.029863595962524414
-0.10245458781719208,-0.0007741451263427734,0.0598369836807251
-0.10898004472255707,0.002531290054321289,0.05062967538833618
-0.10048948228359222,0.010407090187072754,0.027741670608520508
-0.08511137962341309,0.013185441493988037,0.023280560970306396
-0.06003887578845024,0.009298503398895264,0.03178927302360535
-0.04540127515792847,0.01511305570602417,0.033050477504730225
-0.04213897883892059,0.023710668087005615,0.021526426076889038
-0.045574698597192764,0.028880000114440918,0.0026415884494781494
-0.05344776436686516,0.042726218700408936,-0.023557960987091064
-0.05908406898379326,0.048374950885772705,-0.029443800449371338
-0.05149637907743454,0.040540993213653564,-0.02669110894203186
-0.032967790961265564,0.03233450651168823,-0.030256927013397217
-0.006482623517513275,0.023539304733276367,-0.026942044496536255
0.03347180411219597,0.004107415676116943,-0.01528257131576538
0.055426813662052155,-0.00996243953704834,-0.0031199753284454346
0.0435185544192791,-0.007357954978942871,-0.004099547863006592
0.03764718770980835,-0.0022658705711364746,-0.01499849557876587
0.04438906908035278,-0.005019426345825195,-0.02672576904296875
0.0494866743683815,-0.004952549934387207,-0.028596580028533936
0.051988691091537476,-0.004857301712036133,-0.01666080951690674
0.045529335737228394,-0.005683004856109619,-0.00584450364112854
0.029029875993728638,-0.0034338831901550293,-0.007552921772003174
0.01275017112493515,0.004584968090057373,-0.020061969757080078
-0.001238599419593811,0.005686044692993164,-0.02227523922920227
-0.002478852868080139,-0.000640869140625,-0.03382861614227295
0.006036058068275452,-0.0061484575271606445,-0.047154009342193604
0.0217956081032753,-0.012307584285736084,-0.05228155851364136
0.031127162277698517,-0.017912328243255615,-0.0564461350440979
0.05295461416244507,-0.01846134662628174,-0.04305756092071533
0.06647047400474548,-0.01893407106399536,-0.010720998048782349
0.054006367921829224,-0.0035486817359924316,0.0219002366065979
0.03831944614648819,0.009455978870391846,0.061236411333084106
0.03258446604013443,0.019769489765167236,0.09076246619224548
0.017589032649993896,0.027316153049468994,0.08618625998497009
0.014851629734039307,0.026163578033447266,0.05271682143211365
0.019265413284301758,0.0200234055519104,0.01185116171836853
0.019610904157161713,0.015363633632659912,-0.029770314693450928
0.019630730152130127,0.013542771339416504,-0.05125042796134949
0.03302682191133499,0.01033782958984375,-0.048920512199401855
0.04082995653152466,0.011139094829559326,-0.027591347694396973
0.0437609925866127,0.014234185218811035,0.006690382957458496
0.047666095197200775,0.013953030109405518,0.03134101629257202
0.03532414883375168,0.01741081476211548,0.050107359886169434
0.01742144674062729,0.02675795555114746,0.06228816509246826
0.004264459013938904,0.03347080945968628,0.06710833311080933
0.005327135324478149,0.03387349843978882,0.07730138301849365
0.019263386726379395,0.02876460552215576,0.09174466133117676
0.02536717802286148,0.021900653839111328,0.08148512244224548
0.024877063930034637,0.013369917869567871,0.04543358087539673
0.04405878484249115,-0.0003857612609863281,0.004552066326141357
0.06667158007621765,-0.009676992893218994,-0.024507910013198853
0.06954867392778397,-0.013065695762634277,-0.03400588035583496
0.06469442695379257,-0.011538326740264893,-0.019241392612457275
0.05485352873802185,-0.009450793266296387,0.016850411891937256
0.04848325252532959,-0.005762040615081787,0.05283936858177185
0.03660206496715546,-0.0036490559577941895,0.07845741510391235
0.016532666981220245,-0.0029007792472839355,0.0855843722820282
-0.00035631656646728516,3.218650817871094e-05,0.08497998118400574
-0.05172283202409744,0.02270376682281494,0.12118753790855408
-0.4680013656616211,0.19501757621765137,0.36346179246902466
0.44512057304382324,-0.03121739625930786,-0.6662001609802246
-0.06940945982933044,-0.09555846452713013,-0.6338048577308655
0.07610993832349777,-0.11824661493301392,-0.13421884179115295
0.17778292298316956,0.1266123652458191,0.0260695219039917
0.05870029330253601,0.04685097932815552,0.09249752759933472
-0.03441494703292847,0.017221927642822266,0.13871607184410095
-0.029015280306339264,0.07524985074996948,0.10290360450744629
-0.009671539068222046,0.04352760314941406,0.029944002628326416
0.0076904743909835815,0.017419874668121338,0.015017181634902954
0.0052009522914886475,0.016967594623565674,0.022981107234954834
-0.016224898397922516,0.0034873485565185547,0.00992274284362793
-0.013895213603973389,-0.0021157264709472656,0.007717400789260864
0.002011902630329132,-0.0018230080604553223,-0.0015652179718017578
0.010910488665103912,-0.017602503299713135,-0.02067774534225464
0.017583541572093964,-0.022047877311706543,-0.031587153673172
0.02125263214111328,-0.018717706203460693,-0.03590396046638489
0.01746952533721924,-0.018175840377807617,-0.03644260764122009
0.024861328303813934,-0.019854187965393066,-0.030378490686416626
0.0356941744685173,-0.023049533367156982,-0.02793458104133606
0.03913804888725281,-0.023970365524291992,-0.03730034828186035
0.06712207943201065,-0.025476813316345215,-0.043354332447052
0.11075574904680252,-0.025576233863830566,-0.03891879320144653
0.14285868406295776,-0.011882305145263672,-0.034650325775146484
0.14308446645736694,-0.0035549402236938477,-0.05751240253448486
0.10359974205493927,0.026048004627227783,-0.07634896039962769
0.043654605746269226,0.07505720853805542,0.0040566325187683105
-0.09613922238349915,0.049629926681518555,0.09093800187110901
-0.04921457916498184,0.06959664821624756,0.13379117846488953
0.0065656378865242004,0.05350559949874878,0.18778014183044434
-0.01621215045452118,0.02489370107650757,0.12090402841567993
-0.06721305847167969,0.014436125755310059,-0.023036956787109375
-0.03244104981422424,-0.021041154861450195,-0.11640670895576477
0.0479031503200531,-0.06819021701812744,-0.14367851614952087
0.06205682456493378,-0.07980406284332275,-0.20446401834487915
0.07060172408819199,-0.06688731908798218,-0.2508050799369812
0.07651501148939133,-0.05566287040710449,-0.21703284978866577
0.059481196105480194,-0.03206813335418701,-0.1615021526813507
0.03567441552877426,-0.01059955358505249,-0.10190141201019287
0.009839527308940887,0.008655071258544922,-0.07134038209915161
-0.015203215181827545,0.02141183614730835,-0.07887819409370422
-0.04232710599899292,0.025512337684631348,-0.11042928695678711
-0.047365494072437286,0.03180760145187378,-0.14042428135871887
-0.04901329427957535,0.04413515329360962,-0.15447378158569336
-0.0667438730597496,0.05342203378677368,-0.14750653505325317
-0.0733451098203659,0.0646544098854065,-0.15107512474060059
-0.05137626826763153,0.07778477668762207,-0.16395336389541626
-0.0024808868765830994,0.07496929168701172,-0.15215134620666504
0.015686415135860443,0.06263405084609985,-0.1489691138267517
-0.00042313337326049805,0.06745398044586182,-0.178320050239563
-0.032159313559532166,0.07111877202987671,-0.22715437412261963
-0.03583217039704323,0.07660585641860962,-0.24797868728637695
-0.027467574924230576,0.0854346752166748,-0.23870187997817993
-0.017151769250631332,0.09212929010391235,-0.22510719299316406
-0.013874117285013199,0.09796637296676636,-0.2195528745651245
-0.006815724074840546,0.09597158432006836,-0.23293030261993408
0.006898704916238785,0.0939708948135376,-0.253009557723999
-0.006493866443634033,0.10000789165496826,-0.26722216606140137
-0.01674821227788925,0.10887753963470459,-0.26054614782333374
-0.005992155522108078,0.11904340982437134,-0.22978579998016357
0.01566804200410843,0.13008475303649902,-0.1813707947731018
0.030070710927248,0.1382700800895691,-0.14551806449890137
0.05050254613161087,0.1313832402229309,-0.1393987536430359
0.05589911714196205,0.11337518692016602,-0.18427914381027222
0.02958313748240471,0.0927654504776001,-0.2310987114906311
-0.02635180577635765,0.07545685768127441,-0.2295895218849182
-0.1072198823094368,0.05922740697860718,-0.14157944917678833
-0.10709823668003082,0.04940330982208252,0.03859853744506836
0.06612522900104523,0.10908311605453491,0.09148800373077393
0.15513545274734497,0.184553325176239,0.12844228744506836
0.12261418253183365,0.1643275022506714,0.2065637707710266
0.050226256251335144,0.07116842269897461,0.2818170189857483
-0.0007416680455207825,0.016972362995147705,0.29885411262512207
0.0055655837059021,0.01962268352508545,0.2663556933403015
-0.0069009363651275635,0.05379384756088257,0.2182820439338684
-0.11194586753845215,0.05866950750350952,0.2245544195175171
-0.10680413246154785,-0.011750221252441406,0.25403159856796265
-0.008131921291351318,-0.014480233192443848,0.2680222988128662
0.06269465386867523,0.003806769847869873,0.28220921754837036
0.06810140609741211,-0.029867708683013916,0.28959935903549194
0.04416072368621826,-0.08240044116973877,0.2880825996398926
0.05554935336112976,-0.08080917596817017,0.2854124903678894
0.07133534550666809,-0.06218540668487549,0.2957664728164673
0.07470238208770752,-0.05007833242416382,0.31271499395370483
0.06154492497444153,-0.032078325748443604,0.29979580640792847
0.04177123308181763,-0.003505229949951172,0.25724560022354126
0.013795614242553711,0.016501963138580322,0.1952095627784729
-0.03291440010070801,0.018947303295135498,0.10502654314041138
-0.07303550839424133,0.019461631774902344,0.019635260105133057
0.0005034804344177246,-0.01808333396911621,-0.07283490896224976
0.3663218915462494,-0.3573072552680969,-0.05068051815032959
0.5024617910385132,-0.5101137161254883,0.24588239192962646
0.3650365471839905,-0.3005560040473938,0.4721847176551819
0.2620750069618225,-0.128032386302948,0.480532169342041
0.09269887208938599,-0.031573355197906494,0.35525840520858765
-0.06146267056465149,0.03565788269042969,0.13825350999832153
-0.12584464251995087,0.09110367298126221,-0.07710552215576172
-0.15533527731895447,0.15339583158493042,-0.23178118467330933
-0.24093787372112274,0.06960153579711914,-0.3065757155418396
-0.23281602561473846,0.02608644962310791,-0.28314995765686035
-0.15077663958072662,-0.017695367336273193,-0.18021154403686523
0.006830915808677673,0.061958909034729004,-0.02127140760421753
0.06760954856872559,0.0847928524017334,0.14970678091049194
-0.052682191133499146,-0.023288726806640625,0.32040297985076904
-0.12209221720695496,-0.04583621025085449,0.4053696393966675
-0.11830338835716248,0.010675191879272461,0.3929903507232666
-0.1275421380996704,0.06399834156036377,0.3429526090621948
-0.1520932912826538,0.09356588125228882,0.27318274974823
-0.15614446997642517,0.12152034044265747,0.19669830799102783
-0.15199758112430573,0.12403112649917603,0.11997109651565552
-0.1424867808818817,0.10277581214904785,0.04177647829055786
-0.11450327932834625,0.08099812269210815,-0.02295142412185669
-0.07210394740104675,0.06738358736038208,-0.05536544322967529
-0.021447688341140747,0.053195834159851074,-0.057268381118774414
0.024307861924171448,0.028156161308288574,-0.03400701284408569
0.07250897586345673,-0.002869725227355957,-0.016609787940979004
0.1145443469285965,-0.01663750410079956,-0.0002301335334777832
0.14502574503421783,-0.02170044183731079,0.010309934616088867
0.16656358540058136,-0.028607070446014404,0.002588927745819092
0.17842251062393188,-0.023634612560272217,-0.010988175868988037
0.170530766248703,-0.021447956562042236,-0.037933528423309326
0.14895500242710114,-0.017169952392578125,-0.06017005443572998
0.12315404415130615,-0.010114192962646484,-0.08197396993637085
0.09480489790439606,-0.007148325443267822,-0.10435354709625244
0.06687584519386292,-0.008124768733978271,-0.12991178035736084
0.050416335463523865,-2.3305416107177734e-05,-0.14490365982055664
0.03937444090843201,0.009170770645141602,-0.14072060585021973
0.022932499647140503,0.010537862777709961,-0.12009871006011963
0.014482781291007996,0.008551955223083496,-0.09343016147613525
0.021188050508499146,0.0023581385612487793,-0.0638272762298584
0.019180864095687866,-0.008889615535736084,-0.022639036178588867
0.0006887912750244141,-0.023490846157073975,0.014908075332641602
-0.018712535500526428,-0.024130702018737793,0.037580788135528564
-0.02928370237350464,-0.01826244592666626,0.04225420951843262
-0.04212319850921631,-0.022040724754333496,0.046115994453430176
-0.055397048592567444,-0.016265571117401123,0.052396178245544434
-0.0702202171087265,-0.004110455513000488,0.05548030138015747
-0.19527287781238556,-0.11388891935348511,0.05340522527694702
-0.08514964580535889,0.012403130531311035,0.05816704034805298
0.0355168879032135,0.09299218654632568,0.09459280967712402
0.05121329426765442,0.07610803842544556,0.11150044202804565
0.009760767221450806,0.036212921142578125,0.11338460445404053
-0.037217095494270325,0.02170407772064209,0.09160244464874268
-0.07134324312210083,0.04785269498825073,0.03790771961212158
-0.0962260514497757,0.0736532211303711,-0.033790647983551025
-0.09714959561824799,0.060624122619628906,-0.0812334418296814
-0.0660477727651596,0.04435151815414429,-0.08856171369552612
-0.028121531009674072,0.015154778957366943,-0.07435715198516846
0.016891777515411377,-0.042131900787353516,-0.05071932077407837
0.079159677028656,-0.06705135107040405,-0.008224904537200928
0.11679275333881378,-0.07679778337478638,0.020259618759155273
0.10893690586090088,-0.07010698318481445,0.016862869262695312
0.06944836676120758,-0.03549611568450928,-0.014402508735656738
0.017535343766212463,-0.008463859558105469,-0.055272698402404785
-0.024660378694534302,0.004155218601226807,-0.08284914493560791
-0.049868419766426086,0.015044629573822021,-0.08685308694839478
-0.059917107224464417,0.024196267127990723,-0.06920379400253296
-0.04576994478702545,0.024760901927947998,-0.029664456844329834
-0.02200166881084442,0.02062910795211792,0.0261765718460083
0.000246584415435791,0.018111586570739746,0.08200633525848389
0.021300509572029114,0.013482153415679932,0.12110638618469238
0.02703171968460083,0.010101735591888428,0.1293504238128662
0.02411961555480957,0.015310943126678467,0.10865694284439087
0.014282137155532837,0.02012193202972412,0.06977516412734985
-0.0005639791488647461,0.021874308586120605,0.028094172477722168
-0.007837697863578796,0.02121758460998535,-0.005089998245239258
-0.010752320289611816,0.021812856197357178,-0.013794958591461182
-0.007720947265625,0.017937183380126953,-0.007534921169281006
-0.0041544437408447266,0.010000467300415039,0.0033342838287353516
0.002339005470275879,0.008487343788146973,0.012768387794494629
0.007085621356964111,0.010061800479888916,0.015159666538238525
0.012602627277374268,0.002040266990661621,0.01030588150024414
0.019759774208068848,-0.005800962448120117,0.004391074180603027
0.0291488915681839,-0.0077155232429504395,-0.0057089924812316895
0.02695155143737793,-0.007957518100738525,-0.006454825401306152
0.0042845457792282104,-0.005412280559539795,-0.010383784770965576
-0.01687714457511902,-0.0008184313774108887,-0.019757211208343506
-0.020091891288757324,0.0007076263427734375,-0.030218899250030518
-0.022165939211845398,-0.0026839375495910645,-0.023999691009521484
-0.02865760028362274,-0.0049661993980407715,-0.020680546760559082
-0.0250634104013443,-0.006610691547393799,-0.02318429946899414
-0.020758837461471558,-0.008060634136199951,-0.026539266109466553
-0.017677247524261475,-0.006586730480194092,-0.026561379432678223
-0.006700649857521057,-0.005113005638122559,-0.015142500400543213
-0.0013496875762939453,-0.006802976131439209,0.0018909573554992676
0.005729362368583679,-0.00522381067276001,0.008256375789642334
0.02067592740058899,-0.0026671290397644043,0.0094834566116333
0.029901936650276184,9.620189666748047e-05,0.012731790542602539
0.03330056369304657,0.006423234939575195,0.012427568435668945
0.03499448299407959,0.010606527328491211,0.003666520118713379
0.06909029185771942,0.04152184724807739,-0.020127177238464355
0.08006930351257324,0.054510295391082764,-0.04671895503997803
-0.04068295657634735,-0.04836142063140869,-0.01956099271774292
-0.027874156832695007,-0.038349032402038574,-0.021079540252685547
0.018711715936660767,0.01706564426422119,-0.03191995620727539
0.021364018321037292,0.014139711856842041,-0.0240972638130188
-0.026123180985450745,-0.019589364528656006,-0.001413106918334961
-0.03595368564128876,-0.019562125205993652,0.00023424625396728516
-0.010419592261314392,0.005528628826141357,-0.009657502174377441
-0.00788925588130951,0.009537935256958008,-0.01370328664779663
-0.019431114196777344,0.003690063953399658,-0.013679146766662598
-0.017902851104736328,0.007436275482177734,-0.010844230651855469
-0.0034670978784561157,0.008810102939605713,-0.012713313102722168
0.006955474615097046,0.005856692790985107,-0.012567996978759766
0.009898722171783447,0.004089832305908203,-0.007247209548950195
0.0159074068069458,0.0047776103019714355,0.0018216371536254883
0.013995051383972168,0.0022082924842834473,0.012993931770324707
0.00855785608291626,0.0007442235946655273,0.011584639549255371
0.004549890756607056,0.004240810871124268,0.007700741291046143
0.000243261456489563,0.004817485809326172,0.0047827959060668945
-0.0064771175384521484,-0.0018458366394042969,-0.0013499259948730469
-0.010675057768821716,-0.003964066505432129,-0.009788036346435547
-0.00933462381362915,0.0028514862060546875,-0.016710519790649414
-0.0005645155906677246,0.005554854869842529,-0.013449609279632568
0.0014516860246658325,-0.005197465419769287,0.0027657747268676758
-0.0016735047101974487,-0.0090789794921875,0.01529073715209961
0.0009681135416030884,-0.003148674964904785,0.017380058765411377
-0.0020643025636672974,0.0004398822784423828,0.014024913311004639
-0.005837246775627136,0.005077779293060303,0.011167645454406738
0.0027328580617904663,0.005815684795379639,0.013715982437133789
0.009149029850959778,0.0005229711532592773,0.022516310214996338
0.005703404545783997,-0.0011664032936096191,0.024333655834197998
0.0038805603981018066,0.003994941711425781,0.014292538166046143
0.004808783531188965,0.007624506950378418,0.00298154354095459
0.007388994097709656,0.00858539342880249,-0.004592180252075195
0.011580631136894226,0.005701005458831787,-0.005447745323181152
0.013453304767608643,0.0020018815994262695,-0.0009218454360961914
0.008819833397865295,0.0009746551513671875,0.004264235496520996
0.004345610737800598,0.0026091933250427246,0.004240870475769043
0.005431637167930603,0.006272733211517334,0.004460930824279785
0.006815195083618164,0.005546927452087402,0.0097198486328125
0.0032549500465393066,0.00470656156539917,0.016035854816436768
0.0001093447208404541,0.006211757659912109,0.014589548110961914
-0.0019829273223876953,0.008380591869354248,0.007140755653381348
-0.004957064986228943,0.01246035099029541,-0.0010294914245605469
5.2928924560546875e-05,0.008653461933135986,-0.003069758415222168
0.00580240786075592,-0.0010829567909240723,-0.0020416975021362305
0.0077967047691345215,-0.00438380241394043,-0.004958629608154297
0.008504658937454224,-0.0007929205894470215,-0.012738823890686035
0.0054040998220443726,0.0019450187683105469,-0.014524281024932861
0.004152268171310425,0.002752959728240967,-0.008285224437713623
0.0004504173994064331,0.0008208751678466797,-0.0017365813255310059
-0.0008371323347091675,0.0006879568099975586,-0.0009935498237609863
0.0014807134866714478,0.004873931407928467,0.0009716153144836426
0.0031319409608840942,0.00872129201889038,0.0034337639808654785
0.007298707962036133,0.009866476058959961,0.00806504487991333
0.006871730089187622,0.005178332328796387,0.013833284378051758
0.007425069808959961,0.004323840141296387,0.014627397060394287
0.010343000292778015,0.006292998790740967,0.009155750274658203
0.0141516774892807,0.0035456418991088867,0.0065312981605529785
0.015538796782493591,6.759166717529297e-05,0.006495356559753418
0.016645148396492004,0.0018689632415771484,0.004233002662658691
0.015877261757850647,0.003986716270446777,0.0022622346878051758
0.017671361565589905,0.004248261451721191,-6.651878356933594e-05
0.014621898531913757,0.0033826828002929688,-0.0010485649108886719
0.0102461576461792,0.005640745162963867,0.0016716718673706055
0.008901461958885193,0.006556868553161621,0.005779445171356201
0.011699259281158447,0.004047751426696777,0.010435342788696289
0.009686708450317383,0.0006947517395019531,0.010276734828948975
0.01005755364894867,0.0018639564514160156,0.007813632488250732
0.01078614592552185,-0.002117156982421875,0.0016449689865112305
0.00656147301197052,-0.006730616092681885,-0.006922662258148193
0.00349406898021698,-0.006260514259338379,-0.01742076873779297
0.0016503185033798218,-0.0022597312927246094,-0.026352763175964355
0.004549875855445862,0.001387178897857666,-0.024238526821136475
0.006807580590248108,-0.0017927289009094238,-0.014978528022766113
0.0009012222290039062,-0.0017138123512268066,-0.00550234317779541
-0.0028114616870880127,0.002774178981781006,0.0032067298889160156
-0.00528205931186676,0.004076898097991943,0.00895911455154419
-0.010442942380905151,0.002681910991668701,0.010483145713806152
-0.012776598334312439,0.0023139119148254395,0.010651469230651855
-0.013750612735748291,0.003646671772003174,0.004417061805725098
-0.016440078616142273,0.0038335323333740234,-0.0037086009979248047
-0.01792946457862854,0.0036898255348205566,-0.01052999496459961
-0.01609756052494049,0.0035102367401123047,-0.015698492527008057
-0.014390096068382263,0.0027540922164916992,-0.01919102668762207
-0.010557696223258972,-2.4974346160888672e-05,-0.019320011138916016
-0.007746025919914246,0.0012465715408325195,-0.0163230299949646
-0.0070456862449646,0.0020757317543029785,-0.010320842266082764
-0.005588620901107788,0.003677666187286377,-0.003603339195251465
-0.0022592246532440186,0.004475712776184082,0.0023868680000305176
0.0020678341388702393,0.004668593406677246,0.005417764186859131
0.007437750697135925,0.006078958511352539,0.0037533044815063477
0.013724446296691895,0.004752457141876221,0.0014275312423706055
0.018235966563224792,0.002190113067626953,-0.0003368854522705078
0.016910672187805176,0.00032716989517211914,0.0018790960311889648
0.014475151896476746,0.0021572113037109375,0.004308938980102539
0.014924883842468262,0.005401313304901123,0.010085701942443848
0.014204710721969604,0.005723178386688232,0.018831491470336914
0.010968387126922607,0.004795074462890625,0.02345222234725952
0.0075942277908325195,0.008892834186553955,0.026292145252227783
0.002405896782875061,0.012041807174682617,0.028245151042938232
-0.0016112476587295532,0.00997251272201538,0.023788094520568848
-0.004969269037246704,0.004417598247528076,0.012575924396514893
-0.005692034959793091,0.004137575626373291,6.878376007080078e-05
-0.005645334720611572,0.005121707916259766,-0.0116347074508667
-0.006240129470825195,0.004546046257019043,-0.015877127647399902
-0.004406601190567017,0.0006090998649597168,-0.01493215560913086
-0.003379642963409424,-0.00199282169342041,-0.010501265525817871
-0.0019595175981521606,-0.0013132095336914062,-0.005640268325805664
-0.0004697740077972412,0.0010980963706970215,-0.002740204334259033
0.0011903047561645508,0.0029273629188537598,-0.00029206275939941406
0.007818475365638733,0.0011525154113769531,0.003064393997192383
0.010830909013748169,-0.001382589340209961,0.0051163434982299805
0.011112943291664124,-0.0016904473304748535,0.0034351348876953125
0.006292551755905151,0.0001310110092163086,-0.00019538402557373047
0.00012160837650299072,0.0025241971015930176,-0.0008844137191772461
-0.0001522451639175415,0.00432056188583374,-0.00011038780212402344
0.000925600528717041,0.003229200839996338,0.0030114054679870605
0.0005899965763092041,0.004295527935028076,0.004628419876098633
-0.002021476626396179,0.004956722259521484,0.0030362606048583984
-0.0034980475902557373,0.006925463676452637,0.0019103288650512695
-0.001926422119140625,0.005944967269897461,0.0023999810218811035
-0.003170326352119446,0.005650460720062256,0.002097606658935547
-0.002277851104736328,0.004337131977081299,0.002905726432800293
-0.00026720762252807617,0.0025628209114074707,0.004645586013793945
0.0006539821624755859,0.0015223026275634766,0.0026530027389526367
0.0037335604429244995,0.002697169780731201,-3.534555435180664e-05
0.007864654064178467,0.0033038854598999023,0.0005674958229064941
0.006208166480064392,0.004313468933105469,0.002887904644012451
0.004549488425254822,0.0072329044342041016,0.005672097206115723
0.0037900954484939575,0.008729040622711182,0.006858706474304199
0.0021926164627075195,0.00795137882232666,0.009534657001495361
0.003894716501235962,0.007880747318267822,0.011668801307678223
0.00640106201171875,0.007530510425567627,0.011477828025817871
0.006436511874198914,0.005741119384765625,0.011417627334594727
0.003923967480659485,0.0023873448371887207,0.008330941200256348
0.00278511643409729,0.0022136569023132324,0.0023518800735473633
0.003254443407058716,0.0004372596740722656,-0.0022215843200683594
0.0033205151557922363,-0.0017401576042175293,-0.006459057331085205
0.0013011544942855835,-0.0021715164184570312,-0.010588645935058594
0.0015606582164764404,0.0008563399314880371,-0.012876510620117188
0.0026469677686691284,0.005748271942138672,-0.010722100734710693
0.003319472074508667,0.005819737911224365,-0.0022376179695129395
0.005140572786331177,0.004834651947021484,0.006784498691558838
0.004399687051773071,0.006501197814941406,0.0130232572555542
0.0028259456157684326,0.007719933986663818,0.015903890132904053
-0.0011414438486099243,0.007901489734649658,0.01780557632446289
-0.006439670920372009,0.004994451999664307,0.013160109519958496
-0.007448837161064148,0.001511991024017334,0.003681361675262451
-0.005080506205558777,0.0017061829566955566,-0.008069276809692383
-0.006282240152359009,0.0010216832160949707,-0.017786026000976562
-0.003593429923057556,-0.0010126829147338867,-0.021369338035583496
0.0011560916900634766,-0.0012331604957580566,-0.01821005344390869
0.0022254735231399536,-0.0009784102439880371,-0.010969758033752441
0.003286510705947876,0.00023090839385986328,-0.002841472625732422
0.005031168460845947,0.004464924335479736,0.00463789701461792
0.006169527769088745,0.007820963859558105,0.01019960641860962
0.005574032664299011,0.00788336992263794,0.014565646648406982
0.006969034671783447,0.005181729793548584,0.013393640518188477
0.007110536098480225,0.0018878579139709473,0.011576473712921143
0.004868760704994202,0.0009652376174926758,0.006020665168762207
0.0009425878524780273,0.0007315874099731445,-0.0022953152656555176
0.00041256844997406006,0.0011355280876159668,-0.008007407188415527
0.0014829039573669434,0.0039994120597839355,-0.008772552013397217
0.0022252947092056274,0.004800736904144287,-0.003786742687225342
0.0033515989780426025,0.004223525524139404,0.0017899274826049805
0.0035631507635116577,0.005323648452758789,0.0063135623931884766
0.0020975619554519653,0.00655817985534668,0.009439349174499512
-0.0003248751163482666,0.0060350894927978516,0.009281396865844727
-0.000441625714302063,0.0032348036766052246,0.008530735969543457
1.4528632164001465e-05,0.002030670642852783,0.00318831205368042
-0.000201299786567688,0.000993967056274414,-0.0017188191413879395
-0.0012738704681396484,4.017353057861328e-05,-0.0074724555015563965
0.0008480995893478394,0.0012030601501464844,-0.012389540672302246
0.0015996545553207397,0.0007843971252441406,-0.01270151138305664
0.0024227648973464966,0.0011535286903381348,-0.007015109062194824
0.0008583366870880127,0.004007995128631592,-0.0017442703247070312
-0.001430019736289978,0.005666077136993408,0.0054836273193359375
0.00019171833992004395,0.004308938980102539,0.007628798484802246
0.0031770020723342896,0.004560112953186035,0.007999181747436523
0.002600252628326416,0.0030716657638549805,0.008430957794189453
0.003760993480682373,0.0025417208671569824,0.006826996803283691
0.0033631324768066406,0.0026419758796691895,0.002910792827606201
0.003976926207542419,0.002184569835662842,0.0006642341613769531
0.003482222557067871,0.0030702948570251465,-0.0016660094261169434
0.0024815350770950317,0.0033499598503112793,-0.002247929573059082
0.0017032325267791748,0.0035773515701293945,-0.00044661760330200195
0.002896144986152649,0.004336833953857422,0.0012183189392089844
0.003871053457260132,0.0034033656120300293,0.0022046566009521484
0.0042084455490112305,0.0026838183403015137,0.0027756094932556152
0.003273382782936096,0.004330098628997803,0.003040134906768799
0.0017532110214233398,0.0044078826904296875,0.0024907588958740234
0.0035024434328079224,0.001539766788482666,0.0004603266716003418
0.003378838300704956,0.0037931203842163086,-0.000822603702545166
-0.002434372901916504,0.002929091453552246,-0.0012455582618713379
-0.0029147565364837646,0.0015947222709655762,-0.0033240318298339844
6.748735904693604e-05,0.001065373420715332,-0.004856109619140625
-0.002393662929534912,0.002321958541870117,-0.00508725643157959
-0.004054337739944458,0.0016089677810668945,-0.004998564720153809
-0.003092154860496521,0.0020644664764404297,-0.0022929906845092773
-0.000506967306137085,0.0032655000686645508,0.0008375644683837891
-0.00035455822944641113,0.004912614822387695,0.0055315494537353516
0.0017719119787216187,0.005170941352844238,0.008406579494476318
0.0038917213678359985,0.004289209842681885,0.009675800800323486
0.0048228055238723755,0.002211928367614746,0.008252263069152832
0.006164625287055969,0.0013459324836730957,0.004184722900390625
0.0035668015480041504,0.0011019110679626465,-0.00010132789611816406
0.0014280527830123901,0.000735938549041748,-0.0019190311431884766
-0.0025482773780822754,0.0015141963958740234,-0.0060111284255981445
-0.0013446658849716187,0.0020026564598083496,-0.008622884750366211
0.0009428113698959351,0.0026958584785461426,-0.0070746541023254395
0.0014692097902297974,0.0024779438972473145,-0.0029627084732055664
0.0052051842212677,0.0035042166709899902,0.000914454460144043
0.005133122205734253,0.001733243465423584,0.004353940486907959
0.0048735737800598145,0.0039049386978149414,0.006367981433868408
0.00420185923576355,0.0037699341773986816,0.005256533622741699
0.002710700035095215,0.0027547478675842285,0.0030153393745422363
0.00031316280364990234,0.0012603998184204102,-0.0003024935722351074
0.0007227957248687744,0.0012731552124023438,-0.0034401416778564453
0.000996425747871399,0.0008845329284667969,-0.00818490982055664
0.0005396455526351929,0.001491248607635498,-0.010146677494049072
0.0009282976388931274,0.003818809986114502,-0.008138835430145264
-0.0006760507822036743,0.006693661212921143,-0.0013481974601745605
-0.0009237229824066162,0.007519423961639404,0.008190274238586426
0.0015420466661453247,0.007975637912750244,0.016166985034942627
0.0030670762062072754,0.006337761878967285,0.01865851879119873
0.004927486181259155,0.0061629414558410645,0.0149308443069458
0.006908312439918518,0.005852341651916504,0.00964975357055664
0.007133051753044128,0.005190730094909668,0.003722548484802246
0.004594370722770691,0.0016717314720153809,0.0007906556129455566
0.00417761504650116,-0.0016196966171264648,-0.0032808780670166016
0.006951138377189636,-0.0008817315101623535,-0.00485837459564209
0.004606693983078003,0.0012345314025878906,-0.00453031063079834
0.003086879849433899,0.003146529197692871,-0.004008173942565918
0.0011485666036605835,0.006228268146514893,-0.0006188750267028809
-0.0009432137012481689,0.004926562309265137,0.003598153591156006
-0.00198499858379364,0.0033854246139526367,0.004864752292633057
-0.0036536753177642822,0.0016887784004211426,0.0036821961402893066
-0.004596486687660217,0.0013298392295837402,-0.001421511173248291
-0.005077198147773743,0.0003502368927001953,-0.008149147033691406
-0.006435319781303406,0.0007742047309875488,-0.01022040843963623
-0.004631444811820984,0.0013562440872192383,-0.010453104972839355
-0.0027281194925308228,0.001538991928100586,-0.006820321083068848
0.00046771764755249023,0.0014188885688781738,-0.001045823097229004
0.0012117475271224976,0.0027129054069519043,0.0030404329299926758
0.003396660089492798,0.00407034158706665,0.0061550140380859375
0.005934968590736389,0.005342066287994385,0.007354795932769775
0.006062164902687073,0.004028141498565674,0.0076822638511657715
0.0031352341175079346,0.004439651966094971,0.0071787238121032715
0.0036888718605041504,0.003445863723754883,0.005868792533874512
0.00405476987361908,0.0014259815216064453,0.0027276277542114258
0.004195377230644226,0.0015707015991210938,-0.00043708086013793945
0.0029526501893997192,0.0009431242942810059,-0.0023877620697021484
0.0021521300077438354,8.398294448852539e-05,-0.005436420440673828
0.0016560405492782593,0.0005466938018798828,-0.005990266799926758
0.0003194957971572876,0.0007980465888977051,-0.007422506809234619
-0.0002792775630950928,0.0036662817001342773,-0.006935715675354004
0.00019572675228118896,0.0044956207275390625,-0.003878355026245117
0.0021715164184570312,0.00429767370223999,0.0027944445610046387
0.001877516508102417,0.0050827860832214355,0.007981181144714355
0.001360565423965454,0.0055640339851379395,0.009533166885375977
0.0007458478212356567,0.005460977554321289,0.009291291236877441
0.000523298978805542,0.004487812519073486,0.00692439079284668
-0.0007938593626022339,0.0034387707710266113,0.001883864402770996
-0.0011904537677764893,0.0018889307975769043,-0.000766754150390625
-0.0017758160829544067,0.0010885000228881836,-0.003977537155151367
-0.0030984580516815186,0.0008353590965270996,-0.006417512893676758
-0.0037274807691574097,0.00039505958557128906,-0.006127595901489258
-0.004464775323867798,-0.00020378828048706055,-0.0038886666297912598
-0.004026278853416443,0.0012111663818359375,-0.0037842988967895508
-0.0037317126989364624,0.0013175606727600098,-0.0010825395584106445
-0.0017024725675582886,0.0019407868385314941,0.0015586018562316895
-7.835030555725098e-05,0.001928865909576416,0.003936827182769775
-8.881092071533203e-05,0.0016994476318359375,0.005141556262969971
0.0010199695825576782,0.0020113587379455566,0.003024578094482422
0.002536088228225708,0.0014469027519226074,-0.0007614493370056152
0.004821360111236572,0.0006983280181884766,-0.0046929121017456055
0.0044918060302734375,0.0012797713279724121,-0.00445246696472168
0.0018312036991119385,0.00019758939743041992,-0.0035237669944763184
0.0032766014337539673,-0.0005934834480285645,-0.0049697160720825195
0.005287095904350281,0.002794921398162842,-0.003025829792022705
0.0034499019384384155,0.003075122833251953,-0.002493560314178467
0.006698772311210632,0.004629015922546387,-0.003324568271636963
0.013765349984169006,0.0029066801071166992,0.003138422966003418
0.011003881692886353,0.002047717571258545,0.0033971071243286133
0.012311175465583801,0.0011566877365112305,0.0012746453285217285
0.013160035014152527,0.0003497600555419922,-0.00010579824447631836
0.006225571036338806,-5.27501106262207e-05,-0.0028908252716064453
0.004115983843803406,-0.00030362606048583984,-0.006949484348297119
0.002820417284965515,0.0004436373710632324,-0.007473945617675781
0.0006069391965866089,0.000859677791595459,-0.007302045822143555
-1.3142824172973633e-05,0.0018370747566223145,-0.004322707653045654
-0.0014223307371139526,0.0037921667098999023,-0.0020315051078796387
-0.004508882761001587,0.0037587881088256836,0.0023031234741210938
-0.005080461502075195,0.004305005073547363,0.006244063377380371
-0.004747211933135986,0.005748569965362549,0.008760154247283936
-0.0037829428911209106,0.00716787576675415,0.009622335433959961
-0.001804843544960022,0.007536828517913818,0.009001851081848145
0.0009180903434753418,0.006143391132354736,0.007941246032714844
0.002589672803878784,0.0035001039505004883,0.00560528039932251
0.007171258330345154,0.004329323768615723,0.002799808979034424
0.009354278445243835,0.004469096660614014,0.001590132713317871
0.010379612445831299,0.0025452375411987305,0.0014096498489379883
0.009290337562561035,0.0014870762825012207,0.0025588274002075195
0.006844237446784973,0.0012034773826599121,0.0021919608116149902
0.005030125379562378,0.0015423297882080078,0.0024927854537963867
0.0013420432806015015,0.0043801069259643555,0.0019267797470092773
-0.0008584111928939819,0.004864335060119629,0.0027729272842407227
0.0012649446725845337,0.005190491676330566,0.0026322603225708008
0.003472074866294861,0.0038164258003234863,0.004805266857147217
0.002535611391067505,0.0020440220832824707,0.0056975483894348145
0.0021556317806243896,0.0015531182289123535,0.0032767653465270996
0.0022772997617721558,0.0034166574478149414,-0.002317667007446289
0.0008736252784729004,0.004032790660858154,-0.004351496696472168
0.0006714165210723877,0.0037166476249694824,-0.003855466842651367
0.0006150752305984497,0.00385284423828125,-0.001112520694732666
0.0014611929655075073,0.0038819313049316406,0.0026578307151794434
0.0011456310749053955,0.0034580230712890625,0.0048806071281433105
0.0010932236909866333,0.0026974081993103027,0.004459202289581299
-0.0001195371150970459,0.0008577704429626465,0.002426743507385254
-3.5762786865234375e-05,0.0001043081283569336,-0.0021959543228149414
0.000928729772567749,-0.0017060637474060059,-0.0070688724517822266
0.0009986311197280884,-0.0017624497413635254,-0.010114550590515137
-0.000445440411567688,-0.0006234645843505859,-0.008157491683959961
-0.0004604160785675049,-0.0007799863815307617,-0.005924344062805176
0.0009516626596450806,0.0011374354362487793,-0.0019968748092651367
0.00037245452404022217,0.002392888069152832,0.001283884048461914
-0.0013864487409591675,0.0034674406051635742,0.00452655553817749
-0.0012743771076202393,0.004560589790344238,0.004451334476470947
-0.0009329766035079956,0.004499912261962891,0.004469931125640869
-0.0017546117305755615,0.004732608795166016,0.0023525357246398926
-0.0007494539022445679,0.004988968372344971,0.000787198543548584
-0.0006472021341323853,0.0037360787391662598,0.0006360411643981934
0.0020496249198913574,0.002339184284210205,0.00032711029052734375
0.004623487591743469,0.0026947855949401855,-0.0010308027267456055
0.004690200090408325,0.002540767192840576,-0.0012369155883789062
0.00229857861995697,0.004432737827301025,-0.0008649826049804688
0.0026616454124450684,0.0029681921005249023,-0.0003165006637573242
0.0036131441593170166,0.0009897351264953613,0.000530242919921875
0.0031380951404571533,0.0022814273834228516,0.0012233257293701172
0.0012021362781524658,0.0034027099609375,0.0007485151290893555
-0.0007244199514389038,0.003066837787628174,0.0020682811737060547
0.0003622323274612427,0.0039517879486083984,0.0038743019104003906
0.0014787167310714722,0.0029807686805725098,0.004361748695373535
0.0008644461631774902,0.0016772150993347168,0.003472626209259033
0.00041274726390838623,-0.0004621148109436035,0.0032924413681030273
-0.0008430629968643188,0.0019316673278808594,-0.0006047487258911133
0.0009736120700836182,0.006652534008026123,-0.004837155342102051
-0.004126429557800293,0.0032268762588500977,-0.005681931972503662
-0.002467826008796692,0.0033463239669799805,-0.0042313337326049805
-0.0015584677457809448,0.003394603729248047,0.0010700821876525879
0.0006386488676071167,0.0016697049140930176,0.004356205463409424
0.004123508930206299,0.0019469261169433594,0.0032693147659301758
0.0030692964792251587,0.0008355975151062012,0.0024573802947998047
-0.0003717094659805298,0.0014101266860961914,0.0007646679878234863
-0.001416042447090149,0.0008051395416259766,-0.0013048648834228516
-0.0032587051391601562,-1.913309097290039e-05,-0.005585789680480957
-0.0038995593786239624,-0.00022113323211669922,-0.005662083625793457
-0.0021566152572631836,0.0014830827713012695,-0.006078243255615234
-0.0019542425870895386,0.0014992952346801758,-0.0049440860748291016
0.00010092556476593018,0.003857910633087158,-0.002825319766998291
0.002277389168739319,0.003748655319213867,0.0001531839370727539
0.0037670284509658813,0.0033554434776306152,0.004127442836761475
0.00514550507068634,0.002522766590118408,0.005009472370147705
0.0035993456840515137,0.0017601251602172852,0.0039481520652771
-0.00019949674606323242,0.0007666945457458496,0.0005300641059875488
0.00023630261421203613,-0.0011343955993652344,-0.004529118537902832
0.0008376091718673706,-3.8564205169677734e-05,-0.00834500789642334
-0.0005683749914169312,-0.00019538402557373047,-0.009748637676239014
0.00200691819190979,0.0007169842720031738,-0.009976863861083984
0.0052597373723983765,0.003417074680328369,-0.005391895771026611
0.005142778158187866,0.004223167896270752,0.004829049110412598
0.00392797589302063,0.003180384635925293,0.012596428394317627
0.01027078926563263,0.004411220550537109,0.012841343879699707
0.010251805186271667,0.007310926914215088,0.013428092002868652
0.005985632538795471,0.0058203935623168945,0.008746623992919922
0.006397262215614319,0.004828751087188721,0.0046749114990234375
0.008445724844932556,0.0061574578285217285,0.0017372369766235352
0.007084369659423828,0.006228387355804443,0.0026624202728271484
0.004702150821685791,0.004221975803375244,0.005060017108917236
0.004116073250770569,0.002599477767944336,0.005912423133850098
0.0010255426168441772,0.002521038055419922,0.00618588924407959
-0.001793190836906433,0.003366410732269287,0.0033022165298461914
-0.004864126443862915,0.003630399703979492,-0.0005665421485900879
-0.003970041871070862,0.0026543140411376953,-0.0024257302284240723
-0.0040977150201797485,-0.0002098679542541504,-0.002480030059814453
-0.004195705056190491,-0.00177764892578125,-0.005760669708251953
-0.004441350698471069,-0.0018460750579833984,-0.008081495761871338
-0.005143478512763977,-0.0017567276954650879,-0.008323252201080322
-0.003644108772277832,-2.7239322662353516e-05,-0.008884727954864502
-0.0021334439516067505,0.0014586448669433594,-0.007634878158569336
-3.191828727722168e-05,0.0006878972053527832,-0.004300296306610107
0.002242535352706909,0.0013619065284729004,0.00027561187744140625
0.0025516152381896973,0.0024274587631225586,0.004493355751037598
0.002327278256416321,0.0017639398574829102,0.005783677101135254
0.0025675594806671143,0.001783907413482666,0.003817260265350342
0.002335682511329651,0.002055525779724121,0.0007210969924926758
0.0019702762365341187,0.0011415481567382812,0.0001830458641052246
0.0033785849809646606,0.00017374753952026367,-0.0017449259757995605
0.005060166120529175,-9.310245513916016e-05,-0.002772808074951172
0.006240025162696838,0.0022256970405578613,-0.000701904296875
0.005022257566452026,0.002460002899169922,0.002852916717529297
0.0028158724308013916,0.0026991963386535645,0.005512535572052002
0.0007414370775222778,0.004548549652099609,0.007999777793884277
0.0009311288595199585,0.004914999008178711,0.007409811019897461
0.0005162209272384644,0.005119442939758301,0.006638050079345703
-0.00015430152416229248,0.004550457000732422,0.005171418190002441
-0.0002657771110534668,0.003301382064819336,0.0024417638778686523
0.0016834437847137451,0.001966714859008789,-0.0019238591194152832
0.00019584596157073975,0.00044608116149902344,-0.006179928779602051
-0.0012589246034622192,-0.0005821585655212402,-0.008125066757202148
-0.001881912350654602,-0.0003498196601867676,-0.010630309581756592
-0.0021959543228149414,-0.0015949010848999023,-0.008970201015472412
-0.00036929547786712646,-0.0009843707084655762,-0.008725762367248535
-0.0005226284265518188,0.0012508034706115723,-0.0053321123123168945
-0.0008043646812438965,0.0022596120834350586,-0.002441883087158203
-0.0013834834098815918,0.0037494897842407227,0.0005827546119689941
-0.0022165775299072266,0.005874276161193848,0.005097925662994385
-0.0010604560375213623,0.00627368688583374,0.007747232913970947
0.0012324154376983643,0.006484031677246094,0.009015679359436035
-0.00016394257545471191,0.005111873149871826,0.008469104766845703
-0.00047969818115234375,0.0035811662673950195,0.004717648029327393
0.002205580472946167,0.0024317502975463867,-0.0005878806114196777
0.004594653844833374,-0.000586092472076416,-0.003725886344909668
0.005067810416221619,-0.0005394816398620605,-0.005102813243865967
0.005204245448112488,0.0015178322792053223,-0.005236148834228516
0.004933074116706848,0.0026518702507019043,-0.0010357499122619629
0.0032443106174468994,0.002621173858642578,0.002729475498199463
0.003155812621116638,0.0038832128047943115,0.0068991780281066895
0.005357801914215088,0.004061311483383179,0.008235394954681396
0.003143787384033203,0.003507286310195923,0.0064465999603271484
-0.00045962631702423096,0.0026087164878845215,0.0028418898582458496
-0.0035593360662460327,0.0014246106147766113,-0.00032585859298706055
-0.0033701956272125244,0.0007565617561340332,-0.0053969621658325195
-0.005125910043716431,-0.0003139972686767578,-0.007536828517913818
-0.004979148507118225,0.0008969306945800781,-0.00599902868270874
-0.0009189397096633911,0.002065211534500122,-0.0022088289260864258
0.00031435489654541016,0.0018585920333862305,0.0014549493789672852
0.0020112544298171997,0.0039116740226745605,0.0037696361541748047
0.00304567813873291,0.004918426275253296,0.00434499979019165
0.002165853977203369,0.002682924270629883,0.003794550895690918
0.0023263394832611084,0.001362144947052002,0.0030216574668884277
0.0014605671167373657,0.0011211931705474854,0.0006868839263916016
-0.0022807717323303223,-0.0009878277778625488,-0.00455629825592041
-0.004056155681610107,-0.0014416277408599854,-0.009673357009887695
-0.0033823400735855103,3.007054328918457e-05,-0.01160365343093872
-0.0035383254289627075,0.0005089640617370605,-0.00970393419265747
-0.0026217997074127197,0.0018838346004486084,-0.005616724491119385
0.0005335062742233276,0.003560304641723633,0.0010606646537780762
0.0018395334482192993,0.0021779537200927734,0.007139742374420166
0.0034613460302352905,0.0035383403301239014,0.012111127376556396
0.002498447895050049,0.004382193088531494,0.011408865451812744
0.0022367537021636963,0.002871602773666382,0.008050799369812012
0.004018872976303101,0.0011397004127502441,0.0022159218788146973
0.0067308396100997925,0.0012475252151489258,-0.0024622678756713867
0.0069726258516311646,0.0010972023010253906,-0.007132172584533691
0.004821747541427612,-0.00036472082138061523,-0.00712430477142334
0.0014075636863708496,-0.0014429092407226562,-0.006462037563323975
0.0007807910442352295,0.00020632147789001465,-0.005517065525054932
0.0005634129047393799,0.002009749412536621,-0.0027660131454467773
-0.0005424618721008301,0.002154141664505005,0.0007404685020446777
0.0008120536804199219,0.004517197608947754,0.004758358001708984
-0.0003849118947982788,0.005771279335021973,0.006659567356109619
-0.003021225333213806,0.003469020128250122,0.006681919097900391
-0.004911750555038452,0.004607677459716797,-0.0010497570037841797
0.002917349338531494,0.0027018189430236816,-0.0027404427528381348
0.0032952874898910522,-0.003654390573501587,-0.0017474889755249023
0.0013779103755950928,-0.0024876296520233154,-0.007731378078460693
0.0007857680320739746,-4.914402961730957e-05,-0.009780704975128174
-0.0006970763206481934,-0.0004540383815765381,-0.010196030139923096
0.000136449933052063,-0.0012092292308807373,-0.008193910121917725
0.003565743565559387,-0.00013127923011779785,-0.003716766834259033
0.005019471049308777,0.0007449090480804443,0.001343846321105957
0.0043344646692276,0.0015610158443450928,0.003656625747680664
0.004633113741874695,0.0034591853618621826,0.007413327693939209
0.004778817296028137,0.0049332380294799805,0.007272779941558838
0.0038652271032333374,0.004923224449157715,0.007133305072784424
0.001568824052810669,0.004043757915496826,0.006125807762145996
0.001016870141029358,0.003481745719909668,0.005798399448394775
0.003519117832183838,0.0032198727130889893,0.0029787421226501465
0.002651527523994446,0.002267509698867798,0.0016306638717651367
0.0009299516677856445,0.0023962557315826416,-1.2874603271484375e-05
0.0010928362607955933,0.004183709621429443,-0.0007838010787963867
0.0008255243301391602,0.004426121711730957,-0.00021147727966308594
0.0021221935749053955,0.00399547815322876,0.0006210207939147949
0.004099398851394653,0.003943085670471191,0.0035170316696166992
0.00405430793762207,0.004560351371765137,0.005471765995025635
0.0029835253953933716,0.003317505121231079,0.0038050413131713867
0.00353454053401947,0.002075761556625366,0.004313766956329346
0.0034899264574050903,0.0011257529258728027,0.001122117042541504
0.0027376115322113037,0.0006122291088104248,-0.0003981590270996094
-0.00046397745609283447,-0.0006754696369171143,-0.0036373138427734375
-0.0015849024057388306,-0.000945359468460083,-0.005083918571472168
-0.0016723871231079102,-0.0013003945350646973,-0.005612850189208984
-0.0037597566843032837,-0.0024361610412597656,-0.0048983097076416016
-0.003937646746635437,-0.001385122537612915,-0.003969907760620117
-0.003137528896331787,-0.0017590820789337158,-0.0030715465545654297
-0.0029640495777130127,-0.0003477334976196289,-0.0013270378112792969
-0.0010962635278701782,0.0010008811950683594,-4.565715789794922e-05
-1.1071562767028809e-05,0.0015575587749481201,0.0017431378364562988
0.0003692060708999634,0.002667725086212158,0.003236055374145508
0.0018205493688583374,0.003902047872543335,0.0034699440002441406
0.0009471774101257324,0.0041072070598602295,0.005390286445617676
0.001042485237121582,0.004974246025085449,0.0062901973724365234
0.0021088719367980957,0.0034081339836120605,0.006365180015563965
0.0037402212619781494,0.0028492212295532227,0.004391312599182129
0.006247371435165405,0.001422584056854248,0.000800013542175293
0.006781324744224548,0.0026032626628875732,-0.0017735958099365234
0.007002055644989014,0.0019354820251464844,-0.003107130527496338
0.006433948874473572,0.0027150213718414307,-0.002596616744995117
0.0046706050634384155,0.0030032694339752197,-0.001359105110168457
0.002750486135482788,0.002297312021255493,0.0015648603439331055
0.001865193247795105,0.0018511712551116943,0.003464818000793457
0.0050092339515686035,0.003002762794494629,0.0026437044143676758
0.00698457658290863,0.003613412380218506,0.0040018558502197266
0.004631012678146362,0.004268646240234375,0.002298295497894287
0.0032156407833099365,0.003812342882156372,0.003413558006286621
0.0008028000593185425,0.0017682313919067383,0.003321707248687744
-0.0037398934364318848,-0.00010645389556884766,0.002277672290802002
-0.0066923946142196655,0.00039508938789367676,0.0006859302520751953
-0.007631123065948486,0.0016923844814300537,-0.0027918219566345215
-0.00743451714515686,0.0015060007572174072,-0.004090249538421631
-0.0050058066844940186,0.0007718801498413086,-0.004775822162628174
-0.004167720675468445,0.0008800625801086426,-0.004667758941650391
-0.002185121178627014,0.0010461509227752686,-0.004060208797454834
-0.0006043612957000732,0.0010129213333129883,-0.0033589601516723633
-0.002438858151435852,0.0006552338600158691,-0.00247955322265625
-0.00011296570301055908,0.0010986626148223877,-0.003657102584838867
0.00039099156856536865,0.001713097095489502,-0.003439188003540039
0.00035114586353302,0.0013813674449920654,-0.0027513504028320312
0.0023532062768936157,0.002800166606903076,0.0007138848304748535
0.005600407719612122,0.004021376371383667,0.004422307014465332
0.006488233804702759,0.004180103540420532,0.00877833366394043
0.005858615040779114,0.0034413933753967285,0.010554075241088867
0.005283460021018982,0.003611922264099121,0.013163983821868896
0.004074722528457642,0.004116088151931763,0.010635912418365479
0.0017489194869995117,0.0027182698249816895,0.005201220512390137
0.0011293590068817139,0.0017389953136444092,-0.0005564093589782715
0.0023055076599121094,-0.00033158063888549805,-0.0061283111572265625
0.0012552440166473389,-0.0028293728828430176,-0.01057356595993042
-5.2109360694885254e-05,-0.004276871681213379,-0.014096379280090332
-0.0007170587778091431,-0.0022836625576019287,-0.013970255851745605
-0.0036167800426483154,0.00010278820991516113,-0.01076507568359375
-0.006150826811790466,0.0011467039585113525,-0.006310820579528809
-0.006444260478019714,0.00378262996673584,0.0007801055908203125
-0.004442289471626282,0.005641728639602661,0.006338655948638916
2.8088688850402832e-05,0.00422745943069458,0.007339835166931152
0.0004306584596633911,0.0033767223358154297,0.006236016750335693
0.0019990503787994385,0.003147989511489868,0.0031389594078063965
0.0034692734479904175,0.002909034490585327,-0.0015607476234436035
0.0011770576238632202,0.0011501908302307129,-0.006467342376708984
0.0016472488641738892,0.0023871660232543945,-0.007175147533416748
0.0025120824575424194,0.0027944743633270264,-0.00433504581451416
0.000991135835647583,0.0030335187911987305,-4.7087669372558594e-05
0.0038167834281921387,0.002371847629547119,0.004454970359802246
0.007357656955718994,0.002007395029067993,0.009663164615631104
0.006866633892059326,0.0015111565589904785,0.009584665298461914
0.006589412689208984,0.0007327795028686523,0.006291031837463379
0.004322484135627747,0.00019824504852294922,0.0016313791275024414
0.001596301794052124,0.0016426444053649902,-0.00662761926651001
-0.0011650621891021729,0.0010462403297424316,-0.010591626167297363
-0.004790276288986206,-0.0006232559680938721,-0.01127856969833374
-0.0013263970613479614,-0.0007751584053039551,-0.0077078938484191895
0.0011416524648666382,-0.0012663006782531738,-0.0007314682006835938
0.001978933811187744,-0.0017626583576202393,0.00243377685546875
0.004712462425231934,-0.001420736312866211,-0.0007914900779724121
0.009087085723876953,-0.0035766661167144775,-0.008850336074829102
0.013796806335449219,-0.008649468421936035,-0.016462206840515137
0.01677291840314865,-0.010275393724441528,-0.01948249340057373
-0.007408425211906433,-0.003511488437652588,-0.020378291606903076
-0.027953915297985077,0.004261702299118042,-0.01471090316772461
-0.043034180998802185,0.009580910205841064,-0.008009910583496094
-0.0507325679063797,0.017065197229385376,-0.003180265426635742
-0.04354238510131836,0.016557276248931885,0.004071056842803955
-0.022429898381233215,0.006876736879348755,0.011957764625549316
0.004702717065811157,-0.005603909492492676,0.014236152172088623
0.02182406187057495,-0.012086361646652222,0.006993770599365234
0.02697145938873291,-0.012782424688339233,-0.008199334144592285
0.026019364595413208,-0.010793477296829224,-0.021563827991485596
0.024104014039039612,-0.0074516236782073975,-0.028843164443969727
0.015174269676208496,-0.00363883376121521,-0.02751082181930542
0.015471935272216797,-0.0027990341186523438,-0.02218407392501831
0.01601707935333252,0.0007210373878479004,-0.00539320707321167
0.006023049354553223,0.0022006630897521973,0.008303463459014893
0.0021898746490478516,0.0057610273361206055,0.014653503894805908
0.00953015685081482,0.006186127662658691,0.022550225257873535
0.009804591536521912,0.0034978091716766357,0.02956181764602661
0.010956615209579468,0.005743086338043213,0.023821353912353516
0.006710559129714966,0.008865565061569214,0.00638347864151001
0.0035287439823150635,-0.0018574893474578857,-0.017508864402770996
0.007000654935836792,-0.006788432598114014,-0.03554105758666992
0.01080283522605896,-0.01769047975540161,-0.06324410438537598
0.04214538633823395,-0.027196556329727173,-0.07611894607543945
0.06840883195400238,-0.0421847403049469,-0.07006847858428955
0.08904416114091873,-0.0708780586719513,-0.06376874446868896
0.09831684827804565,-0.07767802476882935,-0.05448734760284424
0.08560000360012054,-0.06687724590301514,-0.031123042106628418
0.05877196043729782,-0.06768345832824707,-0.004691600799560547
0.057596489787101746,-0.07915261387825012,0.02790623903274536
0.06848397850990295,-0.07150006294250488,0.09792494773864746
0.042778946459293365,-0.06302222609519958,0.1702670454978943
0.0008207187056541443,-0.03452247381210327,0.22539210319519043
-0.05822194367647171,0.015614628791809082,0.21821999549865723
-0.1401396095752716,0.04255098104476929,0.14226126670837402
-0.19056934118270874,0.00027295947074890137,0.11488234996795654
-0.08606067299842834,0.059628814458847046,0.13379228115081787
0.003403306007385254,0.09068155288696289,0.10221755504608154
-0.21847721934318542,-0.15019428730010986,0.5553920269012451
-0.15740744769573212,-0.18661674857139587,0.9143392443656921
0.170965313911438,-0.04777204990386963,1.0716103315353394
0.36450546979904175,0.028060704469680786,1.069207787513733
0.23402689397335052,0.00018781423568725586,0.9175414443016052
0.05074398219585419,-0.03665035963058472,0.7145289182662964
-0.033000603318214417,-0.01287350058555603,0.5325618982315063
-0.052881136536598206,0.034822016954422,0.4344314932823181
-0.09559778869152069,0.061066657304763794,0.43517202138900757
-0.12644878029823303,0.07466316223144531,0.46694302558898926
-0.12083765864372253,0.10367292165756226,0.49260491132736206
-0.1272737681865692,0.14997577667236328,0.44259440898895264
-0.14732815325260162,0.19435417652130127,0.3119610548019409
-0.18037615716457367,0.2007671594619751,0.18958014249801636
-0.20455105602741241,0.19676905870437622,0.14598321914672852
-0.17482833564281464,0.20930010080337524,0.1322624683380127
-0.12348707020282745,0.2317550778388977,0.1480475664138794
-0.10827453434467316,0.25170862674713135,0.17821907997131348
-0.11330217123031616,0.2656567692756653,0.1720934510231018
-0.10757534205913544,0.2750259041786194,0.12125831842422485
-0.10529258847236633,0.2772345542907715,0.054298460483551025
-0.10906629264354706,0.26896727085113525,-0.0035024285316467285
-0.10100063681602478,0.2532380223274231,-0.05736738443374634
-0.08435527980327606,0.24825960397720337,-0.10565537214279175
-0.060343965888023376,0.25988930463790894,-0.15831094980239868
-0.0435246080160141,0.26416903734207153,-0.2009008526802063
-0.029663681983947754,0.2534107565879822,-0.2162831425666809
-0.015140905976295471,0.2516278028488159,-0.23766720294952393
-0.030101224780082703,0.26356369256973267,-0.26917511224746704
-0.052445441484451294,0.26396822929382324,-0.28364551067352295
-0.06963859498500824,0.262395977973938,-0.2804592251777649
-0.08793939650058746,0.25185626745224,-0.2553505301475525
-0.10096056759357452,0.23396682739257812,-0.2297477126121521
-0.10050317645072937,0.22342997789382935,-0.23836737871170044
-0.08105750381946564,0.20921379327774048,-0.2619219422340393
-0.0661737471818924,0.1828136444091797,-0.2892382740974426
-0.05058258771896362,0.1672641634941101,-0.31508010625839233
-0.03460918366909027,0.15703082084655762,-0.33670634031295776
-0.024289071559906006,0.16280388832092285,-0.3483603298664093
-0.04274669289588928,0.16074621677398682,-0.33684226870536804
-0.07263627648353577,0.15347164869308472,-0.31163954734802246
-0.0923357903957367,0.1492292284965515,-0.272563636302948
-0.1091119647026062,0.1428632140159607,-0.2415788769721985
-0.09995469450950623,0.13789349794387817,-0.23605257272720337
-0.07691523432731628,0.11987370252609253,-0.2359619140625
-0.05967584252357483,0.09084874391555786,-0.24075531959533691
-0.028285831212997437,0.06697100400924683,-0.242900550365448
0.012605756521224976,0.043107688426971436,-0.23675623536109924
0.04263821244239807,0.02401512861251831,-0.21920478343963623
0.05572664737701416,0.01962178945541382,-0.2017383575439453
0.1746995449066162,0.023472905158996582,-0.21583813428878784
0.14506074786186218,-0.023324131965637207,-0.2000741958618164
0.03071531653404236,-0.047563374042510986,-0.1894640326499939
-0.009674698114395142,-0.01771026849746704,-0.1759360432624817
0.013291627168655396,0.0066304802894592285,-0.1510905623435974
0.057518601417541504,-0.020986437797546387,-0.12914592027664185
0.08183875679969788,-0.03664642572402954,-0.08230453729629517
0.09853541851043701,-0.034364163875579834,-0.04579395055770874
0.11107087135314941,-0.06046128273010254,-0.010235637426376343
0.16652825474739075,-0.12291485071182251,-0.07839804887771606
0.22868594527244568,-0.08707058429718018,-0.13075459003448486
0.16555148363113403,-0.0077530741691589355,-0.13244152069091797
0.03735169768333435,-0.0808558464050293,-0.1372130811214447
-0.03351834416389465,-0.08677423000335693,-0.0815611481666565
-0.037268489599227905,-0.007472991943359375,-0.05236130952835083
-0.04632958769798279,-0.0032666921615600586,-0.046644747257232666
-0.08111315965652466,-0.013566017150878906,-0.025926947593688965
-0.08464512228965759,-0.009710848331451416,-0.015549808740615845
-0.04771721363067627,0.010438501834869385,-0.017949163913726807
-0.023587465286254883,0.0012986063957214355,-0.032423198223114014
-0.0027120113372802734,-0.024900436401367188,-0.04133498668670654
0.027403056621551514,-0.01526409387588501,-0.015095174312591553
0.023915529251098633,-0.006843268871307373,0.0195196270942688
-0.013553708791732788,-0.02747631072998047,0.027276337146759033
-0.018387526273727417,-0.04043394327163696,0.03427237272262573
-0.016668081283569336,-0.04117482900619507,0.00839051604270935
-0.05558934807777405,-0.04946225881576538,-0.03154060244560242
-0.05382785201072693,-0.03696310520172119,-0.048457175493240356
0.03761392831802368,0.04619532823562622,-0.05516520142555237
0.0611441433429718,-0.005892813205718994,-0.02396264672279358
0.020284146070480347,0.014581918716430664,0.13584133982658386
-0.0698527991771698,0.049196720123291016,0.3184596002101898
-0.10224699974060059,0.04103189706802368,0.4417210817337036
0.019068390130996704,0.015031695365905762,0.12028658390045166
0.3139745891094208,-0.17807453870773315,-0.3578711450099945
0.030428797006607056,-0.1254720687866211,0.13980194926261902
0.20985892415046692,0.3018999695777893,-0.49373582005500793
0.45165252685546875,-0.22869747877120972,-1.6368979215621948
-0.10181853175163269,-0.5823341608047485,-0.9014999866485596
0.22324925661087036,0.21078085899353027,-0.6298668384552002
-0.018968671560287476,-0.1993032693862915,-0.6256464123725891
0.06758034229278564,-0.008810102939605713,-0.6442471146583557
0.12051385641098022,-0.04633164405822754,-0.605026125907898
0.171526700258255,-0.032467663288116455,-0.44715607166290283
0.17825627326965332,-0.0009424686431884766,-0.19546890258789062
0.1022748053073883,0.015085160732269287,0.03005129098892212
-0.006480485200881958,0.06429964303970337,0.16063278913497925
-0.1084107756614685,0.07908403873443604,0.22601592540740967
-0.1496770679950714,0.07739448547363281,0.24918508529663086
-0.15271314978599548,0.08020055294036865,0.23441416025161743
-0.14164459705352783,0.0662461519241333,0.20692592859268188
-0.10793918371200562,0.05405318737030029,0.18191176652908325
-0.022217750549316406,0.03628319501876831,0.1520754098892212
0.05419716238975525,0.015122771263122559,0.08751368522644043
0.08955910801887512,-0.00470811128616333,0.015974342823028564
0.09904354810714722,-0.003457307815551758,-0.0658499002456665
0.08089098334312439,0.026411831378936768,-0.12421166896820068
0.01796218752861023,0.016937434673309326,-0.13994437456130981
-0.04159155488014221,0.030344486236572266,-0.13404607772827148
-0.06820318102836609,0.08895182609558105,-0.07490789890289307
-0.12080058455467224,0.05844956636428833,0.019534289836883545
-0.13032269477844238,0.03600513935089111,-0.0032375454902648926
-0.03339526057243347,0.014582157135009766,-0.06607985496520996
0.05833101272583008,-0.01214367151260376,-0.1298431158065796
0.11165633797645569,-0.003452897071838379,-0.13969212770462036
0.12165486812591553,-0.017226576805114746,-0.08421522378921509
0.12458282709121704,-0.018298566341400146,-0.0896177887916565
0.09035274386405945,0.007474243640899658,-0.1361714005470276
0.04254910349845886,0.031541287899017334,-0.14515435695648193
0.008211076259613037,0.040549635887145996,-0.13230127096176147
-0.015980303287506104,0.04562288522720337,-0.1385664939880371
-0.06846094131469727,0.06011521816253662,-0.15957671403884888
-0.11398814618587494,0.07908695936203003,-0.16581565141677856
-0.12868423759937286,0.09862273931503296,-0.13131314516067505
-0.12215021252632141,0.11569720506668091,-0.0825120210647583
-0.10179710388183594,0.13255006074905396,-0.04972130060195923
-0.07790443301200867,0.13636445999145508,-0.06041914224624634
-0.05287095904350281,0.12348473072052002,-0.0923812985420227
-0.0487031489610672,0.09803152084350586,-0.12108731269836426
-0.005787447094917297,0.0977940559387207,-0.15567320585250854
0.022094130516052246,0.09516125917434692,-0.20433950424194336
0.06563806533813477,0.08349049091339111,-0.2198084592819214
0.10562168061733246,0.07633703947067261,-0.17558425664901733
0.1196976825594902,0.07752305269241333,-0.11251336336135864
0.10589718073606491,0.09807795286178589,-0.05088019371032715
0.05900999903678894,0.1111077070236206,0.019368469715118408
0.006604723632335663,0.12031495571136475,0.07969367504119873
-0.03221549093723297,0.12585443258285522,0.11246263980865479
-0.06311550736427307,0.1227039098739624,0.12141644954681396
-0.07016979157924652,0.12342411279678345,0.09693872928619385
-0.05426353961229324,0.13065367937088013,0.05528002977371216
-0.020875103771686554,0.12449002265930176,0.03349846601486206
-0.006495732814073563,0.10897672176361084,0.0019018054008483887
-0.020844124257564545,0.10442608594894409,-0.03503847122192383
-0.04667540639638901,0.10213500261306763,-0.034073472023010254
-0.08979561924934387,0.10022789239883423,0.017635345458984375
-0.12902295589447021,0.09884309768676758,0.09916567802429199
-0.1549423635005951,0.09265238046646118,0.16757261753082275
-0.15223774313926697,0.08533358573913574,0.17667102813720703
-0.10926016420125961,0.08330059051513672,0.13788288831710815
-0.06177324801683426,0.08746016025543213,0.11697149276733398
-0.03639201819896698,0.10666418075561523,0.1392858624458313
-0.03877870738506317,0.11174136400222778,0.17879456281661987
-0.03247843682765961,0.10070455074310303,0.2264096736907959
-0.012974455952644348,0.09554752707481384,0.27656710147857666
0.004628777503967285,0.0985446572303772,0.3136516809463501
0.015025287866592407,0.09576508402824402,0.3248744010925293
0.0301455557346344,0.08457896113395691,0.30523818731307983
0.029946625232696533,0.08340975642204285,0.25349318981170654
-0.01089407503604889,0.0905364453792572,0.1922318935394287
-0.053483858704566956,0.10167738795280457,0.1293271780014038
-0.08846648037433624,0.1236632764339447,0.06894141435623169
-0.12850883603096008,0.1406756043434143,0.02319157123565674
-0.16102655231952667,0.15593886375427246,0.008252859115600586
-0.15195462107658386,0.17664283514022827,-0.034207940101623535
0.23113757371902466,-0.26705431938171387,-0.06850439310073853
0.6088195443153381,-0.8647345900535583,0.7384723424911499
0.506946325302124,-0.3768065571784973,1.2134350538253784
0.4328573942184448,-0.10108703374862671,1.2976351976394653
0.3412083089351654,-0.005257248878479004,1.0196137428283691
0.16723991930484772,0.07735297083854675,0.4713224768638611
-0.02363717555999756,0.1444212794303894,0.02883148193359375
-0.1708921641111374,0.15935981273651123,-0.25460439920425415
-0.26395660638809204,0.12100273370742798,-0.406427264213562
-0.30886510014533997,0.08727896213531494,-0.4551634192466736
-0.3101903796195984,0.07610291242599487,-0.4225648045539856
-0.2918914258480072,0.06223750114440918,-0.3299762010574341
-0.28363069891929626,0.05451154708862305,-0.20930325984954834
-0.2597121596336365,0.04504126310348511,-0.09123450517654419
-0.2126244306564331,0.032585978507995605,0.012298941612243652
-0.15863719582557678,0.017512857913970947,0.0908549427986145
-0.0955413281917572,0.01828092336654663,0.1423986554145813
-0.03670123219490051,0.007982313632965088,0.1630672812461853
0.0016820728778839111,-0.006931126117706299,0.1517709493637085
0.029725879430770874,-0.0190809965133667,0.11787772178649902
0.050567835569381714,-0.024396181106567383,0.06295275688171387
0.055551305413246155,-0.028361499309539795,-0.0016581416130065918
0.052276015281677246,-0.029538273811340332,-0.06264603137969971
0.053547754883766174,-0.03402352333068848,-0.11072927713394165
0.05775323510169983,-0.04144173860549927,-0.1364538073539734
0.06664219498634338,-0.03876370191574097,-0.13747358322143555
0.07532744109630585,-0.0361485481262207,-0.12340408563613892
0.08011811971664429,-0.03485667705535889,-0.09777188301086426
0.08740216493606567,-0.030797958374023438,-0.06302022933959961
0.08892558515071869,-0.026263892650604248,-0.03040158748626709
0.08107861876487732,-0.018658995628356934,-0.004403412342071533
0.07377755641937256,-0.008664727210998535,0.013159036636352539
0.0625440925359726,-0.0026200413703918457,0.02004021406173706
0.04773549735546112,-0.001008152961730957,0.015913188457489014
0.038451388478279114,0.0006897449493408203,0.008465051651000977
0.028371810913085938,0.003366410732269287,0.002787768840789795
0.014954835176467896,0.004438459873199463,0.001284956932067871
0.005125954747200012,0.004026532173156738,0.005071520805358887
-0.0036775916814804077,0.007159113883972168,0.007783293724060059
-0.01646728813648224,0.008413136005401611,0.01197671890258789
-0.030420228838920593,0.0057579874992370605,0.01781594753265381
-0.04253390431404114,0.006311178207397461,0.016726195812225342
-0.05437159538269043,0.0102195143699646,0.009323298931121826
-0.06519533693790436,0.010848045349121094,-0.0006768703460693359
-0.06926868855953217,0.003950774669647217,-0.013704299926757812
-0.06718689203262329,0.0015317201614379883,-0.02117753028869629
-0.05816143751144409,0.0011820793151855469,-0.02017045021057129
-0.047974586486816406,-0.0006292462348937988,-0.01157599687576294
-0.04171404242515564,-0.0008018612861633301,-0.004317283630371094
-0.03408004343509674,0.001010894775390625,-0.0022069215774536133
-0.025478750467300415,0.0027865171432495117,-0.0015660524368286133
-0.024043679237365723,0.006672382354736328,-0.0028901100158691406
-0.02068844437599182,0.004184424877166748,-0.002867579460144043
-0.013122990727424622,0.002643108367919922,-0.008208394050598145
-1.6883015632629395e-05,0.0010010600090026855,-0.016614675521850586
0.012725204229354858,-0.004035294055938721,-0.014581441879272461
0.02302977442741394,-0.007372856140136719,-0.008840680122375488
0.03130681812763214,-0.005667448043823242,-0.0030759572982788086
0.03381811082363129,-0.0011764168739318848,0.004409313201904297
0.02899925410747528,0.004505157470703125,0.012439846992492676
0.025715351104736328,0.006174325942993164,0.015800178050994873
0.02204953134059906,0.004745423793792725,0.016286492347717285
0.018932387232780457,0.00014197826385498047,0.01297307014465332
0.017686277627944946,-0.0006778836250305176,0.004354536533355713
0.016781330108642578,0.0006994009017944336,-0.006583034992218018
0.014029547572135925,0.0014514923095703125,-0.011493027210235596
0.006799742579460144,0.0035390257835388184,-0.011497139930725098
0.004452109336853027,0.00014448165893554688,-0.00743335485458374
-0.0009848177433013916,0.0023710131645202637,0.003793001174926758
-0.005776599049568176,0.007848858833312988,0.01529836654663086
-0.010573893785476685,0.010980963706970215,0.02461022138595581
-0.01742778718471527,0.013785719871520996,0.02852088212966919
-0.01673637330532074,0.015349864959716797,0.029762327671051025
-0.018441081047058105,0.017174720764160156,0.02916884422302246
-0.024846434593200684,0.01295536756515503,0.029096364974975586
-0.028732970356941223,0.004689633846282959,0.026979923248291016
-0.032203078269958496,9.238719940185547e-06,0.016517817974090576
-0.03576818108558655,-0.0002644062042236328,0.0010451674461364746
-0.037882402539253235,9.804964065551758e-05,-0.014550566673278809
-0.030649587512016296,0.0022577643394470215,-0.02481609582901001
-0.01863749325275421,0.0007793307304382324,-0.026736855506896973
-0.00459665060043335,-0.0019805431365966797,-0.020076274871826172
0.008560866117477417,-0.0021435022354125977,-0.01076507568359375
0.020088866353034973,-0.0007887482643127441,-0.005390524864196777
0.030055105686187744,-0.0005513429641723633,0.00200045108795166
0.03581734001636505,0.0010530948638916016,0.011286258697509766
0.03538157045841217,0.003829777240753174,0.017640411853790283
0.03453783690929413,0.007863759994506836,0.01911252737045288
0.03595724701881409,0.011794567108154297,0.020954251289367676
0.03930269181728363,0.01441812515258789,0.025549232959747314
0.03398221731185913,0.015626192092895508,0.033765554428100586
0.02685701847076416,0.019121229648590088,0.042199671268463135
0.020023316144943237,0.019549906253814697,0.039349913597106934
0.01753959059715271,0.016588270664215088,0.028797626495361328
0.022902563214302063,0.015048742294311523,0.020156264305114746
0.027238979935646057,0.012256264686584473,0.01234370470046997
0.029604807496070862,0.005163252353668213,0.007886409759521484
0.0347602516412735,-0.0016791224479675293,0.008589386940002441
0.03068329393863678,-0.005025506019592285,0.007617652416229248
0.02293834090232849,-0.005287051200866699,-0.002190232276916504
0.01284058392047882,-0.0014570355415344238,-0.013602793216705322
-0.0018773972988128662,0.003123641014099121,-0.02298581600189209
-0.01683172583580017,0.005578875541687012,-0.029372215270996094
-0.01998661458492279,0.007291555404663086,-0.025022506713867188
-0.017399847507476807,0.00820469856262207,-0.014373719692230225
-0.01314842700958252,0.008439183235168457,-0.0014927387237548828
-0.01039019227027893,0.007059216499328613,0.008983135223388672
-0.005782783031463623,0.007059633731842041,0.010316789150238037
-0.001725524663925171,0.0047411322593688965,0.008341491222381592
-0.0007653236389160156,0.0010728240013122559,0.0008485317230224609
0.0008618086576461792,-0.00045037269592285156,-0.010974645614624023
0.0015045404434204102,-0.0016199946403503418,-0.023807525634765625
0.0037303119897842407,-0.004493296146392822,-0.03201723098754883
0.007155567407608032,-0.004965543746948242,-0.03279656171798706
0.008173614740371704,-0.004050731658935547,-0.02818983793258667
0.00750260055065155,-0.0020232200622558594,-0.021021485328674316
0.006700530648231506,0.002045750617980957,-0.009998023509979248
0.008415907621383667,0.0065160393714904785,0.0028438568115234375
0.004521116614341736,0.010341942310333252,0.01678556203842163
-0.004392862319946289,0.007144808769226074,0.02846074104309082
-0.010734349489212036,0.0050871968269348145,0.029634952545166016
-0.01495961844921112,0.004979133605957031,0.01851952075958252
-0.015591755509376526,0.003201603889465332,0.0005226731300354004
-0.011997148394584656,0.0025821328163146973,-0.015021681785583496
-0.007292255759239197,-0.002306699752807617,-0.02249300479888916
-0.0021329671144485474,-0.004771292209625244,-0.02277398109436035
0.001241147518157959,-0.0029709935188293457,-0.016862332820892334
0.0033040493726730347,-0.002097010612487793,-0.007254481315612793
0.0072994232177734375,-6.699562072753906e-05,0.0023513436317443848
0.008358687162399292,0.002680182456970215,0.006532549858093262
0.00785006582736969,0.006581127643585205,0.010783612728118896
0.006466656923294067,0.00921773910522461,0.012346506118774414
0.003668367862701416,0.006078839302062988,0.01300191879272461
0.002323627471923828,0.004146873950958252,0.00866764783859253
0.006932646036148071,0.0014712810516357422,0.0010290741920471191
0.008319750428199768,-0.0010326504707336426,-0.009133458137512207
0.0034917742013931274,-0.004458308219909668,-0.01431804895401001
0.0010853111743927002,-0.004367232322692871,-0.017684638500213623
0.004412904381752014,-0.003817319869995117,-0.017586946487426758
0.004846453666687012,-0.00033020973205566406,-0.013523697853088379
0.003684893250465393,0.0026551485061645508,-0.006316781044006348
0.005480125546455383,0.003937900066375732,0.0019098520278930664
0.0053611695766448975,0.005909144878387451,0.009394526481628418
0.0028785765171051025,0.006942927837371826,0.013701558113098145
-0.0004359334707260132,0.004232883453369141,0.015897631645202637
0.0016992241144180298,0.003350198268890381,0.011317610740661621
0.0032645612955093384,0.004936814308166504,0.0055495500564575195
0.0028866827487945557,0.0047782063484191895,0.0009764432907104492
0.0023860037326812744,0.001711130142211914,-0.0015193819999694824
0.002245798707008362,0.001030266284942627,-0.0051988959312438965
0.00568312406539917,0.001212775707244873,-0.007400035858154297
0.00806725025177002,0.0012301802635192871,-0.005737721920013428
0.011092185974121094,0.0017552375793457031,-0.002820730209350586
0.011577010154724121,0.0028415918350219727,0.0008273124694824219
0.007607027888298035,0.002208709716796875,0.0054814815521240234
0.0036335736513137817,0.0006207823753356934,0.006523430347442627
-2.1472573280334473e-05,0.002091348171234131,0.0052509307861328125
-0.0010198503732681274,0.0011199712753295898,0.00013250112533569336
-0.0033516138792037964,0.00021016597747802734,-0.00489497184753418
-0.007945403456687927,0.0005478262901306152,-0.008743762969970703
-0.010887309908866882,0.0015142560005187988,-0.00813359022140503
-0.0110587477684021,0.0018407702445983887,-0.006286799907684326
-0.009464487433433533,0.0032848715782165527,-0.0012928247451782227
-0.0062682777643203735,0.002490997314453125,0.0017849206924438477
-0.0030641406774520874,0.004695296287536621,0.007222950458526611
0.0006376802921295166,0.00470203161239624,0.008662581443786621
0.005533382296562195,0.0032562613487243652,0.010474979877471924
0.0060460567474365234,0.001954197883605957,0.007934808731079102
0.0057385265827178955,0.0007137060165405273,0.0028990507125854492
0.004978090524673462,0.001873612403869629,-0.003258943557739258
0.003293350338935852,0.0024599432945251465,-0.004285156726837158
0.004282653331756592,0.002149224281311035,-0.00593721866607666
0.005689829587936401,0.0012431740760803223,-0.005312561988830566
0.0075377970933914185,0.000348508358001709,-0.0014474987983703613
0.006191730499267578,0.0001773238182067871,0.0026363730430603027
0.004098832607269287,0.0004565715789794922,0.003794431686401367
0.002761363983154297,0.0025880932807922363,0.002054929733276367
-0.001349717378616333,0.0035266876220703125,-0.0009036064147949219
-0.003413364291191101,0.0027552247047424316,-0.0016425848007202148
-0.0023518651723861694,0.0001646876335144043,-0.0025582313537597656
0.0006218105554580688,-0.00043070316314697266,-0.004443228244781494
0.002062886953353882,0.0008460879325866699,-0.0068509578704833984
-0.0006743371486663818,0.0016971826553344727,-0.0058768391609191895
-0.0007242411375045776,0.0013927817344665527,-0.0022479891777038574
-0.00027157366275787354,0.002695918083190918,0.001910090446472168
8.627772331237793e-05,0.003689110279083252,0.0042716264724731445
-0.00015181303024291992,0.004674673080444336,0.006291389465332031
-0.0017005354166030884,0.004756808280944824,0.009312868118286133
0.0006490796804428101,0.005278229713439941,0.010591685771942139
0.0024992525577545166,0.007807374000549316,0.009109020233154297
0.003027498722076416,0.005956590175628662,0.007864236831665039
0.004060670733451843,0.004211902618408203,0.006649613380432129
0.001372009515762329,0.002361774444580078,0.00252532958984375
0.0020311176776885986,0.001171886920928955,-0.0014934539794921875
0.004077017307281494,0.0003172755241394043,-0.004039347171783447
0.004276558756828308,0.0014758110046386719,-0.004719376564025879
0.0025547444820404053,0.0014101266860961914,-0.003867626190185547
0.005622550845146179,0.0002678036689758301,-0.002372920513153076
0.006983533501625061,0.0006600618362426758,-0.0010218620300292969
0.005514353513717651,0.0013393759727478027,0.0003586411476135254
0.005260854959487915,0.0005667805671691895,-0.0017592310905456543
0.004155740141868591,0.0026106834411621094,-0.0028630495071411133
0.0002822279930114746,0.002735733985900879,-0.0021417737007141113
-0.0016839653253555298,0.0018472671508789062,0.0001385807991027832
-0.0012366026639938354,0.003369450569152832,0.00042235851287841797
-0.0033833086490631104,0.0042288899421691895,-0.00038927793502807617
-0.002843409776687622,0.0033265352249145508,0.0006299018859863281
0.0005655139684677124,0.003529369831085205,0.0014095902442932129
0.0016451925039291382,0.004435420036315918,0.0022486448287963867
0.002188846468925476,0.0021452903747558594,0.0025898218154907227
0.002213522791862488,0.0008670687675476074,0.0019577741622924805
0.002618938684463501,0.003918051719665527,0.001170337200164795
0.0013580471277236938,0.002574741840362549,0.0010014176368713379
0.000912785530090332,0.0023995041847229004,0.0005201101303100586
0.0037688463926315308,0.002337336540222168,0.0008622407913208008
0.0036259740591049194,0.0012897253036499023,0.0003229379653930664
0.0019775182008743286,0.0025045275688171387,-0.0010684728622436523
-0.0003826320171356201,0.002453446388244629,-0.0004813075065612793
-0.00020435452461242676,0.001100301742553711,-0.0004875659942626953
0.0019410401582717896,0.0020216703414916992,-0.00022614002227783203
0.0038703829050064087,0.002894103527069092,-0.0002410411834716797
0.002873331308364868,0.003431856632232666,0.001003265380859375
0.004594758152961731,0.004176318645477295,0.002553701400756836
0.006155386567115784,0.0053822994232177734,0.003048539161682129
0.008951708674430847,0.004136800765991211,0.0032151341438293457
0.008220270276069641,0.0035396218299865723,0.0040749311447143555
0.006198108196258545,0.0023159384727478027,0.0030630826950073242
0.0016658008098602295,0.0017279982566833496,0.00030994415283203125
-0.0022109299898147583,0.000554502010345459,-0.004983007907867432
-0.00326751172542572,-0.0019491314888000488,-0.009412527084350586
-0.0023001134395599365,-0.0009804964065551758,-0.011440515518188477
-0.0014569610357284546,0.0001189112663269043,-0.008919715881347656
-0.00047232210636138916,0.00034302473068237305,-0.00403064489364624
0.003207162022590637,0.002886354923248291,0.0014404654502868652
0.005481556057929993,0.003926336765289307,0.00798732042312622
0.0038131028413772583,0.005261898040771484,0.01215273141860962
0.002120599150657654,0.005803406238555908,0.013470590114593506
0.0012086033821105957,0.005629897117614746,0.012585759162902832
-0.001017928123474121,0.006002068519592285,0.008057594299316406
-0.001681700348854065,0.004128873348236084,0.002743959426879883
0.0003351569175720215,0.0033133625984191895,-0.0014614462852478027
0.004888638854026794,0.0013610124588012695,-0.004244565963745117
0.006276041269302368,-0.00049591064453125,-0.005655765533447266
0.00549750030040741,-0.0012113451957702637,-0.005317330360412598
0.003527238965034485,4.220008850097656e-05,-0.004377901554107666
0.0017340779304504395,0.0003421902656555176,-0.004410922527313232
-0.0005745291709899902,0.0018699169158935547,-0.0035997629165649414
-0.0035776644945144653,0.0001270771026611328,-0.0015195608139038086
-0.005614623427391052,-0.0005263686180114746,-0.00037848949432373047
-0.004249677062034607,0.0012711286544799805,-0.0009707212448120117
-0.001591026782989502,0.001705944538116455,-0.0030876994132995605
0.00014327466487884521,0.002617955207824707,-0.002299666404724121
0.001825287938117981,0.0019837021827697754,0.00021499395370483398
-0.0004270970821380615,0.002643406391143799,0.004114627838134766
0.0007163137197494507,0.0008974075317382812,0.003941833972930908
0.0037020742893218994,0.002832770347595215,0.0027425289154052734
0.005404740571975708,0.0032581090927124023,0.0015985965728759766
0.006517067551612854,0.003035128116607666,0.0011398792266845703
0.007805138826370239,0.0035630464553833008,8.285045623779297e-05
0.009071901440620422,0.0034284591674804688,0.003191232681274414
0.003740742802619934,0.0035142898559570312,0.004749655723571777
0.0003079622983932495,0.0035699009895324707,0.004939913749694824
0.00020176172256469727,0.00555342435836792,0.005125164985656738
-0.0030011236667633057,0.004175007343292236,0.003275632858276367
-0.0036533474922180176,0.0043454766273498535,0.003612995147705078
-0.002241775393486023,0.0029768943786621094,0.0030535459518432617
0.001417607069015503,0.002397477626800537,-0.0017150640487670898
0.00128956139087677,0.0016521811485290527,-0.003428161144256592
-0.0003844946622848511,0.0018730759620666504,-0.004348874092102051
0.001230195164680481,0.0008432269096374512,-0.00218355655670166
0.003062203526496887,0.0003860592842102051,-0.0016039013862609863
0.003596886992454529,-0.000260770320892334,-0.000986635684967041
0.004725798964500427,0.001241922378540039,-0.0008821487426757812
0.004020810127258301,0.0016917586326599121,-0.0015848875045776367
0.0024428516626358032,-0.0015957951545715332,-0.002469182014465332
0.003705441951751709,-0.0006937384605407715,-0.001928865909576416
0.00300520658493042,0.002175271511077881,-0.0005667209625244141
0.0005510896444320679,0.0024479031562805176,0.0009924769401550293
-0.00014984607696533203,0.0020143985748291016,0.004036664962768555
0.0010702311992645264,0.0044501423835754395,0.005378901958465576
0.002101719379425049,0.002875685691833496,0.0050299763679504395
0.0008897483348846436,0.003530144691467285,0.004114747047424316
0.00018624961376190186,0.005491971969604492,0.0026061534881591797
0.00026117265224456787,0.005702316761016846,0.003359973430633545
0.0017914623022079468,0.004318714141845703,0.004922389984130859
0.004353612661361694,0.002603292465209961,0.005454063415527344
0.005641862750053406,0.0011841654777526855,0.002932250499725342
0.0059111714363098145,0.0012135505676269531,-0.001982271671295166
0.006422713398933411,0.0009002685546875,-0.005579233169555664
0.004940241575241089,0.0008733868598937988,-0.006503582000732422
0.004336521029472351,-3.337860107421875e-06,-0.004412710666656494
0.004053086042404175,0.0008218884468078613,-0.0030133724212646484
0.0004759877920150757,0.002478182315826416,0.0003293156623840332
-0.0013712495565414429,0.0036652088165283203,0.003219127655029297
-0.0029296129941940308,0.004219710826873779,0.004949212074279785
-0.003764733672142029,0.0021415352821350098,0.004445314407348633
-0.001890137791633606,0.0004559159278869629,0.0014833807945251465
0.002192258834838867,0.0011460185050964355,-0.002232074737548828
0.0028524398803710938,0.0019257664680480957,-0.005198478698730469
0.003830462694168091,0.0023694634437561035,-0.0022620558738708496
0.00506216287612915,0.0034537315368652344,0.0017974376678466797
0.004831984639167786,0.00435030460357666,0.00638890266418457
0.004960983991622925,0.00446629524230957,0.008152186870574951
0.006057113409042358,0.0059493184089660645,0.007241249084472656
0.005235463380813599,0.005700528621673584,0.006383299827575684
0.0022956430912017822,0.0035187602043151855,0.004321932792663574
0.0004712045192718506,0.003187716007232666,0.002088189125061035
-0.003650277853012085,0.0010550618171691895,-0.000401914119720459
-0.005852788686752319,-0.0027878880500793457,-0.003440380096435547
-0.0013671070337295532,-0.0028756260871887207,-0.0077321529388427734
0.0002933889627456665,-0.0021359920501708984,-0.010270953178405762
0.0018367916345596313,-0.00010055303573608398,-0.010200858116149902
0.002946212887763977,0.00119781494140625,-0.006278514862060547
0.0040248483419418335,0.0023159384727478027,-0.0008236169815063477
0.0023709386587142944,0.002732992172241211,0.004730045795440674
0.0005612969398498535,0.004365861415863037,0.006723284721374512
-0.0015603303909301758,0.0032029151916503906,0.00653994083404541
-0.006252363324165344,0.000900566577911377,0.0021341443061828613
-0.006713211536407471,0.001178741455078125,-0.004856586456298828
-0.005390867590904236,-0.0013983845710754395,-0.009331583976745605
-0.0027681440114974976,-0.0014246106147766113,-0.011963903903961182
-0.0006128400564193726,-0.0005743503570556641,-0.009336471557617188
0.0016526877880096436,-0.00042188167572021484,-0.0038902759552001953
0.0035473406314849854,0.002574443817138672,0.0043222904205322266
0.005189567804336548,0.005580544471740723,0.011140823364257812
0.003851264715194702,0.005717933177947998,0.01699841022491455
0.0037195980548858643,0.005186736583709717,0.016681432723999023
0.005802765488624573,0.006685197353363037,0.012401282787322998
0.004054829478263855,0.004683196544647217,0.005662083625793457
0.0022840797901153564,0.0018894672393798828,0.001170039176940918
0.0026497691869735718,0.000798642635345459,-0.0036611557006835938
0.00463925302028656,-1.0132789611816406e-06,-0.006549715995788574
0.005531817674636841,0.000850379467010498,-0.0077474117279052734
0.004652976989746094,0.0018222332000732422,-0.004446268081665039
0.006540119647979736,0.0025974512100219727,-0.000685274600982666
0.00880277156829834,0.003008604049682617,0.0029594898223876953
0.005432054400444031,0.00260007381439209,0.005568504333496094
0.0023877769708633423,0.0028295516967773438,0.006878972053527832
-0.0036812424659729004,0.003774881362915039,0.0036505460739135742
-0.00946246087551117,0.0008222460746765137,-0.0009136199951171875
-0.009436249732971191,-0.00024020671844482422,-0.008012712001800537
-0.006747007369995117,-0.0018694400787353516,-0.012226223945617676
-0.0031414926052093506,-0.0032857656478881836,-0.012929201126098633
-0.0007814019918441772,-0.0016564130783081055,-0.010270178318023682
0.0002324432134628296,0.0022960901260375977,-0.003975093364715576
0.0027625560760498047,0.0038709044456481934,0.004784643650054932
0.0031807124614715576,0.0052512288093566895,0.01158219575881958
0.0038705170154571533,0.003959774971008301,0.016497015953063965
0.004146456718444824,0.005379199981689453,0.012668728828430176
0.0031187236309051514,0.004381299018859863,0.007171452045440674
0.0010259300470352173,0.0031568408012390137,0.002392292022705078
0.0008769184350967407,0.0011763572692871094,-0.00269472599029541
0.0014598369598388672,-0.0004208683967590332,-0.00606149435043335
0.0028389394283294678,-0.000433504581451416,-0.00673753023147583
0.004495888948440552,-0.00020068883895874023,-0.006652355194091797
0.0037643462419509888,0.0008312463760375977,-0.004735350608825684
0.002795577049255371,0.0016904473304748535,-0.0005883574485778809
0.004241123795509338,0.0009273886680603027,0.0016827583312988281
0.005056649446487427,0.0009538531303405762,0.001459360122680664
0.0036327093839645386,0.003681361675262451,0.0018601417541503906
0.001366257667541504,0.004685640335083008,0.0020415782928466797
-0.00044049322605133057,0.0037914514541625977,0.0019327402114868164
-0.0011790543794631958,0.00364530086517334,0.0030143260955810547
-0.001662418246269226,0.0021104812622070312,0.002566397190093994
-0.001412615180015564,-6.35981559753418e-05,-0.00019288063049316406
-0.0012214630842208862,0.0007802248001098633,-0.0031758546829223633
-0.0015277862548828125,0.0014352798461914062,-0.003996610641479492
-0.0005827844142913818,0.0013721585273742676,-0.0021092891693115234
1.4096498489379883e-05,0.0019365549087524414,0.0012624263763427734
0.0020019114017486572,0.003640472888946533,0.003938138484954834
0.0029807984828948975,0.0037007927894592285,0.005057334899902344
0.004179343581199646,0.0030355453491210938,0.006731986999511719
0.0032276511192321777,0.002952873706817627,0.006232500076293945
0.002723202109336853,0.0029022693634033203,0.0036439895629882812
0.005505487322807312,0.0033409595489501953,0.0017298460006713867
0.004886433482170105,0.0016148090362548828,0.00034034252166748047
0.0018952786922454834,-0.0009580254554748535,-0.0005645751953125
0.0010543614625930786,0.00035685300827026367,-0.002184152603149414
-0.00034390389919281006,0.0007444620132446289,-0.0031917691230773926
-0.0009279847145080566,-4.172325134277344e-06,-0.004684746265411377
0.000700041651725769,0.0012767910957336426,-0.004568815231323242
0.0032005757093429565,0.004440724849700928,-0.0017168521881103516
0.003264710307121277,0.00263369083404541,0.002676546573638916
0.0008649975061416626,0.0024141669273376465,0.00605928897857666
0.0018543004989624023,0.0033762454986572266,0.0061296820640563965
4.076957702636719e-05,0.002754688262939453,0.0027740001678466797
-0.0024718791246414185,0.003068268299102783,-0.0003234744071960449
-0.002679571509361267,0.001855313777923584,-0.0038138628005981445
-0.00384482741355896,0.00021886825561523438,-0.002627849578857422
-0.004547908902168274,-0.0022481679916381836,-0.005669772624969482
-0.0013644695281982422,0.00013113021850585938,-0.008468866348266602
0.001590237021446228,0.0019353628158569336,-0.00712275505065918
0.0016538053750991821,0.002277076244354248,-0.001601099967956543
0.0034165680408477783,0.0010494589805603027,0.006245434284210205
0.005732238292694092,0.0015174150466918945,0.008809030055999756
0.007215484976768494,0.0009362697601318359,0.006132185459136963
0.004050835967063904,0.001932680606842041,0.0038129091262817383
0.003166019916534424,0.00277864933013916,0.00011777877807617188
0.003755614161491394,0.00413745641708374,-0.0007166266441345215
0.0024165362119674683,0.003451228141784668,0.0023764967918395996
0.0027272850275039673,0.0013436079025268555,0.005634427070617676
0.0006717592477798462,0.0024558305740356445,0.005957484245300293
-0.0013307929039001465,0.0024393200874328613,0.0050588250160217285
-0.002347424626350403,0.0022768378257751465,0.00159454345703125
-0.0016213655471801758,0.0039043426513671875,-0.0017630457878112793
0.0010793954133987427,0.004089713096618652,-0.0020889639854431152
0.004434272646903992,0.002934396266937256,-0.0021994709968566895
0.004660099744796753,0.000955045223236084,-0.0004974603652954102
0.004483312368392944,0.00036537647247314453,-0.0018663406372070312
0.0029774457216262817,0.0017615556716918945,-0.002921462059020996
-0.0015352070331573486,0.0014552474021911621,-0.0033054351806640625
-0.0034849941730499268,-0.0002180337905883789,-0.0032297372817993164
0.0005046278238296509,-0.0006852149963378906,-0.0020217299461364746
0.001085728406906128,-0.0007391571998596191,-0.001712799072265625
-0.0015442073345184326,-0.00047659873962402344,-0.0009097456932067871
-0.0005921721458435059,0.0002576112747192383,-0.0022806525230407715
0.0035519450902938843,0.0027387142181396484,-0.0006011724472045898
0.0036857426166534424,0.002223491668701172,0.002343893051147461
0.0009003579616546631,0.0019831061363220215,0.005876064300537109
-5.0649046897888184e-05,0.0024030208587646484,0.004888176918029785
0.00012359023094177246,0.0025647878646850586,0.0037859678268432617
-0.001774907112121582,0.0033869147300720215,0.002227306365966797
-0.0023895204067230225,0.0027489066123962402,0.000457763671875
-0.011769995093345642,0.0073050856590271,-0.003154754638671875
-0.0004448145627975464,0.00020331144332885742,-0.003428220748901367
0.008960366249084473,-0.0015952587127685547,0.006471037864685059
0.011301621794700623,-0.00040417909622192383,0.004771709442138672
0.005496993660926819,0.003734290599822998,0.0040877461433410645
0.0008427053689956665,0.004732370376586914,0.00022935867309570312
0.0011629462242126465,0.0034443140029907227,-0.0031627416610717773
0.003167763352394104,0.003026127815246582,-0.0020467042922973633
0.003609701991081238,0.0022949576377868652,-0.0009613037109375
0.0032872557640075684,-0.0014172792434692383,0.0004432201385498047
0.0035521090030670166,0.0007475018501281738,8.118152618408203e-05
0.0032290220260620117,0.002557218074798584,-0.0016210675239562988
0.00022166967391967773,0.0032860636711120605,-0.0001881122589111328
-0.00044251978397369385,0.003950834274291992,0.001256108283996582
0.0016376674175262451,0.0027767419815063477,0.0033681392669677734
0.003376290202140808,0.002882242202758789,0.005320549011230469
0.0025917142629623413,0.0026856064796447754,0.003272712230682373
0.001216009259223938,0.002431929111480713,0.0020545125007629395
0.0020323842763900757,0.001719653606414795,5.8650970458984375e-05
0.004619106650352478,0.0018096566200256348,-0.0026497244834899902
0.0028284192085266113,0.0007765889167785645,-0.003186345100402832
0.0027126073837280273,0.0015744566917419434,-0.0007960796356201172
0.0029057860374450684,0.002216160297393799,-0.0003377199172973633
0.0034656673669815063,0.0013507604598999023,0.0013214349746704102
0.0028101056814193726,-0.0005949139595031738,0.001431107521057129
-0.0006292909383773804,0.002058863639831543,-7.62939453125e-05
-0.003912374377250671,0.001964271068572998,-0.0010050535202026367
-0.0036449432373046875,-0.00044339895248413086,-0.0024694204330444336
-0.0008115917444229126,0.0005310177803039551,-0.002507328987121582
0.0018362998962402344,0.0018561482429504395,-0.0010472536087036133
0.004670575261116028,0.0013003349304199219,-0.0010437965393066406
0.004777118563652039,0.0023224949836730957,0.00021791458129882812
0.0024548619985580444,0.0034870505332946777,0.004015505313873291
-0.00019501149654388428,0.004011571407318115,0.0031145811080932617
-0.0016460716724395752,0.003077566623687744,0.0011397004127502441
-0.0006075203418731689,0.0024895668029785156,0.0002194046974182129
-0.0008374452590942383,-7.206201553344727e-05,-0.0024776458740234375
-0.0018495917320251465,-0.0018448233604431152,-0.0051195621490478516
-0.0008155852556228638,-0.001508951187133789,-0.006261229515075684
0.0008016824722290039,0.0006906986236572266,-0.005915164947509766
0.005323722958564758,-0.0004850029945373535,-0.004017353057861328
0.011358797550201416,-0.000557243824005127,2.682209014892578e-05
0.015587717294692993,-0.0009333491325378418,0.0045220255851745605
0.02085128426551819,0.0003120303153991699,0.009194791316986084
0.02130463719367981,0.0009050369262695312,0.013834238052368164
0.02127411961555481,0.0039389729499816895,0.012412011623382568
0.02384069561958313,0.0038764476776123047,0.0005664825439453125
0.030688568949699402,0.00338590145111084,0.001074075698852539
0.02977830171585083,-0.005787312984466553,0.0012879371643066406
0.022305667400360107,-0.007501542568206787,0.0029019713401794434
0.045451074838638306,0.007965922355651855,-0.02379298210144043
0.043162718415260315,-0.013879597187042236,-0.013606667518615723
0.05486519634723663,-0.015968024730682373,-0.013379096984863281
0.08617399632930756,-0.029423773288726807,-0.004068553447723389
0.07474257051944733,-0.05677926540374756,0.016985535621643066
0.08817477524280548,-0.0007426738739013672,0.03781592845916748
0.1582733541727066,0.19112783670425415,0.21133315563201904
-0.12029565870761871,-0.14907771348953247,0.07202732563018799
-0.1454269289970398,-0.0993240475654602,-0.06631982326507568
-0.012675851583480835,0.06504440307617188,-0.045767784118652344
-0.010876283049583435,0.09622383117675781,-0.07017111778259277
-0.07599368691444397,0.010687530040740967,-0.07800990343093872
-0.07499943673610687,-0.014069020748138428,-0.04982024431228638
-0.02036745846271515,0.012523949146270752,-0.012756943702697754
0.03430430591106415,0.024402379989624023,0.01229548454284668
0.0454251766204834,0.019050002098083496,-0.002581954002380371
0.029432907700538635,-0.013705432415008545,-0.03280419111251831
0.02682836353778839,-0.024319589138031006,-0.057940661907196045
0.04507611691951752,-0.017582952976226807,-0.08665204048156738
0.05925089120864868,-0.0008053183555603027,-0.12303471565246582
0.012005195021629333,0.009725570678710938,-0.15297627449035645
-0.2615899443626404,-0.07422083616256714,-0.16441655158996582
-0.17368999123573303,-0.07460051774978638,-0.17313408851623535
0.029543504118919373,0.02392733097076416,-0.16703742742538452
0.08345906436443329,0.004314899444580078,-0.12349992990493774
0.0800195187330246,-0.04819458723068237,-0.040331482887268066
0.07725456357002258,-0.05025756359100342,0.04343712329864502
0.0759488195180893,-0.02853494882583618,0.089588463306427
0.052721865475177765,-0.015025138854980469,0.09064221382141113
0.02835855633020401,-0.011765658855438232,0.07304871082305908
0.02363681048154831,-0.010337531566619873,0.05534720420837402
0.022583357989788055,-0.01361536979675293,0.03952014446258545
0.023401595652103424,-0.01862233877182007,0.011702418327331543
0.03402286767959595,-0.02194538712501526,-0.03025740385055542
0.046249017119407654,-0.027111053466796875,-0.0686960220336914
0.06110655516386032,-0.03125309944152832,-0.0785871148109436
0.06823819130659103,-0.038764625787734985,-0.06959414482116699
0.06343889236450195,-0.03900271654129028,-0.06568336486816406
0.053620077669620514,-0.028071343898773193,-0.06143301725387573
0.03076019138097763,-0.017769843339920044,-0.04036688804626465
0.00838673859834671,-0.028811365365982056,0.005368530750274658
0.029091347008943558,-0.03943488001823425,0.0736159086227417
0.06179790571331978,-0.04257354140281677,0.15453052520751953
0.056511297821998596,-0.04823416471481323,0.22769129276275635
0.015695031732320786,-0.03671470284461975,0.27503859996795654
-0.04207298904657364,0.01067855954170227,0.28520262241363525
-0.08616485446691513,0.08497968316078186,0.2686924934387207
-0.14729653298854828,0.1318521797657013,0.23343992233276367
-0.17597654461860657,0.1394917368888855,0.21193504333496094
-0.16140687465667725,0.10307642817497253,0.21143758296966553
-0.1092480942606926,0.06095018982887268,0.2268517017364502
-0.08499233424663544,0.0045156776905059814,0.26349639892578125
-0.01064366102218628,-0.029659181833267212,0.34402185678482056
0.14912185072898865,-0.04441201686859131,0.45041292905807495
0.2443035989999771,-0.09829634428024292,0.46797096729278564
0.18935701251029968,-0.19970715045928955,0.44871896505355835
0.08153999596834183,-0.2637684941291809,0.416422963142395
0.055198170244693756,-0.22862285375595093,0.3615485429763794
0.06617171317338943,-0.16757160425186157,0.3213680386543274
0.056055232882499695,-0.14682364463806152,0.3239161968231201
0.026614204049110413,-0.13932794332504272,0.3450789451599121
0.004016868770122528,-0.11034786701202393,0.33746957778930664
-0.01818694919347763,-0.0761980414390564,0.3197067975997925
-0.00011377781629562378,-0.060828328132629395,0.3453800082206726
0.046502888202667236,-0.04989689588546753,0.39458167552948
0.09232888370752335,-0.023006081581115723,0.42749297618865967
0.09849520772695541,0.0025514960289001465,0.4245137572288513
0.10619422793388367,0.022280573844909668,0.3909671902656555
0.10949783027172089,0.04059779644012451,0.35589027404785156
0.06888897716999054,0.060437023639678955,0.30125534534454346
0.02662343531847,0.0841706395149231,0.21927618980407715
-0.00758754089474678,0.11168885231018066,0.13344502449035645
-0.010517757385969162,0.15765422582626343,0.05256098508834839
0.09755153954029083,0.3240199685096741,-0.0009289383888244629
-0.012610072270035744,0.23687034845352173,-0.0035369396209716797
-0.2588169276714325,0.03364509344100952,-0.029551208019256592
-0.20041704177856445,0.16855591535568237,-0.061431288719177246
-0.04514317587018013,0.26418280601501465,-0.06823819875717163
0.05694589763879776,0.2713833451271057,-0.058792054653167725
0.07836705446243286,0.2586292028427124,-0.05134165287017822
0.045455172657966614,0.2340857982635498,-0.05743211507797241
-0.0038962475955486298,0.22633427381515503,-0.07263004779815674
-0.08636115491390228,0.24480801820755005,-0.08111393451690674
-0.18346042931079865,0.24650424718856812,-0.12583011388778687
-0.19716781377792358,0.25250959396362305,-0.1908508539199829
-0.1439639925956726,0.2593821883201599,-0.23924732208251953
-0.09644511342048645,0.25158435106277466,-0.2745635509490967
-0.06798375397920609,0.23737210035324097,-0.2868075370788574
-0.04400155693292618,0.2269895076751709,-0.2664085030555725
-0.016239460557699203,0.2176942229270935,-0.23404359817504883
0.004825154319405556,0.2025386095046997,-0.1939660906791687
0.011591041460633278,0.19184648990631104,-0.16120994091033936
0.004910776391625404,0.18806052207946777,-0.1549004316329956
-0.01651809737086296,0.18664193153381348,-0.1662992238998413
-0.04086223244667053,0.1860753893852234,-0.18288570642471313
-0.052830059081315994,0.18155795335769653,-0.19765669107437134
-0.05772627145051956,0.1707203984260559,-0.20612984895706177
-0.06299857795238495,0.15882951021194458,-0.21345031261444092
-0.060593001544475555,0.14270609617233276,-0.21648085117340088
-0.0485210046172142,0.1275259256362915,-0.21184498071670532
-0.026917941868305206,0.1100345253944397,-0.19367897510528564
0.0021241679787635803,0.09296637773513794,-0.1687922477722168
0.015983346849679947,0.08360278606414795,-0.11915308237075806
0.021557483822107315,0.06912857294082642,-0.050656259059906006
0.01929190754890442,0.053056538105010986,-0.014368057250976562
0.010712474584579468,0.04958152770996094,-0.024368643760681152
-0.004540052264928818,0.049626171588897705,-0.05896294116973877
-0.02524515986442566,0.04225069284439087,-0.09491991996765137
-0.03467089682817459,0.030362844467163086,-0.12963968515396118
-0.025061339139938354,0.0251615047454834,-0.15607160329818726
-0.008510999381542206,0.0202178955078125,-0.16392838954925537
-0.006772160530090332,0.014825761318206787,-0.16515326499938965
-0.010117381811141968,0.011349201202392578,-0.1561201810836792
-0.004644758999347687,0.013119041919708252,-0.1355445683002472
-0.005521424114704132,0.019971907138824463,-0.0945771336555481
-0.008848339319229126,0.025013208389282227,-0.037655413150787354
-0.016761265695095062,0.02861720323562622,0.005352914333343506
-0.02664538472890854,0.03307199478149414,0.022223711013793945
-0.032532088458538055,0.038077354431152344,0.020320922136306763
-0.045321859419345856,0.04406243562698364,0.0048272013664245605
-0.0546865314245224,0.045413076877593994,-0.0092085599899292
-0.04559173434972763,0.038493216037750244,-0.022382795810699463
-0.03429524600505829,0.034808576107025146,-0.04301643371582031
-0.03543531149625778,0.0315394401550293,-0.06379550695419312
-0.03325936198234558,0.0272485613822937,-0.07067638635635376
-0.0164906308054924,0.021243751049041748,-0.06064605712890625
0.0018846392631530762,0.013756811618804932,-0.041294634342193604
0.0056937262415885925,0.0060746073722839355,-0.012949079275131226
0.00938897579908371,0.0026183724403381348,0.016501694917678833
0.017140083014965057,0.003184199333190918,0.033824920654296875
0.020345322787761688,0.0037303566932678223,0.043022364377975464
0.012193597853183746,0.002785980701446533,0.03804802894592285
0.008332796394824982,0.0022699832916259766,0.020187020301818848
0.012571141123771667,-0.010197222232818604,-0.0055931806564331055
0.024454809725284576,-0.021425843238830566,-0.027087688446044922
0.03846176713705063,-0.024088382720947266,-0.03473871946334839
0.04866445064544678,-0.029206454753875732,-0.029144883155822754
0.057014137506484985,-0.027933597564697266,-0.017076194286346436
0.06286537647247314,-0.022024035453796387,-0.007342636585235596
0.059996262192726135,-0.016366660594940186,-0.006263375282287598
0.058118291199207306,-0.01433652639389038,-0.019514024257659912
0.055023640394210815,-0.01004791259765625,-0.0377388596534729
0.05545641481876373,-0.003049910068511963,-0.043454766273498535
0.06632955372333527,-0.008811712265014648,-0.032586634159088135
0.07385222613811493,-0.01683884859085083,-0.03308743238449097
0.06901223957538605,-0.014522731304168701,-0.0472254753112793
0.05589853227138519,-0.009105265140533447,-0.05858874320983887
0.037103742361068726,-0.004559695720672607,-0.05922353267669678
0.03835618495941162,-0.007443845272064209,-0.038979947566986084
0.049612730741500854,-0.007549464702606201,0.00455021858215332
0.05017046630382538,-0.00447314977645874,0.05556744337081909
0.04144226014614105,-0.0034827589988708496,0.07680290937423706
0.039852336049079895,-0.0019040107727050781,0.0726822018623352
0.05097551643848419,-0.007236838340759277,0.04968583583831787
0.06062358617782593,-0.011803686618804932,0.014619767665863037
0.05940160155296326,-0.015685319900512695,-0.014677762985229492
0.05283720791339874,-0.014806151390075684,-0.030210763216018677
0.049213990569114685,-0.01454097032546997,-0.02529934048652649
0.04805655777454376,-0.015835583209991455,-0.008449912071228027
0.03951984643936157,-0.013016819953918457,-0.0016367435455322266
0.02568010985851288,-0.00039893388748168945,0.009576201438903809
0.014015570282936096,0.00770801305770874,0.030592501163482666
0.007986903190612793,0.01121222972869873,0.038233816623687744
0.0020425766706466675,0.017711639404296875,0.045927584171295166
0.002583831548690796,0.016086101531982422,0.047770023345947266
0.0065746307373046875,0.01262974739074707,0.042912065982818604
-0.0007270127534866333,0.01304692029953003,0.03562295436859131
-0.011954829096794128,0.015355348587036133,0.02505287528038025
-0.004727885127067566,0.009732484817504883,0.02106320858001709
0.00930429995059967,0.005604982376098633,0.023442476987838745
0.02391687035560608,-0.003855764865875244,0.015433549880981445
0.0428597629070282,-0.013610661029815674,-0.00734296441078186
0.058249786496162415,-0.01729261875152588,-0.026309937238693237
0.05881214141845703,-0.023274898529052734,-0.027845174074172974
0.05533050000667572,-0.021498560905456543,-0.01576942205429077
0.08088411390781403,-0.0024585723876953125,0.020865261554718018
0.32930901646614075,0.21475547552108765,0.08042138814926147
-0.3585898280143738,-0.3806048631668091,-0.5214131474494934
-0.15964707732200623,0.021883666515350342,-0.47872012853622437
0.08826541900634766,0.13410639762878418,-0.30281996726989746
0.00958000123500824,-0.05048102140426636,-0.05794024467468262
0.01530592143535614,-0.025614440441131592,0.09867358207702637
-0.00018267333507537842,0.04659193754196167,0.14436525106430054
-0.08439882099628448,0.033688485622406006,0.08709046244621277
-0.08599574863910675,0.02661830186843872,0.022711962461471558
-0.03365936875343323,0.03321045637130737,-0.007651418447494507
-0.0037879347801208496,0.0092238187789917,-0.007830560207366943
0.0061045438051223755,-0.01594400405883789,-0.022023141384124756
0.03411124646663666,-0.033201754093170166,-0.0522790253162384
0.054251864552497864,-0.018898487091064453,-0.026193737983703613
0.056200310587882996,-0.01984095573425293,0.017380356788635254
0.05813714861869812,-0.021580159664154053,0.045018792152404785
0.05831940472126007,-0.017988383769989014,0.05203157663345337
0.06284920871257782,-0.01500612497329712,0.055425047874450684
0.06157946586608887,-0.02069145441055298,0.061836034059524536
0.06695738434791565,-0.00842428207397461,0.053959667682647705
0.0631018728017807,0.010260522365570068,0.036519527435302734
0.06789270043373108,0.014473676681518555,0.023913562297821045
0.08411619067192078,0.02439594268798828,0.00979703664779663
0.10975053161382675,0.01643383502960205,-0.0030753016471862793
0.10981468111276627,0.0011562108993530273,-0.026855140924453735
0.11077164858579636,0.008885622024536133,-0.054489850997924805
0.0625842809677124,0.024612009525299072,-0.08494836091995239
-0.025160886347293854,0.020998775959014893,-0.09647440910339355
-0.019491203129291534,-0.0013727545738220215,-0.03203049302101135
-0.0018164142966270447,0.0007113814353942871,0.042686283588409424
-0.03850932419300079,0.02158457040786743,0.06701675057411194
-0.07434500008821487,0.016727209091186523,0.029979318380355835
-0.06613419950008392,0.003929853439331055,-0.0303422212600708
-0.01874188333749771,-0.0063211917877197266,-0.02823197841644287
0.028722941875457764,-0.03480684757232666,-0.02920466661453247
0.1064436137676239,-0.05312293767929077,-0.11536478996276855
0.153713196516037,-0.06404978036880493,-0.19318103790283203
0.11834368109703064,-0.038618385791778564,-0.1899309754371643
0.031512245535850525,-0.002016901969909668,-0.13160109519958496
-0.04551979526877403,0.02097797393798828,-0.07467412948608398
-0.07199225574731827,0.03140151500701904,-0.03998422622680664
-0.054692789912223816,0.03164142370223999,-0.03461235761642456
-0.02854190766811371,0.018691956996917725,-0.056187570095062256
0.0018149055540561676,0.011524617671966553,-0.09839373826980591
0.01603870838880539,0.0135689377784729,-0.14871639013290405
0.015933826565742493,0.023845970630645752,-0.2038346529006958
0.0007910318672657013,0.02734130620956421,-0.2536551356315613
-0.029573608189821243,0.03880256414413452,-0.28756392002105713
-0.07782436162233353,0.0471501350402832,-0.2649393081665039
-0.08850324153900146,0.049679696559906006,-0.2030566930770874
-0.09476282447576523,0.0479622483253479,-0.15166312456130981
-0.09286588430404663,0.048148393630981445,-0.12833327054977417
-0.07576537877321243,0.041393816471099854,-0.1408509612083435
-0.047072216868400574,0.03254204988479614,-0.17711752653121948
-0.013349933549761772,0.02572411298751831,-0.20026445388793945
0.013343434780836105,0.01458752155303955,-0.2096080183982849
0.019486961886286736,0.009644865989685059,-0.2325252890586853
0.008281132206320763,0.011669695377349854,-0.27468621730804443
0.0035638632252812386,0.015091955661773682,-0.3085741400718689
0.00547247938811779,0.018221259117126465,-0.3249945640563965
-0.016696278005838394,-0.004765570163726807,-0.3080596327781677
-0.08211487531661987,-0.11383622884750366,-0.25029951333999634
-0.0257750004529953,-0.031242668628692627,-0.2430676817893982
0.10713532567024231,0.1538381576538086,-0.29741179943084717
0.057962484657764435,0.12705892324447632,-0.34723490476608276
0.010850585997104645,0.04548269510269165,-0.34610480070114136
0.0339667908847332,0.0035102367401123047,-0.3472559452056885
0.0992012768983841,0.024686872959136963,-0.3543206453323364
0.16106244921684265,0.06914979219436646,-0.32277733087539673
0.19319932162761688,0.09389913082122803,-0.25391823053359985
0.19111031293869019,0.09004074335098267,-0.1910882592201233
0.16320669651031494,0.07198870182037354,-0.1494017243385315
0.12327391654253006,0.04426848888397217,-0.11364912986755371
0.05809036269783974,0.0036946535110473633,-0.08115577697753906
0.03197620064020157,-0.017589151859283447,-0.038460612297058105
0.0402974858880043,0.007087886333465576,-0.029850363731384277
0.037907350808382034,0.044767796993255615,-0.021990418434143066
0.0676158145070076,0.060675621032714844,0.0151786208152771
0.1091713160276413,0.09012496471405029,0.05946451425552368
0.13193945586681366,0.11459964513778687,0.11551827192306519
0.08018258213996887,0.08875542879104614,0.11583471298217773
-0.29114529490470886,-0.40048712491989136,0.1831221580505371
-0.10802053660154343,-0.1660791039466858,0.2721100449562073
0.28707167506217957,0.4617592394351959,0.194793701171875
0.3682626485824585,0.591995358467102,0.15153521299362183
0.2033020257949829,0.5115679502487183,0.21904659271240234
-0.05828830599784851,0.33405497670173645,0.3545646667480469
-0.14226636290550232,0.21334117650985718,0.4797564148902893
-0.07031773775815964,0.22133219242095947,0.5141334533691406
0.024609506130218506,0.26909923553466797,0.4656197428703308
0.03975703567266464,0.20845869183540344,0.40398967266082764
0.0063757747411727905,0.12467309832572937,0.34965628385543823
-0.01390472799539566,0.1332557201385498,0.2856236696243286
-0.044353045523166656,0.16337215900421143,0.24351423978805542
-0.05380423367023468,0.17682942748069763,0.22712713479995728
-0.1014968752861023,0.16850802302360535,0.19944846630096436
-0.15802624821662903,0.16615930199623108,0.14745545387268066
-0.189435213804245,0.15984413027763367,0.09005308151245117
-0.17224149405956268,0.10343047976493835,-0.02066361904144287
0.35178622603416443,-0.46459394693374634,-0.2520604729652405
0.6072534322738647,-0.71230548620224,0.04325151443481445
0.2776046097278595,-0.26124584674835205,0.5705230236053467
0.015783382579684258,0.22778275609016418,0.9827812910079956
-0.11192432045936584,0.13107368350028992,1.0671883821487427
-0.09664218872785568,0.036729663610458374,0.588429868221283
-0.23487667739391327,0.09535196423530579,0.3616560697555542
-0.4151073396205902,-0.051861345767974854,0.14049023389816284
-0.29590991139411926,0.05526992678642273,-0.06750398874282837
-0.17260253429412842,0.19779881834983826,-0.1382666826248169
-0.15961258113384247,0.1374121904373169,-0.14804840087890625
-0.18028545379638672,0.08230075240135193,-0.09698736667633057
-0.1621495485305786,0.0711517333984375,-0.051129162311553955
-0.13104620575904846,0.067548006772995,-0.021122455596923828
-0.1136208325624466,0.058473289012908936,0.006438851356506348
-0.09540100395679474,0.04149773716926575,0.029270529747009277
-0.08149391412734985,0.035276442766189575,0.048900723457336426
-0.0833556205034256,0.03439924120903015,0.06252098083496094
-0.08362428098917007,0.04126587510108948,0.07256239652633667
-0.07906144857406616,0.03762936592102051,0.07558256387710571
-0.07244229316711426,0.03272157907485962,0.07606840133666992
-0.06219784915447235,0.030829399824142456,0.06971514225006104
-0.05358986556529999,0.035607099533081055,0.06037008762359619
-0.048065006732940674,0.02867034077644348,0.05309116840362549
-0.055061280727386475,0.019342660903930664,0.06759214401245117
-0.030864223837852478,0.026922136545181274,0.05946540832519531
0.004475638270378113,0.041742533445358276,0.026925325393676758
0.008166253566741943,0.04018104076385498,0.005443215370178223
0.009103357791900635,0.022935718297958374,-0.009170055389404297
0.015963956713676453,0.01299402117729187,-0.024582982063293457
0.02374914288520813,0.0011292099952697754,-0.04607421159744263
0.037105441093444824,-0.014569878578186035,-0.06268054246902466
0.060661137104034424,-0.026965349912643433,-0.06586951017379761
0.07737036049365997,-0.03270915150642395,-0.06080794334411621
0.0817025750875473,-0.04172837734222412,-0.05680471658706665
0.08454445004463196,-0.04922807216644287,-0.049939513206481934
0.08722496032714844,-0.046757638454437256,-0.0411798357963562
0.07867489755153656,-0.04326021671295166,-0.031116187572479248
0.06551206111907959,-0.04567509889602661,-0.028163671493530273
0.051936715841293335,-0.04116243124008179,-0.032010793685913086
0.039542704820632935,-0.03432399034500122,-0.0435100793838501
0.026852071285247803,-0.029943346977233887,-0.05671507120132446
0.014125719666481018,-0.030629098415374756,-0.06732702255249023
0.0059238821268081665,-0.028649091720581055,-0.07377535104751587
-0.0010048151016235352,-0.02474236488342285,-0.07577937841415405
-0.005704939365386963,-0.023090660572052002,-0.07874900102615356
-0.008669525384902954,-0.022488534450531006,-0.07886701822280884
-0.009313657879829407,-0.02494746446609497,-0.07652664184570312
-0.00844600796699524,-0.022300779819488525,-0.07247310876846313
-0.008746236562728882,-0.017595350742340088,-0.06656396389007568
-0.009096473455429077,-0.014741241931915283,-0.05405104160308838
-0.007329821586608887,-0.014863848686218262,-0.036200881004333496
-0.004504859447479248,-0.013096749782562256,-0.02139180898666382
-0.0022847354412078857,-0.00880974531173706,-0.0093422532081604
-0.002120673656463623,-0.0008733272552490234,0.003472268581390381
-0.0019190013408660889,0.002633392810821533,0.01805412769317627
-0.0035879015922546387,0.0010059475898742676,0.025683164596557617
-0.002088591456413269,0.001148223876953125,0.026613175868988037
0.0010105669498443604,0.0049599409103393555,0.022775352001190186
0.007882654666900635,0.007266581058502197,0.02340114116668701
0.010360702872276306,0.004858672618865967,0.0214385986328125
0.0023527294397354126,0.005166590213775635,0.016716837882995605
-0.004092738032341003,0.006733953952789307,0.007488846778869629
-0.007962316274642944,0.009227573871612549,0.0028696060180664062
-0.008505687117576599,0.004889369010925293,0.0036770105361938477
-0.00977778434753418,4.00543212890625e-05,0.00475996732711792
-0.011634796857833862,0.0006657242774963379,0.0022940635681152344
-0.01180112361907959,0.0008053779602050781,-0.002852201461791992
-0.012556344270706177,0.002720057964324951,-0.005515336990356445
-0.011892452836036682,0.0029689669609069824,-0.009731292724609375
-0.007816702127456665,7.808208465576172e-06,-0.01136767864227295
-0.0009810179471969604,-0.0025301575660705566,-0.011712610721588135
0.0015945285558700562,-0.0017834901809692383,-0.011639893054962158
0.0033752918243408203,0.0017096996307373047,-0.008501410484313965
0.0071770548820495605,0.0037088394165039062,-0.0011639595031738281
0.011312320828437805,0.0028403401374816895,0.005998492240905762
0.014222651720046997,0.0019365549087524414,0.013818979263305664
0.01346665620803833,0.0029674172401428223,0.018784701824188232
0.01519407331943512,0.0023695826530456543,0.0183560848236084
0.018972307443618774,0.0032504796981811523,0.01488184928894043
0.01646605134010315,0.004708290100097656,0.011354684829711914
0.014155089855194092,0.0035166144371032715,0.0074433088302612305
0.014104753732681274,0.002543926239013672,0.006384730339050293
0.009804859757423401,0.0041391849517822266,0.004776954650878906
0.007167324423789978,0.004771769046783447,0.006733059883117676
0.0033751875162124634,0.004086673259735107,0.009771466255187988
-8.969008922576904e-05,0.002243220806121826,0.012398958206176758
-0.0038969069719314575,0.002171933650970459,0.011561989784240723
-0.00806589424610138,0.0031796693801879883,0.007954835891723633
-0.014365136623382568,0.0014693737030029297,0.006809055805206299
-0.020805001258850098,-0.0036530494689941406,0.0009511709213256836
-0.020902544260025024,-0.006529688835144043,-0.013163447380065918
-0.01545378565788269,-0.004797935485839844,-0.02364259958267212
-0.012426972389221191,-0.004120826721191406,-0.026453077793121338
-0.011855334043502808,-0.0031819939613342285,-0.024902701377868652
-0.010439589619636536,-0.0004398226737976074,-0.020580530166625977
-0.00502382218837738,0.003242015838623047,-0.013323783874511719
0.002708122134208679,0.0036894679069519043,-0.004781007766723633
0.007876947522163391,0.0027747154235839844,0.006016194820404053
0.010738059878349304,0.0024595260620117188,0.01942002773284912
0.012080416083335876,0.0032428503036499023,0.02577352523803711
0.01324450969696045,0.004616081714630127,0.024573802947998047
0.009458199143409729,0.0026752352714538574,0.020276904106140137
0.004249975085258484,-0.0011926889419555664,0.011802375316619873
0.00013028085231781006,-0.005020201206207275,-0.0015154480934143066
-0.00506022572517395,-0.00663524866104126,-0.013556838035583496
-0.0075681209564208984,-0.0051155686378479,-0.021863996982574463
-0.007223635911941528,-0.0037711262702941895,-0.025692462921142578
-0.006381958723068237,-0.002149343490600586,-0.023980140686035156
-0.0044258832931518555,-0.0002639293670654297,-0.015371084213256836
0.0007743090391159058,-0.0007150173187255859,-0.004404246807098389
0.004715844988822937,-0.0012729167938232422,0.003966987133026123
0.007882311940193176,-0.0013752579689025879,0.008795559406280518
0.008532017469406128,0.0005276799201965332,0.010119259357452393
0.004583284258842468,0.0032683610916137695,0.010570406913757324
0.0020548850297927856,0.0006778836250305176,0.008669435977935791
0.0008552521467208862,-0.0006109476089477539,0.004923999309539795
0.00016131997108459473,0.0008969902992248535,-0.0017794370651245117
-0.0021653175354003906,0.0013102293014526367,-0.0035390257835388184
-0.0033508986234664917,0.002038121223449707,-0.0027235746383666992
-0.001974821090698242,0.0028651952743530273,-0.003575742244720459
0.0009083300828933716,0.0017055869102478027,-0.0035376548767089844
0.00364665687084198,0.0005521178245544434,-0.0008938312530517578
0.0011341869831085205,0.0019401907920837402,0.0030431151390075684
-0.005755320191383362,0.0021237730979919434,0.007371664047241211
-0.007014080882072449,0.0005820393562316895,0.0075040459632873535
-0.0018081068992614746,0.0010793805122375488,0.0018162727355957031
0.005835279822349548,0.0007784366607666016,-0.0037720799446105957
0.008811518549919128,0.0012969970703125,-0.004117369651794434
0.006247878074645996,0.002089560031890869,-0.0018865466117858887
0.004332035779953003,0.004128754138946533,0.001837611198425293
0.00016669929027557373,0.003679335117340088,0.0033475756645202637
-0.0028994083404541016,0.004872322082519531,0.00619959831237793
-0.006683573126792908,0.0011901259422302246,0.00814962387084961
-0.011566027998924255,-0.001990020275115967,0.004490852355957031
-0.011494487524032593,-0.0021739602088928223,0.00020563602447509766
-0.012623429298400879,-0.0016464591026306152,-0.0065116286277771
-0.013869822025299072,-0.0016728043556213379,-0.011457562446594238
-0.013050451874732971,-0.0008345246315002441,-0.015169143676757812
-0.014600232243537903,0.004363358020782471,-0.01707589626312256
-0.024514049291610718,0.011741459369659424,-0.00827491283416748
-0.03659151494503021,0.018151164054870605,0.0064424872398376465
-0.05063295364379883,0.024677038192749023,0.029038548469543457
-0.055728524923324585,0.029494106769561768,0.04675602912902832
-0.05291563272476196,0.0320703387260437,0.05786365270614624
-0.0410439670085907,0.03294748067855835,0.06780356168746948
-0.028468012809753418,0.027024924755096436,0.07587271928787231
-0.018111109733581543,0.01766073703765869,0.07104730606079102
-0.003111124038696289,0.007201015949249268,0.053980886936187744
0.01558905839920044,0.0005979537963867188,0.025206327438354492
0.026712000370025635,-0.005102574825286865,-0.007763862609863281
0.02755787968635559,-0.0074239373207092285,-0.030711889266967773
0.027900636196136475,-0.005937695503234863,-0.039520859718322754
0.026552587747573853,-0.006381690502166748,-0.03778618574142456
0.024837970733642578,-0.006332516670227051,-0.02837514877319336
0.02449941635131836,-0.0038031339645385742,-0.01846104860305786
0.02436918020248413,-0.00196075439453125,-0.005353450775146484
0.026264339685440063,-0.0025678277015686035,0.005492687225341797
0.025136947631835938,-0.0041956305503845215,0.00986248254776001
0.02072247862815857,-0.005183875560760498,0.005363285541534424
0.015350788831710815,-0.007556319236755371,-0.007021903991699219
0.010826826095581055,-0.00918501615524292,-0.02423834800720215
0.009265989065170288,-0.009604454040527344,-0.038302600383758545
0.007055014371871948,-0.012314558029174805,-0.04594653844833374
0.009108871221542358,-0.011363983154296875,-0.0451924204826355
0.00974377989768982,-0.008741199970245361,-0.03810441493988037
0.010349452495574951,-0.006754517555236816,-0.02580869197845459
0.01169496774673462,-0.003421604633331299,-0.008712410926818848
0.010640501976013184,7.95125961303711e-05,0.006079673767089844
0.00848299264907837,0.002758800983428955,0.017914533615112305
0.004367440938949585,0.004161357879638672,0.02545475959777832
-0.0016033351421356201,0.0050460100173950195,0.021773099899291992
-0.004980981349945068,0.004954040050506592,0.01128244400024414
-0.006175011396408081,0.005200326442718506,0.0018831491470336914
-0.007991969585418701,0.0035964250564575195,-0.006750583648681641
-0.0035219192504882812,0.002558767795562744,-0.010298490524291992
0.0021720826625823975,0.0024591684341430664,-0.007812380790710449
0.005058616399765015,0.0012444853782653809,-0.002814769744873047
0.003725767135620117,0.0005714893341064453,0.002767026424407959
0.00033277273178100586,0.0016995072364807129,0.008194029331207275
-0.0035087168216705322,0.0014805197715759277,0.01105356216430664
-0.0061751604080200195,-0.00020080804824829102,0.009837031364440918
-0.005560010671615601,0.0002770423889160156,0.002915024757385254
-0.0031769275665283203,-0.0006272196769714355,-0.005057334899902344
-0.0027185678482055664,-0.0021440982818603516,-0.008585572242736816
-0.007007896900177002,-0.002452850341796875,-0.010721147060394287
-0.0064601898193359375,-0.0017393231391906738,-0.011489450931549072
-0.0019429028034210205,-0.0023265480995178223,-0.010587692260742188
0.0020677149295806885,-0.0001500844955444336,-0.009898781776428223
0.006165802478790283,0.0013706088066101074,-0.00542294979095459
0.006216913461685181,0.001503586769104004,0.0012378692626953125
0.0064382851123809814,0.0007190704345703125,0.005290389060974121
0.008164137601852417,0.0011219382286071777,0.005249321460723877
0.008142828941345215,0.001155078411102295,0.0007122159004211426
0.006923288106918335,-0.0014319419860839844,0.00011730194091796875
0.0032525360584259033,-0.0014395713806152344,-0.0007004737854003906
-0.0005967617034912109,-0.0005663633346557617,-0.002272367477416992
-0.0016387104988098145,-9.495019912719727e-05,-0.0021779537200927734
-0.003565281629562378,-0.0009582042694091797,-0.003051161766052246
-0.003908097743988037,-0.0008679628372192383,-0.003764510154724121
-0.0008014440536499023,-0.00019150972366333008,-0.0063890814781188965
0.0012323260307312012,-0.0005140900611877441,-0.0060269832611083984
0.00513342022895813,-0.0007956624031066895,-0.0038863420486450195
0.006899207830429077,-0.0011571645736694336,-0.0026102662086486816
0.0055297911167144775,-0.0001430511474609375,-0.0020580291748046875
0.0019246339797973633,0.0029192566871643066,-0.0009064674377441406
-0.004547476768493652,0.003690779209136963,0.0023816823959350586
-0.008666366338729858,0.0026869773864746094,0.007442593574523926
-0.010674238204956055,0.0028373003005981445,0.009334683418273926
-0.013313829898834229,0.003847181797027588,0.007694423198699951
-0.010683268308639526,0.0024142861366271973,0.002129495143890381
-0.005730807781219482,0.0012646317481994629,-0.002993762493133545
-0.0014584362506866455,-0.00015407800674438477,-0.0060166120529174805
0.0018117725849151611,-0.0016145110130310059,-0.0035866498947143555
0.005743294954299927,-0.0016586780548095703,9.620189666748047e-05
0.009969085454940796,0.0007190704345703125,0.0006563663482666016
0.010099560022354126,0.004428446292877197,0.0024806857109069824
0.007307261228561401,0.0037869811058044434,0.005216062068939209
0.006823867559432983,0.004154980182647705,0.007881581783294678
0.00778120756149292,0.004746437072753906,0.009375214576721191
0.0033664703369140625,0.003259718418121338,0.009760141372680664
-0.0025573372840881348,0.00292283296585083,0.008148729801177979
-0.006916821002960205,0.0044130682945251465,0.005645751953125
-0.009292274713516235,0.003325819969177246,0.005277395248413086
-0.005990654230117798,0.002736330032348633,0.004369616508483887
-0.0021498501300811768,0.0008533596992492676,0.0025752782821655273
0.0006492733955383301,0.0009002089500427246,0.001878976821899414
-0.00013259053230285645,0.0007957220077514648,0.0007584095001220703
-0.00084686279296875,-0.0018707513809204102,-0.001554727554321289
0.001469045877456665,-0.00330352783203125,-0.004225373268127441
0.0026685893535614014,-0.0024271607398986816,-0.0069969892501831055
0.0004360675811767578,-0.0033559799194335938,-0.009126067161560059
-0.0012879669666290283,-0.002740621566772461,-0.011814773082733154
-0.00024086236953735352,-0.001062154769897461,-0.011016011238098145
0.0006262063980102539,-0.0002510547637939453,-0.006486356258392334
-0.00030562281608581543,0.0009868144989013672,0.0006403923034667969
-0.0021119415760040283,0.0014212727546691895,0.007842004299163818
-0.002401977777481079,0.001745462417602539,0.011050999164581299
-0.0004996061325073242,0.003068864345550537,0.008621454238891602
-0.00038376450538635254,0.003072798252105713,0.004348933696746826
-0.0005831122398376465,0.0016902685165405273,0.0006901025772094727
0.00021255016326904297,0.0006057620048522949,-0.0006098747253417969
0.0012669563293457031,0.0010016560554504395,-0.0008870363235473633
0.0031082332134246826,0.001378178596496582,-0.0025184154510498047
0.0033112168312072754,-9.107589721679688e-05,-0.002319514751434326
0.0032030045986175537,-7.671117782592773e-05,-0.0019463300704956055
0.003167390823364258,0.001157999038696289,0.00022709369659423828
0.0027309656143188477,0.002331376075744629,0.002834498882293701
0.0018048286437988281,0.004736721515655518,0.004543006420135498
0.0004628002643585205,0.004261195659637451,0.005901336669921875
-0.0011741816997528076,0.002692997455596924,0.006358623504638672
-0.0018790066242218018,0.0041779279708862305,0.004671990871429443
-0.0013658702373504639,0.003086984157562256,0.0034819841384887695
-0.0025490224361419678,0.0015903115272521973,0.002649545669555664
-0.0004608035087585449,0.0011695623397827148,-0.0003050565719604492
0.002077639102935791,0.0009943246841430664,-0.0011612772941589355
0.0025986135005950928,0.0020557045936584473,-0.0014110803604125977
0.0026179254055023193,0.0015377402305603027,-9.530782699584961e-05
0.002250373363494873,0.0008448958396911621,0.0004996657371520996
0.00019556283950805664,-0.000298917293548584,0.0007628202438354492
0.0005058944225311279,-0.0029994845390319824,-0.0015295147895812988
0.0007562339305877686,0.00013554096221923828,-0.006112873554229736
0.0016006827354431152,0.0027509331703186035,-0.0062277913093566895
0.00027108192443847656,0.0012665987014770508,-0.0035259127616882324
-0.0008624494075775146,0.0015593767166137695,0.0003101825714111328
-0.00096169114112854,0.003293335437774658,0.003478527069091797
0.0012154877185821533,0.004416108131408691,0.003748178482055664
0.004601836204528809,0.0023530125617980957,0.004126489162445068
0.004063814878463745,-0.0006014108657836914,0.004772543907165527
0.0029525458812713623,-5.513429641723633e-05,0.0026906728744506836
0.0009159743785858154,0.003161907196044922,0.0017568469047546387
-0.0029456913471221924,0.0010249018669128418,-0.000761866569519043
-0.002686142921447754,-0.0010226964950561523,-0.0016412138938903809
0.0026877224445343018,-0.0003046989440917969,-0.0047016143798828125
0.005229562520980835,0.0011898279190063477,-0.004285335540771484
0.003785938024520874,0.0020200014114379883,-0.000527799129486084
0.0034879744052886963,0.0015290379524230957,0.0026981234550476074
-0.001082003116607666,0.00142592191696167,0.006937742233276367
-0.005366206169128418,0.000550687313079834,0.00610506534576416
-0.006332874298095703,0.0005233287811279297,0.0023686885833740234
-0.0070798397064208984,-0.0006312131881713867,-0.003655076026916504
-0.00806388258934021,-0.0012621283531188965,-0.004811346530914307
-0.0089799165725708,-0.001347661018371582,-0.0063228607177734375
-0.00774654746055603,-0.001599133014678955,-0.00801694393157959
-0.0004425644874572754,-0.001298367977142334,-0.0058820247650146484
0.004633545875549316,-0.0006684660911560059,-0.003944754600524902
0.0036655664443969727,-0.0009689927101135254,0.0012526512145996094
0.0035872459411621094,0.001612544059753418,0.005314350128173828
0.0028141140937805176,0.002671360969543457,0.00448298454284668
-0.0001596212387084961,0.0017357468605041504,0.004683554172515869
0.0007430613040924072,0.0020143985748291016,0.0022238492965698242
0.0024966299533843994,0.0013731718063354492,-1.9431114196777344e-05
0.0020904839038848877,-7.808208465576172e-06,-0.0006976723670959473
0.00043714046478271484,0.0002510547637939453,0.00045049190521240234
-0.002562195062637329,0.0010679960250854492,0.0014731884002685547
-0.002466917037963867,0.0006985068321228027,0.0026509761810302734
-0.0007951259613037109,0.0016819238662719727,0.000802159309387207
0.0034281015396118164,0.0021739602088928223,-0.0007282495498657227
0.00549161434173584,0.003671586513519287,0.001411736011505127
0.0031437277793884277,0.002825915813446045,0.0022110939025878906
0.0019764602184295654,0.0010606646537780762,0.003821074962615967
-0.0006819963455200195,0.0025575757026672363,0.002454102039337158
-0.0007592439651489258,0.0024511218070983887,-0.0002733469009399414
-0.0019302070140838623,0.0016518831253051758,-0.0027704834938049316
-0.0021524131298065186,0.00043082237243652344,-0.002312183380126953
-1.5288591384887695e-05,0.0003167390823364258,-0.002558469772338867
0.002576172351837158,0.0007662773132324219,-0.002096712589263916
0.004575192928314209,0.0002601146697998047,-0.00032961368560791016
0.003391265869140625,0.000993192195892334,0.0010962486267089844
0.0007336139678955078,0.0012689828872680664,0.0018430352210998535
0.0017656385898590088,0.0020011067390441895,0.0021528005599975586
0.0028107166290283203,0.0027444958686828613,0.001331329345703125
0.0018047988414764404,0.0017400383949279785,0.0018892288208007812
0.0014448165893554688,0.0026310086250305176,0.0011145472526550293
0.0018242299556732178,0.002578258514404297,0.002016425132751465
0.0024838149547576904,0.0033152103424072266,0.00492405891418457
0.005477488040924072,0.0017673969268798828,0.007608950138092041
0.0027598142623901367,0.0017294883728027344,0.006859481334686279
0.0007925629615783691,0.002239406108856201,0.003103196620941162
0.0011067390441894531,0.002924978733062744,-0.00010228157043457031
-0.0014230012893676758,0.0020022988319396973,-0.0009655952453613281
-0.0026377737522125244,0.00010675191879272461,-0.0021123886108398438
-0.0005707442760467529,-0.0008192062377929688,-0.0035901665687561035
0.0012599825859069824,-0.0006195306777954102,-0.004478931427001953
0.0007621049880981445,0.00014591217041015625,-0.004826009273529053
0.00022852420806884766,-0.0007413625717163086,-0.0035997629165649414
0.000163346529006958,-0.0015429854393005371,-0.002712845802307129
0.0013069212436676025,-0.0002448558807373047,-0.0036849379539489746
0.002703934907913208,0.00033342838287353516,-0.0032140612602233887
0.0015033483505249023,0.0010833740234375,-0.001778721809387207
-0.00024956464767456055,-4.029273986816406e-05,0.004029393196105957
-0.0014167726039886475,-0.0012729167938232422,0.003233194351196289
0.0018570125102996826,-0.0015042424201965332,0.0001537799835205078
0.002927124500274658,-0.00012546777725219727,-0.0014843940734863281
0.000707089900970459,0.0008795857429504395,-0.00296175479888916
-0.001382589340209961,0.0008258819580078125,-0.0038409829139709473
-0.0018456578254699707,0.0008538365364074707,-0.000784456729888916
0.0013738572597503662,-0.0001550912857055664,0.0006580948829650879
0.004546821117401123,0.00032901763916015625,0.0013965368270874023
0.0036493539810180664,0.0017150640487670898,0.0029244422912597656
0.005640298128128052,0.0009840130805969238,0.0036047697067260742
0.0044803619384765625,-6.645917892456055e-05,0.002033710479736328
0.002531707286834717,-0.0009657740592956543,-0.00048297643661499023
0.0008199810981750488,0.0013172030448913574,-0.0042185187339782715
-0.0002085864543914795,0.0016028285026550293,-0.005560815334320068
-0.0006299614906311035,-0.00014513731002807617,-0.0034106969833374023
0.0015515387058258057,0.0008870959281921387,-0.0020803213119506836
0.004390597343444824,0.0025954246520996094,0.0005289912223815918
0.0055183470249176025,0.0018175244331359863,0.003949761390686035
0.005003482103347778,0.0026717782020568848,0.005360722541809082
0.003289729356765747,0.002382636070251465,0.004324555397033691
0.0005439221858978271,0.0008018016815185547,0.0019333362579345703
-0.004016280174255371,-0.00035631656646728516,-0.001727283000946045
-0.006156831979751587,-0.0014800429344177246,-0.004203379154205322
-0.006805330514907837,-0.0014232397079467773,-0.005464315414428711
-0.006922274827957153,-0.0014736652374267578,-0.005946993827819824
-0.005829334259033203,-0.00031691789627075195,-0.00516277551651001
-0.0034788846969604492,0.0007926821708679199,-0.003704547882080078
0.0009567439556121826,0.0008074641227722168,-0.0024747848510742188
0.003850013017654419,0.0019947290420532227,0.0005398988723754883
0.0031784474849700928,0.002001345157623291,0.003300786018371582
0.00018724799156188965,0.002138376235961914,0.004552602767944336
0.0013400912284851074,0.001450181007385254,0.0053078532218933105
0.0034423470497131348,0.001800835132598877,0.003464818000793457
0.0030832290649414062,0.001992464065551758,0.003969967365264893
0.0024069249629974365,0.0032263994216918945,0.002453446388244629
0.0011201798915863037,0.004106044769287109,0.0037786364555358887
-0.0029132068157196045,0.0028728842735290527,0.0075675249099731445
-0.007088005542755127,0.0037497878074645996,0.00730818510055542
-0.005641579627990723,0.003976941108703613,0.006299734115600586
-0.004978269338607788,0.0048503875732421875,0.005368471145629883
-0.003312230110168457,0.004732191562652588,0.002959012985229492
-0.0013217329978942871,0.004338979721069336,0.0033206939697265625
0.0006337761878967285,0.002361297607421875,0.0029935836791992188
0.001828610897064209,0.0009605884552001953,0.0012555122375488281
0.0013351738452911377,-0.0014559030532836914,0.0004000663757324219
0.0003967881202697754,-0.0028764009475708008,-0.006006419658660889
0.0014813542366027832,-0.0029093027114868164,-0.0096052885055542
-0.0004920065402984619,-0.002290666103363037,-0.01052093505859375
-0.0021477341651916504,-0.002269566059112549,-0.008885025978088379
-0.0018348395824432373,-0.0018129944801330566,-0.006278336048126221
-0.00011661648750305176,-0.0006620287895202637,-0.003072202205657959
0.0015091300010681152,0.000967860221862793,0.0026155710220336914
0.000692516565322876,0.0018964409828186035,0.006524860858917236
0.000744551420211792,0.0010384917259216309,0.0091019868850708
0.0023454129695892334,0.0019493699073791504,0.007958829402923584
0.001341700553894043,0.002883315086364746,0.00499880313873291
-0.0015194416046142578,0.002544879913330078,0.002745985984802246
-0.001905977725982666,0.0007308125495910645,0.00018972158432006836
-6.9141387939453125e-06,0.0015996694564819336,-0.0011059045791625977
0.0013352930545806885,0.00345534086227417,0.0005732178688049316
-0.0004405379295349121,0.0014548897743225098,0.0029335618019104004
-0.0009221136569976807,0.0009155869483947754,0.003756701946258545
0.00043895840644836426,0.001164555549621582,0.0020955801010131836
0.0007145702838897705,1.1801719665527344e-05,0.0015149116516113281
-0.00015032291412353516,-0.0011730790138244629,-0.0034731030464172363
-0.0012528300285339355,-0.0006576776504516602,-0.006771266460418701
-0.0003865063190460205,-0.000761568546295166,-0.00798577070236206
-0.00032207369804382324,-0.0004966855049133301,-0.0066582560539245605
-0.0004086494445800781,0.0001696944236755371,-0.004483699798583984
-0.00041165947914123535,0.0018249750137329102,-0.002369701862335205
-0.00014591217041015625,0.002636551856994629,0.0016408562660217285
-0.0017772912979125977,0.0023095011711120605,0.005347073078155518
-0.002159327268600464,0.0005058050155639648,0.006605088710784912
-5.835294723510742e-05,0.0016317367553710938,0.003933250904083252
-0.00012227892875671387,0.002286076545715332,0.0005497336387634277
-0.000398784875869751,0.00014901161193847656,-0.00024962425231933594
0.0004571378231048584,-0.00015014410018920898,2.1457672119140625e-06
6.246566772460938e-05,0.0005065798759460449,-0.0002989768981933594
0.001054614782333374,-2.5093555450439453e-05,-0.0003185272216796875
0.0019491016864776611,-0.0002033710479736328,-0.0011077523231506348
0.0025267601013183594,0.001415252685546875,0.0005868673324584961
0.00229451060295105,0.0011181831359863281,0.004036545753479004
0.0037708282470703125,-0.0006749629974365234,0.009856939315795898
0.008939802646636963,0.002327442169189453,0.012548208236694336
0.011642485857009888,0.0015598535537719727,0.011641740798950195
0.0009402334690093994,0.0015039443969726562,0.004468321800231934
-0.0071000754833221436,0.0022281408309936523,-0.006526589393615723
-0.008780121803283691,0.0032259225845336914,-0.014796614646911621
-0.010939806699752808,0.0019844770431518555,-0.015612006187438965
-0.009188294410705566,0.0005830526351928711,-0.009776830673217773
-0.0027614235877990723,-0.0009629726409912109,-0.0007342100143432617
0.004263192415237427,-7.832050323486328e-05,0.0021462440490722656
0.004222303628921509,0.0019952058792114258,0.0025033950805664062
0.002722024917602539,0.001948535442352295,0.001593172550201416
-0.00011280179023742676,0.0013208389282226562,-0.0013499855995178223
-0.002857297658920288,7.331371307373047e-05,-0.0023357272148132324
-0.004392802715301514,-0.0010457038879394531,-0.0016449689865112305
-0.0037311315536499023,-0.002719402313232422,0.0008121728897094727
-0.0014058053493499756,-0.003437042236328125,-0.0003657341003417969
-0.0011395812034606934,-0.0008404254913330078,-0.0006062984466552734
-0.003337353467941284,0.0010976791381835938,-0.0008460283279418945
-0.004040539264678955,0.003645598888397217,-0.002398192882537842
-0.0015293359756469727,0.004049479961395264,-0.0008411407470703125
0.002360999584197998,0.0026314854621887207,0.0029633641242980957
0.0051340460777282715,0.003472566604614258,0.006439149379730225
0.007288545370101929,0.0031999945640563965,0.008077383041381836
0.0049720704555511475,0.002217531204223633,0.007594704627990723
0.0036049485206604004,0.002441704273223877,0.006867885589599609
0.002869158983230591,0.0023279190063476562,0.0037627220153808594
0.0023960769176483154,0.00354844331741333,0.0002694129943847656
0.000521928071975708,0.002069413661956787,0.0002702474594116211
-0.0025356411933898926,0.0013135671615600586,0.0017580986022949219
-0.002623230218887329,0.0009697079658508301,-0.0004756450653076172
-0.0007564127445220947,0.0006980299949645996,-0.00102919340133667
0.001161336898803711,0.0012316703796386719,-0.0026854872703552246
0.0018531978130340576,0.0011216998100280762,-0.0016616582870483398
0.0029431283473968506,0.002322673797607422,-0.0010153651237487793
0.0017153620719909668,0.0020148158073425293,-0.0002257823944091797
0.002404153347015381,0.0004976391792297363,0.002847015857696533
0.0009479522705078125,0.0003255009651184082,0.0033963918685913086
-0.0018382668495178223,5.131959915161133e-05,0.001131892204284668
-0.004576683044433594,0.00025284290313720703,-0.0032982826232910156
-0.0064247846603393555,0.0024347901344299316,-0.005296587944030762
-0.006946593523025513,0.0014233589172363281,-0.0042153000831604
-0.0026979446411132812,-0.0003146529197692871,-0.0015110373497009277
0.0010067522525787354,-0.0009731650352478027,0.0002884864807128906
0.001964777708053589,2.372264862060547e-05,0.0011167526245117188
0.0024349987506866455,0.0014571547508239746,0.0034720301628112793
0.0018706321716308594,0.0014070868492126465,0.0038303136825561523
0.0015225112438201904,0.00014448165893554688,0.003735661506652832
0.000824272632598877,-0.0003986358642578125,0.0020809173583984375
-0.0027704834938049316,-1.8715858459472656e-05,-0.0010599493980407715
-0.0026462972164154053,-5.078315734863281e-05,-0.002633035182952881
-0.0019558072090148926,0.0004974603652954102,-0.005386471748352051
-0.0017842650413513184,0.00024020671844482422,-0.004414737224578857
-0.003106147050857544,1.811981201171875e-05,-0.0024997591972351074
-0.001955479383468628,-0.00010901689529418945,-0.0010407567024230957
0.000810772180557251,0.0017584562301635742,0.00036013126373291016
0.001451939344406128,0.0021436214447021484,0.002045929431915283
-0.00019854307174682617,0.002708137035369873,0.0033742785453796387
-2.345442771911621e-05,0.001797497272491455,0.0033649802207946777
0.00104561448097229,0.0016238689422607422,0.002974271774291992
-0.0006765127182006836,0.0010590553283691406,-0.0014110207557678223
-0.0008209645748138428,-0.00017845630645751953,-0.004533052444458008
0.0014829933643341064,-0.0007122159004211426,-0.004065155982971191
0.001982063055038452,-0.000832974910736084,-0.00322878360748291
-0.0008879303932189941,-0.0009378790855407715,-0.0008367300033569336
-0.0021362900733947754,-0.00044476985931396484,0.001957833766937256
-0.0019863545894622803,0.0022957324981689453,0.0013748407363891602
-0.0016832947731018066,0.002894163131713867,0.0025014877319335938
-0.00036856532096862793,0.004008471965789795,0.004225015640258789
0.0008906126022338867,0.003407001495361328,0.006806910037994385
-0.0006487071514129639,0.0016907453536987305,0.007442355155944824
-0.0008948743343353271,-0.0005537867546081543,0.0038712024688720703
-0.0032225847244262695,-0.000733494758605957,-0.0038706064224243164
-0.004137635231018066,-0.0004550814628601074,-0.010979712009429932
-0.004397302865982056,-0.0008614063262939453,-0.012965500354766846
-0.0008299052715301514,-0.0022627711296081543,-0.010979950428009033
0.007422506809234619,-0.0020087361335754395,-0.005988359451293945
0.010426342487335205,-0.0020501017570495605,0.0016651749610900879
0.0060107409954071045,-0.0010249614715576172,0.007106423377990723
0.001134335994720459,0.0018700957298278809,0.01002657413482666
-0.005271494388580322,0.003287017345428467,0.010690808296203613
-0.009748220443725586,0.0021879076957702637,0.00842893123626709
-0.008530527353286743,0.0020444393157958984,0.0036138296127319336
-0.00537872314453125,0.002459287643432617,-0.000217437744140625
-0.0024673640727996826,0.0022487640380859375,-0.0006778836250305176
-0.0008658468723297119,0.0010134577751159668,-0.0008968114852905273
0.0015719234943389893,-0.001049041748046875,-0.0041481852531433105
0.004835784435272217,-0.0006758570671081543,-0.006371557712554932
0.006494373083114624,-0.0015125870704650879,-0.00751805305480957
0.007735133171081543,-0.0030462145805358887,-0.007794380187988281
0.006283313035964966,-0.0027455687522888184,-0.006947040557861328
0.0032573342323303223,-0.0006222128868103027,-0.0040291547775268555
0.0022453665733337402,0.001891016960144043,-0.0008410215377807617
0.003351956605911255,0.0033864378929138184,-0.0006904006004333496
0.0028168857097625732,0.0031493306159973145,0.0033947229385375977
-0.00023114681243896484,0.0018380284309387207,0.00624847412109375
-5.3554773330688477e-05,0.0024470090866088867,0.00516664981842041
0.0005749762058258057,0.0029397010803222656,0.0029262304306030273
-0.0010013282299041748,0.0030701160430908203,0.0013573169708251953
-0.001490175724029541,0.002697765827178955,-0.00017213821411132812
0.0013916492462158203,0.0024546384811401367,-0.0019708871841430664
0.0035223066806793213,0.0025130510330200195,0.00048166513442993164
0.002941310405731201,0.0020138025283813477,0.0033649802207946777
0.0022964179515838623,0.0011355876922607422,0.006856799125671387
0.0018409490585327148,0.0014030933380126953,0.006974935531616211
0.001694411039352417,-0.0008257031440734863,0.0047509074211120605
0.0009267926216125488,-0.0004998445510864258,0.0020107030868530273
-0.0012176334857940674,-0.0008920431137084961,-0.0012882351875305176
-0.004012644290924072,-0.0017157793045043945,-0.004571437835693359
-0.004226505756378174,-0.0008538961410522461,-0.008237361907958984
-0.004820704460144043,-0.00041496753692626953,-0.008910298347473145
-0.005049705505371094,-0.002344787120819092,-0.006431877613067627
-0.002680182456970215,1.3470649719238281e-05,-0.002759695053100586
-0.0018964111804962158,0.0022295713424682617,0.001122593879699707
-2.059340476989746e-05,0.0018715262413024902,0.004546999931335449
0.0005951821804046631,0.0035881400108337402,0.006651520729064941
0.0014359354972839355,0.0034600496292114258,0.007242262363433838
0.002037525177001953,0.0021956562995910645,0.005049526691436768
0.0014889836311340332,0.0008068084716796875,0.00427091121673584
0.0017395317554473877,0.0013834834098815918,0.002105116844177246
0.0010698139667510986,0.0005196332931518555,0.00035369396209716797
0.0003578662872314453,0.00010770559310913086,7.700920104980469e-05
0.0015794634819030762,0.0012376904487609863,0.0011909008026123047
0.0014074146747589111,0.0021535754203796387,0.003175795078277588
0.000751793384552002,0.0012709498405456543,0.0033186674118041992
0.0003281831741333008,0.002673327922821045,0.0048923492431640625
-0.0014848411083221436,0.004843652248382568,0.004348397254943848
-0.002461731433868408,0.005061805248260498,0.004422008991241455
-0.0014816522598266602,0.003405928611755371,0.0068975090980529785
-0.0011588335037231445,0.002797722816467285,0.0073708295822143555
-0.003216385841369629,0.002498924732208252,0.004540681838989258
-0.0016656816005706787,0.0015372037887573242,3.528594970703125e-05
-0.0018023252487182617,0.0013355016708374023,-0.005440115928649902
0.0009788274765014648,0.0026430487632751465,-0.008481323719024658
0.005031377077102661,-0.0025759339332580566,-0.0063481926918029785
0.005805164575576782,-0.005114853382110596,-0.006411254405975342
0.005725681781768799,-0.003202378749847412,-0.007570862770080566
0.0018011629581451416,-0.0013118386268615723,-0.00811922550201416
0.00028321146965026855,-0.0010147690773010254,-0.007744550704956055
0.0013445913791656494,-0.0006063580513000488,-0.0054749250411987305
0.0007806718349456787,0.00018870830535888672,-0.002003610134124756
-0.0010111331939697266,0.0007592439651489258,0.002683281898498535
-0.0027877092361450195,-0.001165926456451416,0.006357133388519287
-0.004365891218185425,-0.0004578828811645508,0.00447237491607666
-0.004053950309753418,0.000246584415435791,0.0002561807632446289
-0.0034509599208831787,0.0008143186569213867,-0.0027546286582946777
-0.003081798553466797,0.0015857815742492676,-0.0038224458694458008
-0.0007451474666595459,0.0023781657218933105,-0.0020073652267456055
0.002875298261642456,0.0006257295608520508,0.00020116567611694336
0.0022565722465515137,0.00043952465057373047,0.0035646557807922363
0.0021965205669403076,0.0011459589004516602,0.004875361919403076
0.0003101527690887451,0.0022342801094055176,0.004826664924621582
-0.003126472234725952,0.0016987323760986328,0.0048989057540893555
-0.0036517083644866943,0.0007476806640625,0.0003056526184082031
0.001380831003189087,0.002091348171234131,-0.004035353660583496
0.004226326942443848,0.0006033182144165039,-0.005984604358673096
0.0030992329120635986,-0.0007079243659973145,-0.0033791065216064453
0.0014405548572540283,-0.0007918477058410645,-0.0011817216873168945
0.0006083548069000244,-0.0005297064781188965,-0.0034084320068359375
-0.000783085823059082,0.002010166645050049,-0.004698395729064941
-0.002170264720916748,0.0005729794502258301,-0.002141296863555908
-0.0038722455501556396,0.0005377531051635742,-4.565715789794922e-05
-0.004224509000778198,0.00030690431594848633,0.0005028843879699707
-0.004339158535003662,0.0002493858337402344,0.0012652277946472168
-0.0007016658782958984,0.00030815601348876953,0.0014439821243286133
0.00054168701171875,0.0018967986106872559,0.0009077787399291992
0.0032328665256500244,0.002405881881713867,0.0030095577239990234
0.004633486270904541,0.003032386302947998,0.0037589073181152344
0.003935813903808594,0.0020753145217895508,0.00651240348815918
0.004968881607055664,0.002659320831298828,0.006436049938201904
0.005181938409805298,0.002362668514251709,0.004754602909088135
0.002943366765975952,0.0018544197082519531,0.0023100972175598145
0.0014714300632476807,0.0006473064422607422,-0.00022530555725097656
0.0018948614597320557,-0.0011845827102661133,-0.002471446990966797
-0.0012294650077819824,-0.0013352632522583008,-0.003858506679534912
-0.003467768430709839,-0.0008480548858642578,-0.005217909812927246
-0.0037990212440490723,0.000647127628326416,-0.004557609558105469
0.0016994774341583252,0.001414656639099121,-0.0025056004524230957
0.0022654831409454346,0.002406895160675049,0.000684201717376709
0.001965165138244629,0.001786351203918457,0.004186511039733887
0.002963125705718994,5.310773849487305e-05,0.004464864730834961
0.0023660361766815186,0.00022470951080322266,0.003177642822265625
0.00043639540672302246,0.0008832812309265137,-0.0010639429092407227
-0.0011664927005767822,-0.0007777214050292969,-0.004458308219909668
0.0008714497089385986,-0.0021572113037109375,-0.0085676908493042
0.0036260783672332764,-0.0031989216804504395,-0.009018421173095703
0.005682080984115601,-0.005166351795196533,-0.010351598262786865
0.00732991099357605,-0.004482746124267578,-0.007903695106506348
0.009855955839157104,-0.0031297802925109863,-0.005336165428161621
0.00871366262435913,-0.0045888423919677734,-0.004557788372039795
0.009241372346878052,-0.006483972072601318,-0.0034029483795166016
0.017807573080062866,-0.0034242868423461914,-0.008430540561676025
0.02280735969543457,0.0009954571723937988,-0.014765143394470215
0.022942304611206055,-0.006279110908508301,-0.01592808961868286
0.03594064712524414,-0.004480123519897461,-0.03372776508331299
0.0733049213886261,-0.028897464275360107,-0.05885970592498779
0.10589255392551422,-0.05589127540588379,-0.08453649282455444
0.13635556399822235,-0.06953364610671997,-0.0882951021194458
0.1604200005531311,-0.07834035158157349,-0.10871529579162598
0.181054949760437,-0.07323348522186279,-0.13407421112060547
0.1954885870218277,-0.058887481689453125,-0.14614343643188477
0.19139842689037323,-0.055777132511138916,-0.14911127090454102
0.17359933257102966,-0.056704550981521606,-0.15511047840118408
0.1022481769323349,-0.08653309941291809,-0.1263713240623474
0.13414348661899567,-0.038346290588378906,-0.13869953155517578
0.1294935792684555,0.002917349338531494,-0.14246267080307007
0.049386680126190186,-0.016336947679519653,-0.1391047239303589
-0.06384433805942535,-0.046291202306747437,-0.144850492477417
-0.12802642583847046,-0.03424292802810669,-0.1771681308746338
-0.07869650423526764,-0.026025056838989258,-0.21226751804351807
-0.05156959593296051,-0.03480100631713867,-0.22651422023773193
-0.09994509071111679,-0.04781106114387512,-0.1906954050064087
-0.1088358461856842,-0.06816253066062927,-0.12527143955230713
-0.08109906315803528,-0.05897215008735657,-0.0739295482635498
-0.05879921466112137,-0.045625507831573486,-0.00914311408996582
-0.05470774322748184,-0.030281782150268555,0.06379830837249756
-0.10175597667694092,0.07478633522987366,0.11481600999832153
-0.10650085657835007,0.14708468317985535,0.30931365489959717
-0.12535861134529114,0.10289785265922546,0.587990403175354
-0.11413096636533737,0.05661410093307495,0.799096941947937
-0.05474947392940521,0.032246530055999756,0.9449326992034912
0.026610486209392548,0.013845086097717285,1.0207409858703613
0.07485072314739227,-0.013501256704330444,0.9884039759635925
0.09037697315216064,-0.02355828881263733,0.8761739730834961
0.08557847142219543,0.006936132907867432,0.7538156509399414
0.05584041774272919,0.03278160095214844,0.6866675615310669
0.027176767587661743,0.052919238805770874,0.6921274662017822
0.027965620160102844,0.11433497071266174,0.7546119689941406
0.030061006546020508,0.1806139349937439,0.8447256088256836
0.008283212780952454,0.20652353763580322,0.9393945932388306
0.002462610602378845,0.21642863750457764,0.9824389219284058
0.016646072268486023,0.23790496587753296,0.9533935189247131
0.010713756084442139,0.2534223198890686,0.878963828086853
-0.017631113529205322,0.28573882579803467,0.7564710378646851
-0.05773290991783142,0.297268807888031,0.639224112033844
-0.08847413957118988,0.310188889503479,0.5233207941055298
-0.0758180320262909,0.3504611849784851,0.4017833471298218
-0.0675431340932846,0.3731899857521057,0.31552398204803467
-0.07533760368824005,0.38629376888275146,0.24418777227401733
-0.004608899354934692,0.46352601051330566,0.18483781814575195
-0.05758398771286011,0.4598515033721924,0.07922893762588501
-0.03911755979061127,0.4491078853607178,-0.008629202842712402
-0.00901380181312561,0.42664414644241333,-0.0820656418800354
-0.005935385823249817,0.4207656979560852,-0.1413554549217224
-0.018568508327007294,0.4274553060531616,-0.18625372648239136
-0.04378121346235275,0.43430095911026,-0.22847598791122437
-0.05988173186779022,0.44508886337280273,-0.26053208112716675
-0.06816958636045456,0.4494006037712097,-0.2925148010253906
-0.06369365006685257,0.4400404095649719,-0.3262772560119629
-0.06169513612985611,0.4246821403503418,-0.3536183834075928
-0.06245420128107071,0.3989827632904053,-0.3691480755805969
-0.07766972482204437,0.35294270515441895,-0.3623151481151581
-0.08702805638313293,0.3022676706314087,-0.34294503927230835
-0.09654074907302856,0.2784464359283447,-0.33857834339141846
-0.10932625085115433,0.28215014934539795,-0.35269516706466675
-0.1259072721004486,0.30577021837234497,-0.3853149116039276
-0.12046825885772705,0.3299846649169922,-0.4125245213508606
-0.08132407069206238,0.32232993841171265,-0.3921775817871094
-0.027436017990112305,0.28622984886169434,-0.33156251907348633
0.02853916585445404,0.2559661865234375,-0.2710626721382141
0.08048319816589355,0.22471654415130615,-0.2275872826576233
0.11870887875556946,0.18344587087631226,-0.22862529754638672
0.14168958365917206,0.1509544849395752,-0.278482586145401
0.11880584061145782,0.1389722228050232,-0.34800708293914795
0.077352374792099,0.12673813104629517,-0.39901530742645264
0.037170156836509705,0.09820300340652466,-0.40034422278404236
-0.03456343710422516,0.03546106815338135,-0.36659666895866394
-0.055786117911338806,0.045085251331329346,-0.3124060332775116
0.06000339984893799,0.20152753591537476,-0.280001163482666
0.05149541795253754,0.17113494873046875,-0.2339855432510376
0.013281777501106262,0.057257115840911865,-0.2018088400363922
0.034380748867988586,0.01694321632385254,-0.2027205526828766
0.07491135597229004,0.03835105895996094,-0.2242906391620636
0.06909240782260895,0.03366667032241821,-0.2470511496067047
0.07951182126998901,0.023723602294921875,-0.2531932592391968
0.23257705569267273,0.08073019981384277,-0.6228795051574707
0.12146507203578949,-0.10585224628448486,-0.3034477233886719
0.11418415606021881,-0.0256195068359375,-0.05297333002090454
0.05954110622406006,0.036667823791503906,-0.04867616295814514
-0.06679189205169678,0.0016399025917053223,0.009782880544662476
-0.12592293322086334,0.0186690092086792,0.05733051896095276
-0.11279506981372833,0.0648837685585022,0.039647072553634644
-0.09961849451065063,0.06749528646469116,0.026299715042114258
-0.09336811304092407,0.06186121702194214,0.021928399801254272
-0.07953241467475891,0.055169105529785156,0.0222548246383667
-0.05824154615402222,0.04614347219467163,0.002392798662185669
-0.04444260895252228,0.03547769784927368,-0.019537776708602905
-0.03662765026092529,0.048686087131500244,-0.3453674614429474
0.02039816975593567,-0.012637734413146973,-0.44776272773742676
0.024958088994026184,-0.05753511190414429,-0.26917707920074463
0.03894072771072388,0.01587533950805664,-0.1819533407688141
0.01278182864189148,-0.00263822078704834,0.013627201318740845
0.020479977130889893,-0.027936875820159912,0.1314714252948761
0.07475781440734863,-0.03623056411743164,0.09125828742980957
0.11907580494880676,-0.0900108814239502,-0.02238631248474121
0.097278892993927,-0.1258683204650879,-0.07121801376342773
0.054308295249938965,-0.07880133390426636,-0.12388205528259277
0.0670594573020935,-0.04204702377319336,-0.10288390517234802
0.10880926251411438,-0.09733843803405762,0.027514338493347168
0.1375339925289154,-0.1269569993019104,0.18436697125434875
0.12197676301002502,-0.06974565982818604,0.3343656361103058
0.02713906764984131,-0.10556453466415405,0.4540289342403412
0.20671142637729645,0.16533523797988892,-0.43536534905433655
0.3788212835788727,-0.21972954273223877,-0.6575144529342651
0.01450735330581665,-0.5228284597396851,-0.23928722739219666
0.20434196293354034,0.06044721603393555,-0.3435628414154053
0.12134242057800293,-0.15170973539352417,-0.32000732421875
0.15348592400550842,-0.13502776622772217,-0.35387176275253296
0.18083280324935913,-0.051274657249450684,-0.30880188941955566
0.1608959585428238,-0.06374251842498779,-0.20044070482254028
0.18674258887767792,-0.03851717710494995,-0.048712968826293945
0.18761427700519562,-0.01819068193435669,0.09252315759658813
0.13693997263908386,-0.009901940822601318,0.17063114047050476
0.05809101462364197,0.007043719291687012,0.17702674865722656
-0.0331411212682724,0.03561311960220337,0.12678873538970947
-0.12015116214752197,0.05359148979187012,0.061457812786102295
-0.17739653587341309,0.046512067317962646,0.005044877529144287
-0.17707288265228271,0.04342770576477051,-0.040194690227508545
-0.097928985953331,0.02477806806564331,-0.08129182457923889
0.009388580918312073,-0.012871980667114258,-0.11046397686004639
0.08087889850139618,-0.020375609397888184,-0.1254589557647705
0.09144626557826996,-0.010677695274353027,-0.14830893278121948
0.07588915526866913,0.020227670669555664,-0.09385660290718079
0.049556925892829895,0.06789600849151611,-0.0044862329959869385
-0.0899900496006012,0.08662360906600952,0.055996328592300415
-0.23802387714385986,0.07105493545532227,0.06790685653686523
-0.25774839520454407,0.08632785081863403,0.10150831937789917
-0.16681604087352753,0.06312692165374756,0.20387569069862366
0.0004049539566040039,0.024805188179016113,0.21248406171798706
0.12045656144618988,0.02602177858352661,0.10690778493881226
0.1395568698644638,-0.0018916726112365723,-0.009504944086074829
0.09596320986747742,-0.007271528244018555,-0.10313230752944946
0.019625551998615265,0.010676264762878418,-0.12996309995651245
-0.06599188596010208,0.025212228298187256,-0.09857916831970215
-0.12497371435165405,0.05171084403991699,-0.07156223058700562
-0.1591491401195526,0.06676030158996582,-0.05122709274291992
-0.14044232666492462,0.07078856229782104,-0.04247039556503296
-0.06807085126638412,0.07503992319107056,-0.04467266798019409
0.03488704562187195,0.09228277206420898,-0.03965276479721069
0.13673442602157593,0.08746206760406494,-0.059725433588027954
0.17652657628059387,0.07716923952102661,-0.11502963304519653
0.14723652601242065,0.09736883640289307,-0.19017374515533447
0.06816567480564117,0.10840171575546265,-0.2599638104438782
0.019743651151657104,0.10923212766647339,-0.29829198122024536
-0.012842632830142975,0.09396165609359741,-0.3127240538597107
-0.029221802949905396,0.07486128807067871,-0.310891330242157
-0.040668316185474396,0.07192438840866089,-0.30046242475509644
-0.05378159135580063,0.07553255558013916,-0.28338050842285156
-0.062105003744363785,0.07490277290344238,-0.2870708107948303
-0.05814094841480255,0.08273351192474365,-0.31834501028060913
-0.03135224059224129,0.09537303447723389,-0.3436505198478699
0.002219974994659424,0.09626340866088867,-0.3591310977935791
0.03569267690181732,0.09685581922531128,-0.36029672622680664
0.05766966566443443,0.11226463317871094,-0.3419479727745056
0.06869129091501236,0.12277781963348389,-0.2966146469116211
0.08087101578712463,0.11510699987411499,-0.24888968467712402
0.0672643631696701,0.11429619789123535,-0.23123890161514282
0.03029363602399826,0.12792247533798218,-0.2333654761314392
-0.004127764143049717,0.1420411467552185,-0.2366189956665039
-0.035176247358322144,0.15237993001937866,-0.24157410860061646
-0.0544235035777092,0.1561673879623413,-0.23534971475601196
-0.04868966341018677,0.14949476718902588,-0.2149093747138977
-0.0018832981586456299,0.1413353681564331,-0.1858224868774414
0.058268073946237564,0.1390751600265503,-0.16604763269424438
0.10922219604253769,0.13984179496765137,-0.14835107326507568
0.1261555701494217,0.13169270753860474,-0.1297885775566101
0.11962049454450607,0.13160526752471924,-0.12877392768859863
0.10754026472568512,0.1306554079055786,-0.14462554454803467
0.0889524444937706,0.1214824914932251,-0.1745331883430481
0.0841091051697731,0.11479306221008301,-0.20689904689788818
0.10604730993509293,0.11460578441619873,-0.20860564708709717
0.12262456119060516,0.11981183290481567,-0.16523844003677368
0.11478547006845474,0.1292683482170105,-0.07634544372558594
0.10611291974782944,0.13684695959091187,0.02833688259124756
0.10123419016599655,0.12922418117523193,0.1297968626022339
0.10954178869724274,0.12063568830490112,0.22270619869232178
0.11320409923791885,0.10995215177536011,0.2925695776939392
0.09690085053443909,0.09695267677307129,0.3225362300872803
0.07340919971466064,0.09847646951675415,0.32391786575317383
0.035453081130981445,0.11294829845428467,0.33243852853775024
-0.012678444385528564,0.1197597086429596,0.35986024141311646
-0.06249381601810455,0.11687460541725159,0.38925087451934814
-0.10204658657312393,0.1120348870754242,0.40772104263305664
-0.1361783742904663,0.10501405596733093,0.4177894592285156
-0.17881296575069427,0.09777700901031494,0.414331316947937
-0.21850521862506866,0.10499528050422668,0.4019990563392639
-0.25326770544052124,0.10794615745544434,0.37734436988830566
-0.2518831789493561,0.08766654133796692,0.28941237926483154
0.27943193912506104,-0.42901352047920227,-0.027312874794006348
0.7582179307937622,-0.8352634906768799,0.5225322842597961
0.4173964858055115,-0.12677520513534546,1.1175609827041626
0.18989594280719757,0.23383933305740356,1.5693975687026978
-0.09176607429981232,0.237300306558609,1.8753567934036255
-0.30076900124549866,0.19255292415618896,1.5541778802871704
-0.3773747384548187,0.27695003151893616,0.7755324244499207
-0.4743783175945282,0.33226072788238525,0.14285576343536377
-0.5513928532600403,0.29172423481941223,-0.2507225275039673
-0.5113117694854736,0.2737525999546051,-0.46170347929000854
-0.3977721631526947,0.26999881863594055,-0.5534698963165283
-0.3088442087173462,0.23252227902412415,-0.5356192588806152
-0.2484312653541565,0.1688794195652008,-0.4151061773300171
-0.1786646544933319,0.09620743989944458,-0.23945683240890503
-0.10547564923763275,0.03530240058898926,-0.057702064514160156
-0.02931731939315796,0.006126761436462402,0.10763859748840332
0.03746882826089859,0.009207397699356079,0.23363471031188965
0.08319949358701706,0.002127617597579956,0.28357207775115967
0.10628848522901535,-0.002143293619155884,0.26571691036224365
0.12156340479850769,0.0011927783489227295,0.20014357566833496
0.1333712935447693,0.0032597780227661133,0.11215245723724365
0.12561771273612976,-0.0010301470756530762,0.030332207679748535
0.10913845896720886,-0.001797020435333252,-0.03453946113586426
0.0920720249414444,-0.0013878345489501953,-0.08350372314453125
0.07490842044353485,-0.009644150733947754,-0.12057054042816162
0.06294873356819153,-0.0073222815990448,-0.1373705267906189
0.053750962018966675,0.0007495582103729248,-0.13216066360473633
0.032794639468193054,0.01492038369178772,-0.09173035621643066
0.004053547978401184,0.029529482126235962,-0.0036212801933288574
-0.018749624490737915,0.03455814719200134,0.11109435558319092
-0.03770771622657776,0.03177785873413086,0.19828855991363525
-0.03587283194065094,0.031544506549835205,0.21634745597839355
-0.011884063482284546,0.03670203685760498,0.18582701683044434
0.0006281435489654541,0.04026532173156738,0.13873541355133057
-0.0021976828575134277,0.04424780607223511,0.10348135232925415
-0.016683876514434814,0.03890681266784668,0.07056319713592529
-0.03973349928855896,0.031100869178771973,0.012679815292358398
-0.046742260456085205,0.02036905288696289,-0.05256873369216919
-0.03731250762939453,0.006178438663482666,-0.11251950263977051
-0.018666237592697144,-0.014685094356536865,-0.15524226427078247
0.001646190881729126,-0.03506743907928467,-0.17916715145111084
0.019127577543258667,-0.0525585412979126,-0.19032412767410278
0.04133841395378113,-0.0687987208366394,-0.18182295560836792
0.05452853441238403,-0.07342112064361572,-0.16666275262832642
0.052069902420043945,-0.07308173179626465,-0.15396064519882202
0.04683217406272888,-0.0656391978263855,-0.14625173807144165
0.0409105122089386,-0.05464059114456177,-0.13938158750534058
0.03411102294921875,-0.04488015174865723,-0.1247512698173523
0.02414834499359131,-0.03836047649383545,-0.10325044393539429
0.016065925359725952,-0.030505239963531494,-0.07818382978439331
0.007810622453689575,-0.021197199821472168,-0.050132155418395996
-0.0055258870124816895,-0.013644039630889893,-0.02643519639968872
-0.02019760012626648,-0.008206844329833984,-0.005947411060333252
-0.028915375471115112,-0.0019400715827941895,0.00411301851272583
-0.033716052770614624,0.0078887939453125,0.011224925518035889
-0.03692054748535156,0.01396268606185913,0.01974421739578247
-0.03701421618461609,0.017376303672790527,0.026720106601715088
-0.031694620847702026,0.020468831062316895,0.03359043598175049
-0.02848994731903076,0.02152150869369507,0.04003572463989258
-0.02558964490890503,0.018686771392822266,0.04628199338912964
-0.02189752459526062,0.01567608118057251,0.04489082098007202
-0.01848459243774414,0.01173943281173706,0.0398024320602417
-0.014164865016937256,0.010248661041259766,0.03186136484146118
-0.01409834623336792,0.011232972145080566,0.018647968769073486
-0.012968391180038452,0.010950326919555664,0.005598604679107666
-0.016918063163757324,0.01746886968612671,0.0023284554481506348
-0.031175971031188965,0.027105987071990967,0.011440932750701904
-0.04659590125083923,0.03227740526199341,0.0339963436126709
-0.05279666185379028,0.031474769115448,0.057813048362731934
-0.05051502585411072,0.026415705680847168,0.07501363754272461
-0.03454449772834778,0.020560264587402344,0.07839316129684448
-0.015918225049972534,0.014818072319030762,0.07739877700805664
-0.004231810569763184,0.01093512773513794,0.07375937700271606
0.002949833869934082,0.00284421443939209,0.056976139545440674
0.009592831134796143,0.0005499720573425293,0.026611804962158203
0.01895079016685486,0.0004937648773193359,-0.0070909857749938965
0.024324029684066772,-0.004150867462158203,-0.03530853986740112
0.028192877769470215,-0.009522855281829834,-0.05236572027206421
0.03255230188369751,-0.010261118412017822,-0.05598932504653931
0.03423914313316345,-0.010465562343597412,-0.05276167392730713
0.03556835651397705,-0.012629866600036621,-0.046129584312438965
0.036642879247665405,-0.011416316032409668,-0.039642333984375
0.03742668032646179,-0.009557962417602539,-0.03493779897689819
0.03463202714920044,-0.008358359336853027,-0.033579111099243164
0.03081461787223816,-0.009160935878753662,-0.03433579206466675
0.02544170618057251,-0.009925782680511475,-0.035808265209198
0.01915961503982544,-0.00838935375213623,-0.0384521484375
0.016709089279174805,-0.007839739322662354,-0.03829836845397949
0.01603841781616211,-0.007308840751647949,-0.03486025333404541
0.015200197696685791,-0.008815765380859375,-0.029635608196258545
0.011923491954803467,-0.010134637355804443,-0.022632896900177002
0.009012550115585327,-0.007130682468414307,-0.015546798706054688
0.0038520097732543945,-0.004922449588775635,-0.010760962963104248
-0.0015967786312103271,-0.00396573543548584,-0.007816791534423828
-0.008212089538574219,-0.0006890296936035156,-0.0029993653297424316
-0.016652822494506836,0.0029826760292053223,0.0036377310752868652
-0.026654601097106934,0.0046675801277160645,0.009777963161468506
-0.030218929052352905,0.006596386432647705,0.01818305253982544
-0.030596762895584106,0.009935975074768066,0.022884666919708252
-0.028561502695083618,0.01100069284439087,0.026976048946380615
-0.02866649627685547,0.012285411357879639,0.03270179033279419
-0.030092895030975342,0.014132797718048096,0.03840607404708862
-0.03224968910217285,0.013370513916015625,0.04193282127380371
-0.03682485222816467,0.01272118091583252,0.04103696346282959
-0.04188314080238342,0.016525626182556152,0.040705740451812744
-0.04770994186401367,0.02088838815689087,0.04244178533554077
-0.05327528715133667,0.01810157299041748,0.04508167505264282
-0.04757237434387207,0.013462483882904053,0.04690927267074585
-0.03556445240974426,0.014643847942352295,0.046103835105895996
-0.0217740535736084,0.01213538646697998,0.047918081283569336
-0.006971240043640137,0.00875765085220337,0.04424017667770386
0.011011779308319092,0.009009063243865967,0.03240293264389038
0.026766479015350342,0.004362523555755615,0.016347825527191162
0.036056965589523315,-0.0018385648727416992,-0.0047650933265686035
0.04012364149093628,-0.004360854625701904,-0.024686992168426514
0.03518262505531311,-0.005589902400970459,-0.03982001543045044
0.028567105531692505,-0.010213792324066162,-0.04900616407394409
0.02454167604446411,-0.015120863914489746,-0.055651962757110596
0.02398577332496643,-0.015388846397399902,-0.0591389536857605
0.02536633610725403,-0.015280842781066895,-0.059372007846832275
0.0239122211933136,-0.01644432544708252,-0.05666983127593994
0.018300503492355347,-0.013810813426971436,-0.04955500364303589
0.01538136601448059,-0.009166419506072998,-0.038041770458221436
0.010500103235244751,-0.006593823432922363,-0.027058780193328857
0.005480051040649414,-0.0039580464363098145,-0.014010190963745117
0.00322917103767395,-0.000878453254699707,-0.002152085304260254
-0.00013938546180725098,0.0021968483924865723,0.008383452892303467
-0.0053560733795166016,0.0013364553451538086,0.018027663230895996
-0.008144289255142212,0.0013141632080078125,0.022281885147094727
-0.009421437978744507,0.0015842914581298828,0.01970618963241577
-0.012413263320922852,0.002306044101715088,0.014113545417785645
-0.013898074626922607,0.0016649961471557617,0.006773054599761963
-0.01048058271408081,0.0012251734733581543,-0.0008995532989501953
-0.003103107213973999,0.00046813488006591797,-0.0057923197746276855
0.004139840602874756,0.0004977583885192871,-0.009231865406036377
0.0068509578704833984,0.0012703537940979004,-0.009344875812530518
0.0017272233963012695,0.0029155611991882324,-0.002939760684967041
-0.005187004804611206,0.0026929378509521484,0.004235684871673584
-0.006114780902862549,0.0056195855140686035,0.010206878185272217
-0.007068604230880737,0.007865965366363525,0.01851433515548706
-0.011182188987731934,0.007039546966552734,0.02523738145828247
-0.013912051916122437,0.007352352142333984,0.028252363204956055
-0.013218849897384644,0.006847858428955078,0.024003565311431885
-0.011135578155517578,0.0062468647956848145,0.017039954662322998
-0.010857313871383667,0.0060045719146728516,0.01099008321762085
-0.012182086706161499,0.00631338357925415,0.004213511943817139
-0.011630833148956299,0.006813526153564453,0.003300011157989502
-0.010928571224212646,0.005907714366912842,0.004295289516448975
-0.008510053157806396,0.004205644130706787,0.010947763919830322
-0.0019192099571228027,0.004050195217132568,0.013386070728302002
0.0030021369457244873,0.004162013530731201,0.018725574016571045
0.0011037588119506836,0.0019282102584838867,0.020069479942321777
-0.0008178949356079102,0.0016952157020568848,0.0107993483543396
-0.001220613718032837,0.0022707581520080566,-0.0016481280326843262
0.00011646747589111328,-0.0006135106086730957,-0.012819468975067139
0.003129899501800537,2.110004425048828e-05,-0.017029941082000732
0.005164116621017456,-0.0019989609718322754,-0.01855260133743286
0.008024632930755615,-0.006985008716583252,-0.01818293333053589
0.010895967483520508,-0.0021224021911621094,-0.016444385051727295
0.007963389158248901,-0.0013556480407714844,-0.009485304355621338
0.004568934440612793,-0.0014026165008544922,-0.0029334425926208496
0.001274794340133667,0.0017697811126708984,0.003760814666748047
-0.0025765597820281982,0.0018104314804077148,0.00632929801940918
-0.004548579454421997,0.0030928850173950195,0.008285343647003174
-0.006038695573806763,0.0044457316398620605,0.00892794132232666
-0.006876498460769653,0.002497076988220215,0.009089171886444092
-0.002345353364944458,0.0019341111183166504,0.007876694202423096
0.0010441243648529053,0.0008499026298522949,0.005607783794403076
0.0025007426738739014,-0.0001550912857055664,0.0027594566345214844
0.0035517513751983643,-0.0012947916984558105,-0.0015402436256408691
0.005361706018447876,-0.0007132291793823242,-0.0030718445777893066
0.005350291728973389,0.0007792115211486816,-0.005171000957489014
0.0032244622707366943,0.0004582405090332031,-0.004875838756561279
0.0023111701011657715,0.0011185407638549805,-0.0002624392509460449
0.0032376348972320557,0.0027280449867248535,0.004136145114898682
0.0006800591945648193,0.004253983497619629,0.008844375610351562
-0.0030284225940704346,0.003182530403137207,0.009938597679138184
-0.004872769117355347,0.003644227981567383,0.008660376071929932
-0.00415956974029541,0.0036395788192749023,0.007057607173919678
-0.006492882966995239,0.003920376300811768,0.008767426013946533
-0.012159645557403564,0.005619823932647705,0.009771108627319336
-0.012500673532485962,0.005320072174072266,0.006126463413238525
-0.009602218866348267,0.002039790153503418,0.0024349093437194824
-0.00510600209236145,-1.519918441772461e-05,-0.0012590289115905762
0.0010594725608825684,0.0034900903701782227,-0.0038968920707702637
-0.0004107952117919922,0.004327952861785889,-0.005316019058227539
-0.0059137046337127686,0.0024332404136657715,-0.0057277679443359375
-0.005641281604766846,-0.000505983829498291,-0.003380715847015381
-0.0027506649494171143,0.0007816553115844727,0.000619351863861084
0.0002326667308807373,0.002057492733001709,0.004791557788848877
0.0016962289810180664,0.0007734298706054688,0.007913053035736084
0.004798233509063721,0.0005075931549072266,0.010678350925445557
0.004706382751464844,0.0006018280982971191,0.00957268476486206
0.002629488706588745,-0.0006955862045288086,0.00737529993057251
0.0022620558738708496,-0.0004477500915527344,0.0024806857109069824
0.0013380348682403564,0.001089930534362793,-0.0010905861854553223
-0.0017808973789215088,0.001708984375,-0.0027130842208862305
-0.0026662349700927734,0.002105236053466797,-0.0033185482025146484
-0.002624005079269409,0.0002689361572265625,-0.0005550980567932129
-0.0020942091941833496,2.7239322662353516e-05,0.002980053424835205
-0.0017734766006469727,0.002164602279663086,0.005146324634552002
-0.0019812285900115967,0.0018565654754638672,0.006887257099151611
-0.0020400285720825195,0.0012801289558410645,0.007789671421051025
-0.0021416544914245605,0.0008745193481445312,0.0062375664710998535
0.001524120569229126,0.001762688159942627,0.0025612711906433105
-0.0002849698066711426,0.0012835264205932617,-0.0004088282585144043
-0.0019000470638275146,0.0004718899726867676,-0.0033522844314575195
-0.0005741417407989502,-0.0011119842529296875,-0.006960451602935791
0.002606213092803955,-0.0012976527214050293,-0.007519245147705078
0.0023502707481384277,0.002169489860534668,-0.005316436290740967
0.0007110238075256348,0.0014051198959350586,-0.0011226534843444824
0.000409543514251709,-0.0009502172470092773,0.0034137368202209473
0.0010966956615447998,0.0017361044883728027,0.005517303943634033
-0.0005841553211212158,0.004676461219787598,0.0071067214012146
-0.003045588731765747,0.0050727128982543945,0.009495556354522705
-0.005449086427688599,0.0041048526763916016,0.009385168552398682
-0.005658626556396484,0.0056909918785095215,0.010282456874847412
-0.006649911403656006,0.003427743911743164,0.009819746017456055
-0.004023432731628418,0.0008437037467956543,0.006899535655975342
-0.0014681518077850342,0.00013560056686401367,0.0037395358085632324
4.559755325317383e-06,-0.0002480745315551758,0.0012010931968688965
0.0007708072662353516,0.0009976029396057129,-0.0024449825286865234
0.00024110078811645508,0.0033426284790039062,-0.002833545207977295
0.0003249049186706543,0.0019147992134094238,-0.0010535120964050293
0.0018761157989501953,0.001879274845123291,0.00037747621536254883
0.002565324306488037,0.002154529094696045,0.0021080374717712402
0.0022479593753814697,0.0009707808494567871,0.0038066506385803223
0.0014487206935882568,0.0018144845962524414,0.0047449469566345215
-0.00167769193649292,0.002176046371459961,0.005227804183959961
-0.0034123361110687256,0.0010485649108886719,0.004594027996063232
-0.002614438533782959,0.00033164024353027344,0.00028890371322631836
-0.0013035237789154053,-0.00022143125534057617,-0.003964245319366455
0.0006911754608154297,-0.0007913708686828613,-0.0076004862785339355
0.004330426454544067,-0.0011923909187316895,-0.009593427181243896
0.0036174654960632324,0.0022484660148620605,-0.009154736995697021
0.0001252889633178711,0.004772067070007324,-0.005107223987579346
-0.0015244483947753906,0.004394352436065674,0.0031215548515319824
-0.002139359712600708,0.0027607083320617676,0.010570168495178223
-0.00046265125274658203,0.0010004639625549316,0.01128464937210083
0.003039151430130005,0.0013652443885803223,0.009008705615997314
0.0036709606647491455,0.002916991710662842,0.006212294101715088
0.0013241767883300781,-0.00025844573974609375,0.001307666301727295
0.003595292568206787,-0.003345310688018799,-0.0025055408477783203
0.004076898097991943,-0.0013416409492492676,-0.006962299346923828
0.0026827752590179443,-0.00044167041778564453,-0.006838977336883545
0.00039631128311157227,-0.0016835927963256836,-0.0038330554962158203
-0.003269493579864502,-0.00311124324798584,2.855062484741211e-05
-0.006234854459762573,-0.0030686259269714355,-0.0004901289939880371
-0.006325244903564453,-0.0016631484031677246,-0.004576385021209717
-0.007093518972396851,-0.002089858055114746,-0.006308794021606445
-0.005251258611679077,-0.0016925334930419922,-0.007100284099578857
-0.0009508728981018066,-0.002963721752166748,-0.007360875606536865
0.0023712217807769775,-0.0037671327590942383,-0.006722748279571533
0.004363656044006348,-0.001324772834777832,-0.006472468376159668
0.005156576633453369,0.0018842220306396484,-0.0044841766357421875
0.0040357112884521484,0.000803530216217041,0.0014923810958862305
0.005569368600845337,0.00010567903518676758,0.005384624004364014
0.007054775953292847,0.0018805861473083496,0.006766855716705322
0.008149534463882446,0.0019009113311767578,0.005639612674713135
0.0064750611782073975,0.0012637972831726074,0.0037251710891723633
0.004114091396331787,0.0022788643836975098,0.0015057921409606934
0.0019663870334625244,0.003085196018218994,0.00018709897994995117
-0.0015209615230560303,0.0017940998077392578,0.0038654208183288574
-0.003177821636199951,0.0035203099250793457,0.00964367389678955
-0.004905879497528076,0.006617367267608643,0.013291895389556885
-0.005145370960235596,0.006967425346374512,0.016242027282714844
-0.005125612020492554,0.006186366081237793,0.01622140407562256
-0.005061298608779907,0.007277369499206543,0.01561516523361206
-0.005740433931350708,0.006796479225158691,0.013921916484832764
-0.005519270896911621,0.003645658493041992,0.01109224557876587
-0.004789978265762329,0.0013943314552307129,0.005685150623321533
-0.004323303699493408,0.0014842748641967773,-0.0005741119384765625
-0.00353395938873291,0.0008552670478820801,-0.004544198513031006
-0.0023443102836608887,-0.0016341805458068848,-0.006771445274353027
0.0015151500701904297,-0.0026242733001708984,-0.008501827716827393
0.00414392352104187,-0.0013223886489868164,-0.006967782974243164
0.0016670823097229004,-0.0023641586303710938,-0.004304707050323486
0.0021026134490966797,-0.0019140243530273438,-0.003988206386566162
0.0023807883262634277,0.0003420710563659668,-0.002248227596282959
0.0014401376247406006,0.0018194913864135742,-0.0012927651405334473
-0.001450270414352417,0.0013685822486877441,0.002259194850921631
-0.0033577382564544678,0.002995908260345459,0.0045143961906433105
-0.003773897886276245,0.0041381120681762695,0.00746685266494751
-0.0069571733474731445,0.0030153393745422363,0.009527385234832764
-0.007877975702285767,0.0031654834747314453,0.010565876960754395
-0.008222341537475586,0.002605140209197998,0.008653581142425537
-0.009245902299880981,0.0028682947158813477,0.008010804653167725
-0.008148282766342163,0.0031920671463012695,0.007901012897491455
-0.006863445043563843,0.004409611225128174,0.006807506084442139
-0.005930900573730469,0.003702700138092041,0.007104456424713135
-0.004710644483566284,0.0029190778732299805,0.0078015923500061035
-0.000591576099395752,0.0026394128799438477,0.006605088710784912
0.0012070536613464355,0.0025339126586914062,0.00448530912399292
0.0020447075366973877,0.0023933053016662598,0.0013254284858703613
0.0017580687999725342,0.0017631053924560547,-0.0014058947563171387
0.0011271238327026367,-0.0002689957618713379,-0.0016404390335083008
0.0011163949966430664,-0.00022089481353759766,-0.0019175410270690918
0.002378910779953003,0.0012607574462890625,-0.002942979335784912
0.0026962757110595703,0.00031298398971557617,-0.002475559711456299
0.0016921758651733398,0.0013751387596130371,-0.00018340349197387695
0.0012294650077819824,0.0029439330101013184,0.0038631558418273926
-0.002241164445877075,0.0030484795570373535,0.007040560245513916
-0.0013696551322937012,0.0034363865852355957,0.00995248556137085
-0.0016950368881225586,0.003959596157073975,0.008644402027130127
-0.002705901861190796,0.000544428825378418,0.006759285926818848
-0.0037093758583068848,-0.0009382963180541992,0.002363443374633789
-0.004699766635894775,-0.00027561187744140625,-0.002753317356109619
-0.0064525306224823,-0.00026226043701171875,-0.004491686820983887
-0.006207197904586792,-0.00104445219039917,-0.005597531795501709
-0.004430800676345825,-0.0003044605255126953,-0.005335986614227295
-0.00228765606880188,0.0017410516738891602,-0.00239408016204834
-0.0018672645092010498,0.0026226043701171875,0.0027088522911071777
-0.0015201568603515625,0.0008720159530639648,0.006563305854797363
-0.001068025827407837,0.0014194250106811523,0.008256256580352783
-0.001475989818572998,0.003749847412109375,0.007749199867248535
-0.0038145482540130615,0.0025883913040161133,0.006093740463256836
-0.006407499313354492,-0.0020821690559387207,0.0026709437370300293
-0.006143301725387573,-0.0021265149116516113,-0.003997981548309326
-0.004086941480636597,-0.001484513282775879,-0.010757744312286377
-0.002131223678588867,-0.002633333206176758,-0.011696696281433105
0.0012089014053344727,-0.0015941858291625977,-0.00905156135559082
0.004354149103164673,-0.0003110170364379883,-0.00601428747177124
0.004986375570297241,0.00040781497955322266,0.002297520637512207
0.0034317970275878906,0.0024052858352661133,0.008771181106567383
0.0030181407928466797,0.003473997116088867,0.0105171799659729
0.0031554996967315674,0.003904104232788086,0.010712802410125732
0.0012399852275848389,0.0060485005378723145,0.010942995548248291
-0.0019392073154449463,0.005525410175323486,0.011137604713439941
-0.0033723413944244385,0.0037001967430114746,0.010407984256744385
-0.003437638282775879,0.0030350089073181152,0.008622586727142334
-0.00467449426651001,0.00231856107711792,0.005934774875640869
-0.007257550954818726,0.001050412654876709,0.0025290846824645996
-0.00789719820022583,0.0007848143577575684,0.0006328225135803223
-0.006368726491928101,0.0009240508079528809,-0.0005391836166381836
-0.0006962716579437256,0.0014935135841369629,-0.0027084946632385254
0.00315701961517334,0.0015838146209716797,-0.0023992061614990234
0.005773752927780151,0.0008322596549987793,-3.1113624572753906e-05
0.006992757320404053,0.0011257529258728027,0.0032731294631958008
0.0036851167678833008,0.00045627355575561523,0.004014551639556885
0.0008648335933685303,0.0018967390060424805,0.001464545726776123
-0.0021179914474487305,0.00284576416015625,0.0005210638046264648
-0.005364507436752319,0.002580404281616211,0.001577913761138916
-0.006520181894302368,0.00041115283966064453,0.0010344386100769043
-0.004095852375030518,0.0003286004066467285,0.0007927417755126953
-0.0017701387405395508,0.00020617246627807617,-4.76837158203125e-06
-0.0007764995098114014,-0.0002205967903137207,-0.0018961429595947266
0.0008653700351715088,-0.0006502270698547363,-0.0020962953567504883
0.0019384324550628662,0.0015096664428710938,-0.0009635090827941895
0.0025184154510498047,0.001368701457977295,0.0034179091453552246
0.0034332871437072754,0.0006248354911804199,0.0065247416496276855
0.0032590627670288086,0.0005005598068237305,0.0055468082427978516
0.00046816468238830566,-0.00017464160919189453,0.003860950469970703
-0.003299713134765625,0.0017164945602416992,6.580352783203125e-05
-0.008186131715774536,0.0007714033126831055,-0.002290189266204834
-0.00995287299156189,-0.00016492605209350586,-0.002320528030395508
-0.007597506046295166,0.0005823969841003418,-0.0022686123847961426
-0.006104707717895508,0.0007025599479675293,-0.001113593578338623
-0.004650026559829712,0.0005694031715393066,0.0004392862319946289
-0.000935286283493042,0.0004917383193969727,0.0025411248207092285
0.002111673355102539,-0.00034362077713012695,0.0014200806617736816
0.00422939658164978,0.0008252859115600586,-0.002429783344268799
0.005380570888519287,0.002664923667907715,-0.004225254058837891
0.007012784481048584,0.0004469156265258789,-0.003699779510498047
0.010604709386825562,-0.003467082977294922,-0.00531536340713501
0.011721968650817871,-0.005457580089569092,-0.009472846984863281
0.008208483457565308,-0.00746464729309082,-0.014049649238586426
0.009635299444198608,-0.009313702583312988,-0.02209019660949707
0.011592596769332886,-0.012163937091827393,-0.03130972385406494
0.011136651039123535,-0.015251755714416504,-0.040759265422821045
0.015461713075637817,-0.016721904277801514,-0.047766685485839844
0.022063225507736206,-0.016388237476348877,-0.04897439479827881
0.02431347966194153,-0.019441068172454834,-0.04819983243942261
0.021286308765411377,-0.024501681327819824,-0.04440575838088989
0.008859515190124512,-0.009150922298431396,-0.038675010204315186
0.01204383373260498,0.007466614246368408,-0.03107154369354248
0.005728542804718018,-0.008118987083435059,-0.013144075870513916
0.011844724416732788,-0.01159745454788208,-0.0019333362579345703
0.011286497116088867,-0.004536092281341553,-0.0018520951271057129
0.01527935266494751,-0.006428897380828857,0.011386334896087646
0.017539530992507935,-0.008103370666503906,0.018323004245758057
0.020982354879379272,-0.009699225425720215,0.01078718900680542
0.021324753761291504,-0.014438092708587646,-0.008071720600128174
0.009140074253082275,-0.015338003635406494,-0.04997950792312622
0.005415886640548706,-0.0183221697807312,-0.07290619611740112
0.02377501130104065,-0.026388823986053467,-0.07344293594360352
0.03230336308479309,-0.03699773550033569,-0.07161325216293335
0.027863264083862305,-0.028810560703277588,-0.057711124420166016
0.0243949294090271,-0.01452779769897461,-0.03608208894729614
0.0299358069896698,-0.006615281105041504,0.001761794090270996
0.030180394649505615,-0.01025545597076416,0.0365217924118042
0.01940062642097473,-0.006541132926940918,0.052065134048461914
0.010567575693130493,-0.002189159393310547,0.0550229549407959
0.005951583385467529,0.001692056655883789,0.05487340688705444
-0.0025199055671691895,0.0032764077186584473,0.04938983917236328
-0.033189475536346436,0.015413463115692139,0.04177069664001465
-0.05800709128379822,0.03465557098388672,0.031253695487976074
-0.06574296951293945,0.0458102822303772,0.03580820560455322
-0.07406261563301086,0.05236005783081055,0.04792541265487671
-0.07959026098251343,0.062079668045043945,0.05518174171447754
-0.08263719081878662,0.07488691806793213,0.06469094753265381
-0.15209025144577026,0.17483949661254883,0.0678291916847229
-0.15182825922966003,0.1489931344985962,0.07281512022018433
-0.06182318925857544,-0.0028190016746520996,0.07087945938110352
0.003441929817199707,-0.033377885818481445,0.0227547287940979
0.05794587731361389,-0.01564866304397583,-0.047037601470947266
0.06324806809425354,-0.0016294121742248535,-0.09814798831939697
0.06205072999000549,0.024474024772644043,-0.15023267269134521
0.18802809715270996,0.19699251651763916,-0.22284835577011108
0.2519083619117737,0.118813157081604,-0.2147059440612793
0.008579164743423462,-0.1784353256225586,-0.19004768133163452
-0.08303280174732208,-0.27946656942367554,-0.16204416751861572
-0.005736023187637329,-0.269530713558197,-0.14110887050628662
0.06992314755916595,-0.1650792360305786,-0.14521437883377075
0.11387969553470612,-0.06441605091094971,-0.1615697145462036
0.10171659290790558,-0.03782528638839722,-0.19835138320922852
0.0461696982383728,-0.052321016788482666,-0.2830986976623535
0.0050050318241119385,-0.05686807632446289,-0.4131099581718445
0.006377682089805603,-0.0514320433139801,-0.5072304606437683
0.05146542936563492,-0.04198482632637024,-0.5157302618026733
0.10838329792022705,-0.017713427543640137,-0.4306602478027344
0.11262498050928116,0.002458900213241577,-0.2712801694869995
0.08373212814331055,0.0018085241317749023,-0.0944749116897583
0.06257852911949158,0.01797887682914734,0.04902070760726929
0.02407902292907238,0.05331125855445862,0.15440517663955688
-0.040468133985996246,0.08055819571018219,0.2140566110610962
-0.11315426230430603,0.10389943420886993,0.2303926944732666
-0.15192899107933044,0.12284025549888611,0.2559729814529419
-0.21413300931453705,0.1524953544139862,0.3711388111114502
-0.18088510632514954,0.29308056831359863,0.490059494972229
0.0881323516368866,0.5918124318122864,0.4472036361694336
-0.2870217561721802,0.1851511299610138,0.41532158851623535
-0.3580647110939026,-0.09601568430662155,0.36668503284454346
-0.27166080474853516,-0.07707420736551285,0.21583259105682373
-0.11515636742115021,0.04901479184627533,0.03342604637145996
-0.0451294407248497,0.06170279532670975,-0.13162434101104736
-0.05881282314658165,-0.030267618596553802,-0.19424527883529663
-0.02836015820503235,-0.062380388379096985,-0.14670848846435547
0.0030945539474487305,-0.03592309355735779,-0.015950679779052734
0.002300310879945755,-0.0275864377617836,0.1637934446334839
-0.01866774819791317,-0.025705590844154358,0.35707080364227295
-0.006145216524600983,-0.01953655481338501,0.5641874074935913
0.03037998639047146,-0.018517717719078064,0.746813178062439
0.05056823790073395,-0.026117175817489624,0.823710560798645
0.05602738633751869,-0.026846997439861298,0.7928608655929565
0.04562169685959816,-0.02753961831331253,0.7153356075286865
0.03497282788157463,-0.02241063117980957,0.6342900991439819
0.05001378804445267,-0.004212379455566406,0.6059325337409973
0.0851423591375351,0.01675388216972351,0.6533243656158447
0.11031755059957504,0.03543467819690704,0.729060173034668
0.11383404582738876,0.07206344604492188,0.7756083011627197
0.10574860870838165,0.13512563705444336,0.7990795373916626
0.0790034756064415,0.18377822637557983,0.8229581117630005
0.07008463144302368,0.22174113988876343,0.8584132790565491
0.1079159826040268,0.2711857855319977,0.9013891220092773
0.14336682856082916,0.3084530532360077,0.929934024810791
0.15221267938613892,0.33212172985076904,0.9160220623016357
0.11535720527172089,0.3771463632583618,0.8035764694213867
0.06352430582046509,0.42080533504486084,0.6225216388702393
0.02333802729845047,0.43679624795913696,0.4257211685180664
0.00024140998721122742,0.4466886520385742,0.25127893686294556
-0.0026460886001586914,0.4594537019729614,0.11383247375488281
-0.007040956988930702,0.4600071907043457,0.009839057922363281
-0.01643447019159794,0.4505661129951477,-0.07248061895370483
-0.012186002917587757,0.4509947896003723,-0.14268863201141357
-0.018684174865484238,0.4547768831253052,-0.19802820682525635
-0.05734747275710106,0.45468682050704956,-0.24190175533294678
-0.11514721810817719,0.4530477523803711,-0.2833026051521301
-0.14931611716747284,0.45697641372680664,-0.3449563980102539
-0.16210734844207764,0.45934975147247314,-0.42037779092788696
-0.14493520557880402,0.44321614503860474,-0.46686851978302
-0.10971227288246155,0.4188583493232727,-0.4942196011543274
-0.07882431149482727,0.4076264500617981,-0.5275471806526184
-0.05612015724182129,0.3919368386268616,-0.5404026508331299
-0.05154137313365936,0.3733093738555908,-0.5350427627563477
-0.06218817085027695,0.3412368893623352,-0.5287424921989441
-0.07570721954107285,0.3234531879425049,-0.509431779384613
-0.09883801639080048,0.3169392943382263,-0.4706924557685852
-0.14658164978027344,0.3054618835449219,-0.421048104763031
-0.1647433489561081,0.29397696256637573,-0.3756404519081116
-0.15014593303203583,0.28862524032592773,-0.3459455370903015
-0.08787679672241211,0.2762818932533264,-0.30952203273773193
0.01657828502357006,0.283156156539917,-0.32024556398391724
0.09101314842700958,0.31210875511169434,-0.44777849316596985
-0.14768794178962708,0.08470582962036133,-0.34307652711868286
-0.16610127687454224,0.1062396764755249,-0.23157018423080444
-0.05120547115802765,0.1733570098876953,-0.20889365673065186
-0.013425590470433235,0.17546308040618896,-0.21410053968429565
-0.03875693306326866,0.1362794041633606,-0.19573724269866943
-0.09327995777130127,0.10788381099700928,-0.2175840139389038
-0.1592017561197281,0.0840691328048706,-0.3099537789821625
-0.14206942915916443,0.09413516521453857,-0.35694730281829834
-0.09493350982666016,0.08890968561172485,-0.298225998878479
-0.04129601642489433,0.06672173738479614,-0.15475225448608398
0.02206106297671795,0.05773520469665527,-0.02017158269882202
0.033558301627635956,0.050194501876831055,0.05405771732330322
0.006298717111349106,0.05059415102005005,0.06826362013816833
-0.022620635107159615,0.05176883935928345,0.04403144121170044
-0.04590975493192673,0.05071741342544556,-0.005830645561218262
-0.0637870579957962,0.051310181617736816,-0.07912683486938477
-0.07529470324516296,0.0449293851852417,-0.12774330377578735
-0.07066746056079865,0.03208601474761963,-0.13751834630966187
-0.05666579678654671,0.028133869171142578,-0.12067633867263794
-0.04126225411891937,0.021326184272766113,-0.09028318524360657
-0.0176217220723629,0.015363454818725586,-0.0560450553894043
-0.0012913420796394348,0.010472416877746582,-0.013184964656829834
0.02327081933617592,0.0070677995681762695,0.029254406690597534
0.03970000147819519,-0.0008045434951782227,0.04302757978439331
0.028893128037452698,0.0022533535957336426,0.023270726203918457
0.018058620393276215,0.005723416805267334,0.0017233788967132568
0.01325920969247818,0.016863584518432617,-0.01678842306137085
0.015207789838314056,0.031586527824401855,-0.0266110897064209
0.017072215676307678,0.031622231006622314,-0.026061564683914185
0.01892244815826416,0.03504735231399536,-0.031845688819885254
0.03769482672214508,0.026493549346923828,-0.04772287607192993
0.057750530540943146,0.014275968074798584,-0.06888893246650696
0.05388662964105606,0.004146873950958252,-0.06211298704147339
0.045336246490478516,-0.012883007526397705,-0.025057673454284668
0.04274092614650726,-0.023378491401672363,0.0020935535430908203
0.04410625249147415,-0.032183825969696045,0.008306264877319336
0.030814312398433685,-0.03314179182052612,-0.0009245574474334717
0.01859753578901291,-0.034393489360809326,-0.01238560676574707
0.013131044805049896,-0.03847312927246094,-0.026731163263320923
0.010136254131793976,-0.0365104079246521,-0.041776448488235474
0.014835193753242493,-0.03319007158279419,-0.053995370864868164
0.03393533080816269,-0.032116830348968506,-0.06708031892776489
0.06151121109724045,-0.032070934772491455,-0.06470733880996704
0.07868075370788574,-0.029484331607818604,-0.043126970529556274
0.09387316554784775,-0.03266173601150513,-0.01608884334564209
0.11847452819347382,-0.03586626052856445,0.010429471731185913
0.12590135633945465,-0.03916311264038086,0.02863931655883789
0.1102491095662117,-0.04136097431182861,0.01605546474456787
0.09592723846435547,-0.031921565532684326,-0.009901762008666992
0.0835251733660698,-0.03176015615463257,-0.020872831344604492
0.0791473239660263,-0.03467381000518799,-0.017417311668395996
0.08109036087989807,-0.02907651662826538,-0.00621342658996582
0.08689641952514648,-0.02481985092163086,0.007497072219848633
0.09352996945381165,-0.020505666732788086,0.016874730587005615
0.099016472697258,-0.01663309335708618,0.03365999460220337
0.10632984340190887,-0.014283478260040283,0.05899471044540405
0.09237229824066162,-0.01131671667098999,0.0880507230758667
0.06674964725971222,-0.0031087398529052734,0.11325690150260925
0.0334462970495224,0.007767736911773682,0.1341991126537323
0.0054293423891067505,0.009484350681304932,0.13277003169059753
-0.006294772028923035,0.013537704944610596,0.1083722710609436
-0.00749969482421875,0.012813925743103027,0.0748758316040039
-0.02102021872997284,0.012245893478393555,0.04544392228126526
-0.03347530961036682,0.01030588150024414,0.009159088134765625
-0.026094987988471985,0.0077484846115112305,-0.017146706581115723
0.015215188264846802,-0.006154477596282959,-0.03606623411178589
0.07951506972312927,-0.02190244197845459,-0.05509936809539795
0.1246604174375534,-0.03704631328582764,-0.06610727310180664
0.12456071376800537,-0.042091310024261475,-0.06637579202651978
0.09197786450386047,-0.04623681306838989,-0.048948824405670166
0.09211064875125885,-0.05607724189758301,0.002260744571685791
0.24026396870613098,-0.25848472118377686,-0.013517618179321289
0.2313435822725296,0.07160133123397827,-1.4568755626678467
0.01995520293712616,-0.11034071445465088,-0.5003929734230042
-0.1577136516571045,-0.004561722278594971,0.20705437660217285
-0.1549421101808548,0.07194632291793823,0.33562347292900085
-0.11763398349285126,0.05325937271118164,0.18542441725730896
-0.07095983624458313,0.04741257429122925,0.06520986557006836
-0.018736809492111206,0.030889153480529785,0.003814190626144409
-0.0007014721632003784,0.021035373210906982,-0.036529213190078735
-0.00031395256519317627,0.02142488956451416,-0.09027618169784546
0.009386822581291199,-0.0005754232406616211,-0.14770129323005676
0.04118707776069641,-0.028728365898132324,-0.16584450006484985
0.07542075216770172,-0.031693875789642334,-0.13673126697540283
0.06044541299343109,-0.04061406850814819,-0.0951642394065857
0.044956088066101074,-0.03403913974761963,-0.07144814729690552
0.04275830090045929,-0.028873682022094727,-0.027229100465774536
0.04233601689338684,-0.025181710720062256,0.025081634521484375
0.03784757852554321,-0.021663010120391846,0.06354761123657227
0.02936728298664093,-0.014261126518249512,0.07607334852218628
0.019077524542808533,-0.009325623512268066,0.05659085512161255
0.02992871403694153,0.004650712013244629,0.028530418872833252
0.06075218319892883,0.025985777378082275,0.011439502239227295
0.06047004461288452,0.013399183750152588,-0.04591637849807739
0.0028534382581710815,0.042493999004364014,-0.13527730107307434
-0.07394752651453018,0.06986314058303833,-0.15018802881240845
-0.08704513311386108,0.06193208694458008,-0.11326837539672852
-0.021318480372428894,0.03602135181427002,-0.06733131408691406
0.09187302738428116,-0.021844446659088135,-0.05845808982849121
0.17814159393310547,-0.015114009380340576,-0.16867148876190186
0.1599671095609665,-0.010203301906585693,-0.25236254930496216
0.09141328930854797,-0.0015351176261901855,-0.26115158200263977
0.03065101057291031,0.02061837911605835,-0.2604791522026062
0.017178483307361603,0.03656667470932007,-0.24065065383911133
0.019394561648368835,0.04874086380004883,-0.2005467414855957
0.0002204999327659607,0.06481695175170898,-0.18877679109573364
-0.004644647240638733,0.07686722278594971,-0.21183240413665771
0.012171536684036255,0.07557231187820435,-0.252810001373291
0.014879055321216583,0.0754733681678772,-0.2994011640548706
0.021646440029144287,0.06620752811431885,-0.33275502920150757
0.020608961582183838,0.05153226852416992,-0.3743647336959839
-0.018502093851566315,0.04962587356567383,-0.408366322517395
-0.08225871622562408,0.05876874923706055,-0.4187726378440857
-0.09782427549362183,0.08030682802200317,-0.3834555745124817
-0.09027735888957977,0.08477449417114258,-0.2980723977088928
-0.06595520675182343,0.08446753025054932,-0.230601966381073
-0.05617760866880417,0.07302123308181763,-0.2199007272720337
-0.03068545088171959,0.06153041124343872,-0.2405264973640442
0.004890888929367065,0.04362386465072632,-0.2661948800086975
0.0517226867377758,0.02597135305404663,-0.30814796686172485
0.08890705555677414,0.017488181591033936,-0.3541974425315857
0.11470133811235428,0.007097840309143066,-0.3794333338737488
0.1300310492515564,-0.001119375228881836,-0.385175883769989
0.09377048909664154,0.0227811336517334,-0.37862348556518555
0.024091355502605438,0.06800681352615356,-0.363561749458313
-0.035434555262327194,0.07181954383850098,-0.31188321113586426
-0.08583101630210876,0.06542402505874634,-0.20815539360046387
-0.11969432234764099,0.0406455397605896,-0.1169479489326477
-0.14851625263690948,-0.06325125694274902,-0.04801678657531738
-0.12879186868667603,-0.11384797096252441,-0.028470873832702637
0.18542063236236572,0.14323890209197998,-0.0552251935005188
0.22620657086372375,0.15306192636489868,-0.04400432109832764
0.1441742479801178,0.06879937648773193,0.015919089317321777
0.09811066091060638,0.0806700587272644,0.10668325424194336
0.09792064875364304,0.09173786640167236,0.2516136169433594
0.1060047373175621,0.137772798538208,0.39682620763778687
0.090561643242836,0.14200636744499207,0.5390155911445618
0.11825002729892731,0.1275443732738495,0.6519211530685425
0.08553674817085266,0.07713496685028076,0.6641128063201904
0.07434120774269104,0.024885118007659912,0.5978156924247742
0.09237563610076904,0.032020896673202515,0.45079630613327026
0.023146718740463257,0.043486833572387695,0.247123122215271
0.05158601701259613,0.052730053663253784,0.21298372745513916
0.09526190161705017,0.07408514618873596,0.2576456665992737
0.04685726761817932,0.09652283787727356,0.23940420150756836
0.015004478394985199,0.10650178790092468,0.19584763050079346
-0.02057500183582306,0.11971139907836914,0.13239502906799316
-0.021280011162161827,0.15665048360824585,0.09325611591339111
0.02326807752251625,0.21212607622146606,0.11736810207366943
-0.012014256790280342,0.22493240237236023,0.16888844966888428
-0.08016779273748398,0.21921852231025696,0.1727309226989746
-0.13350102305412292,0.23774176836013794,0.09901225566864014
-0.15889757871627808,0.2848525047302246,-0.0016062259674072266
-0.1710337996482849,0.28794577717781067,-0.04786872863769531
-0.22263717651367188,0.2044346034526825,0.00024205446243286133
-0.42927148938179016,-0.46514564752578735,0.03857386112213135
-0.04858424514532089,-0.4729638397693634,0.5887720584869385
0.35023921728134155,0.06456908583641052,1.8593511581420898
0.10957536101341248,0.3023715615272522,2.005276679992676
-0.16545474529266357,0.473043829202652,1.3162275552749634
-0.3181840181350708,0.486224889755249,0.5460931062698364
-0.4579850435256958,0.2597780227661133,-0.11656641960144043
-0.4181414544582367,0.22861170768737793,-0.43699681758880615
-0.25896668434143066,0.26574745774269104,-0.47734689712524414
-0.14893832802772522,0.2499447762966156,-0.4496464133262634
-0.1094546988606453,0.19795185327529907,-0.41594064235687256
-0.08385246247053146,0.12713709473609924,-0.36481595039367676
-0.07190831005573273,0.09490928053855896,-0.28057146072387695
-0.05909071862697601,0.085834801197052,-0.17213863134384155
-0.04802153632044792,0.0722779929637909,-0.10901236534118652
-0.03015686571598053,0.04062926769256592,-0.10981130599975586
-0.012082986533641815,-0.018560469150543213,-0.1482027769088745
-0.01518910750746727,-0.05216529965400696,-0.1765981912612915
-0.04098425805568695,-0.038698166608810425,-0.196691632270813
-0.07276297360658646,-0.040197402238845825,-0.20478641986846924
-0.0904947966337204,-0.06933653354644775,-0.18988275527954102
-0.06437702476978302,-0.10822099447250366,-0.14408254623413086
-0.017833121120929718,-0.12391149997711182,-0.07231628894805908
0.025461912155151367,-0.10029864311218262,0.015555024147033691
0.0653180181980133,-0.09652388095855713,0.10394537448883057
0.09230759739875793,-0.10586518049240112,0.17473721504211426
0.09777702391147614,-0.09614783525466919,0.20857727527618408
0.07878440618515015,-0.07262527942657471,0.20779001712799072
0.048815131187438965,-0.04540511965751648,0.1821070909500122
0.013612836599349976,-0.010983794927597046,0.14030206203460693
-0.01332293450832367,0.014877766370773315,0.08497387170791626
-0.02931678295135498,0.02018001675605774,0.029764652252197266
-0.03732548654079437,0.021562516689300537,-0.01323699951171875
-0.036195069551467896,0.02248474955558777,-0.03800356388092041
-0.021395936608314514,0.014448940753936768,-0.03957241773605347
0.0032249540090560913,0.00530049204826355,-0.017606735229492188
0.022167056798934937,-0.001870572566986084,0.0050427913665771484
0.03354458510875702,-0.009457230567932129,0.013666033744812012
0.040083080530166626,-0.009579122066497803,0.007960200309753418
0.04096896946430206,-0.0037546157836914062,-0.006977677345275879
0.036775633692741394,-0.0015720725059509277,-0.029027283191680908
0.029401570558547974,0.000306546688079834,-0.04388320446014404
0.024851307272911072,-0.002760767936706543,-0.05501103401184082
0.018800929188728333,-0.013589024543762207,-0.0663498044013977
0.013418197631835938,-0.02111184597015381,-0.07141053676605225
0.012148261070251465,-0.023051917552947998,-0.07093846797943115
0.012875169515609741,-0.024685025215148926,-0.07042497396469116
0.009747743606567383,-0.025889158248901367,-0.0678098201751709
0.007905542850494385,-0.027230501174926758,-0.06017690896987915
0.008981674909591675,-0.027290940284729004,-0.04857587814331055
0.010594278573989868,-0.023516058921813965,-0.03270608186721802
0.007855266332626343,-0.018635153770446777,-0.021646976470947266
0.003938078880310059,-0.01710301637649536,-0.016333460807800293
-0.0003191828727722168,-0.017502546310424805,-0.011804044246673584
-0.003583669662475586,-0.011600911617279053,-0.010847926139831543
-0.0068895816802978516,-0.002514958381652832,-0.009369254112243652
-0.012807637453079224,-0.0004904270172119141,-0.005057275295257568
-0.017467156052589417,-0.004902362823486328,-0.0016301274299621582
-0.014544814825057983,-0.0029802918434143066,-0.0027094483375549316
-0.012528270483016968,0.0030245184898376465,-0.0011430978775024414
-0.011433199048042297,0.006809413433074951,0.0032071471214294434
-0.010226234793663025,0.004745900630950928,0.011594951152801514
-0.007456392049789429,0.0021848082542419434,0.018806934356689453
-0.00010861456394195557,0.0027455687522888184,0.021866679191589355
0.0039242953062057495,0.006386756896972656,0.019748330116271973
-0.0008375346660614014,0.006715297698974609,0.019731879234313965
-0.004164651036262512,0.004541337490081787,0.018232524394989014
-0.0027837157249450684,0.004223823547363281,0.011272132396697998
-0.00032566487789154053,0.005309045314788818,0.0008730292320251465
0.0021190792322158813,0.006092071533203125,-0.004707515239715576
0.006069153547286987,0.005228221416473389,-0.004901766777038574
0.006656065583229065,0.003267943859100342,-0.0020761489868164062
0.008917942643165588,0.0002459883689880371,0.0036314725875854492
0.014330282807350159,-0.0006742477416992188,0.007989168167114258
0.01610279083251953,-0.0016353726387023926,0.011381089687347412
0.010750755667686462,-0.0005868077278137207,0.011533856391906738
0.0037674158811569214,0.00010669231414794922,0.010344862937927246
2.9131770133972168e-05,0.0020028352737426758,0.005207538604736328
-0.004773631691932678,0.001916646957397461,0.001024782657623291
-0.009403631091117859,0.0033525824546813965,-0.0006088018417358398
-0.01042717695236206,0.004657447338104248,-0.0031082630157470703
-0.0107012540102005,-0.00031757354736328125,-0.005002260208129883
-0.009038642048835754,-0.0020818710327148438,-0.0031738877296447754
-0.006882950663566589,-0.0017489790916442871,-0.001974046230316162
-0.0066793859004974365,-0.0027686357498168945,-0.002117753028869629
-0.006856456398963928,-0.0024334192276000977,-0.0014649629592895508
-0.005818501114845276,-0.0006120204925537109,-0.0011050701141357422
-0.0058958083391189575,0.0003001093864440918,0.0008633136749267578
-0.00761626660823822,-0.0012789368629455566,0.003087162971496582
-0.010575860738754272,-0.004148900508880615,0.00435870885848999
-0.008815869688987732,-0.005047261714935303,0.0011947154998779297
-0.0067116618156433105,-0.002872467041015625,-0.0022929906845092773
-0.006826773285865784,-0.001759946346282959,-0.005844175815582275
-0.006180658936500549,-0.0009102821350097656,-0.006908416748046875
-0.0036135315895080566,0.0003771185874938965,-0.006687045097351074
-0.0016331225633621216,0.003162086009979248,-0.004965484142303467
0.0008550882339477539,0.0047776103019714355,0.0013672113418579102
0.0008639544248580933,0.005025207996368408,0.00865262746810913
-0.0007858574390411377,0.004925191402435303,0.01485353708267212
-0.001824900507926941,0.003444969654083252,0.016062259674072266
-0.0040652453899383545,0.0009711980819702148,0.012743234634399414
-0.0049272626638412476,-0.0015849471092224121,0.005621433258056641
-0.005333259701728821,-0.0028105974197387695,-0.003085494041442871
-0.005358651280403137,-0.004362285137176514,-0.009199917316436768
-0.006126865744590759,-0.007226467132568359,-0.011438965797424316
-0.003882497549057007,-0.0067209601402282715,-0.01237344741821289
0.000478595495223999,-0.005806326866149902,-0.010290861129760742
-0.00026357173919677734,-0.003429114818572998,-0.005809903144836426
-0.0026727914810180664,-0.0022208094596862793,0.00039643049240112305
-0.0033693015575408936,-0.00016456842422485352,0.003977596759796143
-0.00382290780544281,0.0028640031814575195,0.005878806114196777
-0.005269482731819153,0.003224015235900879,0.007980585098266602
-0.006423428654670715,0.002292037010192871,0.007021963596343994
-0.005633443593978882,0.0013626813888549805,0.005380451679229736
-0.00546109676361084,0.0005576610565185547,0.0028066635131835938
-0.002818390727043152,0.0006516575813293457,-0.00010251998901367188
-0.0022972077131271362,0.0020571351051330566,0.00010663270950317383
-0.001605212688446045,0.002973616123199463,0.0001360177993774414
-0.0014036893844604492,0.0013387203216552734,0.003041982650756836
-0.0014668107032775879,0.0006572604179382324,0.006197869777679443
-0.0032978057861328125,-0.0008164644241333008,0.007568180561065674
-0.005166590213775635,-0.0019048452377319336,0.005809903144836426
-0.008224651217460632,-0.0028648972511291504,-0.0007213354110717773
-0.009425565600395203,-0.0030518174171447754,-0.007713794708251953
-0.006392002105712891,-0.0011427998542785645,-0.010900616645812988
-0.004830002784729004,0.00012546777725219727,-0.011118888854980469
-0.003829255700111389,-0.0006760954856872559,-0.007355988025665283
-0.0018043220043182373,-0.0008746981620788574,-0.0005164146423339844
0.001908138394355774,-4.756450653076172e-05,0.005396842956542969
0.0028708279132843018,-7.772445678710938e-05,0.009538769721984863
0.0023666322231292725,0.0008592009544372559,0.009809613227844238
0.002060502767562866,0.0003008246421813965,0.007720291614532471
0.001294448971748352,-0.0010703206062316895,0.004437565803527832
0.001127004623413086,-0.001625359058380127,-0.0007287263870239258
-0.0016491562128067017,-0.0007102489471435547,-0.0026502013206481934
-0.007776275277137756,-0.0006665587425231934,-0.003469228744506836
-0.008174672722816467,-0.0023992061614990234,-0.006165504455566406
-0.00597187876701355,-0.0018644332885742188,-0.00844031572341919
-0.006749942898750305,-0.0010955333709716797,-0.007201492786407471
-0.006835475564002991,0.0018203258514404297,-0.00464475154876709
-0.005594208836555481,0.0034357309341430664,0.0003985166549682617
-0.006038397550582886,0.00327378511428833,0.005916953086853027
-0.0039719343185424805,0.002368927001953125,0.008081555366516113
-0.0012185722589492798,0.003157973289489746,0.007264137268066406
-0.001076534390449524,0.0032643675804138184,0.007136046886444092
-0.0006306469440460205,0.0029404163360595703,0.004976987838745117
-0.0007146000862121582,0.0013505220413208008,0.005233407020568848
-0.004074364900588989,-1.7404556274414062e-05,0.004288375377655029
-0.004259020090103149,-0.001955091953277588,0.001614689826965332
-0.0035059452056884766,-0.002061188220977783,-0.0018908977508544922
-0.004283234477043152,-0.002784907817840576,-0.005546510219573975
-0.003838285803794861,-0.003065049648284912,-0.006479203701019287
-0.0028746426105499268,-0.0025743842124938965,-0.005513429641723633
7.206201553344727e-05,-0.0017850399017333984,-0.0066727399826049805
0.0006914287805557251,-0.0007554888725280762,-0.0044438838958740234
0.0010885894298553467,-0.002609848976135254,-4.351139068603516e-06
-0.0007023811340332031,-0.0008620023727416992,0.00311124324798584
-0.003761112689971924,0.00044995546340942383,0.005977749824523926
-0.006585985422134399,2.9087066650390625e-05,0.0054329633712768555
-0.004792928695678711,0.0007055997848510742,0.002050936222076416
-0.00237157940864563,0.0042830705642700195,0.0007749795913696289
-0.0036737769842147827,0.004128158092498779,0.002163529396057129
-0.005149856209754944,0.0017611980438232422,0.0053806304931640625
-0.005388885736465454,-0.00011134147644042969,0.005863189697265625
-0.0059402137994766235,-0.00019556283950805664,0.0028219223022460938
-0.0062609463930130005,-9.900331497192383e-05,-0.001576542854309082
-0.007112219929695129,-0.0009574294090270996,-0.00505143404006958
-0.007995441555976868,-0.0016942620277404785,-0.006800532341003418
-0.007987067103385925,-0.0025308728218078613,-0.007168889045715332
-0.005449339747428894,-0.0009201765060424805,-0.0049217939376831055
-0.0023064613342285156,-3.62396240234375e-05,-0.001401066780090332
-0.0007593035697937012,-0.0014768242835998535,0.0010884404182434082
0.00264778733253479,-0.0023025870323181152,0.001777052879333496
0.004525691270828247,-0.0007085204124450684,0.0006318092346191406
0.003125518560409546,0.0017099380493164062,0.0014958381652832031
-0.001253366470336914,0.001488804817199707,0.0026214122772216797
-0.0037503987550735474,0.0011210441589355469,0.004384934902191162
-0.002046629786491394,0.001019895076751709,0.005851387977600098
-0.0020499974489212036,-1.2218952178955078e-05,0.003338336944580078
-0.0036602020263671875,-0.0006515979766845703,0.00258791446685791
-0.003734692931175232,-0.00030982494354248047,0.0018926262855529785
-0.0048992931842803955,-0.0018752217292785645,0.00010532140731811523
-0.006113782525062561,-0.0008425116539001465,-0.002059757709503174
-0.007598176598548889,0.0011279582977294922,-0.0006566643714904785
-0.00945347547531128,0.0009857416152954102,-0.0007916688919067383
-0.008435472846031189,0.0005164742469787598,-0.0010636448860168457
-0.005155012011528015,-0.0013058185577392578,-0.0019388198852539062
-0.0025646835565567017,-0.0009779930114746094,-0.004965364933013916
-0.0010157674551010132,-0.00045287609100341797,-0.007492780685424805
-0.00011990964412689209,-0.0009648799896240234,-0.008351445198059082
-3.7029385566711426e-05,-0.0012817978858947754,-0.0042763352394104
3.154575824737549e-05,-0.002084195613861084,-0.0028339624404907227
-0.0004315674304962158,-0.0022552013397216797,-0.0004826784133911133
-0.0031176358461380005,-0.00031822919845581055,0.0013301968574523926
-0.004484236240386963,-0.0004887580871582031,0.0020412802696228027
-0.003585219383239746,0.0016335844993591309,0.0014649629592895508
-0.0017858892679214478,0.002135932445526123,0.002625584602355957
-0.00040405988693237305,0.0022925734519958496,0.0030034780502319336
-0.0008145123720169067,0.0024394989013671875,0.004135608673095703
-0.0017343312501907349,0.002299368381500244,0.006480395793914795
-0.0019106119871139526,0.002388477325439453,0.006968796253204346
-0.0032004117965698242,0.0030587315559387207,0.00429844856262207
-0.002728790044784546,0.0010183453559875488,0.0037865638732910156
-0.0021691322326660156,0.0015513300895690918,0.002642333507537842
-0.001792028546333313,-0.0007645487785339355,0.0002048015594482422
0.0005880743265151978,-0.0029404759407043457,-0.00038874149322509766
0.0005323290824890137,-0.001798093318939209,-4.410743713378906e-05
0.002090364694595337,-0.0004878044128417969,0.0008717775344848633
-0.0005286037921905518,-0.002349376678466797,0.0009647011756896973
-0.002165690064430237,-0.001070559024810791,0.0007545948028564453
-0.004753187298774719,-0.00048786401748657227,0.0007781982421875
-0.0077573806047439575,-0.0006833076477050781,0.00019294023513793945
-0.009442999958992004,-0.00040012598037719727,-0.0019622445106506348
-0.010478690266609192,-5.167722702026367e-05,-0.0028760433197021484
-0.008961319923400879,0.0002575516700744629,-0.004711627960205078
-0.006509542465209961,-0.00030881166458129883,-0.00543820858001709
-0.001820981502532959,-0.0011658668518066406,-0.005221128463745117
-0.0019943416118621826,0.00047647953033447266,-0.0006083846092224121
0.000527992844581604,0.0004851818084716797,0.002542853355407715
0.00235120952129364,0.0015960335731506348,0.005171537399291992
0.0037016868591308594,0.0016649365425109863,0.009213149547576904
0.002631053328514099,0.0011837482452392578,0.009057819843292236
0.0009123384952545166,-0.0005452632904052734,0.0075370073318481445
-0.0034527182579040527,-0.0008550286293029785,0.004083991050720215
-0.006348788738250732,-0.0021954774856567383,-0.0006638169288635254
-0.0065301209688186646,-0.002133190631866455,-0.0065250396728515625
-0.00396515429019928,0.0008745193481445312,-0.008545160293579102
-0.004102528095245361,0.0006396174430847168,-0.0071163177490234375
-0.0028101354837417603,-0.0010262131690979004,-0.002546966075897217
0.0013219267129898071,-0.00013136863708496094,0.000544428825378418
-0.0006934851408004761,0.0019579529762268066,0.004019618034362793
-0.0028173625469207764,0.0019497871398925781,0.005268454551696777
-0.0034884512424468994,0.0002455711364746094,0.005171239376068115
-0.006254926323890686,-0.0013374686241149902,0.002865910530090332
-0.009532570838928223,-0.002367854118347168,-0.0011748075485229492
-0.011854767799377441,-0.0011370182037353516,-0.0044776201248168945
-0.008482620120048523,-0.0013265013694763184,-0.007897794246673584
-0.0055807530879974365,-0.002523958683013916,-0.007820963859558105
-0.0055985599756240845,-0.0018334388732910156,-0.005888104438781738
-0.005871012806892395,-0.0003420710563659668,-0.002674579620361328
-0.0037598460912704468,-0.0001538991928100586,-0.0007268190383911133
-0.0015072226524353027,0.0015453100204467773,0.0009920597076416016
0.0007542967796325684,0.003948867321014404,0.004601180553436279
0.0021460652351379395,0.0038863420486450195,0.006256759166717529
0.0031147152185440063,0.002788364887237549,0.00901108980178833
0.004503652453422546,0.001238405704498291,0.00955343246459961
0.004790544509887695,0.0014224052429199219,0.006191372871398926
0.002048477530479431,-0.0007596015930175781,0.001910090446472168
-0.00023752450942993164,0.0002697110176086426,-0.0008088350296020508
-0.003609210252761841,0.0011082887649536133,-0.0030994415283203125
-0.002887055277824402,0.0014695525169372559,-0.0037047266960144043
-0.0021471232175827026,0.0002149343490600586,-0.0018999576568603516
-0.0015929192304611206,-0.0006341934204101562,-0.0008833408355712891
-0.0012681931257247925,-5.7637691497802734e-05,0.00013774633407592773
-0.0019530802965164185,-0.00031822919845581055,0.0024579763412475586
-0.0028913021087646484,-0.0010423064231872559,0.0027890801429748535
-0.0040292888879776,-6.0677528381347656e-05,0.0012875795364379883
-0.005678072571754456,-0.0010384917259216309,-0.0018378496170043945
-0.008159756660461426,-0.0017146468162536621,-0.004565238952636719
-0.008305922150611877,-0.001811683177947998,-0.004470467567443848
-0.006029650568962097,-0.0019306540489196777,-0.006047666072845459
-0.004342332482337952,-0.001118481159210205,-0.004304409027099609
-0.0041105300188064575,-0.0008304715156555176,6.282329559326172e-05
-0.004307076334953308,-0.0007551908493041992,0.003809690475463867
-0.002457648515701294,0.0001431107521057129,0.005282044410705566
-0.0013865083456039429,0.0008786320686340332,0.006543099880218506
-0.003348797559738159,0.0013626813888549805,0.00555342435836792
-0.004919499158859253,0.001618504524230957,0.003232598304748535
-0.0036961138248443604,0.0014205574989318848,0.0012747645378112793
-0.004087477922439575,0.0010341405868530273,-1.1682510375976562e-05
-0.003821641206741333,-0.00022214651107788086,-0.00306856632232666
-0.0019951462745666504,0.00035244226455688477,-0.0034052133560180664
-0.0014473497867584229,-0.0005239248275756836,-0.0016630887985229492
-0.0004593580961227417,-0.0019347071647644043,-0.0020818114280700684
9.238719940185547e-06,-0.0022197961807250977,-0.00014829635620117188
0.001828700304031372,-0.001087188720703125,-0.000573277473449707
0.0006711184978485107,-0.0005446672439575195,-0.00046050548553466797
-0.0021129101514816284,-0.0005700588226318359,-0.0008292198181152344
-0.0035715997219085693,-3.808736801147461e-05,-0.0011287927627563477
-0.006236478686332703,-0.00027102231979370117,-0.001989603042602539
-0.005999356508255005,-0.0010371208190917969,-0.0031002163887023926
-0.0051054805517196655,5.900859832763672e-06,-0.0026034116744995117
-0.004078865051269531,0.00017112493515014648,6.61611557006836e-05
-0.004782289266586304,-0.00018602609634399414,0.002673029899597168
-0.0038562417030334473,0.0011545419692993164,0.004652261734008789
-0.0035077035427093506,0.001583099365234375,0.006241798400878906
-0.0012663453817367554,0.0009419918060302734,0.0030246973037719727
-0.003481939435005188,-0.00015628337860107422,0.0011916160583496094
-0.00380648672580719,-0.00025856494903564453,0.0001646280288696289
-0.0036837607622146606,-0.0005185604095458984,-0.0031557083129882812
-0.005189090967178345,-0.0005663037300109863,-0.00404125452041626
-0.00302964448928833,-0.0026311278343200684,-0.004266619682312012
0.0021386146545410156,-0.0014806389808654785,-0.0047234296798706055
0.004889294505119324,-5.924701690673828e-05,-0.002131938934326172
0.00911681354045868,0.0014684796333312988,-0.0010567903518676758
0.009217962622642517,0.00397491455078125,0.0018895864486694336
0.005000099539756775,0.0012246370315551758,0.005933225154876709
0.0023442208766937256,-0.00046765804290771484,0.004728436470031738
-0.0013567209243774414,0.0005291104316711426,0.0005950331687927246
-0.005469128489494324,-0.0008127689361572266,-0.0021370649337768555
-0.008758217096328735,-0.0038958191871643066,-0.006213724613189697
-0.010639533400535583,-0.005428314208984375,-0.010114431381225586
-0.010022222995758057,-0.005421578884124756,-0.011882901191711426
-0.005031496286392212,-0.003415405750274658,-0.01106119155883789
6.0677528381347656e-05,-0.0014809966087341309,-0.006711781024932861
0.0018811821937561035,0.00029671192169189453,0.0012836456298828125
0.0025546997785568237,0.001573324203491211,0.008514106273651123
0.001416131854057312,0.0038357973098754883,0.013952791690826416
-0.001262858510017395,0.004539847373962402,0.016335368156433105
-0.0014138072729110718,0.004558086395263672,0.01364678144454956
-0.0008521080017089844,0.004266917705535889,0.009870767593383789
-0.002772986888885498,0.0029206275939941406,0.005229353904724121
-0.003887459635734558,0.0006003975868225098,0.0017390251159667969
-0.002300560474395752,-0.0012740492820739746,-0.0018962621688842773
0.0006801187992095947,-0.00121229887008667,-0.003114461898803711
0.00035196542739868164,-0.0006464719772338867,-0.0038808584213256836
0.001203581690788269,0.0024008750915527344,-0.0012895464897155762
0.0014927983283996582,0.001150667667388916,0.0019937753677368164
0.00234416127204895,0.000659942626953125,0.0033124685287475586
0.0024102330207824707,-0.0005960464477539062,0.00324857234954834
-0.0010029971599578857,-0.0027824044227600098,0.002507805824279785
-0.004605039954185486,-0.001703798770904541,-0.00240248441696167
-0.005769968032836914,7.855892181396484e-05,-0.005443155765533447
-0.007077321410179138,-0.0008524656295776367,-0.005530118942260742
-0.007649153470993042,-0.0010586380958557129,-0.006074726581573486
-0.005876913666725159,-0.0017518997192382812,-0.002474963665008545
-0.0029382258653640747,-0.0022901296615600586,-0.0007870197296142578
-0.0013111978769302368,0.0011663436889648438,0.0019837617874145508
-0.0013826042413711548,0.002166748046875,0.003725588321685791
-0.0002539008855819702,0.0025458335876464844,0.0047362446784973145
0.0012346655130386353,0.0016980767250061035,0.0054114460945129395
0.0014125555753707886,0.00019425153732299805,0.005948901176452637
0.001628190279006958,0.0016046762466430664,0.00428009033203125
-0.0011304467916488647,0.0009679794311523438,0.0008656978607177734
-0.0019485950469970703,-0.00044143199920654297,-0.0006983280181884766
-0.0012950003147125244,-0.0013142228126525879,-0.0023289918899536133
-0.0020842254161834717,-0.000509798526763916,-0.0010837316513061523
-0.002987876534461975,8.225440979003906e-06,-0.0005623698234558105
-0.004496455192565918,0.0001875758171081543,0.0007879734039306641
-0.003141850233078003,-2.086162567138672e-06,0.0011047720909118652
-0.00197543203830719,0.0015415549278259277,0.0011944770812988281
-0.0031355619430541992,0.0025295019149780273,0.00267183780670166
-0.004030123353004456,0.00285416841506958,0.00303041934967041
-0.004691585898399353,-0.00010955333709716797,0.004814743995666504
-0.00634409487247467,0.0011372566223144531,0.0017585158348083496
-0.006190106272697449,-0.0013419389724731445,-0.003978252410888672
-0.0057088881731033325,-0.001921534538269043,-0.008896589279174805
-0.007177576422691345,-0.0021767616271972656,-0.011317849159240723
-0.0065008848905563354,-0.002140939235687256,-0.009303390979766846
-0.004654824733734131,-0.002759099006652832,-0.0040610432624816895
-0.003553450107574463,-0.0018516182899475098,-0.0016173124313354492
-0.0009355247020721436,0.0005286335945129395,0.002001821994781494
0.0005931556224822998,0.0016741156578063965,0.004305601119995117
-0.00019693374633789062,0.0013279914855957031,0.0072705745697021484
-0.00043560564517974854,0.0015815496444702148,0.006314992904663086
-0.0006803572177886963,0.0015104413032531738,0.004397273063659668
-0.0027896612882614136,0.00013405084609985352,0.002026796340942383
-0.0008465796709060669,0.0003777146339416504,-0.0009559988975524902
0.0007626116275787354,0.0036573410034179688,-0.001643836498260498
0.0012195557355880737,0.0035224556922912598,0.0023376941680908203
0.0021226108074188232,0.0016375184059143066,0.004683017730712891
0.002495408058166504,0.0008538961410522461,0.005070388317108154
0.002091333270072937,0.0019683241844177246,0.004823088645935059
-0.0016732066869735718,0.0011456012725830078,0.0028390884399414062
-0.00458894670009613,-0.00036966800689697266,-0.0008366107940673828
-0.004842549562454224,-0.0014175176620483398,-0.005157291889190674
-0.006740182638168335,-0.003459930419921875,-0.00739598274230957
-0.006433621048927307,-0.00491410493850708,-0.009539783000946045
-0.004120543599128723,-0.0030869245529174805,-0.00878596305847168
-0.0038564056158065796,-0.002680063247680664,-0.005862295627593994
-0.004536226391792297,-0.0025307536125183105,-0.0007851123809814453
-0.0039054155349731445,-0.0013524889945983887,0.0017541050910949707
-0.001844644546508789,0.0010499954223632812,0.0032703280448913574
-0.0027121007442474365,0.002768993377685547,0.004629969596862793
-0.0033273398876190186,0.0028777718544006348,0.005604982376098633
-0.0014493763446807861,0.003900289535522461,0.008527576923370361
-0.0022792816162109375,0.003954887390136719,0.010802865028381348
-0.00543271005153656,0.001137077808380127,0.009425878524780273
-0.0050598978996276855,-0.002049744129180908,0.003316640853881836
-0.003137737512588501,9.137392044067383e-05,-0.0032566189765930176
-0.00232870876789093,0.0007848143577575684,-0.006419122219085693
-0.0008439421653747559,-0.0006037354469299316,-0.006997466087341309
0.002948090434074402,0.0009242892265319824,-0.004516482353210449
0.003733918070793152,-0.00043022632598876953,0.0002930164337158203
0.0036948174238204956,-0.002348482608795166,0.001349806785583496
0.0033641010522842407,-0.0012615323066711426,0.00038123130798339844
-0.0002577453851699829,0.00016748905181884766,-0.0008494853973388672
-0.001912623643875122,-0.0007717609405517578,-0.004501223564147949
-0.0042317211627960205,-0.0005103349685668945,-0.005624949932098389
-0.00403575599193573,0.00048536062240600586,-0.004906058311462402
-0.004405409097671509,-0.00037294626235961914,-0.0026563405990600586
-0.0045766085386276245,-0.0012971162796020508,0.0009636878967285156
-0.00301457941532135,-0.000523984432220459,0.0020034313201904297
-0.0026734918355941772,0.0011327862739562988,0.0030048489570617676
-0.0025918036699295044,0.0006915926933288574,0.0029265284538269043
-0.0032319575548171997,3.62396240234375e-05,0.002670109272003174
-0.0038733333349227905,-0.0007305145263671875,0.0009630918502807617
-0.002657487988471985,-0.00013136863708496094,-0.00036466121673583984
-0.002699822187423706,-0.00040400028228759766,-0.0019484758377075195
-0.0012321174144744873,-1.3232231140136719e-05,-0.0019198060035705566
3.948807716369629e-05,-0.0014719963073730469,-0.0009170770645141602
-0.0012525618076324463,-0.0011272430419921875,-0.0005173683166503906
5.525350570678711e-05,-0.0002754330635070801,-0.0008354783058166504
0.00023987889289855957,0.0026113390922546387,-0.000587165355682373
-0.00022064149379730225,0.0019319653511047363,-0.0004055500030517578
0.0014240890741348267,0.0017203092575073242,0.0020172595977783203
0.004220694303512573,0.0013467073440551758,0.003315567970275879
0.002274051308631897,-0.0009545087814331055,0.002214491367340088
0.002102494239807129,-0.00022077560424804688,1.239776611328125e-05
0.0036207884550094604,-0.0020236968994140625,-0.00474315881729126
0.0037325024604797363,-0.0033570528030395508,-0.0065991878509521484
0.00042717158794403076,-7.987022399902344e-06,-0.004341065883636475
0.0013098567724227905,-0.0031238794326782227,-0.0059503912925720215
0.0004536658525466919,-0.001978933811187744,-0.0049811601638793945
0.0001436769962310791,0.0012341141700744629,-0.003937363624572754
0.006370067596435547,0.0009177923202514648,-0.004842638969421387
0.01086193323135376,0.002029120922088623,-0.0036367177963256836
0.027295708656311035,0.005201101303100586,-0.0071800947189331055
0.04120148718357086,0.014078080654144287,-0.01742565631866455
0.044357240200042725,0.010624408721923828,-0.022305667400360107
0.03023625910282135,0.001828610897064209,-0.02807760238647461
0.016893446445465088,-0.007108807563781738,-0.021040916442871094
-0.0019475966691970825,-0.022022008895874023,-0.014101862907409668
-0.002344071865081787,-0.021571874618530273,-0.006804049015045166
-0.0007028728723526001,-0.010348260402679443,-0.003117382526397705
0.00196954607963562,-0.0021538138389587402,-0.003833293914794922
0.009172141551971436,-0.0034470558166503906,-0.0009063482284545898
0.011249423027038574,-0.002133667469024658,0.0047533512115478516
0.007737874984741211,0.0008460879325866699,0.013416707515716553
0.005888596177101135,0.0021113157272338867,0.021546542644500732
0.0014511793851852417,0.002522408962249756,0.027812659740447998
-0.0006173402070999146,-0.0037614107131958008,0.026978671550750732
-0.020004794001579285,0.0011951923370361328,0.025006592273712158
-0.03082318603992462,0.0013802051544189453,0.012501835823059082
-0.038796693086624146,0.0021320581436157227,-0.0021761655807495117
-0.0468386709690094,0.007575631141662598,-0.0146559476852417
-0.044708818197250366,0.007908165454864502,-0.017978131771087646
-0.0389123409986496,0.00016617774963378906,-0.009269297122955322
-0.08126877248287201,-0.05313998460769653,0.00488126277923584
-0.04810382425785065,-0.03588896989822388,0.007997334003448486
0.07746002078056335,0.07668113708496094,0.007009923458099365
0.048665985465049744,0.04397183656692505,0.030984699726104736
-0.010599851608276367,-0.021084725856781006,0.04393535852432251
-0.01903383433818817,-0.02426934242248535,0.03300905227661133
0.0042190104722976685,0.008088827133178711,0.006454110145568848
0.0009435117244720459,0.01506352424621582,-0.017323970794677734
-0.01711912453174591,0.0021561384201049805,-0.03347969055175781
-0.02614136040210724,-0.0031845569610595703,-0.04005837440490723
-0.02433551847934723,0.0030768513679504395,-0.0401955246925354
-0.01911395788192749,0.008266150951385498,-0.033889591693878174
-0.017130613327026367,0.007306039333343506,-0.021635890007019043
-0.028613731265068054,-0.005828559398651123,-0.015127480030059814
-0.01900121569633484,-0.004950523376464844,-0.015982627868652344
-0.0049324631690979,-0.0033967792987823486,-0.0010333657264709473
-0.008271470665931702,-0.006830662488937378,0.012342691421508789
-0.007895559072494507,-0.0028756260871887207,0.01853632926940918
-0.0058772265911102295,-0.0011973977088928223,0.021138370037078857
-0.009547322988510132,0.0007160007953643799,0.026034832000732422
-0.010636687278747559,0.005003422498703003,0.029983818531036377
-0.005704596638679504,0.008171528577804565,0.029486119747161865
0.0024198293685913086,0.006377846002578735,0.024440109729766846
0.011052340269088745,0.0017693638801574707,0.01873922348022461
0.013730019330978394,0.0010693073272705078,0.012647867202758789
0.011662662029266357,0.0008932352066040039,0.005264103412628174
0.009946271777153015,0.0025069713592529297,-0.0038369297981262207
0.009586423635482788,-0.0006681084632873535,-0.010207712650299072
0.0074298083782196045,-0.002848327159881592,-0.013221025466918945
0.007821455597877502,-0.0029466748237609863,-0.015310406684875488
0.007100626826286316,-0.0020481348037719727,-0.014468550682067871
0.006301268935203552,-0.00020438432693481445,-0.01644188165664673
0.0009195655584335327,-0.0015303492546081543,-0.01212531328201294
-0.005653083324432373,-0.0029413700103759766,-0.006142854690551758
-0.008052363991737366,-0.00035125017166137695,0.0003445148468017578
-0.008515805006027222,0.001477360725402832,0.004893302917480469
-0.010740339756011963,0.0013622045516967773,0.008099615573883057
-0.011201485991477966,0.002519667148590088,0.009065568447113037
-0.005509659647941589,0.004049181938171387,0.0057135820388793945
-0.00043813884258270264,0.002964317798614502,0.004642665386199951
-0.003256082534790039,-0.00014448165893554688,0.004475831985473633
-0.006031975150108337,0.000679314136505127,0.0032396316528320312
-0.003691345453262329,0.0014563798904418945,-0.000356137752532959
0.0043818652629852295,-0.0018651485443115234,-0.002114534378051758
0.00853961706161499,-0.0034740567207336426,-0.003937840461730957
0.00681266188621521,-0.003077208995819092,-0.004865407943725586
0.006912916898727417,-0.0018315911293029785,-0.0049626827239990234
0.007784903049468994,-0.0014077425003051758,-0.005289971828460693
0.007831081748008728,0.0002968311309814453,-0.005497455596923828
0.005668759346008301,0.002782285213470459,-0.0016107559204101562
0.0017735213041305542,0.0010142028331756592,0.003081798553466797
0.0007791668176651001,-0.0006057620048522949,0.005354344844818115
0.002649262547492981,-0.0005504786968231201,0.006595313549041748
-0.0009599477052688599,-0.001107722520828247,0.006150782108306885
-0.005094900727272034,0.0010258257389068604,0.0036035776138305664
-0.005184069275856018,0.0041755735874176025,0.0015590190887451172
-0.003860563039779663,0.002979785203933716,0.0019074678421020508
-0.002071097493171692,0.0015858113765716553,0.0022774934768676758
-0.0039395540952682495,0.0013895630836486816,0.0014861226081848145
-0.004962101578712463,-0.0009537935256958008,0.0016097426414489746
-0.004531234502792358,-0.0029956400394439697,0.0002620816230773926
-0.00542101263999939,-0.0041799843311309814,-0.0037306547164916992
-0.006844177842140198,-0.005040585994720459,-0.007770180702209473
-0.007430866360664368,-0.004748135805130005,-0.010721802711486816
-0.00708433985710144,-0.0022500455379486084,-0.01147681474685669
-0.00388433039188385,4.1097402572631836e-05,-0.007888197898864746
-0.0008784383535385132,0.0005328357219696045,-0.0009781122207641602
0.004672810435295105,0.0004596710205078125,0.00614696741104126
0.009246185421943665,-0.001241445541381836,0.00894308090209961
0.0070859938859939575,-0.00014993548393249512,0.007547914981842041
0.0017323344945907593,0.002707451581954956,0.0032009482383728027
-0.00038182735443115234,0.004438459873199463,-0.0013602972030639648
0.0006588399410247803,0.0046662986278533936,-0.0017580986022949219
0.00022533535957336426,0.0017155110836029053,0.00040334463119506836
0.0009664297103881836,-0.0009263455867767334,0.0039048194885253906
0.0006607472896575928,-0.0020545125007629395,0.003965556621551514
-0.0013233423233032227,0.0003903806209564209,0.00366896390914917
0.00034956634044647217,0.002588331699371338,0.002038240432739258
-0.002606615424156189,0.0032694339752197266,0.0012290477752685547
-0.004142895340919495,0.0017533600330352783,0.0006880760192871094
-0.002728477120399475,0.0003521740436553955,-0.0011376142501831055
-0.00032070279121398926,-0.0008215904235839844,-0.0028830766677856445
0.0025432556867599487,-0.0026159584522247314,-0.004589378833770752
-0.0011305063962936401,-0.00494721531867981,-0.003668665885925293
-0.0044813454151153564,-0.002523958683013916,-0.005013108253479004
-0.007162511348724365,-0.00019410252571105957,-0.005351424217224121
-0.0064821988344192505,-0.0023286938667297363,-0.005504786968231201
-0.005828365683555603,-0.0007605850696563721,-0.0034424662590026855
-0.0058293938636779785,0.0013054311275482178,-0.0023799538612365723
-0.004103377461433411,0.0010383427143096924,0.0006628632545471191
-0.0014829784631729126,-0.00018092989921569824,0.004084110260009766
-0.001333490014076233,0.0005473196506500244,0.005779564380645752
-0.0012965202331542969,0.0013180375099182129,0.0034848451614379883
-0.0002712160348892212,-6.493926048278809e-05,0.0005433559417724609
-0.0006659477949142456,0.00023162364959716797,-0.001268148422241211
0.0013525038957595825,0.00010573863983154297,-0.00030100345611572266
0.004145175218582153,-0.0014384090900421143,0.0032328367233276367
0.004831850528717041,-0.002901822328567505,0.002898275852203369
0.0017737001180648804,-0.0013451874256134033,0.0015485286712646484
-0.0003208369016647339,0.00019353628158569336,-0.00027638673782348633
-0.0032633543014526367,0.0008306205272674561,-0.0028539299964904785
-0.007520109415054321,0.001436859369277954,-0.004478096961975098
-0.010126873850822449,0.0025804340839385986,-0.0034584403038024902
-0.010116294026374817,0.0015797913074493408,-0.00045168399810791016
-0.008504331111907959,0.0019164681434631348,0.00034368038177490234
-0.006003886461257935,0.002427041530609131,0.0023876428604125977
-0.0005344897508621216,0.00035268068313598633,0.0025283098220825195
0.0009353011846542358,0.0006484389305114746,0.002275705337524414
0.004450380802154541,-0.0013789534568786621,0.0014364123344421387
0.008873000741004944,-0.003754526376724243,-0.002812683582305908
0.006008028984069824,-0.002701014280319214,-0.006125748157501221
0.0020299553871154785,-0.002546638250350952,-0.006241023540496826
-0.001425325870513916,-0.0008701682090759277,-0.006716489791870117
-0.0037152916193008423,-0.0009132027626037598,-0.005184829235076904
-0.0034974515438079834,0.00022038817405700684,0.0010399818420410156
-0.0026533305644989014,0.0014327764511108398,0.003820478916168213
0.000607222318649292,0.0005805790424346924,0.005818605422973633
0.002740621566772461,0.0005064308643341064,0.0061806440353393555
0.0037451088428497314,0.0024685561656951904,0.00694507360458374
0.004596441984176636,0.0030828118324279785,0.004898130893707275
0.006565004587173462,0.0021044015884399414,0.00492328405380249
0.0029943734407424927,0.0005261600017547607,0.005693554878234863
-0.0006271898746490479,-0.0020755231380462646,0.004803359508514404
-0.0024342387914657593,-0.004973471164703369,-0.0034650564193725586
-0.002330079674720764,-0.006961017847061157,-0.014436483383178711
-0.001946970820426941,-0.001912534236907959,-0.022542178630828857
-0.0018494129180908203,-0.0008392035961151123,-0.02267599105834961
-0.0003789067268371582,-0.0025610029697418213,-0.01640331745147705
0.002634301781654358,-0.0016422271728515625,-0.005429387092590332
0.004403546452522278,-0.0006302297115325928,0.002898573875427246
0.003506198525428772,-2.2649765014648438e-05,0.0063980817794799805
-0.0023002177476882935,-0.00024637579917907715,0.004392802715301514
-0.01068103313446045,-2.205371856689453e-05,0.0005360841751098633
-0.009337469935417175,-0.0007829666137695312,-0.005043506622314453
-0.002671569585800171,-0.003355264663696289,-0.007671356201171875
-0.0006494671106338501,-0.003294229507446289,-0.004209995269775391
7.50422477722168e-05,-0.0019394755363464355,-0.0009426474571228027
0.0029524415731430054,-0.0015335679054260254,0.0024390816688537598
0.007620587944984436,-0.0008946061134338379,0.0030838847160339355
0.01046745479106903,0.0003705322742462158,0.0014442205429077148
0.00785548985004425,-0.0009673237800598145,-0.011371314525604248
0.024763911962509155,-0.00586467981338501,-0.02400916814804077
0.03194262087345123,-0.016121655702590942,-0.021680355072021484
0.027067124843597412,-0.020859718322753906,-0.026343941688537598
0.024104386568069458,-0.017175883054733276,-0.04017984867095947
0.015400156378746033,-0.015670329332351685,-0.05633431673049927
0.005493640899658203,-0.022897183895111084,-0.07139801979064941
0.0044848620891571045,-0.03443676233291626,-0.09067946672439575
0.012321963906288147,-0.050792813301086426,-0.1143454909324646
0.023524388670921326,-0.0689944326877594,-0.14612579345703125
0.03719557821750641,-0.08314239978790283,-0.17932534217834473
0.03797486424446106,-0.09424901008605957,-0.19976520538330078
0.01197725534439087,-0.10048839449882507,-0.18605756759643555
-0.0004369020462036133,-0.08429926633834839,-0.13371610641479492
0.024570494890213013,-0.046667665243148804,-0.05942952632904053
0.062011055648326874,-0.015998780727386475,0.024232864379882812
0.07231193035840988,0.0032309293746948242,0.13855206966400146
0.0413547158241272,0.03125274181365967,0.29291534423828125
-0.02231934666633606,0.058401525020599365,0.46297621726989746
-0.07251519709825516,0.08946734666824341,0.5989329814910889
-0.16706907749176025,0.1275385022163391,0.6915438771247864
-0.30452296137809753,0.155328631401062,0.6692362427711487
-0.2647513747215271,0.3420211374759674,0.5302013158798218
-0.1997320055961609,0.33707907795906067,0.720625638961792
-0.1565934717655182,0.14977800846099854,1.0028738975524902
-0.11403559148311615,0.1289735734462738,1.0042533874511719
-0.09447222948074341,0.19068539142608643,0.8521961569786072
-0.08420433104038239,0.20187139511108398,0.741919755935669
-0.10258002579212189,0.18271714448928833,0.6737854480743408
-0.11316715180873871,0.1775713860988617,0.5985058546066284
-0.1267814040184021,0.19342342019081116,0.5435091257095337
-0.15202879905700684,0.2100505232810974,0.5191637277603149
-0.16945262253284454,0.21840551495552063,0.5096952319145203
-0.176798477768898,0.23317855596542358,0.48696041107177734
-0.16009023785591125,0.25095945596694946,0.4245483875274658
-0.1292402148246765,0.259729266166687,0.34060239791870117
-0.10054012387990952,0.24960660934448242,0.2609788179397583
-0.08143974840641022,0.2370275855064392,0.1718071699142456
-0.04367505759000778,0.22284787893295288,0.07626253366470337
0.005985915660858154,0.20442718267440796,-0.009518027305603027
0.04669153690338135,0.18295586109161377,-0.07603245973587036
0.08166143298149109,0.16888850927352905,-0.13021200895309448
0.10163938999176025,0.1651226282119751,-0.1835169792175293
0.1065748929977417,0.1547488570213318,-0.23755228519439697
0.11011585593223572,0.13939088582992554,-0.3051379323005676
0.11477898061275482,0.13525313138961792,-0.3723057508468628
0.1299278736114502,0.11912953853607178,-0.4063762426376343
0.13178566098213196,0.1076856255531311,-0.427964985370636
0.11299343407154083,0.11491280794143677,-0.4439687132835388
0.10778120160102844,0.12474668025970459,-0.4416561722755432
0.08804309368133545,0.12985265254974365,-0.4334947466850281
0.06109046936035156,0.12690573930740356,-0.4301333427429199
0.0432589054107666,0.12091898918151855,-0.43722784519195557
0.039524853229522705,0.12389516830444336,-0.45163464546203613
0.04390661418437958,0.12382036447525024,-0.45478159189224243
0.046166226267814636,0.10992860794067383,-0.42873984575271606
0.04872606694698334,0.0962151288986206,-0.39578819274902344
0.05216483771800995,0.09617996215820312,-0.37945929169654846
0.028832167387008667,0.10779917240142822,-0.3634200096130371
-0.0004156827926635742,0.10950177907943726,-0.33936625719070435
-0.024029433727264404,0.11372792720794678,-0.3228066563606262
-0.03794379532337189,0.13212722539901733,-0.3042046129703522
-0.012014999985694885,0.13163435459136963,-0.2703056037425995
-0.018292054533958435,0.10721123218536377,-0.22527164220809937
-0.012442931532859802,0.11865818500518799,-0.20224767923355103
-0.013846144080162048,0.11938208341598511,-0.18693256378173828
-0.039226800203323364,0.10784131288528442,-0.15654528141021729
-0.048848554491996765,0.11516433954238892,-0.14894968271255493
-0.02704162895679474,0.09093797206878662,-0.13745087385177612
-0.0015831142663955688,0.08153033256530762,-0.1365431547164917
0.013805687427520752,0.0775037407875061,-0.18853604793548584
-0.0028121918439865112,0.014128923416137695,-0.24172288179397583
0.01925879716873169,0.04797959327697754,-0.1346605122089386
0.010814666748046875,0.09456133842468262,-0.1324324607849121
-0.028663963079452515,-0.05269813537597656,-0.1525757908821106
0.07639141380786896,-0.1091073751449585,-0.23888307809829712
0.21003569662570953,-0.05201941728591919,-0.2735835313796997
0.2618151009082794,-0.045310795307159424,-0.19212597608566284
0.2645862400531769,-0.060741424560546875,0.05496680736541748
0.1842733770608902,-0.057450056076049805,0.2767674922943115
0.0978839099407196,-0.07864487171173096,0.3211575150489807
0.008469879627227783,-0.022115051746368408,0.3605164885520935
-0.06399288773536682,-0.005003750324249268,0.2949469983577728
-0.06011189520359039,-0.026581227779388428,0.1688598394393921
0.012637868523597717,0.0035380125045776367,0.008650541305541992
0.22075434029102325,0.30300354957580566,-1.1975300312042236
0.03597173094749451,-0.5932164192199707,-0.7790013551712036
0.260454386472702,-0.02721792459487915,-0.5884370803833008
0.12933646142482758,-0.006292819976806641,-0.5379895567893982
0.0358768105506897,-0.08245015144348145,-0.30869001150131226
0.051442623138427734,0.02314591407775879,-0.11939501762390137
0.05632592737674713,-0.025228440761566162,0.0269087553024292
0.1261962652206421,0.0008893609046936035,0.1630803942680359
0.16505664587020874,-0.015311598777770996,0.2474815845489502
0.1449463814496994,-0.02345353364944458,0.22163856029510498
0.05520426481962204,-0.01566380262374878,0.10874283313751221
-0.04625163972377777,-0.011129915714263916,-0.015691936016082764
-0.11514066159725189,-0.003225564956665039,-0.0926285982131958
-0.15461784601211548,0.0007846355438232422,-0.11467337608337402
-0.18068280816078186,0.0017230510711669922,-0.0973210334777832
-0.15895695984363556,0.009376347064971924,-0.04182922840118408
-0.07335886359214783,0.004572451114654541,0.04429268836975098
0.016984835267066956,-0.015929222106933594,0.12554395198822021
0.05174056440591812,-0.024850666522979736,0.1506226658821106
0.046293050050735474,-0.011696696281433105,0.1281375288963318
0.05359356850385666,0.014805316925048828,0.09249049425125122
0.040173716843128204,0.017786145210266113,0.065066397190094
0.011706642806529999,0.02359670400619507,0.024108409881591797
-0.05536520481109619,0.037009239196777344,-0.025499403476715088
-0.14100578427314758,0.0167543888092041,-0.0998651385307312
-0.14946326613426208,0.016825079917907715,-0.1488918662071228
-0.09048779308795929,0.02572697401046753,-0.09035283327102661
0.027947217226028442,-0.0012434720993041992,-0.046569883823394775
0.1129976361989975,-0.03895193338394165,-0.017266273498535156
0.1135600358247757,-0.005718588829040527,0.0200156569480896
0.05628511309623718,0.0238456130027771,0.062247276306152344
-0.0036153122782707214,0.04410898685455322,0.08012861013412476
-0.05804169923067093,0.05996209383010864,0.07567954063415527
-0.06498237699270248,0.05764645338058472,0.05093413591384888
-0.0494796559214592,0.05367511510848999,0.025564849376678467
-0.06859345734119415,0.048178791999816895,0.038450539112091064
-0.13505995273590088,0.05268949270248413,0.043660521507263184
-0.19832690060138702,0.06137913465499878,0.021786212921142578
-0.19464772939682007,0.06762945652008057,-0.015265703201293945
-0.14881522953510284,0.06536799669265747,-0.05718475580215454
-0.077948197722435,0.059763431549072266,-0.1022844910621643
0.004103310406208038,0.05123835802078247,-0.15219765901565552
0.09697869420051575,0.022655725479125977,-0.19203054904937744
0.14281274378299713,0.0037947893142700195,-0.2018943428993225
0.10937143862247467,0.010997951030731201,-0.18901580572128296
0.036878637969493866,0.0021071434020996094,-0.1526208519935608
-0.008867666125297546,0.029644548892974854,-0.12652164697647095
-0.06624703109264374,0.04986530542373657,-0.11694967746734619
-0.12857428193092346,0.05513840913772583,-0.12503200769424438
-0.14251044392585754,0.060820043087005615,-0.14718025922775269
-0.11827915906906128,0.047084271907806396,-0.1856614351272583
-0.08784268796443939,0.0320625901222229,-0.22281455993652344
-0.07490143179893494,0.02292490005493164,-0.24569165706634521
-0.06631015241146088,0.014187097549438477,-0.24978607892990112
-0.055800601840019226,0.006461441516876221,-0.2408202886581421
-0.04592350870370865,0.009535372257232666,-0.22975265979766846
-0.041893571615219116,0.008736073970794678,-0.22046858072280884
-0.04857444390654564,0.013951599597930908,-0.2208566665649414
-0.06577853113412857,0.03716599941253662,-0.2429945468902588
-0.0817471444606781,0.0571175217628479,-0.2494402527809143
-0.09339985251426697,0.06417536735534668,-0.20912158489227295
-0.08986984193325043,0.0684354305267334,-0.1594865918159485
-0.0815771222114563,0.07429713010787964,-0.13611745834350586
-0.0905139371752739,0.07285082340240479,-0.1430433988571167
-0.09107065200805664,0.06707131862640381,-0.1846829056739807
-0.06303468346595764,0.06568056344985962,-0.26549583673477173
-0.005415376275777817,0.06644797325134277,-0.3426591157913208
0.05103876441717148,0.060142457485198975,-0.37158602476119995
0.08344152569770813,0.06057548522949219,-0.35366278886795044
0.07833576947450638,0.07416540384292603,-0.31898897886276245
0.045179661363363266,0.09119153022766113,-0.27483731508255005
0.011521026492118835,0.10629057884216309,-0.2298729419708252
0.009852644056081772,0.12163621187210083,-0.1818298101425171
0.03927918151021004,0.12900292873382568,-0.12084031105041504
0.07722004503011703,0.12486922740936279,-0.0590057373046875
0.10727687925100327,0.11935168504714966,-0.02545386552810669
0.13305853307247162,0.11555278301239014,-0.007395148277282715
0.15391087532043457,0.11552411317825317,0.029992520809173584
0.15974855422973633,0.1154441237449646,0.0914222002029419
0.14147573709487915,0.11067283153533936,0.1535325050354004
0.12449034303426743,0.09913748502731323,0.16836774349212646
0.13952015340328217,0.0880439281463623,0.12954384088516235
0.16559210419654846,0.07803463935852051,0.11855417490005493
0.1792282611131668,0.07362928986549377,0.20707625150680542
0.1631288081407547,0.07324203848838806,0.34659022092819214
0.13985908031463623,0.0728047788143158,0.46397995948791504
0.1059793084859848,0.06679821014404297,0.5515259504318237
0.053330227732658386,0.059075623750686646,0.6132396459579468
0.00727418065071106,0.06044510006904602,0.6559798717498779
-0.018457531929016113,0.060789018869400024,0.6507001519203186
-0.03716540336608887,0.05766022205352783,0.5933905839920044
-0.04477940499782562,0.05426797270774841,0.501211404800415
-0.053123168647289276,0.053531497716903687,0.3854790925979614
-0.058965377509593964,0.05621489882469177,0.27560490369796753
-0.04021065682172775,0.06660667061805725,0.19762492179870605
-0.01620200276374817,0.07979419827461243,0.13255852460861206
-0.027079075574874878,0.09644246101379395,0.046225666999816895
-0.04944489896297455,0.12066397070884705,-0.04728055000305176
0.07221324741840363,0.008233726024627686,-0.22942578792572021
0.44558611512184143,-0.393649160861969,-0.1031448245048523
0.40151432156562805,-0.2925993800163269,0.35792720317840576
0.24496304988861084,-0.08732730150222778,0.5350621938705444
0.08299075067043304,-0.054128021001815796,0.674405038356781
-0.007352907210588455,0.11513099074363708,0.6473922729492188
-0.08313742280006409,0.2006339132785797,0.3824964761734009
-0.19744190573692322,0.20246225595474243,0.0730130672454834
-0.2494460493326187,0.20842263102531433,-0.12678778171539307
-0.22538144886493683,0.2109285295009613,-0.21313965320587158
-0.18583372235298157,0.20204102993011475,-0.2020425796508789
-0.1672230213880539,0.1405712068080902,-0.11306869983673096
-0.15594086050987244,0.075407475233078,0.020756006240844727
-0.1318904161453247,0.04648768901824951,0.15726220607757568
-0.11866243183612823,0.007038474082946777,0.257074236869812
-0.10407264530658722,-0.035647571086883545,0.30238795280456543
-0.08235137909650803,-0.03942909836769104,0.2877262830734253
-0.07532519102096558,-0.0337887704372406,0.19987767934799194
-0.09886506199836731,-0.04176434874534607,0.07147151231765747
-0.12023104727268219,-0.035932838916778564,-0.03952383995056152
-0.13039153814315796,-0.02218782901763916,-0.128656268119812
-0.142303004860878,-0.026984363794326782,-0.19345378875732422
-0.14914536476135254,-0.030043989419937134,-0.21996808052062988
-0.14039522409439087,-0.017394661903381348,-0.2091497778892517
-0.1250838041305542,-0.01112663745880127,-0.17356950044631958
-0.10369090735912323,-0.01574280858039856,-0.1159505844116211
-0.07373934239149094,-0.007605195045471191,-0.05419033765792847
-0.04691160470247269,0.001417011022567749,-0.013651490211486816
-0.026042506098747253,0.009412169456481934,0.015712738037109375
-0.0014192834496498108,0.015993177890777588,0.03812992572784424
0.01569996029138565,0.014283359050750732,0.05008578300476074
0.027037084102630615,0.00956946611404419,0.051139891147613525
0.04151006042957306,0.010575354099273682,0.045877695083618164
0.054067060351371765,0.013103306293487549,0.035068631172180176
0.06196179986000061,0.010102391242980957,0.022323191165924072
0.06652611494064331,0.0063637495040893555,0.015152335166931152
0.06346240639686584,0.004569709300994873,0.007818818092346191
0.056117817759513855,0.002537548542022705,-0.0002575516700744629
0.04634176194667816,-0.0006175637245178223,-0.007047176361083984
0.03580355644226074,-0.0084342360496521,-0.011282503604888916
0.02536483108997345,-0.01516634225845337,-0.016230642795562744
0.016282662749290466,-0.016497671604156494,-0.026843249797821045
0.007798373699188232,-0.011805832386016846,-0.04140692949295044
0.0011543184518814087,-0.011465966701507568,-0.050739407539367676
-0.0012308955192565918,-0.01774895191192627,-0.053878068923950195
0.0025669485330581665,-0.019490480422973633,-0.055857956409454346
0.01063026487827301,-0.019095778465270996,-0.05594944953918457
0.013793528079986572,-0.01820892095565796,-0.05118626356124878
0.013789281249046326,-0.0162886381149292,-0.04421651363372803
0.010461509227752686,-0.015781283378601074,-0.03618735074996948
0.008169904351234436,-0.014778554439544678,-0.02908700704574585
0.008651062846183777,-0.013302206993103027,-0.0242002010345459
0.007166013121604919,-0.01185917854309082,-0.020244836807250977
0.0032966136932373047,-0.007491648197174072,-0.01596909761428833
0.0026436597108840942,-0.004327356815338135,-0.014569520950317383
0.0028144419193267822,-0.003910422325134277,-0.01404660940170288
0.004357486963272095,-0.0020294785499572754,-0.012721240520477295
0.006306812167167664,-0.0016747713088989258,-0.01074683666229248
0.009498566389083862,-0.0018155574798583984,-0.008545219898223877
0.011180564761161804,-0.0006399154663085938,-0.003133535385131836
0.012891143560409546,0.0013937950134277344,0.0016199350357055664
0.01208069920539856,0.0006393194198608398,0.004783213138580322
0.009569540619850159,0.0015364289283752441,0.00647580623626709
0.006212443113327026,0.0055016279220581055,0.007328629493713379
0.0012294203042984009,0.005942344665527344,0.006892859935760498
-0.002092510461807251,0.0034943819046020508,0.008244752883911133
-0.0018238425254821777,0.004618525505065918,0.009002089500427246
-0.0024765878915786743,0.006829738616943359,0.008783519268035889
-0.0018467903137207031,0.007230222225189209,0.010649561882019043
-0.00047588348388671875,0.006217896938323975,0.01255810260772705
0.001407712697982788,0.005986809730529785,0.012397408485412598
0.0008900314569473267,0.007058441638946533,0.008588194847106934
-0.0012634098529815674,0.00450664758682251,0.004681110382080078
0.0014889687299728394,0.0026904940605163574,-0.0015121102333068848
0.004006445407867432,0.0015583634376525879,-0.006590485572814941
0.008753076195716858,-0.001484513282775879,-0.007306277751922607
0.012223303318023682,-0.0037119388580322266,-0.00573354959487915
0.009289339184761047,-0.005548834800720215,-0.004181325435638428
0.005471974611282349,-0.006626486778259277,-0.006574690341949463
0.005608394742012024,-0.005581080913543701,-0.010109245777130127
0.003952816128730774,-0.004921019077301025,-0.013343334197998047
0.0008939206600189209,-0.0025586485862731934,-0.013310074806213379
-0.0037203580141067505,0.000712275505065918,-0.009156107902526855
-0.010528817772865295,0.0010149478912353516,-0.001827538013458252
-0.013577118515968323,0.0017760396003723145,0.0030695199966430664
-0.011765360832214355,0.0023154616355895996,0.005826711654663086
-0.009926646947860718,0.003154456615447998,0.006398797035217285
-0.009569525718688965,0.0046803951263427734,0.005809664726257324
-0.011960595846176147,0.00523751974105835,0.008031487464904785
-0.012348771095275879,0.004817605018615723,0.009465575218200684
-0.008054062724113464,0.004510939121246338,0.008669555187225342
-0.0029447078704833984,0.0031487345695495605,0.008209466934204102
0.0008706599473953247,0.0022625327110290527,0.0051648616790771484
0.004831597208976746,0.002738773822784424,0.0026706457138061523
0.003280654549598694,0.0035750269889831543,0.0006706714630126953
0.0012694299221038818,0.0033313632011413574,0.0013123154640197754
0.0037772059440612793,0.002892136573791504,0.0011782646179199219
0.005676180124282837,0.0009655952453613281,0.002813577651977539
0.0062742531299591064,-0.0013808012008666992,0.002499401569366455
0.0062052905559539795,-0.0006783008575439453,0.00021028518676757812
0.002263858914375305,-0.00010979175567626953,-0.0011944770812988281
-0.0029376596212387085,-0.0031136274337768555,-0.0016937255859375
-0.0014828741550445557,-0.0004792213439941406,-0.004126012325286865
0.0002750009298324585,0.0010519027709960938,-0.0034660696983337402
-0.0008735805749893188,-0.0013306736946105957,-0.0014055967330932617
-0.001154482364654541,-0.0013921856880187988,0.001245737075805664
0.00018426775932312012,-0.001010596752166748,7.641315460205078e-05
-0.0005133748054504395,9.351968765258789e-05,-0.0006333589553833008
-0.0007079839706420898,0.0018248558044433594,-0.0016293525695800781
0.0006871819496154785,0.0016200542449951172,-9.906291961669922e-05
-0.00030359625816345215,0.002363741397857666,0.0013391375541687012
-0.0033366382122039795,0.0010595917701721191,0.003934383392333984
-0.0066471099853515625,0.002617955207824707,0.002557516098022461
-0.008456140756607056,0.0046620965003967285,0.002468705177307129
-0.008913278579711914,0.0019720792770385742,6.639957427978516e-05
-0.005711495876312256,-0.0008912086486816406,-0.0019481182098388672
0.000334814190864563,-0.0016063451766967773,-0.004007577896118164
0.0037547945976257324,-0.0004616379737854004,-0.005463302135467529
0.007320016622543335,-0.002964794635772705,-0.0057419538497924805
0.009517177939414978,-0.005083441734313965,-0.006162762641906738
0.009830445051193237,-0.002524137496948242,-0.004701435565948486
0.004566490650177002,0.0014203786849975586,-0.0022957324981689453
0.0020950287580490112,0.0026869773864746094,-5.269050598144531e-05
-0.0007989555597305298,0.0015027523040771484,0.002948164939880371
-0.002747282385826111,0.003681361675262451,0.005991995334625244
-0.002639979124069214,0.0032361745834350586,0.005608737468719482
-0.004656895995140076,0.001413583755493164,0.004517912864685059
-0.005224958062171936,0.0026044249534606934,0.003919482231140137
-0.004464313387870789,0.003145158290863037,0.003675997257232666
-0.004054412245750427,0.002424001693725586,0.003403782844543457
-0.003473728895187378,0.0031799674034118652,0.00562894344329834
-0.0042854249477386475,0.0033704638481140137,0.008171021938323975
-0.005272567272186279,0.003236234188079834,0.0069043636322021484
-0.006655246019363403,0.0024066567420959473,0.006457805633544922
-0.0056768059730529785,0.002856135368347168,0.005066514015197754
-0.005465269088745117,0.0031507015228271484,0.0019044876098632812
-0.005173280835151672,0.003832876682281494,0.0006216764450073242
-0.004382684826850891,0.003442704677581787,0.0008323192596435547
-0.0033423900604248047,0.0029793977737426758,0.0005509257316589355
-0.0018032491207122803,3.5703182220458984e-05,6.395578384399414e-05
-0.002833425998687744,0.0012503862380981445,-0.0002987384796142578
-0.0037794560194015503,0.0007902383804321289,-0.0007300972938537598
-0.0047206878662109375,-0.0026842355728149414,-0.0046343207359313965
-0.003391355276107788,-0.0036016106605529785,-0.009160816669464111
-0.0010489821434020996,-0.0014290213584899902,-0.012553274631500244
-0.0005563348531723022,7.68899917602539e-05,-0.010599911212921143
0.0011621266603469849,0.0005239248275756836,-0.007008612155914307
0.0012581795454025269,-0.0006361007690429688,0.0006383061408996582
0.0007481873035430908,-0.0012932419776916504,0.00708770751953125
0.0015542209148406982,0.0006222128868103027,0.00826418399810791
-0.00037413835525512695,0.0019957423210144043,0.0047373175621032715
-0.0016316771507263184,0.0013793706893920898,0.000606536865234375
-0.0004025399684906006,0.0015795230865478516,-0.0020737648010253906
0.002355337142944336,0.0014978647232055664,-0.0030531883239746094
0.004877403378486633,-0.0012153387069702148,-0.0013361573219299316
0.00632864236831665,-0.0025727152824401855,-0.000830233097076416
0.004321083426475525,-0.003239452838897705,-0.004739522933959961
0.004822880029678345,-0.00417482852935791,-0.0075931549072265625
0.001291617751121521,-0.0001748204231262207,-0.00911104679107666
-0.0027046501636505127,0.002018749713897705,-0.00756990909576416
-0.0025661438703536987,0.0030660629272460938,-0.001975536346435547
-0.0014064162969589233,0.0012667179107666016,0.004505515098571777
-0.004551932215690613,0.003953158855438232,0.007405877113342285
-0.005094170570373535,0.005813181400299072,0.007754087448120117
-0.005405694246292114,0.005339384078979492,0.00907742977142334
-0.007161349058151245,0.00613093376159668,0.009417057037353516
-0.009036973118782043,0.005502104759216309,0.009899437427520752
-0.011574730277061462,0.006332755088806152,0.010375738143920898
-0.012890741229057312,0.0053858160972595215,0.009558618068695068
-0.010953322052955627,0.002101123332977295,0.0053217411041259766
-0.00700753927230835,0.00040090084075927734,-0.0010929107666015625
-0.0026243776082992554,-0.0004112720489501953,-0.0060721635818481445
0.0009990185499191284,-0.0020403265953063965,-0.01112222671508789
0.002013787627220154,-0.0021230578422546387,-0.01141810417175293
0.0013203322887420654,0.00018900632858276367,-0.0074103474617004395
0.0026580095291137695,0.0003795027732849121,-0.0002739429473876953
0.002858564257621765,0.0003178715705871582,0.005552530288696289
0.0017150342464447021,0.001510322093963623,0.006151795387268066
0.0005147457122802734,0.0016635656356811523,0.007096230983734131
0.0007608979940414429,0.001476287841796875,0.005173802375793457
-0.0018864423036575317,0.001010894775390625,0.0017428398132324219
-0.00487653911113739,0.0017464160919189453,-0.00013315677642822266
-0.007001042366027832,0.001369774341583252,-0.0015960931777954102
-0.006504669785499573,0.00016456842422485352,-0.0030483603477478027
-0.0015681982040405273,0.0030114054679870605,-0.0036835074424743652
-0.0006413459777832031,0.003475010395050049,0.002211630344390869
-0.0016140639781951904,0.002452373504638672,0.005376040935516357
0.0007496625185012817,0.0024104714393615723,0.006134510040283203
0.00011460483074188232,0.0030397772789001465,0.006003737449645996
-0.0032739490270614624,0.0030965209007263184,0.004426479339599609
-0.004111051559448242,0.0012083053588867188,0.0006934404373168945
-0.0026606619358062744,7.43865966796875e-05,-0.004512310028076172
-0.0014945119619369507,-0.0008141398429870605,-0.005855560302734375
-0.002436921000480652,-0.0007248520851135254,-0.005111217498779297
-0.004114225506782532,0.0012648701667785645,-0.0013519525527954102
-0.0034322142601013184,0.0018754005432128906,0.0015874505043029785
-0.003590419888496399,0.00035321712493896484,0.005064547061920166
-0.00182303786277771,0.0025094151496887207,0.0033463239669799805
-0.0008709132671356201,0.0021881461143493652,0.001784205436706543
-0.001884177327156067,0.0019493699073791504,0.0015941262245178223
-0.0022002756595611572,0.0006563067436218262,0.002615213394165039
-0.0026704072952270508,0.000852048397064209,0.0039479732513427734
-0.0020098090171813965,0.0027315616607666016,0.0018825531005859375
0.00021591782569885254,0.0020398497581481934,0.00038617849349975586
0.002730622887611389,-2.396106719970703e-05,9.757280349731445e-05
0.004540532827377319,-0.00031059980392456055,0.0007605552673339844
0.004108011722564697,0.0015521645545959473,0.0015088319778442383
0.002233177423477173,0.0017872452735900879,0.001954972743988037
-0.0015929937362670898,-0.0004851818084716797,7.432699203491211e-05
-0.0030448585748672485,0.0008617043495178223,-0.0010128021240234375
-0.006399795413017273,-0.0001240372657775879,-0.002737879753112793
-0.009683489799499512,-0.0012841224670410156,-0.004075467586517334
-0.011313796043395996,-0.0016069412231445312,-0.005379199981689453
-0.008943185210227966,-0.0007278323173522949,-0.00777047872543335
-0.007958173751831055,0.0008889436721801758,-0.006819605827331543
-0.006189107894897461,0.0023430585861206055,-0.004269838333129883
-0.006354480981826782,0.0031540989875793457,2.0503997802734375e-05
-0.004370898008346558,0.003821134567260742,0.003448963165283203
-0.0017948895692825317,0.004888176918029785,0.005779266357421875
0.0005711913108825684,0.004210770130157471,0.00863558053970337
0.0031486451625823975,0.004753589630126953,0.009623169898986816
0.004356950521469116,0.0031489133834838867,0.010120511054992676
0.005823731422424316,0.0009074807167053223,0.006225168704986572
0.007052183151245117,-0.0003992319107055664,0.0025565028190612793
0.006664872169494629,-0.0025641322135925293,-0.002144336700439453
0.005423828959465027,-0.0018192529678344727,-0.004775643348693848
0.002576306462287903,0.0003902316093444824,-0.0032837390899658203
-0.0015051811933517456,0.0001055598258972168,-0.0018979310989379883
-0.0020242035388946533,0.0016940832138061523,-0.0022731423377990723
0.0010990351438522339,0.0024306774139404297,-0.0005751252174377441
0.0014428794384002686,0.0015139579772949219,0.002826213836669922
0.00029084086418151855,0.001135110855102539,0.004278004169464111
5.386769771575928e-05,0.0023914575576782227,0.004027247428894043
-0.0015861839056015015,0.003288865089416504,0.00330352783203125
-0.007460445165634155,0.0010979175567626953,0.002687513828277588
-0.005275562405586243,0.0010969042778015137,-0.0030924081802368164
-0.0032407939434051514,0.005199790000915527,-0.004230082035064697
-0.0020390748977661133,0.0021552443504333496,-0.0009963512420654297
0.0010492801666259766,0.0017262697219848633,0.0011713504791259766
0.0009983032941818237,0.0017920136451721191,0.003605365753173828
0.00043395161628723145,-0.0015177130699157715,0.004572153091430664
0.000685274600982666,-0.002186894416809082,0.0027970075607299805
-0.0003570467233657837,-0.0017905831336975098,-0.002695620059967041
-0.0011940449476242065,-0.0015411972999572754,-0.005214989185333252
-0.0018418282270431519,-0.000824272632598877,-0.0040749311447143555
-0.001505523920059204,-0.0007081031799316406,-0.0010976195335388184
-0.0016032755374908447,-0.001118481159210205,0.004221022129058838
-0.002807512879371643,0.0006189346313476562,0.006038665771484375
-0.00279255211353302,0.0029064416885375977,0.005993247032165527
-0.004313990473747253,0.002284407615661621,0.005856037139892578
-0.005402043461799622,0.002611994743347168,0.004530727863311768
-0.0054880231618881226,0.0020200610160827637,0.0032074451446533203
-0.003417953848838806,0.0019802451133728027,-9.036064147949219e-05
-0.0011492222547531128,0.0024926066398620605,-0.0007417201995849609
-0.0011815428733825684,0.001535177230834961,-0.001270294189453125
-0.001180022954940796,0.0007290244102478027,-0.00042378902435302734
-0.0004061758518218994,0.0019723176956176758,-0.0025635957717895508
0.0027360767126083374,0.00160980224609375,-0.004442274570465088
0.0007302612066268921,0.0011066198348999023,-0.0034766197204589844
-0.0016767829656600952,0.0011677742004394531,-0.0024268031120300293
-0.0008339732885360718,0.0017772912979125977,-0.0030088424682617188
-0.0004736483097076416,0.0033029913902282715,-0.0029004812240600586
-0.0031364113092422485,0.0017905235290527344,0.00018739700317382812
-0.006474703550338745,0.0024326443672180176,0.0013814568519592285
-0.00572560727596283,0.00019973516464233398,-0.00038868188858032227
-0.0026383697986602783,-0.00021207332611083984,-0.001050412654876709
-0.0004804283380508423,0.0007145404815673828,-0.0025055408477783203
0.0013663917779922485,0.0033479928970336914,-0.0038985610008239746
0.004908695816993713,0.0028219223022460938,0.0005142092704772949
0.0029063522815704346,0.0015565156936645508,0.006321310997009277
0.0009503662586212158,0.0006191134452819824,0.008274078369140625
0.0021639466285705566,0.0010639429092407227,0.008447587490081787
-0.0005903691053390503,0.000733494758605957,0.004944801330566406
-0.003980234265327454,0.0014042854309082031,3.3020973205566406e-05
-0.0015140324831008911,0.0007231831550598145,0.0002543926239013672
0.00016877055168151855,0.001588284969329834,-3.0159950256347656e-05
-0.00018073618412017822,0.00033295154571533203,-0.0009018778800964355
-0.0007120966911315918,0.0006132721900939941,0.0017036795616149902
0.00022618472576141357,0.0014715790748596191,0.0014203786849975586
-0.0014827549457550049,0.0016318559646606445,-0.00016391277313232422
-0.003925502300262451,0.0011726617813110352,-0.0022037625312805176
-0.005995914340019226,-0.0009595751762390137,-0.0025920867919921875
-0.0075291842222213745,-0.0018891096115112305,-0.005320131778717041
-0.006786078214645386,-0.002322077751159668,-0.009560585021972656
-0.0069214701652526855,-0.0018123388290405273,-0.011819899082183838
-0.0062627047300338745,-0.00044804811477661133,-0.008475780487060547
-0.0043120235204696655,0.0013571381568908691,-0.0034706592559814453
-0.0011682957410812378,0.0030254721641540527,0.004405379295349121
0.0007741004228591919,0.004715561866760254,0.010079145431518555
0.0009704381227493286,0.005291938781738281,0.013522148132324219
-0.00022749602794647217,0.004957377910614014,0.013921022415161133
0.0004553794860839844,0.003094017505645752,0.009810864925384521
0.0037079602479934692,0.0009233951568603516,0.004891514778137207
0.0040739476680755615,-0.0002046823501586914,-0.0002021193504333496
0.0025122612714767456,-0.0024001598358154297,-0.002742171287536621
-0.00032967329025268555,-0.004505157470703125,-0.006828904151916504
-0.001486167311668396,-0.003703773021697998,-0.008253693580627441
-0.0018816441297531128,-0.0018347501754760742,-0.005803704261779785
-0.0017125904560089111,-1.8537044525146484e-05,-0.0035356879234313965
4.0724873542785645e-05,0.002444326877593994,-0.00014793872833251953
0.00010792911052703857,0.0032303333282470703,0.005318999290466309
-0.0011353343725204468,0.003096282482147217,0.009670495986938477
-0.0015174448490142822,0.002641022205352783,0.009734272956848145
-0.0023047029972076416,0.003034651279449463,0.003805398941040039
-0.004680335521697998,0.0023236870765686035,-0.0020803213119506836
-0.007529005408287048,-0.0007988810539245605,-0.004897058010101318
-0.009352177381515503,-0.0011640191078186035,-0.007501840591430664
-0.006877407431602478,1.1980533599853516e-05,-0.008553624153137207
-0.0033473968505859375,0.001006782054901123,-0.007575273513793945
2.442300319671631e-05,0.0011175274848937988,-0.002389192581176758
0.0008297860622406006,0.003913402557373047,0.006016731262207031
0.001275762915611267,0.004380166530609131,0.009779274463653564
0.002587348222732544,0.0035477876663208008,0.01080620288848877
0.0006041377782821655,0.0029346346855163574,0.008621811866760254
-0.0008619427680969238,0.0030798912048339844,0.004194021224975586
-0.0017936378717422485,0.0012267827987670898,-0.0002791881561279297
-0.0025715380907058716,-0.0009592771530151367,-0.0027258992195129395
-0.0039958655834198,-0.0020720958709716797,-0.0063321590423583984
-0.0031647086143493652,-0.004635870456695557,-0.007203936576843262
-0.0011499077081680298,-0.0027033090591430664,-0.00870424509048462
0.0008395463228225708,-0.000727236270904541,-0.0065323710441589355
0.0023722052574157715,0.0011883378028869629,-0.0017990469932556152
0.0029056966304779053,0.002669990062713623,0.004184901714324951
0.003916099667549133,0.002690434455871582,0.009615182876586914
0.0020079314708709717,0.0020948052406311035,0.011380434036254883
-0.0008350014686584473,0.003650069236755371,0.008327722549438477
-0.003725975751876831,0.003233611583709717,0.00074005126953125
-0.004217371344566345,0.0007414817810058594,-0.005132555961608887
-0.0018877238035202026,0.0020009279251098633,-0.0066152215003967285
-0.006589844822883606,0.00045031309127807617,-0.0034755468368530273
-0.009206846356391907,-0.00262528657913208,-0.002496063709259033
-0.00380513072013855,-0.0005045533180236816,-0.002997279167175293
-0.00346219539642334,-0.0008079409599304199,-0.003593921661376953
-0.004605978727340698,-0.0009838342666625977,-0.0034397244453430176
-0.000817716121673584,0.0012142062187194824,0.0002104043960571289
-0.0003788769245147705,0.0030093789100646973,0.004694998264312744
-0.0027855783700942993,0.0019533634185791016,0.00848078727722168
0.0003514885902404785,0.002880394458770752,0.008447825908660889
0.003896579146385193,0.0035343170166015625,0.007563412189483643
4.242360591888428e-05,0.0007559657096862793,0.0037380456924438477
-0.0011225342750549316,0.00039267539978027344,8.606910705566406e-05
-0.000634610652923584,0.0012418031692504883,-0.004288792610168457
-0.0016160756349563599,0.00019550323486328125,-0.0045084357261657715
-0.002482667565345764,-0.0019460320472717285,-0.0017580389976501465
0.0014568865299224854,-0.0006153583526611328,0.0013797283172607422
0.003779873251914978,-0.000981748104095459,0.0008482933044433594
0.005135565996170044,-0.00033545494079589844,-0.0016262531280517578
0.004874765872955322,0.0016204118728637695,-0.002421140670776367
0.0028413981199264526,0.0022732019424438477,-0.0014611482620239258
0.00031660497188568115,0.0023971199989318848,0.0011884570121765137
0.0006267428398132324,0.0016713142395019531,0.00187605619430542
-0.0008058547973632812,0.0015388131141662598,0.00177687406539917
-0.0017868727445602417,0.001809835433959961,0.0015769004821777344
-0.006007954478263855,0.00035959482192993164,0.0006489157676696777
-0.007264584302902222,-0.0008113384246826172,-0.0010619759559631348
-0.005936190485954285,0.0005941390991210938,-0.0050435662269592285
-0.002481013536453247,0.0012813806533813477,-0.00810927152633667
-0.0007772892713546753,0.002146005630493164,-0.0033284425735473633
-0.0010942965745925903,0.005843043327331543,0.006875038146972656
-0.0045175254344940186,0.00996863842010498,0.02198392152786255
-0.011448875069618225,0.016181468963623047,0.04158914089202881
-0.015583053231239319,0.018657386302947998,0.053665995597839355
-0.016992807388305664,0.018086016178131104,0.05189061164855957
-0.013634413480758667,0.01328212022781372,0.053433120250701904
-0.015308663249015808,0.013843894004821777,0.05446648597717285
-0.016236096620559692,0.005762636661529541,0.03080916404724121
-0.012751549482345581,0.0023345351219177246,0.001223921775817871
-0.01190127432346344,-0.0005527138710021973,-0.024701952934265137
-0.005822360515594482,-0.005496025085449219,-0.039977312088012695
0.0089569091796875,-0.009404599666595459,-0.04477190971374512
0.025865480303764343,-0.010843396186828613,-0.030410051345825195
0.04120895266532898,-0.016918957233428955,-0.011725366115570068
0.040694430470466614,-0.017989397048950195,-0.003226161003112793
0.03596515953540802,-0.01146697998046875,-0.008670568466186523
0.025198161602020264,-0.003888070583343506,-0.02457869052886963
0.017805486917495728,-0.0011029839515686035,-0.03172796964645386
0.021625712513923645,6.145238876342773e-05,-0.01279902458190918
0.016188159584999084,-0.004495561122894287,0.008295655250549316
0.009083479642868042,-0.0025000572204589844,0.021992921829223633
-0.0004696846008300781,-0.0023198723793029785,0.0238419771194458
-0.018305286765098572,-4.279613494873047e-05,0.006028592586517334
-0.02884089946746826,0.0035490989685058594,-0.016318678855895996
-0.02806892991065979,0.006439566612243652,-0.03087437152862549
-0.021471023559570312,0.006926774978637695,-0.03183555603027344
-0.015236914157867432,0.007367849349975586,-0.0240592360496521
-0.012152820825576782,0.010544538497924805,-0.010184168815612793
-0.014504671096801758,0.01253211498260498,0.001229703426361084
-0.02336244285106659,0.012723326683044434,0.007316410541534424
-0.03581911325454712,0.009546041488647461,0.003901362419128418
-0.04449048638343811,0.008291959762573242,-0.01394885778427124
-0.04897807538509369,0.005787312984466553,-0.04013240337371826
-0.041722968220710754,-0.0016737580299377441,-0.06113636493682861
-0.030056312680244446,-0.008395791053771973,-0.06529426574707031
-0.014028385281562805,-0.013037681579589844,-0.06315374374389648
0.004408672451972961,-0.015964269638061523,-0.060214102268218994
0.021715790033340454,-0.01741081476211548,-0.05197596549987793
0.03134782612323761,-0.015156924724578857,-0.03222334384918213
0.04004763066768646,-0.0067408084869384766,-0.005207479000091553
0.04414273798465729,-0.0053462982177734375,0.027001559734344482
0.04376707971096039,-0.0032753348350524902,0.05591094493865967
0.039122819900512695,0.0038880109786987305,0.07708662748336792
0.028519079089164734,0.010881423950195312,0.08502870798110962
0.013357266783714294,0.015771329402923584,0.0796276330947876
-3.0934810638427734e-05,0.019664227962493896,0.06761622428894043
-0.011941403150558472,0.01879650354385376,0.04899066686630249
-0.020729437470436096,0.01691567897796631,0.025304734706878662
-0.022236406803131104,0.01433098316192627,0.00934058427810669
-0.01796838641166687,0.008860230445861816,0.005681514739990234
-0.010442197322845459,0.0006570816040039062,0.0072075724601745605
-0.0015029162168502808,-0.004381358623504639,0.008532285690307617
0.0073391348123550415,-0.008031308650970459,0.013699114322662354
0.009865745902061462,-0.010480523109436035,0.01016169786453247
0.008139759302139282,-0.006580710411071777,-0.006552934646606445
0.008660167455673218,-0.0034238100051879883,-0.017048001289367676
0.01455599069595337,-0.006086528301239014,-0.008633255958557129
0.02921721339225769,-0.009799420833587646,0.014895975589752197
0.028486087918281555,-0.011037707328796387,0.03290826082229614
0.013039648532867432,-0.018725097179412842,0.024558186531066895
-0.01878197491168976,-0.018010199069976807,-0.023159682750701904
-0.05812941491603851,-0.014922142028808594,-0.09358471632003784
-0.08743904531002045,-0.014382123947143555,-0.16696786880493164
-0.10298006236553192,-0.025500178337097168,-0.2026735544204712
-0.07526421546936035,-0.029783546924591064,-0.14998763799667358
-0.007827907800674438,-0.03803610801696777,-0.040296316146850586
0.044255971908569336,-0.06424552202224731,0.059511542320251465
0.07802256941795349,-0.07753199338912964,0.1205744743347168
0.09454214572906494,-0.06826502084732056,0.12844032049179077
0.07517364621162415,-0.05027925968170166,0.08539324998855591
0.02150481939315796,-0.028231143951416016,0.01460719108581543
-0.013202250003814697,0.00607454776763916,-0.05299949645996094
-0.02517220377922058,0.0254671573638916,-0.09518486261367798
-0.04139694571495056,-0.012905240058898926,-0.10954868793487549
-0.03774607181549072,-0.04499918222427368,-0.1056056022644043
-0.04562762379646301,-0.08808547258377075,-0.1130865216255188
-0.07528021931648254,-0.15811687707901,-0.135836660861969
-0.2697994112968445,-0.46253734827041626,-0.11528688669204712
-0.0896221399307251,-0.2400633692741394,-0.12025094032287598
0.19434720277786255,0.1029919981956482,-0.1900397539138794
0.22722581028938293,0.10781478881835938,-0.1715632677078247
0.18053659796714783,0.07709628343582153,-0.10639798641204834
0.13530749082565308,0.10327577590942383,-0.04265648126602173
0.119244784116745,0.12386146187782288,0.01081228256225586
0.11268562078475952,0.13466793298721313,0.05579519271850586
0.12325948476791382,0.1363247036933899,0.05275815725326538
0.09516456723213196,0.14236918091773987,0.08755457401275635
0.046592116355895996,0.24144497513771057,0.08457350730895996
0.012703537940979004,0.3484034836292267,0.11245149374008179
-0.06886547803878784,0.35449403524398804,0.08256494998931885
-0.08043307065963745,0.23537138104438782,0.0590360164642334
-0.06766706705093384,0.15864340960979462,0.017812013626098633
-0.055227816104888916,0.15344496071338654,-0.04864770174026489
-0.039581358432769775,0.17504969239234924,-0.1410287618637085
-0.039968669414520264,0.15883933007717133,-0.21158111095428467
0.0151900053024292,0.10288120061159134,-0.1334630250930786
0.08298498392105103,0.027977511286735535,0.03287971019744873
0.10697102546691895,-0.0520416758954525,0.23269110918045044
0.1107168197631836,-0.09374572336673737,0.42695480585098267
0.02273792028427124,-0.06040890887379646,0.43157273530960083
-0.026153862476348877,-0.008255552500486374,0.5012599229812622
-0.09111541509628296,0.04918302968144417,0.5255314707756042
-0.15348488092422485,0.10508307814598083,0.5238497257232666
-0.1609123945236206,0.20590108633041382,0.4916817545890808
-0.10172933340072632,0.28825533390045166,0.3407987952232361
-0.20436912775039673,0.33727002143859863,0.13934868574142456
-0.2946363687515259,0.2682666778564453,-0.16865801811218262
-0.08797562122344971,-0.0008272081613540649,-0.45430636405944824
-0.12830305099487305,-0.13445502519607544,-0.36874353885650635
0.1517806053161621,-0.226003035902977,-0.2465534210205078
0.3982347846031189,-0.33905085921287537,-0.22753691673278809
0.4734618663787842,-0.3054119944572449,-0.19270843267440796
0.45413362979888916,-0.18802551925182343,-0.11909771710634232
0.35235053300857544,-0.08225299417972565,-0.016331195831298828
0.2740181088447571,-0.03697817027568817,0.13199526071548462
0.19804197549819946,0.002713233232498169,0.22199738025665283
0.16510069370269775,0.03130917251110077,0.24739432334899902
0.1828795075416565,0.03919662535190582,0.2518812119960785
0.16803908348083496,0.006840363144874573,0.180020272731781
0.17713624238967896,-0.028346747159957886,0.13650894165039062
0.16108357906341553,-0.05478101968765259,0.11288177967071533
0.1053311824798584,-0.07200279831886292,0.10809195041656494
0.023762941360473633,-0.0815478265285492,0.1339428424835205
-0.03865617513656616,-0.04829181730747223,0.1609610915184021
-0.1033484935760498,-0.017949923872947693,0.15445220470428467
-0.19408130645751953,-0.01744943857192993,0.09952718019485474
-0.21014797687530518,-0.06601455807685852,0.006699979305267334
-0.17618724703788757,-0.07146812975406647,-0.031821250915527344
-0.17740115523338318,-0.05889880657196045,-0.08364152908325195
-0.19203346967697144,0.004745543003082275,-0.08958446979522705
-0.24189382791519165,0.10741199553012848,-0.03920888900756836
-0.2648506164550781,0.22178344428539276,0.02359449863433838
-0.21111255884170532,0.2993299961090088,0.08034014701843262
-0.06520858407020569,0.2867688238620758,0.10735541582107544
0.13355040550231934,0.10248684883117676,0.006946921348571777
0.26098960638046265,-0.1372133493423462,-0.19908517599105835
0.1472705602645874,-0.13144752383232117,-0.3440675139427185
-0.0160713791847229,-0.045306041836738586,-0.3431031107902527
-0.07894867658615112,-0.012696564197540283,-0.355726957321167
-0.041398584842681885,0.08801336586475372,-0.3088908791542053
0.006231248378753662,0.19657231867313385,-0.2756216526031494
0.12251147627830505,0.2748515009880066,-0.2463703155517578
0.25566765666007996,0.28372734785079956,-0.1684185266494751
0.27307674288749695,0.24441826343536377,-0.11193609237670898
0.212356299161911,0.21529245376586914,-0.08901536464691162
0.14564402401447296,0.2015802562236786,-0.09761565923690796
0.09894993901252747,0.15263766050338745,-0.12327587604522705
0.07122862339019775,0.09284001588821411,-0.12421739101409912
0.06599842011928558,0.06808307766914368,-0.07954800128936768
0.07852551341056824,0.08330899477005005,-0.01925051212310791
0.07343436777591705,0.05295434594154358,0.04773205518722534
-0.03265656530857086,-0.10515791177749634,0.14389318227767944
0.014935463666915894,-0.019975602626800537,0.23476535081863403
-0.000903204083442688,-0.034741878509521484,0.2315683364868164
-0.0018578171730041504,0.006942868232727051,0.19169974327087402
0.027890421450138092,0.03618234395980835,0.12754333019256592
0.05274413526058197,0.043353915214538574,0.062055766582489014
0.05938398838043213,0.047174155712127686,0.034169793128967285
0.06149230897426605,0.0454636812210083,0.04927384853363037
0.054952189326286316,0.03949606418609619,0.07292890548706055
0.03789307177066803,0.035476624965667725,0.08981388807296753
0.01702447235584259,0.03283113241195679,0.10880506038665771
0.013891048729419708,0.03565722703933716,0.1350693702697754
0.012668423354625702,0.029901742935180664,0.17628741264343262
0.006209671497344971,0.015379488468170166,0.22409796714782715
-0.00276193767786026,0.004132390022277832,0.25019150972366333
-0.02269481122493744,-0.006703317165374756,0.23927736282348633
-0.04126667231321335,-0.006815552711486816,0.21008002758026123
-0.04530135542154312,0.005367398262023926,0.15969371795654297
-0.04517195373773575,0.014341592788696289,0.10370326042175293
-0.033297084271907806,0.020100831985473633,0.0596843957901001
-0.01818438619375229,0.024128615856170654,0.051581740379333496
0.00013460218906402588,0.02853924036026001,0.08081984519958496
0.018616579473018646,-0.0030028223991394043,0.1363796591758728
0.029876090586185455,-0.008439779281616211,0.2037714719772339
0.04371775686740875,0.002839505672454834,0.18793809413909912
0.03814442455768585,0.024800121784210205,0.12591153383255005
0.03137923777103424,0.050814807415008545,0.06069272756576538
0.008903734385967255,0.039981842041015625,0.019272685050964355
0.003947652876377106,0.045945703983306885,-0.006769299507141113
0.027747444808483124,0.06186401844024658,0.013638317584991455
0.04673387110233307,0.06196463108062744,0.07807111740112305
0.03477499634027481,0.07087016105651855,0.14169776439666748
-0.03423145413398743,0.09914302825927734,0.1575186848640442
-0.10912995040416718,0.010160982608795166,0.12306320667266846
-0.024230532348155975,-0.06113111972808838,0.08412361145019531
0.07160195708274841,-0.058817505836486816,0.052940547466278076
0.06515669822692871,-0.018017351627349854,0.0014787912368774414
-0.023483887314796448,0.023555874824523926,-0.014755010604858398
0.0059629082679748535,0.04461503028869629,-0.035956382751464844
0.029272623360157013,0.04513734579086304,-0.018616795539855957
0.0484091155230999,0.0488932728767395,0.002698063850402832
0.04645415022969246,0.052294373512268066,-0.004686892032623291
0.02674141153693199,0.05280721187591553,-0.01863962411880493
0.0037043578922748566,0.02850639820098877,-0.04044032096862793
-0.01290285587310791,-0.006396770477294922,-0.06174957752227783
-0.03815973177552223,-0.014776945114135742,-0.06139051914215088
-0.061434388160705566,-0.00909513235092163,-0.030228853225708008
-0.05516054481267929,-0.005911886692047119,0.014514565467834473
-0.02109762839972973,-0.019877851009368896,0.04148358106613159
0.017111144959926605,-0.08024793863296509,0.03352618217468262
-0.015110727399587631,-0.1739184856414795,-0.01021265983581543
-0.014382794499397278,-0.016290009021759033,-0.049564361572265625
-0.0034190453588962555,0.11103802919387817,-0.04453074932098389
-0.013910789042711258,0.09743213653564453,-0.021817326545715332
0.00095333531498909,0.03237849473953247,-0.020714402198791504
0.003173135221004486,-0.0035126805305480957,-0.014378011226654053
-0.03551887348294258,-0.03139764070510864,0.01763397455215454
-0.09932182729244232,-0.10333538055419922,0.03464698791503906
-0.11462455242872238,-0.09811294078826904,-0.0124053955078125
-0.09896223247051239,-0.001133561134338379,-0.03473615646362305
-0.11248648166656494,0.04297304153442383,-0.008499324321746826
-0.0959649607539177,0.05969136953353882,0.008030891418457031
-0.07731164246797562,0.0561213493347168,0.029481709003448486
-0.06629732251167297,0.035310208797454834,0.06913381814956665
-0.06880055367946625,-0.0012152791023254395,0.11514425277709961
-0.08009937405586243,-0.026163160800933838,0.16376197338104248
-0.07462388277053833,-0.030794978141784668,0.19894763827323914
-0.04572225362062454,-0.016337215900421143,0.21280479431152344
-0.00047592073678970337,0.011910319328308105,0.1952701210975647
0.037052564322948456,0.03900039196014404,0.1454724669456482
0.043145157396793365,0.055721819400787354,0.06851452589035034
0.032753631472587585,0.06226140260696411,-0.031012237071990967
0.02495507150888443,0.05336552858352661,-0.12787595391273499
0.026240453124046326,0.03873622417449951,-0.18321508169174194
0.025187522172927856,0.032934606075286865,-0.2055431604385376
0.0184391587972641,0.031212687492370605,-0.18350183963775635
0.01803673803806305,0.025389492511749268,-0.12970465421676636
0.02616153657436371,0.015232741832733154,-0.07353028655052185
0.03547578305006027,0.007279932498931885,-0.036898672580718994
0.03617929667234421,0.014426469802856445,-0.03540477156639099
0.037556953728199005,0.03184330463409424,-0.05127221345901489
0.035920098423957825,0.0381045937538147,-0.058920323848724365
0.028151951730251312,0.02216172218322754,-0.05473768711090088
0.012853138148784637,-0.000639498233795166,-0.05339479446411133
-0.01215963065624237,-0.013484477996826172,-0.05159717798233032
-0.02794138342142105,-0.02636784315109253,-0.03898811340332031
-0.018840216100215912,-0.01980137825012207,-0.03205078840255737
-0.028252452611923218,0.003636658191680908,-0.04080095887184143
-0.04498383402824402,-0.008711099624633789,-0.026976972818374634
-0.05282241851091385,-0.013988196849822998,-0.000646740198135376
-0.05282615125179291,-0.005704939365386963,0.03623777627944946
-0.04560422897338867,0.0002753138542175293,0.07152289152145386
-0.02284274995326996,0.017269790172576904,0.10132849216461182
0.01712203025817871,0.0427325963973999,0.17058396339416504
0.10388204455375671,0.032161831855773926,0.18742376565933228
0.16339874267578125,0.015307903289794922,0.1069079041481018
0.13131128251552582,0.01664149761199951,0.09603667259216309
0.0598430335521698,0.027317404747009277,0.10173141956329346
-0.018868163228034973,0.005090534687042236,0.07615900039672852
-0.052091583609580994,-0.014721095561981201,0.0396256148815155
-0.03628448396921158,-0.014411568641662598,-0.026242196559906006
-0.020129628479480743,-0.010238170623779297,-0.11245429515838623
-0.01580575853586197,0.002297818660736084,-0.1874847710132599
-0.02997182309627533,0.02159726619720459,-0.22543641924858093
-0.04110361635684967,0.025674045085906982,-0.23297932744026184
-0.035714879631996155,0.015918970108032227,-0.21545082330703735
-0.03422807157039642,0.0049343109130859375,-0.16471582651138306
-0.037886351346969604,0.0006330013275146484,-0.08776837587356567
-0.041521668434143066,-0.0046038031578063965,-0.013457149267196655
-0.04445873200893402,-0.01106947660446167,0.03754076361656189
-0.048211902379989624,-0.02101844549179077,0.06469804048538208
-0.056623466312885284,-0.03081303834915161,0.06969806551933289
-0.07450108230113983,-0.029592037200927734,0.06106460094451904
-0.09245866537094116,-0.02405846118927002,0.03498399257659912
-0.1055716946721077,-0.024789273738861084,0.0012421011924743652
-0.11299538612365723,-0.027614355087280273,-0.03381305932998657
-0.11368301510810852,-0.031458497047424316,-0.06479442119598389
-0.10748445242643356,-0.0401989221572876,-0.09113192558288574
-0.10031743347644806,-0.04830807447433472,-0.10232025384902954
-0.08741940557956696,-0.0399399995803833,-0.10192811489105225
-0.06725016236305237,-0.001959085464477539,-0.10359811782836914
-0.054917752742767334,0.0413283109664917,-0.09721487760543823
-0.037696823477745056,0.06010401248931885,-0.09039071202278137
-0.032226935029029846,0.03750944137573242,-0.08145564794540405
-0.03911024332046509,0.0035295486450195312,-0.07560914754867554
-0.0516570508480072,-0.006237506866455078,-0.08219054341316223
-0.06689243018627167,0.009548008441925049,-0.092379629611969
-0.07120881974697113,0.0444759726524353,-0.10145658254623413
-0.055535316467285156,0.0950358510017395,-0.12414225935935974
-0.036702170968055725,0.14587682485580444,-0.15079918503761292
-0.01964782178401947,0.15574800968170166,-0.1561635434627533
-0.021193429827690125,0.07856732606887817,-0.1145828366279602
-0.059145718812942505,-0.0766364336013794,-0.04633563756942749
-0.12373454868793488,-0.26834559440612793,0.029503852128982544
-0.21519125998020172,-0.2578904628753662,0.08186709880828857
-0.23418661952018738,-0.16075706481933594,0.15620321035385132
-0.1853194683790207,0.04053699970245361,0.4289261996746063
-0.05765712261199951,0.12316441535949707,0.4621267020702362
0.11844997107982635,0.1101142168045044,0.26583898067474365
0.2491922825574875,0.0008080601692199707,0.1306740641593933
0.2292771190404892,-0.013033747673034668,-0.015676438808441162
0.11264686286449432,0.03180140256881714,-0.06870165467262268
0.06094762682914734,0.07002806663513184,-0.101085364818573
0.028452128171920776,0.053909480571746826,-0.12920552492141724
-0.007904678583145142,0.05162215232849121,-0.14871305227279663
-0.029558151960372925,0.06050354242324829,-0.1702181100845337
-0.042616695165634155,0.07984858751296997,-0.16198420524597168
-0.04006490111351013,0.10065758228302002,-0.14037787914276123
-0.025106072425842285,0.11088383197784424,-0.11688309907913208
-0.003672286868095398,0.12491744756698608,-0.08031660318374634
0.021099790930747986,0.1296883225440979,-0.028060734272003174
0.04346780478954315,0.10206645727157593,0.02578514814376831
0.056679725646972656,0.08735418319702148,0.06649845838546753
0.026447132229804993,0.06584471464157104,0.059111177921295166
-0.0043471455574035645,0.04093903303146362,0.06245625019073486
-0.02928684651851654,0.028689682483673096,0.09304755926132202
-0.03908470273017883,0.010722994804382324,0.13985776901245117
-0.03457605838775635,-0.014484882354736328,0.17375987768173218
-0.03283427655696869,-0.018487393856048584,0.18807974457740784
-0.03544782102108002,-0.030001282691955566,0.1526516079902649
-0.009576380252838135,-0.087291419506073,0.06392300128936768
0.004394635558128357,-0.13063210248947144,-0.07825052738189697
-0.014653950929641724,-0.11771607398986816,-0.22244501113891602
-0.06622858345508575,-0.06541240215301514,-0.3551034927368164
-0.10814709961414337,0.007757604122161865,-0.41184329986572266
-0.12348692119121552,0.065937340259552,-0.3944971561431885
-0.11032959818840027,0.08309698104858398,-0.3231748342514038
-0.07822702825069427,0.0667572021484375,-0.21105700731277466
-0.03882479667663574,0.05209285020828247,-0.07540351152420044
-0.0017082393169403076,0.0417177677154541,0.04642140865325928
0.010814353823661804,0.03703361749649048,0.1225859522819519
0.008690595626831055,0.023924052715301514,0.15468811988830566
0.019017070531845093,-0.0006455779075622559,0.1464064121246338
0.021080896258354187,-0.005666255950927734,0.09889936447143555
0.012321621179580688,-0.005680859088897705,0.0361974835395813
0.010971680283546448,-0.00807499885559082,-0.015189170837402344
0.00754547119140625,-0.0005275607109069824,-0.058422207832336426
0.0024604350328445435,0.0029439926147460938,-0.1044226884841919
-0.009769275784492493,0.00583648681640625,-0.12600451707839966
-0.017787232995033264,0.010283291339874268,-0.11031019687652588
-0.015306562185287476,0.009830892086029053,-0.06894254684448242
-0.009508863091468811,0.003781437873840332,-0.023483991622924805
-0.0004597306251525879,-0.0032712221145629883,0.009656965732574463
0.011714160442352295,-0.004298210144042969,0.024939656257629395
