Timestamp
1030
1767
2553
3168
3817
5108
5839
6632
7296
8698
