Timestamp
214813020
214813030
214813040
214813050
214813060
214813070
214813080
214813090
214813100
214813110
214813120
214813130
214813140
214813150
214813160
214813170
214813180
214813191
214813201
214813211
214813221
214813231
214813241
214813251
214813261
214813271
214813281
214813291
214813301
214813311
214813321
214813331
214813341
214813351
214813361
214813372
214813382
214813392
214813402
214813412
214813422
214813432
214813442
214813452
214813462
214813472
214813482
214813492
214813502
214813512
214813522
214813532
214813542
214813553
214813563
214813573
214813583
214813593
214813603
214813613
214813623
214813633
214813643
214813653
214813663
214813673
214813683
214813693
214813703
214813713
214813723
214813734
214813744
214813754
214813764
214813774
214813784
214813794
214813804
214813814
214813824
214813834
214813844
214813854
214813864
214813874
214813884
214813894
214813904
214813915
214813925
214813935
214813945
214813955
214813965
214813975
214813985
214813995
214814005
214814015
214814025
214814035
214814045
214814055
214814065
214814075
214814085
214814096
214814106
214814116
214814126
214814136
214814146
214814156
214814166
214814176
214814186
214814196
214814206
214814216
214814226
214814236
214814246
214814256
214814266
214814276
214814287
214814297
214814307
214814317
214814327
214814337
214814347
214814357
214814367
214814377
214814387
214814397
214814407
214814417
214814427
214814437
214814447
214814457
214814468
214814478
214814488
214814498
214814508
214814518
214814528
214814538
214814548
214814558
214814568
214814578
214814588
214814598
214814608
214814618
214814628
214814638
214814649
214814659
214814669
214814679
214814689
214814699
214814709
214814719
214814729
214814739
214814749
214814759
214814769
214814779
214814789
214814799
214814809
214814819
214814830
214814840
214814850
214814860
214814870
214814880
214814890
214814900
214814910
214814920
214814930
214814940
214814950
214814960
214814970
214814980
214814990
214815000
214815011
214815021
214815031
214815041
214815051
214815061
214815071
214815081
214815091
214815101
214815111
214815121
214815131
214815141
214815151
214815161
214815171
214815181
214815192
214815202
214815212
214815222
214815232
214815242
214815252
214815262
214815272
214815282
214815292
214815302
214815312
214815322
214815332
214815342
214815352
214815362
214815373
214815383
214815393
214815403
214815413
214815423
214815433
214815443
214815453
214815463
214815473
214815483
214815493
214815503
214815513
214815523
214815533
214815543
214815553
214815564
214815574
214815584
214815594
214815604
214815614
214815624
214815634
214815644
214815654
214815664
214815674
214815684
214815694
214815704
214815714
214815724
214815734
214815745
214815755
214815765
214815775
214815785
214815795
214815805
214815815
214815825
214815835
214815845
214815855
214815865
214815875
214815885
214815895
214815905
214815915
214815926
214815936
214815946
214815956
214815966
214815976
214815986
214815996
214816006
214816016
214816026
214816036
214816046
214816056
214816066
214816076
214816086
214816096
214816107
214816117
214816127
214816137
214816147
214816157
214816167
214816177
214816187
214816197
214816207
214816217
214816227
214816237
214816247
214816257
214816267
214816277
214816288
214816298
214816308
214816318
214816328
214816338
214816348
214816358
214816368
214816378
214816388
214816398
214816408
214816418
214816428
214816438
214816448
214816458
214816469
214816479
214816489
214816499
214816509
214816519
214816529
214816539
214816549
214816559
214816569
214816579
214816589
214816599
214816609
214816619
214816629
214816639
214816649
214816660
214816670
214816680
214816690
214816700
214816710
214816720
214816730
214816740
214816750
214816760
214816770
214816780
214816790
214816800
214816810
214816820
214816830
214816841
214816851
214816861
214816871
214816881
214816891
214816901
214816911
214816921
214816931
214816941
214816951
214816961
214816971
214816981
214816991
214817001
214817011
214817022
214817032
214817042
214817052
214817062
214817072
214817082
214817092
214817102
214817112
214817122
214817132
214817142
214817152
214817162
214817172
214817182
214817192
214817203
214817213
214817223
214817233
214817243
214817253
214817263
214817273
214817283
214817293
214817303
214817313
214817323
214817333
214817343
214817353
214817363
214817373
214817384
214817394
214817404
214817414
214817424
214817434
214817444
214817454
214817464
214817474
214817484
214817494
214817504
214817514
214817524
214817534
214817544
214817554
214817565
214817575
214817585
214817595
214817605
214817615
214817625
214817635
214817645
214817655
214817665
214817675
214817685
214817695
214817705
214817715
214817725
214817735
214817746
214817756
214817766
214817776
214817786
214817796
214817806
214817816
214817826
214817836
214817846
214817856
214817866
214817876
214817886
214817896
214817906
214817916
214817926
214817937
214817947
214817957
214817967
214817977
214817987
214817997
214818007
214818017
214818027
214818037
214818047
214818057
214818067
214818077
214818087
214818097
214818107
214818118
214818128
214818138
214818148
214818158
214818168
214818178
214818188
214818198
214818208
214818218
214818228
214818238
214818248
214818258
214818268
214818278
214818288
214818299
214818309
214818319
214818329
214818339
214818349
214818359
214818369
214818379
214818389
214818399
214818409
214818419
214818429
214818439
214818449
214818459
214818469
214818480
214818490
214818500
214818510
214818520
214818530
214818540
214818550
214818560
214818570
214818580
214818590
214818600
214818610
214818620
214818630
214818640
214818650
214818661
214818671
214818681
214818691
214818701
214818711
214818721
214818731
214818741
214818751
214818761
214818771
214818781
214818791
214818801
214818811
214818821
214818831
214818842
214818852
214818862
214818872
214818882
214818892
214818902
214818912
214818922
214818932
214818942
214818952
214818962
214818972
214818982
214818992
214819002
214819012
214819022
214819033
214819043
214819053
214819063
214819073
214819083
214819093
214819103
214819113
214819123
214819133
214819143
214819153
214819163
214819173
214819183
214819193
214819203
214819214
214819224
214819234
214819244
214819254
214819264
214819274
214819284
214819294
214819304
214819314
214819324
214819334
214819344
214819354
214819364
214819374
214819384
214819395
214819405
214819415
214819425
214819435
214819445
214819455
214819465
214819475
214819485
214819495
214819505
214819515
214819525
214819535
214819545
214819555
214819565
214819576
214819586
214819596
214819606
214819616
214819626
214819636
214819646
214819656
214819666
214819676
214819686
214819696
214819706
214819716
214819726
214819736
214819746
214819757
214819767
214819777
214819787
214819797
214819807
214819817
214819827
214819837
214819847
214819857
214819867
214819877
214819887
214819897
214819907
214819917
214819927
214819938
214819948
214819958
214819968
214819978
214819988
214819998
214820008
214820018
214820028
214820038
214820048
214820058
214820068
214820078
214820088
214820098
214820108
214820119
214820129
214820139
214820149
214820159
214820169
214820179
214820189
214820199
214820209
214820219
214820229
214820239
214820249
214820259
214820269
214820279
214820289
214820299
214820310
214820320
214820330
214820340
214820350
214820360
214820370
214820380
214820390
214820400
214820410
214820420
214820430
214820440
214820450
214820460
214820470
214820480
214820491
214820501
214820511
214820521
214820531
214820541
214820551
214820561
214820571
214820581
214820591
214820601
214820611
214820621
214820631
214820641
214820651
214820661
214820672
214820682
214820692
214820702
214820712
214820722
214820732
214820742
214820752
214820762
214820772
214820782
214820792
214820802
214820812
214820822
214820832
214820842
214820853
214820863
214820873
214820883
214820893
214820903
214820913
214820923
214820933
214820943
214820953
214820963
214820973
214820983
214820993
214821003
214821013
214821023
214821034
214821044
214821054
214821064
214821074
214821084
214821094
214821104
214821114
214821124
214821134
214821144
214821154
214821164
214821174
214821184
214821194
214821204
214821215
214821225
214821235
214821245
214821255
214821265
214821275
214821285
214821295
214821305
214821315
214821325
214821335
214821345
214821355
214821365
214821375
214821385
214821395
214821406
214821416
214821426
214821436
214821446
214821456
214821466
214821476
214821486
214821496
214821506
214821516
214821526
214821536
214821546
214821556
214821566
214821576
214821587
214821597
214821607
214821617
214821627
214821637
214821647
214821657
214821667
214821677
214821687
214821697
214821707
214821717
214821727
214821737
214821747
214821757
214821768
214821778
214821788
214821798
214821808
214821818
214821828
214821838
214821848
214821858
214821868
214821878
214821888
214821898
214821908
214821918
214821928
214821938
214821949
214821959
214821969
214821979
214821989
214821999
214822009
214822019
214822029
214822039
214822049
214822059
214822069
214822079
214822089
214822099
214822109
214822119
214822130
214822140
214822150
214822160
214822170
214822180
214822190
214822200
214822210
214822220
214822230
214822240
214822250
214822260
214822270
214822280
214822290
214822300
214822311
214822321
214822331
214822341
214822351
214822361
214822371
214822381
214822391
214822401
214822411
214822421
214822431
214822441
214822451
214822461
214822471
214822481
214822491
214822502
214822512
214822522
214822532
214822542
214822552
214822562
214822572
214822582
214822592
214822602
214822612
214822622
214822632
214822642
214822652
214822662
214822672
214822683
214822693
214822703
214822713
214822723
214822733
214822743
214822753
214822763
214822773
214822783
214822793
214822803
214822813
214822823
214822833
214822843
214822853
214822864
214822874
214822884
214822894
214822904
214822914
214822924
214822934
214822944
214822954
214822964
214822974
214822984
214822994
214823004
214823014
214823024
214823034
214823045
214823055
214823065
214823075
214823085
214823095
214823105
214823115
214823125
214823135
214823145
214823155
214823165
214823175
214823185
214823195
214823205
214823215
214823226
214823236
214823246
214823256
214823266
214823276
214823286
214823296
214823306
214823316
214823326
214823336
214823346
214823356
214823366
214823376
214823386
214823396
214823407
214823417
214823427
214823437
214823447
214823457
214823467
214823477
214823487
214823497
214823507
214823517
214823527
214823537
214823547
214823557
214823567
214823577
214823588
214823598
214823608
214823618
214823628
214823638
214823648
214823658
214823668
214823678
214823688
214823698
214823708
214823718
214823728
214823738
214823748
214823758
214823768
214823779
214823789
214823799
214823809
214823819
214823829
214823839
214823849
214823859
214823869
214823879
214823889
214823899
214823909
214823919
214823929
214823939
214823949
214823960
214823970
214823980
214823990
214824000
214824010
214824020
214824030
214824040
214824050
214824060
214824070
214824080
214824090
214824100
214824110
214824120
214824130
214824141
214824151
214824161
214824171
214824181
214824191
214824201
214824211
214824221
214824231
214824241
214824251
214824261
214824271
214824281
214824291
214824301
214824311
214824322
214824332
214824342
214824352
214824362
214824372
214824382
214824392
214824402
214824412
214824422
214824432
214824442
214824452
214824462
214824472
214824482
214824492
214824503
214824513
214824523
214824533
214824543
214824553
214824563
214824573
214824583
214824593
214824603
214824613
214824623
214824633
214824643
214824653
214824663
214824673
214824684
214824694
214824704
214824714
214824724
214824734
214824744
214824754
214824764
214824774
214824784
214824794
214824804
214824814
214824824
214824834
214824844
214824854
214824864
214824875
214824885
214824895
214824905
214824915
214824925
214824935
214824945
214824955
214824965
214824975
214824985
214824995
214825005
214825015
214825025
214825035
214825045
214825056
214825066
214825076
214825086
214825096
214825106
214825116
214825126
214825136
214825146
214825156
214825166
214825176
214825186
214825196
214825206
214825216
214825226
214825237
214825247
214825257
214825267
214825277
214825287
214825297
214825307
214825317
214825327
214825337
214825347
214825357
214825367
214825377
214825387
214825397
214825407
214825418
214825428
214825438
214825448
214825458
214825468
214825478
214825488
214825498
214825508
214825518
214825528
214825538
214825548
214825558
214825568
214825578
214825588
214825599
214825609
214825619
214825629
214825639
214825649
214825659
214825669
214825679
214825689
214825699
214825709
214825719
214825729
214825739
214825749
214825759
214825769
214825780
214825790
214825800
214825810
214825820
214825830
214825840
214825850
214825860
214825870
214825880
214825890
214825900
214825910
214825920
214825930
214825940
214825950
214825960
214825971
214825981
214825991
214826001
214826011
214826021
214826031
214826041
214826051
214826061
214826071
214826081
214826091
214826101
214826111
214826121
214826131
214826141
214826152
214826162
214826172
214826182
214826192
214826202
214826212
214826222
214826232
214826242
214826252
214826262
214826272
214826282
214826292
214826302
214826312
214826322
214826333
214826343
214826353
214826363
214826373
214826383
214826393
214826403
214826413
214826423
214826433
214826443
214826453
214826463
214826473
214826483
214826493
214826503
214826514
214826524
214826534
214826544
214826554
214826564
214826574
214826584
214826594
214826604
214826614
214826624
214826634
214826644
214826654
214826664
214826674
214826684
214826695
214826705
214826715
214826725
214826735
214826745
214826755
214826765
214826775
214826785
214826795
214826805
214826815
214826825
214826835
214826845
214826855
214826865
214826876
214826886
214826896
214826906
214826916
214826926
214826936
214826946
214826956
214826966
214826976
214826986
214826996
214827006
214827016
214827026
214827036
214827046
214827056
214827067
214827077
214827087
214827097
214827107
214827117
214827127
214827137
214827147
214827157
214827167
214827177
214827187
214827197
214827207
214827217
214827227
214827237
214827248
214827258
214827268
214827278
214827288
214827298
214827308
214827318
214827328
214827338
214827348
214827358
214827368
214827378
214827388
214827398
214827408
214827418
214827429
214827439
214827449
214827459
214827469
214827479
214827489
214827499
214827509
214827519
214827529
214827539
214827549
214827559
214827569
214827579
214827589
214827599
214827610
214827620
214827630
214827640
214827650
214827660
214827670
214827680
214827690
214827700
214827710
214827720
214827730
214827740
214827750
214827760
214827770
214827780
214827791
214827801
214827811
214827821
214827831
214827841
214827851
214827861
214827871
214827881
214827891
214827901
214827911
214827921
214827931
214827941
214827951
214827961
214827972
214827982
214827992
214828002
214828012
214828022
214828032
214828042
214828052
214828062
214828072
214828082
214828092
214828102
214828112
214828122
214828132
214828142
214828152
214828163
214828173
214828183
214828193
214828203
214828213
214828223
214828233
214828243
214828253
214828263
214828273
214828283
214828293
214828303
214828313
214828323
214828333
214828344
214828354
214828364
214828374
214828384
214828394
214828404
214828414
214828424
214828434
214828444
214828454
214828464
214828474
214828484
214828494
214828504
214828514
214828525
214828535
214828545
214828555
214828565
214828575
214828585
214828595
214828605
214828615
214828625
214828635
214828645
214828655
214828665
214828675
214828685
214828695
214828706
214828716
214828726
214828736
214828746
214828756
214828766
214828776
214828786
214828796
214828806
214828816
214828826
214828836
214828846
214828856
214828866
214828876
214828887
214828897
214828907
214828917
214828927
214828937
214828947
214828957
214828967
214828977
214828987
214828997
214829007
214829017
214829027
214829037
214829047
214829057
214829068
214829078
214829088
214829098
214829108
214829118
214829128
214829138
214829148
214829158
214829168
214829178
214829188
214829198
214829208
214829218
214829228
214829238
214829248
214829259
214829269
214829279
214829289
214829299
214829309
214829319
214829329
214829339
214829349
214829359
214829369
214829379
214829389
214829399
214829409
214829419
214829429
214829440
214829450
214829460
214829470
214829480
214829490
214829500
214829510
214829520
214829530
214829540
214829550
214829560
214829570
214829580
214829590
214829600
214829610
214829621
214829631
214829641
214829651
214829661
214829671
214829681
214829691
214829701
214829711
214829721
214829731
214829741
214829751
214829761
214829771
214829781
214829791
214829802
214829812
214829822
214829832
214829842
214829852
214829862
214829872
214829882
214829892
214829902
214829912
214829922
214829932
214829942
214829952
214829962
214829972
214829983
214829993
214830003
214830013
214830023
214830033
214830043
214830053
214830063
214830073
214830083
214830093
214830103
214830113
214830123
214830133
214830143
214830153
214830164
214830174
214830184
214830194
214830204
214830214
214830224
214830234
214830244
214830254
214830264
214830274
214830284
214830294
214830304
214830314
214830324
214830334
214830344
214830355
214830365
214830375
214830385
214830395
214830405
214830415
214830425
214830435
214830445
214830455
214830465
214830475
214830485
214830495
214830505
214830515
214830525
214830536
214830546
214830556
214830566
214830576
214830586
214830596
214830606
214830616
214830626
214830636
214830646
214830656
214830666
214830676
214830686
214830696
214830706
214830717
214830727
214830737
214830747
214830757
214830767
214830777
214830787
214830797
214830807
214830817
214830827
214830837
214830847
214830857
214830867
214830877
214830887
214830898
214830908
214830918
214830928
214830938
214830948
214830958
214830968
214830978
214830988
214830998
214831008
214831018
214831028
214831038
214831048
214831058
214831068
214831079
214831089
214831099
214831109
214831119
214831129
214831139
214831149
214831159
214831169
214831179
214831189
214831199
214831209
214831219
214831229
214831239
214831249
214831260
214831270
214831280
214831290
214831300
214831310
214831320
214831330
214831340
214831350
214831360
214831370
214831380
214831390
214831400
214831410
214831420
214831430
214831440
214831451
214831461
214831471
214831481
214831491
214831501
214831511
214831521
214831531
214831541
214831551
214831561
214831571
214831581
214831591
214831601
214831611
214831621
214831632
214831642
214831652
214831662
214831672
214831682
214831692
214831702
214831712
214831722
214831732
214831742
214831752
214831762
214831772
214831782
214831792
214831802
214831813
214831823
214831833
214831843
214831853
214831863
214831873
214831883
214831893
214831903
214831913
214831923
214831933
214831943
214831953
214831963
214831973
214831983
214831994
214832004
214832014
214832024
214832034
214832044
214832054
214832064
214832074
214832084
214832094
214832104
214832114
214832124
214832134
214832144
214832154
214832164
214832175
214832185
214832195
214832205
214832215
214832225
214832235
214832245
214832255
214832265
214832275
214832285
214832295
214832305
214832315
214832325
214832335
214832345
214832356
214832366
214832376
214832386
214832396
214832406
214832416
214832426
214832436
214832446
214832456
214832466
214832476
214832486
214832496
214832506
214832516
214832526
214832536
214832547
214832557
214832567
214832577
214832587
214832597
214832607
214832617
214832627
214832637
214832647
214832657
214832667
214832677
214832687
214832697
214832707
214832717
214832728
214832738
214832748
214832758
214832768
214832778
214832788
214832798
214832808
214832818
214832828
214832838
214832848
214832858
214832868
214832878
214832888
214832898
214832909
214832919
214832929
214832939
214832949
214832959
214832969
214832979
214832989
214832999
214833009
214833019
214833029
214833039
214833049
214833059
214833069
214833079
214833090
214833100
214833110
214833120
214833130
214833140
214833150
214833160
214833170
214833180
214833190
214833200
214833210
214833220
214833230
214833240
214833250
214833260
214833271
214833281
214833291
214833301
214833311
214833321
214833331
214833341
214833351
214833361
214833371
214833381
214833391
214833401
214833411
214833421
214833431
214833441
214833451
214833462
214833472
214833482
214833492
214833502
214833512
214833522
214833532
214833542
214833552
214833562
214833572
214833582
214833592
214833602
214833612
214833622
214833632
214833643
214833653
214833663
214833673
214833683
214833693
214833703
214833713
214833723
214833733
214833743
214833753
214833763
214833773
214833783
214833793
214833803
214833813
214833824
214833834
214833844
214833854
214833864
214833874
214833884
214833894
214833904
214833914
214833924
214833934
214833944
214833954
214833964
214833974
214833984
214833994
214834005
214834015
214834025
214834035
214834045
214834055
214834065
214834075
214834085
214834095
214834105
214834115
214834125
214834135
214834145
214834155
214834165
214834175
214834186
214834196
214834206
214834216
214834226
214834236
214834246
214834256
214834266
214834276
214834286
214834296
214834306
214834316
214834326
214834336
214834346
214834356
214834367
214834377
214834387
214834397
214834407
214834417
214834427
214834437
214834447
214834457
214834467
214834477
214834487
214834497
214834507
214834517
214834527
214834537
214834547
214834558
214834568
214834578
214834588
214834598
214834608
214834618
214834628
214834638
214834648
214834658
214834668
214834678
214834688
214834698
214834708
214834718
214834728
214834739
214834749
214834759
214834769
214834779
214834789
214834799
214834809
214834819
214834829
214834839
214834849
214834859
214834869
214834879
214834889
214834899
214834909
214834920
214834930
214834940
214834950
214834960
214834970
214834980
214834990
214835000
214835010
214835020
214835030
214835040
214835050
214835060
214835070
214835080
214835090
214835101
214835111
214835121
214835131
214835141
214835151
214835161
214835171
214835181
214835191
214835201
214835211
214835221
214835231
214835241
214835251
214835261
214835271
214835282
214835292
214835302
214835312
214835322
214835332
214835342
214835352
214835362
214835372
214835382
214835392
214835402
214835412
214835422
214835432
214835442
214835452
214835463
214835473
214835483
214835493
214835503
214835513
214835523
214835533
214835543
214835553
214835563
214835573
214835583
214835593
214835603
214835613
214835623
214835633
214835643
214835654
214835664
214835674
214835684
214835694
214835704
214835714
214835724
214835734
214835744
214835754
214835764
214835774
214835784
214835794
214835804
214835814
214835824
214835835
214835845
214835855
214835865
214835875
214835885
214835895
214835905
214835915
214835925
214835935
214835945
214835955
214835965
214835975
214835985
214835995
214836005
214836016
214836026
214836036
214836046
214836056
214836066
214836076
214836086
214836096
214836106
214836116
214836126
214836136
214836146
214836156
214836166
214836176
214836186
214836197
214836207
214836217
214836227
214836237
214836247
214836257
214836267
214836277
214836287
214836297
214836307
214836317
214836327
214836337
214836347
214836357
214836367
214836378
214836388
214836398
214836408
214836418
214836428
214836438
214836448
214836458
214836468
214836478
214836488
214836498
214836508
214836518
214836528
214836538
214836548
214836559
214836569
214836579
214836589
214836599
214836609
214836619
214836629
214836639
214836649
214836659
214836669
214836679
214836689
214836699
214836709
214836719
214836729
214836739
214836750
214836760
214836770
214836780
214836790
214836800
214836810
214836820
214836830
214836840
214836850
214836860
214836870
214836880
214836890
214836900
214836910
214836920
214836931
214836941
214836951
214836961
214836971
214836981
214836991
214837001
214837011
214837021
214837031
214837041
214837051
214837061
214837071
214837081
214837091
214837101
214837112
214837122
214837132
214837142
214837152
214837162
214837172
214837182
214837192
214837202
214837212
214837222
214837232
214837242
214837252
214837262
214837272
214837282
214837293
214837303
214837313
214837323
214837333
214837343
214837353
214837363
214837373
214837383
214837393
214837403
214837413
214837423
214837433
214837443
214837453
214837463
214837474
214837484
214837494
214837504
214837514
214837524
214837534
214837544
214837554
214837564
214837574
214837584
214837594
214837604
214837614
214837624
214837634
214837644
214837655
214837665
214837675
214837685
214837695
214837705
214837715
214837725
214837735
214837745
214837755
214837765
214837775
214837785
214837795
214837805
214837815
214837825
214837835
214837846
214837856
214837866
214837876
214837886
214837896
214837906
214837916
214837926
214837936
214837946
214837956
214837966
214837976
214837986
214837996
214838006
214838016
214838027
214838037
214838047
214838057
214838067
214838077
214838087
214838097
214838107
214838117
214838127
214838137
214838147
214838157
214838167
214838177
214838187
214838197
214838208
214838218
214838228
214838238
214838248
214838258
214838268
214838278
214838288
214838298
214838308
214838318
214838328
214838338
214838348
214838358
214838368
214838378
214838389
214838399
214838409
214838419
214838429
214838439
214838449
214838459
214838469
214838479
214838489
214838499
214838509
214838519
214838529
214838539
214838549
214838559
214838570
214838580
214838590
214838600
214838610
214838620
214838630
214838640
214838650
214838660
214838670
214838680
214838690
214838700
214838710
214838720
214838730
214838740
214838751
214838761
214838771
214838781
214838791
214838801
214838811
214838821
214838831
214838841
214838851
214838861
214838871
214838881
214838891
214838901
214838911
214838921
214838931
214838942
214838952
214838962
214838972
214838982
214838992
214839002
214839012
214839022
214839032
214839042
214839052
214839062
214839072
214839082
214839092
214839102
214839112
214839123
214839133
214839143
214839153
214839163
214839173
214839183
214839193
214839203
214839213
214839223
214839233
214839243
214839253
214839263
214839273
214839283
214839293
214839304
214839314
214839324
214839334
214839344
214839354
214839364
214839374
214839384
214839394
214839404
214839414
214839424
214839434
214839444
214839454
214839464
214839474
214839485
214839495
214839505
214839515
214839525
214839535
214839545
214839555
214839565
214839575
214839585
214839595
214839605
214839615
214839625
214839635
214839645
214839655
214839666
214839676
214839686
214839696
214839706
214839716
214839726
214839736
214839746
214839756
214839766
214839776
214839786
214839796
214839806
214839816
214839826
214839836
214839847
214839857
214839867
214839877
214839887
214839897
214839907
214839917
214839927
214839937
214839947
214839957
214839967
214839977
214839987
214839997
214840007
214840017
214840027
214840038
214840048
214840058
214840068
214840078
214840088
214840098
214840108
214840118
214840128
214840138
214840148
214840158
214840168
214840178
214840188
214840198
214840208
214840219
214840229
214840239
214840249
214840259
214840269
214840279
214840289
214840299
214840309
214840319
214840329
214840339
214840349
214840359
214840369
214840379
214840389
214840400
214840410
214840420
214840430
214840440
214840450
214840460
214840470
214840480
214840490
214840500
214840510
214840520
214840530
214840540
214840550
214840560
214840570
214840581
214840591
214840601
214840611
214840621
214840631
214840641
214840651
214840661
214840671
214840681
214840691
214840701
214840711
214840721
214840731
214840741
214840751
214840762
214840772
214840782
214840792
214840802
214840812
214840822
214840832
214840842
214840852
214840862
214840872
214840882
214840892
214840902
214840912
214840922
214840932
214840943
214840953
214840963
214840973
214840983
214840993
214841003
214841013
214841023
214841033
214841043
214841053
214841063
214841073
214841083
214841093
214841103
214841113
214841123
214841134
214841144
214841154
214841164
214841174
214841184
214841194
214841204
214841214
214841224
214841234
214841244
214841254
214841264
214841274
214841284
214841294
214841304
214841315
214841325
214841335
214841345
214841355
214841365
214841375
214841385
214841395
214841405
214841415
214841425
214841435
214841445
214841455
214841465
214841475
214841485
214841496
214841506
214841516
214841526
214841536
214841546
214841556
214841566
214841576
214841586
214841596
214841606
214841616
214841626
214841636
214841646
214841656
214841666
214841677
214841687
214841697
214841707
214841717
214841727
214841737
214841747
214841757
214841767
214841777
214841787
214841797
214841807
214841817
214841827
214841837
214841847
214841858
214841868
214841878
214841888
214841898
214841908
214841918
214841928
214841938
214841948
214841958
214841968
214841978
214841988
214841998
214842008
214842018
214842028
214842039
214842049
214842059
214842069
214842079
214842089
214842099
214842109
214842119
214842129
214842139
214842149
214842159
214842169
214842179
214842189
214842199
214842209
214842219
214842230
214842240
214842250
214842260
214842270
214842280
214842290
214842300
214842310
214842320
214842330
214842340
214842350
214842360
214842370
214842380
214842390
214842400
214842411
214842421
214842431
214842441
214842451
214842461
214842471
214842481
214842491
214842501
214842511
214842521
214842531
214842541
214842551
214842561
214842571
214842581
214842592
214842602
214842612
214842622
214842632
214842642
214842652
214842662
214842672
214842682
214842692
214842702
214842712
214842722
214842732
214842742
214842752
214842762
214842773
214842783
214842793
214842803
214842813
214842823
214842833
214842843
214842853
214842863
214842873
214842883
214842893
214842903
214842913
214842923
214842933
214842943
214842954
214842964
214842974
214842984
214842994
214843004
214843014
214843024
214843034
214843044
214843054
214843064
214843074
214843084
214843094
214843104
214843114
214843124
214843135
214843145
214843155
214843165
214843175
214843185
214843195
214843205
214843215
214843225
214843235
214843245
214843255
214843265
214843275
214843285
214843295
214843305
214843315
214843326
214843336
214843346
214843356
214843366
214843376
214843386
214843396
214843406
214843416
214843426
214843436
214843446
214843456
214843466
214843476
214843486
214843496
214843507
214843517
214843527
214843537
214843547
214843557
214843567
214843577
214843587
214843597
214843607
214843617
214843627
214843637
214843647
214843657
214843667
214843677
214843688
214843698
214843708
214843718
214843728
214843738
214843748
214843758
214843768
214843778
214843788
214843798
214843808
214843818
214843828
214843838
214843848
214843858
214843869
214843879
214843889
214843899
214843909
214843919
214843929
214843939
214843949
214843959
214843969
214843979
214843989
214843999
214844009
214844019
214844029
214844039
214844050
214844060
214844070
214844080
214844090
214844100
214844110
214844120
214844130
214844140
214844150
214844160
214844170
214844180
214844190
214844200
214844210
214844220
214844231
214844241
214844251
214844261
214844271
214844281
214844291
214844301
214844311
214844321
214844331
214844341
214844351
214844361
214844371
214844381
214844391
214844401
214844411
214844422
214844432
214844442
214844452
214844462
214844472
214844482
214844492
214844502
214844512
214844522
214844532
214844542
214844552
214844562
214844572
214844582
214844592
214844603
214844613
214844623
214844633
214844643
214844653
214844663
214844673
214844683
214844693
214844703
214844713
214844723
214844733
214844743
214844753
214844763
214844773
214844784
214844794
214844804
214844814
214844824
214844834
214844844
214844854
214844864
214844874
214844884
214844894
214844904
214844914
214844924
214844934
214844944
214844954
214844965
214844975
214844985
214844995
214845005
214845015
214845025
214845035
214845045
214845055
214845065
214845075
214845085
214845095
214845105
214845115
214845125
214845135
214845146
214845156
214845166
214845176
214845186
214845196
214845206
214845216
214845226
214845236
214845246
214845256
214845266
214845276
214845286
214845296
214845306
214845316
214845327
214845337
214845347
214845357
214845367
214845377
214845387
214845397
214845407
214845417
214845427
214845437
214845447
214845457
214845467
214845477
214845487
214845497
214845507
214845518
214845528
214845538
214845548
214845558
214845568
214845578
214845588
214845598
214845608
214845618
214845628
214845638
214845648
214845658
214845668
214845678
214845688
214845699
214845709
214845719
214845729
214845739
214845749
214845759
214845769
214845779
214845789
214845799
214845809
214845819
214845829
214845839
214845849
214845859
214845869
214845880
214845890
214845900
214845910
214845920
214845930
214845940
214845950
214845960
214845970
214845980
214845990
214846000
214846010
214846020
214846030
214846040
214846050
214846061
214846071
214846081
214846091
214846101
214846111
214846121
214846131
214846141
214846151
214846161
214846171
214846181
214846191
214846201
214846211
214846221
214846231
214846242
214846252
214846262
214846272
214846282
214846292
214846302
214846312
214846322
214846332
214846342
214846352
214846362
214846372
214846382
214846392
214846402
214846412
214846423
214846433
214846443
214846453
214846463
214846473
214846483
214846493
214846503
214846513
214846523
214846533
214846543
214846553
214846563
214846573
214846583
214846593
214846603
214846614
214846624
214846634
214846644
214846654
214846664
214846674
214846684
214846694
214846704
214846714
214846724
214846734
214846744
214846754
214846764
214846774
214846784
214846795
214846805
214846815
214846825
214846835
214846845
214846855
214846865
214846875
214846885
214846895
214846905
214846915
214846925
214846935
214846945
214846955
214846965
214846976
214846986
214846996
214847006
214847016
214847026
214847036
214847046
214847056
214847066
214847076
214847086
214847096
214847106
214847116
214847126
214847136
214847146
214847157
214847167
214847177
214847187
214847197
214847207
214847217
214847227
214847237
214847247
214847257
214847267
214847277
214847287
214847297
214847307
214847317
214847327
214847338
214847348
214847358
214847368
214847378
214847388
214847398
214847408
214847418
214847428
214847438
214847448
214847458
214847468
214847478
214847488
214847498
214847508
214847519
214847529
214847539
214847549
214847559
214847569
214847579
214847589
214847599
214847609
214847619
214847629
214847639
214847649
214847659
214847669
214847679
214847689
214847699
214847710
214847720
214847730
214847740
214847750
214847760
214847770
214847780
214847790
214847800
214847810
214847820
214847830
214847840
214847850
214847860
214847870
214847880
214847891
214847901
214847911
214847921
214847931
214847941
214847951
214847961
214847971
214847981
214847991
214848001
214848011
214848021
214848031
214848041
214848051
214848061
214848072
214848082
214848092
214848102
214848112
214848122
214848132
214848142
214848152
214848162
214848172
214848182
214848192
214848202
214848212
214848222
214848232
214848242
214848253
214848263
214848273
214848283
214848293
214848303
214848313
214848323
214848333
214848343
214848353
214848363
214848373
214848383
214848393
214848403
214848413
214848423
214848434
214848444
214848454
214848464
214848474
214848484
214848494
214848504
214848514
214848524
214848534
214848544
214848554
214848564
214848574
214848584
214848594
214848604
214848615
214848625
214848635
214848645
214848655
214848665
214848675
214848685
214848695
214848705
214848715
214848725
214848735
214848745
214848755
214848765
214848775
214848785
214848795
214848806
214848816
214848826
214848836
214848846
214848856
214848866
214848876
214848886
214848896
214848906
214848916
214848926
214848936
214848946
214848956
214848966
214848976
214848987
214848997
214849007
214849017
214849027
214849037
214849047
214849057
214849067
214849077
214849087
214849097
214849107
214849117
214849127
214849137
214849147
214849157
214849168
214849178
214849188
214849198
214849208
214849218
214849228
214849238
214849248
214849258
214849268
214849278
214849288
214849298
214849308
214849318
214849328
214849338
214849349
214849359
214849369
214849379
214849389
214849399
214849409
214849419
214849429
214849439
214849449
214849459
214849469
214849479
214849489
214849499
214849509
214849519
214849530
214849540
214849550
214849560
214849570
214849580
214849590
214849600
214849610
214849620
214849630
214849640
214849650
214849660
214849670
214849680
214849690
214849700
214849711
214849721
214849731
214849741
214849751
214849761
214849771
214849781
214849791
214849801
214849811
214849821
214849831
214849841
214849851
214849861
214849871
214849881
214849891
214849902
214849912
214849922
214849932
214849942
214849952
214849962
214849972
214849982
214849992
214850002
214850012
214850022
214850032
214850042
214850052
214850062
214850072
214850083
214850093
214850103
214850113
214850123
214850133
214850143
214850153
214850163
214850173
214850183
214850193
214850203
214850213
214850223
214850233
214850243
214850253
214850264
214850274
214850284
214850294
214850304
214850314
214850324
214850334
214850344
214850354
214850364
214850374
214850384
214850394
214850404
214850414
214850424
214850434
214850445
214850455
214850465
214850475
214850485
214850495
214850505
214850515
214850525
214850535
214850545
214850555
214850565
214850575
214850585
214850595
214850605
214850615
214850626
214850636
214850646
214850656
214850666
214850676
214850686
214850696
214850706
214850716
214850726
214850736
214850746
214850756
214850766
214850776
214850786
214850796
214850807
214850817
214850827
214850837
214850847
214850857
214850867
214850877
214850887
214850897
214850907
214850917
214850927
214850937
214850947
214850957
214850967
214850977
214850987
214850998
214851008
214851018
214851028
214851038
214851048
214851058
214851068
214851078
214851088
214851098
214851108
214851118
214851128
214851138
214851148
214851158
214851168
214851179
214851189
214851199
214851209
214851219
214851229
214851239
214851249
214851259
214851269
214851279
214851289
214851299
214851309
214851319
214851329
214851339
214851349
214851360
214851370
214851380
214851390
214851400
214851410
214851420
214851430
214851440
214851450
214851460
214851470
214851480
214851490
214851500
214851510
214851520
214851530
214851541
214851551
214851561
214851571
214851581
214851591
214851601
214851611
214851621
214851631
214851641
214851651
214851661
214851671
214851681
214851691
214851701
214851711
214851722
214851732
214851742
214851752
214851762
214851772
214851782
214851792
214851802
214851812
214851822
214851832
214851842
214851852
214851862
214851872
214851882
214851892
214851903
214851913
214851923
214851933
214851943
214851953
214851963
214851973
214851983
214851993
214852003
214852013
214852023
214852033
214852043
214852053
214852063
214852073
214852083
214852094
214852104
214852114
214852124
214852134
214852144
214852154
214852164
214852174
214852184
214852194
214852204
214852214
214852224
214852234
214852244
214852254
214852264
214852275
214852285
214852295
214852305
214852315
214852325
214852335
214852345
214852355
214852365
214852375
214852385
214852395
214852405
214852415
214852425
214852435
214852445
214852456
214852466
214852476
214852486
214852496
214852506
214852516
214852526
214852536
214852546
214852556
214852566
214852576
214852586
214852596
214852606
214852616
214852626
214852637
214852647
214852657
214852667
214852677
214852687
214852697
214852707
214852717
214852727
214852737
214852747
214852757
214852767
214852777
214852787
214852797
214852807
214852818
214852828
214852838
214852848
214852858
214852868
214852878
214852888
214852898
214852908
214852918
214852928
214852938
214852948
214852958
214852968
214852978
214852988
214852999
214853009
214853019
214853029
214853039
214853049
214853059
214853069
214853079
214853089
214853099
214853109
214853119
214853129
214853139
214853149
214853159
214853169
214853179
214853190
214853200
214853210
214853220
214853230
214853240
214853250
214853260
214853270
214853280
214853290
214853300
214853310
214853320
214853330
214853340
214853350
214853360
214853371
214853381
214853391
214853401
214853411
214853421
214853431
214853441
214853451
214853461
214853471
214853481
214853491
214853501
214853511
214853521
214853531
214853541
214853552
214853562
214853572
214853582
214853592
214853602
214853612
214853622
214853632
214853642
214853652
214853662
214853672
214853682
214853692
214853702
214853712
214853722
214853733
214853743
214853753
214853763
214853773
214853783
214853793
214853803
214853813
214853823
214853833
214853843
214853853
214853863
214853873
214853883
214853893
214853903
214853914
214853924
214853934
214853944
214853954
214853964
214853974
214853984
214853994
214854004
214854014
214854024
214854034
214854044
214854054
214854064
214854074
214854084
214854095
214854105
214854115
214854125
214854135
214854145
214854155
214854165
214854175
214854185
214854195
214854205
214854215
214854225
214854235
214854245
214854255
214854265
214854276
214854286
214854296
214854306
214854316
214854326
214854336
214854346
214854356
214854366
214854376
214854386
214854396
214854406
214854416
214854426
214854436
214854446
214854456
214854467
214854477
214854487
214854497
214854507
214854517
214854527
214854537
214854547
214854557
214854567
214854577
214854587
214854597
214854607
214854617
214854627
214854637
214854648
214854658
214854668
214854678
214854688
214854698
214854708
214854718
214854728
214854738
214854748
214854758
214854768
214854778
214854788
214854798
214854808
214854818
214854829
214854839
214854849
214854859
214854869
214854879
214854889
214854899
214854909
214854919
214854929
214854939
214854949
214854959
214854969
214854979
214854989
214854999
214855010
214855020
214855030
214855040
214855050
214855060
214855070
214855080
214855090
214855100
214855110
214855120
214855130
214855140
214855150
214855160
214855170
214855180
214855191
214855201
214855211
214855221
214855231
214855241
214855251
214855261
214855271
214855281
214855291
214855301
214855311
214855321
214855331
214855341
214855351
214855361
214855372
214855382
214855392
214855402
214855412
214855422
214855432
214855442
214855452
214855462
214855472
214855482
214855492
214855502
214855512
214855522
214855532
214855542
214855552
214855563
214855573
214855583
214855593
214855603
214855613
214855623
214855633
214855643
214855653
214855663
214855673
214855683
214855693
214855703
214855713
214855723
214855733
214855744
214855754
214855764
214855774
214855784
214855794
214855804
214855814
214855824
214855834
214855844
214855854
214855864
214855874
214855884
214855894
214855904
214855914
214855925
214855935
214855945
214855955
214855965
214855975
214855985
214855995
214856005
214856015
214856025
214856035
214856045
214856055
214856065
214856075
214856085
214856095
214856106
214856116
214856126
214856136
214856146
214856156
214856166
214856176
214856186
214856196
214856206
214856216
214856226
214856236
214856246
214856256
214856266
214856276
214856287
214856297
214856307
214856317
214856327
214856337
214856347
214856357
214856367
214856377
214856387
214856397
214856407
214856417
214856427
214856437
214856447
214856457
214856468
214856478
214856488
214856498
214856508
214856518
214856528
214856538
214856548
214856558
214856568
214856578
214856588
214856598
214856608
214856618
214856628
214856638
214856648
214856659
214856669
214856679
214856689
214856699
214856709
214856719
214856729
214856739
214856749
214856759
214856769
214856779
214856789
214856799
214856809
214856819
214856829
214856840
214856850
214856860
214856870
214856880
214856890
214856900
214856910
214856920
214856930
214856940
214856950
214856960
214856970
214856980
214856990
214857000
214857010
214857021
214857031
214857041
214857051
214857061
214857071
214857081
214857091
214857101
214857111
214857121
214857131
214857141
214857151
214857161
214857171
214857181
214857191
214857202
214857212
214857222
214857232
214857242
214857252
214857262
214857272
214857282
214857292
214857302
214857312
214857322
214857332
214857342
214857352
214857362
214857372
214857383
214857393
214857403
214857413
214857423
214857433
214857443
214857453
214857463
214857473
214857483
214857493
214857503
214857513
214857523
214857533
214857543
214857553
214857564
214857574
214857584
214857594
214857604
214857614
214857624
214857634
214857644
214857654
214857664
214857674
214857684
214857694
214857704
214857714
214857724
214857734
214857744
214857755
214857765
214857775
214857785
214857795
214857805
214857815
214857825
214857835
214857845
214857855
214857865
214857875
214857885
214857895
214857905
214857915
214857925
214857936
214857946
214857956
214857966
214857976
214857986
214857996
214858006
214858016
214858026
214858036
214858046
214858056
214858066
214858076
214858086
214858096
214858106
214858117
214858127
214858137
214858147
214858157
214858167
214858177
214858187
214858197
214858207
214858217
214858227
214858237
214858247
214858257
214858267
214858277
214858287
214858298
214858308
214858318
214858328
214858338
214858348
214858358
214858368
214858378
214858388
214858398
214858408
214858418
214858428
214858438
214858448
214858458
214858468
214858479
214858489
214858499
214858509
214858519
214858529
214858539
214858549
214858559
214858569
214858579
214858589
214858599
214858609
214858619
214858629
214858639
214858649
214858660
214858670
214858680
214858690
214858700
214858710
214858720
214858730
214858740
214858750
214858760
214858770
214858780
214858790
214858800
214858810
214858820
214858830
214858840
214858851
214858861
214858871
214858881
214858891
214858901
214858911
214858921
214858931
214858941
214858951
214858961
214858971
214858981
214858991
214859001
214859011
214859021
214859032
214859042
214859052
214859062
214859072
214859082
214859092
214859102
214859112
214859122
214859132
214859142
214859152
214859162
214859172
214859182
214859192
214859202
214859213
214859223
214859233
214859243
214859253
214859263
214859273
214859283
214859293
214859303
214859313
214859323
214859333
214859343
214859353
214859363
214859373
214859383
214859394
214859404
214859414
214859424
214859434
214859444
214859454
214859464
214859474
214859484
214859494
214859504
214859514
214859524
214859534
214859544
214859554
214859564
214859575
214859585
214859595
214859605
214859615
214859625
214859635
214859645
214859655
214859665
214859675
214859685
214859695
214859705
214859715
214859725
214859735
214859745
214859756
214859766
214859776
214859786
214859796
214859806
214859816
214859826
214859836
214859846
214859856
214859866
214859876
214859886
214859896
214859906
214859916
214859926
214859936
214859947
214859957
214859967
214859977
214859987
214859997
214860007
214860017
214860027
214860037
214860047
214860057
214860067
214860077
214860087
214860097
214860107
214860117
214860128
214860138
214860148
214860158
214860168
214860178
214860188
214860198
214860208
214860218
214860228
214860238
214860248
214860258
214860268
214860278
214860288
214860298
214860309
214860319
214860329
214860339
214860349
214860359
214860369
214860379
214860389
214860399
214860409
214860419
214860429
214860439
214860449
214860459
214860469
214860479
214860490
214860500
214860510
214860520
214860530
214860540
214860550
214860560
214860570
214860580
214860590
214860600
214860610
214860620
214860630
214860640
214860650
214860660
214860671
214860681
214860691
214860701
214860711
214860721
214860731
214860741
214860751
214860761
214860771
214860781
214860791
214860801
214860811
214860821
214860831
214860841
214860852
214860862
214860872
214860882
214860892
214860902
214860912
214860922
214860932
214860942
214860952
214860962
214860972
214860982
214860992
214861002
214861012
214861022
214861033
214861043
214861053
214861063
214861073
214861083
214861093
214861103
214861113
214861123
214861133
214861143
214861153
214861163
214861173
214861183
214861193
214861203
214861213
214861224
214861234
214861244
214861254
214861264
214861274
214861284
214861294
214861304
214861314
214861324
214861334
214861344
214861354
214861364
214861374
214861384
214861394
214861405
214861415
214861425
214861435
214861445
214861455
214861465
214861475
214861485
214861495
214861505
214861515
214861525
214861535
214861545
214861555
214861565
214861575
214861586
214861596
214861606
214861616
214861626
214861636
214861646
214861656
214861666
214861676
214861686
214861696
214861706
214861716
214861726
214861736
214861746
214861756
214861767
214861777
214861787
214861797
214861807
214861817
214861827
214861837
214861847
214861857
214861867
214861877
214861887
214861897
214861907
214861917
214861927
214861937
214861948
214861958
214861968
214861978
214861988
214861998
214862008
214862018
214862028
214862038
214862048
214862058
214862068
214862078
214862088
214862098
214862108
214862118
214862129
214862139
214862149
214862159
214862169
214862179
214862189
214862199
214862209
214862219
214862229
214862239
214862249
214862259
214862269
214862279
214862289
214862299
214862309
214862320
214862330
214862340
214862350
214862360
214862370
214862380
214862390
214862400
214862410
214862420
214862430
214862440
214862450
214862460
214862470
214862480
214862490
214862501
214862511
214862521
214862531
214862541
214862551
214862561
214862571
214862581
214862591
214862601
214862611
214862621
214862631
214862641
214862651
214862661
214862671
214862682
214862692
214862702
214862712
214862722
214862732
214862742
214862752
214862762
214862772
214862782
214862792
214862802
214862812
214862822
214862832
214862842
214862852
214862863
214862873
214862883
214862893
214862903
214862913
214862923
214862933
214862943
214862953
214862963
214862973
214862983
214862993
214863003
214863013
214863023
214863033
214863044
214863054
214863064
214863074
214863084
214863094
214863104
214863114
214863124
214863134
214863144
214863154
214863164
214863174
214863184
214863194
214863204
214863214
214863225
214863235
214863245
214863255
214863265
214863275
214863285
214863295
214863305
214863315
214863325
214863335
214863345
214863355
214863365
214863375
214863385
214863395
214863405
214863416
214863426
214863436
214863446
214863456
214863466
214863476
214863486
214863496
214863506
214863516
214863526
214863536
214863546
214863556
214863566
214863576
214863586
214863597
214863607
214863617
214863627
214863637
214863647
214863657
214863667
214863677
214863687
214863697
214863707
214863717
214863727
214863737
214863747
214863757
214863767
214863778
214863788
214863798
214863808
214863818
214863828
214863838
214863848
214863858
214863868
214863878
214863888
214863898
214863908
214863918
214863928
214863938
214863948
214863959
214863969
214863979
214863989
214863999
214864009
214864019
214864029
214864039
214864049
214864059
214864069
214864079
214864089
214864099
214864109
214864119
214864129
214864140
214864150
214864160
214864170
214864180
214864190
214864200
214864210
214864220
214864230
214864240
214864250
214864260
214864270
214864280
214864290
214864300
214864310
214864321
214864331
214864341
214864351
214864361
214864371
214864381
214864391
214864401
214864411
214864421
214864431
214864441
214864451
214864461
214864471
214864481
214864491
214864502
214864512
214864522
214864532
214864542
214864552
214864562
214864572
214864582
214864592
214864602
214864612
214864622
214864632
214864642
214864652
214864662
214864672
214864682
214864693
214864703
214864713
214864723
214864733
214864743
214864753
214864763
214864773
214864783
214864793
214864803
214864813
214864823
214864833
214864843
214864853
214864863
214864874
214864884
214864894
214864904
214864914
214864924
214864934
214864944
214864954
214864964
214864974
214864984
214864994
214865004
214865014
214865024
214865034
214865044
214865055
214865065
214865075
214865085
214865095
214865105
214865115
214865125
214865135
214865145
214865155
214865165
214865175
214865185
214865195
214865205
214865215
214865225
214865236
214865246
214865256
214865266
214865276
214865286
214865296
214865306
214865316
214865326
214865336
214865346
214865356
214865366
214865376
214865386
214865396
214865406
214865417
214865427
214865437
214865447
214865457
214865467
214865477
214865487
214865497
214865507
214865517
214865527
214865537
214865547
214865557
214865567
214865577
214865587
214865598
214865608
214865618
214865628
214865638
214865648
214865658
214865668
214865678
214865688
214865698
214865708
214865718
214865728
214865738
214865748
214865758
214865768
214865778
214865789
214865799
214865809
214865819
214865829
214865839
214865849
214865859
214865869
214865879
214865889
214865899
214865909
214865919
214865929
214865939
214865949
214865959
214865970
214865980
214865990
214866000
214866010
214866020
214866030
214866040
214866050
214866060
214866070
214866080
214866090
214866100
214866110
214866120
214866130
214866140
214866151
214866161
214866171
214866181
214866191
214866201
214866211
214866221
214866231
214866241
214866251
214866261
214866271
214866281
214866291
214866301
214866311
214866321
214866332
214866342
214866352
214866362
214866372
214866382
214866392
214866402
214866412
214866422
214866432
214866442
214866452
214866462
214866472
214866482
214866492
214866502
214866513
214866523
214866533
214866543
214866553
214866563
214866573
214866583
214866593
214866603
214866613
214866623
214866633
214866643
214866653
214866663
214866673
214866683
214866694
214866704
214866714
214866724
214866734
214866744
214866754
214866764
214866774
214866784
214866794
214866804
214866814
214866824
214866834
214866844
214866854
214866864
214866874
214866885
214866895
214866905
214866915
214866925
214866935
214866945
214866955
214866965
214866975
214866985
214866995
214867005
214867015
214867025
214867035
214867045
214867055
214867066
214867076
214867086
214867096
214867106
214867116
214867126
214867136
214867146
214867156
214867166
214867176
214867186
214867196
214867206
214867216
214867226
214867236
214867247
214867257
214867267
214867277
214867287
214867297
214867307
214867317
214867327
214867337
214867347
214867357
214867367
214867377
214867387
214867397
214867407
214867417
214867428
214867438
214867448
214867458
214867468
214867478
214867488
214867498
214867508
214867518
214867528
214867538
214867548
214867558
214867568
214867578
214867588
214867598
214867609
214867619
214867629
214867639
214867649
214867659
214867669
214867679
214867689
214867699
214867709
214867719
214867729
214867739
214867749
214867759
214867769
214867779
214867790
214867800
214867810
214867820
214867830
214867840
214867850
214867860
214867870
214867880
214867890
214867900
214867910
214867920
214867930
214867940
214867950
214867960
214867971
214867981
214867991
214868001
214868011
214868021
214868031
214868041
214868051
214868061
214868071
214868081
214868091
214868101
214868111
214868121
214868131
214868141
214868151
214868162
214868172
214868182
214868192
214868202
214868212
214868222
214868232
214868242
214868252
214868262
214868272
214868282
214868292
214868302
214868312
214868322
214868332
214868343
214868353
214868363
214868373
214868383
214868393
214868403
214868413
214868423
214868433
214868443
214868453
214868463
214868473
214868483
214868493
214868503
214868513
214868524
214868534
214868544
214868554
214868564
214868574
214868584
214868594
214868604
214868614
214868624
214868634
214868644
214868654
214868664
214868674
214868684
214868694
214868705
214868715
214868725
214868735
214868745
214868755
214868765
214868775
214868785
214868795
214868805
214868815
214868825
214868835
214868845
214868855
214868865
214868875
214868886
214868896
214868906
214868916
214868926
214868936
214868946
214868956
214868966
214868976
214868986
214868996
214869006
214869016
214869026
214869036
214869046
214869056
214869067
214869077
214869087
214869097
214869107
214869117
214869127
214869137
214869147
214869157
214869167
214869177
214869187
214869197
214869207
214869217
214869227
214869237
214869247
214869258
214869268
214869278
214869288
214869298
214869308
214869318
214869328
214869338
214869348
214869358
214869368
214869378
214869388
214869398
214869408
214869418
214869428
214869439
214869449
214869459
214869469
214869479
214869489
214869499
214869509
214869519
214869529
214869539
214869549
214869559
214869569
214869579
214869589
214869599
214869609
214869620
214869630
214869640
214869650
214869660
214869670
214869680
214869690
214869700
214869710
214869720
214869730
214869740
214869750
214869760
214869770
214869780
214869790
214869801
214869811
214869821
214869831
214869841
214869851
214869861
214869871
214869881
214869891
214869901
214869911
214869921
214869931
214869941
214869951
214869961
214869971
214869982
214869992
214870002
214870012
214870022
214870032
214870042
214870052
214870062
214870072
214870082
214870092
214870102
214870112
214870122
214870132
214870142
214870152
214870163
214870173
214870183
214870193
214870203
214870213
214870223
214870233
214870243
214870253
214870263
214870273
214870283
214870293
214870303
214870313
214870323
214870333
214870344
214870354
214870364
214870374
214870384
214870394
214870404
214870414
214870424
214870434
214870444
214870454
214870464
214870474
214870484
214870494
214870504
214870514
214870524
214870535
214870545
214870555
214870565
214870575
214870585
214870595
214870605
214870615
214870625
214870635
214870645
214870655
214870665
214870675
214870685
214870695
214870705
214870716
214870726
214870736
214870746
214870756
214870766
214870776
214870786
214870796
214870806
214870816
214870826
214870836
214870846
214870856
214870866
214870876
214870886
214870897
214870907
214870917
214870927
214870937
214870947
214870957
214870967
214870977
214870987
214870997
214871007
214871017
214871027
214871037
214871047
214871057
214871067
214871078
214871088
214871098
214871108
214871118
214871128
214871138
214871148
214871158
214871168
214871178
214871188
214871198
214871208
214871218
214871228
214871238
214871248
214871259
214871269
214871279
214871289
214871299
214871309
214871319
214871329
214871339
214871349
214871359
214871369
214871379
214871389
214871399
214871409
214871419
214871429
214871440
214871450
214871460
214871470
214871480
214871490
214871500
214871510
214871520
214871530
214871540
214871550
214871560
214871570
214871580
214871590
214871600
214871610
214871620
214871631
214871641
214871651
214871661
214871671
214871681
214871691
214871701
214871711
214871721
214871731
214871741
214871751
214871761
214871771
214871781
214871791
214871801
214871812
214871822
214871832
214871842
214871852
214871862
214871872
214871882
214871892
214871902
214871912
214871922
214871932
214871942
214871952
214871962
214871972
214871982
214871993
214872003
214872013
214872023
214872033
214872043
214872053
214872063
214872073
214872083
214872093
214872103
214872113
214872123
214872133
214872143
214872153
214872163
214872174
214872184
214872194
214872204
214872214
214872224
214872234
214872244
214872254
214872264
214872274
214872284
214872294
214872304
214872314
214872324
214872334
214872344
214872355
214872365
214872375
214872385
214872395
214872405
214872415
214872425
214872435
214872445
214872455
214872465
214872475
214872485
214872495
214872505
214872515
214872525
214872536
214872546
214872556
214872566
214872576
214872586
214872596
214872606
214872616
214872626
214872636
214872646
214872656
214872666
214872676
214872686
214872696
214872706
214872716
214872727
214872737
214872747
214872757
214872767
214872777
214872787
214872797
214872807
214872817
214872827
214872837
214872847
214872857
214872867
214872877
214872887
214872897
214872908
214872918
214872928
214872938
214872948
214872958
214872968
214872978
214872988
214872998
214873008
214873018
214873028
214873038
214873048
214873058
214873068
214873078
214873089
214873099
214873109
214873119
214873129
214873139
214873149
214873159
214873169
214873179
214873189
214873199
214873209
214873219
214873229
214873239
214873249
214873259
214873270
214873280
214873290
214873300
214873310
214873320
214873330
214873340
214873350
214873360
214873370
214873380
214873390
214873400
214873410
214873420
214873430
214873440
214873451
214873461
214873471
214873481
214873491
214873501
214873511
214873521
214873531
214873541
214873551
214873561
214873571
214873581
214873591
214873601
214873611
214873621
214873632
214873642
214873652
214873662
214873672
214873682
214873692
214873702
214873712
214873722
214873732
214873742
214873752
214873762
214873772
214873782
214873792
214873802
214873813
214873823
214873833
214873843
214873853
214873863
214873873
214873883
214873893
214873903
214873913
214873923
214873933
214873943
214873953
214873963
214873973
214873983
214873993
214874004
214874014
214874024
214874034
214874044
214874054
214874064
214874074
214874084
214874094
214874104
214874114
214874124
214874134
214874144
214874154
214874164
214874174
214874185
214874195
214874205
214874215
214874225
214874235
214874245
214874255
214874265
214874275
214874285
214874295
214874305
214874315
214874325
214874335
214874345
214874355
214874366
214874376
214874386
214874396
214874406
214874416
214874426
214874436
214874446
214874456
214874466
214874476
214874486
214874496
214874506
214874516
214874526
214874536
214874547
214874557
214874567
214874577
214874587
214874597
214874607
214874617
214874627
214874637
214874647
214874657
214874667
214874677
214874687
214874697
214874707
214874717
214874728
214874738
214874748
214874758
214874768
214874778
214874788
214874798
214874808
214874818
214874828
214874838
214874848
214874858
214874868
214874878
214874888
214874898
214874909
214874919
214874929
214874939
214874949
214874959
214874969
214874979
214874989
214874999
214875009
214875019
214875029
214875039
214875049
214875059
214875069
214875079
214875089
214875100
214875110
214875120
214875130
214875140
214875150
214875160
214875170
214875180
214875190
214875200
214875210
214875220
214875230
214875240
214875250
214875260
214875270
214875281
214875291
214875301
214875311
214875321
214875331
214875341
214875351
214875361
214875371
214875381
214875391
214875401
214875411
214875421
214875431
214875441
214875451
214875462
214875472
214875482
214875492
214875502
214875512
214875522
214875532
214875542
214875552
214875562
214875572
214875582
214875592
214875602
214875612
214875622
214875632
214875643
214875653
214875663
214875673
214875683
214875693
214875703
214875713
214875723
214875733
214875743
214875753
214875763
214875773
214875783
214875793
214875803
214875813
214875824
214875834
214875844
214875854
214875864
214875874
214875884
214875894
214875904
214875914
214875924
214875934
214875944
214875954
214875964
214875974
214875984
214875994
214876005
214876015
214876025
214876035
214876045
214876055
214876065
214876075
214876085
214876095
214876105
214876115
214876125
214876135
214876145
214876155
214876165
214876175
214876186
214876196
214876206
214876216
214876226
214876236
214876246
214876256
214876266
214876276
214876286
214876296
214876306
214876316
214876326
214876336
214876346
214876356
214876366
214876377
214876387
214876397
214876407
214876417
214876427
214876437
214876447
214876457
214876467
214876477
214876487
214876497
214876507
214876517
214876527
214876537
214876547
214876558
214876568
214876578
214876588
214876598
214876608
214876618
214876628
214876638
214876648
214876658
214876668
214876678
214876688
214876698
214876708
214876718
214876728
214876739
214876749
214876759
214876769
214876779
214876789
214876799
214876809
214876819
214876829
214876839
214876849
214876859
214876869
214876879
214876889
214876899
214876909
214876920
214876930
214876940
214876950
214876960
214876970
214876980
214876990
214877000
214877010
214877020
214877030
214877040
214877050
214877060
214877070
214877080
214877090
214877101
214877111
214877121
214877131
214877141
214877151
214877161
214877171
214877181
214877191
214877201
214877211
214877221
214877231
214877241
214877251
214877261
214877271
214877282
214877292
214877302
214877312
214877322
214877332
214877342
214877352
214877362
214877372
214877382
214877392
214877402
214877412
214877422
214877432
214877442
214877452
214877462
214877473
214877483
214877493
214877503
214877513
214877523
214877533
214877543
214877553
214877563
214877573
214877583
214877593
214877603
214877613
214877623
214877633
214877643
214877654
214877664
214877674
214877684
214877694
214877704
214877714
214877724
214877734
214877744
214877754
214877764
214877774
214877784
214877794
214877804
214877814
214877824
214877835
214877845
214877855
214877865
214877875
214877885
214877895
214877905
214877915
214877925
214877935
214877945
214877955
214877965
214877975
214877985
214877995
214878005
214878016
214878026
214878036
214878046
214878056
214878066
214878076
214878086
214878096
214878106
214878116
214878126
214878136
214878146
214878156
214878166
214878176
214878186
214878197
214878207
214878217
214878227
214878237
214878247
214878257
214878267
214878277
214878287
214878297
214878307
214878317
214878327
214878337
214878347
214878357
214878367
214878378
214878388
214878398
214878408
214878418
214878428
214878438
214878448
214878458
214878468
214878478
214878488
214878498
214878508
214878518
214878528
214878538
214878548
214878559
214878569
214878579
214878589
214878599
214878609
214878619
214878629
214878639
214878649
214878659
214878669
214878679
214878689
214878699
214878709
214878719
214878729
214878739
214878750
214878760
214878770
214878780
214878790
214878800
214878810
214878820
214878830
214878840
214878850
214878860
214878870
214878880
214878890
214878900
214878910
214878920
214878931
214878941
214878951
214878961
214878971
214878981
214878991
214879001
214879011
214879021
214879031
214879041
214879051
214879061
214879071
214879081
214879091
214879101
214879112
214879122
214879132
214879142
214879152
214879162
214879172
214879182
214879192
214879202
214879212
214879222
214879232
214879242
214879252
214879262
214879272
214879282
214879293
214879303
214879313
214879323
214879333
214879343
214879353
214879363
214879373
214879383
214879393
214879403
214879413
214879423
214879433
214879443
214879453
214879463
214879474
214879484
214879494
214879504
214879514
214879524
214879534
214879544
214879554
214879564
214879574
214879584
214879594
214879604
214879614
214879624
214879634
214879644
214879655
214879665
214879675
214879685
214879695
214879705
214879715
214879725
214879735
214879745
214879755
214879765
214879775
214879785
214879795
214879805
214879815
214879825
214879836
214879846
214879856
214879866
214879876
214879886
214879896
214879906
214879916
214879926
214879936
214879946
214879956
214879966
214879976
214879986
214879996
214880006
214880016
214880027
214880037
214880047
214880057
214880067
214880077
214880087
214880097
214880107
214880117
214880127
214880137
214880147
214880157
214880167
214880177
214880187
214880197
214880208
214880218
214880228
214880238
214880248
214880258
214880268
214880278
214880288
214880298
214880308
214880318
214880328
214880338
214880348
214880358
214880368
214880378
214880389
214880399
214880409
214880419
214880429
214880439
214880449
214880459
214880469
214880479
214880489
214880499
214880509
214880519
214880529
214880539
214880549
214880559
214880570
214880580
214880590
214880600
214880610
214880620
214880630
214880640
214880650
214880660
214880670
214880680
214880690
214880700
214880710
214880720
214880730
214880740
214880751
214880761
214880771
214880781
214880791
214880801
214880811
214880821
214880831
214880841
214880851
214880861
214880871
214880881
214880891
214880901
214880911
214880921
214880932
214880942
214880952
214880962
214880972
214880982
214880992
214881002
214881012
214881022
214881032
214881042
214881052
214881062
214881072
214881082
214881092
214881102
214881112
214881123
214881133
214881143
214881153
214881163
214881173
214881183
214881193
214881203
214881213
214881223
214881233
214881243
214881253
214881263
214881273
214881283
214881293
214881304
214881314
214881324
214881334
214881344
214881354
214881364
214881374
214881384
214881394
214881404
214881414
214881424
214881434
214881444
214881454
214881464
214881474
214881485
214881495
214881505
214881515
214881525
214881535
214881545
214881555
214881565
214881575
214881585
214881595
214881605
214881615
214881625
214881635
214881645
214881655
214881666
214881676
214881686
214881696
214881706
214881716
214881726
214881736
214881746
214881756
214881766
214881776
214881786
214881796
214881806
214881816
214881826
214881836
214881847
214881857
214881867
214881877
214881887
214881897
214881907
214881917
214881927
214881937
214881947
214881957
214881967
214881977
214881987
214881997
214882007
214882017
214882028
214882038
214882048
214882058
214882068
214882078
214882088
214882098
214882108
214882118
214882128
214882138
214882148
214882158
214882168
214882178
214882188
214882198
214882209
214882219
214882229
214882239
214882249
214882259
214882269
214882279
214882289
214882299
214882309
214882319
214882329
214882339
214882349
214882359
214882369
214882379
214882389
214882400
214882410
214882420
214882430
214882440
214882450
214882460
214882470
214882480
214882490
214882500
214882510
214882520
214882530
214882540
214882550
214882560
214882570
214882581
214882591
214882601
214882611
214882621
214882631
214882641
214882651
214882661
214882671
214882681
214882691
214882701
214882711
214882721
214882731
214882741
214882751
214882762
214882772
214882782
214882792
214882802
214882812
214882822
214882832
214882842
214882852
214882862
214882872
214882882
214882892
214882902
214882912
214882922
214882932
214882943
214882953
214882963
214882973
214882983
214882993
214883003
214883013
214883023
214883033
214883043
214883053
214883063
214883073
214883083
214883093
214883103
214883113
214883124
214883134
214883144
214883154
214883164
214883174
214883184
214883194
214883204
214883214
214883224
214883234
214883244
214883254
214883264
214883274
214883284
214883294
214883305
214883315
214883325
214883335
214883345
214883355
214883365
214883375
214883385
214883395
214883405
214883415
214883425
214883435
214883445
214883455
214883465
214883475
214883486
214883496
214883506
214883516
214883526
214883536
214883546
214883556
214883566
214883576
214883586
214883596
214883606
214883616
214883626
214883636
214883646
214883656
214883666
214883677
214883687
214883697
214883707
214883717
214883727
214883737
214883747
214883757
214883767
214883777
214883787
214883797
214883807
214883817
214883827
214883837
214883847
214883858
214883868
214883878
214883888
214883898
214883908
214883918
214883928
214883938
214883948
214883958
214883968
214883978
214883988
214883998
214884008
214884018
214884028
214884039
214884049
214884059
214884069
214884079
214884089
214884099
214884109
214884119
214884129
214884139
214884149
214884159
214884169
214884179
214884189
214884199
214884209
214884220
214884230
214884240
214884250
214884260
214884270
214884280
214884290
214884300
214884310
214884320
214884330
214884340
214884350
214884360
214884370
214884380
214884390
214884401
214884411
214884421
214884431
214884441
214884451
214884461
214884471
214884481
214884491
214884501
214884511
214884521
214884531
214884541
214884551
214884561
214884571
214884582
214884592
214884602
214884612
214884622
214884632
214884642
214884652
214884662
214884672
214884682
214884692
214884702
214884712
214884722
214884732
214884742
214884752
214884762
214884773
214884783
214884793
214884803
214884813
214884823
214884833
214884843
214884853
214884863
214884873
214884883
214884893
214884903
214884913
214884923
214884933
214884943
214884954
214884964
214884974
214884984
214884994
214885004
214885014
214885024
214885034
214885044
214885054
214885064
214885074
214885084
214885094
214885104
214885114
214885124
214885135
214885145
214885155
214885165
214885175
214885185
214885195
214885205
214885215
214885225
214885235
214885245
214885255
214885265
214885275
214885285
214885295
214885305
214885316
214885326
214885336
214885346
214885356
214885366
214885376
214885386
214885396
214885406
214885416
214885426
214885436
214885446
214885456
214885466
214885476
214885486
214885497
214885507
214885517
214885527
214885537
214885547
214885557
214885567
214885577
214885587
214885597
214885607
214885617
214885627
214885637
214885647
214885657
214885667
214885678
214885688
214885698
214885708
214885718
214885728
214885738
214885748
214885758
214885768
214885778
214885788
214885798
214885808
214885818
214885828
214885838
214885848
214885859
214885869
214885879
214885889
214885899
214885909
214885919
214885929
214885939
214885949
214885959
214885969
214885979
214885989
214885999
214886009
214886019
214886029
214886039
214886050
214886060
214886070
214886080
214886090
214886100
214886110
214886120
214886130
214886140
214886150
214886160
214886170
214886180
214886190
214886200
214886210
214886220
214886231
214886241
214886251
214886261
214886271
214886281
214886291
214886301
214886311
214886321
214886331
214886341
214886351
214886361
214886371
214886381
214886391
214886401
214886412
214886422
214886432
214886442
214886452
214886462
214886472
214886482
214886492
214886502
214886512
214886522
214886532
214886542
214886552
214886562
214886572
214886582
214886593
214886603
214886613
214886623
214886633
214886643
214886653
214886663
214886673
214886683
214886693
214886703
214886713
214886723
214886733
214886743
214886753
214886763
214886774
214886784
214886794
214886804
214886814
214886824
214886834
214886844
214886854
214886864
214886874
214886884
214886894
214886904
214886914
214886924
214886934
214886944
214886955
214886965
214886975
214886985
214886995
214887005
214887015
214887025
214887035
214887045
214887055
214887065
214887075
214887085
214887095
214887105
214887115
214887125
214887136
214887146
214887156
214887166
214887176
214887186
214887196
214887206
214887216
214887226
214887236
214887246
214887256
214887266
214887276
214887286
214887296
214887306
214887316
214887327
214887337
214887347
214887357
214887367
214887377
214887387
214887397
214887407
214887417
214887427
214887437
214887447
214887457
214887467
214887477
214887487
214887497
214887508
214887518
214887528
214887538
214887548
214887558
214887568
214887578
214887588
214887598
214887608
214887618
214887628
214887638
214887648
214887658
214887668
214887678
214887689
214887699
214887709
214887719
214887729
214887739
214887749
214887759
214887769
214887779
214887789
214887799
214887809
214887819
214887829
214887839
214887849
214887859
214887870
214887880
214887890
214887900
214887910
214887920
214887930
214887940
214887950
214887960
214887970
214887980
214887990
214888000
214888010
214888020
214888030
214888040
214888051
214888061
214888071
214888081
214888091
214888101
214888111
214888121
214888131
214888141
214888151
214888161
214888171
214888181
214888191
214888201
214888211
214888221
214888232
214888242
214888252
214888262
214888272
214888282
214888292
214888302
214888312
214888322
214888332
214888342
214888352
214888362
214888372
214888382
214888392
214888402
214888413
214888423
214888433
214888443
214888453
214888463
214888473
214888483
214888493
214888503
214888513
214888523
214888533
214888543
214888553
214888563
214888573
214888583
214888593
214888604
214888614
214888624
214888634
214888644
214888654
214888664
214888674
214888684
214888694
214888704
214888714
214888724
214888734
214888744
214888754
214888764
214888774
214888785
214888795
214888805
214888815
214888825
214888835
214888845
214888855
214888865
214888875
214888885
214888895
214888905
214888915
214888925
214888935
214888945
214888955
214888966
214888976
214888986
214888996
214889006
214889016
214889026
214889036
214889046
214889056
214889066
214889076
214889086
214889096
214889106
214889116
214889126
214889136
214889147
214889157
214889167
214889177
214889187
214889197
214889207
214889217
214889227
214889237
214889247
214889257
214889267
214889277
214889287
214889297
214889307
214889317
214889328
214889338
214889348
214889358
214889368
214889378
214889388
214889398
214889408
214889418
214889428
214889438
214889448
214889458
214889468
214889478
214889488
214889498
214889509
214889519
214889529
214889539
214889549
214889559
214889569
214889579
214889589
214889599
214889609
214889619
214889629
214889639
214889649
214889659
214889669
214889679
214889689
214889700
214889710
214889720
214889730
214889740
214889750
214889760
214889770
214889780
214889790
214889800
214889810
214889820
214889830
214889840
214889850
214889860
214889870
214889881
214889891
214889901
214889911
214889921
214889931
214889941
214889951
214889961
214889971
214889981
214889991
214890001
214890011
214890021
214890031
214890041
214890051
214890062
214890072
214890082
214890092
214890102
214890112
214890122
214890132
214890142
214890152
214890162
214890172
214890182
214890192
214890202
214890212
214890222
214890232
214890243
214890253
214890263
214890273
214890283
214890293
214890303
214890313
214890323
214890333
214890343
214890353
214890363
214890373
214890383
214890393
214890403
214890413
214890424
214890434
214890444
214890454
214890464
214890474
214890484
214890494
214890504
214890514
214890524
214890534
214890544
214890554
214890564
214890574
214890584
214890594
214890605
214890615
214890625
214890635
214890645
214890655
214890665
214890675
214890685
214890695
214890705
214890715
214890725
214890735
214890745
214890755
214890765
214890775
214890786
214890796
214890806
214890816
214890826
214890836
214890846
214890856
214890866
214890876
214890886
214890896
214890906
214890916
214890926
214890936
214890946
214890956
214890966
214890977
214890987
214890997
214891007
214891017
214891027
214891037
214891047
214891057
214891067
214891077
214891087
214891097
214891107
214891117
214891127
214891137
214891147
214891158
214891168
214891178
214891188
214891198
214891208
214891218
214891228
214891238
214891248
214891258
214891268
214891278
214891288
214891298
214891308
214891318
214891328
214891339
214891349
214891359
214891369
214891379
214891389
214891399
214891409
214891419
214891429
214891439
214891449
214891459
214891469
214891479
214891489
214891499
214891509
214891520
214891530
214891540
214891550
214891560
214891570
214891580
214891590
214891600
214891610
214891620
214891630
214891640
214891650
214891660
214891670
214891680
214891690
214891701
214891711
214891721
214891731
214891741
214891751
214891761
214891771
214891781
214891791
214891801
214891811
214891821
214891831
214891841
214891851
214891861
214891871
214891882
214891892
214891902
214891912
214891922
214891932
214891942
214891952
214891962
214891972
214891982
214891992
214892002
214892012
214892022
214892032
214892042
214892052
214892063
214892073
214892083
214892093
214892103
214892113
214892123
214892133
214892143
214892153
214892163
214892173
214892183
214892193
214892203
214892213
214892223
214892233
214892243
214892254
214892264
214892274
214892284
214892294
214892304
214892314
214892324
214892334
214892344
214892354
214892364
214892374
214892384
214892394
214892404
214892414
214892424
214892435
214892445
214892455
214892465
214892475
214892485
214892495
214892505
214892515
214892525
214892535
214892545
214892555
214892565
214892575
214892585
214892595
214892605
214892616
214892626
214892636
214892646
214892656
214892666
214892676
214892686
214892696
214892706
214892716
214892726
214892736
214892746
214892756
214892766
214892776
214892786
214892797
214892807
214892817
214892827
214892837
214892847
214892857
214892867
214892877
214892887
214892897
214892907
214892917
214892927
214892937
214892947
214892957
214892967
214892978
214892988
214892998
214893008
214893018
214893028
214893038
214893048
214893058
214893068
214893078
214893088
214893098
214893108
214893118
214893128
214893138
214893148
214893159
214893169
214893179
214893189
214893199
214893209
214893219
214893229
214893239
214893249
214893259
214893269
214893279
214893289
214893299
214893309
214893319
214893329
214893340
214893350
214893360
214893370
214893380
214893390
214893400
214893410
214893420
214893430
214893440
214893450
214893460
214893470
214893480
214893490
214893500
214893510
214893520
214893531
214893541
214893551
214893561
214893571
214893581
214893591
214893601
214893611
214893621
214893631
214893641
214893651
214893661
214893671
214893681
214893691
214893701
214893712
214893722
214893732
214893742
214893752
214893762
214893772
214893782
214893792
214893802
214893812
214893822
214893832
214893842
214893852
214893862
214893872
214893882
214893893
214893903
214893913
214893923
214893933
214893943
214893953
214893963
214893973
214893983
214893993
214894003
214894013
214894023
214894033
214894043
214894053
214894063
214894074
214894084
214894094
214894104
214894114
214894124
214894134
214894144
214894154
214894164
214894174
214894184
214894194
214894204
214894214
214894224
214894234
214894244
214894255
214894265
