X,Y,Z
-25.880664825439453,-35.31288146972656,-20.8045654296875
-26.04891586303711,-35.238685607910156,-21.091537475585938
-26.213821411132812,-35.13949966430664,-21.270416259765625
-26.543487548828125,-34.82693862915039,-21.578079223632812
-26.937908172607422,-34.682289123535156,-21.5675048828125
-27.32802963256836,-34.42265701293945,-21.48663330078125
-27.744251251220703,-34.18934631347656,-21.385116577148438
-28.182430267333984,-33.88341522216797,-21.401748657226562
-28.67823028564453,-33.49144744873047,-21.452499389648438
-29.3819580078125,-32.84114456176758,-21.393142700195312
-30.14665985107422,-32.19007873535156,-21.285140991210938
-30.754581451416016,-31.587778091430664,-21.393783569335938
-31.417652130126953,-31.043304443359375,-21.588699340820312
-31.85186767578125,-30.40955352783203,-21.970413208007812
-32.28310775756836,-29.8173770904541,-22.331985473632812
-32.74509811401367,-29.27542495727539,-22.427581787109375
-33.09908676147461,-28.70834732055664,-22.578521728515625
-33.30730438232422,-28.279695510864258,-22.923690795898438
-33.31393814086914,-27.91607093811035,-23.399627685546875
-33.08534622192383,-27.64718246459961,-23.924545288085938
-32.904029846191406,-27.352060317993164,-24.301498413085938
-32.683074951171875,-27.250207901000977,-24.599258422851562
-32.538780212402344,-27.224287033081055,-24.822738647460938
-32.41059112548828,-27.504283905029297,-24.918258666992188
-32.182369232177734,-27.843490600585938,-24.837203979492188
-31.670795440673828,-28.43362045288086,-24.903305053710938
-30.823898315429688,-28.86199951171875,-25.40350341796875
-29.721134185791016,-29.22800064086914,-25.930938720703125
-28.90384292602539,-29.087291717529297,-26.761627197265625
-28.333023071289062,-28.399269104003906,-27.982070922851562
-28.115447998046875,-27.188440322875977,-29.2852783203125
-28.315715789794922,-25.525163650512695,-30.3878173828125
-28.690631866455078,-23.749000549316406,-31.494873046875
-29.03681182861328,-22.084339141845703,-32.38720703125
-29.241146087646484,-20.47002410888672,-33.16871643066406
-29.477745056152344,-19.149227142333984,-33.82225036621094
-29.864910125732422,-18.092933654785156,-34.097503662109375
-30.64932632446289,-17.16950035095215,-34.04252624511719
-31.554840087890625,-16.234464645385742,-33.62532043457031
-32.44240951538086,-15.112728118896484,-33.321044921875
-33.184234619140625,-13.848255157470703,-33.1771240234375
-33.5584716796875,-12.338417053222656,-33.344085693359375
-33.680580139160156,-10.522449493408203,-33.88502502441406
-33.85560607910156,-8.766489028930664,-34.30572509765625
-34.029762268066406,-7.016496658325195,-34.4915771484375
-34.438575744628906,-5.448610305786133,-34.507476806640625
-35.11677169799805,-4.370283126831055,-34.19309997558594
-35.84402084350586,-3.5375804901123047,-33.51670837402344
-36.743919372558594,-2.8101844787597656,-32.77015686035156
-37.592559814453125,-2.367330551147461,-31.778060913085938
-38.494407653808594,-2.130481719970703,-30.715789794921875
-39.42929458618164,-2.149799346923828,-29.598129272460938
-40.16068649291992,-2.4908008575439453,-28.902053833007812
-40.658145904541016,-2.842174530029297,-28.19769287109375
-40.76472854614258,-3.6989192962646484,-27.605422973632812
-40.7850227355957,-4.780187606811523,-27.185928344726562
-40.57563400268555,-6.245317459106445,-26.95965576171875
-40.28372573852539,-8.026905059814453,-26.686904907226562
-39.642333984375,-10.221759796142578,-26.347808837890625
-38.74568557739258,-12.499979019165039,-26.118759155273438
-37.26530075073242,-15.021818161010742,-25.857086181640625
-35.3044319152832,-17.449787139892578,-25.58526611328125
-33.0134391784668,-20.033632278442383,-25.342453002929688
-30.493606567382812,-22.51958465576172,-24.923553466796875
-27.545604705810547,-24.767629623413086,-24.3621826171875
-24.291378021240234,-26.537696838378906,-23.7667236328125
-20.60110092163086,-27.60419464111328,-23.416839599609375
-16.889678955078125,-27.86478614807129,-23.441726684570312
-13.492297172546387,-27.669700622558594,-23.4765625
-10.772326469421387,-27.71339225769043,-23.703109741210938
-8.204546928405762,-28.36581039428711,-24.081771850585938
-5.492316246032715,-30.096336364746094,-24.1842041015625
-2.004490852355957,-32.49565505981445,-23.96063232421875
2.766301155090332,-34.99440002441406,-22.993087768554688
8.453898429870605,-36.65580368041992,-21.365066528320312
14.501424789428711,-37.00797653198242,-19.395919799804688
20.32742691040039,-36.147613525390625,-17.488113403320312
25.51074981689453,-34.422943115234375,-15.824813842773438
30.13080596923828,-32.07271957397461,-14.7003173828125
33.814388275146484,-29.24269676208496,-13.8548583984375
36.62324905395508,-26.295440673828125,-13.801239013671875
38.813812255859375,-23.538955688476562,-14.017303466796875
40.2490119934082,-20.796356201171875,-14.478118896484375
41.137176513671875,-18.469764709472656,-15.1719970703125
41.883445739746094,-16.461097717285156,-15.774520874023438
42.44587326049805,-14.939130783081055,-15.905624389648438
43.07149124145508,-13.67001724243164,-15.600265502929688
43.746925354003906,-12.692792892456055,-14.849472045898438
44.499725341796875,-11.55546760559082,-13.553390502929688
45.343746185302734,-10.449295043945312,-12.1082763671875
46.1839485168457,-9.004846572875977,-10.484893798828125
47.14202880859375,-7.012517929077148,-9.100006103515625
47.803348541259766,-4.722055435180664,-7.9820404052734375
48.322288513183594,-2.11553955078125,-7.1392822265625
48.52124786376953,0.6291351318359375,-6.7848663330078125
48.387725830078125,3.6007957458496094,-6.96429443359375
47.85953140258789,6.925350189208984,-7.6032562255859375
47.03123092651367,10.3931884765625,-8.524932861328125
45.74171447753906,14.015026092529297,-9.827301025390625
43.8477668762207,17.823474884033203,-11.271469116210938
41.485103607177734,21.50121307373047,-12.975677490234375
38.93340301513672,24.93594741821289,-14.696151733398438
36.07936477661133,27.96945571899414,-16.026351928710938
33.14931106567383,30.683204650878906,-17.19390869140625
30.12894058227539,33.145408630371094,-18.356307983398438
26.839214324951172,35.73149871826172,-19.348220825195312
23.37386703491211,38.04784393310547,-20.260223388671875
19.691402435302734,40.156776428222656,-20.677703857421875
15.747203826904297,41.97483825683594,-20.9937744140625
11.737258911132812,43.13916015625,-21.34661865234375
7.988650321960449,43.889320373535156,-21.832061767578125
4.43867826461792,43.95916748046875,-22.694168090820312
1.0611133575439453,43.56462860107422,-23.823638916015625
-2.1311521530151367,42.89978790283203,-25.256591796875
-5.227810859680176,41.91168975830078,-26.533401489257812
-8.388257026672363,40.774261474609375,-27.567459106445312
-11.725760459899902,39.47981262207031,-28.413345336914062
-15.227181434631348,38.00205993652344,-28.979629516601562
-18.732791900634766,36.14332580566406,-29.397903442382812
-22.324295043945312,33.727386474609375,-29.917007446289062
-25.74728012084961,30.61632537841797,-30.757904052734375
-28.593978881835938,26.87042999267578,-32.04286193847656
-30.72967529296875,22.532127380371094,-33.48799133300781
-32.07996368408203,17.659320831298828,-35.058746337890625
-32.81448745727539,12.555206298828125,-36.45899963378906
-32.86929702758789,7.1787109375,-37.74742126464844
-32.34506607055664,1.564300537109375,-38.66734313964844
-31.153400421142578,-3.9472713470458984,-39.29374694824219
-29.314056396484375,-9.191898345947266,-39.75205993652344
-26.374164581298828,-14.042013168334961,-40.17376708984375
-22.449962615966797,-18.343433380126953,-40.63319396972656
-17.58831024169922,-22.131771087646484,-40.78096008300781
-11.754179954528809,-25.231914520263672,-40.69244384765625
-5.4495744705200195,-27.619365692138672,-40.47410583496094
1.041250228881836,-28.959274291992188,-39.65338134765625
7.48214864730835,-29.22136688232422,-38.42054748535156
13.586532592773438,-28.56426239013672,-37.041412353515625
18.782499313354492,-26.97472381591797,-35.9769287109375
23.128318786621094,-24.36626625061035,-35.28138732910156
26.32581329345703,-21.21364402770996,-34.98565673828125
28.67526626586914,-17.36939811706543,-35.17066955566406
30.164932250976562,-13.299720764160156,-35.80732727050781
30.563976287841797,-9.21586799621582,-36.867645263671875
29.7896728515625,-5.173183441162109,-38.14006042480469
27.970104217529297,-1.1757736206054688,-39.731231689453125
24.990158081054688,2.5804367065429688,-41.43389892578125
21.14496612548828,6.3411102294921875,-42.883514404296875
16.460491180419922,9.960437774658203,-44.21818542480469
11.158288955688477,13.113170623779297,-45.13043212890625
5.330297470092773,15.593364715576172,-45.3668212890625
-0.636225700378418,17.030467987060547,-45.2049560546875
-6.636773109436035,17.553020477294922,-44.47740173339844
-12.0173921585083,17.089454650878906,-43.57466125488281
-16.448524475097656,15.910774230957031,-42.646881103515625
-19.86846923828125,14.636478424072266,-41.936767578125
-22.337112426757812,13.313522338867188,-41.52662658691406
-24.02853775024414,12.088813781738281,-40.97846984863281
-25.501651763916016,10.847965240478516,-40.70225524902344
-26.48077392578125,9.814807891845703,-40.434173583984375
-27.217987060546875,8.704330444335938,-40.17640686035156
-27.367233276367188,7.501125335693359,-40.05894470214844
-27.18075942993164,6.114173889160156,-40.180084228515625
-26.58932113647461,4.492271423339844,-40.34074401855469
-25.776905059814453,2.4014930725097656,-40.65159606933594
-24.566879272460938,0.008922576904296875,-40.96942138671875
-22.643802642822266,-2.5433101654052734,-41.27925109863281
-20.154170989990234,-5.037403106689453,-41.394561767578125
-17.124954223632812,-7.527130126953125,-41.51155090332031
-13.533856391906738,-9.759384155273438,-41.20042419433594
-9.749438285827637,-11.785293579101562,-40.40618896484375
-6.069777488708496,-13.534635543823242,-39.17665100097656
-2.7701711654663086,-15.076433181762695,-37.58872985839844
0.11209583282470703,-16.492815017700195,-36.082733154296875
2.400507926940918,-18.279314041137695,-34.73490905761719
4.629522323608398,-20.43558120727539,-33.81013488769531
7.107784748077393,-23.36458969116211,-32.58714294433594
10.028424263000488,-26.224811553955078,-30.97900390625
13.646017074584961,-28.58747673034668,-28.673736572265625
17.67399024963379,-30.184782028198242,-26.194686889648438
21.851083755493164,-30.974740982055664,-23.437759399414062
26.128833770751953,-30.540813446044922,-20.788467407226562
30.05529022216797,-29.421152114868164,-18.348312377929688
33.40645980834961,-27.578481674194336,-16.471603393554688
36.06614303588867,-25.403303146362305,-15.572418212890625
38.19671630859375,-23.045778274536133,-15.155181884765625
39.846927642822266,-20.83795166015625,-14.747970581054688
41.223167419433594,-18.69759750366211,-14.058456420898438
42.457366943359375,-16.817331314086914,-13.221389770507812
43.67481231689453,-15.156936645507812,-12.007415771484375
44.856021881103516,-13.398107528686523,-10.352767944335938
45.945552825927734,-11.52817153930664,-8.283233642578125
46.91522216796875,-9.437538146972656,-6.325714111328125
47.70844268798828,-7.209938049316406,-4.868499755859375
48.28354263305664,-4.505125045776367,-3.7844390869140625
48.58258056640625,-1.5610618591308594,-3.7301177978515625
48.568519592285156,1.536346435546875,-4.4039764404296875
47.98009490966797,4.631072998046875,-5.8531036376953125
47.10986328125,7.94683837890625,-8.1951904296875
45.68690490722656,11.093307495117188,-10.857986450195312
44.086204528808594,14.119636535644531,-13.862152099609375
41.858951568603516,16.860626220703125,-16.991348266601562
39.2288818359375,19.205371856689453,-20.20928955078125
36.03515625,21.65555191040039,-23.232574462890625
32.65394592285156,23.666709899902344,-26.109161376953125
29.131572723388672,25.40597152709961,-28.609344482421875
25.622093200683594,27.102088928222656,-30.599716186523438
22.43018341064453,28.464977264404297,-31.974700927734375
19.159996032714844,29.763809204101562,-32.92002868652344
16.17471694946289,31.158493041992188,-33.57057189941406
13.184385299682617,32.493934631347656,-33.847442626953125
10.14607048034668,33.716278076171875,-33.87376403808594
7.160611629486084,34.936607360839844,-33.79866027832031
4.0026044845581055,35.955345153808594,-33.63581848144531
0.9448184967041016,36.80853271484375,-33.171630859375
-2.0045385360717773,37.550140380859375,-32.6580810546875
-4.870278358459473,37.98847961425781,-32.018157958984375
-7.5641889572143555,38.44551086425781,-31.451385498046875
-10.004015922546387,38.646728515625,-30.8819580078125
-12.403548240661621,38.55493927001953,-30.208328247070312
-14.889090538024902,38.34375,-29.700515747070312
-17.321224212646484,37.720985412597656,-29.389694213867188
-19.82931900024414,36.75825500488281,-29.221145629882812
-22.167057037353516,35.22211456298828,-29.485244750976562
-24.42364501953125,33.081939697265625,-30.242584228515625
-26.698650360107422,30.52527618408203,-31.079116821289062
-28.619487762451172,27.407455444335938,-32.099609375
-30.222888946533203,23.998271942138672,-33.25889587402344
-31.505661010742188,20.185527801513672,-34.53297424316406
-32.289344787597656,16.133655548095703,-35.942962646484375
-32.49611282348633,11.82232666015625,-37.441497802734375
-32.25736999511719,7.178478240966797,-38.64924621582031
-31.241138458251953,2.5212173461914062,-39.868194580078125
-29.623790740966797,-2.1930007934570312,-40.89277648925781
-27.301799774169922,-6.892864227294922,-41.84684753417969
-24.104476928710938,-11.53143310546875,-42.428314208984375
-19.965450286865234,-16.023242950439453,-42.85127258300781
-14.999529838562012,-20.132205963134766,-42.77081298828125
-9.079995155334473,-23.605541229248047,-42.325347900390625
-2.6670637130737305,-26.16846466064453,-41.42051696777344
3.9370946884155273,-27.60818099975586,-40.172119140625
10.394813537597656,-27.719701766967773,-38.60142517089844
16.2828369140625,-27.016380310058594,-37.00128173828125
21.217071533203125,-25.658327102661133,-35.53117370605469
25.353378295898438,-23.7882080078125,-34.427825927734375
28.535125732421875,-21.285541534423828,-33.66790771484375
30.939468383789062,-18.136449813842773,-33.353240966796875
32.48563003540039,-14.601716995239258,-33.34620666503906
33.16139221191406,-10.818887710571289,-34.02598571777344
32.66845703125,-6.849029541015625,-35.18949890136719
31.247074127197266,-2.716266632080078,-36.67462158203125
28.653026580810547,1.5372848510742188,-38.38868713378906
24.893821716308594,5.7080078125,-40.56489562988281
20.226354598999023,9.568359375,-42.293853759765625
14.466699600219727,12.815963745117188,-43.75592041015625
7.94124174118042,15.35727310180664,-44.64436340332031
1.0518169403076172,17.101974487304688,-44.990936279296875
-5.854437828063965,17.54912567138672,-44.67048645019531
-12.26416301727295,17.088214874267578,-43.648895263671875
-17.77883529663086,15.683914184570312,-42.5985107421875
-21.849971771240234,13.83755111694336,-41.375640869140625
-24.781749725341797,11.745777130126953,-40.423309326171875
-26.961612701416016,9.566112518310547,-39.58161926269531
-28.591720581054688,7.524845123291016,-38.82124328613281
-29.98455047607422,6.053989410400391,-37.98475646972656
-31.02869415283203,4.717060089111328,-37.3348388671875
-31.69437026977539,3.5287628173828125,-36.74839782714844
-31.83315658569336,2.0918045043945312,-36.427886962890625
-31.523212432861328,0.12164688110351562,-36.21766662597656
-30.759498596191406,-2.3740577697753906,-36.03546142578125
-29.651958465576172,-5.356204986572266,-36.20088195800781
-27.77021026611328,-8.56894302368164,-36.25126647949219
-25.415626525878906,-11.902280807495117,-35.89532470703125
-22.360782623291016,-14.930749893188477,-35.34130859375
-18.502994537353516,-17.354846954345703,-34.52117919921875
-14.304451942443848,-19.045021057128906,-33.531036376953125
-10.175288200378418,-19.99178123474121,-32.48176574707031
-6.459294319152832,-20.72118377685547,-31.287521362304688
-3.3880128860473633,-21.819358825683594,-30.486099243164062
-0.5576963424682617,-24.02942657470703,-29.599105834960938
2.5759353637695312,-27.475261688232422,-28.125457763671875
6.181032180786133,-31.369117736816406,-25.5535888671875
10.251350402832031,-35.02375411987305,-21.748947143554688
14.46769905090332,-37.88274383544922,-16.931167602539062
18.60831642150879,-39.4764518737793,-11.249542236328125
22.677494049072266,-39.69732666015625,-5.052581787109375
26.663911819458008,-38.45755386352539,0.63592529296875
30.504253387451172,-35.960792541503906,5.274810791015625
34.45979309082031,-32.148704528808594,8.315292358398438
38.29551696777344,-27.63521957397461,9.59503173828125
41.79835891723633,-22.86198616027832,9.203689575195312
44.48820495605469,-17.967025756835938,7.4759674072265625
46.421817779541016,-13.33633041381836,4.999298095703125
47.68325424194336,-9.356548309326172,2.501220703125
48.435333251953125,-6.001117706298828,0.434295654296875
48.868377685546875,-3.104480743408203,-1.02728271484375
48.97377014160156,-0.5971527099609375,-2.00042724609375
48.95516586303711,1.6340560913085938,-2.633758544921875
48.66408157348633,3.959747314453125,-3.0189971923828125
48.34202194213867,6.125358581542969,-3.6287384033203125
48.09189224243164,8.331878662109375,-4.5234832763671875
47.6181755065918,10.654495239257812,-5.661163330078125
46.75984191894531,12.688274383544922,-7.4369049072265625
45.46955871582031,14.601173400878906,-9.864669799804688
43.84769058227539,16.348445892333984,-12.70440673828125
43.84769058227539,16.348445892333984,-12.70440673828125
42.0381965637207,17.832050323486328,-16.16705322265625
39.62030029296875,19.09127426147461,-19.8577880859375
36.822933197021484,20.102916717529297,-23.569564819335938
33.740543365478516,20.915515899658203,-26.892715454101562
30.39608383178711,21.709060668945312,-29.992446899414062
26.9459228515625,22.544200897216797,-32.54850769042969
23.410907745361328,23.577533721923828,-34.46125793457031
19.975082397460938,24.695087432861328,-35.70237731933594
16.71501922607422,25.93499755859375,-36.64613342285156
13.601377487182617,27.33191680908203,-37.15740966796875
10.547213554382324,28.818035125732422,-37.22906494140625
7.688584327697754,30.091182708740234,-37.06327819824219
5.093260765075684,31.419662475585938,-36.87237548828125
2.47379207611084,32.58915710449219,-36.56028747558594
-0.04437065124511719,33.55517578125,-35.89533996582031
-2.5848312377929688,34.2718505859375,-35.34199523925781
-4.984370231628418,34.80365753173828,-34.614471435546875
-7.226683616638184,35.35749816894531,-33.935272216796875
-9.457674980163574,35.652503967285156,-33.15715026855469
-11.61467456817627,35.809303283691406,-32.66595458984375
-13.754197120666504,35.646759033203125,-32.113006591796875
-15.542357444763184,35.28321075439453,-31.71771240234375
-17.335094451904297,34.54552459716797,-31.751358032226562
-19.07217025756836,33.290122985839844,-32.1678466796875
-20.438827514648438,31.595298767089844,-33.09980773925781
-21.781452178955078,28.981983184814453,-34.62779235839844
-23.23318099975586,25.420528411865234,-36.307464599609375
-24.575363159179688,21.1378173828125,-38.07499694824219
-25.8485107421875,16.18228530883789,-39.481231689453125
-26.815048217773438,10.77874755859375,-40.473175048828125
-27.390335083007812,5.380702972412109,-41.145965576171875
-27.285903930664062,-0.24316024780273438,-41.48443603515625
-26.19393539428711,-5.900081634521484,-41.63792419433594
-24.005088806152344,-11.277847290039062,-41.65281677246094
-20.410144805908203,-16.606718063354492,-41.587310791015625
-15.409680366516113,-21.328170776367188,-41.38470458984375
-9.324324607849121,-25.189289093017578,-40.74293518066406
-2.7964658737182617,-28.220733642578125,-39.455413818359375
4.007722854614258,-30.200927734375,-37.87828063964844
10.534008979797363,-30.86009979248047,-35.9996337890625
16.29717254638672,-30.22885513305664,-34.299102783203125
21.247699737548828,-28.62052345275879,-32.85546875
25.756980895996094,-25.950923919677734,-31.900390625
29.502838134765625,-22.27293586730957,-31.055862426757812
32.47747802734375,-18.104772567749023,-30.988418579101562
34.42937469482422,-13.426370620727539,-31.287139892578125
35.06238555908203,-8.558792114257812,-32.23255920410156
34.39399337768555,-3.6360950469970703,-33.83720397949219
32.44075012207031,1.25189208984375,-35.76109313964844
29.059856414794922,5.894279479980469,-37.84541320800781
24.568099975585938,10.034042358398438,-40.02764892578125
18.85002899169922,13.685432434082031,-41.946380615234375
12.645459175109863,16.612529754638672,-43.128662109375
6.082732200622559,18.544281005859375,-43.730621337890625
-0.38782215118408203,19.307723999023438,-43.79461669921875
-6.276888847351074,18.953041076660156,-43.68016052246094
-11.378291130065918,17.54564666748047,-43.54194641113281
-15.4895658493042,15.43160629272461,-43.234527587890625
-18.578189849853516,13.039131164550781,-42.85621643066406
-20.895774841308594,10.70901870727539,-42.48127746582031
-22.776378631591797,8.541614532470703,-42.01887512207031
-24.391895294189453,6.645469665527344,-41.59149169921875
-25.488506317138672,5.190830230712891,-41.11622619628906
-25.93482208251953,3.8197250366210938,-40.882232666015625
-25.641265869140625,2.5572509765625,-40.815460205078125
-24.632991790771484,1.03631591796875,-40.892364501953125
-23.083187103271484,-0.8754997253417969,-41.16105651855469
-20.868328094482422,-3.3066024780273438,-41.21415710449219
-18.180423736572266,-6.063518524169922,-41.069580078125
-15.143485069274902,-9.103919982910156,-40.55638122558594
-11.562949180603027,-11.950750350952148,-39.54180908203125
-7.83785343170166,-14.107461929321289,-37.87908935546875
-4.329405784606934,-15.456846237182617,-35.99076843261719
-1.365727424621582,-16.322114944458008,-34.19410705566406
0.9086208343505859,-17.328643798828125,-33.05059814453125
3.199324607849121,-19.072330474853516,-32.39707946777344
5.916444778442383,-21.58229637145996,-31.84356689453125
9.408292770385742,-24.35521697998047,-30.902313232421875
13.308052062988281,-26.85370635986328,-29.36004638671875
17.372417449951172,-28.732845306396484,-27.248687744140625
21.464561462402344,-29.75116729736328,-24.861480712890625
25.320966720581055,-29.954723358154297,-22.180801391601562
28.929759979248047,-29.331117630004883,-19.75848388671875
32.22867202758789,-27.751277923583984,-17.679519653320312
35.13913345336914,-25.711563110351562,-16.3350830078125
37.504329681396484,-23.234703063964844,-15.683731079101562
39.36836624145508,-20.663827896118164,-15.41302490234375
40.57743835449219,-18.606910705566406,-15.40728759765625
41.565486907958984,-16.894197463989258,-15.564437866210938
42.25743103027344,-15.940378189086914,-15.393356323242188
42.76312255859375,-15.570549011230469,-14.78155517578125
43.34490966796875,-15.33212661743164,-13.389816284179688
44.10597229003906,-14.80272102355957,-11.630294799804688
45.1456298828125,-13.87254524230957,-9.875579833984375
45.921142578125,-12.454326629638672,-8.611495971679688
46.531978607177734,-10.32305908203125,-8.247329711914062
46.85865020751953,-7.783496856689453,-8.773727416992188
46.96190643310547,-5.037467956542969,-9.99383544921875
46.80058288574219,-2.2998199462890625,-11.789306640625
46.12434387207031,0.5818824768066406,-13.736770629882812
44.91592025756836,3.2484703063964844,-16.10247802734375
43.41414260864258,5.876716613769531,-18.724288940429688
41.289939880371094,8.2701416015625,-21.728530883789062
38.616539001464844,10.181259155273438,-24.794174194335938
35.66877746582031,11.77410888671875,-27.908477783203125
32.51487350463867,12.966583251953125,-30.939041137695312
29.353046417236328,13.644084930419922,-33.845123291015625
26.45114517211914,14.053810119628906,-36.047637939453125
23.645479202270508,14.254768371582031,-37.81108093261719
20.80672836303711,14.291767120361328,-39.5546875
17.797266006469727,14.352447509765625,-41.24308776855469
14.685413360595703,14.655071258544922,-42.67626953125
11.190359115600586,15.436626434326172,-43.54643249511719
7.281325340270996,16.85205078125,-44.06840515136719
3.2341651916503906,19.057846069335938,-43.83453369140625
-0.9037971496582031,21.716304779052734,-42.89237976074219
-4.763659477233887,24.87265396118164,-41.306640625
-8.286904335021973,28.06774139404297,-39.118255615234375
-11.394890785217285,30.884300231933594,-36.561431884765625
-14.338973045349121,33.47314453125,-33.70005798339844
-17.025772094726562,35.430450439453125,-30.797637939453125
-19.869609832763672,36.762474060058594,-28.014434814453125
-22.54092025756836,37.59471130371094,-25.324920654296875
-25.289615631103516,37.852500915527344,-22.908462524414062
-27.842384338378906,37.56024932861328,-20.712081909179688
-30.416122436523438,36.867103576660156,-18.718948364257812
-33.04803466796875,35.87835693359375,-17.0975341796875
-35.36806869506836,34.364471435546875,-16.091659545898438
-37.52167892456055,32.26097106933594,-15.818359375
-39.450191497802734,29.56494903564453,-16.309844970703125
-41.10966873168945,26.483665466308594,-17.640945434570312
-42.13069534301758,22.728755950927734,-19.802490234375
-42.72623825073242,18.325389862060547,-22.372467041015625
-42.84052276611328,13.487861633300781,-25.26104736328125
-42.37315368652344,8.264213562011719,-27.9747314453125
-41.12936782836914,2.6248741149902344,-30.2208251953125
-39.394981384277344,-3.1779556274414062,-31.900054931640625
-37.08293914794922,-8.84793472290039,-33.17079162597656
-34.147560119628906,-14.215456008911133,-34.220855712890625
-30.209712982177734,-19.122629165649414,-35.311370849609375
-25.346065521240234,-23.07602310180664,-36.243011474609375
-19.36205291748047,-26.40365219116211,-37.067108154296875
-12.834712028503418,-28.962156295776367,-37.5125732421875
-5.62540340423584,-30.830047607421875,-37.37705993652344
1.406102180480957,-31.628551483154297,-36.84547424316406
8.118755340576172,-31.4293155670166,-36.123382568359375
14.076726913452148,-30.286949157714844,-35.17041015625
19.12063980102539,-28.412254333496094,-34.29707336425781
23.415760040283203,-25.832984924316406,-33.73106384277344
26.70132827758789,-22.60027313232422,-33.46464538574219
29.433006286621094,-18.78672218322754,-33.41664123535156
31.190975189208984,-14.773090362548828,-33.59355163574219
32.21737289428711,-10.541231155395508,-34.394989013671875
31.91492462158203,-6.3508758544921875,-35.6766357421875
30.383708953857422,-2.213409423828125,-37.25498962402344
28.030330657958984,1.7311477661132812,-38.95191955566406
24.676197052001953,5.346466064453125,-40.53521728515625
20.588905334472656,8.746162414550781,-42.01446533203125
15.793394088745117,11.815776824951172,-43.433319091796875
10.524964332580566,14.478321075439453,-44.18595886230469
5.229908466339111,16.41440200805664,-44.5703125
0.033072471618652344,17.596973419189453,-44.51679992675781
-4.841864585876465,18.017444610595703,-44.16905212402344
-9.1864595413208,17.8115234375,-43.75306701660156
-12.71410846710205,17.094974517822266,-43.3541259765625
-15.512383460998535,16.130882263183594,-42.863006591796875
-17.83285903930664,14.857841491699219,-42.35478210449219
-19.688018798828125,13.466255187988281,-41.91691589355469
-21.166889190673828,12.388252258300781,-41.70378112792969
-22.325435638427734,11.573345184326172,-41.36737060546875
-23.182369232177734,10.809436798095703,-41.11058044433594
-23.692764282226562,10.02364730834961,-41.01301574707031
-23.507347106933594,9.037792205810547,-41.095428466796875
-22.828163146972656,7.899192810058594,-41.332275390625
-21.797134399414062,6.311206817626953,-41.581817626953125
-20.242961883544922,4.410335540771484,-41.99906921386719
-18.235034942626953,2.2996559143066406,-42.57658386230469
-15.709488868713379,-0.06685638427734375,-42.92840576171875
-12.60192584991455,-2.5806503295898438,-42.930450439453125
-9.150652885437012,-4.841838836669922,-42.49601745605469
-5.365313529968262,-6.725984573364258,-41.702545166015625
-1.5053424835205078,-8.324956893920898,-40.576873779296875
2.350370407104492,-9.425174713134766,-38.92048645019531
6.275301933288574,-10.27525520324707,-37.14067077636719
10.008697509765625,-11.183923721313477,-35.360626220703125
13.581521987915039,-12.1922607421875,-33.7423095703125
17.220762252807617,-13.7857666015625,-32.124481201171875
20.943836212158203,-16.018829345703125,-29.977615356445312
24.65963363647461,-18.753482818603516,-27.142608642578125
27.766937255859375,-21.5329532623291,-23.337997436523438
30.579505920410156,-24.16112518310547,-18.835601806640625
32.89138412475586,-26.34903335571289,-13.72564697265625
34.57956314086914,-28.167787551879883,-8.16058349609375
35.58000946044922,-29.55870246887207,-2.130157470703125
35.79826736450195,-30.38117790222168,3.8137054443359375
35.31878662109375,-30.79842185974121,9.588897705078125
34.25508499145508,-30.905372619628906,14.922805786132812
32.928199768066406,-30.689437866210938,20.103790283203125
31.20836639404297,-30.389739990234375,24.521987915039062
29.22791290283203,-29.85962677001953,28.281402587890625
27.003738403320312,-29.41848373413086,31.454315185546875
24.58570098876953,-29.264942169189453,34.21272277832031
21.817398071289062,-29.106964111328125,36.36932373046875
18.909027099609375,-29.28076934814453,38.14080810546875
15.797137260437012,-29.714031219482422,39.54656982421875
12.366990089416504,-30.30642318725586,40.58140563964844
8.753717422485352,-31.230453491210938,41.236480712890625
4.955270767211914,-32.00836944580078,41.472412109375
0.7585544586181641,-32.75795364379883,41.33134460449219
-3.441316604614258,-33.454444885253906,40.74397277832031
-7.659955024719238,-33.87992477416992,39.794036865234375
-11.939146995544434,-34.352882385253906,38.46687316894531
-16.144119262695312,-34.40536117553711,36.87324523925781
-20.14211654663086,-34.12899398803711,35.1866455078125
-23.93349838256836,-33.69833755493164,33.01380920410156
-27.720382690429688,-33.23126220703125,30.373336791992188
-31.139163970947266,-32.69172668457031,27.157135009765625
-34.20816421508789,-31.88620376586914,23.7257080078125
-36.71842575073242,-31.236316680908203,20.088333129882812
-38.850040435791016,-30.48179054260254,16.920913696289062
-40.577430725097656,-29.488929748535156,14.622100830078125
-41.87165069580078,-28.342735290527344,13.278152465820312
-42.929779052734375,-27.346973419189453,12.4515380859375
-43.59511184692383,-26.557220458984375,11.857025146484375
-43.949432373046875,-26.26706314086914,11.324386596679688
-43.96308135986328,-26.259201049804688,10.77764892578125
-44.01140213012695,-26.60735511779785,9.636123657226562
-43.8092155456543,-27.080196380615234,8.18646240234375
-43.6491813659668,-27.681997299194336,6.4012908935546875
-43.431793212890625,-28.13347816467285,4.76995849609375
-43.13072204589844,-28.619277954101562,3.3149871826171875
-42.85466003417969,-28.93655014038086,2.118743896484375
-42.5455436706543,-29.31355857849121,1.3021087646484375
-42.38793182373047,-29.611026763916016,1.0087432861328125
-42.17041778564453,-29.887832641601562,0.97784423828125
-41.90071487426758,-30.163646697998047,1.00616455078125
-41.5988883972168,-30.450347900390625,1.067596435546875
-41.310176849365234,-30.873157501220703,1.1367645263671875
-41.05937576293945,-31.074108123779297,0.997772216796875
-40.924869537353516,-31.06463623046875,0.7832489013671875
-40.86639404296875,-31.186065673828125,0.400604248046875
-40.796260833740234,-31.34328842163086,-0.027069091796875
-40.73529052734375,-31.37771987915039,-0.19818115234375
-40.63270568847656,-31.47561264038086,-0.55255126953125
-40.52031707763672,-31.545183181762695,-0.9576568603515625
-40.403568267822266,-31.716955184936523,-1.1336517333984375
-40.29703903198242,-31.79688835144043,-0.9344940185546875
-40.0620231628418,-32.06549072265625,-0.6577911376953125
-40.07954788208008,-32.14301681518555,-0.451202392578125
-39.97333526611328,-32.220054626464844,-0.270111083984375
-39.84592056274414,-32.524234771728516,-0.131378173828125
-39.69036865234375,-32.8120002746582,0.0172576904296875
-39.39185333251953,-33.0535774230957,0.2169342041015625
-39.22457504272461,-33.15941619873047,0.2805328369140625
-38.96001052856445,-33.345584869384766,0.422882080078125
-38.58011245727539,-33.50823974609375,0.4905242919921875
-38.3917236328125,-33.7015495300293,0.2692718505859375
-37.9776611328125,-33.992279052734375,-0.00360107421875
-37.62654113769531,-34.263877868652344,-0.4080963134765625
-37.16769027709961,-34.648990631103516,-0.665496826171875
-36.814247131347656,-35.09125900268555,-1.176483154296875
-36.261600494384766,-35.270042419433594,-1.7146759033203125
-35.808631896972656,-35.58915710449219,-2.62261962890625
-35.18402862548828,-35.90111541748047,-3.6619415283203125
-34.45273208618164,-36.1561279296875,-4.82647705078125
-33.72490692138672,-36.428733825683594,-6.3689727783203125
-32.96371078491211,-36.50191879272461,-8.277313232421875
-31.911720275878906,-36.66646957397461,-10.389419555664062
-30.7469482421875,-36.70915222167969,-12.619781494140625
-29.48554229736328,-36.58023452758789,-14.64801025390625
-28.045120239257812,-36.4163818359375,-16.706771850585938
-26.72549057006836,-36.29909896850586,-18.69134521484375
-25.363147735595703,-35.89141082763672,-20.297836303710938
-24.08574676513672,-35.595157623291016,-22.058273315429688
-22.770248413085938,-35.35224151611328,-23.460693359375
-21.675975799560547,-35.15320587158203,-24.409027099609375
-20.561317443847656,-35.287574768066406,-25.002960205078125
-19.472518920898438,-35.394142150878906,-25.250167846679688
-18.580204010009766,-35.53049850463867,-25.300003051757812
-17.658489227294922,-35.64433288574219,-25.454727172851562
-16.633625030517578,-35.71571350097656,-25.6363525390625
-15.639765739440918,-35.698638916015625,-25.772445678710938
-14.589728355407715,-35.65262985229492,-26.017776489257812
-13.367897987365723,-35.51350784301758,-26.275924682617188
-11.877337455749512,-35.39226150512695,-26.711624145507812
-10.2249174118042,-35.194602966308594,-27.073165893554688
-8.45473575592041,-35.23793411254883,-27.130294799804688
-6.867098808288574,-35.483585357666016,-26.87310791015625
-5.866168022155762,-35.84805679321289,-26.274322509765625
-4.944258689880371,-36.189701080322266,-25.404861450195312
-4.237090110778809,-36.5680046081543,-24.396896362304688
-3.585179328918457,-36.989681243896484,-23.428268432617188
-2.886652946472168,-37.299415588378906,-22.3997802734375
-2.2228240966796875,-37.422882080078125,-21.528350830078125
-1.6187458038330078,-37.28420639038086,-20.682220458984375
-0.9501199722290039,-37.27568435668945,-19.85003662109375
-0.09074878692626953,-37.12263870239258,-19.074127197265625
0.6071014404296875,-36.78583526611328,-18.506988525390625
1.223689079284668,-36.44942092895508,-17.9071044921875
1.8753538131713867,-36.026519775390625,-17.228073120117188
2.34317684173584,-35.53547668457031,-16.612533569335938
2.701563835144043,-35.12807083129883,-15.919876098632812
2.917003631591797,-34.67554473876953,-15.160690307617188
3.2374868392944336,-34.3717155456543,-14.373580932617188
3.5794286727905273,-34.016632080078125,-13.67144775390625
3.8213748931884766,-33.60832977294922,-12.785659790039062
3.9403390884399414,-33.216548919677734,-11.85980224609375
3.833141326904297,-32.8863525390625,-10.975021362304688
3.5470123291015625,-32.44448471069336,-10.352279663085938
2.941096305847168,-31.964336395263672,-9.923858642578125
2.028837203979492,-31.466745376586914,-9.757720947265625
1.0679349899291992,-30.840368270874023,-9.63323974609375
0.16527652740478516,-30.288801193237305,-9.19879150390625
-0.7789754867553711,-29.919918060302734,-8.845916748046875
-1.5883111953735352,-29.372974395751953,-8.400802612304688
-2.342252731323242,-29.011051177978516,-7.7680206298828125
-2.984050750732422,-28.799781799316406,-7.2808837890625
-3.3631792068481445,-28.50724983215332,-6.6034088134765625
-3.8125457763671875,-28.210092544555664,-5.926971435546875
-4.320315361022949,-27.934085845947266,-5.4742584228515625
-4.804778099060059,-27.698516845703125,-4.7748565673828125
-5.304383277893066,-27.564708709716797,-4.0798187255859375
-5.76204776763916,-27.622894287109375,-3.314117431640625
-6.2095441818237305,-27.558368682861328,-2.4781951904296875
-6.4217119216918945,-27.46590805053711,-1.624053955078125
-6.668881416320801,-27.37464141845703,-0.8278350830078125
-6.861924171447754,-27.316028594970703,-0.0266571044921875
-6.923251152038574,-27.301572799682617,0.60992431640625
-6.776431083679199,-27.34385108947754,1.059783935546875
-6.531050682067871,-27.54210090637207,1.1439208984375
-6.268437385559082,-27.641620635986328,1.06304931640625
-5.869904518127441,-27.683273315429688,0.808929443359375
-5.427186012268066,-27.869205474853516,0.27777099609375
-4.874651908874512,-27.96959686279297,-0.2694091796875
-4.421168327331543,-28.188827514648438,-0.7174224853515625
-3.818775177001953,-28.341760635375977,-1.09259033203125
-3.296815872192383,-28.476226806640625,-1.3782806396484375
-2.834676742553711,-28.51500129699707,-1.4919586181640625
-2.308218002319336,-28.580440521240234,-1.6465911865234375
-1.696986198425293,-28.518856048583984,-1.898681640625
-1.3576240539550781,-28.70282554626465,-2.331756591796875
-0.8999595642089844,-28.895488739013672,-2.763519287109375
-0.576960563659668,-29.26953887939453,-3.2129364013671875
-0.1852569580078125,-29.37266731262207,-3.903228759765625
0.049019813537597656,-29.481563568115234,-4.616851806640625
0.23765087127685547,-29.60918426513672,-5.2283172607421875
0.21668243408203125,-29.532886505126953,-5.2629241943359375
0.10182762145996094,-29.47536849975586,-4.943084716796875
-0.14892959594726562,-29.557720184326172,-4.3102874755859375
-0.3170347213745117,-29.54929542541504,-3.49029541015625
-0.5322322845458984,-29.733779907226562,-2.5606842041015625
-0.7872276306152344,-29.89242172241211,-1.6831817626953125
-1.1232481002807617,-29.947681427001953,-1.1033477783203125
-1.3149986267089844,-30.000980377197266,-0.6479644775390625
-1.4320011138916016,-30.019546508789062,-0.239776611328125
-1.5347490310668945,-30.0649356842041,-0.29266357421875
-1.3840961456298828,-30.120153427124023,-0.3506317138671875
-1.0886993408203125,-30.35896873474121,-0.53863525390625
-0.638580322265625,-30.492881774902344,-0.886627197265625
-0.19457435607910156,-30.746225357055664,-1.26922607421875
0.24632740020751953,-30.94818687438965,-1.6993865966796875
0.7030363082885742,-31.089303970336914,-1.9691162109375
1.167616844177246,-31.36079978942871,-1.871337890625
1.4718437194824219,-31.41117286682129,-1.9044342041015625
1.8943586349487305,-31.547016143798828,-1.677886962890625
2.137655258178711,-31.690187454223633,-1.352264404296875
2.3604230880737305,-31.84446144104004,-0.9451141357421875
2.742778778076172,-31.961048126220703,-0.425048828125
3.1009769439697266,-32.135963439941406,-0.05511474609375
3.372426986694336,-32.0808219909668,0.2079315185546875
3.8133506774902344,-32.07133865356445,0.4776611328125
4.13306999206543,-31.9942684173584,0.8094635009765625
4.32640266418457,-31.937545776367188,1.2877044677734375
4.362094402313232,-31.811006546020508,1.769012451171875
4.394139289855957,-31.656259536743164,2.1665802001953125
4.538792610168457,-31.52560043334961,2.4749908447265625
4.684635639190674,-31.334726333618164,2.6361236572265625
4.835063934326172,-31.32441520690918,2.725494384765625
4.9636549949646,-31.30512809753418,2.689208984375
5.2217607498168945,-31.45591163635254,2.6457672119140625
5.439583778381348,-31.522808074951172,2.520263671875
5.525953769683838,-31.54391098022461,2.0855712890625
5.588807106018066,-31.49881935119629,2.08148193359375
5.6494646072387695,-31.293014526367188,2.3570404052734375
5.598525047302246,-31.12813949584961,2.4898223876953125
5.583666801452637,-30.85277557373047,2.5473480224609375
5.553163528442383,-30.691333770751953,2.4406585693359375
5.550442218780518,-30.601503372192383,2.129669189453125
5.618176460266113,-30.49681854248047,1.850494384765625
5.820166110992432,-30.457483291625977,1.46148681640625
6.0422563552856445,-30.378292083740234,0.844482421875
6.065392971038818,-30.3387451171875,0.508148193359375
6.1622748374938965,-30.317153930664062,0.22601318359375
6.181344509124756,-30.27351188659668,0.17919921875
6.247737884521484,-30.099849700927734,0.322784423828125
6.357542514801025,-29.987571716308594,0.292266845703125
6.518246650695801,-30.004430770874023,0.2930145263671875
6.503957748413086,-30.010276794433594,0.332611083984375
6.679698944091797,-29.953388214111328,0.243560791015625
6.843625068664551,-30.00521469116211,0.0785064697265625
7.088601589202881,-30.106189727783203,-0.1861114501953125
7.3604559898376465,-30.227943420410156,-0.3788299560546875
7.537447452545166,-30.474159240722656,-0.5127716064453125
7.744814872741699,-30.6505126953125,-0.721343994140625
7.814312934875488,-30.70985221862793,-0.64166259765625
7.8502702713012695,-30.871868133544922,-0.63128662109375
7.851443767547607,-30.833709716796875,-0.45086669921875
7.890387535095215,-30.79608154296875,-0.390594482421875
7.984039783477783,-30.784664154052734,-0.4322052001953125
8.028377532958984,-30.701290130615234,-0.28912353515625
8.063636779785156,-30.49251365661621,-0.2743377685546875
7.948094367980957,-30.47201919555664,-0.294647216796875
7.9300336837768555,-30.474702835083008,-0.3414459228515625
7.9300336837768555,-30.474702835083008,-0.3414459228515625
7.9474568367004395,-30.491544723510742,-0.2898406982421875
7.863406658172607,-30.526172637939453,-0.260528564453125
7.9688944816589355,-30.560348510742188,-0.2820587158203125
8.11279296875,-30.639848709106445,-0.2901611328125
8.215117454528809,-30.76018524169922,-0.4221038818359375
8.223554611206055,-30.512910842895508,-0.39117431640625
8.201896667480469,-30.44435691833496,-0.29595947265625
8.226264953613281,-30.376771926879883,-0.321441650390625
8.299983978271484,-30.491649627685547,-0.326751708984375
8.451214790344238,-30.509063720703125,-0.35968017578125
8.516929626464844,-30.501684188842773,-0.26593017578125
8.530250549316406,-30.483165740966797,-0.077362060546875
8.525232315063477,-30.516647338867188,-0.0186004638671875
8.524109840393066,-30.46957778930664,-0.1186676025390625
8.62265682220459,-30.61637306213379,-0.111785888671875
8.565996170043945,-30.74049186706543,-0.17816162109375
8.521989822387695,-30.635929107666016,-0.211273193359375
8.502348899841309,-30.615753173828125,-0.294158935546875
8.351521492004395,-30.567766189575195,-0.289306640625
8.30838680267334,-30.472108840942383,-0.144317626953125
8.312408447265625,-30.62112045288086,-0.06536865234375
8.264998435974121,-30.664306640625,0.0023345947265625
8.416728973388672,-30.547712326049805,0.113311767578125
8.518280982971191,-30.473506927490234,0.248291015625
8.606271743774414,-30.389488220214844,0.226165771484375
8.627265930175781,-30.319238662719727,0.0540771484375
8.560562133789062,-30.432462692260742,0.0370025634765625
8.460918426513672,-30.520742416381836,0.1055145263671875
8.47244644165039,-30.577260971069336,0.4111175537109375
8.335861206054688,-30.63642120361328,0.498626708984375
8.299934387207031,-30.538433074951172,0.52349853515625
8.448187828063965,-30.617359161376953,0.4701690673828125
8.48492431640625,-30.579586029052734,0.5436248779296875
8.512802124023438,-30.59876823425293,0.49151611328125
8.399622917175293,-30.6574649810791,0.4751434326171875
8.30312728881836,-30.59186363220215,0.5327606201171875
8.35329818725586,-30.499488830566406,0.4849853515625
8.42607593536377,-30.454378128051758,0.6595306396484375
8.475716590881348,-30.49549674987793,0.68426513671875
8.411849975585938,-30.452064514160156,0.6789093017578125
8.419434547424316,-30.421396255493164,0.6192169189453125
8.408930778503418,-30.453231811523438,0.707275390625
8.367036819458008,-30.51435089111328,0.517974853515625
8.285184860229492,-30.509389877319336,0.3658447265625
8.328607559204102,-30.520771026611328,0.40728759765625
8.383691787719727,-30.475990295410156,0.472015380859375
8.454025268554688,-30.339763641357422,0.511383056640625
8.43088150024414,-30.39543914794922,0.4988861083984375
8.369049072265625,-30.436248779296875,0.3471527099609375
8.279754638671875,-30.67915153503418,0.507843017578125
8.250093460083008,-30.735424041748047,0.6789703369140625
8.233956336975098,-30.775760650634766,0.6905364990234375
8.258269309997559,-30.53614044189453,0.6707305908203125
8.301124572753906,-30.450040817260742,0.6312713623046875
8.316617965698242,-30.42742347717285,0.708160400390625
8.418201446533203,-30.43672752380371,0.664398193359375
8.441360473632812,-30.61604118347168,0.72479248046875
8.392105102539062,-30.563220977783203,0.595672607421875
8.423901557922363,-30.722110748291016,0.532562255859375
8.500913619995117,-30.737314224243164,0.4192962646484375
8.359583854675293,-30.783100128173828,0.5416107177734375
8.372247695922852,-30.72285270690918,0.4853668212890625
8.388154029846191,-30.65520668029785,0.49346923828125
8.4749116897583,-30.57123374938965,0.342620849609375
8.480118751525879,-30.570749282836914,0.5200653076171875
8.569233894348145,-30.627843856811523,0.658233642578125
8.529297828674316,-30.77712631225586,0.6247406005859375
8.525452613830566,-30.850200653076172,0.667633056640625
8.427042007446289,-30.74622917175293,0.57659912109375
8.335033416748047,-30.71743392944336,0.6815185546875
8.363698959350586,-30.784439086914062,0.71295166015625
8.30836009979248,-30.708824157714844,0.76708984375
8.315948486328125,-30.705631256103516,0.6773529052734375
8.43447208404541,-30.72682762145996,0.671539306640625
8.48112964630127,-30.5925235748291,0.55718994140625
8.512507438659668,-30.527206420898438,0.5266876220703125
8.569129943847656,-30.684232711791992,0.5608978271484375
8.839872360229492,-30.784442901611328,0.5202178955078125
8.960864067077637,-30.80643653869629,0.5748748779296875
9.139729499816895,-30.869611740112305,0.4063873291015625
9.237018585205078,-30.848424911499023,0.4248504638671875
9.409759521484375,-30.84145736694336,0.3109130859375
9.536895751953125,-30.90690040588379,0.1122283935546875
9.835991859436035,-30.737390518188477,0.0831146240234375
9.981679916381836,-30.75571060180664,-0.131256103515625
10.105264663696289,-30.697351455688477,-0.2335662841796875
10.134849548339844,-30.77814483642578,-0.497528076171875
10.131959915161133,-30.804828643798828,-0.823455810546875
10.119665145874023,-30.80469512939453,-0.89105224609375
9.959717750549316,-30.79949378967285,-1.0985107421875
9.697916984558105,-30.853422164916992,-1.3105621337890625
9.373473167419434,-30.897022247314453,-1.4241790771484375
9.221695899963379,-30.822267532348633,-1.4075164794921875
8.97410774230957,-30.741727828979492,-1.4275970458984375
8.688236236572266,-30.792171478271484,-1.4321441650390625
8.34019660949707,-30.727519989013672,-1.4368133544921875
8.279653549194336,-30.699501037597656,-1.4045257568359375
8.145719528198242,-30.736478805541992,-1.4373779296875
7.935018062591553,-30.70162582397461,-1.40728759765625
7.8690361976623535,-30.712425231933594,-1.3866729736328125
7.838751316070557,-30.705936431884766,-1.2435150146484375
7.81624698638916,-30.753494262695312,-1.27679443359375
7.604446887969971,-30.712810516357422,-1.21197509765625
7.505032539367676,-30.751598358154297,-1.2451934814453125
7.366039276123047,-30.867834091186523,-1.085052490234375
7.307825088500977,-30.895490646362305,-1.11785888671875
7.349897384643555,-30.8735408782959,-1.146881103515625
7.246729850769043,-30.85186767578125,-1.1990203857421875
7.234821796417236,-30.824533462524414,-1.183258056640625
7.24948787689209,-30.91655921936035,-1.1848907470703125
7.121698379516602,-31.01605224609375,-1.249542236328125
7.059075355529785,-31.021564483642578,-1.1166839599609375
7.022585868835449,-30.88654136657715,-0.952423095703125
7.010497570037842,-30.999168395996094,-1.039764404296875
7.0869622230529785,-31.050949096679688,-0.9585113525390625
7.229302883148193,-31.03738021850586,-0.8530120849609375
7.153188228607178,-31.1216983795166,-0.802886962890625
7.16068172454834,-31.04317283630371,-0.8636627197265625
7.145741939544678,-31.023225784301758,-0.8415069580078125
7.130934238433838,-31.142656326293945,-0.907684326171875
7.2084150314331055,-31.11618423461914,-0.91180419921875
7.043355464935303,-31.197843551635742,-0.9301910400390625
7.002261638641357,-31.235788345336914,-0.889434814453125
6.8945817947387695,-31.252046585083008,-0.8026580810546875
6.903975009918213,-31.208337783813477,-0.7567596435546875
6.863715648651123,-31.148761749267578,-0.8625946044921875
6.852421283721924,-31.192522048950195,-0.887847900390625
6.939547538757324,-31.114198684692383,-0.9266510009765625
6.946922779083252,-31.241390228271484,-0.819610595703125
6.903534889221191,-31.240116119384766,-0.6243133544921875
6.911271572113037,-31.300981521606445,-0.6815948486328125
6.910667896270752,-31.288272857666016,-0.7479705810546875
6.746527194976807,-31.258121490478516,-0.780242919921875
6.7922587394714355,-31.295886993408203,-0.740814208984375
6.892787933349609,-31.332857131958008,-0.594085693359375
6.8454132080078125,-31.3026180267334,-0.617828369140625
6.9271392822265625,-31.288663864135742,-0.601348876953125
6.811329364776611,-31.294864654541016,-0.5461883544921875
6.887048721313477,-31.190166473388672,-0.5948028564453125
7.007355690002441,-31.157978057861328,-0.572235107421875
6.929543972015381,-31.176597595214844,-0.630218505859375
6.883273601531982,-31.11794090270996,-0.6127471923828125
6.80238151550293,-31.12944221496582,-0.4593048095703125
6.688865661621094,-31.10767364501953,-0.389862060546875
6.574534893035889,-31.166244506835938,-0.5756683349609375
6.698388576507568,-31.159759521484375,-0.741455078125
6.668819427490234,-31.146169662475586,-0.758209228515625
6.7671732902526855,-31.055727005004883,-0.813995361328125
6.878487586975098,-31.073802947998047,-0.87353515625
6.865784168243408,-30.985244750976562,-0.9022369384765625
6.891772747039795,-30.91811180114746,-1.0010223388671875
7.02874231338501,-30.783960342407227,-1.131744384765625
7.158917427062988,-30.622156143188477,-1.2561492919921875
7.176623344421387,-30.585384368896484,-1.392822265625
7.280211925506592,-30.487939834594727,-1.5167999267578125
7.236578941345215,-30.469877243041992,-1.5279388427734375
7.357586860656738,-30.4459285736084,-1.5050201416015625
7.296097278594971,-30.455060958862305,-1.529144287109375
7.440393447875977,-30.320510864257812,-1.574066162109375
7.521261215209961,-30.354022979736328,-1.581756591796875
7.7286152839660645,-30.389890670776367,-1.6625518798828125
7.890338897705078,-30.350845336914062,-1.665252685546875
8.066812515258789,-30.373573303222656,-1.862884521484375
8.157591819763184,-30.30293083190918,-2.1180877685546875
8.219724655151367,-30.372739791870117,-2.0853271484375
8.2469482421875,-30.315181732177734,-2.0933990478515625
8.470516204833984,-30.227813720703125,-2.2075958251953125
8.471445083618164,-30.33529281616211,-2.3222198486328125
8.531201362609863,-30.238492965698242,-2.3131561279296875
8.552727699279785,-30.2252197265625,-2.230194091796875
8.658637046813965,-30.249595642089844,-2.1845703125
8.664426803588867,-30.18297004699707,-2.22393798828125
8.81467342376709,-30.17068862915039,-2.1954803466796875
8.775466918945312,-30.167957305908203,-2.175445556640625
8.83645248413086,-30.258163452148438,-2.1917877197265625
8.84017562866211,-30.25334930419922,-2.2064971923828125
8.81627082824707,-30.309560775756836,-2.2068634033203125
8.850412368774414,-30.352293014526367,-2.1957244873046875
8.88086986541748,-30.369213104248047,-2.2503662109375
8.788641929626465,-30.38418197631836,-2.2423095703125
8.827299118041992,-30.329734802246094,-2.097076416015625
8.862273216247559,-30.29705810546875,-1.9434051513671875
8.779354095458984,-30.298969268798828,-2.0140380859375
8.921262741088867,-30.265628814697266,-1.8927001953125
9.072863578796387,-30.214004516601562,-1.9145050048828125
9.034872055053711,-30.195709228515625,-1.927947998046875
8.966597557067871,-30.22519302368164,-1.873291015625
8.947940826416016,-30.247426986694336,-1.88922119140625
8.939115524291992,-30.094261169433594,-1.8438873291015625
9.060806274414062,-30.039522171020508,-2.02593994140625
9.06523609161377,-30.0965576171875,-1.868316650390625
9.122517585754395,-30.232942581176758,-1.8608245849609375
9.081828117370605,-30.30965805053711,-1.89080810546875
9.123538970947266,-30.23624038696289,-1.820709228515625
9.09133243560791,-30.193544387817383,-2.005767822265625
9.10713005065918,-30.097471237182617,-2.0986785888671875
9.084205627441406,-30.126399993896484,-2.0027008056640625
9.065509796142578,-30.1190242767334,-1.9785614013671875
9.142255783081055,-30.24782943725586,-2.0170745849609375
9.15336799621582,-30.180971145629883,-2.0107269287109375
9.134611129760742,-30.141563415527344,-1.881927490234375
9.155306816101074,-30.0971736907959,-1.9041748046875
9.139649391174316,-30.177555084228516,-1.7454833984375
9.1473970413208,-30.042282104492188,-1.7359466552734375
9.137616157531738,-30.025634765625,-1.8258514404296875
9.250717163085938,-30.057334899902344,-1.8085479736328125
9.207290649414062,-30.052734375,-1.86590576171875
9.280927658081055,-29.999595642089844,-1.9561309814453125
9.292585372924805,-29.98659896850586,-1.984283447265625
9.241530418395996,-29.985149383544922,-2.167724609375
9.19882583618164,-29.903762817382812,-2.1380615234375
9.138040542602539,-29.881439208984375,-2.129058837890625
9.124266624450684,-29.937286376953125,-2.146728515625
9.157482147216797,-29.977075576782227,-2.1327667236328125
9.190951347351074,-29.985746383666992,-2.110595703125
9.196732521057129,-30.06855583190918,-1.9261627197265625
9.250655174255371,-30.10139274597168,-1.91229248046875
9.237314224243164,-30.092126846313477,-1.8775177001953125
9.237741470336914,-30.01076316833496,-2.07867431640625
9.138527870178223,-30.092159271240234,-2.117584228515625
9.069596290588379,-29.933422088623047,-2.0472259521484375
9.111369132995605,-29.98479461669922,-1.873199462890625
9.049531936645508,-29.99907875061035,-1.8446044921875
9.043109893798828,-29.964872360229492,-1.8849029541015625
9.149580001831055,-30.07235336303711,-2.0153045654296875
9.198417663574219,-30.098695755004883,-2.0171661376953125
9.354640007019043,-30.01290512084961,-2.0706939697265625
9.412593841552734,-30.07521629333496,-2.009765625
9.351726531982422,-30.105241775512695,-2.14434814453125
9.17416763305664,-30.09593963623047,-2.2252197265625
9.135924339294434,-30.11391258239746,-2.345458984375
9.101919174194336,-30.020599365234375,-2.3680572509765625
9.192352294921875,-30.06295394897461,-2.2876434326171875
9.356035232543945,-29.94090461730957,-2.125396728515625
9.41527271270752,-29.97568130493164,-2.1871490478515625
9.4362154006958,-29.884868621826172,-2.2187347412109375
9.443998336791992,-30.020252227783203,-2.0720672607421875
9.293367385864258,-30.07577896118164,-2.125244140625
9.374884605407715,-30.013402938842773,-2.2950592041015625
9.525802612304688,-29.926179885864258,-2.2803955078125
9.510987281799316,-29.879196166992188,-2.35614013671875
9.483673095703125,-29.90583038330078,-2.3465728759765625
9.288023948669434,-29.89263916015625,-2.2490997314453125
9.299015045166016,-29.893489837646484,-2.25189208984375
9.265083312988281,-29.888591766357422,-2.252197265625
9.242338180541992,-29.94565200805664,-2.188446044921875
9.29375171661377,-29.929243087768555,-2.217620849609375
9.292360305786133,-29.88373565673828,-2.3587188720703125
9.304943084716797,-29.911718368530273,-2.2998504638671875
9.308960914611816,-29.955127716064453,-2.234954833984375
9.244924545288086,-29.889793395996094,-2.273681640625
9.358739852905273,-29.992748260498047,-2.2789764404296875
9.338430404663086,-29.94101905822754,-2.4369354248046875
9.289913177490234,-29.93787956237793,-2.4174652099609375
9.242177963256836,-29.887699127197266,-2.3557281494140625
9.292789459228516,-29.901931762695312,-2.3880615234375
9.28866958618164,-29.89542579650879,-2.2495269775390625
9.11292839050293,-29.901325225830078,-2.3146514892578125
9.072199821472168,-30.042531967163086,-2.177703857421875
9.24400806427002,-29.926631927490234,-2.2945556640625
9.211560249328613,-29.898330688476562,-2.2123870849609375
9.271194458007812,-29.888473510742188,-2.183135986328125
9.183908462524414,-29.914857864379883,-2.18402099609375
9.244767189025879,-30.03213882446289,-2.233978271484375
9.253671646118164,-30.06070327758789,-2.0994720458984375
9.273344039916992,-30.10398292541504,-2.214202880859375
9.207039833068848,-30.098987579345703,-2.3056640625
9.112837791442871,-30.095787048339844,-2.194671630859375
9.083253860473633,-29.995943069458008,-2.163818359375
9.123618125915527,-29.938817977905273,-2.197906494140625
9.070472717285156,-29.971790313720703,-2.1507720947265625
9.135055541992188,-29.954988479614258,-2.2041778564453125
9.045148849487305,-29.889686584472656,-2.1627349853515625
9.00637435913086,-29.901689529418945,-2.0887908935546875
9.090417861938477,-29.978797912597656,-2.091033935546875
9.112295150756836,-30.174047470092773,-2.0010833740234375
9.150233268737793,-30.19730567932129,-2.020904541015625
9.119778633117676,-30.137348175048828,-2.054473876953125
9.081648826599121,-30.070724487304688,-2.071533203125
9.113336563110352,-29.951904296875,-2.0795440673828125
9.164654731750488,-29.972972869873047,-2.017547607421875
9.270856857299805,-29.99601936340332,-1.9240875244140625
9.275123596191406,-30.110591888427734,-1.8309478759765625
9.316346168518066,-30.051517486572266,-1.9207305908203125
9.442532539367676,-30.003637313842773,-2.0261077880859375
9.549891471862793,-29.992324829101562,-1.9373321533203125
9.520342826843262,-29.894702911376953,-1.8524017333984375
9.655413627624512,-29.906587600708008,-1.8531494140625
9.708199501037598,-29.916202545166016,-1.8598480224609375
9.701271057128906,-29.962352752685547,-2.0121002197265625
9.62214469909668,-29.978107452392578,-2.0740966796875
9.586143493652344,-29.948827743530273,-1.999359130859375
9.576376914978027,-29.87611198425293,-2.06170654296875
9.632074356079102,-29.965221405029297,-2.0097808837890625
9.712254524230957,-30.029224395751953,-2.0289306640625
9.72799015045166,-29.986255645751953,-2.029510498046875
9.569547653198242,-30.06049346923828,-1.9124908447265625
9.524409294128418,-30.08893585205078,-1.8845672607421875
9.522850036621094,-29.94293975830078,-1.7703704833984375
9.672991752624512,-29.925457000732422,-1.7176971435546875
9.715046882629395,-30.0307559967041,-1.5976715087890625
9.664413452148438,-30.042221069335938,-1.6805419921875
9.686657905578613,-30.032712936401367,-1.85504150390625
9.579954147338867,-30.097042083740234,-1.8765716552734375
9.610791206359863,-30.106399536132812,-2.0547027587890625
9.682159423828125,-29.930225372314453,-2.2865753173828125
9.727829933166504,-29.994125366210938,-2.27166748046875
9.665027618408203,-29.895280838012695,-2.3536834716796875
9.614307403564453,-29.86411476135254,-2.268646240234375
9.53727912902832,-29.924222946166992,-2.333984375
9.508337020874023,-29.944669723510742,-2.324005126953125
9.499194145202637,-29.932575225830078,-2.316009521484375
9.510313034057617,-29.927181243896484,-2.3277587890625
9.555635452270508,-29.865737915039062,-2.292755126953125
9.509064674377441,-29.79033088684082,-2.29449462890625
9.62727165222168,-29.658464431762695,-2.3093414306640625
9.575878143310547,-29.618553161621094,-2.3847503662109375
9.549789428710938,-29.747421264648438,-2.4048614501953125
9.609094619750977,-29.909961700439453,-2.313568115234375
9.560323715209961,-29.866426467895508,-2.3258209228515625
9.54446792602539,-29.855573654174805,-2.32745361328125
9.588748931884766,-29.916748046875,-2.2232818603515625
9.543256759643555,-29.901323318481445,-2.2448883056640625
9.576364517211914,-29.94420051574707,-2.072998046875
9.487871170043945,-29.96189308166504,-2.117279052734375
9.387124061584473,-30.058483123779297,-2.1739501953125
9.434011459350586,-30.023313522338867,-2.2277374267578125
9.483116149902344,-29.950233459472656,-2.14990234375
9.544368743896484,-29.915908813476562,-2.1787109375
9.46331787109375,-29.79158592224121,-2.24029541015625
9.388039588928223,-29.793142318725586,-2.22698974609375
9.351004600524902,-29.73839569091797,-2.2051544189453125
9.345987319946289,-29.888256072998047,-2.3354949951171875
9.332169532775879,-29.8770694732666,-2.23321533203125
9.257719993591309,-29.951499938964844,-2.209869384765625
9.28902530670166,-29.832530975341797,-2.248046875
9.302825927734375,-29.798431396484375,-2.2565460205078125
9.51051139831543,-29.77362060546875,-2.1899566650390625
9.498819351196289,-29.82269859313965,-2.149688720703125
9.528687477111816,-29.84246253967285,-2.1072845458984375
9.476375579833984,-29.787940979003906,-1.91522216796875
9.55893325805664,-29.75510025024414,-1.87994384765625
9.566438674926758,-29.82810401916504,-1.8382720947265625
9.459524154663086,-29.70058822631836,-1.9063568115234375
9.353206634521484,-29.641862869262695,-1.9106292724609375
9.335185050964355,-29.737987518310547,-1.8885650634765625
9.384134292602539,-29.863807678222656,-1.8501434326171875
9.357927322387695,-29.789901733398438,-1.8994903564453125
9.388729095458984,-29.68997573852539,-1.8995208740234375
9.32923698425293,-29.674602508544922,-1.7472991943359375
9.498969078063965,-29.766681671142578,-1.701019287109375
9.500173568725586,-29.88083839416504,-1.718719482421875
9.444026947021484,-29.90523910522461,-1.567474365234375
9.47126293182373,-29.93377685546875,-1.6013031005859375
9.55279541015625,-29.910831451416016,-1.685272216796875
9.491750717163086,-29.772653579711914,-1.6739654541015625
9.508042335510254,-29.831222534179688,-1.6008453369140625
9.530734062194824,-29.9468994140625,-1.6861419677734375
9.531319618225098,-29.88487434387207,-1.7185821533203125
9.496335983276367,-29.79941177368164,-1.8276824951171875
9.477079391479492,-29.930946350097656,-1.946868896484375
9.424769401550293,-29.9699649810791,-2.05987548828125
9.242778778076172,-29.902050018310547,-2.1307525634765625
9.119974136352539,-29.96541976928711,-2.062896728515625
9.064129829406738,-29.94423484802246,-2.085662841796875
9.096375465393066,-29.931928634643555,-2.14544677734375
8.992823600769043,-29.896255493164062,-2.2200469970703125
8.8075590133667,-29.911178588867188,-2.245330810546875
8.600052833557129,-29.945661544799805,-2.2494964599609375
8.560338020324707,-30.018997192382812,-2.291595458984375
8.675321578979492,-30.09743881225586,-2.21514892578125
8.7329683303833,-30.09784507751465,-2.1865997314453125
8.72613525390625,-30.063871383666992,-2.31103515625
8.688385963439941,-30.06198501586914,-2.2943572998046875
8.599822044372559,-29.969993591308594,-2.3339691162109375
8.574234008789062,-30.05112648010254,-2.357879638671875
8.548492431640625,-30.068519592285156,-2.4998016357421875
8.535412788391113,-30.135385513305664,-2.6587677001953125
8.543501853942871,-30.166860580444336,-2.71136474609375
8.48381233215332,-30.217092514038086,-2.579803466796875
8.41325855255127,-30.1474552154541,-2.5716705322265625
8.415206909179688,-30.07320785522461,-2.4025421142578125
8.41341495513916,-29.923477172851562,-2.389434814453125
8.36225414276123,-30.001319885253906,-2.2591705322265625
8.368324279785156,-30.08284568786621,-2.36981201171875
8.308759689331055,-30.176532745361328,-2.3278350830078125
8.277833938598633,-30.216745376586914,-2.352630615234375
8.258672714233398,-30.097143173217773,-2.4017333984375
8.399330139160156,-30.084531784057617,-2.417633056640625
8.414058685302734,-30.148292541503906,-2.3636016845703125
8.347417831420898,-30.226816177368164,-2.624053955078125
8.273368835449219,-30.090709686279297,-2.6291046142578125
8.208727836608887,-30.120098114013672,-2.6856842041015625
8.224257469177246,-30.12070083618164,-2.6745452880859375
8.294893264770508,-30.039363861083984,-2.604827880859375
8.330825805664062,-30.02212905883789,-2.6486663818359375
8.466564178466797,-30.07597541809082,-2.7852020263671875
8.547451972961426,-30.034526824951172,-2.9543609619140625
8.53972339630127,-30.038721084594727,-3.12921142578125
8.548876762390137,-30.058975219726562,-3.1376800537109375
8.539070129394531,-30.07861328125,-2.8820648193359375
8.664443969726562,-30.084224700927734,-2.9059600830078125
8.831205368041992,-30.032005310058594,-3.056976318359375
8.949402809143066,-30.026824951171875,-3.1927337646484375
9.047130584716797,-30.033222198486328,-3.114166259765625
9.071626663208008,-30.0645809173584,-3.1665496826171875
9.013769149780273,-29.974443435668945,-3.074981689453125
9.131589889526367,-29.902233123779297,-3.0512542724609375
9.149174690246582,-29.882139205932617,-2.8804779052734375
9.133974075317383,-29.86264419555664,-3.1142120361328125
9.26010513305664,-29.748580932617188,-3.151580810546875
9.243474960327148,-29.667081832885742,-3.2397918701171875
9.422534942626953,-29.64159393310547,-3.4023590087890625
9.400446891784668,-29.59780502319336,-3.281402587890625
9.548523902893066,-29.67012596130371,-3.4208831787109375
9.576738357543945,-29.60053253173828,-3.5632781982421875
9.610312461853027,-29.659833908081055,-3.5867462158203125
9.610312461853027,-29.659833908081055,-3.5867462158203125
9.583910942077637,-29.60440444946289,-3.59771728515625
9.533759117126465,-29.682111740112305,-3.6233367919921875
9.591443061828613,-29.521648406982422,-3.602142333984375
9.60598373413086,-29.466875076293945,-3.658538818359375
9.565714836120605,-29.52806854248047,-3.6812591552734375
9.483660697937012,-29.521568298339844,-3.6894073486328125
9.444807052612305,-29.279653549194336,-3.7858428955078125
9.480053901672363,-29.229949951171875,-3.8310394287109375
9.577784538269043,-29.28622055053711,-3.7973480224609375
9.498251914978027,-29.27493667602539,-3.7505950927734375
9.360027313232422,-29.3005313873291,-3.9040679931640625
9.285187721252441,-29.377460479736328,-4.0605316162109375
9.351717948913574,-29.508514404296875,-4.1293487548828125
9.272540092468262,-29.553226470947266,-4.1420135498046875
9.2496337890625,-29.614320755004883,-4.1122283935546875
9.330159187316895,-29.773540496826172,-4.1229095458984375
9.169841766357422,-29.68108367919922,-4.05517578125
9.09338665008545,-29.62655258178711,-4.3107147216796875
8.93124771118164,-29.49264907836914,-4.61627197265625
8.932924270629883,-29.53369140625,-4.65802001953125
8.903218269348145,-29.490999221801758,-4.8265533447265625
8.817587852478027,-29.323078155517578,-4.74017333984375
8.785083770751953,-29.127723693847656,-4.6657867431640625
8.589736938476562,-28.97542953491211,-4.4745635986328125
8.598249435424805,-28.87855339050293,-4.5927886962890625
8.517754554748535,-28.784284591674805,-4.5834808349609375
8.473329544067383,-28.57259178161621,-4.578948974609375
8.439966201782227,-28.355884552001953,-4.77947998046875
8.37858772277832,-28.070417404174805,-4.711578369140625
8.237516403198242,-27.75887680053711,-4.5492095947265625
8.075075149536133,-27.405866622924805,-4.2028656005859375
7.804245948791504,-27.067035675048828,-3.86767578125
7.288408279418945,-26.833059310913086,-3.5792694091796875
6.693767070770264,-26.492694854736328,-3.430755615234375
6.1087799072265625,-26.074838638305664,-3.1148529052734375
5.640852928161621,-25.778255462646484,-3.057525634765625
5.304267883300781,-25.563541412353516,-3.3655548095703125
5.410385608673096,-25.36981201171875,-3.6558837890625
5.602362632751465,-25.34481430053711,-4.055419921875
6.092647552490234,-25.302244186401367,-4.3249969482421875
6.786534309387207,-25.41188621520996,-4.521728515625
7.638794898986816,-25.58618927001953,-4.6225738525390625
8.668476104736328,-25.932722091674805,-4.6199188232421875
9.949212074279785,-26.31079864501953,-4.0511016845703125
11.225981712341309,-26.66790008544922,-3.2012939453125
12.551891326904297,-27.092023849487305,-2.193511962890625
13.874113082885742,-27.47231674194336,-0.8522796630859375
15.051740646362305,-27.74690055847168,0.773651123046875
16.1286563873291,-27.9638671875,2.8966064453125
17.024381637573242,-28.116744995117188,5.1177825927734375
17.483715057373047,-28.055997848510742,7.3788909912109375
17.919471740722656,-27.894813537597656,9.461196899414062
18.047584533691406,-27.711027145385742,11.741424560546875
18.05242347717285,-27.271015167236328,14.018768310546875
18.060077667236328,-26.863201141357422,15.968292236328125
18.01695442199707,-26.4259090423584,17.733993530273438
17.978744506835938,-25.90886878967285,19.635009765625
17.838319778442383,-25.311725616455078,21.307586669921875
17.630332946777344,-24.439556121826172,22.97265625
17.574087142944336,-23.626209259033203,24.360443115234375
17.370880126953125,-23.016908645629883,25.569046020507812
17.14873695373535,-22.243453979492188,26.830337524414062
16.996679306030273,-21.500686645507812,27.948196411132812
16.857101440429688,-20.837234497070312,28.980575561523438
16.83098793029785,-20.189620971679688,29.777908325195312
16.67664909362793,-19.46597671508789,30.407058715820312
16.674421310424805,-18.83450698852539,31.045059204101562
16.463960647583008,-18.36761474609375,31.598464965820312
16.346752166748047,-18.2199649810791,31.933120727539062
16.198633193969727,-18.2359619140625,32.20195007324219
16.014122009277344,-18.11681365966797,32.36956787109375
16.03394889831543,-18.035114288330078,32.41093444824219
16.070789337158203,-17.99217987060547,32.234832763671875
16.098783493041992,-17.81737518310547,32.0880126953125
16.274551391601562,-17.546260833740234,32.1917724609375
16.277868270874023,-17.475801467895508,32.31410217285156
16.12905502319336,-17.35638999938965,32.55889892578125
15.871231079101562,-17.0551700592041,32.88047790527344
15.57674789428711,-17.01100730895996,33.15692138671875
15.248995780944824,-16.76521873474121,33.556060791015625
14.992433547973633,-16.622018814086914,34.14225769042969
14.7499418258667,-16.5479679107666,34.68424987792969
14.472617149353027,-16.3087158203125,34.92088317871094
14.175869941711426,-16.265684127807617,35.18046569824219
13.894062995910645,-16.169700622558594,35.40608215332031
13.747838020324707,-16.084495544433594,35.4775390625
13.569726943969727,-16.13360023498535,35.63066101074219
13.50978946685791,-16.1337890625,35.689208984375
13.513448715209961,-16.087364196777344,35.784271240234375
13.356197357177734,-16.002639770507812,35.72540283203125
13.497538566589355,-15.997770309448242,35.80427551269531
13.666563034057617,-15.910377502441406,35.777496337890625
13.890602111816406,-15.885746002197266,35.87428283691406
13.800995826721191,-15.954000473022461,35.942474365234375
13.766313552856445,-16.000465393066406,36.0589599609375
13.768351554870605,-16.0869140625,36.063232421875
13.733541488647461,-16.131723403930664,36.081207275390625
13.879220008850098,-16.19089126586914,36.08039855957031
13.885903358459473,-16.25591468811035,36.10380554199219
13.969708442687988,-16.328718185424805,36.056182861328125
14.111725807189941,-16.464677810668945,36.05934143066406
14.331789016723633,-16.462886810302734,36.162567138671875
14.345550537109375,-16.57258415222168,36.25215148925781
14.484978675842285,-16.66512107849121,36.28570556640625
14.652050018310547,-16.774812698364258,36.375823974609375
14.688150405883789,-16.88302230834961,36.43965148925781
14.678524017333984,-16.90389633178711,36.48509216308594
14.768909454345703,-17.005308151245117,36.43061828613281
14.928540229797363,-17.10999298095703,36.41229248046875
15.035232543945312,-17.22458267211914,36.54670715332031
15.076252937316895,-17.351139068603516,36.526123046875
15.177264213562012,-17.682283401489258,36.37559509277344
15.29688835144043,-18.114009857177734,36.377960205078125
15.276124954223633,-18.588476181030273,36.20848083496094
15.189165115356445,-19.230377197265625,35.95458984375
15.094869613647461,-20.223133087158203,35.851654052734375
14.928558349609375,-21.136329650878906,35.61582946777344
14.643037796020508,-22.160701751708984,35.512969970703125
14.237101554870605,-23.207307815551758,35.115692138671875
13.867923736572266,-24.213335037231445,34.6390380859375
13.386338233947754,-25.368322372436523,34.3748779296875
12.621298789978027,-26.54421043395996,33.90458679199219
11.898107528686523,-27.695068359375,33.44804382324219
11.252005577087402,-28.78842544555664,32.98298645019531
10.323822975158691,-29.79209327697754,32.51463317871094
9.414539337158203,-30.9312801361084,32.07090759277344
8.507732391357422,-31.926618576049805,31.614974975585938
7.431121826171875,-32.85308074951172,31.172775268554688
6.4319353103637695,-33.781436920166016,30.633941650390625
5.3311614990234375,-34.70663070678711,30.026443481445312
4.223284721374512,-35.58049011230469,29.385726928710938
3.216629981994629,-36.421241760253906,28.628677368164062
2.3380537033081055,-37.22645568847656,27.9072265625
1.5248031616210938,-38.00068283081055,27.188232421875
0.7935771942138672,-38.714012145996094,26.59130859375
0.09935188293457031,-39.31926727294922,26.0889892578125
-0.6154966354370117,-39.92518615722656,25.381561279296875
-1.284210205078125,-40.49458694458008,24.543380737304688
-2.0334644317626953,-41.137821197509766,23.608383178710938
-2.58652400970459,-41.825504302978516,22.65716552734375
-3.058725357055664,-42.37335205078125,21.727020263671875
-3.4431705474853516,-43.076637268066406,20.704376220703125
-3.8135452270507812,-43.94892883300781,19.333831787109375
-4.194161415100098,-44.80695724487305,17.725006103515625
-4.536940574645996,-45.6326789855957,15.88616943359375
-4.808697700500488,-46.28792953491211,14.1483154296875
-5.191798210144043,-46.95503234863281,12.32672119140625
-5.3144121170043945,-47.64826202392578,10.785476684570312
-5.452694892883301,-48.347328186035156,9.215072631835938
-5.358820915222168,-48.779747009277344,7.9174957275390625
-5.078656196594238,-49.250823974609375,6.6714935302734375
-4.761496543884277,-49.742950439453125,5.462432861328125
-4.297356605529785,-50.07288360595703,4.615234375
-3.845179557800293,-50.547088623046875,3.6722869873046875
-3.224283218383789,-50.98928451538086,2.72186279296875
-2.574930191040039,-51.44517135620117,1.5890350341796875
-1.7996387481689453,-51.954776763916016,0.530975341796875
-0.9503860473632812,-52.27029037475586,-0.3455047607421875
0.043824195861816406,-52.828155517578125,-1.052398681640625
1.057621955871582,-53.169105529785156,-1.7076568603515625
2.203653335571289,-53.611297607421875,-2.215179443359375
3.6238584518432617,-53.904117584228516,-2.6454925537109375
5.0942277908325195,-54.28730773925781,-3.0723876953125
6.62060546875,-54.41353988647461,-3.3018951416015625
8.258405685424805,-54.565208435058594,-3.4609527587890625
10.239155769348145,-54.70634460449219,-3.5713043212890625
12.369897842407227,-54.56291961669922,-3.693817138671875
14.298133850097656,-54.39595413208008,-3.72747802734375
16.482166290283203,-53.961669921875,-3.6184234619140625
18.738353729248047,-53.47608184814453,-3.2073974609375
20.932861328125,-52.866920471191406,-2.6949005126953125
23.172176361083984,-52.14717102050781,-1.731109619140625
25.478071212768555,-51.05699920654297,-0.672515869140625
27.620115280151367,-49.798095703125,0.4979705810546875
29.691795349121094,-48.39912414550781,1.669403076171875
31.708267211914062,-46.920082092285156,3.0169677734375
33.66896438598633,-44.962947845458984,4.5100860595703125
35.464717864990234,-42.78350830078125,6.2036285400390625
37.20949935913086,-40.178123474121094,8.111419677734375
38.781761169433594,-37.317352294921875,10.3280029296875
40.26673126220703,-34.28383255004883,12.733184814453125
41.35334396362305,-31.017797470092773,15.19091796875
42.367103576660156,-27.34576416015625,17.81475830078125
43.252010345458984,-23.354528427124023,20.47467041015625
43.72536087036133,-19.10116195678711,23.318252563476562
44.01467514038086,-14.693647384643555,26.159866333007812
43.85117721557617,-9.809026718139648,29.240951538085938
43.59871292114258,-4.749231338500977,32.32012939453125
42.873287200927734,0.6143798828125,35.41175842285156
41.911773681640625,6.136890411376953,38.56695556640625
40.712867736816406,12.021568298339844,41.67236328125
39.26652526855469,18.171436309814453,44.746673583984375
37.3723030090332,24.520774841308594,47.72489929199219
35.12922668457031,31.292198181152344,50.78114318847656
32.73081588745117,38.223167419433594,53.76526641845703
29.984943389892578,45.39610290527344,56.27239227294922
26.952573776245117,52.70271301269531,58.373443603515625
23.776290893554688,59.89213562011719,59.84651184082031
20.1914119720459,66.9738998413086,60.66349792480469
16.464641571044922,73.95196533203125,60.888824462890625
12.56510066986084,80.77192687988281,60.36659240722656
8.612958908081055,87.3720932006836,59.21892547607422
4.59122371673584,93.67036437988281,57.58592224121094
0.4278135299682617,99.99659729003906,55.58092498779297
-3.7838754653930664,106.03546142578125,53.120277404785156
-8.092320442199707,111.88211059570312,50.05210876464844
-12.315072059631348,117.53416442871094,46.73741149902344
-16.683242797851562,123.023681640625,43.30564880371094
-21.044925689697266,128.4892578125,39.59454345703125
-25.395263671875,133.99378967285156,35.89088439941406
-29.545516967773438,139.43341064453125,31.858078002929688
-33.7721061706543,145.02476501464844,27.434478759765625
-37.85179901123047,150.60885620117188,22.897048950195312
-41.96384048461914,155.93292236328125,18.2099609375
-45.806148529052734,161.4333953857422,12.989913940429688
-49.73260498046875,166.7803497314453,7.124755859375
-53.428470611572266,171.89309692382812,0.6173553466796875
-56.98018264770508,176.381103515625,-6.3014678955078125
-60.350284576416016,180.2266387939453,-13.742523193359375
-63.45357131958008,183.41720581054688,-21.639297485351562
-66.67644500732422,186.22789001464844,-29.83746337890625
-69.69098663330078,188.6902313232422,-38.258758544921875
-72.64622497558594,190.64566040039062,-47.21514892578125
-75.62992858886719,192.24034118652344,-56.706085205078125
-78.56831359863281,193.21844482421875,-66.80628967285156
-81.61243438720703,193.36500549316406,-77.58770751953125
-84.87548065185547,192.87649536132812,-90.47061157226562
-88.06491088867188,193.96458435058594,-109.46237182617188
-90.59020233154297,198.0458221435547,-132.70059204101562
-91.87879943847656,202.30665588378906,-148.65838623046875
-92.40748596191406,203.94827270507812,-154.5982666015625
-92.64933013916016,204.4199981689453,-156.1304931640625
-92.77908325195312,204.61180114746094,-156.73837280273438
-92.95527648925781,204.66969299316406,-156.75225830078125
-93.04710388183594,204.65164184570312,-156.49923706054688
-93.07536315917969,204.7635040283203,-156.23202514648438
-92.79365539550781,204.78419494628906,-156.04586791992188
-92.77791595458984,204.69415283203125,-156.13265991210938
-92.73355865478516,204.52969360351562,-156.25650024414062
-92.65679931640625,204.52330017089844,-156.33538818359375
-92.4959487915039,204.47634887695312,-156.46469116210938
-92.41094207763672,204.46543884277344,-156.46499633789062
-92.49871063232422,204.44740295410156,-156.60079956054688
-92.4732894897461,204.4967803955078,-156.53506469726562
-92.34777069091797,204.58602905273438,-156.50604248046875
-92.34607696533203,204.61810302734375,-156.48098754882812
-92.22587585449219,204.6742706298828,-156.45046997070312
-92.20801544189453,204.74224853515625,-156.30035400390625
-92.1120834350586,204.64956665039062,-156.28115844726562
-92.11064910888672,204.62730407714844,-156.24725341796875
-92.17120361328125,204.6428985595703,-156.34988403320312
-92.01592254638672,204.6310272216797,-156.59332275390625
-91.982666015625,204.7602996826172,-156.66091918945312
-91.87226104736328,204.7633819580078,-156.48098754882812
-91.9012451171875,204.83111572265625,-156.47662353515625
-91.91082763671875,204.9873809814453,-156.3143310546875
-91.91936492919922,205.0259552001953,-156.33319091796875
-91.89869689941406,205.0734405517578,-156.35464477539062
-91.83235931396484,205.08026123046875,-156.36224365234375
-91.89676666259766,205.0733642578125,-156.35922241210938
-91.8086929321289,205.08749389648438,-156.47125244140625
-91.75772094726562,205.02511596679688,-156.31973266601562
-91.74958038330078,205.05299377441406,-156.08084106445312
-91.78247833251953,205.257080078125,-156.00714111328125
-91.77044677734375,205.37570190429688,-156.02066040039062
-91.78712463378906,205.4073028564453,-155.99813842773438
-91.76095581054688,205.3387908935547,-156.0321044921875
-91.7042007446289,205.35787963867188,-156.00399780273438
-91.638427734375,205.20838928222656,-155.96151733398438
-91.59162139892578,205.14450073242188,-155.86590576171875
-91.71382141113281,205.12246704101562,-155.87295532226562
-91.58050537109375,205.16236877441406,-155.79754638671875
-91.69329833984375,205.15090942382812,-155.78497314453125
-91.78693389892578,205.0418243408203,-155.98095703125
-91.91716003417969,205.1177978515625,-156.19085693359375
-91.91217041015625,205.13539123535156,-156.1180419921875
-91.76514434814453,205.15370178222656,-156.10589599609375
-91.52120971679688,205.3052215576172,-156.0150146484375
-91.57906341552734,205.44346618652344,-156.16009521484375
-91.6981201171875,205.3174285888672,-156.16189575195312
-91.67794799804688,205.2778778076172,-156.32830810546875
-91.68152618408203,205.28839111328125,-156.27520751953125
-91.70111846923828,205.2506866455078,-156.32208251953125
-91.7546157836914,205.33493041992188,-156.47244262695312
-91.82788848876953,205.27247619628906,-156.62237548828125
-91.82894134521484,205.17691040039062,-156.63235473632812
-92.10847473144531,205.18820190429688,-156.49362182617188
-92.09040832519531,205.19784545898438,-156.5660400390625
-92.12510681152344,205.03343200683594,-156.61990356445312
-92.09819793701172,205.04312133789062,-156.504150390625
-92.17826843261719,205.07644653320312,-156.59072875976562
-92.15863800048828,205.02772521972656,-156.64862060546875
-92.21150207519531,205.0950469970703,-156.63327026367188
-92.15357971191406,205.16783142089844,-156.5908203125
-92.17172241210938,205.17762756347656,-156.79013061523438
-92.15623474121094,205.1706085205078,-156.86724853515625
-92.20011901855469,205.19227600097656,-156.86264038085938
-92.25469970703125,205.230712890625,-156.84213256835938
-92.32379913330078,205.22042846679688,-156.77789306640625
-92.43401336669922,205.07957458496094,-156.70474243164062
-92.3748779296875,205.0502471923828,-156.660400390625
-92.22039794921875,205.0953369140625,-156.59353637695312
-92.14385223388672,205.19583129882812,-156.66213989257812
-92.03141021728516,205.16287231445312,-156.6441650390625
-92.05628204345703,205.0849151611328,-156.71322631835938
-91.98035430908203,205.1005859375,-156.75723266601562
-91.97555541992188,205.18087768554688,-156.8623046875
-91.85194396972656,205.07423400878906,-157.04147338867188
-91.98289489746094,204.95980834960938,-157.234130859375
-91.98505401611328,205.03993225097656,-157.34149169921875
-92.02982330322266,204.92857360839844,-157.34658813476562
-92.05963897705078,204.96739196777344,-157.35406494140625
-92.11699676513672,204.80294799804688,-157.373046875
-92.09751892089844,204.67955017089844,-157.37942504882812
-92.26119232177734,204.7635498046875,-157.5423583984375
-92.16293334960938,204.8108367919922,-157.47177124023438
-92.118408203125,204.6514129638672,-157.56192016601562
-92.13406372070312,204.77224731445312,-157.67886352539062
-92.07910919189453,204.7367401123047,-157.93600463867188
-92.12442779541016,204.76634216308594,-158.15988159179688
-91.99781036376953,204.77597045898438,-158.31478881835938
-91.8963623046875,204.76771545410156,-158.32684326171875
-91.70706939697266,204.83522033691406,-158.27142333984375
-91.68341827392578,204.74688720703125,-158.14190673828125
-91.74919128417969,204.76254272460938,-158.22384643554688
-91.68933868408203,204.82228088378906,-158.3729248046875
-91.55195617675781,204.94622802734375,-158.49417114257812
-91.4969711303711,204.7956085205078,-158.59335327148438
-91.43831634521484,204.8465118408203,-158.65982055664062
-91.31978607177734,204.8172607421875,-158.71786499023438
-91.34496307373047,204.78628540039062,-158.720703125
-91.31583404541016,204.77989196777344,-158.72784423828125
-91.25381469726562,204.7660369873047,-158.79486083984375
-91.03267669677734,204.83741760253906,-158.84445190429688
-90.87923431396484,204.81112670898438,-158.86685180664062
-90.76148986816406,204.81260681152344,-158.8646240234375
-90.55000305175781,204.854736328125,-158.86770629882812
-90.48778533935547,204.86019897460938,-158.86996459960938
-90.52177429199219,204.8516082763672,-158.8094482421875
-90.57390594482422,204.77975463867188,-158.6783447265625
-90.625732421875,204.79408264160156,-158.70089721679688
-90.49430084228516,204.8311767578125,-158.62701416015625
-90.47733306884766,204.8516845703125,-158.76531982421875
-90.43244171142578,204.79261779785156,-158.91995239257812
-90.44303894042969,204.757568359375,-158.8663330078125
-90.44512176513672,204.7692413330078,-158.683837890625
-90.47579193115234,204.83055114746094,-158.77337646484375
-90.35868072509766,204.86219787597656,-158.927978515625
-90.3541030883789,204.77215576171875,-158.98916625976562
-90.31623840332031,204.79505920410156,-159.10787963867188
-90.39958953857422,204.84811401367188,-159.0927734375
-90.63127899169922,204.74411010742188,-159.32269287109375
-90.7465591430664,204.6864471435547,-159.46527099609375
-90.8502197265625,204.57986450195312,-159.29452514648438
-90.8583984375,204.445556640625,-159.32418823242188
-90.93077087402344,204.396484375,-159.30035400390625
-90.99959564208984,204.51368713378906,-159.32049560546875
-91.15937805175781,204.49505615234375,-159.36587524414062
-91.18175506591797,204.44522094726562,-159.44845581054688
-91.1300277709961,204.39141845703125,-159.54647827148438
-91.24181365966797,204.43975830078125,-159.6529541015625
-91.28591918945312,204.30282592773438,-159.5885009765625
-91.38484191894531,204.29393005371094,-159.63143920898438
-91.56777954101562,204.28822326660156,-159.651611328125
-91.7292251586914,204.12130737304688,-159.69354248046875
-91.66100311279297,204.07174682617188,-159.47821044921875
-91.60220336914062,204.15463256835938,-159.4847412109375
-91.54967498779297,204.17153930664062,-159.3502197265625
-91.62305450439453,204.10716247558594,-159.28866577148438
-91.52941131591797,203.98858642578125,-159.32620239257812
-91.34829711914062,203.9875946044922,-159.24362182617188
-91.41514587402344,204.00332641601562,-159.2149658203125
-91.41227722167969,204.05238342285156,-159.1490478515625
-91.44615936279297,204.1077880859375,-159.13076782226562
-91.36384582519531,204.23939514160156,-159.24075317382812
-91.40972900390625,204.18356323242188,-159.2935791015625
-91.46454620361328,204.02130126953125,-159.16531372070312
-91.35149383544922,204.02993774414062,-159.21173095703125
-91.3923568725586,203.8918914794922,-159.2093505859375
-91.47650146484375,203.89056396484375,-159.25225830078125
-91.42850494384766,203.8643341064453,-159.28567504882812
-91.485107421875,203.82899475097656,-159.27886962890625
-91.45211029052734,203.88075256347656,-159.28610229492188
-91.54035949707031,203.8887176513672,-159.2440185546875
-91.5316162109375,203.89866638183594,-159.12789916992188
-91.53085327148438,203.73532104492188,-159.09158325195312
-91.4646987915039,203.780029296875,-159.12014770507812
-91.51210021972656,203.85275268554688,-159.1663818359375
-91.52117919921875,203.71914672851562,-159.012939453125
-91.3310317993164,203.74082946777344,-158.81112670898438
-91.31317901611328,203.77682495117188,-158.83554077148438
-91.28372955322266,203.74124145507812,-158.81707763671875
-91.27708435058594,203.8779296875,-158.83062744140625
-91.24259185791016,203.91383361816406,-158.77713012695312
-91.28988647460938,203.8632049560547,-158.7789306640625
-91.1795883178711,203.92189025878906,-158.72610473632812
-91.20271301269531,203.96133422851562,-158.69631958007812
-91.22052764892578,203.9696807861328,-158.68951416015625
-91.31417083740234,203.96824645996094,-158.64337158203125
-91.25436401367188,203.917724609375,-158.79794311523438
-91.20619201660156,203.8271484375,-158.84011840820312
-91.19863891601562,203.83792114257812,-158.68603515625
-91.22722625732422,203.80831909179688,-158.461669921875
-91.14886474609375,203.82823181152344,-158.46694946289062
-91.32477569580078,203.8272247314453,-158.5499267578125
-91.37509155273438,203.86956787109375,-158.59133911132812
-91.38096618652344,203.8168182373047,-158.43795776367188
-91.30099487304688,203.95921325683594,-158.62890625
-91.2217025756836,203.8809356689453,-158.58966064453125
-91.1413345336914,203.91854858398438,-158.6241455078125
-91.01513671875,203.9554443359375,-158.63922119140625
-91.01870727539062,204.1114044189453,-158.274658203125
-91.12615203857422,204.13267517089844,-158.31405639648438
-91.19477844238281,204.0077362060547,-158.29083251953125
-91.19477844238281,204.0077362060547,-158.29083251953125
-91.24248504638672,204.11874389648438,-158.3045654296875
-91.1901626586914,204.1592254638672,-158.36712646484375
-91.23401641845703,204.26815795898438,-158.29727172851562
-91.31666564941406,204.3016815185547,-158.39791870117188
-91.30354309082031,204.22579956054688,-158.38543701171875
-91.487060546875,204.21641540527344,-158.36593627929688
-91.52800750732422,204.21969604492188,-158.60662841796875
-91.33866119384766,204.12953186035156,-158.62188720703125
-91.32398223876953,204.09457397460938,-158.52069091796875
-91.37728881835938,204.02760314941406,-158.50747680664062
-91.44728088378906,203.9556121826172,-158.54141235351562
-91.54119110107422,204.01095581054688,-158.51254272460938
-91.67066192626953,203.94635009765625,-158.62869262695312
-91.84868621826172,203.9866180419922,-158.76309204101562
-91.97742462158203,203.96653747558594,-158.82855224609375
-92.15416717529297,203.98190307617188,-158.76522827148438
-92.26667022705078,203.95242309570312,-158.76171875
-92.36341094970703,203.9271697998047,-158.68719482421875
-92.49925231933594,203.94149780273438,-158.66973876953125
-92.64694213867188,203.8228302001953,-158.78652954101562
-92.65262603759766,203.88671875,-158.77798461914062
-92.77386474609375,203.89198303222656,-158.82452392578125
-92.85932922363281,203.83013916015625,-158.84423828125
-92.92460632324219,203.70285034179688,-158.8896484375
-92.91105651855469,203.6787109375,-158.7896728515625
-92.88292694091797,203.69384765625,-158.8681640625
-93.04047393798828,203.67013549804688,-158.78421020507812
-93.03675842285156,203.69696044921875,-158.90057373046875
-92.99165344238281,203.7601318359375,-158.84454345703125
-92.90494537353516,203.7914276123047,-158.96218872070312
-92.75892639160156,203.73721313476562,-158.99554443359375
-92.63197326660156,203.6942596435547,-158.9666748046875
-92.68767547607422,203.69654846191406,-158.843505859375
-92.67491149902344,203.72218322753906,-158.78399658203125
-92.53211212158203,203.74606323242188,-159.02682495117188
-92.5156478881836,203.77508544921875,-159.04644775390625
-92.49933624267578,203.74191284179688,-158.99630737304688
-92.52883911132812,203.67477416992188,-158.9957275390625
-92.64715576171875,203.65151977539062,-159.00772094726562
-92.78752136230469,203.6022186279297,-159.0504150390625
-92.71200561523438,203.56272888183594,-159.17037963867188
-92.69486999511719,203.5984649658203,-159.21359252929688
-92.66902160644531,203.56900024414062,-159.473388671875
-92.64971160888672,203.55322265625,-159.57449340820312
-92.76813507080078,203.55516052246094,-159.6943359375
-92.7096176147461,203.59495544433594,-159.86819458007812
-92.68769073486328,203.48866271972656,-160.02996826171875
-92.70724487304688,203.547607421875,-159.94921875
-92.67189025878906,203.5680389404297,-159.96090698242188
-92.77410888671875,203.62770080566406,-159.93295288085938
-92.80181121826172,203.6338653564453,-159.9964599609375
-92.69058990478516,203.55899047851562,-160.17959594726562
-92.64176940917969,203.4353485107422,-160.07266235351562
-92.62686157226562,203.4581298828125,-160.00042724609375
-92.6686019897461,203.52151489257812,-159.84579467773438
-92.78021240234375,203.51678466796875,-159.74957275390625
-92.75251007080078,203.5308380126953,-159.76470947265625
-92.64097595214844,203.55337524414062,-159.7037353515625
-92.59973907470703,203.5714874267578,-159.74942016601562
-92.52149963378906,203.5472869873047,-159.7203369140625
-92.4791030883789,203.6656494140625,-159.93524169921875
-92.46514892578125,203.70457458496094,-160.0706787109375
-92.40927124023438,203.7952117919922,-160.21255493164062
-92.38996887207031,203.80850219726562,-160.14019775390625
-92.39812469482422,203.8326873779297,-160.09280395507812
-92.4181137084961,203.85610961914062,-160.11041259765625
-92.3912353515625,203.82997131347656,-160.09197998046875
-92.41831970214844,203.81871032714844,-160.071044921875
-92.17774200439453,203.89617919921875,-160.15338134765625
-92.1702880859375,203.76583862304688,-160.20819091796875
-92.19595336914062,203.68592834472656,-160.08740234375
-92.11582946777344,203.70603942871094,-159.94888305664062
-92.0248031616211,203.61749267578125,-159.91302490234375
-91.93585205078125,203.5948486328125,-160.03240966796875
-91.8952865600586,203.57508850097656,-160.02548217773438
-91.8922348022461,203.54898071289062,-159.975830078125
-91.78601837158203,203.63296508789062,-159.94476318359375
-91.65776062011719,203.6357879638672,-159.74371337890625
-91.6170654296875,203.72901916503906,-159.77386474609375
-91.4613265991211,203.85289001464844,-159.76162719726562
-91.37794494628906,203.9916229248047,-159.83599853515625
-91.27045440673828,204.09262084960938,-159.900634765625
-91.33184051513672,204.06814575195312,-159.82928466796875
-91.31675720214844,203.981689453125,-159.79586791992188
-91.17166900634766,203.9464569091797,-159.5986328125
-91.22352600097656,203.88143920898438,-159.545654296875
-91.08084106445312,203.9154815673828,-159.33984375
-90.94506072998047,203.9236602783203,-159.26162719726562
-90.83309173583984,204.1239776611328,-159.16830444335938
-90.80636596679688,204.1896209716797,-159.15899658203125
-90.73782348632812,204.197265625,-159.08148193359375
-90.75271606445312,204.2546844482422,-159.14306640625
-90.7331314086914,204.13706970214844,-159.1365966796875
-90.71036529541016,204.15065002441406,-158.97393798828125
-90.73908996582031,204.17832946777344,-158.89776611328125
-90.72109985351562,204.25082397460938,-158.86114501953125
-90.7669677734375,204.27426147460938,-158.87081909179688
-90.67475891113281,204.30262756347656,-158.804443359375
-90.52932739257812,204.25485229492188,-158.79254150390625
-90.57091522216797,204.352294921875,-158.94647216796875
-90.53581237792969,204.4482421875,-158.9937744140625
-90.5879135131836,204.37228393554688,-158.83355712890625
-90.6185073852539,204.40184020996094,-158.7874755859375
-90.70112609863281,204.4440460205078,-158.77639770507812
-90.71812438964844,204.3726043701172,-158.81356811523438
-90.6955795288086,204.53121948242188,-158.96356201171875
-90.65750885009766,204.4306182861328,-158.8206787109375
-90.65924072265625,204.44097900390625,-158.9088134765625
-90.48326110839844,204.3909149169922,-158.90286254882812
-90.58021545410156,204.41639709472656,-158.89620971679688
-90.54783630371094,204.45338439941406,-158.697509765625
-90.5791015625,204.43333435058594,-158.61996459960938
-90.56939697265625,204.41490173339844,-158.6014404296875
-90.69956970214844,204.41615295410156,-158.6527099609375
-90.74005889892578,204.4467010498047,-158.56536865234375
-90.64878845214844,204.52879333496094,-158.4268798828125
-90.52099609375,204.65505981445312,-158.51974487304688
-90.50093078613281,204.57745361328125,-158.465087890625
-90.5455093383789,204.6925506591797,-158.35504150390625
-90.71321868896484,204.683837890625,-158.46084594726562
-90.72456359863281,204.77931213378906,-158.53640747070312
-90.79610443115234,204.7623748779297,-158.43212890625
-90.65322875976562,204.66416931152344,-158.38278198242188
-90.61241149902344,204.675048828125,-158.39422607421875
-90.5645751953125,204.5823974609375,-158.24774169921875
-90.55780792236328,204.6469268798828,-158.30618286132812
-90.55416870117188,204.6251983642578,-158.28329467773438
-90.48628997802734,204.73562622070312,-158.27914428710938
-90.43901062011719,204.8060760498047,-158.31051635742188
-90.49200439453125,204.81643676757812,-158.1810302734375
-90.36398315429688,204.79434204101562,-158.237548828125
-90.29923248291016,204.76602172851562,-158.05050659179688
-90.36663055419922,204.8420867919922,-158.03286743164062
-90.48304748535156,204.86801147460938,-158.174560546875
-90.54485321044922,204.9052276611328,-158.18280029296875
-90.67508697509766,204.96240234375,-158.2841796875
-90.70963287353516,204.97174072265625,-158.29718017578125
-90.72178649902344,204.81173706054688,-158.40997314453125
-90.76569366455078,204.75552368164062,-158.31851196289062
-90.77619934082031,204.82542419433594,-158.30230712890625
-90.8188247680664,205.03395080566406,-158.50823974609375
-90.66756439208984,205.06729125976562,-158.62664794921875
-90.61614227294922,204.9810333251953,-158.556640625
-90.4628677368164,204.99974060058594,-158.38461303710938
-90.47562408447266,204.83905029296875,-158.37750244140625
-90.4082260131836,204.8472442626953,-158.21774291992188
-90.32953643798828,204.85984802246094,-158.24960327148438
-90.36617279052734,204.9609832763672,-158.44137573242188
-90.37619018554688,204.955810546875,-158.387939453125
-90.47362518310547,204.8231964111328,-158.41049194335938
-90.49205780029297,204.923095703125,-158.50140380859375
-90.51659393310547,204.98777770996094,-158.53396606445312
-90.5893325805664,204.9120330810547,-158.71826171875
-90.59616088867188,204.82562255859375,-158.68621826171875
-90.42042541503906,204.7289581298828,-158.603759765625
-90.3245849609375,204.78530883789062,-158.45660400390625
-90.28868103027344,204.67201232910156,-158.28683471679688
-90.2770004272461,204.61691284179688,-158.22817993164062
-90.37246704101562,204.68106079101562,-158.08975219726562
-90.43544006347656,204.7013702392578,-158.05526733398438
-90.48328399658203,204.6431121826172,-158.050537109375
-90.53463745117188,204.6075439453125,-158.18405151367188
-90.44666290283203,204.64605712890625,-158.22418212890625
-90.38273620605469,204.6188201904297,-158.20547485351562
-90.29480743408203,204.50668334960938,-158.181884765625
-90.27832794189453,204.5814971923828,-158.04275512695312
-90.3173599243164,204.75157165527344,-158.16989135742188
-90.38695526123047,204.7615509033203,-158.34918212890625
-90.48310852050781,204.82708740234375,-158.31930541992188
-90.46562957763672,204.85202026367188,-158.38095092773438
-90.46709442138672,204.91717529296875,-158.19973754882812
-90.4872055053711,204.84877014160156,-158.17086791992188
-90.43006896972656,204.8069305419922,-158.22021484375
-90.49807739257812,204.80450439453125,-158.16201782226562
-90.51786041259766,204.8479766845703,-158.13226318359375
-90.47928619384766,204.93069458007812,-158.25839233398438
-90.52010345458984,204.95079040527344,-158.18099975585938
-90.50698852539062,204.84449768066406,-158.2088623046875
-90.53315734863281,204.6971893310547,-158.18600463867188
-90.5156478881836,204.64796447753906,-158.03890991210938
-90.41319274902344,204.7935333251953,-158.26174926757812
-90.38919067382812,204.82078552246094,-158.306640625
-90.41973114013672,204.88796997070312,-158.21078491210938
-90.36534118652344,204.873291015625,-158.21932983398438
-90.3449935913086,204.79031372070312,-158.27621459960938
-90.29316711425781,204.76145935058594,-158.30963134765625
-90.35557556152344,204.75259399414062,-158.25894165039062
-90.38705444335938,204.78395080566406,-158.25314331054688
-90.36259460449219,204.74493408203125,-158.23208618164062
-90.34810638427734,204.9216766357422,-158.2054443359375
-90.36199951171875,204.92449951171875,-158.14599609375
-90.3589096069336,204.8404541015625,-158.16635131835938
-90.40526580810547,205.03416442871094,-158.10067749023438
-90.51399230957031,205.06983947753906,-158.20068359375
-90.34083557128906,204.95281982421875,-158.14395141601562
-90.33397674560547,204.80392456054688,-158.17437744140625
-90.43898010253906,205.03421020507812,-158.16290283203125
-90.47370147705078,205.01121520996094,-157.93182373046875
-90.424072265625,205.07371520996094,-157.90774536132812
-90.42153930664062,205.10177612304688,-157.8878173828125
-90.3919677734375,205.02505493164062,-157.88809204101562
-90.21839141845703,205.106201171875,-157.96566772460938
-90.18436431884766,204.89984130859375,-158.115478515625
-90.13514709472656,204.77796936035156,-158.1939697265625
-90.14102935791016,204.8905487060547,-158.08941650390625
-90.2838134765625,204.91744995117188,-157.95901489257812
-90.1988296508789,204.93243408203125,-157.99136352539062
-90.20421600341797,204.89962768554688,-157.99462890625
-90.24401092529297,204.811279296875,-157.968505859375
-90.28700256347656,204.75979614257812,-157.8455810546875
-90.27962493896484,204.8468017578125,-157.84075927734375
-90.32074737548828,204.8846435546875,-158.0599365234375
-90.34601593017578,204.91708374023438,-158.11505126953125
-90.39952850341797,204.97552490234375,-158.3070068359375
-90.4637222290039,205.0726776123047,-158.31149291992188
-90.34712219238281,204.91845703125,-158.48251342773438
-90.36212921142578,204.83221435546875,-158.60159301757812
-90.44930267333984,204.83518981933594,-158.6619873046875
-90.40890502929688,204.85142517089844,-158.40985107421875
-90.30845642089844,204.9503173828125,-158.24224853515625
-90.41166687011719,204.98760986328125,-158.17095947265625
-90.41731262207031,204.8657684326172,-158.27474975585938
-90.4719009399414,204.77320861816406,-158.37603759765625
-90.48973083496094,204.87266540527344,-158.29388427734375
-90.33424377441406,204.97010803222656,-158.2301025390625
-90.36619567871094,204.943359375,-158.21481323242188
-90.4929428100586,204.8886260986328,-158.24539184570312
-90.46330261230469,205.0225830078125,-158.20941162109375
-90.50111389160156,204.94610595703125,-158.24359130859375
-90.5053939819336,204.9214630126953,-158.07125854492188
-90.43975830078125,204.8797149658203,-158.07855224609375
-90.40265655517578,204.81809997558594,-157.9346923828125
-90.31232452392578,204.94622802734375,-157.99789428710938
-90.40892791748047,204.98304748535156,-158.13983154296875
-90.50464630126953,204.992919921875,-158.050048828125
-90.51836395263672,205.0017547607422,-157.91787719726562
-90.46703338623047,204.80819702148438,-157.96548461914062
-90.44519805908203,204.74880981445312,-158.0577392578125
-90.48014831542969,204.83421325683594,-158.118896484375
-90.5103759765625,204.80145263671875,-158.0955810546875
-90.505126953125,204.78256225585938,-158.18734741210938
-90.34898376464844,204.75491333007812,-158.27658081054688
-90.3266372680664,204.6407470703125,-158.30413818359375
-90.43421936035156,204.7816619873047,-158.17108154296875
-90.6224365234375,204.8422393798828,-158.18960571289062
-90.63307189941406,204.73483276367188,-158.0452880859375
-90.64346313476562,204.64492797851562,-158.04916381835938
-90.5473403930664,204.6680145263672,-158.17630004882812
-90.45123291015625,204.6942596435547,-158.14364624023438
-90.46365356445312,204.7182159423828,-158.1044921875
-90.71797180175781,204.63258361816406,-158.12667846679688
-90.86453247070312,204.6408233642578,-158.14892578125
-90.87794494628906,204.66439819335938,-158.24716186523438
-90.87480163574219,204.62210083007812,-158.31484985351562
-90.88365173339844,204.75003051757812,-158.33331298828125
-91.00589752197266,204.65121459960938,-158.32791137695312
-91.08674621582031,204.7021942138672,-158.32540893554688
-91.04267883300781,204.62600708007812,-158.33740234375
-91.12037658691406,204.67181396484375,-158.38973999023438
-91.1473388671875,204.6906280517578,-158.44161987304688
-91.12895965576172,204.6434783935547,-158.61993408203125
-90.9538803100586,204.6859588623047,-158.69805908203125
-90.96702575683594,204.64801025390625,-158.70989990234375
-90.88761901855469,204.6607208251953,-158.77261352539062
-90.912353515625,204.64431762695312,-158.77755737304688
-90.9194564819336,204.8053436279297,-158.70486450195312
-90.93867492675781,204.840576171875,-158.70407104492188
-90.88423919677734,204.75271606445312,-158.82650756835938
-90.86387634277344,204.71836853027344,-158.7218017578125
-90.97484588623047,204.6884307861328,-158.4219970703125
-91.0403823852539,204.64015197753906,-158.3931884765625
-90.97208404541016,204.6710662841797,-158.46078491210938
-91.01094055175781,204.7136993408203,-158.40045166015625
-91.01504516601562,204.79208374023438,-158.39404296875
-90.93706512451172,204.8101043701172,-158.3472900390625
-90.88340759277344,204.88621520996094,-158.14715576171875
-90.9131851196289,205.06021118164062,-158.208984375
-91.10435485839844,204.9775848388672,-158.33404541015625
-91.13996124267578,204.79998779296875,-158.42520141601562
-91.14798736572266,204.84913635253906,-158.53970336914062
-91.1672592163086,204.78675842285156,-158.65298461914062
-91.15351104736328,204.66390991210938,-158.65838623046875
-91.27261352539062,204.695068359375,-158.82257080078125
-91.28376007080078,204.69200134277344,-158.773681640625
-91.41117858886719,204.76089477539062,-158.77178955078125
-91.35892486572266,204.78890991210938,-158.62814331054688
-91.39427947998047,204.64915466308594,-158.68118286132812
-91.31348419189453,204.73878479003906,-158.72012329101562
-91.28290557861328,204.8263397216797,-158.7291259765625
-91.17554473876953,204.8193359375,-158.6510009765625
-91.20840454101562,204.76121520996094,-158.51239013671875
-91.22850036621094,204.78738403320312,-158.66775512695312
-91.19466400146484,204.73594665527344,-158.78207397460938
-91.26887512207031,204.64389038085938,-158.7703857421875
-91.38243103027344,204.79812622070312,-158.89218139648438
-91.48530578613281,204.65785217285156,-158.94943237304688
-91.5081558227539,204.623046875,-159.00967407226562
-91.47603607177734,204.62937927246094,-159.03643798828125
-91.59559631347656,204.50794982910156,-159.15789794921875
-91.61798858642578,204.40585327148438,-159.25906372070312
-91.55842590332031,204.26419067382812,-159.272216796875
-91.6898193359375,204.3131103515625,-159.35455322265625
-91.91293334960938,204.244873046875,-159.41195678710938
-92.00079345703125,204.23179626464844,-159.57424926757812
-92.10542297363281,204.16029357910156,-159.60211181640625
-92.16119384765625,204.13787841796875,-159.52658081054688
-92.1790771484375,204.11949157714844,-159.43609619140625
-92.13014221191406,204.15533447265625,-159.5252685546875
-92.29788970947266,204.14645385742188,-159.65310668945312
-92.45171356201172,204.05938720703125,-159.6954345703125
-92.48262023925781,204.0240020751953,-159.739990234375
-92.45783233642578,204.03721618652344,-159.76809692382812
-92.59674072265625,203.96946716308594,-159.91583251953125
-92.58698272705078,204.02513122558594,-159.88018798828125
-92.6647720336914,203.9722137451172,-160.04840087890625
-92.76323699951172,203.93553161621094,-160.11343383789062
-92.67092895507812,204.0253143310547,-160.22653198242188
-92.76171875,204.07774353027344,-160.31027221679688
-92.81733703613281,204.08132934570312,-160.27239990234375
-92.83991241455078,203.9642333984375,-160.28067016601562
-93.1385498046875,203.97544860839844,-160.2923583984375
-93.11404418945312,203.91964721679688,-160.40814208984375
-93.13054656982422,203.81893920898438,-160.56350708007812
-93.15478515625,203.8529510498047,-160.62643432617188
-93.22598266601562,203.8927001953125,-160.65322875976562
-93.32183837890625,203.87686157226562,-160.64593505859375
-93.33763122558594,203.9052276611328,-160.83544921875
-93.30458068847656,203.80685424804688,-160.90908813476562
-93.45193481445312,203.74143981933594,-160.88973999023438
-93.35533142089844,203.7369384765625,-160.86639404296875
-93.39430236816406,203.730712890625,-160.94180297851562
-93.42085266113281,203.59817504882812,-161.07470703125
-93.4666976928711,203.4813690185547,-161.31280517578125
-93.36370849609375,203.54222106933594,-161.30557250976562
-93.29562377929688,203.57833862304688,-161.23956298828125
-93.3378677368164,203.5578155517578,-161.1781005859375
-93.34613800048828,203.6715545654297,-161.09689331054688
-93.19317626953125,203.6078643798828,-161.04107666015625
-93.2039794921875,203.6284637451172,-161.01434326171875
-93.3200912475586,203.64044189453125,-161.03170776367188
-93.34488677978516,203.7465057373047,-161.16098022460938
-93.30638122558594,203.86915588378906,-161.14675903320312
-93.1706771850586,203.8196258544922,-161.24880981445312
-93.15543365478516,203.78067016601562,-161.34320068359375
-93.19575500488281,203.79287719726562,-161.36444091796875
-93.17799377441406,203.65887451171875,-161.22433471679688
-93.24669647216797,203.7275390625,-161.19216918945312
-93.26164245605469,203.67446899414062,-161.3477783203125
-93.26704406738281,203.73841857910156,-161.47384643554688
-93.27685546875,203.7324981689453,-161.4742431640625
-93.25151824951172,203.63031005859375,-161.534423828125
-93.33580780029297,203.6561279296875,-161.54837036132812
-93.36866760253906,203.71998596191406,-161.57672119140625
-93.45489501953125,203.75193786621094,-161.5665283203125
-93.52832794189453,203.7723388671875,-161.44049072265625
-93.57493591308594,203.7206573486328,-161.4620361328125
-93.64771270751953,203.5941925048828,-161.50619506835938
-93.84591674804688,203.6832275390625,-161.7408447265625
-93.93775177001953,203.6118927001953,-161.7467041015625
-94.08547973632812,203.6907501220703,-161.78302001953125
-94.01004028320312,203.83590698242188,-161.6541748046875
-94.10179138183594,203.75430297851562,-161.68328857421875
-94.0429458618164,203.59072875976562,-161.57095336914062
-93.97621154785156,203.62733459472656,-161.41091918945312
-93.86129760742188,203.67189025878906,-161.41485595703125
-93.90460205078125,203.65953063964844,-161.35598754882812
-93.89331817626953,203.7263946533203,-161.509521484375
-93.96147155761719,203.6874237060547,-161.66070556640625
-94.0624771118164,203.71913146972656,-161.62753295898438
-94.13689422607422,203.75836181640625,-161.64874267578125
-94.30830383300781,203.8605194091797,-161.53872680664062
-94.34076690673828,203.7620391845703,-161.36477661132812
-94.46829223632812,203.77540588378906,-161.20455932617188
-94.44873809814453,203.8565673828125,-161.20138549804688
-94.3885726928711,203.80258178710938,-161.05645751953125
-94.32307434082031,203.9303436279297,-161.14132690429688
-94.30757141113281,203.85069274902344,-161.22991943359375
-94.42264556884766,203.8170166015625,-161.27328491210938
-94.56690216064453,203.78956604003906,-161.48797607421875
-94.58617401123047,203.71958923339844,-161.52566528320312
-94.57815551757812,203.8250732421875,-161.56851196289062
-94.64151000976562,203.8448944091797,-161.77313232421875
-94.71128845214844,203.72463989257812,-161.95205688476562
-94.73970031738281,203.71408081054688,-161.90789794921875
-94.77867889404297,203.60366821289062,-161.70025634765625
-94.8255386352539,203.56698608398438,-161.86248779296875
-95.08488464355469,203.5281982421875,-162.08743286132812
-95.24028778076172,203.53150939941406,-162.11480712890625
-95.48685455322266,203.52285766601562,-162.13592529296875
-95.72833251953125,203.52963256835938,-162.11587524414062
-95.90753173828125,203.44837951660156,-161.97439575195312
-96.01195526123047,203.38157653808594,-161.97943115234375
-96.04488372802734,203.46070861816406,-161.9608154296875
-96.03022003173828,203.5775146484375,-161.73495483398438
-95.98922729492188,203.60919189453125,-161.73623657226562
-95.89729309082031,203.58175659179688,-161.81301879882812
-95.79938507080078,203.46913146972656,-161.71163940429688
-95.81845092773438,203.4027557373047,-161.70086669921875
-95.73037719726562,203.4441680908203,-161.72280883789062
-95.85575866699219,203.4791717529297,-161.687744140625
-95.90127563476562,203.4944610595703,-161.752685546875
-96.03658294677734,203.44102478027344,-161.66586303710938
-96.08071899414062,203.48036193847656,-161.64971923828125
-96.03206634521484,203.39585876464844,-161.56826782226562
-96.08718872070312,203.4169921875,-161.40008544921875
-96.10516357421875,203.43370056152344,-161.13479614257812
-95.9736557006836,203.3776397705078,-160.96246337890625
-95.9587173461914,203.45050048828125,-160.95989990234375
-95.81803894042969,203.4987335205078,-160.82763671875
-95.68302917480469,203.55914306640625,-160.69570922851562
-95.67816925048828,203.4488983154297,-160.6748046875
-95.52743530273438,203.3896026611328,-160.72512817382812
-95.49652862548828,203.42120361328125,-160.75155639648438
-95.47705078125,203.46881103515625,-160.85650634765625
-95.48954772949219,203.68267822265625,-160.74832153320312
-95.46553039550781,203.66075134277344,-160.7626953125
-95.54473876953125,203.7137451171875,-160.74441528320312
-95.30857849121094,203.74420166015625,-160.889404296875
-95.10237884521484,203.71023559570312,-160.74551391601562
-94.88783264160156,203.83145141601562,-160.7615966796875
-94.85861206054688,203.879638671875,-160.85977172851562
-94.6528091430664,203.8607940673828,-160.84970092773438
-94.61978149414062,203.80931091308594,-161.00900268554688
-94.4158706665039,203.81333923339844,-161.0592041015625
-94.38421630859375,203.79617309570312,-161.03329467773438
-94.25279998779297,203.79855346679688,-160.87640380859375
-94.11847686767578,203.82052612304688,-160.83349609375
-93.9097671508789,203.9881591796875,-161.00473022460938
-93.83946990966797,203.83856201171875,-160.99517822265625
-93.61649322509766,203.84620666503906,-161.17962646484375
-93.54826354980469,203.89569091796875,-161.19650268554688
-93.56681823730469,203.9077606201172,-161.1695556640625
-93.49371337890625,203.99839782714844,-161.13699340820312
-93.33515930175781,203.99232482910156,-161.1634521484375
-93.29078674316406,203.85940551757812,-161.16900634765625
-93.29078674316406,203.85940551757812,-161.16900634765625
-93.21327209472656,203.90399169921875,-161.158447265625
-93.11104583740234,203.9901580810547,-161.1622314453125
-92.94808959960938,203.99351501464844,-161.24713134765625
-92.91355895996094,203.95770263671875,-161.2332763671875
-92.664794921875,204.1033172607422,-161.24685668945312
-92.55557250976562,204.15802001953125,-161.34808349609375
-92.5420150756836,204.061279296875,-161.49777221679688
-92.5265884399414,203.9698486328125,-161.49041748046875
-92.49462890625,203.99781799316406,-161.40383911132812
-92.39219665527344,204.0430145263672,-161.43051147460938
-92.36863708496094,204.21775817871094,-161.45196533203125
-92.26028442382812,204.16770935058594,-161.60287475585938
-92.12483978271484,204.02685546875,-161.60629272460938
-92.07640838623047,203.96604919433594,-161.58554077148438
-92.06265258789062,203.994140625,-161.59768676757812
-92.13424682617188,204.10182189941406,-161.60623168945312
-92.07969665527344,204.0642852783203,-161.775146484375
-92.04744720458984,203.9770965576172,-161.78271484375
-91.80239868164062,203.96177673339844,-161.69662475585938
-91.52802276611328,203.77037048339844,-161.93441772460938
-91.26664733886719,203.67401123046875,-162.14556884765625
-90.95964813232422,203.60577392578125,-162.46502685546875
-90.72869110107422,203.57310485839844,-162.66110229492188
-90.29397583007812,203.6206512451172,-162.81793212890625
-89.94940185546875,203.64463806152344,-162.83798217773438
-89.68629455566406,203.5961151123047,-162.88128662109375
-89.41188049316406,203.65850830078125,-162.99942016601562
-89.13758087158203,203.54054260253906,-163.03359985351562
-88.89849090576172,203.47976684570312,-162.08474731445312
-88.43216705322266,204.37081909179688,-155.867919921875
-86.3527603149414,209.56443786621094,-138.470458984375
-86.47713470458984,220.13632202148438,-107.48977661132812
-92.20130157470703,231.1160888671875,-62.86116027832031
-98.47455596923828,235.12005615234375,-8.0828857421875
-98.36902618408203,226.11483764648438,47.30461120605469
-90.17877197265625,205.35226440429688,91.34811401367188
-76.33547973632812,179.4546356201172,118.1069107055664
-60.600093841552734,153.58346557617188,128.73483276367188
-46.08308410644531,130.0,127.88421630859375
-33.47930908203125,109.33169555664062,120.25382995605469
-23.25289535522461,91.85035705566406,109.45367431640625
-14.814902305603027,76.81513977050781,97.5960464477539
-7.788941383361816,63.531349182128906,86.07063293457031
-1.8791885375976562,51.60029602050781,75.86038208007812
3.447688102722168,40.982452392578125,67.40960693359375
8.201265335083008,31.49224090576172,60.57244110107422
12.379728317260742,22.92418670654297,55.03264617919922
16.18044662475586,15.261669158935547,50.38536071777344
19.338497161865234,8.331260681152344,46.22541809082031
21.829242706298828,1.989349365234375,42.49650573730469
23.949100494384766,-3.6959285736083984,39.17869567871094
26.001628875732422,-8.77237319946289,35.982696533203125
27.834501266479492,-13.053153991699219,32.956329345703125
29.52431869506836,-16.733890533447266,29.967193603515625
31.130313873291016,-19.84739112854004,26.8143310546875
32.48188400268555,-22.533472061157227,23.657791137695312
33.66657638549805,-24.900127410888672,20.614013671875
34.51179122924805,-26.997779846191406,17.7166748046875
35.049381256103516,-28.844717025756836,14.858261108398438
35.564151763916016,-30.765216827392578,12.047683715820312
35.80436325073242,-32.37440490722656,9.269882202148438
35.913185119628906,-33.895057678222656,6.46405029296875
35.775943756103516,-35.217708587646484,3.7515869140625
35.78434371948242,-36.2209358215332,1.2649078369140625
35.70427703857422,-37.13689422607422,-1.1045684814453125
35.53012466430664,-37.825740814208984,-3.4803924560546875
35.2000732421875,-38.350433349609375,-5.95269775390625
34.584495544433594,-38.78457260131836,-8.413177490234375
33.842430114746094,-39.15653991699219,-10.803543090820312
32.81629943847656,-39.57907485961914,-13.173934936523438
31.59942626953125,-40.103965759277344,-15.153182983398438
30.266799926757812,-40.39793014526367,-16.751266479492188
28.842697143554688,-40.75462341308594,-18.492767333984375
27.343591690063477,-40.952423095703125,-19.96807861328125
25.791439056396484,-40.823734283447266,-21.447738647460938
24.40459442138672,-40.651912689208984,-22.9014892578125
23.049476623535156,-40.48830795288086,-24.18084716796875
21.65949249267578,-40.425018310546875,-25.443771362304688
19.96162223815918,-40.25388717651367,-26.462234497070312
18.419431686401367,-40.10552978515625,-27.2021484375
17.036069869995117,-39.856197357177734,-27.68634033203125
15.667214393615723,-39.54342269897461,-28.182769775390625
14.11317253112793,-39.21017074584961,-28.6890869140625
12.477967262268066,-38.801666259765625,-29.197418212890625
10.968719482421875,-38.30656051635742,-29.502197265625
9.500581741333008,-37.85191345214844,-29.861572265625
7.829929351806641,-37.16522216796875,-30.420303344726562
6.239377021789551,-36.484130859375,-30.994705200195312
4.640729904174805,-35.81822204589844,-31.548477172851562
3.0896759033203125,-35.03322982788086,-31.84930419921875
1.6509790420532227,-34.252750396728516,-32.2447509765625
0.18099117279052734,-33.55414581298828,-32.48089599609375
-1.2274627685546875,-32.876094818115234,-32.53761291503906
-2.628816604614258,-32.15831756591797,-32.3712158203125
-4.023226737976074,-31.441545486450195,-32.143341064453125
-5.315997123718262,-30.68721580505371,-31.640426635742188
-6.675158500671387,-30.154861450195312,-31.0218505859375
-7.920760154724121,-29.562952041625977,-30.45855712890625
-9.188076972961426,-29.11334800720215,-29.72930908203125
-10.2778902053833,-28.779510498046875,-28.87457275390625
-11.246634483337402,-28.29290771484375,-27.98870849609375
-12.180418968200684,-27.953388214111328,-26.9219970703125
-13.176560401916504,-27.49371337890625,-25.83648681640625
-14.030497550964355,-27.09890365600586,-24.819549560546875
-14.672329902648926,-26.668609619140625,-23.584152221679688
-15.3639497756958,-26.04495620727539,-22.463912963867188
-15.791674613952637,-25.60821533203125,-21.257888793945312
-16.156455993652344,-25.184173583984375,-20.11529541015625
-16.216903686523438,-24.78873062133789,-19.179580688476562
-16.45467758178711,-24.501407623291016,-18.251983642578125
-16.52896499633789,-24.23850440979004,-17.191070556640625
-16.5570068359375,-23.982147216796875,-16.1317138671875
-16.64202117919922,-23.742639541625977,-14.811538696289062
-16.530357360839844,-23.505340576171875,-13.527923583984375
-16.495018005371094,-23.16314697265625,-12.398651123046875
-16.443042755126953,-22.84517478942871,-11.378921508789062
-16.513328552246094,-22.428768157958984,-10.452499389648438
-16.328235626220703,-21.915075302124023,-9.584869384765625
-16.0155029296875,-21.450572967529297,-8.641098022460938
-15.567687034606934,-21.134328842163086,-7.81982421875
-14.925360679626465,-20.976707458496094,-7.0557403564453125
-14.131295204162598,-20.861602783203125,-6.3645782470703125
-13.362008094787598,-20.89181900024414,-5.5692291259765625
-12.434691429138184,-21.03992462158203,-5.049591064453125
-11.275404930114746,-21.292274475097656,-4.7579193115234375
-9.967890739440918,-21.81951141357422,-4.3758087158203125
-8.740763664245605,-22.288108825683594,-4.1941986083984375
-7.711838722229004,-22.82797622680664,-3.78961181640625
-6.772879600524902,-23.296159744262695,-3.521881103515625
-5.882185935974121,-23.76885223388672,-3.40875244140625
-5.0083417892456055,-24.1231689453125,-3.25115966796875
-4.089417457580566,-24.59876823425293,-3.08123779296875
-3.436314582824707,-25.03493881225586,-3.0107269287109375
-2.6470108032226562,-25.49759292602539,-2.9346771240234375
-2.1042966842651367,-25.765588760375977,-2.9755401611328125
-1.6100969314575195,-26.00934600830078,-3.08160400390625
-0.9677000045776367,-26.319398880004883,-3.2332763671875
-0.4278278350830078,-26.480976104736328,-3.296112060546875
0.1148386001586914,-26.73779296875,-3.21923828125
0.5324163436889648,-26.750150680541992,-3.1468963623046875
0.8237791061401367,-26.855064392089844,-3.17645263671875
1.195399284362793,-27.10428237915039,-3.118011474609375
1.4563369750976562,-27.209705352783203,-3.0746612548828125
1.7853155136108398,-27.389249801635742,-2.8671112060546875
1.945347785949707,-27.526836395263672,-2.848419189453125
2.091114044189453,-27.668495178222656,-2.78680419921875
2.337985038757324,-27.83494758605957,-2.81732177734375
2.6986560821533203,-27.902122497558594,-2.931732177734375
2.9192867279052734,-27.93661117553711,-2.9750823974609375
3.2789411544799805,-27.919137954711914,-2.98956298828125
3.500067710876465,-28.102432250976562,-2.9524078369140625
3.5453624725341797,-28.188167572021484,-3.03936767578125
3.6469783782958984,-28.351211547851562,-3.232421875
3.7701807022094727,-28.407625198364258,-3.1698455810546875
3.933595657348633,-28.59320640563965,-3.0389404296875
4.126564979553223,-28.71039581298828,-2.9113311767578125
4.423089504241943,-28.798307418823242,-2.9163055419921875
4.6982293128967285,-28.941547393798828,-3.2546844482421875
4.915355682373047,-28.947439193725586,-3.6008148193359375
5.153685092926025,-29.07293701171875,-3.626007080078125
5.397089004516602,-29.220050811767578,-3.9314117431640625
5.43406343460083,-29.256683349609375,-4.3466644287109375
5.434063911437988,-29.304363250732422,-4.7002716064453125
5.557207107543945,-29.319900512695312,-4.8921356201171875
5.617918491363525,-29.31766128540039,-5.0347747802734375
5.748309135437012,-29.276844024658203,-5.0432281494140625
5.784753322601318,-29.284645080566406,-5.0607757568359375
5.807275295257568,-29.284671783447266,-5.1377105712890625
5.854827880859375,-29.271984100341797,-5.260467529296875
5.8447394371032715,-29.23826789855957,-5.3705596923828125
5.824904918670654,-29.302562713623047,-5.511444091796875
5.807612419128418,-29.240201950073242,-5.5037689208984375
5.807056903839111,-29.381685256958008,-5.5083465576171875
5.982755661010742,-29.421091079711914,-5.49920654296875
6.109413146972656,-29.345937728881836,-5.644134521484375
6.10858678817749,-29.409137725830078,-5.781524658203125
6.259527206420898,-29.43020248413086,-5.8992919921875
6.291526794433594,-29.45404624938965,-5.8150787353515625
6.392743110656738,-29.478591918945312,-5.9565887451171875
6.5781731605529785,-29.385435104370117,-6.2736968994140625
6.585264682769775,-29.38604736328125,-6.47613525390625
6.67730712890625,-29.456575393676758,-6.5975341796875
6.783266544342041,-29.64031219482422,-6.5534820556640625
6.960210800170898,-29.625591278076172,-6.3316497802734375
7.032588481903076,-29.66918182373047,-5.9458465576171875
7.172532558441162,-29.706083297729492,-5.5664825439453125
7.356682300567627,-29.811904907226562,-5.011627197265625
7.347744941711426,-29.692821502685547,-4.757720947265625
7.256880283355713,-29.720277786254883,-4.61016845703125
7.162313938140869,-29.798620223999023,-4.5724029541015625
7.276739597320557,-29.843219757080078,-4.6689910888671875
7.248067855834961,-29.759546279907227,-4.757354736328125
7.274511337280273,-29.72348403930664,-4.7920684814453125
7.391458988189697,-29.647146224975586,-4.805419921875
7.267979145050049,-29.62127113342285,-4.684234619140625
7.1180100440979,-29.756982803344727,-4.5429534912109375
7.097006797790527,-29.781831741333008,-4.305938720703125
7.081171989440918,-29.8806095123291,-4.2113494873046875
7.059537887573242,-29.964120864868164,-3.8600616455078125
7.071010112762451,-29.94639778137207,-3.7703857421875
7.111051082611084,-29.984111785888672,-3.9329833984375
7.004587173461914,-29.92222023010254,-4.1358184814453125
7.058176040649414,-29.909135818481445,-4.301361083984375
7.029447078704834,-29.99985694885254,-4.23675537109375
7.024709224700928,-30.02286148071289,-4.2931365966796875
7.0120954513549805,-30.034866333007812,-4.1539154052734375
7.032040119171143,-30.09049415588379,-4.0844573974609375
6.968924045562744,-30.073348999023438,-4.21636962890625
7.079791069030762,-30.043973922729492,-4.26947021484375
7.157858371734619,-30.03098487854004,-4.4325103759765625
7.135365009307861,-30.02420997619629,-4.3753509521484375
7.084796905517578,-30.025196075439453,-4.2682037353515625
7.147144317626953,-30.05192756652832,-4.2297515869140625
7.1363983154296875,-30.077348709106445,-4.2081451416015625
7.17914342880249,-30.026926040649414,-4.3336944580078125
7.182587146759033,-29.99787139892578,-4.4416351318359375
7.179495334625244,-30.15262222290039,-4.559356689453125
7.050014495849609,-30.04654884338379,-4.5929718017578125
7.0081634521484375,-30.10226821899414,-4.5644378662109375
7.008969306945801,-30.03436851501465,-4.6170806884765625
7.012287616729736,-30.06795310974121,-4.5997467041015625
7.01060152053833,-30.092618942260742,-4.598388671875
7.019618511199951,-30.120861053466797,-4.630859375
6.994600296020508,-30.21356201171875,-4.6627349853515625
6.874783039093018,-30.134103775024414,-4.752197265625
6.858638763427734,-30.104875564575195,-4.5882110595703125
6.814691543579102,-30.119720458984375,-4.5823516845703125
6.837453365325928,-29.974428176879883,-4.6194305419921875
6.838866710662842,-30.03550148010254,-4.489501953125
6.900354862213135,-30.020713806152344,-4.5521240234375
6.97939920425415,-30.039342880249023,-4.623443603515625
7.055438995361328,-30.054872512817383,-4.6240234375
7.060695648193359,-30.05107307434082,-4.5939178466796875
7.081284046173096,-29.94078826904297,-4.675048828125
6.967493534088135,-29.898122787475586,-4.7228546142578125
6.968892574310303,-29.931598663330078,-4.573944091796875
6.974093914031982,-30.02910804748535,-4.57568359375
6.938492298126221,-30.088735580444336,-4.6949310302734375
6.986258506774902,-30.115999221801758,-4.7247314453125
7.003291606903076,-30.047271728515625,-4.70361328125
6.985477924346924,-30.096054077148438,-4.6166839599609375
7.029464244842529,-30.076318740844727,-4.6325836181640625
6.877326488494873,-30.023893356323242,-4.55743408203125
6.827334880828857,-30.034515380859375,-4.577301025390625
6.845025062561035,-30.04104232788086,-4.675811767578125
6.942911624908447,-30.00615692138672,-4.8442840576171875
7.126443862915039,-30.019939422607422,-4.84307861328125
7.137645721435547,-30.003501892089844,-4.723541259765625
7.082542419433594,-30.068775177001953,-4.785064697265625
7.191749572753906,-30.00828742980957,-4.7696075439453125
7.2588210105896,-29.91002082824707,-4.784698486328125
7.144145488739014,-29.922616958618164,-4.6774749755859375
7.104161262512207,-29.874284744262695,-4.5075531005859375
7.165569305419922,-30.026506423950195,-4.478515625
7.091516017913818,-30.01541519165039,-4.5498809814453125
7.087141036987305,-30.011144638061523,-4.7088470458984375
7.138270854949951,-30.072717666625977,-4.852081298828125
7.155922889709473,-30.09196662902832,-4.7353057861328125
7.131495475769043,-29.956661224365234,-4.6392059326171875
7.0721354484558105,-29.92389488220215,-4.46771240234375
7.0609941482543945,-30.064619064331055,-4.3824005126953125
7.121190547943115,-30.049217224121094,-4.4373016357421875
7.1471428871154785,-29.99593162536621,-4.3283538818359375
7.003255367279053,-29.909265518188477,-4.398101806640625
6.986319065093994,-30.013822555541992,-4.304046630859375
7.02669095993042,-30.0881290435791,-4.4429931640625
7.035888671875,-30.12271499633789,-4.2951507568359375
6.956560134887695,-30.12569236755371,-4.246826171875
7.031942367553711,-30.13230323791504,-4.32537841796875
7.06900691986084,-30.017013549804688,-4.528106689453125
7.097632884979248,-29.985410690307617,-4.422149658203125
7.134303569793701,-29.906511306762695,-4.5897064208984375
7.155001163482666,-29.971668243408203,-4.439453125
7.0771989822387695,-29.815217971801758,-4.296722412109375
7.150592803955078,-29.781410217285156,-4.3057861328125
7.172966003417969,-29.75125503540039,-4.2755279541015625
7.160350322723389,-29.868457794189453,-4.34930419921875
7.179945468902588,-29.955902099609375,-4.415252685546875
7.112166881561279,-30.057191848754883,-4.2911376953125
7.134761333465576,-30.061983108520508,-4.3768157958984375
7.027709007263184,-30.04334831237793,-4.534393310546875
6.977756023406982,-30.056896209716797,-4.6580352783203125
7.003775119781494,-30.04434585571289,-4.7542572021484375
7.048327922821045,-30.193729400634766,-4.750518798828125
6.8935346603393555,-30.114978790283203,-4.48284912109375
6.8308234214782715,-30.042701721191406,-4.4093475341796875
6.902344703674316,-30.00543975830078,-4.3221435546875
7.0046467781066895,-30.02938461303711,-4.269317626953125
6.868516445159912,-30.042945861816406,-4.253387451171875
6.812175750732422,-30.0374813079834,-4.2590789794921875
6.898696422576904,-30.065345764160156,-4.25347900390625
6.952805519104004,-29.982084274291992,-4.333984375
7.079177379608154,-29.982555389404297,-4.4985809326171875
7.114685535430908,-29.98379135131836,-4.5806732177734375
7.118580341339111,-29.915939331054688,-4.6770172119140625
7.168821334838867,-29.9046630859375,-4.863800048828125
7.154236793518066,-29.9827880859375,-4.907470703125
7.163992881774902,-30.015153884887695,-4.766876220703125
7.128377914428711,-29.997304916381836,-4.785308837890625
7.135008811950684,-29.933780670166016,-4.7991790771484375
7.143270969390869,-29.853097915649414,-4.7864227294921875
7.131333351135254,-29.860929489135742,-4.711639404296875
7.139244556427002,-29.868200302124023,-4.7021942138671875
7.177529811859131,-29.854530334472656,-4.7942657470703125
7.087278842926025,-29.99369239807129,-4.91693115234375
7.0749101638793945,-30.067935943603516,-4.9806976318359375
7.171085357666016,-29.97104263305664,-4.9119110107421875
7.10012674331665,-29.908578872680664,-4.8267669677734375
7.261311054229736,-29.98919677734375,-4.7438201904296875
7.41784143447876,-30.04420280456543,-4.7635040283203125
7.398368835449219,-30.04412841796875,-4.71636962890625
7.400435447692871,-30.020549774169922,-4.76641845703125
7.449184894561768,-30.088165283203125,-4.829833984375
7.43528938293457,-30.097171783447266,-4.7126007080078125
7.427513599395752,-30.086864471435547,-4.7396240234375
7.4559526443481445,-30.096834182739258,-4.7887420654296875
7.429977893829346,-30.03599739074707,-4.718048095703125
7.45569372177124,-30.006162643432617,-4.5706787109375
7.454050540924072,-29.980337142944336,-4.74505615234375
7.41110897064209,-29.947694778442383,-4.7771148681640625
7.502927303314209,-29.902992248535156,-4.736175537109375
7.574590682983398,-29.9891357421875,-4.74932861328125
7.559727668762207,-29.99156951904297,-4.7061004638671875
7.432289123535156,-29.914628982543945,-4.5408935546875
7.370311737060547,-29.91387367248535,-4.415313720703125
7.394698619842529,-29.87855339050293,-4.5234832763671875
7.297883033752441,-29.923572540283203,-4.6326904296875
7.331381320953369,-29.87130355834961,-4.7108612060546875
7.324650764465332,-29.891773223876953,-4.869842529296875
7.44999361038208,-29.947311401367188,-4.991363525390625
7.459043502807617,-30.048141479492188,-4.796722412109375
7.480721950531006,-30.061416625976562,-4.78338623046875
7.454034805297852,-29.917346954345703,-4.733612060546875
7.392295837402344,-29.97371482849121,-4.7143402099609375
7.445088863372803,-29.89914321899414,-4.6874847412109375
7.442015647888184,-29.975858688354492,-4.5656890869140625
7.379247188568115,-30.079910278320312,-4.602447509765625
7.449638843536377,-30.0567684173584,-4.5509796142578125
7.477728843688965,-30.07813835144043,-4.703582763671875
7.418568134307861,-30.023571014404297,-4.6362762451171875
7.3765034675598145,-29.982093811035156,-4.56732177734375
7.353277206420898,-29.985319137573242,-4.4868927001953125
7.397742748260498,-30.08888053894043,-4.301239013671875
7.362575054168701,-30.041461944580078,-4.388519287109375
7.410027980804443,-30.071151733398438,-4.5242767333984375
7.437145709991455,-30.005699157714844,-4.5169677734375
7.390010833740234,-29.95454216003418,-4.66497802734375
7.401178359985352,-29.986713409423828,-4.726043701171875
7.438643932342529,-30.015058517456055,-4.751373291015625
7.394869327545166,-30.079967498779297,-4.778076171875
7.507616996765137,-30.043521881103516,-4.6994781494140625
7.4661760330200195,-30.065120697021484,-4.6156005859375
7.3230509757995605,-30.015182495117188,-4.5552825927734375
7.3147149085998535,-30.009397506713867,-4.6992034912109375
7.425169944763184,-30.025663375854492,-4.7772216796875
7.440276145935059,-30.078540802001953,-4.646514892578125
7.318233966827393,-30.060625076293945,-4.606781005859375
7.309075832366943,-30.154762268066406,-4.6009521484375
7.343616485595703,-30.218244552612305,-4.5537261962890625
7.41046142578125,-30.077669143676758,-4.5881805419921875
7.284358024597168,-30.194721221923828,-4.7922515869140625
7.3176093101501465,-30.093122482299805,-4.8991241455078125
7.149960994720459,-30.152507781982422,-5.0121002197265625
7.248477458953857,-30.193588256835938,-4.954254150390625
7.314154624938965,-30.143220901489258,-4.95855712890625
7.350869178771973,-30.06689453125,-4.849212646484375
7.352956771850586,-30.05333709716797,-4.7893829345703125
7.296449661254883,-30.07161521911621,-4.906036376953125
7.263588905334473,-30.0662841796875,-5.0577239990234375
7.331750869750977,-30.109413146972656,-4.9766387939453125
7.272959232330322,-30.0956974029541,-4.8313140869140625
7.165809631347656,-30.03565216064453,-4.634765625
7.142103672027588,-30.028867721557617,-4.681243896484375
7.001188278198242,-30.047557830810547,-4.7149810791015625
7.028106212615967,-30.06118392944336,-4.7315826416015625
7.0271220207214355,-30.03251075744629,-4.696929931640625
6.960865497589111,-30.174989700317383,-4.7345428466796875
7.046048641204834,-30.183557510375977,-4.7802581787109375
7.06764030456543,-30.192981719970703,-4.71929931640625
7.159541130065918,-30.048168182373047,-4.7209625244140625
7.116631507873535,-30.105260848999023,-4.574127197265625
7.14948034286499,-30.045143127441406,-4.5482940673828125
7.148098945617676,-30.057025909423828,-4.59149169921875
7.105198860168457,-30.09288215637207,-4.6770477294921875
7.091646671295166,-30.07449722290039,-4.7312774658203125
7.080028533935547,-30.115997314453125,-4.6966400146484375
7.22856330871582,-30.1231689453125,-4.6314239501953125
7.392932891845703,-30.113967895507812,-4.5876007080078125
7.453719139099121,-30.101665496826172,-4.73651123046875
7.4086785316467285,-30.206756591796875,-4.810577392578125
7.466104030609131,-30.127330780029297,-5.013641357421875
7.493396282196045,-30.086835861206055,-4.9661407470703125
7.483567237854004,-30.063608169555664,-4.7538909912109375
7.393780708312988,-30.035842895507812,-4.666046142578125
7.435883522033691,-30.059389114379883,-4.5666961669921875
7.4164719581604,-30.00589942932129,-4.6055450439453125
7.421623229980469,-30.04897689819336,-4.5618133544921875
7.370376110076904,-30.024845123291016,-4.5708160400390625
7.400622844696045,-29.90055274963379,-4.5941925048828125
7.448790550231934,-29.932584762573242,-4.6243896484375
7.409589767456055,-29.955062866210938,-4.5179901123046875
7.366525650024414,-29.980125427246094,-4.43896484375
7.376712322235107,-30.059555053710938,-4.466796875
7.455084800720215,-30.028127670288086,-4.552581787109375
7.476408004760742,-30.069625854492188,-4.649688720703125
7.352881908416748,-30.084012985229492,-4.721221923828125
7.266158103942871,-30.073087692260742,-4.8151397705078125
7.288021564483643,-30.0474910736084,-4.8291168212890625
7.4301371574401855,-30.04195213317871,-4.9225006103515625
7.43899393081665,-30.114789962768555,-4.903564453125
7.4627790451049805,-30.286937713623047,-4.879974365234375
7.479809284210205,-30.219141006469727,-4.743743896484375
7.4299235343933105,-30.093894958496094,-4.6095733642578125
7.332447528839111,-30.029190063476562,-4.6083984375
7.2385101318359375,-30.012609481811523,-4.6164398193359375
7.122372627258301,-30.02134895324707,-4.7017059326171875
7.146933555603027,-30.12209129333496,-4.74285888671875
7.228851318359375,-30.11992645263672,-4.6414794921875
7.3202595710754395,-30.212356567382812,-4.53955078125
7.3677144050598145,-30.148235321044922,-4.6863861083984375
7.314895153045654,-30.154874801635742,-4.7437744140625
7.179917335510254,-30.08234977722168,-4.6900177001953125
7.223818778991699,-30.109214782714844,-4.680755615234375
7.404703617095947,-30.028234481811523,-4.75946044921875
7.338357925415039,-30.08845329284668,-4.7010955810546875
7.279751777648926,-30.05081558227539,-4.621490478515625
7.340226173400879,-30.06233024597168,-4.6354217529296875
7.383396148681641,-30.006866455078125,-4.6728973388671875
7.436988830566406,-30.056489944458008,-4.855926513671875
7.440845489501953,-30.076618194580078,-4.88006591796875
7.481459140777588,-30.28897476196289,-4.89068603515625
7.481459140777588,-30.28897476196289,-4.89068603515625
7.433155059814453,-30.32430648803711,-4.89874267578125
7.3913421630859375,-30.451709747314453,-4.94439697265625
7.4431257247924805,-30.440420150756836,-4.7555999755859375
7.426949501037598,-30.36721420288086,-4.6816558837890625
7.326448917388916,-30.334205627441406,-4.713134765625
7.2634053230285645,-30.227977752685547,-4.751434326171875
7.266323089599609,-30.248884201049805,-4.7649688720703125
7.330881118774414,-30.308923721313477,-4.780548095703125
7.346187591552734,-30.186756134033203,-4.578643798828125
7.27733039855957,-30.22441291809082,-4.551513671875
7.1980767250061035,-30.059764862060547,-4.460693359375
7.116617679595947,-30.19698143005371,-4.48333740234375
7.216871738433838,-30.145551681518555,-4.586761474609375
7.34202241897583,-30.12409210205078,-4.630126953125
7.315387725830078,-30.129348754882812,-4.630157470703125
7.232213973999023,-30.129249572753906,-4.5637054443359375
7.137511730194092,-30.108078002929688,-4.49786376953125
7.226650238037109,-30.2167911529541,-4.4091644287109375
7.307778358459473,-30.158273696899414,-4.4931793212890625
7.202517986297607,-30.210336685180664,-4.4237060546875
7.124769687652588,-30.08637809753418,-4.47369384765625
7.2162556648254395,-30.047452926635742,-4.5978240966796875
7.338343143463135,-30.08502769470215,-4.614776611328125
7.42893648147583,-30.027355194091797,-4.546600341796875
7.194199562072754,-30.043872833251953,-4.6180419921875
7.2895917892456055,-30.004093170166016,-4.583099365234375
7.230504989624023,-30.03476333618164,-4.41534423828125
7.300710678100586,-30.064430236816406,-4.443206787109375
7.291993618011475,-30.047571182250977,-4.4066314697265625
7.215676784515381,-30.004348754882812,-4.2656097412109375
7.191598415374756,-30.008201599121094,-4.4183197021484375
7.229151725769043,-30.03223419189453,-4.543365478515625
7.319591999053955,-29.99759292602539,-4.6648712158203125
7.374696254730225,-30.088760375976562,-4.631103515625
7.291731834411621,-30.094993591308594,-4.5740966796875
7.298684120178223,-30.168867111206055,-4.6372222900390625
7.340396881103516,-30.03514862060547,-4.689239501953125
7.3187456130981445,-30.174354553222656,-4.761077880859375
7.251323223114014,-30.07697868347168,-4.6691741943359375
7.121543884277344,-30.023590087890625,-4.698577880859375
7.095348834991455,-30.04569435119629,-4.7367095947265625
7.191213607788086,-30.004425048828125,-4.719818115234375
7.2755446434021,-30.061614990234375,-4.6338958740234375
7.250129222869873,-30.072978973388672,-4.579559326171875
7.186394691467285,-30.076475143432617,-4.5842742919921875
7.2987775802612305,-30.048084259033203,-4.5857086181640625
7.380561351776123,-30.10187530517578,-4.497314453125
7.502922534942627,-30.044353485107422,-4.3875274658203125
7.467852592468262,-30.105148315429688,-4.4734954833984375
7.440329074859619,-30.056156158447266,-4.7132720947265625
7.405500411987305,-30.071840286254883,-4.6495513916015625
7.273656368255615,-30.06820297241211,-4.596160888671875
7.3070969581604,-30.045740127563477,-4.59490966796875
7.387317657470703,-30.066091537475586,-4.4376373291015625
7.281744480133057,-30.121627807617188,-4.6374053955078125
7.288254737854004,-30.21714210510254,-4.6615142822265625
7.302770137786865,-30.21146011352539,-4.7999267578125
7.165299415588379,-30.1514949798584,-4.8426361083984375
6.990204334259033,-30.048946380615234,-4.8021697998046875
6.983292102813721,-30.107011795043945,-4.6365203857421875
7.004302978515625,-30.024703979492188,-4.4648590087890625
7.0495476722717285,-29.982240676879883,-4.593353271484375
7.120803356170654,-29.98257827758789,-4.7970733642578125
7.258561611175537,-30.005062103271484,-5.0344696044921875
7.260108470916748,-30.11839485168457,-5.044830322265625
7.3789873123168945,-30.063627243041992,-5.052978515625
7.350436687469482,-30.049198150634766,-4.9393310546875
7.363083839416504,-29.966779708862305,-4.8119354248046875
7.379400730133057,-29.951826095581055,-4.7741851806640625
7.453611850738525,-30.011472702026367,-4.79534912109375
7.457322120666504,-30.065736770629883,-4.8192138671875
7.534626483917236,-30.10150718688965,-4.93145751953125
7.4260945320129395,-30.046682357788086,-5.12103271484375
7.4565205574035645,-30.01799201965332,-5.08941650390625
7.459972858428955,-30.086814880371094,-5.0147705078125
7.42375373840332,-30.04812240600586,-4.9902496337890625
7.423663139343262,-30.088918685913086,-4.7881927490234375
7.285669803619385,-30.053884506225586,-4.8027191162109375
7.311706066131592,-30.052364349365234,-4.591217041015625
7.129876613616943,-30.067474365234375,-4.5989990234375
7.156535625457764,-30.060258865356445,-4.7322235107421875
7.030653476715088,-30.06845474243164,-4.901397705078125
7.059372425079346,-30.239757537841797,-4.9394989013671875
6.976888656616211,-30.179121017456055,-4.9154052734375
6.999751567840576,-30.08625030517578,-4.92950439453125
6.977429389953613,-30.12232208251953,-4.83111572265625
6.955532073974609,-30.073455810546875,-4.62164306640625
7.119217872619629,-30.08932876586914,-4.518798828125
7.0792951583862305,-30.116342544555664,-4.4770050048828125
7.078587055206299,-30.124183654785156,-4.58795166015625
7.155910968780518,-30.10462760925293,-4.6837005615234375
7.143521785736084,-30.017847061157227,-4.8622283935546875
7.087707996368408,-30.02411651611328,-4.9204559326171875
7.071637153625488,-30.011394500732422,-4.93939208984375
7.155384540557861,-30.0244197845459,-4.8302764892578125
7.1500959396362305,-30.06130027770996,-4.6753387451171875
7.087908744812012,-30.10630226135254,-4.586883544921875
7.144383907318115,-30.0826416015625,-4.6217193603515625
7.144814968109131,-30.064727783203125,-4.7328033447265625
7.20840311050415,-30.09211540222168,-4.7720947265625
7.240767955780029,-29.971494674682617,-4.8538055419921875
7.234860897064209,-30.047285079956055,-5.0224609375
7.1727705001831055,-30.039688110351562,-4.8949127197265625
7.117067337036133,-30.10540199279785,-4.9106292724609375
7.130337715148926,-30.114652633666992,-4.9892730712890625
7.247324466705322,-30.182235717773438,-5.0481719970703125
7.336662769317627,-30.23314666748047,-5.186767578125
7.3041582107543945,-30.25244140625,-5.0720062255859375
7.251068115234375,-30.305295944213867,-4.9012298583984375
7.267735004425049,-30.32120132446289,-4.824249267578125
7.270076751708984,-30.33590316772461,-4.74951171875
7.320520401000977,-30.44542694091797,-4.6969146728515625
7.264108657836914,-30.39374542236328,-4.7332763671875
7.4245758056640625,-30.207502365112305,-4.5887603759765625
7.273507118225098,-30.149900436401367,-4.5552520751953125
7.2294745445251465,-30.176973342895508,-4.5500335693359375
7.235565185546875,-30.147628784179688,-4.5662689208984375
7.121163368225098,-30.172649383544922,-4.5739898681640625
7.101168155670166,-30.223411560058594,-4.6951141357421875
7.096132278442383,-30.233078002929688,-4.69622802734375
7.15235710144043,-30.20477294921875,-4.811767578125
7.005776405334473,-30.234573364257812,-5.0200653076171875
6.969723701477051,-30.177886962890625,-5.1367340087890625
7.111708164215088,-30.236133575439453,-5.20068359375
7.1278300285339355,-30.243717193603516,-5.2484283447265625
7.100849628448486,-30.23060417175293,-5.430206298828125
6.911233901977539,-30.060861587524414,-5.5948486328125
6.683943271636963,-29.91352081298828,-5.758575439453125
6.562272548675537,-29.68805694580078,-6.09771728515625
6.385517597198486,-29.41136360168457,-6.2327728271484375
6.309133052825928,-29.012622833251953,-6.3251800537109375
6.0818891525268555,-28.57670021057129,-6.1218719482421875
5.8172760009765625,-28.079153060913086,-5.9955902099609375
5.64703893661499,-27.489139556884766,-5.9261932373046875
5.536792755126953,-26.985069274902344,-5.9397125244140625
5.368070602416992,-26.402597427368164,-5.9969940185546875
5.367469310760498,-25.853626251220703,-6.2535552978515625
5.366086959838867,-25.44216537475586,-6.425445556640625
5.354166030883789,-24.96048927307129,-6.8516998291015625
5.354790210723877,-24.485286712646484,-7.31829833984375
5.435757160186768,-24.14749526977539,-7.8332672119140625
5.613240718841553,-24.094135284423828,-8.238510131835938
6.048095226287842,-23.99968719482422,-8.71527099609375
6.8834943771362305,-24.11539077758789,-9.010299682617188
7.656249523162842,-24.312114715576172,-9.125518798828125
8.620162963867188,-24.738998413085938,-9.002761840820312
9.719215393066406,-25.381982803344727,-8.700897216796875
10.674030303955078,-26.12298583984375,-7.722808837890625
11.865614891052246,-26.833736419677734,-6.4499053955078125
13.04893970489502,-27.268718719482422,-4.9590301513671875
14.029245376586914,-27.756349563598633,-2.9762725830078125
15.008138656616211,-28.349380493164062,-1.162933349609375
15.831405639648438,-28.785606384277344,0.767333984375
16.313257217407227,-29.11221694946289,2.606048583984375
16.73272705078125,-29.331188201904297,4.4173126220703125
16.96432876586914,-29.474288940429688,6.2118988037109375
16.943714141845703,-29.612823486328125,8.078781127929688
16.714277267456055,-29.757787704467773,9.888092041015625
16.35889434814453,-29.698389053344727,11.525604248046875
16.024017333984375,-29.741697311401367,12.94219970703125
15.691448211669922,-29.777055740356445,14.395370483398438
15.308428764343262,-29.68836212158203,15.608261108398438
14.902088165283203,-29.610383987426758,16.727386474609375
14.65806770324707,-29.32455825805664,17.808883666992188
14.458269119262695,-28.838237762451172,18.96600341796875
14.455482482910156,-28.284549713134766,20.055435180664062
14.543763160705566,-27.838485717773438,21.104095458984375
14.68731689453125,-27.180797576904297,22.230224609375
14.740999221801758,-26.43206214904785,23.262252807617188
14.835517883300781,-25.652151107788086,24.094558715820312
14.933939933776855,-25.009357452392578,25.141571044921875
14.826451301574707,-24.354351043701172,25.818389892578125
14.782312393188477,-24.266326904296875,26.36053466796875
14.856728553771973,-24.119462966918945,26.908477783203125
14.792370796203613,-24.04290771484375,27.122695922851562
14.8184814453125,-24.07386589050293,27.22607421875
14.932682037353516,-24.038978576660156,27.39447021484375
14.889668464660645,-24.00334358215332,27.481399536132812
14.762819290161133,-24.04241180419922,27.670257568359375
14.34766960144043,-24.075481414794922,27.85626220703125
13.90418529510498,-24.014659881591797,27.964523315429688
13.624693870544434,-23.98781967163086,28.243362426757812
13.366692543029785,-23.92446517944336,28.450393676757812
13.106108665466309,-24.022428512573242,28.561569213867188
12.698700904846191,-24.185874938964844,28.662338256835938
12.34543514251709,-24.24822235107422,28.51312255859375
12.15062141418457,-24.553001403808594,28.436080932617188
12.093461990356445,-24.757801055908203,28.241989135742188
11.949684143066406,-25.05605697631836,27.970504760742188
11.916022300720215,-25.232681274414062,27.813308715820312
11.969023704528809,-25.45284652709961,27.657958984375
11.982776641845703,-25.607898712158203,27.374038696289062
11.961627960205078,-25.888938903808594,27.068801879882812
11.94522762298584,-25.98830223083496,27.022216796875
11.840230941772461,-26.1475830078125,26.9166259765625
11.699845314025879,-26.525047302246094,26.627517700195312
11.652608871459961,-26.655128479003906,26.360595703125
11.532112121582031,-26.910600662231445,26.128875732421875
11.545531272888184,-27.22625732421875,25.709228515625
11.44798469543457,-27.588722229003906,25.592727661132812
11.406478881835938,-27.71737289428711,25.533065795898438
11.455883026123047,-27.913066864013672,25.324508666992188
11.390944480895996,-28.16537094116211,25.137939453125
11.300918579101562,-28.393756866455078,25.025558471679688
11.307924270629883,-28.487565994262695,24.837493896484375
11.414952278137207,-28.57375717163086,24.671096801757812
11.48819351196289,-28.834476470947266,24.75506591796875
11.442155838012695,-28.969701766967773,24.760452270507812
11.58284854888916,-29.055694580078125,24.764495849609375
11.592413902282715,-29.343242645263672,24.8719482421875
11.651015281677246,-29.570592880249023,24.682510375976562
11.630240440368652,-29.967395782470703,24.329574584960938
11.53287410736084,-30.372386932373047,24.061813354492188
11.195988655090332,-30.906574249267578,23.901351928710938
10.812427520751953,-31.58584213256836,23.63800048828125
10.450841903686523,-32.07294845581055,23.4310302734375
10.062969207763672,-32.75421905517578,23.062713623046875
9.83885383605957,-33.2069091796875,22.775054931640625
9.431236267089844,-33.80373001098633,22.325637817382812
9.014477729797363,-34.40776443481445,22.035430908203125
8.588394165039062,-35.13900375366211,21.624252319335938
8.280014991760254,-35.85391616821289,21.039901733398438
7.7928643226623535,-36.54714584350586,20.504806518554688
7.356024265289307,-37.2022819519043,19.9302978515625
6.724811553955078,-37.6935920715332,19.239593505859375
6.053364276885986,-38.326377868652344,18.599807739257812
5.410276412963867,-39.060333251953125,18.050537109375
4.740819931030273,-39.729373931884766,17.427261352539062
4.189261436462402,-40.305450439453125,16.647354125976562
3.838730812072754,-40.94486618041992,15.863082885742188
3.444944381713867,-41.53627395629883,14.851409912109375
3.0476560592651367,-42.20940399169922,13.795913696289062
2.5872154235839844,-42.759498596191406,12.688735961914062
2.403292655944824,-43.39423751831055,11.485031127929688
2.349942207336426,-43.87309265136719,10.416580200195312
2.235957145690918,-44.217308044433594,9.258651733398438
2.0601234436035156,-44.63745880126953,8.362625122070312
2.1463117599487305,-45.12843322753906,7.521026611328125
2.308863639831543,-45.55535888671875,6.62359619140625
2.6580238342285156,-45.93604278564453,5.7875213623046875
3.1487579345703125,-46.16243362426758,4.8879852294921875
3.7383832931518555,-46.40447998046875,3.9702606201171875
4.5193586349487305,-46.76152038574219,3.02545166015625
5.280979633331299,-47.22550582885742,2.09295654296875
6.0283379554748535,-47.375755310058594,1.2685546875
6.895445823669434,-47.4864387512207,0.66009521484375
7.669071674346924,-47.588600158691406,0.0551910400390625
8.531288146972656,-47.602073669433594,-0.2857513427734375
9.332929611206055,-47.37914276123047,-0.6569976806640625
10.329143524169922,-47.2653694152832,-0.9918670654296875
11.394392013549805,-47.190189361572266,-0.9877777099609375
12.605106353759766,-46.89945983886719,-0.748779296875
13.741521835327148,-46.6504020690918,-0.6063995361328125
15.016819953918457,-46.246849060058594,-0.249481201171875
16.368934631347656,-45.80964660644531,0.5866851806640625
17.750869750976562,-45.045528411865234,1.60205078125
19.03118133544922,-44.33783721923828,2.6871185302734375
20.18869400024414,-43.37535858154297,3.830474853515625
21.337215423583984,-42.22459030151367,5.254669189453125
22.33780860900879,-41.00798416137695,6.775115966796875
23.179489135742188,-39.56602096557617,8.567001342773438
23.936260223388672,-37.84494400024414,10.73748779296875
24.46172332763672,-35.999732971191406,12.858688354492188
24.785396575927734,-33.93572235107422,15.207534790039062
24.782669067382812,-31.606964111328125,17.705245971679688
24.56729507446289,-28.960872650146484,20.532211303710938
24.110488891601562,-25.816020965576172,23.38140869140625
23.324098587036133,-22.391056060791016,26.25201416015625
22.43252182006836,-18.52056884765625,29.2078857421875
21.424407958984375,-14.417587280273438,32.243682861328125
20.135183334350586,-9.938831329345703,35.40855407714844
18.591644287109375,-5.10783576965332,38.37004089355469
16.83942985534668,0.07239532470703125,41.39414978027344
14.809447288513184,5.441890716552734,44.03984069824219
12.752829551696777,11.03363037109375,46.66094970703125
10.297586441040039,16.995574951171875,48.93876647949219
7.520123481750488,23.058982849121094,51.22808837890625
4.682697296142578,29.286190032958984,53.34808349609375
1.7300481796264648,35.66718292236328,55.28535461425781
-1.1968307495117188,42.02802276611328,56.895050048828125
-4.325034141540527,48.21464538574219,58.262542724609375
-7.5505876541137695,54.57087707519531,59.29969024658203
-10.813397407531738,60.98106384277344,60.07774353027344
-14.214398384094238,67.30326843261719,60.705039978027344
-17.416805267333984,73.5837173461914,60.854515075683594
-20.813724517822266,79.90654754638672,60.71662902832031
-23.97241973876953,86.2276840209961,60.43803405761719
-27.183868408203125,92.37592315673828,59.96265411376953
-30.453472137451172,98.52067565917969,59.36054229736328
-33.75485610961914,104.543701171875,58.6221923828125
-36.9543342590332,110.70060729980469,57.7491455078125
-40.16257858276367,117.15945434570312,56.89952850341797
-43.46388626098633,123.7647705078125,55.557334899902344
-46.76542663574219,130.42764282226562,54.05061340332031
-49.78725814819336,137.19400024414062,52.235626220703125
-52.79996871948242,143.9730682373047,50.21162414550781
-55.66936111450195,150.83367919921875,47.57987976074219
-58.23281478881836,157.47618103027344,44.351165771484375
-60.90024948120117,164.1414794921875,40.52665710449219
-63.5645866394043,170.720947265625,35.956878662109375
-66.08280181884766,177.21435546875,30.902786254882812
-68.73949432373047,183.54933166503906,25.107437133789062
-71.29849243164062,189.77743530273438,18.42333984375
-73.91925048828125,195.670166015625,10.913162231445312
-76.57396697998047,200.96160888671875,2.41534423828125
-79.03177642822266,205.59542846679688,-7.1558685302734375
-81.42391204833984,209.1683807373047,-18.102890014648438
-83.46011352539062,211.4044189453125,-30.15966796875
-84.92279815673828,211.82952880859375,-43.66664123535156
-85.74170684814453,210.08949279785156,-59.03337097167969
-86.2823257446289,205.90101623535156,-77.06631469726562
-87.15679931640625,201.24710083007812,-101.44488525390625
-88.85529327392578,200.21836853027344,-130.063720703125
-90.50484466552734,201.5683135986328,-150.79251098632812
-91.2132568359375,202.22262573242188,-159.10467529296875
-91.51099395751953,202.38328552246094,-161.42672729492188
-91.63542938232422,202.2060546875,-162.19577026367188
-91.75042724609375,202.13421630859375,-162.42425537109375
-91.67582702636719,202.3142852783203,-162.46151733398438
-91.65682983398438,202.36160278320312,-162.37393188476562
-91.63898468017578,202.4041748046875,-162.16839599609375
-91.70755004882812,202.3404083251953,-162.049072265625
-91.78153991699219,202.27635192871094,-162.06735229492188
-91.85195922851562,202.3353271484375,-162.270263671875
-91.84696960449219,202.4449920654297,-162.23056030273438
-91.99148559570312,202.64886474609375,-162.27407836914062
-91.99552154541016,202.56890869140625,-162.17984008789062
-91.99261474609375,202.5015411376953,-162.00131225585938
-91.93678283691406,202.48175048828125,-161.85430908203125
-91.88152313232422,202.56288146972656,-161.73727416992188
-91.6811294555664,202.63851928710938,-161.64404296875
-91.66102600097656,202.78164672851562,-161.70437622070312
-91.60177612304688,202.76922607421875,-161.73056030273438
-91.77859497070312,202.8079071044922,-161.48077392578125
-91.79815673828125,202.79066467285156,-161.49575805664062
-91.73001098632812,202.7757568359375,-161.34860229492188
-91.71232604980469,202.7481231689453,-161.0379638671875
-91.65543365478516,202.7719268798828,-160.95025634765625
-91.50201416015625,202.8462371826172,-161.17620849609375
-91.49066162109375,202.77476501464844,-161.2183837890625
-91.4369888305664,202.806884765625,-161.198974609375
-91.40398406982422,202.8189697265625,-161.13824462890625
-91.27213287353516,202.91122436523438,-161.0859375
-91.29257202148438,202.9564971923828,-161.1298828125
-91.2705078125,202.96627807617188,-161.05865478515625
-91.27629089355469,202.96885681152344,-160.93380737304688
-91.13329315185547,202.9127655029297,-160.98764038085938
-91.14836120605469,202.99078369140625,-160.85302734375
-91.11296081542969,203.00637817382812,-160.5496826171875
-91.02703094482422,203.1133270263672,-160.28652954101562
-90.95127868652344,203.28680419921875,-160.22357177734375
-90.9161376953125,203.31336975097656,-160.58099365234375
-90.85063171386719,203.2329559326172,-160.80499267578125
-90.8578109741211,203.26507568359375,-160.67984008789062
-90.74266052246094,203.19778442382812,-160.77484130859375
-90.60462951660156,203.2127227783203,-160.92340087890625
-90.51364135742188,203.2274627685547,-161.10662841796875
-90.43711853027344,203.1944580078125,-161.13638305664062
-90.40747833251953,203.16102600097656,-161.25018310546875
-90.30928039550781,203.2729034423828,-161.306396484375
-90.28736114501953,203.47218322753906,-161.18002319335938
-90.2639389038086,203.38844299316406,-161.24337768554688
-90.24214172363281,203.31724548339844,-161.31936645507812
-90.33837890625,203.1207733154297,-161.33355712890625
-90.35523223876953,203.0426025390625,-161.4281005859375
-90.32001495361328,203.12799072265625,-161.3411865234375
-90.34027099609375,203.09686279296875,-161.25399780273438
-90.5770492553711,203.0724334716797,-161.16183471679688
-90.61509704589844,203.113037109375,-161.06597900390625
-90.54109954833984,203.13414001464844,-160.74594116210938
-90.36441802978516,203.05291748046875,-160.65185546875
-90.32708740234375,203.1314697265625,-160.5482177734375
-90.17256164550781,203.3345489501953,-160.51055908203125
-90.04331970214844,203.47970581054688,-160.24801635742188
-89.86346435546875,203.47439575195312,-159.93600463867188
-89.80305480957031,203.4757537841797,-159.904541015625
-89.86795043945312,203.51773071289062,-159.9930419921875
-90.06145477294922,203.4387969970703,-160.03848266601562
-90.1937255859375,203.4031524658203,-159.96023559570312
-90.36888122558594,203.2230987548828,-159.94415283203125
-90.42130279541016,203.12278747558594,-159.91903686523438
-90.35308074951172,203.12962341308594,-159.96347045898438
-90.54207611083984,203.1051788330078,-160.07916259765625
-90.71612548828125,203.05474853515625,-160.2967529296875
-90.82770538330078,203.17466735839844,-160.33200073242188
-90.9181900024414,203.2082061767578,-160.489501953125
-90.94100189208984,203.2213897705078,-160.61849975585938
-90.98211669921875,203.2604217529297,-160.59100341796875
-90.9090576171875,203.3235321044922,-160.56512451171875
-90.87744140625,203.32217407226562,-160.40866088867188
-90.83745574951172,203.40147399902344,-160.30032348632812
-90.85606384277344,203.597412109375,-160.09039306640625
-90.82246398925781,203.62033081054688,-160.03076171875
-90.87674713134766,203.62989807128906,-160.12948608398438
-90.80831909179688,203.55445861816406,-160.34536743164062
-90.76750183105469,203.41209411621094,-160.2879638671875
-90.79019927978516,203.4049530029297,-160.210205078125
-90.88558959960938,203.41012573242188,-160.3328857421875
-90.95653533935547,203.29173278808594,-160.40594482421875
-90.96215057373047,203.18528747558594,-160.42953491210938
-90.93354797363281,203.0904998779297,-160.55419921875
-90.85142517089844,203.04736328125,-160.6124267578125
-91.04981994628906,203.1181182861328,-160.6905517578125
-91.13516998291016,203.20387268066406,-160.68960571289062
-91.13997650146484,203.17788696289062,-160.74142456054688
-91.1201400756836,203.2393798828125,-160.94119262695312
-91.05525970458984,203.36422729492188,-160.98544311523438
-91.05525970458984,203.36422729492188,-160.98544311523438
-91.02336120605469,203.2667694091797,-160.98928833007812
-90.94432067871094,203.2533416748047,-161.01510620117188
-90.86814880371094,203.19558715820312,-161.14559936523438
-90.71289825439453,203.2620391845703,-161.14154052734375
-90.6670150756836,203.11593627929688,-161.1412353515625
-90.69923400878906,203.03944396972656,-161.13421630859375
-90.66659545898438,203.04672241210938,-161.16970825195312
-90.69345092773438,203.18350219726562,-161.32040405273438
-90.61003875732422,203.22085571289062,-161.36709594726562
-90.59925842285156,203.32884216308594,-161.46755981445312
-90.50695037841797,203.20082092285156,-161.46481323242188
-90.48731994628906,203.38844299316406,-161.49285888671875
-90.38041687011719,203.49571228027344,-161.2032470703125
-90.25761413574219,203.44134521484375,-161.1263427734375
-90.26622772216797,203.50054931640625,-161.11495971679688
-90.09650421142578,203.50900268554688,-161.0194091796875
-90.09051513671875,203.4419403076172,-160.95004272460938
-90.01741790771484,203.52088928222656,-160.897216796875
-89.98294830322266,203.52774047851562,-160.76095581054688
-89.93204498291016,203.51571655273438,-160.805908203125
-89.81800079345703,203.54249572753906,-160.8336181640625
-89.91332244873047,203.59608459472656,-160.72518920898438
-89.88500213623047,203.58523559570312,-160.832763671875
-89.92736053466797,203.6267852783203,-160.80056762695312
-89.94863891601562,203.6570587158203,-160.95108032226562
-89.9077377319336,203.55596923828125,-160.98178100585938
-89.90858459472656,203.4452362060547,-161.01693725585938
-89.86905670166016,203.4252166748047,-160.9666748046875
-89.99960327148438,203.4184112548828,-160.8714599609375
-90.13615417480469,203.45387268066406,-160.69522094726562
-90.21885681152344,203.4291229248047,-160.6884765625
-90.41970825195312,203.43130493164062,-160.5894775390625
-90.49164581298828,203.4404296875,-160.49429321289062
-90.47296142578125,203.41482543945312,-160.50775146484375
-90.49408721923828,203.3132781982422,-160.600830078125
-90.66080474853516,203.45574951171875,-160.78329467773438
-90.73072814941406,203.44058227539062,-160.736083984375
-90.75421905517578,203.49269104003906,-160.63800048828125
-90.76129913330078,203.34896850585938,-160.68460083007812
-90.81771087646484,203.3013458251953,-160.8128662109375
-90.95347595214844,203.19757080078125,-160.95440673828125
-91.00363159179688,203.22093200683594,-160.86618041992188
-90.95198822021484,203.1708526611328,-160.9080810546875
-91.08119201660156,203.15298461914062,-160.917236328125
-91.13623809814453,203.19256591796875,-161.01531982421875
-91.10790252685547,203.15431213378906,-161.15182495117188
-91.10342407226562,203.14559936523438,-161.1649169921875
-91.09774017333984,203.128173828125,-161.04376220703125
-91.0683364868164,203.239013671875,-160.95480346679688
-91.17787170410156,203.2300567626953,-160.93856811523438
-91.25108337402344,203.2081298828125,-160.97201538085938
-91.2807846069336,203.21188354492188,-160.93295288085938
-91.25872039794922,203.21029663085938,-160.91964721679688
-91.33870697021484,203.19769287109375,-160.92398071289062
-91.48237609863281,203.30227661132812,-160.92300415039062
-91.51899719238281,203.18675231933594,-160.99514770507812
-91.54533386230469,203.17086791992188,-160.99871826171875
-91.52914428710938,203.1621551513672,-161.03604125976562
-91.54660034179688,203.0880889892578,-160.93438720703125
-91.57241821289062,203.10031127929688,-160.98675537109375
-91.58785247802734,203.142578125,-160.79458618164062
-91.56087493896484,203.1678924560547,-160.83023071289062
-91.55191040039062,203.15611267089844,-160.97332763671875
-91.42285919189453,203.14671325683594,-161.02783203125
-91.24348449707031,203.22727966308594,-160.97982788085938
-91.29845428466797,203.2427520751953,-160.83004760742188
-91.51142120361328,203.21035766601562,-160.8798828125
-91.36106872558594,203.1038360595703,-160.88552856445312
-91.24510955810547,203.18153381347656,-160.98123168945312
-91.2049560546875,203.1500244140625,-160.84878540039062
-91.38109588623047,203.14675903320312,-160.93264770507812
-91.41961669921875,203.1607666015625,-160.94287109375
-91.509521484375,203.29078674316406,-161.01016235351562
-91.40758514404297,203.24342346191406,-160.9713134765625
-91.45187377929688,203.1869354248047,-160.976318359375
-91.52764129638672,203.1100616455078,-160.96646118164062
-91.6688461303711,203.10108947753906,-160.93856811523438
-91.63883209228516,203.04718017578125,-161.01797485351562
-91.81730651855469,203.07638549804688,-161.0582275390625
-91.8426284790039,202.93170166015625,-161.20181274414062
-91.915283203125,202.8789825439453,-161.40936279296875
-92.01434326171875,202.8000030517578,-161.40603637695312
-92.02434539794922,202.69195556640625,-161.47802734375
-92.13701629638672,202.67015075683594,-161.38729858398438
-92.31976318359375,202.64447021484375,-161.4560546875
-92.41045379638672,202.64175415039062,-161.44757080078125
-92.4959716796875,202.77708435058594,-161.561767578125
-92.51786804199219,202.78062438964844,-161.56964111328125
-92.47555541992188,202.7901153564453,-161.65054321289062
-92.36418914794922,202.69589233398438,-161.66604614257812
-92.3295669555664,202.72323608398438,-161.71786499023438
-92.34735107421875,202.70486450195312,-161.77105712890625
-92.40262603759766,202.6798553466797,-161.8115234375
-92.39936828613281,202.66001892089844,-161.864990234375
-92.30989074707031,202.80857849121094,-162.01162719726562
-92.11421203613281,202.7764892578125,-162.13693237304688
-92.2008285522461,202.74566650390625,-162.36660766601562
-92.28759765625,202.67637634277344,-162.1673583984375
-92.37481689453125,202.651123046875,-162.26791381835938
-92.35467529296875,202.65589904785156,-162.0885009765625
-92.35092163085938,202.70355224609375,-162.031982421875
-92.35584259033203,202.6995391845703,-162.06939697265625
-92.22119903564453,202.6338653564453,-161.96432495117188
-92.25050354003906,202.677001953125,-161.94073486328125
-92.26611328125,202.61878967285156,-161.793212890625
-92.25496673583984,202.62184143066406,-161.8104248046875
-92.34341430664062,202.65127563476562,-161.88162231445312
-92.32582092285156,202.77056884765625,-162.03366088867188
-92.48591613769531,202.82191467285156,-162.0657958984375
-92.46340942382812,202.71514892578125,-162.035400390625
-92.39643859863281,202.5856170654297,-162.05230712890625
-92.36042785644531,202.43768310546875,-161.90487670898438
-92.37183380126953,202.3948211669922,-161.96051025390625
-92.33837127685547,202.52989196777344,-162.078369140625
-92.31917572021484,202.58627319335938,-162.16323852539062
-92.213623046875,202.45098876953125,-162.23934936523438
-92.30522155761719,202.41285705566406,-162.35183715820312
-92.28359985351562,202.40660095214844,-162.34759521484375
-92.30293273925781,202.43128967285156,-162.25311279296875
-92.33262634277344,202.4365997314453,-162.11431884765625
-92.31671142578125,202.3790283203125,-162.04446411132812
-92.38546752929688,202.42897033691406,-162.116943359375
-92.33032989501953,202.37429809570312,-162.10107421875
-92.32445526123047,202.3770751953125,-161.94781494140625
-92.40409088134766,202.5028839111328,-161.885498046875
-92.41087341308594,202.601318359375,-161.92236328125
-92.3409652709961,202.51634216308594,-161.83673095703125
-92.32492065429688,202.45057678222656,-161.92529296875
-92.34996032714844,202.44903564453125,-162.084228515625
-92.38650512695312,202.5050506591797,-162.02996826171875
-92.43737030029297,202.3933868408203,-162.02999877929688
-92.37175750732422,202.3282012939453,-162.0968017578125
-92.11205291748047,202.38710021972656,-162.1722412109375
-92.11295318603516,202.3582763671875,-162.337890625
-92.05184173583984,202.34213256835938,-162.36532592773438
-92.00599670410156,202.34744262695312,-162.3568115234375
-92.06767272949219,202.486083984375,-162.40927124023438
-92.08618927001953,202.51556396484375,-162.40216064453125
-92.22636413574219,202.67413330078125,-162.25668334960938
-92.24790954589844,202.68580627441406,-162.113037109375
-92.2248306274414,202.76861572265625,-162.1265869140625
-92.17735290527344,202.9154815673828,-162.2308349609375
-92.05477905273438,202.81922912597656,-162.10791015625
-92.10262298583984,202.86085510253906,-162.0877685546875
-92.14645385742188,202.76954650878906,-161.98739624023438
-92.23385620117188,202.69924926757812,-161.94515991210938
-92.2275161743164,202.7130126953125,-162.20648193359375
-92.17125701904297,202.57827758789062,-162.23092651367188
-92.20552825927734,202.59226989746094,-162.22799682617188
-92.25703430175781,202.57550048828125,-162.25436401367188
-92.07437896728516,202.58790588378906,-162.07870483398438
-92.03182220458984,202.5211639404297,-162.20590209960938
-92.0639877319336,202.6219024658203,-162.314697265625
-92.21700286865234,202.69528198242188,-162.53915405273438
-92.18417358398438,202.66488647460938,-162.48019409179688
-92.16327667236328,202.7174530029297,-162.57681274414062
-92.2885971069336,202.68569946289062,-162.57986450195312
-92.36177062988281,202.71597290039062,-162.53793334960938
-92.36787414550781,202.69630432128906,-162.55990600585938
-92.36619567871094,202.6361846923828,-162.6068115234375
-92.2706069946289,202.54457092285156,-162.46090698242188
-92.12857055664062,202.4183807373047,-162.31719970703125
-92.09854888916016,202.4161376953125,-162.41250610351562
-92.0793228149414,202.40716552734375,-162.4097900390625
-92.10100555419922,202.3826446533203,-162.4361572265625
-92.03932189941406,202.5258331298828,-162.35220336914062
-92.08731842041016,202.5595245361328,-162.27215576171875
-92.06153869628906,202.61500549316406,-162.36865234375
-92.06440734863281,202.6509552001953,-162.22210693359375
-92.10887145996094,202.69851684570312,-162.0906982421875
-92.0645523071289,202.75796508789062,-161.98867797851562
-92.052001953125,202.7488250732422,-161.899169921875
-92.04866027832031,202.77633666992188,-161.91015625
-92.10433959960938,202.9179229736328,-162.14288330078125
-92.08789825439453,202.90756225585938,-162.2489013671875
-92.04878997802734,202.823974609375,-162.21405029296875
-92.1716537475586,202.8032684326172,-162.38528442382812
-92.05535125732422,202.8903350830078,-162.26458740234375
-92.01397705078125,202.91648864746094,-162.24783325195312
-91.92594909667969,203.07608032226562,-162.4127197265625
-91.9106674194336,202.9251251220703,-162.29214477539062
-91.87049102783203,202.78741455078125,-162.26956176757812
-92.03080749511719,202.67562866210938,-162.24392700195312
-92.0876693725586,202.62100219726562,-162.25759887695312
-92.00747680664062,202.64669799804688,-162.275146484375
-91.94389343261719,202.6893310546875,-162.389404296875
-91.91510009765625,202.80279541015625,-162.34951782226562
-91.81937408447266,202.73239135742188,-162.44949340820312
-91.777099609375,202.7255859375,-162.62112426757812
-91.74730682373047,202.70626831054688,-162.49069213867188
-91.89196014404297,202.6301727294922,-162.44976806640625
-91.94528198242188,202.65892028808594,-162.31234741210938
-91.90313720703125,202.705078125,-162.23284912109375
-91.90062713623047,202.8204345703125,-162.2547607421875
-91.89828491210938,202.8302459716797,-162.17977905273438
-91.77941131591797,202.80697631835938,-162.084228515625
-91.73467254638672,202.90994262695312,-162.12139892578125
-91.80079650878906,202.79342651367188,-162.05496215820312
-91.7041015625,202.83804321289062,-162.125
-91.67868041992188,202.80787658691406,-162.04534912109375
-91.59957122802734,202.8343963623047,-162.15277099609375
-91.57650756835938,202.84573364257812,-162.22705078125
-91.67300415039062,202.87066650390625,-162.28726196289062
-91.71256256103516,202.83819580078125,-162.23373413085938
-91.75428771972656,202.73094177246094,-162.30157470703125
-91.79786682128906,202.73452758789062,-162.38076782226562
-91.7935562133789,202.72772216796875,-162.40090942382812
-91.80618286132812,202.6967315673828,-162.35910034179688
-91.77306365966797,202.6706085205078,-162.248291015625
-91.79633331298828,202.62283325195312,-162.1512451171875
-91.83836364746094,202.70228576660156,-162.1019287109375
-91.90021514892578,202.7760772705078,-162.0904541015625
-91.93354797363281,202.83749389648438,-162.11004638671875
-91.9781723022461,202.84642028808594,-162.13775634765625
-91.85136413574219,202.8311309814453,-162.32098388671875
-91.80276489257812,202.77377319335938,-162.32748413085938
-91.92515563964844,202.78468322753906,-162.32608032226562
-91.98762512207031,202.84100341796875,-162.33816528320312
-91.95724487304688,202.77821350097656,-162.5223388671875
-91.88175964355469,202.75820922851562,-162.40927124023438
-91.90848541259766,202.7420654296875,-162.38720703125
-91.89280700683594,202.80621337890625,-162.431640625
-91.95491790771484,202.77822875976562,-162.28744506835938
-91.98021697998047,202.8192596435547,-162.30740356445312
-91.90558624267578,202.81935119628906,-162.23245239257812
-91.91796875,202.7892303466797,-162.28091430664062
-91.97064971923828,202.79971313476562,-162.10162353515625
-91.890380859375,202.8684844970703,-162.24496459960938
-91.93096923828125,202.81761169433594,-162.27545166015625
-92.01241302490234,202.7397003173828,-162.35089111328125
-92.07734680175781,202.65423583984375,-162.35467529296875
-92.10212707519531,202.69512939453125,-162.3587646484375
-92.10357666015625,202.6521759033203,-162.3985595703125
-92.03787231445312,202.61953735351562,-162.38150024414062
-91.90788269042969,202.5141143798828,-162.2864990234375
-92.04545593261719,202.76429748535156,-162.26675415039062
-92.03848266601562,202.76930236816406,-162.34512329101562
-92.06655883789062,202.6841583251953,-162.33334350585938
-92.1469955444336,202.5554656982422,-162.38174438476562
-92.29098510742188,202.6472930908203,-162.42047119140625
-92.38861846923828,202.6568145751953,-162.38232421875
-92.3028564453125,202.6728973388672,-162.48129272460938
-92.16716003417969,202.65225219726562,-162.57916259765625
-92.0061264038086,202.65185546875,-162.70584106445312
-91.89786529541016,202.70338439941406,-162.78561401367188
-91.98352813720703,202.67813110351562,-162.7376708984375
-91.99889373779297,202.75686645507812,-162.5606689453125
-92.08543395996094,202.84080505371094,-162.4964599609375
-92.0531234741211,202.7585906982422,-162.21844482421875
-91.97694396972656,202.70391845703125,-162.14529418945312
-91.96292877197266,202.63272094726562,-162.00881958007812
-91.94109344482422,202.69692993164062,-162.08563232421875
-91.88561248779297,202.7012939453125,-162.03268432617188
-91.88508605957031,202.71444702148438,-162.07330322265625
-91.90068817138672,202.63233947753906,-162.22689819335938
-91.93315887451172,202.71339416503906,-162.245361328125
-91.8686294555664,202.67913818359375,-162.394287109375
-91.88549041748047,202.7063446044922,-162.35757446289062
-91.9489974975586,202.70567321777344,-162.36041259765625
-91.96166229248047,202.7135467529297,-162.39910888671875
-91.91506958007812,202.63217163085938,-162.39157104492188
-91.92476654052734,202.66246032714844,-162.44195556640625
-91.7707290649414,202.72726440429688,-162.16506958007812
-91.84268188476562,202.75,-162.1558837890625
-91.86238861083984,202.74542236328125,-162.08688354492188
-91.91422271728516,202.79949951171875,-162.33740234375
-91.92019653320312,202.8456573486328,-162.5020751953125
-91.88552856445312,202.76681518554688,-162.40585327148438
-91.9128189086914,202.75790405273438,-162.2821044921875
-91.96399688720703,202.7535858154297,-162.32354736328125
-91.9614028930664,202.8316650390625,-162.342529296875
-91.97747802734375,202.78140258789062,-162.38162231445312
-91.90958404541016,202.89297485351562,-162.53460693359375
-91.90775299072266,202.86802673339844,-162.54345703125
-91.91002655029297,202.71107482910156,-162.54299926757812
-91.94737243652344,202.80001831054688,-162.44894409179688
-91.938232421875,202.7670440673828,-162.33908081054688
-91.91188049316406,202.7492218017578,-162.36166381835938
-91.943603515625,202.9098663330078,-162.34368896484375
-91.85977935791016,202.85333251953125,-162.39218139648438
-91.95600891113281,202.88815307617188,-162.29916381835938
-91.93209075927734,202.81600952148438,-162.16195678710938
-91.93096923828125,202.82064819335938,-162.06741333007812
-91.9708023071289,202.74978637695312,-162.03704833984375
-91.95269012451172,202.56900024414062,-162.02496337890625
-91.86174011230469,202.64735412597656,-162.05926513671875
-91.76033782958984,202.69314575195312,-162.02667236328125
-91.8686752319336,202.644775390625,-162.16085815429688
-91.9358901977539,202.6800079345703,-162.24014282226562
-92.00702667236328,202.6396484375,-162.203369140625
-92.04790496826172,202.7716522216797,-162.20574951171875
-91.98634338378906,202.6739044189453,-162.19354248046875
-91.9454116821289,202.67239379882812,-162.17633056640625
-91.91131591796875,202.7176513671875,-162.33544921875
-91.93931579589844,202.67034912109375,-162.429931640625
-91.93161010742188,202.72666931152344,-162.43112182617188
-91.90538024902344,202.64601135253906,-162.41604614257812
-91.9260025024414,202.61715698242188,-162.48617553710938
-91.88543701171875,202.6355743408203,-162.54928588867188
-91.90105438232422,202.79209899902344,-162.56936645507812
-91.86105346679688,202.75372314453125,-162.49453735351562
-91.69425964355469,202.76962280273438,-162.37698364257812
-91.7491683959961,202.761474609375,-162.39016723632812
-91.87483978271484,202.78005981445312,-162.422119140625
-91.90404510498047,202.6888427734375,-162.4947509765625
-91.91374206542969,202.70993041992188,-162.57632446289062
-91.95562744140625,202.80154418945312,-162.54196166992188
-91.93292999267578,202.77572631835938,-162.54458618164062
-91.90299224853516,202.7483367919922,-162.70516967773438
-91.95696258544922,202.81910705566406,-162.71499633789062
-91.89196014404297,202.71868896484375,-162.76068115234375
-91.78790283203125,202.80433654785156,-162.805419921875
-91.89746856689453,202.7662811279297,-162.94537353515625
-91.84964752197266,202.78282165527344,-162.91641235351562
-91.93641662597656,202.83216857910156,-162.76800537109375
-91.95085906982422,202.8476104736328,-162.64215087890625
-91.99567413330078,202.79754638671875,-162.68499755859375
-92.11088562011719,202.8230743408203,-162.75003051757812
-92.17051696777344,202.68362426757812,-162.56497192382812
-92.1744384765625,202.64474487304688,-162.59915161132812
-92.12385559082031,202.63609313964844,-162.58468627929688
-91.9508056640625,202.74380493164062,-162.55856323242188
-91.87904357910156,202.8374481201172,-162.56466674804688
-91.95503997802734,202.81312561035156,-162.51327514648438
-92.05927276611328,202.6779022216797,-162.466552734375
-92.11713409423828,202.6526336669922,-162.41952514648438
-92.12474060058594,202.61842346191406,-162.42193603515625
-91.96720886230469,202.41688537597656,-162.24832153320312
-91.89994812011719,202.5441131591797,-162.26531982421875
-92.006103515625,202.6143341064453,-162.335205078125
-91.95207977294922,202.70985412597656,-162.3734130859375
-91.96296691894531,202.7053985595703,-162.31680297851562
-91.92647552490234,202.64688110351562,-162.40682983398438
-91.91287994384766,202.7907257080078,-162.5106201171875
-91.8451919555664,202.7181396484375,-162.42279052734375
-91.84278869628906,202.64273071289062,-162.20236206054688
-91.93252563476562,202.6809844970703,-162.18951416015625
-91.91818237304688,202.65577697753906,-162.45068359375
-91.9316635131836,202.69290161132812,-162.613037109375
-91.93753814697266,202.69873046875,-162.720458984375
-91.95259857177734,202.73390197753906,-162.70907592773438
-91.91571807861328,202.66030883789062,-162.58493041992188
-91.89763641357422,202.67018127441406,-162.6103515625
-91.78749084472656,202.74658203125,-162.48159790039062
-91.81863403320312,202.8084716796875,-162.41452026367188
-91.77611541748047,202.84605407714844,-162.32125854492188
-91.81573486328125,202.77975463867188,-162.25637817382812
-91.63764953613281,202.7360076904297,-162.28887939453125
-91.64347076416016,202.76776123046875,-162.31356811523438
-91.67118072509766,202.83920288085938,-162.33822631835938
-91.65371704101562,202.77914428710938,-162.39288330078125
-91.6092529296875,202.82431030273438,-162.40670776367188
-91.59709167480469,202.82009887695312,-162.30673217773438
-91.6024169921875,202.8804931640625,-162.23651123046875
-91.6501235961914,202.9395751953125,-162.14486694335938
-91.78224182128906,202.95884704589844,-162.24533081054688
-91.81645202636719,203.0111846923828,-162.37844848632812
-91.73001098632812,203.0372772216797,-162.40548706054688
-91.84005737304688,203.0211181640625,-162.48538208007812
-91.87191009521484,203.0081787109375,-162.53079223632812
-91.8688735961914,203.00601196289062,-162.5416259765625
-91.78458404541016,203.002197265625,-162.59933471679688
-91.90779113769531,202.87277221679688,-162.56689453125
-91.81407928466797,202.97332763671875,-162.43038940429688
-91.77327728271484,202.9105987548828,-162.22332763671875
-91.75704193115234,202.9634552001953,-162.08685302734375
-91.65579223632812,202.9913330078125,-162.24093627929688
-91.68280792236328,202.93701171875,-162.35812377929688
-91.68485260009766,202.87332153320312,-162.33853149414062
-91.60798645019531,202.79908752441406,-162.35421752929688
-91.52838897705078,202.80369567871094,-162.37640380859375
-91.45613098144531,202.78909301757812,-162.41836547851562
-91.43441009521484,202.7593994140625,-162.37518310546875
-91.48951721191406,202.87094116210938,-162.4168701171875
-91.48519134521484,202.90980529785156,-162.3599853515625
-91.44144439697266,202.93115234375,-162.40838623046875
-91.52735900878906,202.89205932617188,-162.58563232421875
-91.57330322265625,202.84400939941406,-162.7255859375
-91.56842041015625,202.8704071044922,-162.59039306640625
-91.57707977294922,202.85084533691406,-162.5821533203125
-91.61457061767578,202.79415893554688,-162.6510009765625
-91.57878112792969,202.95285034179688,-162.75244140625
-91.63764190673828,202.99295043945312,-162.62985229492188
-91.61143493652344,202.8970489501953,-162.508544921875
-91.60259246826172,202.8870086669922,-162.59503173828125
-91.60285186767578,203.0324249267578,-162.54653930664062
-91.53345489501953,203.0648956298828,-162.52236938476562
-91.5443115234375,203.044677734375,-162.537353515625
-91.50652313232422,203.01263427734375,-162.52603149414062
-91.52996826171875,202.925048828125,-162.52099609375
-91.45696258544922,202.9268035888672,-162.40927124023438
-91.42675018310547,202.98794555664062,-162.41580200195312
-91.50498962402344,202.9803009033203,-162.31158447265625
-91.4980697631836,202.9512939453125,-162.1937255859375
-91.54328918457031,202.9752960205078,-162.2633056640625
-91.56166076660156,202.9464874267578,-162.27310180664062
-91.64266967773438,202.80123901367188,-162.27169799804688
-91.74907684326172,202.78976440429688,-162.2637939453125
-91.72335052490234,202.90628051757812,-162.37826538085938
-91.68827056884766,202.8807830810547,-162.376220703125
-91.69393157958984,203.0584259033203,-162.38714599609375
-91.77234649658203,203.09613037109375,-162.44943237304688
-91.80818176269531,203.08531188964844,-162.39071655273438
-91.73213958740234,203.0308837890625,-162.45059204101562
-91.6270751953125,202.95980834960938,-162.57818603515625
-91.50128936767578,202.8167266845703,-162.45501708984375
-91.4642105102539,202.8237762451172,-162.4241943359375
-91.428466796875,202.94656372070312,-162.30545043945312
-91.31031036376953,203.00930786132812,-162.38580322265625
-91.30423736572266,203.09388732910156,-162.54296875
-91.32282257080078,203.08193969726562,-162.60211181640625
-91.4508056640625,203.10110473632812,-162.72702026367188
-91.48455810546875,203.09251403808594,-162.57485961914062
-91.52091979980469,203.0390167236328,-162.35305786132812
-91.47569274902344,203.07559204101562,-162.14068603515625
-91.48780059814453,202.9921112060547,-162.0634765625
-91.4710922241211,202.97996520996094,-162.1563720703125
-91.52472686767578,202.883544921875,-162.25930786132812
-91.4429931640625,202.83984375,-162.14151000976562
-91.45682525634766,202.79747009277344,-162.3497314453125
-91.51646423339844,202.8858184814453,-162.33279418945312
-91.47898864746094,202.85610961914062,-162.4417724609375
-91.3690185546875,202.82740783691406,-162.57183837890625
-91.28767395019531,202.79425048828125,-162.64248657226562
-91.41138458251953,202.79542541503906,-162.72927856445312
-91.42435455322266,202.7594757080078,-162.64926147460938
-91.4782485961914,202.78123474121094,-162.54879760742188
-91.5166244506836,202.7796173095703,-162.52163696289062
-91.44563293457031,202.68214416503906,-162.49246215820312
-91.45929718017578,202.7963104248047,-162.54473876953125
-91.44782257080078,202.840087890625,-162.47119140625
-91.51940155029297,202.7800750732422,-162.37646484375
-91.53289794921875,202.7855224609375,-162.43057250976562
-91.49414825439453,202.73104858398438,-162.44317626953125
-91.49414825439453,202.73104858398438,-162.44317626953125
-91.53321075439453,202.82925415039062,-162.4591064453125
-91.53581237792969,202.8047332763672,-162.5533447265625
-91.47901916503906,202.686279296875,-162.56219482421875
-91.47303009033203,202.7359161376953,-162.729736328125
-91.5099105834961,202.65737915039062,-162.81805419921875
-91.50987243652344,202.75799560546875,-162.8074951171875
-91.4241943359375,202.842041015625,-162.95693969726562
-91.49225616455078,202.8156280517578,-163.15521240234375
-91.41602325439453,202.80532836914062,-163.20364379882812
-91.48632049560547,202.92385864257812,-162.94085693359375
-91.45990753173828,202.92262268066406,-162.93185424804688
-91.49503326416016,202.91477966308594,-162.81451416015625
-91.5262680053711,202.94525146484375,-162.87619018554688
-91.46427154541016,203.02035522460938,-162.85018920898438
-91.56452941894531,203.05421447753906,-162.75222778320312
-91.69070434570312,203.1226348876953,-162.70339965820312
-91.7454605102539,203.07461547851562,-162.76901245117188
-91.66461944580078,202.9905548095703,-162.73263549804688
-91.57475280761719,202.90684509277344,-162.62521362304688
-91.46336364746094,202.98667907714844,-162.55078125
-91.47238159179688,202.8597869873047,-162.48077392578125
-91.44793701171875,202.84347534179688,-162.42230224609375
-91.47634887695312,202.84776306152344,-162.54232788085938
-91.49628448486328,202.9532928466797,-162.5826416015625
-91.51817321777344,202.9820556640625,-162.67068481445312
-91.33731842041016,202.87484741210938,-162.65020751953125
-91.25084686279297,202.8292236328125,-162.69229125976562
-91.2078857421875,202.8881378173828,-162.54928588867188
-91.21307373046875,203.04745483398438,-162.54849243164062
-91.15605163574219,203.00811767578125,-162.59622192382812
-91.12259674072266,203.01605224609375,-162.51998901367188
-91.18836975097656,203.0248565673828,-162.59552001953125
-91.23210144042969,203.10108947753906,-162.587646484375
-91.24693298339844,202.9748077392578,-162.45999145507812
-91.30514526367188,202.91453552246094,-162.4434814453125
-91.28324890136719,203.0585479736328,-162.45095825195312
-91.25076293945312,202.9445343017578,-162.43734741210938
-91.16532135009766,202.947509765625,-162.5758056640625
-91.15435791015625,203.0733642578125,-162.59442138671875
-91.19532775878906,203.12330627441406,-162.59799194335938
-91.19501495361328,203.1173095703125,-162.53912353515625
-91.19956970214844,202.9700469970703,-162.53216552734375
-91.19363403320312,203.10108947753906,-162.5511474609375
-91.1341323852539,203.13275146484375,-162.525634765625
-91.13703918457031,202.97686767578125,-162.61639404296875
-91.11856842041016,202.94924926757812,-162.72967529296875
-91.11675262451172,202.9396514892578,-162.75949096679688
-91.15357971191406,202.9852752685547,-162.77639770507812
-91.3172836303711,203.00701904296875,-162.69287109375
-91.4454345703125,202.9535675048828,-162.56240844726562
-91.45549011230469,202.9054718017578,-162.69869995117188
-91.41543579101562,202.89256286621094,-162.818359375
-91.47523498535156,202.88995361328125,-162.85528564453125
-91.46185302734375,202.83900451660156,-162.91748046875
-91.51322174072266,202.79652404785156,-163.02783203125
-91.55706787109375,202.88525390625,-162.93252563476562
-91.55423736572266,202.91064453125,-162.93838500976562
-91.56245422363281,202.8920135498047,-162.72988891601562
-91.55244445800781,202.96292114257812,-162.60357666015625
-91.7607650756836,202.90951538085938,-162.5714111328125
-91.63794708251953,202.9211883544922,-162.65719604492188
-91.64389038085938,202.9033660888672,-162.7821044921875
-91.62907409667969,202.89349365234375,-162.8165283203125
-91.61729431152344,202.9227752685547,-162.71267700195312
-91.69847869873047,202.89230346679688,-162.77828979492188
-91.8439712524414,202.9715576171875,-162.87722778320312
-91.93840789794922,202.90036010742188,-162.85870361328125
-92.04789733886719,202.9224853515625,-162.90960693359375
-92.04458618164062,202.9312286376953,-162.84368896484375
-92.18602752685547,202.9576873779297,-162.71817016601562
-92.22643280029297,202.90025329589844,-162.74749755859375
-92.26057434082031,203.02883911132812,-162.6986083984375
-92.23352813720703,202.93785095214844,-162.74639892578125
-92.3541030883789,202.82591247558594,-162.63677978515625
-92.49906921386719,202.8426971435547,-162.67938232421875
-92.50517272949219,202.87307739257812,-162.69775390625
-92.52864074707031,202.80520629882812,-162.64834594726562
-92.55497741699219,202.8777618408203,-162.688720703125
-92.52104187011719,202.96774291992188,-162.67156982421875
-92.59770202636719,202.86082458496094,-162.7259521484375
-92.62638092041016,202.81651306152344,-162.73358154296875
-92.63803100585938,202.838623046875,-162.808349609375
-92.74278259277344,202.8636474609375,-162.73117065429688
-92.85970306396484,202.6686553955078,-162.71109008789062
-92.93431854248047,202.6811981201172,-162.56646728515625
-92.84916687011719,202.66482543945312,-162.47085571289062
-92.71585083007812,202.62896728515625,-162.41244506835938
-92.6556625366211,202.77999877929688,-162.4449462890625
-92.78174591064453,202.7484893798828,-162.52975463867188
-92.93016815185547,202.8358154296875,-162.63772583007812
-92.94120788574219,202.7477569580078,-162.78549194335938
-92.90038299560547,202.66421508789062,-162.87664794921875
-92.88750457763672,202.78086853027344,-162.87307739257812
-92.9443588256836,202.81988525390625,-162.77294921875
-92.9847412109375,202.8063201904297,-162.57443237304688
-92.99799346923828,202.73513793945312,-162.69351196289062
-92.84807586669922,202.7172088623047,-162.62875366210938
-92.83895874023438,202.66078186035156,-162.62811279296875
-92.84806060791016,202.6363983154297,-162.51998901367188
-92.83395385742188,202.6425323486328,-162.28375244140625
-92.8826904296875,202.75450134277344,-162.30477905273438
-92.81819152832031,202.78363037109375,-162.14486694335938
-92.85184478759766,202.73971557617188,-162.11770629882812
-92.84004974365234,202.7063446044922,-162.03012084960938
-92.86139678955078,202.55914306640625,-161.95809936523438
-92.7575454711914,202.54547119140625,-161.80270385742188
-92.6509780883789,202.54551696777344,-161.89840698242188
-92.62374877929688,202.6817169189453,-161.9375
-92.80999755859375,202.6549835205078,-161.97183227539062
-92.79076385498047,202.76332092285156,-162.07794189453125
-92.72988891601562,202.7453155517578,-162.09332275390625
-92.58699798583984,202.68128967285156,-162.11935424804688
-92.74436950683594,202.7962188720703,-162.02001953125
-92.80049896240234,202.75062561035156,-161.9140625
-92.8592529296875,202.80026245117188,-161.766845703125
-92.83615112304688,202.75674438476562,-161.72967529296875
-92.76539611816406,202.73521423339844,-161.85061645507812
-92.8170166015625,202.77865600585938,-161.77447509765625
-92.83415222167969,202.7946014404297,-161.78720092773438
-92.85191345214844,202.7999725341797,-161.69021606445312
-92.80500030517578,202.75979614257812,-161.79779052734375
-92.73506927490234,202.65208435058594,-161.709228515625
-92.57149505615234,202.6428985595703,-161.60272216796875
-92.49884033203125,202.6730194091797,-161.5797119140625
-92.49713897705078,202.6366424560547,-161.56570434570312
-92.63948059082031,202.62289428710938,-161.85989379882812
-92.68709564208984,202.7982177734375,-161.99624633789062
-92.77922058105469,202.78102111816406,-162.08718872070312
-92.8268814086914,202.83009338378906,-162.039306640625
-92.8049545288086,202.75537109375,-162.15518188476562
-92.9273910522461,202.8096923828125,-162.22149658203125
-93.30433654785156,202.73130798339844,-162.28488159179688
-93.32818603515625,202.54481506347656,-162.38543701171875
-93.61067962646484,202.57569885253906,-162.56649780273438
-93.60257720947266,202.4645233154297,-162.51754760742188
-93.7443618774414,202.39617919921875,-162.55563354492188
-93.64473724365234,202.41696166992188,-162.43783569335938
-93.63701629638672,202.49510192871094,-162.43878173828125
-93.6962661743164,202.6570281982422,-162.41650390625
-93.66373443603516,202.53396606445312,-162.41094970703125
-93.62384033203125,202.45904541015625,-162.21844482421875
-93.71022033691406,202.55502319335938,-162.1148681640625
-93.6007308959961,202.45504760742188,-162.0821533203125
-93.5962905883789,202.394287109375,-162.09255981445312
-93.5820541381836,202.50233459472656,-162.0311279296875
-93.6230697631836,202.5629119873047,-162.08804321289062
-93.7603530883789,202.67454528808594,-162.18328857421875
-93.75311279296875,202.5469207763672,-162.27276611328125
-93.8476791381836,202.37554931640625,-162.11700439453125
-93.78253936767578,202.26954650878906,-162.06427001953125
-93.74739837646484,202.21588134765625,-162.03582763671875
-93.62248229980469,202.32058715820312,-162.059814453125
-93.45252227783203,202.43954467773438,-162.06005859375
-93.27674865722656,202.59332275390625,-162.08242797851562
-93.0897445678711,202.66403198242188,-161.99032592773438
-92.79069519042969,202.8046875,-161.92745971679688
-92.53460693359375,202.852783203125,-162.01019287109375
-92.1733627319336,202.9289093017578,-162.0467529296875
-91.96746063232422,203.0514373779297,-162.08062744140625
-91.70902252197266,203.11502075195312,-162.04721069335938
-91.37516021728516,203.28445434570312,-161.85174560546875
-91.04077911376953,203.3957061767578,-161.80682373046875
-90.5586929321289,203.4618682861328,-162.04971313476562
-89.9054183959961,203.47671508789062,-162.14401245117188
-89.21073913574219,203.57122802734375,-162.23709106445312
-88.68753814697266,203.7191162109375,-159.7091064453125
-87.04934692382812,204.7527313232422,-147.07867431640625
-83.01437377929688,207.08157348632812,-119.75131225585938
-80.33367919921875,208.3878631591797,-81.8388671875
-82.01807403564453,203.48402404785156,-38.2427978515625
-83.26758575439453,189.17709350585938,4.3181304931640625
-79.44070434570312,166.7757110595703,38.528533935546875
-70.52787017822266,140.44583129882812,61.871063232421875
-58.42937088012695,114.30856323242188,75.06361389160156
-45.224021911621094,90.64994812011719,79.60354614257812
-32.55002975463867,70.45722961425781,78.4603271484375
-21.229331970214844,53.636505126953125,74.2422866821289
-11.341273307800293,39.911170959472656,68.43773651123047
-2.9032821655273438,28.602657318115234,62.33494567871094
4.284519672393799,19.262619018554688,56.474327087402344
10.511661529541016,11.389556884765625,51.19560241699219
16.130521774291992,4.7927703857421875,46.70924377441406
21.102264404296875,-0.7802162170410156,42.82464599609375
25.501659393310547,-5.854959487915039,39.29826354980469
29.130146026611328,-10.420522689819336,35.82981872558594
32.435394287109375,-14.573114395141602,32.52687072753906
35.09992980957031,-18.301050186157227,29.303558349609375
37.39692687988281,-21.803722381591797,26.203475952148438
39.31875991821289,-25.031824111938477,23.001876831054688
41.22624969482422,-27.709651947021484,19.823974609375
43.19232177734375,-30.130308151245117,16.683807373046875
45.113250732421875,-32.03036880493164,13.529220581054688
46.758941650390625,-33.76375961303711,10.250198364257812
48.225765228271484,-35.24334716796875,6.8478851318359375
49.40336990356445,-36.5418586730957,3.47564697265625
50.33329772949219,-37.593666076660156,-0.0782318115234375
50.979705810546875,-38.43291473388672,-3.439239501953125
51.08885192871094,-39.21167755126953,-6.8416595458984375
51.17973709106445,-39.89010238647461,-10.357376098632812
51.08879089355469,-40.416507720947266,-13.794403076171875
50.9050407409668,-40.673587799072266,-17.163162231445312
50.47932815551758,-40.653160095214844,-20.455581665039062
49.902400970458984,-40.71323776245117,-23.758102416992188
49.202392578125,-40.47327423095703,-26.819305419921875
48.089908599853516,-40.300174713134766,-29.543655395507812
46.63777160644531,-40.196590423583984,-32.228973388671875
44.80935287475586,-39.96589279174805,-34.99696350097656
42.71751022338867,-39.43876266479492,-37.61726379394531
40.36372756958008,-38.796173095703125,-40.06428527832031
37.729148864746094,-37.943992614746094,-42.593109130859375
34.79228973388672,-36.82950973510742,-45.36534118652344
31.78997039794922,-35.57334518432617,-48.154815673828125
28.528385162353516,-33.90530776977539,-50.65911865234375
25.322921752929688,-32.19425582885742,-52.67546081542969
22.246116638183594,-30.47219467163086,-54.41188049316406
19.073997497558594,-28.66484832763672,-55.59635925292969
15.846261978149414,-26.76718521118164,-56.52239990234375
12.604116439819336,-24.917118072509766,-56.78678894042969
9.273423194885254,-23.065828323364258,-57.07301330566406
6.186497688293457,-21.298015594482422,-57.12461853027344
2.913517951965332,-19.4235782623291,-57.030426025390625
-0.3786630630493164,-17.648828506469727,-56.42997741699219
-3.706709861755371,-15.744112014770508,-55.51860046386719
-6.654040336608887,-14.17666244506836,-53.99519348144531
-9.52530574798584,-12.610143661499023,-52.07928466796875
-12.152323722839355,-11.070974349975586,-49.654327392578125
-14.546839714050293,-9.689868927001953,-46.837646484375
-16.793376922607422,-8.245418548583984,-43.901336669921875
-18.812828063964844,-7.009315490722656,-40.75434875488281
-20.697437286376953,-5.844310760498047,-37.51861572265625
-22.178878784179688,-4.917797088623047,-34.033447265625
-23.320114135742188,-4.440771102905273,-30.48736572265625
-24.153846740722656,-4.246255874633789,-27.09747314453125
-24.615753173828125,-4.579874038696289,-23.780670166015625
-24.88660430908203,-4.877197265625,-20.700912475585938
-24.73076629638672,-5.518522262573242,-17.722763061523438
-24.31463623046875,-6.180152893066406,-14.896148681640625
-23.90105438232422,-6.894905090332031,-12.251068115234375
-23.22586441040039,-7.490083694458008,-9.735595703125
-22.41176986694336,-8.378360748291016,-7.5448150634765625
-21.525646209716797,-9.24462890625,-5.501129150390625
-20.434490203857422,-10.068437576293945,-3.63079833984375
-19.301971435546875,-10.996469497680664,-1.81158447265625
-18.00818634033203,-11.969242095947266,-0.3615264892578125
-16.662307739257812,-13.019161224365234,0.8936920166015625
-15.341748237609863,-14.101299285888672,1.69329833984375
-14.090418815612793,-15.200967788696289,2.40289306640625
-12.801899909973145,-16.406982421875,2.8602752685546875
-11.414738655090332,-17.56496238708496,3.2833251953125
-10.05802059173584,-18.74235725402832,3.666290283203125
-8.75062084197998,-19.880359649658203,3.8484649658203125
-7.334145545959473,-20.87114715576172,3.96990966796875
-6.038741111755371,-21.79874038696289,3.881103515625
-4.758200645446777,-22.661537170410156,3.749114990234375
-3.7957353591918945,-23.4967041015625,3.7220458984375
-2.8006324768066406,-24.24191665649414,3.52569580078125
-1.9724359512329102,-25.008413314819336,3.3231964111328125
-1.0123920440673828,-25.607948303222656,2.8768157958984375
-0.1614694595336914,-26.237642288208008,2.5275115966796875
0.6438779830932617,-26.70203971862793,2.04168701171875
1.3406085968017578,-27.0740909576416,1.547088623046875
1.849355697631836,-27.468183517456055,1.2890625
2.345317840576172,-27.758201599121094,0.86474609375
2.8566999435424805,-28.030778884887695,0.3454437255859375
3.2295913696289062,-28.332855224609375,0.0836944580078125
3.628213882446289,-28.414573669433594,-0.011383056640625
3.9406967163085938,-28.641042709350586,-0.1442108154296875
4.243564128875732,-28.820802688598633,-0.1237640380859375
4.4465861320495605,-28.957469940185547,-0.2057647705078125
4.722480773925781,-29.155914306640625,-0.4727020263671875
4.90578556060791,-29.246112823486328,-0.7153472900390625
5.087069988250732,-29.250280380249023,-0.88067626953125
5.176478385925293,-29.430280685424805,-1.06402587890625
5.205559730529785,-29.53868865966797,-1.24871826171875
5.397094249725342,-29.55864906311035,-1.4387054443359375
5.419219493865967,-29.510251998901367,-1.428436279296875
5.560842037200928,-29.559309005737305,-1.252288818359375
5.539506435394287,-29.56517219543457,-1.0626220703125
5.59199857711792,-29.606826782226562,-1.02276611328125
5.555251121520996,-29.677125930786133,-0.956878662109375
5.577878475189209,-29.62788200378418,-0.892303466796875
5.4651594161987305,-29.452943801879883,-0.9588623046875
5.515658378601074,-29.328445434570312,-1.0279693603515625
5.545280456542969,-29.290294647216797,-0.9940338134765625
5.6523590087890625,-29.39902114868164,-1.0618133544921875
5.740198135375977,-29.3651123046875,-1.2297821044921875
5.973813533782959,-29.473060607910156,-1.534332275390625
6.133688926696777,-29.508750915527344,-1.8120269775390625
6.327211856842041,-29.488048553466797,-1.930023193359375
6.496941089630127,-29.545305252075195,-2.0391693115234375
6.644059181213379,-29.67207145690918,-2.2411041259765625
6.885965824127197,-29.70526885986328,-2.612213134765625
7.093523979187012,-29.77553939819336,-2.902313232421875
7.341433048248291,-29.742271423339844,-3.217926025390625
7.4692230224609375,-29.858552932739258,-3.446990966796875
7.6515069007873535,-29.914735794067383,-3.5336151123046875
7.718286991119385,-29.967687606811523,-3.6711883544921875
7.670487403869629,-30.06546974182129,-3.7532958984375
7.839125633239746,-30.05799674987793,-3.6802978515625
7.814399719238281,-30.14838218688965,-3.5903778076171875
7.876973628997803,-30.22066307067871,-3.58685302734375
7.971249103546143,-30.053098678588867,-3.5260162353515625
7.9915313720703125,-30.045480728149414,-3.4545745849609375
8.01568603515625,-30.032527923583984,-3.48583984375
7.9986114501953125,-30.00524139404297,-3.3189697265625
7.925581455230713,-30.01169776916504,-3.1460723876953125
7.970674514770508,-30.046131134033203,-3.1882781982421875
7.90459680557251,-30.00798797607422,-3.1791229248046875
7.8798627853393555,-30.04810905456543,-3.2542572021484375
7.931354999542236,-30.06853485107422,-3.320098876953125
7.998406887054443,-30.0977840423584,-3.1316986083984375
7.867166519165039,-29.967082977294922,-2.9210357666015625
7.866633892059326,-30.047317504882812,-2.9582061767578125
7.815646171569824,-30.05934715270996,-2.963592529296875
7.767622470855713,-30.206371307373047,-3.03082275390625
7.799976348876953,-30.2576904296875,-3.1315765380859375
7.938735485076904,-30.348237991333008,-2.9894561767578125
7.90256929397583,-30.234317779541016,-2.8570709228515625
7.951713562011719,-30.334239959716797,-2.81475830078125
7.923837661743164,-30.244306564331055,-2.8273468017578125
7.988626003265381,-30.23255157470703,-2.9454345703125
7.823720455169678,-30.15699577331543,-2.9344024658203125
7.907102108001709,-30.03718376159668,-2.886474609375
8.04928207397461,-30.041114807128906,-2.9192047119140625
8.041128158569336,-30.016996383666992,-2.9366302490234375
8.003396987915039,-30.08587646484375,-2.9280548095703125
7.921747207641602,-30.041841506958008,-3.05487060546875
7.814270496368408,-30.037309646606445,-2.995391845703125
7.969329833984375,-30.00990867614746,-2.9744873046875
7.9929938316345215,-30.02024269104004,-3.0092315673828125
7.9636077880859375,-30.195884704589844,-2.869781494140625
7.888176441192627,-30.147052764892578,-2.69720458984375
7.818404674530029,-30.06873893737793,-2.6822357177734375
7.848727703094482,-30.056699752807617,-2.6983795166015625
7.7833476066589355,-30.199045181274414,-2.8410186767578125
7.778351783752441,-30.165220260620117,-2.8072509765625
7.754093647003174,-30.145191192626953,-2.8688507080078125
7.807882308959961,-30.180370330810547,-2.855377197265625
7.833779811859131,-30.154447555541992,-2.75323486328125
7.9118971824646,-30.258663177490234,-2.7322235107421875
7.794165134429932,-30.436094284057617,-2.6928863525390625
7.8122029304504395,-30.46646499633789,-2.65167236328125
7.834747314453125,-30.37688446044922,-2.630950927734375
7.680819034576416,-30.315073013305664,-2.7664337158203125
7.7310614585876465,-30.322423934936523,-2.842742919921875
7.753941059112549,-30.181678771972656,-2.7828369140625
7.830151557922363,-30.158554077148438,-2.8312225341796875
7.782208442687988,-30.149198532104492,-2.8614959716796875
7.812696933746338,-30.146875381469727,-2.7578277587890625
7.861784934997559,-30.2081298828125,-2.6796417236328125
7.880537033081055,-30.338499069213867,-2.7053680419921875
7.881016731262207,-30.338151931762695,-2.6236724853515625
7.769766330718994,-30.367284774780273,-2.6365966796875
7.808380603790283,-30.299808502197266,-2.5714111328125
7.79772424697876,-30.270605087280273,-2.4817657470703125
7.665555000305176,-30.347373962402344,-2.5606842041015625
7.7578935623168945,-30.303791046142578,-2.769927978515625
7.822892665863037,-30.33296775817871,-2.8388214111328125
7.866422653198242,-30.26919174194336,-2.862701416015625
7.811995029449463,-30.174901962280273,-2.864288330078125
7.807278156280518,-30.30359649658203,-2.806396484375
7.786068916320801,-30.32337188720703,-2.8505859375
7.8459978103637695,-30.229358673095703,-2.84332275390625
7.855500221252441,-30.150400161743164,-2.72406005859375
7.8045196533203125,-30.057443618774414,-2.6470947265625
7.838902950286865,-30.106830596923828,-2.624298095703125
7.84301233291626,-30.12150001525879,-2.7377166748046875
7.921849250793457,-30.07085418701172,-2.8926849365234375
7.957320690155029,-29.930152893066406,-2.975860595703125
7.818729400634766,-29.953081130981445,-3.1125335693359375
7.805876731872559,-29.93978500366211,-3.17327880859375
7.851351261138916,-29.994346618652344,-3.114990234375
7.7517170906066895,-30.009220123291016,-3.005889892578125
7.643662929534912,-30.024444580078125,-2.92730712890625
7.7845306396484375,-30.029150009155273,-2.716522216796875
7.826773643493652,-30.088932037353516,-2.69073486328125
7.848882675170898,-30.115236282348633,-2.7040557861328125
7.694601058959961,-30.114198684692383,-2.72918701171875
7.780536651611328,-30.043167114257812,-2.657562255859375
7.840002059936523,-30.057729721069336,-2.6193084716796875
7.843456268310547,-30.027149200439453,-2.6762847900390625
7.808089256286621,-30.119735717773438,-2.7093963623046875
7.822147846221924,-30.072097778320312,-2.6029052734375
7.862597465515137,-30.17252540588379,-2.6165924072265625
7.682512283325195,-30.224838256835938,-2.7587890625
7.538112163543701,-30.153425216674805,-2.9365692138671875
7.497036457061768,-30.030752182006836,-2.995819091796875
7.54537296295166,-29.933847427368164,-3.0465087890625
7.521087646484375,-29.988813400268555,-2.7576904296875
7.513007640838623,-29.99573516845703,-2.65655517578125
7.654809951782227,-30.027801513671875,-2.7158966064453125
7.694000244140625,-30.023271560668945,-2.726043701171875
7.679894924163818,-30.076452255249023,-2.642730712890625
7.655478477478027,-30.02912712097168,-2.54156494140625
7.704047679901123,-30.038833618164062,-2.47296142578125
7.6151299476623535,-30.033353805541992,-2.4184417724609375
7.599647521972656,-29.917808532714844,-2.4284820556640625
7.591071128845215,-29.957035064697266,-2.4681396484375
7.5052971839904785,-29.940799713134766,-2.5458984375
7.491681098937988,-29.984296798706055,-2.5314178466796875
7.536786079406738,-29.956146240234375,-2.441925048828125
7.587414264678955,-29.947063446044922,-2.3352203369140625
7.740194797515869,-30.005521774291992,-2.381072998046875
7.73003625869751,-30.01009750366211,-2.334808349609375
7.705236911773682,-30.006093978881836,-2.5059661865234375
7.804947853088379,-30.07121467590332,-2.6027679443359375
7.788123607635498,-29.940940856933594,-2.6239471435546875
7.848875045776367,-29.87468719482422,-2.616943359375
7.80502462387085,-29.940298080444336,-2.633941650390625
7.660362720489502,-29.929466247558594,-2.6746368408203125
7.611865997314453,-30.01124382019043,-2.7169189453125
7.65429162979126,-29.908733367919922,-2.66876220703125
7.691898822784424,-30.005081176757812,-2.7586517333984375
7.699589252471924,-30.00240707397461,-2.694183349609375
7.551574230194092,-30.104551315307617,-2.683807373046875
7.680948734283447,-30.154024124145508,-2.7606964111328125
7.782163619995117,-30.047035217285156,-2.864227294921875
7.821907997131348,-30.085880279541016,-2.68701171875
7.69011116027832,-30.055356979370117,-2.7748565673828125
7.69011116027832,-30.055356979370117,-2.7748565673828125
7.714679718017578,-30.114501953125,-2.8160247802734375
7.655128002166748,-30.031147003173828,-2.8537750244140625
7.63948917388916,-30.068727493286133,-2.93756103515625
7.700359344482422,-30.04339027404785,-2.9340057373046875
7.649960994720459,-30.024574279785156,-2.9519805908203125
7.58946418762207,-30.046226501464844,-2.9498443603515625
7.5617451667785645,-30.109163284301758,-2.8897552490234375
7.677272319793701,-30.080211639404297,-2.862762451171875
7.754241943359375,-30.133943557739258,-2.7190399169921875
7.7581586837768555,-30.173358917236328,-2.616424560546875
7.720401763916016,-30.055660247802734,-2.5211334228515625
7.8126044273376465,-30.023733139038086,-2.65020751953125
7.791863918304443,-29.95908546447754,-2.7563934326171875
7.855364799499512,-29.903244018554688,-2.9741973876953125
7.871079921722412,-29.9183406829834,-3.121124267578125
7.793420314788818,-29.902835845947266,-2.890472412109375
7.75591516494751,-29.95235824584961,-2.8434906005859375
7.764638900756836,-29.96531867980957,-2.821807861328125
7.76867151260376,-29.960044860839844,-2.857879638671875
7.775550365447998,-29.950870513916016,-2.8561248779296875
7.810616493225098,-29.941513061523438,-2.92779541015625
7.883876323699951,-29.887741088867188,-2.8331298828125
7.961631774902344,-29.793174743652344,-2.8924407958984375
7.924760818481445,-29.90467643737793,-2.8361968994140625
7.824886798858643,-29.79526710510254,-2.824859619140625
7.7250494956970215,-29.701929092407227,-2.997650146484375
7.807465076446533,-29.675472259521484,-3.147064208984375
7.775053024291992,-29.61540412902832,-3.1190032958984375
7.6499552726745605,-29.696563720703125,-3.096221923828125
7.764260292053223,-29.760400772094727,-3.0497283935546875
7.753958225250244,-29.85014533996582,-2.9123077392578125
7.8345770835876465,-29.935527801513672,-2.9122314453125
7.860382080078125,-29.971662521362305,-2.9244537353515625
7.949727535247803,-29.956174850463867,-2.8220062255859375
7.99824333190918,-29.96310806274414,-2.7086181640625
7.935060977935791,-29.852853775024414,-2.811309814453125
7.937557220458984,-29.819040298461914,-2.9849395751953125
7.933660984039307,-29.8402099609375,-2.957427978515625
7.907870769500732,-29.795127868652344,-3.0097198486328125
7.910377025604248,-29.764480590820312,-2.8492279052734375
7.894170761108398,-29.929420471191406,-2.8933563232421875
7.9540605545043945,-29.979934692382812,-2.7880859375
7.798065662384033,-30.009450912475586,-2.673004150390625
7.932308197021484,-30.027786254882812,-2.6440582275390625
7.85740327835083,-30.04502296447754,-2.665374755859375
7.768601894378662,-29.97488021850586,-2.78765869140625
7.898575782775879,-30.0638484954834,-2.6593475341796875
7.887547969818115,-30.015769958496094,-2.5336456298828125
7.946750640869141,-29.942474365234375,-2.58740234375
7.971754550933838,-30.07570457458496,-2.7488861083984375
7.913112640380859,-30.05110740661621,-2.79925537109375
7.913473606109619,-30.02251434326172,-2.786773681640625
7.934960842132568,-29.96150016784668,-2.799468994140625
7.994695663452148,-29.96821403503418,-2.7273406982421875
7.81215238571167,-29.990211486816406,-2.6585845947265625
7.823620796203613,-29.926860809326172,-2.6765594482421875
7.844459533691406,-29.915773391723633,-2.625640869140625
7.713099956512451,-29.870798110961914,-2.6283721923828125
7.693528652191162,-29.961589813232422,-2.6728668212890625
7.783560752868652,-29.97075080871582,-2.713653564453125
7.849781036376953,-29.95225715637207,-2.7237548828125
7.787838935852051,-29.959810256958008,-2.7021484375
7.74802827835083,-29.94375228881836,-2.5772247314453125
7.765843391418457,-29.88481903076172,-2.699371337890625
7.928289890289307,-29.939939498901367,-2.732177734375
7.91348123550415,-29.901046752929688,-2.7375335693359375
7.829001426696777,-29.888940811157227,-2.854583740234375
7.815207481384277,-29.898584365844727,-2.6956939697265625
7.723058700561523,-29.87090492248535,-2.617767333984375
7.642012119293213,-29.961271286010742,-2.68487548828125
7.599689960479736,-29.932968139648438,-2.7102203369140625
7.776545524597168,-29.950105667114258,-2.6498260498046875
7.777529239654541,-29.916362762451172,-2.6902923583984375
7.819421291351318,-29.946395874023438,-2.8148040771484375
7.854049205780029,-29.883880615234375,-2.845611572265625
7.855739593505859,-29.839998245239258,-2.6820220947265625
7.837728977203369,-29.849123001098633,-2.7100372314453125
7.844588756561279,-29.888212203979492,-2.9084625244140625
7.8730998039245605,-29.8880615234375,-3.0490264892578125
7.870505332946777,-29.948556900024414,-3.15179443359375
7.879263877868652,-29.979507446289062,-3.1580963134765625
7.83220911026001,-30.053245544433594,-3.041015625
7.851935863494873,-30.038908004760742,-3.019256591796875
7.842158794403076,-30.09070587158203,-2.931976318359375
7.789206504821777,-30.047494888305664,-2.8132171630859375
7.643143653869629,-29.93911361694336,-2.730926513671875
7.797853469848633,-29.931617736816406,-2.644012451171875
7.814988136291504,-29.918283462524414,-2.8084716796875
7.562640190124512,-29.953197479248047,-2.877716064453125
7.5307722091674805,-29.88601303100586,-2.8153228759765625
7.594981670379639,-29.902257919311523,-2.729217529296875
7.737916469573975,-29.95830726623535,-2.6508331298828125
7.790375709533691,-29.961990356445312,-2.55816650390625
7.778092384338379,-30.019834518432617,-2.5816497802734375
7.719623565673828,-30.003746032714844,-2.6042938232421875
7.688497066497803,-30.116174697875977,-2.7756500244140625
7.707889080047607,-30.160694122314453,-2.777435302734375
7.5315260887146,-30.177764892578125,-2.822601318359375
7.548475742340088,-30.04806137084961,-2.728790283203125
7.516337871551514,-30.044614791870117,-2.6757659912109375
7.5245041847229,-30.066600799560547,-2.651519775390625
7.47097110748291,-30.093358993530273,-2.6583404541015625
7.576160430908203,-30.043949127197266,-2.6583251953125
7.661999225616455,-30.07708740234375,-2.8262939453125
7.627876281738281,-30.118207931518555,-2.7915191650390625
7.664644718170166,-30.033796310424805,-2.7273101806640625
7.641193389892578,-30.14286994934082,-2.66552734375
7.6417670249938965,-30.136241912841797,-2.6184844970703125
7.614345550537109,-30.222808837890625,-2.581756591796875
7.785421848297119,-30.306894302368164,-2.597564697265625
7.769510746002197,-30.367307662963867,-2.5195770263671875
7.847616195678711,-30.368934631347656,-2.6644134521484375
7.714828014373779,-30.35312271118164,-2.50323486328125
7.6553449630737305,-30.207687377929688,-2.388092041015625
7.793739318847656,-30.250282287597656,-2.3504180908203125
7.833793640136719,-30.285327911376953,-2.4028472900390625
7.8732147216796875,-30.244455337524414,-2.407196044921875
7.8027825355529785,-30.265090942382812,-2.4128265380859375
7.829141139984131,-30.167905807495117,-2.4416046142578125
7.8963751792907715,-30.15437126159668,-2.402557373046875
7.947210788726807,-30.087326049804688,-2.37664794921875
7.9770379066467285,-30.09431266784668,-2.3135223388671875
7.948641777038574,-30.082733154296875,-2.32965087890625
8.083274841308594,-30.154537200927734,-2.3368682861328125
8.010905265808105,-30.155916213989258,-2.354766845703125
7.958858966827393,-30.33417320251465,-2.490325927734375
8.003844261169434,-30.378650665283203,-2.50018310546875
8.00198745727539,-30.192485809326172,-2.39483642578125
7.997757911682129,-30.128313064575195,-2.4571533203125
7.959167003631592,-30.074451446533203,-2.48486328125
7.920577049255371,-30.088420867919922,-2.6352386474609375
8.001298904418945,-30.095508575439453,-2.754150390625
8.12545394897461,-30.113462448120117,-2.8896026611328125
8.062971115112305,-30.152149200439453,-2.9547882080078125
7.994767665863037,-30.126821517944336,-3.019927978515625
7.945729732513428,-30.097867965698242,-2.94775390625
8.056663513183594,-30.102323532104492,-2.9681854248046875
8.133471488952637,-30.130149841308594,-2.9137725830078125
8.062055587768555,-30.189647674560547,-2.863677978515625
8.122278213500977,-30.16048240661621,-2.864898681640625
8.031524658203125,-30.278961181640625,-2.8837890625
8.002147674560547,-30.319316864013672,-2.8493804931640625
7.997847557067871,-30.352930068969727,-3.09759521484375
7.9695844650268555,-30.25965690612793,-2.8996734619140625
8.008970260620117,-30.179960250854492,-2.8500213623046875
8.02011489868164,-30.301347732543945,-2.67620849609375
7.924835205078125,-30.234933853149414,-2.6935577392578125
7.927889823913574,-30.22635841369629,-2.6761627197265625
7.902909755706787,-30.171236038208008,-2.5083465576171875
7.941723823547363,-30.191015243530273,-2.4859619140625
7.895385265350342,-30.152585983276367,-2.58404541015625
7.783538341522217,-30.233922958374023,-2.784271240234375
7.8399176597595215,-30.225698471069336,-2.933135986328125
7.832810878753662,-30.188405990600586,-2.825408935546875
7.775782585144043,-30.259498596191406,-2.7619171142578125
7.806971073150635,-30.309268951416016,-2.735504150390625
7.8936896324157715,-30.335912704467773,-2.69854736328125
7.9548187255859375,-30.38458251953125,-2.6378936767578125
8.009233474731445,-30.384429931640625,-2.68780517578125
7.838242053985596,-30.337677001953125,-2.679443359375
7.780515670776367,-30.355884552001953,-2.8328399658203125
7.6765618324279785,-30.36802101135254,-2.8655548095703125
7.620089530944824,-30.300783157348633,-2.669769287109375
7.73030424118042,-30.324851989746094,-2.683013916015625
7.771300315856934,-30.3295955657959,-2.7083892822265625
7.772488594055176,-30.441164016723633,-2.706787109375
7.945932865142822,-30.43140411376953,-2.721221923828125
8.007959365844727,-30.352672576904297,-2.8296661376953125
7.968598365783691,-30.29644775390625,-2.8379669189453125
7.966172218322754,-30.317625045776367,-2.8734893798828125
7.9192633628845215,-30.27785873413086,-2.7393951416015625
7.944457054138184,-30.317584991455078,-2.710479736328125
7.798727035522461,-30.362207412719727,-2.572235107421875
7.822452068328857,-30.323503494262695,-2.602142333984375
7.819729328155518,-30.282272338867188,-2.6699371337890625
7.864725589752197,-30.393070220947266,-2.6605224609375
7.840908527374268,-30.497838973999023,-2.6396026611328125
7.785892486572266,-30.378326416015625,-2.6265106201171875
7.725773334503174,-30.37308692932129,-2.8096160888671875
7.750591278076172,-30.28879737854004,-2.9820709228515625
7.769149303436279,-30.339113235473633,-3.00433349609375
7.895172595977783,-30.430522918701172,-2.84954833984375
7.868927955627441,-30.485214233398438,-2.7446746826171875
7.780494689941406,-30.438472747802734,-2.7870025634765625
7.855895042419434,-30.408084869384766,-2.7725677490234375
7.97177791595459,-30.353971481323242,-2.8436431884765625
8.016407012939453,-30.32848358154297,-2.8209686279296875
7.968568325042725,-30.3658447265625,-2.69183349609375
7.8922624588012695,-30.42998695373535,-2.4762725830078125
7.843713760375977,-30.43411636352539,-2.3456268310546875
7.781101703643799,-30.414051055908203,-2.505340576171875
7.871208190917969,-30.400184631347656,-2.4542083740234375
7.853866100311279,-30.393672943115234,-2.5533905029296875
7.843570709228516,-30.3579044342041,-2.63092041015625
7.823698997497559,-30.38393211364746,-2.618927001953125
7.843903064727783,-30.408193588256836,-2.6116943359375
7.795564651489258,-30.493377685546875,-2.83941650390625
7.853786945343018,-30.605365753173828,-3.0041656494140625
7.940875053405762,-30.518449783325195,-2.9379730224609375
7.935412883758545,-30.459556579589844,-2.8638916015625
7.944610595703125,-30.458864212036133,-2.8787994384765625
8.007528305053711,-30.47578239440918,-2.8027191162109375
7.873637676239014,-30.44930076599121,-2.8596954345703125
7.81063175201416,-30.460365295410156,-2.6666717529296875
7.936375617980957,-30.541847229003906,-2.5482025146484375
8.06523323059082,-30.592689514160156,-2.489654541015625
8.04660701751709,-30.585861206054688,-2.43280029296875
8.193245887756348,-30.71893882751465,-2.3086090087890625
8.159725189208984,-30.691448211669922,-2.2318267822265625
7.998169422149658,-30.76020050048828,-2.0552978515625
7.985209941864014,-30.72471809387207,-2.1274871826171875
7.9620361328125,-30.73195457458496,-2.15960693359375
7.903698921203613,-30.569793701171875,-2.281585693359375
7.933499813079834,-30.514537811279297,-2.3990020751953125
7.90008544921875,-30.626724243164062,-2.473876953125
7.883403778076172,-30.702186584472656,-2.32159423828125
7.81588888168335,-30.76073455810547,-2.40216064453125
7.806345462799072,-30.773849487304688,-2.4936676025390625
7.83256721496582,-30.693323135375977,-2.5727691650390625
7.782066345214844,-30.51825714111328,-2.900634765625
7.721999168395996,-30.41655731201172,-3.0744781494140625
7.619638442993164,-30.35133934020996,-3.1910247802734375
7.438729763031006,-30.370548248291016,-3.63531494140625
7.2394280433654785,-30.387813568115234,-3.9791717529296875
6.940642833709717,-30.26483726501465,-4.070037841796875
6.635288238525391,-30.008590698242188,-4.057342529296875
6.312323093414307,-29.623321533203125,-4.0912628173828125
5.91557502746582,-29.073429107666016,-3.7706451416015625
5.547691822052002,-28.399887084960938,-3.429351806640625
5.104243755340576,-27.554672241210938,-3.0325927734375
4.697776794433594,-26.762378692626953,-2.890350341796875
4.159905433654785,-26.120777130126953,-2.999725341796875
3.6661558151245117,-25.420154571533203,-3.23223876953125
3.2493467330932617,-24.907012939453125,-3.958526611328125
2.8671083450317383,-24.567668914794922,-4.6641998291015625
2.765578269958496,-24.17108154296875,-5.6153717041015625
3.09731388092041,-24.063831329345703,-6.38726806640625
3.8372459411621094,-24.040611267089844,-7.2747039794921875
4.7819929122924805,-24.086353302001953,-8.036651611328125
5.9624714851379395,-24.292072296142578,-8.470840454101562
7.270559787750244,-24.64310646057129,-8.44488525390625
8.686935424804688,-25.36974334716797,-8.036224365234375
10.031740188598633,-26.111108779907227,-7.2991485595703125
11.313328742980957,-26.780033111572266,-6.2031402587890625
12.5001859664917,-27.453929901123047,-4.6926727294921875
13.575014114379883,-28.07628631591797,-2.95751953125
14.579129219055176,-28.786399841308594,-0.85504150390625
15.487296104431152,-29.312740325927734,1.4422760009765625
16.11176109313965,-29.495346069335938,3.7140960693359375
16.664541244506836,-29.60681915283203,6.1284332275390625
16.9645938873291,-29.65749740600586,8.362701416015625
17.079246520996094,-29.55620002746582,10.610092163085938
17.191356658935547,-29.415054321289062,12.7421875
17.203540802001953,-29.184486389160156,14.412643432617188
17.045385360717773,-29.006790161132812,15.89483642578125
16.852449417114258,-28.838727951049805,17.212982177734375
16.635753631591797,-28.55972671508789,18.534225463867188
16.49148941040039,-28.18112564086914,19.678955078125
16.45824432373047,-27.802064895629883,20.8419189453125
16.224143981933594,-27.385181427001953,21.969528198242188
15.999223709106445,-27.010509490966797,22.994354248046875
15.818408012390137,-26.664703369140625,23.782012939453125
15.59470272064209,-26.47146987915039,24.3619384765625
15.522649765014648,-26.403066635131836,24.525238037109375
15.458468437194824,-26.378097534179688,24.843902587890625
15.24648666381836,-26.45062255859375,24.930435180664062
15.1973876953125,-26.43667221069336,24.909942626953125
15.165194511413574,-26.190387725830078,25.097488403320312
15.268837928771973,-26.193649291992188,25.355331420898438
15.186370849609375,-25.91046714782715,25.860595703125
15.121637344360352,-25.671741485595703,26.232925415039062
14.965486526489258,-25.553813934326172,26.39288330078125
14.828312873840332,-25.566848754882812,26.575225830078125
14.602106094360352,-25.39258575439453,26.902008056640625
14.437898635864258,-25.237869262695312,27.284194946289062
14.325569152832031,-25.07495880126953,27.77154541015625
14.285292625427246,-25.046363830566406,27.923248291015625
14.280345916748047,-24.992313385009766,27.987152099609375
14.257477760314941,-24.85831642150879,28.0369873046875
14.303136825561523,-24.714176177978516,28.0006103515625
14.350833892822266,-24.75925636291504,28.025634765625
14.322698593139648,-24.682323455810547,28.194198608398438
14.333619117736816,-24.613140106201172,28.287307739257812
14.33895492553711,-24.5440673828125,28.433380126953125
14.462043762207031,-24.43700408935547,28.485458374023438
14.428764343261719,-24.403793334960938,28.58197021484375
14.379253387451172,-24.396610260009766,28.568145751953125
14.368709564208984,-24.48303985595703,28.506332397460938
14.25802230834961,-24.589345932006836,28.388320922851562
14.131746292114258,-24.728586196899414,28.463363647460938
14.03115177154541,-24.88535499572754,28.591598510742188
13.935705184936523,-25.058704376220703,28.74237060546875
13.680155754089355,-25.153331756591797,28.814117431640625
13.554798126220703,-25.466089248657227,28.811492919921875
13.362485885620117,-25.878870010375977,28.892898559570312
13.288212776184082,-26.342639923095703,28.80267333984375
12.984950065612793,-26.84560203552246,28.6650390625
12.77152156829834,-27.373659133911133,28.378067016601562
12.38656234741211,-28.016292572021484,28.051315307617188
12.047916412353516,-28.706666946411133,27.802291870117188
11.834646224975586,-29.432010650634766,27.6627197265625
11.411372184753418,-30.02859878540039,27.4136962890625
11.1131591796875,-30.68482208251953,26.9522705078125
10.592737197875977,-31.206491470336914,26.437973022460938
10.20106315612793,-31.855255126953125,26.062393188476562
9.870450019836426,-32.505619049072266,25.496994018554688
9.6354398727417,-33.17953872680664,25.072891235351562
9.180915832519531,-33.9140625,24.563369750976562
8.770750999450684,-34.68824768066406,23.977874755859375
8.143669128417969,-35.33937454223633,23.5230712890625
7.3980560302734375,-35.936336517333984,23.1644287109375
6.845530033111572,-36.616024017333984,22.769775390625
6.191226959228516,-37.27195739746094,22.303070068359375
5.60579776763916,-37.88279342651367,21.84613037109375
5.079092979431152,-38.44152069091797,21.288558959960938
4.641223907470703,-38.942779541015625,20.382476806640625
4.314579963684082,-39.593807220458984,19.5120849609375
4.327695369720459,-40.25586700439453,18.498687744140625
4.291901588439941,-40.904151916503906,17.413909912109375
4.4959187507629395,-41.67206573486328,16.080337524414062
4.730342864990234,-42.28234100341797,14.83740234375
5.217884540557861,-42.769527435302734,13.659942626953125
5.560543537139893,-43.430633544921875,12.540176391601562
5.916841983795166,-43.985286712646484,11.29156494140625
6.352375507354736,-44.53321838378906,10.041427612304688
6.887112140655518,-44.98419952392578,8.88568115234375
7.364152431488037,-45.291446685791016,7.62896728515625
7.887298107147217,-45.795509338378906,6.1876678466796875
8.508743286132812,-46.257469177246094,4.69439697265625
9.319602966308594,-46.62565994262695,3.3231353759765625
10.049810409545898,-47.07638931274414,1.8978118896484375
10.952425956726074,-47.445499420166016,0.384368896484375
11.765226364135742,-47.66691589355469,-1.078155517578125
12.739663124084473,-47.99318313598633,-2.2843780517578125
13.888978004455566,-48.31792068481445,-3.398590087890625
15.272806167602539,-48.606101989746094,-4.441925048828125
16.788066864013672,-48.73432540893555,-5.2983551025390625
18.51949691772461,-48.71436309814453,-5.9808349609375
20.393009185791016,-48.73921203613281,-6.5591583251953125
22.344444274902344,-48.605350494384766,-6.7927093505859375
24.49264907836914,-48.41128158569336,-6.7103118896484375
26.888748168945312,-47.9167366027832,-6.599609375
29.321102142333984,-47.32478332519531,-6.02783203125
31.814239501953125,-46.38829803466797,-5.1140594482421875
34.397605895996094,-45.34510803222656,-3.77801513671875
36.76478576660156,-44.113258361816406,-2.0400848388671875
39.008270263671875,-42.71859359741211,0.14068603515625
40.9626350402832,-41.14243698120117,2.5973663330078125
42.375770568847656,-39.50369644165039,5.6171112060546875
43.6157341003418,-37.572872161865234,8.854156494140625
44.475303649902344,-35.341331481933594,12.114669799804688
44.99046325683594,-32.83131408691406,15.63623046875
45.17803955078125,-29.96230697631836,19.519378662109375
44.98467254638672,-26.678756713867188,23.712799072265625
44.47275924682617,-22.940826416015625,28.225341796875
43.667442321777344,-18.776134490966797,32.74757385253906
42.5777473449707,-13.976070404052734,37.23762512207031
41.161041259765625,-8.590810775756836,41.83497619628906
39.672447204589844,-2.881885528564453,46.30467224121094
37.67085266113281,3.2960128784179688,50.76820373535156
35.296852111816406,9.97854995727539,55.236656188964844
32.56900405883789,17.128509521484375,59.68540954589844
29.408981323242188,24.628952026367188,63.93402099609375
25.834754943847656,32.35337829589844,67.81177520751953
21.968488693237305,40.31201934814453,71.37203979492188
17.773351669311523,48.4327392578125,74.57855987548828
13.296609878540039,56.72459411621094,77.3911361694336
8.54194450378418,65.11833953857422,79.91869354248047
3.3783740997314453,73.62228393554688,81.9571762084961
-1.8745574951171875,82.20035552978516,83.69143676757812
-7.367300987243652,90.62174224853516,84.64786529541016
-13.155383110046387,99.03330993652344,85.3412857055664
-19.0943603515625,107.41049194335938,85.73039245605469
-25.084362030029297,115.73422241210938,85.4866714477539
-30.992931365966797,123.98556518554688,84.82823181152344
-36.84992218017578,132.05075073242188,83.51205444335938
-42.850547790527344,139.95742797851562,81.75188446044922
-48.87492752075195,147.75946044921875,79.6968765258789
-54.613094329833984,155.29490661621094,77.01814270019531
-60.19211196899414,162.3074493408203,73.90160369873047
-65.37155151367188,169.04571533203125,70.1994400024414
-70.14533233642578,175.26730346679688,65.65343475341797
-74.3310317993164,180.7084503173828,60.204383850097656
-77.97463989257812,185.2469940185547,54.11663818359375
-81.16677856445312,188.69569396972656,47.416412353515625
-83.3668441772461,191.1168975830078,40.26734924316406
-84.80136108398438,192.20338439941406,32.97230529785156
-85.69049072265625,192.4764404296875,25.653533935546875
-86.07809448242188,192.67498779296875,18.658172607421875
-86.34461212158203,193.12344360351562,12.111679077148438
-86.62133026123047,194.3143310546875,5.8477783203125
-87.04066467285156,196.21530151367188,-0.2711181640625
-87.57439422607422,198.78106689453125,-6.1235809326171875
-88.47769927978516,202.17445373535156,-12.326065063476562
-89.40298461914062,206.04702758789062,-19.16314697265625
-90.1847915649414,210.3410186767578,-26.955520629882812
-91.05561065673828,214.57919311523438,-35.753387451171875
-91.94453430175781,218.49493408203125,-45.88673400878906
-92.68811798095703,221.47384643554688,-57.866180419921875
-93.05877685546875,221.41293334960938,-72.151611328125
-92.76889038085938,215.74830627441406,-90.57748413085938
-92.27052307128906,207.45428466796875,-114.4730224609375
-91.9547119140625,203.7908935546875,-137.6539306640625
-91.25476837158203,204.02748107910156,-151.71231079101562
-90.55511474609375,204.35462951660156,-156.98873901367188
-90.4760513305664,204.4324951171875,-158.25946044921875
-90.71198272705078,204.3873291015625,-158.2218017578125
-90.8360824584961,204.44078063964844,-158.2716064453125
-90.88005828857422,204.31187438964844,-158.26925659179688
-90.86721801757812,204.2770233154297,-158.20285034179688
-90.83485412597656,204.2847900390625,-158.31158447265625
-90.73346710205078,204.2422332763672,-158.43084716796875
-90.6893310546875,204.2779998779297,-158.48129272460938
-90.76905059814453,204.1708984375,-158.64599609375
-90.77734375,204.26446533203125,-158.78341674804688
-90.75238037109375,204.27955627441406,-158.53164672851562
-90.71199035644531,204.21279907226562,-158.42269897460938
-90.75768280029297,204.2881317138672,-158.452392578125
-90.70608520507812,204.30393981933594,-158.59048461914062
-90.60142517089844,204.31710815429688,-158.78713989257812
-90.4998550415039,204.30931091308594,-158.83053588867188
-90.40232849121094,204.27737426757812,-158.85812377929688
-90.34437561035156,204.2687225341797,-158.96652221679688
-90.4729995727539,204.41015625,-158.90020751953125
-90.45321655273438,204.4486541748047,-158.74600219726562
-90.48759460449219,204.42601013183594,-158.6832275390625
-90.51542663574219,204.3619384765625,-158.67218017578125
-90.46072387695312,204.380859375,-158.64315795898438
-90.44744873046875,204.2840576171875,-158.7796630859375
-90.35084533691406,204.3101348876953,-158.63504028320312
-90.38291931152344,204.32400512695312,-158.61126708984375
-90.54203796386719,204.33021545410156,-158.42660522460938
-90.59950256347656,204.40740966796875,-158.23818969726562
-90.59950256347656,204.40740966796875,-158.23818969726562
-90.46304321289062,204.6391143798828,-158.24664306640625
-90.34835815429688,204.76202392578125,-158.13958740234375
-90.34835815429688,204.76202392578125,-158.13958740234375
-90.30065155029297,204.7927703857422,-157.971923828125
-90.35324096679688,204.78822326660156,-158.09722900390625
-90.20405578613281,204.7389373779297,-158.14300537109375
-90.21430969238281,204.65611267089844,-158.28073120117188
-90.19074249267578,204.53961181640625,-158.40304565429688
-90.30070495605469,204.521484375,-158.47903442382812
-90.4566421508789,204.51576232910156,-158.45150756835938
-90.4463119506836,204.5179901123047,-158.37545776367188
-90.42549133300781,204.4387969970703,-158.40725708007812
-90.41471862792969,204.40737915039062,-158.30078125
-90.4069595336914,204.3313446044922,-158.23828125
-90.49199676513672,204.29046630859375,-158.16629028320312
-90.44439697265625,204.26980590820312,-158.19223022460938
-90.31523132324219,204.3542022705078,-158.56137084960938
-90.27115631103516,204.3949432373047,-158.62777709960938
-90.2479019165039,204.37197875976562,-158.91455078125
-90.28813171386719,204.38519287109375,-158.97091674804688
-90.2801742553711,204.43051147460938,-158.87124633789062
-90.3354721069336,204.3464813232422,-158.92535400390625
-90.42495727539062,204.4237060546875,-159.0712890625
-90.40636444091797,204.4453125,-158.98373413085938
-90.3882827758789,204.36672973632812,-158.96450805664062
-90.42066192626953,204.44439697265625,-159.18307495117188
-90.55850219726562,204.47813415527344,-159.26504516601562
-90.56067657470703,204.4881591796875,-159.15478515625
-90.58228302001953,204.4430694580078,-159.06326293945312
-90.5414047241211,204.44456481933594,-158.91152954101562
-90.69976806640625,204.39100646972656,-158.83563232421875
-90.85774230957031,204.38668823242188,-159.07510375976562
-90.82674407958984,204.2672576904297,-159.11483764648438
-90.8254165649414,204.31915283203125,-159.08270263671875
-90.9083251953125,204.39572143554688,-159.09823608398438
-90.89249420166016,204.35560607910156,-159.074951171875
-90.84136962890625,204.28245544433594,-159.3197021484375
-90.8057632446289,204.30767822265625,-159.49957275390625
-90.82331085205078,204.2342529296875,-159.58316040039062
-90.89486694335938,204.31182861328125,-159.51730346679688
-91.02395629882812,204.32379150390625,-159.31927490234375
-91.00208282470703,204.18414306640625,-159.2579345703125
-91.1277084350586,204.11672973632812,-159.38897705078125
-91.17036437988281,204.17124938964844,-159.55892944335938
-91.1697006225586,204.09722900390625,-159.68594360351562
-91.14604187011719,204.07078552246094,-159.735107421875
-91.19155883789062,203.9949188232422,-159.90179443359375
-91.17372131347656,203.96432495117188,-160.052490234375
-91.13301849365234,204.09812927246094,-160.04898071289062
-91.076904296875,204.1129150390625,-160.094482421875
-91.12887573242188,204.06674194335938,-160.06781005859375
-91.04818725585938,204.03436279296875,-160.0772705078125
-90.99685668945312,203.99533081054688,-159.90646362304688
-90.91486358642578,204.00706481933594,-160.03759765625
-90.97309875488281,204.0544891357422,-160.0367431640625
-91.10962677001953,204.17417907714844,-160.02182006835938
-91.0266342163086,204.1116485595703,-159.95980834960938
-91.15479278564453,204.20343017578125,-160.088623046875
-91.10005187988281,204.2562255859375,-160.03228759765625
-91.17379760742188,204.37551879882812,-160.09295654296875
-91.15589904785156,204.3082733154297,-160.06146240234375
-91.1453628540039,204.327880859375,-160.04806518554688
-91.113525390625,204.33709716796875,-160.03009033203125
-91.24713897705078,204.2180633544922,-160.0645751953125
-91.37174987792969,204.02352905273438,-160.06048583984375
-91.55213928222656,204.0499725341797,-160.18389892578125
-91.58448028564453,204.02716064453125,-160.1309814453125
-91.47293853759766,203.98045349121094,-160.12765502929688
-91.49991607666016,204.03749084472656,-160.24429321289062
-91.46055603027344,203.8541259765625,-160.21585083007812
-91.56166076660156,203.81253051757812,-160.1976318359375
-91.6059799194336,203.80433654785156,-160.2744140625
-91.60127258300781,203.83657836914062,-160.26687622070312
-91.54299926757812,203.80935668945312,-160.19671630859375
-91.5782470703125,203.8633575439453,-160.37982177734375
-91.52545928955078,203.86688232421875,-160.26422119140625
-91.57839965820312,203.8231658935547,-160.29653930664062
-91.538818359375,203.83714294433594,-160.50692749023438
-91.54611206054688,203.8379364013672,-160.64266967773438
-91.56012725830078,203.90914916992188,-160.55184936523438
-91.5387954711914,203.83914184570312,-160.43801879882812
-91.5250015258789,204.00460815429688,-160.44442749023438
-91.6810531616211,203.98377990722656,-160.26116943359375
-91.6785659790039,203.95404052734375,-160.17666625976562
-91.59358215332031,203.98590087890625,-160.0802001953125
-91.61910247802734,203.99403381347656,-160.21044921875
-91.61349487304688,203.9806671142578,-160.21432495117188
-91.44024658203125,203.8733367919922,-160.19146728515625
-91.38529205322266,203.866455078125,-160.24551391601562
-91.52449035644531,203.86849975585938,-160.25613403320312
-91.70703125,203.8529510498047,-160.34976196289062
-91.72383880615234,203.81651306152344,-160.41912841796875
-91.8287124633789,203.66514587402344,-160.275634765625
-92.08184814453125,203.5772247314453,-160.38687133789062
-92.1180419921875,203.4501190185547,-160.56109619140625
-92.27337646484375,203.3109893798828,-160.7535400390625
-92.35033416748047,203.30223083496094,-160.81533813476562
-92.46851348876953,203.32962036132812,-160.957763671875
-92.59910583496094,203.34320068359375,-160.98095703125
-92.72552490234375,203.18331909179688,-161.37527465820312
-92.83511352539062,203.19046020507812,-161.36358642578125
-92.90106964111328,203.1598663330078,-161.44625854492188
-92.95600128173828,203.14810180664062,-161.45773315429688
-92.96455383300781,203.19027709960938,-161.54196166992188
-93.08482360839844,203.27029418945312,-161.74398803710938
-93.053955078125,203.36302185058594,-161.83340454101562
-93.14363098144531,203.44078063964844,-161.83837890625
-93.1122055053711,203.57266235351562,-161.80096435546875
-93.1521224975586,203.5998077392578,-161.73077392578125
-93.232666015625,203.64315795898438,-161.62359619140625
-93.18154907226562,203.65478515625,-161.622802734375
-93.1567153930664,203.50843811035156,-161.50210571289062
-93.16865539550781,203.4471435546875,-161.64886474609375
-93.0535659790039,203.47181701660156,-161.59906005859375
-92.91188049316406,203.47811889648438,-161.61807250976562
-92.88314819335938,203.51174926757812,-161.76727294921875
-92.8948745727539,203.45814514160156,-161.93255615234375
-92.75643157958984,203.41175842285156,-161.6954345703125
-92.61540222167969,203.41799926757812,-161.67196655273438
-92.61966705322266,203.39715576171875,-161.50762939453125
-92.64311981201172,203.55215454101562,-161.58889770507812
-92.7206802368164,203.587158203125,-161.61624145507812
-92.63517761230469,203.4873504638672,-161.637451171875
-92.65365600585938,203.4784393310547,-161.63772583007812
-92.6799545288086,203.5432891845703,-161.62417602539062
-92.58900451660156,203.5629425048828,-161.7493896484375
-92.54386901855469,203.5218963623047,-161.85260009765625
-92.6869125366211,203.3373565673828,-161.87725830078125
-92.6443862915039,203.47898864746094,-162.00888061523438
-92.6659927368164,203.36398315429688,-162.12240600585938
-92.60498809814453,203.38348388671875,-162.16024780273438
-92.58617401123047,203.35108947753906,-162.12384033203125
-92.50347900390625,203.38467407226562,-162.14205932617188
-92.4959487915039,203.45556640625,-162.24664306640625
-92.50785064697266,203.24349975585938,-162.35025024414062
-92.57762145996094,203.25668334960938,-162.27926635742188
-92.57110595703125,203.23802185058594,-162.23226928710938
-92.6202621459961,203.2921905517578,-162.09738159179688
-92.66328430175781,203.27215576171875,-161.99508666992188
-92.62598419189453,203.33010864257812,-161.84915161132812
-92.61444854736328,203.29197692871094,-161.56912231445312
-92.46647644042969,203.196533203125,-161.46347045898438
-92.2581787109375,203.2617645263672,-161.6337890625
-92.2969741821289,203.3174591064453,-161.60629272460938
-92.24102783203125,203.4468994140625,-161.74594116210938
-92.15841674804688,203.4882049560547,-161.90869140625
-92.0929183959961,203.36111450195312,-161.91757202148438
-92.06558990478516,203.2814178466797,-161.755615234375
-92.21566009521484,203.28053283691406,-161.71310424804688
-92.26072692871094,203.286376953125,-161.65966796875
-92.29812622070312,203.25949096679688,-161.7662353515625
-92.38069152832031,203.19805908203125,-162.05953979492188
-92.3296890258789,203.1811065673828,-162.10223388671875
-92.48060607910156,203.31072998046875,-161.94509887695312
-92.48017120361328,203.32772827148438,-161.95901489257812
-92.55472564697266,203.208251953125,-162.04388427734375
-92.56155395507812,203.2796173095703,-162.08950805664062
-92.52430725097656,203.32818603515625,-162.13644409179688
-92.53446197509766,203.3716278076172,-162.25930786132812
-92.51036834716797,203.4569091796875,-162.14178466796875
-92.5414810180664,203.42184448242188,-162.17044067382812
-92.44068908691406,203.52565002441406,-162.12860107421875
-92.4234619140625,203.6229248046875,-161.88711547851562
-92.24547576904297,203.61915588378906,-161.74533081054688
-92.1224594116211,203.56607055664062,-161.69076538085938
-92.0795669555664,203.4549102783203,-161.68304443359375
-92.05322265625,203.5037078857422,-161.63778686523438
-91.93523406982422,203.52455139160156,-161.52676391601562
-91.9915771484375,203.57919311523438,-161.61529541015625
-92.0738296508789,203.59121704101562,-161.53854370117188
-92.15110778808594,203.71072387695312,-161.638671875
-92.097900390625,203.69558715820312,-161.6395263671875
-91.94961547851562,203.68011474609375,-161.6331787109375
-91.94139862060547,203.75521850585938,-161.68017578125
-91.95826721191406,203.81805419921875,-161.60867309570312
-91.81233978271484,203.81732177734375,-161.63543701171875
-91.7402572631836,203.7322235107422,-161.4814453125
-91.74226379394531,203.8678436279297,-161.63873291015625
-91.76958465576172,203.8352813720703,-161.63494873046875
-91.89599609375,203.7239990234375,-161.51333618164062
-91.8636703491211,203.71531677246094,-161.49359130859375
-91.77326965332031,203.8724365234375,-161.46209716796875
-91.65052032470703,203.8826141357422,-161.47381591796875
-91.67413330078125,203.72821044921875,-161.58782958984375
-91.76995086669922,203.72381591796875,-161.46917724609375
-91.82953643798828,203.72850036621094,-161.501953125
-91.88066864013672,203.76905822753906,-161.55224609375
-91.90846252441406,203.7923583984375,-161.70516967773438
-91.90327453613281,203.6437530517578,-161.84231567382812
-91.96247100830078,203.6041717529297,-161.92803955078125
-92.09888458251953,203.638916015625,-161.68759155273438
-92.15499877929688,203.54641723632812,-161.64044189453125
-92.07722473144531,203.6263427734375,-161.82327270507812
-92.11969757080078,203.60955810546875,-161.64639282226562
-92.10711669921875,203.60391235351562,-161.56723022460938
-92.08238983154297,203.5942840576172,-161.46273803710938
-92.06053161621094,203.62710571289062,-161.56448364257812
-92.13289642333984,203.65277099609375,-161.59249877929688
-92.09251403808594,203.7035369873047,-161.646728515625
-92.14702606201172,203.7701416015625,-161.48513793945312
-92.1806869506836,203.8911895751953,-161.26693725585938
-92.13185119628906,203.8533935546875,-161.09683227539062
-92.16165924072266,204.00637817382812,-161.08697509765625
-92.12383270263672,203.89898681640625,-161.025390625
-92.092529296875,203.71119689941406,-161.16497802734375
-92.08199310302734,203.6755828857422,-161.18643188476562
-91.95338439941406,203.67654418945312,-161.16433715820312
-91.95709228515625,203.73617553710938,-161.12542724609375
-91.78105926513672,203.740234375,-161.15106201171875
-91.69114685058594,203.8267822265625,-161.13565063476562
-91.7815933227539,203.84800720214844,-161.08078002929688
-91.9210205078125,203.8371124267578,-161.01669311523438
-92.01021575927734,203.8119659423828,-161.05868530273438
-91.94851684570312,203.76080322265625,-161.0853271484375
-92.05081176757812,203.73326110839844,-161.39947509765625
-92.09764099121094,203.71743774414062,-161.49993896484375
-92.057861328125,203.70001220703125,-161.38165283203125
-91.8909683227539,203.8604278564453,-161.30075073242188
-91.79531860351562,203.8791961669922,-161.31832885742188
-91.76029205322266,203.836181640625,-161.32147216796875
-91.66685485839844,203.8372344970703,-161.19125366210938
-91.58848571777344,203.8087158203125,-161.10797119140625
-91.53304290771484,203.85177612304688,-161.13232421875
-91.53192138671875,203.90829467773438,-161.32003784179688
-91.52400970458984,203.86231994628906,-161.19882202148438
-91.37841796875,203.81842041015625,-161.15719604492188
-91.2969741821289,203.84678649902344,-161.25808715820312
-91.3099594116211,203.87997436523438,-161.34463500976562
-91.18537139892578,203.8394012451172,-161.19329833984375
-91.21009063720703,203.8821563720703,-161.29916381835938
-91.1948013305664,203.83689880371094,-161.266845703125
-91.1698226928711,203.83851623535156,-161.26519775390625
-91.15570068359375,203.91378784179688,-161.3345947265625
-91.065673828125,203.88427734375,-161.321044921875
-91.08284759521484,203.92901611328125,-161.3404541015625
-91.16268157958984,203.87802124023438,-161.42208862304688
-91.1990737915039,203.63877868652344,-161.42919921875
-91.10928344726562,203.65509033203125,-161.4544677734375
-91.05587005615234,203.60870361328125,-161.5206298828125
-91.11500549316406,203.63453674316406,-161.65252685546875
-91.18890380859375,203.72222900390625,-161.55316162109375
-91.23179626464844,203.7413787841797,-161.52664184570312
-91.2247543334961,203.71023559570312,-161.48388671875
-91.24346160888672,203.72694396972656,-161.47381591796875
-91.29266357421875,203.74659729003906,-161.58596801757812
-91.29679107666016,203.6495361328125,-161.66433715820312
-91.35250091552734,203.64691162109375,-161.48455810546875
-91.22381591796875,203.65966796875,-161.47314453125
-91.25357055664062,203.64488220214844,-161.59393310546875
-91.38460540771484,203.76547241210938,-161.65451049804688
-91.31282806396484,203.7594757080078,-161.50787353515625
-91.29867553710938,203.79295349121094,-161.47589111328125
-91.21214294433594,203.7778778076172,-161.51602172851562
-91.1759262084961,203.67767333984375,-161.39617919921875
-91.22573852539062,203.71629333496094,-161.46575927734375
-91.24500274658203,203.7112579345703,-161.4334716796875
-91.29883575439453,203.8459930419922,-161.483154296875
-91.43862915039062,203.64564514160156,-161.46914672851562
-91.51997375488281,203.50987243652344,-161.55245971679688
-91.66622924804688,203.7261199951172,-161.668701171875
-91.57463073730469,203.6959991455078,-161.68353271484375
-91.5198974609375,203.74795532226562,-161.58279418945312
-91.52142333984375,203.6626739501953,-161.4842529296875
-91.57088470458984,203.60911560058594,-161.47225952148438
-91.50379943847656,203.56002807617188,-161.57754516601562
-91.5488052368164,203.65170288085938,-161.66409301757812
-91.62130737304688,203.71347045898438,-161.80535888671875
-91.68443298339844,203.81289672851562,-161.73861694335938
-91.65182495117188,203.72222900390625,-161.51370239257812
-91.70503997802734,203.74618530273438,-161.54519653320312
-91.65492248535156,203.886474609375,-161.48541259765625
-91.61605072021484,203.72836303710938,-161.4376220703125
-91.7014389038086,203.64239501953125,-161.39944458007812
-91.68094635009766,203.57260131835938,-161.489990234375
-91.8060302734375,203.6096954345703,-161.55316162109375
-91.81227111816406,203.65249633789062,-161.65365600585938
-91.96038055419922,203.7194061279297,-161.55557250976562
-91.92123413085938,203.7523193359375,-161.603515625
-91.96978759765625,203.80447387695312,-161.61978149414062
-92.0135498046875,203.9022674560547,-161.65859985351562
-91.99628448486328,203.85691833496094,-161.64981079101562
-91.94014739990234,203.90643310546875,-161.66043090820312
-92.00556945800781,203.90879821777344,-161.68832397460938
-92.01445770263672,203.8590850830078,-161.52920532226562
-91.98568725585938,203.8740234375,-161.53323364257812
-92.0152359008789,203.88600158691406,-161.45028686523438
-92.02842712402344,203.8209686279297,-161.3939208984375
-91.86457824707031,203.84188842773438,-161.296875
-91.87202453613281,203.8624267578125,-161.32864379882812
-91.81134033203125,203.8427734375,-161.48321533203125
-91.78653717041016,203.88583374023438,-161.50152587890625
-91.7450942993164,203.8433837890625,-161.35903930664062
-91.7452621459961,203.8681640625,-161.41290283203125
-91.69172668457031,203.87564086914062,-161.51962280273438
-91.65916442871094,203.70542907714844,-161.45907592773438
-91.56967163085938,203.61659240722656,-161.439208984375
-91.53265380859375,203.6564483642578,-161.45941162109375
-91.65686798095703,203.63623046875,-161.509765625
-91.68480682373047,203.6741943359375,-161.4676513671875
-91.66717529296875,203.7037811279297,-161.49893188476562
-91.69586181640625,203.68228149414062,-161.51266479492188
-91.56417083740234,203.6147918701172,-161.48886108398438
-91.48150634765625,203.6419219970703,-161.5455322265625
-91.46123504638672,203.65359497070312,-161.51681518554688
-91.50978088378906,203.61773681640625,-161.55783081054688
-91.47268676757812,203.74172973632812,-161.59664916992188
-91.57870483398438,203.70675659179688,-161.68170166015625
-91.62040710449219,203.7410430908203,-161.6351318359375
-91.52913665771484,203.70233154296875,-161.65203857421875
-91.48448181152344,203.6982879638672,-161.74298095703125
-91.46099090576172,203.7723846435547,-161.823486328125
-91.64157104492188,203.8855438232422,-161.7000732421875
-91.64765930175781,203.90968322753906,-161.58892822265625
-91.525390625,203.86036682128906,-161.59963989257812
-91.68122863769531,203.8838653564453,-161.5950927734375
-91.54122161865234,203.88037109375,-161.60894775390625
-91.48469543457031,203.8592071533203,-161.801513671875
-91.24903869628906,203.7359619140625,-161.77203369140625
-91.34675598144531,203.7783966064453,-161.79144287109375
-91.51138305664062,203.75057983398438,-161.87576293945312
-91.53241729736328,203.85629272460938,-161.78842163085938
-91.53546905517578,203.8861846923828,-161.83963012695312
-91.48173522949219,203.84536743164062,-161.92779541015625
-91.50558471679688,203.8822784423828,-161.8033447265625
-91.48863983154297,203.85354614257812,-161.90380859375
-91.50569915771484,203.9087371826172,-161.93930053710938
-91.65706634521484,203.89889526367188,-161.92367553710938
-91.59255981445312,203.86289978027344,-161.7998046875
-91.5163345336914,203.81854248046875,-161.71420288085938
-91.55640411376953,203.71669006347656,-161.63528442382812
-91.47981262207031,203.7443389892578,-161.65585327148438
-91.46224975585938,203.87771606445312,-161.79287719726562
-91.61808776855469,203.82769775390625,-161.75241088867188
-91.71536254882812,203.8950653076172,-161.91384887695312
-91.82070922851562,203.91668701171875,-161.916015625
-91.7431640625,203.7611846923828,-161.896484375
-91.67047119140625,203.82411193847656,-162.05499267578125
-91.64112854003906,203.8533935546875,-162.151611328125
-91.68405151367188,203.87225341796875,-162.12301635742188
-91.63868713378906,203.8419189453125,-161.99838256835938
-91.74637603759766,203.864990234375,-162.00335693359375
-91.84010314941406,203.9080810546875,-162.13272094726562
-91.78851318359375,203.8443603515625,-161.97412109375
-91.91219329833984,203.9073028564453,-161.83502197265625
-91.93732452392578,203.9189453125,-161.65335083007812
-91.97441101074219,203.79014587402344,-161.61334228515625
-91.84790802001953,203.6058807373047,-161.53244018554688
-91.82723999023438,203.7520294189453,-161.458984375
-91.66859436035156,203.8880157470703,-161.44223022460938
-91.55152130126953,203.8861083984375,-161.58352661132812
-91.53266143798828,203.91845703125,-161.73382568359375
-91.44647216796875,203.87005615234375,-161.69705200195312
-91.523681640625,203.9191436767578,-161.72048950195312
-91.49393463134766,203.8264923095703,-161.87527465820312
-91.59723663330078,203.7606964111328,-162.01788330078125
-91.54814910888672,203.73867797851562,-162.02572631835938
-91.60231018066406,203.8563690185547,-162.00390625
-91.66682434082031,203.8465118408203,-161.87210083007812
-91.70890808105469,203.86570739746094,-161.91253662109375
-91.67456817626953,203.86285400390625,-161.99172973632812
-91.82109069824219,203.768310546875,-161.83477783203125
-91.79939270019531,203.85792541503906,-161.83786010742188
-91.84404754638672,203.97607421875,-161.96731567382812
-91.66542053222656,203.90399169921875,-161.99920654296875
-91.6624755859375,203.83692932128906,-162.07073974609375
-91.74983978271484,203.76821899414062,-162.096923828125
-91.83084106445312,203.69708251953125,-162.12405395507812
-91.90837860107422,203.72225952148438,-161.96844482421875
-91.95427703857422,203.7787322998047,-162.07391357421875
-91.83332061767578,203.8767852783203,-162.11492919921875
-91.70533752441406,203.85498046875,-162.06890869140625
-91.82717895507812,203.85350036621094,-162.15936279296875
-91.82457733154297,203.86434936523438,-162.21563720703125
-91.82408905029297,203.95681762695312,-162.28482055664062
-91.80879211425781,203.95654296875,-162.21719360351562
-91.81147003173828,203.86489868164062,-161.99984741210938
-91.75847625732422,203.89105224609375,-161.92437744140625
-91.85812377929688,203.8611297607422,-161.99838256835938
-91.97620391845703,203.7940673828125,-161.94326782226562
-91.93843841552734,203.75791931152344,-162.06097412109375
-91.98523712158203,203.70590209960938,-162.07366943359375
-91.96825408935547,203.7989501953125,-162.10302734375
-91.92935180664062,203.8435821533203,-162.12771606445312
-92.083740234375,203.77127075195312,-162.09124755859375
-92.03759765625,203.74551391601562,-162.10513305664062
-91.92862701416016,203.73341369628906,-162.11746215820312
-91.8465576171875,203.76499938964844,-162.204345703125
-91.78790283203125,203.76307678222656,-162.21099853515625
-91.8218002319336,203.79962158203125,-162.09869384765625
-91.75469207763672,203.8876190185547,-162.09814453125
-91.8592300415039,203.9082489013672,-162.16940307617188
-91.91917419433594,203.88180541992188,-162.14581298828125
-91.89187622070312,203.94607543945312,-162.4061279296875
-91.91372680664062,203.95504760742188,-162.43453979492188
-91.96128845214844,203.9323272705078,-162.2872314453125
-91.90584564208984,203.80174255371094,-162.262451171875
-92.03978729248047,203.63059997558594,-162.41595458984375
-92.0816421508789,203.60223388671875,-162.36660766601562
-91.95399475097656,203.67611694335938,-162.0511474609375
-91.93732452392578,203.71112060546875,-161.8472900390625
-91.96559143066406,203.77880859375,-161.93612670898438
-91.96713256835938,203.7529754638672,-162.04171752929688
-91.97183990478516,203.81695556640625,-162.10586547851562
-91.9415512084961,203.84327697753906,-162.09451293945312
-91.90446472167969,203.82666015625,-161.88742065429688
-91.90753936767578,203.779541015625,-161.8046875
-91.91510772705078,203.7366180419922,-161.9024658203125
-91.87500762939453,203.59307861328125,-161.95401000976562
-91.85006713867188,203.64453125,-162.04855346679688
-91.95014190673828,203.7322998046875,-162.11947631835938
-91.81426239013672,203.60809326171875,-162.08499145507812
-91.87019348144531,203.75502014160156,-161.99920654296875
-92.05328369140625,203.6272430419922,-161.95635986328125
-92.09920501708984,203.49392700195312,-161.96707153320312
-92.14351654052734,203.5918731689453,-161.9228515625
-92.13568115234375,203.55857849121094,-161.97000122070312
-92.06503295898438,203.57101440429688,-161.95639038085938
-91.98464965820312,203.74256896972656,-161.93936157226562
-92.00212860107422,203.81776428222656,-161.99447631835938
-92.10452270507812,203.87759399414062,-162.01669311523438
-92.087646484375,203.89913940429688,-161.9482421875
-92.12702178955078,203.86807250976562,-161.99337768554688
-92.12796783447266,203.84033203125,-161.93734741210938
-92.15068054199219,203.89715576171875,-161.85653686523438
-92.15309143066406,203.800537109375,-161.74993896484375
-92.10626220703125,203.7120819091797,-161.65121459960938
-92.12973022460938,203.8404998779297,-161.68685913085938
-92.09034729003906,203.9416961669922,-161.6539306640625
-92.01366424560547,203.94967651367188,-161.62905883789062
-92.01366424560547,203.94967651367188,-161.62905883789062
-91.95468139648438,204.03013610839844,-161.66445922851562
-91.99513244628906,203.88636779785156,-161.496826171875
-91.92963409423828,203.8889617919922,-161.53369140625
-91.92072296142578,203.8340606689453,-161.55606079101562
-92.00578308105469,203.8308868408203,-161.34420776367188
-91.94673919677734,203.83001708984375,-161.24810791015625
-92.01348876953125,203.78688049316406,-161.45306396484375
-91.95236206054688,203.7357177734375,-161.456787109375
-91.9644775390625,203.6133575439453,-161.49496459960938
-91.91361236572266,203.60487365722656,-161.48321533203125
-91.90151977539062,203.6818389892578,-161.505859375
-91.91448974609375,203.57591247558594,-161.47561645507812
-91.89697265625,203.72378540039062,-161.63693237304688
-92.01244354248047,203.7858428955078,-161.68408203125
-92.05077362060547,203.81056213378906,-161.70083618164062
-92.02826690673828,203.8946075439453,-161.75616455078125
-92.02552032470703,203.89614868164062,-161.70242309570312
-92.01660919189453,203.9123992919922,-161.69589233398438
-91.96839141845703,203.86721801757812,-161.70291137695312
-92.01082611083984,203.9589385986328,-161.76312255859375
-92.03245544433594,204.00001525878906,-162.016845703125
-92.03947448730469,203.867431640625,-162.1015625
-92.11592864990234,203.73587036132812,-161.99258422851562
-92.2166748046875,203.61424255371094,-161.84857177734375
-92.38264465332031,203.56976318359375,-161.67083740234375
-92.36708068847656,203.63525390625,-161.61972045898438
-92.37873840332031,203.4645538330078,-161.6197509765625
-92.44398498535156,203.45423889160156,-161.74282836914062
-92.5296859741211,203.39939880371094,-161.89175415039062
-92.63072204589844,203.2946014404297,-161.93258666992188
-92.71434783935547,203.23516845703125,-161.94076538085938
-92.81229400634766,203.21633911132812,-161.98635864257812
-92.79041290283203,203.4243621826172,-162.12454223632812
-92.771240234375,203.36114501953125,-162.13739013671875
-92.79751586914062,203.42041015625,-162.15396118164062
-92.861572265625,203.3677520751953,-162.0980224609375
-92.80818939208984,203.38417053222656,-162.09735107421875
-92.9145736694336,203.5685577392578,-162.1636962890625
-92.97928619384766,203.56442260742188,-162.27090454101562
-92.8969497680664,203.45957946777344,-162.23941040039062
-92.82963562011719,203.44940185546875,-162.39053344726562
-92.79202270507812,203.40818786621094,-162.19601440429688
-92.96796417236328,203.31155395507812,-162.130126953125
-93.19154357910156,203.3214111328125,-162.2010498046875
-93.23527526855469,203.33291625976562,-162.08956909179688
-93.37247467041016,203.3365020751953,-162.3834228515625
-93.24938201904297,203.29031372070312,-162.44461059570312
-93.30828094482422,203.30284118652344,-162.211181640625
-93.29405975341797,203.3142852783203,-162.072265625
-93.42716217041016,203.24293518066406,-162.03018188476562
-93.37174987792969,203.17156982421875,-162.13333129882812
-93.37848663330078,203.1810302734375,-161.96002197265625
-93.41270446777344,203.1356658935547,-162.07305908203125
-93.41121673583984,203.09169006347656,-162.23690795898438
-93.34752655029297,203.110595703125,-162.2060546875
-93.41020965576172,203.12193298339844,-162.20730590820312
-93.40855407714844,203.22140502929688,-162.10736083984375
-93.43537139892578,203.25193786621094,-162.1641845703125
-93.37152862548828,203.3125457763672,-162.10772705078125
-93.3719253540039,203.25193786621094,-161.87539672851562
-93.43748474121094,203.34449768066406,-161.68576049804688
-93.3857421875,203.3625946044922,-161.66632080078125
-93.42623138427734,203.2948760986328,-161.59744262695312
-93.30619049072266,203.39366149902344,-161.75753784179688
-93.19795227050781,203.46263122558594,-161.65386962890625
-93.154296875,203.4803009033203,-161.62857055664062
-93.00676727294922,203.49974060058594,-161.52325439453125
-92.8855209350586,203.44155883789062,-161.56790161132812
-92.89305114746094,203.452392578125,-161.60870361328125
-92.8822250366211,203.48419189453125,-161.65213012695312
-92.86687469482422,203.56558227539062,-161.60775756835938
-92.74224853515625,203.63497924804688,-161.73721313476562
-92.78311920166016,203.64295959472656,-161.695556640625
-92.82815551757812,203.6294708251953,-161.54257202148438
-92.806640625,203.612548828125,-161.36978149414062
-92.84294891357422,203.69851684570312,-161.1424560546875
-92.85236358642578,203.68231201171875,-160.82669067382812
-92.66463470458984,203.94717407226562,-160.60470581054688
-92.47972106933594,203.93707275390625,-160.67800903320312
-92.43092346191406,203.9660186767578,-160.69110107421875
-92.41829681396484,203.9164581298828,-160.73046875
-92.44966125488281,203.88671875,-160.7032470703125
-92.35488891601562,203.72283935546875,-160.92391967773438
-92.3006820678711,203.8617706298828,-160.83865356445312
-92.43428802490234,203.80760192871094,-160.86553955078125
-92.37400817871094,203.70346069335938,-160.8524169921875
-92.36711883544922,203.7119903564453,-160.88385009765625
-92.4216079711914,203.60629272460938,-160.9610595703125
-92.44568634033203,203.61094665527344,-160.98611450195312
-92.37294006347656,203.5595703125,-161.02633666992188
-92.40319061279297,203.55783081054688,-161.04299926757812
-92.26725006103516,203.5524444580078,-161.05783081054688
-92.27428436279297,203.6011199951172,-161.01461791992188
-92.19465637207031,203.61366271972656,-160.8486328125
-92.1630859375,203.47979736328125,-160.682861328125
-92.02873229980469,203.47425842285156,-160.71823120117188
-91.9565200805664,203.50389099121094,-160.82351684570312
-91.77653503417969,203.53750610351562,-160.93914794921875
-91.55387115478516,203.69302368164062,-161.13385009765625
-91.5798568725586,203.6337127685547,-161.02279663085938
-91.52954864501953,203.62640380859375,-160.95571899414062
-91.27393341064453,203.55967712402344,-160.99462890625
-91.24336242675781,203.60560607910156,-161.26498413085938
-91.13430786132812,203.57888793945312,-161.46078491210938
-90.99164581298828,203.7985076904297,-161.37261962890625
-90.94796752929688,203.86331176757812,-161.32354736328125
-90.99492645263672,203.86988830566406,-161.41357421875
-90.80372619628906,203.88682556152344,-161.52139282226562
-90.77266693115234,203.98480224609375,-161.52288818359375
-90.60943603515625,204.0434112548828,-161.33438110351562
-90.48468017578125,204.0060577392578,-161.30865478515625
-90.25231170654297,204.14505004882812,-161.15740966796875
-89.99406433105469,204.25979614257812,-161.15841674804688
-89.87683868408203,204.30931091308594,-161.39852905273438
-89.7682113647461,204.31800842285156,-161.41293334960938
-89.82231903076172,204.2808380126953,-161.49319458007812
-89.73883819580078,204.26885986328125,-161.32809448242188
-89.53730010986328,204.26600646972656,-161.16104125976562
-89.4075927734375,204.24522399902344,-161.11807250976562
-89.39258575439453,204.33541870117188,-161.19900512695312
-89.23011016845703,204.43466186523438,-161.20449829101562
-89.10755920410156,204.48240661621094,-161.51638793945312
-89.16378021240234,204.3759307861328,-161.56982421875
-89.31652069091797,204.35870361328125,-161.49649047851562
-89.32030487060547,204.21554565429688,-161.57162475585938
-89.37135314941406,204.1412353515625,-161.54916381835938
-89.38494110107422,204.14817810058594,-161.48855590820312
-89.36040496826172,204.17848205566406,-161.52920532226562
-89.41753387451172,204.1177215576172,-161.40078735351562
-89.48246765136719,204.2285919189453,-161.335693359375
-89.5144271850586,204.28269958496094,-161.47586059570312
-89.7338638305664,204.25694274902344,-161.531005859375
-89.81465911865234,204.24026489257812,-161.42910766601562
-89.67298889160156,204.33895874023438,-161.24127197265625
-89.70262908935547,204.25411987304688,-161.35299682617188
-89.86151885986328,204.2617645263672,-161.4649658203125
-89.83165740966797,204.32334899902344,-161.31204223632812
-89.70526885986328,204.364990234375,-161.3421630859375
-89.61363220214844,204.31578063964844,-161.29946899414062
-89.65242004394531,204.34860229492188,-161.2537841796875
-89.69014739990234,204.2775115966797,-161.28948974609375
-89.60111999511719,204.42669677734375,-161.28622436523438
-89.49567413330078,204.45321655273438,-161.27468872070312
-89.3515853881836,204.4522705078125,-161.1959228515625
-89.15921783447266,204.3949432373047,-161.14517211914062
-88.92982482910156,204.44451904296875,-161.07034301757812
-88.55960083007812,204.6024627685547,-160.88333129882812
-88.29657745361328,204.79969787597656,-160.68487548828125
-88.0157241821289,204.82228088378906,-160.34689331054688
-87.7505111694336,204.44619750976562,-157.595458984375
-86.28475952148438,203.64837646484375,-145.48406982421875
-82.8913345336914,204.27284240722656,-118.84329223632812
-79.98690795898438,205.8988037109375,-82.53097534179688
-80.27267456054688,204.02923583984375,-42.58158874511719
-80.3091812133789,194.14022827148438,-4.9852447509765625
-76.37090301513672,176.21536254882812,24.8548583984375
-68.4483642578125,153.72705078125,45.804779052734375
-58.1815071105957,130.64215087890625,59.15991973876953
-47.07646179199219,108.76799011230469,66.26850891113281
-36.20588302612305,88.9981918334961,68.62736511230469
-26.233997344970703,71.20465850830078,67.80614471435547
-17.377666473388672,55.58604431152344,65.20001983642578
-9.519051551818848,42.29437255859375,61.822593688964844
-2.66018009185791,31.10443115234375,58.430084228515625
3.375330924987793,21.825740814208984,55.24651336669922
8.67483901977539,14.015972137451172,52.27568054199219
13.409307479858398,7.380439758300781,49.324127197265625
17.625789642333984,1.6222686767578125,46.25477600097656
21.367137908935547,-3.5667686462402344,43.16363525390625
24.819604873657227,-8.107158660888672,40.051788330078125
27.949800491333008,-12.303388595581055,37.200897216796875
30.571491241455078,-15.95709228515625,34.37504577636719
33.0339469909668,-19.228046417236328,31.572708129882812
35.14459991455078,-22.105323791503906,28.9912109375
37.15194320678711,-24.61983871459961,26.3065185546875
38.94753646850586,-26.91106414794922,23.3758544921875
40.375980377197266,-28.985816955566406,20.467254638671875
41.79230499267578,-30.99092674255371,17.643630981445312
42.75338363647461,-32.93829345703125,14.561050415039062
43.42829895019531,-34.6791877746582,11.48583984375
43.816654205322266,-36.355411529541016,8.364410400390625
43.95520782470703,-37.88821029663086,5.4314422607421875
43.770381927490234,-39.40085220336914,2.4090728759765625
43.26859664916992,-40.45643615722656,-0.401519775390625
42.70707702636719,-41.491294860839844,-3.4859771728515625
41.81483459472656,-42.2738037109375,-6.5356597900390625
40.98396301269531,-42.73820114135742,-9.419830322265625
40.02520751953125,-43.17690658569336,-12.25469970703125
38.91033172607422,-43.42536926269531,-15.107559204101562
37.551841735839844,-43.66659164428711,-17.489410400390625
35.98841094970703,-43.69728088378906,-19.688812255859375
34.22300338745117,-43.45943069458008,-22.005218505859375
32.19694137573242,-43.053802490234375,-24.726318359375
29.995601654052734,-42.22598648071289,-27.862213134765625
27.592151641845703,-41.318450927734375,-31.445953369140625
24.920753479003906,-40.04750061035156,-35.085784912109375
21.942787170410156,-38.412254333496094,-38.5509033203125
18.56722640991211,-36.5136833190918,-41.428802490234375
15.160400390625,-34.56645965576172,-43.90650939941406
11.658929824829102,-32.516693115234375,-45.71614074707031
8.037704467773438,-30.41876983642578,-47.03692626953125
4.458086967468262,-28.420045852661133,-47.800689697265625
1.0676298141479492,-26.575908660888672,-48.07881164550781
-2.173386573791504,-24.7188720703125,-47.86175537109375
-5.371981620788574,-23.06974983215332,-46.80940246582031
-8.524815559387207,-21.620933532714844,-45.31111145019531
-11.371661186218262,-20.329118728637695,-43.308929443359375
-13.838238716125488,-18.958309173583984,-40.85731506347656
-15.971238136291504,-17.875335693359375,-38.0338134765625
-17.92150115966797,-16.673757553100586,-35.13865661621094
-19.468917846679688,-15.691837310791016,-32.1912841796875
-20.65511703491211,-14.983572006225586,-28.944747924804688
-21.375106811523438,-14.596071243286133,-25.528671264648438
-21.99126434326172,-14.529111862182617,-22.458770751953125
-22.179386138916016,-14.61269760131836,-19.5980224609375
-22.09322738647461,-14.769464492797852,-17.063995361328125
-21.756385803222656,-15.181514739990234,-14.610610961914062
-21.217418670654297,-15.581369400024414,-12.36456298828125
-20.441471099853516,-16.048818588256836,-10.20513916015625
-19.50177764892578,-16.63555908203125,-8.2166748046875
-18.545555114746094,-17.212589263916016,-6.43267822265625
-17.367530822753906,-17.6569766998291,-4.9395599365234375
-16.201797485351562,-18.28575325012207,-3.576507568359375
-15.095921516418457,-19.088830947875977,-2.674713134765625
-13.783217430114746,-19.83212661743164,-1.9932861328125
-12.452998161315918,-20.767744064331055,-1.4808197021484375
-11.040823936462402,-21.578880310058594,-1.23162841796875
-9.52588939666748,-22.384267807006836,-1.1215667724609375
-8.160445213317871,-23.27077293395996,-1.1723785400390625
-6.931395530700684,-24.05335807800293,-1.4231719970703125
-5.795271873474121,-24.701059341430664,-1.6944122314453125
-4.640143394470215,-25.395233154296875,-1.957305908203125
-3.7010488510131836,-25.9091796875,-2.3016510009765625
-2.7282180786132812,-26.42970848083496,-2.7899169921875
-2.0191774368286133,-26.892248153686523,-3.18682861328125
-1.2672662734985352,-27.29436683654785,-3.4478302001953125
-0.6174554824829102,-27.67695426940918,-3.65350341796875
-0.050769805908203125,-28.04962730407715,-3.8759613037109375
0.5290555953979492,-28.263259887695312,-4.037567138671875
1.0941181182861328,-28.527862548828125,-4.2591552734375
1.5917854309082031,-28.77823257446289,-4.5956573486328125
2.0925188064575195,-28.917354583740234,-4.8811492919921875
2.4943418502807617,-29.06247329711914,-5.0914764404296875
2.742643356323242,-29.090295791625977,-5.0755157470703125
2.963876724243164,-29.23162841796875,-5.003082275390625
3.2367782592773438,-29.417495727539062,-5.0521697998046875
3.52475643157959,-29.512683868408203,-4.9326019287109375
3.7888402938842773,-29.583635330200195,-4.8069915771484375
3.9421377182006836,-29.53383445739746,-4.80999755859375
4.032149314880371,-29.52300262451172,-4.9620361328125
4.218745708465576,-29.681474685668945,-5.0126495361328125
4.422461032867432,-29.705162048339844,-5.119659423828125
4.613953590393066,-29.766231536865234,-5.099609375
4.71461820602417,-29.889301300048828,-5.21722412109375
4.933959484100342,-29.9373836517334,-5.2279510498046875
5.106081008911133,-29.970760345458984,-5.1487884521484375
5.2175188064575195,-29.94072151184082,-5.184478759765625
5.354607105255127,-29.911388397216797,-5.289276123046875
5.345659255981445,-29.935625076293945,-5.438995361328125
5.539611339569092,-29.95677947998047,-5.488189697265625
5.647557735443115,-29.937408447265625,-5.4341888427734375
5.813595294952393,-29.808666229248047,-5.383819580078125
5.796119213104248,-29.757341384887695,-5.2368621826171875
5.837527275085449,-29.72041130065918,-5.228607177734375
5.9060211181640625,-29.650955200195312,-5.2567901611328125
6.012722969055176,-29.678342819213867,-4.9646148681640625
6.0273284912109375,-29.80512237548828,-4.8452606201171875
6.109578609466553,-29.915149688720703,-4.5565185546875
6.062743186950684,-29.87647247314453,-4.3442840576171875
6.21661376953125,-29.70818519592285,-4.141021728515625
6.2038397789001465,-29.54761505126953,-4.3836517333984375
6.223095417022705,-29.56726837158203,-4.5103759765625
6.303797721862793,-29.54428482055664,-4.6236724853515625
6.41977071762085,-29.566158294677734,-4.6263275146484375
6.717490196228027,-29.565637588500977,-4.6631622314453125
6.7551655769348145,-29.604557037353516,-4.5837860107421875
6.789444923400879,-29.720918655395508,-4.6182861328125
6.878287315368652,-29.752792358398438,-4.606536865234375
7.051506519317627,-29.671817779541016,-4.6844024658203125
7.20304536819458,-29.697751998901367,-4.838043212890625
7.377799987792969,-29.762910842895508,-4.85980224609375
7.371526718139648,-29.83833885192871,-5.002349853515625
7.5255126953125,-29.865537643432617,-5.0321807861328125
7.573202610015869,-29.952932357788086,-5.0875091552734375
7.633506774902344,-29.93330192565918,-4.9471893310546875
7.8365478515625,-29.915205001831055,-4.95086669921875
7.986127853393555,-29.846860885620117,-4.9541778564453125
8.18258285522461,-29.849580764770508,-4.995025634765625
8.34991455078125,-29.732057571411133,-4.8456878662109375
8.44752311706543,-29.75803565979004,-4.54962158203125
8.322927474975586,-29.918603897094727,-4.341278076171875
8.278482437133789,-29.967391967773438,-4.5313262939453125
8.268310546875,-29.955373764038086,-4.5835113525390625
8.1591157913208,-29.955543518066406,-4.7331390380859375
8.181024551391602,-30.07062530517578,-4.7451629638671875
8.005169868469238,-30.08502960205078,-4.644500732421875
8.071538925170898,-30.070953369140625,-4.4983062744140625
8.12571907043457,-29.947887420654297,-4.53948974609375
8.253978729248047,-29.936689376831055,-4.58392333984375
8.255715370178223,-29.98284339904785,-4.704345703125
8.230698585510254,-29.99041175842285,-4.859893798828125
8.310164451599121,-30.01694107055664,-4.9678802490234375
8.256336212158203,-29.99098014831543,-5.0147552490234375
8.068870544433594,-30.037494659423828,-4.8828582763671875
8.022109985351562,-30.02984046936035,-4.8271026611328125
8.012425422668457,-29.89562225341797,-4.906402587890625
8.003032684326172,-29.92945671081543,-5.024505615234375
7.894550323486328,-30.00191879272461,-5.0440826416015625
7.904347896575928,-29.945606231689453,-5.2020416259765625
7.914559364318848,-30.003883361816406,-5.0916595458984375
7.9020304679870605,-29.983781814575195,-4.919342041015625
8.038124084472656,-29.986291885375977,-5.016815185546875
8.00421142578125,-29.983108520507812,-4.9922943115234375
7.970599174499512,-29.985881805419922,-5.112396240234375
7.907719135284424,-29.917343139648438,-5.111663818359375
8.035649299621582,-29.96683692932129,-5.159027099609375
8.148635864257812,-29.9498233795166,-5.1971282958984375
8.105384826660156,-29.77634048461914,-5.108978271484375
8.041519165039062,-29.765291213989258,-4.9461212158203125
8.014521598815918,-29.890790939331055,-4.951416015625
8.146224975585938,-29.959016799926758,-4.7422637939453125
8.004217147827148,-29.967300415039062,-4.85113525390625
8.009974479675293,-29.90964126586914,-5.0461883544921875
8.011089324951172,-29.892948150634766,-4.9673004150390625
7.988919734954834,-29.958953857421875,-4.8787384033203125
8.069326400756836,-29.876920700073242,-4.952056884765625
8.186077117919922,-29.9578857421875,-5.096832275390625
8.215234756469727,-30.055856704711914,-5.094390869140625
8.192892074584961,-29.9307861328125,-5.0526275634765625
8.181227684020996,-29.946460723876953,-5.0071258544921875
8.157265663146973,-29.94516944885254,-5.0455780029296875
8.095636367797852,-29.816102981567383,-4.8931732177734375
8.128462791442871,-29.772972106933594,-4.8896942138671875
8.176349639892578,-29.88542366027832,-5.0541534423828125
8.29682445526123,-29.824478149414062,-5.069580078125
8.28380298614502,-29.825580596923828,-5.075469970703125
8.234763145446777,-29.91118049621582,-5.0738983154296875
8.214845657348633,-29.957265853881836,-5.10601806640625
8.263614654541016,-29.9748477935791,-5.0708160400390625
8.307502746582031,-29.894968032836914,-5.071563720703125
8.173458099365234,-29.874855041503906,-5.0142059326171875
8.178316116333008,-29.93610954284668,-5.102294921875
8.299294471740723,-29.889631271362305,-5.1660614013671875
8.347731590270996,-30.00275421142578,-5.207427978515625
8.31552791595459,-30.06324577331543,-5.04168701171875
8.366575241088867,-30.090538024902344,-5.0351409912109375
8.336424827575684,-30.071636199951172,-5.0470733642578125
8.437189102172852,-30.0272216796875,-5.0410308837890625
8.495646476745605,-29.919469833374023,-5.050140380859375
8.496390342712402,-29.918920516967773,-4.8126220703125
8.378283500671387,-29.9034366607666,-4.8161163330078125
8.355595588684082,-29.866228103637695,-5.0015411376953125
8.339488983154297,-29.89478302001953,-5.01568603515625
8.334272384643555,-29.91799545288086,-4.916046142578125
8.29126262664795,-29.887434005737305,-4.8374786376953125
8.354822158813477,-29.88359260559082,-4.7599029541015625
8.364004135131836,-29.860668182373047,-4.8524627685546875
8.201011657714844,-29.876707077026367,-4.8568115234375
8.137287139892578,-29.858543395996094,-5.0000762939453125
8.27641773223877,-29.850547790527344,-4.907135009765625
8.423057556152344,-29.882373809814453,-4.6762847900390625
8.302778244018555,-29.925085067749023,-4.7279205322265625
8.253437042236328,-29.916566848754883,-4.6964111328125
8.337223052978516,-29.857553482055664,-4.5693206787109375
8.264954566955566,-29.74075698852539,-4.5513763427734375
8.162821769714355,-29.65961456298828,-4.535125732421875
8.146678924560547,-29.733991622924805,-4.5757293701171875
8.025359153747559,-29.720489501953125,-4.6966400146484375
7.991518020629883,-29.7112979888916,-4.8391571044921875
8.127593994140625,-29.767311096191406,-4.8095703125
8.138463973999023,-29.733564376831055,-4.7318267822265625
8.267637252807617,-29.909521102905273,-4.6987152099609375
8.445316314697266,-29.843059539794922,-4.7134552001953125
8.409518241882324,-29.818784713745117,-4.7718963623046875
8.435352325439453,-29.671737670898438,-4.6970672607421875
8.485746383666992,-29.770156860351562,-4.751251220703125
8.316274642944336,-29.634143829345703,-4.7322235107421875
8.29836654663086,-29.693557739257812,-4.656524658203125
8.278182983398438,-29.581974029541016,-4.5927276611328125
8.255159378051758,-29.569265365600586,-4.707763671875
8.330236434936523,-29.50301170349121,-4.685028076171875
8.336692810058594,-29.646072387695312,-4.803863525390625
8.26695442199707,-29.661998748779297,-4.8333282470703125
8.21342945098877,-29.636337280273438,-4.8823089599609375
8.174421310424805,-29.70347023010254,-5.0570526123046875
8.124829292297363,-29.73763084411621,-4.9649658203125
8.282794952392578,-29.719200134277344,-4.790435791015625
8.232882499694824,-29.883251190185547,-4.6984100341796875
8.124471664428711,-29.86862564086914,-4.7071533203125
8.151569366455078,-29.949935913085938,-4.6186065673828125
8.298318862915039,-29.850250244140625,-4.4915008544921875
8.32015323638916,-29.705078125,-4.54498291015625
8.157333374023438,-29.707916259765625,-4.6468048095703125
8.186039924621582,-29.750282287597656,-4.7245635986328125
8.188719749450684,-29.85468864440918,-4.7818450927734375
8.203629493713379,-29.896224975585938,-4.7346954345703125
8.185527801513672,-29.951263427734375,-4.746978759765625
8.233875274658203,-29.962299346923828,-4.9803619384765625
8.230268478393555,-29.88756561279297,-5.03240966796875
8.047784805297852,-29.933265686035156,-4.8888702392578125
8.092127799987793,-29.901592254638672,-4.8979034423828125
8.225337028503418,-29.876827239990234,-4.909698486328125
8.324673652648926,-29.842445373535156,-4.8273773193359375
8.290582656860352,-29.915773391723633,-4.75164794921875
8.34196662902832,-29.947668075561523,-4.77471923828125
8.222148895263672,-29.90876007080078,-4.60015869140625
8.100261688232422,-29.88113784790039,-4.533416748046875
8.021568298339844,-29.94614028930664,-4.426055908203125
7.983977317810059,-29.891437530517578,-4.3925933837890625
7.957886695861816,-29.9561767578125,-4.5406646728515625
8.057994842529297,-29.925907135009766,-4.545745849609375
8.105971336364746,-29.846960067749023,-4.656524658203125
8.058605194091797,-29.770488739013672,-4.8321685791015625
8.022878646850586,-29.773820877075195,-4.9063568115234375
7.930599689483643,-29.887575149536133,-4.7522735595703125
7.8461103439331055,-29.858505249023438,-4.7333221435546875
7.981240749359131,-29.880544662475586,-4.805389404296875
7.951082229614258,-29.774513244628906,-4.791107177734375
8.128114700317383,-29.789287567138672,-4.7158203125
8.291163444519043,-29.892478942871094,-4.7426300048828125
8.337798118591309,-29.85674476623535,-4.7464447021484375
8.274003982543945,-29.849632263183594,-4.719696044921875
8.176738739013672,-29.918212890625,-4.6176605224609375
8.145563125610352,-29.935230255126953,-4.5521697998046875
8.01488971710205,-29.902719497680664,-4.59539794921875
8.169001579284668,-29.927143096923828,-4.6580352783203125
8.192188262939453,-29.892459869384766,-4.6863861083984375
8.192188262939453,-29.892459869384766,-4.6863861083984375
8.249011993408203,-29.819494247436523,-4.7306060791015625
8.252368927001953,-29.873414993286133,-4.778839111328125
8.311649322509766,-29.876361846923828,-4.7176666259765625
8.290620803833008,-29.835445404052734,-4.7800445556640625
8.26559829711914,-29.69014549255371,-4.792510986328125
8.29557991027832,-29.683231353759766,-4.727386474609375
8.342733383178711,-29.705934524536133,-4.7086639404296875
8.276750564575195,-29.621082305908203,-4.6968841552734375
8.286779403686523,-29.595285415649414,-4.75146484375
8.312938690185547,-29.599491119384766,-4.8654327392578125
8.35781478881836,-29.706214904785156,-5.00213623046875
8.346113204956055,-29.755002975463867,-5.01959228515625
8.381044387817383,-29.637483596801758,-4.9687347412109375
8.470290184020996,-29.639720916748047,-4.639862060546875
8.492088317871094,-29.65152359008789,-4.6994476318359375
8.422523498535156,-29.632362365722656,-4.877349853515625
8.46159553527832,-29.637859344482422,-4.832794189453125
8.405156135559082,-29.62825584411621,-4.6643218994140625
8.379072189331055,-29.647048950195312,-4.63427734375
8.384093284606934,-29.623611450195312,-4.5965576171875
8.484562873840332,-29.615413665771484,-4.744476318359375
8.568675994873047,-29.665794372558594,-4.6729278564453125
8.544595718383789,-29.6216983795166,-4.4579315185546875
8.612080574035645,-29.625076293945312,-4.528900146484375
8.57567024230957,-29.607959747314453,-4.7237548828125
8.431674003601074,-29.638599395751953,-4.653411865234375
8.410853385925293,-29.63582420349121,-4.6854095458984375
8.449246406555176,-29.660642623901367,-4.831085205078125
8.45950698852539,-29.60938262939453,-4.8172454833984375
8.42630672454834,-29.66077995300293,-4.6926116943359375
8.427446365356445,-29.619125366210938,-4.573455810546875
8.459514617919922,-29.671478271484375,-4.7252349853515625
8.400558471679688,-29.698156356811523,-4.725311279296875
8.387784957885742,-29.691646575927734,-4.7503662109375
8.373757362365723,-29.61114501953125,-4.5794830322265625
8.377613067626953,-29.64545440673828,-4.5738067626953125
8.329719543457031,-29.636486053466797,-4.519775390625
8.276561737060547,-29.658145904541016,-4.561187744140625
8.29161548614502,-29.769989013671875,-4.7125091552734375
8.269712448120117,-29.664703369140625,-4.7619171142578125
8.429096221923828,-29.793533325195312,-4.848907470703125
8.494489669799805,-29.898305892944336,-4.9225921630859375
8.372273445129395,-29.88300895690918,-4.7523345947265625
8.319019317626953,-29.927143096923828,-4.7042388916015625
8.312126159667969,-29.90691375732422,-4.7281494140625
8.279315948486328,-29.906766891479492,-4.71551513671875
8.331315040588379,-29.899389266967773,-4.6060333251953125
8.281743049621582,-29.766494750976562,-4.635589599609375
8.246140480041504,-29.72002410888672,-4.5838775634765625
8.260514259338379,-29.697553634643555,-4.743072509765625
8.351288795471191,-29.62013816833496,-4.7273101806640625
8.374275207519531,-29.669713973999023,-4.578857421875
8.38541316986084,-29.640270233154297,-4.5912322998046875
8.284225463867188,-29.592002868652344,-4.58251953125
8.366410255432129,-29.619625091552734,-4.6165618896484375
8.458440780639648,-29.621614456176758,-4.5656890869140625
8.40939998626709,-29.697097778320312,-4.61553955078125
8.469703674316406,-29.869897842407227,-4.7427825927734375
8.478713035583496,-29.869651794433594,-4.5917510986328125
8.463058471679688,-29.90489387512207,-4.586944580078125
8.393871307373047,-29.87472152709961,-4.5690460205078125
8.36282730102539,-29.825284957885742,-4.6626434326171875
8.228413581848145,-29.82431411743164,-4.70721435546875
8.274091720581055,-29.835521697998047,-4.69647216796875
8.325974464416504,-29.7829647064209,-4.6200103759765625
8.430383682250977,-29.811080932617188,-4.6372528076171875
8.475905418395996,-29.786170959472656,-4.5500030517578125
8.443571090698242,-29.743549346923828,-4.4356842041015625
8.376982688903809,-29.83365821838379,-4.410919189453125
8.274730682373047,-29.875045776367188,-4.43157958984375
8.283945083618164,-29.9349308013916,-4.421142578125
8.256122589111328,-29.886850357055664,-4.5396270751953125
8.285001754760742,-29.92169761657715,-4.6016998291015625
8.281540870666504,-29.81140899658203,-4.709442138671875
8.361465454101562,-29.709972381591797,-4.914581298828125
8.476922035217285,-29.76816749572754,-5.0106353759765625
8.487305641174316,-29.730337142944336,-4.9446868896484375
8.46398639678955,-29.559389114379883,-4.8486175537109375
8.502323150634766,-29.509502410888672,-4.8223724365234375
8.408888816833496,-29.52884864807129,-4.78631591796875
8.295764923095703,-29.55020523071289,-4.7467498779296875
8.420169830322266,-29.48198890686035,-4.65069580078125
8.491456985473633,-29.45248794555664,-4.564208984375
8.54604434967041,-29.391006469726562,-4.5571746826171875
8.413625717163086,-29.468257904052734,-4.4635009765625
8.381155014038086,-29.545961380004883,-4.4152679443359375
8.32890510559082,-29.471010208129883,-4.4111480712890625
8.300399780273438,-29.52383041381836,-4.5208282470703125
8.294339179992676,-29.545982360839844,-4.5197601318359375
8.269745826721191,-29.484683990478516,-4.6150360107421875
8.249755859375,-29.48259735107422,-4.691497802734375
8.350061416625977,-29.626998901367188,-4.7750244140625
8.269579887390137,-29.690059661865234,-4.7642669677734375
8.343008041381836,-29.59940528869629,-4.7583770751953125
8.363306045532227,-29.56552505493164,-4.696746826171875
8.381013870239258,-29.650121688842773,-4.68121337890625
8.396380424499512,-29.656579971313477,-4.9030303955078125
8.319068908691406,-29.597789764404297,-5.049224853515625
8.388574600219727,-29.534141540527344,-5.0067138671875
8.566070556640625,-29.601543426513672,-5.0816497802734375
8.525897979736328,-29.58971405029297,-5.024017333984375
8.506790161132812,-29.677658081054688,-5.059783935546875
8.491647720336914,-29.54566192626953,-5.044464111328125
8.488779067993164,-29.639434814453125,-5.174957275390625
8.45152473449707,-29.636226654052734,-5.1650390625
8.483789443969727,-29.622037887573242,-5.1830902099609375
8.454154968261719,-29.59476089477539,-5.1240997314453125
8.407438278198242,-29.61288833618164,-5.0941314697265625
8.437445640563965,-29.523210525512695,-4.8907623291015625
8.338987350463867,-29.617807388305664,-4.827911376953125
8.308530807495117,-29.642635345458984,-4.7687835693359375
8.28248405456543,-29.674053192138672,-4.8824920654296875
8.319085121154785,-29.627979278564453,-4.9310302734375
8.357184410095215,-29.756742477416992,-4.8856048583984375
8.342954635620117,-29.814903259277344,-4.7402191162109375
8.46866226196289,-29.83868408203125,-4.8907470703125
8.437121391296387,-29.844295501708984,-4.968841552734375
8.446133613586426,-29.940696716308594,-5.0142059326171875
8.402381896972656,-29.837491989135742,-4.79583740234375
8.399994850158691,-29.901264190673828,-4.6525421142578125
8.570466995239258,-29.865903854370117,-4.5507659912109375
8.630141258239746,-29.934959411621094,-4.7921905517578125
8.636165618896484,-30.04743194580078,-4.8119659423828125
8.599172592163086,-29.99095916748047,-5.008270263671875
8.604984283447266,-29.963390350341797,-4.897369384765625
8.503242492675781,-29.876380920410156,-4.90667724609375
8.35875129699707,-29.97588539123535,-4.895172119140625
8.249227523803711,-30.070388793945312,-4.933074951171875
8.243239402770996,-29.976490020751953,-4.911651611328125
8.281280517578125,-29.89533805847168,-4.7967987060546875
8.357471466064453,-29.924419403076172,-4.4763031005859375
8.375489234924316,-29.94645118713379,-4.5420989990234375
8.464615821838379,-29.858320236206055,-4.588104248046875
8.46824836730957,-29.888755798339844,-4.699066162109375
8.468921661376953,-29.80021095275879,-4.6775665283203125
8.417251586914062,-29.765174865722656,-4.7417449951171875
8.301769256591797,-29.71503257751465,-4.690582275390625
8.336624145507812,-29.696208953857422,-4.6739349365234375
8.42300033569336,-29.662622451782227,-4.6696624755859375
8.582505226135254,-29.668346405029297,-4.5872955322265625
8.551250457763672,-29.69321632385254,-4.5207672119140625
8.526406288146973,-29.629535675048828,-4.4196624755859375
8.658132553100586,-29.6585693359375,-4.5415191650390625
8.61463737487793,-29.59489631652832,-4.6672515869140625
8.531827926635742,-29.62763214111328,-4.71490478515625
8.595816612243652,-29.689836502075195,-4.721832275390625
8.45766830444336,-29.78190040588379,-4.6629180908203125
8.41146183013916,-29.66002655029297,-4.5222930908203125
8.425665855407715,-29.66979217529297,-4.6077117919921875
8.396764755249023,-29.5210018157959,-4.7408905029296875
8.469634056091309,-29.66182518005371,-4.695892333984375
8.30945110321045,-29.551864624023438,-4.693878173828125
8.277997970581055,-29.482776641845703,-4.6944732666015625
8.250597953796387,-29.474456787109375,-4.704498291015625
8.314517974853516,-29.570003509521484,-4.7166595458984375
8.403947830200195,-29.639225006103516,-4.7412261962890625
8.401390075683594,-29.619518280029297,-4.8294830322265625
8.48747730255127,-29.552682876586914,-4.9041290283203125
8.424758911132812,-29.493816375732422,-4.874359130859375
8.403034210205078,-29.57685661315918,-4.873748779296875
8.444422721862793,-29.669174194335938,-4.86383056640625
8.414536476135254,-29.570898056030273,-4.7318878173828125
8.46486759185791,-29.558504104614258,-4.702850341796875
8.40418815612793,-29.47463607788086,-4.751922607421875
8.31458854675293,-29.474552154541016,-4.711212158203125
8.409611701965332,-29.487648010253906,-4.7692108154296875
8.392293930053711,-29.5617733001709,-5.0161590576171875
8.405998229980469,-29.60712432861328,-4.9959259033203125
8.473102569580078,-29.62446403503418,-4.988616943359375
8.416257858276367,-29.597885131835938,-4.94244384765625
8.468643188476562,-29.723636627197266,-4.9415130615234375
8.332125663757324,-29.793725967407227,-4.991668701171875
8.268961906433105,-29.676950454711914,-4.9990997314453125
8.24453353881836,-29.680076599121094,-4.9342041015625
8.375340461730957,-29.830514907836914,-4.946075439453125
8.325023651123047,-29.933435440063477,-5.06927490234375
8.37289047241211,-29.818592071533203,-5.194183349609375
8.380979537963867,-29.76030921936035,-5.1702728271484375
8.392232894897461,-29.70085334777832,-5.0801239013671875
8.418130874633789,-29.64749526977539,-4.91162109375
8.356916427612305,-29.64742660522461,-5.0357208251953125
8.318927764892578,-29.657329559326172,-5.0551910400390625
8.310714721679688,-29.65254020690918,-5.053466796875
8.274286270141602,-29.62799072265625,-4.9678192138671875
8.329501152038574,-29.679460525512695,-4.8936920166015625
8.335326194763184,-29.690462112426758,-4.85797119140625
8.293341636657715,-29.60605812072754,-4.8052215576171875
8.314981460571289,-29.59162139892578,-4.77386474609375
8.250709533691406,-29.656925201416016,-4.7605438232421875
8.282522201538086,-29.7462158203125,-4.878509521484375
8.265301704406738,-29.854185104370117,-4.84381103515625
8.288978576660156,-29.8802433013916,-4.7653350830078125
8.344369888305664,-29.891490936279297,-4.7818450927734375
8.262250900268555,-29.827503204345703,-4.7949066162109375
8.239643096923828,-29.72633171081543,-4.7417449951171875
8.274547576904297,-29.63475799560547,-4.59649658203125
8.32132339477539,-29.646814346313477,-4.6862030029296875
8.260549545288086,-29.560800552368164,-4.9061431884765625
8.403696060180664,-29.50901985168457,-4.8724822998046875
8.451062202453613,-29.612140655517578,-4.8873443603515625
8.441740036010742,-29.646949768066406,-4.8856964111328125
8.463123321533203,-29.623004913330078,-4.7373199462890625
8.370965957641602,-29.66408920288086,-4.7477874755859375
8.337423324584961,-29.642532348632812,-4.6979217529296875
8.26042652130127,-29.600189208984375,-4.6890411376953125
8.154536247253418,-29.611454010009766,-4.8483123779296875
8.18073558807373,-29.74201774597168,-4.8641357421875
8.167637825012207,-29.705209732055664,-4.8139495849609375
8.28657341003418,-29.63620376586914,-4.632080078125
8.278298377990723,-29.69033432006836,-4.5457305908203125
8.252102851867676,-29.624797821044922,-4.6529541015625
8.313679695129395,-29.705305099487305,-4.7175445556640625
8.261954307556152,-29.783912658691406,-4.8162841796875
8.301517486572266,-29.786897659301758,-4.940765380859375
8.269649505615234,-29.774276733398438,-5.035400390625
8.179920196533203,-29.81378173828125,-4.9105377197265625
8.22014045715332,-29.88869857788086,-4.90618896484375
8.180184364318848,-29.876813888549805,-4.8547821044921875
8.179739952087402,-29.927846908569336,-4.931976318359375
8.12623405456543,-29.884910583496094,-5.032562255859375
8.082481384277344,-29.939550399780273,-5.1943206787109375
7.853216171264648,-29.714731216430664,-5.264801025390625
7.753656387329102,-29.627037048339844,-5.078460693359375
7.758013725280762,-29.692123413085938,-5.028778076171875
7.626450061798096,-29.79684066772461,-4.7971038818359375
7.543442249298096,-29.832538604736328,-4.77056884765625
7.552183628082275,-29.98494529724121,-4.6458740234375
7.665566921234131,-30.039466857910156,-4.5944061279296875
7.716165065765381,-29.900348663330078,-4.6523895263671875
7.650529384613037,-29.95919418334961,-4.838653564453125
7.66628885269165,-29.921405792236328,-4.9249725341796875
7.6421308517456055,-29.88092613220215,-4.9926605224609375
7.495038986206055,-29.92838478088379,-5.303192138671875
7.397351264953613,-29.90349006652832,-5.4385223388671875
7.1907877922058105,-29.957687377929688,-5.667877197265625
7.086369037628174,-29.927001953125,-5.6612091064453125
6.985663890838623,-29.615283966064453,-5.7700958251953125
6.93621826171875,-29.329587936401367,-5.925628662109375
6.8928141593933105,-28.871379852294922,-5.97991943359375
6.99213171005249,-28.504255294799805,-6.1226348876953125
6.993806838989258,-27.904258728027344,-5.971282958984375
7.016159534454346,-27.37476348876953,-5.87188720703125
6.800621032714844,-27.03554344177246,-5.8154449462890625
6.601593017578125,-26.564273834228516,-5.8457183837890625
6.581582069396973,-25.888505935668945,-6.073333740234375
6.4532999992370605,-25.371326446533203,-6.492950439453125
6.352800369262695,-24.6726016998291,-6.8585968017578125
6.404789924621582,-24.215499877929688,-7.361663818359375
6.491708278656006,-23.94489288330078,-7.770599365234375
6.683406352996826,-23.580860137939453,-8.410400390625
7.119555950164795,-23.38715362548828,-8.8685302734375
7.905819416046143,-23.493972778320312,-9.266708374023438
8.808212280273438,-23.53891372680664,-9.456710815429688
9.970959663391113,-23.877962112426758,-9.378829956054688
10.99318790435791,-24.30511474609375,-9.139007568359375
12.118378639221191,-25.04031753540039,-8.34765625
13.134665489196777,-25.74463653564453,-7.036651611328125
14.083880424499512,-26.483566284179688,-5.7045135498046875
14.963050842285156,-27.23853874206543,-4.029327392578125
15.62105941772461,-27.814075469970703,-2.1692047119140625
16.27263641357422,-28.32375144958496,-0.083282470703125
16.647735595703125,-28.855104446411133,1.7998504638671875
16.972537994384766,-29.078487396240234,3.86639404296875
17.09654998779297,-29.349435806274414,5.953857421875
17.275859832763672,-29.57762908935547,7.731292724609375
17.172945022583008,-29.626461029052734,9.478775024414062
17.066194534301758,-29.470813751220703,11.21875
16.901283264160156,-29.277347564697266,12.861312866210938
16.7270565032959,-29.01532745361328,14.581329345703125
16.348854064941406,-28.76515007019043,16.14739990234375
15.885736465454102,-28.29452896118164,17.681533813476562
15.564502716064453,-27.911090850830078,19.13861083984375
15.098941802978516,-27.527259826660156,20.466827392578125
14.739461898803711,-27.054231643676758,21.759368896484375
14.537018775939941,-26.527652740478516,22.928680419921875
14.35064697265625,-25.889686584472656,23.955673217773438
14.220995903015137,-25.27812385559082,24.725265502929688
14.037864685058594,-24.775638580322266,25.386276245117188
14.006571769714355,-24.364212036132812,25.950180053710938
13.832910537719727,-23.99264144897461,26.25714111328125
13.783692359924316,-23.711055755615234,26.437042236328125
13.775371551513672,-23.73611068725586,26.548828125
13.800763130187988,-23.842315673828125,26.615234375
13.834395408630371,-23.89590072631836,26.63671875
13.653788566589355,-23.882183074951172,26.7491455078125
13.471514701843262,-23.797565460205078,26.807464599609375
13.290228843688965,-23.871410369873047,26.9490966796875
12.876964569091797,-23.867778778076172,27.157882690429688
12.572484970092773,-23.84234619140625,27.457199096679688
12.319053649902344,-23.83034896850586,27.634613037109375
11.851208686828613,-24.039260864257812,27.704498291015625
11.32502555847168,-24.180404663085938,27.729171752929688
10.903088569641113,-24.167545318603516,27.707290649414062
10.581110954284668,-24.36627960205078,27.8470458984375
10.296707153320312,-24.622385025024414,27.949691772460938
10.286062240600586,-24.788597106933594,28.010589599609375
10.401361465454102,-24.989030838012695,28.015060424804688
10.369696617126465,-24.970462799072266,27.988815307617188
10.477736473083496,-24.919580459594727,28.037063598632812
10.622437477111816,-24.908166885375977,28.252456665039062
10.728745460510254,-24.780759811401367,28.354522705078125
10.869940757751465,-24.61888885498047,28.3787841796875
11.19607162475586,-24.4908390045166,28.379302978515625
11.466068267822266,-24.430904388427734,28.359527587890625
11.692450523376465,-24.402372360229492,28.328201293945312
11.902860641479492,-24.22327423095703,28.358993530273438
12.137073516845703,-24.200008392333984,28.2767333984375
12.433023452758789,-24.178178787231445,28.318283081054688
12.68110179901123,-24.37368392944336,28.487075805664062
12.750998497009277,-24.62538719177246,28.41656494140625
12.661032676696777,-24.881046295166016,28.153457641601562
12.592615127563477,-25.276321411132812,27.873443603515625
12.527983665466309,-25.611236572265625,27.546371459960938
12.300405502319336,-26.190580368041992,27.25811767578125
12.112010955810547,-26.81456184387207,27.012802124023438
12.17630672454834,-27.484397888183594,26.408096313476562
11.997757911682129,-28.201539993286133,25.847976684570312
11.849603652954102,-28.933345794677734,24.986297607421875
11.629812240600586,-29.718307495117188,24.208480834960938
11.256795883178711,-30.54505157470703,23.530517578125
10.903428077697754,-31.301633834838867,22.871627807617188
10.447617530822754,-32.17276382446289,22.234588623046875
10.152719497680664,-33.06659698486328,21.360809326171875
9.72787094116211,-33.877845764160156,20.487274169921875
9.121378898620605,-34.75492858886719,19.53936767578125
8.538597106933594,-35.62287139892578,18.775146484375
7.749985694885254,-36.65192794799805,17.891998291015625
7.1328253746032715,-37.44165802001953,16.815902709960938
6.492034435272217,-38.38924789428711,15.783203125
5.732661724090576,-39.239410400390625,14.727020263671875
5.052356243133545,-39.98930740356445,13.480606079101562
4.495418071746826,-40.80803680419922,12.3038330078125
4.008129119873047,-41.6781120300293,10.915496826171875
3.642040252685547,-42.562068939208984,9.580703735351562
3.2384767532348633,-43.231998443603516,8.005661010742188
3.0239992141723633,-43.96464538574219,6.338714599609375
3.182051658630371,-44.73711395263672,4.7731475830078125
3.436065673828125,-45.48181915283203,3.3002471923828125
3.7968482971191406,-46.12370681762695,2.002471923828125
4.308585166931152,-46.669166564941406,0.826141357421875
4.991646766662598,-47.32099914550781,-0.290863037109375
5.904040813446045,-47.889339447021484,-1.3652801513671875
6.920904636383057,-48.56153869628906,-2.4719696044921875
8.132246017456055,-48.94409942626953,-3.44586181640625
9.45815658569336,-49.30684280395508,-4.3889007568359375
10.807875633239746,-49.58372497558594,-4.9397735595703125
12.406620025634766,-49.83082962036133,-5.27337646484375
13.934897422790527,-49.98558044433594,-5.257476806640625
15.801460266113281,-50.018829345703125,-4.880584716796875
17.49472999572754,-49.81451416015625,-4.312652587890625
19.061187744140625,-49.592124938964844,-3.5156402587890625
20.68587875366211,-48.908668518066406,-2.57305908203125
22.442808151245117,-48.04149627685547,-1.1066741943359375
23.875980377197266,-46.97856903076172,0.463226318359375
25.11825942993164,-45.78886413574219,2.30889892578125
26.157466888427734,-44.13109588623047,4.174774169921875
27.12579345703125,-42.37572479248047,6.21136474609375
27.848691940307617,-40.432037353515625,8.518768310546875
28.195556640625,-38.117401123046875,11.092727661132812
28.3037109375,-35.694740295410156,13.40252685546875
28.075542449951172,-33.00264358520508,15.720718383789062
27.53015899658203,-30.178783416748047,18.232879638671875
26.76102066040039,-27.146989822387695,20.532470703125
25.78955841064453,-23.81147575378418,22.714767456054688
24.58877944946289,-20.122297286987305,24.915802001953125
23.21874237060547,-16.276901245117188,27.408340454101562
21.57874870300293,-12.231979370117188,29.7513427734375
19.763887405395508,-7.924922943115234,32.015838623046875
17.661725997924805,-3.4061641693115234,33.947235107421875
15.559032440185547,1.1741142272949219,35.80897521972656
13.244068145751953,5.770534515380859,37.24708557128906
10.789461135864258,10.492042541503906,38.42753601074219
8.356948852539062,15.245590209960938,39.447357177734375
5.7697038650512695,20.204025268554688,40.187530517578125
3.332430839538574,25.238296508789062,40.6973876953125
0.7182645797729492,30.26958465576172,40.72096252441406
-1.8482637405395508,35.43407440185547,40.60693359375
-4.706171989440918,40.72868347167969,40.214569091796875
-7.584048271179199,46.044151306152344,39.81575012207031
-10.39002513885498,51.50373840332031,39.055999755859375
-13.331650733947754,56.80451965332031,37.85682678222656
-16.205623626708984,62.1280517578125,36.20368957519531
-19.101490020751953,67.4672622680664,34.38783264160156
-21.870101928710938,72.87399291992188,32.19020080566406
-24.606109619140625,78.56648254394531,29.819961547851562
-27.413280487060547,84.51350402832031,27.438766479492188
-30.52379608154297,91.04146575927734,24.837799072265625
-33.758060455322266,98.07582092285156,22.037841796875
-37.3388786315918,105.50689697265625,18.78936767578125
-41.212947845458984,113.22787475585938,14.95660400390625
-45.28667068481445,121.13072204589844,10.587539672851562
-49.33894729614258,128.92633056640625,5.505218505859375
-53.47258377075195,136.734619140625,-0.2385101318359375
-57.733463287353516,144.46620178222656,-7.0469818115234375
-61.98894119262695,152.41317749023438,-15.018020629882812
-66.53717041015625,160.55990600585938,-24.225967407226562
-71.1289291381836,168.86524963378906,-35.17460632324219
-75.88510131835938,177.29345703125,-48.374664306640625
-81.10369873046875,185.70664978027344,-64.23008728027344
-86.30349731445312,192.79779052734375,-83.71853637695312
-90.2333755493164,196.97877502441406,-110.5152587890625
-92.26068878173828,200.19808959960938,-138.45794677734375
-92.82626342773438,202.86468505859375,-154.44979858398438
-92.8623275756836,203.916748046875,-159.61605834960938
-92.83343505859375,204.06394958496094,-161.1063232421875
-92.80748748779297,203.9658660888672,-161.53237915039062
-92.79969787597656,203.9034423828125,-161.67355346679688
-92.7853012084961,203.92379760742188,-161.65005493164062
-92.7988510131836,203.82699584960938,-161.69808959960938
-92.94685363769531,203.89193725585938,-161.9373779296875
-92.96464538574219,203.87110900878906,-161.95306396484375
-93.09957885742188,203.76937866210938,-162.0594482421875
-93.27815246582031,203.77235412597656,-162.04031372070312
-93.56563568115234,203.61134338378906,-162.03790283203125
-93.62078857421875,203.6525115966797,-161.95181274414062
-93.65006256103516,203.77940368652344,-161.9461669921875
-93.5834732055664,203.80540466308594,-161.995849609375
-93.47252655029297,203.7823486328125,-161.94189453125
-93.3696060180664,203.7559356689453,-161.998291015625
-93.2556381225586,203.71194458007812,-161.93051147460938
-93.2556381225586,203.71194458007812,-161.93051147460938
-93.24065399169922,203.76861572265625,-162.01861572265625
-93.29695129394531,203.81031799316406,-161.98843383789062
-93.31448364257812,203.7696533203125,-162.0963134765625
-93.18113708496094,203.71603393554688,-162.27157592773438
-93.08834075927734,203.87258911132812,-162.15786743164062
-92.97024536132812,203.87110900878906,-162.02410888671875
-92.9688720703125,203.9251708984375,-161.829833984375
-92.9850845336914,203.84173583984375,-161.730224609375
-92.9352035522461,203.83132934570312,-161.68850708007812
-92.89350128173828,203.8998565673828,-161.67440795898438
-92.65275573730469,204.07553100585938,-161.55825805664062
-92.49078369140625,204.22206115722656,-161.45260620117188
-92.36260986328125,204.2458953857422,-161.28244018554688
-92.40190887451172,204.23489379882812,-161.26998901367188
-92.42835235595703,204.2962646484375,-161.18768310546875
-92.44792938232422,204.31503295898438,-161.1131591796875
-92.46279907226562,204.35665893554688,-161.09332275390625
-92.53218841552734,204.36036682128906,-160.9912109375
-92.50837707519531,204.41619873046875,-160.95144653320312
-92.41593170166016,204.45407104492188,-161.04998779296875
-92.34878540039062,204.3704376220703,-161.020751953125
-92.36904907226562,204.4180450439453,-161.06353759765625
-92.49797821044922,204.358154296875,-161.181884765625
-92.75789642333984,204.21713256835938,-161.2701416015625
-92.9302749633789,204.17906188964844,-161.49606323242188
-93.15003967285156,204.17372131347656,-161.55978393554688
-93.3758773803711,204.1385040283203,-161.65560913085938
-93.53218078613281,204.1434326171875,-161.639404296875
-93.42080688476562,203.9954071044922,-161.70480346679688
-93.20211791992188,204.0840301513672,-161.64498901367188
-92.7947998046875,204.1864471435547,-161.68634033203125
-92.50323486328125,204.25709533691406,-161.5089111328125
-92.3193359375,204.23492431640625,-161.32296752929688
-92.23698425292969,204.34007263183594,-161.10552978515625
-92.2589340209961,204.5172119140625,-161.10614013671875
-92.42454528808594,204.48252868652344,-161.19818115234375
-92.54273986816406,204.33677673339844,-161.2042236328125
-92.58392333984375,204.32933044433594,-161.13760375976562
-92.63893127441406,204.5225372314453,-161.06646728515625
-92.72001647949219,204.5325164794922,-161.20980834960938
-92.83930969238281,204.38194274902344,-161.197509765625
-92.89723205566406,204.2443084716797,-161.28497314453125
-92.8337631225586,204.30575561523438,-161.3681640625
-92.91407012939453,204.2454833984375,-161.30926513671875
-93.00598907470703,204.2273712158203,-161.60653686523438
-93.03810119628906,204.12548828125,-161.76223754882812
-93.03933715820312,204.0943603515625,-161.82345581054688
-93.13849639892578,204.11309814453125,-161.97195434570312
-93.2099380493164,204.14242553710938,-162.03707885742188
-93.3009262084961,204.1529998779297,-162.03262329101562
-93.14053344726562,204.2582244873047,-162.052490234375
-93.27666473388672,204.12393188476562,-162.02944946289062
-93.38581085205078,204.10458374023438,-161.9833984375
-93.29219818115234,204.0834503173828,-161.91522216796875
-93.26728057861328,204.12661743164062,-161.90481567382812
-93.31592559814453,203.97569274902344,-161.72317504882812
-93.29393768310547,204.09100341796875,-161.56198120117188
-93.30217742919922,204.14614868164062,-161.6832275390625
-93.2157974243164,204.18429565429688,-161.8201904296875
-93.15914916992188,204.07847595214844,-161.79061889648438
-92.999755859375,204.0519561767578,-161.70864868164062
-92.95307159423828,203.99130249023438,-161.69863891601562
-92.94804382324219,204.0283966064453,-161.69854736328125
-92.9553451538086,204.11740112304688,-161.72137451171875
-92.86773681640625,204.07606506347656,-161.63320922851562
-92.87576293945312,203.9823455810547,-161.52932739257812
-92.83470916748047,203.99249267578125,-161.6400146484375
-92.84273529052734,203.87640380859375,-161.53466796875
-92.82906341552734,203.8966522216797,-161.640869140625
-92.75100708007812,203.91941833496094,-161.51010131835938
-92.71560668945312,203.83596801757812,-161.40328979492188
-92.73857116699219,203.88665771484375,-161.42120361328125
-92.66647338867188,203.87918090820312,-161.63668823242188
-92.71153259277344,203.8607177734375,-161.65774536132812
-92.6589584350586,203.88563537597656,-161.71044921875
-92.7641830444336,203.8523712158203,-161.7435302734375
-92.86519622802734,203.8227996826172,-161.88211059570312
-93.00335693359375,203.8839569091797,-162.03509521484375
-93.10466766357422,203.91925048828125,-162.091064453125
-92.9719009399414,203.97378540039062,-162.12460327148438
-93.12464141845703,203.98727416992188,-161.9793701171875
-93.26057434082031,203.99317932128906,-162.02139282226562
-93.35305786132812,203.95518493652344,-161.96817016601562
-93.39950561523438,203.93357849121094,-162.08255004882812
-93.44539642333984,203.89651489257812,-162.13333129882812
-93.34081268310547,203.88986206054688,-162.25726318359375
-93.3699951171875,203.81895446777344,-162.41607666015625
-93.40428161621094,203.63023376464844,-162.23690795898438
-93.40701293945312,203.84576416015625,-162.13467407226562
-93.44026184082031,203.73350524902344,-161.97268676757812
-93.3895492553711,203.6995849609375,-162.08358764648438
-93.36512756347656,203.69195556640625,-162.07254028320312
-93.38468933105469,203.85501098632812,-161.98809814453125
-93.40391540527344,203.89505004882812,-161.9560546875
-93.32548522949219,203.85646057128906,-161.91275024414062
-93.4171371459961,203.8091583251953,-161.84576416015625
-93.45941925048828,203.83383178710938,-161.66659545898438
-93.41858673095703,203.8157501220703,-161.6943359375
-93.55333709716797,203.9810028076172,-161.74600219726562
-93.69026947021484,204.01548767089844,-161.66683959960938
-93.60575103759766,203.8787384033203,-161.76651000976562
-93.47911834716797,203.89483642578125,-161.94375610351562
-93.529052734375,203.82443237304688,-162.05120849609375
-93.6020278930664,203.77125549316406,-162.10345458984375
-93.7527847290039,203.6406707763672,-162.09115600585938
-93.8566665649414,203.65330505371094,-162.07290649414062
-93.7519302368164,203.67147827148438,-162.04464721679688
-93.7924575805664,203.61492919921875,-162.20040893554688
-93.88595581054688,203.54794311523438,-162.30355834960938
-93.92807006835938,203.50875854492188,-162.19097900390625
-94.06391143798828,203.4907989501953,-162.28067016601562
-94.16858673095703,203.53887939453125,-162.22866821289062
-94.00578308105469,203.54913330078125,-162.18923950195312
-93.79444885253906,203.7179412841797,-162.12155151367188
-93.70742797851562,203.66314697265625,-162.16058349609375
-93.75706481933594,203.6610107421875,-162.1119384765625
-93.74649810791016,203.61148071289062,-162.15097045898438
-93.83255767822266,203.6090087890625,-161.94277954101562
-93.7685317993164,203.56446838378906,-161.86776733398438
-93.74393463134766,203.5579071044922,-161.95584106445312
-93.77068328857422,203.66651916503906,-161.922119140625
-93.80364227294922,203.85406494140625,-162.0806884765625
-93.86396026611328,203.840087890625,-162.33016967773438
-93.92463684082031,203.71644592285156,-162.42901611328125
-93.98362731933594,203.67892456054688,-162.30239868164062
-93.95073699951172,203.7562713623047,-162.2073974609375
-93.95209503173828,203.72738647460938,-162.06521606445312
-93.892578125,203.5956573486328,-162.00637817382812
-93.89244842529297,203.4931182861328,-162.09619140625
-94.0165023803711,203.4397430419922,-162.14651489257812
-93.96955871582031,203.5389862060547,-162.08834838867188
-93.96160888671875,203.53823852539062,-162.09146118164062
-94.0262680053711,203.59632873535156,-162.08474731445312
-94.01502227783203,203.5917510986328,-162.16647338867188
-93.91502380371094,203.56251525878906,-162.003662109375
-93.88577270507812,203.5657501220703,-161.98629760742188
-94.01427459716797,203.53594970703125,-161.99337768554688
-93.97073364257812,203.53221130371094,-162.13107299804688
-94.0340805053711,203.54415893554688,-162.16485595703125
-93.88443756103516,203.67015075683594,-162.09255981445312
-93.8169937133789,203.70436096191406,-162.26144409179688
-93.89836883544922,203.64039611816406,-162.129150390625
-93.9020767211914,203.62857055664062,-162.31497192382812
-93.95682525634766,203.573974609375,-162.41229248046875
-94.1232681274414,203.63107299804688,-162.34774780273438
-94.11717987060547,203.83592224121094,-162.30557250976562
-94.22296905517578,203.84112548828125,-162.22756958007812
-94.28663635253906,203.80209350585938,-162.22915649414062
-94.24560546875,203.7357635498047,-162.4097900390625
-94.18450927734375,203.7414093017578,-162.39984130859375
-94.19900512695312,203.7333221435547,-162.28643798828125
-94.12225341796875,203.78240966796875,-162.3353271484375
-94.17471313476562,203.7568817138672,-162.3759765625
-94.19974517822266,203.64479064941406,-162.26531982421875
-94.29391479492188,203.67311096191406,-162.35409545898438
-94.28132629394531,203.7832489013672,-162.390869140625
-94.23815155029297,203.8385772705078,-162.46841430664062
-94.23971557617188,203.84994506835938,-162.5650634765625
-94.22162628173828,203.86155700683594,-162.5384521484375
-94.27632141113281,203.884521484375,-162.3253173828125
-94.32864379882812,203.96180725097656,-162.27154541015625
-94.16175079345703,204.00469970703125,-162.173095703125
-94.14838409423828,203.929931640625,-162.25192260742188
-93.99716186523438,203.8901824951172,-162.31671142578125
-93.99571990966797,203.86634826660156,-162.31939697265625
-93.92597198486328,203.87127685546875,-162.33273315429688
-93.9078369140625,203.74656677246094,-162.21563720703125
-93.89759826660156,203.74200439453125,-162.1087646484375
-93.82284545898438,203.77066040039062,-162.09231567382812
-93.8384017944336,203.70298767089844,-162.276123046875
-93.81930541992188,203.71678161621094,-162.29763793945312
-94.08871459960938,203.75021362304688,-162.21026611328125
-94.14631652832031,203.59767150878906,-162.25222778320312
-94.02035522460938,203.53111267089844,-162.32980346679688
-93.99078369140625,203.44125366210938,-162.23977661132812
-93.9511489868164,203.5166015625,-162.13473510742188
-93.98737335205078,203.6078643798828,-162.08737182617188
-94.09236907958984,203.69894409179688,-161.97183227539062
-94.12963104248047,203.83094787597656,-161.96514892578125
-94.10782623291016,203.78579711914062,-161.90780639648438
-94.0890884399414,203.70248413085938,-161.99102783203125
-94.10332489013672,203.71792602539062,-162.07186889648438
-94.15658569335938,203.78237915039062,-162.22149658203125
-94.1822738647461,203.82530212402344,-162.2568359375
-94.29496765136719,203.72891235351562,-162.24581909179688
-94.24713134765625,203.62921142578125,-162.2470703125
-94.2672348022461,203.55918884277344,-162.37747192382812
-94.257080078125,203.52777099609375,-162.47653198242188
-94.4181137084961,203.55099487304688,-162.20831298828125
-94.49578857421875,203.61997985839844,-162.30740356445312
-94.63862609863281,203.7255401611328,-162.5057373046875
-94.73371887207031,203.73526000976562,-162.712158203125
-94.678955078125,203.7007598876953,-162.87228393554688
-94.67160034179688,203.72927856445312,-162.75787353515625
-94.60191345214844,203.61114501953125,-162.70571899414062
-94.56646728515625,203.58094787597656,-162.61996459960938
-94.68379974365234,203.54783630371094,-162.74203491210938
-94.7187271118164,203.58531188964844,-162.80068969726562
-94.82144927978516,203.50567626953125,-162.92446899414062
-94.88853454589844,203.45175170898438,-162.9371337890625
-94.75186920166016,203.3681182861328,-162.92086791992188
-94.76460266113281,203.3376007080078,-163.17282104492188
-94.94066619873047,203.3370819091797,-163.29763793945312
-94.97004699707031,203.4030303955078,-163.4024658203125
-94.8369369506836,203.47430419921875,-163.36154174804688
-94.78455352783203,203.5892333984375,-163.42776489257812
-94.7665023803711,203.67047119140625,-163.3172607421875
-94.63902282714844,203.80654907226562,-163.1654052734375
-94.38153839111328,203.88748168945312,-162.96307373046875
-94.33295440673828,203.9164276123047,-162.9093017578125
-94.2822036743164,203.8844451904297,-162.91543579101562
-94.2143325805664,203.87811279296875,-162.9271240234375
-94.12492370605469,203.91506958007812,-163.03900146484375
-94.16017150878906,203.82749938964844,-163.15914916992188
-94.0489273071289,203.7163543701172,-163.05636596679688
-93.94457244873047,203.85272216796875,-163.05734252929688
-93.81828308105469,203.79002380371094,-163.11676025390625
-93.80745697021484,203.79815673828125,-163.19488525390625
-93.6630630493164,203.61920166015625,-163.25
-93.72624969482422,203.72325134277344,-163.2484130859375
-93.80811309814453,203.58351135253906,-163.2623291015625
-93.71297454833984,203.53871154785156,-163.2183837890625
-93.75020599365234,203.59764099121094,-163.1844482421875
-93.76653289794922,203.63978576660156,-163.23028564453125
-93.94930267333984,203.70794677734375,-163.25588989257812
-93.9063949584961,203.67068481445312,-163.17123413085938
-93.80311584472656,203.6841278076172,-163.1099853515625
-93.77473449707031,203.6716766357422,-163.05966186523438
-93.73345947265625,203.60357666015625,-162.94940185546875
-93.76531219482422,203.55001831054688,-162.78436279296875
-93.84358215332031,203.5319061279297,-162.67233276367188
-93.82911682128906,203.55587768554688,-162.69049072265625
-93.84962463378906,203.5436248779297,-162.75933837890625
-93.88330078125,203.55133056640625,-162.78659057617188
-93.96473693847656,203.45388793945312,-162.6629638671875
-94.0499038696289,203.5106201171875,-162.55947875976562
-94.034912109375,203.4341583251953,-162.34942626953125
-93.8851318359375,203.44285583496094,-162.38558959960938
-93.87702178955078,203.48399353027344,-162.51922607421875
-93.69770812988281,203.49758911132812,-162.59439086914062
-93.59564208984375,203.51075744628906,-162.68215942382812
-93.41696166992188,203.5208740234375,-162.57400512695312
-93.54052734375,203.56112670898438,-162.67709350585938
-93.5847396850586,203.5707550048828,-162.70358276367188
-93.50300598144531,203.7163848876953,-162.83663940429688
-93.53977966308594,203.8279266357422,-162.96530151367188
-93.417724609375,203.77256774902344,-163.079833984375
-93.34722137451172,203.7593231201172,-162.97576904296875
-93.37837219238281,203.74732971191406,-163.05511474609375
-93.23065948486328,203.63113403320312,-163.10354614257812
-93.08534240722656,203.61965942382812,-162.99359130859375
-93.14311218261719,203.78475952148438,-163.01116943359375
-93.19869995117188,203.80023193359375,-162.9443359375
-93.0924301147461,203.87307739257812,-162.773681640625
-93.09788513183594,203.81875610351562,-162.74801635742188
-93.1900634765625,203.7085418701172,-162.92221069335938
-93.27269744873047,203.65859985351562,-162.9212646484375
-93.09895324707031,203.60911560058594,-162.76516723632812
-93.21884155273438,203.60147094726562,-162.7760009765625
-93.22832489013672,203.62335205078125,-162.69305419921875
-93.35240936279297,203.59617614746094,-162.71466064453125
-93.24932098388672,203.4820098876953,-162.618896484375
-93.38490295410156,203.4533233642578,-162.57748413085938
-93.41971588134766,203.458984375,-162.47579956054688
-93.3682632446289,203.4278564453125,-162.43478393554688
-93.41661834716797,203.44467163085938,-162.39208984375
-93.29884338378906,203.59353637695312,-162.5421142578125
-93.24588775634766,203.5778350830078,-162.57034301757812
-93.21493530273438,203.55960083007812,-162.75399780273438
-93.35027313232422,203.48440551757812,-162.62643432617188
-93.46743774414062,203.44403076171875,-162.49948120117188
-93.48626708984375,203.47837829589844,-162.19305419921875
-93.44835662841797,203.54957580566406,-162.1763916015625
-93.4931869506836,203.56365966796875,-162.25924682617188
-93.52984619140625,203.5046844482422,-162.35430908203125
-93.51454162597656,203.50164794921875,-162.3795166015625
-93.565673828125,203.52371215820312,-162.43753051757812
-93.59063720703125,203.5847625732422,-162.57418823242188
-93.58535766601562,203.47439575195312,-162.46575927734375
-93.68590545654297,203.58924865722656,-162.46856689453125
-93.54024505615234,203.63912963867188,-162.41000366210938
-93.44910430908203,203.5051727294922,-162.5516357421875
-93.44192504882812,203.34423828125,-162.6527099609375
-93.50276184082031,203.3399658203125,-162.59625244140625
-93.658203125,203.419189453125,-162.57861328125
-93.71408081054688,203.40098571777344,-162.54330444335938
-93.73606872558594,203.57521057128906,-162.71011352539062
-93.48258972167969,203.6002960205078,-162.8961181640625
-93.41230010986328,203.5732421875,-162.75302124023438
-93.3938980102539,203.49180603027344,-162.65249633789062
-93.44132232666016,203.51986694335938,-162.45907592773438
-93.4919204711914,203.5743865966797,-162.47384643554688
-93.55835723876953,203.6125946044922,-162.55850219726562
-93.52428436279297,203.4654541015625,-162.6207275390625
-93.54583740234375,203.41256713867188,-162.48983764648438
-93.67139434814453,203.35366821289062,-162.41940307617188
-93.71443939208984,203.23318481445312,-162.51263427734375
-93.7204360961914,203.39642333984375,-162.52740478515625
-93.72262573242188,203.41412353515625,-162.54702758789062
-93.73200225830078,203.40191650390625,-162.6029052734375
-93.71197509765625,203.4272918701172,-162.4932861328125
-93.57683563232422,203.32138061523438,-162.441162109375
-93.54064178466797,203.39796447753906,-162.48016357421875
-93.59784698486328,203.4813995361328,-162.61734008789062
-93.65122985839844,203.507568359375,-162.64764404296875
-93.62274932861328,203.42971801757812,-162.57858276367188
-93.63191223144531,203.41714477539062,-162.74905395507812
-93.65462493896484,203.4765625,-162.6026611328125
-93.6624755859375,203.51666259765625,-162.87649536132812
-93.64210510253906,203.4437255859375,-162.92779541015625
-93.70122528076172,203.5230255126953,-162.78811645507812
-93.65840911865234,203.5496368408203,-162.63455200195312
-93.727294921875,203.54672241210938,-162.61471557617188
-93.58929443359375,203.6353759765625,-162.48443603515625
-93.5691909790039,203.73094177246094,-162.47677612304688
-93.51876831054688,203.70326232910156,-162.4508056640625
-93.45999908447266,203.67984008789062,-162.266357421875
-93.4064712524414,203.7182159423828,-162.33206176757812
-93.41024017333984,203.68817138671875,-162.46926879882812
-93.41935729980469,203.7228546142578,-162.62142944335938
-93.44182586669922,203.76744079589844,-162.54107666015625
-93.37661743164062,203.72323608398438,-162.32937622070312
-93.43421173095703,203.7308349609375,-162.32431030273438
-93.46349334716797,203.76107788085938,-162.42953491210938
-93.43499755859375,203.70220947265625,-162.51748657226562
-93.39818572998047,203.769775390625,-162.582275390625
-93.39952087402344,203.6256866455078,-162.64373779296875
-93.48118591308594,203.59127807617188,-162.839599609375
-93.48164367675781,203.5891876220703,-163.01513671875
-93.38079833984375,203.5325927734375,-163.04458618164062
-93.41419219970703,203.59742736816406,-162.87063598632812
-93.37505340576172,203.6427764892578,-162.76736450195312
-93.43687438964844,203.74826049804688,-162.61282348632812
-93.44782257080078,203.68142700195312,-162.57357788085938
-93.37422180175781,203.6766815185547,-162.5985107421875
-93.308837890625,203.66607666015625,-162.58474731445312
-93.39546966552734,203.78111267089844,-162.65106201171875
-93.40202331542969,203.69467163085938,-162.6146240234375
-93.42926788330078,203.80215454101562,-162.6549072265625
-93.4177017211914,203.8155517578125,-162.61251831054688
-93.42105102539062,203.7931365966797,-162.699462890625
-93.28799438476562,203.7534637451172,-162.74493408203125
-93.3630599975586,203.60687255859375,-162.86578369140625
-93.45196533203125,203.58045959472656,-162.80319213867188
-93.50049591064453,203.57888793945312,-162.63235473632812
-93.54327392578125,203.62258911132812,-162.56411743164062
-93.48818969726562,203.59356689453125,-162.84542846679688
-93.49102783203125,203.5609893798828,-162.88766479492188
-93.56884765625,203.58102416992188,-162.9962158203125
-93.54457092285156,203.62054443359375,-163.1014404296875
-93.60958862304688,203.63914489746094,-162.93365478515625
-93.68431854248047,203.68629455566406,-162.94696044921875
-93.59848022460938,203.6458282470703,-163.06912231445312
-93.57469177246094,203.71458435058594,-162.94876098632812
-93.58748626708984,203.70053100585938,-162.94351196289062
-93.49720764160156,203.67274475097656,-162.935302734375
-93.38753509521484,203.69622802734375,-162.93771362304688
-93.43546295166016,203.76597595214844,-162.8919677734375
-93.53384399414062,203.86740112304688,-162.88119506835938
-93.59317016601562,203.8121337890625,-162.82736206054688
-93.50253295898438,203.98486328125,-162.68771362304688
-93.40889739990234,203.90940856933594,-162.633056640625
-93.4677734375,203.78590393066406,-162.57180786132812
-93.5477523803711,203.8589630126953,-162.7515869140625
-93.50528717041016,203.72738647460938,-162.78366088867188
-93.51011657714844,203.75439453125,-162.751953125
-93.49696350097656,203.6945037841797,-162.7730712890625
-93.6248779296875,203.7277069091797,-162.70498657226562
-93.53500366210938,203.6608428955078,-162.56259155273438
-93.67972564697266,203.6103515625,-162.5628662109375
-93.69647979736328,203.5942840576172,-162.8719482421875
-93.72743225097656,203.7276153564453,-162.96090698242188
-93.70292663574219,203.59339904785156,-162.85845947265625
-93.68754577636719,203.6460418701172,-162.78237915039062
-93.6683120727539,203.590576171875,-162.693359375
-93.73070526123047,203.57313537597656,-162.79443359375
-93.67243194580078,203.62319946289062,-162.85955810546875
-93.67399597167969,203.5793914794922,-163.04769897460938
-93.6720199584961,203.56072998046875,-163.00784301757812
-93.6324691772461,203.6837158203125,-162.96328735351562
-93.74138641357422,203.76217651367188,-162.83078002929688
-93.75943756103516,203.86203002929688,-162.8062744140625
-93.8408432006836,203.6984405517578,-162.77947998046875
-93.74569702148438,203.55349731445312,-162.7489013671875
-93.6776123046875,203.62586975097656,-162.77841186523438
-93.63106536865234,203.5548858642578,-162.7950439453125
-93.6953125,203.6229248046875,-162.81863403320312
-93.7125015258789,203.58973693847656,-162.80020141601562
-93.63737487792969,203.6399383544922,-162.69915771484375
-93.68321228027344,203.4752655029297,-162.73956298828125
-93.65321350097656,203.51470947265625,-162.71347045898438
-93.6340103149414,203.4325408935547,-162.6617431640625
-93.69910430908203,203.4596405029297,-162.64175415039062
-93.65059661865234,203.53321838378906,-162.5703125
-93.67952728271484,203.5677947998047,-162.64523315429688
-93.6734619140625,203.70492553710938,-162.61029052734375
-93.63829040527344,203.8290557861328,-162.64822387695312
-93.59954833984375,203.98916625976562,-162.66983032226562
-93.61536407470703,203.96701049804688,-162.63970947265625
-93.6189193725586,203.83895874023438,-162.65994262695312
-93.44624328613281,203.851806640625,-162.70022583007812
-93.39913177490234,203.76893615722656,-162.76336669921875
-93.40885162353516,203.71234130859375,-162.78500366210938
-93.51435089111328,203.5958709716797,-162.61788940429688
-93.53902435302734,203.7217559814453,-162.62335205078125
-93.65367126464844,203.71400451660156,-162.58282470703125
-93.65367126464844,203.71400451660156,-162.58282470703125
-93.58155822753906,203.7889862060547,-162.59918212890625
-93.52265930175781,203.8610382080078,-162.79290771484375
-93.44013214111328,203.7884521484375,-162.89205932617188
-93.5140380859375,203.6083984375,-163.05441284179688
-93.513427734375,203.56654357910156,-163.1903076171875
-93.49393463134766,203.49681091308594,-163.18832397460938
-93.54723358154297,203.44107055664062,-163.21286010742188
-93.68048858642578,203.49615478515625,-163.18389892578125
-93.64976501464844,203.60545349121094,-163.25704956054688
-93.62781524658203,203.54678344726562,-163.0966796875
-93.5673599243164,203.6773681640625,-163.07244873046875
-93.56433868408203,203.7585906982422,-163.11325073242188
-93.61229705810547,203.61500549316406,-163.05691528320312
-93.69007110595703,203.60340881347656,-163.15206909179688
-93.5618896484375,203.54641723632812,-163.25909423828125
-93.67896270751953,203.6060028076172,-163.24911499023438
-93.69471740722656,203.6574249267578,-163.15969848632812
-93.72722625732422,203.767822265625,-163.07131958007812
-93.56253051757812,203.8717041015625,-163.03604125976562
-93.44701385498047,203.81951904296875,-163.05206298828125
-93.41796875,203.6717071533203,-163.14251708984375
-93.4405288696289,203.79476928710938,-163.18865966796875
-93.46186065673828,203.84222412109375,-163.14749145507812
-93.38382720947266,203.77239990234375,-163.11770629882812
-93.5307388305664,203.7355194091797,-163.18539428710938
-93.51471710205078,203.78758239746094,-163.17721557617188
-93.39662170410156,203.84097290039062,-163.08712768554688
-93.41291046142578,203.7181854248047,-163.01950073242188
-93.35198211669922,203.65223693847656,-162.94192504882812
-93.29497528076172,203.62110900878906,-162.89501953125
-93.35393524169922,203.68637084960938,-162.87481689453125
-93.41954803466797,203.793212890625,-163.0074462890625
-93.40055084228516,203.82113647460938,-163.03851318359375
-93.47400665283203,203.79476928710938,-163.11279296875
-93.37075805664062,203.64317321777344,-163.00445556640625
-93.37026977539062,203.5583953857422,-163.05584716796875
-93.41023254394531,203.64178466796875,-163.13534545898438
-93.41795349121094,203.8140106201172,-163.23416137695312
-93.34442138671875,203.8588409423828,-163.26577758789062
-93.3286361694336,203.83346557617188,-163.16806030273438
-93.33047485351562,203.88101196289062,-163.12252807617188
-93.40036010742188,203.84275817871094,-163.12570190429688
-93.34735107421875,203.9084930419922,-163.14016723632812
-93.3255844116211,203.79945373535156,-163.31451416015625
-93.4008560180664,203.7350311279297,-163.357421875
-93.36322021484375,203.71444702148438,-163.31271362304688
-93.37956237792969,203.7793731689453,-163.16815185546875
-93.37360382080078,203.8538818359375,-162.97946166992188
-93.24742889404297,203.9130096435547,-162.79437255859375
-93.26761627197266,203.83485412597656,-162.76739501953125
-93.22100067138672,203.882080078125,-162.80526733398438
-93.27947998046875,203.72586059570312,-162.76922607421875
-93.38806915283203,203.82379150390625,-162.9166259765625
-93.50202941894531,203.90029907226562,-162.96185302734375
-93.54315185546875,203.7393798828125,-162.96304321289062
-93.48638916015625,203.74411010742188,-162.93008422851562
-93.48246765136719,203.81332397460938,-162.89999389648438
-93.51925659179688,203.84034729003906,-163.02154541015625
-93.47631072998047,203.79367065429688,-163.01507568359375
-93.53298950195312,203.61936950683594,-163.01742553710938
-93.47637939453125,203.50709533691406,-162.94192504882812
-93.43241119384766,203.50083923339844,-162.89450073242188
-93.52487182617188,203.59719848632812,-162.92999267578125
-93.72438049316406,203.5985870361328,-163.07470703125
-93.94012451171875,203.5902557373047,-163.2706298828125
-94.0896224975586,203.58432006835938,-163.38525390625
-94.17852020263672,203.6238250732422,-163.35452270507812
-94.10968780517578,203.5536346435547,-163.35064697265625
-94.1536865234375,203.5789794921875,-163.33880615234375
-94.13843536376953,203.55760192871094,-163.42425537109375
-94.16635131835938,203.58578491210938,-163.3604736328125
-94.1373291015625,203.64967346191406,-163.12100219726562
-94.09244537353516,203.8253936767578,-163.0576171875
-94.04255676269531,203.84365844726562,-163.02053833007812
-94.00953674316406,203.8237762451172,-162.71847534179688
-93.8656997680664,203.8349151611328,-162.57583618164062
-93.7389907836914,203.7366485595703,-162.521728515625
-93.74749755859375,203.70928955078125,-162.52279663085938
-93.5879898071289,203.86744689941406,-162.54977416992188
-93.46343231201172,203.88967895507812,-162.64801025390625
-93.29132843017578,203.83883666992188,-162.5472412109375
-93.1146240234375,203.80856323242188,-162.390380859375
-93.11162567138672,203.8329315185547,-162.28890991210938
-93.17234802246094,203.9041748046875,-162.12875366210938
-93.1732177734375,203.83905029296875,-162.0606689453125
-93.07489013671875,203.87289428710938,-161.94772338867188
-92.98574829101562,203.80023193359375,-161.97894287109375
-93.01255798339844,203.75502014160156,-162.11550903320312
-93.11495208740234,203.70562744140625,-162.10311889648438
-93.11944580078125,203.7394256591797,-162.07647705078125
-93.0925521850586,203.85626220703125,-162.05526733398438
-93.08769989013672,203.91323852539062,-162.11813354492188
-93.15777587890625,203.81161499023438,-162.34906005859375
-93.3437728881836,203.7030487060547,-162.37527465820312
-93.27037811279297,203.63124084472656,-162.40142822265625
-93.30663299560547,203.64089965820312,-162.45562744140625
-93.24403381347656,203.65145874023438,-162.45660400390625
-93.34650421142578,203.569580078125,-162.46478271484375
-93.54655456542969,203.5958709716797,-162.36965942382812
-93.40784454345703,203.63333129882812,-162.33984375
-93.47239685058594,203.63885498046875,-162.44314575195312
-93.52748107910156,203.74508666992188,-162.31991577148438
-93.54601287841797,203.7908935546875,-162.4130859375
-93.564453125,203.87767028808594,-162.313232421875
-93.51522064208984,203.8568572998047,-162.18716430664062
-93.57987976074219,203.7286834716797,-162.10137939453125
-93.49699401855469,203.7294158935547,-162.11663818359375
-93.46906280517578,203.80380249023438,-162.11541748046875
-93.37740325927734,203.6993408203125,-162.05905151367188
-93.27104187011719,203.689697265625,-162.01168823242188
-93.25261688232422,203.60818481445312,-162.01095581054688
-93.26383209228516,203.7047119140625,-162.06607055664062
-93.29544830322266,203.81838989257812,-162.14190673828125
-93.2366943359375,203.86705017089844,-162.11380004882812
-93.33053588867188,203.8009796142578,-162.07763671875
-93.40890502929688,203.70758056640625,-162.28271484375
-93.3843994140625,203.80758666992188,-162.19454956054688
-93.43817901611328,203.78623962402344,-162.177490234375
-93.3758773803711,203.76210021972656,-162.1314697265625
-93.2527084350586,203.5998077392578,-162.18093872070312
-93.31363677978516,203.7389373779297,-162.1767578125
-93.1831283569336,203.8335418701172,-162.1143798828125
-93.1740951538086,203.93209838867188,-162.0924072265625
-93.0728759765625,204.01927185058594,-162.06497192382812
-92.95930480957031,203.97605895996094,-161.97036743164062
-92.82771301269531,203.9380645751953,-162.00149536132812
-92.87100219726562,204.0054168701172,-162.09268188476562
-92.71306610107422,203.9825897216797,-162.1165771484375
-92.62806701660156,203.96511840820312,-162.12496948242188
-92.44490814208984,204.00498962402344,-161.99154663085938
-92.23943328857422,204.0328826904297,-161.96896362304688
-91.99681091308594,204.10263061523438,-161.87371826171875
-91.76300048828125,204.08709716796875,-161.65353393554688
-91.53397369384766,204.11380004882812,-161.4949951171875
-91.33319091796875,204.18775939941406,-161.42031860351562
-91.12934875488281,204.1448974609375,-161.27944946289062
-90.98424530029297,204.1507110595703,-161.292724609375
-90.8899154663086,204.2035369873047,-161.28466796875
-90.76039123535156,204.3956298828125,-161.294189453125
-90.43439483642578,204.45033264160156,-161.37008666992188
-90.39754486083984,204.3218994140625,-161.31591796875
-90.24169921875,204.40773010253906,-161.18557739257812
-90.21552276611328,204.31719970703125,-161.17471313476562
-90.20481872558594,204.2903289794922,-161.15634155273438
-90.13095092773438,204.37994384765625,-161.16644287109375
-90.06493377685547,204.4095001220703,-161.19528198242188
-90.05485534667969,204.53684997558594,-161.14468383789062
-89.91378784179688,204.57261657714844,-161.13064575195312
-89.5809555053711,204.60995483398438,-161.1181640625
-89.41749572753906,204.7675323486328,-161.20193481445312
-89.08790588378906,204.83099365234375,-161.20272827148438
-88.50614929199219,204.7421417236328,-160.80148315429688
-88.0123062133789,204.56190490722656,-156.251220703125
-86.2052001953125,204.9763946533203,-139.40914916992188
-82.68047332763672,206.22840881347656,-109.26751708984375
-81.0091552734375,205.11447143554688,-72.2132568359375
-81.28323364257812,196.80032348632812,-33.820953369140625
-79.89715576171875,180.10824584960938,-0.1253662109375
-75.12696838378906,158.23106384277344,25.923065185546875
-67.39981079101562,134.657470703125,44.15739440917969
-58.11630630493164,111.77836608886719,55.447410583496094
-48.30730438232422,90.68133544921875,60.79820251464844
-38.864356994628906,71.91837310791016,62.06348419189453
-30.058795928955078,55.71111297607422,60.90996551513672
-21.98540496826172,41.95948028564453,58.563232421875
-14.763720512390137,30.422409057617188,55.66172790527344
-8.408583641052246,20.967731475830078,52.74726867675781
-2.886012077331543,13.24111557006836,49.94281005859375
1.9221162796020508,6.749748229980469,47.36665344238281
6.233387470245361,1.3286666870117188,44.9554443359375
10.07656478881836,-3.4042186737060547,42.66755676269531
13.603696823120117,-7.469106674194336,40.11421203613281
16.751323699951172,-10.915084838867188,37.826934814453125
20.04884910583496,-13.972402572631836,35.493682861328125
22.873062133789062,-16.61979866027832,33.14085388183594
25.838171005249023,-19.120203018188477,30.641677856445312
28.544456481933594,-21.208906173706055,27.925491333007812
31.04293441772461,-23.19207000732422,25.310379028320312
33.38138961791992,-25.204601287841797,22.738357543945312
35.448638916015625,-27.073400497436523,19.961624145507812
37.165199279785156,-28.636993408203125,17.326461791992188
38.814849853515625,-30.11779022216797,14.62646484375
40.25179672241211,-31.478496551513672,11.76409912109375
41.620147705078125,-32.55168151855469,8.751312255859375
42.763999938964844,-33.612510681152344,5.731658935546875
43.820770263671875,-34.664031982421875,2.3860015869140625
44.67178726196289,-35.41967010498047,-1.0283203125
45.475624084472656,-36.089263916015625,-4.622802734375
45.847328186035156,-36.528141021728516,-8.1610107421875
46.03657150268555,-36.92567825317383,-11.650650024414062
45.8852653503418,-37.1971549987793,-15.132232666015625
45.29419708251953,-37.446861267089844,-18.42730712890625
44.36100387573242,-37.713314056396484,-21.688201904296875
43.247432708740234,-37.829322814941406,-24.9190673828125
41.64650344848633,-37.596553802490234,-28.001724243164062
39.92324447631836,-37.422325134277344,-31.242950439453125
38.05303192138672,-37.07649230957031,-34.37635803222656
35.85923767089844,-36.61500549316406,-37.502899169921875
33.509056091308594,-35.84041976928711,-40.1116943359375
30.924991607666016,-35.27888107299805,-42.56097412109375
28.019184112548828,-34.49603271484375,-44.9288330078125
24.774574279785156,-33.394588470458984,-46.826416015625
21.431337356567383,-32.377342224121094,-48.607330322265625
17.987611770629883,-31.063159942626953,-50.06767272949219
14.460302352905273,-29.67889976501465,-51.20234680175781
11.001935005187988,-28.17879867553711,-51.95252990722656
7.577970504760742,-26.52210235595703,-52.49851989746094
4.039638519287109,-24.553573608398438,-52.69068908691406
0.7951993942260742,-22.579296112060547,-52.55009460449219
-2.2464799880981445,-20.679336547851562,-51.95707702636719
-5.318041801452637,-18.899658203125,-50.995208740234375
-8.231890678405762,-17.154802322387695,-49.54679870605469
-11.043021202087402,-15.635393142700195,-47.73228454589844
-13.561850547790527,-14.35446548461914,-45.498046875
-15.969849586486816,-13.054084777832031,-43.09315490722656
-18.00179672241211,-12.062240600585938,-40.63459777832031
-19.840808868408203,-11.207344055175781,-37.71592712402344
-21.44208526611328,-10.661615371704102,-34.79127502441406
-22.409317016601562,-10.313650131225586,-31.897293090820312
-23.237659454345703,-10.357397079467773,-28.907135009765625
-23.640209197998047,-10.60969352722168,-25.964004516601562
-23.570026397705078,-11.166662216186523,-23.009231567382812
-23.271366119384766,-11.786479949951172,-20.425552368164062
-22.854747772216797,-12.334508895874023,-17.671539306640625
-22.232933044433594,-12.886362075805664,-15.233230590820312
-21.583003997802734,-13.34722900390625,-12.74761962890625
-20.804763793945312,-13.653532028198242,-10.363204956054688
-20.020145416259766,-13.986339569091797,-8.217071533203125
-19.105491638183594,-14.498434066772461,-6.361541748046875
-18.03598403930664,-14.9404296875,-4.8166961669921875
-16.909255981445312,-15.413660049438477,-3.4448089599609375
-15.682703971862793,-16.118946075439453,-2.1667327880859375
-14.509873390197754,-16.907241821289062,-1.2729339599609375
-13.254654884338379,-17.907756805419922,-0.3406829833984375
-11.878138542175293,-18.699539184570312,0.232025146484375
-10.541939735412598,-19.58013153076172,0.82305908203125
-9.142102241516113,-20.441823959350586,1.230865478515625
-7.997292518615723,-21.24444007873535,1.5341033935546875
-6.85636043548584,-22.08302116394043,1.64984130859375
-5.78580379486084,-22.92261505126953,1.4552459716796875
-4.683743476867676,-23.7718505859375,1.103179931640625
-3.656039237976074,-24.384281158447266,0.6681060791015625
-2.4665565490722656,-24.954856872558594,0.27215576171875
-1.4134788513183594,-25.580665588378906,-0.1421051025390625
-0.6352500915527344,-26.0596981048584,-0.497833251953125
0.19057273864746094,-26.600341796875,-1.049468994140625
0.9552536010742188,-26.922014236450195,-1.6438446044921875
1.5603742599487305,-27.351797103881836,-1.9534149169921875
2.079376220703125,-27.475187301635742,-2.1980133056640625
2.4236974716186523,-27.852718353271484,-2.375823974609375
2.9113845825195312,-27.94066047668457,-2.4607086181640625
3.181089401245117,-27.978778839111328,-2.389190673828125
3.4629945755004883,-28.138530731201172,-2.2930145263671875
3.8320531845092773,-28.419750213623047,-2.407562255859375
4.297286033630371,-28.691593170166016,-2.6779632568359375
4.8777971267700195,-28.81572723388672,-2.90155029296875
5.2723612785339355,-28.908519744873047,-3.398101806640625
5.616851806640625,-29.03066062927246,-3.98748779296875
5.870820999145508,-29.053253173828125,-4.4591522216796875
6.010869979858398,-29.23080062866211,-4.7283477783203125
6.121955871582031,-29.133771896362305,-4.7209320068359375
6.171779632568359,-29.26628303527832,-4.78375244140625
6.327398777008057,-29.15397834777832,-4.6501312255859375
6.454771041870117,-29.000911712646484,-4.526763916015625
6.517580986022949,-29.048017501831055,-4.4893646240234375
6.720264911651611,-29.07132339477539,-4.5569915771484375
6.904478073120117,-29.12470054626465,-4.6836700439453125
7.2163472175598145,-29.236770629882812,-4.950531005859375
7.414748668670654,-29.46068000793457,-5.4132232666015625
7.602316379547119,-29.516883850097656,-5.55377197265625
7.8434224128723145,-29.471872329711914,-5.3805084228515625
8.002209663391113,-29.5455265045166,-5.2465667724609375
8.052881240844727,-29.5838565826416,-5.143341064453125
8.0780668258667,-29.556428909301758,-4.98028564453125
8.267226219177246,-29.527423858642578,-4.9778289794921875
8.288074493408203,-29.46230697631836,-4.744842529296875
8.28172779083252,-29.39735984802246,-4.557159423828125
8.42320442199707,-29.243024826049805,-4.42864990234375
8.375040054321289,-29.19982147216797,-4.409271240234375
8.457174301147461,-29.2935733795166,-4.3054656982421875
8.528613090515137,-29.373756408691406,-4.1607208251953125
8.608339309692383,-29.26404571533203,-4.1298675537109375
8.65321159362793,-29.32296371459961,-4.1620635986328125
8.694549560546875,-29.41596031188965,-4.106201171875
8.751113891601562,-29.583602905273438,-4.2502593994140625
8.761787414550781,-29.49785804748535,-4.2512664794921875
8.675281524658203,-29.54544448852539,-4.1970062255859375
8.630532264709473,-29.56045150756836,-4.12200927734375
8.467788696289062,-29.483190536499023,-3.9576568603515625
8.294004440307617,-29.599910736083984,-4.0964813232421875
8.308358192443848,-29.643293380737305,-4.1258087158203125
8.40075397491455,-29.62779426574707,-4.224578857421875
8.398963928222656,-29.65108871459961,-4.2029266357421875
8.447696685791016,-29.623638153076172,-4.2500762939453125
8.303545951843262,-29.651716232299805,-4.20147705078125
8.347959518432617,-29.638553619384766,-4.1784515380859375
8.406708717346191,-29.63679313659668,-4.2673797607421875
8.432729721069336,-29.696592330932617,-4.3177337646484375
8.401613235473633,-29.72105598449707,-4.1199188232421875
8.407766342163086,-29.67172622680664,-3.9747467041015625
8.385567665100098,-29.628704071044922,-3.8444061279296875
8.396464347839355,-29.683242797851562,-3.8129730224609375
8.394817352294922,-29.712039947509766,-4.003326416015625
8.358161926269531,-29.76770782470703,-4.040069580078125
8.280366897583008,-29.796171188354492,-4.09747314453125
8.333906173706055,-29.716081619262695,-4.1298370361328125
8.431243896484375,-29.752485275268555,-4.085784912109375
8.482394218444824,-29.816028594970703,-4.1148529052734375
8.46104907989502,-29.791105270385742,-3.9528656005859375
8.52027416229248,-29.69070053100586,-3.866058349609375
8.510004043579102,-29.624847412109375,-3.712860107421875
8.548932075500488,-29.63968276977539,-3.729766845703125
8.489167213439941,-29.56947898864746,-3.8038177490234375
8.410252571105957,-29.505212783813477,-3.864410400390625
8.422593116760254,-29.55821418762207,-3.882568359375
8.417284965515137,-29.669631958007812,-3.8214569091796875
8.393265724182129,-29.70305633544922,-3.8377532958984375
8.400980949401855,-29.687353134155273,-3.851715087890625
8.459098815917969,-29.59775161743164,-3.879058837890625
8.470815658569336,-29.551105499267578,-3.95831298828125
8.446706771850586,-29.574342727661133,-3.7422027587890625
8.419050216674805,-29.667749404907227,-3.640472412109375
8.373104095458984,-29.617528915405273,-3.4907073974609375
8.507927894592285,-29.592647552490234,-3.64617919921875
8.566003799438477,-29.532896041870117,-3.7285614013671875
8.546182632446289,-29.49425506591797,-3.6381683349609375
8.6075439453125,-29.553316116333008,-3.7751007080078125
8.518325805664062,-29.4759521484375,-3.824066162109375
8.587104797363281,-29.438751220703125,-3.9280853271484375
8.430682182312012,-29.315771102905273,-3.8391265869140625
8.438253402709961,-29.321029663085938,-3.687713623046875
8.413784980773926,-29.2202205657959,-3.6302490234375
8.39087200164795,-29.301015853881836,-3.71600341796875
8.255182266235352,-29.503829956054688,-3.79193115234375
8.246625900268555,-29.544536590576172,-3.863128662109375
8.372661590576172,-29.61527442932129,-4.0714569091796875
8.444140434265137,-29.500574111938477,-3.996734619140625
8.425928115844727,-29.476116180419922,-3.7132720947265625
8.398869514465332,-29.561460494995117,-3.45440673828125
8.406908988952637,-29.621192932128906,-3.4907073974609375
8.459214210510254,-29.678606033325195,-3.6251068115234375
8.357037544250488,-29.63286590576172,-3.534881591796875
8.327095031738281,-29.624095916748047,-3.4952545166015625
8.351758003234863,-29.636259078979492,-3.6259765625
8.339859008789062,-29.634437561035156,-3.552154541015625
8.307415008544922,-29.789995193481445,-3.6373291015625
8.304162979125977,-29.64017105102539,-3.6889495849609375
8.235176086425781,-29.61994171142578,-3.6090545654296875
8.258801460266113,-29.721782684326172,-3.63043212890625
8.30482292175293,-29.774782180786133,-3.5863037109375
8.228301048278809,-29.792409896850586,-3.51239013671875
8.289255142211914,-29.710405349731445,-3.41412353515625
8.367098808288574,-29.657690048217773,-3.44256591796875
8.319686889648438,-29.52312469482422,-3.55096435546875
8.330196380615234,-29.570528030395508,-3.66448974609375
8.316388130187988,-29.564435958862305,-3.5715789794921875
8.294675827026367,-29.50519561767578,-3.5879974365234375
8.301551818847656,-29.497276306152344,-3.6749267578125
8.278620719909668,-29.55019187927246,-3.530853271484375
8.27499771118164,-29.48068618774414,-3.395050048828125
8.414673805236816,-29.476863861083984,-3.349945068359375
8.360025405883789,-29.511131286621094,-3.490142822265625
8.364950180053711,-29.5582275390625,-3.75042724609375
8.389483451843262,-29.621932983398438,-3.82989501953125
8.3313627243042,-29.66759490966797,-3.651092529296875
8.262380599975586,-29.627178192138672,-3.535247802734375
8.222541809082031,-29.637157440185547,-3.38726806640625
8.256526947021484,-29.597000122070312,-3.373443603515625
8.291022300720215,-29.59008026123047,-3.346649169921875
8.314582824707031,-29.68012046813965,-3.36077880859375
8.408321380615234,-29.765960693359375,-3.2938690185546875
8.36689567565918,-29.746366500854492,-3.426849365234375
8.381576538085938,-29.827058792114258,-3.5589599609375
8.359010696411133,-29.891429901123047,-3.7118377685546875
8.350831031799316,-29.778244018554688,-3.7122344970703125
8.337860107421875,-29.7001953125,-3.6533966064453125
8.333677291870117,-29.575000762939453,-3.6716156005859375
8.347517967224121,-29.62921714782715,-3.7247314453125
8.409628868103027,-29.494739532470703,-3.77288818359375
8.425111770629883,-29.486473083496094,-3.8435211181640625
8.291169166564941,-29.475727081298828,-4.012451171875
8.436403274536133,-29.461414337158203,-4.1111297607421875
8.461593627929688,-29.51321792602539,-3.955535888671875
8.511980056762695,-29.525724411010742,-3.8419952392578125
8.58785343170166,-29.580535888671875,-3.75836181640625
8.58407974243164,-29.6645565032959,-3.8178253173828125
8.595361709594727,-29.547380447387695,-3.69970703125
8.530740737915039,-29.56989860534668,-3.6461029052734375
8.454429626464844,-29.479461669921875,-3.6665802001953125
8.46107006072998,-29.629785537719727,-3.6302337646484375
8.496057510375977,-29.661348342895508,-3.581298828125
8.553979873657227,-29.672426223754883,-3.779632568359375
8.533852577209473,-29.599254608154297,-3.6910858154296875
8.452728271484375,-29.588058471679688,-3.58831787109375
8.379196166992188,-29.428804397583008,-3.5880126953125
8.49062442779541,-29.531795501708984,-3.68634033203125
8.503966331481934,-29.469402313232422,-3.7689666748046875
8.546930313110352,-29.647258758544922,-3.740142822265625
8.48013687133789,-29.670228958129883,-3.7425537109375
8.44021224975586,-29.60481834411621,-3.82269287109375
8.456171989440918,-29.675277709960938,-3.8080902099609375
8.396736145019531,-29.708396911621094,-3.66021728515625
8.406749725341797,-29.816688537597656,-3.5650177001953125
8.463240623474121,-29.775814056396484,-3.635650634765625
8.313678741455078,-29.649747848510742,-3.6011199951171875
8.339621543884277,-29.595605850219727,-3.657806396484375
8.334712982177734,-29.550296783447266,-3.50714111328125
8.338578224182129,-29.598281860351562,-3.326690673828125
8.310073852539062,-29.62764549255371,-3.2674713134765625
8.414996147155762,-29.525381088256836,-3.5785064697265625
8.318036079406738,-29.483863830566406,-3.7406005859375
8.286107063293457,-29.512195587158203,-3.8008270263671875
8.219427108764648,-29.52239990234375,-3.7164459228515625
8.397777557373047,-29.546611785888672,-3.7063751220703125
8.385290145874023,-29.538362503051758,-3.6656341552734375
8.395031929016113,-29.571590423583984,-3.595855712890625
8.422889709472656,-29.504514694213867,-3.52587890625
8.368138313293457,-29.55974006652832,-3.374420166015625
8.420933723449707,-29.626873016357422,-3.3702239990234375
8.420933723449707,-29.626873016357422,-3.3702239990234375
8.456069946289062,-29.725133895874023,-3.439971923828125
8.456069946289062,-29.725133895874023,-3.439971923828125
8.43720531463623,-29.721298217773438,-3.3239288330078125
8.36713695526123,-29.64867401123047,-3.2762451171875
8.416740417480469,-29.55292510986328,-3.3725738525390625
8.4430513381958,-29.563312530517578,-3.546844482421875
8.40371036529541,-29.618534088134766,-3.5584869384765625
8.457080841064453,-29.556331634521484,-3.59222412109375
8.466584205627441,-29.577566146850586,-3.6289520263671875
8.435274124145508,-29.50896644592285,-3.5110321044921875
8.42469310760498,-29.65800666809082,-3.3845977783203125
8.278987884521484,-29.686506271362305,-3.5812530517578125
8.255388259887695,-29.534677505493164,-3.610870361328125
8.237918853759766,-29.567222595214844,-3.586883544921875
8.279667854309082,-29.602148056030273,-3.53961181640625
8.355888366699219,-29.626148223876953,-3.46417236328125
8.355237007141113,-29.712982177734375,-3.5026397705078125
8.39393424987793,-29.705581665039062,-3.519012451171875
8.439191818237305,-29.686620712280273,-3.5835113525390625
8.267962455749512,-29.684072494506836,-3.6550140380859375
8.218017578125,-29.750656127929688,-3.6331024169921875
8.135032653808594,-29.885522842407227,-3.6702423095703125
8.075183868408203,-29.829200744628906,-3.5687408447265625
8.131636619567871,-29.787464141845703,-3.5348052978515625
8.16594409942627,-29.650257110595703,-3.3983154296875
8.148735046386719,-29.64214324951172,-3.314697265625
8.034666061401367,-29.62793731689453,-3.3559112548828125
8.038104057312012,-29.668659210205078,-3.45281982421875
8.119980812072754,-29.761486053466797,-3.5106201171875
8.217020988464355,-29.776575088500977,-3.5010833740234375
8.279199600219727,-29.791194915771484,-3.4949798583984375
8.234107971191406,-29.707483291625977,-3.4898681640625
8.393211364746094,-29.757461547851562,-3.598236083984375
8.35409164428711,-29.701549530029297,-3.415252685546875
8.338875770568848,-29.79360580444336,-3.3507843017578125
8.383426666259766,-29.818038940429688,-3.3051910400390625
8.395538330078125,-29.885391235351562,-3.2950897216796875
8.437082290649414,-29.869159698486328,-3.46759033203125
8.388148307800293,-29.912776947021484,-3.53302001953125
8.404229164123535,-29.90416717529297,-3.499176025390625
8.434076309204102,-29.913801193237305,-3.5175933837890625
8.457198143005371,-29.77090072631836,-3.4963531494140625
8.326335906982422,-29.70704460144043,-3.4082489013671875
8.329414367675781,-29.806926727294922,-3.2932891845703125
8.153244972229004,-29.697681427001953,-3.3456573486328125
8.174407958984375,-29.627620697021484,-3.40032958984375
8.177713394165039,-29.693151473999023,-3.3177642822265625
8.158798217773438,-29.68271255493164,-3.335693359375
8.208322525024414,-29.628522872924805,-3.4096221923828125
8.212909698486328,-29.60080909729004,-3.3683624267578125
8.295528411865234,-29.72845458984375,-3.4766998291015625
8.284055709838867,-29.698041915893555,-3.6259613037109375
8.2697114944458,-29.691036224365234,-3.643310546875
8.289381980895996,-29.570701599121094,-3.673095703125
8.292808532714844,-29.577289581298828,-3.553070068359375
8.282278060913086,-29.609827041625977,-3.5802764892578125
8.23849868774414,-29.65994644165039,-3.6664886474609375
8.325002670288086,-29.68163299560547,-3.696044921875
8.40546989440918,-29.69485855102539,-3.668670654296875
8.408001899719238,-29.563514709472656,-3.616851806640625
8.46607494354248,-29.481529235839844,-3.6062469482421875
8.57528018951416,-29.548166275024414,-3.615386962890625
8.45083999633789,-29.465721130371094,-3.670440673828125
8.284148216247559,-29.436222076416016,-3.7239990234375
8.22119426727295,-29.298786163330078,-3.80908203125
8.405790328979492,-29.369476318359375,-3.6846771240234375
8.382396697998047,-29.439971923828125,-3.616363525390625
8.351537704467773,-29.51466941833496,-3.51300048828125
8.370820045471191,-29.558799743652344,-3.5162200927734375
8.428606986999512,-29.49102783203125,-3.6187591552734375
8.262778282165527,-29.475679397583008,-3.62255859375
8.278938293457031,-29.364215850830078,-3.60992431640625
8.256706237792969,-29.339683532714844,-3.6468658447265625
8.289238929748535,-29.419692993164062,-3.6094512939453125
8.268479347229004,-29.53929901123047,-3.5960845947265625
8.292862892150879,-29.49332618713379,-3.5899810791015625
8.271028518676758,-29.523414611816406,-3.602325439453125
8.24640941619873,-29.54199981689453,-3.503082275390625
8.208794593811035,-29.501615524291992,-3.396209716796875
8.35224437713623,-29.53907012939453,-3.53717041015625
8.528615951538086,-29.513389587402344,-3.7640533447265625
8.470012664794922,-29.53375244140625,-3.623443603515625
8.40795612335205,-29.53097915649414,-3.592041015625
8.465079307556152,-29.521709442138672,-3.764556884765625
8.361862182617188,-29.473255157470703,-3.75970458984375
8.30362319946289,-29.357315063476562,-3.8264617919921875
8.42277717590332,-29.51763916015625,-3.6427459716796875
8.296585083007812,-29.488351821899414,-3.6533966064453125
8.236796379089355,-29.531147003173828,-3.5182952880859375
8.296202659606934,-29.574480056762695,-3.63104248046875
8.364917755126953,-29.538707733154297,-3.5136260986328125
8.399439811706543,-29.525480270385742,-3.65032958984375
8.356552124023438,-29.539291381835938,-3.6870880126953125
8.445690155029297,-29.57636260986328,-3.6760406494140625
8.42988395690918,-29.565135955810547,-3.641998291015625
8.419317245483398,-29.569908142089844,-3.5374755859375
8.450050354003906,-29.670743942260742,-3.356353759765625
8.334606170654297,-29.662111282348633,-3.380950927734375
8.278388977050781,-29.62556266784668,-3.367034912109375
8.23740291595459,-29.640268325805664,-3.5881500244140625
8.247307777404785,-29.66641616821289,-3.50927734375
8.243806838989258,-29.781314849853516,-3.466064453125
8.312017440795898,-29.832748413085938,-3.4451751708984375
8.392844200134277,-29.77366065979004,-3.5910797119140625
8.356465339660645,-29.766143798828125,-3.6544036865234375
8.439956665039062,-29.781612396240234,-3.730560302734375
8.272066116333008,-29.6646728515625,-3.73529052734375
8.301176071166992,-29.602615356445312,-3.7726898193359375
8.286493301391602,-29.58928680419922,-3.7705230712890625
8.307901382446289,-29.655223846435547,-3.739471435546875
8.1332368850708,-29.701019287109375,-3.827423095703125
8.1496000289917,-29.578269958496094,-3.68505859375
8.168895721435547,-29.552425384521484,-3.730865478515625
8.081438064575195,-29.558979034423828,-3.788330078125
8.133810043334961,-29.570175170898438,-3.8081817626953125
8.11635971069336,-29.582073211669922,-3.8386993408203125
8.263224601745605,-29.64688491821289,-3.8245391845703125
8.278202056884766,-29.625301361083984,-3.8274688720703125
8.309111595153809,-29.63508415222168,-3.780242919921875
8.29779052734375,-29.70930290222168,-3.8389892578125
8.25565242767334,-29.74484634399414,-3.888214111328125
8.291930198669434,-29.70194435119629,-3.845733642578125
8.228157997131348,-29.717885971069336,-3.81011962890625
8.310554504394531,-29.649023056030273,-3.959686279296875
8.385452270507812,-29.67283821105957,-4.019805908203125
8.292686462402344,-29.79715919494629,-3.903594970703125
8.187514305114746,-29.830904006958008,-3.7193145751953125
8.271446228027344,-29.845476150512695,-3.737823486328125
8.276427268981934,-29.8079776763916,-3.7828369140625
8.224258422851562,-29.83330726623535,-3.78167724609375
8.227072715759277,-29.665380477905273,-3.769073486328125
8.216826438903809,-29.646163940429688,-3.6536865234375
8.340044975280762,-29.73367691040039,-3.6629180908203125
8.241687774658203,-29.76657485961914,-3.633056640625
8.273940086364746,-29.81281280517578,-3.582000732421875
8.268131256103516,-29.713516235351562,-3.6418914794921875
8.405296325683594,-29.72182273864746,-3.6478729248046875
8.45445442199707,-29.6336612701416,-3.571075439453125
8.311626434326172,-29.782516479492188,-3.541595458984375
8.299379348754883,-29.933244705200195,-3.499237060546875
8.272074699401855,-29.910985946655273,-3.567108154296875
8.226054191589355,-29.850528717041016,-3.4552154541015625
8.234809875488281,-29.760021209716797,-3.24627685546875
8.115436553955078,-29.65611457824707,-3.1555633544921875
8.039772987365723,-29.69042205810547,-3.230072021484375
8.058528900146484,-29.740476608276367,-3.495941162109375
8.23675537109375,-29.783203125,-3.5556182861328125
8.223773956298828,-29.673267364501953,-3.577880859375
8.219009399414062,-29.628662109375,-3.5263824462890625
8.232281684875488,-29.54656219482422,-3.5922698974609375
8.381874084472656,-29.502958297729492,-3.7042999267578125
8.552309036254883,-29.559144973754883,-3.911346435546875
8.603927612304688,-29.579086303710938,-4.05224609375
8.554126739501953,-29.504213333129883,-4.0098876953125
8.539003372192383,-29.5841064453125,-3.8314971923828125
8.551815032958984,-29.68174934387207,-3.8464813232421875
8.438824653625488,-29.659130096435547,-3.6455535888671875
8.365938186645508,-29.579883575439453,-3.66546630859375
8.325502395629883,-29.52752685546875,-3.6430511474609375
8.332976341247559,-29.573657989501953,-3.723907470703125
8.319188117980957,-29.559486389160156,-3.793060302734375
8.22604751586914,-29.442407608032227,-3.6014556884765625
8.36357307434082,-29.518638610839844,-3.404876708984375
8.489649772644043,-29.5083065032959,-3.4981842041015625
8.586236000061035,-29.513072967529297,-3.5890655517578125
8.65420150756836,-29.53740692138672,-3.668701171875
8.557769775390625,-29.644214630126953,-3.7095794677734375
8.548521995544434,-29.533720016479492,-3.6601409912109375
8.421043395996094,-29.47313690185547,-3.5662689208984375
8.379151344299316,-29.487071990966797,-3.5901031494140625
8.454305648803711,-29.463703155517578,-3.8646087646484375
8.418571472167969,-29.46684455871582,-3.9638519287109375
8.419098854064941,-29.52151107788086,-3.7991943359375
8.430524826049805,-29.534154891967773,-3.751373291015625
8.430415153503418,-29.536115646362305,-3.853363037109375
8.283771514892578,-29.473339080810547,-3.965179443359375
8.323664665222168,-29.395423889160156,-3.985107421875
8.234024047851562,-29.438613891601562,-4.1065521240234375
8.141268730163574,-29.44826316833496,-3.972625732421875
8.198257446289062,-29.498069763183594,-3.8542327880859375
8.279590606689453,-29.481765747070312,-3.7971038818359375
8.266824722290039,-29.460643768310547,-3.75079345703125
8.281606674194336,-29.471267700195312,-3.75714111328125
8.321673393249512,-29.481834411621094,-3.779693603515625
8.269501686096191,-29.471698760986328,-3.5738372802734375
8.36262321472168,-29.512073516845703,-3.3700408935546875
8.542179107666016,-29.546260833740234,-3.6064453125
8.466090202331543,-29.483354568481445,-3.60589599609375
8.465065002441406,-29.619049072265625,-3.6444549560546875
8.46068000793457,-29.500337600708008,-3.7972869873046875
8.445732116699219,-29.48100471496582,-3.8479461669921875
8.370534896850586,-29.4600887298584,-3.829437255859375
8.320009231567383,-29.456100463867188,-3.778900146484375
8.14875602722168,-29.58173179626465,-3.7754669189453125
8.151091575622559,-29.583234786987305,-3.810577392578125
8.166863441467285,-29.512685775756836,-3.947357177734375
8.27491283416748,-29.54847526550293,-4.0747833251953125
8.323784828186035,-29.475830078125,-4.1306304931640625
8.38559341430664,-29.52777862548828,-4.1929931640625
8.27188777923584,-29.397327423095703,-4.200286865234375
8.319026947021484,-29.417312622070312,-4.1305389404296875
8.132822036743164,-29.367698669433594,-4.24505615234375
8.124910354614258,-29.3550968170166,-4.2740020751953125
8.119688987731934,-29.511734008789062,-4.189208984375
8.2503080368042,-29.555736541748047,-4.176177978515625
8.24698543548584,-29.552486419677734,-4.2445068359375
8.235462188720703,-29.553077697753906,-4.14501953125
8.20527458190918,-29.480796813964844,-3.96575927734375
8.182262420654297,-29.533145904541016,-3.8943939208984375
8.277778625488281,-29.562278747558594,-3.779693603515625
8.280107498168945,-29.545331954956055,-3.6421051025390625
8.243644714355469,-29.476146697998047,-3.5752716064453125
8.24380111694336,-29.588397979736328,-3.536956787109375
8.299592971801758,-29.645442962646484,-3.5892486572265625
8.238798141479492,-29.71963119506836,-3.592529296875
8.177122116088867,-29.619403839111328,-3.7618255615234375
8.18770980834961,-29.683609008789062,-3.689697265625
8.272822380065918,-29.65162467956543,-3.78643798828125
8.320755958557129,-29.62487030029297,-3.7103271484375
8.426584243774414,-29.685077667236328,-3.684234619140625
8.377704620361328,-29.570249557495117,-3.628631591796875
8.33996295928955,-29.543201446533203,-3.71435546875
8.39671516418457,-29.52205467224121,-3.7955780029296875
8.425901412963867,-29.58111572265625,-3.8025970458984375
8.420005798339844,-29.67745018005371,-3.8110504150390625
8.448980331420898,-29.687400817871094,-3.6948699951171875
8.493184089660645,-29.629234313964844,-3.4410247802734375
8.676196098327637,-29.658668518066406,-3.4916229248046875
8.69276237487793,-29.603635787963867,-3.3446044921875
8.60274887084961,-29.680496215820312,-3.28802490234375
8.54682731628418,-29.655181884765625,-3.263336181640625
8.670766830444336,-29.646099090576172,-3.51971435546875
8.798073768615723,-29.531789779663086,-3.740966796875
8.799190521240234,-29.529111862182617,-3.7772369384765625
8.956053733825684,-29.55942726135254,-3.68719482421875
9.124736785888672,-29.344146728515625,-3.655059814453125
9.119891166687012,-29.130748748779297,-3.813323974609375
9.184182167053223,-29.103755950927734,-3.8114013671875
9.164961814880371,-29.114805221557617,-3.797821044921875
9.18981647491455,-29.098356246948242,-3.795806884765625
9.13768196105957,-29.061155319213867,-3.955169677734375
8.991196632385254,-29.03682518005371,-4.08892822265625
8.998016357421875,-28.95211410522461,-4.24212646484375
9.049581527709961,-29.011226654052734,-4.3955230712890625
8.910931587219238,-28.864398956298828,-4.5452728271484375
8.907329559326172,-28.800809860229492,-4.5734405517578125
8.731047630310059,-28.63141632080078,-4.6891632080078125
8.497476577758789,-28.484230041503906,-4.61688232421875
8.264629364013672,-28.170576095581055,-4.280487060546875
7.962104320526123,-28.00602912902832,-3.953582763671875
7.5455427169799805,-27.663232803344727,-3.72637939453125
7.127909183502197,-27.286273956298828,-3.546234130859375
6.754605770111084,-27.037311553955078,-3.08233642578125
6.355822563171387,-26.75304412841797,-2.9310150146484375
6.0759758949279785,-26.39438247680664,-2.8800201416015625
5.9000935554504395,-26.00353240966797,-3.0641326904296875
5.790587425231934,-25.621063232421875,-3.4484405517578125
5.62254524230957,-25.330425262451172,-3.91546630859375
5.576541900634766,-25.212142944335938,-4.5159912109375
5.7340874671936035,-25.014802932739258,-4.9981231689453125
6.054271697998047,-24.963409423828125,-5.425262451171875
6.4377946853637695,-25.037649154663086,-5.5919036865234375
7.045176982879639,-25.171005249023438,-5.7885284423828125
7.882641792297363,-25.340911865234375,-5.8580474853515625
8.913318634033203,-25.672473907470703,-5.7129364013671875
9.86934757232666,-26.074365615844727,-5.32373046875
10.843493461608887,-26.47744369506836,-4.6551055908203125
12.106033325195312,-26.947620391845703,-3.846343994140625
13.495462417602539,-27.456892013549805,-2.8267822265625
14.55912971496582,-27.983797073364258,-1.4590606689453125
15.563724517822266,-28.311767578125,0.2585296630859375
16.38574981689453,-28.63926887512207,2.2429046630859375
17.0244140625,-29.046226501464844,4.3532867431640625
17.337886810302734,-29.230361938476562,6.38311767578125
17.49197769165039,-29.391090393066406,8.52392578125
17.363327026367188,-29.532140731811523,10.713088989257812
16.992050170898438,-29.61509895324707,12.871536254882812
16.354259490966797,-29.53847885131836,15.000030517578125
15.7488374710083,-29.362821578979492,17.363494873046875
14.944131851196289,-29.16130256652832,19.59576416015625
13.956291198730469,-28.795909881591797,21.825698852539062
13.052363395690918,-28.316852569580078,23.7080078125
12.175559997558594,-27.896617889404297,25.494293212890625
11.511117935180664,-27.393741607666016,26.98455810546875
10.844698905944824,-26.778514862060547,28.304092407226562
10.414604187011719,-25.992074966430664,29.6961669921875
9.994975090026855,-25.156558990478516,31.089508056640625
9.89468002319336,-24.153244018554688,32.27388000488281
9.858963966369629,-22.939495086669922,33.34382629394531
10.086711883544922,-21.74877166748047,34.354827880859375
10.261510848999023,-20.564849853515625,35.3546142578125
10.387955665588379,-19.451637268066406,36.326751708984375
10.395386695861816,-18.68429183959961,36.93145751953125
10.401605606079102,-18.244216918945312,37.14231872558594
10.264819145202637,-18.101654052734375,37.385650634765625
10.22472095489502,-17.891151428222656,37.56719970703125
10.238873481750488,-17.788196563720703,37.867462158203125
10.223089218139648,-17.576194763183594,37.95948791503906
10.180564880371094,-17.40032196044922,38.057708740234375
9.968732833862305,-17.230310440063477,38.3299560546875
9.672417640686035,-17.109540939331055,38.64778137207031
9.468770980834961,-16.97270965576172,38.784088134765625
9.502735137939453,-16.859724044799805,38.66949462890625
9.490133285522461,-16.753686904907227,38.64971923828125
9.533998489379883,-16.627775192260742,38.89323425292969
9.640273094177246,-16.678142547607422,39.0567626953125
9.682080268859863,-16.564531326293945,39.073486328125
9.672201156616211,-16.54219627380371,39.042572021484375
9.733051300048828,-16.469600677490234,39.21611022949219
9.59921646118164,-16.491043090820312,39.21577453613281
9.562458038330078,-16.48982048034668,39.39555358886719
9.717711448669434,-16.615966796875,39.284393310546875
9.48917293548584,-16.742767333984375,39.35786437988281
9.366153717041016,-16.99660873413086,39.428192138671875
9.364643096923828,-17.38785171508789,39.24327087402344
9.335918426513672,-17.728099822998047,39.03004455566406
9.293378829956055,-18.035430908203125,39.02105712890625
9.174175262451172,-18.45961570739746,39.030853271484375
9.099074363708496,-18.767498016357422,38.97859191894531
8.818259239196777,-19.431652069091797,38.886260986328125
8.51906681060791,-20.037677764892578,38.74751281738281
8.146900177001953,-20.79897689819336,38.80357360839844
7.75825309753418,-21.576515197753906,38.40704345703125
7.321994781494141,-22.617176055908203,38.050750732421875
6.627820014953613,-23.529083251953125,37.62701416015625
6.128424167633057,-24.581920623779297,37.11412048339844
5.575336933135986,-25.66636085510254,36.85662841796875
5.029968738555908,-26.62380599975586,36.33262634277344
4.3649749755859375,-27.435510635375977,35.845245361328125
3.7083215713500977,-28.2122745513916,35.35096740722656
2.9308433532714844,-28.992740631103516,35.067626953125
2.181046485900879,-29.59526824951172,34.69435119628906
1.5202112197875977,-30.20435333251953,34.32707214355469
0.8292970657348633,-31.01931381225586,34.13883972167969
0.08121299743652344,-31.783010482788086,33.704864501953125
-0.6964378356933594,-32.71714401245117,33.07844543457031
-1.3012104034423828,-33.476722717285156,32.0531005859375
-1.9756231307983398,-34.39485168457031,31.257308959960938
-2.542574882507324,-35.31755828857422,30.29345703125
-3.3363637924194336,-36.42068099975586,29.340225219726562
-3.8682146072387695,-37.362548828125,28.370086669921875
-4.606144905090332,-38.13064193725586,27.525314331054688
-5.18436336517334,-38.903934478759766,26.517898559570312
-5.571322441101074,-39.64045715332031,25.555419921875
-6.0338544845581055,-40.5789794921875,24.531417846679688
-6.286467552185059,-41.508060455322266,23.645767211914062
-6.434807777404785,-42.25236511230469,22.434326171875
-6.526782035827637,-43.007171630859375,21.47039794921875
-6.6934919357299805,-43.659523010253906,20.501205444335938
-6.657191276550293,-44.50408935546875,19.436691284179688
-6.6072893142700195,-45.15254211425781,18.409194946289062
-6.501523017883301,-45.786949157714844,17.475494384765625
-6.061623573303223,-46.51847839355469,16.482666015625
-5.612044334411621,-47.20211410522461,15.607131958007812
-5.3547468185424805,-47.83625793457031,14.787033081054688
-4.951483726501465,-48.471492767333984,14.145111083984375
-4.366154670715332,-48.98383712768555,13.504425048828125
-3.797189712524414,-49.54064178466797,12.873245239257812
-3.210123062133789,-50.14897155761719,12.3343505859375
-2.405522346496582,-50.77949142456055,11.5831298828125
-1.4841785430908203,-51.29899597167969,10.914047241210938
-0.24890422821044922,-51.908599853515625,10.108840942382812
1.0610475540161133,-52.399078369140625,9.490219116210938
2.4154491424560547,-52.82246398925781,8.72515869140625
3.981947898864746,-53.152313232421875,7.9528045654296875
5.617380142211914,-53.359039306640625,7.3447265625
7.261297702789307,-53.45867156982422,6.754119873046875
8.84817123413086,-53.42875671386719,6.646240234375
10.657726287841797,-53.058013916015625,6.7485198974609375
12.361571311950684,-52.523284912109375,6.9980316162109375
14.19482421875,-51.91484832763672,7.251953125
15.76303482055664,-51.19416046142578,7.855712890625
17.330074310302734,-50.04446029663086,8.7117919921875
18.68954086303711,-48.60548400878906,9.70819091796875
19.991077423095703,-46.87065887451172,10.890243530273438
20.969308853149414,-44.887184143066406,11.953216552734375
21.83803939819336,-42.58275604248047,13.283981323242188
22.53173065185547,-39.93979263305664,14.906219482421875
22.847599029541016,-36.98347854614258,16.539520263671875
23.114654541015625,-33.65504837036133,18.084579467773438
23.027816772460938,-30.10039520263672,19.811187744140625
22.646812438964844,-26.044281005859375,21.599807739257812
22.10152816772461,-21.7763671875,23.4437255859375
21.188581466674805,-17.10797882080078,25.2401123046875
20.116662979125977,-12.333919525146484,27.094406127929688
18.667282104492188,-7.147254943847656,28.862762451171875
17.061222076416016,-1.7973880767822266,30.638702392578125
15.217920303344727,4.0693206787109375,32.483245849609375
13.177080154418945,10.147750854492188,34.02317810058594
10.761039733886719,16.52749252319336,35.439910888671875
8.01882553100586,23.462108612060547,36.869842529296875
5.0763115882873535,30.6295166015625,38.2626953125
2.0462465286254883,38.16614532470703,39.2542724609375
-1.2185735702514648,45.86817932128906,39.649749755859375
-4.658408164978027,53.44470977783203,39.62615966796875
-8.193812370300293,61.06096649169922,39.20838928222656
-11.759100914001465,68.52784729003906,38.324676513671875
-15.501646995544434,75.96012115478516,37.00807189941406
-19.184608459472656,83.3143539428711,35.23063659667969
-22.702743530273438,90.51265716552734,33.12567138671875
-26.257343292236328,97.91777038574219,30.315032958984375
-29.80675506591797,105.30841064453125,27.196945190429688
-33.35688400268555,112.60789489746094,23.4066162109375
-36.79110336303711,119.66127014160156,18.997772216796875
-40.20170211791992,126.48309326171875,14.00115966796875
-43.58742141723633,133.07814025878906,8.705032348632812
-47.17855453491211,139.50448608398438,3.007904052734375
-50.89654541015625,145.53912353515625,-2.87542724609375
-54.834712982177734,151.757080078125,-8.90093994140625
-59.06272506713867,158.27908325195312,-15.463668823242188
-63.8799934387207,165.08717346191406,-22.315994262695312
-69.23973846435547,171.83267211914062,-29.6944580078125
-74.83464050292969,178.79266357421875,-38.020599365234375
-80.59818267822266,185.6702880859375,-47.652801513671875
-86.50077056884766,192.53262329101562,-59.167938232421875
-91.85092163085938,198.67343139648438,-73.18708801269531
-95.19749450683594,202.53004455566406,-90.89852905273438
-94.826416015625,203.1295623779297,-114.4754638671875
-93.36135864257812,203.06463623046875,-138.77423095703125
-92.93587493896484,203.76705932617188,-152.9718017578125
-93.06256103515625,203.95985412597656,-157.74459838867188
-93.08370208740234,203.95135498046875,-159.23324584960938
-93.06285858154297,204.0111846923828,-159.6165771484375
-92.82406616210938,203.89828491210938,-159.74295043945312
-92.61235809326172,203.8651580810547,-159.67828369140625
-92.4181900024414,203.75814819335938,-159.7047119140625
-92.41866302490234,203.87396240234375,-159.6878662109375
-92.70895385742188,203.90359497070312,-159.80599975585938
-92.79772186279297,203.89381408691406,-159.75137329101562
-92.92096710205078,203.90194702148438,-159.90786743164062
-92.8587417602539,203.89675903320312,-159.99844360351562
-92.87464141845703,203.97042846679688,-159.95523071289062
-92.77682495117188,203.83352661132812,-159.9979248046875
-92.68238830566406,203.81361389160156,-160.03753662109375
-92.55778503417969,203.8784942626953,-160.09542846679688
-92.56080627441406,203.9124755859375,-160.005859375
-92.63775634765625,203.98184204101562,-159.80239868164062
-92.69184875488281,204.12948608398438,-159.70184326171875
-92.72151947021484,204.16867065429688,-159.68402099609375
-92.86455535888672,204.04652404785156,-159.64608764648438
-92.84654998779297,204.07968139648438,-159.67251586914062
-92.89310455322266,204.11813354492188,-159.489990234375
-92.90553283691406,204.0671844482422,-159.45697021484375
-92.92292022705078,204.0838165283203,-159.35787963867188
-92.89331817626953,204.13450622558594,-159.20382690429688
-92.67748260498047,204.25804138183594,-159.16250610351562
-92.67748260498047,204.25804138183594,-159.16250610351562
-92.59827423095703,204.38487243652344,-159.17678833007812
-92.42961883544922,204.2545623779297,-159.04336547851562
-92.25582122802734,204.39047241210938,-158.94674682617188
-92.11257934570312,204.56385803222656,-158.97705078125
-92.03546905517578,204.7209014892578,-158.826171875
-92.10914611816406,204.8050537109375,-158.8099365234375
-92.11402893066406,204.63328552246094,-158.79296875
-92.0976791381836,204.50711059570312,-158.82461547851562
-92.02452850341797,204.46331787109375,-158.81777954101562
-92.03321075439453,204.317626953125,-158.7296142578125
-92.2052993774414,204.3005828857422,-158.65484619140625
-92.20691680908203,204.2360076904297,-158.87155151367188
-92.19264221191406,204.18585205078125,-158.9459228515625
-92.25532531738281,204.1266326904297,-159.08749389648438
-92.3710708618164,204.1968536376953,-159.16705322265625
-92.44482421875,204.30404663085938,-158.99801635742188
-92.35559844970703,204.39944458007812,-159.1300048828125
-92.31963348388672,204.395263671875,-159.16940307617188
-92.3840103149414,204.3911590576172,-159.13299560546875
-92.49292755126953,204.39849853515625,-159.02725219726562
-92.4670181274414,204.34890747070312,-159.13858032226562
-92.50234985351562,204.28355407714844,-159.17593383789062
-92.63021850585938,204.1217498779297,-159.2449951171875
-92.8490219116211,204.13531494140625,-159.17623901367188
-92.99610900878906,204.19509887695312,-159.23281860351562
-92.96564483642578,204.24269104003906,-159.40625
-92.88175201416016,204.23117065429688,-159.45101928710938
-92.91548919677734,204.26902770996094,-159.57632446289062
-92.87239837646484,204.1988983154297,-159.61578369140625
-92.89592742919922,204.1317901611328,-159.531494140625
-92.9615707397461,204.1161651611328,-159.43179321289062
-92.95082092285156,204.06552124023438,-159.51504516601562
-92.94324493408203,204.12722778320312,-159.44198608398438
-92.76165008544922,204.05706787109375,-159.59097290039062
-92.73052215576172,204.0062255859375,-159.50833129882812
-92.65818786621094,204.0287628173828,-159.52346801757812
-92.63191223144531,204.02561950683594,-159.31088256835938
-92.62747955322266,204.10215759277344,-159.3336181640625
-92.71672058105469,204.19236755371094,-159.47280883789062
-92.8585433959961,204.27207946777344,-159.30392456054688
-92.95812225341797,204.29449462890625,-159.33230590820312
-92.94428253173828,204.14041137695312,-159.35305786132812
-92.89385986328125,204.10179138183594,-159.30056762695312
-92.95883178710938,204.20114135742188,-159.53045654296875
-92.76921081542969,204.14540100097656,-159.57501220703125
-92.77430725097656,204.08016967773438,-159.46856689453125
-92.87093353271484,204.02212524414062,-159.60736083984375
-92.8067855834961,203.98756408691406,-159.58584594726562
-92.6202163696289,203.96051025390625,-159.62506103515625
-92.52898406982422,203.977783203125,-159.63003540039062
-92.40632629394531,204.02783203125,-159.651611328125
-92.22145080566406,203.9822235107422,-159.57418823242188
-92.11570739746094,203.97308349609375,-159.71945190429688
-92.15513610839844,203.99676513671875,-159.6448974609375
-92.15353393554688,204.0044403076172,-159.58840942382812
-92.17987060546875,204.10665893554688,-159.73971557617188
-92.21322631835938,204.0864715576172,-159.78955078125
-92.26229095458984,204.1510772705078,-159.89117431640625
-92.341796875,204.1610870361328,-160.04861450195312
-92.41416931152344,204.17384338378906,-160.17462158203125
-92.4687728881836,204.2755889892578,-160.203369140625
-92.47383117675781,204.29005432128906,-160.36895751953125
-92.41441345214844,204.20286560058594,-160.31329345703125
-92.51850891113281,204.10919189453125,-160.27084350585938
-92.42198944091797,204.1444549560547,-160.5078125
-92.41520690917969,204.05599975585938,-160.68206787109375
-92.38641357421875,203.99436950683594,-160.70159912109375
-92.54045867919922,204.02627563476562,-160.86273193359375
-92.5601806640625,204.0485382080078,-160.97265625
-92.57317352294922,204.0654754638672,-161.06167602539062
-92.47492218017578,204.11412048339844,-161.07989501953125
-92.31985473632812,204.14431762695312,-160.94683837890625
-92.39458465576172,204.1397705078125,-160.88870239257812
-92.41930389404297,204.11402893066406,-160.815185546875
-92.58243560791016,204.16497802734375,-160.821533203125
-92.45169067382812,204.09127807617188,-160.98333740234375
-92.39295959472656,203.9028778076172,-161.10128784179688
-92.40251922607422,203.9013671875,-161.12335205078125
-92.55826568603516,203.88148498535156,-161.167724609375
-92.66209411621094,203.82061767578125,-161.32601928710938
-92.667724609375,203.85910034179688,-161.376708984375
-92.76153564453125,203.7532958984375,-161.4954833984375
-92.86553192138672,203.83067321777344,-161.46267700195312
-92.85961151123047,203.7485809326172,-161.47415161132812
-92.78849792480469,203.6932373046875,-161.60055541992188
-92.786376953125,203.75738525390625,-161.78970336914062
-92.8023910522461,203.76991271972656,-161.80593872070312
-92.8427505493164,203.791748046875,-161.68722534179688
-92.74150848388672,203.7146759033203,-161.54367065429688
-92.68077850341797,203.68838500976562,-161.36953735351562
-92.61531066894531,203.76028442382812,-161.37344360351562
-92.5618896484375,203.87745666503906,-161.34600830078125
-92.58973693847656,203.88201904296875,-161.4876708984375
-92.49564361572266,203.92034912109375,-161.56448364257812
-92.42097473144531,203.83323669433594,-161.62014770507812
-92.39837646484375,203.99330139160156,-161.64910888671875
-92.32970428466797,204.05577087402344,-161.51544189453125
-92.18457794189453,203.9947052001953,-161.534912109375
-92.00660705566406,204.03196716308594,-161.490234375
-91.8606948852539,203.98695373535156,-161.32760620117188
-91.75924682617188,204.04173278808594,-161.131591796875
-91.55647277832031,204.03810119628906,-161.05392456054688
-91.59295654296875,204.05935668945312,-160.94931030273438
-91.5412826538086,204.00350952148438,-160.74224853515625
-91.50906372070312,204.11029052734375,-160.69805908203125
-91.4959945678711,204.1354522705078,-160.6561279296875
-91.4388656616211,204.0961456298828,-160.72409057617188
-91.45003509521484,204.01876831054688,-160.89508056640625
-91.42174530029297,204.050048828125,-161.00164794921875
-91.44390869140625,204.06874084472656,-161.03021240234375
-91.39991760253906,204.0653839111328,-160.974853515625
-91.38951110839844,203.9795684814453,-161.07485961914062
-91.50769805908203,203.85728454589844,-161.176025390625
-91.61080169677734,203.6396026611328,-161.18289184570312
-91.58041381835938,203.6519012451172,-161.14630126953125
-91.54818725585938,203.70001220703125,-161.35260009765625
-91.57933044433594,203.67481994628906,-161.280517578125
-91.59446716308594,203.65553283691406,-161.34426879882812
-91.62801361083984,203.71681213378906,-161.39883422851562
-91.5728530883789,203.64378356933594,-161.37548828125
-91.5172119140625,203.60452270507812,-161.1708984375
-91.56409454345703,203.57920837402344,-161.2923583984375
-91.56513977050781,203.6654052734375,-161.289794921875
-91.57412719726562,203.84786987304688,-161.27310180664062
-91.44715118408203,203.83584594726562,-161.35177612304688
-91.45160675048828,203.8003692626953,-161.48910522460938
-91.35513305664062,203.80935668945312,-161.46749877929688
-91.52799987792969,203.80589294433594,-161.34841918945312
-91.48856353759766,203.91529846191406,-161.20822143554688
-91.50364685058594,204.0028839111328,-161.09967041015625
-91.5724868774414,203.9665069580078,-161.11270141601562
-91.58866882324219,203.9468231201172,-161.13131713867188
-91.42684173583984,203.86285400390625,-161.16787719726562
-91.3958969116211,203.92013549804688,-161.1278076171875
-91.43326568603516,204.0298614501953,-161.19769287109375
-91.43006134033203,203.96458435058594,-161.18609619140625
-91.4167709350586,203.9072723388672,-161.18328857421875
-91.4264144897461,203.8590545654297,-161.10549926757812
-91.33824157714844,203.96241760253906,-161.09103393554688
-91.4114761352539,203.91534423828125,-161.16424560546875
-91.5329360961914,203.828125,-161.00161743164062
-91.62031555175781,203.78399658203125,-161.16021728515625
-91.62381744384766,203.76190185546875,-161.1591796875
-91.57406616210938,203.6389923095703,-161.25048828125
-91.58053588867188,203.73194885253906,-161.34494018554688
-91.52570343017578,203.7899932861328,-161.16854858398438
-91.46781158447266,203.88217163085938,-161.19744873046875
-91.56565856933594,203.8704071044922,-161.10336303710938
-91.44096374511719,203.82322692871094,-161.05007934570312
-91.46517181396484,203.90817260742188,-161.0401611328125
-91.5121841430664,203.9823760986328,-160.900634765625
-91.56017303466797,203.96200561523438,-160.9642333984375
-91.50178527832031,203.89698791503906,-161.14422607421875
-91.56440734863281,203.91732788085938,-161.16891479492188
-91.59476470947266,203.82302856445312,-161.12118530273438
-91.485595703125,203.8145294189453,-161.09207153320312
-91.52376556396484,203.809814453125,-161.11236572265625
-91.52806854248047,203.72335815429688,-161.139892578125
-91.50857543945312,203.85800170898438,-161.2900390625
-91.6653823852539,203.921142578125,-161.39901733398438
-91.56307983398438,203.94757080078125,-161.50567626953125
-91.50383758544922,203.87301635742188,-161.47845458984375
-91.47454071044922,203.9525909423828,-161.365478515625
-91.56057739257812,203.94668579101562,-161.38748168945312
-91.56366729736328,203.8672637939453,-161.32110595703125
-91.45941162109375,203.82247924804688,-161.31304931640625
-91.49301147460938,203.89111328125,-161.29971313476562
-91.49526977539062,203.87210083007812,-161.20913696289062
-91.423095703125,203.9162139892578,-161.1531982421875
-91.26296997070312,203.92547607421875,-161.30038452148438
-91.23298645019531,203.87728881835938,-161.23934936523438
-91.26663208007812,203.7873992919922,-161.14398193359375
-91.24418640136719,203.88658142089844,-161.15481567382812
-91.2309341430664,203.87986755371094,-161.20339965820312
-91.27652740478516,203.86676025390625,-161.17782592773438
-91.24337005615234,203.8634490966797,-161.21292114257812
-91.27494812011719,203.8597412109375,-161.13470458984375
-91.27991485595703,203.83689880371094,-161.03839111328125
-91.2618637084961,203.90431213378906,-161.04598999023438
-91.20759582519531,203.99806213378906,-160.90695190429688
-91.19183349609375,203.9580841064453,-160.9012451171875
-91.26093292236328,204.01406860351562,-160.93621826171875
-91.10062408447266,204.02847290039062,-160.92996215820312
-91.1313705444336,203.99156188964844,-160.72369384765625
-91.09877014160156,203.99905395507812,-160.74603271484375
-91.10948944091797,204.06491088867188,-160.72146606445312
-91.13268280029297,203.99273681640625,-160.83932495117188
-91.11487579345703,203.9121551513672,-160.99969482421875
-91.10237884521484,203.92581176757812,-161.06747436523438
-91.1544418334961,203.92208862304688,-161.20053100585938
-91.44794464111328,203.8979034423828,-161.32974243164062
-91.35176086425781,203.8782958984375,-161.37240600585938
-91.37805938720703,203.88934326171875,-161.46505737304688
-91.40941619873047,203.83355712890625,-161.41537475585938
-91.41020965576172,203.99517822265625,-161.36639404296875
-91.2923583984375,203.9838409423828,-161.25106811523438
-91.22950744628906,203.9966278076172,-161.3438720703125
-91.1202621459961,203.9268035888672,-161.31790161132812
-91.06803131103516,203.8987579345703,-161.45828247070312
-91.05668640136719,203.83909606933594,-161.37261962890625
-91.0995864868164,203.86241149902344,-161.1312255859375
-91.13526916503906,203.97702026367188,-160.9556884765625
-91.17913818359375,204.20590209960938,-160.81695556640625
-91.24732971191406,204.29649353027344,-160.73361206054688
-91.22100067138672,204.11343383789062,-160.97491455078125
-91.26976013183594,203.87196350097656,-161.24337768554688
-91.2570571899414,203.7543487548828,-161.32296752929688
-91.2852783203125,203.65911865234375,-161.1546630859375
-91.23087310791016,203.64805603027344,-161.18344116210938
-91.27327728271484,203.5272979736328,-161.30215454101562
-91.29151153564453,203.60598754882812,-161.27587890625
-91.21066284179688,203.64952087402344,-161.4188232421875
-91.22847747802734,203.75503540039062,-161.4893798828125
-91.26506042480469,203.6945343017578,-161.43338012695312
-91.28861999511719,203.7862548828125,-161.42709350585938
-91.09623718261719,203.88198852539062,-161.50875854492188
-91.09215545654297,203.9781036376953,-161.29428100585938
-91.12814331054688,203.9499053955078,-161.18667602539062
-91.10078430175781,203.8799591064453,-161.24130249023438
-91.04242706298828,203.9296417236328,-161.2493896484375
-91.12254333496094,203.93690490722656,-161.39700317382812
-91.11712646484375,203.83978271484375,-161.45416259765625
-91.10990142822266,203.85728454589844,-161.12966918945312
-91.14922332763672,203.8445587158203,-160.94540405273438
-91.21297454833984,203.94378662109375,-161.05441284179688
-91.27542877197266,204.0880584716797,-161.28469848632812
-91.3027572631836,204.11219787597656,-161.28338623046875
-91.35565948486328,204.14183044433594,-161.27523803710938
-91.45637512207031,204.1832275390625,-161.30050659179688
-91.54821014404297,204.24378967285156,-161.281982421875
-91.50787353515625,204.2484893798828,-161.330078125
-91.44535827636719,204.1504364013672,-161.17709350585938
-91.31230163574219,204.01026916503906,-161.16131591796875
-91.29995727539062,203.98281860351562,-161.03396606445312
-91.22362518310547,204.050048828125,-160.837890625
-91.26744842529297,204.03794860839844,-160.77825927734375
-91.18705749511719,203.97854614257812,-160.98922729492188
-91.08775329589844,204.0740966796875,-160.8587646484375
-91.08956909179688,203.9811248779297,-160.83929443359375
-91.05203247070312,204.0231475830078,-160.89370727539062
-91.09001922607422,203.92601013183594,-160.81951904296875
-91.10204315185547,203.8656768798828,-160.79702758789062
-91.1199722290039,203.83956909179688,-160.8671875
-90.9715347290039,203.76817321777344,-160.78240966796875
-91.10626220703125,203.80880737304688,-160.67889404296875
-91.06916046142578,203.87936401367188,-160.69113159179688
-91.07402038574219,203.9668426513672,-160.59518432617188
-91.04168701171875,204.03428649902344,-160.53515625
-90.92352294921875,203.97280883789062,-160.69488525390625
-90.86741638183594,203.81394958496094,-160.90548706054688
-90.84706115722656,203.81497192382812,-160.98086547851562
-90.68032836914062,203.83700561523438,-161.0142822265625
-90.73533630371094,203.8984832763672,-161.0809326171875
-90.82887268066406,203.9208221435547,-161.12344360351562
-90.82113647460938,203.906005859375,-161.18496704101562
-90.85820770263672,203.95852661132812,-161.01846313476562
-90.66836547851562,203.9405517578125,-161.02908325195312
-90.65275573730469,203.76658630371094,-161.03216552734375
-90.7047348022461,203.84051513671875,-160.97589111328125
-90.69623565673828,203.91329956054688,-160.95742797851562
-90.64775085449219,204.0098876953125,-161.00540161132812
-90.72415924072266,203.9333953857422,-160.97561645507812
-90.78594970703125,204.00973510742188,-160.88320922851562
-90.82051086425781,203.98495483398438,-160.90625
-90.78962707519531,203.93695068359375,-160.91348266601562
-90.79401397705078,203.91708374023438,-160.7977294921875
-90.78226470947266,203.6944580078125,-160.93844604492188
-90.80089569091797,203.64866638183594,-160.8995361328125
-90.80126190185547,203.62896728515625,-160.87811279296875
-90.8186264038086,203.65924072265625,-160.85690307617188
-90.76849365234375,203.85182189941406,-160.95419311523438
-90.75988006591797,203.92164611816406,-160.866455078125
-90.85200500488281,203.76063537597656,-160.68264770507812
-90.8064956665039,203.89208984375,-160.64028930664062
-90.86864471435547,203.99063110351562,-160.7152099609375
-90.78828430175781,204.0074920654297,-160.94003295898438
-90.7790298461914,204.00572204589844,-161.0255126953125
-90.79850769042969,203.94688415527344,-161.12905883789062
-90.75337219238281,203.96554565429688,-161.14804077148438
-90.75948333740234,203.9573211669922,-161.02197265625
-90.79867553710938,203.98606872558594,-161.0538330078125
-90.79000854492188,203.9449920654297,-161.14984130859375
-90.75422668457031,203.97654724121094,-161.14398193359375
-90.82675170898438,204.05357360839844,-161.0806884765625
-90.83131408691406,203.98211669921875,-161.02264404296875
-90.84606170654297,204.1465606689453,-161.0653076171875
-90.78976440429688,204.1508026123047,-161.08084106445312
-90.90372467041016,204.1410369873047,-161.16964721679688
-90.90312957763672,204.16964721679688,-161.21099853515625
-90.90782165527344,204.05191040039062,-161.06689453125
-90.79397583007812,204.0670623779297,-160.954833984375
-90.94792175292969,203.99029541015625,-160.79446411132812
-91.02147674560547,203.99342346191406,-160.75537109375
-91.19830322265625,204.10972595214844,-160.71749877929688
-91.19546508789062,203.9829864501953,-160.870361328125
-91.26071166992188,204.1348114013672,-160.82528686523438
-91.26993560791016,204.12646484375,-160.9337158203125
-91.400634765625,204.08633422851562,-160.93234252929688
-91.42716217041016,204.1038360595703,-160.85256958007812
-91.41077423095703,204.0915069580078,-160.84225463867188
-91.41871643066406,204.1771697998047,-160.803466796875
-91.42013549804688,204.04885864257812,-160.6990966796875
-91.4945297241211,204.04104614257812,-160.88272094726562
-91.5294418334961,204.09974670410156,-161.01992797851562
-91.44248962402344,204.140625,-161.01705932617188
-91.43859100341797,204.09376525878906,-160.939208984375
-91.52063751220703,204.04896545410156,-160.72152709960938
-91.52771759033203,204.042724609375,-160.746826171875
-91.6895523071289,204.05152893066406,-160.66458129882812
-91.7103500366211,204.00035095214844,-160.64572143554688
-91.63243865966797,203.92391967773438,-160.8214111328125
-91.55311584472656,203.88653564453125,-161.08621215820312
-91.50142669677734,203.86045837402344,-161.119384765625
-91.50567626953125,203.85198974609375,-161.03692626953125
-91.40016174316406,203.96742248535156,-160.91729736328125
-91.53008270263672,204.03668212890625,-160.8809814453125
-91.51367950439453,204.02639770507812,-160.92816162109375
-91.51982116699219,204.0921173095703,-160.9453125
-91.69292449951172,204.01556396484375,-161.01361083984375
-91.73699951171875,204.0094757080078,-161.05307006835938
-91.72311401367188,203.96661376953125,-160.88201904296875
-91.5855712890625,204.09848022460938,-160.78839111328125
-91.53291320800781,204.16909790039062,-160.71640014648438
-91.46350860595703,204.054931640625,-160.74356079101562
-91.4129409790039,204.01246643066406,-160.7080078125
-91.37451934814453,204.04669189453125,-160.74154663085938
-91.34822082519531,204.081298828125,-160.71881103515625
-91.26756286621094,204.12660217285156,-160.9400634765625
-91.26593780517578,204.17767333984375,-160.83013916015625
-91.33817291259766,204.1482696533203,-160.97128295898438
-91.50175476074219,204.1697235107422,-161.16436767578125
-91.57423400878906,204.02127075195312,-161.0369873046875
-91.64148712158203,203.96066284179688,-161.00588989257812
-91.7940673828125,203.9530487060547,-161.08056640625
-91.85717010498047,203.84288024902344,-161.15158081054688
-91.88693237304688,203.83419799804688,-161.2008056640625
-91.87538146972656,203.8802490234375,-161.09719848632812
-91.90596008300781,203.92276000976562,-161.17037963867188
-92.02363586425781,204.01065063476562,-161.18701171875
-91.97050476074219,204.03990173339844,-161.115478515625
-92.0893783569336,204.0026397705078,-161.0662841796875
-92.09866333007812,203.985107421875,-160.93466186523438
-92.05384063720703,204.0423126220703,-160.84927368164062
-92.0441665649414,203.97943115234375,-160.80734252929688
-92.01947784423828,203.88063049316406,-160.75531005859375
-91.9222640991211,203.86648559570312,-160.618896484375
-91.889892578125,203.72293090820312,-160.520751953125
-91.88218688964844,203.79100036621094,-160.50872802734375
-91.7543716430664,203.8172149658203,-160.501708984375
-91.74295043945312,203.80734252929688,-160.64971923828125
-91.56841278076172,203.82757568359375,-160.72927856445312
-91.4791030883789,203.81570434570312,-160.74884033203125
-91.39605712890625,203.9775848388672,-160.483154296875
-91.5312271118164,204.13949584960938,-160.5609130859375
-91.58191680908203,204.1107177734375,-160.63912963867188
-91.53765869140625,204.24362182617188,-160.63723754882812
-91.537841796875,204.27188110351562,-160.73452758789062
-91.57007598876953,204.2059783935547,-160.59524536132812
-91.52709197998047,204.0661163330078,-160.53121948242188
-91.5764389038086,204.15013122558594,-160.55596923828125
-91.54275512695312,204.0885009765625,-160.58822631835938
-91.6963119506836,204.1573486328125,-160.68637084960938
-91.68733215332031,204.1553497314453,-160.72653198242188
-91.69349670410156,204.1827850341797,-160.69802856445312
-91.7470932006836,204.19577026367188,-160.63601684570312
-91.80110168457031,204.0417938232422,-160.65325927734375
-91.89937591552734,203.96279907226562,-160.81863403320312
-91.94176483154297,204.10714721679688,-160.99557495117188
-91.945556640625,204.01475524902344,-161.173583984375
-91.9410171508789,203.8777313232422,-161.22830200195312
-91.93998718261719,203.85882568359375,-161.14303588867188
-91.92998504638672,203.84901428222656,-161.12158203125
-91.9963607788086,203.96263122558594,-161.11544799804688
-91.77533721923828,204.0402069091797,-161.13397216796875
-91.71066284179688,203.9937286376953,-161.03573608398438
-91.74386596679688,203.94891357421875,-160.74667358398438
-91.58429718017578,203.8641357421875,-160.82833862304688
-91.52192687988281,203.86602783203125,-160.8779296875
-91.49549865722656,203.89512634277344,-160.97601318359375
-91.56720733642578,203.87796020507812,-161.03070068359375
-91.5101318359375,203.8473358154297,-161.04818725585938
-91.4111557006836,203.8861083984375,-160.93768310546875
-91.42610168457031,203.87246704101562,-160.77191162109375
-91.41682434082031,203.94436645507812,-160.787353515625
-91.3745346069336,203.85513305664062,-160.88381958007812
-91.4402084350586,203.89682006835938,-160.96255493164062
-91.4083480834961,203.85723876953125,-161.04544067382812
-91.55075073242188,204.01654052734375,-161.16622924804688
-91.49299621582031,203.99595642089844,-161.14593505859375
-91.37967681884766,203.98324584960938,-161.1912841796875
-91.32366943359375,203.99008178710938,-161.07769775390625
-91.40538787841797,203.95509338378906,-161.19100952148438
-91.38858032226562,204.0712432861328,-161.1337890625
-91.37529754638672,204.14662170410156,-161.0953369140625
-91.34734344482422,204.14739990234375,-161.17208862304688
-91.53289794921875,204.11305236816406,-161.1783447265625
-91.50785827636719,204.1231231689453,-161.15020751953125
-91.42444610595703,204.08973693847656,-161.00894165039062
-91.45924377441406,204.1664276123047,-161.02264404296875
-91.37882232666016,204.15509033203125,-161.25503540039062
-91.41202545166016,204.22457885742188,-161.16058349609375
-91.29219818115234,204.3051300048828,-161.15655517578125
-91.30564880371094,204.20884704589844,-161.29653930664062
-91.28238677978516,204.28562927246094,-161.35055541992188
-91.22561645507812,204.27267456054688,-161.31863403320312
-91.39442443847656,204.18617248535156,-161.31399536132812
-91.35552215576172,204.12271118164062,-161.34918212890625
-91.35054779052734,204.17002868652344,-161.46697998046875
-91.50275421142578,204.11465454101562,-161.47384643554688
-91.5245361328125,204.1376495361328,-161.44873046875
-91.48490905761719,204.1588134765625,-161.61886596679688
-91.55547332763672,204.14007568359375,-161.67337036132812
-91.60520935058594,204.15843200683594,-161.69717407226562
-91.65764617919922,204.1717987060547,-161.55862426757812
-91.61534118652344,204.16445922851562,-161.62185668945312
-91.6139144897461,204.11492919921875,-161.5950927734375
-91.778076171875,204.11376953125,-161.67349243164062
-91.74507904052734,204.151611328125,-161.50302124023438
-91.72412872314453,204.00546264648438,-161.48355102539062
-91.720703125,204.02822875976562,-161.41067504882812
-91.65020751953125,204.03211975097656,-161.27978515625
-91.62828826904297,204.0539093017578,-161.21356201171875
-91.6099853515625,204.03045654296875,-161.17672729492188
-91.58920288085938,204.06202697753906,-161.11590576171875
-91.52533721923828,204.1635284423828,-160.8536376953125
-91.5485610961914,204.12725830078125,-160.81170654296875
-91.56595611572266,203.9928436279297,-160.82522583007812
-91.58110046386719,204.0341339111328,-160.82647705078125
-91.59871673583984,204.14154052734375,-160.88934326171875
-91.51126098632812,204.13018798828125,-161.03652954101562
-91.64376831054688,204.16993713378906,-161.11428833007812
-91.827880859375,204.03189086914062,-161.18276977539062
-91.82719421386719,203.98468017578125,-161.22726440429688
-91.88268280029297,203.99269104003906,-161.21600341796875
-91.85733795166016,203.9155731201172,-161.1591796875
-91.79997253417969,203.90121459960938,-161.02059936523438
-91.92254638671875,203.9177703857422,-160.92828369140625
-92.06350708007812,203.86752319335938,-161.01492309570312
-92.11148071289062,203.90756225585938,-160.865478515625
-92.17084503173828,203.811279296875,-160.89529418945312
-92.10905456542969,203.80226135253906,-160.72348022460938
-92.15086364746094,203.72560119628906,-160.55337524414062
-92.15116119384766,203.77122497558594,-160.68048095703125
-92.1602783203125,203.7491912841797,-160.88916015625
-92.09416961669922,203.77999877929688,-161.03268432617188
-92.09430694580078,203.86285400390625,-161.0684814453125
-92.16943359375,203.9558563232422,-160.994140625
-92.16943359375,203.9558563232422,-160.994140625
-92.07218170166016,204.02439880371094,-160.919677734375
-92.00489044189453,204.00234985351562,-161.03732299804688
-92.03419494628906,204.0319061279297,-160.86117553710938
-92.03583526611328,204.03944396972656,-160.71463012695312
-92.14411926269531,204.1322479248047,-160.6815185546875
-92.2841796875,204.05899047851562,-160.85491943359375
-92.24229431152344,204.08474731445312,-160.70211791992188
-92.31929779052734,204.16250610351562,-160.57827758789062
-92.45442962646484,204.06541442871094,-160.56045532226562
-92.56829833984375,203.89013671875,-160.636962890625
-92.578125,203.97804260253906,-160.71450805664062
-92.61469268798828,203.9936981201172,-160.7401123046875
-92.59993743896484,204.0093994140625,-160.69235229492188
-92.59226989746094,203.95138549804688,-160.71627807617188
-92.72505950927734,203.8427276611328,-160.66790771484375
-92.86556243896484,203.84947204589844,-160.70108032226562
-92.84809875488281,203.9904022216797,-160.74966430664062
-92.83627319335938,203.9464874267578,-160.67498779296875
-92.83563995361328,203.75186157226562,-160.69873046875
-92.84773254394531,203.8451385498047,-160.56094360351562
-92.84534454345703,203.8963623046875,-160.41094970703125
-93.00773620605469,203.9043426513672,-160.33331298828125
-93.1509017944336,203.91668701171875,-160.16183471679688
-93.08003234863281,203.98831176757812,-160.10726928710938
-92.94915008544922,203.95692443847656,-160.04190063476562
-92.84025573730469,204.0511474609375,-159.943359375
-92.78270721435547,204.0840301513672,-159.7750244140625
-92.69757843017578,204.0074920654297,-159.74172973632812
-92.6426010131836,203.95941162109375,-159.76370239257812
-92.56776428222656,203.90719604492188,-159.98944091796875
-92.56271362304688,203.84255981445312,-160.21353149414062
-92.57411193847656,203.93365478515625,-160.26718139648438
-92.57605743408203,203.9915008544922,-160.20767211914062
-92.68148040771484,203.95538330078125,-160.30987548828125
-92.67064666748047,203.9272918701172,-160.38809204101562
-92.62481689453125,204.02267456054688,-160.25680541992188
-92.63652038574219,204.12510681152344,-160.15582275390625
-92.6499252319336,204.09791564941406,-160.17428588867188
-92.62287139892578,204.04490661621094,-160.26309204101562
-92.6173095703125,204.0415496826172,-160.1944580078125
-92.6412582397461,203.95968627929688,-160.06884765625
-92.7637939453125,203.99169921875,-160.14614868164062
-92.81351470947266,204.0218048095703,-160.17333984375
-92.89183044433594,204.0759735107422,-159.97857666015625
-92.8659896850586,204.0535430908203,-160.07745361328125
-92.7655258178711,203.98284912109375,-160.05825805664062
-92.77091217041016,203.95579528808594,-160.22344970703125
-92.60354614257812,203.95053100585938,-160.3946533203125
-92.49382781982422,203.8685760498047,-160.343017578125
-92.45915222167969,203.86219787597656,-160.45535278320312
-92.45197296142578,203.9069366455078,-160.5341796875
-92.49140930175781,203.96157836914062,-160.53536987304688
-92.45643615722656,203.84898376464844,-160.52536010742188
-92.41340637207031,203.84576416015625,-160.5919189453125
-92.3625717163086,203.95335388183594,-160.38070678710938
-92.2607650756836,203.93197631835938,-160.40530395507812
-92.04708099365234,204.01602172851562,-160.53604125976562
-91.99073791503906,204.1385040283203,-160.49679565429688
-92.04717254638672,204.17308044433594,-160.55328369140625
-92.02992248535156,204.16778564453125,-160.6048583984375
-91.91574096679688,204.20932006835938,-160.40582275390625
-91.83240509033203,204.23260498046875,-160.3670654296875
-91.7410659790039,204.28126525878906,-160.369140625
-91.74906158447266,204.24818420410156,-160.300537109375
-91.59761047363281,204.22686767578125,-160.43753051757812
-91.3541488647461,204.22032165527344,-160.41055297851562
-91.20267486572266,204.29721069335938,-160.53518676757812
-90.89217376708984,204.3342742919922,-160.43466186523438
-90.4251708984375,204.6093292236328,-160.67861938476562
-89.69519805908203,204.76243591308594,-161.0714111328125
-88.87626647949219,204.87698364257812,-160.81051635742188
-87.81048583984375,205.46800231933594,-156.00796508789062
-85.62574005126953,208.84417724609375,-139.2056884765625
-84.84161376953125,215.91958618164062,-108.89089965820312
-90.486083984375,220.08236694335938,-66.54722595214844
-98.85094451904297,212.5543212890625,-17.6229248046875
-101.48284912109375,191.0060272216797,26.916290283203125
-95.63756561279297,160.86158752441406,59.8721923828125
-83.41878509521484,129.40406799316406,80.06432342529297
-68.25242614746094,101.03343200683594,89.72297668457031
-52.440799713134766,76.88006591796875,91.78083038330078
-37.29844284057617,57.09886169433594,88.98667907714844
-23.777355194091797,40.855682373046875,83.88265991210938
-11.866900444030762,27.700023651123047,77.4874038696289
-1.551997184753418,16.83108139038086,70.94235229492188
7.306553840637207,7.8962554931640625,64.5646743774414
15.007759094238281,0.5634040832519531,58.56804656982422
22.133243560791016,-5.631370544433594,52.912452697753906
28.710834503173828,-10.92862319946289,47.505706787109375
34.32466125488281,-15.724987030029297,42.06068420410156
39.15715789794922,-20.01740837097168,36.7559814453125
43.176002502441406,-23.782575607299805,31.519912719726562
46.36888885498047,-27.18486213684082,26.363250732421875
48.80929183959961,-30.23247528076172,21.180999755859375
50.51968765258789,-33.06485366821289,16.178176879882812
51.776668548583984,-35.6302490234375,11.200958251953125
52.474308013916016,-37.59234619140625,6.32733154296875
52.926727294921875,-39.5302619934082,1.5473175048828125
52.963619232177734,-40.91434097290039,-3.2038116455078125
52.627384185791016,-42.17526626586914,-7.9560699462890625
51.915164947509766,-43.24567413330078,-12.298599243164062
50.7472038269043,-44.16848373413086,-16.403976440429688
49.16532516479492,-44.82904815673828,-20.22637939453125
47.18562316894531,-45.308372497558594,-23.859817504882812
44.96744918823242,-45.69456481933594,-27.139419555664062
42.66542053222656,-45.87545394897461,-30.335540771484375
40.20265197753906,-45.83912658691406,-33.27885437011719
37.639835357666016,-45.61304473876953,-35.89263916015625
34.95601272583008,-45.22164535522461,-38.03169250488281
32.366146087646484,-44.73927307128906,-40.014617919921875
29.640552520751953,-44.22076416015625,-41.700225830078125
26.908143997192383,-43.559486389160156,-43.1376953125
24.111103057861328,-42.91172409057617,-44.06060791015625
21.594383239746094,-42.028221130371094,-44.72373962402344
18.980770111083984,-41.099021911621094,-45.134765625
16.262372970581055,-40.09912109375,-45.66450500488281
13.503595352172852,-39.16378402709961,-46.16618347167969
10.693536758422852,-37.98406219482422,-46.633636474609375
7.76757287979126,-36.38804244995117,-47.05091857910156
4.799188613891602,-34.824581146240234,-47.38777160644531
1.7784738540649414,-33.140541076660156,-47.456634521484375
-1.059544563293457,-31.37710189819336,-47.31813049316406
-3.8152637481689453,-29.673336029052734,-47.01835632324219
-6.424405097961426,-27.856775283813477,-46.45234680175781
-8.752800941467285,-26.262161254882812,-45.717803955078125
-10.895846366882324,-24.69314956665039,-44.84721374511719
-12.803317070007324,-23.402965545654297,-43.733489990234375
-14.585461616516113,-22.165782928466797,-42.34193420410156
-16.316307067871094,-21.230239868164062,-40.82066345214844
-17.682910919189453,-20.336406707763672,-39.172271728515625
-18.90448760986328,-19.51732635498047,-37.42323303222656
-20.024585723876953,-18.65804672241211,-35.46849060058594
-20.989154815673828,-17.782182693481445,-33.34855651855469
-21.80091094970703,-16.852519989013672,-31.396270751953125
-22.549102783203125,-15.960577011108398,-29.2427978515625
-23.05207061767578,-14.950319290161133,-27.175445556640625
-23.588436126708984,-14.213117599487305,-24.919082641601562
-23.942523956298828,-13.675987243652344,-22.578231811523438
-24.209243774414062,-13.105697631835938,-20.296630859375
-24.246623992919922,-12.66476821899414,-17.89666748046875
-23.936691284179688,-12.51504135131836,-15.542999267578125
-23.550006866455078,-12.455759048461914,-13.127304077148438
-22.944496154785156,-12.399293899536133,-10.869293212890625
-22.05194854736328,-12.58807373046875,-8.7156982421875
-21.02801513671875,-12.97317886352539,-6.905364990234375
-19.84659194946289,-13.497394561767578,-5.0542449951171875
-18.49628448486328,-14.322280883789062,-3.3288421630859375
-16.978435516357422,-15.250696182250977,-1.6916961669921875
-15.426547050476074,-16.347396850585938,-0.4774017333984375
-13.76448917388916,-17.60363006591797,0.3994598388671875
-12.158448219299316,-18.888153076171875,1.07537841796875
-10.651419639587402,-19.83773422241211,1.4387359619140625
-9.200921058654785,-20.936725616455078,1.4807586669921875
-7.769152641296387,-22.055688858032227,1.637451171875
-6.347039222717285,-23.01584243774414,1.605865478515625
-5.095854759216309,-23.84630584716797,1.3131866455078125
-3.8736486434936523,-24.609153747558594,1.0148468017578125
-2.6415252685546875,-25.339569091796875,0.73486328125
-1.5788450241088867,-25.892988204956055,0.428131103515625
-0.6364126205444336,-26.567642211914062,-0.14361572265625
0.2983865737915039,-26.980506896972656,-0.7566680908203125
0.9958171844482422,-27.507843017578125,-1.1788482666015625
1.715104103088379,-27.845169067382812,-1.51544189453125
2.333590507507324,-28.088050842285156,-1.894561767578125
2.929490089416504,-28.17870330810547,-2.166961669921875
3.4054250717163086,-28.409582138061523,-2.4810638427734375
3.9056272506713867,-28.541343688964844,-2.848785400390625
4.371572494506836,-28.728832244873047,-3.155181884765625
4.729654312133789,-28.807353973388672,-3.47161865234375
5.2049713134765625,-29.00753402709961,-3.7857666015625
5.566572189331055,-29.108552932739258,-4.2089080810546875
5.841949462890625,-29.192222595214844,-4.6140899658203125
6.11744499206543,-29.210981369018555,-5.0672149658203125
6.310286045074463,-29.22921371459961,-5.3211822509765625
6.4402289390563965,-29.124454498291016,-5.4508819580078125
6.623104095458984,-29.07090950012207,-5.5078277587890625
6.642917156219482,-29.037113189697266,-5.416107177734375
6.694807529449463,-29.03196907043457,-5.4388427734375
6.651666641235352,-28.857738494873047,-5.3297882080078125
6.685464382171631,-28.889888763427734,-5.4104156494140625
6.798949241638184,-28.833969116210938,-5.2529144287109375
6.689820766448975,-28.997600555419922,-5.1667022705078125
6.651699066162109,-28.947357177734375,-5.2625732421875
6.708058834075928,-29.038057327270508,-5.600433349609375
6.765885829925537,-29.123790740966797,-5.9692840576171875
6.884376049041748,-29.135147094726562,-6.3852996826171875
6.925249099731445,-29.265592575073242,-6.6195526123046875
7.05179500579834,-29.357833862304688,-6.6312255859375
7.146397113800049,-29.318645477294922,-6.686065673828125
7.134995937347412,-29.4272403717041,-6.6007843017578125
7.114580154418945,-29.517868041992188,-6.52294921875
7.11253547668457,-29.527387619018555,-6.457183837890625
7.174709320068359,-29.495044708251953,-6.28887939453125
7.185658931732178,-29.59626579284668,-6.0579986572265625
7.278515338897705,-29.678869247436523,-5.8304595947265625
7.266027927398682,-29.558887481689453,-5.5942840576171875
7.390212535858154,-29.446592330932617,-5.55450439453125
7.457606315612793,-29.366600036621094,-5.3601837158203125
7.55434513092041,-29.490447998046875,-5.3120269775390625
7.607639789581299,-29.418664932250977,-5.3010711669921875
7.6318135261535645,-29.535306930541992,-5.244903564453125
7.573437690734863,-29.5240535736084,-5.2576904296875
7.547698020935059,-29.530075073242188,-5.149749755859375
7.587288856506348,-29.49181365966797,-5.13653564453125
7.557392597198486,-29.492124557495117,-5.130523681640625
7.519880294799805,-29.468416213989258,-5.1391143798828125
7.536067962646484,-29.551956176757812,-4.970611572265625
7.511322021484375,-29.74068260192871,-4.7557220458984375
7.555966377258301,-29.69382667541504,-4.8661346435546875
7.637454032897949,-29.67351531982422,-5.008941650390625
7.743553161621094,-29.64378547668457,-5.053497314453125
7.605283737182617,-29.599082946777344,-5.174468994140625
7.595808029174805,-29.554824829101562,-5.1898651123046875
7.659425735473633,-29.61833381652832,-5.0500335693359375
7.717801094055176,-29.66977882385254,-5.00836181640625
7.747350692749023,-29.607715606689453,-5.063140869140625
7.712347984313965,-29.67121124267578,-5.144622802734375
7.633505821228027,-29.653783798217773,-5.2365570068359375
7.50619649887085,-29.661758422851562,-5.2565155029296875
7.560969829559326,-29.61954689025879,-5.1952056884765625
7.735877990722656,-29.613971710205078,-5.2999267578125
7.770157814025879,-29.55025291442871,-5.404571533203125
7.6546311378479,-29.508440017700195,-5.2756805419921875
7.570675373077393,-29.378942489624023,-5.2186431884765625
7.580685615539551,-29.329750061035156,-5.1981201171875
7.571450710296631,-29.40038299560547,-5.246246337890625
7.540637016296387,-29.448604583740234,-5.302398681640625
7.59173059463501,-29.47083282470703,-5.3714599609375
7.699604034423828,-29.489383697509766,-5.4859466552734375
7.68321418762207,-29.537630081176758,-5.492279052734375
7.583820819854736,-29.50934600830078,-5.379852294921875
7.469929218292236,-29.521751403808594,-5.446868896484375
7.600490093231201,-29.524070739746094,-5.5090484619140625
7.713264465332031,-29.529556274414062,-5.3739013671875
7.577385425567627,-29.485336303710938,-5.2532196044921875
7.519359111785889,-29.457237243652344,-5.2072601318359375
7.463393688201904,-29.518329620361328,-5.2575225830078125
7.462016582489014,-29.499561309814453,-5.2184600830078125
7.572367191314697,-29.525800704956055,-5.223388671875
7.58315372467041,-29.375205993652344,-5.248382568359375
7.564031600952148,-29.48219871520996,-5.0716552734375
7.576611518859863,-29.505096435546875,-5.1183013916015625
7.591609954833984,-29.40443992614746,-5.211822509765625
7.564844608306885,-29.322532653808594,-5.150665283203125
7.4783806800842285,-29.270065307617188,-5.087615966796875
7.466489315032959,-29.262348175048828,-4.9664764404296875
7.441873550415039,-29.30388069152832,-5.03094482421875
7.417380332946777,-29.349496841430664,-5.0965423583984375
7.434741020202637,-29.361148834228516,-5.1022491455078125
7.3172807693481445,-29.370380401611328,-4.947052001953125
7.2724761962890625,-29.47069549560547,-4.930084228515625
7.250423908233643,-29.557668685913086,-4.983734130859375
7.338527202606201,-29.396270751953125,-5.0715789794921875
7.463079452514648,-29.34508514404297,-5.2232666015625
7.55714750289917,-29.42978858947754,-5.2110137939453125
7.624527454376221,-29.50359535217285,-5.232818603515625
7.536531448364258,-29.592782974243164,-5.073150634765625
7.437236309051514,-29.710002899169922,-5.0654296875
7.4266815185546875,-29.61901092529297,-5.1285400390625
7.424190521240234,-29.68010139465332,-5.229034423828125
7.478247165679932,-29.543224334716797,-5.076080322265625
7.462805271148682,-29.600744247436523,-5.101898193359375
7.543489933013916,-29.592357635498047,-5.1262359619140625
7.620083808898926,-29.514299392700195,-5.1597442626953125
7.628958702087402,-29.549196243286133,-5.2414093017578125
7.575801849365234,-29.521883010864258,-5.152862548828125
7.609893321990967,-29.498445510864258,-5.147979736328125
7.611856460571289,-29.505550384521484,-5.06146240234375
7.620733261108398,-29.64330291748047,-5.0366973876953125
7.517221450805664,-29.782485961914062,-5.0970916748046875
7.491134166717529,-29.75338363647461,-5.023590087890625
7.5176472663879395,-29.681766510009766,-4.9347991943359375
7.6094865798950195,-29.613222122192383,-4.9371185302734375
7.672117233276367,-29.610076904296875,-4.9817962646484375
7.839764595031738,-29.740718841552734,-5.0761260986328125
7.9302473068237305,-29.90175437927246,-5.131103515625
8.032193183898926,-29.76144790649414,-5.0617828369140625
7.945858478546143,-29.64267921447754,-5.0823974609375
7.843029975891113,-29.56817054748535,-4.98974609375
7.903930187225342,-29.543437957763672,-4.9549713134765625
7.762107849121094,-29.62549591064453,-4.986663818359375
7.598764419555664,-29.500099182128906,-4.9588470458984375
7.653226375579834,-29.471885681152344,-4.7880401611328125
7.673366069793701,-29.468889236450195,-4.7347259521484375
7.551730155944824,-29.489662170410156,-4.8101043701171875
7.6672282218933105,-29.544574737548828,-4.8472747802734375
7.725130558013916,-29.557628631591797,-4.9689483642578125
7.876771926879883,-29.65756607055664,-5.034942626953125
7.8650994300842285,-29.683937072753906,-5.0703887939453125
7.878467559814453,-29.656957626342773,-4.9633636474609375
7.917301654815674,-29.560346603393555,-5.038726806640625
7.924785137176514,-29.47443962097168,-5.04937744140625
7.833571910858154,-29.462749481201172,-5.0446014404296875
7.8275556564331055,-29.535987854003906,-5.0493621826171875
7.773184299468994,-29.564395904541016,-5.078155517578125
7.694004058837891,-29.593769073486328,-5.0174560546875
7.693387985229492,-29.650867462158203,-4.9776458740234375
7.588113307952881,-29.78582000732422,-4.793182373046875
7.538153171539307,-29.65587043762207,-4.732757568359375
7.55883264541626,-29.664962768554688,-4.70025634765625
7.5481038093566895,-29.66867446899414,-4.6993560791015625
7.713156700134277,-29.653411865234375,-4.704559326171875
7.760667324066162,-29.663454055786133,-4.806060791015625
7.719860076904297,-29.634973526000977,-4.9976043701171875
7.574798107147217,-29.762727737426758,-5.0235137939453125
7.535269737243652,-29.818517684936523,-5.064605712890625
7.511455059051514,-29.910884857177734,-5.01025390625
7.450774192810059,-29.89239501953125,-5.0404510498046875
7.472386360168457,-29.918277740478516,-4.85748291015625
7.516012191772461,-29.878650665283203,-4.818572998046875
7.670882225036621,-29.860069274902344,-4.7242279052734375
7.753700256347656,-29.712554931640625,-4.7289276123046875
7.6407341957092285,-29.64556312561035,-4.6358489990234375
7.550106048583984,-29.64811134338379,-4.5785675048828125
7.597897052764893,-29.605880737304688,-4.6571807861328125
7.599305629730225,-29.651325225830078,-4.6970367431640625
7.608417510986328,-29.70969009399414,-4.8619384765625
7.540624618530273,-29.69080352783203,-5.097259521484375
7.556086540222168,-29.699487686157227,-5.1881256103515625
7.586456298828125,-29.625720977783203,-5.2123870849609375
7.618372440338135,-29.512224197387695,-5.190032958984375
7.632925033569336,-29.568157196044922,-5.1977386474609375
7.737101078033447,-29.49516487121582,-5.2190399169921875
7.831897258758545,-29.486278533935547,-5.083953857421875
7.902159214019775,-29.453227996826172,-4.9692230224609375
7.845711708068848,-29.4732608795166,-4.8759002685546875
7.748583793640137,-29.543106079101562,-4.87109375
7.672440528869629,-29.501407623291016,-4.8785552978515625
7.639799118041992,-29.552841186523438,-4.8843536376953125
7.624908924102783,-29.571659088134766,-4.746978759765625
7.526848316192627,-29.387056350708008,-4.7045440673828125
7.646064758300781,-29.47000503540039,-4.7320556640625
7.636877059936523,-29.51201820373535,-4.6862335205078125
7.626981258392334,-29.43483543395996,-4.6402435302734375
7.452008247375488,-29.385807037353516,-4.723388671875
7.445404052734375,-29.43883514404297,-4.75958251953125
7.499698162078857,-29.548830032348633,-4.71746826171875
7.593811511993408,-29.490013122558594,-4.8143310546875
7.732202053070068,-29.532493591308594,-4.9588623046875
7.669961452484131,-29.512805938720703,-5.059356689453125
7.670575141906738,-29.497596740722656,-5.0205078125
7.680912494659424,-29.545217514038086,-5.1663818359375
7.560143947601318,-29.49625587463379,-5.0835113525390625
7.431534290313721,-29.395626068115234,-5.05645751953125
7.5038065910339355,-29.372486114501953,-5.055816650390625
7.572537422180176,-29.376554489135742,-5.0936279296875
7.585079669952393,-29.4635009765625,-5.0886993408203125
7.5390801429748535,-29.394031524658203,-4.93359375
7.583831787109375,-29.442550659179688,-4.7761993408203125
7.588687419891357,-29.449111938476562,-4.76202392578125
7.576206207275391,-29.450246810913086,-4.727447509765625
7.555810451507568,-29.480491638183594,-4.7080535888671875
7.524822235107422,-29.559593200683594,-4.8518218994140625
7.647715091705322,-29.57213020324707,-4.9293060302734375
7.650718688964844,-29.510038375854492,-4.8775177001953125
7.60109806060791,-29.515575408935547,-4.8855133056640625
7.695775032043457,-29.469207763671875,-4.876708984375
7.690191268920898,-29.52863311767578,-4.7501220703125
7.713381767272949,-29.571319580078125,-4.7852935791015625
7.795553207397461,-29.481807708740234,-4.8589630126953125
7.832301139831543,-29.55521011352539,-5.0258331298828125
7.9006147384643555,-29.516630172729492,-5.03692626953125
7.805428504943848,-29.49064064025879,-5.0978546142578125
7.624695301055908,-29.431774139404297,-4.9224395751953125
7.603341102600098,-29.32322883605957,-4.9699859619140625
7.69642448425293,-29.276813507080078,-4.9713134765625
7.653873443603516,-29.315649032592773,-4.7673797607421875
7.691976547241211,-29.383214950561523,-4.7166748046875
7.652541637420654,-29.422748565673828,-4.7374114990234375
7.608548641204834,-29.43958854675293,-4.886993408203125
7.603679656982422,-29.485000610351562,-4.885833740234375
7.571380138397217,-29.548280715942383,-4.9272308349609375
7.450658321380615,-29.520978927612305,-4.94537353515625
7.398867130279541,-29.494749069213867,-4.9438934326171875
7.535018444061279,-29.506736755371094,-4.890411376953125
7.520290851593018,-29.48129653930664,-4.742279052734375
7.504888534545898,-29.4738826751709,-4.73583984375
7.509357929229736,-29.482566833496094,-4.658172607421875
7.520574569702148,-29.513181686401367,-4.6259765625
7.549233913421631,-29.293739318847656,-4.576080322265625
7.522415637969971,-29.23215675354004,-4.674224853515625
7.419038772583008,-29.32012176513672,-4.847015380859375
7.447307586669922,-29.42169952392578,-4.8175811767578125
7.451172351837158,-29.536258697509766,-4.7695770263671875
7.4259867668151855,-29.609786987304688,-4.874267578125
7.326829433441162,-29.672182083129883,-4.86553955078125
7.303793430328369,-29.56239891052246,-4.8273162841796875
7.248257160186768,-29.537321090698242,-4.73828125
7.413994789123535,-29.389923095703125,-4.919525146484375
7.557281017303467,-29.40470314025879,-4.99200439453125
7.559680938720703,-29.482746124267578,-5.0857696533203125
7.520138263702393,-29.546045303344727,-5.010833740234375
7.4150285720825195,-29.47372055053711,-4.7987060546875
7.567323207855225,-29.523990631103516,-4.840545654296875
7.557070255279541,-29.476722717285156,-4.973846435546875
7.5808634757995605,-29.367938995361328,-5.0817718505859375
7.666754245758057,-29.37929916381836,-5.0606231689453125
7.788046360015869,-29.45061683654785,-5.046051025390625
7.851319789886475,-29.501827239990234,-4.86663818359375
7.65737247467041,-29.351985931396484,-4.89837646484375
7.628098487854004,-29.303979873657227,-4.9673614501953125
7.571922302246094,-29.493648529052734,-4.99468994140625
7.455888748168945,-29.45592498779297,-5.042327880859375
7.467685699462891,-29.460100173950195,-5.0815887451171875
7.497426986694336,-29.536958694458008,-5.12188720703125
7.505935192108154,-29.526914596557617,-4.9892578125
7.592879295349121,-29.445755004882812,-4.813934326171875
7.658166408538818,-29.322689056396484,-4.8292083740234375
7.8401713371276855,-29.254587173461914,-4.8916168212890625
7.848220348358154,-29.19818878173828,-5.034759521484375
7.726286888122559,-29.257183074951172,-4.966552734375
7.75738525390625,-29.133453369140625,-4.8429107666015625
7.738717079162598,-29.253082275390625,-4.7488555908203125
7.685897350311279,-29.426908493041992,-4.59185791015625
7.681496620178223,-29.572660446166992,-4.5505218505859375
7.697207450866699,-29.668581008911133,-4.7053070068359375
7.689911365509033,-29.602680206298828,-4.69873046875
7.589099884033203,-29.62005615234375,-4.6918487548828125
7.526808261871338,-29.653491973876953,-4.8504638671875
7.522146224975586,-29.577831268310547,-4.9472198486328125
7.629073143005371,-29.449953079223633,-4.9020233154296875
7.595232009887695,-29.54304313659668,-4.849578857421875
7.48546838760376,-29.492753982543945,-4.8084259033203125
7.460515975952148,-29.59189224243164,-4.8131561279296875
7.569342136383057,-29.665605545043945,-4.796051025390625
7.57222843170166,-29.62185287475586,-4.8553314208984375
7.747247219085693,-29.68550682067871,-4.8594512939453125
7.78355598449707,-29.707050323486328,-5.0040130615234375
7.703833103179932,-29.647480010986328,-5.035797119140625
7.64810037612915,-29.67123031616211,-5.0874786376953125
7.599577903747559,-29.695716857910156,-5.032501220703125
7.610547065734863,-29.80400848388672,-5.027740478515625
7.706236839294434,-29.73731803894043,-5.096954345703125
7.876033782958984,-29.655471801757812,-5.1455230712890625
7.880259037017822,-29.657644271850586,-5.164031982421875
7.7470526695251465,-29.599185943603516,-5.22979736328125
7.637182712554932,-29.689054489135742,-5.2392120361328125
7.471798896789551,-29.774080276489258,-5.2179718017578125
7.310853481292725,-29.807405471801758,-5.269927978515625
7.311264991760254,-29.70054817199707,-5.2424163818359375
7.347994804382324,-29.675243377685547,-5.064910888671875
7.3746256828308105,-29.65545654296875,-5.016448974609375
7.50154972076416,-29.56952667236328,-5.057769775390625
7.551460266113281,-29.5489444732666,-5.0482177734375
7.551460266113281,-29.5489444732666,-5.0482177734375
7.5966997146606445,-29.649986267089844,-5.10308837890625
7.606300354003906,-29.55886459350586,-5.0847015380859375
7.445085525512695,-29.494876861572266,-4.9299774169921875
7.392139434814453,-29.48491859436035,-4.756866455078125
7.361264228820801,-29.528717041015625,-4.717681884765625
7.393717288970947,-29.586200714111328,-4.9172210693359375
7.53847599029541,-29.580270767211914,-5.0692291259765625
7.460319995880127,-29.581954956054688,-5.2352294921875
7.519989967346191,-29.480022430419922,-5.202301025390625
7.510861396789551,-29.49871253967285,-5.110809326171875
7.469140529632568,-29.65871238708496,-5.124053955078125
7.415359973907471,-29.59681510925293,-5.10784912109375
7.4686384201049805,-29.573009490966797,-5.0857391357421875
7.418415069580078,-29.54952049255371,-5.161590576171875
7.465764045715332,-29.49665069580078,-5.2544708251953125
7.305511951446533,-29.59064292907715,-5.39239501953125
7.386953830718994,-29.65009880065918,-5.345245361328125
7.487483501434326,-29.518497467041016,-5.247283935546875
7.5956292152404785,-29.378660202026367,-5.0971832275390625
7.563772678375244,-29.443218231201172,-5.051605224609375
7.5866899490356445,-29.44464111328125,-4.946075439453125
7.698366165161133,-29.525604248046875,-5.045013427734375
7.708907604217529,-29.505769729614258,-5.0647735595703125
7.6748480796813965,-29.565021514892578,-5.0234222412109375
7.615301132202148,-29.529027938842773,-4.9598541259765625
7.603877067565918,-29.52786636352539,-4.9210968017578125
7.560956954956055,-29.578994750976562,-5.0679931640625
7.562069892883301,-29.67868995666504,-5.0908966064453125
7.5204033851623535,-29.708112716674805,-5.0975494384765625
7.550025463104248,-29.611900329589844,-4.9713134765625
7.562691688537598,-29.511489868164062,-5.07965087890625
7.4393110275268555,-29.46407127380371,-5.0893402099609375
7.416661739349365,-29.365352630615234,-5.0816497802734375
7.4159464836120605,-29.41574478149414,-5.057342529296875
7.39445686340332,-29.502939224243164,-5.1599884033203125
7.438259124755859,-29.43541717529297,-5.2108917236328125
7.393449783325195,-29.36452293395996,-5.4135284423828125
7.431062698364258,-29.420015335083008,-5.561981201171875
7.492680072784424,-29.468372344970703,-5.2873382568359375
7.5410871505737305,-29.466535568237305,-5.2049407958984375
7.591378688812256,-29.521989822387695,-5.1266632080078125
7.429780960083008,-29.570716857910156,-4.8997802734375
7.391517162322998,-29.516895294189453,-4.8104095458984375
7.54198694229126,-29.51535415649414,-4.853759765625
7.582301616668701,-29.45359992980957,-4.9886016845703125
7.585533618927002,-29.402053833007812,-4.908782958984375
7.4544358253479,-29.428077697753906,-4.7836456298828125
7.4126482009887695,-29.356386184692383,-4.812835693359375
7.392273426055908,-29.394733428955078,-4.850616455078125
7.438849449157715,-29.379066467285156,-4.8999176025390625
7.451330661773682,-29.469772338867188,-5.0496826171875
7.3770952224731445,-29.551969528198242,-4.97454833984375
7.435894012451172,-29.53396987915039,-4.7779541015625
7.444572925567627,-29.534076690673828,-4.774658203125
7.444030284881592,-29.567760467529297,-4.8025970458984375
7.381392478942871,-29.57332992553711,-4.6436004638671875
7.448917388916016,-29.640106201171875,-4.7630767822265625
7.577907085418701,-29.631929397583008,-4.7826995849609375
7.611867904663086,-29.55577850341797,-4.746063232421875
7.536858081817627,-29.587745666503906,-4.725128173828125
7.410727024078369,-29.636348724365234,-4.729583740234375
