"Time (s)","X (m/s^2)","Y (m/s^2)","Z (m/s^2)"
-5.985833341E-4,1.472937012E-1,1.990859985E-1,-9.791438599E0
9.456416665E-3,1.499880981E-1,1.907034302E-1,-9.791737976E0
1.951141666E-2,1.489402771E-1,1.975891113E-1,-9.780062256E0
2.956641667E-2,1.442999268E-1,2.038760376E-1,-9.783056030E0
3.962241667E-2,1.456471252E-1,2.011816406E-1,-9.789642334E0
4.967741667E-2,1.469943237E-1,1.998344421E-1,-9.791438599E0
5.973229167E-2,1.417552185E-1,1.960922241E-1,-9.790390778E0
6.978729166E-2,1.416055298E-1,2.002835083E-1,-9.791737976E0
7.984329166E-2,1.483415222E-1,2.001338196E-1,-9.788594513E0
8.989829167E-2,1.456471252E-1,1.978884888E-1,-9.793534241E0
9.995329167E-2,1.480421448E-1,2.079176331E-1,-9.792486420E0
1.100082917E-1,1.381626892E-1,1.920506287E-1,-9.790839844E0
1.200642917E-1,1.393601990E-1,1.932481384E-1,-9.786498871E0
1.301192917E-1,1.380130005E-1,1.947450256E-1,-9.779164124E0
1.401742917E-1,1.435514832E-1,1.910028076E-1,-9.787097626E0
1.502292917E-1,1.516346741E-1,1.898052979E-1,-9.789792023E0
1.602852917E-1,1.490899658E-1,1.969903564E-1,-9.796078949E0
1.703402917E-1,1.480421448E-1,1.978884888E-1,-9.786498871E0
1.803952917E-1,1.399589539E-1,1.932481384E-1,-9.780661011E0
1.904502917E-1,1.466949463E-1,1.986369324E-1,-9.793833618E0
2.005062917E-1,1.592687988E-1,1.975891113E-1,-9.787546692E0
2.105612917E-1,1.499880981E-1,1.996847534E-1,-9.789941711E0
2.206162917E-1,1.399589539E-1,1.981878662E-1,-9.794282684E0
2.306712917E-1,1.522334290E-1,1.932481384E-1,-9.794432373E0
2.407272917E-1,1.395098877E-1,2.011816406E-1,-9.783205719E0
2.507822917E-1,1.472937012E-1,1.944456482E-1,-9.785301361E0
2.608372917E-1,1.445993042E-1,1.938468933E-1,-9.794582062E0
2.708922917E-1,1.438508606E-1,1.904040527E-1,-9.787995758E0
2.809482917E-1,1.493893433E-1,1.948947144E-1,-9.791887665E0
2.910032917E-1,1.389111328E-1,2.017803955E-1,-9.795330505E0
3.010582917E-1,1.516346741E-1,1.992356873E-1,-9.793683929E0
3.111132917E-1,1.513352966E-1,1.869612122E-1,-9.778415680E0
3.211692917E-1,1.460961914E-1,1.899549866E-1,-9.791887665E0
3.312242917E-1,1.457968140E-1,1.902543640E-1,-9.777816925E0
3.412792917E-1,1.471440125E-1,1.910028076E-1,-9.777517548E0
3.513342917E-1,1.462458801E-1,1.981878662E-1,-9.777367859E0
3.613902917E-1,1.447489929E-1,1.947450256E-1,-9.782157898E0
3.714452917E-1,1.535806274E-1,1.980381775E-1,-9.792187042E0
3.815002917E-1,1.511856079E-1,2.004331970E-1,-9.775272217E0
3.915552917E-1,1.413061523E-1,1.924996948E-1,-9.780511322E0
4.016112917E-1,1.396595764E-1,1.889071655E-1,-9.779313812E0
4.116662917E-1,1.390608215E-1,1.980381775E-1,-9.784253540E0
4.217212917E-1,1.438508606E-1,1.951940918E-1,-9.782756653E0
4.317762917E-1,1.429527283E-1,1.911524963E-1,-9.790989532E0
4.418322917E-1,1.453477478E-1,2.013313293E-1,-9.784702606E0
4.518872917E-1,1.478924561E-1,1.959425354E-1,-9.784253540E0
4.619422917E-1,1.432521057E-1,1.947450256E-1,-9.781259766E0
4.719972917E-1,1.496887207E-1,1.954934692E-1,-9.787097626E0
4.820532917E-1,1.423539734E-1,2.019300842E-1,-9.791139221E0
4.921082917E-1,1.410067749E-1,1.990859985E-1,-9.786798248E0
5.021632917E-1,1.502874756E-1,1.992356873E-1,-9.782157898E0
5.122182917E-1,1.490899658E-1,1.996847534E-1,-9.785451050E0
5.222732917E-1,1.420545959E-1,2.029779053E-1,-9.786498871E0
5.323292917E-1,1.438508606E-1,2.017803955E-1,-9.782457275E0
5.423842917E-1,1.405577087E-1,1.981878662E-1,-9.781708832E0
5.524392917E-1,1.413061523E-1,1.893562317E-1,-9.786798248E0
5.624942917E-1,1.472937012E-1,1.975891113E-1,-9.794432373E0
5.725502917E-1,1.495390320E-1,1.895059204E-1,-9.790390778E0
5.826052917E-1,1.404080200E-1,1.974394226E-1,-9.784852295E0
5.926602917E-1,1.483415222E-1,1.954934692E-1,-9.779613190E0
6.027152917E-1,1.526824951E-1,1.910028076E-1,-9.782606964E0
6.127712917E-1,1.483415222E-1,1.908531189E-1,-9.789642334E0
6.228262917E-1,1.407073975E-1,2.002835083E-1,-9.785750427E0
6.328812917E-1,1.544787598E-1,1.992356873E-1,-9.794282684E0
6.429362917E-1,1.454974365E-1,1.926493835E-1,-9.792785797E0
6.529922917E-1,1.445993042E-1,1.965412903E-1,-9.790690155E0
6.630472917E-1,1.489402771E-1,1.905537415E-1,-9.785600739E0
6.731022917E-1,1.357676697E-1,2.019300842E-1,-9.777218170E0
6.831572917E-1,1.465452576E-1,2.038760376E-1,-9.787097626E0
6.932132917E-1,1.426533508E-1,1.975891113E-1,-9.788295135E0
7.032682917E-1,1.490899658E-1,2.041754150E-1,-9.788145447E0
7.133232917E-1,1.498384094E-1,1.947450256E-1,-9.781858521E0
7.233782917E-1,1.456471252E-1,1.859133911E-1,-9.791139221E0
7.334342917E-1,1.462458801E-1,1.938468933E-1,-9.790390778E0
7.434892917E-1,1.438508606E-1,2.058219910E-1,-9.792486420E0
7.535442917E-1,1.477427673E-1,2.004331970E-1,-9.779613190E0
7.635992917E-1,1.419049072E-1,1.992356873E-1,-9.784852295E0
7.736552917E-1,1.413061523E-1,1.939965820E-1,-9.793683929E0
7.837102917E-1,1.463955688E-1,1.983375549E-1,-9.790241089E0
7.937652917E-1,1.447489929E-1,1.947450256E-1,-9.783355408E0
8.038202917E-1,1.426533508E-1,2.013313293E-1,-9.787696381E0
8.138762917E-1,1.425036621E-1,1.922003174E-1,-9.783355408E0
8.239312917E-1,1.480421448E-1,1.956431580E-1,-9.790690155E0
8.339862917E-1,1.505868530E-1,1.960922241E-1,-9.794582062E0
8.440412917E-1,1.523831177E-1,2.014810181E-1,-9.781409454E0
8.540972917E-1,1.486408997E-1,1.959425354E-1,-9.788145447E0
8.641522917E-1,1.441502380E-1,2.010319519E-1,-9.783205719E0
8.742072917E-1,1.432521057E-1,2.091151428E-1,-9.786648560E0
8.842622917E-1,1.465452576E-1,1.981878662E-1,-9.779762878E0
8.943182917E-1,1.483415222E-1,1.978884888E-1,-9.779613190E0
9.043732917E-1,1.526824951E-1,1.913021851E-1,-9.787247314E0
9.144282917E-1,1.380130005E-1,1.899549866E-1,-9.782307587E0
9.244832917E-1,1.413061523E-1,1.986369324E-1,-9.792187042E0
9.345392917E-1,1.429527283E-1,1.989363098E-1,-9.789792023E0
9.445942917E-1,1.507365417E-1,1.907034302E-1,-9.781409454E0
9.546492917E-1,1.556762695E-1,1.847158813E-1,-9.781559143E0
9.647042917E-1,1.474433899E-1,1.936972046E-1,-9.786049805E0
9.747602917E-1,1.483415222E-1,1.935475159E-1,-9.787397003E0
9.848152917E-1,1.495390320E-1,1.908531189E-1,-9.787546692E0
9.948702917E-1,1.442999268E-1,1.954934692E-1,-9.785600739E0
1.004925292E0,1.426533508E-1,1.980381775E-1,-9.787247314E0
1.014981292E0,1.579216003E-1,1.993853760E-1,-9.786947937E0
1.025036292E0,1.435514832E-1,2.025288391E-1,-9.794582062E0
1.035091292E0,1.445993042E-1,2.112107849E-1,-9.793234863E0
1.045146292E0,1.483415222E-1,2.061213684E-1,-9.783205719E0
1.055202417E0,1.499880981E-1,2.165995789E-1,-9.789492645E0
1.065257417E0,1.484912109E-1,2.237846375E-1,-9.784852295E0
1.075312417E0,1.462458801E-1,2.112107849E-1,-9.779912567E0
1.085367417E0,1.396595764E-1,2.116598511E-1,-9.797126770E0
1.095422417E0,1.460961914E-1,1.877096558E-1,-9.801318054E0
1.105478417E0,1.411564636E-1,1.438508606E-1,-9.788744202E0
1.115533417E0,1.320254517E-1,1.490899658E-1,-9.808203735E0
1.125588417E0,1.519340515E-1,1.634600830E-1,-9.779912567E0
1.135643417E0,1.393601990E-1,1.808239746E-1,-9.777367859E0
1.145699417E0,1.462458801E-1,1.929487610E-1,-9.774823151E0
1.155754417E0,1.459465027E-1,1.881587219E-1,-9.780361633E0
1.165809417E0,1.429527283E-1,1.839674377E-1,-9.788594513E0
1.175864417E0,1.407073975E-1,1.974394226E-1,-9.787097626E0
1.185920417E0,1.558259583E-1,2.041754150E-1,-9.791887665E0
1.195975417E0,1.489402771E-1,2.290237427E-1,-9.792336731E0
1.206030417E0,1.472937012E-1,2.326162720E-1,-9.782906342E0
1.216085417E0,1.411564636E-1,2.191442871E-1,-9.790241089E0
1.226141417E0,1.444496155E-1,2.046244812E-1,-9.794881439E0
1.236196417E0,1.440005493E-1,1.929487610E-1,-9.786049805E0
1.246251417E0,1.459465027E-1,1.922003174E-1,-9.779313812E0
1.256306417E0,1.414558411E-1,2.016307068E-1,-9.782756653E0
1.266362417E0,1.448986816E-1,1.995350647E-1,-9.793683929E0
1.276417417E0,1.504371643E-1,2.029779053E-1,-9.791139221E0
1.286472417E0,1.475930786E-1,2.116598511E-1,-9.784702606E0
1.296527417E0,1.445993042E-1,2.197430420E-1,-9.790091400E0
1.306583417E0,1.462458801E-1,2.332150269E-1,-9.786049805E0
1.316638417E0,1.468446350E-1,2.372566223E-1,-9.781259766E0
1.326693417E0,1.468446350E-1,2.242337036E-1,-9.789941711E0
1.336748417E0,1.546284485E-1,1.860630798E-1,-9.783954163E0
1.346804417E0,1.369651794E-1,1.661544800E-1,-9.783205719E0
1.356859417E0,1.428030396E-1,1.502874756E-1,-9.780361633E0
1.366914417E0,1.383123779E-1,1.483415222E-1,-9.792037354E0
1.376969417E0,1.377136230E-1,1.528321838E-1,-9.777667236E0
1.387025417E0,1.513352966E-1,1.797761536E-1,-9.786199493E0
1.397080417E0,1.442999268E-1,1.883084106E-1,-9.777367859E0
1.407135417E0,1.478924561E-1,1.926493835E-1,-9.779613190E0
1.417190417E0,1.531315613E-1,2.035766602E-1,-9.788444824E0
1.427246417E0,1.495390320E-1,2.221380615E-1,-9.787995758E0
1.437301417E0,1.532812500E-1,2.110610962E-1,-9.788295135E0
1.447356417E0,1.440005493E-1,2.146536255E-1,-9.790839844E0
1.457411417E0,1.468446350E-1,2.037263489E-1,-9.794881439E0
1.467467417E0,1.428030396E-1,1.945953369E-1,-9.788295135E0
1.477522417E0,1.487905884E-1,1.957928467E-1,-9.788594513E0
1.487577417E0,1.516346741E-1,1.984872437E-1,-9.781259766E0
1.497632417E0,1.450483704E-1,1.980381775E-1,-9.793683929E0
1.507688417E0,1.487905884E-1,1.923500061E-1,-9.786798248E0
1.517743417E0,1.414558411E-1,1.860630798E-1,-9.783205719E0
1.527798417E0,1.393601990E-1,1.857637024E-1,-9.787696381E0
1.537853417E0,1.408570862E-1,1.990859985E-1,-9.785750427E0
1.547909417E0,1.434017944E-1,2.142045593E-1,-9.791288910E0
1.557964417E0,1.442999268E-1,2.201921082E-1,-9.780661011E0
1.568019417E0,1.493893433E-1,2.203417969E-1,-9.778565369E0
1.578074417E0,1.534309387E-1,2.103126526E-1,-9.786199493E0
1.588130417E0,1.498384094E-1,1.871109009E-1,-9.793833618E0
1.598185417E0,1.381626892E-1,1.655557251E-1,-9.789492645E0
1.608240417E0,1.329235840E-1,1.624122620E-1,-9.790390778E0
1.618295417E0,1.447489929E-1,1.666035461E-1,-9.796228638E0
1.628351417E0,1.442999268E-1,1.799258423E-1,-9.790091400E0
1.638406417E0,1.410067749E-1,1.905537415E-1,-9.790091400E0
1.648461417E0,1.434017944E-1,2.052232361E-1,-9.790690155E0
1.658516417E0,1.425036621E-1,2.222877502E-1,-9.795480194E0
1.668571417E0,1.490899658E-1,2.273771667E-1,-9.785451050E0
1.678627417E0,1.517843628E-1,2.263293457E-1,-9.783056030E0
1.688682417E0,1.462458801E-1,2.047741699E-1,-9.785750427E0
1.698737417E0,1.478924561E-1,1.933978271E-1,-9.786798248E0
1.708792417E0,1.528321838E-1,1.790277100E-1,-9.784702606E0
1.718848417E0,1.357676697E-1,1.758842468E-1,-9.787995758E0
1.728903417E0,1.399589539E-1,1.829196167E-1,-9.788295135E0
1.738958417E0,1.442999268E-1,1.935475159E-1,-9.790091400E0
1.749013417E0,1.425036621E-1,2.149530029E-1,-9.783654785E0
1.759069417E0,1.489402771E-1,2.149530029E-1,-9.786049805E0
1.769124417E0,1.359173584E-1,2.067201233E-1,-9.788893890E0
1.779179417E0,1.448986816E-1,1.954934692E-1,-9.789193268E0
1.789234417E0,1.390608215E-1,1.978884888E-1,-9.792636108E0
1.799290417E0,1.434017944E-1,1.823208618E-1,-9.798473969E0
1.809345417E0,1.392105103E-1,1.851649475E-1,-9.790839844E0
1.819400417E0,1.478924561E-1,1.791773987E-1,-9.786648560E0
1.829455417E0,1.425036621E-1,1.847158813E-1,-9.776170349E0
1.839511417E0,1.543290710E-1,1.956431580E-1,-9.787546692E0
1.849566417E0,1.502874756E-1,2.044747925E-1,-9.793384552E0
1.859621417E0,1.389111328E-1,1.959425354E-1,-9.790091400E0
1.869676417E0,1.457968140E-1,1.945953369E-1,-9.792187042E0
1.879732417E0,1.477427673E-1,1.993853760E-1,-9.786798248E0
1.889787417E0,1.492396545E-1,1.995350647E-1,-9.783056030E0
1.899842417E0,1.555265808E-1,2.139051819E-1,-9.780211945E0
1.909897417E0,1.541793823E-1,2.213896179E-1,-9.783505096E0
1.919953417E0,1.441502380E-1,2.154020691E-1,-9.785151672E0
1.930008417E0,1.423539734E-1,1.989363098E-1,-9.781259766E0
1.940063417E0,1.420545959E-1,1.862127686E-1,-9.787846069E0
1.950118417E0,1.399589539E-1,1.818717957E-1,-9.784403229E0
1.960174417E0,1.442999268E-1,1.821711731E-1,-9.795629883E0
1.970229417E0,1.523831177E-1,1.847158813E-1,-9.791438599E0
1.980284417E0,1.448986816E-1,1.974394226E-1,-9.786947937E0
1.990339417E0,1.456471252E-1,2.109114075E-1,-9.778265991E0
2.000394417E0,1.453477478E-1,2.059716797E-1,-9.779613190E0
2.010450417E0,1.454974365E-1,2.100132751E-1,-9.789792023E0
2.020505417E0,1.460961914E-1,2.124082947E-1,-9.785900116E0
2.030560417E0,1.510359192E-1,2.128573608E-1,-9.791139221E0
2.040615417E0,1.486408997E-1,1.998344421E-1,-9.789642334E0
2.050671417E0,1.546284485E-1,1.983375549E-1,-9.781559143E0
2.060726125E0,1.477427673E-1,1.896556091E-1,-9.784103851E0
2.070781125E0,1.478924561E-1,1.847158813E-1,-9.777517548E0
2.080836125E0,1.565744019E-1,1.818717957E-1,-9.785301361E0
2.090892125E0,1.483415222E-1,1.778302002E-1,-9.793085175E0
2.100947125E0,1.477427673E-1,1.881587219E-1,-9.785900116E0
2.111002125E0,1.445993042E-1,1.920506287E-1,-9.792636108E0
2.121057125E0,1.416055298E-1,2.121089172E-1,-9.785151672E0
2.131113125E0,1.597178650E-1,2.174977112E-1,-9.781858521E0
2.141168125E0,1.483415222E-1,2.110610962E-1,-9.793234863E0
2.151223125E0,1.399589539E-1,2.109114075E-1,-9.786947937E0
2.161278125E0,1.395098877E-1,2.011816406E-1,-9.792636108E0
2.171334125E0,1.504371643E-1,1.930984497E-1,-9.787696381E0
2.181389125E0,1.553768921E-1,1.942959595E-1,-9.792785797E0
2.191444125E0,1.426533508E-1,1.954934692E-1,-9.782457275E0
2.201499125E0,1.501377869E-1,1.963916016E-1,-9.781110077E0
2.211555125E0,1.478924561E-1,2.020797729E-1,-9.784552917E0
2.221610125E0,1.448986816E-1,2.001338196E-1,-9.795180817E0
2.231665125E0,1.411564636E-1,1.996847534E-1,-9.784103851E0
2.241720125E0,1.498384094E-1,2.002835083E-1,-9.787397003E0
2.251775125E0,1.492396545E-1,2.004331970E-1,-9.783355408E0
2.261831125E0,1.532812500E-1,1.951940918E-1,-9.786798248E0
2.271886125E0,1.604663086E-1,2.001338196E-1,-9.790241089E0
2.281941125E0,1.543290710E-1,1.968406677E-1,-9.791438599E0
2.291996125E0,1.414558411E-1,1.930984497E-1,-9.783056030E0
2.302052125E0,1.448986816E-1,1.883084106E-1,-9.785900116E0
2.312107125E0,1.408570862E-1,1.938468933E-1,-9.776320038E0
2.322162125E0,1.448986816E-1,1.998344421E-1,-9.794282684E0
2.332217125E0,1.577719116E-1,2.008822632E-1,-9.780960388E0
2.342273125E0,1.553768921E-1,1.930984497E-1,-9.784852295E0
2.352328125E0,1.564247131E-1,1.932481384E-1,-9.788145447E0
2.362383125E0,1.466949463E-1,2.106120300E-1,-9.785151672E0
2.372438125E0,1.348695374E-1,2.168989563E-1,-9.777816925E0
2.382494125E0,1.383123779E-1,2.059716797E-1,-9.785451050E0
2.392549125E0,1.411564636E-1,2.001338196E-1,-9.788893890E0
2.402604125E0,1.466949463E-1,2.016307068E-1,-9.779762878E0
2.412659125E0,1.460961914E-1,1.953437805E-1,-9.779313812E0
2.422715125E0,1.442999268E-1,1.989363098E-1,-9.785301361E0
2.432770125E0,1.432521057E-1,1.957928467E-1,-9.786498871E0
2.442825125E0,1.416055298E-1,1.913021851E-1,-9.787696381E0
2.452880125E0,1.442999268E-1,1.892065430E-1,-9.790390778E0
2.462936125E0,1.576222229E-1,1.945953369E-1,-9.787247314E0
2.472991125E0,1.592687988E-1,2.095642090E-1,-9.782756653E0
2.483046125E0,1.568737793E-1,2.026785278E-1,-9.783056030E0
2.493101125E0,1.616638184E-1,2.130070496E-1,-9.790839844E0
2.503157125E0,1.746867371E-1,2.239343262E-1,-9.790091400E0
2.513212125E0,1.910028076E-1,2.597099304E-1,-9.798923035E0
2.523267125E0,2.646496582E-1,4.561015320E-1,-9.877509613E0
2.533322125E0,-4.954696655E-2,-3.116519165E-1,-3.827241211E0
2.543377125E0,-2.244732056E0,1.553469543E0,-6.991810455E0
2.553433125E0,-2.911445618E-1,8.861572266E-1,-1.056757462E1
2.563488125E0,1.788929901E0,-1.088985443E0,-9.577982483E0
2.573543125E0,1.378932495E0,-2.384541321E-1,-9.850415955E0
2.583598125E0,2.619552612E-1,2.640509033E-1,-9.720785522E0
2.593654125E0,6.571334839E-2,1.556762695E-1,-9.751322021E0
2.603709125E0,3.656895447E-1,1.558259583E-1,-9.826016693E0
2.613764125E0,4.343966675E-1,1.233435059E-1,-9.783654785E0
2.623819125E0,1.161584473E-1,1.764830017E-1,-9.761051788E0
2.633875125E0,9.580078125E-3,2.487826538E-1,-9.823621674E0
2.643930125E0,1.143621826E-1,2.195933533E-1,-9.757758636E0
2.653985125E0,2.091151428E-1,2.222877502E-1,-9.787397003E0
2.664040125E0,2.671943665E-1,2.415975952E-1,-9.802964630E0
2.674096125E0,3.329077148E-1,2.128573608E-1,-9.784852295E0
2.684151125E0,1.778302002E-1,1.996847534E-1,-9.769584045E0
2.694206125E0,-1.706451416E-2,2.103126526E-1,-9.797575836E0
2.704261125E0,-2.634521484E-2,1.793270874E-1,-9.762698364E0
2.714317125E0,-5.837860107E-3,2.020797729E-1,-9.804311829E0
2.724372125E0,-3.382965088E-2,1.616638184E-1,-9.790241089E0
2.734427125E0,1.037342834E-1,1.996847534E-1,-9.789642334E0
2.744482125E0,1.434017944E-1,2.013313293E-1,-9.790989532E0
2.754537125E0,1.270857239E-1,1.975891113E-1,-9.776020660E0
2.764593125E0,1.501377869E-1,2.019300842E-1,-9.791438599E0
2.774648125E0,1.457968140E-1,1.983375549E-1,-9.783056030E0
2.784703125E0,1.490899658E-1,1.805245972E-1,-9.786648560E0
2.794758125E0,1.501377869E-1,1.832189941E-1,-9.780810699E0
2.804814125E0,1.437011719E-1,1.963916016E-1,-9.793534241E0
2.814869125E0,1.492396545E-1,1.838177490E-1,-9.783205719E0
2.824924125E0,1.456471252E-1,1.990859985E-1,-9.791288910E0
2.834979125E0,1.547781372E-1,1.992356873E-1,-9.784403229E0
2.845035125E0,1.386117554E-1,1.941462708E-1,-9.780211945E0
2.855090125E0,1.489402771E-1,1.987866211E-1,-9.794881439E0
2.865145125E0,1.423539734E-1,1.956431580E-1,-9.785001984E0
2.875200125E0,1.511856079E-1,2.008822632E-1,-9.789492645E0
2.885256125E0,1.420545959E-1,1.957928467E-1,-9.788893890E0
2.895311125E0,1.423539734E-1,1.978884888E-1,-9.789941711E0
2.905366125E0,1.520837402E-1,1.930984497E-1,-9.784552917E0
2.915421125E0,1.399589539E-1,1.830693054E-1,-9.785151672E0
2.925476125E0,1.435514832E-1,1.820214844E-1,-9.777667236E0
2.935532125E0,1.465452576E-1,1.924996948E-1,-9.788145447E0
2.945587125E0,1.495390320E-1,1.895059204E-1,-9.783804474E0
2.955642125E0,1.444496155E-1,1.968406677E-1,-9.779613190E0
2.965697125E0,1.377136230E-1,2.046244812E-1,-9.787397003E0
2.975753125E0,1.384620667E-1,2.143542480E-1,-9.784403229E0
2.985808125E0,1.504371643E-1,2.109114075E-1,-9.781409454E0
2.995863125E0,1.636097717E-1,2.191442871E-1,-9.783654785E0
3.005918125E0,1.594184875E-1,2.261796570E-1,-9.771230621E0
3.015974125E0,1.413061523E-1,2.275268555E-1,-9.766440582E0
3.026029125E0,1.483415222E-1,2.197430420E-1,-9.795330505E0
3.036084125E0,1.478924561E-1,1.969903564E-1,-9.788744202E0
3.046139125E0,1.462458801E-1,1.875599670E-1,-9.791588287E0
3.056195250E0,1.453477478E-1,1.911524963E-1,-9.788744202E0
3.066250250E0,1.478924561E-1,1.886077881E-1,-9.787247314E0
3.076305250E0,1.514849854E-1,1.865121460E-1,-9.785151672E0
3.086360250E0,1.496887207E-1,1.827699280E-1,-9.781559143E0
3.096415250E0,1.413061523E-1,1.821711731E-1,-9.788744202E0
3.106471250E0,1.426533508E-1,1.844165039E-1,-9.786947937E0
3.116526250E0,1.413061523E-1,1.902543640E-1,-9.775870972E0
3.126581250E0,1.520837402E-1,2.014810181E-1,-9.785451050E0
3.136636250E0,1.399589539E-1,2.164498901E-1,-9.792336731E0
3.146692250E0,1.520837402E-1,2.079176331E-1,-9.790241089E0
3.156747250E0,1.480421448E-1,2.106120300E-1,-9.786648560E0
3.166802250E0,1.369651794E-1,2.007325745E-1,-9.779613190E0
3.176857250E0,1.306782532E-1,1.980381775E-1,-9.785600739E0
3.186913250E0,1.332229614E-1,1.902543640E-1,-9.783804474E0
3.196968250E0,1.489402771E-1,1.791773987E-1,-9.786349182E0
3.207023250E0,1.568737793E-1,1.793270874E-1,-9.782756653E0
3.217078250E0,1.603166199E-1,1.913021851E-1,-9.789492645E0
3.227134250E0,1.414558411E-1,2.046244812E-1,-9.778415680E0
3.237189250E0,1.390608215E-1,2.210902405E-1,-9.781110077E0
3.247244250E0,1.429527283E-1,2.118095398E-1,-9.782457275E0
3.257299250E0,1.483415222E-1,2.065704346E-1,-9.790839844E0
3.267354250E0,1.493893433E-1,1.911524963E-1,-9.788145447E0
3.277410250E0,1.502874756E-1,1.859133911E-1,-9.786648560E0
3.287465250E0,1.434017944E-1,1.820214844E-1,-9.791139221E0
3.297520250E0,1.469943237E-1,1.866618347E-1,-9.788893890E0
3.307575250E0,1.456471252E-1,1.957928467E-1,-9.790540466E0
3.317631250E0,1.534309387E-1,2.010319519E-1,-9.785451050E0
3.327686250E0,1.511856079E-1,1.950444031E-1,-9.790091400E0
3.337741250E0,1.395098877E-1,1.936972046E-1,-9.786349182E0
3.347796250E0,1.475930786E-1,2.005828857E-1,-9.792785797E0
3.357852250E0,1.511856079E-1,2.098635864E-1,-9.783205719E0
3.367907250E0,1.438508606E-1,2.052232361E-1,-9.784702606E0
3.377962250E0,1.463955688E-1,1.977388000E-1,-9.789193268E0
3.388017250E0,1.438508606E-1,1.907034302E-1,-9.793534241E0
3.398072250E0,1.441502380E-1,1.830693054E-1,-9.791139221E0
3.408128250E0,1.472937012E-1,1.913021851E-1,-9.787097626E0
3.418183250E0,1.514849854E-1,1.924996948E-1,-9.795180817E0
3.428238250E0,1.472937012E-1,1.975891113E-1,-9.787696381E0
3.438293250E0,1.456471252E-1,1.993853760E-1,-9.788594513E0
3.448349250E0,1.442999268E-1,1.866618347E-1,-9.782008209E0
3.458404250E0,1.413061523E-1,1.878593445E-1,-9.777966614E0
3.468459250E0,1.481918335E-1,1.932481384E-1,-9.782157898E0
3.478514250E0,1.432521057E-1,1.966909790E-1,-9.785301361E0
3.488570250E0,1.528321838E-1,1.951940918E-1,-9.794132996E0
3.498625250E0,1.523831177E-1,1.920506287E-1,-9.777517548E0
3.508680250E0,1.451980591E-1,1.956431580E-1,-9.788744202E0
3.518735250E0,1.486408997E-1,1.977388000E-1,-9.795031128E0
3.528791250E0,1.559756470E-1,2.007325745E-1,-9.792037354E0
3.538846250E0,1.438508606E-1,2.014810181E-1,-9.786798248E0
3.548901250E0,1.508862305E-1,1.938468933E-1,-9.784103851E0
3.558956250E0,1.466949463E-1,1.890568542E-1,-9.783954163E0
3.569011250E0,1.442999268E-1,1.806742859E-1,-9.772577820E0
3.579067250E0,1.471440125E-1,1.896556091E-1,-9.779463501E0
3.589122250E0,1.459465027E-1,1.927990723E-1,-9.779912567E0
3.599177250E0,1.454974365E-1,1.978884888E-1,-9.795330505E0
3.609232250E0,1.534309387E-1,2.112107849E-1,-9.783804474E0
3.619288250E0,1.448986816E-1,2.127076721E-1,-9.782008209E0
3.629343250E0,1.504371643E-1,2.014810181E-1,-9.796977081E0
3.639398250E0,1.496887207E-1,1.812730408E-1,-9.788594513E0
3.649453250E0,1.441502380E-1,1.797761536E-1,-9.785750427E0
3.659509250E0,1.405577087E-1,1.719923401E-1,-9.780062256E0
3.669564250E0,1.371148682E-1,1.724414062E-1,-9.785451050E0
3.679619250E0,1.384620667E-1,1.721420288E-1,-9.784852295E0
3.689674250E0,1.348695374E-1,1.857637024E-1,-9.793085175E0
3.699729250E0,1.447489929E-1,1.975891113E-1,-9.780661011E0
3.709785250E0,1.477427673E-1,1.983375549E-1,-9.780361633E0
3.719840250E0,1.425036621E-1,2.091151428E-1,-9.786498871E0
3.729895250E0,1.522334290E-1,2.170486450E-1,-9.776320038E0
3.739950250E0,1.508862305E-1,2.204914856E-1,-9.789342957E0
3.750006250E0,1.422042847E-1,2.073188782E-1,-9.783205719E0
3.760061250E0,1.451980591E-1,1.990859985E-1,-9.773625641E0
3.770116250E0,1.404080200E-1,1.972897339E-1,-9.788594513E0
3.780171250E0,1.489402771E-1,1.989363098E-1,-9.790690155E0
3.790227250E0,1.502874756E-1,2.061213684E-1,-9.775571594E0
3.800282250E0,1.459465027E-1,2.046244812E-1,-9.791737976E0
3.810337250E0,1.484912109E-1,1.950444031E-1,-9.789342957E0
3.820392250E0,1.484912109E-1,1.927990723E-1,-9.782756653E0
3.830447250E0,1.425036621E-1,1.941462708E-1,-9.784253540E0
3.840503250E0,1.338217163E-1,1.904040527E-1,-9.781110077E0
3.850558250E0,1.435514832E-1,1.896556091E-1,-9.785001984E0
3.860613250E0,1.535806274E-1,1.883084106E-1,-9.791438599E0
3.870668250E0,1.453477478E-1,1.926493835E-1,-9.793085175E0
3.880724250E0,1.498384094E-1,1.881587219E-1,-9.779014435E0
3.890779250E0,1.472937012E-1,2.004331970E-1,-9.781409454E0
3.900834250E0,1.466949463E-1,1.989363098E-1,-9.783954163E0
3.910889250E0,1.456471252E-1,1.857637024E-1,-9.788594513E0
3.920945250E0,1.387614441E-1,1.793270874E-1,-9.783804474E0
3.931000250E0,1.511856079E-1,1.785786438E-1,-9.777667236E0
3.941055250E0,1.399589539E-1,1.916015625E-1,-9.787546692E0
3.951110250E0,1.437011719E-1,1.986369324E-1,-9.788145447E0
3.961165250E0,1.493893433E-1,2.145039368E-1,-9.779463501E0
3.971221250E0,1.531315613E-1,2.189945984E-1,-9.778265991E0
3.981276250E0,1.507365417E-1,2.101629639E-1,-9.794132996E0
3.991331250E0,1.480421448E-1,2.035766602E-1,-9.793534241E0
4.001386250E0,1.492396545E-1,1.884580994E-1,-9.783654785E0
4.011442250E0,1.460961914E-1,1.733395386E-1,-9.777667236E0
4.021497250E0,1.390608215E-1,1.791773987E-1,-9.788594513E0
4.031552250E0,1.422042847E-1,1.778302002E-1,-9.780960388E0
4.041607250E0,1.366658020E-1,1.778302002E-1,-9.778265991E0
4.051663250E0,1.437011719E-1,1.948947144E-1,-9.778116302E0
4.061718667E0,1.498384094E-1,2.026785278E-1,-9.777667236E0
4.071773667E0,1.514849854E-1,2.101629639E-1,-9.786798248E0
4.081828667E0,1.520837402E-1,2.182461548E-1,-9.786498871E0
4.091883667E0,1.419049072E-1,2.092648315E-1,-9.783355408E0
4.101939667E0,1.330732727E-1,1.975891113E-1,-9.793085175E0
4.111994667E0,1.420545959E-1,1.883084106E-1,-9.784253540E0
4.122049667E0,1.428030396E-1,1.745370483E-1,-9.789792023E0
4.132104667E0,1.398092651E-1,1.839674377E-1,-9.790390778E0
4.142160667E0,1.396595764E-1,1.820214844E-1,-9.783654785E0
4.152215667E0,1.483415222E-1,1.844165039E-1,-9.785151672E0
4.162270667E0,1.438508606E-1,1.945953369E-1,-9.782307587E0
4.172325667E0,1.517843628E-1,1.983375549E-1,-9.795330505E0
4.182381667E0,1.469943237E-1,1.996847534E-1,-9.786648560E0
4.192436667E0,1.489402771E-1,2.107617188E-1,-9.788594513E0
4.202491667E0,1.377136230E-1,2.071691895E-1,-9.792935486E0
4.212546667E0,1.447489929E-1,1.971400452E-1,-9.785151672E0
4.222601667E0,1.390608215E-1,1.913021851E-1,-9.784702606E0
4.232657667E0,1.504371643E-1,1.941462708E-1,-9.784852295E0
4.242712667E0,1.493893433E-1,1.995350647E-1,-9.785001984E0
4.252767667E0,1.474433899E-1,2.023791504E-1,-9.773775330E0
4.262822667E0,1.532812500E-1,1.972897339E-1,-9.789342957E0
4.272878667E0,1.496887207E-1,2.005828857E-1,-9.789342957E0
4.282933667E0,1.438508606E-1,1.913021851E-1,-9.784702606E0
4.292988667E0,1.460961914E-1,1.962419128E-1,-9.783654785E0
4.303043667E0,1.502874756E-1,1.968406677E-1,-9.787247314E0
4.313099667E0,1.423539734E-1,1.951940918E-1,-9.783804474E0
4.323154667E0,1.474433899E-1,1.844165039E-1,-9.790540466E0
4.333209667E0,1.392105103E-1,1.902543640E-1,-9.787696381E0
4.343264667E0,1.546284485E-1,1.945953369E-1,-9.780810699E0
4.353319667E0,1.410067749E-1,1.922003174E-1,-9.787995758E0
4.363375667E0,1.417552185E-1,2.019300842E-1,-9.792785797E0
4.373430667E0,1.471440125E-1,2.032772827E-1,-9.790091400E0
4.383485667E0,1.481918335E-1,1.983375549E-1,-9.783804474E0
4.393540667E0,1.484912109E-1,1.948947144E-1,-9.785151672E0
4.403596667E0,1.462458801E-1,1.901046753E-1,-9.778265991E0
4.413651667E0,1.487905884E-1,1.850152588E-1,-9.786947937E0
4.423706667E0,1.399589539E-1,1.770817566E-1,-9.777517548E0
4.433761667E0,1.438508606E-1,1.902543640E-1,-9.785750427E0
4.443816667E0,1.580712891E-1,2.064207458E-1,-9.788893890E0
4.453872667E0,1.450483704E-1,2.044747925E-1,-9.788893890E0
4.463927667E0,1.552272034E-1,1.971400452E-1,-9.799671478E0
4.473982667E0,1.460961914E-1,1.871109009E-1,-9.790241089E0
4.484037667E0,1.404080200E-1,1.806742859E-1,-9.788145447E0
4.494093667E0,1.437011719E-1,1.911524963E-1,-9.787097626E0
4.504148667E0,1.457968140E-1,1.893562317E-1,-9.782906342E0
4.514203667E0,1.525328064E-1,1.923500061E-1,-9.788295135E0
4.524258667E0,1.570234680E-1,2.059716797E-1,-9.780960388E0
4.534313667E0,1.502874756E-1,2.127076721E-1,-9.775421906E0
4.544369667E0,1.462458801E-1,2.091151428E-1,-9.780361633E0
4.554424667E0,1.501377869E-1,2.116598511E-1,-9.776769104E0
4.564479667E0,1.540296936E-1,1.981878662E-1,-9.783205719E0
4.574534667E0,1.582209778E-1,1.907034302E-1,-9.790091400E0
4.584590667E0,1.426533508E-1,1.896556091E-1,-9.781858521E0
4.594645667E0,1.392105103E-1,1.802252197E-1,-9.786947937E0
4.604700667E0,1.285826111E-1,1.944456482E-1,-9.795929260E0
4.614755667E0,1.288819885E-1,1.929487610E-1,-9.791288910E0
4.624811667E0,1.499880981E-1,1.848655701E-1,-9.793085175E0
4.634866667E0,1.507365417E-1,1.845661926E-1,-9.770033112E0
4.644921667E0,1.453477478E-1,1.821711731E-1,-9.786349182E0
4.654976667E0,1.495390320E-1,1.881587219E-1,-9.802515564E0
4.665031667E0,1.462458801E-1,1.715432739E-1,-9.784253540E0
4.675087667E0,1.457968140E-1,1.871109009E-1,-9.782606964E0
4.685142667E0,1.517843628E-1,1.932481384E-1,-9.792187042E0
4.695197667E0,1.462458801E-1,2.088157654E-1,-9.791288910E0
4.705252667E0,1.537303162E-1,2.180964661E-1,-9.783654785E0
4.715308667E0,1.484912109E-1,2.149530029E-1,-9.781708832E0
4.725363667E0,1.450483704E-1,2.053729248E-1,-9.777367859E0
4.735418667E0,1.371148682E-1,1.799258423E-1,-9.782008209E0
4.745473667E0,1.417552185E-1,1.857637024E-1,-9.797875214E0
4.755528667E0,1.454974365E-1,1.898052979E-1,-9.795929260E0
4.765584667E0,1.478924561E-1,1.933978271E-1,-9.779463501E0
4.775639667E0,1.420545959E-1,1.951940918E-1,-9.786349182E0
4.785694667E0,1.465452576E-1,1.868115234E-1,-9.793683929E0
4.795749667E0,1.462458801E-1,1.971400452E-1,-9.786648560E0
4.805805667E0,1.463955688E-1,2.073188782E-1,-9.779613190E0
4.815860667E0,1.432521057E-1,2.161505127E-1,-9.786947937E0
4.825915667E0,1.468446350E-1,2.004331970E-1,-9.790091400E0
4.835970667E0,1.377136230E-1,1.818717957E-1,-9.787397003E0
4.846026667E0,1.308279419E-1,1.630110168E-1,-9.780960388E0
4.856081667E0,1.338217163E-1,1.504371643E-1,-9.795929260E0
4.866136667E0,1.366658020E-1,1.698966980E-1,-9.790091400E0
4.876191667E0,1.441502380E-1,1.916015625E-1,-9.787846069E0
4.886246667E0,1.510359192E-1,2.007325745E-1,-9.786648560E0
4.896302667E0,1.422042847E-1,2.068698120E-1,-9.790690155E0
4.906357667E0,1.426533508E-1,2.029779053E-1,-9.784103851E0
4.916412667E0,1.483415222E-1,1.962419128E-1,-9.787846069E0
4.926467667E0,1.472937012E-1,1.939965820E-1,-9.783954163E0
4.936523667E0,1.462458801E-1,1.981878662E-1,-9.788295135E0
4.946578667E0,1.498384094E-1,1.983375549E-1,-9.795480194E0
4.956633667E0,1.468446350E-1,1.992356873E-1,-9.792935486E0
4.966688667E0,1.484912109E-1,1.974394226E-1,-9.791887665E0
4.976743667E0,1.447489929E-1,1.935475159E-1,-9.785600739E0
4.986799667E0,1.457968140E-1,1.935475159E-1,-9.795629883E0
4.996854667E0,1.453477478E-1,1.901046753E-1,-9.785301361E0
5.006909667E0,1.380130005E-1,1.808239746E-1,-9.792935486E0
5.016964667E0,1.404080200E-1,1.719923401E-1,-9.781409454E0
5.027020667E0,1.386117554E-1,1.628613281E-1,-9.785151672E0
5.037075667E0,1.466949463E-1,1.392105103E-1,-9.793085175E0
5.047130667E0,1.474433899E-1,1.480421448E-1,-9.790989532E0
5.057184750E0,1.498384094E-1,2.035766602E-1,-9.781559143E0
5.067239750E0,1.420545959E-1,2.492317200E-1,-9.779912567E0
5.077295750E0,1.395098877E-1,2.338137817E-1,-9.797875214E0
5.087350750E0,1.504371643E-1,2.113604736E-1,-9.792336731E0
5.097405750E0,1.384620667E-1,1.875599670E-1,-9.793983307E0
5.107460750E0,1.413061523E-1,2.014810181E-1,-9.793833618E0
5.117516750E0,1.579216003E-1,2.161505127E-1,-9.781110077E0
5.127571750E0,1.511856079E-1,2.034269714E-1,-9.791438599E0
5.137626750E0,1.463955688E-1,2.004331970E-1,-9.783804474E0
5.147681750E0,1.483415222E-1,2.182461548E-1,-9.782756653E0
5.157737750E0,1.472937012E-1,2.098635864E-1,-9.782307587E0
5.167792750E0,1.448986816E-1,1.924996948E-1,-9.780661011E0
5.177847750E0,1.441502380E-1,1.839674377E-1,-9.784852295E0
5.187902750E0,1.450483704E-1,1.868115234E-1,-9.788295135E0
5.197957750E0,1.425036621E-1,1.854643250E-1,-9.784403229E0
5.208013750E0,1.437011719E-1,1.865121460E-1,-9.786349182E0
5.218068750E0,1.463955688E-1,1.862127686E-1,-9.786798248E0
5.228123750E0,1.472937012E-1,1.977388000E-1,-9.787995758E0
5.238178750E0,1.393601990E-1,2.089654541E-1,-9.787696381E0
5.248234750E0,1.453477478E-1,2.122586060E-1,-9.793085175E0
5.258289750E0,1.475930786E-1,2.119592285E-1,-9.782606964E0
5.268344750E0,1.416055298E-1,1.995350647E-1,-9.785301361E0
5.278399750E0,1.440005493E-1,1.874102783E-1,-9.791588287E0
5.288454750E0,1.338217163E-1,1.896556091E-1,-9.784253540E0
5.298510750E0,1.414558411E-1,1.817221069E-1,-9.780511322E0
5.308565750E0,1.481918335E-1,1.907034302E-1,-9.786199493E0
5.318620750E0,1.440005493E-1,1.874102783E-1,-9.785151672E0
5.328675750E0,1.237925720E-1,1.727407837E-1,-9.789342957E0
5.338731750E0,1.071771240E-1,1.707948303E-1,-9.782157898E0
5.348786750E0,1.264869690E-1,1.754351807E-1,-9.785001984E0
5.358841750E0,1.664538574E-1,2.046244812E-1,-9.786648560E0
5.368896750E0,1.616638184E-1,2.272274780E-1,-9.790839844E0
5.378951750E0,1.457968140E-1,2.303709412E-1,-9.780810699E0
5.389007750E0,1.395098877E-1,2.317181396E-1,-9.800270233E0
5.399062750E0,1.417552185E-1,2.118095398E-1,-9.784702606E0
5.409117750E0,1.556762695E-1,1.731898499E-1,-9.784253540E0
5.419172750E0,1.435514832E-1,1.478924561E-1,-9.783205719E0
5.429228750E0,1.422042847E-1,1.402583313E-1,-9.775272217E0
5.439283750E0,1.329235840E-1,1.580712891E-1,-9.771230621E0
5.449338750E0,1.410067749E-1,2.007325745E-1,-9.792187042E0
5.459393750E0,1.513352966E-1,2.222877502E-1,-9.804012451E0
5.469449750E0,1.384620667E-1,2.085163879E-1,-9.808353424E0
5.479504750E0,1.398092651E-1,1.766326904E-1,-9.794582062E0
5.489559750E0,1.472937012E-1,1.628613281E-1,-9.773326263E0
5.499614750E0,1.365161133E-1,1.589694214E-1,-9.780661011E0
5.509669750E0,1.261875916E-1,1.836680603E-1,-9.775571594E0
5.519725750E0,1.243913269E-1,2.302212524E-1,-9.789193268E0
5.529780750E0,1.528321838E-1,2.562670898E-1,-9.787397003E0
5.539835750E0,1.505868530E-1,2.478845215E-1,-9.784253540E0
5.549890750E0,1.431024170E-1,2.338137817E-1,-9.783804474E0
5.559946750E0,1.324745178E-1,2.002835083E-1,-9.783205719E0
5.570001750E0,1.323248291E-1,1.544787598E-1,-9.789792023E0
5.580056750E0,1.336720276E-1,1.327738953E-1,-9.789792023E0
5.590111750E0,1.300794983E-1,1.451980591E-1,-9.784253540E0
5.600166750E0,1.359173584E-1,1.883084106E-1,-9.782157898E0
5.610222750E0,1.487905884E-1,2.300715637E-1,-9.793983307E0
5.620277750E0,1.507365417E-1,2.633024597E-1,-9.788594513E0
5.630332750E0,1.460961914E-1,2.564167786E-1,-9.791887665E0
5.640387750E0,1.387614441E-1,2.272274780E-1,-9.782756653E0
5.650443750E0,1.399589539E-1,1.974394226E-1,-9.787097626E0
5.660498750E0,1.413061523E-1,1.700463867E-1,-9.787397003E0
5.670553750E0,1.405577087E-1,1.426533508E-1,-9.770931244E0
5.680608750E0,1.360670471E-1,1.423539734E-1,-9.778864746E0
5.690663750E0,1.417552185E-1,1.800755310E-1,-9.786947937E0
5.700719750E0,1.416055298E-1,2.177970886E-1,-9.785301361E0
5.710774750E0,1.365161133E-1,2.266287231E-1,-9.789941711E0
5.720829750E0,1.347198486E-1,2.224374390E-1,-9.776769104E0
5.730884750E0,1.399589539E-1,2.142045593E-1,-9.789642334E0
5.740940750E0,1.386117554E-1,1.788780212E-1,-9.832303619E0
5.750995750E0,-4.071533203E-2,1.013392639E-1,-9.812993774E0
5.761050750E0,-4.483177185E-1,-1.983375549E-1,-9.775272217E0
5.771105750E0,-4.893324280E-1,-2.441423035E-1,-9.808353424E0
5.781160750E0,1.308279419E0,7.508386230E-1,-9.745783539E0
5.791216750E0,9.645941162E-1,6.589297485E-1,-9.796078949E0
5.801271750E0,4.667294312E-1,3.867956543E-1,-9.749525757E0
5.811326750E0,-4.682263184E-1,6.032455444E-2,-9.760153656E0
5.821381750E0,-8.232879639E-3,2.052232361E-1,-9.791588287E0
5.831437750E0,1.998344421E-1,1.667532349E-1,-9.784852295E0
5.841492750E0,1.224453735E-1,1.299298096E-1,-9.797126770E0
5.851547750E0,1.056802368E-1,1.131646729E-1,-9.798773346E0
5.861602750E0,1.152603149E-1,1.351689148E-1,-9.782606964E0
5.871658750E0,1.297801208E-1,1.719923401E-1,-9.783954163E0
5.881713750E0,1.448986816E-1,2.264790344E-1,-9.790390778E0
5.891768750E0,1.472937012E-1,2.659968567E-1,-9.787995758E0
5.901823750E0,1.493893433E-1,2.716850281E-1,-9.789792023E0
5.911878750E0,1.429527283E-1,2.606080627E-1,-9.795779572E0
5.921934750E0,1.484912109E-1,2.279759216E-1,-9.785001984E0
5.931989750E0,1.670526123E-1,2.206411743E-1,-9.778265991E0
5.942044750E0,1.722917175E-1,2.237846375E-1,-9.786798248E0
5.952099750E0,1.691482544E-1,1.995350647E-1,-9.772278442E0
5.962155750E0,1.451980591E-1,1.637594604E-1,-9.788295135E0
5.972210750E0,1.279838562E-1,1.552272034E-1,-9.793683929E0
5.982265750E0,1.267863464E-1,1.552272034E-1,-9.796078949E0
5.992320750E0,1.318757629E-1,1.694476318E-1,-9.785900116E0
6.002375750E0,1.438508606E-1,1.805245972E-1,-9.780511322E0
6.012431750E0,1.437011719E-1,1.892065430E-1,-9.784403229E0
6.022486750E0,1.354682922E-1,2.125579834E-1,-9.793683929E0
6.032541750E0,1.404080200E-1,2.137554932E-1,-9.789193268E0
6.042596750E0,1.368154907E-1,2.160008240E-1,-9.792037354E0
6.052652750E0,1.353186035E-1,1.939965820E-1,-9.785451050E0
6.062708292E0,1.300794983E-1,1.655557251E-1,-9.780661011E0
6.072763292E0,1.368154907E-1,1.447489929E-1,-9.786349182E0
6.082818292E0,1.167572021E-1,1.320254517E-1,-9.782457275E0
6.092873292E0,8.861572266E-2,1.389111328E-1,-9.784702606E0
6.102929292E0,4.146377563E-2,1.429527283E-1,-9.783205719E0
6.112984292E0,3.622467041E-2,1.633103943E-1,-9.782756653E0
6.123039292E0,-1.796264648E-2,1.133143616E-1,-9.787995758E0
6.133094292E0,-1.625619507E-1,-9.086105347E-2,-9.787696381E0
6.143150292E0,-1.119671631E-1,-1.423539734E-1,-9.789043579E0
6.153205292E0,1.161584473E-1,3.486250305E-1,-9.795629883E0
6.163260292E0,3.147953796E-1,8.804690552E-1,-9.785151672E0
6.173315292E0,7.412585449E-1,6.738986206E-1,-9.780810699E0
6.183370292E0,5.665718079E-1,-2.243833923E-1,-9.785001984E0
6.193426292E0,-1.945953369E-3,2.086660767E-1,-9.792486420E0
6.203481292E0,1.715432739E-1,1.930984497E-1,-9.787546692E0
6.213536292E0,1.463955688E-1,1.862127686E-1,-9.787397003E0
6.223591292E0,1.477427673E-1,2.017803955E-1,-9.783355408E0
6.233647292E0,1.532812500E-1,1.862127686E-1,-9.779762878E0
6.243702292E0,1.457968140E-1,1.956431580E-1,-9.790839844E0
6.253757292E0,1.570234680E-1,1.978884888E-1,-9.794432373E0
6.263812292E0,1.483415222E-1,2.041754150E-1,-9.791588287E0
6.273867292E0,1.472937012E-1,2.046244812E-1,-9.793534241E0
6.283923292E0,1.434017944E-1,2.013313293E-1,-9.782756653E0
6.293978292E0,1.466949463E-1,1.936972046E-1,-9.780960388E0
6.304033292E0,1.543290710E-1,1.875599670E-1,-9.790241089E0
6.314088292E0,1.493893433E-1,1.703457642E-1,-9.792636108E0
6.324144292E0,1.369651794E-1,1.468446350E-1,-9.781259766E0
6.334199292E0,1.471440125E-1,1.371148682E-1,-9.788893890E0
6.344254292E0,1.486408997E-1,1.448986816E-1,-9.797875214E0
6.354309292E0,1.423539734E-1,1.672023010E-1,-9.790690155E0
6.364364292E0,1.380130005E-1,1.796264648E-1,-9.790839844E0
6.374420292E0,1.490899658E-1,2.029779053E-1,-9.796378326E0
6.384475292E0,1.640588379E-1,2.245330811E-1,-9.792935486E0
6.394530292E0,1.607656860E-1,2.951861572E-1,-9.790690155E0
6.404585292E0,1.499880981E-1,3.103047180E-1,-9.778265991E0
6.414641292E0,1.565744019E-1,2.612068176E-1,-9.781858521E0
6.424696292E0,1.486408997E-1,2.406994629E-1,-9.786199493E0
6.434751292E0,1.573228455E-1,2.023791504E-1,-9.788444824E0
6.444806292E0,1.336720276E-1,2.537223816E-1,-9.789193268E0
6.454862292E0,2.046244812E-1,3.978726196E-1,-9.783355408E0
6.464917292E0,1.673519897E-1,3.276686096E-1,-9.765243073E0
6.474972292E0,1.333726501E-1,2.505789185E-1,-9.797875214E0
6.485027292E0,1.428030396E-1,1.082249451E-1,-9.769584045E0
6.495082292E0,1.363664246E-1,2.290237427E-2,-9.796528015E0
6.505138292E0,1.215472412E-1,-1.886077881E-2,-9.795480194E0
6.515193292E0,1.055305481E-1,-2.933898926E-2,-9.782457275E0
6.525248292E0,1.243913269E-1,8.053253174E-2,-9.781858521E0
6.535303292E0,1.481918335E-1,1.776805115E-1,-9.789792023E0
6.545359292E0,1.645079041E-1,2.522254944E-1,-9.782606964E0
6.555414292E0,1.645079041E-1,3.137475586E-1,-9.796228638E0
6.565469292E0,1.616638184E-1,3.210823059E-1,-9.790540466E0
6.575524292E0,1.520837402E-1,2.871029663E-1,-9.786349182E0
6.585579292E0,1.561253357E-1,2.179467773E-1,-9.784852295E0
6.595635292E0,1.493893433E-1,1.335223389E-1,-9.778565369E0
6.605690292E0,1.387614441E-1,8.472381592E-2,-9.792486420E0
6.615745292E0,1.353186035E-1,9.056167603E-2,-9.808802490E0
6.625800292E0,1.456471252E-1,1.285826111E-1,-9.783505096E0
6.635856292E0,1.384620667E-1,2.128573608E-1,-9.783205719E0
6.645911292E0,1.568737793E-1,2.872526550E-1,-9.781708832E0
6.655966292E0,1.746867371E-1,3.493734741E-1,-9.782008209E0
6.666021292E0,1.716929626E-1,3.384461975E-1,-9.792486420E0
6.676076292E0,1.454974365E-1,2.909948730E-1,-9.790690155E0
6.686132292E0,1.423539734E-1,2.143542480E-1,-9.776170349E0
6.696187292E0,1.441502380E-1,1.444496155E-1,-9.781708832E0
6.706242292E0,1.309776306E-1,9.475296021E-2,-9.788744202E0
6.716297292E0,1.261875916E-1,4.760101318E-2,-9.784103851E0
6.726353292E0,1.299298096E-1,7.125183105E-2,-9.790091400E0
6.736408292E0,1.456471252E-1,1.431024170E-1,-9.776320038E0
6.746463292E0,1.588197327E-1,2.363584900E-1,-9.790989532E0
6.756518292E0,1.685494995E-1,2.836601257E-1,-9.785301361E0
6.766573292E0,1.526824951E-1,2.844085693E-1,-9.778864746E0
6.776629292E0,1.570234680E-1,2.468367004E-1,-9.789043579E0
6.786684292E0,1.508862305E-1,2.198927307E-1,-9.794132996E0
6.796739292E0,1.428030396E-1,1.757345581E-1,-9.800270233E0
6.806794292E0,1.432521057E-1,1.514849854E-1,-9.786049805E0
6.816850292E0,1.270857239E-1,1.293310547E-1,-9.773176575E0
6.826905292E0,1.435514832E-1,1.333726501E-1,-9.786049805E0
6.836960292E0,1.466949463E-1,1.719923401E-1,-9.788893890E0
6.847015292E0,1.511856079E-1,2.032772827E-1,-9.796827393E0
6.857070292E0,1.499880981E-1,2.130070496E-1,-9.789342957E0
6.867126292E0,1.483415222E-1,2.383044434E-1,-9.794282684E0
6.877181292E0,1.535806274E-1,2.357597351E-1,-9.786049805E0
6.887236292E0,1.445993042E-1,2.300715637E-1,-9.789941711E0
6.897291292E0,1.456471252E-1,1.933978271E-1,-9.772428131E0
6.907347292E0,1.426533508E-1,1.686991882E-1,-9.782457275E0
6.917402292E0,1.493893433E-1,1.728904724E-1,-9.799970856E0
6.927457292E0,1.401086426E-1,1.926493835E-1,-9.783654785E0
6.937512292E0,1.456471252E-1,2.118095398E-1,-9.786349182E0
6.947567292E0,1.568737793E-1,2.212399292E-1,-9.785750427E0
6.957623292E0,1.438508606E-1,2.145039368E-1,-9.783205719E0
6.967678292E0,1.398092651E-1,1.919009399E-1,-9.784103851E0
6.977733292E0,1.454974365E-1,1.746867371E-1,-9.791737976E0
6.987788292E0,1.447489929E-1,1.785786438E-1,-9.783954163E0
6.997844292E0,1.425036621E-1,1.772314453E-1,-9.790839844E0
7.007899292E0,1.525328064E-1,1.887574768E-1,-9.780062256E0
7.017954292E0,1.567240906E-1,1.884580994E-1,-9.780361633E0
7.028009292E0,1.528321838E-1,1.963916016E-1,-9.775870972E0
7.038064292E0,1.407073975E-1,2.073188782E-1,-9.805958405E0
7.048120292E0,1.330732727E-1,1.998344421E-1,-9.761351166E0
7.058175125E0,1.688488770E-1,1.896556091E-1,-9.807006226E0
7.068230125E0,1.568737793E-1,1.839674377E-1,-9.774823151E0
7.078285125E0,1.257385254E-1,1.167572021E-1,-9.807006226E0
7.088341125E0,1.365161133E-1,1.426533508E-1,-9.782756653E0
7.098396125E0,1.622625732E-1,2.439926147E-1,-9.776469727E0
7.108451125E0,1.585203552E-1,2.769241333E-1,-9.789642334E0
7.118506125E0,1.576222229E-1,2.037263489E-1,-9.779762878E0
7.128561125E0,1.282832336E-1,1.731898499E-1,-9.785451050E0
7.138617125E0,1.532812500E-1,1.733395386E-1,-9.774374084E0
7.148672125E0,1.484912109E-1,1.935475159E-1,-9.811197510E0
7.158727125E0,1.472937012E-1,1.866618347E-1,-9.792336731E0
7.168782125E0,1.357676697E-1,1.898052979E-1,-9.781259766E0
7.178838125E0,1.574725342E-1,2.423460388E-1,-9.788594513E0
7.188893125E0,1.809736633E-1,2.902464294E-1,-9.778265991E0
7.198948125E0,1.561253357E-1,2.755769348E-1,-9.809101868E0
7.209003125E0,1.480421448E-1,1.887574768E-1,-9.765093384E0
7.219058125E0,1.348695374E-1,1.520837402E-1,-9.784103851E0
7.229114125E0,1.619631958E-1,1.595681763E-1,-9.781559143E0
7.239169125E0,1.511856079E-1,1.270857239E-1,-9.796228638E0
7.249224125E0,1.255888367E-1,9.280700684E-2,-9.786648560E0
7.259279125E0,1.404080200E-1,1.562750244E-1,-9.784552917E0
7.269335125E0,1.594184875E-1,2.574645996E-1,-9.796677704E0
7.279390125E0,1.721420288E-1,3.041674805E-1,-9.787247314E0
7.289445125E0,1.468446350E-1,2.781216431E-1,-9.783205719E0
7.299500125E0,1.441502380E-1,1.924996948E-1,-9.777218170E0
7.309555125E0,1.499880981E-1,1.582209778E-1,-9.797725525E0
7.319611125E0,1.438508606E-1,1.496887207E-1,-9.805359650E0
7.329666125E0,1.372645569E-1,1.103205872E-1,-9.801467743E0
7.339721125E0,1.348695374E-1,1.636097717E-1,-9.782756653E0
7.349776125E0,1.499880981E-1,2.165995789E-1,-9.785900116E0
7.359832125E0,1.555265808E-1,2.594105530E-1,-9.787846069E0
7.369887125E0,1.457968140E-1,1.983375549E-1,-9.789492645E0
7.379942125E0,1.320254517E-1,1.287322998E-1,-9.783505096E0
7.389997125E0,1.553768921E-1,1.606159973E-1,-9.784103851E0
7.400052125E0,1.532812500E-1,2.014810181E-1,-9.786947937E0
7.410108125E0,1.520837402E-1,1.939965820E-1,-9.781110077E0
7.420163125E0,1.359173584E-1,1.773811340E-1,-9.774823151E0
7.430218125E0,1.440005493E-1,2.002835083E-1,-9.780661011E0
7.440273125E0,1.654060364E-1,2.345622253E-1,-9.792935486E0
7.450329125E0,1.478924561E-1,2.514770508E-1,-9.788893890E0
7.460384125E0,1.399589539E-1,2.127076721E-1,-9.774074707E0
7.470439125E0,1.489402771E-1,1.803749084E-1,-9.775122528E0
7.480494125E0,1.559756470E-1,1.743873596E-1,-9.790540466E0
7.490549125E0,1.612147522E-1,1.725910950E-1,-9.789043579E0
7.500605125E0,1.419049072E-1,1.520837402E-1,-9.773475952E0
7.510660125E0,1.413061523E-1,1.648072815E-1,-9.783355408E0
7.520715125E0,1.564247131E-1,2.098635864E-1,-9.781110077E0
7.530770125E0,1.660047913E-1,2.168989563E-1,-9.781708832E0
7.540826125E0,1.478924561E-1,2.056723022E-1,-9.783954163E0
7.550881125E0,1.475930786E-1,1.898052979E-1,-9.790091400E0
7.560936125E0,1.505868530E-1,2.037263489E-1,-9.794282684E0
7.570991125E0,1.508862305E-1,2.179467773E-1,-9.802216187E0
7.581046125E0,1.508862305E-1,2.034269714E-1,-9.783954163E0
7.591102125E0,1.425036621E-1,1.884580994E-1,-9.772877197E0
7.601157125E0,1.390608215E-1,1.718426514E-1,-9.794132996E0
7.611212125E0,1.549278259E-1,1.791773987E-1,-9.796977081E0
7.621267125E0,1.456471252E-1,1.923500061E-1,-9.794582062E0
7.631323125E0,1.483415222E-1,1.935475159E-1,-9.781559143E0
7.641378125E0,1.447489929E-1,2.110610962E-1,-9.786947937E0
7.651433125E0,1.519340515E-1,2.243833923E-1,-9.781559143E0
7.661488125E0,1.555265808E-1,1.884580994E-1,-9.787247314E0
7.671543125E0,1.339714050E-1,1.730401611E-1,-9.784103851E0
7.681599125E0,1.363664246E-1,1.737886047E-1,-9.779613190E0
7.691654125E0,1.523831177E-1,2.038760376E-1,-9.778565369E0
7.701709125E0,1.588197327E-1,2.073188782E-1,-9.787097626E0
7.711764125E0,1.531315613E-1,1.990859985E-1,-9.779463501E0
7.721819125E0,1.534309387E-1,1.767823792E-1,-9.785301361E0
7.731875125E0,1.431024170E-1,1.751358032E-1,-9.776320038E0
7.741930125E0,1.484912109E-1,1.754351807E-1,-9.787247314E0
7.751985125E0,1.398092651E-1,1.761836243E-1,-9.782307587E0
7.762040125E0,1.528321838E-1,1.836680603E-1,-9.784702606E0
7.772096125E0,1.513352966E-1,1.971400452E-1,-9.787247314E0
7.782151125E0,1.568737793E-1,2.112107849E-1,-9.789941711E0
7.792206125E0,1.507365417E-1,2.173480225E-1,-9.789492645E0
7.802261125E0,1.520837402E-1,2.233355713E-1,-9.787247314E0
7.812317125E0,1.499880981E-1,2.273771667E-1,-9.777816925E0
7.822372125E0,1.490899658E-1,2.115101624E-1,-9.789492645E0
7.832427125E0,1.477427673E-1,1.785786438E-1,-9.781110077E0
7.842482125E0,1.440005493E-1,1.564247131E-1,-9.782307587E0
7.852537125E0,1.502874756E-1,1.601669312E-1,-9.785301361E0
7.862593125E0,1.463955688E-1,1.824705505E-1,-9.783954163E0
7.872648125E0,1.483415222E-1,1.969903564E-1,-9.783654785E0
7.882703125E0,1.514849854E-1,2.161505127E-1,-9.782157898E0
7.892758125E0,1.576222229E-1,2.267784119E-1,-9.779164124E0
7.902814125E0,1.522334290E-1,2.110610962E-1,-9.784852295E0
7.912869125E0,1.505868530E-1,1.963916016E-1,-9.794282684E0
7.922924125E0,1.490899658E-1,1.905537415E-1,-9.798773346E0
7.932979125E0,1.392105103E-1,1.815724182E-1,-9.797426147E0
7.943034125E0,1.401086426E-1,1.707948303E-1,-9.791737976E0
7.953090125E0,1.480421448E-1,1.549278259E-1,-9.778565369E0
7.963145125E0,1.444496155E-1,1.496887207E-1,-9.789941711E0
7.973200125E0,1.425036621E-1,1.781295776E-1,-9.790690155E0
7.983255125E0,1.496887207E-1,2.077679443E-1,-9.786498871E0
7.993310125E0,1.407073975E-1,2.240840149E-1,-9.793833618E0
8.003366125E0,1.561253357E-1,2.308200073E-1,-9.771979065E0
8.013421125E0,1.637594604E-1,2.306703186E-1,-9.784702606E0
8.023476125E0,1.432521057E-1,2.197430420E-1,-9.855056305E0
8.033531125E0,1.396595764E-1,1.930984497E-1,-9.745783539E0
8.043587125E0,1.532812500E-1,1.809736633E-1,-9.826765137E0
8.053642125E0,1.308279419E-1,1.986369324E-1,-9.766739960E0
8.063697667E0,1.651066589E-1,1.416055298E-1,-9.772577820E0
8.073752667E0,1.194515991E-1,1.776805115E-1,-9.811496887E0
8.083807667E0,1.683998108E-1,1.495390320E-1,-9.780661011E0
8.093863667E0,1.393601990E-1,2.209405518E-1,-9.800419922E0
8.103918667E0,1.583706665E-1,2.182461548E-1,-9.765093384E0
8.113973667E0,1.411564636E-1,2.278262329E-1,-9.804311829E0
8.124028667E0,1.468446350E-1,2.011816406E-1,-9.762398987E0
8.134084667E0,1.419049072E-1,2.008822632E-1,-9.814790039E0
8.144139667E0,1.538800049E-1,1.754351807E-1,-9.782606964E0
8.154194667E0,1.435514832E-1,2.058219910E-1,-9.784552917E0
8.164249667E0,1.544787598E-1,2.037263489E-1,-9.777816925E0
8.174304667E0,1.417552185E-1,2.158511353E-1,-9.773026886E0
8.184360667E0,1.672023010E-1,1.860630798E-1,-9.789492645E0
8.194415667E0,1.350192261E-1,1.913021851E-1,-9.792486420E0
8.204470667E0,1.556762695E-1,1.552272034E-1,-9.787247314E0
8.214525667E0,1.297801208E-1,2.065704346E-1,-9.783954163E0
8.224581667E0,1.715432739E-1,1.874102783E-1,-9.775870972E0
8.234636667E0,1.269360352E-1,1.854643250E-1,-9.792785797E0
8.244691667E0,1.475930786E-1,1.444496155E-1,-9.764794006E0
8.254746667E0,1.425036621E-1,2.118095398E-1,-9.812844086E0
8.264801667E0,1.832189941E-1,2.550695801E-1,-9.781858521E0
8.274857667E0,1.420545959E-1,2.444416809E-1,-9.805509338E0
8.284912667E0,1.559756470E-1,1.957928467E-1,-9.755363617E0
8.294967667E0,1.535806274E-1,2.034269714E-1,-9.781259766E0
8.305022667E0,1.493893433E-1,1.929487610E-1,-9.786498871E0
8.315078667E0,1.422042847E-1,1.076261902E-1,-9.790241089E0
8.325133667E0,1.305285645E-1,1.267863464E-1,-9.794881439E0
8.335188667E0,1.528321838E-1,1.904040527E-1,-9.787846069E0
8.345243667E0,1.492396545E-1,2.591111755E-1,-9.789792023E0
8.355298667E0,1.544787598E-1,2.568658447E-1,-9.779613190E0
8.365354667E0,1.505868530E-1,2.148033142E-1,-9.781409454E0
8.375409667E0,1.416055298E-1,1.874102783E-1,-9.791438599E0
8.385464667E0,1.445993042E-1,1.764830017E-1,-9.799222412E0
8.395519667E0,1.389111328E-1,1.874102783E-1,-9.798473969E0
8.405575667E0,1.508862305E-1,2.023791504E-1,-9.776020660E0
8.415630667E0,1.519340515E-1,2.201921082E-1,-9.782307587E0
8.425685667E0,1.420545959E-1,2.293231201E-1,-9.787097626E0
8.435740667E0,1.570234680E-1,1.941462708E-1,-9.782756653E0
8.445795667E0,1.383123779E-1,1.853146362E-1,-9.792935486E0
8.455851667E0,1.089733887E-1,1.401086426E-1,-9.771080933E0
8.465906667E0,7.933502197E-2,1.884580994E-1,-9.994416504E0
8.475961667E0,2.133064270E-1,1.986369324E-1,-9.633666687E0
8.486016667E0,1.290316772E-1,1.163081360E-1,-9.976902924E0
8.496072667E0,7.200027466E-2,1.892065430E-1,-9.636810150E0
8.506127667E0,2.517764282E-1,2.603086853E-1,-9.695488129E0
8.516182667E0,1.392105103E-1,4.923262024E-1,-9.881401520E0
8.526237667E0,2.453398132E-1,1.103205872E-1,-9.724976807E0
8.536292667E0,5.358856201E-2,2.664459229E-2,-9.806407471E0
8.546348667E0,1.603166199E-1,1.068777466E-1,-9.769434357E0
8.556403667E0,1.945953369E-1,3.046165466E-1,-9.781708832E0
8.566458667E0,1.456471252E-1,2.974314880E-1,-9.768386536E0
8.576513667E0,1.335223389E-1,6.750961304E-2,-9.765542450E0
8.586569667E0,1.097218323E-1,2.365081787E-2,-9.767338715E0
8.596624667E0,1.791773987E-1,2.082170105E-1,-9.844428406E0
8.606679667E0,1.719923401E-1,2.787203979E-1,-9.808353424E0
8.616734667E0,1.050814819E-1,2.773731995E-1,-9.777816925E0
8.626789667E0,1.666035461E-1,1.740879822E-1,-9.693691864E0
8.636845667E0,1.562750244E-1,3.076103210E-1,-9.818382568E0
8.646900667E0,2.240840149E-1,2.133064270E-1,-9.811047821E0
8.656955667E0,7.813751221E-2,1.425036621E-1,-9.827663269E0
8.667010667E0,1.230441284E-1,2.260299683E-2,-9.774224396E0
8.677066667E0,1.363664246E-1,2.125579834E-1,-9.771679688E0
8.687121667E0,2.161505127E-1,3.255729675E-1,-9.808952179E0
8.697176667E0,1.407073975E-1,1.889071655E-1,-9.770033112E0
8.707231667E0,9.624984741E-2,8.861572266E-2,-9.802665253E0
8.717286667E0,1.526824951E-1,1.008901978E-1,-9.777816925E0
8.727342667E0,1.797761536E-1,2.818638611E-1,-9.816586304E0
8.737397667E0,1.573228455E-1,2.986289978E-1,-9.805958405E0
8.747452667E0,1.137634277E-1,1.986369324E-1,-9.730964355E0
8.757507667E0,1.444496155E-1,1.501377869E-1,-9.790390778E0
8.767562667E0,1.757345581E-1,2.122586060E-1,-9.786349182E0
8.777618667E0,1.607656860E-1,2.014810181E-1,-9.849218445E0
8.787673667E0,1.191522217E-1,1.511856079E-1,-9.767488403E0
8.797728667E0,1.140628052E-1,1.468446350E-1,-9.776320038E0
8.807783667E0,1.585203552E-1,2.318678284E-1,-9.767338715E0
8.817839667E0,2.013313293E-1,2.459385681E-1,-9.783205719E0
8.827894667E0,1.282832336E-1,1.733395386E-1,-9.808952179E0
8.837949667E0,1.288819885E-1,8.562194824E-2,-9.753267975E0
8.848004667E0,1.345701599E-1,1.836680603E-1,-9.833052063E0
8.858059667E0,1.935475159E-1,2.710862732E-1,-9.762698364E0
8.868115667E0,1.416055298E-1,2.809657288E-1,-9.810149689E0
8.878170667E0,1.260379028E-1,1.637594604E-1,-9.735005951E0
8.888225667E0,1.445993042E-1,1.496887207E-1,-9.798174591E0
8.898280667E0,1.779798889E-1,1.880090332E-1,-9.792187042E0
8.908336667E0,1.469943237E-1,2.004331970E-1,-9.807754669E0
8.918391667E0,1.224453735E-1,1.800755310E-1,-9.779164124E0
8.928446667E0,1.357676697E-1,1.892065430E-1,-9.753417664E0
8.938501667E0,1.682501221E-1,2.261796570E-1,-9.791737976E0
8.948556667E0,1.624122620E-1,2.163002014E-1,-9.786798248E0
8.958612667E0,1.359173584E-1,1.676513672E-1,-9.803563385E0
8.968667667E0,1.326242065E-1,1.718426514E-1,-9.762848053E0
8.978722667E0,1.580712891E-1,2.329156494E-1,-9.798623657E0
8.988777667E0,1.636097717E-1,2.582130432E-1,-9.777068481E0
8.998833667E0,1.401086426E-1,1.986369324E-1,-9.782906342E0
9.008888667E0,1.345701599E-1,1.372645569E-1,-9.771679688E0
9.018943667E0,1.378633118E-1,1.770817566E-1,-9.807305603E0
9.028998667E0,1.577719116E-1,2.136058044E-1,-9.799671478E0
9.039053667E0,1.423539734E-1,2.095642090E-1,-9.783954163E0
9.049109667E0,1.431024170E-1,1.673519897E-1,-9.778565369E0
9.059164667E0,1.381626892E-1,1.788780212E-1,-9.776170349E0
9.069218750E0,1.672023010E-1,1.980381775E-1,-9.804461517E0
9.079273750E0,1.582209778E-1,2.061213684E-1,-9.791438599E0
9.089329750E0,1.505868530E-1,1.791773987E-1,-9.789492645E0
9.099384750E0,1.366658020E-1,2.028282166E-1,-9.775122528E0
9.109439750E0,1.679507446E-1,2.389031982E-1,-9.786049805E0
9.119494750E0,1.594184875E-1,2.183958435E-1,-9.785301361E0
9.129549750E0,1.434017944E-1,1.679507446E-1,-9.788444824E0
9.139605750E0,1.372645569E-1,1.466949463E-1,-9.782157898E0
9.149660750E0,1.471440125E-1,1.895059204E-1,-9.797575836E0
9.159715750E0,1.543290710E-1,2.272274780E-1,-9.805060272E0
9.169770750E0,1.468446350E-1,2.192939758E-1,-9.776469727E0
9.179826750E0,1.410067749E-1,1.971400452E-1,-9.788145447E0
9.189881750E0,1.519340515E-1,2.013313293E-1,-9.777068481E0
9.199936750E0,1.618135071E-1,2.231858826E-1,-9.801018677E0
9.209991750E0,1.519340515E-1,2.002835083E-1,-9.795480194E0
9.220046750E0,1.374142456E-1,1.857637024E-1,-9.779164124E0
9.230102750E0,1.416055298E-1,2.097138977E-1,-9.791737976E0
9.240157750E0,1.627116394E-1,2.100132751E-1,-9.789792023E0
9.250212750E0,1.505868530E-1,1.763333130E-1,-9.798174591E0
9.260267750E0,1.228944397E-1,1.535806274E-1,-9.787696381E0
9.270323750E0,1.366658020E-1,1.803749084E-1,-9.784103851E0
9.280378750E0,1.573228455E-1,2.209405518E-1,-9.783205719E0
9.290433750E0,1.550775146E-1,2.380050659E-1,-9.788444824E0
9.300488750E0,1.511856079E-1,2.004331970E-1,-9.779613190E0
9.310543750E0,1.377136230E-1,1.905537415E-1,-9.787397003E0
9.320599750E0,1.541793823E-1,2.263293457E-1,-9.795180817E0
9.330654750E0,1.505868530E-1,2.218386841E-1,-9.804760895E0
9.340709750E0,1.429527283E-1,1.926493835E-1,-9.791438599E0
9.350764750E0,1.396595764E-1,1.652563477E-1,-9.773925018E0
9.360820750E0,1.474433899E-1,1.730401611E-1,-9.784403229E0
9.370875750E0,1.543290710E-1,1.860630798E-1,-9.791737976E0
9.380930750E0,1.413061523E-1,1.820214844E-1,-9.805659027E0
9.390985750E0,1.335223389E-1,2.127076721E-1,-9.778864746E0
9.401040750E0,1.607656860E-1,2.621049500E-1,-9.792187042E0
9.411096750E0,1.582209778E-1,3.091072083E-1,-9.781110077E0
9.421151750E0,1.591191101E-1,2.803669739E-1,-9.789492645E0
9.431206750E0,1.558259583E-1,2.133064270E-1,-9.786199493E0
9.441261750E0,1.432521057E-1,1.552272034E-1,-9.794731750E0
9.451317750E0,1.408570862E-1,1.384620667E-1,-9.796078949E0
9.461372750E0,1.429527283E-1,1.070274353E-1,-9.777966614E0
9.471427750E0,1.425036621E-1,6.780899048E-2,-9.778715057E0
9.481482750E0,1.375639343E-1,7.514373779E-2,-9.791288910E0
9.491537750E0,1.444496155E-1,1.317260742E-1,-9.798923035E0
9.501593750E0,1.435514832E-1,1.850152588E-1,-9.792785797E0
9.511648750E0,1.408570862E-1,2.076182556E-1,-9.797126770E0
9.521703750E0,1.389111328E-1,2.266287231E-1,-9.780960388E0
9.531758750E0,1.520837402E-1,2.417472839E-1,-9.784852295E0
9.541814750E0,1.576222229E-1,2.308200073E-1,-9.791588287E0
9.551869750E0,1.469943237E-1,1.863624573E-1,-9.784702606E0
9.561924750E0,1.288819885E-1,1.579216003E-1,-9.783505096E0
9.571979750E0,1.442999268E-1,1.725910950E-1,-9.783954163E0
9.582034750E0,1.293310547E-1,1.886077881E-1,-9.802665253E0
9.592090750E0,4.999603271E-2,1.456471252E-1,-9.795929260E0
9.602145750E0,1.074765015E-1,2.183958435E-1,-9.785001984E0
9.612200750E0,1.444496155E-1,2.682421875E-1,-9.792187042E0
9.622255750E0,1.634600830E-1,2.547702026E-1,-9.789792023E0
9.632310750E0,2.083666992E-1,2.290237427E-1,-9.782756653E0
9.642366750E0,2.143542480E-1,1.963916016E-1,-9.785001984E0
9.652421750E0,1.784289551E-1,1.835183716E-1,-9.791737976E0
9.662476750E0,1.432521057E-1,1.821711731E-1,-9.785900116E0
9.672531750E0,1.489402771E-1,1.809736633E-1,-9.797126770E0
9.682587750E0,1.454974365E-1,1.793270874E-1,-9.795480194E0
9.692642750E0,1.507365417E-1,2.032772827E-1,-9.787995758E0
9.702697750E0,1.555265808E-1,2.215393066E-1,-9.784403229E0
9.712752750E0,1.556762695E-1,2.321672058E-1,-9.787247314E0
9.722807750E0,1.936972046E-1,2.417472839E-1,-9.790390778E0
9.732863750E0,2.552192688E-1,2.465373230E-1,-9.791438599E0
9.742918750E0,2.761756897E-1,2.492317200E-1,-9.788145447E0
9.752973750E0,2.288740540E-1,2.216889954E-1,-9.794881439E0
9.763028750E0,1.658551025E-1,1.639091492E-1,-9.793983307E0
9.773084750E0,1.065783691E-1,1.324745178E-1,-9.786648560E0
9.783139750E0,3.263214111E-2,1.140628052E-1,-9.783654785E0
9.793194750E0,9.131011963E-3,1.299298096E-1,-9.782307587E0
9.803249750E0,1.128652954E-1,1.881587219E-1,-9.792336731E0
9.813304750E0,1.630110168E-1,2.052232361E-1,-9.790690155E0
9.823360750E0,1.625619507E-1,2.083666992E-1,-9.789193268E0
9.833415750E0,1.675016785E-1,2.176473999E-1,-9.788594513E0
9.843470750E0,2.544708252E-1,2.252815247E-1,-9.791887665E0
9.853525750E0,2.896476746E-1,2.335144043E-1,-9.770781555E0
9.863581750E0,3.056643677E-1,3.068618774E-1,-9.782756653E0
9.873636750E0,1.094224548E0,6.976991272E-1,-9.798174591E0
9.883691750E0,2.011517029E0,6.140231323E-1,-9.787995758E0
9.893746750E0,-2.974015503E0,-3.512894897E0,-9.657167816E0
9.903801750E0,-3.419040070E0,-1.145268402E0,-9.239386597E0
9.913857750E0,5.896238708E-1,3.579207001E0,-6.530918884E0
9.923912750E0,4.872367859E-1,5.650749207E-1,-1.018990997E1
9.933967750E0,1.757345581E-1,-7.544311523E-2,-9.734407196E0
9.944022750E0,3.522175598E-1,3.963757324E-1,-9.794282684E0
9.954078750E0,6.909631348E-1,6.277944946E-1,-9.742490387E0
9.964133750E0,1.125659180E0,5.047503662E-1,-9.777966614E0
9.974188750E0,7.619155884E-1,3.303630066E-1,-9.806108093E0
9.984243750E0,1.740879822E-1,2.809657288E-1,-9.776020660E0
9.994298750E0,2.137554932E-1,1.413061523E-1,-9.777517548E0
1.000435475E1,2.812651062E-1,-7.050338745E-2,-9.813742218E0
1.001440975E1,1.486408997E-1,-9.205856323E-2,-9.773625641E0
1.002446475E1,1.303788757E-1,1.990859985E-2,-9.787696381E0
1.003451975E1,1.369651794E-1,1.454974365E-1,-9.782606964E0
1.004457575E1,1.519340515E-1,1.969903564E-1,-9.785750427E0
1.005463075E1,1.540296936E-1,2.336640930E-1,-9.783804474E0
1.006468642E1,1.570234680E-1,2.463876343E-1,-9.801617432E0
1.007474142E1,1.666035461E-1,2.390528870E-1,-9.771679688E0
1.008479642E1,1.657054138E-1,2.335144043E-1,-9.785900116E0
1.009485242E1,1.432521057E-1,1.790277100E-1,-9.790839844E0
1.010490742E1,1.357676697E-1,1.715432739E-1,-9.787397003E0
1.011496242E1,1.516346741E-1,1.552272034E-1,-9.782457275E0
1.012501742E1,1.474433899E-1,1.520837402E-1,-9.784103851E0
1.013507242E1,1.631607056E-1,1.791773987E-1,-9.793833618E0
1.014512842E1,1.794767761E-1,2.010319519E-1,-9.779762878E0
1.015518342E1,2.070195007E-1,1.914518738E-1,-9.785750427E0
1.016523842E1,1.706451416E-1,1.790277100E-1,-9.792037354E0
1.017529342E1,1.445993042E-1,1.721420288E-1,-9.784103851E0
1.018534942E1,5.074447632E-2,1.689985657E-1,-9.786049805E0
1.019540442E1,5.149291992E-2,1.134640503E-1,-9.791139221E0
1.020545942E1,1.523831177E-1,1.173559570E-1,-9.786049805E0
1.021551442E1,1.303788757E-1,1.077758789E-1,-9.792935486E0
1.022556942E1,1.381626892E-1,1.384620667E-1,-9.789342957E0
1.023562542E1,1.498384094E-1,1.823208618E-1,-9.785600739E0
1.024568042E1,1.549278259E-1,2.225871277E-1,-9.786349182E0
1.025573542E1,1.504371643E-1,2.270777893E-1,-9.788744202E0
1.026579042E1,1.471440125E-1,2.097138977E-1,-9.790839844E0
1.027584642E1,1.574725342E-1,1.758842468E-1,-9.778415680E0
1.028590142E1,1.694476318E-1,1.155596924E-1,-9.779014435E0
1.029595642E1,1.416055298E-1,1.296304321E-1,-9.786798248E0
1.030601142E1,8.232879639E-2,4.096980286E-1,-9.795779572E0
1.031606642E1,2.365081787E-1,6.017486572E-1,-9.774074707E0
1.032612242E1,2.013313293E-1,6.568341064E-1,-9.771080933E0
1.033617742E1,1.901046753E-1,5.528004456E-1,-9.790989532E0
1.034623242E1,1.776805115E-1,3.131488037E-1,-9.776170349E0
1.035628742E1,1.360670471E-1,7.364685059E-2,-9.786798248E0
1.036634342E1,1.014889526E-1,-1.495390320E-1,-9.781409454E0
1.037639842E1,7.229965210E-2,-3.050656128E-1,-9.782457275E0
1.038645342E1,9.744735718E-2,-2.598596191E-1,-9.782606964E0
1.039650842E1,1.212478638E-1,-6.286926270E-2,-9.793983307E0
1.040656342E1,1.468446350E-1,1.363664246E-1,-9.778116302E0
1.041661942E1,1.727407837E-1,3.582051086E-1,-9.795180817E0
1.042667442E1,1.851649475E-1,5.173242188E-1,-9.797426147E0
1.043672942E1,1.971400452E-1,5.556445312E-1,-9.776619415E0
1.044678442E1,1.839674377E-1,4.896318054E-1,-9.795480194E0
1.045684042E1,1.592687988E-1,3.411405945E-1,-9.789342957E0
1.046689542E1,1.534309387E-1,2.019300842E-1,-9.791737976E0
1.047695042E1,1.351689148E-1,9.295669556E-2,-9.788145447E0
1.048700542E1,1.206491089E-1,-2.335144043E-2,-9.782157898E0
1.049706042E1,9.804611206E-2,-6.676116943E-2,-9.794132996E0
1.050711642E1,1.154100037E-1,-5.254074097E-2,-9.780810699E0
1.051717142E1,1.393601990E-1,3.742218018E-2,-9.790241089E0
1.052722642E1,1.326242065E-1,1.413061523E-1,-9.789492645E0
1.053728142E1,1.504371643E-1,2.592608643E-1,-9.793234863E0
1.054733742E1,1.707948303E-1,3.784130859E-1,-9.792037354E0
1.055739242E1,1.836680603E-1,4.354444885E-1,-9.782906342E0
1.056744742E1,1.775308228E-1,4.019142151E-1,-9.785451050E0
1.057750242E1,1.540296936E-1,3.014730835E-1,-9.785600739E0
1.058755742E1,1.535806274E-1,2.116598511E-1,-9.799821167E0
1.059761342E1,1.420545959E-1,1.320254517E-1,-9.798324280E0
1.060766842E1,1.344204712E-1,7.694000244E-2,-9.798024902E0
1.061772342E1,1.293310547E-1,4.550537109E-2,-9.784852295E0
1.062777842E1,1.321751404E-1,3.861968994E-2,-9.788295135E0
1.063783342E1,1.423539734E-1,9.999206543E-2,-9.799222412E0
1.064788942E1,1.510359192E-1,1.618135071E-1,-9.786947937E0
1.065794442E1,1.440005493E-1,2.263293457E-1,-9.792486420E0
1.066799942E1,1.645079041E-1,2.674937439E-1,-9.792336731E0
1.067805442E1,1.579216003E-1,2.932402039E-1,-9.798473969E0
1.068811042E1,1.652563477E-1,2.918930054E-1,-9.787546692E0
1.069816542E1,1.573228455E-1,2.541714478E-1,-9.781110077E0
1.070822042E1,1.571731567E-1,2.023791504E-1,-9.800270233E0
1.071827542E1,1.432521057E-1,1.655557251E-1,-9.789193268E0
1.072833042E1,1.341210938E-1,1.451980591E-1,-9.793384552E0
1.073838642E1,1.366658020E-1,1.341210938E-1,-9.784852295E0
1.074844142E1,1.360670471E-1,1.317260742E-1,-9.781708832E0
1.075849642E1,1.350192261E-1,1.582209778E-1,-9.784852295E0
1.076855142E1,1.534309387E-1,1.913021851E-1,-9.793983307E0
1.077860742E1,1.496887207E-1,2.059716797E-1,-9.788145447E0
1.078866242E1,1.423539734E-1,2.179467773E-1,-9.796677704E0
1.079871742E1,1.483415222E-1,2.333647156E-1,-9.784103851E0
1.080877242E1,1.639091492E-1,2.574645996E-1,-9.802515564E0
1.081882742E1,1.679507446E-1,2.432441711E-1,-9.784702606E0
1.082888342E1,1.501377869E-1,2.249821472E-1,-9.790839844E0
1.083893842E1,1.469943237E-1,1.941462708E-1,-9.783954163E0
1.084899342E1,1.411564636E-1,1.743873596E-1,-9.798324280E0
1.085904842E1,1.398092651E-1,1.511856079E-1,-9.794132996E0
1.086910442E1,1.327738953E-1,1.246907043E-1,-9.788444824E0
1.087915942E1,1.255888367E-1,9.849517822E-2,-9.780810699E0
1.088921442E1,1.318757629E-1,1.001417542E-1,-9.798773346E0
1.089926942E1,1.489402771E-1,1.348695374E-1,-9.788594513E0
1.090932442E1,1.543290710E-1,2.294728088E-1,-9.787247314E0
1.091938042E1,1.634600830E-1,3.164419556E-1,-9.795180817E0
1.092943542E1,1.803749084E-1,3.582051086E-1,-9.781858521E0
1.093949042E1,1.663041687E-1,3.183879089E-1,-9.790091400E0
1.094954542E1,1.606159973E-1,3.004252625E-1,-9.798923035E0
1.095960042E1,1.460961914E-1,2.091151428E-1,-9.758058014E0
1.096965642E1,1.365161133E-1,1.390608215E-1,-9.788295135E0
1.097971142E1,1.339714050E-1,9.849517822E-2,-9.821975098E0
1.098976642E1,1.444496155E-1,4.146377563E-2,-9.808054047E0
1.099982142E1,1.251397705E-1,7.095245361E-2,-9.777966614E0
1.100987742E1,1.332229614E-1,1.287322998E-1,-9.768835602E0
1.101993242E1,1.454974365E-1,2.043251038E-1,-9.771829376E0
1.102998742E1,1.645079041E-1,2.963836670E-1,-9.786199493E0
1.104004242E1,1.636097717E-1,3.287164307E-1,-9.796677704E0
1.105009742E1,1.724414062E-1,2.930905151E-1,-9.777667236E0
1.106015342E1,1.510359192E-1,2.625540161E-1,-9.793683929E0
1.107020825E1,1.513352966E-1,1.968406677E-1,-9.782307587E0
1.108026325E1,1.471440125E-1,1.447489929E-1,-9.792636108E0
1.109031825E1,1.290316772E-1,5.089416504E-2,-9.776769104E0
1.110037425E1,1.213975525E-1,2.559677124E-2,-9.799222412E0
1.111042925E1,1.381626892E-1,2.784210205E-2,-9.778715057E0
1.112048425E1,1.083746338E-1,1.032852173E-1,-9.805359650E0
1.113053925E1,1.369651794E-1,1.954934692E-1,-9.777517548E0
1.114059425E1,1.612147522E-1,3.013233948E-1,-9.802515564E0
1.115065025E1,1.669029236E-1,3.712280273E-1,-9.770182800E0
1.116070525E1,1.806742859E-1,3.565585327E-1,-9.782606964E0
1.117076025E1,1.669029236E-1,2.987786865E-1,-9.787696381E0
1.118081525E1,1.570234680E-1,2.249821472E-1,-9.791737976E0
1.119087125E1,1.408570862E-1,1.631607056E-1,-9.792486420E0
1.120092625E1,1.270857239E-1,8.158035278E-2,-9.785451050E0
1.121098125E1,1.267863464E-1,3.173400879E-2,-9.787696381E0
1.122103625E1,1.362167358E-1,7.649093628E-2,-9.783654785E0
1.123109125E1,1.565744019E-1,1.347198486E-1,-9.796078949E0
1.124114725E1,1.414558411E-1,2.142045593E-1,-9.792636108E0
1.125120225E1,1.661544800E-1,2.951861572E-1,-9.786199493E0
1.126125725E1,1.676513672E-1,3.752696228E-1,-9.793683929E0
1.127131225E1,1.778302002E-1,3.829037476E-1,-9.784852295E0
1.128136825E1,1.598675537E-1,2.926414490E-1,-9.770931244E0
1.129142325E1,1.420545959E-1,2.029779053E-1,-9.794132996E0
1.130147825E1,1.425036621E-1,1.155596924E-1,-9.802515564E0
1.131153325E1,1.342707825E-1,6.286926270E-2,-9.800569611E0
1.132158825E1,1.272354126E-1,4.385879517E-2,-9.792486420E0
1.133164425E1,1.270857239E-1,5.508544922E-2,-9.786349182E0
1.134169925E1,1.432521057E-1,1.216969299E-1,-9.782008209E0
1.135175425E1,1.553768921E-1,2.136058044E-1,-9.783654785E0
1.136180925E1,1.567240906E-1,2.839595032E-1,-9.788893890E0
1.137186525E1,1.499880981E-1,3.129991150E-1,-9.788594513E0
1.138192025E1,1.660047913E-1,2.984793091E-1,-9.788594513E0
1.139197525E1,1.543290710E-1,2.627037048E-1,-9.800868988E0
1.140203025E1,1.496887207E-1,1.981878662E-1,-9.790241089E0
1.141208525E1,1.457968140E-1,1.646575928E-1,-9.789792023E0
1.142214125E1,1.306782532E-1,1.100212097E-1,-9.784852295E0
1.143219625E1,1.314266968E-1,8.906478882E-2,-9.791139221E0
1.144225125E1,1.338217163E-1,1.257385254E-1,-9.786049805E0
1.145230625E1,1.466949463E-1,1.625619507E-1,-9.786498871E0
1.146236125E1,1.438508606E-1,2.281256104E-1,-9.784403229E0
1.147241725E1,1.583706665E-1,2.808160400E-1,-9.778415680E0
1.148247225E1,1.649569702E-1,2.644999695E-1,-9.787397003E0
1.149252725E1,1.664538574E-1,2.442919922E-1,-9.785900116E0
1.150258225E1,1.441502380E-1,1.959425354E-1,-9.793234863E0
1.151263825E1,1.507365417E-1,1.544787598E-1,-9.779313812E0
1.152269325E1,1.408570862E-1,1.576222229E-1,-9.796228638E0
1.153274825E1,1.472937012E-1,1.475930786E-1,-9.785151672E0
1.154280325E1,1.484912109E-1,1.695973206E-1,-9.786648560E0
1.155285825E1,1.490899658E-1,2.044747925E-1,-9.785301361E0
1.156291425E1,1.535806274E-1,2.215393066E-1,-9.780211945E0
1.157296925E1,1.549278259E-1,2.323168945E-1,-9.792037354E0
1.158302425E1,1.465452576E-1,2.163002014E-1,-9.787696381E0
1.159307925E1,1.399589539E-1,1.779798889E-1,-9.778864746E0
1.160313525E1,1.456471252E-1,1.698966980E-1,-9.796228638E0
1.161319025E1,1.425036621E-1,1.463955688E-1,-9.775571594E0
1.162324525E1,1.381626892E-1,1.633103943E-1,-9.790690155E0
1.163330025E1,1.493893433E-1,1.850152588E-1,-9.792037354E0
1.164335525E1,1.492396545E-1,2.224374390E-1,-9.776020660E0
1.165341125E1,1.532812500E-1,2.418969727E-1,-9.784253540E0
1.166346625E1,1.457968140E-1,2.338137817E-1,-9.787397003E0
1.167352125E1,1.463955688E-1,2.028282166E-1,-9.787546692E0
1.168357625E1,1.386117554E-1,1.794767761E-1,-9.788594513E0
1.169363225E1,1.448986816E-1,1.731898499E-1,-9.793683929E0
1.170368725E1,1.493893433E-1,1.531315613E-1,-9.789642334E0
1.171374225E1,1.489402771E-1,1.749861145E-1,-9.793983307E0
1.172379725E1,1.553768921E-1,2.049238586E-1,-9.775870972E0
1.173385225E1,1.490899658E-1,2.231858826E-1,-9.793833618E0
1.174390825E1,1.556762695E-1,2.406994629E-1,-9.794282684E0
1.175396325E1,1.472937012E-1,2.408491516E-1,-9.786798248E0
1.176401825E1,1.486408997E-1,2.173480225E-1,-9.783056030E0
1.177407325E1,1.459465027E-1,1.935475159E-1,-9.788145447E0
1.178412925E1,1.338217163E-1,1.758842468E-1,-9.795480194E0
1.179418425E1,1.489402771E-1,1.718426514E-1,-9.785301361E0
1.180423925E1,1.392105103E-1,1.734892273E-1,-9.784552917E0
1.181429425E1,1.472937012E-1,1.691482544E-1,-9.786798248E0
1.182434925E1,1.359173584E-1,1.904040527E-1,-9.785600739E0
1.183440525E1,1.475930786E-1,2.076182556E-1,-9.786498871E0
1.184446025E1,1.507365417E-1,2.146536255E-1,-9.781259766E0
1.185451525E1,1.550775146E-1,2.260299683E-1,-9.788594513E0
1.186457025E1,1.612147522E-1,2.158511353E-1,-9.781559143E0
1.187462625E1,1.462458801E-1,2.010319519E-1,-9.777966614E0
1.188468125E1,1.502874756E-1,1.895059204E-1,-9.774972839E0
1.189473625E1,1.541793823E-1,1.769320679E-1,-9.793085175E0
1.190479125E1,1.567240906E-1,1.679507446E-1,-9.796677704E0
1.191484625E1,1.440005493E-1,1.615141296E-1,-9.788444824E0
1.192490225E1,1.501377869E-1,1.817221069E-1,-9.782157898E0
1.193495725E1,1.496887207E-1,2.115101624E-1,-9.783355408E0
1.194501225E1,1.529818726E-1,2.276765442E-1,-9.775571594E0
1.195506725E1,1.460961914E-1,2.270777893E-1,-9.784403229E0
1.196512225E1,1.528321838E-1,2.151026917E-1,-9.789043579E0
1.197517825E1,1.454974365E-1,2.071691895E-1,-9.793683929E0
1.198523325E1,1.484912109E-1,1.886077881E-1,-9.779613190E0
1.199528825E1,1.386117554E-1,1.676513672E-1,-9.772877197E0
1.200534325E1,1.468446350E-1,1.649569702E-1,-9.805060272E0
1.201539925E1,1.453477478E-1,1.681004333E-1,-9.803713074E0
1.202545425E1,1.453477478E-1,1.832189941E-1,-9.794432373E0
1.203550925E1,1.460961914E-1,2.061213684E-1,-9.778116302E0
1.204556425E1,1.498384094E-1,2.221380615E-1,-9.770182800E0
1.205561925E1,1.582209778E-1,2.302212524E-1,-9.782307587E0
1.206567500E1,1.553768921E-1,2.128573608E-1,-9.790390778E0
1.207573000E1,1.490899658E-1,1.832189941E-1,-9.788444824E0
1.208578500E1,1.434017944E-1,1.469943237E-1,-9.792336731E0
1.209584000E1,1.402583313E-1,1.498384094E-1,-9.788444824E0
1.210589600E1,1.598675537E-1,2.014810181E-1,-9.784852295E0
1.211595100E1,1.514849854E-1,2.306703186E-1,-9.781110077E0
1.212600600E1,1.490899658E-1,2.282752991E-1,-9.772877197E0
1.213606100E1,1.416055298E-1,2.037263489E-1,-9.782906342E0
1.214611600E1,1.416055298E-1,1.839674377E-1,-9.787397003E0
1.215617200E1,1.429527283E-1,1.924996948E-1,-9.791288910E0
1.216622700E1,1.501377869E-1,2.014810181E-1,-9.790989532E0
1.217628200E1,1.434017944E-1,1.866618347E-1,-9.781259766E0
1.218633700E1,1.428030396E-1,1.715432739E-1,-9.784552917E0
1.219639300E1,1.504371643E-1,1.730401611E-1,-9.786049805E0
1.220644800E1,1.395098877E-1,1.841171265E-1,-9.787247314E0
1.221650300E1,1.402583313E-1,2.177970886E-1,-9.794881439E0
1.222655800E1,1.445993042E-1,2.306703186E-1,-9.778715057E0
1.223661300E1,1.435514832E-1,2.116598511E-1,-9.793234863E0
1.224666900E1,1.422042847E-1,1.904040527E-1,-9.786798248E0
1.225672400E1,1.434017944E-1,1.701960754E-1,-9.798024902E0
1.226677900E1,1.469943237E-1,1.672023010E-1,-9.784253540E0
1.227683400E1,1.592687988E-1,1.851649475E-1,-9.782906342E0
1.228689000E1,1.549278259E-1,2.040257263E-1,-9.785750427E0
1.229694500E1,1.472937012E-1,2.031275940E-1,-9.780211945E0
1.230700000E1,1.508862305E-1,2.017803955E-1,-9.785151672E0
1.231705500E1,1.457968140E-1,2.034269714E-1,-9.789941711E0
1.232711000E1,1.481918335E-1,1.998344421E-1,-9.790989532E0
1.233716600E1,1.484912109E-1,1.933978271E-1,-9.781858521E0
1.234722100E1,1.426533508E-1,1.833686829E-1,-9.783804474E0
1.235727600E1,1.493893433E-1,1.886077881E-1,-9.795330505E0
1.236733100E1,1.537303162E-1,1.950444031E-1,-9.797875214E0
1.237738700E1,1.465452576E-1,1.989363098E-1,-9.792486420E0
1.238744200E1,1.517843628E-1,2.112107849E-1,-9.786199493E0
1.239749700E1,1.493893433E-1,2.213896179E-1,-9.783205719E0
1.240755200E1,1.541793823E-1,2.154020691E-1,-9.784403229E0
1.241760700E1,1.456471252E-1,2.043251038E-1,-9.780810699E0
1.242766300E1,1.457968140E-1,1.844165039E-1,-9.778265991E0
1.243771800E1,1.555265808E-1,1.745370483E-1,-9.786349182E0
1.244777300E1,1.417552185E-1,1.929487610E-1,-9.780960388E0
1.245782800E1,1.490899658E-1,2.077679443E-1,-9.785600739E0
1.246788400E1,1.499880981E-1,2.092648315E-1,-9.787397003E0
1.247793900E1,1.594184875E-1,2.004331970E-1,-9.782756653E0
1.248799400E1,1.537303162E-1,1.880090332E-1,-9.787546692E0
1.249804900E1,1.429527283E-1,1.975891113E-1,-9.788594513E0
1.250810400E1,1.420545959E-1,1.924996948E-1,-9.786199493E0
1.251816000E1,1.414558411E-1,1.851649475E-1,-9.786349182E0
1.252821500E1,1.505868530E-1,1.766326904E-1,-9.786648560E0
1.253827000E1,1.480421448E-1,1.748364258E-1,-9.783355408E0
1.254832500E1,1.477427673E-1,1.809736633E-1,-9.794132996E0
1.255838100E1,1.425036621E-1,2.164498901E-1,-9.782157898E0
1.256843600E1,1.425036621E-1,2.177970886E-1,-9.781858521E0
1.257849100E1,1.498384094E-1,2.113604736E-1,-9.781110077E0
1.258854600E1,1.442999268E-1,1.989363098E-1,-9.792336731E0
1.259860100E1,1.519340515E-1,1.896556091E-1,-9.787097626E0
1.260865700E1,1.435514832E-1,1.950444031E-1,-9.787696381E0
1.261871200E1,1.490899658E-1,1.866618347E-1,-9.785001984E0
1.262876700E1,1.495390320E-1,1.954934692E-1,-9.793983307E0
1.263882200E1,1.537303162E-1,2.004331970E-1,-9.786648560E0
1.264887800E1,1.499880981E-1,2.007325745E-1,-9.782906342E0
1.265893300E1,1.534309387E-1,2.001338196E-1,-9.793833618E0
1.266898800E1,1.417552185E-1,2.049238586E-1,-9.786498871E0
1.267904300E1,1.456471252E-1,1.927990723E-1,-9.789792023E0
1.268909800E1,1.426533508E-1,1.863624573E-1,-9.799821167E0
1.269915400E1,1.428030396E-1,1.890568542E-1,-9.788145447E0
1.270920900E1,1.419049072E-1,1.890568542E-1,-9.790540466E0
1.271926400E1,1.550775146E-1,1.872605896E-1,-9.775870972E0
1.272931900E1,1.498384094E-1,2.010319519E-1,-9.790690155E0
1.273937400E1,1.471440125E-1,2.028282166E-1,-9.787097626E0
1.274943000E1,1.496887207E-1,2.020797729E-1,-9.798324280E0
1.275948500E1,1.580712891E-1,2.029779053E-1,-9.786349182E0
1.276954000E1,1.450483704E-1,2.028282166E-1,-9.791139221E0
1.277959500E1,1.478924561E-1,1.872605896E-1,-9.786798248E0
1.278965100E1,1.425036621E-1,1.769320679E-1,-9.800569611E0
1.279970600E1,1.442999268E-1,1.933978271E-1,-9.778565369E0
1.280976100E1,1.552272034E-1,2.041754150E-1,-9.785451050E0
1.281981600E1,1.398092651E-1,2.207908630E-1,-9.781858521E0
1.282987100E1,1.555265808E-1,1.892065430E-1,-9.775421906E0
1.283992700E1,1.366658020E-1,1.773811340E-1,-9.789342957E0
1.284998200E1,1.457968140E-1,1.766326904E-1,-9.773775330E0
1.286003700E1,1.504371643E-1,1.904040527E-1,-9.793534241E0
1.287009200E1,1.522334290E-1,1.853146362E-1,-9.778565369E0
1.288014800E1,1.429527283E-1,1.832189941E-1,-9.784552917E0
1.289020300E1,1.445993042E-1,1.926493835E-1,-9.782906342E0
1.290025800E1,1.511856079E-1,2.297721863E-1,-9.792636108E0
1.291031300E1,1.603166199E-1,2.409988403E-1,-9.792336731E0
1.292036800E1,1.534309387E-1,2.404000854E-1,-9.781858521E0
1.293042400E1,1.550775146E-1,2.249821472E-1,-9.785451050E0
1.294047900E1,1.495390320E-1,2.022294617E-1,-9.787846069E0
1.295053400E1,1.469943237E-1,1.568737793E-1,-9.793833618E0
1.296058900E1,1.404080200E-1,1.281335449E-1,-9.792336731E0
1.297064500E1,1.363664246E-1,1.190025330E-1,-9.790540466E0
1.298070000E1,1.422042847E-1,1.700463867E-1,-9.788893890E0
1.299075500E1,1.538800049E-1,2.044747925E-1,-9.788295135E0
1.300081000E1,1.483415222E-1,2.236349487E-1,-9.797126770E0
1.301086500E1,1.574725342E-1,2.251318359E-1,-9.794881439E0
1.302092100E1,1.588197327E-1,2.293231201E-1,-9.790839844E0
1.303097600E1,1.516346741E-1,2.273771667E-1,-9.783056030E0
1.304103100E1,1.477427673E-1,2.101629639E-1,-9.785750427E0
1.305108600E1,1.402583313E-1,1.848655701E-1,-9.776170349E0
1.306114200E1,1.395098877E-1,1.273851013E-1,-9.794582062E0
1.307119750E1,1.398092651E-1,1.380130005E-1,-9.803264008E0
1.308125250E1,1.236428833E-1,1.706451416E-2,-9.551786957E0
1.309130750E1,1.872605896E-1,3.044668579E-1,-1.005054977E1
1.310136250E1,2.221380615E-1,2.104623413E-1,-9.584119720E0
1.311141850E1,6.496490479E-2,3.129991150E-1,-9.917027435E0
1.312147350E1,2.312690735E-1,2.107617188E-1,-9.635163574E0
1.313152850E1,1.080752563E-1,4.177812195E-1,-9.792187042E0
1.314158350E1,2.052232361E-1,1.892065430E-1,-9.846374359E0
1.315163950E1,1.040336609E-1,-2.095642090E-2,-9.749076691E0
1.316169450E1,1.121168518E-1,8.876541138E-2,-9.831405487E0
1.317174950E1,1.857637024E-1,1.868115234E-1,-9.765392761E0
1.318180450E1,1.571731567E-1,2.583627319E-1,-9.818532257E0
1.319185950E1,1.363664246E-1,1.942959595E-1,-9.762848053E0
1.320191550E1,1.534309387E-1,1.655557251E-1,-9.737850037E0
1.321197050E1,1.547781372E-1,2.315684509E-1,-9.891430664E0
1.322202550E1,1.764830017E-1,2.375559998E-1,-9.730964355E0
1.323208050E1,9.280700684E-2,2.517764282E-1,-9.878856812E0
1.324213650E1,1.664538574E-1,1.444496155E-1,-9.664652252E0
1.325219150E1,1.417552185E-1,2.245330811E-1,-9.858648834E0
1.326224650E1,1.908531189E-1,1.866618347E-1,-9.768386536E0
1.327230150E1,1.140628052E-1,1.389111328E-1,-9.820178833E0
1.328235650E1,1.311273193E-1,1.270857239E-1,-9.800120544E0
1.329241250E1,1.468446350E-1,2.007325745E-1,-9.753118286E0
1.330246750E1,1.694476318E-1,3.135978699E-1,-9.838440857E0
1.331252250E1,1.823208618E-1,2.507286072E-1,-9.746082916E0
1.332257750E1,1.121168518E-1,2.287243652E-1,-9.827363892E0
1.333263350E1,1.609153748E-1,1.757345581E-1,-9.726324005E0
1.334268850E1,1.522334290E-1,2.357597351E-1,-9.838740234E0
1.335274350E1,1.510359192E-1,1.989363098E-1,-9.766590271E0
1.336279850E1,9.310638428E-2,1.603166199E-1,-9.806407471E0
1.337285350E1,1.362167358E-1,7.574249268E-2,-9.746981049E0
1.338290950E1,1.425036621E-1,1.255888367E-1,-9.791737976E0
1.339296450E1,1.606159973E-1,1.965412903E-1,-9.815239105E0
1.340301950E1,1.454974365E-1,1.643582153E-1,-9.788295135E0
1.341307450E1,1.441502380E-1,1.600172424E-1,-9.788295135E0
1.342313050E1,1.402583313E-1,2.076182556E-1,-9.761051788E0
1.343318550E1,1.719923401E-1,2.546205139E-1,-9.805060272E0
1.344324050E1,1.489402771E-1,2.386038208E-1,-9.773775330E0
1.345329550E1,1.422042847E-1,1.980381775E-1,-9.788893890E0
1.346335150E1,1.475930786E-1,1.639091492E-1,-9.772128754E0
1.347340650E1,1.508862305E-1,1.865121460E-1,-9.807305603E0
1.348346150E1,1.466949463E-1,1.889071655E-1,-9.779313812E0
1.349351650E1,1.278341675E-1,1.800755310E-1,-9.782906342E0
1.350357150E1,1.526824951E-1,1.770817566E-1,-9.770033112E0
1.351362750E1,1.546284485E-1,2.065704346E-1,-9.799821167E0
1.352368250E1,1.609153748E-1,2.023791504E-1,-9.795031128E0
1.353373750E1,1.351689148E-1,1.893562317E-1,-9.789492645E0
1.354379250E1,1.442999268E-1,1.787283325E-1,-9.782606964E0
1.355384750E1,1.499880981E-1,2.167492676E-1,-9.789492645E0
1.356390350E1,1.618135071E-1,2.098635864E-1,-9.794881439E0
1.357395850E1,1.401086426E-1,1.838177490E-1,-9.780810699E0
1.358401350E1,1.438508606E-1,1.686991882E-1,-9.785900116E0
1.359406850E1,1.422042847E-1,1.908531189E-1,-9.778265991E0
1.360412450E1,1.576222229E-1,2.167492676E-1,-9.789941711E0
1.361417950E1,1.502874756E-1,2.046244812E-1,-9.787546692E0
1.362423450E1,1.428030396E-1,1.802252197E-1,-9.785451050E0
1.363428950E1,1.426533508E-1,1.681004333E-1,-9.781409454E0
1.364434550E1,1.525328064E-1,1.959425354E-1,-9.791588287E0
1.365440050E1,1.456471252E-1,1.830693054E-1,-9.793683929E0
1.366445550E1,1.384620667E-1,1.874102783E-1,-9.777667236E0
1.367451050E1,1.431024170E-1,1.904040527E-1,-9.782457275E0
1.368456550E1,1.639091492E-1,2.080673218E-1,-9.795180817E0
1.369462150E1,1.694476318E-1,2.064207458E-1,-9.796977081E0
1.370467650E1,1.459465027E-1,1.901046753E-1,-9.787097626E0
1.371473150E1,1.326242065E-1,1.823208618E-1,-9.779613190E0
1.372478650E1,1.474433899E-1,2.011816406E-1,-9.787846069E0
1.373484250E1,1.525328064E-1,2.010319519E-1,-9.796528015E0
1.374489750E1,1.408570862E-1,1.666035461E-1,-9.790540466E0
1.375495250E1,1.357676697E-1,1.582209778E-1,-9.772128754E0
1.376500750E1,1.445993042E-1,1.755848694E-1,-9.803563385E0
1.377506250E1,1.510359192E-1,2.116598511E-1,-9.798473969E0
1.378511850E1,1.544787598E-1,2.182461548E-1,-9.788893890E0
1.379517350E1,1.447489929E-1,2.154020691E-1,-9.776320038E0
1.380522850E1,1.490899658E-1,2.085163879E-1,-9.796827393E0
1.381528350E1,1.526824951E-1,1.926493835E-1,-9.800719299E0
1.382533950E1,1.450483704E-1,1.832189941E-1,-9.783355408E0
1.383539450E1,1.435514832E-1,1.797761536E-1,-9.791588287E0
1.384544950E1,1.486408997E-1,1.836680603E-1,-9.785151672E0
1.385550450E1,1.561253357E-1,1.959425354E-1,-9.797575836E0
1.386555950E1,1.570234680E-1,2.017803955E-1,-9.786049805E0
1.387561550E1,1.437011719E-1,1.829196167E-1,-9.785750427E0
1.388567050E1,1.528321838E-1,2.046244812E-1,-9.791288910E0
1.389572550E1,1.555265808E-1,2.222877502E-1,-9.794582062E0
1.390578050E1,1.555265808E-1,2.118095398E-1,-9.786199493E0
1.391583650E1,1.486408997E-1,1.945953369E-1,-9.782606964E0
1.392589150E1,1.442999268E-1,1.728904724E-1,-9.782756653E0
1.393594650E1,1.422042847E-1,1.763333130E-1,-9.791288910E0
1.394600150E1,1.445993042E-1,1.924996948E-1,-9.792187042E0
1.395605650E1,1.314266968E-1,1.963916016E-1,-9.787247314E0
1.396611250E1,1.495390320E-1,1.963916016E-1,-9.784403229E0
1.397616750E1,1.564247131E-1,2.131567383E-1,-9.791139221E0
1.398622250E1,1.540296936E-1,2.260299683E-1,-9.780361633E0
1.399627750E1,1.399589539E-1,2.552192688E-1,-9.784253540E0
1.400633350E1,1.598675537E-1,2.270777893E-1,-9.803862762E0
1.401638850E1,1.535806274E-1,1.441502380E-1,-9.797426147E0
1.402644350E1,1.389111328E-1,9.969268799E-2,-9.789492645E0
1.403649850E1,1.329235840E-1,1.151106262E-1,-9.791288910E0
1.404655450E1,1.028361511E-1,1.056802368E-1,-9.774374084E0
1.405660950E1,-1.721420288E-2,1.631607056E-2,-9.787696381E0
1.406666404E1,-1.796264648E-1,-1.193019104E-1,-9.791139221E0
1.407671904E1,-1.751358032E-1,-1.769320679E-1,-9.792187042E0
1.408677404E1,-1.272354126E-2,-2.222877502E-1,-9.793534241E0
1.409683004E1,1.719923401E-1,-1.841171265E-1,-9.800120544E0
1.410688504E1,1.059796143E-1,-1.341210938E-1,-9.787546692E0
1.411694004E1,-1.830693054E-1,-2.993774414E-3,-9.780211945E0
1.412699504E1,-5.096900940E-1,4.438270569E-1,-9.797575836E0
1.413705104E1,-1.752854919E-1,7.984396362E-1,-9.778715057E0
1.414710604E1,3.228785706E-1,7.822732544E-1,-9.797575836E0
1.415716104E1,6.050418091E-1,5.995033264E-1,-9.784403229E0
1.416721604E1,9.123527527E-1,4.623884583E-1,-9.776769104E0
1.417727104E1,7.476951599E-1,3.632945251E-1,-9.787397003E0
1.418732704E1,3.382965088E-1,2.531236267E-1,-9.785600739E0
1.419738204E1,1.865121460E-1,3.203338623E-2,-9.791887665E0
1.420743704E1,2.165995789E-1,-2.516267395E-1,-9.776918793E0
1.421749204E1,1.790277100E-1,-2.877017212E-1,-9.793983307E0
1.422754804E1,2.513273621E-1,1.595681763E-1,-9.787247314E0
1.423760304E1,1.637594604E-1,6.007008362E-1,-9.785600739E0
1.424765804E1,6.376739502E-2,5.990542603E-1,-9.778116302E0
1.425771304E1,2.454895020E-2,3.477268982E-1,-9.775272217E0
1.426776804E1,1.288819885E-1,1.836680603E-1,-9.801168365E0
1.427782404E1,1.332229614E-1,1.902543640E-1,-9.792486420E0
1.428787904E1,1.407073975E-1,2.149530029E-1,-9.784552917E0
1.429793404E1,1.444496155E-1,2.383044434E-1,-9.783205719E0
1.430798904E1,1.389111328E-1,2.653981018E-1,-9.782457275E0
1.431804504E1,1.440005493E-1,2.920426941E-1,-9.803413696E0
1.432810004E1,1.282832336E-1,2.803669739E-1,-9.797426147E0
1.433815504E1,-2.242337036E-1,4.947212219E-1,-9.797875214E0
1.434821004E1,-2.432441711E-1,6.620732117E-1,-9.797126770E0
1.435826504E1,1.242416382E-2,5.870791626E-1,-9.784403229E0
1.436832104E1,3.234773254E-1,-7.409591675E-2,-9.829758911E0
1.437837604E1,5.321434021E-1,-5.800437927E-1,-9.832303619E0
1.438843104E1,-4.056564331E-1,1.669029236E-1,-9.785301361E0
1.439848604E1,-8.809181213E-1,6.840774536E-2,-9.802814941E0
1.440854204E1,4.914280701E-1,1.215472412E-1,-9.761351166E0
1.441859704E1,1.576970673E0,7.334747314E-2,-9.752968597E0
1.442865204E1,9.654922485E-2,2.930905151E-1,-9.779912567E0
1.443870704E1,-3.103047180E-1,4.367916870E-1,-9.764494629E0
1.444876204E1,2.712359619E-1,1.710942078E-1,-9.790690155E0
1.445881804E1,5.275030518E-1,7.978408813E-2,-9.782457275E0
1.446887304E1,2.148033142E-1,1.434017944E-1,-9.783654785E0
1.447892804E1,1.456471252E-1,1.438508606E-1,-9.790540466E0
1.448898304E1,1.540296936E-1,1.489402771E-1,-9.783954163E0
1.449903904E1,1.453477478E-1,1.640588379E-1,-9.790091400E0
1.450909404E1,1.457968140E-1,2.005828857E-1,-9.781559143E0
1.451914904E1,1.583706665E-1,2.423460388E-1,-9.796677704E0
1.452920404E1,1.523831177E-1,2.112107849E-1,-9.787696381E0
1.453926004E1,1.725910950E-1,9.595046997E-2,-9.788744202E0
1.454931504E1,2.354603577E-1,1.178050232E-1,-9.798174591E0
1.455937004E1,2.897973633E-1,3.873944092E-1,-9.784702606E0
1.456942504E1,2.962339783E-1,3.881428528E-1,-9.798473969E0
1.457948004E1,7.020401001E-2,6.646179199E-2,-9.800419922E0
1.458953604E1,-2.487826538E-1,1.294807434E-1,-9.789941711E0
1.459959104E1,1.637594604E-1,1.660047913E-1,-9.774224396E0
1.460964604E1,1.465452576E-1,1.338217163E-1,-9.791288910E0
1.461970104E1,1.435514832E-1,1.579216003E-1,-9.789492645E0
1.462975704E1,1.459465027E-1,1.736389160E-1,-9.792486420E0
1.463981204E1,1.480421448E-1,1.913021851E-1,-9.797126770E0
1.464986704E1,1.456471252E-1,2.312690735E-1,-9.793384552E0
1.465992204E1,1.507365417E-1,2.526745605E-1,-9.779463501E0
1.466997704E1,1.483415222E-1,2.559677124E-1,-9.783205719E0
1.468003304E1,1.517843628E-1,2.375559998E-1,-9.784552917E0
1.469008804E1,1.350192261E-1,2.004331970E-1,-9.788893890E0
1.470014304E1,1.429527283E-1,1.755848694E-1,-9.799372101E0
1.471019804E1,1.278341675E-1,1.517843628E-1,-9.795031128E0
1.472025404E1,1.387614441E-1,1.445993042E-1,-9.787247314E0
1.473030904E1,1.345701599E-1,1.375639343E-1,-9.780062256E0
1.474036404E1,1.372645569E-1,1.282832336E-1,-9.781409454E0
1.475041904E1,1.437011719E-1,1.390608215E-1,-9.785900116E0
1.476047404E1,1.404080200E-1,1.975891113E-1,-9.788295135E0
1.477053004E1,1.618135071E-1,2.779719543E-1,-9.786498871E0
1.478058504E1,1.621128845E-1,3.098556519E-1,-9.786498871E0
1.479064004E1,1.465452576E-1,3.221301270E-1,-9.785750427E0
1.480069504E1,1.456471252E-1,2.960842896E-1,-9.786049805E0
1.481075104E1,1.440005493E-1,2.439926147E-1,-9.792037354E0
1.482080604E1,1.454974365E-1,1.904040527E-1,-9.795779572E0
1.483086104E1,1.329235840E-1,1.555265808E-1,-9.797725525E0
1.484091604E1,1.363664246E-1,1.371148682E-1,-9.788594513E0
1.485097204E1,1.303788757E-1,1.465452576E-1,-9.777068481E0
1.486102704E1,1.484912109E-1,1.486408997E-1,-9.774523773E0
1.487108204E1,1.317260742E-1,1.797761536E-1,-9.797276459E0
1.488113704E1,1.498384094E-1,1.776805115E-1,-9.798623657E0
1.489119204E1,1.381626892E-1,2.300715637E-1,-9.801168365E0
1.490124804E1,1.556762695E-1,2.559677124E-1,-9.784702606E0
1.491130304E1,1.514849854E-1,2.695893860E-1,-9.782307587E0
1.492135804E1,1.609153748E-1,2.468367004E-1,-9.794282684E0
1.493141304E1,1.360670471E-1,2.209405518E-1,-9.785900116E0
1.494146904E1,1.457968140E-1,1.865121460E-1,-9.784852295E0
1.495152404E1,1.462458801E-1,1.791773987E-1,-9.782457275E0
1.496157904E1,1.335223389E-1,1.725910950E-1,-9.786498871E0
1.497163404E1,1.329235840E-1,1.848655701E-1,-9.778864746E0
1.498168904E1,1.410067749E-1,1.785786438E-1,-9.783505096E0
1.499174504E1,1.474433899E-1,1.883084106E-1,-9.786498871E0
1.500180004E1,1.462458801E-1,2.170486450E-1,-9.790989532E0
1.501185504E1,1.516346741E-1,2.402503967E-1,-9.796078949E0
1.502191004E1,1.552272034E-1,2.448907471E-1,-9.783954163E0
1.503196604E1,1.550775146E-1,2.360591125E-1,-9.786648560E0
1.504202104E1,1.387614441E-1,2.203417969E-1,-9.789792023E0
1.505207604E1,1.454974365E-1,1.933978271E-1,-9.776769104E0
1.506213104E1,1.402583313E-1,1.715432739E-1,-9.793234863E0
1.507218754E1,1.372645569E-1,1.510359192E-1,-9.781559143E0
1.508224254E1,1.380130005E-1,1.350192261E-1,-9.781708832E0
1.509229754E1,1.387614441E-1,1.456471252E-1,-9.792187042E0
1.510235254E1,1.435514832E-1,1.666035461E-1,-9.787995758E0
1.511240754E1,1.417552185E-1,1.880090332E-1,-9.779912567E0
1.512246354E1,1.381626892E-1,2.121089172E-1,-9.797426147E0
1.513251854E1,1.380130005E-1,2.297721863E-1,-9.791887665E0
1.514257354E1,1.478924561E-1,2.324665833E-1,-9.781110077E0
1.515262854E1,1.460961914E-1,2.131567383E-1,-9.781858521E0
1.516268454E1,1.395098877E-1,1.868115234E-1,-9.782756653E0
1.517273954E1,1.422042847E-1,1.791773987E-1,-9.782157898E0
1.518279454E1,1.442999268E-1,1.681004333E-1,-9.785151672E0
1.519284954E1,1.374142456E-1,1.716929626E-1,-9.793833618E0
1.520290454E1,1.369651794E-1,1.812730408E-1,-9.790839844E0
1.521296054E1,1.483415222E-1,1.987866211E-1,-9.786648560E0
1.522301554E1,1.445993042E-1,2.151026917E-1,-9.782906342E0
1.523307054E1,1.537303162E-1,2.101629639E-1,-9.790091400E0
1.524312554E1,1.505868530E-1,2.100132751E-1,-9.788295135E0
1.525318154E1,1.438508606E-1,2.047741699E-1,-9.787097626E0
1.526323654E1,1.444496155E-1,1.977388000E-1,-9.789642334E0
1.527329154E1,1.416055298E-1,2.062710571E-1,-9.794582062E0
1.528334654E1,1.407073975E-1,2.100132751E-1,-9.787696381E0
1.529340254E1,1.410067749E-1,2.140548706E-1,-9.790839844E0
1.530345754E1,1.396595764E-1,2.257305908E-1,-9.782307587E0
1.531351254E1,1.498384094E-1,2.336640930E-1,-9.789043579E0
1.532356754E1,1.457968140E-1,2.381547546E-1,-9.790241089E0
1.533362254E1,1.496887207E-1,2.206411743E-1,-9.783355408E0
1.534367854E1,1.432521057E-1,2.020797729E-1,-9.787846069E0
1.535373354E1,1.475930786E-1,1.889071655E-1,-9.784552917E0
1.536378854E1,1.365161133E-1,1.678010559E-1,-9.784702606E0
1.537384354E1,1.410067749E-1,1.534309387E-1,-9.790989532E0
1.538389954E1,1.381626892E-1,1.550775146E-1,-9.801467743E0
1.539395454E1,1.401086426E-1,1.604663086E-1,-9.790690155E0
1.540400954E1,1.456471252E-1,1.778302002E-1,-9.787546692E0
1.541406454E1,1.454974365E-1,1.986369324E-1,-9.777816925E0
1.542411954E1,1.466949463E-1,2.080673218E-1,-9.804162140E0
1.543417554E1,1.471440125E-1,2.157014465E-1,-9.804611206E0
1.544423054E1,1.429527283E-1,2.029779053E-1,-9.793234863E0
1.545428554E1,1.377136230E-1,1.905537415E-1,-9.778864746E0
1.546434054E1,1.454974365E-1,1.930984497E-1,-9.773026886E0
1.547439654E1,1.419049072E-1,1.890568542E-1,-9.782307587E0
1.548445154E1,1.435514832E-1,1.901046753E-1,-9.790540466E0
1.549450654E1,1.416055298E-1,1.830693054E-1,-9.794432373E0
1.550456154E1,1.426533508E-1,1.663041687E-1,-9.791288910E0
1.551461754E1,1.434017944E-1,1.878593445E-1,-9.790091400E0
1.552467254E1,1.466949463E-1,2.136058044E-1,-9.786947937E0
1.553472754E1,1.386117554E-1,2.269281006E-1,-9.794582062E0
1.554478254E1,1.442999268E-1,2.113604736E-1,-9.782606964E0
1.555483754E1,1.447489929E-1,1.939965820E-1,-9.784253540E0
1.556489354E1,1.359173584E-1,1.892065430E-1,-9.781259766E0
1.557494854E1,1.378633118E-1,1.977388000E-1,-9.780810699E0
1.558500354E1,1.411564636E-1,2.124082947E-1,-9.784552917E0
1.559505854E1,1.508862305E-1,2.046244812E-1,-9.780661011E0
1.560511454E1,1.380130005E-1,1.877096558E-1,-9.791139221E0
1.561516954E1,1.453477478E-1,1.800755310E-1,-9.790989532E0
1.562522454E1,1.454974365E-1,1.839674377E-1,-9.779313812E0
1.563527954E1,1.336720276E-1,1.939965820E-1,-9.787097626E0
1.564533454E1,1.401086426E-1,2.070195007E-1,-9.787247314E0
1.565539054E1,1.432521057E-1,2.106120300E-1,-9.787397003E0
1.566544554E1,1.480421448E-1,2.052232361E-1,-9.784702606E0
1.567550054E1,1.453477478E-1,1.890568542E-1,-9.782756653E0
1.568555554E1,1.410067749E-1,1.995350647E-1,-9.789342957E0
1.569561154E1,1.384620667E-1,2.044747925E-1,-9.783205719E0
1.570566654E1,1.472937012E-1,2.082170105E-1,-9.781110077E0
1.571572154E1,1.472937012E-1,2.037263489E-1,-9.785750427E0
1.572577654E1,1.478924561E-1,1.975891113E-1,-9.782906342E0
1.573583254E1,1.378633118E-1,1.917512512E-1,-9.789193268E0
1.574588754E1,1.369651794E-1,2.025288391E-1,-9.786349182E0
1.575594254E1,1.413061523E-1,2.016307068E-1,-9.784852295E0
1.576599754E1,1.410067749E-1,2.136058044E-1,-9.783654785E0
1.577605254E1,1.520837402E-1,2.092648315E-1,-9.780810699E0
1.578610854E1,1.463955688E-1,1.993853760E-1,-9.792636108E0
1.579616354E1,1.359173584E-1,2.022294617E-1,-9.792336731E0
1.580621854E1,1.396595764E-1,1.926493835E-1,-9.791438599E0
1.581627354E1,1.474433899E-1,1.966909790E-1,-9.783355408E0
1.582632954E1,1.472937012E-1,1.948947144E-1,-9.785750427E0
1.583638454E1,1.559756470E-1,1.917512512E-1,-9.784702606E0
1.584643954E1,1.434017944E-1,1.866618347E-1,-9.791438599E0
1.585649454E1,1.345701599E-1,1.842668152E-1,-9.786049805E0
1.586655054E1,1.353186035E-1,1.948947144E-1,-9.779164124E0
1.587660554E1,1.408570862E-1,2.002835083E-1,-9.786049805E0
1.588666054E1,1.496887207E-1,2.125579834E-1,-9.787546692E0
1.589671554E1,1.496887207E-1,2.097138977E-1,-9.787546692E0
1.590677054E1,1.362167358E-1,2.052232361E-1,-9.787397003E0
1.591682654E1,1.450483704E-1,2.026785278E-1,-9.792935486E0
1.592688154E1,1.413061523E-1,2.073188782E-1,-9.789193268E0
1.593693654E1,1.414558411E-1,2.067201233E-1,-9.791139221E0
1.594699154E1,1.505868530E-1,1.926493835E-1,-9.791139221E0
1.595704754E1,1.366658020E-1,1.901046753E-1,-9.789792023E0
1.596710254E1,1.466949463E-1,1.890568542E-1,-9.783505096E0
1.597715754E1,1.547781372E-1,2.019300842E-1,-9.781409454E0
1.598721254E1,1.501377869E-1,2.116598511E-1,-9.779463501E0
1.599726754E1,1.401086426E-1,2.131567383E-1,-9.786798248E0
1.600732354E1,1.405577087E-1,2.047741699E-1,-9.789792023E0
1.601737854E1,1.475930786E-1,2.007325745E-1,-9.787846069E0
1.602743354E1,1.519340515E-1,1.995350647E-1,-9.782008209E0
1.603748854E1,1.454974365E-1,2.034269714E-1,-9.785451050E0
1.604754454E1,1.445993042E-1,1.953437805E-1,-9.783205719E0
1.605759954E1,1.428030396E-1,1.956431580E-1,-9.794731750E0
1.606765475E1,1.520837402E-1,2.016307068E-1,-9.794282684E0
1.607770975E1,1.514849854E-1,2.040257263E-1,-9.795629883E0
1.608776575E1,1.552272034E-1,2.047741699E-1,-9.792785797E0
1.609782075E1,1.423539734E-1,2.073188782E-1,-9.792336731E0
1.610787575E1,1.468446350E-1,2.010319519E-1,-9.790839844E0
1.611793075E1,1.453477478E-1,1.999841309E-1,-9.770631866E0
1.612798675E1,1.371148682E-1,1.987866211E-1,-9.786349182E0
1.613804175E1,1.480421448E-1,1.971400452E-1,-9.794132996E0
1.614809675E1,1.404080200E-1,1.971400452E-1,-9.790390778E0
1.615815175E1,1.389111328E-1,1.895059204E-1,-9.792785797E0
1.616820675E1,1.393601990E-1,2.005828857E-1,-9.784253540E0
1.617826275E1,1.404080200E-1,2.020797729E-1,-9.784253540E0
1.618831775E1,1.426533508E-1,1.986369324E-1,-9.790091400E0
1.619837275E1,1.451980591E-1,2.029779053E-1,-9.788145447E0
1.620842775E1,1.453477478E-1,1.957928467E-1,-9.780661011E0
1.621848375E1,1.440005493E-1,1.936972046E-1,-9.783654785E0
1.622853875E1,1.429527283E-1,2.068698120E-1,-9.784852295E0
1.623859375E1,1.402583313E-1,2.079176331E-1,-9.786199493E0
1.624864875E1,1.432521057E-1,2.025288391E-1,-9.786798248E0
1.625870375E1,1.341210938E-1,1.995350647E-1,-9.784852295E0
1.626875975E1,1.375639343E-1,2.011816406E-1,-9.786049805E0
1.627881475E1,1.440005493E-1,2.007325745E-1,-9.789193268E0
1.628886975E1,1.463955688E-1,1.919009399E-1,-9.784403229E0
1.629892475E1,1.460961914E-1,2.040257263E-1,-9.787397003E0
1.630898075E1,1.511856079E-1,2.122586060E-1,-9.782606964E0
1.631903575E1,1.441502380E-1,2.032772827E-1,-9.787247314E0
1.632909075E1,1.392105103E-1,2.097138977E-1,-9.778415680E0
1.633914575E1,1.425036621E-1,2.109114075E-1,-9.774823151E0
1.634920175E1,1.498384094E-1,2.077679443E-1,-9.785750427E0
1.635925675E1,1.489402771E-1,1.953437805E-1,-9.792486420E0
1.636931175E1,1.474433899E-1,1.893562317E-1,-9.785750427E0
1.637936675E1,1.463955688E-1,1.953437805E-1,-9.783505096E0
1.638942175E1,1.463955688E-1,1.853146362E-1,-9.775122528E0
1.639947775E1,1.380130005E-1,1.868115234E-1,-9.769434357E0
1.640953275E1,1.447489929E-1,1.965412903E-1,-9.812395020E0
1.641958775E1,1.468446350E-1,1.959425354E-1,-9.808054047E0
1.642964275E1,1.429527283E-1,2.001338196E-1,-9.798024902E0
1.643969875E1,1.450483704E-1,2.065704346E-1,-9.781858521E0
1.644975375E1,1.435514832E-1,2.065704346E-1,-9.776320038E0
1.645980875E1,1.435514832E-1,2.107617188E-1,-9.783056030E0
1.646986375E1,1.462458801E-1,2.164498901E-1,-9.771529999E0
1.647991975E1,1.434017944E-1,1.995350647E-1,-9.785451050E0
1.648997475E1,1.410067749E-1,1.815724182E-1,-9.782606964E0
1.650002975E1,1.392105103E-1,1.748364258E-1,-9.787995758E0
1.651008475E1,1.435514832E-1,1.884580994E-1,-9.786199493E0
1.652013975E1,1.438508606E-1,1.993853760E-1,-9.790091400E0
1.653019575E1,1.444496155E-1,1.926493835E-1,-9.791139221E0
1.654025075E1,1.392105103E-1,1.850152588E-1,-9.791887665E0
1.655030575E1,1.422042847E-1,1.972897339E-1,-9.793833618E0
1.656036075E1,1.478924561E-1,2.188449097E-1,-9.784403229E0
1.657041675E1,1.528321838E-1,2.496807861E-1,-9.790839844E0
1.658047175E1,1.516346741E-1,2.469863892E-1,-9.793234863E0
1.659052675E1,1.420545959E-1,2.059716797E-1,-9.793384552E0
1.660058175E1,1.411564636E-1,1.889071655E-1,-9.789642334E0
1.661063775E1,1.558259583E-1,1.839674377E-1,-9.791438599E0
1.662069275E1,1.496887207E-1,1.944456482E-1,-9.785301361E0
1.663074775E1,1.338217163E-1,2.115101624E-1,-9.782756653E0
1.664080275E1,1.278341675E-1,2.061213684E-1,-9.797875214E0
1.665085775E1,1.540296936E-1,1.996847534E-1,-9.794582062E0
1.666091375E1,1.678010559E-1,1.878593445E-1,-9.784702606E0
1.667096875E1,1.408570862E-1,1.933978271E-1,-9.788594513E0
1.668102375E1,1.437011719E-1,1.808239746E-1,-9.788444824E0
1.669107875E1,1.318757629E-1,1.701960754E-1,-9.791737976E0
1.670113475E1,1.312770081E-1,1.689985657E-1,-9.791887665E0
1.671118975E1,1.410067749E-1,1.782792664E-1,-9.796528015E0
1.672124475E1,1.459465027E-1,1.890568542E-1,-9.794731750E0
1.673129975E1,1.414558411E-1,1.972897339E-1,-9.797725525E0
1.674135575E1,1.440005493E-1,2.171983337E-1,-9.796528015E0
1.675141075E1,1.450483704E-1,2.180964661E-1,-9.794432373E0
1.676146575E1,1.495390320E-1,2.035766602E-1,-9.803264008E0
1.677152075E1,1.429527283E-1,1.877096558E-1,-9.782756653E0
1.678157575E1,1.305285645E-1,1.951940918E-1,-9.783505096E0
1.679163175E1,1.442999268E-1,1.769320679E-1,-9.789043579E0
1.680168675E1,1.546284485E-1,1.660047913E-1,-9.781559143E0
1.681174175E1,1.368154907E-1,1.580712891E-1,-9.778565369E0
1.682179675E1,1.468446350E-1,1.441502380E-1,-9.786349182E0
1.683185275E1,1.422042847E-1,1.676513672E-1,-9.790091400E0
1.684190775E1,1.477427673E-1,2.031275940E-1,-9.789792023E0
1.685196275E1,1.481918335E-1,2.441423035E-1,-9.790989532E0
1.686201775E1,1.598675537E-1,2.465373230E-1,-9.776918793E0
1.687207375E1,1.522334290E-1,2.643502808E-1,-9.796378326E0
1.688212875E1,1.642085266E-1,2.541714478E-1,-9.788444824E0
1.689218375E1,1.472937012E-1,2.369572449E-1,-9.789342957E0
1.690223875E1,1.399589539E-1,2.248324585E-1,-9.788893890E0
1.691229375E1,1.493893433E-1,2.106120300E-1,-9.784403229E0
1.692234975E1,1.441502380E-1,1.860630798E-1,-9.784103851E0
1.693240475E1,1.275347900E-1,1.405577087E-1,-9.783804474E0
1.694245975E1,1.246907043E-1,8.861572266E-2,-9.779313812E0
1.695251475E1,1.175056458E-1,7.289840698E-2,-9.778265991E0
1.696257075E1,1.348695374E-1,1.088237000E-1,-9.790091400E0
1.697262575E1,1.422042847E-1,1.553768921E-1,-9.786498871E0
1.698268075E1,1.422042847E-1,1.907034302E-1,-9.784702606E0
1.699273575E1,1.445993042E-1,2.357597351E-1,-9.797426147E0
1.700279175E1,1.505868530E-1,2.689906311E-1,-9.790091400E0
1.701284675E1,1.583706665E-1,2.808160400E-1,-9.781708832E0
1.702290175E1,1.469943237E-1,2.763253784E-1,-9.779463501E0
1.703295675E1,1.465452576E-1,2.173480225E-1,-9.781259766E0
1.704301175E1,1.431024170E-1,1.773811340E-1,-9.793534241E0
1.705306775E1,1.348695374E-1,1.505868530E-1,-9.793085175E0
1.706312275E1,1.384620667E-1,1.553768921E-1,-9.792187042E0
1.707317692E1,1.435514832E-1,1.733395386E-1,-9.787546692E0
1.708323192E1,1.354682922E-1,1.996847534E-1,-9.796078949E0
1.709328792E1,1.437011719E-1,2.118095398E-1,-9.799072723E0
1.710334292E1,1.519340515E-1,2.299218750E-1,-9.793833618E0
1.711339792E1,1.492396545E-1,2.314187622E-1,-9.789642334E0
1.712345292E1,1.477427673E-1,2.139051819E-1,-9.780960388E0
1.713350892E1,1.342707825E-1,1.827699280E-1,-9.786349182E0
1.714356392E1,1.350192261E-1,1.538800049E-1,-9.783355408E0
1.715361892E1,1.377136230E-1,1.496887207E-1,-9.787546692E0
1.716367392E1,1.460961914E-1,1.769320679E-1,-9.790839844E0
1.717372892E1,1.375639343E-1,2.040257263E-1,-9.789642334E0
1.718378492E1,1.460961914E-1,2.360591125E-1,-9.783954163E0
1.719383992E1,1.410067749E-1,2.356100464E-1,-9.788444824E0
1.720389492E1,1.417552185E-1,2.421963501E-1,-9.793683929E0
1.721394992E1,1.492396545E-1,2.323168945E-1,-9.793833618E0
1.722400592E1,1.474433899E-1,1.887574768E-1,-9.787097626E0
1.723406092E1,1.411564636E-1,1.565744019E-1,-9.792336731E0
1.724411592E1,1.348695374E-1,1.429527283E-1,-9.792486420E0
1.725417092E1,1.323248291E-1,1.507365417E-1,-9.786349182E0
1.726422692E1,1.422042847E-1,1.704954529E-1,-9.794282684E0
1.727428192E1,1.559756470E-1,1.983375549E-1,-9.790390778E0
1.728433692E1,1.595681763E-1,2.004331970E-1,-9.795330505E0
1.729439192E1,1.580712891E-1,2.136058044E-1,-9.798773346E0
1.730444692E1,1.483415222E-1,2.128573608E-1,-9.793085175E0
1.731450292E1,1.440005493E-1,2.167492676E-1,-9.776469727E0
1.732455792E1,1.552272034E-1,2.043251038E-1,-9.785301361E0
1.733461292E1,1.496887207E-1,1.860630798E-1,-9.790690155E0
1.734466792E1,1.426533508E-1,1.826202393E-1,-9.797575836E0
1.735472392E1,1.489402771E-1,1.898052979E-1,-9.783804474E0
1.736477892E1,1.422042847E-1,1.993853760E-1,-9.783804474E0
1.737483392E1,1.419049072E-1,2.082170105E-1,-9.782157898E0
1.738488892E1,1.519340515E-1,2.064207458E-1,-9.805060272E0
1.739494492E1,1.389111328E-1,2.073188782E-1,-9.794881439E0
1.740499992E1,1.510359192E-1,1.947450256E-1,-9.782906342E0
1.741505492E1,1.474433899E-1,1.953437805E-1,-9.781559143E0
1.742510992E1,1.386117554E-1,1.990859985E-1,-9.764344940E0
1.743516592E1,1.483415222E-1,2.145039368E-1,-9.782756653E0
1.744522092E1,1.416055298E-1,2.281256104E-1,-9.788744202E0
1.745527592E1,1.469943237E-1,2.059716797E-1,-9.786498871E0
1.746533092E1,1.423539734E-1,1.992356873E-1,-9.791139221E0
1.747538592E1,1.474433899E-1,2.082170105E-1,-9.789642334E0
1.748544192E1,1.475930786E-1,2.228865051E-1,-9.785600739E0
1.749549692E1,1.498384094E-1,2.140548706E-1,-9.783205719E0
1.750555192E1,1.505868530E-1,1.920506287E-1,-9.775870972E0
1.751560692E1,1.327738953E-1,1.628613281E-1,-9.783056030E0
1.752566292E1,1.348695374E-1,1.454974365E-1,-9.802066498E0
1.753571792E1,1.369651794E-1,1.586700439E-1,-9.797126770E0
1.754577292E1,1.471440125E-1,1.863624573E-1,-9.784103851E0
1.755582792E1,1.432521057E-1,2.154020691E-1,-9.777068481E0
1.756588392E1,1.431024170E-1,2.198927307E-1,-9.784702606E0
1.757593892E1,1.423539734E-1,2.056723022E-1,-9.791288910E0
1.758599392E1,1.480421448E-1,2.034269714E-1,-9.793683929E0
1.759604892E1,1.386117554E-1,2.028282166E-1,-9.786049805E0
1.760610392E1,1.354682922E-1,2.032772827E-1,-9.784403229E0
1.761615992E1,1.456471252E-1,2.008822632E-1,-9.792935486E0
1.762621492E1,1.501377869E-1,1.874102783E-1,-9.796378326E0
1.763626992E1,1.502874756E-1,1.829196167E-1,-9.796528015E0
1.764632492E1,1.448986816E-1,1.920506287E-1,-9.780960388E0
1.765638092E1,1.425036621E-1,2.073188782E-1,-9.783954163E0
1.766643592E1,1.451980591E-1,2.139051819E-1,-9.786648560E0
1.767649092E1,1.471440125E-1,1.980381775E-1,-9.786648560E0
1.768654592E1,1.453477478E-1,1.865121460E-1,-9.790989532E0
1.769660192E1,1.474433899E-1,1.842668152E-1,-9.783505096E0
1.770665692E1,1.505868530E-1,1.951940918E-1,-9.794132996E0
1.771671192E1,1.411564636E-1,2.062710571E-1,-9.792037354E0
1.772676692E1,1.489402771E-1,2.168989563E-1,-9.789043579E0
1.773682292E1,1.437011719E-1,2.221380615E-1,-9.778415680E0
1.774687792E1,1.413061523E-1,2.043251038E-1,-9.783205719E0
1.775693292E1,1.431024170E-1,1.960922241E-1,-9.789492645E0
1.776698792E1,1.362167358E-1,1.716929626E-1,-9.793683929E0
1.777704292E1,1.386117554E-1,1.751358032E-1,-9.782307587E0
1.778709892E1,1.429527283E-1,1.910028076E-1,-9.782457275E0
1.779715392E1,1.496887207E-1,1.896556091E-1,-9.789642334E0
1.780720892E1,1.445993042E-1,2.005828857E-1,-9.790540466E0
1.781726392E1,1.393601990E-1,2.064207458E-1,-9.789193268E0
1.782731992E1,1.460961914E-1,2.251318359E-1,-9.787696381E0
1.783737492E1,1.520837402E-1,2.245330811E-1,-9.784852295E0
1.784742992E1,1.408570862E-1,2.091151428E-1,-9.796977081E0
1.785748492E1,1.398092651E-1,2.029779053E-1,-9.791737976E0
1.786753992E1,1.434017944E-1,2.071691895E-1,-9.784852295E0
1.787759592E1,1.496887207E-1,1.999841309E-1,-9.792037354E0
1.788765092E1,1.492396545E-1,2.023791504E-1,-9.784852295E0
1.789770592E1,1.469943237E-1,1.983375549E-1,-9.785301361E0
1.790776092E1,1.428030396E-1,1.926493835E-1,-9.777218170E0
1.791781692E1,1.326242065E-1,1.815724182E-1,-9.790091400E0
1.792787192E1,1.422042847E-1,1.669029236E-1,-9.797426147E0
1.793792692E1,1.466949463E-1,1.649569702E-1,-9.787995758E0
1.794798192E1,1.383123779E-1,1.736389160E-1,-9.785600739E0
1.795803792E1,1.440005493E-1,1.878593445E-1,-9.783056030E0
1.796809292E1,1.404080200E-1,2.010319519E-1,-9.787097626E0
1.797814792E1,1.450483704E-1,1.956431580E-1,-9.783954163E0
1.798820292E1,1.429527283E-1,1.966909790E-1,-9.776619415E0
1.799825892E1,1.556762695E-1,2.028282166E-1,-9.790241089E0
1.800831392E1,1.505868530E-1,1.959425354E-1,-9.797426147E0
1.801836892E1,1.475930786E-1,1.984872437E-1,-9.792785797E0
1.802842392E1,1.429527283E-1,1.969903564E-1,-9.799072723E0
1.803847892E1,1.399589539E-1,2.029779053E-1,-9.790540466E0
1.804853492E1,1.447489929E-1,2.116598511E-1,-9.784103851E0
1.805858992E1,1.414558411E-1,2.103126526E-1,-9.779762878E0
1.806864513E1,1.472937012E-1,2.044747925E-1,-9.774972839E0
1.807870012E1,1.459465027E-1,1.987866211E-1,-9.791139221E0
1.808875612E1,1.501377869E-1,1.954934692E-1,-9.792486420E0
1.809881112E1,1.480421448E-1,1.959425354E-1,-9.783355408E0
1.810886613E1,1.447489929E-1,1.947450256E-1,-9.780661011E0
1.811892113E1,1.463955688E-1,1.935475159E-1,-9.782906342E0
1.812897713E1,1.454974365E-1,1.978884888E-1,-9.782606964E0
1.813903213E1,1.465452576E-1,2.067201233E-1,-9.789941711E0
1.814908712E1,1.481918335E-1,2.047741699E-1,-9.789342957E0
1.815914212E1,1.445993042E-1,2.098635864E-1,-9.785001984E0
1.816919712E1,1.435514832E-1,2.004331970E-1,-9.788744202E0
1.817925313E1,1.434017944E-1,1.965412903E-1,-9.792935486E0
1.818930813E1,1.505868530E-1,2.002835083E-1,-9.789941711E0
1.819936313E1,1.459465027E-1,2.065704346E-1,-9.793384552E0
1.820941812E1,1.456471252E-1,1.999841309E-1,-9.781858521E0
1.821947412E1,1.444496155E-1,1.930984497E-1,-9.791438599E0
1.822952912E1,1.416055298E-1,1.975891113E-1,-9.787247314E0
1.823958412E1,1.475930786E-1,1.966909790E-1,-9.784702606E0
1.824963913E1,1.502874756E-1,1.914518738E-1,-9.784253540E0
1.825969513E1,1.431024170E-1,1.999841309E-1,-9.790839844E0
1.826975013E1,1.460961914E-1,2.028282166E-1,-9.779762878E0
1.827980512E1,1.419049072E-1,1.987866211E-1,-9.781409454E0
1.828986012E1,1.432521057E-1,1.971400452E-1,-9.792187042E0
1.829991512E1,1.471440125E-1,2.031275940E-1,-9.788145447E0
1.830997113E1,1.466949463E-1,1.930984497E-1,-9.792037354E0
1.832002613E1,1.800755310E-1,1.848655701E-1,-9.796378326E0
1.833008113E1,3.134481812E-1,1.836680603E-1,-9.793085175E0
1.834013612E1,5.794450378E-1,1.712438965E-1,-9.790091400E0
1.835019212E1,8.903485107E-1,1.763333130E-1,-9.784103851E0
1.836024712E1,1.205592957E0,2.088157654E-1,-9.785451050E0
1.837030212E1,1.700314178E0,2.857557678E-1,-9.781110077E0
1.838035713E1,2.839595032E0,5.047503662E-1,-9.792935486E0
1.839041313E1,3.050805817E0,5.698649597E-1,-9.068292389E0
1.840046813E1,-6.889123993E0,-3.736230469E-1,-9.554631042E0
1.841052312E1,-4.905299377E0,1.515897675E0,-5.061424713E0
1.842057812E1,-1.257385254E-2,1.326840820E0,-1.008707382E1
1.843063412E1,-8.827143860E-1,-1.133742371E0,-9.903106384E0
1.844068912E1,3.353027344E-1,-1.362766113E0,-9.753717041E0
1.845074413E1,9.598040771E-1,-1.649569702E-1,-9.761800232E0
1.846079913E1,4.760101318E-1,4.442761230E-1,-9.806557159E0
1.847085513E1,7.608677673E-1,6.045927429E-1,-9.790091400E0
1.848091012E1,1.017733612E0,5.069956970E-1,-9.755064240E0
1.849096512E1,6.098318481E-1,2.306703186E-1,-9.783355408E0
1.850102012E1,9.969268799E-2,2.387535095E-1,-9.805209961E0
1.851107513E1,1.158590698E-1,2.167492676E-1,-9.772428131E0
1.852113113E1,3.899391174E-1,1.032852173E-1,-9.797725525E0
1.853118613E1,2.785707092E-1,1.426533508E-1,-9.791438599E0
1.854124112E1,8.981323242E-2,1.898052979E-1,-9.777068481E0
1.855129612E1,2.243833923E-1,1.610650635E-1,-9.797426147E0
1.856135212E1,2.534230042E-1,1.431024170E-1,-9.786947937E0
1.857140712E1,1.514849854E-1,1.453477478E-1,-9.774224396E0
1.858146213E1,1.148112488E-1,2.002835083E-1,-9.801168365E0
1.859151713E1,1.288819885E-1,2.002835083E-1,-9.778715057E0
1.860157213E1,1.311273193E-1,1.960922241E-1,-9.786947937E0
1.861162812E1,1.472937012E-1,1.981878662E-1,-9.775571594E0
1.862168312E1,1.299298096E-1,2.011816406E-1,-9.784702606E0
1.863173812E1,1.375639343E-1,2.061213684E-1,-9.792636108E0
1.864179312E1,1.389111328E-1,1.939965820E-1,-9.791737976E0
1.865184913E1,1.475930786E-1,1.902543640E-1,-9.790091400E0
1.866190413E1,1.396595764E-1,1.975891113E-1,-9.786349182E0
1.867195913E1,1.477427673E-1,1.884580994E-1,-9.786349182E0
1.868201412E1,1.462458801E-1,1.908531189E-1,-9.781110077E0
1.869207012E1,1.386117554E-1,1.972897339E-1,-9.789941711E0
1.870212512E1,1.472937012E-1,1.935475159E-1,-9.791887665E0
1.871218013E1,1.360670471E-1,2.004331970E-1,-9.784103851E0
1.872223513E1,1.401086426E-1,2.032772827E-1,-9.797875214E0
1.873229113E1,1.413061523E-1,1.872605896E-1,-9.785750427E0
1.874234613E1,1.345701599E-1,1.917512512E-1,-9.780361633E0
1.875240112E1,1.428030396E-1,1.947450256E-1,-9.780361633E0
1.876245612E1,1.468446350E-1,2.005828857E-1,-9.784403229E0
1.877251112E1,1.431024170E-1,1.974394226E-1,-9.796977081E0
1.878256713E1,1.447489929E-1,2.046244812E-1,-9.800719299E0
1.879262213E1,1.437011719E-1,2.001338196E-1,-9.789642334E0
1.880267713E1,1.453477478E-1,1.902543640E-1,-9.784852295E0
1.881273212E1,1.420545959E-1,1.986369324E-1,-9.790540466E0
1.882278812E1,1.492396545E-1,2.019300842E-1,-9.783505096E0
1.883284312E1,1.468446350E-1,2.049238586E-1,-9.784552917E0
1.884289812E1,1.456471252E-1,1.941462708E-1,-9.782756653E0
1.885295313E1,1.336720276E-1,1.993853760E-1,-9.788295135E0
1.886300913E1,1.413061523E-1,2.016307068E-1,-9.779912567E0
1.887306413E1,1.398092651E-1,2.025288391E-1,-9.779463501E0
1.888311912E1,1.478924561E-1,2.131567383E-1,-9.802365875E0
1.889317412E1,1.472937012E-1,2.131567383E-1,-9.791288910E0
1.890322912E1,1.419049072E-1,1.951940918E-1,-9.792187042E0
1.891328513E1,1.444496155E-1,1.857637024E-1,-9.784103851E0
1.892334013E1,1.377136230E-1,1.770817566E-1,-9.771679688E0
1.893339513E1,1.389111328E-1,1.883084106E-1,-9.797575836E0
1.894345012E1,1.399589539E-1,1.760339355E-1,-9.784852295E0
1.895350612E1,1.378633118E-1,1.675016785E-1,-9.780211945E0
1.896356112E1,1.327738953E-1,1.859133911E-1,-9.779164124E0
1.897361612E1,1.368154907E-1,1.932481384E-1,-9.789043579E0
1.898367113E1,1.438508606E-1,2.131567383E-1,-9.786798248E0
1.899372713E1,1.426533508E-1,2.121089172E-1,-9.786049805E0
1.900378213E1,1.339714050E-1,2.074685669E-1,-9.792935486E0
1.901383712E1,1.384620667E-1,1.948947144E-1,-9.785900116E0
1.902389212E1,1.447489929E-1,1.809736633E-1,-9.789792023E0
1.903394812E1,1.392105103E-1,1.727407837E-1,-9.789941711E0
1.904400312E1,1.501377869E-1,1.751358032E-1,-9.786798248E0
1.905405813E1,1.387614441E-1,1.817221069E-1,-9.794432373E0
1.906411313E1,1.323248291E-1,1.908531189E-1,-9.795180817E0
1.907416767E1,1.477427673E-1,2.064207458E-1,-9.780511322E0
1.908422367E1,1.428030396E-1,2.092648315E-1,-9.788145447E0
1.909427867E1,1.411564636E-1,2.110610962E-1,-9.799072723E0
1.910433367E1,1.475930786E-1,2.040257263E-1,-9.784852295E0
1.911438867E1,1.474433899E-1,2.019300842E-1,-9.787546692E0
1.912444467E1,1.463955688E-1,1.929487610E-1,-9.791139221E0
1.913449967E1,1.389111328E-1,1.927990723E-1,-9.774823151E0
1.914455467E1,1.413061523E-1,1.916015625E-1,-9.778415680E0
1.915460967E1,1.435514832E-1,1.984872437E-1,-9.789043579E0
1.916466567E1,1.396595764E-1,2.104623413E-1,-9.789642334E0
1.917472067E1,1.356179810E-1,2.230361938E-1,-9.790540466E0
1.918477567E1,7.903564453E-2,2.177970886E-1,-9.787846069E0
1.919483067E1,8.622070312E-2,2.085163879E-1,-9.779613190E0
1.920488667E1,1.109193420E-1,1.954934692E-1,-9.794282684E0
1.921494167E1,1.466949463E-1,1.769320679E-1,-9.777816925E0
1.922499667E1,1.619631958E-1,1.704954529E-1,-9.784552917E0
1.923505167E1,1.826202393E-1,1.721420288E-1,-9.776020660E0
1.924510667E1,1.754351807E-1,1.884580994E-1,-9.793085175E0
1.925516267E1,1.510359192E-1,2.028282166E-1,-9.793384552E0
1.926521767E1,1.490899658E-1,2.245330811E-1,-9.786498871E0
1.927527267E1,1.532812500E-1,2.279759216E-1,-9.775421906E0
1.928532767E1,1.387614441E-1,2.183958435E-1,-9.779164124E0
1.929538367E1,1.275347900E-1,2.055226135E-1,-9.786349182E0
1.930543867E1,1.445993042E-1,1.850152588E-1,-9.782157898E0
1.931549367E1,1.881587219E-1,1.589694214E-1,-9.785750427E0
1.932554867E1,1.577719116E-1,1.654060364E-1,-9.801318054E0
1.933560467E1,1.450483704E-1,1.700463867E-1,-9.785151672E0
1.934565967E1,1.396595764E-1,1.951940918E-1,-9.787247314E0
1.935571467E1,1.383123779E-1,2.186952209E-1,-9.783056030E0
1.936576967E1,1.471440125E-1,2.177970886E-1,-9.785301361E0
1.937582567E1,1.402583313E-1,2.025288391E-1,-9.786049805E0
1.938588067E1,1.440005493E-1,1.929487610E-1,-9.786498871E0
1.939593567E1,1.463955688E-1,1.892065430E-1,-9.790839844E0
1.940599067E1,1.387614441E-1,1.854643250E-1,-9.782606964E0
1.941604567E1,1.504371643E-1,1.848655701E-1,-9.785301361E0
1.942610167E1,1.414558411E-1,1.860630798E-1,-9.782756653E0
1.943615667E1,1.434017944E-1,1.950444031E-1,-9.783505096E0
1.944621167E1,1.477427673E-1,2.037263489E-1,-9.795480194E0
1.945626667E1,1.541793823E-1,2.034269714E-1,-9.790241089E0
1.946632267E1,1.450483704E-1,2.083666992E-1,-9.786349182E0
1.947637767E1,1.410067749E-1,2.007325745E-1,-9.785451050E0
1.948643267E1,1.483415222E-1,1.877096558E-1,-9.793384552E0
1.949648767E1,1.519340515E-1,1.917512512E-1,-9.790989532E0
1.950654367E1,1.392105103E-1,1.919009399E-1,-9.782756653E0
1.951659867E1,1.434017944E-1,2.083666992E-1,-9.778116302E0
1.952665367E1,1.556762695E-1,2.174977112E-1,-9.791588287E0
1.953670867E1,1.490899658E-1,2.044747925E-1,-9.790091400E0
1.954676467E1,1.442999268E-1,1.880090332E-1,-9.780062256E0
1.955681967E1,1.416055298E-1,1.773811340E-1,-9.785900116E0
1.956687467E1,1.431024170E-1,1.751358032E-1,-9.785451050E0
1.957692967E1,1.456471252E-1,1.848655701E-1,-9.775122528E0
1.958698467E1,1.442999268E-1,1.957928467E-1,-9.782457275E0
1.959704067E1,1.438508606E-1,2.094145203E-1,-9.792037354E0
1.960709567E1,1.456471252E-1,2.130070496E-1,-9.786947937E0
1.961715067E1,1.486408997E-1,2.109114075E-1,-9.781409454E0
1.962720567E1,1.420545959E-1,2.038760376E-1,-9.791588287E0
1.963726167E1,1.411564636E-1,1.957928467E-1,-9.790989532E0
1.964731667E1,1.366658020E-1,1.904040527E-1,-9.792037354E0
1.965737167E1,1.356179810E-1,1.814227295E-1,-9.789642334E0
1.966742667E1,1.432521057E-1,1.851649475E-1,-9.776918793E0
1.967748267E1,1.404080200E-1,1.866618347E-1,-9.793234863E0
1.968753767E1,1.411564636E-1,1.963916016E-1,-9.791887665E0
1.969759267E1,1.523831177E-1,1.966909790E-1,-9.790989532E0
1.970764767E1,1.434017944E-1,1.948947144E-1,-9.779613190E0
1.971770267E1,1.428030396E-1,1.930984497E-1,-9.787696381E0
1.972775867E1,1.311273193E-1,1.815724182E-1,-9.792486420E0
1.973781367E1,1.351689148E-1,1.927990723E-1,-9.782756653E0
1.974786867E1,1.285826111E-1,2.016307068E-1,-9.781409454E0
1.975792367E1,1.249900818E-1,2.029779053E-1,-9.785900116E0
1.976797967E1,1.308279419E-1,2.038760376E-1,-9.788893890E0
1.977803467E1,1.300794983E-1,1.910028076E-1,-9.785750427E0
1.978808967E1,1.372645569E-1,1.769320679E-1,-9.793085175E0
1.979814467E1,1.347198486E-1,1.817221069E-1,-9.781559143E0
1.980820067E1,1.311273193E-1,1.827699280E-1,-9.777816925E0
1.981825567E1,1.375639343E-1,1.788780212E-1,-9.782606964E0
1.982831067E1,1.546284485E-1,1.899549866E-1,-9.779613190E0
1.983836567E1,1.463955688E-1,1.936972046E-1,-9.789941711E0
1.984842067E1,1.534309387E-1,2.049238586E-1,-9.787097626E0
1.985847667E1,1.591191101E-1,2.106120300E-1,-9.780810699E0
1.986853167E1,1.627116394E-1,2.038760376E-1,-9.780661011E0
1.987858667E1,1.618135071E-1,1.947450256E-1,-9.792336731E0
1.988864167E1,1.555265808E-1,1.908531189E-1,-9.780361633E0
1.989869767E1,1.465452576E-1,1.784289551E-1,-9.783654785E0
1.990875267E1,1.445993042E-1,1.770817566E-1,-9.787247314E0
1.991880767E1,1.419049072E-1,1.962419128E-1,-9.778715057E0
1.992886267E1,1.502874756E-1,2.127076721E-1,-9.791737976E0
1.993891867E1,1.523831177E-1,2.164498901E-1,-9.793234863E0
1.994897367E1,1.580712891E-1,2.161505127E-1,-9.792187042E0
1.995902867E1,1.504371643E-1,2.106120300E-1,-9.779463501E0
1.996908367E1,1.561253357E-1,2.013313293E-1,-9.788295135E0
1.997913967E1,1.493893433E-1,2.035766602E-1,-9.780960388E0
1.998919467E1,1.487905884E-1,1.800755310E-1,-9.788145447E0
1.999924967E1,1.411564636E-1,1.751358032E-1,-9.786349182E0
2.000930467E1,1.380130005E-1,1.851649475E-1,-9.785301361E0
2.001935967E1,1.308279419E-1,1.857637024E-1,-9.792037354E0
2.002941567E1,1.478924561E-1,1.869612122E-1,-9.796528015E0
2.003947067E1,1.507365417E-1,1.990859985E-1,-9.794582062E0
2.004952567E1,1.463955688E-1,2.182461548E-1,-9.785600739E0
2.005958067E1,1.607656860E-1,2.112107849E-1,-9.788893890E0
2.006963667E1,1.498384094E-1,2.071691895E-1,-9.785151672E0
2.007969179E1,1.508862305E-1,1.984872437E-1,-9.790690155E0
2.008974679E1,1.378633118E-1,1.935475159E-1,-9.792785797E0
2.009980179E1,1.390608215E-1,1.761836243E-1,-9.788744202E0
2.010985779E1,1.420545959E-1,1.694476318E-1,-9.789792023E0
2.011991279E1,1.484912109E-1,1.953437805E-1,-9.791588287E0
2.012996779E1,1.472937012E-1,2.097138977E-1,-9.782457275E0
2.014002279E1,1.489402771E-1,2.170486450E-1,-9.793085175E0
2.015007879E1,1.532812500E-1,2.242337036E-1,-9.790390778E0
2.016013379E1,1.487905884E-1,2.100132751E-1,-9.787097626E0
2.017018879E1,1.496887207E-1,1.959425354E-1,-9.786049805E0
2.018024379E1,1.360670471E-1,1.892065430E-1,-9.785750427E0
2.019029879E1,1.384620667E-1,1.769320679E-1,-9.790241089E0
2.020035479E1,1.431024170E-1,1.830693054E-1,-9.786498871E0
2.021040979E1,1.462458801E-1,1.842668152E-1,-9.790241089E0
2.022046479E1,1.425036621E-1,1.995350647E-1,-9.787247314E0
2.023051979E1,1.432521057E-1,1.996847534E-1,-9.785600739E0
2.024057579E1,1.489402771E-1,2.125579834E-1,-9.776020660E0
2.025063079E1,1.453477478E-1,2.192939758E-1,-9.789193268E0
2.026068579E1,1.496887207E-1,1.990859985E-1,-9.783355408E0
2.027074079E1,1.493893433E-1,1.939965820E-1,-9.771080933E0
2.028079679E1,1.507365417E-1,1.893562317E-1,-9.778116302E0
2.029085179E1,1.487905884E-1,1.932481384E-1,-9.786798248E0
2.030090679E1,1.450483704E-1,1.836680603E-1,-9.782307587E0
2.031096179E1,1.514849854E-1,1.863624573E-1,-9.792037354E0
2.032101779E1,1.498384094E-1,1.841171265E-1,-9.781409454E0
2.033107279E1,1.432521057E-1,1.818717957E-1,-9.793683929E0
2.034112779E1,1.371148682E-1,1.887574768E-1,-9.793085175E0
2.035118279E1,1.437011719E-1,1.793270874E-1,-9.790390778E0
2.036123779E1,1.414558411E-1,1.847158813E-1,-9.779762878E0
2.037129379E1,1.398092651E-1,1.917512512E-1,-9.779164124E0
2.038134879E1,1.432521057E-1,1.989363098E-1,-9.790390778E0
2.039140379E1,1.513352966E-1,2.029779053E-1,-9.797875214E0
2.040145879E1,1.507365417E-1,1.941462708E-1,-9.782307587E0
2.041151479E1,1.463955688E-1,1.917512512E-1,-9.787546692E0
2.042156979E1,1.474433899E-1,2.088157654E-1,-9.790540466E0
2.043162479E1,1.442999268E-1,2.160008240E-1,-9.787846069E0
2.044167979E1,1.434017944E-1,2.167492676E-1,-9.788145447E0
2.045173579E1,1.513352966E-1,2.091151428E-1,-9.786349182E0
2.046179079E1,1.487905884E-1,2.082170105E-1,-9.791588287E0
2.047184579E1,1.372645569E-1,1.987866211E-1,-9.796078949E0
2.048190079E1,1.432521057E-1,1.896556091E-1,-9.787846069E0
2.049195679E1,1.462458801E-1,1.963916016E-1,-9.781708832E0
2.050201179E1,1.432521057E-1,1.953437805E-1,-9.785900116E0
2.051206679E1,1.442999268E-1,2.004331970E-1,-9.787846069E0
2.052212179E1,1.468446350E-1,2.022294617E-1,-9.792935486E0
2.053217679E1,1.502874756E-1,1.990859985E-1,-9.790390778E0
2.054223279E1,1.408570862E-1,1.969903564E-1,-9.786498871E0
2.055228779E1,1.574725342E-1,2.029779053E-1,-9.787696381E0
2.056234279E1,1.529818726E-1,2.029779053E-1,-9.788893890E0
2.057239779E1,1.480421448E-1,1.986369324E-1,-9.786199493E0
2.058245379E1,1.499880981E-1,1.996847534E-1,-9.794432373E0
2.059250879E1,1.381626892E-1,1.951940918E-1,-9.784702606E0
2.060256379E1,1.441502380E-1,1.886077881E-1,-9.780810699E0
2.061261879E1,1.510359192E-1,1.833686829E-1,-9.779762878E0
2.062267479E1,1.431024170E-1,1.772314453E-1,-9.786947937E0
2.063272979E1,1.520837402E-1,1.694476318E-1,-9.782008209E0
2.064278479E1,1.425036621E-1,1.939965820E-1,-9.786349182E0
2.065283979E1,1.414558411E-1,2.013313293E-1,-9.783355408E0
2.066289579E1,1.414558411E-1,2.165995789E-1,-9.784702606E0
2.067295079E1,1.483415222E-1,2.182461548E-1,-9.778415680E0
2.068300579E1,1.417552185E-1,2.115101624E-1,-9.787247314E0
2.069306079E1,1.387614441E-1,1.999841309E-1,-9.788744202E0
2.070311579E1,1.362167358E-1,1.826202393E-1,-9.787247314E0
2.071317179E1,1.410067749E-1,1.673519897E-1,-9.788444824E0
2.072322679E1,1.381626892E-1,1.642085266E-1,-9.792336731E0
2.073328179E1,1.496887207E-1,1.727407837E-1,-9.786349182E0
2.074333679E1,1.465452576E-1,1.923500061E-1,-9.786049805E0
2.075339279E1,1.502874756E-1,2.017803955E-1,-9.783355408E0
2.076344779E1,1.395098877E-1,2.131567383E-1,-9.778116302E0
2.077350279E1,1.404080200E-1,2.032772827E-1,-9.795480194E0
2.078355779E1,1.387614441E-1,1.990859985E-1,-9.798623657E0
2.079361379E1,1.435514832E-1,1.854643250E-1,-9.794731750E0
2.080366879E1,1.390608215E-1,1.695973206E-1,-9.786199493E0
2.081372379E1,1.350192261E-1,1.754351807E-1,-9.778864746E0
2.082377879E1,1.499880981E-1,1.942959595E-1,-9.787546692E0
2.083383379E1,1.492396545E-1,2.103126526E-1,-9.782756653E0
2.084388979E1,1.408570862E-1,2.146536255E-1,-9.786049805E0
2.085394479E1,1.498384094E-1,2.137554932E-1,-9.786498871E0
2.086399979E1,1.441502380E-1,2.062710571E-1,-9.782008209E0
2.087405479E1,1.410067749E-1,1.962419128E-1,-9.785001984E0
2.088411079E1,1.405577087E-1,1.830693054E-1,-9.785600739E0
2.089416579E1,1.468446350E-1,1.890568542E-1,-9.792486420E0
2.090422079E1,1.417552185E-1,1.962419128E-1,-9.789492645E0
2.091427579E1,1.454974365E-1,2.082170105E-1,-9.782606964E0
2.092433179E1,1.405577087E-1,2.142045593E-1,-9.779463501E0
2.093438679E1,1.498384094E-1,1.981878662E-1,-9.786199493E0
2.094444179E1,1.416055298E-1,1.868115234E-1,-9.793683929E0
2.095449679E1,1.393601990E-1,1.826202393E-1,-9.783954163E0
2.096455279E1,1.414558411E-1,1.809736633E-1,-9.786648560E0
2.097460779E1,1.517843628E-1,1.913021851E-1,-9.781559143E0
2.098466279E1,1.517843628E-1,2.059716797E-1,-9.791737976E0
2.099471779E1,1.426533508E-1,2.028282166E-1,-9.782157898E0
2.100477379E1,1.366658020E-1,2.052232361E-1,-9.783654785E0
2.101482879E1,1.477427673E-1,2.026785278E-1,-9.786798248E0
2.102488379E1,1.435514832E-1,1.962419128E-1,-9.779313812E0
2.103493879E1,1.469943237E-1,1.902543640E-1,-9.789642334E0
2.104499379E1,1.454974365E-1,1.767823792E-1,-9.787846069E0
2.105504979E1,1.348695374E-1,1.848655701E-1,-9.779613190E0
2.106510479E1,1.489402771E-1,1.904040527E-1,-9.792486420E0
2.107515975E1,1.441502380E-1,2.032772827E-1,-9.791588287E0
2.108521475E1,1.471440125E-1,2.002835083E-1,-9.790540466E0
2.109527075E1,1.362167358E-1,2.025288391E-1,-9.783804474E0
2.110532575E1,1.398092651E-1,2.029779053E-1,-9.778116302E0
2.111538075E1,1.438508606E-1,1.939965820E-1,-9.788594513E0
2.112543575E1,1.326242065E-1,1.941462708E-1,-9.788744202E0
2.113549175E1,1.401086426E-1,1.875599670E-1,-9.772727509E0
2.114554675E1,1.431024170E-1,1.907034302E-1,-9.784103851E0
2.115560175E1,1.507365417E-1,1.998344421E-1,-9.786947937E0
2.116565675E1,1.550775146E-1,1.995350647E-1,-9.790241089E0
2.117571275E1,1.451980591E-1,1.972897339E-1,-9.784702606E0
2.118576775E1,1.507365417E-1,2.026785278E-1,-9.781259766E0
2.119582275E1,1.363664246E-1,2.106120300E-1,-9.792935486E0
2.120587775E1,1.445993042E-1,2.008822632E-1,-9.796827393E0
2.121593275E1,1.396595764E-1,2.058219910E-1,-9.793085175E0
2.122598875E1,1.353186035E-1,2.065704346E-1,-9.777068481E0
2.123604375E1,1.398092651E-1,1.922003174E-1,-9.795031128E0
2.124609875E1,1.398092651E-1,1.779798889E-1,-9.781708832E0
2.125615375E1,1.477427673E-1,1.805245972E-1,-9.783205719E0
2.126620975E1,1.438508606E-1,1.715432739E-1,-9.797426147E0
2.127626475E1,1.481918335E-1,1.760339355E-1,-9.790989532E0
2.128631975E1,1.425036621E-1,1.781295776E-1,-9.790690155E0
2.129637475E1,1.442999268E-1,1.966909790E-1,-9.787995758E0
2.130643075E1,1.442999268E-1,2.031275940E-1,-9.790989532E0
2.131648575E1,1.377136230E-1,2.065704346E-1,-9.777966614E0
2.132654075E1,1.447489929E-1,2.010319519E-1,-9.790091400E0
2.133659575E1,1.386117554E-1,1.896556091E-1,-9.779613190E0
2.134665175E1,1.368154907E-1,1.896556091E-1,-9.789492645E0
2.135670675E1,1.440005493E-1,1.984872437E-1,-9.775571594E0
2.136676175E1,1.504371643E-1,2.058219910E-1,-9.788145447E0
2.137681675E1,1.422042847E-1,2.001338196E-1,-9.786498871E0
2.138687175E1,1.419049072E-1,2.005828857E-1,-9.781259766E0
2.139692775E1,1.375639343E-1,2.017803955E-1,-9.796228638E0
2.140698275E1,1.475930786E-1,2.014810181E-1,-9.789792023E0
2.141703775E1,1.520837402E-1,1.836680603E-1,-9.780211945E0
2.142709275E1,1.416055298E-1,1.802252197E-1,-9.787397003E0
2.143714875E1,1.377136230E-1,1.848655701E-1,-9.787097626E0
2.144720375E1,1.389111328E-1,1.939965820E-1,-9.786199493E0
2.145725875E1,1.411564636E-1,1.996847534E-1,-9.789941711E0
2.146731375E1,1.456471252E-1,1.980381775E-1,-9.792336731E0
2.147736975E1,1.447489929E-1,1.963916016E-1,-9.786049805E0
2.148742475E1,1.374142456E-1,2.014810181E-1,-9.786349182E0
2.149747975E1,1.585203552E-1,2.056723022E-1,-9.787995758E0
2.150753475E1,1.679507446E-1,1.945953369E-1,-9.782307587E0
2.151759075E1,1.722917175E-1,2.059716797E-1,-9.788444824E0
2.152764575E1,1.369651794E-1,2.091151428E-1,-9.786648560E0
2.153770075E1,9.445358276E-2,2.145039368E-1,-9.781259766E0
2.154775575E1,1.154100037E-1,2.104623413E-1,-9.777367859E0
2.155781175E1,1.387614441E-1,2.133064270E-1,-9.780810699E0
2.156786675E1,1.426533508E-1,2.257305908E-1,-9.785900116E0
2.157792175E1,1.459465027E-1,2.206411743E-1,-9.798773346E0
2.158797675E1,1.437011719E-1,1.869612122E-1,-9.793683929E0
2.159803175E1,1.410067749E-1,1.540296936E-1,-9.789193268E0
2.160808775E1,1.339714050E-1,1.465452576E-1,-9.789043579E0
2.161814275E1,1.312770081E-1,1.437011719E-1,-9.783355408E0
2.162819775E1,1.287322998E-1,1.502874756E-1,-9.790540466E0
2.163825275E1,1.426533508E-1,1.603166199E-1,-9.791438599E0
2.164830875E1,1.475930786E-1,1.710942078E-1,-9.793683929E0
2.165836375E1,1.374142456E-1,1.763333130E-1,-9.789642334E0
2.166841875E1,1.698966980E-1,1.719923401E-1,-9.781110077E0
2.167847375E1,2.565664673E-1,1.457968140E-1,-9.783056030E0
2.168852975E1,1.564247131E-1,2.058219910E-1,-9.776918793E0
2.169858475E1,1.893562317E-1,2.195933533E-1,-9.802515564E0
2.170863975E1,1.324745178E-1,2.267784119E-1,-9.803713074E0
2.171869475E1,1.492396545E-1,2.155517578E-1,-9.794282684E0
2.172875075E1,6.945556641E-2,2.344125366E-1,-9.797276459E0
2.173880575E1,1.122665405E-1,2.239343262E-1,-9.787696381E0
2.174886075E1,8.053253174E-2,2.323168945E-1,-9.788594513E0
2.175891575E1,1.113684082E-1,2.079176331E-1,-9.794582062E0
2.176897175E1,1.505868530E-1,1.784289551E-1,-9.792187042E0
2.177902675E1,1.390608215E-1,1.712438965E-1,-9.778265991E0
2.178908175E1,1.368154907E-1,1.914518738E-1,-9.790839844E0
2.179913675E1,1.555265808E-1,1.993853760E-1,-9.795180817E0
2.180919175E1,1.492396545E-1,2.189945984E-1,-9.788145447E0
2.181924775E1,1.499880981E-1,2.414479065E-1,-9.791438599E0
2.182930275E1,1.293310547E-1,2.293231201E-1,-9.776320038E0
2.183935775E1,1.338217163E-1,2.197430420E-1,-9.796228638E0
2.184941275E1,1.210981750E-1,2.007325745E-1,-9.785900116E0
2.185946875E1,1.213975525E-1,2.014810181E-1,-9.792935486E0
2.186952375E1,1.329235840E-1,1.857637024E-1,-9.784253540E0
2.187957875E1,1.356179810E-1,1.802252197E-1,-9.790390778E0
2.188963375E1,1.453477478E-1,1.688488770E-1,-9.790540466E0
2.189968975E1,1.468446350E-1,1.790277100E-1,-9.791288910E0
2.190974475E1,1.448986816E-1,1.911524963E-1,-9.792037354E0
2.191979975E1,1.408570862E-1,1.926493835E-1,-9.786349182E0
2.192985475E1,1.594184875E-1,1.815724182E-1,-9.793683929E0
2.193991075E1,1.675016785E-1,1.824705505E-1,-9.784103851E0
2.194996575E1,1.582209778E-1,1.683998108E-1,-9.789342957E0
2.196002075E1,1.814227295E-1,1.829196167E-1,-9.796977081E0
2.197007575E1,2.273771667E-1,1.796264648E-1,-9.793683929E0
2.198013175E1,1.866618347E-1,1.980381775E-1,-9.793833618E0
2.199018675E1,1.196012878E-1,2.174977112E-1,-9.777218170E0
2.200024175E1,5.972579956E-2,2.321672058E-1,-9.791887665E0
2.201029675E1,1.119671631E-1,2.041754150E-1,-9.792935486E0
2.202035275E1,1.585203552E-1,1.898052979E-1,-9.788145447E0
2.203040775E1,1.246907043E-1,2.127076721E-1,-9.781708832E0
2.204046275E1,1.011895752E-1,2.171983337E-1,-9.781708832E0
2.205051775E1,9.939331055E-2,2.098635864E-1,-9.787397003E0
2.206057275E1,1.225950623E-1,2.028282166E-1,-9.792636108E0
2.207062875E1,1.398092651E-1,1.923500061E-1,-9.790091400E0
2.208068362E1,1.399589539E-1,1.853146362E-1,-9.783056030E0
2.209073862E1,1.297801208E-1,1.929487610E-1,-9.780810699E0
2.210079363E1,1.383123779E-1,1.975891113E-1,-9.781259766E0
2.211084963E1,1.357676697E-1,2.001338196E-1,-9.786798248E0
2.212090463E1,1.384620667E-1,1.984872437E-1,-9.793983307E0
2.213095962E1,1.362167358E-1,2.017803955E-1,-9.791288910E0
2.214101462E1,1.341210938E-1,1.905537415E-1,-9.791737976E0
2.215107062E1,1.434017944E-1,1.914518738E-1,-9.790091400E0
2.216112562E1,1.487905884E-1,1.992356873E-1,-9.783505096E0
2.217118063E1,1.501377869E-1,2.001338196E-1,-9.805509338E0
2.218123563E1,1.390608215E-1,2.026785278E-1,-9.795031128E0
2.219129163E1,1.381626892E-1,1.919009399E-1,-9.780511322E0
2.220134662E1,1.335223389E-1,1.805245972E-1,-9.779164124E0
2.221140162E1,1.279838562E-1,1.633103943E-1,-9.792187042E0
2.222145662E1,1.326242065E-1,1.532812500E-1,-9.789342957E0
2.223151263E1,1.375639343E-1,1.588197327E-1,-9.792336731E0
2.224156763E1,1.456471252E-1,1.799258423E-1,-9.788893890E0
2.225162263E1,1.583706665E-1,2.137554932E-1,-9.781259766E0
2.226167762E1,1.465452576E-1,2.404000854E-1,-9.790091400E0
2.227173362E1,1.356179810E-1,2.333647156E-1,-9.802814941E0
2.228178862E1,1.402583313E-1,1.956431580E-1,-9.813143463E0
2.229184362E1,1.324745178E-1,1.610650635E-1,-9.794132996E0
2.230189863E1,1.360670471E-1,1.495390320E-1,-9.794881439E0
2.231195363E1,2.541714478E-1,4.041595459E-3,-9.794731750E0
2.232200963E1,4.442761230E-1,6.346801758E-2,-9.773925018E0
2.233206462E1,-1.309776306E-1,4.323010254E-1,-9.785001984E0
2.234211962E1,5.724096680E-1,3.513194275E-1,-9.764644318E0
2.235217462E1,1.305285645E0,4.239184570E-1,-9.764195251E0
2.236223062E1,-2.038760376E-1,1.091230774E-1,-9.784403229E0
2.237228563E1,-6.032455444E-1,1.230441284E-1,-9.791438599E0
2.238234063E1,-1.990859985E-1,1.389111328E-1,-9.782906342E0
2.239239563E1,5.149291992E-2,1.366658020E-1,-9.786049805E0
2.240245162E1,8.337661743E-2,1.731898499E-1,-9.789043579E0
2.241250662E1,9.984237671E-2,2.146536255E-1,-9.793384552E0
2.242256162E1,1.245410156E-1,2.408491516E-1,-9.792785797E0
2.243261663E1,9.610015869E-2,2.553689575E-1,-9.792636108E0
2.244267263E1,1.127156067E-1,2.408491516E-1,-9.790241089E0
2.245272763E1,1.261875916E-1,2.186952209E-1,-9.789043579E0
2.246278262E1,1.282832336E-1,1.878593445E-1,-9.784552917E0
2.247283762E1,1.383123779E-1,1.682501221E-1,-9.777068481E0
2.248289362E1,1.345701599E-1,1.746867371E-1,-9.782457275E0
2.249294862E1,1.459465027E-1,1.895059204E-1,-9.786498871E0
2.250300363E1,1.441502380E-1,2.185455322E-1,-9.786648560E0
2.251305863E1,1.431024170E-1,2.478845215E-1,-9.789492645E0
2.252311463E1,1.442999268E-1,2.730322266E-1,-9.787846069E0
2.253316962E1,1.185534668E-1,2.865042114E-1,-9.794132996E0
2.254322462E1,9.550140381E-2,2.808160400E-1,-9.793085175E0
2.255327962E1,9.684860229E-2,2.019300842E-1,-9.776170349E0
2.256333463E1,1.550775146E-1,1.221459961E-1,-9.781409454E0
2.257339063E1,1.838177490E-1,8.083190918E-2,-9.790091400E0
2.258344563E1,1.956431580E-1,8.158035278E-2,-9.788893890E0
2.259350063E1,1.399589539E-1,1.290316772E-1,-9.786947937E0
2.260355562E1,1.266366577E-1,1.701960754E-1,-9.790690155E0
2.261361162E1,1.474433899E-1,1.830693054E-1,-9.792636108E0
2.262366662E1,1.766326904E-1,1.616638184E-2,-9.786199493E0
2.263372163E1,2.357597351E-1,-6.406677246E-2,-9.783505096E0
2.264377663E1,2.392025757E-1,5.852828979E-2,-9.788145447E0
2.265383263E1,2.022294617E-1,7.125183105E-2,-9.787995758E0
2.266388762E1,1.555265808E-1,1.540296936E-1,-9.784552917E0
2.267394262E1,8.113128662E-2,3.194357300E-1,-9.787696381E0
2.268399762E1,5.538482666E-2,3.562591553E-1,-9.782606964E0
2.269405362E1,7.679031372E-2,3.369493103E-1,-9.785600739E0
2.270410863E1,1.266366577E-1,3.183879089E-1,-9.788893890E0
2.271416363E1,8.337661743E-2,4.580474854E-1,-9.778265991E0
2.272421863E1,1.492396545E-1,2.579136658E-1,-9.785301361E0
2.273427462E1,1.420545959E-1,2.380050659E-1,-9.779313812E0
2.274432962E1,1.453477478E-1,2.131567383E-1,-9.790989532E0
2.275438462E1,1.422042847E-1,1.832189941E-1,-9.796078949E0
2.276443962E1,1.327738953E-1,1.727407837E-1,-9.795180817E0
2.277449563E1,1.438508606E-1,1.797761536E-1,-9.792636108E0
2.278455063E1,1.399589539E-1,1.718426514E-1,-9.779164124E0
2.279460563E1,1.420545959E-1,2.273771667E-1,-9.789492645E0
2.280466062E1,1.562750244E-1,2.436932373E-1,-9.790241089E0
2.281471662E1,1.597178650E-1,2.532733154E-1,-9.783654785E0
2.282477162E1,1.466949463E-1,2.418969727E-1,-9.788594513E0
2.283482663E1,1.341210938E-1,2.170486450E-1,-9.786798248E0
2.284488163E1,1.374142456E-1,1.896556091E-1,-9.792037354E0
2.285493663E1,1.465452576E-1,1.547781372E-1,-9.791588287E0
2.286499263E1,1.372645569E-1,1.269360352E-1,-9.782606964E0
2.287504762E1,1.306782532E-1,1.290316772E-1,-9.789193268E0
2.288510262E1,1.417552185E-1,1.543290710E-1,-9.782457275E0
2.289515762E1,1.442999268E-1,1.871109009E-1,-9.786498871E0
2.290521363E1,1.416055298E-1,2.155517578E-1,-9.784403229E0
2.291526863E1,1.451980591E-1,2.218386841E-1,-9.786049805E0
2.292532363E1,1.429527283E-1,2.272274780E-1,-9.790540466E0
2.293537862E1,1.459465027E-1,2.170486450E-1,-9.795779572E0
2.294543462E1,1.383123779E-1,2.243833923E-1,-9.788594513E0
2.295548962E1,1.375639343E-1,2.007325745E-1,-9.785151672E0
2.296554462E1,1.392105103E-1,1.881587219E-1,-9.782008209E0
2.297559963E1,1.398092651E-1,1.802252197E-1,-9.790839844E0
2.298565563E1,1.368154907E-1,1.787283325E-1,-9.789193268E0
2.299571063E1,1.451980591E-1,1.826202393E-1,-9.791288910E0
2.300576562E1,1.477427673E-1,1.969903564E-1,-9.786648560E0
2.301582062E1,1.426533508E-1,2.148033142E-1,-9.778565369E0
2.302587662E1,1.423539734E-1,2.225871277E-1,-9.781559143E0
2.303593163E1,1.438508606E-1,2.243833923E-1,-9.791288910E0
2.304598663E1,1.437011719E-1,2.233355713E-1,-9.797276459E0
2.305604163E1,1.463955688E-1,2.158511353E-1,-9.789043579E0
2.306609763E1,1.380130005E-1,2.070195007E-1,-9.786498871E0
2.307615313E1,1.410067749E-1,1.966909790E-1,-9.785900116E0
2.308620813E1,1.366658020E-1,1.748364258E-1,-9.787546692E0
2.309626313E1,1.366658020E-1,1.716929626E-1,-9.800120544E0
2.310631912E1,1.386117554E-1,1.863624573E-1,-9.787846069E0
2.311637412E1,1.380130005E-1,1.875599670E-1,-9.791887665E0
2.312642912E1,1.386117554E-1,1.956431580E-1,-9.775421906E0
2.313648413E1,1.420545959E-1,2.076182556E-1,-9.789492645E0
2.314654013E1,1.463955688E-1,2.188449097E-1,-9.788444824E0
2.315659513E1,1.466949463E-1,2.185455322E-1,-9.792935486E0
2.316665013E1,1.381626892E-1,2.152523804E-1,-9.785301361E0
2.317670512E1,1.438508606E-1,2.136058044E-1,-9.785600739E0
2.318676012E1,1.445993042E-1,2.065704346E-1,-9.788145447E0
2.319681612E1,1.402583313E-1,2.047741699E-1,-9.784852295E0
2.320687113E1,1.440005493E-1,1.957928467E-1,-9.782457275E0
2.321692613E1,1.480421448E-1,1.890568542E-1,-9.776020660E0
2.322698113E1,1.372645569E-1,1.886077881E-1,-9.781259766E0
2.323703712E1,1.428030396E-1,1.956431580E-1,-9.792636108E0
2.324709212E1,1.378633118E-1,2.049238586E-1,-9.792636108E0
2.325714712E1,1.357676697E-1,2.086660767E-1,-9.790091400E0
2.326720212E1,1.324745178E-1,2.133064270E-1,-9.789941711E0
2.327725813E1,1.437011719E-1,2.203417969E-1,-9.795330505E0
2.328731313E1,1.375639343E-1,2.080673218E-1,-9.783505096E0
2.329736813E1,1.423539734E-1,2.080673218E-1,-9.788145447E0
2.330742312E1,1.463955688E-1,2.052232361E-1,-9.785301361E0
2.331747912E1,1.381626892E-1,1.984872437E-1,-9.786049805E0
2.332753412E1,1.429527283E-1,1.923500061E-1,-9.794432373E0
2.333758912E1,1.434017944E-1,2.002835083E-1,-9.789342957E0
2.334764413E1,1.399589539E-1,1.957928467E-1,-9.780960388E0
2.335770013E1,1.508862305E-1,1.983375549E-1,-9.790690155E0
2.336775513E1,1.378633118E-1,2.077679443E-1,-9.783654785E0
2.337781012E1,1.445993042E-1,2.133064270E-1,-9.784702606E0
2.338786512E1,1.457968140E-1,2.160008240E-1,-9.796228638E0
2.339792112E1,1.377136230E-1,2.065704346E-1,-9.793234863E0
2.340797613E1,1.438508606E-1,1.920506287E-1,-9.795031128E0
2.341803113E1,1.356179810E-1,1.899549866E-1,-9.782307587E0
2.342808613E1,1.422042847E-1,1.945953369E-1,-9.785900116E0
2.343814213E1,1.478924561E-1,1.993853760E-1,-9.779463501E0
2.344819712E1,1.360670471E-1,1.954934692E-1,-9.796378326E0
2.345825212E1,1.401086426E-1,1.874102783E-1,-9.789193268E0
2.346830712E1,1.440005493E-1,1.905537415E-1,-9.790839844E0
2.347836313E1,1.336720276E-1,1.977388000E-1,-9.783205719E0
2.348841813E1,1.344204712E-1,2.070195007E-1,-9.787995758E0
2.349847313E1,1.393601990E-1,2.053729248E-1,-9.795031128E0
2.350852812E1,1.425036621E-1,1.944456482E-1,-9.787247314E0
2.351858412E1,1.402583313E-1,1.948947144E-1,-9.790540466E0
2.352863912E1,1.416055298E-1,1.851649475E-1,-9.784852295E0
2.353869412E1,1.426533508E-1,2.026785278E-1,-9.781409454E0
2.354874913E1,1.429527283E-1,1.920506287E-1,-9.793085175E0
2.355880513E1,1.501377869E-1,1.908531189E-1,-9.793234863E0
2.356886013E1,1.438508606E-1,1.914518738E-1,-9.780511322E0
2.357891512E1,1.416055298E-1,1.910028076E-1,-9.787546692E0
2.358897012E1,1.383123779E-1,2.070195007E-1,-9.789342957E0
2.359902512E1,1.368154907E-1,2.118095398E-1,-9.785451050E0
2.360908113E1,1.431024170E-1,2.116598511E-1,-9.786349182E0
2.361913613E1,1.523831177E-1,2.124082947E-1,-9.783505096E0
2.362919113E1,1.516346741E-1,2.201921082E-1,-9.791737976E0
2.363924612E1,1.466949463E-1,2.174977112E-1,-9.789792023E0
2.364930212E1,1.417552185E-1,2.100132751E-1,-9.792935486E0
2.365935712E1,1.432521057E-1,2.052232361E-1,-9.787846069E0
2.366941212E1,1.465452576E-1,1.971400452E-1,-9.780960388E0
2.367946713E1,1.498384094E-1,1.980381775E-1,-9.786648560E0
2.368952313E1,1.390608215E-1,2.032772827E-1,-9.778565369E0
2.369957813E1,1.398092651E-1,1.992356873E-1,-9.786349182E0
2.370963312E1,1.468446350E-1,2.086660767E-1,-9.793234863E0
2.371968812E1,1.448986816E-1,2.131567383E-1,-9.792935486E0
2.372974412E1,1.444496155E-1,2.071691895E-1,-9.784852295E0
2.373979912E1,1.407073975E-1,1.932481384E-1,-9.785750427E0
2.374985413E1,1.398092651E-1,1.971400452E-1,-9.779613190E0
2.375990913E1,1.356179810E-1,1.951940918E-1,-9.790091400E0
2.376996513E1,1.456471252E-1,1.942959595E-1,-9.795180817E0
2.378002012E1,1.422042847E-1,2.031275940E-1,-9.786798248E0
2.379007512E1,1.395098877E-1,2.011816406E-1,-9.785900116E0
2.380013012E1,1.466949463E-1,2.040257263E-1,-9.789642334E0
2.381018613E1,1.432521057E-1,2.041754150E-1,-9.780211945E0
2.382024113E1,1.389111328E-1,2.103126526E-1,-9.790091400E0
2.383029613E1,1.423539734E-1,2.082170105E-1,-9.790241089E0
2.384035112E1,1.437011719E-1,2.050735474E-1,-9.791139221E0
2.385040712E1,1.369651794E-1,1.951940918E-1,-9.789642334E0
2.386046212E1,1.438508606E-1,1.974394226E-1,-9.790989532E0
2.387051712E1,1.469943237E-1,2.076182556E-1,-9.786498871E0
2.388057213E1,1.425036621E-1,1.990859985E-1,-9.782756653E0
2.389062813E1,1.504371643E-1,2.124082947E-1,-9.782906342E0
2.390068313E1,1.549278259E-1,2.086660767E-1,-9.786498871E0
2.391073812E1,1.407073975E-1,2.073188782E-1,-9.789342957E0
2.392079312E1,1.468446350E-1,2.092648315E-1,-9.783056030E0
2.393084912E1,1.437011719E-1,2.019300842E-1,-9.783355408E0
2.394090412E1,1.366658020E-1,2.001338196E-1,-9.787097626E0
2.395095913E1,1.477427673E-1,1.944456482E-1,-9.787247314E0
2.396101413E1,1.502874756E-1,1.890568542E-1,-9.789342957E0
2.397107013E1,1.459465027E-1,1.939965820E-1,-9.790839844E0
2.398112512E1,1.357676697E-1,1.944456482E-1,-9.790839844E0
2.399118012E1,1.416055298E-1,1.938468933E-1,-9.789792023E0
2.400123512E1,1.360670471E-1,2.055226135E-1,-9.792336731E0
2.401129112E1,1.510359192E-1,2.047741699E-1,-9.785750427E0
2.402134613E1,1.438508606E-1,2.079176331E-1,-9.783954163E0
2.403140113E1,1.374142456E-1,2.047741699E-1,-9.796977081E0
2.404145612E1,1.460961914E-1,2.004331970E-1,-9.795031128E0
2.405151212E1,1.438508606E-1,1.929487610E-1,-9.775421906E0
2.406156712E1,1.460961914E-1,1.901046753E-1,-9.783056030E0
2.407162212E1,1.363664246E-1,1.996847534E-1,-9.787546692E0
2.408167675E1,1.392105103E-1,2.056723022E-1,-9.784852295E0
2.409173275E1,1.513352966E-1,2.037263489E-1,-9.793234863E0
2.410178775E1,1.490899658E-1,1.996847534E-1,-9.788893890E0
2.411184275E1,1.483415222E-1,2.025288391E-1,-9.790241089E0
2.412189775E1,1.440005493E-1,2.085163879E-1,-9.784253540E0
2.413195275E1,1.472937012E-1,2.007325745E-1,-9.781409454E0
2.414200875E1,1.447489929E-1,2.016307068E-1,-9.793534241E0
2.415206375E1,1.428030396E-1,2.029779053E-1,-9.789342957E0
2.416211875E1,1.399589539E-1,1.971400452E-1,-9.784702606E0
2.417217375E1,1.478924561E-1,1.930984497E-1,-9.783804474E0
2.418222975E1,1.451980591E-1,1.993853760E-1,-9.784702606E0
2.419228475E1,1.347198486E-1,1.984872437E-1,-9.792486420E0
2.420233975E1,1.448986816E-1,1.957928467E-1,-9.788444824E0
2.421239475E1,1.459465027E-1,2.032772827E-1,-9.784403229E0
2.422245075E1,1.411564636E-1,2.050735474E-1,-9.788594513E0
2.423250575E1,1.486408997E-1,2.068698120E-1,-9.786947937E0
2.424256075E1,1.399589539E-1,2.077679443E-1,-9.795180817E0
2.425261575E1,1.435514832E-1,2.094145203E-1,-9.784552917E0
2.426267175E1,1.471440125E-1,1.914518738E-1,-9.787995758E0
2.427272675E1,1.410067749E-1,1.905537415E-1,-9.795629883E0
2.428278175E1,1.420545959E-1,1.957928467E-1,-9.790091400E0
2.429283675E1,1.389111328E-1,1.904040527E-1,-9.788594513E0
2.430289275E1,1.422042847E-1,1.965412903E-1,-9.783355408E0
2.431294775E1,1.523831177E-1,1.935475159E-1,-9.785600739E0
2.432300275E1,1.441502380E-1,2.029779053E-1,-9.779014435E0
2.433305775E1,1.387614441E-1,2.077679443E-1,-9.791438599E0
2.434311375E1,1.396595764E-1,2.109114075E-1,-9.785750427E0
2.435316875E1,1.423539734E-1,2.028282166E-1,-9.783505096E0
2.436322375E1,1.453477478E-1,2.004331970E-1,-9.785301361E0
2.437327875E1,1.478924561E-1,2.011816406E-1,-9.790839844E0
2.438333475E1,1.423539734E-1,2.095642090E-1,-9.781559143E0
2.439338975E1,1.438508606E-1,2.118095398E-1,-9.783954163E0
2.440344475E1,1.445993042E-1,1.995350647E-1,-9.799821167E0
2.441349975E1,1.451980591E-1,2.011816406E-1,-9.786498871E0
2.442355575E1,1.420545959E-1,2.008822632E-1,-9.779912567E0
2.443361075E1,1.416055298E-1,1.971400452E-1,-9.785451050E0
2.444366575E1,1.471440125E-1,2.004331970E-1,-9.796977081E0
2.445372075E1,1.468446350E-1,1.904040527E-1,-9.783505096E0
2.446377675E1,1.375639343E-1,1.919009399E-1,-9.787097626E0
2.447383175E1,1.438508606E-1,1.969903564E-1,-9.783205719E0
2.448388675E1,1.453477478E-1,1.984872437E-1,-9.788444824E0
2.449394175E1,1.395098877E-1,1.966909790E-1,-9.793085175E0
2.450399775E1,1.457968140E-1,2.002835083E-1,-9.796528015E0
2.451405275E1,1.371148682E-1,2.044747925E-1,-9.803862762E0
2.452410775E1,1.447489929E-1,2.032772827E-1,-9.786648560E0
2.453416275E1,1.462458801E-1,1.969903564E-1,-9.783505096E0
2.454421875E1,1.469943237E-1,2.038760376E-1,-9.784702606E0
2.455427375E1,1.493893433E-1,2.053729248E-1,-9.790540466E0
2.456432875E1,1.420545959E-1,2.131567383E-1,-9.789941711E0
2.457438375E1,1.420545959E-1,1.999841309E-1,-9.791887665E0
2.458443975E1,1.405577087E-1,2.026785278E-1,-9.785900116E0
2.459449475E1,1.404080200E-1,2.028282166E-1,-9.791438599E0
2.460454975E1,1.444496155E-1,1.913021851E-1,-9.795929260E0
2.461460475E1,1.417552185E-1,1.790277100E-1,-9.786648560E0
2.462466075E1,1.396595764E-1,1.881587219E-1,-9.788444824E0
2.463471575E1,1.437011719E-1,1.889071655E-1,-9.785600739E0
2.464477075E1,1.372645569E-1,1.936972046E-1,-9.787247314E0
2.465482575E1,1.372645569E-1,1.993853760E-1,-9.778864746E0
2.466488175E1,1.420545959E-1,2.026785278E-1,-9.792187042E0
2.467493675E1,1.499880981E-1,1.981878662E-1,-9.782157898E0
2.468499175E1,1.471440125E-1,1.941462708E-1,-9.799372101E0
2.469504675E1,1.417552185E-1,1.996847534E-1,-9.795779572E0
2.470510275E1,1.375639343E-1,1.848655701E-1,-9.785151672E0
2.471515775E1,1.444496155E-1,1.883084106E-1,-9.796228638E0
2.472521275E1,1.570234680E-1,2.010319519E-1,-9.783654785E0
2.473526775E1,1.498384094E-1,1.992356873E-1,-9.787097626E0
2.474532375E1,1.523831177E-1,2.085163879E-1,-9.783954163E0
2.475537875E1,1.486408997E-1,2.127076721E-1,-9.798024902E0
2.476543375E1,1.445993042E-1,2.130070496E-1,-9.790091400E0
2.477548875E1,1.550775146E-1,2.177970886E-1,-9.792486420E0
2.478554475E1,1.432521057E-1,2.097138977E-1,-9.794881439E0
2.479559975E1,1.401086426E-1,2.001338196E-1,-9.798923035E0
2.480565475E1,1.450483704E-1,1.923500061E-1,-9.786798248E0
2.481570975E1,1.408570862E-1,1.996847534E-1,-9.781858521E0
2.482576575E1,1.435514832E-1,2.044747925E-1,-9.796677704E0
2.483582075E1,1.432521057E-1,2.043251038E-1,-9.789342957E0
2.484587575E1,1.474433899E-1,2.038760376E-1,-9.783056030E0
2.485593075E1,1.477427673E-1,1.980381775E-1,-9.792785797E0
2.486598675E1,1.438508606E-1,2.073188782E-1,-9.788594513E0
2.487604175E1,1.410067749E-1,2.058219910E-1,-9.783205719E0
2.488609675E1,1.502874756E-1,1.998344421E-1,-9.796078949E0
2.489615175E1,1.405577087E-1,1.905537415E-1,-9.796977081E0
2.490620775E1,1.393601990E-1,1.871109009E-1,-9.789792023E0
2.491626275E1,1.390608215E-1,1.907034302E-1,-9.784103851E0
2.492631775E1,1.284329224E-1,1.965412903E-1,-9.788893890E0
2.493637275E1,1.305285645E-1,1.981878662E-1,-9.787247314E0
2.494642875E1,1.419049072E-1,2.029779053E-1,-9.782906342E0
2.495648375E1,1.431024170E-1,2.125579834E-1,-9.787995758E0
2.496653875E1,1.466949463E-1,2.131567383E-1,-9.785001984E0
2.497659375E1,1.475930786E-1,2.076182556E-1,-9.786349182E0
2.498664975E1,1.393601990E-1,1.971400452E-1,-9.781259766E0
2.499670475E1,1.440005493E-1,1.908531189E-1,-9.796977081E0
2.500675975E1,1.531315613E-1,1.892065430E-1,-9.795031128E0
2.501681475E1,1.377136230E-1,1.866618347E-1,-9.787546692E0
2.502687075E1,1.487905884E-1,1.956431580E-1,-9.785750427E0
2.503692575E1,1.417552185E-1,2.064207458E-1,-9.788295135E0
2.504698075E1,1.426533508E-1,2.001338196E-1,-9.783954163E0
2.505703575E1,1.450483704E-1,2.092648315E-1,-9.786349182E0
2.506709175E1,1.460961914E-1,2.115101624E-1,-9.792037354E0
2.507714712E1,1.474433899E-1,2.023791504E-1,-9.798324280E0
2.508720213E1,1.550775146E-1,2.059716797E-1,-9.783954163E0
2.509725713E1,1.451980591E-1,1.919009399E-1,-9.782307587E0
2.510731313E1,1.435514832E-1,1.953437805E-1,-9.784552917E0
2.511736813E1,1.437011719E-1,1.889071655E-1,-9.784103851E0
2.512742312E1,1.459465027E-1,1.951940918E-1,-9.798773346E0
2.513747812E1,1.429527283E-1,2.064207458E-1,-9.784552917E0
2.514753412E1,1.374142456E-1,2.041754150E-1,-9.781708832E0
2.515758913E1,1.375639343E-1,2.038760376E-1,-9.797126770E0
2.516764413E1,1.428030396E-1,2.112107849E-1,-9.790989532E0
2.517769913E1,1.508862305E-1,2.131567383E-1,-9.793384552E0
2.518775512E1,1.445993042E-1,2.088157654E-1,-9.793683929E0
2.519781012E1,1.330732727E-1,2.073188782E-1,-9.786049805E0
2.520786512E1,1.440005493E-1,1.917512512E-1,-9.798623657E0
2.521792012E1,1.389111328E-1,1.790277100E-1,-9.787546692E0
2.522797613E1,1.384620667E-1,1.609153748E-1,-9.787397003E0
2.523803113E1,1.404080200E-1,1.657054138E-1,-9.787995758E0
2.524808613E1,1.326242065E-1,1.799258423E-1,-9.780810699E0
2.525814112E1,1.437011719E-1,2.044747925E-1,-9.783355408E0
2.526819712E1,1.471440125E-1,2.285746765E-1,-9.793384552E0
2.527825212E1,1.451980591E-1,2.305206299E-1,-9.794432373E0
2.528830712E1,1.456471252E-1,2.242337036E-1,-9.783505096E0
2.529836213E1,1.396595764E-1,2.116598511E-1,-9.786498871E0
2.530841813E1,1.371148682E-1,1.833686829E-1,-9.784552917E0
2.531847313E1,1.432521057E-1,1.688488770E-1,-9.789342957E0
2.532852812E1,1.378633118E-1,1.676513672E-1,-9.782157898E0
2.533858312E1,1.309776306E-1,1.754351807E-1,-9.776469727E0
2.534863912E1,1.419049072E-1,1.959425354E-1,-9.792935486E0
2.535869413E1,1.456471252E-1,2.109114075E-1,-9.788744202E0
2.536874913E1,1.442999268E-1,2.219883728E-1,-9.792187042E0
2.537880413E1,1.396595764E-1,2.145039368E-1,-9.793085175E0
2.538886013E1,1.378633118E-1,2.005828857E-1,-9.791588287E0
2.539891512E1,1.428030396E-1,1.853146362E-1,-9.785151672E0
2.540897012E1,1.386117554E-1,1.893562317E-1,-9.787696381E0
2.541902512E1,1.457968140E-1,1.905537415E-1,-9.790989532E0
2.542908113E1,1.420545959E-1,1.950444031E-1,-9.783056030E0
2.543913613E1,1.450483704E-1,2.049238586E-1,-9.780211945E0
2.544919113E1,1.454974365E-1,2.019300842E-1,-9.773925018E0
2.545924612E1,1.422042847E-1,2.040257263E-1,-9.786947937E0
2.546930212E1,1.341210938E-1,1.898052979E-1,-9.784253540E0
2.547935712E1,1.372645569E-1,1.845661926E-1,-9.783056030E0
2.548941212E1,1.498384094E-1,1.809736633E-1,-9.789342957E0
2.549946713E1,1.396595764E-1,1.975891113E-1,-9.786199493E0
2.550952313E1,1.426533508E-1,2.119592285E-1,-9.789043579E0
2.551957813E1,1.505868530E-1,2.191442871E-1,-9.786498871E0
2.552963312E1,1.432521057E-1,2.115101624E-1,-9.783355408E0
2.553968812E1,1.469943237E-1,1.972897339E-1,-9.781559143E0
2.554974412E1,1.534309387E-1,1.883084106E-1,-9.781259766E0
2.555979913E1,1.407073975E-1,1.984872437E-1,-9.786498871E0
2.556985413E1,1.405577087E-1,1.920506287E-1,-9.793534241E0
2.557990913E1,1.348695374E-1,2.050735474E-1,-9.793833618E0
2.558996513E1,1.468446350E-1,2.140548706E-1,-9.793085175E0
2.560002012E1,1.423539734E-1,2.062710571E-1,-9.790690155E0
2.561007512E1,1.450483704E-1,2.047741699E-1,-9.782157898E0
2.562013012E1,1.389111328E-1,2.059716797E-1,-9.790839844E0
2.563018613E1,1.231938171E-1,2.224374390E-1,-9.793534241E0
2.564024113E1,1.375639343E-1,2.124082947E-1,-9.793683929E0
2.565029613E1,1.564247131E-1,2.050735474E-1,-9.790390778E0
2.566035112E1,1.478924561E-1,1.983375549E-1,-9.788744202E0
2.567040712E1,1.408570862E-1,1.913021851E-1,-9.791737976E0
2.568046212E1,1.445993042E-1,1.904040527E-1,-9.790241089E0
2.569051712E1,1.437011719E-1,1.782792664E-1,-9.788594513E0
2.570057213E1,1.393601990E-1,1.631607056E-1,-9.781259766E0
2.571062813E1,1.348695374E-1,1.733395386E-1,-9.788744202E0
2.572068313E1,1.374142456E-1,1.827699280E-1,-9.797126770E0
2.573073812E1,1.435514832E-1,2.058219910E-1,-9.795330505E0
2.574079312E1,1.423539734E-1,2.112107849E-1,-9.781858521E0
2.575084912E1,1.475930786E-1,2.080673218E-1,-9.785451050E0
2.576090412E1,1.408570862E-1,2.089654541E-1,-9.788295135E0
2.577095913E1,1.360670471E-1,2.004331970E-1,-9.791438599E0
2.578101413E1,1.408570862E-1,1.886077881E-1,-9.781858521E0
2.579107013E1,1.383123779E-1,1.871109009E-1,-9.792336731E0
2.580112512E1,1.417552185E-1,1.914518738E-1,-9.790690155E0
2.581118012E1,1.389111328E-1,1.944456482E-1,-9.782307587E0
2.582123512E1,1.330732727E-1,2.008822632E-1,-9.784253540E0
2.583129113E1,1.404080200E-1,2.071691895E-1,-9.794432373E0
2.584134613E1,1.414558411E-1,2.204914856E-1,-9.794132996E0
2.585140113E1,1.411564636E-1,2.231858826E-1,-9.784552917E0
2.586145612E1,1.360670471E-1,2.128573608E-1,-9.777517548E0
2.587151212E1,1.285826111E-1,2.104623413E-1,-9.789492645E0
2.588156712E1,1.339714050E-1,1.926493835E-1,-9.776170349E0
2.589162212E1,1.402583313E-1,1.842668152E-1,-9.785301361E0
2.590167713E1,1.437011719E-1,1.830693054E-1,-9.783505096E0
2.591173313E1,1.463955688E-1,1.917512512E-1,-9.786798248E0
2.592178813E1,1.505868530E-1,1.992356873E-1,-9.794132996E0
2.593184312E1,1.404080200E-1,1.969903564E-1,-9.785451050E0
2.594189812E1,1.456471252E-1,1.971400452E-1,-9.783205719E0
2.595195412E1,1.339714050E-1,2.010319519E-1,-9.796378326E0
2.596200912E1,1.187031555E-1,2.085163879E-1,-9.791588287E0
2.597206413E1,1.191522217E-1,2.395019531E-1,-9.787995758E0
2.598211913E1,1.074765015E-1,2.692900085E-1,-9.783056030E0
2.599217513E1,1.044827271E-1,2.871029663E-1,-9.786648560E0
2.600223012E1,1.001417542E-1,2.966830444E-1,-9.791438599E0
2.601228512E1,1.209484863E-1,2.984793091E-1,-9.789193268E0
2.602234012E1,1.282832336E-1,2.999761963E-1,-9.788444824E0
2.603239613E1,1.486408997E-1,2.393522644E-1,-9.778715057E0
2.604245113E1,2.124082947E-1,1.398092651E-1,-9.791737976E0
2.605250613E1,2.378553772E-1,4.954696655E-2,-9.778864746E0
2.606256112E1,1.803749084E-1,4.685256958E-2,-9.786648560E0
2.607261712E1,1.445993042E-1,1.305285645E-1,-9.789642334E0
2.608267179E1,1.478924561E-1,1.836680603E-1,-9.786947937E0
2.609272679E1,1.448986816E-1,2.001338196E-1,-9.779313812E0
2.610278179E1,1.484912109E-1,1.922003174E-1,-9.779613190E0
2.611283779E1,1.432521057E-1,1.957928467E-1,-9.791288910E0
2.612289279E1,1.440005493E-1,2.041754150E-1,-9.780511322E0
2.613294779E1,1.534309387E-1,2.113604736E-1,-9.786798248E0
2.614300279E1,1.606159973E-1,2.185455322E-1,-9.780361633E0
2.615305879E1,1.639091492E-1,2.085163879E-1,-9.781858521E0
2.616311379E1,1.579216003E-1,1.805245972E-1,-9.785151672E0
2.617316879E1,1.416055298E-1,1.749861145E-1,-9.789342957E0
2.618322379E1,1.438508606E-1,1.689985657E-1,-9.792187042E0
2.619327979E1,1.359173584E-1,1.694476318E-1,-9.788145447E0
2.620333479E1,1.213975525E-1,1.718426514E-1,-9.777068481E0
2.621338979E1,1.290316772E-1,1.866618347E-1,-9.779313812E0
2.622344479E1,1.202000427E-1,1.968406677E-1,-9.797575836E0
2.623350079E1,1.420545959E-1,1.986369324E-1,-9.789492645E0
2.624355579E1,1.408570862E-1,2.041754150E-1,-9.796228638E0
2.625361079E1,1.369651794E-1,1.956431580E-1,-9.786648560E0
2.626366579E1,1.422042847E-1,2.040257263E-1,-9.784403229E0
2.627372179E1,1.396595764E-1,2.118095398E-1,-9.798024902E0
2.628377679E1,1.448986816E-1,1.983375549E-1,-9.787995758E0
2.629383179E1,1.490899658E-1,2.080673218E-1,-9.784253540E0
2.630388779E1,1.544787598E-1,2.002835083E-1,-9.789492645E0
2.631394279E1,1.588197327E-1,1.875599670E-1,-9.785001984E0
2.632399779E1,1.787283325E-1,1.838177490E-1,-9.784702606E0
2.633405279E1,1.998344421E-1,1.703457642E-1,-9.789941711E0
2.634410879E1,1.992356873E-1,1.704954529E-1,-9.796677704E0
2.635416379E1,1.550775146E-1,1.878593445E-1,-9.782157898E0
2.636421879E1,1.184037781E-1,2.064207458E-1,-9.783654785E0
2.637427379E1,1.197509766E-1,2.157014465E-1,-9.794582062E0
2.638432979E1,1.694476318E-1,2.121089172E-1,-9.793534241E0
2.639438479E1,1.594184875E-1,2.269281006E-1,-9.800569611E0
2.640443979E1,1.170565796E-1,2.221380615E-1,-9.785001984E0
2.641449479E1,1.038839722E-1,2.059716797E-1,-9.786498871E0
2.642455079E1,1.188528442E-1,1.854643250E-1,-9.798324280E0
2.643460579E1,1.197509766E-1,1.936972046E-1,-9.791288910E0
2.644466079E1,1.055305481E-1,2.071691895E-1,-9.790241089E0
2.645471579E1,1.293310547E-1,2.007325745E-1,-9.783804474E0
2.646477179E1,1.573228455E-1,2.029779053E-1,-9.793085175E0
2.647482679E1,1.649569702E-1,2.044747925E-1,-9.785301361E0
2.648488179E1,1.435514832E-1,2.029779053E-1,-9.784103851E0
2.649493679E1,9.969268799E-2,2.061213684E-1,-9.794132996E0
2.650499279E1,1.279838562E-1,1.959425354E-1,-9.802665253E0
2.651504779E1,-4.462220764E-1,-2.103126526E-1,-1.043255539E1
2.652510279E1,-8.937913513E-1,-9.952803040E-1,-1.040112076E1
2.653515779E1,-1.571432190E0,3.151097260E0,-7.843988342E0
2.654521379E1,-4.535568237E-2,-2.415975952E-1,-1.031385223E1
2.655526879E1,2.247426453E0,-8.319699097E-1,-9.692344666E0
2.656532379E1,1.840123444E0,1.725910950E-1,-9.815388794E0
2.657537879E1,3.878434753E-1,3.028202820E-1,-9.833201752E0
2.658543479E1,5.396278381E-1,-2.005828857E-2,-9.778715057E0
2.659548979E1,8.090675354E-1,6.721023560E-2,-9.763895874E0
2.660554479E1,5.716612244E-1,1.751358032E-1,-9.818083191E0
2.661559979E1,2.670446777E-1,2.451901245E-1,-9.763746185E0
2.662565579E1,-5.987548828E-4,2.763253784E-1,-9.798174591E0
2.663571079E1,-9.355545044E-2,2.362088013E-1,-9.802066498E0
2.664576579E1,5.134323120E-2,2.411485291E-1,-9.784253540E0
2.665582079E1,3.727249146E-2,2.049238586E-1,-9.780211945E0
2.666587679E1,1.498384094E-1,2.013313293E-1,-9.792785797E0
2.667593179E1,1.101708984E-1,2.755769348E-1,-9.790540466E0
2.668598679E1,-1.378633118E-1,2.362088013E-1,-9.770033112E0
2.669604179E1,-2.104623413E-1,2.219883728E-1,-9.804162140E0
2.670609779E1,-2.764750671E-1,2.243833923E-1,-9.778415680E0
2.671615279E1,-8.487350464E-2,1.927990723E-1,-9.776170349E0
2.672620779E1,1.790277100E-1,1.935475159E-1,-9.786648560E0
2.673626279E1,1.339714050E-1,2.016307068E-1,-9.781259766E0
2.674631879E1,1.468446350E-1,2.109114075E-1,-9.787247314E0
2.675637379E1,1.483415222E-1,2.251318359E-1,-9.786498871E0
2.676642879E1,1.457968140E-1,2.119592285E-1,-9.794282684E0
2.677648379E1,1.463955688E-1,1.959425354E-1,-9.784552917E0
2.678653979E1,1.420545959E-1,1.932481384E-1,-9.801767120E0
2.679659479E1,1.465452576E-1,1.924996948E-1,-9.780661011E0
2.680664979E1,1.378633118E-1,2.037263489E-1,-9.789043579E0
2.681670479E1,1.423539734E-1,2.010319519E-1,-9.790989532E0
2.682676079E1,1.419049072E-1,1.999841309E-1,-9.790091400E0
2.683681579E1,1.431024170E-1,2.079176331E-1,-9.798473969E0
2.684687079E1,1.393601990E-1,1.960922241E-1,-9.784103851E0
2.685692579E1,1.402583313E-1,2.052232361E-1,-9.785600739E0
2.686698179E1,1.466949463E-1,2.097138977E-1,-9.789193268E0
2.687703679E1,1.429527283E-1,1.972897339E-1,-9.784253540E0
2.688709179E1,1.407073975E-1,2.016307068E-1,-9.796528015E0
2.689714679E1,1.404080200E-1,1.893562317E-1,-9.794731750E0
2.690720279E1,1.468446350E-1,1.868115234E-1,-9.774224396E0
2.691725779E1,1.423539734E-1,1.802252197E-1,-9.783804474E0
2.692731279E1,1.408570862E-1,1.872605896E-1,-9.789043579E0
2.693736779E1,1.320254517E-1,1.977388000E-1,-9.781110077E0
2.694742379E1,1.386117554E-1,2.059716797E-1,-9.782008209E0
2.695747879E1,1.323248291E-1,2.174977112E-1,-9.785001984E0
2.696753379E1,1.441502380E-1,2.146536255E-1,-9.783954163E0
2.697758879E1,1.752854919E-1,2.038760376E-1,-9.792336731E0
2.698764479E1,1.561253357E-1,2.001338196E-1,-9.792187042E0
2.699769979E1,1.442999268E-1,2.082170105E-1,-9.786947937E0
2.700775479E1,1.416055298E-1,2.050735474E-1,-9.794132996E0
2.701781079E1,1.354682922E-1,1.919009399E-1,-9.781559143E0
2.702786579E1,1.245410156E-1,1.932481384E-1,-9.779762878E0
2.703792079E1,1.116677856E-1,1.978884888E-1,-9.790839844E0
2.704797579E1,8.756790161E-2,1.919009399E-1,-9.778565369E0
2.705803179E1,1.360670471E-1,1.754351807E-1,-9.788594513E0
2.706808679E1,2.312690735E-1,1.543290710E-1,-9.784103851E0
2.707814200E1,1.574725342E-1,1.818717957E-1,-9.788444824E0
2.708819700E1,1.279838562E-1,2.062710571E-1,-9.785600739E0
2.709825300E1,1.416055298E-1,1.953437805E-1,-9.784552917E0
2.710830800E1,1.395098877E-1,2.037263489E-1,-9.790241089E0
2.711836300E1,1.243913269E-1,2.002835083E-1,-9.788744202E0
2.712841800E1,1.312770081E-1,2.143542480E-1,-9.787846069E0
2.713847400E1,1.725910950E-1,2.182461548E-1,-9.791737976E0
2.714852900E1,1.577719116E-1,2.022294617E-1,-9.785900116E0
2.715858400E1,1.425036621E-1,2.004331970E-1,-9.787247314E0
2.716863900E1,1.454974365E-1,1.999841309E-1,-9.785301361E0
2.717869500E1,1.484912109E-1,2.142045593E-1,-9.786349182E0
2.718875000E1,1.306782532E-1,2.224374390E-1,-9.786349182E0
2.719880500E1,1.468446350E-1,2.145039368E-1,-9.790091400E0
2.720886000E1,1.085243225E-1,1.939965820E-1,-9.799671478E0
2.721891600E1,6.825805664E-2,1.929487610E-1,-9.800719299E0
2.722897100E1,-3.038681030E-2,2.282752991E-1,-9.792486420E0
2.723902600E1,-4.475692749E-2,2.236349487E-1,-9.786349182E0
2.724908100E1,1.360670471E-1,1.610650635E-1,-9.807006226E0
2.725913700E1,1.868115234E-1,1.568737793E-1,-9.802665253E0
2.726919200E1,1.387614441E-1,1.725910950E-1,-9.803114319E0
2.727924700E1,2.564167786E-1,1.652563477E-1,-9.793234863E0
2.728930200E1,2.697390747E-1,7.035369873E-2,-9.778565369E0
2.729935800E1,3.754193115E-1,3.257226562E-1,-9.786798248E0
2.730941300E1,1.320254517E-1,3.881428528E-1,-9.778116302E0
2.731946800E1,1.454974365E-1,1.998344421E-1,-9.766141205E0
2.732952300E1,1.466949463E-1,1.989363098E-1,-9.771080933E0
2.733957900E1,1.324745178E-1,1.510359192E-1,-9.785900116E0
2.734963400E1,1.299298096E-1,1.342707825E-1,-9.778265991E0
2.735968900E1,1.386117554E-1,1.213975525E-1,-9.784103851E0
2.736974400E1,1.314266968E-1,1.399589539E-1,-9.785001984E0
2.737980000E1,1.420545959E-1,1.675016785E-1,-9.785600739E0
2.738985500E1,1.463955688E-1,2.225871277E-1,-9.800569611E0
2.739991000E1,1.428030396E-1,2.540217590E-1,-9.787097626E0
2.740996500E1,1.481918335E-1,2.636018372E-1,-9.779164124E0
2.742002100E1,1.609153748E-1,2.691403198E-1,-9.788744202E0
2.743007600E1,1.477427673E-1,2.468367004E-1,-9.778265991E0
2.744013100E1,1.490899658E-1,2.100132751E-1,-9.784552917E0
2.745018600E1,1.423539734E-1,1.851649475E-1,-9.787995758E0
2.746024200E1,1.342707825E-1,1.727407837E-1,-9.787097626E0
2.747029700E1,1.356179810E-1,1.769320679E-1,-9.787097626E0
2.748035200E1,1.423539734E-1,1.745370483E-1,-9.784103851E0
2.749040700E1,1.437011719E-1,1.657054138E-1,-9.781110077E0
2.750046300E1,1.318757629E-1,1.766326904E-1,-9.801318054E0
2.751051800E1,1.429527283E-1,1.911524963E-1,-9.786349182E0
2.752057300E1,1.441502380E-1,1.939965820E-1,-9.784253540E0
2.753062800E1,1.459465027E-1,2.058219910E-1,-9.787995758E0
2.754068400E1,1.435514832E-1,1.941462708E-1,-9.787546692E0
2.755073900E1,1.423539734E-1,1.823208618E-1,-9.784253540E0
2.756079400E1,1.378633118E-1,1.746867371E-1,-9.789642334E0
2.757085000E1,1.407073975E-1,1.612147522E-1,-9.785900116E0
2.758090500E1,1.384620667E-1,1.579216003E-1,-9.790989532E0
2.759096000E1,1.395098877E-1,1.558259583E-1,-9.796977081E0
2.760101500E1,1.366658020E-1,1.609153748E-1,-9.784552917E0
2.761107100E1,1.351689148E-1,1.853146362E-1,-9.781559143E0
2.762112600E1,1.463955688E-1,2.017803955E-1,-9.789342957E0
2.763118100E1,1.550775146E-1,2.242337036E-1,-9.781259766E0
2.764123600E1,1.544787598E-1,2.383044434E-1,-9.789941711E0
2.765129200E1,1.516346741E-1,2.375559998E-1,-9.784103851E0
2.766134700E1,1.486408997E-1,2.318678284E-1,-9.790091400E0
2.767140200E1,1.429527283E-1,2.110610962E-1,-9.790390778E0
2.768145700E1,1.456471252E-1,1.999841309E-1,-9.780062256E0
2.769151300E1,1.486408997E-1,1.853146362E-1,-9.777517548E0
2.770156800E1,1.393601990E-1,1.740879822E-1,-9.780211945E0
2.771162300E1,1.425036621E-1,1.924996948E-1,-9.786349182E0
2.772167800E1,1.393601990E-1,2.110610962E-1,-9.784552917E0
2.773173400E1,1.442999268E-1,2.309696960E-1,-9.795480194E0
2.774178900E1,1.472937012E-1,2.523751831E-1,-9.783056030E0
2.775184400E1,1.588197327E-1,2.695893860E-1,-9.785451050E0
2.776189900E1,1.616638184E-1,2.832110596E-1,-9.783654785E0
2.777195500E1,1.432521057E-1,2.571652222E-1,-9.792785797E0
2.778201000E1,1.484912109E-1,2.222877502E-1,-9.786648560E0
2.779206500E1,1.422042847E-1,1.998344421E-1,-9.786049805E0
2.780212000E1,1.395098877E-1,1.543290710E-1,-9.788444824E0
2.781217600E1,1.335223389E-1,1.302291870E-1,-9.796078949E0
2.782223100E1,1.272354126E-1,1.327738953E-1,-9.789193268E0
2.783228600E1,1.375639343E-1,1.354682922E-1,-9.793683929E0
2.784234100E1,1.339714050E-1,1.625619507E-1,-9.800270233E0
2.785239700E1,1.389111328E-1,1.893562317E-1,-9.783954163E0
2.786245200E1,1.387614441E-1,2.073188782E-1,-9.790091400E0
2.787250700E1,1.474433899E-1,2.149530029E-1,-9.791139221E0
2.788256200E1,1.492396545E-1,2.038760376E-1,-9.789193268E0
2.789261800E1,1.456471252E-1,1.865121460E-1,-9.793983307E0
2.790267300E1,1.469943237E-1,1.808239746E-1,-9.786648560E0
2.791272800E1,1.317260742E-1,1.728904724E-1,-9.788744202E0
2.792278300E1,1.363664246E-1,1.695973206E-1,-9.795929260E0
2.793283900E1,1.366658020E-1,1.796264648E-1,-9.791737976E0
2.794289400E1,1.398092651E-1,2.076182556E-1,-9.786349182E0
2.795294900E1,1.477427673E-1,2.273771667E-1,-9.780211945E0
2.796300400E1,1.540296936E-1,2.335144043E-1,-9.787397003E0
2.797306000E1,1.438508606E-1,2.378553772E-1,-9.803264008E0
2.798311500E1,1.432521057E-1,2.082170105E-1,-9.788893890E0
2.799317000E1,1.422042847E-1,1.830693054E-1,-9.793085175E0
2.800322600E1,1.465452576E-1,1.758842468E-1,-9.801168365E0
2.801328100E1,1.471440125E-1,1.877096558E-1,-9.787247314E0
2.802333600E1,1.435514832E-1,1.972897339E-1,-9.783205719E0
2.803339100E1,1.525328064E-1,2.086660767E-1,-9.795929260E0
2.804344700E1,1.498384094E-1,2.127076721E-1,-9.789193268E0
2.805350200E1,1.459465027E-1,2.113604736E-1,-9.788594513E0
2.806355700E1,1.487905884E-1,2.040257263E-1,-9.798324280E0
2.807361200E1,1.432521057E-1,2.020797729E-1,-9.799970856E0
2.808366825E1,1.425036621E-1,2.011816406E-1,-9.782457275E0
2.809372325E1,1.428030396E-1,1.971400452E-1,-9.778565369E0
2.810377825E1,1.483415222E-1,2.017803955E-1,-9.788594513E0
2.811383325E1,1.437011719E-1,1.993853760E-1,-9.794432373E0
2.812388925E1,1.490899658E-1,1.996847534E-1,-9.789492645E0
2.813394425E1,1.404080200E-1,2.064207458E-1,-9.782606964E0
2.814399925E1,1.350192261E-1,2.038760376E-1,-9.786798248E0
2.815405425E1,1.444496155E-1,1.845661926E-1,-9.790690155E0
2.816411025E1,1.399589539E-1,1.821711731E-1,-9.785301361E0
2.817416525E1,1.425036621E-1,1.823208618E-1,-9.786199493E0
2.818422025E1,1.396595764E-1,1.998344421E-1,-9.792785797E0
2.819427525E1,1.398092651E-1,2.049238586E-1,-9.795929260E0
2.820433125E1,1.475930786E-1,2.222877502E-1,-9.784403229E0
2.821438625E1,1.407073975E-1,2.137554932E-1,-9.778116302E0
2.822444125E1,1.410067749E-1,2.055226135E-1,-9.790989532E0
2.823449625E1,1.444496155E-1,2.008822632E-1,-9.783505096E0
2.824455225E1,1.441502380E-1,1.883084106E-1,-9.788893890E0
2.825460725E1,1.420545959E-1,1.815724182E-1,-9.785600739E0
2.826466225E1,1.460961914E-1,1.938468933E-1,-9.787397003E0
2.827471725E1,1.387614441E-1,2.002835083E-1,-9.787995758E0
2.828477325E1,1.291813660E-1,1.913021851E-1,-9.783355408E0
2.829482825E1,1.381626892E-1,1.987866211E-1,-9.781708832E0
2.830488325E1,1.465452576E-1,2.122586060E-1,-9.788594513E0
2.831493825E1,1.498384094E-1,2.143542480E-1,-9.782008209E0
2.832499425E1,1.586700439E-1,2.082170105E-1,-9.787846069E0
2.833504925E1,1.493893433E-1,1.926493835E-1,-9.798324280E0
2.834510425E1,1.487905884E-1,1.848655701E-1,-9.793534241E0
2.835515925E1,1.404080200E-1,1.821711731E-1,-9.792785797E0
2.836521525E1,1.457968140E-1,1.848655701E-1,-9.796528015E0
2.837527025E1,1.417552185E-1,1.916015625E-1,-9.785750427E0
2.838532525E1,1.390608215E-1,1.956431580E-1,-9.785600739E0
2.839538125E1,1.502874756E-1,2.013313293E-1,-9.790091400E0
2.840543625E1,1.511856079E-1,2.100132751E-1,-9.793384552E0
2.841549125E1,1.445993042E-1,2.130070496E-1,-9.787696381E0
2.842554625E1,1.371148682E-1,2.074685669E-1,-9.787397003E0
2.843560225E1,1.463955688E-1,2.020797729E-1,-9.791887665E0
2.844565725E1,1.429527283E-1,1.924996948E-1,-9.785451050E0
2.845571225E1,1.384620667E-1,1.809736633E-1,-9.799671478E0
2.846576725E1,1.372645569E-1,1.856140137E-1,-9.785451050E0
2.847582325E1,1.489402771E-1,1.811233521E-1,-9.785001984E0
2.848587825E1,1.465452576E-1,1.941462708E-1,-9.783804474E0
2.849593325E1,1.405577087E-1,2.094145203E-1,-9.774823151E0
2.850598825E1,1.465452576E-1,2.142045593E-1,-9.786947937E0
2.851604425E1,1.466949463E-1,2.040257263E-1,-9.792486420E0
2.852609925E1,1.416055298E-1,2.071691895E-1,-9.801168365E0
2.853615425E1,1.469943237E-1,1.899549866E-1,-9.789642334E0
2.854620925E1,1.402583313E-1,1.890568542E-1,-9.777966614E0
2.855626525E1,1.380130005E-1,1.886077881E-1,-9.793683929E0
2.856632025E1,1.505868530E-1,1.889071655E-1,-9.794731750E0
2.857637525E1,1.480421448E-1,1.835183716E-1,-9.787247314E0
2.858643025E1,1.438508606E-1,1.797761536E-1,-9.786648560E0
2.859648625E1,1.404080200E-1,1.942959595E-1,-9.794432373E0
2.860654125E1,1.453477478E-1,2.053729248E-1,-9.780661011E0
2.861659625E1,1.425036621E-1,2.080673218E-1,-9.786798248E0
2.862665125E1,1.447489929E-1,2.044747925E-1,-9.787995758E0
2.863670725E1,1.435514832E-1,2.071691895E-1,-9.788744202E0
2.864676225E1,1.437011719E-1,2.008822632E-1,-9.788145447E0
2.865681725E1,1.386117554E-1,2.020797729E-1,-9.799970856E0
2.866687225E1,1.441502380E-1,2.013313293E-1,-9.795779572E0
2.867692825E1,1.442999268E-1,2.091151428E-1,-9.779762878E0
2.868698325E1,1.489402771E-1,2.157014465E-1,-9.786199493E0
2.869703825E1,1.437011719E-1,2.002835083E-1,-9.778864746E0
2.870709325E1,1.437011719E-1,2.044747925E-1,-9.783804474E0
2.871714925E1,1.460961914E-1,2.059716797E-1,-9.791737976E0
2.872720425E1,1.484912109E-1,2.112107849E-1,-9.795629883E0
2.873725925E1,1.489402771E-1,2.085163879E-1,-9.788145447E0
2.874731425E1,1.451980591E-1,1.890568542E-1,-9.779613190E0
2.875737025E1,1.407073975E-1,1.898052979E-1,-9.788893890E0
2.876742525E1,1.359173584E-1,1.788780212E-1,-9.791288910E0
2.877748025E1,1.305285645E-1,1.797761536E-1,-9.785750427E0
2.878753625E1,1.392105103E-1,1.863624573E-1,-9.795779572E0
2.879759125E1,1.456471252E-1,1.992356873E-1,-9.787546692E0
2.880764625E1,1.450483704E-1,2.064207458E-1,-9.787397003E0
2.881770125E1,1.510359192E-1,2.062710571E-1,-9.788145447E0
2.882775725E1,1.495390320E-1,1.986369324E-1,-9.783654785E0
2.883781225E1,1.411564636E-1,2.052232361E-1,-9.792636108E0
2.884786725E1,1.395098877E-1,2.046244812E-1,-9.788145447E0
2.885792225E1,1.399589539E-1,2.046244812E-1,-9.789941711E0
2.886797825E1,1.565744019E-1,2.058219910E-1,-9.785451050E0
2.887803325E1,1.505868530E-1,2.064207458E-1,-9.780810699E0
2.888808825E1,1.450483704E-1,2.032772827E-1,-9.789342957E0
2.889814325E1,1.496887207E-1,2.023791504E-1,-9.796378326E0
2.890819925E1,1.472937012E-1,1.968406677E-1,-9.786648560E0
2.891825425E1,1.432521057E-1,1.814227295E-1,-9.789342957E0
2.892830925E1,1.523831177E-1,1.896556091E-1,-9.790989532E0
2.893836425E1,1.440005493E-1,1.998344421E-1,-9.791139221E0
2.894842025E1,1.469943237E-1,2.092648315E-1,-9.786199493E0
2.895847525E1,1.457968140E-1,2.083666992E-1,-9.793085175E0
2.896853025E1,1.457968140E-1,2.056723022E-1,-9.789792023E0
2.897858525E1,1.465452576E-1,2.007325745E-1,-9.783804474E0
2.898864125E1,1.365161133E-1,1.935475159E-1,-9.791588287E0
2.899869625E1,1.345701599E-1,1.808239746E-1,-9.786199493E0
2.900875125E1,1.425036621E-1,1.752854919E-1,-9.790690155E0
2.901880625E1,1.402583313E-1,1.658551025E-1,-9.782307587E0
2.902886225E1,1.338217163E-1,1.707948303E-1,-9.799521790E0
2.903891725E1,1.390608215E-1,1.797761536E-1,-9.798623657E0
2.904897225E1,1.435514832E-1,1.933978271E-1,-9.791588287E0
2.905902725E1,1.460961914E-1,2.049238586E-1,-9.797725525E0
2.906908325E1,1.492396545E-1,2.254312134E-1,-9.792037354E0
2.907913825E1,1.441502380E-1,2.165995789E-1,-9.793534241E0
2.908919375E1,1.345701599E-1,1.995350647E-1,-9.792336731E0
2.909924975E1,1.366658020E-1,1.938468933E-1,-9.788145447E0
2.910930475E1,1.426533508E-1,1.821711731E-1,-9.783954163E0
2.911935975E1,1.444496155E-1,1.924996948E-1,-9.788295135E0
2.912941475E1,1.369651794E-1,1.960922241E-1,-9.792336731E0
2.913947075E1,1.414558411E-1,1.948947144E-1,-9.788594513E0
2.914952575E1,1.519340515E-1,2.019300842E-1,-9.778565369E0
2.915958075E1,1.384620667E-1,1.898052979E-1,-9.782756653E0
2.916963575E1,1.419049072E-1,1.898052979E-1,-9.791887665E0
2.917969175E1,1.496887207E-1,2.140548706E-1,-9.788893890E0
2.918974675E1,1.454974365E-1,2.174977112E-1,-9.775571594E0
2.919980175E1,1.413061523E-1,2.216889954E-1,-9.779313812E0
2.920985675E1,1.429527283E-1,2.224374390E-1,-9.788444824E0
2.921991275E1,1.462458801E-1,2.149530029E-1,-9.780810699E0
2.922996775E1,1.420545959E-1,2.095642090E-1,-9.785900116E0
2.924002275E1,1.440005493E-1,2.076182556E-1,-9.790091400E0
2.925007775E1,1.110690308E-1,2.055226135E-1,-9.747579803E0
2.926013375E1,-1.829196167E-1,3.164419556E-1,-9.849817200E0
2.927018875E1,5.209167480E-2,2.618055725E-1,-9.759105835E0
2.928024375E1,-1.963916016E-1,2.821632385E-1,-9.800419922E0
2.929029875E1,-5.179229736E-2,1.667532349E-1,-9.788444824E0
2.930035475E1,1.387614441E-1,1.109193420E-1,-9.796677704E0
2.931040975E1,3.224295044E-1,7.155120850E-2,-9.787097626E0
2.932046475E1,3.752696228E-1,1.016386414E-1,-9.780810699E0
2.933051975E1,5.084925842E-1,1.589694214E-1,-9.773925018E0
2.934057575E1,3.442840576E-1,1.757345581E-1,-9.785001984E0
2.935063075E1,1.127156067E-1,2.185455322E-1,-9.792486420E0
2.936068575E1,1.445993042E-1,2.065704346E-1,-9.783654785E0
2.937074075E1,1.450483704E-1,2.041754150E-1,-9.788444824E0
2.938079675E1,1.445993042E-1,2.043251038E-1,-9.779014435E0
2.939085175E1,1.475930786E-1,1.916015625E-1,-9.782756653E0
2.940090675E1,1.498384094E-1,1.788780212E-1,-9.792636108E0
2.941096275E1,1.453477478E-1,1.715432739E-1,-9.793983307E0
2.942101775E1,1.459465027E-1,1.776805115E-1,-9.781559143E0
2.943107275E1,1.405577087E-1,1.945953369E-1,-9.787696381E0
2.944112775E1,1.480421448E-1,2.061213684E-1,-9.796378326E0
2.945118375E1,1.505868530E-1,2.273771667E-1,-9.788893890E0
2.946123875E1,1.579216003E-1,2.353106689E-1,-9.782008209E0
2.947129375E1,1.475930786E-1,2.567161560E-1,-9.791438599E0
2.948134875E1,1.284329224E-1,2.520758057E-1,-9.795629883E0
2.949140475E1,1.390608215E-1,2.347119141E-1,-9.792785797E0
2.950145975E1,1.411564636E-1,2.134561157E-1,-9.773475952E0
2.951151475E1,1.442999268E-1,1.859133911E-1,-9.793983307E0
2.952156975E1,1.440005493E-1,1.719923401E-1,-9.770033112E0
2.953162575E1,1.417552185E-1,1.511856079E-1,-9.793085175E0
2.954168075E1,1.377136230E-1,1.312770081E-1,-9.792935486E0
2.955173575E1,1.326242065E-1,1.371148682E-1,-9.795330505E0
2.956179075E1,1.347198486E-1,1.586700439E-1,-9.788744202E0
2.957184675E1,1.404080200E-1,2.014810181E-1,-9.793384552E0
2.958190175E1,1.498384094E-1,2.230361938E-1,-9.796228638E0
2.959195675E1,1.469943237E-1,2.341131592E-1,-9.788893890E0
2.960201175E1,1.526824951E-1,2.360591125E-1,-9.791139221E0
2.961206775E1,1.537303162E-1,2.377056885E-1,-9.787397003E0
2.962212275E1,1.285826111E-1,2.195933533E-1,-9.791887665E0
2.963217775E1,1.044827271E-1,2.260299683E-1,-9.792935486E0
2.964223275E1,1.130149841E-1,1.969903564E-1,-9.784403229E0
2.965228875E1,1.507365417E-1,1.447489929E-1,-9.791588287E0
2.966234375E1,2.037263489E-1,1.121168518E-1,-9.799521790E0
2.967239875E1,1.778302002E-1,1.565744019E-1,-9.790390778E0
2.968245475E1,1.496887207E-1,1.908531189E-1,-9.792037354E0
2.969250975E1,1.447489929E-1,2.041754150E-1,-9.789193268E0
2.970256475E1,1.486408997E-1,2.076182556E-1,-9.792037354E0
2.971261975E1,1.552272034E-1,2.151026917E-1,-9.795629883E0
2.972267575E1,1.480421448E-1,2.185455322E-1,-9.770781555E0
2.973273075E1,1.550775146E-1,2.083666992E-1,-9.785001984E0
2.974278575E1,1.652563477E-1,2.035766602E-1,-9.798773346E0
2.975284075E1,1.890568542E-1,1.916015625E-1,-9.805359650E0
2.976289675E1,3.210823059E-1,1.511856079E-1,-9.785001984E0
2.977295175E1,4.194277954E-1,1.193019104E-1,-9.786049805E0
2.978300675E1,1.420545959E-1,1.908531189E-1,-9.796977081E0
2.979306175E1,-9.415420532E-2,2.565664673E-1,-9.779014435E0
2.980311775E1,3.293151855E-3,2.444416809E-1,-9.782756653E0
2.981317275E1,5.194198608E-2,2.134561157E-1,-9.796827393E0
2.982322775E1,9.864486694E-2,2.038760376E-1,-9.794432373E0
2.983328275E1,1.134640503E-1,2.136058044E-1,-9.786498871E0
2.984333875E1,1.112187195E-1,2.124082947E-1,-9.783954163E0
2.985339375E1,1.445993042E-1,2.101629639E-1,-9.792037354E0
2.986344875E1,1.649569702E-1,1.911524963E-1,-9.786349182E0
2.987350375E1,1.267863464E-1,1.651066589E-1,-9.788444824E0
2.988355975E1,1.200503540E-1,1.829196167E-1,-9.786349182E0
2.989361475E1,8.442443848E-2,1.919009399E-1,-9.787546692E0
2.990366975E1,2.040257263E-1,1.866618347E-1,-9.782906342E0
2.991372575E1,2.773731995E-1,2.095642090E-1,-9.786947937E0
2.992378075E1,1.422042847E-1,2.222877502E-1,-9.798923035E0
2.993383575E1,1.447489929E-1,2.014810181E-1,-9.788744202E0
2.994389075E1,1.688488770E-1,2.008822632E-1,-9.776619415E0
2.995394675E1,1.695973206E-1,1.908531189E-1,-9.781559143E0
2.996400175E1,1.127156067E-1,2.076182556E-1,-9.787247314E0
2.997405675E1,1.181044006E-1,2.013313293E-1,-9.789492645E0
2.998411175E1,1.398092651E-1,1.877096558E-1,-9.792187042E0
2.999416775E1,1.426533508E-1,1.790277100E-1,-9.792486420E0
3.000422275E1,1.437011719E-1,1.751358032E-1,-9.782457275E0
3.001427775E1,1.457968140E-1,1.926493835E-1,-9.778715057E0
3.002433275E1,1.442999268E-1,2.179467773E-1,-9.788444824E0
3.003438875E1,1.475930786E-1,2.390528870E-1,-9.783804474E0
3.004444375E1,1.462458801E-1,2.386038208E-1,-9.776619415E0
3.005449875E1,1.441502380E-1,2.372566223E-1,-9.798923035E0
3.006455375E1,1.440005493E-1,2.251318359E-1,-9.779762878E0
3.007460975E1,1.469943237E-1,2.210902405E-1,-9.792037354E0
3.008466425E1,1.459465027E-1,1.748364258E-1,-9.785750427E0
3.009471925E1,1.354682922E-1,1.550775146E-1,-9.780960388E0
3.010477425E1,1.296304321E-1,1.362167358E-1,-9.799222412E0
3.011483025E1,1.275347900E-1,1.384620667E-1,-9.792336731E0
3.012488525E1,1.411564636E-1,1.287322998E-1,-9.804611206E0
3.013494025E1,1.935475159E-1,6.002517700E-2,-9.795779572E0
3.014499625E1,2.198927307E-1,-4.550537109E-2,-9.788744202E0
3.015505125E1,2.350112915E-2,3.695814514E-1,-9.789642334E0
3.016510625E1,8.831634521E-2,4.102967834E-1,-9.794432373E0
3.017516125E1,1.175056458E-1,3.435356140E-1,-9.789941711E0
3.018521725E1,1.496887207E-4,7.077282715E-1,-9.771380310E0
3.019527225E1,6.750961304E-2,8.062234497E-1,-9.781559143E0
3.020532725E1,2.392025757E-1,3.694317627E-1,-9.811496887E0
3.021538225E1,2.787203979E-1,7.349716187E-2,-9.801018677E0
3.022543825E1,2.074685669E-1,3.682342529E-2,-9.795031128E0
3.023549325E1,-2.993774414E-2,2.315684509E-1,-9.785001984E0
3.024554825E1,-8.876541138E-2,1.190025330E-1,-9.795031128E0
3.025560325E1,2.823129272E-1,-4.790039062E-1,-9.805958405E0
3.026565925E1,2.287243652E-1,-4.261637878E-1,-9.811646576E0
3.027571425E1,-4.034111023E-1,-5.209167480E-2,-9.753567352E0
3.028576925E1,1.773811340E-1,-1.445993042E-1,-9.790690155E0
3.029582425E1,1.309027863E0,3.216810608E-1,-9.738897858E0
3.030588025E1,1.400637360E0,2.826123047E-1,-9.796977081E0
3.031593525E1,-1.996847534E-1,4.176315308E-1,-9.787846069E0
3.032599025E1,-8.271798706E-1,5.894741821E-1,-9.779313812E0
3.033604525E1,-1.249900818E-1,3.475772095E-1,-9.796528015E0
3.034610125E1,1.817221069E-1,1.938468933E-1,-9.787846069E0
3.035615625E1,5.718109131E-2,1.805245972E-1,-9.786648560E0
3.036621125E1,3.876937866E-2,1.637594604E-1,-9.783804474E0
3.037626725E1,1.022373962E-1,1.350192261E-1,-9.784253540E0
3.038632225E1,1.342707825E-1,1.514849854E-1,-9.787397003E0
3.039637725E1,1.769320679E-1,1.716929626E-1,-9.799521790E0
3.040643225E1,2.263293457E-1,1.751358032E-1,-9.789193268E0
3.041648825E1,2.936892700E-1,1.679507446E-1,-9.797126770E0
3.042654325E1,2.850073242E-1,1.927990723E-1,-9.789492645E0
3.043659825E1,1.478924561E-1,2.571652222E-1,-9.787846069E0
3.044665325E1,1.166075134E-1,3.077600098E-1,-9.795480194E0
3.045670925E1,1.308279419E-1,2.960842896E-1,-9.788893890E0
3.046676425E1,1.019380188E-1,2.387535095E-1,-9.792336731E0
3.047681925E1,8.337661743E-2,2.118095398E-1,-9.788295135E0
3.048687425E1,6.855743408E-2,1.676513672E-1,-9.785001984E0
3.049693025E1,2.185455322E-2,1.498384094E-1,-9.787097626E0
3.050698525E1,6.002517700E-2,1.475930786E-1,-9.790690155E0
3.051704025E1,1.332229614E-1,1.468446350E-1,-9.782008209E0
3.052709525E1,1.438508606E-1,1.820214844E-1,-9.783654785E0
3.053715125E1,1.374142456E-1,2.203417969E-1,-9.786199493E0
3.054720625E1,1.507365417E-1,2.427951050E-1,-9.796977081E0
3.055726125E1,1.468446350E-1,2.356100464E-1,-9.791737976E0
3.056731725E1,5.239105225E-2,1.270857239E-1,-9.783056030E0
3.057737225E1,-6.975494385E-2,3.143463135E-3,-9.778116302E0
3.058742725E1,-5.403762817E-2,8.202941895E-2,-9.778864746E0
3.059748225E1,-7.813751221E-2,1.204994202E-1,-9.789792023E0
3.060753825E1,1.080752563E-1,2.119592285E-1,-9.788145447E0
3.061759325E1,1.800755310E-1,2.972817993E-1,-9.788594513E0
3.062764825E1,3.620970154E-1,3.758683777E-1,-9.784852295E0
3.063770325E1,4.746629333E-1,3.568579102E-1,-9.782157898E0
3.064775925E1,3.643423462E-1,3.100053406E-1,-9.791288910E0
3.065781425E1,1.374142456E-1,1.824705505E-1,-9.797875214E0
3.066786925E1,1.272354126E-1,1.571731567E-1,-9.797126770E0
3.067792425E1,1.411564636E-1,1.017883301E-1,-9.772727509E0
3.068798025E1,1.360670471E-1,1.170565796E-1,-9.781858521E0
3.069803525E1,1.383123779E-1,1.648072815E-1,-9.794582062E0
3.070809025E1,1.463955688E-1,1.920506287E-1,-9.782756653E0
3.071814525E1,1.389111328E-1,2.213896179E-1,-9.786349182E0
3.072820125E1,1.425036621E-1,2.381547546E-1,-9.802814941E0
3.073825625E1,1.538800049E-1,2.525248718E-1,-9.784253540E0
3.074831125E1,1.431024170E-1,2.609074402E-1,-9.788444824E0
3.075836725E1,1.369651794E-1,2.359094238E-1,-9.789193268E0
3.076842225E1,1.402583313E-1,1.800755310E-1,-9.790241089E0
3.077847725E1,1.347198486E-1,1.532812500E-1,-9.785001984E0
3.078853225E1,1.438508606E-1,1.549278259E-1,-9.781110077E0
3.079858825E1,1.306782532E-1,1.734892273E-1,-9.791588287E0
3.080864325E1,1.353186035E-1,2.011816406E-1,-9.785451050E0
3.081869825E1,1.432521057E-1,2.118095398E-1,-9.785001984E0
3.082875325E1,1.441502380E-1,2.115101624E-1,-9.795031128E0
3.083880925E1,1.514849854E-1,2.299218750E-1,-9.799521790E0
3.084886425E1,1.425036621E-1,2.231858826E-1,-9.787995758E0
3.085891925E1,1.487905884E-1,2.116598511E-1,-9.784852295E0
3.086897425E1,1.378633118E-1,1.927990723E-1,-9.783355408E0
3.087903025E1,1.422042847E-1,1.742376709E-1,-9.777816925E0
3.088908525E1,1.381626892E-1,1.634600830E-1,-9.787247314E0
3.089914025E1,1.365161133E-1,1.607656860E-1,-9.799671478E0
3.090919525E1,1.374142456E-1,1.589694214E-1,-9.789492645E0
3.091925125E1,1.365161133E-1,1.712438965E-1,-9.781259766E0
3.092930625E1,1.378633118E-1,1.966909790E-1,-9.785900116E0
3.093936125E1,1.502874756E-1,2.106120300E-1,-9.781559143E0
3.094941725E1,1.477427673E-1,2.264790344E-1,-9.795779572E0
3.095947225E1,1.447489929E-1,2.308200073E-1,-9.795629883E0
3.096952725E1,1.471440125E-1,2.360591125E-1,-9.792336731E0
3.097958225E1,1.525328064E-1,2.359094238E-1,-9.791887665E0
3.098963825E1,1.495390320E-1,2.345622253E-1,-9.788594513E0
3.099969325E1,1.514849854E-1,2.070195007E-1,-9.790839844E0
3.100974825E1,1.447489929E-1,1.785786438E-1,-9.782606964E0
3.101980325E1,1.399589539E-1,1.633103943E-1,-9.784403229E0
3.102985925E1,1.380130005E-1,1.598675537E-1,-9.786798248E0
3.103991425E1,1.408570862E-1,1.755848694E-1,-9.788594513E0
3.104996925E1,1.428030396E-1,1.998344421E-1,-9.796827393E0
3.106002425E1,1.410067749E-1,2.151026917E-1,-9.792486420E0
3.107008025E1,1.481918335E-1,2.267784119E-1,-9.795330505E0
3.108013525E1,1.469943237E-1,2.432441711E-1,-9.785151672E0
3.109018992E1,1.483415222E-1,2.490820312E-1,-9.791737976E0
3.110024492E1,1.495390320E-1,2.282752991E-1,-9.795031128E0
3.111030092E1,1.381626892E-1,1.998344421E-1,-9.784103851E0
3.112035592E1,1.293310547E-1,1.871109009E-1,-9.789342957E0
3.113041092E1,1.410067749E-1,1.700463867E-1,-9.792785797E0
3.114046692E1,1.315763855E-1,1.745370483E-1,-9.791438599E0
3.115052192E1,1.472937012E-1,1.951940918E-1,-9.786049805E0
3.116057692E1,1.517843628E-1,2.037263489E-1,-9.788893890E0
3.117063192E1,1.501377869E-1,2.197430420E-1,-9.789043579E0
3.118068792E1,1.471440125E-1,2.171983337E-1,-9.790390778E0
3.119074292E1,1.483415222E-1,2.165995789E-1,-9.792785797E0
3.120079792E1,1.420545959E-1,2.104623413E-1,-9.797426147E0
3.121085292E1,1.428030396E-1,2.028282166E-1,-9.787397003E0
3.122090892E1,1.448986816E-1,1.929487610E-1,-9.788145447E0
3.123096392E1,1.414558411E-1,1.910028076E-1,-9.791887665E0
3.124101892E1,1.407073975E-1,1.944456482E-1,-9.792187042E0
3.125107392E1,1.398092651E-1,1.924996948E-1,-9.788444824E0
3.126112992E1,1.323248291E-1,1.966909790E-1,-9.787846069E0
3.127118492E1,1.359173584E-1,1.892065430E-1,-9.791588287E0
3.128123992E1,1.405577087E-1,1.794767761E-1,-9.788893890E0
3.129129492E1,1.365161133E-1,1.797761536E-1,-9.789941711E0
3.130135092E1,1.407073975E-1,1.847158813E-1,-9.784702606E0
3.131140592E1,1.389111328E-1,1.938468933E-1,-9.785600739E0
3.132146092E1,1.330732727E-1,2.112107849E-1,-9.788893890E0
3.133151692E1,1.438508606E-1,2.245330811E-1,-9.794582062E0
3.134157192E1,1.357676697E-1,2.257305908E-1,-9.791139221E0
3.135162692E1,1.380130005E-1,2.074685669E-1,-9.789492645E0
3.136168192E1,1.359173584E-1,1.930984497E-1,-9.792486420E0
3.137173792E1,1.398092651E-1,1.757345581E-1,-9.788594513E0
3.138179292E1,1.372645569E-1,1.742376709E-1,-9.794432373E0
3.139184792E1,1.402583313E-1,1.803749084E-1,-9.787097626E0
3.140190292E1,1.426533508E-1,2.019300842E-1,-9.798623657E0
3.141195892E1,1.381626892E-1,2.151026917E-1,-9.790839844E0
3.142201392E1,1.392105103E-1,2.222877502E-1,-9.795929260E0
3.143206892E1,1.434017944E-1,2.210902405E-1,-9.790839844E0
3.144212392E1,1.441502380E-1,2.134561157E-1,-9.792935486E0
3.145217992E1,1.401086426E-1,1.923500061E-1,-9.790690155E0
3.146223492E1,1.360670471E-1,1.666035461E-1,-9.791438599E0
3.147228992E1,1.351689148E-1,1.501377869E-1,-9.785001984E0
3.148234592E1,1.377136230E-1,1.592687988E-1,-9.787546692E0
3.149240092E1,1.435514832E-1,1.692979431E-1,-9.793534241E0
3.150245592E1,1.383123779E-1,1.971400452E-1,-9.790690155E0
3.151251092E1,1.353186035E-1,2.158511353E-1,-9.793384552E0
3.152256692E1,1.422042847E-1,2.348616028E-1,-9.785151672E0
3.153262192E1,1.438508606E-1,2.628533936E-1,-9.792486420E0
3.154267692E1,1.486408997E-1,2.619552612E-1,-9.792336731E0
3.155273192E1,1.492396545E-1,2.046244812E-1,-9.777218170E0
3.156278792E1,1.378633118E-1,1.598675537E-1,-9.789642334E0
3.157284292E1,1.398092651E-1,1.348695374E-1,-9.789193268E0
3.158289792E1,1.450483704E-1,1.308279419E-1,-9.800719299E0
3.159295292E1,1.434017944E-1,1.577719116E-1,-9.787696381E0
3.160300892E1,1.484912109E-1,1.694476318E-1,-9.771829376E0
3.161306392E1,1.612147522E-1,1.963916016E-1,-9.782756653E0
3.162311892E1,1.350192261E-1,2.460882568E-1,-9.786498871E0
3.163317492E1,1.365161133E-1,2.454895020E-1,-9.788444824E0
3.164322992E1,1.469943237E-1,2.344125366E-1,-9.794132996E0
3.165328492E1,1.399589539E-1,2.336640930E-1,-9.799222412E0
3.166333992E1,1.390608215E-1,2.151026917E-1,-9.789043579E0
3.167339592E1,1.460961914E-1,1.884580994E-1,-9.790839844E0
3.168345092E1,1.309776306E-1,1.749861145E-1,-9.779463501E0
3.169350592E1,1.426533508E-1,1.830693054E-1,-9.783355408E0
3.170356092E1,1.426533508E-1,1.987866211E-1,-9.793534241E0
3.171361692E1,1.487905884E-1,2.100132751E-1,-9.785750427E0
3.172367192E1,1.481918335E-1,2.279759216E-1,-9.793683929E0
3.173372692E1,1.444496155E-1,2.275268555E-1,-9.795779572E0
3.174378192E1,1.390608215E-1,2.168989563E-1,-9.789043579E0
3.175383792E1,1.475930786E-1,2.068698120E-1,-9.795629883E0
3.176389292E1,1.493893433E-1,2.071691895E-1,-9.794582062E0
3.177394792E1,1.508862305E-1,2.086660767E-1,-9.781559143E0
3.178400392E1,1.393601990E-1,1.914518738E-1,-9.786199493E0
3.179405892E1,1.417552185E-1,1.763333130E-1,-9.795031128E0
3.180411392E1,1.438508606E-1,1.805245972E-1,-9.789193268E0
3.181416892E1,1.356179810E-1,1.863624573E-1,-9.784702606E0
3.182422492E1,1.363664246E-1,1.877096558E-1,-9.779912567E0
3.183427992E1,1.423539734E-1,1.853146362E-1,-9.788145447E0
3.184433492E1,1.416055298E-1,1.930984497E-1,-9.798174591E0
3.185438992E1,1.380130005E-1,1.950444031E-1,-9.793384552E0
3.186444592E1,1.513352966E-1,2.047741699E-1,-9.792935486E0
3.187450092E1,1.478924561E-1,2.145039368E-1,-9.796228638E0
3.188455592E1,1.423539734E-1,1.984872437E-1,-9.796078949E0
3.189461092E1,1.422042847E-1,1.975891113E-1,-9.788295135E0
3.190466692E1,1.342707825E-1,1.939965820E-1,-9.788744202E0
3.191472192E1,1.426533508E-1,1.910028076E-1,-9.790241089E0
3.192477692E1,1.422042847E-1,1.835183716E-1,-9.787995758E0
3.193483192E1,1.387614441E-1,1.866618347E-1,-9.785451050E0
3.194488792E1,1.435514832E-1,1.917512512E-1,-9.784702606E0
3.195494292E1,1.399589539E-1,2.047741699E-1,-9.788145447E0
3.196499792E1,1.477427673E-1,2.088157654E-1,-9.787247314E0
3.197505392E1,1.389111328E-1,2.122586060E-1,-9.785600739E0
3.198510892E1,1.410067749E-1,2.070195007E-1,-9.793683929E0
3.199516392E1,1.507365417E-1,1.969903564E-1,-9.789193268E0
3.200521892E1,1.465452576E-1,1.957928467E-1,-9.782756653E0
3.201527492E1,1.416055298E-1,2.014810181E-1,-9.777068481E0
3.202532992E1,1.350192261E-1,1.944456482E-1,-9.793234863E0
3.203538492E1,1.390608215E-1,1.883084106E-1,-9.792037354E0
3.204543992E1,1.356179810E-1,1.793270874E-1,-9.788145447E0
3.205549592E1,1.437011719E-1,1.862127686E-1,-9.786648560E0
3.206555092E1,1.466949463E-1,1.956431580E-1,-9.791887665E0
3.207560592E1,1.389111328E-1,2.031275940E-1,-9.782457275E0
3.208566104E1,1.517843628E-1,2.050735474E-1,-9.777517548E0
3.209571704E1,1.489402771E-1,2.046244812E-1,-9.790390778E0
3.210577204E1,1.474433899E-1,1.975891113E-1,-9.783654785E0
3.211582704E1,1.357676697E-1,2.034269714E-1,-9.793384552E0
3.212588304E1,1.347198486E-1,2.019300842E-1,-9.795929260E0
3.213593804E1,1.330732727E-1,1.938468933E-1,-9.793833618E0
3.214599304E1,1.398092651E-1,1.927990723E-1,-9.787097626E0
3.215604804E1,1.489402771E-1,1.948947144E-1,-9.792636108E0
3.216610404E1,1.448986816E-1,2.044747925E-1,-9.788744202E0
3.217615904E1,1.498384094E-1,2.068698120E-1,-9.789941711E0
3.218621404E1,1.498384094E-1,1.998344421E-1,-9.796827393E0
3.219626904E1,1.481918335E-1,2.010319519E-1,-9.790989532E0
3.220632504E1,1.404080200E-1,2.025288391E-1,-9.783056030E0
3.221638004E1,1.413061523E-1,2.046244812E-1,-9.781259766E0
3.222643504E1,1.404080200E-1,2.043251038E-1,-9.780511322E0
3.223649104E1,1.422042847E-1,1.963916016E-1,-9.793683929E0
3.224654604E1,1.392105103E-1,1.975891113E-1,-9.789792023E0
3.225660104E1,1.457968140E-1,1.956431580E-1,-9.790241089E0
3.226665604E1,1.362167358E-1,1.975891113E-1,-9.792336731E0
3.227671204E1,1.359173584E-1,1.932481384E-1,-9.793983307E0
3.228676704E1,1.457968140E-1,2.023791504E-1,-9.787846069E0
3.229682204E1,1.440005493E-1,2.005828857E-1,-9.792486420E0
3.230687704E1,1.466949463E-1,1.953437805E-1,-9.795180817E0
3.231693304E1,1.425036621E-1,1.966909790E-1,-9.793384552E0
3.232698804E1,1.359173584E-1,1.950444031E-1,-9.803413696E0
3.233704304E1,1.393601990E-1,1.996847534E-1,-9.786798248E0
3.234709804E1,1.396595764E-1,1.951940918E-1,-9.782008209E0
3.235715404E1,1.398092651E-1,1.956431580E-1,-9.778415680E0
3.236720904E1,1.407073975E-1,1.968406677E-1,-9.785001984E0
3.237726404E1,1.368154907E-1,2.007325745E-1,-9.797276459E0
3.238732004E1,1.371148682E-1,2.008822632E-1,-9.777068481E0
3.239737504E1,1.526824951E-1,1.947450256E-1,-9.780960388E0
3.240743004E1,1.374142456E-1,1.968406677E-1,-9.785301361E0
3.241748504E1,1.395098877E-1,1.992356873E-1,-9.801018677E0
3.242754104E1,1.480421448E-1,1.986369324E-1,-9.794132996E0
3.243759604E1,1.519340515E-1,1.969903564E-1,-9.797725525E0
3.244765104E1,1.405577087E-1,1.963916016E-1,-9.790989532E0
3.245770604E1,1.466949463E-1,1.957928467E-1,-9.785600739E0
3.246776204E1,1.432521057E-1,2.046244812E-1,-9.793534241E0
3.247781704E1,1.411564636E-1,1.963916016E-1,-9.785151672E0
3.248787204E1,1.453477478E-1,2.029779053E-1,-9.782307587E0
3.249792804E1,1.335223389E-1,1.990859985E-1,-9.797875214E0
3.250798304E1,1.383123779E-1,2.053729248E-1,-9.782157898E0
3.251803804E1,1.489402771E-1,1.992356873E-1,-9.792935486E0
3.252809304E1,1.444496155E-1,1.951940918E-1,-9.794432373E0
3.253814904E1,1.429527283E-1,2.085163879E-1,-9.793983307E0
3.254820404E1,1.496887207E-1,2.113604736E-1,-9.786648560E0
3.255825904E1,1.357676697E-1,2.106120300E-1,-9.786049805E0
3.256831404E1,1.490899658E-1,2.085163879E-1,-9.787397003E0
3.257837004E1,1.460961914E-1,1.962419128E-1,-9.786349182E0
3.258842504E1,1.438508606E-1,2.002835083E-1,-9.786199493E0
3.259848004E1,1.496887207E-1,1.945953369E-1,-9.781858521E0
3.260853504E1,1.401086426E-1,1.889071655E-1,-9.792935486E0
3.261859104E1,1.353186035E-1,1.905537415E-1,-9.792486420E0
3.262864604E1,1.423539734E-1,1.895059204E-1,-9.788744202E0
3.263870104E1,1.372645569E-1,1.842668152E-1,-9.785900116E0
3.264875704E1,1.381626892E-1,1.916015625E-1,-9.790540466E0
3.265881204E1,1.401086426E-1,2.011816406E-1,-9.792037354E0
3.266886704E1,1.353186035E-1,2.077679443E-1,-9.796228638E0
3.267892204E1,1.419049072E-1,2.091151428E-1,-9.791288910E0
3.268897804E1,1.463955688E-1,2.035766602E-1,-9.793085175E0
3.269903304E1,1.474433899E-1,1.989363098E-1,-9.783355408E0
3.270908804E1,1.372645569E-1,2.034269714E-1,-9.787247314E0
3.271914304E1,1.437011719E-1,2.050735474E-1,-9.784702606E0
3.272919904E1,1.486408997E-1,1.978884888E-1,-9.785750427E0
3.273925404E1,1.395098877E-1,1.987866211E-1,-9.787097626E0
3.274930904E1,1.336720276E-1,1.922003174E-1,-9.794731750E0
3.275936504E1,1.392105103E-1,1.936972046E-1,-9.793534241E0
3.276942004E1,1.311273193E-1,2.022294617E-1,-9.793833618E0
3.277947504E1,1.399589539E-1,2.025288391E-1,-9.786798248E0
3.278953004E1,1.396595764E-1,1.950444031E-1,-9.787397003E0
3.279958604E1,1.487905884E-1,2.016307068E-1,-9.795031128E0
3.280964104E1,1.393601990E-1,2.034269714E-1,-9.792636108E0
3.281969604E1,1.444496155E-1,1.984872437E-1,-9.789193268E0
3.282975104E1,1.434017944E-1,2.013313293E-1,-9.790390778E0
3.283980704E1,1.454974365E-1,2.074685669E-1,-9.792636108E0
3.284986204E1,1.538800049E-1,2.053729248E-1,-9.789342957E0
3.285991704E1,1.556762695E-1,2.028282166E-1,-9.783505096E0
3.286997304E1,1.318757629E-1,2.032772827E-1,-9.785001984E0
3.288002804E1,1.442999268E-1,1.956431580E-1,-9.787247314E0
3.289008304E1,1.440005493E-1,1.983375549E-1,-9.780062256E0
3.290013804E1,1.454974365E-1,1.877096558E-1,-9.780511322E0
3.291019404E1,1.460961914E-1,1.930984497E-1,-9.794132996E0
3.292024904E1,1.456471252E-1,1.999841309E-1,-9.789342957E0
3.293030404E1,1.442999268E-1,2.052232361E-1,-9.783954163E0
3.294035904E1,1.357676697E-1,1.990859985E-1,-9.790540466E0
3.295041504E1,1.353186035E-1,2.026785278E-1,-9.792785797E0
3.296047004E1,1.441502380E-1,2.040257263E-1,-9.794881439E0
3.297052504E1,1.519340515E-1,1.953437805E-1,-9.787995758E0
3.298058004E1,1.389111328E-1,2.013313293E-1,-9.787696381E0
3.299063604E1,1.393601990E-1,1.877096558E-1,-9.793983307E0
3.300069104E1,1.423539734E-1,1.910028076E-1,-9.787696381E0
3.301074604E1,1.429527283E-1,1.809736633E-1,-9.785900116E0
3.302080204E1,1.363664246E-1,1.904040527E-1,-9.787696381E0
3.303085704E1,1.428030396E-1,1.856140137E-1,-9.788295135E0
3.304091204E1,1.435514832E-1,1.803749084E-1,-9.795929260E0
3.305096704E1,1.416055298E-1,1.917512512E-1,-9.792336731E0
3.306102304E1,1.401086426E-1,2.160008240E-1,-9.789492645E0
3.307107804E1,1.448986816E-1,2.203417969E-1,-9.792336731E0
3.308113304E1,1.384620667E-1,2.189945984E-1,-9.789193268E0
3.309118825E1,1.426533508E-1,2.210902405E-1,-9.784852295E0
3.310124425E1,1.374142456E-1,2.154020691E-1,-9.786199493E0
3.311129925E1,1.393601990E-1,2.080673218E-1,-9.789492645E0
3.312135425E1,1.516346741E-1,1.947450256E-1,-9.777367859E0
3.313141025E1,1.457968140E-1,1.863624573E-1,-9.792336731E0
3.314146525E1,1.419049072E-1,1.791773987E-1,-9.788295135E0
3.315152025E1,1.395098877E-1,1.782792664E-1,-9.786498871E0
3.316157525E1,1.454974365E-1,1.896556091E-1,-9.790690155E0
3.317163125E1,1.493893433E-1,1.998344421E-1,-9.789941711E0
3.318168625E1,1.471440125E-1,2.136058044E-1,-9.801767120E0
3.319174125E1,1.440005493E-1,2.192939758E-1,-9.793234863E0
3.320179625E1,1.419049072E-1,2.077679443E-1,-9.779762878E0
3.321185225E1,1.423539734E-1,2.044747925E-1,-9.794881439E0
3.322190725E1,1.389111328E-1,1.841171265E-1,-9.794132996E0
3.323196225E1,1.264869690E-1,1.290316772E-1,-9.787546692E0
3.324201825E1,1.353186035E-1,1.666035461E-1,-9.789492645E0
3.325207325E1,1.510359192E-1,2.008822632E-1,-9.787846069E0
3.326212825E1,1.434017944E-1,2.215393066E-1,-9.788893890E0
3.327218325E1,1.401086426E-1,2.363584900E-1,-9.790989532E0
3.328223925E1,1.437011719E-1,2.471360779E-1,-9.784403229E0
3.329229425E1,1.504371643E-1,2.257305908E-1,-9.782606964E0
3.330234925E1,1.426533508E-1,2.121089172E-1,-9.777517548E0
3.331240425E1,1.336720276E-1,1.972897339E-1,-9.780511322E0
3.332246025E1,1.372645569E-1,1.862127686E-1,-9.794881439E0
3.333251525E1,1.440005493E-1,1.848655701E-1,-9.794582062E0
3.334257025E1,1.448986816E-1,1.637594604E-1,-9.786947937E0
3.335262525E1,1.381626892E-1,1.742376709E-1,-9.783355408E0
3.336268125E1,1.365161133E-1,1.706451416E-1,-9.787097626E0
3.337273625E1,1.381626892E-1,1.685494995E-1,-9.789941711E0
3.338279125E1,1.419049072E-1,1.823208618E-1,-9.789941711E0
3.339284725E1,1.453477478E-1,1.815724182E-1,-9.787846069E0
3.340290225E1,1.487905884E-1,1.962419128E-1,-9.785151672E0
3.341295725E1,1.463955688E-1,2.019300842E-1,-9.781259766E0
3.342301225E1,1.432521057E-1,1.836680603E-1,-9.797725525E0
3.343306825E1,1.350192261E-1,1.865121460E-1,-9.786349182E0
3.344312325E1,1.435514832E-1,2.050735474E-1,-9.789941711E0
3.345317825E1,1.437011719E-1,2.008822632E-1,-9.799072723E0
3.346323325E1,1.445993042E-1,1.959425354E-1,-9.792935486E0
3.347328925E1,1.441502380E-1,1.963916016E-1,-9.794432373E0
3.348334425E1,1.416055298E-1,2.028282166E-1,-9.796228638E0
3.349339925E1,1.362167358E-1,1.902543640E-1,-9.788744202E0
3.350345525E1,1.341210938E-1,1.950444031E-1,-9.789941711E0
3.351351025E1,1.380130005E-1,2.016307068E-1,-9.790690155E0
3.352356525E1,1.519340515E-1,1.963916016E-1,-9.790690155E0
3.353362025E1,1.475930786E-1,2.136058044E-1,-9.790091400E0
3.354367625E1,1.504371643E-1,2.207908630E-1,-9.776020660E0
3.355373125E1,1.441502380E-1,2.124082947E-1,-9.787247314E0
3.356378625E1,1.407073975E-1,2.019300842E-1,-9.792187042E0
3.357384125E1,1.399589539E-1,1.902543640E-1,-9.787696381E0
3.358389725E1,1.484912109E-1,1.818717957E-1,-9.782906342E0
3.359395225E1,1.523831177E-1,1.914518738E-1,-9.791288910E0
3.360400725E1,1.438508606E-1,2.035766602E-1,-9.786049805E0
3.361406325E1,1.450483704E-1,2.168989563E-1,-9.780960388E0
3.362411825E1,1.567240906E-1,2.065704346E-1,-9.776320038E0
3.363417325E1,1.468446350E-1,2.013313293E-1,-9.791438599E0
3.364422825E1,1.390608215E-1,2.013313293E-1,-9.782008209E0
3.365428425E1,1.420545959E-1,1.799258423E-1,-9.799372101E0
3.366433925E1,1.392105103E-1,1.868115234E-1,-9.795330505E0
3.367439425E1,1.350192261E-1,1.914518738E-1,-9.786498871E0
3.368445025E1,1.511856079E-1,1.939965820E-1,-9.790241089E0
3.369450525E1,1.477427673E-1,2.034269714E-1,-9.778116302E0
3.370456025E1,1.411564636E-1,2.116598511E-1,-9.795929260E0
3.371461525E1,1.562750244E-1,2.222877502E-1,-9.785301361E0
3.372467125E1,1.471440125E-1,2.207908630E-1,-9.791887665E0
3.373472625E1,1.360670471E-1,2.130070496E-1,-9.791438599E0
3.374478125E1,1.440005493E-1,2.074685669E-1,-9.776918793E0
3.375483625E1,1.444496155E-1,2.043251038E-1,-9.785301361E0
3.376489225E1,1.437011719E-1,2.032772827E-1,-9.787097626E0
3.377494725E1,1.422042847E-1,1.944456482E-1,-9.786498871E0
3.378500225E1,1.426533508E-1,1.758842468E-1,-9.793085175E0
3.379505725E1,1.437011719E-1,1.700463867E-1,-9.797575836E0
3.380511325E1,1.387614441E-1,1.764830017E-1,-9.797126770E0
3.381516825E1,1.437011719E-1,1.971400452E-1,-9.787247314E0
3.382522325E1,1.401086426E-1,2.065704346E-1,-9.776469727E0
3.383527925E1,1.460961914E-1,2.124082947E-1,-9.795480194E0
3.384533425E1,1.451980591E-1,2.095642090E-1,-9.790690155E0
3.385538925E1,1.422042847E-1,2.201921082E-1,-9.787247314E0
3.386544425E1,1.437011719E-1,2.019300842E-1,-9.792785797E0
3.387550025E1,1.434017944E-1,1.877096558E-1,-9.789043579E0
3.388555525E1,1.318757629E-1,1.757345581E-1,-9.795330505E0
3.389561025E1,1.413061523E-1,1.799258423E-1,-9.793833618E0
3.390566525E1,1.360670471E-1,1.821711731E-1,-9.800120544E0
3.391572125E1,1.359173584E-1,1.859133911E-1,-9.782157898E0
3.392577625E1,1.432521057E-1,1.902543640E-1,-9.786049805E0
3.393583125E1,1.453477478E-1,1.999841309E-1,-9.787097626E0
3.394588725E1,1.505868530E-1,2.035766602E-1,-9.793683929E0
3.395594225E1,1.396595764E-1,2.007325745E-1,-9.789941711E0
3.396599725E1,1.417552185E-1,1.954934692E-1,-9.791288910E0
3.397605225E1,1.392105103E-1,1.987866211E-1,-9.794132996E0
3.398610825E1,1.393601990E-1,1.981878662E-1,-9.787397003E0
3.399616325E1,1.432521057E-1,1.911524963E-1,-9.785001984E0
3.400621825E1,1.487905884E-1,1.859133911E-1,-9.788893890E0
3.401627325E1,1.426533508E-1,1.936972046E-1,-9.786498871E0
3.402632925E1,1.471440125E-1,1.923500061E-1,-9.781708832E0
3.403638425E1,1.444496155E-1,1.995350647E-1,-9.790390778E0
3.404643925E1,1.308279419E-1,2.055226135E-1,-9.792336731E0
3.405649525E1,1.444496155E-1,2.140548706E-1,-9.788594513E0
3.406655025E1,1.463955688E-1,2.049238586E-1,-9.787995758E0
3.407660525E1,1.487905884E-1,1.939965820E-1,-9.782606964E0
3.408666050E1,1.372645569E-1,1.803749084E-1,-9.783954163E0
3.409671650E1,1.347198486E-1,1.692979431E-1,-9.790690155E0
3.410677150E1,1.423539734E-1,1.791773987E-1,-9.786049805E0
3.411682650E1,1.453477478E-1,1.992356873E-1,-9.785600739E0
3.412688150E1,1.444496155E-1,2.174977112E-1,-9.791588287E0
3.413693750E1,1.474433899E-1,2.287243652E-1,-9.802964630E0
3.414699250E1,1.444496155E-1,2.216889954E-1,-9.790390778E0
3.415704750E1,1.437011719E-1,2.050735474E-1,-9.789193268E0
3.416710350E1,1.404080200E-1,1.993853760E-1,-9.778265991E0
3.417715850E1,1.431024170E-1,1.922003174E-1,-9.778415680E0
3.418721350E1,1.423539734E-1,1.832189941E-1,-9.795330505E0
3.419726850E1,1.414558411E-1,1.809736633E-1,-9.797126770E0
3.420732450E1,1.484912109E-1,1.824705505E-1,-9.794282684E0
3.421737950E1,1.510359192E-1,1.935475159E-1,-9.792336731E0
3.422743450E1,1.392105103E-1,2.155517578E-1,-9.788744202E0
3.423748950E1,1.434017944E-1,2.098635864E-1,-9.790839844E0
3.424754550E1,1.440005493E-1,1.992356873E-1,-9.791438599E0
3.425760050E1,1.332229614E-1,1.850152588E-1,-9.790390778E0
3.426765550E1,1.398092651E-1,1.877096558E-1,-9.783355408E0
3.427771150E1,1.437011719E-1,1.869612122E-1,-9.791288910E0
3.428776650E1,1.474433899E-1,1.963916016E-1,-9.794432373E0
3.429782150E1,1.402583313E-1,2.106120300E-1,-9.791288910E0
3.430787650E1,1.428030396E-1,2.073188782E-1,-9.787397003E0
3.431793250E1,1.444496155E-1,1.689985657E-1,-9.799372101E0
3.432798750E1,1.532812500E-1,1.234931946E-1,-9.794282684E0
3.433804250E1,1.454974365E-1,1.960922241E-1,-9.789492645E0
3.434809750E1,1.378633118E-1,2.484832764E-1,-9.787546692E0
3.435815350E1,1.441502380E-1,1.070274353E-1,-9.778415680E0
3.436820850E1,1.866618347E-1,9.325607300E-2,-9.788893890E0
3.437826350E1,1.704954529E-1,2.073188782E-1,-9.786349182E0
3.438831950E1,1.405577087E-1,2.381547546E-1,-9.787397003E0
3.439837450E1,1.323248291E-1,2.347119141E-1,-9.792935486E0
3.440842950E1,1.272354126E-1,2.245330811E-1,-9.788744202E0
3.441848450E1,1.231938171E-1,2.357597351E-1,-9.787247314E0
3.442854050E1,1.160087585E-1,2.415975952E-1,-9.787546692E0
3.443859550E1,1.293310547E-1,2.296224976E-1,-9.796228638E0
3.444865050E1,1.369651794E-1,2.158511353E-1,-9.791139221E0
3.445870550E1,1.357676697E-1,2.134561157E-1,-9.784253540E0
3.446876150E1,1.440005493E-1,1.948947144E-1,-9.780361633E0
3.447881650E1,1.480421448E-1,1.956431580E-1,-9.783355408E0
3.448887150E1,1.360670471E-1,2.037263489E-1,-9.787546692E0
3.449892750E1,1.408570862E-1,2.074685669E-1,-9.798473969E0
3.450898250E1,1.420545959E-1,2.074685669E-1,-9.790989532E0
3.451903750E1,1.398092651E-1,2.052232361E-1,-9.796378326E0
3.452909250E1,1.453477478E-1,1.995350647E-1,-9.788893890E0
3.453914850E1,1.405577087E-1,2.025288391E-1,-9.787995758E0
3.454920350E1,1.390608215E-1,1.935475159E-1,-9.796528015E0
3.455925850E1,1.499880981E-1,1.820214844E-1,-9.799671478E0
3.456931350E1,1.419049072E-1,1.709445190E-1,-9.789642334E0
3.457936950E1,1.396595764E-1,1.788780212E-1,-9.780511322E0
3.458942450E1,1.468446350E-1,1.930984497E-1,-9.792336731E0
3.459947950E1,1.481918335E-1,2.044747925E-1,-9.794432373E0
3.460953550E1,1.490899658E-1,2.278262329E-1,-9.791139221E0
3.461959050E1,1.426533508E-1,2.257305908E-1,-9.793085175E0
3.462964550E1,1.501377869E-1,2.157014465E-1,-9.792336731E0
3.463970050E1,1.579216003E-1,1.975891113E-1,-9.791737976E0
3.464975650E1,1.555265808E-1,1.752854919E-1,-9.780361633E0
3.465981150E1,1.649569702E-1,1.667532349E-1,-9.786349182E0
3.466986650E1,1.922003174E-1,1.573228455E-1,-9.796078949E0
3.467992150E1,1.983375549E-1,1.498384094E-1,-9.788594513E0
3.468997750E1,2.338137817E-1,1.484912109E-1,-9.789043579E0
3.470003250E1,2.450404358E-1,1.634600830E-1,-9.787097626E0
3.471008750E1,2.182461548E-1,1.932481384E-1,-9.782906342E0
3.472014350E1,2.017803955E-1,2.133064270E-1,-9.787097626E0
3.473019850E1,1.589694214E-1,2.148033142E-1,-9.793384552E0
3.474025350E1,1.088237000E-1,2.204914856E-1,-9.780810699E0
3.475030850E1,8.666976929E-2,2.201921082E-1,-9.796677704E0
3.476036450E1,8.008346558E-2,1.945953369E-1,-9.790390778E0
3.477041950E1,8.098159790E-2,1.216969299E-1,-9.796378326E0
3.478047450E1,-6.301895142E-2,-1.425036621E-1,-9.813442841E0
3.479052950E1,-7.661068726E-1,-6.932084656E-1,-9.888436890E0
3.480058550E1,1.745370483E-1,1.254092102E0,-8.420888672E0
3.481064050E1,-1.815125427E0,3.708538055E0,-7.595505066E0
3.482069550E1,-2.968327332E-1,-8.000862122E-1,-1.010009674E1
3.483075150E1,9.083111572E-1,-1.076112213E0,-9.765392761E0
3.484080650E1,1.240919495E0,4.730163574E-2,-9.823921051E0
3.485086150E1,1.178499298E0,2.850073242E-1,-9.759255524E0
3.486091650E1,3.510200500E-1,-1.167572021E-1,-9.762997742E0
3.487097250E1,4.460723877E-2,-2.993774414E-3,-9.812694397E0
3.488102750E1,1.568737793E-1,1.675016785E-1,-9.799671478E0
3.489108250E1,1.336720276E-1,1.622625732E-1,-9.770781555E0
3.490113750E1,1.725910950E-1,2.013313293E-1,-9.802365875E0
3.491119350E1,1.842668152E-1,1.859133911E-1,-9.775122528E0
3.492124850E1,2.906954956E-1,1.366658020E-1,-9.783505096E0
3.493130350E1,5.403762817E-1,6.631210327E-2,-9.798923035E0
3.494135950E1,6.785389709E-1,6.765930176E-2,-9.791288910E0
3.495141450E1,4.535568237E-1,2.191442871E-1,-9.787995758E0
3.496146950E1,-2.245330811E-2,3.043171692E-1,-9.795031128E0
3.497152450E1,-2.436932373E-1,3.011737061E-1,-9.783804474E0
3.498158050E1,-2.502795410E-1,2.832110596E-1,-9.795929260E0
3.499163550E1,-1.154100037E-1,2.415975952E-1,-9.783954163E0
3.500169050E1,-2.544708252E-3,2.365081787E-1,-9.787846069E0
3.501174650E1,3.607498169E-2,2.326162720E-1,-9.789193268E0
3.502180150E1,1.187031555E-1,2.188449097E-1,-9.779762878E0
3.503185650E1,1.616638184E-1,2.188449097E-1,-9.784253540E0
3.504191150E1,1.404080200E-1,2.005828857E-1,-9.797276459E0
3.505196750E1,1.378633118E-1,1.835183716E-1,-9.785001984E0
3.506202250E1,1.330732727E-1,1.872605896E-1,-9.798324280E0
3.507207750E1,1.380130005E-1,1.835183716E-1,-9.783205719E0
3.508213250E1,1.411564636E-1,1.980381775E-1,-9.788145447E0
3.509218837E1,1.392105103E-1,2.095642090E-1,-9.786199493E0
3.510224337E1,1.429527283E-1,2.076182556E-1,-9.786648560E0
3.511229838E1,1.445993042E-1,2.031275940E-1,-9.789492645E0
3.512235438E1,1.351689148E-1,1.953437805E-1,-9.795629883E0
3.513240938E1,1.387614441E-1,1.892065430E-1,-9.795629883E0
3.514246437E1,1.442999268E-1,2.094145203E-1,-9.792037354E0
3.515251937E1,1.441502380E-1,2.163002014E-1,-9.783804474E0
3.516257537E1,1.362167358E-1,2.122586060E-1,-9.779014435E0
3.517263037E1,1.359173584E-1,2.067201233E-1,-9.777218170E0
3.518268538E1,1.371148682E-1,2.077679443E-1,-9.784403229E0
3.519274038E1,1.357676697E-1,2.041754150E-1,-9.779463501E0
3.520279638E1,1.456471252E-1,2.059716797E-1,-9.808652802E0
3.521285137E1,1.369651794E-1,1.983375549E-1,-9.761351166E0
3.522290637E1,1.396595764E-1,1.947450256E-1,-9.805060272E0
3.523296137E1,1.419049072E-1,2.076182556E-1,-9.790241089E0
3.524301737E1,1.434017944E-1,2.094145203E-1,-9.788295135E0
3.525307238E1,1.468446350E-1,2.115101624E-1,-9.783355408E0
3.526312738E1,1.460961914E-1,2.151026917E-1,-9.786798248E0
3.527318338E1,1.444496155E-1,2.067201233E-1,-9.790241089E0
3.528323837E1,1.387614441E-1,2.031275940E-1,-9.801018677E0
3.529329337E1,1.434017944E-1,1.913021851E-1,-9.791588287E0
3.530334837E1,1.463955688E-1,1.806742859E-1,-9.784103851E0
3.531340438E1,1.374142456E-1,1.722917175E-1,-9.791438599E0
3.532345938E1,1.380130005E-1,1.686991882E-1,-9.785451050E0
3.533351438E1,1.408570862E-1,1.844165039E-1,-9.783056030E0
3.534357038E1,1.417552185E-1,1.942959595E-1,-9.778116302E0
3.535362537E1,1.381626892E-1,1.956431580E-1,-9.792785797E0
3.536368037E1,1.348695374E-1,2.133064270E-1,-9.785451050E0
3.537373537E1,1.471440125E-1,2.047741699E-1,-9.788145447E0
3.538379138E1,1.435514832E-1,1.999841309E-1,-9.793234863E0
3.539384638E1,1.428030396E-1,1.987866211E-1,-9.779313812E0
3.540390138E1,1.451980591E-1,1.953437805E-1,-9.784552917E0
3.541395637E1,1.483415222E-1,1.910028076E-1,-9.796528015E0
3.542401237E1,1.459465027E-1,1.691482544E-1,-9.790091400E0
3.543406737E1,1.413061523E-1,1.758842468E-1,-9.782756653E0
3.544412237E1,1.425036621E-1,2.046244812E-1,-9.786947937E0
3.545417838E1,1.492396545E-1,2.055226135E-1,-9.798174591E0
3.546423338E1,1.419049072E-1,2.064207458E-1,-9.785750427E0
3.547428838E1,1.457968140E-1,2.107617188E-1,-9.785451050E0
3.548434337E1,1.425036621E-1,2.008822632E-1,-9.794881439E0
3.549439937E1,1.437011719E-1,1.987866211E-1,-9.791887665E0
3.550445437E1,1.456471252E-1,1.971400452E-1,-9.790390778E0
3.551450937E1,1.381626892E-1,1.950444031E-1,-9.785451050E0
3.552456438E1,1.460961914E-1,1.892065430E-1,-9.787546692E0
3.553462038E1,1.345701599E-1,1.899549866E-1,-9.789492645E0
3.554467538E1,1.360670471E-1,1.838177490E-1,-9.775272217E0
3.555473037E1,1.326242065E-1,1.872605896E-1,-9.803713074E0
3.556478637E1,1.281335449E-1,1.863624573E-1,-9.795629883E0
3.557484137E1,1.366658020E-1,1.938468933E-1,-9.785151672E0
3.558489638E1,1.359173584E-1,2.007325745E-1,-9.782157898E0
3.559495138E1,1.429527283E-1,2.149530029E-1,-9.789941711E0
3.560500738E1,1.423539734E-1,2.131567383E-1,-9.793384552E0
3.561506237E1,1.440005493E-1,2.183958435E-1,-9.793085175E0
3.562511737E1,1.392105103E-1,2.112107849E-1,-9.791288910E0
3.563517237E1,1.330732727E-1,1.905537415E-1,-9.791887665E0
3.564522837E1,1.369651794E-1,1.896556091E-1,-9.798773346E0
3.565528338E1,1.444496155E-1,1.848655701E-1,-9.792187042E0
3.566533838E1,1.448986816E-1,1.941462708E-1,-9.786798248E0
3.567539438E1,1.395098877E-1,1.933978271E-1,-9.779463501E0
3.568544937E1,1.378633118E-1,1.905537415E-1,-9.788444824E0
3.569550437E1,1.383123779E-1,1.960922241E-1,-9.794731750E0
3.570555937E1,1.440005493E-1,2.086660767E-1,-9.789941711E0
3.571561537E1,1.413061523E-1,2.118095398E-1,-9.779912567E0
3.572567038E1,1.368154907E-1,1.986369324E-1,-9.785900116E0
3.573572538E1,1.396595764E-1,1.907034302E-1,-9.801018677E0
3.574578038E1,1.453477478E-1,1.929487610E-1,-9.798923035E0
3.575583637E1,1.411564636E-1,1.914518738E-1,-9.792486420E0
3.576589137E1,1.435514832E-1,2.026785278E-1,-9.784403229E0
3.577594637E1,1.448986816E-1,2.168989563E-1,-9.789193268E0
3.578600237E1,1.393601990E-1,2.064207458E-1,-9.788594513E0
3.579605738E1,1.401086426E-1,2.029779053E-1,-9.774523773E0
3.580611238E1,1.486408997E-1,1.927990723E-1,-9.787546692E0
3.581616738E1,1.404080200E-1,1.932481384E-1,-9.794282684E0
3.582622337E1,1.451980591E-1,1.916015625E-1,-9.785301361E0
3.583627837E1,1.429527283E-1,1.922003174E-1,-9.784552917E0
3.584633337E1,1.440005493E-1,1.811233521E-1,-9.791737976E0
3.585638838E1,1.422042847E-1,2.002835083E-1,-9.797126770E0
3.586644438E1,1.389111328E-1,2.028282166E-1,-9.783355408E0
3.587649938E1,1.393601990E-1,2.080673218E-1,-9.786049805E0
3.588655437E1,1.380130005E-1,2.080673218E-1,-9.790839844E0
3.589661037E1,1.420545959E-1,1.972897339E-1,-9.782307587E0
3.590666537E1,1.438508606E-1,1.821711731E-1,-9.787097626E0
3.591672037E1,1.368154907E-1,1.851649475E-1,-9.779313812E0
3.592677538E1,1.457968140E-1,1.827699280E-1,-9.789642334E0
3.593683138E1,1.387614441E-1,1.968406677E-1,-9.787247314E0
3.594688638E1,1.450483704E-1,2.053729248E-1,-9.786798248E0
3.595694137E1,1.341210938E-1,2.043251038E-1,-9.788893890E0
3.596699637E1,1.416055298E-1,2.038760376E-1,-9.784253540E0
3.597705237E1,1.407073975E-1,2.002835083E-1,-9.779912567E0
3.598710737E1,1.405577087E-1,1.895059204E-1,-9.782906342E0
3.599716238E1,1.414558411E-1,1.899549866E-1,-9.793534241E0
3.600721838E1,1.345701599E-1,1.984872437E-1,-9.791588287E0
3.601727338E1,1.303788757E-1,2.007325745E-1,-9.789792023E0
3.602732837E1,1.429527283E-1,1.902543640E-1,-9.789342957E0
3.603738337E1,1.347198486E-1,1.941462708E-1,-9.789941711E0
3.604743937E1,1.465452576E-1,2.005828857E-1,-9.796677704E0
3.605749437E1,1.431024170E-1,2.055226135E-1,-9.798024902E0
3.606754938E1,1.438508606E-1,2.004331970E-1,-9.789193268E0
3.607760438E1,1.417552185E-1,1.966909790E-1,-9.785301361E0
3.608766038E1,1.440005493E-1,1.990859985E-1,-9.793534241E0
3.609771537E1,1.350192261E-1,1.969903564E-1,-9.779164124E0
3.610777037E1,1.493893433E-1,1.996847534E-1,-9.780960388E0
3.611782637E1,1.517843628E-1,1.995350647E-1,-9.787995758E0
3.612788138E1,1.511856079E-1,1.968406677E-1,-9.784852295E0
3.613793638E1,1.463955688E-1,2.008822632E-1,-9.784253540E0
3.614799138E1,1.377136230E-1,1.983375549E-1,-9.797875214E0
3.615804738E1,1.432521057E-1,1.996847534E-1,-9.788295135E0
3.616810237E1,1.528321838E-1,1.993853760E-1,-9.785001984E0
3.617815737E1,1.425036621E-1,2.014810181E-1,-9.786498871E0
3.618821237E1,1.408570862E-1,2.023791504E-1,-9.782157898E0
3.619826838E1,1.413061523E-1,2.064207458E-1,-9.784552917E0
3.620832338E1,1.377136230E-1,2.053729248E-1,-9.802515564E0
3.621837838E1,1.442999268E-1,1.969903564E-1,-9.787696381E0
3.622843437E1,1.408570862E-1,1.998344421E-1,-9.789193268E0
3.623848937E1,1.399589539E-1,1.878593445E-1,-9.790989532E0
3.624854437E1,1.401086426E-1,1.896556091E-1,-9.792486420E0
3.625859937E1,1.374142456E-1,1.908531189E-1,-9.786947937E0
3.626865538E1,1.372645569E-1,1.883084106E-1,-9.792935486E0
3.627871038E1,1.466949463E-1,1.896556091E-1,-9.782457275E0
3.628876538E1,1.408570862E-1,1.874102783E-1,-9.788594513E0
3.629882037E1,1.281335449E-1,1.916015625E-1,-9.789642334E0
3.630887637E1,1.363664246E-1,1.971400452E-1,-9.787546692E0
3.631893137E1,1.498384094E-1,2.025288391E-1,-9.787995758E0
3.632898638E1,1.501377869E-1,1.984872437E-1,-9.791438599E0
3.633904238E1,1.398092651E-1,1.962419128E-1,-9.781409454E0
3.634909738E1,1.474433899E-1,1.948947144E-1,-9.785151672E0
3.635915238E1,1.396595764E-1,1.890568542E-1,-9.791887665E0
3.636920737E1,1.468446350E-1,1.977388000E-1,-9.786648560E0
3.637926337E1,1.453477478E-1,1.936972046E-1,-9.789342957E0
3.638931837E1,1.372645569E-1,1.977388000E-1,-9.788295135E0
3.639937338E1,1.489402771E-1,1.935475159E-1,-9.792336731E0
3.640942938E1,1.490899658E-1,2.065704346E-1,-9.785451050E0
3.641948438E1,1.448986816E-1,2.011816406E-1,-9.784403229E0
3.642953937E1,1.505868530E-1,1.962419128E-1,-9.782157898E0
3.643959437E1,1.387614441E-1,1.969903564E-1,-9.789193268E0
3.644965037E1,1.374142456E-1,1.984872437E-1,-9.796528015E0
3.645970537E1,1.365161133E-1,1.951940918E-1,-9.783804474E0
3.646976038E1,1.350192261E-1,1.993853760E-1,-9.782157898E0
3.647981538E1,1.431024170E-1,2.070195007E-1,-9.790241089E0
3.648987138E1,1.448986816E-1,1.999841309E-1,-9.792037354E0
3.649992637E1,1.484912109E-1,2.020797729E-1,-9.790690155E0
3.650998137E1,1.451980591E-1,1.971400452E-1,-9.787397003E0
3.652003737E1,1.425036621E-1,2.062710571E-1,-9.786199493E0
3.653009237E1,1.411564636E-1,1.910028076E-1,-9.790241089E0
3.654014738E1,1.450483704E-1,1.890568542E-1,-9.788893890E0
3.655020238E1,1.411564636E-1,2.019300842E-1,-9.786498871E0
3.656025838E1,1.444496155E-1,1.959425354E-1,-9.782307587E0
3.657031337E1,1.462458801E-1,1.910028076E-1,-9.790839844E0
3.658036837E1,1.360670471E-1,1.899549866E-1,-9.794282684E0
3.659042337E1,1.383123779E-1,1.926493835E-1,-9.789193268E0
3.660047937E1,1.341210938E-1,1.899549866E-1,-9.788444824E0
3.661053438E1,1.419049072E-1,1.960922241E-1,-9.790839844E0
3.662058938E1,1.327738953E-1,2.004331970E-1,-9.788145447E0
3.663064538E1,1.347198486E-1,2.059716797E-1,-9.789941711E0
3.664070037E1,1.371148682E-1,2.037263489E-1,-9.783654785E0
3.665075537E1,1.341210938E-1,2.016307068E-1,-9.784253540E0
3.666081037E1,1.393601990E-1,2.016307068E-1,-9.784702606E0
3.667086638E1,1.437011719E-1,1.971400452E-1,-9.793983307E0
3.668092138E1,1.348695374E-1,1.983375549E-1,-9.792187042E0
3.669097638E1,1.401086426E-1,1.904040527E-1,-9.786947937E0
3.670103137E1,1.375639343E-1,1.823208618E-1,-9.780062256E0
3.671108737E1,1.416055298E-1,1.986369324E-1,-9.782307587E0
3.672114237E1,1.353186035E-1,2.002835083E-1,-9.788744202E0
3.673119737E1,1.489402771E-1,1.899549866E-1,-9.786798248E0
3.674125338E1,1.383123779E-1,2.046244812E-1,-9.787247314E0
3.675130838E1,1.447489929E-1,2.013313293E-1,-9.784103851E0
3.676136338E1,1.498384094E-1,2.043251038E-1,-9.783954163E0
3.677141837E1,1.425036621E-1,2.020797729E-1,-9.797276459E0
3.678147437E1,1.460961914E-1,1.966909790E-1,-9.792037354E0
3.679152937E1,1.417552185E-1,1.917512512E-1,-9.785900116E0
3.680158437E1,1.405577087E-1,1.854643250E-1,-9.781708832E0
3.681163938E1,1.381626892E-1,1.968406677E-1,-9.791588287E0
3.682169538E1,1.498384094E-1,1.893562317E-1,-9.793983307E0
3.683175038E1,1.428030396E-1,1.956431580E-1,-9.791887665E0
3.684180537E1,1.375639343E-1,1.920506287E-1,-9.780810699E0
3.685186137E1,1.402583313E-1,1.993853760E-1,-9.788594513E0
3.686191637E1,1.354682922E-1,2.091151428E-1,-9.785151672E0
3.687197138E1,1.440005493E-1,2.068698120E-1,-9.787397003E0
3.688202638E1,1.487905884E-1,1.905537415E-1,-9.783205719E0
3.689208238E1,1.462458801E-1,1.911524963E-1,-9.785600739E0
3.690213738E1,1.417552185E-1,1.829196167E-1,-9.778265991E0
3.691219237E1,1.416055298E-1,1.902543640E-1,-9.780211945E0
3.692224737E1,1.372645569E-1,2.080673218E-1,-9.790540466E0
3.693230337E1,1.523831177E-1,2.038760376E-1,-9.790540466E0
3.694235838E1,1.523831177E-1,2.026785278E-1,-9.785750427E0
3.695241338E1,1.368154907E-1,1.968406677E-1,-9.780211945E0
3.696246938E1,1.420545959E-1,1.968406677E-1,-9.790540466E0
3.697252437E1,1.399589539E-1,2.002835083E-1,-9.784253540E0
3.698257937E1,1.426533508E-1,1.980381775E-1,-9.789342957E0
3.699263437E1,1.440005493E-1,1.957928467E-1,-9.789193268E0
3.700269037E1,1.399589539E-1,1.916015625E-1,-9.792785797E0
3.701274538E1,1.441502380E-1,1.904040527E-1,-9.789642334E0
3.702280038E1,1.411564636E-1,1.930984497E-1,-9.784852295E0
3.703285538E1,1.405577087E-1,2.058219910E-1,-9.781559143E0
3.704291137E1,1.368154907E-1,2.089654541E-1,-9.787696381E0
3.705296637E1,1.329235840E-1,1.927990723E-1,-9.785451050E0
3.706302137E1,1.350192261E-1,1.926493835E-1,-9.789193268E0
3.707307737E1,1.410067749E-1,1.926493835E-1,-9.798324280E0
3.708313238E1,1.401086426E-1,1.959425354E-1,-9.785301361E0
3.709318763E1,1.393601990E-1,1.966909790E-1,-9.785151672E0
3.710324263E1,1.420545959E-1,1.978884888E-1,-9.791288910E0
3.711329863E1,1.401086426E-1,1.945953369E-1,-9.787696381E0
3.712335363E1,1.398092651E-1,1.953437805E-1,-9.789043579E0
3.713340862E1,1.414558411E-1,1.993853760E-1,-9.788893890E0
3.714346462E1,1.357676697E-1,2.020797729E-1,-9.783205719E0
3.715351962E1,1.393601990E-1,1.989363098E-1,-9.790839844E0
3.716357463E1,1.393601990E-1,1.975891113E-1,-9.787696381E0
3.717362963E1,1.451980591E-1,1.916015625E-1,-9.790390778E0
3.718368563E1,1.402583313E-1,1.950444031E-1,-9.789492645E0
3.719374062E1,1.404080200E-1,1.865121460E-1,-9.786498871E0
3.720379562E1,1.407073975E-1,1.980381775E-1,-9.790390778E0
3.721385062E1,1.344204712E-1,2.056723022E-1,-9.787247314E0
3.722390662E1,1.489402771E-1,1.975891113E-1,-9.792187042E0
3.723396163E1,1.341210938E-1,1.956431580E-1,-9.787397003E0
3.724401663E1,1.398092651E-1,1.981878662E-1,-9.785750427E0
3.725407263E1,1.420545959E-1,1.942959595E-1,-9.781559143E0
3.726412762E1,1.387614441E-1,1.883084106E-1,-9.796977081E0
3.727418262E1,1.354682922E-1,1.965412903E-1,-9.787696381E0
3.728423762E1,1.437011719E-1,1.942959595E-1,-9.788444824E0
3.729429362E1,1.429527283E-1,1.902543640E-1,-9.792187042E0
3.730434863E1,1.420545959E-1,1.969903564E-1,-9.782008209E0
3.731440363E1,1.398092651E-1,1.977388000E-1,-9.786199493E0
3.732445863E1,1.404080200E-1,2.071691895E-1,-9.787097626E0
3.733451462E1,1.434017944E-1,2.037263489E-1,-9.786199493E0
3.734456962E1,1.375639343E-1,1.959425354E-1,-9.790989532E0
3.735462462E1,1.438508606E-1,1.905537415E-1,-9.789043579E0
3.736468062E1,1.371148682E-1,1.916015625E-1,-9.785151672E0
3.737473563E1,1.359173584E-1,2.016307068E-1,-9.799222412E0
3.738479063E1,1.407073975E-1,2.038760376E-1,-9.793234863E0
3.739484563E1,1.435514832E-1,2.095642090E-1,-9.787397003E0
3.740490162E1,1.456471252E-1,2.052232361E-1,-9.781259766E0
3.741495662E1,1.465452576E-1,2.070195007E-1,-9.784103851E0
3.742501162E1,1.354682922E-1,2.110610962E-1,-9.783654785E0
3.743506763E1,1.365161133E-1,2.206411743E-1,-9.779313812E0
3.744512263E1,1.481918335E-1,2.146536255E-1,-9.788145447E0
3.745517763E1,1.445993042E-1,2.035766602E-1,-9.784852295E0
3.746523262E1,1.398092651E-1,2.034269714E-1,-9.788594513E0
3.747528862E1,1.416055298E-1,2.092648315E-1,-9.782008209E0
3.748534362E1,1.440005493E-1,2.146536255E-1,-9.791139221E0
3.749539862E1,1.380130005E-1,2.155517578E-1,-9.788893890E0
3.750545363E1,1.387614441E-1,1.972897339E-1,-9.782307587E0
3.751550963E1,1.360670471E-1,1.877096558E-1,-9.785600739E0
3.752556463E1,1.511856079E-1,1.775308228E-1,-9.787696381E0
3.753561962E1,1.390608215E-1,1.594184875E-1,-9.783056030E0
3.754567562E1,1.330732727E-1,1.556762695E-1,-9.792336731E0
3.755573062E1,1.426533508E-1,1.643582153E-1,-9.795330505E0
3.756578562E1,1.450483704E-1,1.676513672E-1,-9.784253540E0
3.757584063E1,1.413061523E-1,1.751358032E-1,-9.786947937E0
3.758589663E1,1.438508606E-1,1.929487610E-1,-9.786498871E0
3.759595163E1,1.493893433E-1,2.091151428E-1,-9.780960388E0
3.760600662E1,1.396595764E-1,2.191442871E-1,-9.792336731E0
3.761606162E1,1.450483704E-1,2.121089172E-1,-9.792785797E0
3.762611762E1,1.432521057E-1,1.956431580E-1,-9.796078949E0
3.763617263E1,1.344204712E-1,1.851649475E-1,-9.787247314E0
3.764622763E1,1.469943237E-1,1.926493835E-1,-9.790390778E0
3.765628363E1,1.419049072E-1,1.907034302E-1,-9.798923035E0
3.766633863E1,1.460961914E-1,1.809736633E-1,-9.793683929E0
3.767639362E1,1.487905884E-1,1.890568542E-1,-9.799222412E0
3.768644862E1,1.429527283E-1,1.990859985E-1,-9.787097626E0
3.769650462E1,1.351689148E-1,2.050735474E-1,-9.789342957E0
3.770655963E1,1.422042847E-1,1.960922241E-1,-9.783505096E0
3.771661463E1,1.712438965E-1,1.719923401E-1,-9.796528015E0
3.772666963E1,2.029779053E-1,1.540296936E-1,-9.779014435E0
3.773672562E1,2.296224976E-1,1.249900818E-1,-9.783355408E0
3.774678062E1,1.974394226E-1,1.540296936E-1,-9.788744202E0
3.775683562E1,1.309776306E-1,2.203417969E-1,-9.788744202E0
3.776689162E1,4.610412598E-2,2.809657288E-1,-9.786947937E0
3.777694663E1,5.837860107E-2,2.698887634E-1,-9.786798248E0
3.778700163E1,8.681945801E-2,2.504292297E-1,-9.778265991E0
3.779705663E1,1.118174744E-1,2.312690735E-1,-9.783954163E0
3.780711262E1,1.475930786E-1,2.219883728E-1,-9.790241089E0
3.781716762E1,1.402583313E-1,2.189945984E-1,-9.786498871E0
3.782722262E1,1.414558411E-1,2.170486450E-1,-9.783205719E0
3.783727862E1,1.450483704E-1,2.204914856E-1,-9.787546692E0
3.784733363E1,1.297801208E-1,2.195933533E-1,-9.785301361E0
3.785738863E1,1.230441284E-1,2.077679443E-1,-9.783954163E0
3.786744363E1,1.559756470E-1,1.589694214E-1,-9.783355408E0
3.787749962E1,1.689985657E-1,1.537303162E-1,-9.776170349E0
3.788755462E1,1.333726501E-1,1.869612122E-1,-9.793683929E0
3.789760962E1,1.484912109E-1,1.606159973E-1,-9.782307587E0
3.790766562E1,1.374142456E-1,1.555265808E-1,-9.780511322E0
3.791772063E1,1.399589539E-1,1.805245972E-1,-9.790390778E0
3.792777563E1,1.489402771E-1,1.987866211E-1,-9.791737976E0
3.793783063E1,1.568737793E-1,2.038760376E-1,-9.792785797E0
3.794788662E1,1.428030396E-1,2.082170105E-1,-9.790091400E0
3.795794162E1,1.320254517E-1,1.959425354E-1,-9.787247314E0
3.796799662E1,1.453477478E-1,1.923500061E-1,-9.780661011E0
3.797805163E1,1.505868530E-1,1.898052979E-1,-9.783205719E0
3.798810763E1,1.457968140E-1,1.775308228E-1,-9.784253540E0
3.799816263E1,1.393601990E-1,1.603166199E-1,-9.797126770E0
3.800821762E1,1.411564636E-1,1.752854919E-1,-9.787846069E0
3.801827362E1,1.513352966E-1,1.956431580E-1,-9.787696381E0
3.802832862E1,1.501377869E-1,2.163002014E-1,-9.784403229E0
3.803838362E1,1.423539734E-1,2.402503967E-1,-9.780810699E0
3.804843863E1,1.347198486E-1,2.490820312E-1,-9.788444824E0
3.805849463E1,1.318757629E-1,2.421963501E-1,-9.785301361E0
3.806854963E1,1.402583313E-1,2.020797729E-1,-9.783355408E0
3.807860462E1,1.606159973E-1,1.529818726E-1,-9.804910583E0
3.808865937E1,1.645079041E-1,1.434017944E-1,-9.805958405E0
3.809871538E1,1.489402771E-1,1.660047913E-1,-9.792785797E0
3.810877038E1,1.432521057E-1,1.794767761E-1,-9.779313812E0
3.811882538E1,1.414558411E-1,2.002835083E-1,-9.793234863E0
3.812888137E1,1.484912109E-1,2.052232361E-1,-9.790839844E0
3.813893637E1,1.475930786E-1,2.109114075E-1,-9.800270233E0
3.814899137E1,1.493893433E-1,1.868115234E-1,-9.793534241E0
3.815904637E1,1.419049072E-1,1.881587219E-1,-9.786049805E0
3.816910238E1,1.351689148E-1,1.853146362E-1,-9.791139221E0
3.817915738E1,1.462458801E-1,1.995350647E-1,-9.791288910E0
3.818921238E1,1.586700439E-1,2.010319519E-1,-9.791887665E0
3.819926737E1,1.802252197E-1,1.874102783E-1,-9.779613190E0
3.820932337E1,2.182461548E-1,1.763333130E-1,-9.785750427E0
3.821937837E1,2.604583740E-1,1.594184875E-1,-9.790690155E0
3.822943338E1,2.613565063E-1,1.571731567E-1,-9.797575836E0
3.823948938E1,1.776805115E-1,1.926493835E-1,-9.779912567E0
3.824954438E1,5.074447632E-2,2.450404358E-1,-9.795330505E0
3.825959938E1,1.330732727E-1,2.116598511E-1,-9.786199493E0
3.826965437E1,1.239422607E-1,2.041754150E-1,-9.796528015E0
3.827971037E1,1.028361511E-1,2.110610962E-1,-9.782756653E0
3.828976537E1,1.227447510E-1,1.989363098E-1,-9.776769104E0
3.829982038E1,1.445993042E-1,1.865121460E-1,-9.786199493E0
3.830987638E1,1.055305481E-1,2.071691895E-1,-9.794132996E0
3.831993138E1,7.514373779E-2,2.062710571E-1,-9.787696381E0
3.832998637E1,1.577719116E-1,1.845661926E-1,-9.787546692E0
3.834004137E1,2.013313293E-1,1.724414062E-1,-9.792935486E0
3.835009737E1,1.106199646E-1,2.001338196E-1,-9.783654785E0
3.836015237E1,6.077362061E-2,2.245330811E-1,-9.787397003E0
3.837020738E1,1.035845947E-1,2.240840149E-1,-9.789941711E0
3.838026338E1,1.272354126E-1,2.344125366E-1,-9.796977081E0
3.839031838E1,1.356179810E-1,2.302212524E-1,-9.783804474E0
3.840037337E1,1.335223389E-1,2.180964661E-1,-9.791139221E0
3.841042837E1,1.309776306E-1,2.080673218E-1,-9.781259766E0
3.842048437E1,1.270857239E-1,2.059716797E-1,-9.781259766E0
3.843053937E1,1.333726501E-1,2.049238586E-1,-9.773625641E0
3.844059438E1,1.401086426E-1,2.013313293E-1,-9.783205719E0
3.845064938E1,1.408570862E-1,1.959425354E-1,-9.783954163E0
3.846070538E1,1.350192261E-1,1.924996948E-1,-9.793983307E0
3.847076037E1,1.359173584E-1,1.817221069E-1,-9.794132996E0
3.848081537E1,1.407073975E-1,1.621128845E-1,-9.790390778E0
3.849087137E1,1.419049072E-1,1.585203552E-1,-9.780960388E0
3.850092637E1,1.359173584E-1,1.648072815E-1,-9.782906342E0
3.851098138E1,1.374142456E-1,2.067201233E-1,-9.788594513E0
3.852103638E1,1.387614441E-1,2.284249878E-1,-9.790690155E0
3.853109238E1,1.498384094E-1,2.371069336E-1,-9.791438599E0
3.854114737E1,1.444496155E-1,2.185455322E-1,-9.796977081E0
3.855120237E1,1.321751404E-1,1.948947144E-1,-9.786648560E0
3.856125737E1,1.348695374E-1,1.673519897E-1,-9.783804474E0
3.857131338E1,1.371148682E-1,1.615141296E-1,-9.781559143E0
3.858136838E1,1.342707825E-1,1.682501221E-1,-9.796827393E0
3.859142338E1,1.414558411E-1,1.945953369E-1,-9.787247314E0
3.860147938E1,1.559756470E-1,2.032772827E-1,-9.788444824E0
3.861153437E1,1.519340515E-1,2.179467773E-1,-9.789492645E0
3.862158937E1,1.760339355E-1,2.065704346E-1,-9.786798248E0
3.863164437E1,1.930984497E-1,2.004331970E-1,-9.787846069E0
3.864170038E1,1.429527283E-1,2.044747925E-1,-9.784852295E0
3.865175538E1,1.046324158E-1,2.020797729E-1,-9.785001984E0
3.866181038E1,8.113128662E-2,1.989363098E-1,-9.784852295E0
3.867186637E1,9.475296021E-2,1.989363098E-1,-9.781708832E0
3.868192137E1,1.251397705E-1,2.065704346E-1,-9.785451050E0
3.869197637E1,1.383123779E-1,2.131567383E-1,-9.787247314E0
3.870203137E1,1.339714050E-1,2.128573608E-1,-9.796827393E0
3.871208738E1,1.435514832E-1,1.981878662E-1,-9.780062256E0
3.872214238E1,1.344204712E-1,1.954934692E-1,-9.787247314E0
3.873219738E1,1.344204712E-1,1.919009399E-1,-9.798773346E0
3.874225337E1,1.335223389E-1,1.823208618E-1,-9.788893890E0
3.875230837E1,1.425036621E-1,1.835183716E-1,-9.790091400E0
3.876236337E1,1.398092651E-1,1.975891113E-1,-9.790241089E0
3.877241838E1,1.425036621E-1,2.043251038E-1,-9.790390778E0
3.878247438E1,1.359173584E-1,2.134561157E-1,-9.785750427E0
3.879252938E1,1.374142456E-1,2.077679443E-1,-9.789193268E0
3.880258438E1,1.405577087E-1,2.046244812E-1,-9.779613190E0
3.881264037E1,1.377136230E-1,2.106120300E-1,-9.790690155E0
3.882269537E1,1.363664246E-1,2.065704346E-1,-9.791139221E0
3.883275037E1,1.336720276E-1,2.121089172E-1,-9.785900116E0
3.884280538E1,1.423539734E-1,1.947450256E-1,-9.786498871E0
3.885286138E1,1.435514832E-1,1.907034302E-1,-9.789492645E0
3.886291638E1,1.329235840E-1,1.863624573E-1,-9.787696381E0
3.887297137E1,1.266366577E-1,1.794767761E-1,-9.785301361E0
3.888302637E1,1.309776306E-1,1.893562317E-1,-9.791588287E0
3.889308237E1,1.249900818E-1,1.954934692E-1,-9.786049805E0
3.890313737E1,1.448986816E-1,1.767823792E-1,-9.788444824E0
3.891319238E1,1.469943237E-1,1.760339355E-1,-9.792636108E0
3.892324838E1,1.372645569E-1,1.962419128E-1,-9.790540466E0
3.893330338E1,1.425036621E-1,2.098635864E-1,-9.788893890E0
3.894335837E1,1.469943237E-1,2.056723022E-1,-9.792636108E0
3.895341337E1,1.432521057E-1,2.043251038E-1,-9.781110077E0
3.896346937E1,1.341210938E-1,1.983375549E-1,-9.789193268E0
3.897352437E1,1.323248291E-1,1.856140137E-1,-9.793534241E0
3.898357938E1,1.448986816E-1,1.901046753E-1,-9.783505096E0
3.899363538E1,1.395098877E-1,1.799258423E-1,-9.781559143E0
3.900369038E1,1.416055298E-1,1.773811340E-1,-9.795031128E0
3.901374537E1,1.395098877E-1,1.724414062E-1,-9.788594513E0
3.902380037E1,1.320254517E-1,1.710942078E-1,-9.798174591E0
3.903385637E1,1.335223389E-1,1.571731567E-1,-9.793234863E0
3.904391137E1,1.152603149E-1,1.627116394E-1,-9.804611206E0
3.905396638E1,9.879455566E-2,1.683998108E-1,-9.794582062E0
3.906402138E1,1.362167358E-1,1.917512512E-1,-9.801916809E0
3.907407738E1,1.489402771E-1,2.218386841E-1,-9.801168365E0
3.908413237E1,1.329235840E-1,2.260299683E-1,-9.781559143E0
3.909418742E1,1.106199646E-1,2.414479065E-1,-9.781858521E0
3.910424342E1,1.200503540E-1,2.532733154E-1,-9.786349182E0
3.911429842E1,1.329235840E-1,2.659968567E-1,-9.788744202E0
3.912435342E1,1.133143616E-1,2.586621094E-1,-9.802814941E0
3.913440842E1,1.173559570E-1,3.303630066E-1,-9.785151672E0
3.914446442E1,9.804611206E-2,3.986210632E-1,-9.792935486E0
3.915451942E1,2.155517578E-1,-8.726852417E-2,-9.838740234E0
3.916457442E1,2.760260010E-1,4.849914551E-2,-9.773925018E0
3.917463042E1,9.834548950E-2,8.996292114E-2,-9.731712799E0
3.918468542E1,1.103355560E0,6.255491638E-1,-9.763297119E0
3.919474042E1,6.921606445E-1,4.498146057E-1,-9.787696381E0
3.920479542E1,-4.857398987E-1,6.137237549E-3,-9.785600739E0
3.921485142E1,-4.161346436E-1,2.769241333E-2,-9.784403229E0
3.922490642E1,4.146377563E-2,1.516346741E-1,-9.796378326E0
3.923496142E1,6.945556641E-2,1.234931946E-1,-9.784702606E0
3.924501742E1,6.750961304E-2,1.107696533E-1,-9.785900116E0
3.925507242E1,8.906478882E-2,1.378633118E-1,-9.778415680E0
3.926512742E1,1.122665405E-1,1.722917175E-1,-9.779463501E0
3.927518242E1,1.303788757E-1,2.142045593E-1,-9.798923035E0
3.928523842E1,1.411564636E-1,2.454895020E-1,-9.798324280E0
3.929529342E1,1.481918335E-1,2.450404358E-1,-9.791288910E0
3.930534842E1,1.407073975E-1,2.453398132E-1,-9.786798248E0
3.931540342E1,1.234931946E-1,2.237846375E-1,-9.790241089E0
3.932545942E1,7.993377686E-2,2.401007080E-1,-9.788744202E0
3.933551442E1,-3.652404785E-2,2.644999695E-1,-9.782008209E0
3.934556942E1,-1.586700439E-2,2.246827698E-1,-9.779463501E0
3.935562542E1,1.778302002E-1,1.577719116E-1,-9.791588287E0
3.936568042E1,2.719844055E-1,1.305285645E-1,-9.789792023E0
3.937573542E1,2.174977112E-1,1.034349060E-1,-9.776170349E0
3.938579042E1,1.386117554E-1,1.022373962E-1,-9.789342957E0
3.939584642E1,5.239105225E-2,6.900650024E-2,-9.786648560E0
3.940590142E1,3.487747192E-2,6.047424316E-2,-9.794432373E0
3.941595642E1,1.332229614E-2,6.182144165E-2,-9.789492645E0
3.942601242E1,6.316864014E-2,3.023712158E-2,-9.782906342E0
3.943606742E1,2.167492676E-1,3.891906738E-3,-9.786199493E0
3.944612242E1,4.299060059E-1,-5.643264771E-2,-9.779014435E0
3.945617742E1,5.111869812E-1,-2.010319519E-1,-9.780062256E0
3.946623342E1,3.540138245E-1,-2.177970886E-1,-9.804012451E0
3.947628842E1,-4.909790039E-2,4.514611816E-1,-9.777367859E0
3.948634342E1,4.170327759E-1,1.497485962E0,-9.785301361E0
3.949639942E1,-3.487747192E-2,6.210585022E-1,-9.779613190E0
3.950645442E1,-2.095642090E-1,-2.784210205E-2,-9.786947937E0
3.951650942E1,1.893562317E-1,1.434017944E-1,-9.787846069E0
3.952656442E1,1.270857239E-1,1.363664246E-1,-9.777218170E0
3.953662042E1,1.362167358E-1,1.537303162E-1,-9.803114319E0
3.954667542E1,1.537303162E-1,1.942959595E-1,-9.825867004E0
3.955673042E1,1.484912109E-1,2.050735474E-1,-9.758058014E0
3.956678542E1,1.471440125E-1,2.386038208E-1,-9.817783813E0
3.957684142E1,1.649569702E-1,3.655398560E-1,-9.737850037E0
3.958689642E1,1.796264648E-1,3.218307495E-1,-9.781110077E0
3.959695142E1,1.493893433E-1,3.237767029E-1,-9.796977081E0
3.960700742E1,1.142124939E-1,1.800755310E-1,-9.781259766E0
3.961706242E1,1.128652954E-1,6.975494385E-2,-9.791887665E0
3.962711742E1,1.234931946E-1,7.753875732E-2,-9.799821167E0
3.963717342E1,1.309776306E-1,9.879455566E-2,-9.776020660E0
3.964722842E1,1.457968140E-1,8.696914673E-2,-9.761949921E0
3.965728342E1,1.558259583E-1,1.154100037E-1,-9.787097626E0
3.966733842E1,1.442999268E-1,1.865121460E-1,-9.804760895E0
3.967739442E1,1.441502380E-1,2.281256104E-1,-9.798024902E0
3.968744942E1,1.303788757E-1,2.543211365E-1,-9.805659027E0
3.969750442E1,1.160087585E-1,3.043171692E-1,-9.768386536E0
3.970755942E1,1.712438965E-1,2.933898926E-1,-9.764494629E0
3.971761542E1,1.532812500E-1,3.201841736E-1,-9.794731750E0
3.972767042E1,1.815724182E-1,2.829116821E-1,-9.772128754E0
3.973772542E1,1.924996948E-1,2.555186462E-1,-9.799671478E0
3.974778142E1,1.309776306E-1,3.106040955E-1,-9.793683929E0
3.975783642E1,1.079255676E-1,3.207829285E-1,-9.806856537E0
3.976789142E1,1.540296936E-1,2.151026917E-1,-9.766440582E0
3.977794642E1,1.303788757E-1,1.998344421E-1,-9.769434357E0
3.978800242E1,1.561253357E-1,1.797761536E-1,-9.795031128E0
3.979805742E1,1.463955688E-1,1.778302002E-1,-9.795779572E0
3.980811242E1,1.332229614E-1,1.932481384E-1,-9.804910583E0
3.981816842E1,1.327738953E-1,2.752775574E-1,-9.776020660E0
3.982822342E1,1.745370483E-1,3.496728516E-1,-9.773176575E0
3.983827842E1,1.685494995E-1,3.667373657E-1,-9.775421906E0
3.984833342E1,1.392105103E-1,2.713856506E-1,-9.811197510E0
3.985838942E1,1.330732727E-1,2.201921082E-1,-9.798024902E0
3.986844442E1,1.565744019E-1,7.364685059E-2,-9.803413696E0
3.987849942E1,1.017883301E-1,4.131408691E-2,-9.805659027E0
3.988855542E1,1.098715210E-1,-2.724334717E-2,-9.785900116E0
3.989861042E1,1.281335449E-1,-6.376739502E-2,-9.774074707E0
3.990866542E1,1.216969299E-1,2.035766602E-2,-9.779613190E0
3.991872042E1,1.323248291E-1,1.419049072E-1,-9.795779572E0
3.992877642E1,1.538800049E-1,2.585124207E-1,-9.786798248E0
3.993883142E1,1.516346741E-1,3.432362366E-1,-9.795929260E0
3.994888642E1,1.484912109E-1,3.815565491E-1,-9.775571594E0
3.995894242E1,1.625619507E-1,3.427871704E-1,-9.783355408E0
3.996899742E1,1.384620667E-1,2.871029663E-1,-9.784103851E0
3.997905242E1,1.122665405E-1,2.080673218E-1,-9.789792023E0
3.998910742E1,1.420545959E-1,7.604187012E-2,-9.780661011E0
3.999916342E1,1.434017944E-1,2.634521484E-2,-9.781708832E0
4.000921842E1,1.224453735E-1,6.930587769E-2,-9.785001984E0
4.001927342E1,1.447489929E-1,9.086105347E-2,-9.786947937E0
4.002932942E1,1.338217163E-1,1.372645569E-1,-9.784702606E0
4.003938442E1,1.425036621E-1,2.074685669E-1,-9.791438599E0
4.004943942E1,1.588197327E-1,2.857557678E-1,-9.786648560E0
4.005949442E1,1.546284485E-1,3.242257690E-1,-9.789792023E0
4.006955042E1,1.429527283E-1,3.314108276E-1,-9.795330505E0
4.007960542E1,1.472937012E-1,2.794688416E-1,-9.782906342E0
4.008966042E1,1.513352966E-1,2.227368164E-1,-9.784702606E0
4.009971525E1,1.425036621E-1,1.695973206E-1,-9.792636108E0
4.010977125E1,1.384620667E-1,1.255888367E-1,-9.798324280E0
4.011982625E1,1.351689148E-1,1.085243225E-1,-9.782906342E0
4.012988125E1,1.306782532E-1,1.197509766E-1,-9.783355408E0
4.013993725E1,1.408570862E-1,1.549278259E-1,-9.781409454E0
4.014999225E1,1.435514832E-1,2.014810181E-1,-9.791438599E0
4.016004725E1,1.507365417E-1,2.206411743E-1,-9.790241089E0
4.017010325E1,1.451980591E-1,2.386038208E-1,-9.792486420E0
4.018015825E1,1.387614441E-1,2.525248718E-1,-9.796827393E0
4.019021325E1,1.477427673E-1,2.433938599E-1,-9.784702606E0
4.020026825E1,1.408570862E-1,2.148033142E-1,-9.781409454E0
4.021032425E1,1.344204712E-1,1.929487610E-1,-9.785750427E0
4.022037925E1,1.396595764E-1,1.685494995E-1,-9.792037354E0
4.023043425E1,1.326242065E-1,1.508862305E-1,-9.790989532E0
4.024049025E1,1.288819885E-1,1.618135071E-1,-9.788594513E0
4.025054525E1,1.408570862E-1,1.871109009E-1,-9.784852295E0
4.026060025E1,1.384620667E-1,2.104623413E-1,-9.775721283E0
4.027065525E1,1.544787598E-1,2.154020691E-1,-9.790091400E0
4.028071125E1,1.422042847E-1,2.056723022E-1,-9.789792023E0
4.029076625E1,1.414558411E-1,2.004331970E-1,-9.792486420E0
4.030082125E1,1.369651794E-1,2.125579834E-1,-9.793234863E0
4.031087625E1,1.413061523E-1,2.130070496E-1,-9.778415680E0
4.032093225E1,1.392105103E-1,2.070195007E-1,-9.796228638E0
4.033098725E1,1.384620667E-1,1.993853760E-1,-9.789193268E0
4.034104225E1,1.419049072E-1,1.836680603E-1,-9.790839844E0
4.035109825E1,1.487905884E-1,1.880090332E-1,-9.793683929E0
4.036115325E1,1.413061523E-1,1.959425354E-1,-9.782756653E0
4.037120825E1,1.345701599E-1,1.992356873E-1,-9.782157898E0
4.038126325E1,1.472937012E-1,1.947450256E-1,-9.784702606E0
4.039131925E1,1.448986816E-1,1.922003174E-1,-9.791438599E0
4.040137425E1,1.380130005E-1,1.784289551E-1,-9.790839844E0
4.041142925E1,1.344204712E-1,1.877096558E-1,-9.786049805E0
4.042148525E1,1.407073975E-1,2.163002014E-1,-9.796228638E0
4.043154025E1,1.450483704E-1,2.347119141E-1,-9.792037354E0
4.044159525E1,1.422042847E-1,2.155517578E-1,-9.787097626E0
4.045165025E1,1.359173584E-1,1.965412903E-1,-9.784253540E0
4.046170625E1,1.312770081E-1,1.788780212E-1,-9.791438599E0
4.047176125E1,1.339714050E-1,1.763333130E-1,-9.791588287E0
4.048181625E1,1.438508606E-1,1.772314453E-1,-9.786947937E0
4.049187225E1,1.395098877E-1,1.820214844E-1,-9.785001984E0
4.050192725E1,1.451980591E-1,1.938468933E-1,-9.773475952E0
4.051198225E1,1.419049072E-1,2.061213684E-1,-9.785900116E0
4.052203725E1,1.434017944E-1,2.128573608E-1,-9.784552917E0
4.053209325E1,1.401086426E-1,2.143542480E-1,-9.794881439E0
4.054214825E1,1.511856079E-1,2.263293457E-1,-9.787397003E0
4.055220325E1,1.438508606E-1,2.164498901E-1,-9.790989532E0
4.056225925E1,1.387614441E-1,2.025288391E-1,-9.780810699E0
4.057231425E1,1.417552185E-1,1.933978271E-1,-9.792785797E0
4.058236925E1,1.356179810E-1,1.832189941E-1,-9.783505096E0
4.059242425E1,1.344204712E-1,1.692979431E-1,-9.792037354E0
4.060248025E1,1.416055298E-1,1.758842468E-1,-9.795031128E0
4.061253525E1,1.384620667E-1,1.936972046E-1,-9.780960388E0
4.062259025E1,1.398092651E-1,2.047741699E-1,-9.781858521E0
4.063264625E1,1.483415222E-1,2.197430420E-1,-9.788444824E0
4.064270125E1,1.431024170E-1,2.185455322E-1,-9.796078949E0
4.065275625E1,1.441502380E-1,2.176473999E-1,-9.792785797E0
4.066281125E1,1.384620667E-1,2.076182556E-1,-9.788744202E0
4.067286725E1,1.386117554E-1,1.892065430E-1,-9.777966614E0
4.068292225E1,1.392105103E-1,1.872605896E-1,-9.791139221E0
4.069297725E1,1.429527283E-1,1.778302002E-1,-9.793534241E0
4.070303325E1,1.354682922E-1,1.844165039E-1,-9.779613190E0
4.071308825E1,1.414558411E-1,1.947450256E-1,-9.788893890E0
4.072314325E1,1.407073975E-1,2.095642090E-1,-9.792037354E0
4.073319825E1,1.465452576E-1,2.213896179E-1,-9.785900116E0
4.074325425E1,1.496887207E-1,2.085163879E-1,-9.797426147E0
4.075330925E1,1.401086426E-1,2.050735474E-1,-9.782157898E0
4.076336425E1,1.423539734E-1,1.944456482E-1,-9.786648560E0
4.077342025E1,1.396595764E-1,1.866618347E-1,-9.802515564E0
4.078347525E1,1.431024170E-1,1.817221069E-1,-9.791737976E0
4.079353025E1,1.429527283E-1,1.866618347E-1,-9.788594513E0
4.080358525E1,1.401086426E-1,1.942959595E-1,-9.805958405E0
4.081364125E1,1.390608215E-1,1.971400452E-1,-9.796827393E0
4.082369625E1,1.354682922E-1,2.047741699E-1,-9.788594513E0
4.083375125E1,1.453477478E-1,2.112107849E-1,-9.782008209E0
4.084380725E1,1.428030396E-1,2.074685669E-1,-9.775571594E0
4.085386225E1,1.423539734E-1,1.983375549E-1,-9.792636108E0
4.086391725E1,1.423539734E-1,2.007325745E-1,-9.782756653E0
4.087397225E1,1.417552185E-1,1.953437805E-1,-9.795629883E0
4.088402825E1,1.390608215E-1,1.914518738E-1,-9.790540466E0
4.089408325E1,1.305285645E-1,1.889071655E-1,-9.782606964E0
4.090413825E1,1.387614441E-1,1.926493835E-1,-9.778864746E0
4.091419425E1,1.389111328E-1,1.919009399E-1,-9.782008209E0
4.092424925E1,1.462458801E-1,2.034269714E-1,-9.781708832E0
4.093430425E1,1.383123779E-1,1.990859985E-1,-9.787696381E0
4.094435925E1,1.426533508E-1,2.113604736E-1,-9.782906342E0
4.095441525E1,1.408570862E-1,2.044747925E-1,-9.792636108E0
4.096447025E1,1.365161133E-1,1.962419128E-1,-9.795330505E0
4.097452525E1,1.456471252E-1,1.959425354E-1,-9.782756653E0
4.098458125E1,1.350192261E-1,1.999841309E-1,-9.786199493E0
4.099463625E1,1.339714050E-1,1.890568542E-1,-9.781259766E0
4.100469125E1,1.402583313E-1,1.896556091E-1,-9.791438599E0
4.101474625E1,1.405577087E-1,1.951940918E-1,-9.793085175E0
4.102480225E1,1.448986816E-1,1.886077881E-1,-9.786349182E0
4.103485725E1,1.414558411E-1,1.866618347E-1,-9.788893890E0
4.104491225E1,1.398092651E-1,1.927990723E-1,-9.783056030E0
4.105496825E1,1.428030396E-1,2.026785278E-1,-9.786349182E0
4.106502325E1,1.425036621E-1,1.998344421E-1,-9.793983307E0
4.107507825E1,1.441502380E-1,1.978884888E-1,-9.790690155E0
4.108513325E1,1.416055298E-1,1.948947144E-1,-9.786648560E0
4.109518938E1,1.332229614E-1,2.001338196E-1,-9.776469727E0
4.110524438E1,1.381626892E-1,1.993853760E-1,-9.790540466E0
4.111529938E1,1.405577087E-1,1.926493835E-1,-9.796078949E0
4.112535537E1,1.463955688E-1,1.941462708E-1,-9.792336731E0
4.113541037E1,1.444496155E-1,1.938468933E-1,-9.794432373E0
4.114546537E1,1.336720276E-1,1.936972046E-1,-9.789642334E0
4.115552038E1,1.465452576E-1,2.016307068E-1,-9.788594513E0
4.116557638E1,1.417552185E-1,2.088157654E-1,-9.801168365E0
4.117563138E1,1.422042847E-1,2.118095398E-1,-9.781110077E0
4.118568637E1,1.410067749E-1,1.917512512E-1,-9.775721283E0
4.119574237E1,1.378633118E-1,2.004331970E-1,-9.791438599E0
4.120579737E1,1.448986816E-1,1.986369324E-1,-9.796378326E0
4.121585237E1,1.440005493E-1,1.924996948E-1,-9.789941711E0
4.122590738E1,1.520837402E-1,1.983375549E-1,-9.796228638E0
4.123596338E1,1.457968140E-1,1.902543640E-1,-9.783205719E0
4.124601838E1,1.366658020E-1,1.902543640E-1,-9.784103851E0
4.125607337E1,1.396595764E-1,1.950444031E-1,-9.789193268E0
4.126612937E1,1.420545959E-1,2.046244812E-1,-9.793683929E0
4.127618437E1,1.447489929E-1,1.977388000E-1,-9.786349182E0
4.128623937E1,1.454974365E-1,1.922003174E-1,-9.791887665E0
4.129629438E1,1.426533508E-1,1.986369324E-1,-9.789342957E0
4.130635038E1,1.357676697E-1,1.886077881E-1,-9.787846069E0
4.131640538E1,1.432521057E-1,1.936972046E-1,-9.785151672E0
4.132646037E1,1.347198486E-1,1.936972046E-1,-9.796078949E0
4.133651637E1,1.419049072E-1,1.908531189E-1,-9.799521790E0
4.134657137E1,1.383123779E-1,1.936972046E-1,-9.788444824E0
4.135662637E1,1.353186035E-1,1.938468933E-1,-9.792486420E0
4.136668138E1,1.377136230E-1,2.017803955E-1,-9.793384552E0
4.137673738E1,1.416055298E-1,2.091151428E-1,-9.785001984E0
4.138679238E1,1.402583313E-1,2.008822632E-1,-9.790989532E0
4.139684737E1,1.347198486E-1,1.865121460E-1,-9.797126770E0
4.140690337E1,1.416055298E-1,1.904040527E-1,-9.789941711E0
4.141695837E1,1.359173584E-1,1.959425354E-1,-9.786798248E0
4.142701338E1,1.359173584E-1,1.998344421E-1,-9.793384552E0
4.143706838E1,1.434017944E-1,1.947450256E-1,-9.788744202E0
4.144712438E1,1.315763855E-1,1.945953369E-1,-9.789193268E0
4.145717938E1,1.341210938E-1,1.978884888E-1,-9.794282684E0
4.146723437E1,1.344204712E-1,1.922003174E-1,-9.794282684E0
4.147729037E1,1.321751404E-1,1.983375549E-1,-9.786648560E0
4.148734537E1,1.375639343E-1,1.962419128E-1,-9.793384552E0
4.149740038E1,1.392105103E-1,1.911524963E-1,-9.787696381E0
4.150745538E1,1.401086426E-1,1.944456482E-1,-9.790989532E0
4.151751138E1,1.351689148E-1,1.908531189E-1,-9.796827393E0
4.152756637E1,1.465452576E-1,1.956431580E-1,-9.797126770E0
4.153762137E1,1.442999268E-1,2.020797729E-1,-9.792785797E0
4.154767737E1,1.416055298E-1,1.929487610E-1,-9.786648560E0
4.155773237E1,1.477427673E-1,1.874102783E-1,-9.784852295E0
4.156778738E1,1.366658020E-1,1.957928467E-1,-9.793085175E0
4.157784238E1,1.416055298E-1,2.005828857E-1,-9.782756653E0
4.158789838E1,1.399589539E-1,1.945953369E-1,-9.787995758E0
4.159795337E1,1.345701599E-1,1.984872437E-1,-9.787846069E0
4.160800837E1,1.411564636E-1,2.023791504E-1,-9.784702606E0
4.161806437E1,1.456471252E-1,1.993853760E-1,-9.790839844E0
4.162811937E1,1.492396545E-1,1.941462708E-1,-9.790690155E0
4.163817438E1,1.434017944E-1,1.941462708E-1,-9.783205719E0
4.164822938E1,1.428030396E-1,1.908531189E-1,-9.793234863E0
4.165828538E1,1.480421448E-1,1.978884888E-1,-9.796677704E0
4.166834037E1,1.411564636E-1,2.007325745E-1,-9.780211945E0
4.167839537E1,1.306782532E-1,1.935475159E-1,-9.785001984E0
4.168845137E1,1.333726501E-1,1.969903564E-1,-9.790989532E0
4.169850637E1,1.386117554E-1,1.956431580E-1,-9.793384552E0
4.170856138E1,1.431024170E-1,2.025288391E-1,-9.787397003E0
4.171861638E1,1.380130005E-1,2.041754150E-1,-9.773475952E0
4.172867238E1,1.339714050E-1,2.029779053E-1,-9.781110077E0
4.173872737E1,1.381626892E-1,1.942959595E-1,-9.783056030E0
4.174878237E1,1.454974365E-1,1.966909790E-1,-9.787397003E0
4.175883837E1,1.419049072E-1,1.941462708E-1,-9.787097626E0
4.176889338E1,1.425036621E-1,2.047741699E-1,-9.786498871E0
4.177894838E1,1.444496155E-1,2.020797729E-1,-9.791887665E0
4.178900438E1,1.402583313E-1,2.001338196E-1,-9.788893890E0
4.179905938E1,1.414558411E-1,1.954934692E-1,-9.788744202E0
4.180911437E1,1.374142456E-1,1.962419128E-1,-9.791737976E0
4.181916937E1,1.431024170E-1,2.037263489E-1,-9.793085175E0
4.182922537E1,1.399589539E-1,1.972897339E-1,-9.777367859E0
4.183928038E1,1.475930786E-1,1.895059204E-1,-9.787995758E0
4.184933538E1,1.441502380E-1,1.963916016E-1,-9.795779572E0
4.185939138E1,1.448986816E-1,1.930984497E-1,-9.785600739E0
4.186944637E1,1.395098877E-1,1.939965820E-1,-9.788744202E0
4.187950137E1,1.453477478E-1,1.995350647E-1,-9.781708832E0
4.188955637E1,1.405577087E-1,2.032772827E-1,-9.785151672E0
4.189961237E1,1.381626892E-1,1.959425354E-1,-9.793234863E0
4.190966738E1,1.435514832E-1,1.957928467E-1,-9.789193268E0
4.191972238E1,1.451980591E-1,1.902543640E-1,-9.781110077E0
4.192977838E1,1.369651794E-1,1.932481384E-1,-9.798473969E0
4.193983337E1,1.318757629E-1,1.963916016E-1,-9.785001984E0
4.194988837E1,1.456471252E-1,1.913021851E-1,-9.787995758E0
4.195994337E1,1.423539734E-1,1.926493835E-1,-9.799970856E0
4.196999937E1,1.414558411E-1,1.974394226E-1,-9.785001984E0
4.198005438E1,1.336720276E-1,1.986369324E-1,-9.792037354E0
4.199010938E1,1.451980591E-1,2.005828857E-1,-9.778715057E0
4.200016538E1,1.419049072E-1,2.031275940E-1,-9.791887665E0
4.201022037E1,1.440005493E-1,2.092648315E-1,-9.798024902E0
4.202027537E1,1.419049072E-1,1.942959595E-1,-9.797875214E0
4.203033137E1,1.402583313E-1,1.938468933E-1,-9.785750427E0
4.204038637E1,1.401086426E-1,1.957928467E-1,-9.780211945E0
4.205044138E1,1.401086426E-1,1.989363098E-1,-9.784103851E0
4.206049638E1,1.444496155E-1,1.947450256E-1,-9.793234863E0
4.207055238E1,1.405577087E-1,2.044747925E-1,-9.792486420E0
4.208060737E1,1.390608215E-1,2.025288391E-1,-9.791887665E0
4.209066237E1,1.401086426E-1,2.007325745E-1,-9.786498871E0
4.210071688E1,1.441502380E-1,1.986369324E-1,-9.792785797E0
4.211077287E1,1.411564636E-1,2.041754150E-1,-9.791588287E0
4.212082787E1,1.417552185E-1,2.008822632E-1,-9.783355408E0
4.213088287E1,1.407073975E-1,1.969903564E-1,-9.782756653E0
4.214093887E1,1.392105103E-1,1.922003174E-1,-9.790091400E0
4.215099388E1,1.457968140E-1,1.926493835E-1,-9.783804474E0
4.216104888E1,1.440005493E-1,1.962419128E-1,-9.786947937E0
4.217110488E1,1.341210938E-1,1.924996948E-1,-9.795330505E0
4.218115987E1,1.356179810E-1,1.978884888E-1,-9.788893890E0
4.219121487E1,1.371148682E-1,2.038760376E-1,-9.786349182E0
4.220126987E1,1.474433899E-1,2.040257263E-1,-9.782906342E0
4.221132588E1,1.472937012E-1,1.968406677E-1,-9.795929260E0
4.222138088E1,1.447489929E-1,1.917512512E-1,-9.801467743E0
4.223143588E1,1.414558411E-1,1.944456482E-1,-9.796977081E0
4.224149188E1,1.471440125E-1,1.978884888E-1,-9.795031128E0
4.225154687E1,1.451980591E-1,2.019300842E-1,-9.780661011E0
4.226160187E1,1.426533508E-1,2.070195007E-1,-9.793833618E0
4.227165687E1,1.420545959E-1,1.980381775E-1,-9.795330505E0
4.228171288E1,1.339714050E-1,1.998344421E-1,-9.796228638E0
4.229176788E1,1.475930786E-1,1.936972046E-1,-9.794432373E0
4.230182288E1,1.438508606E-1,1.941462708E-1,-9.784552917E0
4.231187887E1,1.437011719E-1,1.965412903E-1,-9.792486420E0
4.232193387E1,1.377136230E-1,1.984872437E-1,-9.790839844E0