"Time (s)","X (rad/s)","Y (rad/s)","Z (rad/s)"
4.488975000E-2,1.754348632E-3,4.392731935E-4,-1.035565976E-3
5.494475000E-2,-8.283850038E-4,-7.018950419E-5,1.112007070E-3
6.499975000E-2,5.812261370E-4,-9.056231938E-4,1.818543766E-3
7.505475000E-2,8.686726214E-4,5.779619096E-4,1.134152524E-3
8.510975000E-2,1.860167482E-3,-8.289860561E-4,-1.257631928E-3
9.516475000E-2,1.149534364E-5,-1.998625929E-3,1.629358623E-3
1.052197500E-1,-4.724010068E-4,-1.846026978E-3,2.985174302E-3
1.152747500E-1,-3.279195633E-3,-1.545216946E-4,-7.454622537E-4
1.253307500E-1,-7.049839478E-4,1.778479782E-5,-4.013818689E-4
1.353857500E-1,-4.319914442E-4,-2.813921892E-4,-1.242551021E-3
1.454407500E-1,-2.021606488E-4,1.879763091E-3,-2.266003750E-3
1.554957500E-1,-8.462662227E-4,-5.646763602E-4,-1.386317424E-3
1.655507500E-1,1.448845956E-3,-8.698746096E-4,-1.904035918E-3
1.756057500E-1,-5.538449623E-4,1.066838275E-3,1.307344995E-3
1.856607500E-1,-1.266240608E-3,-2.927055175E-4,-1.417068765E-3
1.957157500E-1,-4.189482424E-4,-9.326173458E-4,4.459591582E-4
2.057707500E-1,-2.267181873E-3,3.783850116E-5,-1.830244903E-3
2.158257500E-1,-2.802928444E-3,1.771299576E-4,-1.668912824E-3
2.258807500E-1,6.168368272E-4,-1.563778380E-3,-2.744817175E-4
2.359357500E-1,-3.729820251E-3,3.010210348E-3,2.565779723E-4
2.459907500E-1,2.988802269E-3,1.228111214E-4,2.778059337E-3
2.560457500E-1,1.049284823E-3,6.956208381E-5,1.546945423E-3
2.661007500E-1,8.772446890E-4,-2.252498525E-4,-2.317796461E-4
2.761557500E-1,-2.189058578E-3,1.375335967E-3,-5.967556499E-4
2.862117500E-1,-1.606092555E-3,-3.021892626E-4,-1.779465470E-3
2.962667500E-1,-6.937875296E-4,-1.189473842E-4,-2.667538822E-3
3.063217500E-1,-1.086911070E-4,4.488385748E-4,-6.424710155E-4
3.163767500E-1,-3.058218397E-3,2.851593308E-3,-1.453604549E-3
3.264317500E-1,-1.303727622E-3,1.660627546E-3,9.214025922E-4
3.364867500E-1,-4.025944043E-3,-1.227836008E-3,2.213501837E-3
3.465417500E-1,-2.935236844E-4,-1.977515873E-3,1.888064202E-3
3.565967500E-1,-6.484932965E-4,8.843271062E-4,1.786359120E-3
3.666517500E-1,2.654092619E-3,-1.372968312E-3,-8.757365867E-4
3.767067500E-1,-1.741758548E-3,2.045741770E-3,-1.240847632E-4
3.867617500E-1,2.122488106E-3,6.012431113E-4,-2.117026597E-4
3.968167500E-1,1.764984685E-3,1.243344042E-3,-1.438625623E-3
4.068717500E-1,-7.961773081E-4,4.129704321E-4,-4.756264389E-4
4.169267500E-1,1.533077448E-3,5.440179375E-4,2.624937333E-4
4.269817500E-1,-9.319444653E-4,7.099328795E-4,2.880914137E-3
4.370377500E-1,4.962799139E-4,-1.853812719E-4,9.170565754E-4
4.470927500E-1,1.096556429E-3,1.756063197E-3,4.224969074E-3
4.571477500E-1,-1.272532740E-3,1.824775478E-3,1.175498124E-3
4.672027500E-1,-1.085578813E-3,-3.723324044E-4,-6.303912960E-4
4.772577500E-1,1.834575087E-3,-3.702269169E-5,-1.492128707E-3
4.873127500E-1,8.012685576E-4,1.555547584E-3,-2.766450867E-3
4.973677500E-1,4.064210225E-4,-2.233594889E-3,-9.300475940E-4
5.074227500E-1,9.843269363E-4,-3.637894697E-4,-1.625399105E-3
5.174777500E-1,1.945311436E-3,-3.613953013E-4,2.660993952E-3
5.275327500E-1,-4.395492724E-4,-1.545969397E-3,2.696680371E-3
5.375877500E-1,-9.347609594E-4,-8.532711072E-4,2.386992797E-3
5.476427500E-1,-1.580843935E-3,1.102554379E-3,1.007741317E-3
5.576977500E-1,4.826030345E-4,1.892972039E-3,1.014910638E-3
5.677527500E-1,-1.244456857E-3,4.908176488E-4,-1.976266503E-4
5.778087500E-1,-1.091359300E-3,1.390155172E-3,-1.223787665E-3
5.878637500E-1,-9.571360424E-4,7.175665814E-6,-4.522698000E-4
5.979187500E-1,-4.823742434E-3,2.607746981E-3,-2.644103952E-4
6.079737500E-1,1.518309116E-3,6.015879335E-4,-1.488665584E-3
6.180287500E-1,8.376035839E-4,7.046526880E-4,9.520892054E-4
6.280837500E-1,-1.488313137E-4,1.781102503E-3,1.287114806E-3
6.381387500E-1,3.193728335E-4,-6.980466424E-5,1.427744981E-3
6.481937500E-1,-7.078083581E-4,-2.128960798E-3,1.272749621E-3
6.582487500E-1,-5.073003704E-4,-1.614446403E-3,1.575038303E-3
6.683037500E-1,-3.911662498E-5,8.029049495E-4,-2.058046404E-3
6.783587500E-1,6.766333245E-4,-1.715901075E-3,-2.585356124E-4
6.884137500E-1,1.850288361E-3,-3.704422852E-5,-4.928936251E-4
6.984687500E-1,1.447391696E-6,-4.759400326E-4,-1.447054092E-3
7.085237500E-1,5.801522639E-4,-1.010702807E-3,-5.117515102E-4
7.185797500E-1,1.544711646E-3,4.987681168E-4,1.426585484E-3
7.286347500E-1,-1.037489274E-3,-4.530456208E-4,-5.812617019E-5
7.386897500E-1,5.246017827E-4,2.630698145E-4,-1.930665225E-3
7.487447500E-1,3.341857519E-4,2.207255311E-4,-9.836452082E-4
7.587997500E-1,1.147255651E-3,-9.193128790E-5,-1.728488132E-5
7.688547500E-1,-1.987059077E-4,2.062832471E-3,1.032000873E-3
7.789097500E-1,9.693580796E-4,1.725057955E-4,3.937412985E-4
7.889647500E-1,-3.305575228E-5,6.758432137E-4,2.470011823E-4
7.990197500E-1,-1.382382470E-5,-2.288498508E-4,2.943868283E-3
8.090747500E-1,-8.513880312E-4,3.482571628E-4,2.033600118E-3
8.191297500E-1,1.054180320E-3,1.678496134E-3,3.180881962E-3
8.291847500E-1,4.914543824E-4,7.557107601E-4,-9.294180200E-5
8.392397500E-1,-3.030517837E-4,-1.857146504E-3,5.635470152E-4
8.492947500E-1,-1.045274781E-3,1.207833120E-4,6.660120562E-5
8.593507500E-1,2.048470196E-5,2.302017092E-4,-2.638576552E-3
8.694057500E-1,-2.905796748E-3,-1.231873641E-3,-1.075300854E-3
8.794607500E-1,-2.992191003E-4,-1.836434705E-3,-1.338062808E-3
8.895154167E-1,-1.393778366E-3,-4.344599787E-3,1.903250813E-4
8.995704167E-1,-1.204708475E-3,-5.741149653E-4,2.166874707E-3
9.096254167E-1,-8.574322565E-4,4.306957126E-4,9.343638085E-4
9.196804167E-1,-6.946407375E-4,-9.139367612E-4,-7.679695264E-4
9.297354167E-1,-2.379086218E-4,1.516197808E-3,-1.721381210E-3
9.397904167E-1,-2.582262678E-4,-7.531707524E-5,7.266341709E-4
9.498454167E-1,-2.118444303E-3,-1.612493652E-3,-2.153840847E-3
9.599004167E-1,-1.016328693E-3,-6.319209933E-4,6.130058318E-4
9.699554167E-1,1.285643084E-4,-1.555505209E-3,-1.917263493E-3
9.800104167E-1,8.311222773E-4,-1.241791644E-3,1.913052984E-4
9.900654167E-1,-4.890066921E-4,9.851437062E-4,4.563014954E-5
1.000121417E0,-7.904004306E-4,-2.820091904E-4,2.073574811E-3
1.010176417E0,8.522373391E-4,-7.190339384E-4,-9.760111570E-4
1.020231417E0,-1.167779556E-3,-9.161087801E-4,1.111214049E-3
1.030286417E0,-3.579123295E-4,-1.675642328E-3,-1.820659731E-3
1.040341417E0,1.235172618E-3,5.790041178E-4,-1.347821206E-3
1.050396417E0,1.157141989E-3,3.848596825E-4,-3.914395347E-5
1.060451417E0,-1.845185063E-3,9.867488407E-4,-1.466694754E-3
1.070506417E0,9.660478681E-4,1.337753492E-3,-1.739935484E-3
1.080561417E0,9.111149702E-4,-1.163751236E-3,1.421233173E-3
1.090616417E0,2.464004327E-3,-2.086270368E-3,3.126987722E-3
1.100671417E0,3.393707739E-4,6.128393579E-7,1.996540930E-3
1.110726417E0,-2.207676414E-3,-1.080364222E-3,3.504408523E-4
1.120781417E0,-9.756434010E-4,-1.096046297E-3,1.710834913E-3
1.130837417E0,-1.062995056E-3,2.011793986E-4,-4.484560341E-4
1.140892417E0,3.651549923E-5,-8.488859748E-4,-3.981239162E-3
1.150947417E0,-4.058355698E-4,5.636546412E-4,-6.043505855E-4
1.161002417E0,1.492341748E-3,7.791297976E-4,6.109783426E-4
1.171057417E0,-3.159135347E-3,-1.488285605E-3,5.129738711E-4
1.181112417E0,3.791537602E-4,-5.814498290E-4,9.219394997E-4
1.191167417E0,1.969935402E-4,-6.994277937E-4,1.975752879E-3
1.201222417E0,-1.552113099E-3,3.301940742E-4,-2.042325214E-4
1.211277417E0,8.769561537E-4,4.329921212E-4,-1.260442194E-3
1.221332417E0,-1.777716330E-3,-5.856291391E-4,5.659777671E-4
1.231387417E0,-1.428016694E-4,1.459412597E-4,4.186760634E-5
1.241442417E0,1.736004022E-3,-1.054833061E-3,-4.936866462E-4
1.251497417E0,2.735488582E-3,3.758170642E-4,7.010074332E-4
1.261552417E0,-1.077466644E-3,-1.214851625E-3,-2.048523165E-3
1.271608417E0,-2.737247269E-4,-3.337923670E-3,-9.342567064E-4
1.281663417E0,-1.093825558E-3,-6.443373859E-4,3.099992871E-3
1.291718417E0,1.428188058E-3,-2.162871882E-3,4.533436149E-4
1.301773417E0,-2.474584151E-3,-2.088506939E-3,-1.602284610E-4
1.311828417E0,1.743862871E-3,-1.082897186E-3,2.196402755E-3
1.321883417E0,-5.850414163E-5,8.732923307E-4,-1.388567965E-3
1.331938417E0,-3.297973191E-3,1.931209990E-4,-2.008818090E-3
1.341993417E0,-3.140679793E-3,-5.119861453E-4,-2.915710211E-4
1.352048417E0,6.095838035E-4,-6.459431024E-4,1.752809621E-4
1.362103417E0,-1.693649101E-3,8.194106631E-4,-7.784105837E-4
1.372158417E0,-1.113878796E-3,-1.295405556E-3,-4.553692415E-4
1.382213417E0,-1.048563747E-3,1.988679403E-3,-3.410960734E-2
1.392268417E0,-2.861111192E-3,3.114131512E-3,-1.587412804E-1
1.402323417E0,-1.527569164E-2,-5.890437588E-2,-2.831833065E-1
1.412378417E0,-6.213817978E-4,-1.597928070E-2,-3.310211301E-1
1.422434417E0,-4.686079454E-3,-2.349045873E-2,-4.058624208E-1
1.432489417E0,-1.299993601E-2,-6.409966946E-2,-6.309416294E-1
1.442544417E0,-9.813059121E-3,-6.997779757E-2,-9.904577732E-1
1.452599417E0,-5.512320902E-3,-6.746643782E-2,-1.476341605E0
1.462654417E0,-1.360473130E-2,-7.024491578E-2,-1.833267689E0
1.472709417E0,-8.524751291E-3,-2.906099521E-2,-1.892478585E0
1.482764417E0,2.616004786E-3,3.452996537E-2,-1.868865728E0
1.492819417E0,1.067526266E-2,7.833071053E-2,-1.732377172E0
1.502874417E0,8.406684734E-3,9.278661013E-2,-1.480151772E0
1.512929417E0,2.463545464E-2,1.418364346E-1,-1.094340324E0
1.522984417E0,4.544223100E-2,1.618618220E-1,-8.508406878E-1
1.533039417E0,8.905015886E-2,3.709575236E-1,-9.793475270E-1
1.543094417E0,2.037608922E-1,6.846091747E-1,-1.013828874E0
1.553149417E0,2.253348976E-1,8.078956604E-1,-9.019278884E-1
1.563205417E0,1.561690569E-1,2.188153714E-1,-7.305284739E-1
1.573260417E0,1.605409086E-1,1.087613180E-1,-3.679960966E-1
1.583315417E0,2.192637771E-1,-1.983368210E-2,-1.885333061E-1
1.593370417E0,2.314056605E-1,-4.234432057E-2,-7.244638354E-2
1.603425417E0,1.617565006E-1,-1.147583276E-1,8.628606796E-3
1.613480417E0,-9.267719463E-3,-9.444160759E-2,2.612078190E-2
1.623535417E0,-1.792485416E-1,-2.117671259E-2,3.906785697E-2
1.633590417E0,-1.962232590E-1,2.346356213E-1,9.098032117E-2
1.643645417E0,5.267203599E-2,1.348064423E0,1.978002489E-1
1.653700417E0,8.497857302E-2,2.412688494E0,2.525625527E-1
1.663755417E0,-2.625591159E-1,2.879993677E0,2.559653223E-1
1.673810417E0,-6.083569527E-1,2.794009209E0,1.507430226E-1
1.683865417E0,-6.033954024E-1,2.863782644E0,-1.392433345E-1
1.693920417E0,-2.820956409E-1,3.406226158E0,-5.146225095E-1
1.703976417E0,1.906543784E-2,4.250110626E0,-7.437325120E-1
1.714031417E0,1.093322188E-1,5.280016422E0,-7.250778675E-1
1.724086417E0,-4.627690911E-1,5.792667389E0,-6.762999296E-1
1.734141417E0,-1.189866424E0,6.147258282E0,-7.432518005E-1
1.744196417E0,-1.681628585E0,6.327029228E0,-8.388891816E-1
1.754251417E0,-2.263093472E0,6.030241013E0,-1.261712313E0
1.764306417E0,-2.705295324E0,5.113757133E0,-1.875501871E0
1.774361417E0,-2.918487787E0,4.046288013E0,-2.144750595E0
1.784416417E0,-2.946109533E0,3.035192013E0,-2.098642826E0
1.794471417E0,-2.881373167E0,2.257110596E0,-1.994480968E0
1.804526417E0,-2.733088493E0,1.549437642E0,-1.981349349E0
1.814581417E0,-2.399218559E0,1.117466092E0,-2.202005148E0
1.824636417E0,-2.087700605E0,4.605894089E-1,-2.049475908E0
1.834691417E0,-1.830349326E0,3.590225577E-1,-1.600683928E0
1.844747417E0,-1.460877299E0,7.656059861E-1,-1.407755375E0
1.854802417E0,-1.085711122E0,9.016059041E-1,-1.480379224E0
1.864857417E0,-6.696820855E-1,8.678556681E-1,-1.596691847E0
1.874912417E0,-2.294567674E-1,9.506227374E-1,-1.842562556E0
1.884967750E0,8.209732175E-2,1.076661944E0,-2.083385468E0
1.895022750E0,1.533461958E-1,9.686858654E-1,-2.084486485E0
1.905077750E0,5.069449544E-2,6.288353801E-1,-1.780348659E0
1.915132750E0,-2.218395621E-1,4.751939178E-1,-1.514610171E0
1.925187750E0,-5.337539315E-1,4.113286436E-1,-1.375522971E0
1.935242750E0,-6.154855490E-1,2.559536994E-1,-1.313441515E0
1.945297750E0,-5.524632931E-1,1.511263400E-1,-1.327419043E0
1.955352750E0,-4.666990936E-1,1.143036187E-1,-1.371159911E0
1.965407750E0,-3.718967438E-1,4.970838130E-2,-1.445069432E0
1.975462750E0,-2.874774635E-1,-2.150100917E-1,-1.399591446E0
1.985518750E0,-2.588968575E-1,-5.444862843E-1,-1.168543100E0
1.995573750E0,-2.824791372E-1,-7.059830427E-1,-8.890949488E-1
2.005628750E0,-3.066050708E-1,-9.095835686E-1,-5.829818845E-1
2.015683750E0,-2.879285812E-1,-9.740679860E-1,-2.585193515E-1
2.025738750E0,-3.068351448E-1,-9.765788317E-1,1.050635129E-1
2.035793750E0,-3.197331131E-1,-9.850288033E-1,2.480166703E-1
2.045848750E0,-4.927537441E-1,-1.335591555E0,1.114567965E-1
2.055903750E0,-7.055025101E-1,-1.016657233E0,-1.764258444E-1
2.065958750E0,-9.599947333E-1,-9.906256795E-1,-2.663020492E-1
2.076013750E0,-1.141292930E0,-8.077791929E-1,-2.970863283E-1
2.086068750E0,-1.173779368E0,-6.149178147E-1,-3.625113070E-1
2.096123750E0,-1.101594090E0,-4.432834685E-1,-3.496985734E-1
2.106178750E0,-9.519898891E-1,-2.043143064E-1,-3.239937127E-1
2.116233750E0,-8.325918913E-1,9.111174941E-2,-3.229106069E-1
2.126289750E0,-7.201710343E-1,2.571790218E-1,-3.130770028E-1
2.136344750E0,-6.173200607E-1,3.646490276E-1,-2.297048718E-1
2.146399750E0,-5.607749820E-1,4.371783435E-1,-9.362255037E-2
2.156454750E0,-5.318666697E-1,4.974970818E-1,3.967478871E-2
2.166509750E0,-5.016201735E-1,4.174653590E-1,1.062617674E-1
2.176564750E0,-4.652017355E-1,3.484839201E-1,1.428418905E-1
2.186619750E0,-3.840120733E-1,2.612757683E-1,1.738890558E-1
2.196674750E0,-2.154765874E-1,3.388983905E-1,1.272166222E-1
2.206729750E0,-6.260833889E-2,3.433184028E-1,-2.402079701E-1
2.216784750E0,-9.767844528E-2,3.706517518E-1,-5.167601705E-1
2.226839750E0,-1.949797124E-1,9.034983516E-1,-5.938876867E-1
2.236894750E0,-3.190071285E-1,1.170749784E0,-5.260050893E-1
2.246949750E0,-4.445523322E-1,1.133587718E0,-4.471357465E-1
2.257004750E0,-5.472251773E-1,1.188144207E0,-3.739837706E-1
2.267059750E0,-6.258969307E-1,1.116923332E0,-3.224445581E-1
2.277115750E0,-6.894077063E-1,7.622373700E-1,-2.282125652E-1
2.287170750E0,-6.821506023E-1,4.662110806E-1,3.568065912E-2
2.297225750E0,-7.214490175E-1,5.004342794E-1,2.938592136E-1
2.307280750E0,-7.007483840E-1,2.117840946E-1,4.719005823E-1
2.317335750E0,-6.275138259E-1,1.005627811E-1,5.101763010E-1
2.327390750E0,-5.606428385E-1,6.100098789E-2,4.759339392E-1
2.337445750E0,-4.917505383E-1,-2.450485900E-2,4.216115773E-1
2.347500750E0,-4.408696592E-1,-8.107626438E-2,3.613242209E-1
2.357555750E0,-3.615596592E-1,-1.205938458E-1,3.322265446E-1
2.367610750E0,-2.100552320E-1,-1.401766241E-1,3.375881910E-1
2.377665750E0,-4.832040984E-3,-1.507357806E-1,3.508137167E-1
2.387720750E0,2.372682095E-1,-1.861925572E-1,3.610220551E-1
2.397775750E0,5.043973923E-1,-2.783848047E-1,3.543319106E-1
2.407830750E0,7.629246712E-1,-3.456522822E-1,3.616113067E-1
2.417886750E0,1.000009418E0,-4.186148942E-1,3.553427756E-1
2.427941750E0,1.199261427E0,-4.914193451E-1,3.093437552E-1
2.437996750E0,1.344358206E0,-5.566039085E-1,2.650119960E-1
2.448051750E0,1.442600012E0,-5.858667493E-1,2.476915717E-1
2.458106750E0,1.508906603E0,-5.665113926E-1,2.556072772E-1
2.468161750E0,1.537605047E0,-5.277501941E-1,2.941346467E-1
2.478216750E0,1.510466933E0,-4.939490557E-1,3.174410462E-1
2.488271750E0,1.429974914E0,-4.643315375E-1,3.223786652E-1
2.498326750E0,1.296618700E0,-4.482239187E-1,3.062428534E-1
2.508381750E0,1.121114016E0,-4.215382636E-1,2.653802037E-1
2.518436750E0,9.183284640E-1,-4.162665308E-1,1.777563244E-1
2.528491750E0,7.025274038E-1,-4.544314444E-1,9.296292812E-2
2.538546750E0,4.958594739E-1,-4.908965230E-1,2.113028616E-2
2.548601750E0,3.319353163E-1,-5.114396214E-1,-3.294177726E-2
2.558657750E0,2.313474715E-1,-4.785735607E-1,-6.793012470E-2
2.568712750E0,1.749211699E-1,-4.063859284E-1,-1.003466845E-1
2.578767750E0,1.453840435E-1,-3.421238661E-1,-1.243012920E-1
2.588822750E0,1.056313440E-1,-2.999441624E-1,-1.444965452E-1
2.598877750E0,5.326640606E-2,-2.772577405E-1,-1.760885566E-1
2.608932750E0,-5.250438582E-3,-2.605504394E-1,-2.221190184E-1
2.618987750E0,-6.230759993E-2,-2.368030250E-1,-2.635149360E-1
2.629042750E0,-1.234688982E-1,-1.822287291E-1,-2.997702956E-1
2.639097750E0,-1.745190322E-1,-1.245188192E-1,-3.045738339E-1
2.649152750E0,-2.103699148E-1,-6.369433552E-2,-2.564979196E-1
2.659207750E0,-2.478680313E-1,7.355600595E-3,-1.774856448E-1
2.669262750E0,-2.639889121E-1,3.126234282E-3,-1.103272960E-1
2.679317750E0,-2.254801393E-1,-2.011224255E-2,-7.420285046E-2
2.689372750E0,-1.249461994E-1,-2.019106969E-2,-5.937555060E-2
2.699427750E0,1.787780598E-2,3.024627082E-2,-5.934518948E-2
2.709483750E0,1.768459976E-1,9.741199017E-2,-5.757087842E-2
2.719538750E0,3.097864687E-1,9.309713542E-2,-2.930142358E-2
2.729593750E0,4.154719114E-1,5.794340745E-2,4.298262671E-2
2.739648750E0,4.899432063E-1,5.110947043E-2,1.301686615E-1
2.749703750E0,5.318049788E-1,1.932171360E-2,2.064991444E-1
2.759758750E0,5.348889232E-1,-1.038291864E-2,2.736571729E-1
2.769813750E0,5.049420595E-1,-6.579137407E-3,3.293039799E-1
2.779868750E0,4.384596646E-1,2.413616329E-2,3.598765433E-1
2.789923750E0,3.411276639E-1,6.874679029E-2,3.359840512E-1
2.799978750E0,2.132954001E-1,1.328237653E-1,2.627985179E-1
2.810033750E0,7.198453695E-2,1.710510552E-1,1.796365380E-1
2.820088750E0,-7.390528917E-2,2.091901749E-1,9.261056036E-2
2.830143750E0,-2.161001265E-1,2.358302921E-1,8.701800369E-3
2.840198750E0,-3.479215503E-1,2.260197401E-1,-9.700785577E-2
2.850253750E0,-4.521107674E-1,2.074117213E-1,-1.993818581E-1
2.860309750E0,-5.269317627E-1,1.803809106E-1,-2.650679052E-1
2.870364750E0,-5.524774790E-1,1.639907509E-1,-2.738488913E-1
2.880419750E0,-5.408173800E-1,1.651774496E-1,-2.229460329E-1
2.890474167E0,-4.904418886E-1,1.827268749E-1,-1.284434199E-1
2.900529167E0,-4.115327001E-1,1.856536865E-1,-2.863666601E-2
2.910584167E0,-3.081089258E-1,1.898609549E-1,5.513595790E-2
2.920639167E0,-1.867297590E-1,1.948589087E-1,1.150075421E-1
2.930694167E0,-5.095381290E-2,1.752455086E-1,1.256951839E-1
2.940749167E0,8.627913892E-2,1.281917244E-1,9.387440979E-2
2.950804167E0,2.052040994E-1,6.686923653E-2,3.989239782E-2
2.960859167E0,2.950306535E-1,1.880156994E-2,1.249033399E-2
2.970914167E0,3.349183202E-1,-2.270376869E-2,2.621475607E-2
2.980969167E0,3.218856156E-1,-3.244800866E-2,5.484666675E-2
2.991024167E0,2.609256804E-1,-1.763071679E-2,5.531488359E-2
3.001079167E0,1.574850529E-1,-5.434503313E-3,2.969314530E-2
3.011135167E0,2.738762088E-2,9.393428452E-3,-1.235048845E-2
3.021190167E0,-1.193525493E-1,2.090494148E-2,-5.815313011E-2
3.031245167E0,-2.545913160E-1,3.454621136E-2,-8.681344986E-2
3.041300167E0,-3.652970791E-1,3.307880834E-2,-1.051559672E-1
3.051355167E0,-4.344503582E-1,4.205178842E-2,-1.350928396E-1
3.061410167E0,-4.494913518E-1,5.982252955E-2,-1.948134303E-1
3.071465167E0,-4.393958151E-1,8.482773602E-2,-2.710739374E-1
3.081520167E0,-4.101391137E-1,1.344456226E-1,-3.375309706E-1
3.091575167E0,-3.814667761E-1,1.996598095E-1,-3.890275955E-1
3.101630167E0,-3.486315906E-1,2.467668653E-1,-4.242068827E-1
3.111685167E0,-3.562495708E-1,4.121355414E-1,-4.496327639E-1
3.121740167E0,-4.818727374E-1,4.317880571E-1,-5.288125277E-1
3.131795167E0,-6.006837487E-1,3.442990184E-1,-5.937305689E-1
3.141850167E0,-6.302341819E-1,2.470736504E-1,-5.847392082E-1
3.151905167E0,-5.500479341E-1,1.173670515E-1,-4.889931381E-1
3.161961167E0,-4.659317434E-1,-3.188014627E-1,-3.280905187E-1
3.172016167E0,-4.345486760E-1,1.533868164E-1,-6.393169612E-2
3.182071167E0,-3.340878487E-1,2.046553344E-1,6.151304394E-2
3.192126167E0,-1.846521646E-1,1.650733203E-1,-1.242470276E-2
3.202181167E0,-7.745727897E-2,2.010419667E-1,-1.704199314E-1
3.212236167E0,-2.243405953E-2,1.324088573E-1,-3.146529198E-1
3.222291167E0,-1.719162799E-2,-6.256861985E-2,-3.720962405E-1
3.232346167E0,-1.100075170E-1,-2.861644328E-1,-3.162207603E-1
3.242401167E0,-2.310580462E-1,-3.040384948E-1,-1.789510697E-1
3.252456167E0,-7.502032816E-2,-2.870693505E-1,-7.748759538E-2
3.262511167E0,1.484929174E-1,-1.644081771E-1,-7.459140569E-2
3.272566167E0,3.796590865E-1,-9.129641205E-2,-1.152198389E-1
3.282621167E0,5.726748705E-1,-1.390681230E-2,-1.091331840E-1
3.292676167E0,7.008526921E-1,2.351903468E-1,-1.302505583E-1
3.302731167E0,5.473698974E-1,1.434497684E-1,-1.478013247E-1
3.312787167E0,3.656926155E-1,2.929090261E-1,-2.010246068E-1
3.322842167E0,2.392667830E-1,3.922697008E-1,-1.916468143E-1
3.332897167E0,1.085597947E-1,1.659359187E-1,-1.163016111E-1
3.342952167E0,-2.072178060E-3,3.964405060E-1,2.679429762E-2
3.353007167E0,-4.918406904E-2,1.977266073E-1,8.375395089E-2
3.363062167E0,-1.755024120E-2,1.025460288E-1,1.422699839E-1
3.373117167E0,7.281840593E-2,8.418885618E-2,2.522557974E-1
3.383172167E0,2.012442946E-1,5.114381760E-2,3.821349740E-1
3.393227167E0,3.383566141E-1,6.552436203E-2,5.027263761E-1
3.403282167E0,4.645254612E-1,1.169310883E-1,6.215541959E-1
3.413337167E0,5.445095301E-1,1.971018314E-1,6.736716032E-1
3.423392167E0,5.508134961E-1,3.212581575E-1,5.884315372E-1
3.433447167E0,4.719970822E-1,4.650366008E-1,3.401263952E-1
3.443502167E0,3.164530396E-1,6.006711125E-1,-4.793027788E-2
3.453557167E0,9.721980244E-2,6.409325004E-1,-4.938596189E-1
3.463612167E0,-1.442772448E-1,5.998154283E-1,-8.098244667E-1
3.473668167E0,-3.623172045E-1,5.444999933E-1,-8.685142398E-1
3.483723167E0,-5.353449583E-1,5.055781603E-1,-7.390257120E-1
3.493778167E0,-6.215453744E-1,4.699602425E-1,-5.258233547E-1
3.503833167E0,-6.116005778E-1,3.940731883E-1,-3.370419443E-1
3.513888167E0,-5.188950896E-1,2.456802726E-1,-2.092008591E-1
3.523943167E0,-3.455731273E-1,8.392439783E-2,-7.839010656E-2
3.533998167E0,-1.144487262E-1,-2.419781499E-2,6.336413324E-2
3.544053167E0,1.044801623E-1,6.836460531E-2,2.376003861E-1
3.554108167E0,2.170591950E-1,1.943084151E-1,2.989160120E-1
3.564163167E0,1.445924491E-1,5.393470526E-1,2.989439666E-1
3.574218167E0,-1.050247401E-1,5.529264808E-1,2.406177074E-1
3.584273167E0,-2.758401632E-1,4.989684820E-1,1.578855366E-1
3.594328167E0,-2.178141475E-1,4.788368642E-1,-1.779200323E-2
3.604383167E0,3.078928031E-2,4.565568566E-1,-2.982713282E-1
3.614438167E0,3.744976223E-1,4.968217015E-1,-4.065401852E-1
3.624494167E0,6.404254436E-1,4.047964513E-1,-2.824922800E-1
3.634549167E0,7.576505542E-1,3.348629177E-1,-2.706794068E-2
3.644604167E0,7.143030763E-1,2.291830778E-1,1.650242656E-1
3.654659167E0,6.193833351E-1,5.700358003E-2,2.690480351E-1
3.664714167E0,4.906727374E-1,9.363055974E-2,3.046864569E-1
3.674769167E0,3.665397465E-1,-6.342566013E-2,3.022513986E-1
3.684824167E0,3.370681405E-1,-1.308995187E-1,2.425995171E-1
3.694879167E0,4.522038102E-1,-2.115631700E-1,1.675172150E-1
3.704934167E0,6.203363538E-1,-2.450564206E-1,1.137623712E-1
3.714989167E0,7.626466155E-1,-2.684086263E-1,4.642855749E-2
3.725044167E0,8.027815223E-1,-2.523087561E-1,-1.641325280E-2
3.735099167E0,7.049621940E-1,-1.727049947E-1,-4.843076691E-2
3.745154167E0,5.222914219E-1,-2.938060276E-2,-4.794660583E-2
3.755209167E0,3.055274487E-1,3.449186683E-2,-1.680576429E-2
3.765264167E0,8.691175282E-2,2.402111515E-2,5.180845037E-2
3.775319167E0,-6.861346960E-2,-1.011926588E-2,9.460031986E-2
3.785374167E0,-1.263353676E-1,-6.057684496E-2,4.745464399E-2
3.795430167E0,-1.177379340E-1,-1.272994280E-1,1.336606499E-2
3.805485167E0,-9.484886378E-2,-2.002812177E-1,1.204640269E-1
3.815540167E0,-8.207480609E-2,-2.980919480E-1,3.410391510E-1
3.825595167E0,-7.092282176E-2,-3.181407452E-1,5.185404420E-1
3.835650167E0,-5.168553069E-2,-2.461355329E-1,5.720025897E-1
3.845705167E0,-5.701078847E-2,-1.480499655E-1,5.760764480E-1
3.855760167E0,-1.516618878E-1,-1.228404939E-1,4.550993443E-1
3.865815167E0,-3.478002250E-1,2.163412236E-2,2.980575264E-1
3.875870167E0,-6.011616588E-1,7.636546157E-3,2.127401233E-1
3.885925167E0,-7.747254372E-1,-7.247746736E-2,1.172423586E-1
3.895981125E0,-8.617862463E-1,-5.005524680E-2,-3.932294622E-2
3.906036125E0,-9.497174025E-1,2.094808780E-2,-2.403223664E-1
3.916091125E0,-1.049106717E0,1.135041341E-1,-3.610425889E-1
3.926146125E0,-1.151385903E0,2.763569653E-1,-3.277312517E-1
3.936201125E0,-1.240281820E0,3.056463897E-1,-1.665562987E-1
3.946257125E0,-1.342645288E0,2.941047847E-1,5.195500329E-2
3.956312125E0,-1.641982555E0,4.135638177E-1,1.897174418E-1
3.966367125E0,-2.098900557E0,4.032310247E-1,1.392436177E-1
3.976422125E0,-2.440582752E0,3.164205253E-1,-9.969212115E-2
3.986477125E0,-2.613308907E0,1.688781828E-1,-4.026868939E-1
3.996532125E0,-2.654053211E0,1.444703043E-1,-6.550011039E-1
4.006587125E0,-2.618609428E0,9.703115374E-2,-7.796178460E-1
4.016642125E0,-2.475378513E0,-1.049810648E-1,-7.145459652E-1
4.026697125E0,-2.280939341E0,-1.531531215E-1,-5.193263888E-1
4.036752125E0,-2.123233795E0,-1.810100675E-1,-2.757979929E-1
4.046807125E0,-1.906829953E0,-2.840104997E-1,-7.112181187E-2
4.056862125E0,-1.687706470E0,-2.366112620E-1,-4.777250346E-3
4.066917125E0,-1.425572634E0,8.927927352E-3,-5.479354411E-2
4.076972125E0,-1.100816488E0,2.110032439E-1,-1.377679557E-1
4.087027125E0,-7.725273967E-1,3.112885654E-1,-2.271353900E-1
4.097082125E0,-4.405715764E-1,1.762615144E-1,-3.273877203E-1
4.107138125E0,-6.108177081E-2,3.257544711E-2,-3.521226048E-1
4.117193125E0,2.462520599E-1,-1.080993786E-1,-1.923974901E-1
4.127248125E0,4.996563494E-1,-4.077814221E-1,1.189864874E-1
4.137303125E0,7.497285008E-1,-7.354109883E-1,4.678200483E-1
4.147358125E0,9.512779117E-1,-9.542258382E-1,7.809997797E-1
4.157413125E0,1.132309318E0,-9.626057744E-1,9.086861610E-1
4.167468125E0,1.320447087E0,-8.700691462E-1,7.630274892E-1
4.177523125E0,1.595602632E0,-6.409127116E-1,5.152690411E-1
4.187578125E0,1.906478524E0,1.182735786E-1,5.253182054E-1
4.197633125E0,2.162804604E0,3.677145839E-1,8.359945416E-1
4.207688125E0,2.357387304E0,4.690926075E-1,9.818854332E-1
4.217743125E0,2.423361540E0,5.357842445E-1,8.945103884E-1
4.227798125E0,2.432075262E0,-3.887395933E-2,1.055393219E0
4.237853125E0,2.389324903E0,-7.839401364E-1,1.290306807E0
4.247908125E0,2.380719900E0,-1.125716686E0,1.225229979E0
4.257963125E0,2.401733637E0,-1.472293496E0,1.133902907E0
4.268018125E0,2.423275232E0,-1.726791859E0,1.150931716E0
4.278074125E0,2.332351685E0,-2.023235321E0,1.300054669E0
4.288129125E0,2.100722075E0,-2.374736786E0,1.452426076E0
4.298184125E0,1.709942460E0,-2.761113405E0,1.557244778E0
4.308239125E0,1.216691732E0,-3.098000288E0,1.499276638E0
4.318294125E0,8.346218467E-1,-3.090884686E0,1.371962070E0
4.328349125E0,6.638950706E-1,-2.954033613E0,1.354400396E0
4.338404125E0,7.263655066E-1,-2.812021017E0,1.395214915E0
4.348459125E0,8.602578044E-1,-2.745537996E0,1.490577340E0
4.358514125E0,9.027395248E-1,-2.752273321E0,1.674936295E0
4.368569125E0,8.498792052E-1,-2.910527945E0,1.764105797E0
4.378624125E0,7.763633132E-1,-3.296852350E0,1.692315578E0
4.388679125E0,8.519960642E-1,-3.683301449E0,1.571269035E0
4.398734125E0,1.075646281E0,-3.924047947E0,1.452340007E0
4.408789125E0,1.350394130E0,-3.959287167E0,1.363036513E0
4.418844125E0,1.553612351E0,-3.846488476E0,1.257676363E0
4.428899125E0,1.499025464E0,-3.485386610E0,1.265740633E0
4.438955125E0,1.233730435E0,-2.995192766E0,1.331937313E0
4.449010125E0,1.003823757E0,-2.549376726E0,1.364731550E0
4.459065125E0,8.583445549E-1,-2.304989815E0,1.321673632E0
4.469120125E0,7.371971011E-1,-2.067105532E0,1.167726398E0
4.479175125E0,6.580399275E-1,-1.807252288E0,9.764871597E-1
4.489230125E0,7.037587166E-1,-1.635410786E0,7.862144709E-1
4.499285125E0,8.672267199E-1,-1.547383785E0,5.746533871E-1
4.509340125E0,1.049606681E0,-1.500092864E0,3.174450099E-1
4.519395125E0,1.185149789E0,-1.457671165E0,1.895734966E-1
4.529450125E0,1.172781825E0,-1.401564479E0,2.387506217E-1
4.539505125E0,9.810114503E-1,-1.310941339E0,2.709555328E-1
4.549560125E0,7.265008688E-1,-1.148442984E0,2.745148540E-1
4.559615125E0,5.889238119E-1,-9.828026295E-1,3.282240927E-1
4.569670125E0,4.380964935E-1,-7.919794321E-1,3.121697605E-1
4.579725125E0,3.093630075E-1,-6.019988656E-1,2.769559026E-1
4.589780125E0,3.485562205E-1,-4.486830533E-1,2.483138442E-1
4.599836125E0,4.076542258E-1,-3.457835615E-1,2.280999422E-1
4.609891125E0,4.350166023E-1,-2.797443569E-1,2.379783988E-1
4.619946125E0,4.944530427E-1,-3.547349870E-1,2.820383310E-1
4.630001125E0,5.434885025E-1,-4.793682694E-1,2.782699764E-1
4.640056125E0,5.069372654E-1,-4.556783736E-1,1.977801919E-1
4.650111125E0,6.219695807E-1,-6.023288369E-1,2.116081268E-1
4.660166125E0,1.508525014E0,-1.274819016E0,-3.726508096E-2
4.670221125E0,1.647324920E0,-1.582171798E0,-2.516170740E-1
4.680276125E0,2.057642937E0,1.156594232E-1,-2.674413323E-1
4.690331125E0,1.282304287E0,-4.161698520E-1,2.764969878E-2
4.700386125E0,6.894990802E-1,-3.580676615E-1,-1.711196899E-1
4.710441125E0,2.204911113E-1,-5.720350742E-1,-1.909301579E-1
4.720496125E0,1.298206598E-1,-4.963800013E-1,-9.641232342E-2
4.730551125E0,2.854195535E-1,-1.001673751E-2,3.124976158E-2
4.740606125E0,3.751337826E-1,1.047031730E-1,6.904545426E-2
4.750661125E0,7.048525810E-1,-1.194754057E-2,6.295853853E-2
4.760716125E0,1.103667855E0,-6.879909337E-2,-2.265006863E-2
4.770772125E0,-1.565020531E-2,3.511586227E-3,-1.282907426E-1
4.780827125E0,-8.133043535E-3,9.994087741E-4,-8.737158030E-2
4.790882125E0,9.522115812E-3,9.402866126E-4,1.944993623E-2
4.800937125E0,1.192295575E-3,1.099453028E-2,4.664849862E-2
4.810992125E0,-9.185258532E-4,-3.694436746E-4,3.488132358E-2
4.821047125E0,-8.871088503E-4,1.961897127E-3,4.665785935E-3
4.831102125E0,-2.018686151E-3,2.799727488E-3,1.107175462E-2
4.841157125E0,1.267282292E-3,-6.566615310E-3,4.095867276E-3
4.851212125E0,-1.098382927E-4,-4.866719712E-3,-1.698638313E-3
4.861267125E0,-2.251544036E-3,-5.247829482E-3,-2.018640283E-3
4.871322125E0,2.815652639E-3,-2.968696179E-3,-1.281477511E-3
4.881377125E0,-1.154968748E-3,-1.170524629E-3,2.000756096E-3
4.891432000E0,2.486371202E-3,-1.781187486E-3,-8.011553437E-4
4.901487000E0,1.838532044E-3,-1.233680989E-3,-9.098197334E-4
4.911542000E0,-2.008670475E-3,-1.045395504E-3,-4.850458354E-4
4.921597000E0,-1.524053863E-3,-1.436026068E-3,-1.637190115E-3
4.931652000E0,-1.836975222E-3,7.829196984E-4,-6.182650104E-4
4.941708000E0,-2.598714083E-3,-2.087182598E-3,-1.168556977E-3
4.951763000E0,-1.824281353E-4,-2.196372021E-3,1.361978706E-3
4.961818000E0,3.029681684E-4,-1.233662828E-3,3.253188916E-4
4.971873000E0,-8.222174365E-4,1.057720976E-3,-1.316890121E-5
4.981928000E0,-1.719375956E-3,7.554645417E-4,1.458344515E-3
4.991983000E0,2.729349071E-4,1.913939603E-3,2.673785202E-4
5.002038000E0,-8.012324106E-4,2.446843777E-3,2.401010133E-4
5.012093000E0,1.526903012E-3,-3.782372805E-4,-4.730932415E-4
5.022148000E0,2.145201288E-4,-2.767719561E-4,-3.250161884E-3
5.032203000E0,1.065400080E-3,1.952293795E-3,-2.039222512E-3
5.042258000E0,1.308135979E-4,1.943229116E-3,-3.531011753E-4
5.052313000E0,6.706363056E-4,9.948774241E-4,1.044792123E-3
5.062368000E0,-3.765580186E-4,-1.037089271E-3,-7.102610543E-4
5.072423000E0,1.790456125E-3,-7.782300236E-4,2.704710700E-3
5.082478000E0,-4.672490759E-4,9.786421433E-4,-3.968509845E-4
5.092533000E0,1.282337180E-4,-1.749499934E-3,-2.551707439E-4
5.102588000E0,6.314339116E-4,-2.122602658E-3,-7.376577705E-4
5.112644000E0,-3.850946960E-4,-1.659745118E-3,-1.488136593E-3
5.122699000E0,-1.907266094E-3,8.659926243E-4,1.655228902E-3
5.132754000E0,-1.493943506E-3,7.663904689E-4,-4.617176019E-4
5.142809000E0,1.576833194E-3,8.449587040E-4,1.064883545E-4
5.152864000E0,2.963853185E-4,-8.533390937E-4,-1.332151238E-3
5.162919000E0,-1.136730309E-3,1.541378093E-3,7.350463420E-5
5.172974000E0,5.682253977E-4,-9.486775380E-4,-2.261821646E-3
5.183029000E0,-2.600405423E-4,2.774425666E-4,-1.662419178E-3
5.193084000E0,4.782085307E-5,-1.200345461E-3,9.546689689E-4
5.203139000E0,1.723960275E-3,7.000949699E-4,-3.073889762E-3
5.213194000E0,5.268693785E-4,-1.105261850E-3,-3.202725202E-5
5.223249000E0,3.383590141E-3,1.990647754E-3,-2.240482718E-4
5.233304000E0,-8.811958251E-4,4.004741786E-4,-1.319140196E-3
5.243359000E0,5.937917158E-4,1.422601053E-3,1.078581437E-3
5.253414000E0,-1.159406675E-4,-9.726460557E-4,7.281093858E-4
5.263469000E0,2.868208394E-4,-1.175086654E-4,-2.926434390E-4
5.273524000E0,-2.279681794E-4,1.420200570E-3,-7.038353942E-4
5.283580000E0,-1.240745420E-3,-1.803601917E-4,2.816100605E-4
5.293635000E0,4.660744744E-4,-1.013130764E-3,-1.432400197E-3
5.303690000E0,-2.203969634E-4,1.138965599E-3,2.409778535E-3
5.313745000E0,-1.972756814E-3,-2.016347833E-3,-1.293879468E-3
5.323800000E0,1.066267723E-3,2.239645459E-3,9.930143133E-4
5.333855000E0,-3.079475136E-3,-4.458861949E-4,2.042565495E-3
5.343910000E0,-2.314228332E-3,3.504162887E-4,1.333127730E-4
5.353965000E0,3.071211686E-4,3.709226148E-4,1.444979571E-4
5.364020000E0,1.369281323E-3,-1.044547244E-4,-3.966190852E-4
5.374075000E0,-1.293347101E-3,-4.639814433E-4,-3.524105996E-4
5.384130000E0,1.386806136E-3,7.083720411E-4,3.121144138E-3
5.394185000E0,3.699495224E-3,-1.178743783E-3,-6.745848805E-5
5.404240000E0,-5.691484548E-4,9.877901757E-4,2.136496361E-3
5.414295000E0,-8.338666521E-4,1.323828474E-4,7.694954984E-4
5.424350000E0,6.572598941E-4,-3.045235353E-4,-1.222807448E-3
5.434405000E0,2.207678044E-4,-7.924146485E-4,5.524558946E-4
5.444460000E0,-1.111280522E-3,-8.391968440E-4,2.133127768E-3
5.454515000E0,-1.588785322E-3,-5.651575048E-4,-2.930117771E-4
5.464571000E0,-2.133120317E-3,9.268460562E-4,-2.075224183E-4
5.474626000E0,-7.661198033E-4,-5.725136725E-4,1.039369497E-3
5.484681000E0,-2.872228390E-3,1.472653355E-3,-1.540700905E-4
5.494736000E0,-1.895913621E-3,5.370848812E-4,-6.544776261E-4
5.504791000E0,1.670036581E-3,-1.453835866E-4,-1.146475784E-3
5.514846000E0,2.532348735E-4,8.200122975E-4,6.828494370E-4
5.524901000E0,1.108116121E-4,-2.411113121E-3,2.275197767E-4
5.534956000E0,-3.139625769E-4,-5.069531035E-4,-1.812754199E-4
5.545011000E0,-9.410598432E-4,-1.516736345E-3,1.277769916E-4
5.555066000E0,-8.405453991E-5,-7.739808061E-4,-3.217644989E-4
5.565121000E0,-2.429488814E-4,1.047417521E-3,3.118398599E-4
5.575176000E0,-4.161257762E-3,2.839724999E-3,2.769520506E-4
5.585231000E0,-1.714676153E-3,-8.161619771E-4,-2.504158765E-3
5.595286000E0,8.326373645E-4,7.242103457E-4,-2.037573140E-3
5.605341000E0,1.655580942E-3,-9.444500320E-4,7.239477709E-4
5.615396000E0,3.381151473E-4,-3.447061463E-4,-1.698197331E-3
5.625451000E0,9.390700725E-4,1.971775200E-3,9.101917967E-4
5.635507000E0,3.411904327E-4,9.475233965E-4,5.658450536E-4
5.645562000E0,-8.394059259E-4,-1.014072215E-3,-8.131740615E-4
5.655617000E0,7.659476250E-4,-1.216472359E-3,4.848507233E-4
5.665672000E0,-1.582161291E-3,-9.977181908E-4,9.293826297E-4
5.675727000E0,-9.952005930E-4,7.394617423E-4,9.458940476E-4
5.685782000E0,-1.588414889E-4,-1.660200069E-3,1.122008543E-3
5.695837000E0,1.587925944E-3,-1.733969664E-3,1.146243419E-3
5.705892000E0,1.213725423E-3,2.669123933E-3,-8.997367695E-4
5.715947000E0,8.387523703E-4,9.890733054E-5,2.221487928E-3
5.726002000E0,-4.583924310E-4,5.722435890E-4,3.332830966E-5
5.736057000E0,1.266270643E-3,2.748578787E-3,1.286691986E-4
5.746112000E0,2.177627757E-3,2.149120992E-4,-3.675362095E-4
5.756167000E0,-8.703601779E-4,6.783021381E-4,1.355349086E-4
5.766222000E0,-1.635922468E-3,8.786384133E-4,-8.959602565E-4
5.776277000E0,-4.857031163E-4,-1.856694231E-3,-5.707880482E-4
5.786332000E0,-2.212970983E-3,1.609664614E-4,7.399776950E-4
5.796387000E0,4.422004567E-4,2.802760864E-4,4.049520940E-4
5.806443000E0,5.519599654E-5,1.162610133E-3,1.011163462E-3
5.816498000E0,-1.049483195E-3,-1.340829767E-4,1.952324528E-3
5.826553000E0,2.113738563E-3,2.979059936E-4,4.276772961E-4
5.836608000E0,-2.396968193E-4,1.820967766E-3,-4.418450408E-4
5.846663000E0,2.839420049E-4,4.963095998E-4,-1.983316615E-4
5.856718000E0,1.408594893E-3,8.555700188E-4,-2.850573976E-3
5.866773000E0,-1.121355919E-3,7.229508483E-4,2.989239991E-3
5.876828000E0,7.279430865E-4,2.236081491E-4,-1.653980929E-3
5.886883000E0,7.435444277E-4,-8.383649401E-6,-1.456636470E-3
5.896937917E0,-3.157187486E-3,-7.796351565E-4,-7.109511644E-4
5.906992917E0,-9.854405653E-4,1.668077661E-3,-1.430006698E-3
5.917047917E0,-5.015442148E-4,-9.359612013E-4,-4.473002627E-4
5.927102917E0,-8.390771109E-4,-2.376908669E-4,1.433379017E-3
5.937157917E0,-1.924315235E-3,3.985383373E-4,-1.868408173E-3
5.947212917E0,5.587678170E-4,-8.411870804E-4,-2.866941504E-3
5.957267917E0,-7.709484780E-4,-5.333257141E-4,2.119392157E-4
5.967322917E0,1.514519798E-3,-1.554535120E-4,2.146462910E-3
5.977377917E0,-2.697801916E-3,2.426890424E-4,-4.212278873E-5
5.987432917E0,-2.914884593E-3,-1.028296538E-6,-2.618143801E-3
5.997488917E0,-9.103232296E-4,9.571770206E-4,1.946780365E-3
6.007543917E0,3.926582285E-4,7.571256137E-4,-1.453567296E-3
6.017598917E0,2.942102496E-3,6.498002331E-4,1.903346740E-3
6.027653917E0,1.311411848E-3,-1.003301819E-3,6.333468482E-4
6.037708917E0,-2.136316383E-3,4.446588573E-4,8.200346492E-4
6.047763917E0,-5.606421037E-4,3.140838817E-4,1.055430621E-4
6.057818917E0,-1.451889984E-4,1.432078891E-3,-3.477269784E-4
6.067873917E0,-1.870458247E-3,1.339525683E-3,-1.125156879E-3
6.077928917E0,-4.808209196E-4,-1.168106799E-3,8.636917919E-4
6.087983917E0,-3.053209977E-3,-8.108415641E-4,-1.246381551E-3
6.098038917E0,-1.709645148E-3,-1.189809409E-3,-9.643528610E-4
6.108093917E0,8.958249819E-4,1.051719009E-4,1.667183824E-4
6.118148917E0,9.187281830E-4,-8.873882471E-4,2.189166844E-4
6.128203917E0,-1.870247070E-3,4.050010815E-3,-7.811235264E-5
6.138258917E0,-6.662319065E-4,-6.158472970E-4,1.500876155E-3
6.148313917E0,-9.158800822E-4,-2.206616802E-3,-2.297251485E-4
6.158368917E0,1.903969824E-4,-2.161609242E-3,-1.405244227E-3
6.168424917E0,-1.080743736E-3,1.377251174E-4,-2.187983133E-3
6.178479917E0,1.438872889E-3,-9.022392333E-4,5.153915845E-4
6.188534917E0,-3.330201725E-4,-5.963342846E-5,-1.381795388E-3
6.198589917E0,-2.004686277E-3,1.780877123E-3,-3.021237440E-3
6.208644917E0,-2.022571163E-3,-9.177188622E-4,-1.118880231E-3
6.218699917E0,-2.182796597E-4,8.335758466E-4,1.303797122E-3
6.228754917E0,-5.602352321E-4,-2.265264047E-3,1.241490711E-3
6.238809917E0,-2.020400716E-4,-7.422022754E-4,1.775580458E-4
6.248864917E0,-9.854218224E-4,3.294475027E-4,6.823032163E-4
6.258919917E0,-2.254151972E-3,-1.214653254E-3,-1.748097595E-3
6.268974917E0,-1.735263970E-3,-2.181350021E-3,-9.642341174E-4
6.279029917E0,5.816861521E-4,2.740437863E-3,2.889359836E-3
6.289084917E0,1.855352020E-4,4.902947694E-5,1.944007352E-3
6.299139917E0,6.438652053E-4,-1.904133009E-3,-1.886524260E-4
6.309194917E0,-6.954978453E-4,-1.000809600E-3,4.510376602E-4
6.319249917E0,-2.727223560E-3,2.033063443E-3,-2.080947161E-4
6.329304917E0,-4.347608890E-3,-7.124383701E-4,8.387495764E-4
6.339359917E0,-3.226151690E-3,-3.126978700E-4,1.555406488E-3
6.349415917E0,-1.095949556E-3,-4.954134347E-4,-1.957658213E-3
6.359470917E0,-4.300797358E-3,-2.450706204E-3,3.912500106E-4
6.369525917E0,-6.073334953E-4,4.308526113E-4,1.838225871E-4
6.379580917E0,-5.739077460E-5,5.640106392E-4,-3.922190517E-4
6.389635917E0,9.345465805E-4,-6.317092339E-4,-4.029655829E-4
6.399690917E0,3.760817344E-4,3.595193557E-4,3.778748214E-5
6.409745917E0,-9.391402709E-4,1.562227029E-3,5.296990275E-5
6.419800917E0,1.194662473E-4,1.585929189E-3,-1.691374928E-4
6.429855917E0,-1.849727239E-3,6.389364717E-5,9.736823849E-4
6.439910917E0,-1.453981502E-3,9.851474897E-5,9.616981260E-4
6.449965917E0,-2.256946405E-3,-1.198145212E-3,-1.325302757E-3
6.460020917E0,-1.735765720E-3,7.454297156E-4,3.772559576E-4
6.470075917E0,1.356725348E-3,-1.254153321E-4,-2.528188750E-3
6.480130917E0,-6.603528745E-4,-1.208522939E-3,4.127398133E-4
6.490185917E0,-3.522019251E-4,2.072583156E-4,-1.317150891E-3
6.500240917E0,2.001233399E-3,-7.845028304E-4,1.675443258E-3
6.510295917E0,2.913977951E-3,2.986661857E-4,-2.828100696E-5
6.520350917E0,-1.250140602E-3,-1.031582709E-3,1.671081875E-3
6.530406917E0,-5.392826861E-4,-5.931655178E-4,-2.320567146E-4
6.540461917E0,-1.863471698E-5,-1.984850678E-4,1.024689525E-3
6.550516917E0,-9.313151822E-4,-2.137731761E-3,1.415500417E-3
6.560571917E0,-3.272233764E-3,-8.583489107E-4,5.483753048E-4
6.570626917E0,2.515571832E-4,-1.309120795E-3,-4.005297087E-4
6.580681917E0,-2.177245682E-3,-3.463879984E-4,-8.428809233E-4
6.590736917E0,6.766378647E-4,-9.319253732E-4,1.288040541E-3
6.600791917E0,1.452416647E-3,-6.091502728E-4,-8.624615148E-4
6.610846917E0,2.929749433E-3,2.298835316E-4,6.521795876E-4
6.620901917E0,2.099908423E-3,1.685034717E-3,-1.694597770E-3
6.630956917E0,8.415194461E-4,3.178630432E-4,-1.344146673E-3
6.641011917E0,-1.505258027E-3,1.864627004E-3,1.481999643E-3
6.651066917E0,-2.617622376E-4,-1.067685662E-3,-9.921598248E-4
6.661121917E0,-2.160862554E-3,8.700303151E-4,1.922403928E-3
6.671176917E0,9.748719749E-4,3.441717126E-5,5.506831221E-4
6.681231917E0,2.278552856E-4,-1.542706741E-3,9.432332590E-4
6.691286917E0,-4.742573947E-4,-5.969094345E-4,-1.053586602E-4
6.701341917E0,7.332197856E-4,-9.689530125E-4,-3.583589569E-4
6.711397917E0,8.625172777E-4,2.751840511E-3,-5.020415410E-4
6.721452917E0,-8.895763895E-4,-2.812568098E-3,8.503114805E-4
6.731507917E0,-1.279306365E-3,1.333082764E-4,1.308566425E-3
6.741562917E0,8.682666812E-4,-8.320671623E-5,1.903783064E-3
6.751617917E0,1.187019865E-3,8.780745557E-4,2.287905198E-3
6.761672917E0,-3.405693569E-4,-2.948621754E-3,-2.000050619E-3
6.771727917E0,2.903166169E-4,1.422063448E-3,7.665622979E-5
6.781782917E0,-2.338755876E-3,-1.045088982E-3,2.712919377E-3
6.791837917E0,-9.551055264E-4,3.026794875E-3,2.139064297E-2
6.801892917E0,1.482485794E-3,1.649674261E-3,2.622743547E-1
6.811947917E0,-2.376986668E-4,-8.421670645E-4,6.067632437E-1
6.822002917E0,3.669158788E-3,1.909921411E-5,7.519204021E-1
6.832057917E0,7.789616939E-5,6.950412644E-4,6.493630409E-1
6.842112917E0,1.831587753E-3,-4.346716451E-4,4.279283881E-1
6.852167917E0,3.109968500E-3,-5.907242885E-4,2.484881729E-1
6.862222917E0,-1.333515742E-3,-2.352671698E-3,1.257193834E-1
6.872277917E0,6.923635374E-5,1.076118322E-3,3.699566703E-3
6.882332917E0,-1.608555205E-3,-2.189183608E-3,-1.300190836E-1
6.892388250E0,-3.662192496E-3,-8.923764341E-3,-2.680507898E-1
6.902443250E0,2.012471203E-3,-5.240080878E-3,-4.600639045E-1
6.912498250E0,-8.937360253E-4,-2.873312915E-3,-6.691669226E-1
6.922553250E0,1.093514729E-3,1.316105598E-3,-5.498072505E-1
6.932608250E0,-3.457427956E-3,6.124149077E-3,-7.547392696E-2
6.942663250E0,-1.586823841E-3,9.674142115E-3,-2.111028731E-1
6.952718250E0,-6.625807146E-5,1.135408320E-2,-4.345848262E-1
6.962773250E0,-2.506512683E-3,6.857601460E-3,-5.417786837E-1
6.972828250E0,4.935697652E-4,3.264982952E-3,-4.874025881E-1
6.982883250E0,-4.662334686E-4,1.315549016E-3,-4.364683032E-1
6.992938250E0,-1.389087178E-3,1.839929260E-3,-4.246190786E-1
7.002993250E0,-5.043849815E-4,3.474045079E-3,-3.747428656E-1
7.013048250E0,-4.439760465E-3,1.197947859E-4,-3.214485347E-1
7.023103250E0,-2.325210720E-3,-6.376081728E-4,-2.778656483E-1
7.033158250E0,-5.271273549E-4,8.476262446E-4,-2.397567928E-1
7.043213250E0,2.097417833E-3,-5.847560242E-3,-1.973699182E-1
7.053268250E0,1.057133428E-3,-4.022479523E-3,-2.194792330E-1
7.063323250E0,1.889104955E-3,-8.331473917E-3,-4.025547504E-1
7.073379250E0,4.730660468E-3,-1.838358678E-2,-5.176891088E-1
7.083434250E0,1.265090145E-2,-1.281385124E-2,-6.377513409E-1
7.093489250E0,4.709195718E-2,1.023427919E-1,-6.547440290E-1
7.103544250E0,1.957213730E-1,3.297890127E-1,-5.851439238E-1
7.113599250E0,3.204614222E-1,2.349570543E-1,-8.596888781E-1
7.123654250E0,2.223305851E-1,7.611200958E-2,-9.802155495E-1
7.133709250E0,1.691186428E-1,-6.620695349E-3,-8.485568762E-1
7.143764250E0,1.844512671E-1,-1.146949604E-1,-5.670261383E-1
7.153819250E0,1.695753634E-1,-1.658209562E-1,-4.639205039E-1
7.163874250E0,1.490418613E-1,-7.100977004E-2,-6.714188457E-1
7.173929250E0,1.807247102E-1,1.108106375E-1,-9.827931523E-1
7.183984250E0,3.130462766E-1,6.177699566E-1,-8.842048049E-1
7.194039250E0,2.225591242E-1,1.592414737E0,-7.596636415E-1
7.204094250E0,2.370957285E-1,2.610330105E0,-7.772184014E-1
7.214149250E0,2.624325156E-1,3.471552610E0,-6.416355968E-1
7.224204250E0,3.046108782E-1,4.292181969E0,-5.491825938E-1
7.234259250E0,3.721196949E-1,4.930952072E0,-4.465675354E-1
7.244314250E0,3.752102852E-1,5.460244179E0,-3.250570893E-1
7.254370250E0,4.236517549E-1,5.985504150E0,-5.093438029E-1
7.264425250E0,4.671819210E-1,6.535788536E0,-6.857745051E-1
7.274480250E0,8.309525251E-2,6.600597382E0,-7.184453011E-1
7.284535250E0,-3.656851947E-1,6.833463192E0,-9.205160737E-1
7.294590250E0,-5.944596529E-1,6.753672123E0,-1.094614863E0
7.304645250E0,-8.771643639E-1,6.259022236E0,-1.721261024E0
7.314700250E0,-1.400924444E0,5.682268143E0,-2.118666649E0
7.324755250E0,-1.927357912E0,5.166618347E0,-2.082676411E0
7.334810250E0,-2.323703289E0,4.439162254E0,-1.982737660E0
7.344865250E0,-2.369447231E0,3.365976095E0,-2.069790602E0
7.354920250E0,-2.155421019E0,2.210064650E0,-2.259957075E0
7.364975250E0,-1.962985158E0,1.424520612E0,-2.515388250E0
7.375030250E0,-1.956425667E0,1.123263836E0,-2.712894440E0
7.385085250E0,-2.212550879E0,8.649174571E-1,-2.583266258E0
7.395140250E0,-2.586406469E0,1.073270202E0,-2.274303913E0
7.405195250E0,-2.661387682E0,1.211367846E0,-1.889104843E0
7.415250250E0,-2.262089014E0,1.039809465E0,-1.853157997E0
7.425305250E0,-1.603272438E0,6.768662930E-1,-2.157672644E0
7.435361250E0,-1.159677863E0,5.033578873E-1,-2.611401796E0
7.445416250E0,-9.956648946E-1,4.807604551E-1,-2.783167362E0
7.455471250E0,-1.002854228E0,3.721284866E-1,-2.571582079E0
7.465526250E0,-1.250736475E0,2.612903714E-1,-2.041736841E0
7.475581250E0,-1.591711402E0,5.195451379E-1,-1.569122076E0
7.485636250E0,-1.779002190E0,5.208985209E-1,-1.248980641E0
7.495691250E0,-1.695592165E0,2.076410204E-1,-1.176083803E0
7.505746250E0,-1.430338621E0,-2.379159480E-1,-1.377220392E0
7.515801250E0,-1.143825054E0,-7.562416792E-1,-1.614115357E0
7.525856250E0,-9.808499217E-1,-1.108893991E0,-1.813306212E0
7.535911250E0,-8.614985347E-1,-1.403283119E0,-1.871330857E0
7.545966250E0,-7.492383122E-1,-1.738544106E0,-1.698572397E0
7.556021250E0,-7.132018209E-1,-1.840904355E0,-1.375328064E0
7.566076250E0,-6.667128801E-1,-1.823517919E0,-1.013491511E0
7.576131250E0,-5.124974847E-1,-1.710572720E0,-7.696930170E-1
7.586186250E0,-3.158140182E-1,-1.520465612E0,-6.442522407E-1
7.596241250E0,3.291913867E-2,-1.294270515E0,-5.521849990E-1
7.606296250E0,4.223398566E-1,-1.076547265E0,-5.654576421E-1
7.616352250E0,4.648199975E-1,-1.053305864E0,-9.388481975E-1
7.626407250E0,1.260797679E-1,-9.333860874E-1,-1.191904426E0
7.636462250E0,-1.368149370E-1,-9.418775439E-1,-1.223857164E0
7.646517250E0,-5.158227086E-1,-6.472653747E-1,-1.102485776E0
7.656572250E0,-9.269320369E-1,-4.851864874E-1,-8.991889358E-1
7.666627250E0,-1.144263983E0,-4.608063102E-1,-8.227029443E-1
7.676682250E0,-1.115607977E0,-5.122015476E-1,-8.148857951E-1
7.686737250E0,-9.429802895E-1,-4.325349629E-1,-8.467252254E-1
7.696792250E0,-7.764492631E-1,-1.334001869E-1,-8.167163730E-1
7.706847250E0,-6.780605912E-1,2.074066699E-1,-7.265409231E-1
7.716902250E0,-6.614520550E-1,5.372822881E-1,-6.396618485E-1
7.726957250E0,-6.911111474E-1,6.560321450E-1,-6.172116399E-1
7.737012250E0,-6.551535130E-1,6.859189272E-1,-6.660988927E-1
7.747067250E0,-4.749433100E-1,6.265277863E-1,-7.185767293E-1
7.757122250E0,-1.352593899E-1,5.941341519E-1,-7.366899848E-1
7.767177250E0,2.244162261E-1,6.522978544E-1,-6.533841491E-1
7.777232250E0,6.048050523E-1,7.639032006E-1,-5.061893463E-1
7.787288250E0,9.070384502E-1,9.792538881E-1,-5.209717155E-1
7.797343250E0,8.846371770E-1,6.101701260E-1,-8.973793387E-1
7.807398250E0,6.235704422E-1,8.641278148E-1,-1.204714775E0
7.817453250E0,3.125692904E-1,8.853478432E-1,-1.338755012E0
7.827508250E0,-3.143523633E-2,7.082143426E-1,-1.234690666E0
7.837563250E0,-3.911536336E-1,9.171686769E-1,-7.287608385E-1
7.847618250E0,-7.794033289E-1,8.174111843E-1,-1.468023509E-1
7.857673250E0,-1.175243855E0,6.776772141E-1,2.284361571E-1
7.867728250E0,-1.528685570E0,5.206212997E-1,2.929874659E-1
7.877783250E0,-1.764115453E0,3.533588052E-1,2.302541137E-1
7.887838250E0,-1.863347411E0,1.403903514E-1,2.237155139E-1
7.897893667E0,-1.860759616E0,-5.377421039E-4,3.499899209E-1
7.907948667E0,-1.808302045E0,-1.547598094E-1,5.096778274E-1
7.918003667E0,-1.737523198E0,-9.411136806E-2,5.558303595E-1
7.928058667E0,-1.653849840E0,1.249035373E-1,4.123149514E-1
7.938113667E0,-1.520658255E0,3.518754244E-1,1.594052315E-1
7.948168667E0,-1.313369513E0,3.859271407E-1,-9.799763560E-3
7.958223667E0,-1.032271504E0,3.396406174E-1,5.645716935E-2
7.968278667E0,-7.726860642E-1,1.703117639E-1,2.476212531E-1
7.978334667E0,-7.290158272E-1,-4.442824423E-1,3.375504613E-1
7.988389667E0,-1.365249515E0,-7.561412454E-1,6.051601171E-1
7.998444667E0,-6.804841757E-1,8.321195245E-1,7.451598644E-1
8.008499667E0,3.381754756E-1,-2.644471824E-1,1.189220771E-1
8.018554667E0,7.799020410E-1,2.038396448E-1,-1.823469698E-1
8.028609667E0,8.899055123E-1,3.826631606E-1,-1.792563647E-1
8.038664667E0,9.538802505E-1,5.507493615E-1,-4.882385954E-3
8.048719667E0,1.116988063E0,5.322142839E-1,1.704982221E-1
8.058774667E0,1.078909278E0,2.233867198E-1,4.290933311E-1
8.068829667E0,6.317773461E-1,-4.810551926E-2,8.526485562E-1
8.078884667E0,5.979502201E-2,-2.238656431E-1,1.180882931E0
8.088939667E0,-3.201797307E-1,-2.011645883E-1,1.212759018E0
8.098994667E0,-3.385933638E-1,-1.036266014E-1,9.503443241E-1
8.109049667E0,-1.962386221E-1,-2.902906202E-2,7.579956055E-1
8.119104667E0,-2.692934573E-1,2.945718728E-2,8.141540885E-1
8.129159667E0,-7.214377522E-1,-3.690532222E-2,9.769310355E-1
8.139214667E0,-1.161102653E0,-1.468432844E-1,1.060469747E0
8.149269667E0,-1.123647690E0,-1.702412963E-1,8.660831451E-1
8.159325667E0,-4.549919963E-1,-7.636567950E-2,4.439395964E-1
8.169380667E0,1.323005408E-1,4.433298949E-3,1.590895057E-1
8.179435667E0,2.692437172E-1,1.824469864E-1,1.164126918E-1
8.189490667E0,2.032772154E-1,3.975915313E-1,7.724584639E-2
8.199545667E0,2.385826856E-1,5.600049496E-1,4.021713883E-2
8.209600667E0,2.951106727E-1,6.793928146E-1,-4.891752265E-3
8.219655667E0,2.655948400E-1,5.820007920E-1,-4.814209789E-2
8.229710667E0,2.411901653E-1,4.204731286E-1,2.436059713E-2
8.239765667E0,3.318209648E-1,3.193369210E-1,2.106155753E-1
8.249820667E0,4.992483258E-1,2.686505914E-1,2.864296734E-1
8.259875667E0,5.358006358E-1,2.148270309E-1,2.310294360E-1
8.269930667E0,3.008347154E-1,1.995522082E-1,1.925781816E-1
8.279985667E0,-1.348148584E-1,1.659462899E-1,1.252207160E-1
8.290040667E0,-7.560690641E-1,1.206885371E-2,-3.274414688E-3
8.300095667E0,-9.895946383E-1,1.718346402E-2,4.230444320E-4
8.310150667E0,-7.303156853E-1,-7.995427400E-2,1.022830978E-1
8.320205667E0,-2.001939118E-1,-1.271886230E-1,2.174013406E-1
8.330260667E0,4.017121792E-1,-1.633373052E-1,2.667582631E-1
8.340316667E0,9.054887295E-1,-1.638126671E-1,2.048141509E-1
8.350371667E0,1.245615959E0,-1.928536445E-1,1.035975292E-1
8.360426667E0,1.426952362E0,-2.406648546E-1,2.100102231E-2
8.370481667E0,1.473643184E0,-2.990096509E-1,-1.080191322E-2
8.380536667E0,1.396330237E0,-3.527258635E-1,-2.162027732E-2
8.390591667E0,1.233969212E0,-3.848100305E-1,-5.255448818E-2
8.400646667E0,1.027778983E0,-3.927435875E-1,-1.167592704E-1
8.410701667E0,8.459173441E-1,-3.993708491E-1,-1.962471753E-1
8.420756667E0,7.580683231E-1,-4.241175056E-1,-2.515024245E-1
8.430811667E0,7.680732608E-1,-4.025512338E-1,-2.320565283E-1
8.440866667E0,8.123568296E-1,-3.472429216E-1,-1.669029444E-1
8.450921667E0,8.886300325E-1,-3.956392407E-1,-1.187127754E-1
8.460976667E0,1.039122343E0,-5.269349813E-1,-5.920152180E-3
8.471031667E0,1.121882677E0,-5.634080172E-1,9.226579964E-2
8.481086667E0,1.076225042E0,-6.139726639E-1,6.689212471E-2
8.491141667E0,9.246597290E-1,-6.037769914E-1,-3.557832912E-2
8.501196667E0,7.240445614E-1,-5.895421505E-1,-1.521712095E-1
8.511252667E0,5.337369442E-1,-5.193873048E-1,-1.827214062E-1
8.521307667E0,3.732217252E-1,-4.447913170E-1,-9.282167256E-2
8.531362667E0,2.515488267E-1,-4.007631540E-1,4.931629077E-2
8.541417667E0,1.529868841E-1,-3.527434468E-1,1.410136372E-1
8.551472667E0,7.547691464E-2,-4.110078216E-1,1.395121515E-1
8.561527667E0,3.283442929E-2,-5.113480091E-1,1.136941314E-1
8.571582667E0,2.592858672E-2,-6.506907344E-1,1.308653951E-1
8.581637667E0,6.786853075E-2,-7.595703602E-1,2.129219174E-1
8.591692667E0,1.454916894E-1,-8.251466751E-1,3.326818645E-1
8.601747667E0,2.530826032E-1,-8.646032810E-1,4.245942831E-1
8.611802667E0,3.765307665E-1,-8.305667639E-1,4.840501547E-1
8.621857667E0,4.852097631E-1,-7.846264243E-1,5.162580013E-1
8.631912667E0,5.699653625E-1,-7.812093496E-1,4.849890471E-1
8.641967667E0,6.202615499E-1,-7.483943701E-1,4.046772420E-1
8.652022667E0,6.365872622E-1,-7.561958432E-1,2.961299717E-1
8.662077667E0,6.344506741E-1,-8.022661209E-1,1.991326511E-1
8.672132667E0,6.173059940E-1,-8.390638232E-1,1.680439711E-1
8.682188667E0,6.065533161E-1,-8.453006744E-1,1.774725020E-1
8.692243667E0,5.885817409E-1,-7.945187092E-1,2.264192700E-1
8.702298667E0,5.648838282E-1,-7.149711847E-1,3.062438965E-1
8.712353667E0,5.220838785E-1,-6.326688528E-1,3.654542267E-1
8.722408667E0,4.529387057E-1,-5.453789234E-1,3.494712412E-1
8.732463667E0,3.645843267E-1,-4.131274521E-1,2.542451322E-1
8.742518667E0,2.726226449E-1,-2.989065945E-1,9.774062037E-2
8.752573667E0,1.977672875E-1,-1.806435883E-1,-3.382140025E-2
8.762628667E0,1.471896321E-1,-7.471475750E-2,-9.808260202E-2
8.772683667E0,1.252603531E-1,1.772782020E-2,-1.112266332E-1
8.782738667E0,1.184507683E-1,1.909768283E-1,-1.076216623E-1
8.792793667E0,1.161157042E-1,4.495567083E-1,-1.364993900E-1
8.802848667E0,1.100285500E-1,7.405622005E-1,-2.210409790E-1
8.812903667E0,1.075235754E-1,9.389367700E-1,-3.319624066E-1
8.822958667E0,9.885010123E-2,1.158343077E0,-4.109268188E-1
8.833013667E0,8.008014411E-2,1.443246007E0,-4.855081141E-1
8.843068667E0,5.089443922E-2,1.670872092E0,-5.811807513E-1
8.853124667E0,2.525592409E-2,1.729906917E0,-7.560577393E-1
8.863179667E0,1.516628545E-3,1.818979859E0,-1.017542124E0
8.873234667E0,-3.075715713E-2,1.821217179E0,-1.351553679E0
8.883289667E0,-9.237924218E-2,1.546783686E0,-1.710735679E0
8.893344917E0,-1.775753647E-1,1.184296846E0,-1.909844518E0
8.903399917E0,-2.700124681E-1,8.218690157E-1,-1.799183011E0
8.913454917E0,-3.671536744E-1,3.394219577E-1,-1.200240254E0
8.923509917E0,-4.302741885E-1,2.605298460E-1,-4.092971981E-1
8.933564917E0,-4.587567151E-1,2.744038403E-1,1.935902685E-1
8.943619917E0,-4.332603812E-1,2.448017150E-1,5.458897352E-1
8.953674917E0,-3.578814566E-1,1.786810160E-1,6.762346625E-1
8.963729917E0,-2.359473705E-1,-9.801821783E-3,5.846084952E-1
8.973784917E0,-6.682892144E-2,-1.776169091E-1,3.770581782E-1
8.983839917E0,1.394939423E-1,-9.821875393E-2,1.836345345E-1
8.993894917E0,3.520618975E-1,9.110749513E-2,3.706186265E-2
9.003949917E0,5.418065190E-1,2.564434409E-1,-8.143553138E-2
9.014004917E0,6.768918633E-1,3.272164166E-1,-1.571803540E-1
9.024059917E0,7.499495745E-1,3.513646424E-1,-1.780536324E-1
9.034115917E0,7.504968643E-1,3.207750320E-1,-1.440253556E-1
9.044170917E0,6.856151223E-1,2.604294121E-1,-4.474968463E-2
9.054225917E0,5.709972382E-1,2.092189491E-1,1.122993231E-1
9.064280917E0,4.456388056E-1,5.644432828E-2,2.593356967E-1
9.074335917E0,3.199072480E-1,-2.325795591E-2,3.427293897E-1
9.084390917E0,2.123812884E-1,6.292913109E-2,3.509464860E-1
9.094445917E0,1.358449757E-1,1.582258195E-1,2.905830145E-1
9.104500917E0,8.216246963E-2,2.214471549E-1,2.019728422E-1
9.114555917E0,4.985912517E-2,2.566711903E-1,1.357682496E-1
9.124610917E0,3.342598304E-2,2.209786773E-1,1.167165264E-1
9.134665917E0,2.136692405E-2,1.456714123E-1,1.298541576E-1
9.144720917E0,1.510762144E-2,8.630634099E-2,1.582995653E-1
9.154775917E0,3.268805798E-3,-1.618967205E-2,1.792453378E-1
9.164830917E0,-4.840442538E-2,-3.854210675E-2,1.572632492E-1
9.174885917E0,-1.239282116E-1,1.028874591E-1,6.370881200E-2
9.184940917E0,-2.215117812E-1,6.165539622E-1,-9.034049511E-2
9.194995917E0,-4.874963164E-1,9.234510660E-1,-4.022025168E-1
9.205051917E0,-6.865577102E-1,7.870237231E-1,-6.129541993E-1
9.215106917E0,-6.312822104E-1,7.718032002E-1,-5.273993611E-1
9.225161917E0,-2.451681644E-1,5.704512000E-1,-4.033777416E-1
9.235216917E0,4.070013762E-1,4.181881249E-1,-2.597854435E-1
9.245271917E0,1.050291061E0,3.255463541E-1,-2.118959427E-1
9.255326917E0,1.591857672E0,2.616994679E-1,-2.884293497E-1
9.265381917E0,1.988797665E0,1.544523835E-1,-3.592531383E-1
9.275436917E0,2.153383017E0,-5.902047828E-2,-4.038121104E-1
9.285491917E0,2.167227268E0,-2.520466447E-1,-4.296436310E-1
9.295546917E0,2.038630724E0,-3.537522256E-1,-4.116334915E-1
9.305601917E0,1.787874937E0,-3.131478429E-1,-3.497653902E-1
9.315656917E0,1.444035530E0,-2.514863312E-1,-2.712183893E-1
9.325711917E0,1.087339282E0,-2.049465328E-1,-1.785548180E-1
9.335766917E0,7.786808014E-1,-1.134760082E-1,-1.202563494E-1
9.345821917E0,3.345918059E-1,1.107994244E-1,-6.514242291E-2
9.355876917E0,-2.648479342E-1,2.743047476E-1,-2.699264139E-2
9.365932917E0,-8.182171583E-1,1.883725375E-1,-9.462364763E-2
9.375987917E0,-1.215893388E0,-2.458021231E-2,-2.059829235E-1
9.386042917E0,-1.553933144E0,-8.591680974E-2,-1.834938228E-1
9.396097917E0,-1.851094484E0,-1.057278644E-2,-5.024096742E-2
9.406152917E0,-2.057071209E0,1.780160330E-2,3.826531582E-3
9.416207917E0,-2.067618608E0,7.115652552E-4,-7.273535430E-2
9.426262917E0,-1.865920663E0,2.264002152E-2,-2.455421090E-1
9.436317917E0,-1.445202827E0,3.181407973E-2,-3.474918902E-1
9.446372917E0,-8.673091531E-1,-4.446496442E-2,-2.215399742E-1
9.456427917E0,-2.987914085E-1,-1.662103087E-1,5.142445117E-2
9.466482917E0,1.875359714E-1,-2.703476250E-1,2.651815116E-1
9.476537917E0,6.580305099E-1,-4.193941057E-1,3.479592204E-1
9.486592917E0,1.071065068E0,-6.127713323E-1,3.537552357E-1
9.496647917E0,1.259923935E0,-8.618205190E-1,3.768317997E-1
9.506702917E0,1.182938337E0,-9.526721835E-1,4.904429615E-1
9.516757917E0,7.469053864E-1,-8.542819619E-1,5.848698616E-1
9.526812917E0,-8.068557084E-2,-4.906094372E-1,5.252213478E-1
9.536868917E0,-5.312876701E-1,-2.588037774E-2,4.726143181E-1
9.546923917E0,-5.079845786E-1,4.533371031E-1,5.638407469E-1
9.556978917E0,-4.722591043E-1,1.013713598E0,7.388144135E-1
9.567033917E0,-6.986041665E-1,1.042284846E0,1.019784212E0
9.577088917E0,-9.102586508E-1,1.195684373E-1,1.540351510E0
9.587143917E0,-9.307779074E-1,-7.141064405E-1,1.702844024E0
9.597198917E0,-7.127148509E-1,-1.716882110E0,1.523905516E0
9.607253917E0,-2.751645446E-1,-2.740442276E0,1.298277497E0
9.617308917E0,2.729302645E-1,-3.448303223E0,1.114273548E0
9.627363917E0,7.132457495E-1,-3.818023205E0,1.109972477E0
9.637418917E0,9.834532738E-1,-3.988145113E0,1.338117003E0
9.647473917E0,1.128131628E0,-3.906303644E0,1.749322057E0
9.657528917E0,1.202018380E0,-3.696163654E0,2.176661730E0
9.667583917E0,1.274601936E0,-3.547209024E0,2.468598604E0
9.677638917E0,1.325099945E0,-3.452178955E0,2.514250517E0
9.687693917E0,1.364791512E0,-3.383552790E0,2.414021969E0
9.697749917E0,1.427260280E0,-3.290559769E0,2.329206228E0
9.707804917E0,1.510767937E0,-3.132828236E0,2.328098536E0
9.717859917E0,1.557612896E0,-2.991015196E0,2.317016602E0
9.727914917E0,1.509825587E0,-2.890832186E0,2.219789743E0
9.737969917E0,1.445651650E0,-2.912398338E0,2.088523388E0
9.748024917E0,1.453375578E0,-2.995460987E0,1.957296610E0
9.758079917E0,1.616661668E0,-3.005473137E0,1.822296739E0
9.768134917E0,1.815278530E0,-2.918615818E0,1.643226743E0
9.778189917E0,1.972359776E0,-2.759438753E0,1.440449357E0
9.788244917E0,2.073133945E0,-2.170754671E0,1.379976034E0
9.798299917E0,2.137178183E0,-1.770003676E0,1.394334793E0
9.808354917E0,2.105420351E0,-1.588255167E0,1.229897618E0
9.818409917E0,1.921766043E0,-1.560467482E0,9.141030908E-1
9.828464917E0,1.706651807E0,-1.611896038E0,6.589967012E-1
9.838519917E0,1.540814161E0,-1.623968720E0,6.060711741E-1
9.848574917E0,1.358486533E0,-1.669651270E0,7.096789479E-1
9.858629917E0,1.188602209E0,-1.649455190E0,8.267784119E-1
9.868685917E0,1.174244046E0,-1.399408579E0,8.562589884E-1
9.878740917E0,1.244905472E0,-1.134130597E0,7.089396119E-1
9.888795917E0,1.337382913E0,-1.079300642E0,3.662106693E-1
9.898851000E0,1.280059218E0,-8.025633693E-1,-4.708424583E-2
9.908906000E0,1.351734996E0,-9.628126621E-1,-3.069655597E-1
9.918961000E0,1.493316412E0,-1.485474229E0,-4.910936058E-1
9.929016000E0,1.394972086E0,-1.569927335E0,-4.763116241E-1
9.939071000E0,1.100015759E0,-1.143175721E0,-3.071393669E-1
9.949126000E0,7.309924960E-1,-7.765690088E-1,-1.978424489E-1
9.959181000E0,4.907915890E-1,-6.759396195E-1,-6.652756035E-2
9.969236000E0,3.255518079E-1,-5.840363503E-1,1.762161404E-1
9.979291000E0,2.471925616E-1,-2.252675295E-1,2.617051899E-1
9.989346000E0,9.460876137E-2,-8.059953898E-2,2.446666062E-1
9.999401000E0,-7.452220470E-2,-7.971616834E-2,1.975941807E-1
1.000945600E1,-1.457351893E-1,-3.967659920E-2,1.939214170E-1
1.001951100E1,-1.157139018E-1,-5.555196851E-2,2.850196362E-1
1.002956700E1,-2.650747448E-2,-4.812708497E-2,3.908645213E-1
1.003962200E1,1.214513630E-1,-6.289590895E-2,4.551678598E-1
1.004967700E1,3.555864990E-1,-1.681661457E-1,4.468187988E-1
1.005973200E1,5.919090509E-1,-2.466694713E-1,3.505889475E-1
1.006978700E1,8.242695928E-1,-4.221544564E-1,1.851380467E-1
1.007984200E1,1.011920452E0,-3.510637581E-1,5.415392295E-2
1.008989700E1,8.446409553E-2,-8.868638277E-1,1.522394456E-2
1.009995200E1,-1.258774251E-1,1.657865345E-1,9.987438470E-2
1.011000700E1,-8.224312961E-2,-5.986708403E-2,2.293010950E-1
1.012006200E1,-7.521584630E-2,-1.681312323E-1,2.208823115E-1
1.013011700E1,-7.271888852E-2,-1.810728908E-1,1.886111051E-1
1.014017200E1,-9.123398364E-2,-6.616174430E-2,9.840238094E-2
1.015022700E1,-6.311981380E-2,-6.531672180E-2,3.968173265E-2
1.016028200E1,-1.807457395E-2,-1.050441638E-1,-1.235883217E-2
1.017033700E1,1.940914080E-3,-1.206156611E-1,-4.020609334E-2
1.018039300E1,3.107931407E-4,-1.561707109E-1,-3.348773718E-2
1.019044800E1,-4.049902037E-2,-5.015148520E-1,5.946381018E-2
1.020050300E1,-1.511024982E-1,-1.236298203E0,4.402333871E-2
1.021055800E1,-1.310007453E0,-1.919827223E0,1.559423748E-2
1.022061300E1,-8.038941622E-1,1.810748696E0,-7.299360819E-3
1.023066800E1,1.981550455E-1,-2.983236015E-1,1.117708907E-2
1.024072300E1,-2.737367898E-2,-9.323969483E-2,4.135736078E-2
1.025077800E1,-1.433219388E-2,-2.303877100E-2,6.928049028E-3
1.026083300E1,-5.503815599E-3,-1.699259691E-2,-1.862231828E-2
1.027088800E1,-5.689970218E-3,-8.391119540E-3,-3.639385849E-2
1.028094300E1,-1.024378580E-3,3.851698479E-3,-3.815207630E-2
1.029099800E1,4.293284379E-3,3.151557175E-3,-6.443047896E-4
1.030105300E1,7.669926272E-4,2.356621408E-4,-1.212889329E-3
1.031110800E1,-1.040600939E-3,-1.254913630E-3,1.722201705E-5
1.032116300E1,-2.521318384E-3,2.569629578E-4,-1.686934847E-3
1.033121800E1,1.627437072E-3,1.070319850E-4,2.381908707E-4
1.034127300E1,-1.903914614E-3,2.275377745E-3,-6.963121705E-4
1.035132900E1,-1.904512173E-4,1.743803499E-3,6.028125063E-4
1.036138400E1,-5.569524365E-5,-2.998753684E-3,4.967395216E-5
1.037143900E1,-5.819443031E-4,1.364044496E-3,-4.029073752E-4
1.038149400E1,-3.736850922E-4,9.624398081E-4,-5.038413219E-4
1.039154900E1,5.562075530E-4,5.547050969E-4,-3.756703809E-4
1.040160400E1,-4.368852824E-4,-1.112966333E-3,-9.786100127E-4
1.041165900E1,-5.142915761E-4,-1.313239103E-3,1.982781105E-4
1.042171400E1,1.214049407E-4,-1.629622653E-3,-5.340911448E-4
1.043176900E1,8.489263710E-4,3.326384467E-5,-4.651104100E-4
1.044182400E1,1.376232249E-3,1.600534189E-3,8.675353602E-4
1.045187900E1,-7.538077189E-4,-2.295829472E-5,-4.772576503E-4
1.046193400E1,-8.337025065E-4,-9.350909386E-4,3.728233278E-4
1.047198900E1,8.053586935E-4,-7.574517513E-4,9.649973363E-4
1.048204400E1,9.576915181E-4,-8.195033297E-4,-1.064064447E-3
1.049209900E1,1.047704718E-4,2.214926528E-3,-1.237654127E-3
1.050215500E1,5.106362514E-4,-7.563622785E-4,-3.473595716E-4
1.051221000E1,4.203635035E-4,-1.837887976E-4,-3.670874983E-3
1.052226500E1,4.496582551E-4,4.828004166E-4,-6.449911743E-4
1.053232000E1,3.236450139E-4,6.662935484E-4,-1.503275707E-4
1.054237500E1,1.314074616E-3,3.416542022E-4,-1.644627191E-3
1.055243000E1,1.499839709E-4,8.519164985E-4,6.181849167E-4
1.056248500E1,2.173187444E-3,1.237009536E-3,-4.574656487E-4
1.057254000E1,-4.516844638E-4,6.090296665E-4,-1.105731353E-4
1.058259500E1,-3.550117835E-4,2.318246523E-3,-2.097823657E-3
1.059265000E1,-3.081484465E-4,-1.118821092E-3,-9.338660166E-4
1.060270500E1,1.480963198E-3,-9.920545854E-4,-3.149882425E-3
1.061276000E1,8.272487903E-4,4.604333662E-5,1.055552159E-3
1.062281500E1,1.093831146E-3,-6.628901465E-4,-9.330306202E-4
1.063287000E1,-4.109925590E-3,2.782754600E-4,-9.030858055E-4
1.064292500E1,-1.851298497E-3,-1.226144144E-3,-1.193173230E-4
1.065298000E1,5.791648291E-4,-2.427882282E-5,2.600215375E-4
1.066303600E1,-1.742579043E-3,8.018336957E-4,1.066238619E-4
1.067309100E1,3.005342092E-3,-4.293359816E-4,-8.470127359E-4
1.068314600E1,1.822365914E-3,-2.122883452E-4,-2.659826074E-3
1.069320100E1,-8.622981259E-4,-1.188139722E-4,-6.387927569E-4
1.070325600E1,-2.077232348E-3,-1.737216953E-3,-1.937083900E-3
1.071331100E1,9.207027615E-4,-6.240074290E-4,-1.871604472E-3
1.072336600E1,-1.054031192E-3,-2.769974817E-4,-1.490239520E-3
1.073342100E1,-1.078220201E-3,-6.825981545E-4,-2.008605283E-3
1.074347600E1,1.201978419E-3,7.075718604E-4,6.705345586E-4
1.075353100E1,-1.380738686E-3,-9.912822861E-4,-2.704057842E-4
1.076358600E1,-3.114794963E-4,-4.621121916E-4,-3.239354119E-4
1.077364100E1,3.772538388E-3,-2.935112687E-3,-1.728636678E-3
1.078369600E1,8.510507178E-4,-7.087101694E-4,-5.674981512E-4
1.079375100E1,5.077692331E-4,-1.443742542E-3,8.700760081E-4
1.080380600E1,-1.534936600E-4,6.220714422E-4,-2.054341137E-3
1.081386200E1,3.784196451E-5,1.014369889E-3,-9.659389034E-4
1.082391700E1,5.859204684E-4,-4.434724338E-3,4.226332530E-4
1.083397200E1,4.467745312E-4,-2.405155683E-4,-2.021161839E-3
1.084402700E1,-7.894648006E-4,-5.553012015E-4,6.680982187E-4
1.085408200E1,1.755048172E-3,1.138739521E-3,-4.988205619E-4
1.086413700E1,6.679458311E-4,7.347509381E-5,-1.650105231E-3
1.087419200E1,-1.671755686E-3,2.467392944E-3,-1.295217779E-3
1.088424700E1,-1.242720289E-3,9.328796295E-4,-4.470008425E-4
1.089430179E1,1.147474162E-3,4.806298239E-4,7.280171849E-4
1.090435679E1,2.105740714E-4,6.721111131E-4,1.041737385E-3
1.091441179E1,1.313743880E-3,-1.215458906E-4,8.769859560E-4
1.092446679E1,-1.587179722E-4,3.543609928E-4,-5.150483921E-4
1.093452179E1,8.133812808E-4,7.879443001E-4,-6.178827025E-4
1.094457679E1,-9.275270277E-4,6.997936871E-4,-7.819333114E-4
1.095463179E1,-1.021096716E-3,1.749948366E-3,3.286679275E-4
1.096468679E1,4.196735099E-4,5.853479379E-4,-1.540604979E-3
1.097474279E1,2.397262491E-3,7.659065304E-4,-1.004655380E-3
1.098479779E1,1.969825011E-3,-7.214689394E-4,1.882477198E-3
1.099485279E1,-2.671579365E-3,-4.753380199E-4,-1.231332310E-3
1.100490779E1,-1.888077357E-3,-7.485784008E-4,-3.784771077E-3
1.101496279E1,-1.226732507E-3,1.292241272E-3,-2.188072540E-4
1.102501779E1,-1.674143597E-3,1.003022073E-3,-2.374495380E-4
1.103507279E1,2.939368133E-4,1.724672969E-3,2.169110812E-4
1.104512779E1,9.256385965E-4,-2.061188861E-4,-1.523730811E-3
1.105518279E1,1.044265577E-3,5.589970388E-4,8.203885518E-4
1.106523779E1,-2.430626890E-3,1.246358850E-3,-2.366201952E-4
1.107529279E1,-1.424789545E-3,6.520870375E-4,1.035348512E-3
1.108534779E1,2.025868278E-3,4.986889544E-4,-2.201723866E-3
1.109540279E1,-1.829624525E-3,-2.225363627E-3,-9.328168817E-4
1.110545779E1,1.365873904E-4,-6.133522838E-4,4.123458639E-4
1.111551379E1,-3.458355786E-4,-1.042591990E-3,6.259507500E-4
1.112556879E1,6.113044801E-4,6.266772980E-4,1.115439925E-3
1.113562379E1,1.426224830E-3,-1.560784644E-3,3.051171079E-4
1.114567879E1,1.422230038E-3,-1.588966115E-4,-5.393712781E-4
1.115573379E1,4.802720156E-3,2.667467925E-4,-1.302306540E-3
1.116578879E1,-1.034928951E-3,-6.160910707E-4,1.785362605E-3
1.117584379E1,1.640120754E-3,7.593015907E-4,2.234540880E-4
1.118589879E1,-1.325309277E-3,-5.262062768E-4,2.041594591E-3
1.119595379E1,-1.003110083E-4,-8.100915584E-4,1.453760546E-3
1.120600879E1,-8.755571907E-4,-2.129421569E-3,-2.839518711E-4
1.121606379E1,-2.455101931E-4,5.088174948E-4,2.478812821E-4
1.122611879E1,-2.182160970E-3,-2.213998232E-3,-5.968734622E-4
1.123617379E1,1.864613499E-3,1.806003391E-3,-4.544300027E-4
1.124622879E1,7.337148418E-5,1.252065878E-3,-3.425772302E-4
1.125628379E1,-8.993033553E-4,1.110373123E-4,1.627496909E-3
1.126633979E1,4.117708304E-4,-9.220028296E-4,7.089721039E-4
1.127639479E1,1.691789366E-3,2.524060255E-4,-5.509853363E-4
1.128644979E1,6.417049444E-4,-6.285676500E-4,1.624817494E-3
1.129650479E1,1.318879891E-3,6.890561781E-5,3.097753040E-3
1.130655979E1,-5.796875339E-4,-6.437562988E-4,2.638828009E-4
1.131661479E1,-6.728384178E-4,3.055817215E-4,-7.782806642E-4
1.132666979E1,8.001560345E-4,3.149028053E-4,2.184751909E-3
1.133672479E1,-1.426595496E-3,-1.020484720E-3,3.187572584E-4
1.134677979E1,2.791585401E-3,3.212157462E-4,-1.610702835E-3
1.135683479E1,-1.232403563E-3,-4.556972708E-4,5.030175671E-4
1.136688979E1,-1.745328307E-3,1.011696877E-4,-2.528192010E-3
1.137694479E1,3.240736201E-3,-2.947938628E-3,8.372124285E-6
1.138699979E1,1.193031901E-3,1.375170774E-3,3.098703921E-3
1.139705479E1,9.676724439E-4,8.993875235E-4,-1.401336398E-3
1.140710979E1,6.124067586E-4,1.852266607E-3,9.217387997E-4
1.141716579E1,-1.720544649E-3,-1.178126782E-3,5.112625659E-4
1.142722079E1,3.636451729E-4,-4.106037377E-4,-3.443531459E-3
1.143727579E1,-2.755202004E-4,3.105922951E-4,1.020887867E-4
1.144733079E1,3.987922100E-4,-4.124559637E-4,2.273097634E-3
1.145738579E1,1.131505705E-4,2.488730010E-3,-6.829160266E-4
1.146744079E1,1.323557226E-3,6.237182533E-4,-4.440303892E-4
1.147749579E1,3.212477546E-3,3.261322272E-4,1.307789702E-3
1.148755079E1,-1.979621127E-3,2.644680208E-3,-1.197712030E-3
1.149760579E1,7.561038365E-5,1.713929232E-3,-1.011828426E-3
1.150766079E1,3.033106623E-4,-2.013164572E-3,2.827341668E-4
1.151771579E1,-1.660468406E-4,-3.045252291E-3,3.536902368E-4
1.152777079E1,2.167148516E-3,1.611018553E-3,-1.504463144E-4
1.153782579E1,-2.097354503E-3,8.805870311E-5,-8.405153640E-4
1.154788079E1,-2.293363214E-3,-5.337893963E-4,2.106344327E-4
1.155793579E1,9.390152991E-5,-1.068615820E-3,4.938868806E-4
1.156799179E1,-9.141049231E-4,-2.374363597E-3,-1.335172448E-3
1.157804679E1,-1.249739900E-3,6.561660557E-4,4.322584718E-4
1.158810179E1,-1.898017363E-4,-1.597134513E-3,2.003789879E-3
1.159815679E1,-6.037601270E-4,1.310757711E-3,-7.531121373E-4
1.160821179E1,9.984703502E-5,7.557548815E-4,-2.138218842E-4
1.161826679E1,-1.209091744E-3,-1.138884574E-3,-4.896367900E-4
1.162832179E1,8.924087160E-4,-1.843290520E-3,-1.849713270E-3
1.163837679E1,-6.356333033E-4,-3.728354932E-5,-1.167023089E-3
1.164843179E1,7.068661507E-4,-5.171851371E-4,2.002404537E-3
1.165848679E1,-7.037465111E-4,1.184605935E-4,-1.993547194E-4
1.166854179E1,6.035992992E-4,1.514223404E-3,4.664352164E-4
1.167859679E1,-5.099275731E-4,5.559719866E-4,-4.245219752E-4
1.168865179E1,-1.212735893E-3,-7.793370169E-4,-1.336388290E-3
1.169870679E1,1.841564430E-3,7.456401363E-4,1.283554360E-3
1.170876279E1,-8.514240035E-4,-2.408075146E-3,-2.778563648E-4
1.171881779E1,1.630575745E-3,-1.214488177E-3,-1.560391393E-3
1.172887279E1,-6.179311313E-4,-6.845191820E-4,-1.843362115E-4
1.173892779E1,3.550195252E-4,-9.234183817E-4,2.260091715E-4
1.174898279E1,-1.211451832E-3,-2.062291605E-4,3.932137042E-5
1.175903779E1,-3.052545362E-4,7.619223325E-4,-3.237351775E-4
1.176909279E1,-1.300477888E-3,-8.117395919E-4,-1.274750102E-3
1.177914779E1,-1.030116226E-3,5.063505378E-4,3.758817911E-5
1.178920279E1,6.553984131E-4,5.119431880E-4,-4.380526952E-4
1.179925779E1,-3.068282385E-4,-8.316867752E-4,-7.497486658E-4
1.180931279E1,3.653536551E-4,-1.116112457E-3,-8.368338458E-4
1.181936779E1,8.740567719E-4,9.588199900E-4,8.723679930E-4
1.182942279E1,4.492825828E-4,-2.981920261E-4,-1.457585022E-4
1.183947779E1,-1.849516062E-3,1.086584525E-3,-1.773097087E-3
1.184953379E1,-1.825813903E-3,-1.026900019E-3,4.162876867E-4
1.185958879E1,-1.422891510E-4,9.184487863E-5,-6.036004052E-4
1.186964379E1,1.374114770E-3,7.573688054E-4,8.922973648E-4
1.187969879E1,1.959797228E-4,-9.742996190E-5,1.529157162E-3
1.188975379E1,1.302523073E-3,-6.130179390E-4,8.777482435E-4
1.189980879E1,-3.739334643E-4,1.841131714E-3,-5.193813704E-4
1.190986379E1,-2.945712768E-4,-3.269476874E-4,-1.208873466E-3
1.191991879E1,2.971407957E-5,-6.563684437E-4,2.403929830E-5
1.192997379E1,-2.536462271E-4,2.466720529E-3,1.726331655E-3
1.194002879E1,-6.590026896E-4,-6.156729651E-4,-1.677888911E-3
1.195008379E1,-6.179899210E-4,9.079214651E-4,-2.530980855E-4
1.196013879E1,-5.729678087E-4,6.444947212E-4,-1.783272717E-3
1.197019379E1,-3.092318075E-3,-1.315325499E-3,-4.410399124E-4
1.198024879E1,6.280245725E-5,-1.224402571E-3,-1.544489991E-3
1.199030479E1,1.806906657E-3,-7.160051027E-4,-6.960066967E-4
1.200035979E1,1.221004641E-4,1.347031095E-3,1.035581343E-3
1.201041479E1,6.408842164E-4,2.900985535E-3,6.901696324E-4
1.202046979E1,2.435028437E-4,-1.123192487E-4,5.891514011E-4
1.203052479E1,-1.271835761E-3,1.326320344E-3,-1.827401109E-3
1.204057979E1,-5.933525972E-5,-1.579620293E-3,-3.227232955E-4
1.205063479E1,9.779122774E-5,1.126417657E-3,1.166782342E-3
1.206068979E1,-3.120917361E-3,6.378389662E-4,1.814338379E-3
1.207074479E1,1.290875254E-3,-3.704338160E-4,2.419674769E-3
1.208079979E1,6.253002211E-4,2.120034071E-3,-1.652496867E-4
1.209085479E1,-2.833703184E-4,2.551998710E-3,-7.789814845E-5
1.210090979E1,-1.063046861E-3,-1.001493889E-3,-1.802653540E-3
1.211096479E1,1.745256479E-3,-9.258601349E-4,3.340975847E-3
1.212101979E1,-4.472192377E-4,-1.538845128E-3,4.507731646E-4
1.213107579E1,9.109929670E-4,-1.303954283E-3,7.037734613E-4
1.214113079E1,2.228763886E-3,-2.689198591E-3,1.544077881E-3
1.215118579E1,6.614935119E-4,4.344228946E-4,6.527174264E-4
1.216124079E1,-2.447399311E-5,1.496881247E-3,8.986047469E-4
1.217129579E1,1.736651757E-4,-5.920385593E-5,-2.627996728E-4
1.218135079E1,-1.169252442E-3,4.266601172E-4,4.870248958E-4
1.219140579E1,-4.075826611E-3,3.877779527E-4,1.541903242E-3
1.220146079E1,9.051895468E-4,-1.203322608E-4,1.752722543E-3
1.221151579E1,-2.056149533E-4,3.465198679E-4,1.180143561E-3
1.222157079E1,4.015034647E-4,5.116204848E-4,1.955535728E-3
1.223162579E1,-6.581683410E-4,-3.303890582E-3,2.833367325E-4
1.224168079E1,1.726920134E-3,-1.417147927E-3,9.141648188E-4
1.225173579E1,2.222001785E-3,-3.161970526E-4,-6.685517728E-4
1.226179179E1,1.627869206E-3,1.090142759E-3,-5.187699571E-4
1.227184679E1,1.054756925E-3,1.920516370E-3,1.838989556E-5
1.228190179E1,-1.401537564E-3,-1.028165128E-2,-1.372655388E-3
1.229195679E1,-4.279281711E-5,-1.000800752E-3,-7.253140211E-6
1.230201179E1,1.298942370E-3,2.429794986E-3,-7.855668664E-4
1.231206679E1,-2.691804431E-3,-1.086376607E-3,-2.350918949E-4
1.232212179E1,4.330080119E-4,2.388519002E-3,-2.998570446E-3
1.233217679E1,-2.775233588E-4,-2.085956221E-4,-4.043328576E-3
1.234223179E1,-2.405197360E-3,1.438939944E-4,-2.339178324E-2
1.235228679E1,-1.221954823E-3,2.956458367E-3,-8.761311322E-2
1.236234179E1,1.134351129E-3,5.132219288E-3,-7.986255735E-2
1.237239679E1,-1.852916670E-3,5.433422979E-3,-8.753352612E-2
1.238245179E1,-1.498356927E-3,4.144681152E-3,-1.181885675E-1
1.239250679E1,-3.223048407E-4,3.131614765E-3,-1.143775880E-1
1.240256279E1,1.473693701E-4,4.665828310E-3,-5.377720296E-2
1.241261779E1,-3.960023634E-3,4.026403185E-3,1.706980541E-2
1.242267279E1,1.060149516E-3,3.153913887E-3,1.555473544E-2
1.243272779E1,8.228619117E-4,-2.468285616E-3,-1.281470358E-1
1.244278279E1,-2.055551158E-3,-1.088951807E-2,-2.272422761E-1
1.245283779E1,1.857165131E-3,9.330266155E-3,-3.126969934E-1
1.246289279E1,4.664983600E-3,2.232953208E-3,-3.875582814E-1
1.247294779E1,8.318959735E-4,-3.395637730E-3,-3.737479150E-1
1.248300279E1,8.143130690E-3,8.209352382E-3,-2.981857955E-1
1.249305779E1,1.881761290E-2,-4.804983269E-3,-2.620288730E-1
1.250311279E1,3.791874275E-2,2.948348038E-2,-6.108118966E-2
1.251316779E1,1.627624035E-1,2.977846861E-1,4.570997134E-2
1.252322279E1,3.499951363E-1,5.747396350E-1,-8.682623506E-2
1.253327879E1,2.184922546E-1,4.219172895E-1,-1.909571588E-1
1.254333379E1,1.500866264E-1,3.603418171E-1,-1.760689169E-1
1.255338879E1,1.313728541E-1,3.145130873E-1,-1.897543669E-1
1.256344379E1,1.162082478E-1,2.205855399E-1,-1.140890792E-1
1.257349879E1,7.119843364E-2,3.116602898E-1,-4.046146572E-2
1.258355379E1,5.930085853E-2,3.512662947E-1,4.118667170E-2
1.259360879E1,8.709920198E-2,3.507936001E-1,7.894656807E-2
1.260366379E1,7.810141891E-2,8.536282778E-1,1.351178735E-1
1.261371879E1,8.066258579E-2,1.795571804E0,9.113844484E-2
1.262377379E1,1.207270399E-1,2.650203466E0,8.308087476E-3
1.263382879E1,2.134596407E-1,3.266789913E0,-2.066715956E-1
1.264388379E1,3.374671638E-1,3.802767992E0,-6.804322004E-1
1.265393879E1,5.185802579E-1,4.250075817E0,-1.283229709E0
1.266399379E1,5.522432327E-1,4.603864670E0,-1.751263976E0
1.267404979E1,5.555570126E-1,5.424736023E0,-1.946821451E0
1.268410479E1,4.506873786E-1,6.442664623E0,-1.932468534E0
1.269415979E1,4.501486421E-1,7.498137951E0,-1.956731558E0
1.270421479E1,1.386129409E-1,8.943076134E0,-2.128159046E0
1.271426979E1,-8.316848427E-3,9.443671227E0,-2.412486792E0
1.272432479E1,-9.618721157E-2,9.127581596E0,-2.857542992E0
1.273437979E1,-4.294890165E-1,8.467235565E0,-3.169163465E0
1.274443479E1,-1.002493978E0,7.818560600E0,-3.207314730E0
1.275448979E1,-1.666683435E0,6.986791134E0,-3.221343994E0
1.276454479E1,-2.302164555E0,5.793411732E0,-3.323462009E0
1.277459979E1,-2.896970749E0,4.432110786E0,-3.433731556E0
1.278465479E1,-3.398989916E0,3.108118057E0,-3.378638029E0
1.279470979E1,-3.749395370E0,1.959769011E0,-3.213669538E0
1.280476579E1,-3.902082205E0,9.905211329E-1,-3.090067387E0
1.281482079E1,-3.930904150E0,2.997977734E-1,-3.032808304E0
1.282487579E1,-3.809823513E0,-2.324986011E-1,-2.992101431E0
1.283493079E1,-3.533033371E0,-6.744623780E-1,-2.857590437E0
1.284498579E1,-3.049695253E0,-1.027634263E0,-2.519418716E0
1.285504079E1,-2.292079687E0,-9.903873205E-1,-2.219230652E0
1.286509579E1,-1.434920311E0,-8.399267197E-1,-2.015760899E0
1.287515079E1,-6.820921302E-1,-7.209500074E-1,-1.908526897E0
1.288520579E1,-1.493873894E-1,-6.751931906E-1,-1.932687879E0
1.289526088E1,8.256649226E-2,-8.099893332E-1,-1.974337697E0
1.290531588E1,4.859447107E-2,-1.094889283E0,-1.860351920E0
1.291537088E1,1.780113578E-2,-1.429817677E0,-1.572675347E0
1.292542588E1,1.791829020E-1,-1.714145899E0,-1.211033821E0
1.293548187E1,4.337182343E-1,-1.783728600E0,-9.580854177E-1
1.294553688E1,5.882598758E-1,-1.646086574E0,-8.665409684E-1
1.295559188E1,6.120810509E-1,-1.359299660E0,-8.897070289E-1
1.296564687E1,4.684945643E-1,-1.032666087E0,-9.860719442E-1
1.297570188E1,1.624390334E-1,-8.302871585E-1,-1.050867438E0
1.298575687E1,-1.822146922E-1,-7.285658717E-1,-1.006198287E0
1.299581188E1,-4.103453159E-1,-8.368097544E-1,-8.279358745E-1
1.300586688E1,-4.284434021E-1,-1.158753157E0,-7.079221606E-1
1.301592187E1,-2.636432648E-1,-1.559086204E0,-6.546744108E-1
1.302597688E1,1.096042842E-1,-1.728091717E0,-6.660358310E-1
1.303603188E1,5.513535142E-1,-1.884677410E0,-7.961310148E-1
1.304608687E1,8.487095237E-1,-1.604115963E0,-9.828305840E-1
1.305614188E1,8.442045450E-1,-1.426743388E0,-1.031511545E0
1.306619787E1,6.409712434E-1,-1.348182797E0,-1.000228047E0
1.307625288E1,6.594551802E-1,-1.886983633E0,-9.461453557E-1
1.308630788E1,5.634656549E-1,-2.127301455E0,-8.499133587E-1
1.309636287E1,3.771215975E-1,-2.346348047E0,-7.929621935E-1
1.310641788E1,1.975085288E-1,-2.312542915E0,-7.091601491E-1
1.311647288E1,2.200604379E-1,-1.733675122E0,-6.193117499E-1
1.312652787E1,4.208963215E-1,-8.374564052E-1,-3.277975917E-1
1.313658288E1,6.009545326E-1,4.966491833E-2,-1.270932555E-1
1.314663788E1,5.304211974E-1,4.289030433E-1,-2.455282807E-1
1.315669287E1,2.124832124E-1,4.458239675E-1,-4.961932600E-1
1.316674788E1,-1.743767262E-1,4.175630212E-1,-5.662621260E-1
1.317680288E1,-4.761117995E-1,7.494683564E-2,-4.406453073E-1
1.318685888E1,-6.161572337E-1,-3.359613419E-1,-3.442163765E-1
1.319691388E1,-6.487865448E-1,-5.504387021E-1,-2.184573710E-1
1.320696887E1,-5.353277326E-1,-4.964737892E-1,-1.061394289E-1
1.321702388E1,-2.696726620E-1,-2.468554229E-1,-4.598288238E-2
1.322707888E1,4.762566462E-2,7.697243243E-2,-1.153805479E-2
1.323713387E1,2.819460034E-1,2.796853185E-1,3.894696943E-3
1.324718888E1,3.847532868E-1,4.816517234E-1,8.211644739E-2
1.325724387E1,3.648900986E-1,5.764635205E-1,1.881611347E-1
1.326729888E1,2.451542765E-1,6.049587727E-1,2.717205882E-1
1.327735388E1,7.502515614E-2,6.433245540E-1,3.236048222E-1
1.328740887E1,-9.171189368E-2,5.977426767E-1,3.599503338E-1
1.329746388E1,-2.300359458E-1,6.361782551E-1,3.210015893E-1
1.330751888E1,-3.357645571E-1,7.114471197E-1,1.704449505E-1
1.331757487E1,-4.023164213E-1,8.508870602E-1,-1.165956184E-1
1.332762988E1,-4.131090641E-1,1.029979587E0,-4.204716086E-1
1.333768487E1,-3.010216653E-1,9.520776272E-1,-6.908216476E-1
1.334773988E1,-2.738642879E-2,8.311413527E-1,-9.264668822E-1
1.335779488E1,3.357510269E-1,7.509657741E-1,-9.653335810E-1
1.336784987E1,3.388993740E-1,6.579748392E-1,-6.751457453E-1
1.337790488E1,2.117717862E-1,4.569557011E-1,-3.423115909E-1
1.338795988E1,9.402775019E-2,2.404143661E-1,8.358769119E-3
1.339801487E1,-4.070316255E-2,3.004761040E-1,3.118054569E-1
1.340806988E1,-1.897399873E-1,2.361346483E-1,4.699456692E-1
1.341812488E1,-3.101934493E-1,1.108888537E-1,4.044404030E-1
1.342817987E1,-3.493161500E-1,3.451791778E-2,2.257222533E-1
1.343823488E1,-3.249865770E-1,5.659073219E-2,1.401405036E-1
1.344829087E1,-7.212868333E-2,2.567179035E-3,5.078859329E-1
1.345834588E1,1.095569581E-1,-2.789805271E-2,9.602464437E-1
1.346840088E1,1.973950714E-1,-9.958449006E-2,1.124758363E0
1.347845587E1,1.640959680E-1,-3.131678998E-1,1.081123829E0
1.348851088E1,8.505386114E-2,-3.909369707E-1,1.074649096E0
1.349856588E1,3.127839882E-3,-4.441448152E-1,1.152794480E0
1.350862087E1,-6.891240180E-2,-5.139302611E-1,1.254573464E0
1.351867588E1,-1.585858166E-1,-6.407614350E-1,1.305648327E0
1.352873088E1,-2.664221525E-1,-7.252401114E-1,1.304827213E0
1.353878588E1,-3.654177189E-1,-7.412105203E-1,1.261839509E0
1.354884088E1,-4.252756536E-1,-6.709973812E-1,1.177795768E0
1.355889587E1,-4.494190514E-1,-5.609779358E-1,1.059131145E0
1.356895188E1,-4.435039759E-1,-5.326560140E-1,9.011790752E-1
1.357900688E1,-4.192910492E-1,-5.129669905E-1,7.232756615E-1
1.358906187E1,-3.518308401E-1,-4.832951427E-1,5.398162603E-1
1.359911688E1,-2.100060582E-1,-4.599024653E-1,3.711939752E-1
1.360917187E1,-1.725737751E-2,-4.495787323E-1,2.469738424E-1
1.361922688E1,1.680027544E-1,-3.994013071E-1,1.918629259E-1
1.362928188E1,3.163616061E-1,-4.670711756E-1,2.034688294E-1
1.363933687E1,3.797815740E-1,-5.457515717E-1,2.833684683E-1
1.364939188E1,3.297460377E-1,-6.596669555E-1,3.615952432E-1
1.365944688E1,2.404864877E-1,-7.591786385E-1,4.243675470E-1
1.366950187E1,1.737155318E-1,-7.991324067E-1,4.780754149E-1
1.367955688E1,1.450548619E-1,-8.126870990E-1,4.987993240E-1
1.368961188E1,1.580701619E-1,-7.953475714E-1,4.709931612E-1
1.369966788E1,2.021803707E-1,-7.127818465E-1,4.116118550E-1
1.370972288E1,2.097758055E-1,-5.339130163E-1,3.278235793E-1
1.371977787E1,1.816999614E-1,-3.740914166E-1,1.829622686E-1
1.372983288E1,1.367067844E-1,-2.810847759E-1,5.308586732E-2
1.373988788E1,7.323007286E-2,-2.272401750E-1,1.121485233E-2
1.374994287E1,4.023478366E-3,-2.183990180E-1,3.612336144E-2
1.375999788E1,-2.971903794E-2,-3.087547719E-1,8.721797168E-2
1.377005288E1,-3.484608978E-2,-3.940893710E-1,1.567725092E-1
1.378010787E1,-3.129476309E-2,-4.174402356E-1,2.208718657E-1
1.379016288E1,-2.939279377E-2,-3.740639985E-1,2.510075271E-1
1.380021788E1,-9.786334820E-3,-2.517087758E-1,2.347585261E-1
1.381027288E1,1.863739081E-2,-8.873024583E-2,1.945105344E-1
1.382032888E1,5.326461047E-2,5.577393994E-2,1.745943427E-1
1.383038387E1,9.332284331E-2,7.497559488E-2,1.439141184E-1
1.384043888E1,1.350684315E-1,1.229939908E-1,1.050681844E-1
1.385049388E1,1.351354718E-1,6.449712068E-2,7.703765482E-2
1.386054887E1,9.414915740E-2,-1.553725544E-2,6.743349135E-2
1.387060388E1,2.771081217E-2,-6.508510560E-2,9.230072796E-2
1.388065887E1,-1.039076596E-3,-7.947203517E-2,1.502950490E-1
1.389071388E1,4.973281547E-2,-3.477033600E-2,2.129138112E-1
1.390076938E1,1.866600513E-1,4.932882637E-2,2.610938549E-1
1.391082437E1,3.486569226E-1,1.468503326E-1,2.613215744E-1
1.392087938E1,4.909869134E-1,2.449159026E-1,2.113001943E-1
1.393093438E1,5.701127648E-1,3.284267783E-1,1.235313490E-1
1.394099038E1,5.660740733E-1,3.248911500E-1,3.300171345E-2
1.395104538E1,4.739002883E-1,2.622756958E-1,-3.762603924E-2
1.396110037E1,3.139663041E-1,1.671926230E-1,-9.016062319E-2
1.397115538E1,1.187386587E-1,1.055529416E-1,-1.022150666E-1
1.398121038E1,-5.736739188E-2,1.018183902E-1,-8.786568791E-2
1.399126537E1,-1.552763134E-1,1.528581530E-1,-7.477534562E-2
1.400132038E1,-1.688781381E-1,1.769696176E-1,-8.386445045E-2
1.401137538E1,-1.299616396E-1,1.710222363E-1,-1.147251576E-1
1.402143037E1,-9.138788283E-2,1.188037694E-1,-1.729131043E-1
1.403148538E1,-6.811653823E-2,8.146199584E-2,-1.998922527E-1
1.404154038E1,-4.311371967E-2,9.074081667E-3,-1.675995588E-1
1.405159538E1,-2.067437395E-3,-5.685380101E-2,-7.309313864E-2
1.406165138E1,5.983721092E-2,-6.079208478E-2,5.148420855E-2
1.407170637E1,1.244437099E-1,-4.923689738E-2,1.429807693E-1
1.408176138E1,1.731303036E-1,-1.087832265E-2,1.798932403E-1
1.409181638E1,1.740223020E-1,1.024773251E-2,1.463809013E-1
1.410187137E1,1.171792746E-1,3.999098018E-2,7.774697989E-2
1.411192638E1,1.284413412E-2,5.204178765E-2,2.346269414E-2
1.412198137E1,-1.148909256E-1,3.845008090E-2,1.338529214E-2
1.413203638E1,-2.320628017E-1,-6.327514537E-3,3.088142723E-2
1.414209138E1,-3.166202903E-1,-5.330247805E-2,3.602745384E-2
1.415214637E1,-3.680049777E-1,-8.500581235E-2,4.237300903E-2
1.416220138E1,-3.975868523E-1,-1.057720780E-1,6.115069240E-2
1.417225638E1,-4.332959354E-1,-1.391942054E-1,1.048621312E-1
1.418231238E1,-4.932412803E-1,-1.563937068E-1,1.554406285E-1
1.419236738E1,-5.923303962E-1,-1.353443414E-1,1.639561206E-1
1.420242237E1,-7.004467845E-1,-4.046817124E-2,7.541427016E-2
1.421247738E1,-7.790704370E-1,9.776799381E-2,-7.942296565E-2
1.422253238E1,-8.201872110E-1,2.413006574E-1,-2.316854745E-1
1.423258737E1,-8.187178969E-1,3.414498866E-1,-3.502924740E-1
1.424264238E1,-8.059056997E-1,4.094686210E-1,-4.079017043E-1
1.425269738E1,-8.115379810E-1,4.222946763E-1,-3.885855973E-1
1.426275237E1,-8.117835522E-1,3.328558803E-1,-3.345053196E-1
1.427280738E1,-7.634837627E-1,2.157787830E-1,-2.678421736E-1
1.428286238E1,-6.552702188E-1,1.161605790E-1,-2.079687268E-1
1.429291737E1,-4.914214611E-1,3.072664514E-2,-1.408015043E-1
1.430297338E1,-2.927957177E-1,-2.070485428E-2,-4.926811904E-2
1.431302837E1,-6.202604994E-2,-5.692038313E-2,4.368739203E-2
1.432308338E1,1.570964456E-1,-7.341706753E-2,9.736260027E-2
1.433313838E1,2.793418467E-1,-1.097180918E-1,8.333086967E-2
1.434319337E1,2.587090135E-1,-1.846179068E-1,2.433546260E-2
1.435324838E1,1.964487284E-1,5.633375645E-1,2.520684339E-2
1.436330338E1,1.422328949E-1,3.918315768E-1,-2.638316154E-1
1.437335837E1,1.481886208E-1,4.713602066E-1,-6.394499540E-1
1.438341338E1,-1.299322098E-1,1.923168600E-1,-5.942074060E-1
1.439346837E1,-2.775568664E-1,6.490544416E-3,-2.482365370E-1
1.440352338E1,-3.091635406E-1,-2.282551229E-1,-4.977963120E-2
1.441357838E1,-1.298064291E-1,-2.259165943E-1,1.548991073E-3
1.442363437E1,1.023975089E-1,-1.854149699E-1,-1.073350757E-2
1.443368938E1,2.952743471E-1,-1.676256061E-1,-3.639987111E-2
1.444374438E1,4.129250944E-1,-1.209995002E-1,-4.629857466E-2
1.445379938E1,4.724576175E-1,-3.102993220E-2,-3.877073526E-2
1.446385438E1,4.931234717E-1,7.083597779E-2,-3.961788490E-2
1.447390937E1,5.076426864E-1,2.451401502E-1,-7.453793287E-2
1.448396438E1,2.946971357E-1,7.636629790E-2,-7.697126269E-2
1.449401938E1,2.155052572E-1,1.522189826E-1,-1.076464653E-1
1.450407437E1,1.451823562E-1,1.316359341E-1,-2.391672134E-1
1.451412938E1,1.929070801E-1,3.012151122E-1,-3.113377392E-1
1.452418438E1,2.916198373E-1,3.019299209E-1,-3.915260732E-1
1.453424038E1,3.990077376E-1,3.037989140E-1,-4.840099514E-1
1.454429538E1,5.067928433E-1,4.088707268E-1,-5.838134885E-1
1.455435037E1,6.187874675E-1,5.507730246E-1,-6.878424287E-1
1.456440538E1,8.440632224E-1,4.421852827E-1,-7.747674584E-1
1.457446038E1,1.033289313E0,3.452741802E-1,-6.846871376E-1
1.458451537E1,1.045682549E0,5.562767386E-1,-6.709896922E-1
1.459457038E1,9.194649458E-1,8.269715905E-1,-8.263561130E-1
1.460462538E1,6.925950646E-1,1.340491176E0,-9.528182149E-1
1.461468037E1,7.048531175E-1,1.277116418E0,-1.175986290E0
1.462473538E1,8.666002154E-1,1.285231352E0,-1.241846323E0
1.463479038E1,1.010955334E0,1.297568202E0,-1.109950304E0
1.464484537E1,9.972785115E-1,1.339265585E0,-8.845137358E-1
1.465490138E1,8.457205892E-1,1.288022041E0,-6.605929732E-1
1.466495637E1,5.692125559E-1,1.129198551E0,-5.137819648E-1
1.467501138E1,2.303468287E-1,9.298229218E-1,-4.440871775E-1
1.468506638E1,-1.145990938E-1,7.068731785E-1,-4.279891849E-1
1.469512137E1,-4.900152981E-1,2.346981615E-1,-4.776150584E-1
1.470517638E1,-7.878836989E-1,6.860158592E-2,-4.176377356E-1
1.471523138E1,-8.577126861E-1,2.123433724E-2,-2.766733766E-1
1.472528637E1,-7.161510587E-1,-9.461823106E-2,-2.568298876E-1
1.473534138E1,-5.187351108E-1,-9.803373367E-2,-3.898707032E-1
1.474539637E1,-4.187470078E-1,4.559374228E-2,-5.123146176E-1
1.475545138E1,-4.070723653E-1,4.981671274E-2,-5.385667682E-1
1.476550738E1,-4.688856900E-1,2.323889546E-2,-4.503159821E-1
1.477556237E1,-7.226773500E-1,2.380159199E-1,-1.708570272E-1
1.478561738E1,-8.039921522E-1,9.394422919E-2,1.871144325E-1
1.479567237E1,-6.849215627E-1,-2.291451395E-1,2.714665532E-1
1.480572738E1,-5.748030543E-1,-2.930993736E-1,1.788098663E-1
1.481578238E1,-4.355742633E-1,-3.226979971E-1,1.455604136E-1
1.482583737E1,-2.372880578E-1,-3.695392907E-1,2.588153481E-1
1.483589238E1,-7.122407854E-2,-4.393524528E-1,4.591980278E-1
1.484594738E1,4.299331084E-2,-4.350671470E-1,6.071882844E-1
1.485600237E1,1.327370405E-1,-3.643064499E-1,6.664173007E-1
1.486605738E1,1.816166937E-1,-2.228635401E-1,7.054269910E-1
1.487611238E1,1.440982223E-1,-2.145907134E-1,7.540616989E-1
1.488616838E1,-2.635501139E-2,-2.109621614E-1,7.076622248E-1
1.489622275E1,-2.537499666E-1,-1.735047996E-1,6.231280565E-1
1.490627775E1,-4.193389416E-1,-1.235824823E-2,5.262459517E-1
1.491633275E1,-3.816157579E-1,1.666282862E-1,2.931286991E-1
1.492638775E1,-2.179285698E-2,6.339233518E-1,1.380792111E-1
1.493644275E1,4.512979984E-1,8.915125132E-1,3.971794844E-1
1.494649775E1,9.734581113E-1,9.205343127E-1,8.299985528E-1
1.495655275E1,1.407842755E0,8.302667141E-1,1.200264692E0
1.496660775E1,1.687424064E0,-1.742357574E-2,1.399783969E0
1.497666275E1,1.635862470E0,-1.317705512E0,1.258852601E0
1.498671775E1,1.325517416E0,-1.991861343E0,1.037923932E0
1.499677275E1,9.502976537E-1,-2.515075445E0,1.021220922E0
1.500682875E1,6.756858230E-1,-2.692930460E0,1.112848401E0
1.501688375E1,4.664411843E-1,-2.624916792E0,1.360950708E0
1.502693875E1,3.296665549E-1,-2.361638784E0,1.676146507E0
1.503699375E1,3.167513907E-1,-1.889471531E0,2.075199127E0
1.504704875E1,5.107579231E-1,-1.460543633E0,2.510506630E0
1.505710375E1,9.874456525E-1,-1.410549760E0,2.803226948E0
1.506715875E1,1.548169732E0,-1.576214314E0,2.825241566E0
1.507721375E1,1.865797400E0,-1.897735953E0,2.648389101E0
1.508726875E1,1.848034143E0,-2.195948601E0,2.398719549E0
1.509732375E1,1.643694758E0,-2.353800058E0,2.220429659E0
1.510737875E1,1.432094932E0,-2.258755922E0,2.204679012E0
1.511743475E1,1.391718745E0,-2.027480841E0,2.352651596E0
1.512748975E1,1.527723193E0,-1.724034905E0,2.423961401E0
1.513754475E1,1.733668208E0,-1.582099080E0,2.279757738E0
1.514759975E1,1.920953870E0,-1.638855100E0,1.925985694E0
1.515765475E1,1.939607620E0,-1.796568274E0,1.505171537E0
1.516770975E1,1.752407074E0,-1.966771483E0,1.184404492E0
1.517776475E1,1.393119216E0,-2.012225389E0,1.056359053E0
1.518781975E1,1.011483073E0,-1.895900965E0,1.105313778E0
1.519787475E1,7.339218259E-1,-1.705240726E0,1.240096569E0
1.520792975E1,5.998617411E-1,-1.559589863E0,1.315546155E0
1.521798475E1,6.535243988E-1,-1.511170626E0,1.240752101E0
1.522804075E1,8.384500742E-1,-1.567367554E0,1.029179096E0
1.523809575E1,1.773000002E0,-3.172731638E0,1.107761860E0
1.524815075E1,1.906090736E0,-3.492418766E0,3.377615809E-1
1.525820575E1,1.428733826E0,-2.851019144E0,1.135514677E-1
1.526826075E1,1.168814182E0,-2.102775335E0,3.623540998E-1
1.527831575E1,7.388796210E-1,-1.414632678E0,6.640047431E-1
1.528837075E1,3.122814298E-1,-1.076744914E0,6.930209398E-1
1.529842575E1,-1.054663025E-2,-9.796244502E-1,5.796011686E-1
1.530848075E1,-1.886021197E-1,-8.350827098E-1,5.688854456E-1
1.531853575E1,-2.021128982E-1,-6.908264756E-1,6.842685342E-1
1.532859075E1,-1.138043404E-1,-6.379272938E-1,7.049831152E-1
1.533864575E1,-3.885375708E-2,-6.680092812E-1,6.019847989E-1
1.534870175E1,5.760646984E-2,-7.503939271E-1,4.483667910E-1
1.535875675E1,1.755582839E-1,-8.136754036E-1,3.384104669E-1
1.536881175E1,3.344762921E-1,-8.858993053E-1,2.696023881E-1
1.537886675E1,5.429890752E-1,-1.022779942E0,2.320831716E-1
1.538892175E1,7.676823735E-1,-1.295142770E0,2.305561155E-1
1.539897675E1,9.667599797E-1,-1.563391209E0,2.213864774E-1
1.540903175E1,1.149298072E0,-1.737565994E0,1.180071011E-1
1.541908675E1,1.287356734E0,-1.816034436E0,7.112514228E-2
1.542914175E1,1.367765784E0,-1.889821053E0,1.091177985E-1
1.543919675E1,1.425056219E0,-1.854933023E0,7.800529897E-2
1.544925175E1,-1.687351465E-1,-1.953638911E0,-3.392789140E-2
1.545930775E1,-1.007906348E-1,-1.342918515E0,1.991968006E-1
1.546936275E1,-1.340170354E-1,-2.921989560E-1,4.367347658E-1
1.547941775E1,-1.197690666E-1,2.584010661E-1,5.179811716E-1
1.548947275E1,-1.253688931E-1,4.134546593E-2,5.556830168E-1
1.549952775E1,-1.236813143E-1,-3.335988522E-1,5.932145715E-1
1.550958275E1,-1.427093297E-1,-5.361804962E-1,5.680114627E-1
1.551963775E1,-8.903315663E-2,-6.287474036E-1,5.199583173E-1
1.552969275E1,-9.085529298E-2,-5.501854420E-1,4.411564171E-1
1.553974775E1,-8.003726602E-2,-4.926662743E-1,4.069699645E-1
1.554980275E1,-7.762017846E-2,-4.552467167E-1,3.592407703E-1
1.555985775E1,-8.097739518E-2,-4.329640567E-1,3.059474230E-1
1.556991375E1,-1.249573752E-1,-3.823919594E-1,2.274880409E-1
1.557996875E1,-1.568689048E-1,-2.300881743E-1,1.512439847E-1
1.559002375E1,-2.066907883E-1,-2.737150192E-1,9.219610691E-2
1.560007875E1,-3.658231795E-1,-4.290851653E-1,7.951760292E-2
1.561013375E1,-7.317897081E-1,-7.607480288E-1,7.776710391E-2
1.562018875E1,1.517357770E-3,3.513174355E-1,-1.559212338E-3
1.563024375E1,2.317311801E-2,4.767717719E-1,-1.257351413E-2
1.564029875E1,5.295627052E-4,8.584582061E-2,-1.340207905E-1
1.565035375E1,-1.302459557E-2,2.581577562E-2,-1.401604414E-1
1.566040875E1,-6.327979732E-3,8.542237803E-3,-1.331351250E-1
1.567046375E1,-4.460570868E-3,8.347294293E-3,-1.153001934E-1
1.568051975E1,-7.966168225E-3,1.418533502E-3,-6.382482499E-2
1.569057475E1,-3.394585103E-3,-6.450841203E-3,-3.757491708E-3
1.570062975E1,-1.582994242E-3,-6.238032132E-3,2.611706965E-3
1.571068475E1,-3.611524124E-3,-6.870798767E-3,4.588081501E-4
1.572073975E1,-3.049118677E-3,-3.699515248E-3,1.719290391E-3
1.573079475E1,-1.286372310E-3,-3.918959759E-3,-2.054142766E-3
1.574084975E1,3.876448900E-4,-4.615378100E-3,-9.645284154E-4
1.575090475E1,9.157496970E-4,-1.248077140E-3,-2.252347767E-4
1.576095975E1,-1.126711606E-3,-3.341049422E-3,8.978918195E-4
1.577101475E1,-6.492068060E-4,-2.358342987E-3,-8.856272325E-4
1.578107075E1,-9.194030426E-4,3.048208309E-4,1.383496914E-3
1.579112575E1,1.583169331E-3,-9.298207005E-4,1.888698433E-3
1.580118075E1,9.948083898E-4,-1.044604462E-3,-6.721569225E-4
1.581123575E1,1.070175786E-3,-1.050412538E-4,-3.656269982E-4
1.582129075E1,6.658019847E-4,4.291921505E-4,2.205311321E-4
1.583134575E1,-2.008544281E-3,1.699786284E-3,3.244816791E-3
1.584140075E1,1.483718865E-3,-3.585754021E-4,4.528774880E-4
1.585145575E1,-2.525936347E-3,-3.553796269E-4,-1.581510995E-3
1.586151075E1,-6.153474096E-4,1.178563689E-4,1.753342804E-3
1.587156575E1,2.045949455E-3,-6.667108973E-4,1.506526023E-4
1.588162075E1,6.242707605E-5,-1.785771223E-3,-1.064281445E-3
1.589167575E1,-1.963173039E-3,1.012944849E-3,2.409013454E-3
1.590173117E1,1.935124747E-3,5.114793312E-4,-4.701740108E-4
1.591178617E1,9.148677345E-4,6.345173460E-4,2.081333660E-4
1.592184117E1,-4.183336860E-4,1.827080268E-3,-1.325923018E-3
1.593189617E1,1.157458755E-3,1.368217636E-3,8.062035777E-4
1.594195117E1,5.730552948E-4,-9.748276789E-4,1.121518202E-3
1.595200617E1,3.597360919E-4,-2.067256253E-3,-4.758462310E-4
1.596206117E1,-3.479574225E-4,3.557364107E-5,1.045315992E-3
1.597211617E1,-2.798065543E-3,-5.617734278E-4,-1.637819223E-3
1.598217117E1,1.007591607E-3,1.439592103E-3,-7.994561456E-4
1.599222617E1,3.155164886E-3,-3.942605690E-4,1.063424628E-3
1.600228117E1,-4.299141001E-4,-6.136382581E-5,8.793608285E-4
1.601233717E1,6.526609068E-4,2.387744171E-4,6.376300007E-6
1.602239217E1,-1.545746927E-4,-3.481949971E-4,1.158809755E-3
1.603244717E1,-1.399069908E-3,-4.230298509E-4,-1.323788892E-3
1.604250217E1,3.078874724E-4,6.313202903E-4,1.983777620E-3
1.605255717E1,7.142858813E-4,7.037582691E-4,1.131733879E-4
1.606261217E1,-7.510312134E-4,-7.181048859E-4,-2.902208595E-3
1.607266717E1,1.760596060E-3,-3.356749367E-4,9.636362083E-4
1.608272217E1,-2.795563079E-3,1.146648137E-4,-1.275359187E-3
1.609277717E1,-3.919115989E-5,-1.774847973E-3,-1.375227701E-3
1.610283217E1,6.667384878E-5,1.237237011E-4,3.251214512E-4
1.611288817E1,1.401770860E-4,7.823234191E-4,-1.573179848E-3
1.612294317E1,-8.353015874E-4,-8.342227666E-4,-7.949606515E-4
1.613299817E1,1.082973322E-3,-9.431460639E-4,-6.080064923E-4
1.614305317E1,-9.187187534E-4,-1.643816940E-3,2.033393830E-4
1.615310817E1,-1.907816739E-3,-7.029221160E-4,-8.494080976E-4
1.616316317E1,1.857901574E-3,3.048235085E-4,1.769119874E-3
1.617321817E1,2.692802576E-3,-8.131714421E-4,6.761583500E-4
1.618327317E1,-8.529100451E-4,-5.659373710E-5,-1.835905947E-3
1.619332817E1,2.759668045E-3,-1.575128175E-3,5.087410100E-4
1.620338317E1,3.117536660E-3,4.808423691E-4,-1.904202625E-3
1.621343817E1,1.233447692E-4,8.164006285E-4,-1.842683647E-3
1.622349317E1,-1.822641352E-3,3.327799204E-4,-1.895648893E-3
1.623354917E1,1.036794623E-3,-1.886165817E-3,-4.013492726E-4
1.624360417E1,-1.173173776E-3,6.257140776E-4,-1.848844346E-3
1.625365917E1,-1.000867225E-3,-1.000944758E-3,1.999157015E-3
1.626371417E1,-1.268847147E-3,-5.673609558E-4,-2.731928602E-3
1.627376917E1,2.343731001E-3,1.005598169E-4,8.383053355E-4
1.628382417E1,6.337209488E-4,-3.615347086E-4,4.863617942E-4
1.629387917E1,8.880528621E-4,5.146452459E-4,-2.974149771E-3
1.630393417E1,2.163107856E-4,-1.517337223E-4,6.874087267E-4
1.631398917E1,-1.855362207E-3,5.603955360E-4,6.613098085E-4
1.632404417E1,2.932630945E-3,-1.147635863E-3,-1.937892288E-3
1.633410017E1,1.785873552E-3,-1.536990050E-3,-6.678309292E-4
1.634415517E1,1.065254095E-3,1.084805001E-3,-2.171243541E-3
1.635421017E1,-1.380593050E-3,8.166247280E-4,1.203248277E-3
1.636426517E1,2.220742404E-3,5.207834183E-4,-1.194834244E-3
1.637432017E1,-4.836976295E-4,9.588734247E-4,2.304897644E-4
1.638437517E1,-1.003872021E-3,-7.886454696E-4,-5.131904036E-4
1.639443017E1,-8.747831453E-5,-3.787850437E-4,-1.972602680E-3
1.640448517E1,-5.813989555E-4,3.543365747E-4,-2.865889110E-4
1.641454017E1,1.592805726E-3,1.016025781E-4,-2.984371036E-3
1.642459517E1,2.104092622E-3,-9.260674706E-4,7.448829710E-4
1.643465017E1,-9.548141388E-4,-2.216368914E-3,2.958503086E-3
1.644470617E1,2.431717876E-4,1.318594150E-4,4.906561226E-4
1.645476117E1,4.128989764E-3,-1.802660758E-3,4.816013388E-4
1.646481617E1,1.082906965E-3,6.355587975E-4,-1.177445985E-3
1.647487117E1,1.944439602E-3,-4.168305895E-5,1.215936616E-3
1.648492617E1,2.328284900E-4,6.893242244E-4,-1.581296790E-3
1.649498117E1,2.402772196E-3,1.489688293E-4,-2.013794146E-3
1.650503617E1,-1.425163238E-3,1.734089456E-4,9.728907607E-4
1.651509117E1,1.639069873E-3,-2.895617858E-3,3.254762851E-4
1.652514617E1,5.150697543E-4,2.507920144E-3,-4.112389870E-4
1.653520117E1,9.588821558E-5,-1.478832099E-3,9.091561660E-4
1.654525617E1,-1.562125166E-3,8.855209453E-4,1.013659872E-3
1.655531217E1,-7.352135144E-4,-1.006921288E-3,-2.473471686E-4
1.656536717E1,1.621864154E-3,-1.976659521E-3,-1.706134062E-3
1.657542217E1,2.825604752E-4,-5.944790319E-4,-2.267481759E-4
1.658547717E1,1.305287355E-3,-7.510238211E-4,6.030350924E-4
1.659553217E1,7.623847341E-5,1.865532016E-3,-5.605001934E-4
1.660558717E1,-4.120818921E-4,2.986610401E-3,1.410329714E-4
1.661564217E1,-1.749254996E-3,-1.530110952E-3,-6.499262527E-4
1.662569717E1,1.135335537E-3,-5.611614906E-4,-2.428339794E-4
1.663575217E1,-1.491070143E-4,3.499058948E-4,1.052413136E-4
1.664580717E1,4.765881749E-4,1.946450677E-3,1.598828472E-3
1.665586317E1,-1.216649660E-3,-2.404621802E-3,8.100001141E-4
1.666591817E1,-2.053078730E-3,-9.192166035E-4,2.020289190E-3
1.667597317E1,-3.300136887E-4,9.993247222E-4,-1.239419449E-3
1.668602817E1,-2.284541726E-3,2.591639059E-4,-8.884351701E-6
1.669608317E1,6.342827692E-4,-1.842869213E-3,-5.519026890E-4
1.670613817E1,-1.031093067E-3,2.549497411E-3,-2.338066697E-4
1.671619317E1,1.097837929E-3,2.961968421E-4,1.127334777E-3
1.672624817E1,-5.021349061E-4,1.420695451E-3,-1.948294230E-4
1.673630317E1,1.482452732E-3,-1.113302191E-3,4.704277962E-4
1.674635817E1,-2.067434601E-3,-2.007984323E-3,-8.257548325E-4
1.675641317E1,9.352796478E-4,-8.673522971E-4,-7.072440349E-4
1.676646817E1,3.042663215E-3,-9.589157416E-4,1.236942597E-3
1.677652417E1,4.529079888E-6,1.879215008E-3,-1.303241588E-4
1.678657917E1,3.680570517E-4,7.207049057E-4,1.094921026E-3
1.679663417E1,1.387248747E-3,3.494602861E-4,-1.749600749E-3
1.680668917E1,1.307606464E-3,-1.087216428E-3,2.258538269E-3
1.681674417E1,-3.014754620E-4,-1.382294577E-3,9.764917195E-7
1.682679917E1,-3.134029103E-4,1.975084888E-4,5.028676242E-6
1.683685417E1,-4.337778082E-4,-5.801345687E-4,1.070559490E-3
1.684690917E1,2.222793410E-3,6.691092276E-4,-1.069941558E-3
1.685696417E1,-3.032148816E-4,-2.238486777E-4,8.256966248E-4
1.686702017E1,-6.230373401E-6,1.968975645E-3,1.238320023E-3
1.687707517E1,-8.094590157E-6,9.332722984E-4,1.259358600E-3
1.688713017E1,3.013935639E-4,8.188353386E-4,5.170730874E-4
1.689718517E1,1.935242908E-3,9.160407353E-4,8.627511561E-4
1.690724092E1,-1.540803118E-3,-2.836834756E-4,1.381326467E-3
1.691729592E1,-3.341248375E-4,9.645401151E-4,-2.985955216E-4
1.692735092E1,2.210746286E-3,-4.175612121E-4,2.961876336E-3
1.693740592E1,-9.461647714E-4,-1.024761936E-3,1.666781027E-3
1.694746092E1,-6.916316925E-4,1.458301209E-3,3.717751242E-4
1.695751592E1,-4.940250656E-4,3.580308054E-3,-1.351822633E-3
1.696757092E1,1.046391670E-3,-3.088635160E-3,1.072156243E-3
1.697762692E1,-5.371238803E-4,5.103606964E-4,9.975880384E-4
1.698768192E1,-1.679442124E-3,-7.362547331E-5,7.744804025E-4
1.699773692E1,8.441692917E-4,1.714420854E-3,3.265370615E-4
1.700779192E1,-6.795421941E-4,1.044827979E-3,-1.035691705E-3
1.701784692E1,-1.280014985E-4,1.090900740E-3,1.627309248E-4
1.702790192E1,-3.436985426E-4,-8.342026267E-4,-6.703748368E-4
1.703795692E1,-2.288871445E-3,-7.614983479E-4,-1.240823884E-3
1.704801192E1,7.734164828E-4,5.105394521E-4,-1.577761956E-3
1.705806692E1,-1.643934753E-3,-1.653811429E-3,-1.865650062E-3
1.706812192E1,1.450470183E-3,1.791554620E-3,-1.914588735E-3
1.707817692E1,-1.030530781E-3,1.776374644E-3,9.666853584E-4
1.708823292E1,8.126549656E-4,-5.182827590E-4,-2.451003529E-4
1.709828792E1,1.678714878E-3,4.431183334E-4,-1.644591335E-3
1.710834292E1,1.012284774E-3,1.036002534E-3,-1.438499894E-3
1.711839792E1,2.777849440E-4,-3.741412074E-4,-2.407357562E-3
1.712845292E1,6.957307342E-4,2.215208951E-5,3.107760102E-3
1.713850792E1,-9.389652405E-5,6.495928392E-4,1.882972196E-3
1.714856292E1,9.772322373E-4,7.614390925E-4,-1.229876652E-4
1.715861792E1,-2.366365516E-4,1.811789814E-3,8.242987096E-4
1.716867292E1,3.867233871E-3,5.685381475E-4,1.090126578E-3
1.717872792E1,2.078654943E-3,6.718687946E-4,-9.325440042E-4
1.718878392E1,-2.026153263E-3,1.310692169E-4,-2.569391858E-3
1.719883892E1,1.368661178E-4,1.429626485E-3,2.257054672E-3
1.720889392E1,2.457360737E-3,5.184238544E-4,-1.004207879E-3
1.721894892E1,-2.055898309E-3,-1.345522585E-3,1.822471153E-3
1.722900392E1,7.063790690E-6,1.149978256E-3,-1.572988927E-3
1.723905892E1,-1.841702615E-3,4.543605901E-4,7.197265513E-4
1.724911392E1,1.157217543E-3,1.267000334E-3,-6.427704357E-4
1.725916892E1,-3.013957758E-4,-1.683515846E-3,-1.134390011E-3
1.726922392E1,3.031685250E-3,-2.095586155E-3,-1.144404523E-3
1.727927892E1,-2.291174605E-3,2.052020747E-3,1.690667123E-4
1.728933392E1,9.722926188E-4,9.452732047E-4,4.489338025E-4
1.729938992E1,3.885277256E-4,-1.998860389E-4,6.031305529E-4
1.730944492E1,-1.102365903E-3,-2.482225536E-4,-3.995844163E-4
1.731949992E1,-4.642258864E-5,6.524585187E-4,-8.355439641E-4
1.732955492E1,1.068774262E-3,1.457686536E-3,1.833708026E-3
1.733960992E1,-5.454703933E-5,4.350327072E-4,-1.758363564E-3
1.734966492E1,6.267885328E-4,-2.174729598E-4,-3.809640184E-4
1.735971992E1,1.424671616E-3,-6.217408227E-4,-6.595305167E-4
1.736977492E1,1.947538462E-3,-2.057873062E-4,4.312996753E-4
1.737982992E1,-1.169425203E-3,7.122043171E-4,2.019608393E-3
1.738988492E1,-6.752847694E-4,6.824786542E-4,-9.608264081E-4
1.739994092E1,2.926640678E-3,1.646542922E-3,-3.931049723E-3
1.740999592E1,-2.749124309E-3,5.515397061E-4,-8.884537965E-4
1.742005092E1,-6.811995991E-5,-1.051150612E-3,-2.639424056E-4
1.743010592E1,-1.454784418E-3,-1.320042647E-4,-9.796293452E-4
1.744016092E1,-8.326700190E-4,-1.951209502E-3,3.618053161E-4
1.745021592E1,-1.948737656E-3,6.267637946E-4,9.153536521E-4
1.746027092E1,-9.553786367E-4,9.785997099E-5,5.470383912E-4
1.747032592E1,-5.013160990E-4,1.513477298E-3,-7.192869671E-4
1.748038092E1,5.562251899E-4,1.001085155E-3,-1.855124719E-3
1.749043592E1,-1.212748466E-3,6.966679939E-5,-5.944538862E-4
1.750049092E1,-2.420262317E-4,-1.797475386E-3,-1.645603683E-3
1.751054692E1,-1.763573848E-3,8.373343153E-4,-2.298057079E-4
1.752060192E1,-1.739871688E-3,2.695484145E-4,-8.599092253E-4
1.753065692E1,6.402492290E-4,9.226028342E-4,-1.168102026E-3
1.754071192E1,1.532141934E-3,-9.147119708E-4,1.043653116E-3
1.755076692E1,-9.618391050E-4,7.686269237E-4,1.277161762E-3
1.756082192E1,2.028091811E-3,3.080250695E-3,9.794207290E-4
1.757087692E1,-1.656864071E-3,-5.298541510E-4,1.480506733E-3
1.758093192E1,2.014896017E-4,1.913063461E-3,-6.345757283E-4
1.759098692E1,-1.450806390E-3,6.190129789E-4,9.943279438E-4
1.760104192E1,2.276287414E-3,-2.828182653E-3,1.221495215E-3
1.761109792E1,-1.018645475E-3,3.926118370E-3,1.681543887E-3
1.762115292E1,-3.894060384E-3,-9.309545276E-4,1.358502544E-3
1.763120792E1,2.045053989E-3,5.037309020E-4,1.301565208E-3
1.764126292E1,-2.627728507E-3,2.266210970E-3,1.215810888E-3
1.765131792E1,3.513836069E-3,-9.962244891E-3,7.302407175E-2
1.766137292E1,1.581978984E-3,-3.196484875E-3,8.717681766E-1
1.767142792E1,3.723285627E-3,1.038446836E-2,1.516588449E0
1.768148292E1,6.056214683E-3,2.363825683E-3,5.112377405E-1
1.769153792E1,-2.829362173E-3,-2.675948897E-3,-4.925459325E-1
1.770159292E1,-2.414708026E-3,-1.761152991E-3,-7.781950235E-1
1.771164892E1,3.551447298E-5,-6.795054767E-3,-6.181170940E-1
1.772170392E1,4.089146387E-6,-1.801255718E-2,-2.962287664E-1
1.773175892E1,3.110597841E-3,-1.933641545E-2,-2.290928364E-1
1.774181392E1,2.507658210E-3,-1.403965522E-2,-4.025722146E-1
1.775186892E1,6.340015680E-3,-5.174787715E-3,-5.914516449E-1
1.776192392E1,2.762666158E-2,6.134138629E-2,-7.658258677E-1
1.777197892E1,7.954332232E-2,1.871368587E-1,-7.749063373E-1
1.778203392E1,2.413378209E-1,5.693740249E-1,-5.784188509E-1
1.779208892E1,2.727205157E-1,5.036844015E-1,-7.543891072E-1
1.780214392E1,1.991317868E-1,4.038095176E-1,-8.912037015E-1
1.781219992E1,2.093635947E-1,3.484815657E-1,-9.095915556E-1
1.782225492E1,2.359339446E-1,1.509072185E-1,-8.197391629E-1
1.783230992E1,2.490213960E-1,2.690297738E-2,-6.271637678E-1
1.784236492E1,2.204789817E-1,-8.630516939E-3,-4.416788518E-1
1.785241992E1,1.633448452E-1,2.400519140E-2,-4.247906804E-1
1.786247492E1,1.103796363E-1,4.579836875E-2,-4.239965379E-1
1.787252992E1,9.545689076E-2,1.085096970E-1,-5.107300282E-1
1.788258492E1,4.767498374E-2,1.762192398E-1,-7.700803280E-1
1.789263992E1,9.057225287E-2,1.979317218E-1,-8.921827674E-1
1.790269487E1,1.293984652E-1,8.748268485E-1,-8.816387653E-1
1.791275088E1,1.758628637E-1,1.763596416E0,-7.921968699E-1
1.792280587E1,1.813806593E-1,2.401396275E0,-6.444215178E-1
1.793286088E1,-2.270272523E-1,2.448694229E0,-6.174227595E-1
1.794291588E1,-6.128165126E-1,2.909250259E0,-7.586102486E-1
1.795297087E1,-1.021218657E0,3.380187988E0,-7.815307975E-1
1.796302588E1,-1.443865776E0,3.775113106E0,-7.603179216E-1
1.797308088E1,-1.636072516E0,3.966229916E0,-6.546398401E-1
1.798313587E1,-1.787381053E0,4.116043091E0,-5.880043507E-1
1.799319088E1,-1.829648376E0,4.241182327E0,-6.442296505E-1
1.800324588E1,-1.717550635E0,4.061408043E0,-9.093462825E-1
1.801330087E1,-1.664657116E0,3.884237051E0,-1.358062625E0
1.802335688E1,-1.741628885E0,3.919402838E0,-1.768774509E0
1.803341187E1,-1.921237230E0,4.024594784E0,-1.983621240E0
1.804346688E1,-2.217740774E0,4.143141747E0,-1.979686975E0
1.805352188E1,-2.530210257E0,4.403090477E0,-1.989879370E0
1.806357687E1,-2.892296791E0,4.455019474E0,-2.040340900E0
1.807363188E1,-2.853580713E0,4.211991787E0,-1.994248390E0
1.808368688E1,-2.530132532E0,3.658058882E0,-2.150216579E0
1.809374187E1,-2.158941031E0,2.856607199E0,-2.507773876E0
1.810379688E1,-1.843387842E0,2.102440119E0,-2.867588043E0
1.811385187E1,-1.628222942E0,1.568814635E0,-3.248408794E0
1.812390788E1,-1.585910439E0,9.890378714E-1,-3.495833397E0
1.813396288E1,-1.679699302E0,5.295740366E-1,-3.450402260E0
1.814401787E1,-1.714875102E0,2.899931967E-1,-3.128885984E0
1.815407288E1,-1.629644156E0,1.811165065E-1,-2.669427633E0
1.816412788E1,-1.418138504E0,2.301482409E-1,-2.286429644E0
1.817418288E1,-1.148245692E0,1.808997393E-1,-2.039409637E0
1.818423788E1,-8.466706872E-1,5.729844794E-2,-1.920693517E0
1.819429287E1,-5.800341368E-1,-2.053748816E-2,-1.914733648E0
1.820434788E1,-4.903517067E-1,-1.946251243E-1,-2.042509794E0
1.821440288E1,-6.539185643E-1,-4.607942402E-1,-2.074360371E0
1.822445887E1,-8.233379722E-1,-5.544171333E-1,-1.919953823E0
1.823451388E1,-8.891940117E-1,-6.199300885E-1,-1.651858687E0
1.824456887E1,-9.601206779E-1,-7.680050135E-1,-1.395069838E0
1.825462388E1,-1.063719749E0,-7.975658774E-1,-1.161221147E0
1.826467888E1,-1.168463230E0,-6.139742136E-1,-9.237406254E-1
1.827473387E1,-1.187357664E0,-5.295969844E-1,-8.352694511E-1
1.828478888E1,-1.161590457E0,-3.933334649E-1,-8.715813756E-1
1.829484388E1,-1.194308758E0,-1.859797388E-1,-8.952644467E-1
1.830489887E1,-1.295857787E0,1.637603343E-2,-7.602528334E-1
1.831495388E1,-1.408703089E0,3.350504041E-1,-5.045346618E-1
1.832500987E1,-1.517512918E0,4.640430212E-1,-2.013084590E-1
1.833506488E1,-1.554972172E0,3.023955226E-1,4.967579246E-2
1.834511988E1,-1.547248244E0,-1.733419597E-1,1.260523200E-1
1.835517487E1,-1.485912800E0,-2.055949718E-1,-1.039738804E-1
1.836522988E1,-1.430336118E0,-3.066571653E-1,-2.363585532E-1
1.837528488E1,-1.368018627E0,-2.881607115E-1,-2.510427535E-1
1.838533987E1,-1.239894271E0,-1.596056521E-1,-1.021110713E-1
1.839539488E1,-1.072689414E0,-2.699513137E-1,5.348645896E-2
1.840544988E1,-8.007615805E-1,-4.624523222E-1,1.128374040E-1
1.841550487E1,-4.214120805E-1,-3.337199390E-1,9.979929775E-2
1.842556088E1,-3.503801301E-2,-5.685343966E-2,3.170759976E-2
1.843561587E1,1.976943314E-1,1.248002574E-1,-7.677973714E-3
1.844567088E1,2.713523209E-1,3.092926145E-1,1.653255895E-2
1.845572588E1,2.652199864E-1,3.792061508E-1,7.072021067E-2
1.846578087E1,2.514735460E-1,4.862527251E-1,1.286623254E-2
1.847583588E1,2.743340433E-1,7.095827460E-1,-2.641260922E-1
1.848589088E1,5.455293059E-1,7.980785370E-1,-5.397489071E-1
1.849594587E1,9.630845785E-1,1.018461823E0,-7.968091965E-1
1.850600088E1,1.399291515E0,1.403892517E0,-1.061429381E0
1.851605587E1,1.322130442E0,2.274876595E0,-1.179099441E0
1.852611188E1,1.048743963E0,2.293462515E0,-1.326243281E0
1.853616688E1,7.263986468E-1,1.847876430E0,-1.410483599E0
1.854622187E1,3.445119858E-1,1.432003617E0,-1.396198392E0
1.855627688E1,-8.912520856E-2,9.311231375E-1,-1.208690286E0
1.856633188E1,-5.377386808E-1,4.352534711E-1,-8.601500392E-1
1.857638688E1,-9.786252379E-1,2.305911034E-1,-4.750134051E-1
1.858644188E1,-1.390705228E0,2.542658150E-1,-2.622468174E-1
1.859649687E1,-1.746159554E0,4.029415846E-1,-3.599520624E-1
1.860655188E1,-2.012100458E0,5.588390827E-1,-6.513982415E-1
1.861660688E1,-2.175139427E0,5.102760792E-1,-8.996627331E-1
1.862666287E1,-2.232172728E0,1.901654154E-1,-7.995012403E-1
1.863671788E1,-2.217955112E0,-6.327351928E-2,-3.226975203E-1
1.864677287E1,-2.245162487E0,-4.251726270E-1,1.803669482E-1
1.865682788E1,-2.229046583E0,-7.588238120E-1,4.268364906E-1
1.866688288E1,-2.177293301E0,-6.920535564E-1,3.720691204E-1
1.867693787E1,-1.966410756E0,-5.754952431E-1,5.069575906E-1
1.868699288E1,-1.564614534E0,-3.857421279E-1,9.664186835E-1
1.869704788E1,-7.943107486E-1,-1.109976470E-1,1.417206764E0
1.870710287E1,6.046786904E-1,4.199882969E-2,1.425851107E0
1.871715888E1,1.483029008E0,-5.213030055E-2,1.147679806E0
1.872721387E1,1.689844847E0,-7.819200307E-2,7.594202161E-1
1.873726888E1,1.282040715E0,5.018780380E-2,4.708203375E-1
1.874732388E1,5.964184403E-1,1.603894085E-1,3.954358101E-1
1.875737887E1,-6.092242524E-2,1.796355397E-1,5.116604567E-1
1.876743388E1,-4.755880535E-1,2.474167198E-1,5.989591479E-1
1.877748888E1,-5.990100503E-1,2.221300006E-1,5.376743078E-1
1.878754387E1,-5.614914298E-1,9.489508718E-2,2.889308333E-1
1.879759888E1,-4.833441973E-1,1.676806062E-2,1.424780190E-1
1.880765388E1,-2.185785919E-1,1.570194364E-1,1.029380560E-1
1.881770988E1,1.935608834E-1,2.833331227E-1,7.670845836E-2
1.882776488E1,4.569536448E-1,4.358262718E-1,6.704144925E-2
1.883781987E1,2.166953832E-1,4.118213654E-1,1.302409470E-1
1.884787488E1,-4.661622941E-1,4.476826787E-1,1.769543886E-1
1.885792988E1,-1.206383705E0,2.868522406E-1,1.308614016E-1
1.886798487E1,-1.642443657E0,4.382281378E-2,5.999920517E-2
1.887803988E1,-1.460973024E0,-5.374540575E-3,-6.616147608E-2
1.888809488E1,-6.685338616E-1,1.741371602E-1,-2.192964256E-1
1.889814987E1,1.901217401E-1,2.255180627E-1,-2.121731490E-1
1.890820488E1,7.750238180E-1,3.848384917E-1,-1.237125397E-1
1.891826087E1,9.840917587E-1,4.868516624E-1,-8.932036161E-2
1.892831588E1,9.381682277E-1,5.027040839E-1,-7.644797117E-2
1.893837088E1,7.989876866E-1,4.631750882E-1,-2.394324169E-3
1.894842587E1,5.907902718E-1,2.627240121E-1,1.332567185E-1
1.895848088E1,3.364374936E-1,7.675652951E-2,2.799015343E-1
1.896853588E1,3.618739918E-2,-2.040636837E-1,3.311604559E-1
1.897859088E1,-3.440357745E-1,-2.525326610E-1,4.133825600E-1
1.898864588E1,-7.693436742E-1,-2.010740191E-1,4.282355309E-1
1.899870087E1,-1.137574553E0,-5.258838087E-2,2.401798517E-1
1.900875588E1,-9.107933044E-1,3.098028339E-2,3.890984878E-2
1.901881188E1,-2.240268737E-1,1.058510318E-1,-4.922844470E-2
1.902886687E1,4.985164106E-1,9.131763130E-2,-5.171344057E-2
1.903892188E1,1.028730035E0,7.111810893E-2,-4.989976063E-2
1.904897687E1,1.278736949E0,-3.427116200E-2,-6.854908168E-2
1.905903188E1,1.315124154E0,-1.418807209E-1,-4.972608387E-2
1.906908688E1,1.243503690E0,-2.895748317E-1,3.455790505E-2
1.907914187E1,1.151638985E0,-4.315338433E-1,1.508147568E-1
1.908919688E1,1.093412399E0,-5.798431635E-1,2.234450132E-1
1.909925188E1,1.082585096E0,-6.436312199E-1,2.383964509E-1
1.910930687E1,1.093999863E0,-6.251113415E-1,2.028464526E-1
1.911936288E1,1.096331358E0,-5.528575778E-1,7.980515808E-2
1.912941787E1,1.083835244E0,-5.345906615E-1,-8.464184403E-2
1.913947288E1,1.056302309E0,-5.362303853E-1,-2.122703046E-1
1.914952788E1,1.006713748E0,-6.030246019E-1,-2.829857171E-1
1.915958287E1,9.581763148E-1,-6.726782322E-1,-3.208673000E-1
1.916963788E1,9.284165502E-1,-7.323671579E-1,-3.365083039E-1
1.917969288E1,9.085735083E-1,-7.563319206E-1,-2.677363157E-1
1.918974787E1,8.876860738E-1,-7.979757786E-1,-1.039356738E-1
1.919980288E1,8.303823471E-1,-8.940641880E-1,6.104734167E-2
1.920985887E1,7.517216206E-1,-9.355117679E-1,1.805026233E-1
1.921991388E1,6.799799800E-1,-9.605878592E-1,2.675994933E-1
1.922996888E1,6.346065998E-1,-9.576980472E-1,3.271341920E-1
1.924002387E1,6.213200688E-1,-9.334813356E-1,3.480725586E-1
1.925007888E1,6.239286065E-1,-8.900166750E-1,3.225547075E-1
1.926013388E1,6.343460679E-1,-8.526227474E-1,2.826222181E-1
1.927018887E1,6.257240772E-1,-7.247576714E-1,2.321726233E-1
1.928024388E1,5.698615909E-1,-5.790510774E-1,1.706519276E-1
1.929029888E1,4.553467035E-1,-4.692053199E-1,7.046728581E-2
1.930035387E1,3.068974018E-1,-4.030329883E-1,-3.949534893E-2
1.931040988E1,1.585502476E-1,-3.820435405E-1,-1.004833356E-1
1.932046487E1,6.538194418E-2,-4.755873084E-1,-8.926071227E-2
1.933051988E1,1.535373628E-1,-6.601132154E-1,3.444977850E-2
1.934057488E1,2.786623538E-1,-6.336416602E-1,1.921992004E-1
1.935062987E1,3.889712989E-1,-6.080577374E-1,3.061904907E-1
1.936068488E1,4.722952843E-1,-5.150671005E-1,3.472787440E-1
1.937073988E1,5.280400515E-1,-4.182811677E-1,3.432512283E-1
1.938079487E1,5.616706014E-1,-3.473190963E-1,3.000562489E-1
1.939084988E1,5.711469650E-1,-2.891409993E-1,2.475959659E-1
1.940090587E1,5.505568981E-1,-2.528599799E-1,1.668190062E-1
1.941096088E1,5.043523312E-1,-1.869800091E-1,8.555264026E-2
1.942101588E1,4.431788921E-1,-1.261132061E-1,1.183349453E-2
1.943107087E1,3.808209896E-1,-4.816541076E-2,-3.979481012E-2
1.944112588E1,3.318106234E-1,7.459724694E-2,-5.466418713E-2
1.945118087E1,3.044277430E-1,1.932378858E-1,-2.636650205E-2
1.946123588E1,2.926837802E-1,2.595372796E-1,1.979645714E-2
1.947129088E1,2.872599959E-1,4.168464839E-1,9.011453949E-3
1.948134587E1,2.821810246E-1,6.633305550E-1,-9.691816568E-2
1.949140088E1,2.315948009E-1,7.439068556E-1,-2.810166180E-1
1.950145688E1,1.793396026E-1,9.673551917E-1,-4.878754318E-1
1.951151187E1,1.125200838E-1,9.698524475E-1,-5.849601626E-1
1.952156688E1,1.540514082E-2,7.181416154E-1,-3.413625360E-1
1.953162187E1,-7.085490972E-2,6.221820712E-1,-9.750113636E-2
1.954167688E1,-1.533352733E-1,3.571881950E-1,9.538142383E-2
1.955173188E1,-2.026777864E-1,2.707441151E-1,3.210710287E-1
1.956178687E1,-2.144242078E-1,2.888070047E-1,4.988768995E-1
1.957184188E1,-1.937303841E-1,2.869555950E-1,5.671347976E-1
1.958189688E1,-1.298593432E-1,2.799054384E-1,4.922502041E-1
1.959195288E1,-2.502826974E-2,3.141486347E-1,3.084100485E-1
1.960200788E1,1.109645739E-1,3.760407269E-1,1.377438605E-1
1.961206287E1,2.654028833E-1,4.149244726E-1,5.812413990E-2
1.962211788E1,4.102042317E-1,4.250514209E-1,8.900520951E-2
1.963217288E1,5.352351069E-1,4.012986720E-1,1.715232432E-1
1.964222787E1,6.300876737E-1,3.695982695E-1,2.547602057E-1
1.965228288E1,6.915894151E-1,3.779201210E-1,2.856179774E-1
1.966233788E1,7.321458459E-1,4.427358210E-1,2.578704953E-1
1.967239287E1,7.532849312E-1,4.567792118E-1,1.907857209E-1
1.968244788E1,7.547338605E-1,3.233921528E-1,1.114989072E-1
1.969250387E1,7.338759899E-1,3.213716149E-1,7.360266149E-2
1.970255888E1,6.945457458E-1,3.130412400E-1,7.586923987E-2
1.971261388E1,6.257107258E-1,3.146838844E-1,9.499819577E-2
1.972266887E1,5.363687873E-1,3.186669052E-1,1.010368466E-1
1.973272388E1,4.201545715E-1,2.844905555E-1,8.665230870E-2
1.974277888E1,2.992359698E-1,2.735420465E-1,4.932878166E-2
1.975283387E1,1.763438582E-1,2.510108948E-1,2.417655662E-2
1.976288888E1,7.431933284E-2,2.316665202E-1,2.754503489E-2
1.977294388E1,-2.458088286E-2,1.138075218E-1,4.482442141E-2
1.978299988E1,-1.036520302E-1,-3.328819573E-2,8.604012430E-2
1.979305488E1,-1.712159067E-1,-7.933052629E-2,1.200420260E-1
1.980310987E1,-2.185121626E-1,1.020359527E-2,1.109801456E-1
1.981316488E1,-2.512887418E-1,2.169008404E-1,6.403398234E-3
1.982321988E1,-2.590509653E-1,5.374629498E-1,-2.488671094E-1
1.983327487E1,-2.374513894E-1,7.561979294E-1,-6.081746817E-1
1.984332988E1,-2.202943265E-1,7.507754564E-1,-9.052105546E-1
1.985338488E1,-3.368976414E-1,7.184729576E-1,-9.550300241E-1
1.986343988E1,-8.012042046E-1,4.461785257E-1,-4.968344271E-1
1.987349588E1,-1.473831892E0,2.285058498E-1,2.909557819E-1
1.988355087E1,-1.988700151E0,-2.437273972E-2,7.289770842E-1
1.989360588E1,-2.026538372E0,-9.303489327E-2,5.188134313E-1
1.990366088E1,-1.750676155E0,3.045026362E-1,6.675719470E-2
1.991371587E1,-1.337060571E0,3.741544187E-1,-3.308340907E-1
1.992377088E1,-8.451528549E-1,2.957069874E-1,-5.865858197E-1
1.993382587E1,-3.374835551E-1,3.173201382E-1,-6.825696230E-1
1.994388088E1,8.254636079E-2,2.202873528E-1,-6.625805497E-1
1.995393588E1,2.764804065E-1,5.245200917E-2,-6.528306603E-1
1.996399087E1,2.617467344E-1,-8.867635578E-2,-6.168742776E-1
1.997404688E1,7.182367891E-2,-1.248918772E-1,-5.111401081E-1
1.998410188E1,-2.502227724E-1,-2.714570379E-3,-3.562822044E-1
1.999415688E1,-6.120867133E-1,1.137875468E-1,-2.336130142E-1
2.000421188E1,-8.523209095E-1,1.459862143E-1,-2.709333897E-1
2.001426687E1,-9.346943498E-1,1.449971199E-1,-4.449062645E-1
2.002432188E1,-8.594351411E-1,7.789852470E-2,-5.829122663E-1
2.003437688E1,-6.833053827E-1,-3.532710299E-2,-5.237959623E-1
2.004443187E1,-4.543863237E-1,-1.299202144E-1,-2.869890630E-1
2.005448688E1,-2.618813217E-1,-1.261763424E-1,-2.364531904E-2
2.006454287E1,-2.111504525E-1,2.600174770E-2,1.723349839E-1
2.007459788E1,-2.896007597E-1,8.909603208E-2,2.431662828E-1
2.008465288E1,-4.625702202E-1,1.095528454E-1,2.248070538E-1
2.009470787E1,-6.831702590E-1,2.437604517E-1,1.375099719E-1
2.010476288E1,-8.812032342E-1,4.156121016E-1,2.840749174E-2
2.011481788E1,-9.364632964E-1,4.150840044E-1,4.451828450E-2
2.012487287E1,-7.965693474E-1,2.935983241E-1,1.863647550E-1
2.013492788E1,-5.900116563E-1,2.260855883E-1,2.505727410E-1
2.014498288E1,-4.684333205E-1,2.685238421E-1,2.297985405E-1
2.015503888E1,-4.933639765E-1,2.174223363E-1,2.282973081E-1
2.016509388E1,-5.645692348E-1,9.262844920E-2,2.375842929E-1
2.017514887E1,-4.963283837E-1,-8.728269488E-3,2.617762089E-1
2.018520388E1,-2.587630749E-1,-1.037703529E-1,2.418727875E-1
2.019525888E1,5.366326869E-2,-1.992936730E-1,1.968091726E-1
2.020531387E1,3.167230785E-1,-4.081864357E-1,2.028999329E-1
2.021536888E1,4.917667806E-1,-6.224865317E-1,3.260990977E-1
2.022542388E1,6.195853949E-1,-4.699805677E-1,3.147443533E-1
2.023547887E1,6.981108189E-1,-3.419962227E-1,2.655560374E-1
2.024553488E1,8.304418325E-1,-3.382958174E-1,3.216167688E-1
2.025558987E1,1.227933764E0,-3.476104736E-1,4.679771960E-1
2.026564488E1,1.724340677E0,-6.544974446E-1,7.728186846E-1
2.027569988E1,2.138040781E0,-2.103710175E0,1.160222650E0
2.028575487E1,2.261260509E0,-2.702045441E0,1.105957866E0
2.029580988E1,2.255196571E0,-3.473631144E0,1.015274048E0
2.030586488E1,2.292687893E0,-4.387288570E0,1.116651773E0
2.031591987E1,2.341649055E0,-4.961436749E0,1.302219510E0
2.032597488E1,2.293325186E0,-4.992243290E0,1.548158407E0
2.033603087E1,2.128028154E0,-4.784079075E0,1.793004870E0
2.034608588E1,1.852941394E0,-4.456135273E0,2.018894196E0
2.035614088E1,1.548287272E0,-4.037662506E0,2.379963636E0
2.036619587E1,1.455978513E0,-3.676295042E0,2.924643278E0
2.037625088E1,1.733288407E0,-3.562611103E0,3.141395330E0
2.038630588E1,2.084743738E0,-3.393245459E0,2.900787115E0
2.039636088E1,2.339166403E0,-3.142765045E0,2.557691336E0
2.040641588E1,2.417490005E0,-2.842342138E0,2.375542879E0
2.041647087E1,2.353515625E0,-2.595785856E0,2.387787104E0
2.042652688E1,2.195621729E0,-2.625177860E0,2.544492960E0
2.043658188E1,2.060518265E0,-2.525735855E0,2.555933237E0
2.044663687E1,2.062931061E0,-2.487693787E0,2.388314009E0
2.045669188E1,2.256219387E0,-2.321324825E0,1.936708093E0
2.046674687E1,2.409038305E0,-1.807257891E0,1.459064364E0
2.047680188E1,2.419066429E0,-9.673576355E-1,1.178537607E0
2.048685688E1,2.289664268E0,-2.496048212E-1,1.190208793E0
2.049691187E1,2.035776615E0,-1.541302204E-1,1.462195992E0
2.050696688E1,1.549653053E0,-7.744089365E-1,1.686574817E0
2.051702288E1,9.727959633E-1,-1.321843743E0,1.486506701E0
2.052707788E1,8.445768356E-1,-1.598117232E0,1.228853822E0
2.053713288E1,1.052904010E0,-1.666297078E0,1.084904194E0
2.054718787E1,1.401666999E0,-1.366554976E0,8.656493425E-1
2.055724288E1,1.658306599E0,-9.931319356E-1,6.010368466E-1
2.056729788E1,1.582360864E0,-9.782035351E-1,5.200449824E-1
2.057735287E1,2.307480574E0,-2.339594126E0,6.004958749E-1
2.058740788E1,2.136855841E0,-2.550240755E0,2.440180331E-1
2.059746288E1,1.780979395E0,-2.367554188E0,8.526461571E-2
2.060751888E1,1.354989767E0,-2.088817358E0,1.015432104E-1
2.061757388E1,9.681366086E-1,-1.868412018E0,9.693247825E-2
2.062762887E1,6.568076015E-1,-1.591665864E0,1.100509688E-1
2.063768388E1,4.159244597E-1,-1.216440320E0,9.083146602E-2
2.064773888E1,2.160819769E-1,-9.950446486E-1,-6.268545985E-4
2.065779387E1,1.357882023E-1,-8.112848997E-1,-4.567315802E-2
2.066784888E1,1.769956350E-1,-6.125819683E-1,-1.525803562E-2
2.067790388E1,2.683340609E-1,-2.887482196E-2,1.298829019E-1
2.068795887E1,9.613819420E-2,-3.986942768E-2,2.144828290E-1
2.069801488E1,6.358850747E-2,-6.326911971E-3,2.597067654E-1
2.070806987E1,1.735202372E-1,3.845977411E-2,2.931629121E-1
2.071812488E1,3.159724474E-1,4.270511866E-2,2.989827394E-1
2.072817988E1,3.320012093E-1,-1.090700459E-2,2.672427297E-1
2.073823487E1,2.217490077E-1,-9.619899839E-2,1.916355640E-1
2.074828988E1,1.316182315E-1,-1.120786294E-1,1.398064941E-1
2.075834488E1,1.262240112E-1,-1.120061949E-1,2.461558282E-1
2.076839987E1,1.708226949E-1,-1.360880882E-1,3.911890686E-1
2.077845488E1,3.118881881E-1,-2.050503790E-1,5.338847041E-1
2.078851087E1,5.079971552E-1,-2.554102540E-1,6.147478223E-1
2.079856588E1,7.723470330E-1,-3.577358127E-1,6.690904498E-1
2.080862088E1,1.077077508E0,-5.437242389E-1,6.385620832E-1
2.081867587E1,-2.740466297E-1,-7.079656720E-1,1.104175150E-1
2.082873088E1,-5.629246682E-2,-6.257110834E-1,1.791735590E-1
2.083878588E1,-2.539520264E-1,-2.006785423E-1,3.191908598E-1
2.084884087E1,-2.101604640E-1,-1.682136208E-2,5.100045800E-1
2.085889588E1,4.892995209E-2,6.284625530E-1,5.819570422E-1
2.086895087E1,7.349327672E-3,4.789849743E-2,5.358034372E-1
2.087900688E1,-4.160588142E-3,1.581086963E-2,4.254188538E-1
2.088906188E1,-6.781213451E-3,1.462073624E-2,3.055890203E-1
2.089911687E1,-6.445655134E-3,6.835517474E-3,1.937839389E-1
2.090917213E1,-7.385713980E-3,-2.481833100E-3,8.506654948E-2
2.091922712E1,-4.647717811E-3,-6.458997726E-3,2.567682415E-3
2.092928213E1,-5.028338172E-3,-6.428397726E-3,-1.601751894E-3
2.093933713E1,-2.430690685E-3,-4.749807529E-3,5.620666780E-4
2.094939212E1,-3.840986174E-3,-4.265634343E-3,-2.347592730E-3
2.095944713E1,-1.394073712E-3,-4.886949901E-3,9.259646758E-4
2.096950313E1,-1.940173330E-3,-2.320718719E-3,2.323216759E-4
2.097955813E1,-2.885595430E-3,-3.205953632E-3,1.060564537E-3
2.098961313E1,-1.246093540E-3,-3.095716005E-3,-7.872818969E-4
2.099966812E1,-1.478054794E-3,-1.968932571E-3,3.770524636E-4
2.100972313E1,-3.302251454E-3,-1.240285579E-3,-5.929116160E-4
2.101977813E1,3.960802569E-4,7.624116261E-4,8.992291987E-5
2.102983312E1,1.452298602E-3,2.965133637E-3,-1.240898855E-4
2.103988813E1,2.768166363E-3,6.473844405E-4,2.076480538E-3
2.104994313E1,3.235735348E-4,-3.033915418E-4,1.729671378E-3
2.105999913E1,9.616669267E-4,8.859762456E-4,9.152772836E-4
2.107005413E1,-6.717239739E-4,1.038610470E-3,4.651490599E-6
2.108010912E1,3.020216245E-3,6.383373984E-4,3.221002407E-4
2.109016413E1,-1.574727707E-3,8.031518664E-4,-1.244546380E-3
2.110021913E1,5.795033067E-4,-1.590481843E-4,-2.452023793E-3
2.111027412E1,-1.076289918E-3,-1.380892936E-3,1.113410573E-3
2.112032913E1,7.264039014E-4,-1.340945484E-3,5.267374218E-5
2.113038413E1,8.183595492E-5,2.282028872E-4,1.171005890E-3
2.114044013E1,1.494802709E-4,1.392004313E-3,-4.404732026E-4
2.115049513E1,-1.188735245E-3,-6.327955634E-4,-1.925110351E-3
2.116055012E1,1.802527346E-3,-4.959090147E-4,-7.069804706E-4
2.117060513E1,1.416838262E-3,-4.054125166E-4,-2.408301458E-3
2.118066013E1,-2.429565415E-3,1.295814756E-3,-2.256235108E-3
2.119071512E1,-4.524171236E-4,2.532349899E-4,9.320448153E-4
2.120077013E1,2.407285385E-3,-2.956939396E-3,1.242569182E-3
2.121082513E1,1.882072771E-3,-1.375805587E-3,-1.892016735E-3
2.122088012E1,-4.074467579E-4,3.083773772E-4,-4.927916452E-4
2.123093613E1,1.226949389E-3,5.586979096E-4,1.227047294E-3
2.124099112E1,2.762009099E-4,2.749147825E-3,1.052343752E-3
2.125104613E1,4.469008127E-4,-1.154802041E-3,1.870627981E-3
2.126110113E1,-1.656262320E-4,3.943587653E-4,8.338596672E-4
2.127115612E1,2.353769960E-3,1.624476863E-3,1.818020828E-4
2.128121113E1,-1.697430620E-3,-4.274887615E-4,-1.874690875E-3
2.129126613E1,2.158697695E-3,-9.806160815E-4,-5.549085326E-4
2.130132112E1,3.117955930E-4,-1.688750694E-3,-4.779435694E-4
2.131137613E1,3.107522149E-3,5.046437145E-4,-4.719388671E-4
2.132143212E1,-1.790850656E-4,1.390943769E-3,2.152872737E-3
2.133148713E1,-1.986457733E-3,4.818520392E-5,-3.578444012E-4
2.134154213E1,3.792280913E-4,8.508619503E-4,1.362823881E-3
2.135159712E1,-2.787614241E-3,-5.170732038E-5,-1.136977226E-4
2.136165213E1,6.372109638E-4,-3.060280345E-3,8.197398856E-4
2.137170713E1,-6.931700045E-5,1.994152553E-3,1.215641387E-4
2.138176213E1,-1.423800713E-3,1.764055574E-3,2.009745222E-3
2.139181713E1,-7.277879049E-4,1.990414923E-3,6.952900440E-4
2.140187212E1,2.910090145E-3,5.685532233E-4,-7.310989313E-4
2.141192813E1,1.757883350E-3,5.474822246E-4,7.685776800E-4
2.142198313E1,-1.216334989E-3,-8.570689824E-4,1.243153121E-3
2.143203812E1,1.327585196E-3,-3.097830922E-4,2.803793177E-4
2.144209313E1,1.546230866E-3,6.377695827E-4,1.211226918E-4
2.145214812E1,1.169966417E-3,-1.153302146E-4,4.005078226E-4
2.146220313E1,1.256785472E-3,8.199719596E-4,1.326755155E-3
2.147225813E1,-3.037060611E-3,8.428555448E-4,-1.491582952E-3
2.148231312E1,1.451430959E-3,1.888146158E-3,7.808394730E-5
2.149236913E1,-3.805662272E-4,2.015156439E-3,2.438942902E-4
2.150242413E1,-3.720441600E-4,1.591980224E-3,7.813200355E-4
2.151247913E1,-1.170107396E-3,-1.188581577E-3,-1.006289385E-3
2.152253413E1,1.311426051E-3,-1.479931409E-3,-1.060351264E-3
2.153258912E1,7.956521004E-4,-3.470843076E-4,-4.043695517E-4
2.154264413E1,3.623557859E-4,-1.656294335E-3,-4.238109104E-4
2.155269913E1,-7.865973748E-4,-1.381644979E-3,-8.612070233E-4
2.156275412E1,-3.152179415E-4,2.077295794E-4,1.212329604E-3
2.157280913E1,2.969222260E-4,-1.199217397E-3,-3.790473565E-4
2.158286413E1,-2.604774199E-4,6.271785242E-4,-1.646629535E-4
2.159292013E1,-4.383694613E-5,-3.067165380E-6,7.229247130E-4
2.160297513E1,2.108263550E-3,-8.216302376E-5,1.641182229E-3
2.161303012E1,1.406829222E-3,7.547962014E-4,5.195494741E-4
2.162308513E1,1.785793283E-4,6.634497549E-4,1.511577051E-3
2.163314013E1,-7.647266029E-4,9.455531836E-5,-2.625839319E-3
2.164319512E1,-1.909885788E-3,-5.131780636E-4,-4.058280028E-4
2.165325013E1,1.625841018E-3,1.458642422E-3,9.212777950E-4
2.166330513E1,6.314166822E-4,9.614302544E-4,-7.384042256E-4
2.167336113E1,3.157535684E-4,1.448851079E-3,2.164865378E-3
2.168341613E1,-1.064030221E-3,-2.063035499E-4,4.697632976E-4
2.169347112E1,-5.052634515E-4,-1.364712021E-3,1.839448698E-3
2.170352613E1,-2.964715823E-4,9.375907248E-4,-3.039196366E-3
2.171358113E1,8.247433580E-4,-1.219122205E-3,-1.067214180E-3
2.172363612E1,-1.415507752E-3,-9.693177417E-4,-1.510870643E-4
2.173369113E1,-1.293677371E-3,4.165351391E-3,4.023932852E-4
2.174374613E1,4.831837723E-4,-4.776032874E-4,3.464668989E-4
2.175380112E1,1.518221456E-3,-8.364130044E-4,2.059372608E-3
2.176385713E1,-6.229600403E-4,4.237947869E-4,-9.308247827E-4
2.177391212E1,-7.292041555E-4,1.276844181E-3,-1.307623461E-5
2.178396713E1,2.311593154E-3,1.788229274E-4,6.180931814E-4
2.179402213E1,-1.656875247E-4,1.255091280E-3,1.163828187E-3
2.180407712E1,-5.276111187E-4,1.519010635E-3,-1.710255165E-3
2.181413213E1,-1.385894371E-3,2.008472104E-3,5.796146579E-4
2.182418713E1,5.773879820E-4,3.778185928E-4,1.033151057E-3
2.183424212E1,2.258890541E-3,3.226962872E-4,-5.752388388E-4
2.184429813E1,2.486324403E-3,1.658271533E-3,-1.011996996E-3
2.185435312E1,-7.073188317E-4,7.293926319E-4,-1.823985949E-3
2.186440813E1,-1.717571868E-4,1.411960809E-3,-6.122477353E-4
2.187446313E1,4.043322057E-3,-1.896249829E-3,-6.198529154E-4
2.188451812E1,8.214300033E-4,6.217689952E-4,-6.382288411E-4
2.189457313E1,7.021934143E-4,3.473129764E-4,-2.878946252E-4
2.190462750E1,8.888810407E-4,1.048256876E-3,-2.836333588E-4
2.191468250E1,-5.490002222E-4,4.960704828E-4,-1.357682049E-5
2.192473850E1,4.456903844E-4,-6.173971342E-4,-7.970784791E-4
2.193479350E1,1.478992053E-3,1.236594049E-3,-8.822605014E-4
2.194484850E1,-1.131704776E-3,4.323158646E-5,-2.047393471E-3
2.195490350E1,-1.353907282E-4,-1.055629109E-3,-1.675849780E-4
2.196495850E1,-2.983761951E-4,-3.858441196E-4,7.006055675E-4
2.197501350E1,7.177759544E-4,5.184545298E-4,1.141941175E-5
2.198506850E1,-9.259270737E-4,-7.433511782E-4,1.902529970E-3
2.199512350E1,6.185011589E-4,8.412795723E-4,2.551674843E-4
2.200517850E1,-1.546145068E-4,2.525196411E-3,-2.169640735E-3
2.201523450E1,4.669477057E-4,-3.209969960E-3,-4.517980851E-4
2.202528950E1,-9.365382139E-4,-1.413934166E-3,-5.836244673E-4
2.203534450E1,-9.260129300E-4,3.543689963E-4,8.963854052E-4
2.204539950E1,-3.172143479E-4,6.648935378E-4,2.406664193E-3
2.205545450E1,3.853962407E-4,2.940145496E-4,-2.005815040E-3
2.206550950E1,-1.802124316E-3,-3.589925182E-4,1.000893768E-3
2.207556450E1,-2.977908589E-4,-4.242340219E-5,-2.572260797E-3
2.208561950E1,8.572221268E-4,9.256356861E-4,2.725278027E-4
2.209567550E1,-9.912260575E-4,4.778836446E-4,-2.969014458E-4
2.210573050E1,1.544635976E-3,-2.824488620E-4,-9.512403049E-4
2.211578550E1,-1.299170544E-4,1.125720562E-3,-1.910580322E-3
2.212584050E1,3.342719283E-4,-1.118525281E-3,-1.611773856E-3
2.213589550E1,2.909784962E-4,-5.282027996E-4,-1.132359728E-3
2.214595050E1,1.194709330E-4,-2.720066695E-4,1.989397686E-3
2.215600550E1,-7.343295147E-4,8.148475899E-5,-5.623325706E-4
2.216606050E1,3.136243031E-4,-2.159902942E-4,3.990684636E-4
2.217611650E1,-1.353341620E-3,-2.512363484E-3,-1.228019595E-3
2.218617150E1,-3.747368464E-5,6.253728061E-4,1.135003287E-3
2.219622650E1,-4.913401208E-4,-5.482638371E-4,-2.975079464E-3
2.220628150E1,2.192327287E-3,-1.791427494E-3,-1.864541322E-3
2.221633650E1,2.064918168E-3,5.921442062E-4,1.003246754E-3
2.222639150E1,1.682754606E-3,-1.898976625E-3,2.338592894E-4
2.223644650E1,4.512783489E-4,4.779337323E-4,1.092585735E-4
2.224650150E1,-9.348969907E-4,7.423856296E-4,4.400233738E-4
2.225655650E1,-4.118744691E-4,-9.793117642E-4,-2.003302798E-4
2.226661250E1,1.140482142E-3,1.940769725E-4,9.163329378E-4
2.227666750E1,-7.177155348E-4,-2.211405197E-3,-1.797801815E-3
2.228672250E1,5.717870081E-4,-1.069175312E-3,2.405815758E-4
2.229677750E1,9.254309698E-4,-5.515454104E-4,-2.020383254E-4
2.230683250E1,2.133440692E-3,2.593381563E-3,1.001177821E-3
2.231688750E1,2.911655232E-3,1.690040110E-3,8.048634045E-4
2.232694250E1,1.039186725E-3,-2.058643149E-4,-8.340459317E-4
2.233699750E1,2.773874672E-3,-2.387138316E-3,-4.859361798E-4
2.234705350E1,-1.548968605E-3,1.720521250E-3,4.770630039E-4
2.235710850E1,-1.317359507E-3,1.624646480E-3,-1.477219164E-3
2.236716350E1,-8.329304401E-4,-2.135204384E-3,-7.496438920E-4
2.237721850E1,1.670774072E-3,1.150899479E-4,-6.482768804E-4
2.238727350E1,3.277419310E-4,2.168387175E-3,6.540087052E-4
2.239732850E1,1.092816354E-3,-3.239673097E-3,-4.192772321E-4
2.240738350E1,-1.214546384E-3,1.072517247E-3,-4.029991105E-3
2.241743850E1,-8.730993140E-4,-2.054023091E-3,6.572990678E-4
2.242749450E1,-3.144509392E-3,1.781994128E-3,-3.770724870E-4
2.243754950E1,-4.969788715E-4,8.849203587E-4,-9.025912732E-6
2.244760450E1,1.952063991E-3,-5.443982081E-4,-1.346731558E-3
2.245765950E1,1.481566695E-3,-7.259010803E-3,5.986685865E-4
2.246771450E1,2.544434275E-3,1.587477745E-3,-3.625637619E-3
2.247776950E1,-1.633270644E-3,2.682843246E-3,-2.244851552E-3
2.248782450E1,9.366797749E-4,2.253009006E-3,-1.626998186E-3
2.249787950E1,-8.822356467E-4,1.357598230E-3,1.594901551E-3
2.250793550E1,4.605302238E-4,-1.177198486E-3,-6.938185543E-4
2.251799050E1,-2.024736488E-3,5.187937059E-4,1.048286445E-3
2.252804550E1,5.619920557E-4,-2.300961176E-3,3.382880241E-4
2.253810050E1,-1.349185477E-4,-9.502586909E-5,1.343940292E-2
2.254815550E1,-8.204162586E-4,5.493351258E-3,3.178059310E-2
2.255821050E1,-2.514743246E-3,4.252773710E-3,1.886622608E-2
2.256826550E1,3.066443373E-3,3.115613945E-4,-1.498335041E-2
2.257832050E1,-2.057712991E-3,7.481430657E-7,-2.450509742E-2
2.258837550E1,-5.330530694E-4,-5.748483818E-3,2.739538625E-2
2.259843150E1,1.161658671E-3,9.084550547E-4,1.582804024E-1
2.260848650E1,5.459358217E-4,3.672017250E-3,3.181483746E-1
2.261854150E1,1.458072220E-3,3.343970515E-3,-7.322043777E-1
2.262859650E1,4.281023052E-3,-1.668566465E-2,-1.489272714E0
2.263865150E1,5.011915695E-3,-3.972009942E-2,-1.175220966E0
2.264870650E1,2.105746046E-2,-9.737967514E-3,-7.496545315E-1
2.265876150E1,6.031724066E-2,-1.686434820E-2,-5.191953182E-1
2.266881650E1,3.142986596E-1,2.610420883E-1,-4.806854725E-1
2.267887250E1,4.468560815E-1,6.674880981E-1,-9.016606808E-1
2.268892750E1,2.081641257E-1,3.710674047E-1,-1.313524723E0
2.269898250E1,1.195380986E-1,4.725216925E-1,-1.205878615E0
2.270903750E1,1.667125225E-1,2.942797840E-1,-8.512609601E-1
2.271909250E1,1.342525631E-1,1.920641214E-1,-6.175606251E-1
2.272914750E1,2.266381532E-1,2.309666201E-2,-5.643064380E-1
2.273920250E1,2.642291784E-1,-5.909514800E-2,-5.933622122E-1
2.274925750E1,2.878535688E-1,-1.494077295E-1,-7.473592162E-1
2.275931350E1,3.098958731E-1,-2.272175699E-1,-9.689953327E-1
2.276936850E1,3.360012472E-1,2.946735919E-1,-9.882699251E-1
2.277942350E1,3.866655231E-1,1.503920913E0,-8.787596226E-1
2.278947850E1,3.861712515E-1,2.927314520E0,-8.779255152E-1
2.279953350E1,5.492888689E-1,4.029603004E0,-1.062665343E0
2.280958850E1,-1.858506203E-1,4.365049362E0,-1.257868409E0
2.281964350E1,-7.611311674E-1,4.966389179E0,-1.403456688E0
2.282969850E1,-8.890116215E-1,5.958900928E0,-1.353183627E0
2.283975450E1,-1.026351213E0,6.701172829E0,-1.249423504E0
2.284980950E1,-1.299345255E0,6.929115772E0,-1.366411924E0
2.285986450E1,-1.650716901E0,7.215677261E0,-1.482844830E0
2.286991950E1,-1.978477478E0,7.284925461E0,-1.534818053E0
2.287997450E1,-2.270160437E0,6.845345020E0,-1.737839937E0
2.289002950E1,-2.519755840E0,6.164325714E0,-1.978863478E0
2.290008450E1,-2.658641577E0,5.421332359E0,-2.114693165E0
2.291014017E1,-2.792138338E0,4.901979923E0,-2.060596704E0
2.292019617E1,-2.865236759E0,4.422757149E0,-1.888098001E0
2.293025117E1,-2.844366312E0,3.877811909E0,-1.706719995E0
2.294030617E1,-2.776828289E0,3.311351061E0,-1.585477710E0
2.295036117E1,-2.672993898E0,2.709493160E0,-1.502071977E0
2.296041617E1,-2.451857805E0,2.241056681E0,-1.535545707E0
2.297047117E1,-2.116792440E0,2.032049894E0,-1.673471928E0
2.298052617E1,-1.762515426E0,1.844447613E0,-1.724122643E0
2.299058217E1,-1.369426131E0,1.626095653E0,-1.658801913E0
2.300063717E1,-9.218562245E-1,1.599856496E0,-1.729543686E0
2.301069217E1,-5.900340676E-1,1.393532395E0,-1.840122700E0
2.302074717E1,-4.367485046E-1,1.104131699E0,-1.981989145E0
2.303080217E1,-4.075927436E-1,8.888189197E-1,-2.131536961E0
2.304085717E1,-4.008515179E-1,6.696298122E-1,-2.201660156E0
2.305091217E1,-4.124695659E-1,4.119341075E-1,-2.114525795E0
2.306096717E1,-4.667577147E-1,1.365694404E-1,-1.860846877E0
2.307102317E1,-5.080244541E-1,-8.967486769E-2,-1.531061888E0
2.308107817E1,-4.357259870E-1,-3.432773650E-1,-1.249009013E0
2.309113317E1,-1.982319057E-1,-6.267125607E-1,-1.199386954E0
2.310118817E1,-6.097529549E-3,-1.001308203E0,-1.417515635E0
2.311124317E1,7.030776143E-2,-1.324219227E0,-1.692559242E0
2.312129817E1,9.204638749E-2,-1.473862767E0,-1.888784170E0
2.313135317E1,1.006497294E-1,-1.536230206E0,-1.975737691E0
2.314140817E1,1.363942921E-1,-1.449681759E0,-1.900882363E0
2.315146417E1,2.058900148E-1,-1.274212003E0,-1.686512828E0
2.316151917E1,3.073600233E-1,-1.173961043E0,-1.462309122E0
2.317157417E1,3.454232514E-1,-1.197422624E0,-1.348022819E0
2.318162917E1,3.121895790E-1,-1.276140451E0,-1.328702569E0
2.319168417E1,2.615735531E-1,-1.335463524E0,-1.343578219E0
2.320173917E1,2.040319890E-1,-1.345366955E0,-1.367848992E0
2.321179417E1,1.565568745E-1,-1.607135415E0,-1.396646500E0
2.322184917E1,6.603174657E-2,-1.506940246E0,-1.403671622E0
2.323190517E1,3.020557202E-2,-1.276233315E0,-1.253714561E0
2.324196017E1,-1.734869778E-1,-6.514609605E-2,-6.826184988E-1
2.325201517E1,-5.426866412E-1,3.984615207E-1,-1.516827047E-1
2.326207017E1,-6.205005050E-1,3.341789544E-1,-2.733770944E-2
2.327212517E1,-5.458393097E-1,6.478215456E-1,-1.749218404E-1
2.328218017E1,-4.386194348E-1,8.238940239E-1,-1.730224639E-1
2.329223517E1,-3.504347205E-1,8.834239244E-1,-2.701500952E-1
2.330229017E1,-2.680220008E-1,6.761405468E-1,-4.198148549E-1
2.331234617E1,-1.961145252E-1,4.761767685E-1,-6.285581589E-1
2.332240117E1,-1.286098957E-1,3.633130193E-1,-8.750789762E-1
2.333245617E1,-1.469644010E-1,2.259453237E-1,-1.071847916E0
2.334251117E1,-2.394566387E-1,3.956619203E-1,-1.143836737E0
2.335256617E1,-3.908221722E-1,7.670708895E-1,-9.937968254E-1
2.336262117E1,-5.034461021E-1,8.942890763E-1,-5.904803276E-1
2.337267617E1,-5.477768183E-1,8.750315309E-1,-1.398737282E-1
2.338273117E1,-4.657969773E-1,5.436059237E-1,2.256069519E-2
2.339278717E1,-1.613105685E-1,8.642318100E-2,-2.632105947E-1
2.340284217E1,9.723422676E-2,2.390588075E-1,-7.319621444E-1
2.341289717E1,1.100687981E-1,8.095622063E-1,-1.327961326E0
2.342295217E1,8.293995261E-2,6.619189978E-1,-1.789255023E0
2.343300717E1,4.961822182E-2,7.775811553E-1,-1.904985547E0
2.344306217E1,-4.517232534E-3,8.408863544E-1,-1.750226974E0
2.345311717E1,-8.609811217E-2,6.804588437E-1,-1.379444122E0
2.346317317E1,-1.551159918E-1,6.821181774E-1,-9.151248932E-1
2.347322817E1,-2.134131342E-1,5.667598844E-1,-4.390406311E-1
2.348328317E1,-2.605528831E-1,3.259881139E-1,1.635385118E-2
2.349333817E1,-3.232665956E-1,1.135056764E-1,2.042811513E-1
2.350339317E1,-2.522251010E-1,-1.810623258E-1,3.703708947E-1
2.351344817E1,-1.093278676E-1,-3.753913343E-1,5.291424394E-1
2.352350317E1,6.008168682E-2,-4.897359908E-1,6.856839061E-1
2.353355817E1,1.523535699E-1,-5.851359963E-1,8.071461916E-1
2.354361417E1,1.411288977E-1,-6.386733651E-1,9.303275347E-1
2.355366917E1,6.256139278E-2,-7.056702375E-1,1.048237681E0
2.356372417E1,-3.810406849E-2,-8.149529696E-1,1.138488770E0
2.357377917E1,-1.275375485E-1,-9.107170701E-1,1.245144963E0
2.358383417E1,-1.520880759E-1,-9.884209633E-1,1.358897090E0
2.359388917E1,-1.028254628E-1,-1.033383608E0,1.453397274E0
2.360394417E1,-1.298395451E-2,-1.056464195E0,1.527922630E0
2.361399917E1,4.316373542E-2,-1.086701512E0,1.580160856E0
2.362405517E1,5.584254488E-2,-1.163711190E0,1.600970387E0
2.363411017E1,5.221398547E-2,-1.235125422E0,1.571405888E0
2.364416517E1,4.722482711E-2,-1.230663180E0,1.491472483E0
2.365422017E1,4.667222127E-2,-1.129063606E0,1.364066839E0
2.366427517E1,3.094748221E-2,-1.003921866E0,1.193544388E0
2.367433017E1,-1.938200183E-2,-8.936006427E-1,1.009186029E0
2.368438517E1,-1.128808260E-1,-7.924415469E-1,8.437138796E-1
2.369444117E1,-2.201265991E-1,-6.911545992E-1,7.347788811E-1
2.370449617E1,-3.088577092E-1,-6.488037109E-1,6.622523069E-1
2.371455117E1,-3.198411167E-1,-6.905458570E-1,6.149620414E-1
2.372460617E1,-1.982729286E-1,-7.540417314E-1,5.867664814E-1
2.373466117E1,-4.804665688E-3,-7.679650187E-1,5.684819818E-1
2.374471617E1,1.883153170E-1,-7.253450751E-1,5.557121634E-1
2.375477117E1,3.153057396E-1,-6.748174429E-1,5.451558828E-1
2.376482617E1,3.544781804E-1,-7.002263665E-1,5.304789543E-1
2.377488217E1,3.382065296E-1,-7.559370399E-1,5.388471484E-1
2.378493717E1,2.991560102E-1,-7.759999633E-1,5.598175526E-1
2.379499217E1,2.793191969E-1,-7.164767385E-1,5.737285614E-1
2.380504717E1,2.795130908E-1,-6.013376117E-1,5.604072213E-1
2.381510217E1,2.861339748E-1,-4.924170077E-1,5.216233730E-1
2.382515717E1,2.608116269E-1,-4.096989930E-1,4.359249175E-1
2.383521217E1,1.920743585E-1,-3.955272436E-1,3.081539273E-1
2.384526817E1,8.413024247E-2,-3.755561709E-1,1.896125376E-1
2.385532317E1,-2.453339100E-2,-2.963582873E-1,1.008493677E-1
2.386537817E1,-1.083198264E-1,-2.683804631E-1,5.929456279E-2
2.387543317E1,-1.606533378E-1,-2.886931896E-1,5.893929675E-2
2.388548817E1,-1.791593134E-1,-2.874428630E-1,1.083756834E-1
2.389554317E1,-1.428292692E-1,-1.959049851E-1,1.865258664E-1
2.390559838E1,-8.159815520E-2,-1.257604808E-1,2.557925880E-1
2.391565338E1,-3.772417456E-2,-3.417303786E-2,3.070334196E-1
2.392570938E1,-2.121218480E-2,6.044086069E-2,3.103359342E-1
2.393576438E1,-5.730414391E-2,1.350434572E-1,2.685331106E-1
2.394581937E1,-1.325404197E-1,1.553296745E-1,1.896371096E-1
2.395587438E1,-2.278831750E-1,1.344936341E-1,8.020276576E-2
2.396592938E1,-3.231176138E-1,1.112438366E-1,-2.444390766E-2
2.397598437E1,-3.940727413E-1,1.060919464E-1,-1.114887893E-1
2.398603938E1,-4.123894870E-1,5.456587300E-2,-1.717531830E-1
2.399609537E1,-3.927715719E-1,-1.242274698E-2,-2.070837468E-1
2.400615038E1,-3.440984786E-1,-2.776067704E-2,-2.001346499E-1
2.401620538E1,-2.795732617E-1,3.414610028E-2,-1.716444194E-1
2.402626037E1,-2.151937485E-1,9.913864732E-2,-1.219664440E-1
2.403631538E1,-1.541314572E-1,1.375424862E-1,-6.497027725E-2
2.404637038E1,-7.723952830E-2,1.058722213E-1,-6.878414191E-3
2.405642537E1,3.101583384E-2,-9.103362449E-3,5.957624316E-2
2.406648038E1,1.537742466E-1,-1.031614169E-1,1.640610993E-1
2.407653637E1,2.497255355E-1,-1.761474758E-1,2.821176946E-1
2.408659138E1,2.906838655E-1,-2.275017798E-1,3.784691691E-1
2.409664638E1,2.882422805E-1,-2.300211340E-1,4.311811328E-1
2.410670137E1,2.691471577E-1,-1.929831803E-1,4.357677102E-1
2.411675638E1,2.683008015E-1,-1.717649847E-1,3.965276480E-1
2.412681138E1,2.868706584E-1,-1.353736967E-1,3.408418298E-1
2.413686637E1,3.033859730E-1,-1.137847826E-1,2.776237130E-1
2.414692238E1,3.048835695E-1,-9.294553101E-2,2.060440928E-1
2.415697737E1,2.808623910E-1,-7.284559309E-2,1.146784946E-1
2.416703238E1,2.392580211E-1,-7.277717441E-2,1.285112835E-2
2.417708738E1,1.675657183E-1,-8.637154102E-2,-9.490915388E-2
2.418714237E1,9.165406972E-2,-7.160992175E-2,-1.728943437E-1
2.419719738E1,4.196028039E-2,-4.511466995E-2,-1.855891049E-1
2.420725238E1,1.273466926E-2,-3.202414140E-2,-1.435489058E-1
2.421730738E1,-3.912483342E-3,-2.341946959E-2,-9.963258356E-2
2.422736338E1,9.621746838E-3,1.085808221E-2,-7.540911436E-2
2.423741837E1,9.444381110E-3,1.222588215E-2,-6.753654033E-2
2.424747338E1,-1.431771903E-3,-3.711015219E-3,-6.203547865E-2
2.425752838E1,-1.568447798E-2,7.796069840E-4,-5.702287704E-2
2.426758337E1,-4.390335456E-2,9.520099498E-3,-6.021128967E-2
2.427763838E1,-7.134696096E-2,-2.684669755E-2,-7.463816553E-2
2.428769337E1,-6.238796189E-2,-8.321917802E-2,-5.855978280E-2
2.429774938E1,-5.061119795E-2,-1.153851002E-1,3.597334027E-3
2.430780438E1,-5.416768044E-2,-1.257894784E-1,8.947584778E-2
2.431785937E1,-5.982423201E-2,-1.279935241E-1,1.648350507E-1
2.432791438E1,-6.892675161E-2,-7.887422293E-2,2.238761336E-1
2.433796938E1,-9.668940306E-2,5.236556008E-2,2.364172190E-1
2.434802438E1,-9.742018580E-2,2.872406840E-1,7.890512794E-2
2.435807938E1,-4.370822757E-2,3.543781638E-1,-2.604564428E-1
2.436813537E1,1.330365892E-2,4.018200040E-1,-5.882617235E-1
2.437819038E1,3.303182125E-2,4.630458057E-1,-7.602756023E-1
2.438824538E1,-8.243270218E-3,4.845516086E-1,-7.498102188E-1
2.439830037E1,-1.718013138E-1,3.416000605E-1,-6.122616529E-1
2.440835538E1,-4.605192244E-1,-5.351077020E-2,-2.204520702E-1
2.441841037E1,-4.759455919E-1,-1.771283001E-1,1.815422475E-1
2.442846538E1,-4.056164026E-1,-4.118721187E-1,4.078294039E-1
2.443852038E1,2.140896581E-2,-9.589684755E-2,4.391431212E-1
2.444857637E1,5.305640101E-1,-7.028286904E-2,3.885998726E-1
2.445863138E1,6.969897747E-1,4.458911717E-2,3.682546616E-1
2.446868638E1,6.105521321E-1,1.906538755E-2,2.832764685E-1
2.447874138E1,3.880623281E-1,1.648950279E-1,1.797846854E-1
2.448879638E1,1.976738125E-1,2.122769356E-1,4.436830804E-2
2.449885137E1,1.393142529E-2,2.377079874E-1,-4.505691305E-2
2.450890638E1,-9.155950695E-2,3.017031550E-1,-6.916721165E-2
2.451896238E1,-1.320957392E-1,3.674853742E-1,-5.115279183E-2
2.452901737E1,-2.827548981E-2,4.781981409E-1,-1.396695375E-1
2.453907238E1,1.908656508E-1,4.624705911E-1,-2.942897379E-1
2.454912737E1,3.756318688E-1,4.969816208E-1,-4.029501975E-1
2.455918238E1,4.733544588E-1,5.010943413E-1,-4.853814244E-1
2.456923738E1,5.022662282E-1,4.121364951E-1,-5.223646760E-1
2.457929237E1,4.944192171E-1,3.011188805E-1,-5.306109190E-1
2.458934738E1,5.004321337E-1,1.677184999E-1,-3.705881834E-1
2.459940338E1,5.154305696E-1,2.627374232E-1,-1.250333041E-1
2.460945838E1,5.140734911E-1,4.115106761E-1,-2.631129697E-2
2.461951338E1,4.879526794E-1,4.519832730E-1,-8.227895200E-2
2.462956837E1,4.564997554E-1,3.648422658E-1,-2.836397886E-1
2.463962338E1,4.596406817E-1,1.859715879E-1,-5.052925348E-1
2.464967838E1,4.810374379E-1,1.198673099E-1,-5.589032173E-1
2.465973337E1,5.014566779E-1,1.305942535E-1,-4.481348395E-1
2.466978938E1,4.804962873E-1,9.803135693E-2,-1.977936625E-1
2.467984437E1,3.759272695E-1,9.143657237E-2,7.543441653E-2
2.468989938E1,2.063253671E-1,-1.152979489E-2,2.645691335E-1
2.469995438E1,-1.329586953E-1,-3.836194873E-1,2.644876242E-1
2.471000937E1,-5.438398719E-1,-6.361374855E-1,1.549579799E-1
2.472006438E1,-8.642445207E-1,-2.993903756E-1,2.594947815E-1
2.473011938E1,-1.245888710E0,-7.102325559E-2,4.801387787E-1
2.474017538E1,-1.513883352E0,2.537106276E-1,4.960668981E-1
2.475023038E1,-1.364924431E0,6.819110364E-2,2.996174991E-1
2.476028537E1,-8.883775473E-1,2.188461274E-1,-3.435407579E-2
2.477034038E1,-4.134261608E-1,2.104465514E-1,-3.432634771E-1
2.478039538E1,-5.967769772E-2,1.020529792E-1,-3.464017510E-1
2.479045037E1,1.398049891E-1,-4.887067247E-3,-1.084109694E-1
2.480050538E1,2.391757816E-1,1.332895458E-2,1.479995251E-1
2.481056137E1,3.544026315E-1,7.183702290E-2,3.455202281E-1
2.482061638E1,4.893276989E-1,2.982485853E-2,4.368911684E-1
2.483067138E1,5.848335028E-1,-1.048776284E-1,3.795399964E-1
2.484072637E1,6.698524952E-1,-3.453688323E-2,2.569986284E-1
2.485078138E1,7.780004144E-1,2.664206028E-1,1.380556226E-1
2.486083638E1,9.159031510E-1,6.566472054E-1,1.859453768E-1
2.487089137E1,1.173699737E0,5.793433785E-1,4.309109151E-1
2.488094638E1,1.657350898E0,-9.877870977E-2,7.033978105E-1
2.489100237E1,2.027829409E0,-5.834288001E-1,8.325948715E-1
2.490105738E1,2.339333296E0,-8.983926177E-1,8.867816925E-1
2.491111125E1,2.582777977E0,-1.040775537E0,8.544220924E-1
2.492116625E1,2.629522085E0,-1.203971863E0,8.069486022E-1
2.493122125E1,2.388460636E0,-1.501909852E0,7.627692819E-1
2.494127625E1,1.555630922E0,-2.152575731E0,7.161732912E-1
2.495133125E1,7.664662600E-1,-2.207859755E0,5.873910189E-1
2.496138725E1,2.851648629E-1,-1.949794412E0,7.107363939E-1
2.497144225E1,3.836912662E-2,-1.627046704E0,1.088371396E0
2.498149725E1,-7.325327396E-2,-1.518411875E0,1.676039696E0
2.499155225E1,5.390929803E-2,-1.411940217E0,2.069221497E0
2.500160725E1,3.006309271E-1,-1.251138091E0,2.125912428E0
2.501166225E1,4.228483737E-1,-1.083938003E0,1.884006500E0
2.502171725E1,3.832692504E-1,-9.259938598E-1,1.523209214E0
2.503177325E1,3.013858497E-1,-7.793260813E-1,1.324006796E0
2.504182825E1,2.121140361E-1,-7.817351818E-1,1.399104238E0
2.505188325E1,2.051277012E-1,-9.916654825E-1,1.574024796E0
2.506193825E1,3.209174275E-1,-1.508606315E0,1.741427422E0
2.507199325E1,6.362087727E-1,-2.224807501E0,1.840009212E0
2.508204825E1,1.020489931E0,-2.752959490E0,1.737809300E0
2.509210325E1,1.291514039E0,-3.006979704E0,1.443430066E0
2.510215925E1,1.388299704E0,-3.042621374E0,1.111437559E0
2.511221425E1,1.333738685E0,-3.025669336E0,8.874425888E-1
2.512226925E1,1.238490462E0,-3.139557123E0,7.859647274E-1
2.513232425E1,1.119928241E0,-3.340201855E0,7.389024496E-1
2.514237925E1,9.913011193E-1,-3.425751209E0,7.705775499E-1
2.515243425E1,9.293469191E-1,-3.181605816E0,8.697965145E-1
2.516248925E1,9.681736827E-1,-2.573640108E0,9.300955534E-1
2.517254525E1,9.599147439E-1,-1.686996579E0,8.196182847E-1
2.518260025E1,8.410552144E-1,-8.289048076E-1,5.231748819E-1
2.519265525E1,6.224241853E-1,-2.435732037E-1,1.940556020E-1
2.520271025E1,3.777151108E-1,2.619276196E-2,-2.546264976E-2
2.521276525E1,1.765570641E-1,2.671585791E-2,-8.661668003E-2
2.522282025E1,3.627745435E-2,-2.213362902E-1,9.380156174E-3
2.523287525E1,-1.006726921E-2,-5.534921288E-1,1.997630745E-1
2.524293125E1,2.802392282E-2,-8.079337478E-1,3.816494942E-1
2.525298625E1,1.334158629E-1,-9.160925150E-1,5.041992664E-1
2.526304125E1,3.058632612E-1,-8.624620438E-1,5.203459859E-1
2.527309625E1,4.501446486E-1,-6.385471821E-1,3.710987568E-1
2.528315125E1,5.289835334E-1,-2.987145185E-1,1.442823857E-1
2.529320625E1,5.878072977E-1,-3.670228645E-2,-4.376009479E-2
2.530326125E1,5.910169482E-1,5.623937026E-2,-1.713295132E-1
2.531331725E1,5.229877830E-1,-5.148446932E-2,-2.080277652E-1
2.532337225E1,4.575445950E-1,-2.296558022E-1,-1.512347907E-1
2.533342725E1,4.194132090E-1,-3.534503281E-1,-1.594290510E-2
2.534348225E1,4.341306388E-1,-4.371920824E-1,1.432137191E-1
2.535353725E1,5.018193126E-1,-4.971860051E-1,2.676881552E-1
2.536359225E1,6.090711951E-1,-4.960770607E-1,2.629783452E-1
2.537364725E1,7.525464296E-1,-4.730090797E-1,1.078630388E-1
2.538370325E1,8.708392978E-1,-4.691320360E-1,-5.655547231E-2
2.539375825E1,9.277477264E-1,-4.811753333E-1,-1.481949091E-1
2.540381325E1,9.150202274E-1,-4.764111936E-1,-2.371612638E-1
2.541386825E1,8.721222281E-1,-3.919983208E-1,-2.726200521E-1
2.542392325E1,8.460767865E-1,-3.196708560E-1,-1.190305054E-1
2.543397825E1,9.017779827E-1,-5.028739572E-1,3.126243502E-2
2.544403325E1,1.407752156E0,-2.076939821E0,-2.747848332E-1
2.545408925E1,1.664883137E0,-2.834701300E0,-2.257626802E-1
2.546414425E1,1.663631201E0,-2.010747194E0,1.352242678E-1
2.547419925E1,1.645559907E0,-1.920070171E0,1.834304631E-1
2.548425425E1,1.521548510E0,-1.837731123E0,2.221547253E-2
2.549430925E1,1.441085696E0,-1.653498054E0,-6.578121334E-2
2.550436425E1,1.427281737E0,-1.454847813E0,-5.519062281E-2
2.551441925E1,-1.955563724E-1,-2.256154060E0,-5.008858442E-2
2.552447525E1,-3.663915768E-2,3.002343774E-1,1.177028120E-1
2.553453025E1,3.330144659E-2,9.752765298E-2,2.283333689E-1
2.554458525E1,-6.377983093E-2,-1.584809572E-1,2.411628813E-1
2.555464025E1,-2.706521563E-2,-6.131175905E-2,1.306330115E-1
2.556469525E1,-2.607372031E-2,-2.103517763E-2,1.698287949E-2
2.557475025E1,-3.075415827E-2,-1.244833693E-2,9.183851071E-4
2.558480525E1,-3.022152558E-2,-3.731134161E-2,6.953374017E-3
2.559486125E1,-3.526458144E-2,-5.188097805E-2,1.688906178E-2
2.560491625E1,-3.344750404E-2,-5.515879765E-2,1.525201648E-2
2.561497125E1,-4.738496989E-2,-8.725233376E-2,1.289079711E-2
2.562502625E1,-4.708110169E-2,-4.519329593E-2,1.695371419E-2
2.563508125E1,-6.503523886E-2,-1.080236062E-1,1.492691971E-2
2.564513625E1,-8.415300399E-2,-1.032205969E-1,1.160169579E-2
2.565519125E1,-4.072869569E-2,-1.483105868E-2,2.719440032E-3
2.566524625E1,-1.042173877E-1,-1.411479861E-1,7.669539750E-2
2.567530225E1,-1.428523660E-1,-9.925995767E-2,1.432683468E-1
2.568535725E1,-2.038446218E-1,-1.921110600E-1,1.932540089E-1
2.569541225E1,-3.116450608E-1,-2.102741748E-1,2.328487784E-1
2.570546725E1,-5.038288832E-1,-2.159563005E-1,2.305376828E-1
2.571552225E1,-7.348462343E-1,-4.246723652E-1,1.758341491E-1
2.572557725E1,-6.862850785E-1,1.179941058E0,-6.732469797E-2
2.573563325E1,-1.343943030E-1,-2.045294046E-1,-2.551029325E-1
2.574568825E1,-1.807168312E-2,-8.481179178E-2,-1.926544458E-1
2.575574325E1,-9.577697143E-3,-4.985855147E-2,-8.912260085E-2
2.576579825E1,-1.759887114E-2,-2.774392813E-2,-8.023402840E-2
2.577585325E1,3.123919480E-3,-9.315473028E-3,-4.749268293E-2
2.578590825E1,-1.891611610E-3,-8.360463195E-3,-1.610948239E-3
2.579596325E1,-4.870463163E-3,-4.359570798E-3,-1.891652588E-3
2.580601925E1,1.906216494E-3,-4.909779876E-3,4.396783188E-4
2.581607425E1,-3.288508393E-3,-5.829139613E-3,-1.072860323E-4
2.582612925E1,-1.267435611E-3,-8.449424058E-3,7.103043608E-4
2.583618425E1,-2.164384816E-3,-2.760530217E-3,-1.569395885E-3
2.584623925E1,-1.910585328E-3,-3.447625786E-3,1.332650892E-3
2.585629425E1,2.731378423E-3,-2.161646727E-3,3.090268001E-4
2.586634925E1,-3.162995912E-3,-2.010645578E-3,1.532319002E-4
2.587640525E1,3.233590629E-3,-6.229862571E-3,-1.451657154E-4
2.588646025E1,4.857410968E-4,7.662615972E-4,3.720205277E-4
2.589651525E1,9.157815948E-4,1.199851045E-3,-6.065475754E-4
2.590657025E1,1.047075493E-3,-2.554673469E-3,-1.001227647E-3
2.591662525E1,-1.713878242E-3,-1.060416456E-3,-8.616652340E-4
2.592668025E1,-3.024029138E-4,-2.384806285E-3,5.202488974E-4
2.593673525E1,1.958391396E-3,-4.086600151E-3,-1.667984761E-4
2.594679125E1,-1.121554291E-3,-9.452187805E-5,-9.969058447E-4
2.595684625E1,8.562696748E-4,-1.577878487E-3,-2.011044417E-3
2.596690125E1,1.269592321E-3,3.052426910E-4,-2.143936232E-3
2.597695625E1,-2.971824433E-4,-3.276144387E-3,-3.815037198E-4
2.598701125E1,5.853891489E-4,-1.679690613E-4,3.202389926E-4
2.599706625E1,7.761543966E-4,-2.055110177E-3,-6.521493196E-4
2.600712125E1,1.660241978E-4,-3.226368455E-3,1.356140245E-3
2.601717725E1,1.148850424E-3,2.734938462E-4,9.281509556E-4
2.602723225E1,-8.221550379E-4,-3.039744915E-3,4.442543723E-4
2.603728725E1,-3.831425565E-4,-2.862420806E-4,7.230322808E-4
2.604734225E1,-2.931255149E-3,-2.200788585E-3,-7.470324636E-4
2.605739725E1,-1.182182576E-3,-4.106251581E-4,-1.331098378E-3
2.606745225E1,1.895898953E-3,2.272776095E-3,1.038049348E-3
2.607750725E1,7.241080748E-4,-3.472419048E-4,-7.039238699E-4
2.608756325E1,-1.406953321E-3,6.359971594E-4,-3.582458012E-4
2.609761825E1,1.660306123E-3,7.479861961E-5,4.006614909E-4
2.610767325E1,5.417785142E-4,-1.943078358E-3,3.359466791E-4
2.611772825E1,-1.511707320E-3,1.025337377E-3,-1.344182063E-3
2.612778325E1,3.288032603E-4,-4.527170386E-4,-1.626210753E-3
2.613783825E1,2.255272993E-4,2.123405458E-3,-1.630219165E-3
2.614789325E1,-1.936693094E-3,2.080599952E-4,-3.015329130E-3
2.615794925E1,1.762529253E-3,8.743106446E-5,-1.622728072E-3
2.616800425E1,-5.874440540E-4,1.196637633E-3,-8.176546544E-4
2.617805925E1,-8.240474854E-4,2.349547431E-4,3.821216524E-6
2.618811425E1,3.211118456E-4,1.089829486E-3,6.954441778E-4
2.619816925E1,-7.025843952E-4,6.291770842E-5,6.398591213E-4
2.620822425E1,2.042868407E-3,-1.086236327E-3,5.684867501E-4
2.621827925E1,5.670584505E-5,-7.000748883E-4,1.083617099E-3
2.622833525E1,1.394944265E-3,9.010175709E-4,3.842706792E-4
2.623839025E1,3.024379548E-4,5.494304933E-4,6.521237083E-4
2.624844525E1,-1.965776319E-3,5.710020778E-4,-2.391070593E-3
2.625850025E1,1.969963079E-3,-1.026164275E-3,5.764714442E-4
2.626855525E1,2.309187985E-4,-4.871404672E-4,5.186810158E-4
2.627861025E1,2.453775378E-4,-6.106533110E-4,2.284562215E-4
2.628866625E1,1.517303288E-3,1.737189596E-3,5.352525041E-4
2.629872125E1,2.038093226E-4,-1.784578315E-3,-5.252934061E-4
2.630877625E1,7.670678897E-4,-1.124380738E-3,1.559453085E-5
2.631883125E1,4.481816723E-4,-1.593338326E-3,-7.354239933E-4
2.632888625E1,-1.471957425E-3,1.627611346E-5,-1.583807170E-5
2.633894125E1,5.416497588E-4,-1.510140137E-4,-2.737423871E-3
2.634899625E1,4.122201353E-4,-2.040793188E-3,5.760812201E-4
2.635905125E1,3.861529403E-4,2.967104374E-4,-4.123076797E-4
2.636910725E1,2.270872006E-3,1.328685321E-3,4.044836387E-4
2.637916225E1,-1.870853011E-3,-1.126213116E-3,-1.382954884E-3
2.638921725E1,-3.225603141E-3,4.815371940E-4,-3.214189783E-4
2.639927225E1,1.253611990E-3,3.803197469E-4,-1.296511386E-3
2.640932725E1,-6.335040089E-4,5.952368374E-4,-5.921050906E-4
2.641938225E1,5.336818867E-5,-1.079106936E-3,-6.098393351E-5
2.642943825E1,-5.676809233E-4,-2.471354383E-4,1.880219206E-4
2.643949325E1,-7.623458514E-4,2.266504598E-4,-1.647710800E-3
2.644954825E1,1.400939887E-3,-1.685626339E-4,9.701764211E-4
2.645960325E1,7.578326622E-4,1.392504200E-3,-1.936046872E-3
2.646965825E1,-9.572430281E-4,1.123226393E-4,-8.449498564E-4
2.647971325E1,3.602416837E-5,4.565170966E-4,6.744526327E-4
2.648976825E1,-1.005538041E-3,-1.800511964E-3,-2.014275175E-3
2.649982425E1,2.377588302E-3,-7.966728881E-4,2.748309635E-4
2.650987925E1,9.005992324E-4,-1.625741716E-4,-1.613083761E-3
2.651993425E1,6.569817197E-4,-9.405864403E-4,-1.244191080E-4
2.652998925E1,4.551996244E-5,2.000454697E-4,-7.585175335E-4
2.654004425E1,1.434826409E-4,-1.284861122E-3,-1.365548465E-3
2.655009925E1,-8.794374880E-4,1.585760270E-3,9.990721010E-4
2.656015525E1,-3.548716777E-4,-7.007352542E-4,2.162342891E-3
2.657021025E1,-1.063538715E-3,2.228490484E-4,1.146879047E-3
2.658026525E1,-6.696550990E-4,-8.889880264E-4,-8.112583309E-4
2.659032025E1,8.475477807E-4,-6.453087553E-4,7.743807510E-5
2.660037525E1,6.161161582E-5,-8.948837640E-4,9.831502102E-4
2.661043025E1,-1.224428881E-3,1.798104728E-3,2.978123724E-3
2.662048525E1,-1.154418569E-3,1.533082221E-3,-1.630790997E-3
2.663054125E1,1.890107058E-3,-1.986817922E-3,-4.807440564E-5
2.664059625E1,-8.264550706E-4,8.528505568E-4,1.072081737E-3
2.665065125E1,-2.671226859E-3,-3.824313171E-5,1.461007632E-4
2.666070625E1,5.309101543E-4,-1.594123780E-3,1.211896539E-3
2.667076125E1,2.656592987E-4,-9.887872729E-4,1.534405164E-3
2.668081625E1,-2.041496569E-3,-1.822608523E-3,2.207359299E-3
2.669087125E1,9.074215195E-4,-2.502782154E-4,-1.218531281E-3
2.670092725E1,1.152766403E-3,-1.147969626E-3,-1.528202556E-4
2.671098225E1,-3.082437906E-4,-7.341144374E-4,1.023764256E-3
2.672103725E1,6.341378321E-4,-1.303001307E-3,-8.278428577E-4
2.673109225E1,1.682091737E-3,-5.469298922E-4,-1.780311577E-4
2.674114725E1,-2.586671617E-4,-2.842808608E-3,2.882793546E-3
2.675120225E1,4.297599371E-4,2.807893907E-5,-1.673342194E-3
2.676125825E1,-1.305110753E-3,1.837953809E-3,1.499004662E-3
2.677131325E1,9.785498260E-4,7.995873457E-4,2.000478096E-3
2.678136825E1,-4.310835153E-3,-1.105129137E-3,1.437580213E-4
2.679142325E1,7.827270892E-4,-1.380766276E-3,8.979649283E-4
2.680147825E1,4.840940528E-4,-8.424901753E-4,2.209560480E-3
2.681153325E1,3.830356058E-3,-2.680462785E-4,-5.321637727E-4
2.682158825E1,-4.607928568E-4,-2.104940650E-4,-2.224992961E-3
2.683164425E1,2.481406555E-4,2.579559805E-4,-2.920706756E-4
2.684169925E1,1.450157433E-4,6.359986146E-4,-1.639584079E-4
2.685175425E1,3.010769724E-4,1.044316741E-4,-9.309491143E-4
2.686180925E1,-3.638554481E-4,-7.025075611E-4,1.347380690E-3
2.687186425E1,-1.319131348E-3,-1.211703871E-3,-1.398871187E-3
2.688191925E1,2.718545962E-3,4.986239364E-4,7.976405323E-4
2.689197425E1,6.149151595E-4,-2.566408133E-3,6.540962495E-4
2.690203025E1,6.769894389E-5,-5.366593832E-4,-1.050795894E-3
2.691208563E1,-1.539252349E-3,9.983612108E-5,-7.831482217E-4
2.692214062E1,1.487792004E-3,-4.943915410E-4,-4.251529463E-4
2.693219563E1,-9.399457485E-4,7.785994676E-4,1.458288170E-4
2.694225063E1,-9.398857364E-4,-1.096445718E-3,-1.324612647E-3
2.695230563E1,6.012855447E-4,-6.852536462E-4,1.215510536E-3
2.696236063E1,1.163970213E-3,1.885005622E-3,3.341883421E-4
2.697241662E1,-6.959814928E-4,-1.127295778E-3,1.131538767E-3
2.698247163E1,-1.870248467E-3,-6.738444790E-4,1.085317694E-3
2.699252663E1,9.638874908E-4,2.534681698E-4,-2.726283856E-4
2.700258162E1,1.553365961E-3,-1.292111701E-3,5.248435773E-4
2.701263663E1,2.151567605E-5,5.401431117E-4,9.493511170E-4
2.702269162E1,3.168290714E-3,-1.305767219E-3,1.213165000E-3
2.703274763E1,1.093155704E-3,-4.330493684E-4,-1.586616505E-3
2.704280263E1,-4.773023538E-4,1.741915359E-3,-2.518529072E-4
2.705285762E1,-9.159250185E-4,2.415961353E-3,-5.288217217E-4
2.706291263E1,2.936684527E-3,-2.016297542E-3,2.162694000E-4
2.707296763E1,1.196575235E-3,-1.318549155E-3,-5.541830324E-4
2.708302263E1,1.587175298E-3,-1.194082724E-4,-2.538497560E-3
2.709307763E1,4.919985076E-5,-1.305047655E-3,-2.748104744E-4
2.710313362E1,1.204212662E-3,-9.917574935E-4,1.806612127E-3
2.711318863E1,-3.053915687E-3,1.524929656E-3,7.663816214E-4
2.712324363E1,-5.198079161E-4,7.442518836E-4,4.153316841E-4
2.713329862E1,-1.967235934E-3,1.694734092E-3,6.859088317E-4
2.714335363E1,-8.371537551E-4,8.154422976E-4,1.224187203E-3
2.715340862E1,-2.639314858E-3,-4.647392198E-4,-1.763080247E-3
2.716346463E1,3.527745721E-4,-3.285105806E-3,2.670420799E-3
2.717351963E1,3.040387237E-4,-1.697062980E-3,-2.579735592E-3
2.718357462E1,-1.910838182E-4,-6.568385288E-4,8.582738228E-4
2.719362963E1,1.607881510E-3,1.472891425E-3,-3.366866149E-4
2.720368463E1,2.231830033E-3,-1.405826304E-3,-2.312213182E-4
2.721373963E1,-8.843348478E-4,-1.399967354E-3,-2.232315019E-4
2.722379463E1,-1.767659094E-3,-2.277552849E-3,6.538671441E-4
2.723385062E1,-1.097607892E-3,2.029154275E-4,2.962257713E-5
2.724390563E1,4.299308930E-4,-7.490379503E-4,2.157040872E-4
2.725396063E1,9.899936849E-4,-1.032398315E-3,7.784301415E-4
2.726401562E1,-2.052031341E-4,3.967418452E-4,9.995093569E-4
2.727407063E1,1.261932310E-3,1.192404452E-4,-4.420597106E-4
2.728412562E1,1.809141948E-3,1.497423975E-3,-3.750240430E-4
2.729418163E1,-7.392368279E-4,-3.185855167E-4,-8.493331261E-4
2.730423663E1,1.960660593E-4,1.371826744E-3,-7.126964629E-4
2.731429162E1,2.972661750E-4,6.082984619E-4,1.916375943E-3
2.732434663E1,-1.422580972E-4,2.103099250E-4,-1.337744761E-3
2.733440163E1,-6.754229544E-4,-1.086383243E-3,4.969066940E-4
2.734445663E1,1.437966828E-3,1.141493325E-3,-1.188549213E-3
2.735451163E1,6.976081058E-4,-5.192538956E-4,-1.097469125E-3
2.736456762E1,-1.723928028E-3,-2.931154799E-3,-9.769727476E-4
2.737462263E1,-7.769080112E-4,2.649765695E-3,-9.434167296E-4
2.738467763E1,2.645732020E-4,-1.211677445E-3,1.635532826E-3
2.739473262E1,-2.973830560E-3,4.924793029E-4,7.476354949E-4
2.740478763E1,-4.946978297E-4,1.713865437E-3,5.530603230E-4
2.741484262E1,-6.060180021E-4,1.684837043E-3,-5.260524340E-4
2.742489763E1,1.896985574E-3,7.318248390E-5,-4.210309125E-4
2.743495363E1,-5.813521566E-4,-3.606464597E-4,3.946949728E-4
2.744500862E1,-1.189178322E-3,-3.920950694E-4,7.510255091E-4
2.745506363E1,2.782234224E-4,-1.249799971E-4,-3.131739795E-4
2.746511863E1,-2.253015526E-3,-8.028056473E-4,-2.201502211E-4
2.747517363E1,-1.106524724E-3,4.993844777E-5,1.109300181E-3
2.748522863E1,1.797906123E-3,-1.229968737E-3,4.690489732E-4
2.749528462E1,-3.459385480E-4,-1.431836281E-3,-7.932893932E-4
2.750533963E1,-6.552939885E-5,1.029556297E-4,-3.609540872E-4
2.751539463E1,1.741691725E-3,1.726951217E-3,-2.101063263E-3
2.752544962E1,1.726640854E-3,-1.287828200E-4,7.511610165E-4
2.753550463E1,9.969347157E-4,-5.000274396E-4,1.085405238E-4
2.754555962E1,-8.471324691E-4,-1.423608162E-3,-2.360866405E-3
2.755561463E1,-4.789409693E-3,3.002560406E-4,-2.561935224E-3
2.756567063E1,-1.341436873E-3,1.373127452E-3,2.134927083E-3
2.757572562E1,1.783250016E-3,1.782189007E-3,-4.352894612E-4
2.758578063E1,-3.520775354E-4,-7.802328910E-4,-1.036649570E-3
2.759583563E1,-5.680599133E-4,-9.793098434E-5,8.717714809E-4
2.760589063E1,1.105194446E-3,-7.238900289E-4,7.629101165E-4
2.761594563E1,-4.008074757E-3,-4.479865893E-4,5.290848203E-4
2.762600162E1,-7.187048323E-4,-1.307310071E-3,-5.954550579E-4
2.763605663E1,8.554897504E-4,-2.641499159E-4,3.204061650E-4
2.764611163E1,2.124880673E-3,-7.221089909E-4,-1.493139192E-3
2.765616662E1,3.105190350E-3,-6.517628208E-6,2.131480724E-4
2.766622163E1,-2.539397683E-4,-8.249665843E-4,-7.561161183E-4
2.767627662E1,-2.022278495E-3,-1.562395832E-3,2.128353342E-3
2.768633163E1,-7.266660105E-4,5.036889925E-4,-4.316261038E-5
2.769638763E1,-1.178673119E-4,-8.457347285E-4,1.050863881E-3
2.770644262E1,-2.058348386E-3,1.525313593E-3,-7.535750046E-4
2.771649763E1,2.950524911E-3,2.202821895E-3,1.365235541E-3
2.772655263E1,1.705747796E-3,-1.784969587E-3,1.162455417E-3
2.773660763E1,1.305474667E-3,1.041176962E-3,1.672716811E-3
2.774666263E1,1.533777453E-3,-3.363025025E-4,-1.688810531E-3
2.775671862E1,-2.271046105E-4,1.535366988E-3,-2.331697382E-3
2.776677363E1,1.855492592E-3,-5.515814992E-4,-2.744387370E-3
2.777682863E1,1.994776074E-3,1.647124300E-3,-2.693520859E-3
2.778688362E1,9.791522752E-4,-6.597267929E-4,1.677631866E-3
2.779693863E1,7.911330904E-4,2.097710036E-3,1.202257816E-3
2.780699362E1,-2.841406676E-4,-9.065654594E-4,4.854779691E-4
2.781704863E1,9.435765678E-4,2.519857604E-3,-4.969621077E-4
2.782710463E1,-1.127498574E-3,-7.701097056E-4,-2.263658680E-4
2.783715962E1,-7.762276800E-4,1.310085412E-3,2.231756225E-4
2.784721463E1,-5.074028159E-4,-6.463087047E-4,-5.985610187E-4
2.785726963E1,-3.770307871E-3,3.342671844E-4,6.741634570E-4
2.786732463E1,1.855084207E-3,-6.044490729E-4,-7.334342226E-4
2.787737963E1,7.639871910E-4,-4.108372959E-4,-6.623277441E-4
2.788743562E1,-1.491990406E-3,1.138529275E-3,1.885727979E-4
2.789749063E1,4.060443898E-4,1.604049932E-3,2.313242294E-3
2.790754563E1,1.809555572E-3,-1.432519872E-3,-2.281241585E-3
2.791760017E1,5.362983793E-4,-2.075140597E-3,1.951320563E-3
2.792765517E1,-1.643719501E-3,-1.321753021E-3,1.941504423E-3
2.793771017E1,2.166997874E-3,-1.564633334E-3,1.515132841E-3
2.794776517E1,7.777294377E-4,3.044305777E-4,-7.674410008E-4
2.795782117E1,1.011821325E-3,8.756786119E-4,-1.903339289E-4
2.796787617E1,3.047481878E-4,5.638478324E-4,-8.243918419E-4
2.797793117E1,-2.012468409E-3,1.774254488E-3,1.406271942E-3
2.798798617E1,-2.840274246E-3,1.128581585E-3,7.683215663E-4
2.799804117E1,-1.171271200E-3,4.348281655E-4,1.190166455E-3
2.800809617E1,1.836557058E-3,-1.112933736E-3,1.756682526E-3
2.801815217E1,1.862123376E-3,8.383644163E-4,-3.663897514E-4
2.802820717E1,8.643033798E-4,-4.977827193E-4,-7.920293137E-5
2.803826217E1,-2.067038091E-3,7.653545472E-4,6.366549060E-4
2.804831717E1,2.086379682E-4,-1.438655891E-4,-4.053488374E-4
2.805837217E1,8.621776942E-4,-2.466636361E-4,-1.434394158E-3
2.806842717E1,3.314837581E-3,-9.509418742E-4,1.416242216E-3
2.807848217E1,-5.001407699E-4,-5.319024785E-5,5.837376229E-4
2.808853817E1,1.042742282E-3,1.566435443E-3,-6.493539549E-4
2.809859317E1,-1.800714759E-3,-6.543745985E-4,-3.097331384E-3
2.810864817E1,-1.441366621E-4,5.087616737E-4,1.986604184E-5
2.811870317E1,-9.699829388E-4,-9.059095173E-4,-7.567116991E-4
2.812875817E1,5.569734494E-4,2.105048159E-3,-1.276743133E-3
2.813881317E1,-1.860377844E-3,-6.577152526E-4,1.831431873E-3
2.814886917E1,-1.078986563E-3,3.306457074E-5,7.385802455E-4
2.815892417E1,-2.873690799E-3,3.007122432E-4,3.317585681E-3
2.816897917E1,4.401960410E-3,-3.289247863E-3,1.068340614E-3
2.817903417E1,-2.772595733E-3,1.037995890E-2,-5.607148632E-4
2.818908917E1,-6.220611278E-3,-1.186149428E-3,4.732948728E-4
2.819914417E1,4.965197761E-3,3.014923423E-4,-5.192654207E-4
2.820920017E1,-3.716992913E-3,-5.692454986E-3,-3.896513954E-4
2.821925517E1,-8.258654270E-4,-1.164701674E-2,2.380783111E-2
2.822931017E1,3.545909422E-3,-1.193359401E-2,1.366861630E-3
2.823936517E1,1.348801539E-3,-6.956145633E-3,-1.123964563E-1
2.824942017E1,2.269761870E-3,-1.122460421E-2,-2.755411863E-1
2.825947517E1,3.721983638E-3,-4.873629287E-2,-1.311627030E-1
2.826953017E1,1.454246696E-2,-3.710576892E-2,-5.112952739E-2
2.827958617E1,7.197060436E-2,5.007999763E-2,-1.939900070E-1
2.828964117E1,3.436821401E-1,4.942070246E-1,-2.791155577E-1
2.829969617E1,3.928134739E-1,6.492573619E-1,-4.172393382E-1
2.830975117E1,1.837598681E-1,3.567315042E-1,-2.294487804E-1
2.831980617E1,1.372512281E-1,4.290304780E-1,9.626487643E-2
2.832986117E1,1.673342586E-1,5.381689668E-1,5.014207214E-2
2.833991717E1,1.868006289E-1,4.224948883E-1,-1.537362188E-1
2.834997217E1,2.074829191E-1,1.682833433E-1,-1.990571320E-1
2.836002717E1,2.302100658E-1,-1.489686780E-2,8.720032871E-3
2.837008217E1,2.807778120E-1,-2.009830065E-2,1.679582000E-1
2.838013717E1,2.977429628E-1,6.006264687E-1,1.271354109E-1
2.839019217E1,1.878064722E-1,1.522324204E0,-7.776853442E-2
2.840024717E1,-4.949185848E-1,1.690539241E0,-6.033527255E-1
2.841030317E1,-9.664855003E-1,2.387058496E0,-1.205498457E0
2.842035817E1,-1.116652608E0,3.303285599E0,-1.286470294E0
2.843041317E1,-1.278131485E0,4.156847954E0,-1.046322942E0
2.844046817E1,-1.458194494E0,4.839835167E0,-9.834021926E-1
2.845052317E1,-1.579353094E0,5.306134701E0,-1.268056631E0
2.846057817E1,-1.690814376E0,5.621298790E0,-1.647761345E0
2.847063417E1,-1.680564404E0,5.507429600E0,-1.934759259E0
2.848068917E1,-1.730669379E0,5.306460857E0,-2.180314541E0
2.849074417E1,-1.892721891E0,5.276048183E0,-2.310231924E0
2.850079917E1,-2.066904068E0,5.215227127E0,-2.279356241E0
2.851085417E1,-2.267915249E0,5.018074989E0,-2.248122931E0
2.852090917E1,-2.547286749E0,4.634264946E0,-2.300071955E0
2.853096517E1,-2.896002769E0,4.024347305E0,-2.481025696E0
2.854102017E1,-3.295344830E0,3.189497709E0,-2.608921051E0
2.855107517E1,-3.514245987E0,2.463752985E0,-2.593630791E0
2.856113017E1,-3.547281742E0,2.004168272E0,-2.523499489E0
2.857118517E1,-3.347580671E0,1.794688582E0,-2.565736532E0
2.858124017E1,-3.008360624E0,1.438841581E0,-2.547987461E0
2.859129517E1,-2.498090982E0,1.170273185E0,-2.598866224E0
2.860135117E1,-1.968599558E0,1.169677496E0,-2.762950182E0
2.861140617E1,-1.531228542E0,1.182547212E0,-2.806350470E0
2.862146117E1,-1.336591482E0,1.003864288E0,-2.669509649E0
2.863151617E1,-1.355474114E0,8.739792109E-1,-2.381577730E0
2.864157117E1,-1.326533556E0,8.322200179E-1,-2.033189058E0
2.865162617E1,-1.105168700E0,6.483900547E-1,-1.681507587E0
2.866168217E1,-7.448272705E-1,4.116398096E-1,-1.463961482E0
2.867173717E1,-3.283603787E-1,3.741158545E-1,-1.478495359E0
2.868179217E1,8.248549700E-2,2.464719772E0,-1.177242279E0
2.869184717E1,-1.075307727E0,3.336105108E0,-4.541568458E-1
2.870190217E1,-2.269075394E0,3.146807671E0,-6.266859770E-1
2.871195717E1,-2.776463509E0,2.386154890E0,-7.705715895E-1
2.872201317E1,-2.777172804E0,9.294126034E-1,-8.248529434E-1
2.873206817E1,-2.489855528E0,-5.923394561E-1,-9.427883625E-1
2.874212317E1,-2.022252798E0,-1.872344971E0,-1.053385139E0
2.875217817E1,-1.513965249E0,-2.868644714E0,-1.135917664E0
2.876223317E1,-9.694439769E-1,-3.128141403E0,-1.417264104E0
2.877228817E1,-2.800439000E-1,-2.376846313E0,-1.830077052E0
2.878234317E1,3.690955043E-1,-1.338932157E0,-2.005959272E0
2.879239917E1,8.162890077E-1,-3.499167264E-1,-1.800928593E0
2.880245417E1,1.098430037E0,4.491884410E-1,-1.348156571E0
2.881250917E1,1.277868986E0,8.841942549E-1,-8.332502246E-1
2.882256417E1,1.249176860E0,6.830291748E-1,-4.009624124E-1
2.883261917E1,1.008923650E0,-1.579563022E-1,-1.444528401E-1
2.884267417E1,9.859644175E-1,-9.854187965E-1,-8.259454370E-2
2.885273017E1,8.308370709E-1,-9.899842739E-1,-1.932750642E-2
2.886278517E1,4.831856191E-1,-7.806510329E-1,-5.892045423E-2
2.887284017E1,5.243538762E-4,-2.271849513E-1,-2.791186571E-1
2.888289517E1,-4.020920694E-1,-1.092508901E-2,-4.932437241E-1
2.889295017E1,-5.433458090E-1,-2.099558860E-1,-7.218776941E-1
2.890300517E1,-4.860172272E-1,-5.529335141E-1,-8.411740065E-1
2.891306175E1,-4.087371230E-1,-8.618910909E-1,-9.052704573E-1
2.892311675E1,-3.677082062E-1,-8.966099024E-1,-9.403336644E-1
2.893317175E1,-3.984762728E-1,-7.796158195E-1,-8.539133668E-1
2.894322675E1,-4.647271931E-1,-7.216819525E-1,-6.704021096E-1
2.895328175E1,-5.737084746E-1,-6.156995893E-1,-4.512145817E-1
2.896333675E1,-7.489039898E-1,-5.198109150E-1,-1.855517477E-1
2.897339275E1,-9.538516998E-1,-4.463321269E-1,1.322830468E-1
2.898344775E1,-1.197703242E0,-2.381874472E-1,1.133868620E-1
2.899350275E1,-1.336806297E0,3.866086155E-2,-1.064626202E-1
2.900355775E1,-1.427774310E0,3.403767645E-1,-3.322949409E-1
2.901361275E1,-1.521408558E0,6.078962684E-1,-4.655596018E-1
2.902366775E1,-1.615095615E0,7.588756680E-1,-4.297635257E-1
2.903372375E1,-1.318266749E0,2.493315935E-1,-1.700938791E-1
2.904377875E1,-1.138291955E0,2.381348759E-1,1.476811469E-1
2.905383375E1,-1.059373379E0,3.792195022E-1,3.041001558E-1
2.906388875E1,-9.704731107E-1,4.523557723E-1,2.129252106E-1
2.907394375E1,-8.077790141E-1,4.529877305E-1,-3.481586650E-2
2.908399875E1,-4.527729750E-1,5.730746984E-1,-3.006139696E-1
2.909405375E1,1.398027316E-2,6.654619575E-1,-4.945016205E-1
2.910410975E1,5.186554193E-1,6.247206330E-1,-6.190547943E-1
2.911416475E1,1.052898169E0,4.594054222E-1,-6.722060442E-1
2.912421975E1,1.583424091E0,4.444198310E-1,-6.433091164E-1
2.913427475E1,1.507325768E0,6.220288873E-1,-4.860498011E-1
2.914432975E1,1.197751641E0,3.609174192E-1,-3.014583886E-1
2.915438475E1,7.752746940E-1,2.593873441E-1,-9.083618224E-2
2.916444075E1,2.716008425E-1,3.270500302E-1,1.528413408E-2
2.917449575E1,-2.704275548E-1,4.294504225E-1,6.959930062E-2
2.918455075E1,-7.557422519E-1,1.709520370E-1,1.650770903E-1
2.919460575E1,-1.025976539E0,-2.868640423E-1,4.086487889E-1
2.920466075E1,-1.177812934E0,-3.687138855E-1,7.360820174E-1
2.921471575E1,-1.282691479E0,-4.568959177E-1,8.696728945E-1
2.922477175E1,-1.344387770E0,-4.245656729E-1,8.496371508E-1
2.923482675E1,-1.381914377E0,-2.727600634E-1,7.702888250E-1
2.924488175E1,-1.312488079E0,-1.166263893E-1,6.285964251E-1
2.925493675E1,-1.191635609E0,8.985777944E-2,4.349628389E-1
2.926499175E1,-1.070699811E0,3.035524786E-1,2.069962621E-1
2.927504675E1,-9.600696564E-1,4.233774543E-1,-2.119092830E-2
2.928510275E1,-9.191706777E-1,2.483310699E-1,-1.957392991E-1
2.929515775E1,-1.043136239E0,-7.315171510E-2,-2.438600808E-1
2.930521275E1,-8.323467970E-1,6.599294543E-1,-7.648742758E-4
2.931526775E1,-2.259334028E-1,2.386873811E-1,1.000839397E-1
2.932532275E1,-8.169180155E-2,1.582764387E-1,1.307286620E-1
2.933537775E1,-7.776860893E-2,2.379233390E-1,2.780169547E-1
2.934543375E1,-1.826998144E-1,1.929870248E-1,3.587357700E-1
2.935548875E1,-2.082599252E-1,3.753720522E-1,3.125255108E-1
2.936554375E1,-2.974129617E-1,6.078366637E-1,1.640777141E-1
2.937559875E1,-4.212689400E-1,6.608377695E-1,5.193681270E-2
2.938565375E1,-4.864476621E-1,7.328059673E-1,-1.455273293E-2
2.939570875E1,-2.673821747E-1,1.104785204E0,-6.226135045E-2
2.940576475E1,-2.332407236E-1,6.178653836E-1,-2.396843284E-1
2.941581975E1,9.141786955E-3,5.594185591E-1,-8.868034929E-2
2.942587475E1,8.520619571E-2,2.985568643E-1,2.192441821E-1
2.943592975E1,5.591100454E-2,1.175412908E-1,4.693521261E-1
2.944598475E1,-2.925555408E-2,1.623517647E-2,6.338784695E-1
2.945603975E1,-1.428601742E-1,3.582760226E-3,6.909300089E-1
2.946609475E1,-2.187615931E-1,1.135920808E-1,6.652238369E-1
2.947615075E1,-5.269402638E-2,4.474406838E-1,4.751075804E-1
2.948620575E1,8.054924756E-2,5.040549636E-1,1.305598021E-1
2.949626075E1,-1.701003462E-1,3.006469607E-1,3.329773992E-2
2.950631575E1,-2.158212215E-1,3.882766962E-1,1.960893273E-1
2.951637075E1,-7.699692994E-2,1.553976089E-1,3.075015843E-1
2.952642575E1,2.590369880E-1,1.870313473E-2,3.809894025E-1
2.953648175E1,4.509701431E-1,-1.298324019E-1,4.783930182E-1
2.954653675E1,5.900462866E-1,-3.887932375E-2,5.219962001E-1
2.955659175E1,7.040559053E-1,2.160545290E-1,4.048903883E-1
2.956664675E1,7.068833709E-1,3.534118533E-1,2.031026483E-1
2.957670175E1,4.835322499E-1,3.551003039E-1,7.114385813E-2
2.958675675E1,3.680735528E-1,3.821042180E-1,-3.519456089E-2
2.959681275E1,2.284925282E-1,2.152668685E-1,-1.516236961E-1
2.960686775E1,1.551067382E-1,2.131206244E-1,-1.619037539E-1
2.961692275E1,1.270235777E-1,3.963442445E-1,-6.415067613E-2
2.962697775E1,1.468231231E-1,5.504480004E-1,4.869997129E-2
2.963703275E1,3.123510443E-2,5.388437510E-1,1.186094582E-1
2.964708775E1,-3.039077222E-1,5.412733555E-1,2.178023458E-1
2.965714375E1,-8.221902847E-1,2.130696625E-1,3.374671340E-1
2.966719875E1,-1.191063643E0,9.617074579E-2,5.328496695E-1
2.967725375E1,-1.113964915E0,4.702688381E-2,7.104972005E-1
2.968730875E1,-7.144039273E-1,-6.229587644E-2,7.275835276E-1
2.969736375E1,-2.023580819E-1,-1.027905419E-1,6.157344580E-1
2.970741875E1,2.390201241E-1,-1.201580837E-1,4.669780135E-1
2.971747475E1,5.121308565E-1,-1.452272385E-1,3.496782780E-1
2.972752975E1,6.193369627E-1,-1.862953156E-1,2.686342895E-1
2.973758475E1,6.131350994E-1,-2.415010333E-1,2.042661458E-1
2.974763975E1,5.626793504E-1,-3.183731735E-1,1.260850579E-1
2.975769475E1,5.099813938E-1,-3.937243223E-1,1.707892865E-2
2.976774975E1,4.865415394E-1,-4.179564118E-1,-9.196792543E-2
2.977780575E1,4.841622114E-1,-4.375374317E-1,-1.804298908E-1
2.978786075E1,4.913048148E-1,-4.598669708E-1,-2.453082204E-1
2.979791575E1,4.835520983E-1,-4.940023124E-1,-3.012200296E-1
2.980797075E1,4.644942582E-1,-4.991363287E-1,-3.543634117E-1
2.981802575E1,4.542370439E-1,-4.939199090E-1,-4.007038772E-1
2.982808075E1,4.589476585E-1,-4.875477850E-1,-4.178093672E-1
2.983813675E1,4.558028579E-1,-5.151875019E-1,-3.911003172E-1
2.984819175E1,4.303465188E-1,-5.662874579E-1,-3.465855718E-1
2.985824675E1,3.831900060E-1,-6.119363904E-1,-2.638434768E-1
2.986830175E1,3.302282691E-1,-6.833586097E-1,-1.824410558E-1
2.987835675E1,2.898552120E-1,-7.521083951E-1,-1.021434292E-1
2.988841175E1,2.588285804E-1,-7.715840936E-1,8.601196110E-3
2.989846775E1,2.661137879E-1,-7.968585491E-1,1.368082464E-1
2.990852275E1,3.116831183E-1,-8.209287524E-1,2.627196014E-1
2.991857837E1,3.887356520E-1,-8.462756276E-1,3.625723720E-1
2.992863338E1,4.830648303E-1,-8.363162279E-1,4.449473917E-1
2.993868837E1,5.431266427E-1,-7.936425209E-1,5.194043517E-1
2.994874338E1,5.201129317E-1,-7.554077506E-1,5.879200101E-1
2.995879938E1,4.420030415E-1,-8.214371204E-1,6.832036972E-1
2.996885437E1,3.372151256E-1,-8.129751682E-1,8.315244913E-1
2.997890938E1,1.032564938E-1,-6.866913438E-1,8.358029127E-1
2.998896438E1,-1.961320788E-1,-5.173590779E-1,7.289023399E-1
2.999901937E1,-4.428840280E-1,-4.636965394E-1,6.064112782E-1
3.000907438E1,-5.915616751E-1,-3.709277213E-1,5.611673594E-1
3.001913037E1,-6.706714034E-1,-2.633368373E-1,5.871340036E-1
3.002918538E1,-7.430374622E-1,-2.180974483E-1,5.873680711E-1
3.003924038E1,-8.011448979E-1,-1.615800560E-1,5.144248605E-1
3.004929537E1,-8.259370327E-1,-1.071192175E-1,3.667683005E-1
3.005935038E1,-8.034914732E-1,-1.019425169E-1,1.863329709E-1
3.006940537E1,-7.245221138E-1,-1.093916446E-1,5.802187324E-2
3.007946138E1,-5.823507905E-1,-1.515120268E-1,1.421608869E-2
3.008951638E1,-4.109699428E-1,-1.793316752E-1,5.216427147E-2
3.009957137E1,-2.319676578E-1,-1.843333989E-1,1.194283813E-1
3.010962638E1,-8.368019015E-2,-1.426482648E-1,1.760362685E-1
3.011968138E1,3.184520081E-2,-1.101392508E-1,1.986581683E-1
3.012973637E1,1.223785654E-1,-1.405983567E-1,2.074221075E-1
3.013979238E1,2.256550044E-1,-1.914996505E-1,2.456334680E-1
3.014984737E1,3.333628178E-1,-2.579018176E-1,2.991941869E-1
3.015990238E1,4.408824742E-1,-2.924673259E-1,3.522286415E-1
3.016995738E1,5.505096316E-1,-3.365684748E-1,3.964826465E-1
3.018001237E1,6.722081900E-1,-3.679886758E-1,4.326612949E-1
3.019006738E1,7.841989398E-1,-3.426510990E-1,4.679167569E-1
3.020012337E1,8.753891587E-1,-2.830029726E-1,5.068394542E-1
3.021017838E1,9.429668784E-1,-2.303301692E-1,5.569257736E-1
3.022023338E1,9.965435266E-1,-2.384597361E-1,6.104074121E-1
3.023028837E1,1.044357181E0,-2.663792670E-1,6.562079191E-1
3.024034338E1,1.088364482E0,-2.992650270E-1,6.978076696E-1
3.025039937E1,1.131969213E0,-4.260919690E-1,7.121096849E-1
3.026045438E1,1.186350584E0,-4.876442850E-1,7.053717971E-1
3.027050938E1,1.253749847E0,-4.794058204E-1,6.978952289E-1
3.028056437E1,1.320996046E0,-5.039809346E-1,6.223094463E-1
3.029061938E1,1.440724850E0,-4.039781392E-1,4.583474398E-1
3.030067438E1,1.580901265E0,-2.444875240E-1,2.637703419E-1
3.031073038E1,1.684767485E0,-1.513967365E-1,8.507862687E-2
3.032078538E1,1.684963584E0,-4.847424030E-1,5.178924650E-2
3.033084037E1,1.575073838E0,-3.558259606E-1,1.249295101E-1
3.034089538E1,1.428600788E0,-2.043101341E-1,1.404009610E-1
3.035095038E1,1.279755116E0,-7.074993849E-2,1.288079619E-1
3.036100537E1,1.180355310E0,-1.137335505E-2,1.466226876E-1
3.037106138E1,1.099465609E0,-2.481832542E-2,2.328619659E-1
3.038111637E1,1.000146389E0,3.236858174E-2,3.448215723E-1
3.039117138E1,9.028944373E-1,1.621867716E-1,4.062362015E-1
3.040122638E1,8.047925234E-1,3.199106157E-1,3.821190000E-1
3.041128137E1,7.348462343E-1,3.831095695E-1,2.610642016E-1
3.042133638E1,7.144204378E-1,4.658805728E-1,9.589536488E-2
3.043139237E1,7.371897101E-1,5.670042634E-1,-7.987992465E-2
3.044144738E1,7.720382810E-1,6.394314170E-1,-2.059399188E-1
3.045150238E1,7.974666953E-1,6.593819857E-1,-2.616084814E-1
3.046155737E1,8.007884622E-1,6.758263707E-1,-2.527479827E-1
3.047161238E1,7.565754652E-1,6.396249533E-1,-2.448514551E-1
3.048166738E1,6.627601385E-1,6.238050461E-1,-2.584362030E-1
3.049172338E1,5.347217321E-1,5.532634854E-1,-2.479329407E-1
3.050177838E1,3.824996352E-1,5.047804117E-1,-1.778102815E-1
3.051183337E1,2.351373285E-1,4.676479101E-1,-8.810941875E-2
3.052188838E1,1.224779114E-1,4.331895113E-1,-2.337385528E-2
3.053194338E1,-1.361382008E-1,6.961300373E-1,1.738699675E-1
3.054199837E1,-7.226805687E-1,4.840622544E-1,3.243546560E-2
3.055205438E1,-9.310804009E-1,4.784277976E-1,3.973705322E-2
3.056210937E1,-1.021255136E0,1.660496593E-1,-1.820592880E-1
3.057216438E1,-8.662002683E-1,2.450290695E-2,-3.422465622E-1
3.058221938E1,-7.971117496E-1,-2.455347031E-1,-4.718269408E-1
3.059227437E1,-5.590355396E-1,2.286507189E-1,-2.521685958E-1
3.060232938E1,-2.446897179E-1,2.522612214E-1,-8.549468592E-3
3.061238537E1,-3.278694814E-3,2.425153702E-1,1.182928979E-1
3.062244038E1,1.118046194E-1,2.864782810E-1,2.228922024E-2
3.063249538E1,1.270735860E-1,4.699138701E-1,-1.302542537E-1
3.064255037E1,1.134398505E-1,3.480215967E-1,-2.370568812E-1
3.065260538E1,4.197312146E-2,3.175305128E-1,-2.080649137E-1
3.066266137E1,-5.875393003E-2,3.035920858E-1,-1.362410188E-1
3.067271638E1,-1.573883742E-1,2.324915528E-1,-4.615666345E-2
3.068277138E1,-2.340119332E-1,1.508458555E-1,5.293227732E-2
3.069282637E1,-2.199552357E-1,3.882612288E-2,1.105428487E-1
3.070288138E1,-1.835842580E-1,-7.973803580E-2,2.349333018E-1
3.071293638E1,-5.986844748E-2,-1.951304451E-2,3.907247484E-1
3.072299238E1,2.148255855E-1,4.275861755E-2,3.259345591E-1
3.073304738E1,4.059758484E-1,3.506048396E-2,1.769911647E-1
3.074310237E1,4.308210611E-1,2.568057925E-2,4.093395546E-2
3.075315738E1,2.675085664E-1,-4.750308767E-2,-7.243163884E-3
3.076321238E1,-3.243416175E-2,-1.900317818E-1,5.855587125E-2
3.077326737E1,-3.435171843E-1,-3.242708147E-1,2.740916014E-1
3.078332338E1,-5.343934894E-1,-5.221799016E-1,5.820538402E-1
3.079337837E1,-4.924140573E-1,-8.424401879E-1,8.507241607E-1
3.080343338E1,-1.900534332E-1,-1.095846891E0,8.956851959E-1
3.081348838E1,4.990011454E-1,-1.003996611E0,5.560325980E-1
3.082354337E1,1.131904364E0,7.401716709E-2,4.236411452E-1
3.083359838E1,1.540556550E0,2.845275402E-1,6.036373377E-1
3.084365437E1,1.629162550E0,5.613173842E-1,9.514555335E-1
3.085370938E1,1.749411702E0,1.123980403E0,1.095696330E0
3.086376438E1,1.740193367E0,9.931395650E-1,1.049039006E0
3.087381937E1,1.552195191E0,4.972361028E-1,7.808547616E-1
3.088387438E1,1.192592263E0,-2.473368943E-1,4.167766869E-1
3.089392938E1,5.880637169E-1,-1.607085705E0,3.257293403E-1
3.090398538E1,-6.623939425E-2,-2.680191994E0,2.710264027E-1
3.091403963E1,-5.674047470E-1,-3.400171280E0,3.068520427E-1
3.092409463E1,-8.488599658E-1,-3.755689383E0,5.599690080E-1
3.093414962E1,-9.195674062E-1,-3.611421824E0,8.685241938E-1
3.094420463E1,-8.505744934E-1,-3.111270905E0,1.122263074E0
3.095426062E1,-6.856411695E-1,-2.476756573E0,1.358609319E0
3.096431563E1,-3.621204197E-1,-1.818263173E0,1.630452037E0
3.097437063E1,1.437257379E-1,-1.479994893E0,1.909428000E0
3.098442562E1,8.053207397E-1,-1.561067343E0,2.062266111E0
3.099448063E1,1.413757682E0,-2.023965836E0,2.007920265E0
3.100453563E1,1.770766139E0,-2.637475491E0,1.756075144E0
3.101459163E1,1.884392023E0,-3.204958916E0,1.516749620E0
3.102464663E1,1.850803494E0,-3.471275330E0,1.445906401E0
3.103470162E1,1.780907273E0,-3.294288397E0,1.528549314E0
3.104475663E1,1.722181916E0,-2.783928394E0,1.643576264E0
3.105481163E1,1.709150314E0,-2.185724497E0,1.689295292E0
3.106486662E1,1.666661501E0,-1.749933362E0,1.624624491E0
3.107492263E1,1.509230852E0,-1.661845565E0,1.420182467E0
3.108497762E1,1.304275274E0,-1.833557129E0,1.121249676E0
3.109503263E1,1.129912019E0,-2.145792723E0,8.865061402E-1
3.110508763E1,9.922733903E-1,-2.471361160E0,7.452633977E-1
3.111514262E1,8.389951587E-1,-2.510059357E0,6.496064067E-1
3.112519863E1,7.675019503E-1,-2.335022211E0,6.539594531E-1
3.113525362E1,8.257285357E-1,-2.111463308E0,7.394514084E-1
3.114530863E1,9.472635984E-1,-1.852921844E0,7.965689898E-1
3.115536363E1,1.086058259E0,-1.594744086E0,7.704556584E-1
3.116541862E1,1.203261733E0,-1.437878847E0,7.075678110E-1
3.117547363E1,1.348434925E0,-1.365414977E0,5.855494738E-1
3.118552962E1,1.469650626E0,-1.367422700E0,4.188364744E-1
3.119558463E1,1.492051840E0,-1.384111166E0,2.345140427E-1
3.120563963E1,1.436006904E0,-1.428378820E0,9.797234088E-2
3.121569462E1,1.282602906E0,-1.545387149E0,1.879176870E-2
3.122574963E1,1.009316802E0,-1.533694029E0,-1.006350853E-2
3.123580463E1,7.146329880E-1,-1.355398536E0,8.023496717E-2
3.124586063E1,4.569522440E-1,-1.132513285E0,2.752943635E-1
3.125591563E1,2.753075957E-1,-9.748187661E-1,4.566516280E-1
3.126597062E1,7.450040579E-1,-2.091401339E0,4.672622383E-1
3.127602563E1,7.736578584E-1,-2.217283726E0,1.362651289E-1
3.128608063E1,6.637420654E-1,-1.731426835E0,1.110976040E-1
3.129613562E1,6.321800947E-1,-1.235604048E0,9.835410863E-2
3.130619163E1,4.282140434E-1,-9.056937695E-1,6.163810566E-2
3.131624662E1,1.569407135E-1,-6.907601357E-1,5.199639872E-2
3.132630163E1,-3.830051050E-2,-5.621678829E-1,1.260064095E-1
3.133635663E1,-1.126003116E-1,-5.424010754E-1,2.073188424E-1
3.134641162E1,-2.597818524E-2,-5.485254526E-1,2.400994450E-1
3.135646763E1,2.758397460E-1,-7.072250843E-1,2.393785268E-1
3.136652262E1,5.791597366E-1,-7.684493065E-1,2.365793288E-1
3.137657763E1,9.466010332E-1,-1.034216881E0,1.104933023E-1
3.138663263E1,1.289814115E0,-1.254289269E0,1.540184021E-3
3.139668762E1,1.635666609E0,-1.439071059E0,-3.444391489E-2
3.140674263E1,1.795843005E0,-1.080618382E0,-5.068338290E-2
3.141679862E1,2.380202860E-1,1.779944450E-1,1.190201640E-1
3.142685363E1,-1.143291071E-1,-1.108182669E-1,7.783523947E-2
3.143690863E1,-1.321645677E-1,-1.701194048E-1,1.031984482E-2
3.144696362E1,-1.247394308E-1,-1.300808042E-1,1.513884403E-3
3.145701863E1,-6.760024279E-2,-6.728159636E-2,-4.185279831E-3
3.146707363E1,-8.439492434E-3,4.639930278E-2,-5.970402621E-3
3.147712963E1,-6.543054711E-3,5.000282452E-2,-6.394644268E-3
3.148718463E1,-1.635129564E-3,3.617814556E-2,3.476652317E-3
3.149723962E1,-6.449661450E-4,3.604924679E-2,2.363651618E-2
3.150729463E1,-1.622543787E-3,3.783464432E-2,5.772919953E-2
3.151734963E1,-2.166894032E-3,3.254587576E-2,9.377721697E-2
3.152740563E1,-2.958789468E-3,2.287404239E-2,1.347385794E-1
3.153746063E1,-2.141199075E-3,2.134245820E-2,2.507786080E-2
3.154751562E1,-1.515719341E-3,1.193014067E-2,8.312284946E-3
3.155757063E1,8.289277321E-4,1.698695123E-2,5.845748261E-2
3.156762563E1,-1.919835457E-3,9.147646837E-3,1.442306675E-2
3.157768062E1,1.838151133E-3,1.445252215E-3,1.058259513E-3
3.158773663E1,6.673707394E-4,3.575711744E-3,-2.777207177E-3
3.159779162E1,1.415719045E-3,2.907258458E-3,-1.282907557E-3
3.160784663E1,4.092364979E-4,-8.998994017E-4,-5.471776240E-4
3.161790163E1,7.434631698E-4,8.227437502E-5,-7.407898083E-4
3.162795662E1,2.562696580E-3,4.739178694E-4,1.021109987E-3
3.163801163E1,2.933408599E-3,-1.307470491E-3,-3.919634037E-4
3.164806763E1,-7.161044050E-4,1.165231806E-3,-1.327064354E-3
3.165812263E1,8.405132103E-4,-1.118961489E-3,2.012805548E-3
3.166817763E1,4.365804780E-4,-1.136788400E-3,-9.193271399E-5
3.167823262E1,-2.233508567E-4,1.049400540E-3,8.250446990E-5
3.168828763E1,7.623627898E-4,5.079223774E-5,6.452868693E-4
3.169834363E1,8.206859929E-4,2.254025312E-3,9.419629350E-4
3.170839862E1,-7.396829315E-4,-8.115441888E-4,9.168549441E-4
3.171845363E1,-2.617211547E-3,-2.289066091E-3,8.606621996E-4
3.172850862E1,1.487245900E-4,-8.549586637E-4,2.235588618E-4
3.173856363E1,-1.475004712E-3,2.294804435E-4,1.485630870E-3
3.174861863E1,9.649923304E-4,-6.767357117E-4,-5.907369778E-4
3.175867462E1,2.326400252E-3,6.132994895E-4,-9.215013124E-4
3.176872963E1,-9.803817375E-4,-9.932823014E-4,-1.214977354E-3
3.177878463E1,2.344042296E-3,7.162007969E-4,-2.694129944E-5
3.178883963E1,1.701149973E-3,-1.609241590E-4,-1.493254676E-4
3.179889463E1,-6.373717915E-4,3.027321945E-4,1.752438024E-3
3.180895062E1,2.245011274E-4,-1.169034396E-3,1.737094019E-3
3.181900563E1,1.145954826E-3,-1.112841652E-3,-2.341778018E-4
3.182906063E1,-9.046333143E-4,5.576435069E-5,5.519110709E-5
3.183911562E1,2.577183535E-3,6.227513077E-4,-7.011466660E-4
3.184917063E1,-7.676780224E-4,-1.909898827E-3,-1.182155684E-3
3.185922562E1,5.966593744E-4,3.844145394E-4,1.898589078E-3
3.186928163E1,-4.235746455E-4,-2.795062028E-4,-2.598882653E-3
3.187933663E1,1.181123080E-4,1.306672581E-3,-2.300008200E-4
3.188939162E1,-1.139409374E-3,1.131974394E-3,-8.461815305E-4
3.189944663E1,-1.194270561E-3,3.804304288E-4,2.891239710E-4
3.190950163E1,7.553290343E-4,5.619697622E-4,8.446350694E-5
3.191955667E1,-1.105421572E-3,-9.834626690E-4,-1.029270701E-3
3.192961267E1,6.470161024E-4,-1.998310443E-3,1.852857880E-3
3.193966767E1,8.136068936E-5,1.782912004E-4,-2.710469067E-3
3.194972267E1,2.584608737E-4,1.614001347E-3,-4.371944815E-4
3.195977767E1,6.635276950E-4,8.925509755E-4,8.085742593E-6
3.196983267E1,1.818122691E-3,1.404170413E-3,3.887587227E-4
3.197988867E1,-1.066879719E-3,-9.431397775E-4,-1.888243947E-3
3.198994367E1,2.088823356E-3,-7.963162498E-4,-1.843029633E-3
3.199999867E1,1.073892694E-3,1.221827231E-3,1.113611273E-3
3.201005367E1,-9.035909316E-4,-1.141331973E-3,2.524564043E-4
3.202010867E1,8.232026594E-4,1.584413345E-3,7.086559199E-4
3.203016367E1,6.136614829E-4,1.142509980E-3,1.088527963E-3
3.204021967E1,-1.134703751E-3,1.726541203E-3,-8.923313580E-4
3.205027467E1,-2.172996290E-3,1.069180085E-3,-2.378919162E-4
3.206032967E1,-4.485994868E-4,2.185664634E-4,-1.670672558E-3
3.207038467E1,-8.169360808E-5,-3.033763496E-3,-4.613874480E-4
3.208043967E1,8.173895767E-4,-2.298730891E-3,1.027319580E-3
3.209049567E1,4.937634221E-4,6.272229366E-4,3.130370751E-4
3.210055067E1,1.958235633E-3,-1.308096340E-3,1.114648767E-3
3.211060567E1,1.415095467E-4,-2.388784196E-3,-8.153114468E-4
3.212066067E1,-1.306717400E-3,-9.219152271E-4,7.828515954E-4
3.213071567E1,-2.365256660E-4,1.621233299E-3,-1.486681402E-3
3.214077067E1,1.325151999E-3,-1.639008522E-3,-1.119575463E-4
3.215082667E1,1.132454490E-3,-7.695768145E-4,-1.702602487E-3
3.216088167E1,-4.572796752E-5,-1.118717249E-3,9.001051076E-4
3.217093667E1,2.625384950E-4,-2.459827228E-4,1.453226432E-4
3.218099167E1,1.347776619E-3,1.535405754E-3,7.117772475E-4
3.219104667E1,7.692888612E-4,6.059424486E-4,-4.218397662E-4
3.220110267E1,-5.383231910E-4,2.057963866E-5,8.538146503E-4
3.221115767E1,-4.836031585E-4,1.072204439E-3,-2.420283854E-4
3.222121267E1,-5.110336933E-4,2.451683395E-5,5.731126294E-5
3.223126767E1,1.419773442E-3,4.881032510E-5,2.257467713E-3
3.224132267E1,-2.851822646E-4,6.506846985E-4,-1.617964357E-3
3.225137767E1,1.304353063E-4,2.770259744E-4,-1.418218017E-5
3.226143367E1,-1.978788292E-3,4.354840494E-4,-1.665874384E-3
3.227148867E1,-1.495608594E-3,-8.897341322E-4,-1.803051680E-3
3.228154367E1,-5.488548777E-4,-2.286562230E-3,2.162128687E-3
3.229159867E1,1.090262667E-3,-4.674856318E-4,5.467562005E-4
3.230165367E1,8.092462667E-5,-8.182239835E-4,2.861575689E-3
3.231170967E1,1.719876425E-3,1.489653660E-4,1.076635905E-3
3.232176467E1,5.230517127E-4,-9.737702203E-5,-9.966352955E-4
3.233181967E1,2.006854629E-3,8.758723270E-4,-1.369683072E-3
3.234187467E1,1.287002116E-3,7.698785048E-4,-3.073480912E-4
3.235192967E1,-6.762075936E-4,-4.454755690E-4,1.193374861E-3
3.236198467E1,-4.080272920E-4,5.273771822E-4,9.627449326E-4
3.237204067E1,3.315892827E-4,-7.139603258E-5,1.780786552E-3
3.238209567E1,-3.248798894E-4,1.510787988E-3,2.470811829E-3
3.239215067E1,5.122283474E-4,4.316140839E-4,1.032938715E-3
3.240220567E1,1.801464590E-3,1.328833052E-3,-6.006443873E-4
3.241226067E1,-3.352824715E-4,9.615978342E-5,-2.941056853E-3
3.242231667E1,-2.885525580E-3,-8.876118809E-4,8.837748319E-4
3.243237167E1,-8.442897233E-4,3.635359171E-4,8.892142214E-4
3.244242667E1,-5.915557849E-4,7.835164433E-4,-1.675676089E-3
3.245248167E1,-1.039274270E-3,-1.410062774E-3,-4.874886945E-4
3.246253667E1,9.676840273E-4,-6.694376934E-4,7.996167988E-4
3.247259167E1,-1.874155132E-3,-2.046286594E-3,2.235504799E-3
3.248264767E1,7.908701082E-4,-1.724843285E-3,1.002727542E-3
3.249270267E1,1.026704442E-3,-1.004486578E-3,-1.546065323E-3
3.250275767E1,-3.016803239E-4,3.265613923E-4,-1.607051585E-3
3.251281267E1,1.687399577E-3,1.396326930E-3,8.632731624E-4
3.252286767E1,-6.071799435E-4,1.594199799E-3,1.244638115E-3
3.253292367E1,5.770598073E-4,1.264471794E-3,-1.172132324E-3
3.254297867E1,5.142091541E-4,-1.923332224E-3,-8.344431408E-4
3.255303367E1,2.014494676E-4,-1.266603824E-3,9.408057667E-4
3.256308867E1,9.798915125E-4,6.748405285E-4,1.715252642E-3
3.257314367E1,3.451098455E-4,7.277417462E-4,-5.494104698E-5
3.258319867E1,1.247655135E-3,1.771434443E-3,3.049772233E-3
3.259325467E1,1.670273487E-3,-1.278334064E-3,1.068384852E-3
3.260330967E1,1.476129051E-3,-3.354800865E-3,-1.172132324E-3
3.261336467E1,1.806501299E-3,-5.525528104E-5,-1.385323703E-3
3.262341967E1,-1.852767891E-4,-2.049696632E-3,-8.929050528E-4
3.263347467E1,-3.216018435E-3,2.567543881E-3,-2.223397605E-4
3.264353067E1,-3.435729071E-3,3.449582728E-3,1.253317576E-3
3.265358567E1,1.319088973E-3,-9.393643122E-4,5.428972654E-4
3.266364067E1,-1.119034830E-3,-1.177717233E-3,-2.302415669E-5
3.267369567E1,2.584339119E-3,6.253320607E-4,-1.542960294E-3
3.268375067E1,-1.221850864E-3,1.814167248E-3,-1.799156424E-3
3.269380567E1,8.888927405E-4,1.104368712E-3,1.713944599E-3
3.270386167E1,-3.255087067E-4,6.207387196E-4,2.391985618E-3
3.271391667E1,6.998248864E-6,2.555659972E-3,6.952998228E-4
3.272397167E1,-1.728051342E-3,-4.539782822E-4,-1.934305765E-3
3.273402667E1,-4.282171372E-3,1.652312640E-4,5.706055090E-4
3.274408167E1,1.366126817E-3,1.136752428E-3,-1.385220326E-3
3.275413767E1,1.549190376E-3,-1.211367315E-3,1.803789753E-3
3.276419267E1,2.751874039E-3,5.116979592E-4,4.162825644E-4
3.277424767E1,-8.266368532E-4,9.555403376E-4,4.303180613E-4
3.278430267E1,2.287397394E-3,4.655186785E-4,-8.573201485E-4
3.279435767E1,2.180278301E-3,-1.904213277E-4,-8.195345290E-4
3.280441367E1,-2.033375204E-3,1.078527130E-4,1.879579388E-3
3.281446867E1,-1.942213858E-3,-1.271716552E-3,1.024784055E-3
3.282452367E1,-3.858641139E-5,1.164543210E-3,-2.160356846E-3
3.283457867E1,3.985583025E-4,1.602174714E-3,-8.393661119E-4
3.284463367E1,7.932387525E-4,1.004295074E-3,6.075291894E-4
3.285468867E1,2.612420358E-3,6.512926193E-4,8.305069059E-6
3.286474467E1,-3.422918962E-5,-1.246742322E-3,4.695644602E-4
3.287479967E1,2.576302504E-3,-2.379417885E-3,1.131868921E-4
3.288485467E1,1.260967460E-3,-8.251970867E-4,-9.906711057E-5
3.289490967E1,-3.823485167E-4,-6.152860587E-4,6.580068730E-4
3.290496467E1,-1.147741103E-3,6.736838841E-4,2.100907732E-3
3.291502054E1,-1.481054118E-3,-1.845820225E-3,2.443384845E-3
3.292507554E1,5.798655911E-5,-1.810782414E-4,9.994194843E-4
3.293513054E1,-1.031942782E-3,-1.237202901E-3,1.143836416E-4
3.294518554E1,-1.744338311E-3,1.555387746E-3,-1.266465057E-3
3.295524054E1,-1.615780639E-3,1.146780909E-3,-8.704909123E-4
3.296529654E1,1.647923375E-3,-3.776124795E-4,9.516440332E-4
3.297535154E1,-1.026809681E-3,1.098208013E-4,-1.553165726E-3
3.298540654E1,1.485616434E-3,1.702745503E-4,-6.040153094E-4
3.299546154E1,-7.925753598E-4,5.147405900E-4,-1.415061764E-3
3.300551654E1,-2.156380098E-3,6.428385968E-4,2.933563665E-4
3.301557154E1,-8.542062133E-4,3.972140257E-4,-1.763351727E-3
3.302562754E1,-2.667129156E-4,-1.211068942E-3,6.268350407E-4
3.303568254E1,-5.336788017E-4,3.958800517E-4,1.099452376E-3
3.304573754E1,-1.641021227E-3,4.171853361E-4,2.690691501E-3
3.305579254E1,-2.211901301E-4,-6.929042866E-4,6.761197001E-4
3.306584754E1,1.476575038E-3,-6.013717211E-5,5.847732536E-4
3.307590354E1,-1.103620278E-3,9.472142847E-5,3.060037270E-4
3.308595854E1,-1.070597093E-3,1.164779533E-3,-1.090557780E-3
3.309601354E1,4.036136379E-4,-7.894028677E-4,-8.527236059E-4
3.310606854E1,1.035581809E-3,-9.420019342E-4,-1.181091648E-3
3.311612354E1,-1.158953877E-3,5.198542494E-4,4.747183993E-5
3.312617954E1,-1.243158476E-4,-1.221054117E-3,1.481389627E-4
3.313623454E1,-2.827444114E-4,3.596101014E-4,1.588333398E-4
3.314628954E1,1.507166075E-3,1.907656842E-4,-9.319973178E-4
3.315634454E1,-1.245442661E-3,1.552672475E-4,-1.826938707E-3
3.316639954E1,6.323462003E-5,-2.064477652E-3,5.661780015E-4
3.317645454E1,-3.299674427E-4,-9.179954650E-4,-7.696673274E-4
3.318651054E1,-4.410212568E-4,-7.004152285E-4,-5.017532967E-4
3.319656554E1,1.562342979E-3,-7.484283415E-4,1.097211614E-3
3.320662054E1,9.396959795E-4,5.957469693E-5,-6.152009591E-4
3.321667554E1,-1.059521222E-3,1.010546694E-3,-9.024888277E-4
3.322673054E1,-1.278699376E-3,1.903238357E-3,-2.984548220E-3
3.323678654E1,1.601604512E-3,-1.082036062E-3,-4.241210409E-4
3.324684154E1,-1.801382750E-3,-2.582634625E-5,-2.936259843E-4
3.325689654E1,1.464094850E-3,-2.075877273E-3,-1.059772912E-3
3.326695154E1,-2.700899495E-5,-3.536323493E-5,-1.863248646E-3
3.327700654E1,5.981100257E-4,-1.560397679E-3,-3.481800668E-4
3.328706254E1,7.312680827E-4,-1.575311413E-3,-3.098305315E-4
3.329711754E1,6.610293640E-4,9.101978503E-4,-4.541664384E-4
3.330717254E1,1.577156829E-3,1.455879537E-3,1.405784860E-3
3.331722754E1,3.776756057E-4,-1.181805623E-3,-1.173102297E-3
3.332728254E1,2.364127431E-3,-2.023630776E-3,-2.096952870E-3
3.333733754E1,1.637601526E-3,3.795261146E-4,2.841567621E-4
3.334739354E1,-2.034098608E-3,3.307902953E-4,5.944152363E-4
3.335744854E1,-8.785746177E-4,-5.936314119E-4,-7.795481943E-4
3.336750354E1,-6.924196496E-4,-9.067560313E-6,-1.316441223E-3
3.337755854E1,-3.164439928E-3,-1.199048711E-3,-6.446382031E-5
3.338761354E1,4.111201270E-4,-6.871890510E-4,3.182324581E-4
3.339766954E1,4.257980618E-4,-9.762518457E-4,-9.568417445E-4
3.340772454E1,-7.625044091E-4,3.681118833E-4,9.989836253E-4
3.341777954E1,5.357135669E-4,-5.121429567E-4,-7.386533543E-4
3.342783454E1,2.158679272E-4,-2.422161866E-3,1.431290526E-3
3.343788954E1,2.409808803E-5,-1.952081366E-4,-6.642332301E-4
3.344794554E1,-3.074654960E-4,2.769703278E-4,1.738204621E-3
3.345800054E1,-1.006225240E-3,-7.062822115E-4,-9.673917666E-4
3.346805554E1,4.095112381E-4,-1.038644696E-3,2.483413555E-4
3.347811054E1,-2.081738086E-3,-7.536666235E-4,1.110737678E-3
3.348816554E1,4.852829734E-4,-3.624481906E-4,1.002880279E-3
3.349822154E1,-1.824899693E-3,9.136184235E-5,-3.875358962E-4
3.350827654E1,-1.848867978E-3,-5.227631191E-4,5.188537762E-5
3.351833154E1,-9.427283658E-5,2.027871960E-4,2.068762202E-3
3.352838654E1,1.125987619E-3,5.492644850E-4,1.603416167E-4
3.353844154E1,1.888451166E-3,-1.365728676E-3,-2.348609269E-4
3.354849754E1,-1.369393780E-3,-7.041995414E-4,6.663524546E-4
3.355855254E1,-1.323481556E-3,-8.353088051E-4,2.544266172E-4
3.356860754E1,-1.247048844E-3,1.475516008E-3,-3.431867808E-4
3.357866254E1,-1.086311182E-3,2.785298566E-4,-3.671234706E-3
3.358871754E1,-1.578729600E-3,-7.816745783E-4,2.808962017E-4
3.359877254E1,1.859607291E-3,7.780054584E-4,-3.024470061E-6
3.360882854E1,3.930044768E-4,-1.039069379E-3,5.706526339E-3
3.361888354E1,-5.212583346E-4,-7.690485218E-4,1.986823045E-4
3.362893854E1,2.075057477E-3,8.333755541E-4,8.466294967E-4
3.363899354E1,-2.961392747E-3,1.510379370E-2,2.549813129E-3
3.364904854E1,2.026974456E-3,1.103528216E-2,-1.120288856E-3
3.365910454E1,7.025837549E-4,1.600793563E-2,7.896294817E-3
3.366915954E1,3.951906692E-3,1.631126925E-2,9.380720556E-2
3.367921454E1,5.421994720E-4,7.044191472E-3,4.940116704E-1
3.368926954E1,-8.204544429E-5,1.774690300E-2,1.064021826E0
3.369932454E1,9.101416217E-4,1.079130173E-2,1.497099280E0
3.370938054E1,4.949624185E-3,1.284007169E-2,3.855275810E-1
3.371943554E1,6.420836784E-3,2.807436883E-2,-1.033634782E0
3.372949054E1,1.595734991E-2,2.081033029E-2,-9.977580905E-1
3.373954554E1,2.222176641E-2,3.739513084E-2,-3.443167508E-1
3.374960054E1,7.797025144E-2,1.722008884E-1,-2.347085178E-1
3.375965654E1,2.607060373E-1,6.704571247E-1,-5.471989512E-1
3.376971154E1,2.176507264E-1,9.811095595E-1,-1.138119340E0
3.377976654E1,1.543311179E-1,1.253349304E0,-1.549202442E0
3.378982154E1,1.991603673E-1,6.398749352E-1,-1.866918087E0
3.379987654E1,2.358825356E-1,1.159180105E-1,-1.942252517E0
3.380993254E1,2.324427962E-1,6.128059700E-2,-1.770045638E0
3.381998754E1,2.437410504E-1,4.299182072E-2,-1.414399147E0
3.383004254E1,3.516395688E-1,-1.744305044E-1,-9.944301844E-1
3.384009754E1,3.115126491E-1,3.671327978E-2,-7.264681458E-1
3.385015254E1,3.349439502E-1,8.782082796E-1,-5.975519419E-1
3.386020754E1,2.778391540E-1,2.004534245E0,-6.018527150E-1
3.387026354E1,2.805808783E-1,2.914643764E0,-8.265920877E-1
3.388031854E1,-7.789238542E-2,2.734120607E0,-1.159512758E0
3.389037354E1,-3.092717826E-1,2.828288078E0,-1.496227980E0
3.390042854E1,-1.353857517E-1,3.518638849E0,-1.185993195E0
3.391048354E1,-1.908685267E-2,4.465618610E0,-6.920756698E-1
3.392054025E1,-1.254961640E-1,5.216684818E0,-7.504834533E-1
3.393059525E1,-3.989135921E-1,5.871135712E0,-1.111152649E0
3.394065025E1,-6.460319161E-1,6.082776070E0,-1.547325253E0
3.395070525E1,-9.828339219E-1,6.075730801E0,-2.094704151E0
3.396076025E1,-1.466156721E0,5.986625195E0,-2.558933496E0
3.397081625E1,-1.963092923E0,5.974556923E0,-2.807718992E0
3.398087125E1,-2.441525221E0,5.818902493E0,-2.826630831E0
3.399092625E1,-2.900957346E0,5.155536652E0,-2.680289507E0
3.400098125E1,-3.371747255E0,4.067247868E0,-2.670559883E0
3.401103625E1,-3.616474867E0,2.831079483E0,-2.584564924E0
3.402109225E1,-3.372138739E0,1.680752158E0,-2.499826670E0
3.403114725E1,-2.883366585E0,6.966679692E-1,-2.476102114E0
3.404120225E1,-2.378693819E0,7.735381275E-2,-2.452243090E0
3.405125725E1,-1.918101192E0,-2.016527951E-1,-2.408558846E0
3.406131225E1,-1.577174306E0,-2.927305102E-1,-2.285982847E0
3.407136825E1,-1.411723852E0,-3.078373075E-1,-2.214924574E0
3.408142325E1,-1.447678566E0,-3.710153699E-1,-2.060025930E0
3.409147825E1,-1.479355574E0,-2.820988297E-1,-1.845319033E0
3.410153325E1,-1.367685676E0,-6.684046239E-2,-1.622990847E0
3.411158825E1,-1.162771344E0,1.206266358E-1,-1.404317379E0
3.412164425E1,-8.727614880E-1,1.346554309E-1,-1.205457807E0
3.413169925E1,-5.716552138E-1,4.941830412E-2,-1.142758250E0
3.414175425E1,-4.420406222E-1,-1.192998439E-1,-1.169385195E0
3.415180925E1,-5.096348524E-1,-2.133653611E-1,-1.201372981E0
3.416186425E1,-6.404687166E-1,-1.659982353E-1,-1.150007248E0
3.417191925E1,-8.110369444E-1,-7.758421451E-2,-9.688424468E-1
3.418197525E1,-8.921663165E-1,6.494823843E-3,-6.946055889E-1
3.419203025E1,-9.013179541E-1,-6.500626355E-2,-4.476380944E-1
3.420208525E1,-8.953402042E-1,-8.294326663E-1,-3.991006017E-1
3.421214025E1,-9.095865488E-1,-1.051898718E0,-4.333509803E-1
3.422219625E1,-7.534886003E-1,-1.185004115E0,-4.690770805E-1
3.423225125E1,-4.378494322E-1,-6.494002789E-2,-4.118382633E-1
3.424230625E1,-6.947830915E-1,5.310261250E-1,-1.001559272E-1
3.425236125E1,-9.401217699E-1,9.320918322E-1,-3.311643749E-2
3.426241625E1,-1.087539792E0,1.083068371E0,-2.920997515E-2
3.427247225E1,-1.074015141E0,8.334337473E-1,-3.899293952E-3
3.428252725E1,-1.000330329E0,2.278749347E-1,5.106475949E-2
3.429258225E1,-8.738759756E-1,-3.069067001E-1,1.122463644E-1
3.430263725E1,-6.297779083E-1,-6.750150919E-1,9.680180997E-2
3.431269225E1,-2.688325047E-1,-6.980751753E-1,5.444823205E-2
3.432274825E1,7.681408525E-2,-6.529435515E-1,5.303944275E-2
3.433280325E1,2.822822928E-1,-4.899208248E-1,1.770165116E-1
3.434285825E1,3.011192083E-1,-2.090689540E-1,3.212155998E-1
3.435291325E1,2.046821713E-1,3.881860152E-2,3.913997412E-1
3.436296825E1,1.357041448E-1,1.714191288E-1,3.279944360E-1
3.437302425E1,1.214546338E-1,3.473776281E-1,3.668030351E-2
3.438307925E1,3.332325816E-1,6.811938286E-1,-9.891657829E-1
3.439313425E1,6.629026532E-1,7.322085500E-1,-1.777785778E0
3.440318925E1,7.407994866E-1,1.421454072E0,-2.025232077E0
3.441324425E1,7.639271617E-1,1.471640825E0,-2.044001579E0
3.442329925E1,7.713221908E-1,1.398249149E0,-1.867545247E0
3.443335525E1,7.198795080E-1,1.237526059E0,-1.593210936E0
3.444341025E1,6.251239777E-1,1.042293191E0,-1.317159414E0
3.445346525E1,5.174838305E-1,1.110455990E0,-1.025384068E0
3.446352025E1,3.544803858E-1,1.228341937E0,-7.084961534E-1
3.447357525E1,1.192310974E-1,1.115775466E0,-9.121026844E-2
3.448363125E1,-8.407603949E-2,8.020960689E-1,5.984413624E-1
3.449368625E1,-3.408699930E-1,4.565356970E-1,1.119622588E0
3.450374125E1,-5.136976838E-1,1.604399532E-1,1.424775958E0
3.451379625E1,-5.907030106E-1,-1.237353235E-1,1.632027388E0
3.452385125E1,-7.175982594E-1,-4.997801781E-1,1.848660469E0
3.453390725E1,-8.671507239E-1,-9.201511145E-1,2.073262691E0
3.454396225E1,-1.008198619E0,-1.148965836E0,2.162116528E0
3.455401725E1,-1.112462401E0,-1.179417253E0,2.064754963E0
3.456407225E1,-1.095329881E0,-1.106166840E0,1.862252951E0
3.457412725E1,-9.409555793E-1,-9.964483380E-1,1.655979395E0
3.458418325E1,-7.016794682E-1,-8.544476628E-1,1.454625010E0
3.459423825E1,-4.455437958E-1,-7.769211531E-1,1.258514643E0
3.460429325E1,-2.284806967E-1,-8.987614512E-1,1.076629400E0
3.461434825E1,-5.413153395E-2,-1.117263913E0,9.259715080E-1
3.462440325E1,9.786055237E-2,-1.266495228E0,7.823533416E-1
3.463445925E1,2.341821790E-1,-1.422826290E0,6.610798836E-1
3.464451425E1,3.178853989E-1,-1.523518682E0,5.786736608E-1
3.465456925E1,3.729904592E-1,-1.516644835E0,5.393441319E-1
3.466462425E1,4.085286856E-1,-1.438263535E0,5.252963305E-1
3.467467925E1,4.325197935E-1,-1.334041476E0,5.012394786E-1
3.468473525E1,4.508218467E-1,-1.219056368E0,4.699884057E-1
3.469479025E1,4.291756749E-1,-1.174136877E0,4.430997968E-1
3.470484525E1,3.799875081E-1,-1.206573248E0,4.456079006E-1
3.471490025E1,2.541614175E-1,-1.151980758E0,4.399151206E-1
3.472495525E1,1.175682172E-1,-1.175211072E0,3.954866827E-1
3.473501125E1,2.484148182E-2,-1.205014229E0,3.360388279E-1
3.474506625E1,-9.664586745E-3,-1.145036340E0,2.780646384E-1
3.475512125E1,3.092220519E-3,-1.016458631E0,2.077033967E-1
3.476517625E1,5.136275291E-2,-8.840987086E-1,1.272638142E-1
3.477523125E1,9.490916878E-2,-7.213446498E-1,6.581057608E-2
3.478528725E1,1.071023494E-1,-5.254058838E-1,2.276870608E-2
3.479534225E1,1.007107645E-1,-3.984745741E-1,-1.456987672E-2
3.480539725E1,9.381552786E-2,-3.103077114E-1,-5.014586076E-2
3.481545225E1,1.002222970E-1,-2.622213960E-1,-8.282285184E-2
3.482550725E1,1.318614483E-1,-2.696830630E-1,-9.139449894E-2
3.483556325E1,1.877691895E-1,-2.911265492E-1,-4.879270867E-2
3.484561825E1,2.320165038E-1,-2.814957798E-1,2.082403377E-2
3.485567325E1,2.414344996E-1,-2.813221216E-1,7.818905264E-2
3.486572825E1,2.012599558E-1,-2.732073367E-1,1.227243021E-1
3.487578325E1,1.373853683E-1,-2.673774064E-1,1.635020822E-1
3.488583925E1,1.424697042E-1,-3.776413798E-1,2.209566087E-1
3.489589425E1,1.874885857E-1,-3.479069173E-1,3.611270487E-1
3.490594925E1,1.273995638E-1,-2.198233604E-1,4.465580881E-1
3.491600375E1,1.540751383E-2,-1.458061337E-1,4.486172497E-1
3.492605875E1,-4.945799336E-2,-6.347475201E-2,4.016480446E-1
3.493611475E1,-7.425494492E-2,-2.774099261E-2,3.225718439E-1
3.494616975E1,-1.118489504E-1,-9.690891020E-3,2.170000821E-1
3.495622475E1,-2.062960863E-1,3.259904310E-2,4.492872208E-2
3.496627975E1,-3.028536439E-1,1.471789330E-1,-1.627890617E-1
3.497633575E1,-3.649524450E-1,3.110440075E-1,-3.384434581E-1
3.498639075E1,-3.723198771E-1,4.429403245E-1,-4.416233003E-1
3.499644575E1,-3.052798808E-1,4.962789118E-1,-4.521923065E-1
3.500650075E1,-1.983244270E-1,4.733102024E-1,-3.536898792E-1
3.501655575E1,-1.033779383E-1,4.185447097E-1,-1.893211603E-1
3.502661175E1,-6.283937395E-2,3.082200289E-1,-1.002219971E-2
3.503666675E1,-7.987694442E-2,1.606705189E-1,1.535121351E-1
3.504672175E1,-1.252935678E-1,4.759498686E-2,3.013721704E-1
3.505677675E1,-1.583915949E-1,-3.718035668E-2,4.028623104E-1
3.506683175E1,-1.344082057E-1,-9.984118491E-2,4.242400229E-1
3.507688775E1,-5.034312233E-2,-1.356537789E-1,3.590413034E-1
3.508694275E1,4.365173727E-2,-1.249921694E-1,2.564645708E-1
3.509699775E1,1.351331919E-1,-8.315098286E-2,1.922783703E-1
3.510705275E1,1.739361137E-1,-8.897484280E-3,1.954818070E-1
3.511710775E1,1.050276160E-1,3.939894214E-2,2.273899317E-1
3.512716375E1,-5.546042696E-2,2.185712941E-2,2.408315837E-1
3.513721875E1,-2.594811916E-1,-1.985383220E-2,2.166029364E-1
3.514727375E1,-4.438201487E-1,-2.865078487E-2,1.481538415E-1
3.515732875E1,-5.580183268E-1,-3.429641947E-2,3.751335293E-2
3.516738375E1,-6.128433347E-1,-2.737260237E-2,-8.560435474E-2
3.517743975E1,-6.222229600E-1,1.869173255E-3,-1.740846783E-1
3.518749475E1,-6.083363891E-1,5.923267826E-2,-2.150672972E-1
3.519754975E1,-6.043952107E-1,1.217570379E-1,-2.282243818E-1
3.520760475E1,-5.864634514E-1,1.542152762E-1,-2.257906348E-1
3.521765975E1,-5.426158309E-1,1.137759909E-1,-1.937224567E-1
3.522771575E1,-6.352138519E-1,-6.723660231E-1,1.569440365E-1
3.523777075E1,-4.081067145E-1,-4.929866493E-1,7.553344965E-1
3.524782575E1,2.318160405E-4,-5.148819685E-1,9.785366058E-1
3.525788075E1,3.944869637E-1,-3.892979324E-1,8.609650135E-1
3.526793575E1,5.693342090E-1,-2.647100985E-1,4.547162950E-1
3.527799175E1,3.807738721E-1,-9.271944314E-2,3.894196823E-2
3.528804675E1,1.159943864E-1,8.503171057E-2,-1.682203263E-1
3.529810175E1,-1.880467385E-1,1.010301113E-1,-2.666296959E-1
3.530815675E1,-4.728495181E-1,1.451972872E-1,-2.955250442E-1
3.531821175E1,-6.935065389E-1,2.196275741E-1,-3.340474069E-1
3.532826775E1,-8.025124073E-1,2.935500145E-1,-4.129951000E-1
3.533832275E1,-8.140923977E-1,3.622699380E-1,-4.370231926E-1
3.534837775E1,-7.996450067E-1,2.802929580E-1,-2.823511660E-1
3.535843275E1,-7.867513299E-1,-5.528761148E-1,-5.834257603E-2
3.536848775E1,-5.944181979E-2,4.110192060E-1,2.058880329E-1
3.537854375E1,3.142412305E-1,1.956467032E-1,2.830345035E-1
3.538859875E1,4.750463068E-1,2.254678458E-1,3.421217501E-1
3.539865375E1,5.441563725E-1,1.574584395E-1,3.452751935E-1
3.540870875E1,5.059455633E-1,8.893978782E-3,2.861698568E-1
3.541876375E1,4.861750603E-1,-4.195268825E-2,1.841587722E-1
3.542881975E1,4.214665890E-1,3.818901256E-2,2.833289094E-2
3.543887475E1,3.181023896E-1,1.594725549E-1,-1.256119311E-1
3.544892975E1,2.162991017E-1,2.226070613E-1,-2.248540223E-1
3.545898475E1,1.733662784E-1,2.652440071E-1,-2.914074659E-1
3.546903975E1,1.596814096E-1,2.788614035E-1,-2.952956557E-1
3.547909575E1,1.894638091E-1,3.147834539E-1,-2.745371163E-1
3.548915075E1,2.207267433E-1,3.512212634E-1,-2.702961564E-1
3.549920575E1,2.993033230E-1,3.886304200E-1,-3.416182697E-1
3.550926075E1,4.142552316E-1,4.130081236E-1,-4.511066079E-1
3.551931675E1,5.133631229E-1,3.600996435E-1,-5.292144418E-1
3.552937175E1,5.866798162E-1,3.274717629E-1,-5.532671213E-1
3.553942675E1,6.465641856E-1,3.742629588E-1,-5.002968311E-1
3.554948175E1,6.853147745E-1,3.557790220E-1,-3.918201625E-1
3.555953675E1,6.471655369E-1,3.039278090E-1,-3.062956631E-1
3.556959275E1,5.591368079E-1,3.130815923E-1,-2.789218128E-1
3.557964775E1,4.863837361E-1,3.260522485E-1,-2.839096189E-1
3.558970275E1,4.301632643E-1,3.751827776E-1,-2.486336231E-1
3.559975775E1,3.174455166E-1,4.005970657E-1,-1.718522906E-1
3.560981275E1,1.514241695E-1,3.910316825E-1,-7.419259101E-2
3.561986875E1,-6.845359690E-3,4.074774981E-1,1.301128976E-2
3.562992375E1,-2.118228227E-1,5.497551560E-1,3.019079864E-1
3.563997875E1,-4.035946429E-1,5.636989474E-1,6.307588220E-1
3.565003375E1,-5.443290472E-1,4.150444269E-1,6.879293323E-1
3.566008875E1,-6.838254333E-1,3.501506448E-1,5.446071029E-1
3.567014475E1,-1.011598349E0,1.015168056E-1,3.183500767E-1
3.568019975E1,-1.242681146E0,3.237354755E-1,3.266234696E-1
3.569025475E1,-1.164175272E0,3.631902635E-1,4.603762627E-1
3.570030975E1,-9.163105488E-1,1.742712259E-1,4.421599805E-1
3.571036475E1,-4.476734102E-1,1.958303452E-1,2.194972485E-1
3.572042075E1,1.558199078E-1,3.151372969E-1,-1.310250908E-1
3.573047575E1,7.050117254E-1,4.634042084E-1,-4.604518712E-1
3.574053075E1,9.373850822E-1,4.052596688E-1,-5.639902353E-1
3.575058575E1,8.652602434E-1,2.257719487E-1,-3.440561891E-1
3.576064075E1,5.598814487E-1,1.008824781E-1,-3.765791655E-2
3.577069675E1,1.119123623E-1,6.804514676E-2,7.770885527E-2
3.578075175E1,-1.464446187E-1,2.678813040E-1,-1.654786989E-2
3.579080675E1,-5.084010959E-2,6.801934838E-1,-1.315041631E-1
3.580086175E1,1.994549632E-1,1.115170717E0,-4.178706184E-2
3.581091775E1,5.865526795E-1,1.517180204E0,2.457243502E-1
3.582097275E1,1.449645996E0,1.093783498E0,5.538249016E-1
3.583102775E1,2.133832932E0,2.281894833E-1,7.997664809E-1
3.584108275E1,2.510830402E0,-5.996389985E-1,7.822652459E-1
3.585113775E1,2.689696312E0,-1.666874886E0,7.742502689E-1
3.586119375E1,2.772175074E0,-2.670245647E0,8.638480306E-1
3.587124875E1,2.775799751E0,-3.221813917E0,1.056194425E0
3.588130375E1,2.562564850E0,-3.118582249E0,1.307543039E0
3.589135875E1,2.088577032E0,-2.715517759E0,1.568912983E0
3.590141375E1,1.363621473E0,-2.538266659E0,1.819109559E0
3.591146975E1,6.477082372E-1,-2.370566368E0,1.883450627E0
3.592152425E1,1.273447126E-1,-2.648602009E0,1.866959572E0
3.593157925E1,7.512985915E-2,-3.035797834E0,1.733085990E0
3.594163425E1,2.874682248E-1,-3.178095341E0,1.497326732E0
3.595168925E1,6.654931903E-1,-3.016481876E0,1.212112665E0
3.596174525E1,1.005529881E0,-2.659814596E0,9.849701524E-1
3.597180025E1,1.251482844E0,-2.092835188E0,8.597158790E-1
3.598185525E1,1.418761373E0,-1.614184856E0,8.348046541E-1
3.599191025E1,1.523212552E0,-1.449968696E0,8.631712794E-1
3.600196525E1,1.605513573E0,-1.673489332E0,8.780264258E-1
3.601202125E1,1.726345181E0,-2.227499485E0,8.870545030E-1
3.602207625E1,1.865542531E0,-2.806801081E0,8.883517385E-1
3.603213125E1,1.940876603E0,-3.144977808E0,8.175764084E-1
3.604218625E1,1.856001735E0,-3.139861584E0,7.521070838E-1
3.605224125E1,1.632793784E0,-2.769367933E0,7.298043370E-1
3.606229725E1,1.283448339E0,-2.219682455E0,7.072497606E-1
3.607235225E1,9.543403387E-1,-1.816409349E0,6.792520285E-1
3.608240725E1,9.543027878E-1,-2.135448933E0,7.214450240E-1
3.609246225E1,1.669805884E0,-4.182679176E0,4.284538031E-1
3.610251825E1,1.415219426E0,-3.513291597E0,-9.095034562E-3
3.611257325E1,1.447311878E0,-2.635993242E0,2.369366288E-1
3.612262825E1,1.394604445E0,-1.885759592E0,5.130150914E-1
3.613268325E1,1.334747672E0,-1.347476482E0,4.982759058E-1
3.614273825E1,1.116554976E0,-8.846165538E-1,3.739190698E-1
3.615279425E1,8.067398071E-1,-6.505971551E-1,2.761583328E-1
3.616284925E1,5.912783146E-1,-6.165089607E-1,1.404423267E-1
3.617290425E1,3.190977871E-1,-3.540983796E-1,1.565813720E-1
3.618295925E1,1.447286606E-1,-3.176607192E-1,2.026921362E-1
3.619301425E1,5.840181187E-2,-3.854005039E-1,1.997560412E-1
3.620307025E1,4.444658011E-2,-5.173494816E-1,1.610145122E-1
3.621312525E1,1.297525167E-1,-6.941342354E-1,1.373202205E-1
3.622318025E1,3.062202334E-1,-9.724375010E-1,1.445544362E-1
3.623323525E1,3.607972562E-1,-1.688712120E0,2.587410249E-2
3.624329025E1,-6.573495269E-1,-1.719155312E0,-2.416960895E-1
3.625334625E1,1.816135459E-2,1.142263189E-1,1.689331234E-1
3.626340125E1,-4.028277844E-2,1.094573922E-2,1.603747755E-1
3.627345625E1,-9.606186301E-2,-8.856983483E-2,5.476863310E-2
3.628351125E1,-5.512161180E-2,-2.666732483E-2,-3.409705684E-2
3.629356725E1,-7.901285589E-2,1.074209251E-2,-9.824016690E-2
3.630362225E1,-9.411297739E-2,9.202519432E-3,-2.090649493E-2
3.631367725E1,-9.082175046E-2,2.702149004E-2,-6.254818290E-2
3.632373225E1,-1.260809451E-1,-2.081926912E-2,-1.567196846E-1
3.633378725E1,-2.201899141E-1,-1.244772300E-1,-1.171143726E-1
3.634384325E1,-4.143439233E-1,-1.754714400E-1,-5.369864404E-2
3.635389825E1,-8.155983686E-1,-6.618847847E-1,1.080824062E-1
3.636395325E1,-2.466648817E-1,1.204741359E0,7.011372596E-2
3.637400825E1,1.355101764E-1,3.310647309E-1,2.385940962E-2
3.638406325E1,-2.398626320E-2,-1.166656390E-1,1.127775609E-1
3.639411925E1,-1.162066869E-2,-1.638020948E-2,1.295380443E-1
3.640417425E1,-9.780158289E-3,-1.916581532E-3,8.531493694E-2
3.641422925E1,1.505748834E-3,-8.709965274E-3,6.416245550E-2
3.642428425E1,-2.197110327E-3,-7.176783867E-3,4.283852503E-2
3.643433925E1,-4.388542380E-3,-3.960542846E-3,1.597017050E-3
3.644439525E1,2.104776679E-3,2.110399306E-3,1.625780016E-3
3.645445025E1,-1.954708016E-3,7.696604007E-5,-4.226854071E-4
3.646450525E1,6.306887954E-4,-2.644511987E-4,1.784808934E-3
3.647456025E1,1.641927985E-3,2.497710288E-3,1.496976241E-3
3.648461625E1,-4.792797554E-4,-2.426208230E-3,5.363738164E-4
3.649467125E1,1.250374597E-3,-8.198110736E-4,-4.385663196E-4
3.650472625E1,-2.035699785E-3,-1.687963959E-6,-1.586122438E-3
3.651478125E1,1.890758984E-3,-3.489147057E-4,-2.701466437E-3
3.652483625E1,-5.961008137E-4,8.958468097E-4,-1.544855535E-3
3.653489225E1,1.105644973E-3,2.909537870E-3,-2.588527743E-3
3.654494725E1,-1.614773995E-3,-9.275447228E-4,1.624859404E-3
3.655500225E1,-2.703938168E-3,-2.931553870E-3,-1.449536998E-3
3.656505725E1,-1.470371208E-4,-9.906418854E-4,1.725945622E-4
3.657511225E1,1.795263379E-4,-1.906829420E-3,8.020284586E-4
3.658516825E1,-8.947928436E-4,-2.783064265E-4,5.951006897E-4
3.659522325E1,1.298105111E-3,1.533824834E-3,3.354782239E-4
3.660527825E1,-3.191984491E-3,-1.965036150E-3,-2.988870256E-4
3.661533325E1,-1.560606062E-3,1.738914871E-4,7.000286132E-6
3.662538825E1,-3.539601108E-3,-9.379782714E-4,-1.787970308E-3
3.663544425E1,1.059283037E-3,-9.038492572E-4,-8.093449287E-4
3.664549925E1,1.369541395E-3,-2.617611317E-4,2.182183787E-3
3.665555425E1,-2.481825184E-3,-8.264834178E-4,-7.572295144E-4
3.666560925E1,-8.999074926E-4,-1.192401629E-3,1.408187207E-3
3.667566525E1,-7.569645531E-4,1.247298322E-3,1.434949227E-4
3.668572025E1,-5.524337757E-4,7.570103626E-4,1.539790072E-3
3.669577525E1,-4.478596384E-4,-1.000196906E-3,-1.178586856E-3
3.670583025E1,1.766090281E-5,-1.260387711E-3,-2.239057329E-3
3.671588525E1,2.140698343E-4,-5.889366148E-4,-9.130984545E-4
3.672594125E1,3.882405581E-4,-3.131722799E-3,-1.701660454E-3
3.673599625E1,1.853314228E-3,5.091063213E-4,1.950555015E-3
3.674605125E1,-6.141045014E-4,-4.642790300E-4,1.616328489E-3
3.675610625E1,-6.734700291E-4,7.703696028E-4,1.990683377E-4
3.676616125E1,-1.052970532E-3,3.333448840E-4,-9.018825367E-4
3.677621725E1,2.579431748E-4,1.110404497E-3,1.793731935E-4
3.678627225E1,-4.065155226E-4,-1.034642919E-4,3.713867627E-4
3.679632725E1,-7.622591220E-4,-5.981795839E-4,1.499744598E-3
3.680638225E1,1.194365323E-3,-2.693152055E-5,2.535714302E-3
3.681643825E1,-4.319812288E-4,-1.016814727E-3,6.365031004E-5
3.682649325E1,1.236489159E-3,-2.807169803E-4,1.471131109E-3
3.683654825E1,-9.709320148E-5,-1.217925106E-3,3.020893782E-4
3.684660325E1,-1.636666595E-3,-2.277618623E-4,8.030300960E-4
3.685665825E1,-8.629774675E-5,-4.412812996E-5,-4.999865778E-4
3.686671425E1,1.717625710E-4,-1.506203553E-3,-4.842737690E-4
3.687676925E1,-1.355932443E-3,8.621978923E-4,-4.600519314E-4
3.688682425E1,3.042011755E-3,5.625922931E-4,1.513350755E-3
3.689687925E1,1.406031894E-3,2.309625968E-3,3.247815184E-4
3.690693425E1,2.307789546E-4,-4.621921107E-4,1.641981304E-3
3.691699050E1,-2.032245975E-4,-1.005181577E-3,-6.325934082E-4
3.692704550E1,-4.141469835E-4,1.398587599E-3,-2.326097805E-3
3.693710050E1,1.936496585E-3,-2.034982899E-3,1.102636103E-3
3.694715550E1,2.491233172E-3,-1.151079778E-3,-2.527252771E-3
3.695721150E1,1.772795105E-3,3.210581781E-4,1.113492996E-3
3.696726650E1,1.151745906E-3,7.109449944E-4,-1.348599792E-3
3.697732150E1,-1.007247018E-3,-1.995000523E-3,-4.108576104E-5
3.698737650E1,3.092156723E-3,1.662052120E-3,-2.858443651E-3
3.699743150E1,1.327058126E-4,-1.844466315E-4,-1.430197619E-3
3.700748750E1,-1.466597605E-4,1.563918660E-3,6.577465683E-6
3.701754250E1,6.703839754E-4,1.015653834E-3,1.713417005E-3
3.702759750E1,5.915543879E-4,4.515963956E-4,4.100674298E-3
3.703765250E1,7.320021978E-4,1.096455846E-3,-6.912262179E-4
3.704770750E1,-8.239242015E-5,-1.249256427E-3,-6.739157252E-4
3.705776350E1,1.011011540E-3,1.239545178E-3,4.301918671E-5
3.706781850E1,-1.081434079E-3,3.772211494E-3,9.700655937E-4
3.707787350E1,4.995829077E-4,2.559812739E-3,2.806173638E-3
3.708792850E1,1.573103131E-3,2.732119057E-3,-2.329998184E-3
3.709798450E1,6.416385295E-4,-2.011134522E-3,-7.333229296E-4
3.710803950E1,1.102099079E-3,1.664294046E-3,-1.210295130E-3
3.711809450E1,3.800413571E-3,5.135118845E-4,1.121489331E-4
3.712814950E1,-1.661729766E-3,2.965750638E-3,-1.504383981E-4
3.713820450E1,4.719505087E-4,2.600721084E-3,-2.410239540E-4
3.714826050E1,2.149554784E-4,1.562887104E-3,6.410148926E-4
3.715831550E1,-4.585515999E-4,-5.282171187E-4,1.028572675E-3
3.716837050E1,-5.208695075E-4,1.697120257E-3,-6.233863533E-4
3.717842550E1,-9.900629520E-4,-1.654776861E-3,1.080642454E-3
3.718848050E1,7.074359455E-4,8.161041187E-4,-3.689164296E-4
3.719853650E1,4.476567265E-4,5.162369343E-4,-8.138408884E-4
3.720859150E1,-8.122848230E-4,6.296692300E-5,-3.630666295E-3
3.721864650E1,6.168909604E-4,7.452481659E-4,1.857222058E-3
3.722870150E1,3.922939301E-3,-7.633698988E-5,-9.114667773E-5
3.723875650E1,-5.442256224E-4,-6.124503561E-4,9.401123971E-4
3.724881250E1,-1.139442204E-3,-6.140482146E-4,-1.661795657E-3
3.725886750E1,3.568246029E-5,7.081044605E-4,-6.695524789E-4
3.726892250E1,3.274618881E-3,-1.091393409E-3,6.742784753E-4
3.727897750E1,1.388008939E-3,1.259222161E-3,-2.938693389E-3
3.728903350E1,1.372562605E-3,-9.714415064E-4,-1.717900392E-3
3.729908850E1,-2.256710315E-3,-2.345179673E-3,2.804627642E-3
3.730914350E1,-1.350969193E-3,-1.050617080E-3,1.071176492E-3
3.731919850E1,-1.030308660E-3,1.893915702E-3,1.180918422E-3
3.732925350E1,-1.036700211E-3,-9.937498253E-4,2.754442394E-4
3.733930950E1,-8.251863183E-4,2.232832776E-4,1.021803822E-3
3.734936450E1,4.163793346E-4,-8.824611432E-4,-2.123052254E-4
3.735941950E1,7.505842950E-5,-1.941075316E-3,1.399319153E-3
3.736947450E1,2.568043303E-3,1.162839122E-3,6.893202662E-4
3.737952950E1,-1.038980437E-3,6.284789415E-4,5.144122988E-4
3.738958550E1,-8.016927168E-4,5.310071865E-4,6.885826588E-4
3.739964050E1,8.880675305E-4,1.174357021E-3,5.309507251E-4
3.740969550E1,1.668118057E-5,-9.300729143E-4,-6.459001452E-4
3.741975050E1,2.560378518E-3,-1.076061628E-3,-8.456809446E-4
3.742980650E1,-2.868070733E-4,3.442022135E-4,-4.278309643E-4
3.743986150E1,-8.631100063E-4,4.231717321E-4,-5.823508836E-4
3.744991650E1,-6.066476344E-4,-1.915616216E-3,-2.840766683E-4
3.745997150E1,-1.124655944E-3,-3.831346403E-4,-3.117071465E-4
3.747002650E1,-5.981490249E-4,-3.620956559E-4,-5.250265822E-4
3.748008250E1,-2.291722340E-4,-1.012832974E-3,8.147810586E-4
3.749013750E1,-9.201944340E-5,-1.915378263E-3,-2.369028050E-3
3.750019250E1,3.016542876E-3,7.432842394E-4,1.314330380E-3
3.751024750E1,-5.523033906E-7,7.536343765E-5,-2.004751004E-4
3.752030350E1,-2.095609671E-3,-3.383685835E-3,-9.560529143E-4
3.753035850E1,-1.343799289E-3,1.445424161E-3,1.321748365E-3
3.754041350E1,-8.190605440E-4,1.700259745E-3,-1.126579940E-3
3.755046850E1,-8.755195304E-4,7.519889914E-5,-6.384225562E-4
3.756052350E1,-6.526812213E-4,-9.045492625E-4,-6.307633594E-4
3.757057950E1,-1.329656807E-3,-1.761746535E-4,1.941051334E-3
3.758063450E1,9.389988845E-4,-8.002236718E-4,1.060807612E-3
3.759068950E1,1.131811761E-3,6.884833565E-4,7.548104040E-4
3.760074450E1,-1.552089117E-3,-1.070742728E-3,-4.265317693E-5
3.761080050E1,6.290398305E-4,1.093038591E-4,1.972294878E-3
3.762085550E1,-5.546398461E-4,5.064561265E-4,1.017203555E-3
3.763091050E1,-6.683568354E-4,-6.703947438E-4,9.695328772E-4
3.764096550E1,1.460724452E-4,9.072078683E-5,-2.691445407E-3
3.765102050E1,2.177114802E-4,1.648936421E-3,3.394982778E-4
3.766107650E1,-9.931235109E-4,-6.566095981E-4,7.490548305E-4
3.767113150E1,2.654608339E-3,7.283021114E-5,6.832750514E-4
3.768118650E1,1.839273376E-3,-5.346072721E-4,2.248124219E-4
3.769124150E1,8.957643877E-5,1.094448380E-3,-7.770685479E-4
3.770129650E1,-1.532757538E-3,4.165500286E-5,6.236163899E-4
3.771135250E1,1.782878069E-3,7.540505612E-4,-7.212799974E-4
3.772140750E1,-2.195069566E-3,-1.238036202E-3,1.349375118E-3
3.773146250E1,5.940591800E-4,1.699430635E-3,-5.465294234E-4
3.774151750E1,1.346772071E-3,7.910325075E-4,-1.880816184E-3
3.775157350E1,-1.155001461E-3,4.091352457E-4,-9.095612913E-4
3.776162850E1,-5.981494323E-4,7.223840803E-4,1.675882377E-4
3.777168350E1,-1.369400881E-3,3.607386490E-3,-1.274247188E-3
3.778173850E1,5.775569589E-4,1.783136977E-3,1.757421065E-3
3.779179350E1,4.467957770E-4,-6.477964926E-4,6.162566133E-4
3.780184950E1,-3.561494814E-4,2.588369534E-5,1.510039438E-3
3.781190450E1,1.205563603E-4,-9.056900744E-4,-9.041163139E-4
3.782195950E1,5.284803337E-4,-4.144568811E-4,-1.938368659E-3
3.783201450E1,2.861326502E-4,5.666516954E-4,-1.351674553E-3
3.784206950E1,-2.957093820E-4,-3.394459607E-3,-5.205175839E-4
3.785212550E1,-9.343354031E-4,2.018731611E-4,1.334107947E-3
3.786218050E1,-1.134711551E-3,-2.082501596E-4,1.141109969E-3
3.787223550E1,1.160400687E-3,3.640631330E-4,2.243924420E-3
3.788229050E1,-5.932918284E-4,2.078932012E-4,-3.763060085E-4
3.789234650E1,-1.011940651E-3,7.959191571E-4,-1.298026182E-3
3.790240150E1,2.180937212E-3,-4.750970402E-5,-3.011006862E-3
3.791245650E1,-4.292269878E-4,3.751339391E-4,-1.501793507E-3
3.792251142E1,8.072301280E-4,5.755779566E-4,3.411029465E-4
3.793256642E1,5.454414058E-4,-3.216410696E-4,1.724881120E-3
3.794262242E1,1.000042248E-4,-2.858035150E-4,8.083949797E-4
3.795267742E1,-9.479496512E-4,-9.577190503E-4,-1.185514033E-3
3.796273242E1,-1.024927595E-3,1.193253556E-3,4.120669328E-4
3.797278742E1,-2.782613738E-3,-1.006251201E-3,-6.955419667E-4
3.798284342E1,1.854139613E-3,-2.008668380E-3,1.002914272E-3
3.799289842E1,2.108587069E-5,4.592828627E-4,8.537773974E-4
3.800295342E1,-6.804247969E-4,-2.223460702E-3,3.273873590E-4
3.801300842E1,-9.938788135E-4,-2.125078463E-4,3.345781006E-4
3.802306342E1,-1.154993894E-3,-2.160385950E-3,-1.925323624E-3
3.803311942E1,-2.812108141E-4,3.749434254E-4,-4.315562546E-4
3.804317442E1,2.731763991E-3,-9.906903142E-4,-5.022147670E-4
3.805322942E1,2.414421324E-4,-7.621911354E-4,6.498689763E-4
3.806328442E1,-2.182173310E-3,4.999863449E-4,-8.940449916E-4
3.807334042E1,-9.392761276E-4,-5.429075100E-4,3.773476928E-4
3.808339542E1,1.866925857E-3,-3.437275998E-3,-1.393062994E-4
3.809345042E1,-6.327171577E-4,-1.134174294E-3,-9.140199982E-4
3.810350542E1,-1.112625236E-3,-1.905441284E-3,-7.287501357E-4
3.811356042E1,3.009806096E-4,-1.072749583E-4,4.377146251E-4
3.812361642E1,-3.122904163E-4,2.688962035E-3,-2.591746394E-3
3.813367142E1,-9.096374270E-4,9.728210280E-4,-6.684111431E-4
3.814372642E1,-9.319202509E-4,-2.038111124E-4,2.463660203E-4
3.815378142E1,-2.573416277E-4,-2.120754449E-3,-1.043935772E-3
3.816383642E1,-1.330597093E-3,-2.065080684E-3,1.158459578E-3
3.817389242E1,1.758403378E-3,5.932287604E-5,1.404802781E-3
3.818394742E1,-8.767257677E-4,7.293836679E-4,-1.055336092E-3
3.819400242E1,-4.002863134E-4,3.735853825E-4,9.199306369E-4
3.820405742E1,-1.746893628E-3,2.782035852E-3,6.899796426E-4
3.821411342E1,-9.945505299E-4,-1.453721663E-3,6.606848910E-4
3.822416842E1,-1.143139438E-3,-6.441455334E-4,-2.497751266E-4
3.823422342E1,3.889770887E-4,1.859617914E-4,-1.895874739E-4
3.824427842E1,-3.371858620E-4,-5.693854764E-4,2.193744294E-4
3.825433342E1,-6.690157461E-4,-2.466103178E-4,2.994122449E-3
3.826438942E1,-4.311354423E-4,8.676084108E-4,-1.394632272E-3
3.827444442E1,1.212567557E-3,-2.175053116E-3,-2.486743033E-4
3.828449942E1,-1.130405464E-3,3.414030652E-5,7.386691868E-5
3.829455442E1,5.124985473E-4,3.073073225E-3,-1.232413575E-3
3.830461042E1,-4.272075603E-4,-1.576250361E-4,-5.297833122E-4
3.831466542E1,1.397057669E-3,-2.333960263E-3,2.181048505E-3
3.832472042E1,7.491593715E-4,-3.830116475E-4,-5.252743140E-4
3.833477542E1,-2.122260863E-3,-1.227766275E-3,2.888538875E-4
3.834483042E1,-4.742851597E-4,-1.932709944E-3,2.384445630E-3
3.835488642E1,1.927886158E-3,-4.740965669E-4,-1.863036305E-4
3.836494142E1,1.278933603E-3,-1.574315596E-3,2.096789889E-3
3.837499642E1,7.737319102E-4,1.106664349E-4,-1.914995722E-3
3.838505142E1,-3.031023778E-3,5.485103466E-4,-1.096098218E-3
3.839510742E1,-6.328472518E-4,-5.223467015E-4,-3.737953724E-3
3.840516242E1,-9.624838713E-4,-1.800153404E-3,1.994774677E-3
3.841521742E1,-1.054786262E-4,-2.379923593E-3,4.232437350E-4
3.842527242E1,5.270490074E-4,-3.756888036E-4,1.963719260E-3
3.843532742E1,-1.298547955E-3,-5.397394998E-4,-3.963736817E-4
3.844538342E1,-1.989078708E-3,-9.803910507E-4,4.141638055E-5
3.845543842E1,-2.050271432E-4,-9.444383904E-4,1.688581426E-3
3.846549342E1,1.172336284E-3,1.094928157E-4,-8.806926198E-4
3.847554842E1,-5.978669506E-4,-8.668220253E-4,9.334525093E-4
3.848560442E1,2.583184047E-3,1.427604468E-3,8.330675773E-4
3.849565942E1,-3.055466805E-4,-1.697615022E-3,6.636907347E-4
3.850571442E1,-5.873501068E-4,7.596707437E-4,-1.522698440E-4
3.851576942E1,-3.654246219E-3,-2.946747700E-4,-4.361625761E-4
3.852582442E1,-9.899445577E-4,2.149086067E-4,1.497067511E-3
3.853588042E1,5.530909402E-4,-2.226487268E-4,-1.882750541E-3
3.854593542E1,-8.365429821E-4,-2.149572829E-3,1.616346184E-3
3.855599042E1,-1.603663550E-4,-9.825755842E-4,1.919414382E-3
3.856604542E1,-1.944960328E-3,-3.303373524E-4,1.947221346E-3
3.857610042E1,-2.723402344E-3,-4.665431101E-3,8.370765485E-3
3.858615642E1,2.424730628E-4,1.888700528E-3,-7.791440003E-4
3.859621142E1,-3.653998021E-3,2.480454976E-3,3.295303322E-4
3.860626642E1,-8.423165418E-4,1.230124908E-4,1.295370981E-3
3.861632142E1,3.513122210E-4,-1.096715336E-3,-8.335597813E-4
3.862637742E1,5.568516208E-4,-7.173867780E-4,1.412883401E-3
3.863643242E1,-4.487580154E-4,2.562649024E-4,-1.653055660E-4
3.864648742E1,1.789866365E-3,1.783907355E-4,-3.474659473E-2
3.865654242E1,-5.947280442E-4,-2.375048120E-3,-2.002663165E-1
3.866659742E1,1.478609047E-4,-8.990064263E-3,-1.155630313E-2
3.867665342E1,1.081797818E-4,-1.098929904E-2,1.576020867E-1
3.868670842E1,4.314692691E-3,-1.777401380E-2,1.173522323E-1
3.869676342E1,5.370902363E-3,-2.101960778E-2,2.348805405E-2
3.870681842E1,2.039038390E-2,-6.182400510E-3,-4.285534471E-2
3.871687442E1,1.325922906E-1,2.331947684E-1,-8.958316594E-2
3.872692942E1,5.524351001E-1,9.880326986E-1,-1.758852154E-1
3.873698442E1,3.652686775E-1,9.457901716E-1,-2.787945569E-1
3.874703942E1,2.380511612E-1,4.111172259E-1,-4.086776674E-1
3.875709442E1,1.922141761E-1,2.826407552E-1,-4.739773273E-1
3.876715042E1,1.866427809E-1,3.193766177E-1,-3.420763612E-1
3.877720542E1,2.601644099E-1,2.312417030E-1,-3.165736794E-1
3.878726042E1,2.239712030E-1,4.726400077E-1,-3.274688423E-1
3.879731542E1,1.971662194E-1,1.206398964E0,-2.598210871E-1
3.880737142E1,2.146398574E-1,2.078150034E0,-5.117729306E-1
3.881742642E1,-7.232767344E-1,1.900135279E0,-9.461560249E-1
3.882748142E1,-1.206137657E0,2.223758221E0,-1.435581446E0
3.883753642E1,-1.066736817E0,2.886395931E0,-9.658645988E-1
3.884759142E1,-1.011483192E0,3.417906046E0,-5.359647870E-1
3.885764742E1,-9.657114744E-1,2.981206417E0,-9.373300672E-1
3.886770242E1,-9.843891859E-1,2.180178165E0,-1.631613374E0
3.887775742E1,-1.246676445E0,1.845325828E0,-2.143155098E0
3.888781242E1,-1.800983191E0,1.814183831E0,-2.326072216E0
3.889786842E1,-2.430299759E0,1.819539905E0,-2.236800909E0
3.890792342E1,-2.899716139E0,1.600153089E0,-2.011928082E0
3.891797825E1,-3.203036547E0,1.227209330E0,-1.906273127E0
3.892803325E1,-3.437159300E0,9.782871008E-1,-2.012138605E0
3.893808825E1,-3.493709326E0,9.361191392E-1,-2.231693029E0
3.894814425E1,-3.354955912E0,1.084582210E0,-2.512535334E0
3.895819925E1,-3.127295494E0,1.330067635E0,-2.741151333E0
3.896825425E1,-2.861461401E0,1.390679002E0,-2.713617325E0
3.897830925E1,-2.523032665E0,1.354035020E0,-2.389636755E0
3.898836525E1,-2.064107895E0,1.361413240E0,-1.964562654E0
3.899842025E1,-1.465331674E0,1.302179217E0,-1.618045807E0
3.900847525E1,-7.832757831E-1,1.142266035E0,-1.527580738E0
3.901853025E1,-1.908569634E-1,7.248836756E-1,-1.605677366E0
3.902858525E1,1.711962521E-1,2.190149724E-1,-1.752644658E0
3.903864125E1,3.060461879E-1,-9.235356003E-2,-1.956528544E0
3.904869625E1,-3.128955513E-2,-4.299820364E-1,-2.051736116E0
3.905875125E1,-2.846051753E-1,-2.610934079E-1,-1.977675557E0
3.906880625E1,-4.016941786E-1,7.023437321E-2,-1.717154264E0
3.907886225E1,-4.840282202E-1,4.678573906E-1,-1.464389443E0
3.908891725E1,-6.602606773E-1,7.614257336E-1,-1.321897864E0
3.909897225E1,-8.793051243E-1,8.118169904E-1,-1.350332141E0
3.910902725E1,-1.096278429E0,5.779928565E-1,-1.512437582E0
3.911908225E1,-1.296752453E0,2.882915735E-1,-1.604856491E0
3.912913825E1,-1.395006776E0,5.886680633E-2,-1.498473287E0
3.913919325E1,-1.326795220E0,-7.181051373E-2,-1.252274275E0
3.914924825E1,-1.113100529E0,-1.312531382E-1,-9.892897010E-1
3.915930325E1,-8.270199895E-1,-1.535589844E-1,-8.196223974E-1
3.916935925E1,-5.548961163E-1,-2.711743116E-1,-7.830804586E-1
3.917941425E1,-3.476989865E-1,-3.128309548E-1,-8.902279735E-1
3.918946925E1,-1.939174086E-1,-3.808218837E-1,-1.011915445E0
3.919952425E1,-4.159764573E-2,-5.190681219E-1,-1.139624953E0
3.920958025E1,5.722420663E-2,-7.987154722E-1,-1.234395981E0
3.921963525E1,9.720703959E-2,-1.043555737E0,-1.181071997E0
3.922969025E1,-6.150725111E-2,-7.598696947E-1,-8.452172875E-1
3.923974525E1,-4.096167684E-1,-5.954983234E-1,-2.185161412E-1
3.924980025E1,-6.677274108E-1,-3.052082956E-1,2.286359668E-1
3.925985625E1,-8.449823856E-1,2.641496956E-1,3.279393911E-1
3.926991125E1,-9.676965475E-1,5.365566015E-1,2.716772854E-1
3.927996625E1,-1.046698451E0,5.604051948E-1,6.365990639E-2
3.929002125E1,-1.082480431E0,5.388701558E-1,-2.704892457E-1
3.930007725E1,-1.170624137E0,3.438297808E-1,-4.610352218E-1
3.931013225E1,-1.253012061E0,2.251611650E-1,-4.272322357E-1
3.932018725E1,-1.305544257E0,2.186848819E-1,-2.519762516E-1
3.933024225E1,-1.346816421E0,2.814817131E-1,-1.258135587E-1
3.934029725E1,-1.415337443E0,4.208356142E-1,-1.103318110E-1
3.935035325E1,-1.461414456E0,5.453844666E-1,-2.443461120E-1
3.936040825E1,-1.374921322E0,8.729546070E-1,-5.969427228E-1
3.937046325E1,-1.221315026E0,1.833655119E0,-1.203118205E0
3.938051825E1,-8.964019418E-1,1.994495153E0,-1.737091303E0
3.939057425E1,-3.350866735E-1,1.722998142E0,-1.824464917E0
3.940062925E1,1.717677563E-1,1.736855626E0,-1.607847452E0
3.941068425E1,3.840652108E-1,1.660930634E0,-1.246292233E0
3.942073925E1,8.856164664E-2,2.961228490E-1,-7.294720411E-1
3.943079425E1,-9.884579480E-2,-3.352776170E-2,-2.177187353E-1
3.944085025E1,-1.631060094E-1,-1.281637102E-1,1.495045573E-1
3.945090525E1,-2.628340721E-1,-1.468585283E-1,3.796500564E-1
3.946096025E1,-3.644725382E-1,-1.312702447E-1,1.093017220E0
3.947101525E1,-6.112096906E-1,4.366340041E-1,1.613164186E0
3.948107125E1,-8.540939689E-1,8.912345022E-2,2.114629984E0
3.949112625E1,-1.106912851E0,2.542030513E-1,2.370997429E0
3.950118125E1,-1.541704535E0,7.433468699E-1,2.162112236E0
3.951123625E1,-2.024444342E0,7.580262423E-1,1.700092793E0
3.952129225E1,-2.484939098E0,5.946431756E-1,1.091979146E0
3.953134725E1,-2.760610342E0,4.290793240E-1,5.614576936E-1
3.954140225E1,-2.869147301E0,5.548974276E-1,1.794474423E-1
3.955145725E1,-2.865667105E0,6.725095510E-1,-4.873656482E-2
3.956151225E1,-2.785668850E0,8.450147510E-1,-1.796112210E-1
3.957156825E1,-2.648490429E0,9.779626131E-1,-2.734048665E-1
3.958162325E1,-2.491367340E0,9.951429367E-1,-3.558020294E-1
3.959167825E1,-2.161527157E0,1.363385320E0,-4.551067948E-1
3.960173325E1,-1.142511606E0,8.292686343E-1,-6.510707140E-1
3.961178925E1,-3.209973872E-1,4.077793360E-1,-4.542730153E-1
3.962184425E1,4.954268634E-1,5.161212087E-1,6.572809070E-2
3.963189925E1,9.367495179E-1,6.153233647E-1,5.761401653E-1
3.964195425E1,1.045897484E0,7.709398866E-1,9.112603664E-1
3.965200925E1,9.114539027E-1,5.876419544E-1,9.355166554E-1
3.966206525E1,5.527436733E-1,6.172509789E-1,7.744172812E-1
3.967212025E1,-2.935966253E-1,4.606513381E-1,5.132334828E-1
3.968217525E1,-1.141334891E0,4.103295803E-1,1.319905370E-1
3.969223025E1,-1.570888519E0,4.937300384E-1,-3.459286988E-1
3.970228625E1,-1.463433743E0,6.817561984E-1,-7.992540598E-1
3.971234125E1,-1.082425475E0,7.959556580E-1,-1.020713568E0
3.972239625E1,-7.446025014E-1,8.840876222E-1,-9.164683819E-1
3.973245125E1,-6.426582336E-1,9.614876509E-1,-6.421258450E-1
3.974250625E1,-7.482671738E-1,9.921105504E-1,-4.235974848E-1
3.975256225E1,-9.001974463E-1,9.454877973E-1,-3.510843813E-1
3.976261725E1,-1.081731796E0,6.595138311E-1,-3.484275937E-1
3.977267225E1,-1.235514164E0,4.012981057E-1,-2.718702853E-1
3.978272725E1,-1.283466458E0,1.671710759E-1,-4.491436481E-2
3.979278325E1,-8.319891691E-1,3.136765212E-2,2.636157870E-1
3.980283825E1,-1.648846120E-1,-3.305122554E-1,6.148558855E-1
3.981289325E1,4.492199123E-1,-5.220264792E-1,9.876705408E-1
3.982294825E1,8.214259744E-1,-6.592866182E-1,1.247503877E0
3.983300425E1,9.040769339E-1,-6.980574131E-1,1.311059833E0
3.984305925E1,6.325737834E-1,-6.846665144E-1,1.138932824E0
3.985311425E1,1.563196033E-1,-5.439113975E-1,8.840023875E-1
3.986316925E1,-1.562151313E-1,-4.113341868E-1,6.490710974E-1
3.987322425E1,-3.177691400E-1,-3.020988703E-1,4.284301698E-1
3.988328025E1,-2.463175952E-1,-1.563440710E-1,3.097040355E-1
3.989333525E1,-1.115339994E-1,8.587522432E-3,1.865288764E-1
3.990339025E1,-1.897663623E-2,1.617262065E-1,1.193069592E-1
3.991344525E1,2.500782907E-2,2.426312417E-1,5.725844577E-2
3.992350188E1,-9.940148145E-2,4.622525349E-2,-1.600697823E-2
3.993355688E1,-2.298663706E-1,-1.311165392E-1,-2.527951729E-3
3.994361187E1,5.186305195E-2,-1.937226653E-1,7.184082270E-2
3.995366688E1,4.728143215E-1,9.366696328E-2,1.618407965E-1
3.996372187E1,9.413876534E-1,1.307299137E-1,2.286467254E-1
3.997377788E1,1.352924228E0,2.190225422E-1,2.195150852E-1
3.998383288E1,1.507744670E0,1.897285730E-1,2.115895152E-1
3.999388787E1,1.543518901E0,1.482771486E-1,2.178825289E-1
4.000394288E1,1.550023317E0,1.628262699E-1,2.516620457E-1
4.001399887E1,1.489654899E0,1.396922022E-1,3.017482758E-1
4.002405388E1,1.394197941E0,7.923126221E-2,3.203656375E-1
4.003410888E1,1.301811576E0,-9.093258530E-3,2.972724438E-1
4.004416387E1,1.228686213E0,-7.302164286E-2,2.638678849E-1
4.005421988E1,1.150796652E0,-8.309721947E-2,2.338659465E-1
4.006427487E1,1.054143548E0,-1.226108074E-1,2.129137963E-1
4.007432988E1,9.453625083E-1,-1.336174756E-1,2.067883611E-1
4.008438488E1,8.549987674E-1,-1.527706534E-1,1.962776631E-1
4.009443987E1,7.915343642E-1,-1.675009280E-1,1.938744336E-1
4.010449588E1,7.316913009E-1,-1.567212492E-1,1.813663691E-1
4.011455087E1,6.954742670E-1,-1.991912723E-1,1.246038899E-1
4.012460588E1,7.119147778E-1,-2.812259793E-1,6.245236099E-2
4.013466088E1,7.727826834E-1,-3.656665087E-1,5.380237103E-2
4.014471688E1,8.421532512E-1,-4.037784934E-1,1.351885647E-1
4.015477188E1,8.909043074E-1,-4.418618679E-1,2.797209024E-1
4.016482687E1,9.068257213E-1,-4.808260500E-1,4.455077350E-1
4.017488188E1,8.952215910E-1,-5.620485544E-1,5.811701417E-1
4.018493788E1,8.966836333E-1,-6.541252136E-1,6.492013931E-1
4.019499288E1,9.025017023E-1,-7.316326499E-1,6.588219404E-1
4.020504788E1,8.919339776E-1,-7.930307984E-1,6.117449999E-1
4.021510287E1,8.767294288E-1,-7.688367963E-1,5.228722692E-1
4.022515788E1,8.730175495E-1,-6.529384255E-1,4.138091803E-1
4.023521388E1,8.620305657E-1,-4.976262450E-1,2.855947614E-1
4.024526887E1,8.324612379E-1,-3.860491216E-1,4.044963717E-1
4.025532388E1,8.470979333E-1,-3.439147174E-1,4.243802130E-1
4.026537887E1,6.806325316E-1,-2.731481194E-1,2.185253352E-1
4.027543488E1,4.358351529E-1,-4.034971297E-1,-7.361397892E-2
4.028548988E1,2.752971351E-1,-5.150143504E-1,-2.698348761E-1
4.029554487E1,2.618518472E-1,-6.128856540E-1,-2.742983997E-1
4.030559988E1,3.464783132E-1,-6.094784141E-1,-1.277608871E-1
4.031565587E1,4.832324386E-1,-5.986758471E-1,5.030204356E-2
4.032571088E1,5.896443725E-1,-5.275478959E-1,1.606740952E-1
4.033576588E1,6.315315366E-1,-4.283268154E-1,1.689465642E-1
4.034582087E1,6.217859387E-1,-2.583324611E-1,1.271059066E-1
4.035587588E1,6.313079000E-1,-1.241127476E-1,5.436544120E-2
4.036593187E1,6.580958366E-1,-7.244502008E-2,1.825457066E-2
4.037598688E1,7.081974149E-1,-4.124402627E-2,5.795098096E-2
4.038604188E1,7.644638419E-1,-2.208977379E-2,1.479969919E-1
4.039609687E1,8.184748292E-1,-2.938924916E-2,2.514028549E-1
4.040615288E1,8.519819379E-1,-2.584005520E-2,3.344484568E-1
4.041620787E1,8.432483077E-1,-1.603288576E-2,3.725374639E-1
4.042626288E1,7.834710479E-1,3.977308515E-3,3.486904502E-1
4.043631788E1,7.131528258E-1,1.492685638E-2,2.665899098E-1
4.044637388E1,6.601045132E-1,2.693877742E-2,1.471154243E-1
4.045642888E1,6.151777506E-1,5.635249987E-2,3.093328141E-2
4.046648387E1,5.602913499E-1,1.041328087E-1,-4.057658836E-2
4.047653888E1,4.804393649E-1,1.870247424E-1,-8.721321821E-2
4.048659388E1,3.697094023E-1,2.720988989E-1,-1.586072445E-1
4.049664988E1,2.106358409E-1,3.764357567E-1,-2.594071925E-1
4.050670488E1,4.826318100E-2,4.736592472E-1,-4.021489024E-1
4.051675987E1,-7.359849662E-2,5.554529428E-1,-5.714142323E-1
4.052681488E1,-1.678251326E-1,6.803343892E-1,-7.103952765E-1
4.053687088E1,-2.860528529E-1,7.900063396E-1,-7.868739367E-1
4.054692587E1,-4.085819721E-1,7.943513393E-1,-7.826123238E-1
4.055698088E1,-5.377184749E-1,7.456093431E-1,-7.086472511E-1
4.056703587E1,-6.464920640E-1,6.586430073E-1,-6.121508479E-1
4.057709188E1,-7.305235863E-1,5.662940741E-1,-5.229293704E-1
4.058714688E1,-7.305241227E-1,5.011547208E-1,-4.684512317E-1
4.059720187E1,-6.350581050E-1,5.222563744E-1,-4.704868793E-1
4.060725688E1,-4.775851369E-1,5.941981673E-1,-5.032847524E-1
4.061731188E1,-2.584555745E-1,6.276493669E-1,-4.860315621E-1
4.062736788E1,-2.125287242E-2,5.927054882E-1,-3.903402090E-1
4.063742288E1,1.983449161E-1,4.545710683E-1,-2.157574296E-1
4.064747787E1,3.856029510E-1,3.284901083E-1,-1.737988740E-2
4.065753288E1,5.228478312E-1,2.779491842E-1,1.462591439E-1
4.066758887E1,5.872380137E-1,2.256470770E-1,2.448637486E-1
4.067764388E1,5.470550060E-1,2.410005033E-1,2.801161408E-1
4.068769888E1,4.291371703E-1,3.348798752E-1,2.546477914E-1
4.069775387E1,2.626089156E-1,4.523120224E-1,1.733933091E-1
4.070780988E1,1.079029515E-1,5.439130664E-1,4.097507149E-2
4.071786487E1,1.529053599E-2,5.717405677E-1,-8.641585708E-2
4.072791988E1,1.169102907E-4,5.335316658E-1,-1.172123849E-1
4.073797488E1,-5.819442496E-2,6.626288295E-1,5.357130617E-2
4.074802987E1,-4.129146934E-1,9.457082152E-1,5.540085435E-1
4.075808588E1,-5.680208206E-1,3.355783522E-1,7.629410028E-1
4.076814087E1,-6.274202466E-1,-1.628205478E-1,7.535853386E-1
4.077819588E1,-1.309263349E0,-1.488124371E0,4.218619168E-1
4.078825088E1,-1.441198707E0,-1.299326271E-1,5.034731627E-1
4.079830687E1,-1.058164835E0,6.873195171E-1,8.798564672E-1
4.080836188E1,-4.824649990E-1,6.789249182E-1,9.602138400E-1
4.081841687E1,8.551528305E-2,6.600819230E-1,6.675767303E-1
4.082847188E1,4.178964496E-1,6.480817199E-1,5.206088424E-1
4.083852788E1,5.781562328E-1,5.243741274E-1,4.591818154E-1
4.084858287E1,6.051215529E-1,3.035354316E-1,3.928147852E-1
4.085863788E1,4.803731441E-1,6.007241458E-2,4.092640281E-1
4.086869288E1,3.123694956E-1,-1.377613097E-1,4.063590467E-1
4.087874788E1,2.650735676E-1,-4.773856103E-1,3.673485518E-1
4.088880388E1,6.989078522E-1,-1.687331080E0,3.243246377E-1
4.089885887E1,1.273172140E0,-1.491826415E0,3.987443447E-1
4.090891388E1,1.700070500E0,-7.947226763E-1,6.884781718E-1
4.091896888E1,1.902911067E0,-6.975364089E-1,1.116469026E0
4.092902463E1,1.877974629E0,-6.953305006E-1,1.249061465E0
4.093907963E1,1.659502625E0,-6.365604401E-1,1.166131377E0
4.094913462E1,1.339444637E0,-1.049625278E0,1.202938914E0
4.095918963E1,1.093077064E0,-1.519667745E0,1.356214166E0
4.096924562E1,8.888647556E-1,-1.734463096E0,1.524706602E0
4.097930063E1,6.761693358E-1,-1.791181445E0,1.669254184E0
4.098935563E1,4.883467257E-1,-1.797003031E0,1.751011372E0
4.099941062E1,2.478848547E-1,-1.674425364E0,1.822761893E0
4.100946663E1,-7.502394915E-2,-1.636950731E0,1.923811316E0
4.101952162E1,-4.036814272E-1,-1.838781714E0,2.099260569E0
4.102957663E1,-6.616253257E-1,-2.127264500E0,2.260203600E0
4.103963163E1,-7.748827338E-1,-2.269421339E0,2.247191668E0
4.104968662E1,-7.331206203E-1,-2.412851334E0,2.076991081E0
4.105974263E1,-5.377985835E-1,-2.395330191E0,1.807120085E0
4.106979762E1,-9.533303231E-2,-2.308741331E0,1.658224940E0
4.107985263E1,4.156744182E-1,-2.131800175E0,1.561579943E0
4.108990763E1,9.676590562E-1,-1.923227072E0,1.349332094E0
4.109996362E1,1.298745513E0,-1.928788066E0,1.167821646E0
4.111001863E1,1.303065658E0,-2.164325953E0,1.122413158E0
4.112007363E1,1.088803053E0,-2.610091686E0,1.120486379E0
4.113012862E1,8.710840344E-1,-3.007898569E0,1.243628263E0
4.114018463E1,8.232331872E-1,-3.024617195E0,1.480577111E0
4.115023962E1,1.131389141E0,-2.680013180E0,1.668150187E0
4.116029463E1,1.783358812E0,-2.207369566E0,1.658568740E0
4.117034963E1,2.460480213E0,-1.763038874E0,1.467282414E0
4.118040462E1,2.855548143E0,-1.569968462E0,1.298755527E0
4.119046063E1,2.868322849E0,-1.713142157E0,1.261353731E0
4.120051562E1,2.490499735E0,-2.113436699E0,1.283936620E0
4.121057063E1,2.033547163E0,-2.224839449E0,1.244035482E0
4.122062563E1,1.864615798E0,-2.098235130E0,1.279070616E0
4.123068163E1,1.959441662E0,-1.884722233E0,1.364984155E0
4.124073663E1,2.189851761E0,-1.556856036E0,1.225201607E0
4.125079162E1,2.252768993E0,-8.825391531E-1,8.174974918E-1
4.126084663E1,2.072243214E0,2.255768143E-2,4.795225561E-1
4.127090262E1,1.800415754E0,1.120167017E0,4.480991066E-1
4.128095763E1,2.620746374E0,-7.718474269E-1,1.132864714E0
4.129101263E1,1.065625429E0,-3.772444487E0,1.386634946E0
4.130106762E1,-6.707219779E-2,-2.037071943E0,3.659367561E-1
4.131112363E1,-3.616484404E-1,-1.204859495E0,1.255001187E0
4.132117862E1,-2.383088917E-1,-1.197051048E0,1.044437766E0
4.133123363E1,-2.320885360E-1,-1.470695138E0,5.138028860E-1
4.134128863E1,-2.516847253E-1,-1.808024287E0,-8.753978461E-2
4.135134462E1,3.332037851E-2,-2.050966024E0,-3.750480115E-1
4.136139963E1,5.697414279E-2,-3.676790297E-1,-3.773280084E-1
4.137145463E1,-9.352189302E-2,1.759499013E-1,-3.672285080E-1
4.138150963E1,2.774845660E-1,-2.796934545E-1,-7.531427145E-1
4.139156463E1,1.849106885E-2,1.739419252E-1,-4.619601667E-1
4.140162062E1,3.257865319E-3,-7.637618482E-2,-1.266678572E-1
4.141167563E1,-1.709462842E-3,-7.529626787E-2,2.027750164E-1
4.142173063E1,-1.551030762E-2,-9.641739726E-2,5.058168769E-1
4.143178562E1,-2.015858889E-2,-1.328891069E-1,6.700175405E-1
4.144184163E1,3.874035552E-2,-1.884162128E-1,6.369100213E-1
4.145189662E1,4.426135495E-2,-2.852444947E-1,5.451135039E-1
4.146195163E1,5.096577224E-4,-2.638190687E-1,5.682541728E-1
4.147200663E1,1.794100390E-3,-4.780024588E-1,6.774173975E-1
4.148206263E1,-4.595020786E-3,-7.832962871E-1,7.634581923E-1
4.149211763E1,-1.775590777E-1,-9.979217649E-1,7.726588845E-1
4.150217262E1,-5.804875866E-2,-1.580775827E-1,6.538854837E-1
4.151222763E1,-3.243154660E-2,-8.054204285E-2,4.656061828E-1
4.152228362E1,-1.743271016E-2,-4.937162250E-2,2.455360293E-1
4.153233863E1,-6.033583079E-3,-3.269106615E-3,1.481644660E-1
4.154239363E1,-2.811873797E-3,-8.042618632E-3,7.245872915E-2
4.155244862E1,-2.321319655E-3,-7.998143323E-3,1.931721531E-2
4.156250363E1,-1.175484853E-3,-5.155623425E-3,1.825644635E-3
4.157255962E1,-4.671149887E-3,-7.935430855E-3,2.661344595E-3
4.158261463E1,-1.430652570E-3,-3.398919944E-3,-4.820418544E-4
4.159266963E1,-2.108160872E-3,-6.623475347E-3,-6.343750283E-4
4.160272462E1,1.937927445E-4,-5.965078715E-3,7.781619206E-5
4.161278063E1,5.293510621E-4,-2.355962526E-3,4.320163280E-4
4.162283562E1,-9.047383210E-4,-3.198046237E-3,2.225463744E-3
4.163289063E1,-1.896499423E-3,-5.236429628E-3,2.314946149E-3
4.164294563E1,7.853548741E-4,-3.290362190E-3,1.207110472E-3
4.165300162E1,-1.097500091E-3,-2.809927799E-3,1.865976490E-3
4.166305663E1,1.765163615E-3,-1.250879723E-4,1.482912805E-3
4.167311163E1,-7.025214727E-4,2.648327965E-3,1.558596268E-4
4.168316663E1,-1.230185386E-3,-2.276521409E-4,-5.770730786E-4
4.169322163E1,-7.998185465E-4,-4.095460172E-4,1.299963333E-4
4.170327762E1,1.529519679E-3,4.297346459E-5,-1.497016288E-3
4.171333263E1,3.124550567E-4,1.986281946E-3,1.045503188E-3
4.172338763E1,-7.669329061E-4,9.230502765E-4,1.334631350E-3
4.173344262E1,2.855330240E-5,-7.182558766E-4,2.061673906E-3
4.174349863E1,6.384685403E-4,-7.221661508E-4,2.190754749E-4
4.175355362E1,-1.374881249E-3,1.725012553E-3,7.479791529E-4
4.176360863E1,8.950454649E-4,1.498422120E-3,-1.311338972E-3
4.177366363E1,-1.193671720E-3,1.228993933E-4,-2.485526726E-3
4.178371963E1,1.787153189E-3,-1.978422282E-3,2.143272199E-3
4.179377463E1,3.325927537E-3,5.822069943E-4,-1.428293530E-3
4.180382962E1,-2.479144605E-4,-6.315477658E-4,-1.151593868E-3
4.181388463E1,-6.774823414E-4,2.261976711E-3,-3.057741560E-4
4.182394062E1,-2.121276921E-4,1.165689202E-3,-1.944296062E-3
4.183399563E1,9.439504938E-4,9.276025230E-4,2.203215845E-4
4.184405063E1,-8.860961534E-4,8.081468986E-4,2.744780388E-3
4.185410562E1,1.203952590E-3,-1.860111370E-4,1.990306657E-3
4.186416163E1,5.823161919E-4,1.063165721E-3,-5.657700822E-4
4.187421662E1,-1.438490464E-3,-7.552407333E-4,-5.580470897E-4
4.188427163E1,-8.533885120E-4,-1.308576437E-3,-1.262293197E-3
4.189432663E1,2.071561292E-3,6.933218101E-4,-2.002119087E-3
4.190438262E1,-4.413570859E-4,-5.581503501E-4,5.393237807E-4
4.191443763E1,5.000703968E-4,-3.016879782E-4,-1.345128752E-3
4.192449292E1,3.669346683E-3,7.436431479E-4,4.954864271E-4
4.193454792E1,1.907256665E-4,-1.281424542E-3,6.906962954E-4
4.194460292E1,-2.550504287E-4,3.036073758E-4,2.550603822E-4
4.195465892E1,8.130684728E-5,-1.115591265E-3,-1.386512071E-3
4.196471392E1,4.789855448E-4,-1.084140968E-3,-1.831037924E-3
4.197476892E1,1.894999295E-4,-2.503053402E-4,9.194747545E-4
4.198482392E1,6.120519247E-4,-8.306412492E-4,-4.899003543E-4
4.199487992E1,-1.999709988E-3,3.725748975E-4,-2.936255187E-4
4.200493492E1,4.233167565E-4,-1.990781864E-3,-4.603997804E-4
4.201498992E1,1.830797410E-3,1.902493183E-3,2.413417678E-3
4.202504492E1,2.389179310E-3,3.908187617E-3,-9.213322774E-4
4.203510092E1,3.337515809E-4,-6.032072706E-4,5.364818498E-4
4.204515592E1,-9.589828551E-6,-9.152559796E-4,-1.672475133E-3
4.205521092E1,2.414952032E-3,6.027458003E-4,1.158374362E-4
4.206526592E1,-4.915620084E-4,-1.456762548E-4,-1.479219645E-5
4.207532192E1,6.519993185E-4,-1.142497407E-3,2.042233478E-3
4.208537692E1,1.300974516E-3,6.357771344E-4,-8.151289076E-4
4.209543192E1,-2.027177950E-3,1.436249586E-4,1.041627023E-3
4.210548692E1,-2.946857130E-4,9.281351813E-4,-6.305584684E-4
4.211554292E1,3.725622315E-3,-4.220874980E-4,1.349501312E-3
4.212559792E1,-3.267353168E-4,8.551313658E-4,3.240048885E-3
4.213565292E1,9.779473767E-4,3.780724364E-5,7.342807949E-4
4.214570792E1,8.264134522E-4,7.222396089E-4,6.511900574E-4
4.215576292E1,-6.673535681E-4,2.303537913E-4,-1.194646582E-3
4.216581892E1,1.558765769E-3,5.128385965E-4,1.059067436E-4
4.217587392E1,-7.748039206E-5,1.945352880E-3,2.574408427E-4
4.218592892E1,-8.487931336E-4,1.210054150E-3,-6.195381284E-4
4.219598392E1,-8.686271030E-5,2.502508869E-4,-1.438977197E-4
4.220603992E1,-8.581231814E-4,2.968466142E-3,8.604018949E-4
4.221609492E1,-1.823519007E-3,5.607021740E-4,1.846038271E-3
4.222614992E1,-1.705462812E-3,1.289974665E-3,1.151741948E-3
4.223620492E1,5.062926211E-4,-2.990790410E-3,3.794254735E-4
4.224626092E1,8.762071375E-4,1.626653480E-3,-1.525129192E-4
4.225631592E1,-4.873313010E-4,-8.895483916E-5,-7.149726152E-4
4.226637092E1,1.130651450E-3,-2.644514607E-4,-3.931089304E-4
4.227642592E1,-5.452758633E-4,2.460764954E-4,6.159627810E-4
4.228648192E1,-7.540296065E-4,-1.371465914E-4,-5.524745211E-5
4.229653692E1,-8.277992019E-4,-3.121162590E-4,2.505647950E-3
4.230659192E1,2.741487697E-3,2.388316643E-4,2.279455308E-3
4.231664692E1,4.394512798E-4,-4.101806844E-4,3.352443222E-3
4.232670292E1,3.563594073E-4,-6.532475818E-4,-2.685594372E-4
4.233675792E1,4.612879711E-4,-1.413879800E-4,4.800553434E-4
4.234681292E1,2.152590896E-4,-1.260271179E-3,-1.875664573E-3
4.235686792E1,-7.565283449E-4,-3.358880058E-4,-1.523062121E-3
4.236692292E1,3.754085919E-4,2.179184230E-5,-2.976413816E-5
4.237697892E1,2.116241958E-4,-2.485190344E-4,2.135918476E-3
4.238703392E1,1.808516099E-3,-2.025335096E-3,-8.636969142E-4
4.239708892E1,-1.599264680E-3,5.139797577E-5,-7.502459921E-4
4.240714392E1,-1.628329977E-3,4.138381919E-4,-4.729237407E-4
4.241719992E1,-1.527396264E-3,7.973333704E-4,1.726262271E-4
4.242725492E1,-9.664181271E-4,-7.354967529E-4,1.070776489E-3
4.243730992E1,1.642414369E-3,1.475992263E-3,-2.363902517E-3
4.244736492E1,9.646092076E-5,4.765665508E-4,-2.989297733E-3
4.245742092E1,-1.806101529E-3,-4.656598030E-4,-1.439604443E-3
4.246747592E1,4.106293782E-4,-6.487817736E-4,1.512488350E-3
4.247753092E1,-4.303968744E-4,-1.177685568E-3,1.309555024E-3
4.248758592E1,1.163010020E-3,-7.364695775E-4,2.740607597E-4
4.249764192E1,9.829802439E-4,-3.449849319E-4,4.596831277E-4
4.250769692E1,-1.933826599E-3,3.291786124E-4,-4.953513853E-4
4.251775192E1,2.955055679E-4,2.648791764E-3,9.475499392E-4
4.252780692E1,1.225717831E-3,1.391064143E-3,6.805248559E-4
4.253786292E1,1.477386570E-3,8.291371632E-4,3.681359813E-4
4.254791792E1,1.907587401E-3,2.969689202E-3,9.148614481E-5
4.255797292E1,8.910588222E-4,8.173222886E-4,8.885702118E-4
4.256802792E1,-9.959720774E-5,-1.963255461E-3,6.097950973E-4
4.257808392E1,-1.347288140E-3,2.808064222E-3,6.065992638E-4
4.258813892E1,-1.251473557E-3,-4.696971737E-4,-1.244117506E-3
4.259819392E1,3.733210324E-4,-6.036926061E-5,-1.465959009E-3
4.260824892E1,-1.034368528E-3,1.475625671E-3,-1.569913235E-3
4.261830492E1,-1.906790421E-4,-2.122038510E-3,-1.953941304E-3
4.262835992E1,1.458707033E-3,5.746526876E-4,-8.360147476E-4
4.263841492E1,-8.409325383E-4,5.658642622E-4,-8.237641305E-4
4.264846992E1,3.352415515E-4,-1.899940427E-3,6.939498708E-4
4.265852492E1,-1.569106244E-4,-1.218171208E-3,-5.449526943E-4
4.266858092E1,5.779897328E-4,-1.101185102E-3,1.550080255E-3
4.267863592E1,9.502996691E-4,7.087213453E-5,2.954098396E-3
4.268869092E1,1.564845908E-3,3.031753004E-4,1.369222999E-3
4.269874592E1,7.272817311E-4,1.513315598E-3,2.667248249E-3
4.270880192E1,1.941875787E-3,7.410111721E-5,-1.863334328E-4
4.271885692E1,1.481245272E-5,-1.859620214E-3,-1.319508534E-3
4.272891192E1,9.011758957E-4,2.193039050E-3,1.163783483E-3
4.273896692E1,-2.633371623E-3,-2.107966226E-3,9.958399460E-5
4.274902292E1,6.179597694E-4,-6.893165410E-4,-2.338681370E-4
4.275907792E1,-1.857448369E-3,1.994883409E-3,2.061244100E-3
4.276913292E1,2.579210559E-5,1.654824708E-3,8.653951809E-4
4.277918792E1,3.690735321E-4,-1.428090327E-4,1.169261523E-3
4.278924392E1,-2.499271650E-3,-1.317172544E-3,8.732555434E-4
4.279929892E1,-3.349205945E-4,3.837884869E-4,1.392838545E-3
4.280935392E1,7.543329848E-4,1.083776006E-4,-1.471717842E-4
4.281940892E1,1.993501792E-3,9.283648687E-4,1.844340470E-3
4.282946492E1,3.575296840E-3,-8.507453022E-4,5.597509444E-4
4.283951992E1,-1.016525435E-3,1.348906371E-4,2.713305876E-4
4.284957492E1,3.244531108E-4,7.532634190E-4,-1.189805102E-3
4.285962992E1,2.825694159E-3,8.014666382E-4,1.790598035E-4
4.286968592E1,3.675531480E-5,7.237650570E-4,8.718254976E-4
4.287974092E1,1.546234940E-3,-1.313286833E-3,-2.122366801E-3
4.288979592E1,-2.070697374E-4,-4.609073221E-4,7.180301473E-4
4.289985092E1,5.825575208E-4,2.139116987E-5,-1.416383311E-4
4.290990692E1,8.217614959E-5,-6.199266063E-4,-3.432319500E-4
4.291996192E1,-3.316790680E-4,1.274379902E-3,1.973452047E-3
4.293001687E1,1.461039530E-3,-8.731542621E-4,-1.964163501E-3
4.294007188E1,4.780667950E-4,4.594914790E-4,-1.926080324E-3
4.295012787E1,-1.948971185E-4,-1.415613515E-4,2.057077829E-3
4.296018288E1,9.057873394E-4,1.351411047E-4,7.832879201E-4
4.297023788E1,1.094193722E-4,1.721360954E-3,2.023922279E-3
4.298029287E1,2.539287554E-3,-6.256829947E-4,1.683570445E-3
4.299034888E1,-5.263760686E-4,-1.821096870E-3,-6.958376616E-5
4.300040388E1,-2.691147383E-4,4.987826687E-4,-1.585188787E-3
4.301045888E1,7.095028996E-4,1.469349489E-3,-3.045725636E-3
4.302051388E1,1.830693800E-3,1.351105049E-3,-2.045975067E-3
4.303056987E1,1.532044378E-3,-6.689821021E-5,3.000634257E-3
4.304062488E1,1.111797523E-3,-9.486707859E-4,6.338828243E-4
4.305067988E1,3.225929104E-4,8.169806097E-5,4.324922338E-5
4.306073487E1,3.044834011E-4,1.402359689E-3,9.005209431E-4
4.307078988E1,-9.161367198E-4,5.197076243E-4,8.808821440E-4
4.308084587E1,1.886307728E-3,2.627599519E-3,9.948657826E-4
4.309090088E1,1.760887972E-4,1.016951283E-3,-9.442935698E-4
4.310095588E1,1.934840344E-3,-1.665118267E-3,-1.010339707E-3
4.311101087E1,7.929176791E-4,1.354644774E-4,-1.055614557E-3
4.312106688E1,-5.450012395E-5,1.638818881E-3,7.657213137E-4
4.313112187E1,2.483840566E-3,6.334168720E-4,-1.096746419E-3
4.314117688E1,-9.694806067E-4,7.431391277E-4,2.351002768E-4
4.315123188E1,2.919521881E-3,-1.377179520E-3,-4.174932837E-5
4.316128788E1,-1.029679552E-3,1.466011163E-3,6.666514091E-4
4.317134288E1,-8.877012879E-4,-1.214969554E-3,7.525682449E-4
4.318139787E1,1.067230187E-4,-1.605655416E-3,2.486980520E-4
4.319145288E1,1.593037276E-3,2.919073682E-3,-8.963993751E-4
4.320150887E1,2.097913530E-4,1.899881754E-3,-1.884432044E-3
4.321156388E1,-3.103733528E-3,7.586524589E-6,-1.431117766E-3
4.322161888E1,4.595761420E-4,1.122652087E-3,-1.579988748E-3
4.323167387E1,2.789436840E-4,2.379932266E-4,-2.188207582E-3
4.324172988E1,-1.275010873E-3,-3.006269690E-3,1.399869099E-3
4.325178487E1,1.435274025E-3,6.959357997E-4,8.864919655E-4
4.326183988E1,8.584333118E-4,-1.933669439E-3,-5.569411442E-4
4.327189488E1,4.997001379E-4,2.350157156E-4,1.518400386E-3
4.328195087E1,-2.001008019E-3,6.395498640E-4,-1.983123366E-3
4.329200588E1,-6.385181914E-4,9.275147459E-4,1.262655482E-3
4.330206088E1,-2.011910547E-3,-1.479716506E-3,-1.683599781E-3
4.331211588E1,3.066547448E-3,-8.845098782E-4,-2.292343415E-4
4.332217188E1,7.751636440E-4,7.235067897E-4,1.661945134E-6
4.333222687E1,1.312092994E-3,-7.537717465E-4,-4.958678037E-4
4.334228188E1,-1.460790401E-3,6.065709167E-4,4.895017482E-4
4.335233688E1,-2.648819354E-4,-7.006921805E-6,-2.922120504E-3
4.336239288E1,4.994452465E-4,1.810122340E-4,-7.591010071E-4
4.337244788E1,-4.203889403E-4,6.106594810E-4,1.917025074E-3
4.338250287E1,1.718661981E-3,1.673527062E-3,5.505569279E-4
4.339255788E1,-2.828179859E-4,1.567459258E-4,3.562849015E-4
4.340261387E1,-6.609868142E-4,4.651399795E-4,-8.906074800E-4
4.341266888E1,5.694993888E-5,4.076067416E-4,3.091343679E-4
4.342272388E1,-8.487911546E-4,8.509794134E-5,-4.772972316E-4
4.343277887E1,7.982018869E-4,3.741193505E-4,-6.100800820E-4
4.344283488E1,-3.184615343E-4,-6.818240508E-4,-1.374141313E-3
4.345288987E1,9.271164890E-5,-9.777804371E-4,8.315411396E-4
4.346294488E1,-6.377934478E-4,-8.084033616E-4,-6.105606444E-4
4.347299988E1,1.920565031E-3,1.974849030E-3,2.153632231E-3
4.348305587E1,-6.049104850E-4,-1.098438981E-3,-8.725179359E-4
4.349311088E1,-1.239215024E-3,-1.128496137E-3,-2.398784272E-4
4.350316587E1,3.240605583E-4,-3.351405612E-4,7.920963690E-4
4.351322088E1,1.654361375E-3,-8.426114800E-4,-1.107819378E-3
4.352327688E1,1.147878356E-4,1.719349530E-3,1.947625540E-3
4.353333187E1,1.498760539E-4,8.909358876E-4,-7.687560283E-4
4.354338688E1,2.532067010E-4,6.789483014E-4,1.226217486E-3
4.355344187E1,1.412320766E-3,6.520304014E-4,9.047524072E-4
4.356349788E1,1.221904764E-3,1.956180437E-3,-1.997826621E-3
4.357355288E1,-2.770568943E-3,-5.175733240E-4,-2.728304826E-4
4.358360787E1,-3.050142841E-4,-5.365067045E-5,2.782613970E-3
4.359366288E1,5.817399360E-4,-7.952562300E-4,-1.374308951E-3
4.360371887E1,3.074343258E-4,1.535276067E-3,-7.428736426E-4
4.361377388E1,-5.100823473E-4,-1.357426052E-3,-6.868424825E-4
4.362382888E1,1.299002906E-3,1.944094663E-3,8.745687082E-4
4.363388387E1,1.369692851E-3,-3.153917147E-3,-2.314545214E-3
4.364393988E1,-1.478291582E-3,6.664352259E-5,8.405018598E-4
4.365399487E1,7.006808883E-4,1.937433262E-5,1.942374744E-3
4.366404988E1,-5.379263894E-5,2.769019920E-4,9.280955419E-5
4.367410488E1,-5.902720150E-4,-7.746812189E-4,4.127412103E-4
4.368416088E1,-5.540529964E-4,-1.939814189E-3,1.062286086E-3
4.369421588E1,-4.692691145E-4,-1.642971765E-3,-4.162094556E-4
4.370427087E1,5.643887562E-5,-3.513385600E-4,6.421306171E-4
4.371432588E1,-2.047541551E-3,4.263230658E-4,-1.395448577E-3
4.372438188E1,-1.401724992E-3,2.920906059E-3,1.323905308E-3
4.373443688E1,1.020533964E-4,1.382293180E-3,-5.474337377E-4
4.374449188E1,7.529299473E-4,-2.095795004E-3,-5.439715460E-4
4.375454687E1,-1.197749516E-4,-1.370530808E-3,-2.843592316E-3
4.376460288E1,-1.159473090E-3,1.603953773E-3,-9.034797549E-4
4.377465788E1,1.861053170E-3,1.499642851E-3,-1.904981676E-3
4.378471287E1,5.728821852E-4,8.282599738E-4,2.169654705E-3
4.379476788E1,8.493228233E-5,1.554923831E-3,5.155573599E-4
4.380482387E1,4.620358814E-4,2.706208499E-3,5.637602881E-4
4.381487888E1,-2.382691484E-3,3.995120060E-4,-6.455150433E-4
4.382493388E1,1.485816087E-3,3.705578274E-5,-1.887828112E-4
4.383498887E1,-7.112041349E-4,1.460053260E-3,1.418776810E-5
4.384504488E1,-2.004168928E-3,-1.676708634E-4,-1.246019732E-3
4.385509987E1,-1.127691939E-4,-1.227873145E-3,7.497100160E-4
4.386515488E1,8.909762255E-4,1.902672695E-3,4.280004650E-4
4.387520988E1,9.062151657E-4,-1.853647060E-3,-3.259349614E-5
4.388526588E1,7.203264977E-4,1.698477077E-3,-5.090329796E-4
4.389532088E1,5.678831949E-4,-1.358706388E-3,-1.776243560E-3
4.390537587E1,2.775986504E-4,1.476228586E-3,-3.565121442E-4
4.391543088E1,6.238165079E-4,-5.713289138E-4,1.597499475E-3
4.392548663E1,1.786020002E-3,9.581245249E-4,-4.886696115E-5
4.393554163E1,-7.361458847E-4,5.821153172E-5,9.104711935E-4
4.394559663E1,-1.923915697E-3,-1.013710746E-3,-1.503418665E-3
4.395565162E1,-5.136162508E-5,-1.011028653E-4,-2.014529891E-4
4.396570763E1,-1.880154363E-3,8.957182872E-4,5.626082420E-4
4.397576263E1,-2.052960917E-3,-1.879341900E-3,-3.755972721E-4
4.398581762E1,1.694373088E-3,4.868766991E-4,2.393266186E-4
4.399587263E1,1.184551744E-3,9.088545921E-4,4.193941131E-4
4.400592862E1,1.570976456E-3,7.640861440E-6,-8.573252708E-4
4.401598363E1,1.709631993E-3,-2.120315563E-3,1.511940733E-3
4.402603863E1,2.398591721E-3,-8.342749206E-4,-2.215952147E-3
4.403609362E1,2.372649033E-5,-1.966259209E-3,-1.173889264E-3
4.404614963E1,3.062878968E-4,4.590815515E-4,-1.136338804E-3
4.405620462E1,6.388527690E-4,1.246430096E-3,-1.186928246E-3
4.406625963E1,-1.102055656E-3,-1.097950619E-3,9.499918669E-4
4.407631463E1,1.621988369E-3,-5.257228622E-4,1.672545914E-3
4.408637063E1,1.496287063E-3,5.208994844E-4,-8.076559752E-4
4.409642563E1,-5.078787217E-5,-1.255957410E-3,-5.841790698E-4
4.410648062E1,-1.067849109E-3,-8.053676225E-3,5.510198884E-3
4.411653563E1,5.903180572E-4,8.047350682E-3,1.474761870E-3
4.412659162E1,-6.537898444E-3,7.569846231E-3,1.002317760E-3
4.413664663E1,2.253700513E-3,-1.973607345E-3,-5.240336433E-2
4.414670163E1,-5.008070148E-4,-4.753129615E-4,-2.263754308E-1
4.415675662E1,-9.709636215E-4,-1.916533522E-2,-3.305725455E-1
4.416681263E1,8.909097873E-3,-4.713425413E-3,-4.634293914E-2
4.417686762E1,5.585363135E-3,-1.381342579E-2,-2.905097306E-1
4.418692263E1,1.327470876E-2,-4.576789588E-2,-3.930816352E-1
4.419697763E1,9.769732505E-2,1.421719883E-2,-4.807333052E-1
4.420703362E1,6.607276201E-1,7.182685733E-1,-6.802317500E-1
4.421708863E1,3.685845435E-1,8.733544946E-1,-1.323316574E0
4.422714363E1,1.850839704E-1,5.849815607E-1,-1.326630592E0
4.423719863E1,1.960205138E-1,3.528472483E-1,-1.138659477E0
4.424725463E1,1.784452498E-1,2.986713350E-1,-9.968589544E-1
4.425730962E1,2.112992257E-1,3.745206296E-1,-8.829990029E-1
4.426736463E1,3.087387085E-1,9.452978373E-1,-8.052887321E-1
4.427741963E1,3.287384808E-1,2.082800865E0,-5.760759115E-1
4.428747563E1,3.303928375E-1,3.194645882E0,-4.902957380E-1
4.429753063E1,3.980153203E-1,3.883423567E0,-6.723215580E-1
4.430758562E1,4.401246905E-1,4.270111084E0,-8.174281120E-1
4.431764063E1,4.972622395E-1,4.431926250E0,-8.997598290E-1
4.432769662E1,6.119627357E-1,4.842488766E0,-9.175598621E-1
4.433775163E1,6.539946198E-1,5.428898811E0,-9.304171801E-1
4.434780663E1,5.482671261E-1,5.699875355E0,-1.174825311E0
4.435786162E1,3.941435516E-1,5.443609238E0,-1.704480290E0
4.436791763E1,1.428037584E-1,4.727943420E0,-2.241775751E0
4.437797262E1,-4.009279907E-1,3.972703695E0,-2.697964907E0
4.438802763E1,-1.256752372E0,3.313899755E0,-3.048606157E0
4.439808263E1,-2.210742474E0,2.862817764E0,-3.199516296E0
4.440813862E1,-2.964606285E0,2.652852297E0,-3.151820183E0
4.441819363E1,-3.401740074E0,2.485226154E0,-3.013765574E0
4.442824862E1,-3.495700359E0,2.065288782E0,-2.812442303E0
4.443830363E1,-3.374249458E0,1.551561236E0,-2.571649313E0
4.444835963E1,-3.070623159E0,1.127045870E0,-2.311511755E0
4.445841462E1,-2.680130243E0,8.044199944E-1,-1.911171436E0
4.446846963E1,-2.278100252E0,6.526504755E-1,-1.480894089E0
4.447852462E1,-1.835290313E0,6.498865485E-1,-1.190573573E0
4.448858063E1,-1.432380080E0,5.047983527E-1,-1.110866070E0
4.449863563E1,-1.107848763E0,-1.984491013E-3,-1.199888349E0
4.450869062E1,-8.303087950E-1,-3.797363043E-1,-1.384478927E0
4.451874563E1,-6.221153140E-1,-5.229697824E-1,-1.480248809E0
4.452880162E1,-5.009760857E-1,-4.766973555E-1,-1.379241228E0
4.453885663E1,-5.064744949E-1,-2.674724460E-1,-1.198070168E0
4.454891163E1,-5.607366562E-1,-1.859418862E-2,-1.033237219E0
4.455896662E1,-6.245172024E-1,1.997875571E-1,-8.611556292E-1
4.456902263E1,-7.198421359E-1,3.522513807E-1,-7.610915899E-1
4.457907762E1,-8.112688065E-1,2.456393987E-1,-7.771708369E-1
4.458913263E1,-8.315639496E-1,-8.266337216E-2,-8.317957520E-1
4.459918763E1,-7.783922553E-1,-3.961932957E-1,-8.194414973E-1
4.460924363E1,-6.424983144E-1,-6.026849747E-1,-7.936924696E-1
4.461929863E1,-4.655809402E-1,-7.400473356E-1,-7.847312093E-1
4.462935362E1,-3.586211801E-1,-9.288100600E-1,-7.906296253E-1
4.463940963E1,-4.238595068E-1,6.479950249E-2,-6.377635002E-1
4.464946463E1,-9.794721007E-1,7.856125236E-1,-7.045157999E-2
4.465951963E1,-1.589535356E0,9.670753479E-1,-4.784861952E-2
4.466957463E1,-2.031329870E0,6.361296177E-1,-2.317835689E-1
4.467963062E1,-2.079854965E0,2.519617379E-1,-4.457336962E-1
4.468968563E1,-1.674255133E0,-5.275420472E-2,-5.414869189E-1
4.469974063E1,-1.099947214E0,-1.837022454E-1,-5.854310989E-1
4.470979562E1,-5.764859319E-1,-2.391117066E-1,-6.082376242E-1
4.471985163E1,-1.436448842E-1,-2.610429227E-1,-5.816098452E-1
4.472990662E1,1.723136157E-1,-1.836541444E-1,-4.540183246E-1
4.473996163E1,3.209067583E-1,-1.111795753E-1,-2.280379832E-1
4.475001663E1,3.615175784E-1,3.227558732E-2,-3.366237506E-2
4.476007263E1,3.843018115E-1,2.041460872E-1,-3.647204954E-3
4.477012763E1,3.840054274E-1,1.778002232E-1,-5.211487040E-2
4.478018262E1,3.983626068E-1,1.276854724E-1,-1.862059683E-1
4.479023763E1,4.219779074E-1,1.292705834E-1,-1.908981949E-1
4.480029362E1,5.506181717E-1,1.171762198E-1,-1.196947694E-1
4.481034863E1,8.977715969E-1,-1.446178406E-1,-2.407927066E-1
4.482040363E1,1.469099760E0,-4.457473159E-1,-5.002551675E-1
4.483045862E1,2.142421007E0,-6.183593273E-1,-6.350159049E-1
4.484051463E1,2.154626608E0,-8.898324966E-1,-9.906694293E-1
4.485056962E1,2.023914576E0,-2.234794796E-1,-1.324986219E0
4.486062463E1,1.885940433E0,-6.556936353E-2,-1.199087620E0
4.487067963E1,1.729638219E0,8.341612294E-3,-7.945883274E-1
4.488073562E1,1.575612068E0,2.778741419E-1,-2.333979607E-1
4.489079063E1,1.400107384E0,4.031585455E-1,2.748734951E-1
4.490084562E1,1.218327999E0,4.136476517E-1,5.092399716E-1
4.491090063E1,1.015706182E0,3.506295383E-1,4.560542703E-1
4.492095663E1,8.046244383E-1,2.346437573E-1,3.426690996E-1
4.493101187E1,6.194775105E-1,4.554867372E-2,3.593516648E-1
4.494106688E1,4.798377156E-1,-1.575304419E-1,5.193746090E-1
4.495112187E1,3.452988267E-1,-2.512497604E-1,7.130780220E-1
4.496117788E1,2.250458002E-1,-1.505893916E-1,7.759708762E-1
4.497123288E1,1.168570071E-1,-2.084684186E-2,6.554388404E-1
4.498128787E1,4.405602440E-2,1.106165275E-1,3.971859217E-1
4.499134288E1,7.373134140E-4,2.179174274E-1,1.457220018E-1
4.500139887E1,-3.901646938E-3,2.373744696E-1,6.721502170E-3
4.501145388E1,9.335861541E-3,1.990856826E-1,-1.010088716E-2
4.502150888E1,2.679239027E-3,9.669931233E-2,1.265405416E-1
4.503156488E1,-3.622501716E-2,-6.066341698E-2,3.386887312E-1
4.504161988E1,-1.103275269E-1,-2.370939702E-1,6.145272851E-1
4.505167487E1,-1.902897358E-1,-3.986237347E-1,7.577750087E-1
4.506172988E1,-2.808257341E-1,-6.013844013E-1,8.169611096E-1
4.507178587E1,-3.560970426E-1,-7.268733382E-1,8.870081306E-1
4.508184088E1,-3.964470327E-1,-7.493757010E-1,9.228604436E-1
4.509189588E1,-4.452755749E-1,-6.851397157E-1,8.348118067E-1
4.510195087E1,-5.023444295E-1,-5.675706267E-1,6.247146726E-1
4.511200688E1,-5.565711856E-1,-4.645248950E-1,4.399451017E-1
4.512206187E1,-6.070324183E-1,-3.352481723E-1,1.604954004E-1
4.513211688E1,-6.748149395E-1,-3.074477017E-1,-9.987972677E-2
4.514217188E1,-7.459051609E-1,-2.482628375E-1,-2.705927491E-1
4.515222787E1,-7.899666429E-1,-1.472717822E-1,-3.780694008E-1
4.516228288E1,-8.102279902E-1,-4.681303352E-2,-4.827874005E-1
4.517233788E1,-7.929376960E-1,9.136561304E-2,-5.660998821E-1
4.518239288E1,-7.477731109E-1,1.748893857E-1,-5.677576065E-1
4.519244888E1,-7.115927339E-1,1.736286432E-1,-4.726507664E-1
4.520250387E1,-7.417653203E-1,9.491728991E-2,-4.093684554E-1
4.521255888E1,-8.131582737E-1,-3.381752223E-2,-3.864559531E-1
4.522261388E1,-8.927804828E-1,-1.704941541E-1,-3.448836207E-1
4.523266988E1,-9.255852699E-1,-2.794395387E-1,-2.771383822E-1
4.524272488E1,-9.042671919E-1,-3.038942814E-1,-2.062601447E-1
4.525277987E1,-8.603050709E-1,-2.200971395E-1,-1.426646560E-1
4.526283488E1,-8.329876065E-1,-1.177937463E-1,-5.246858299E-2
4.527289087E1,-8.073605299E-1,-1.034467667E-1,1.770517789E-2
4.528294588E1,-7.839999795E-1,-1.435332447E-1,8.743435144E-2
4.529300088E1,-7.510933876E-1,-1.873252094E-1,1.583029330E-1
4.530305688E1,-6.889680624E-1,-2.349875271E-1,2.289349586E-1
4.531311188E1,-5.780910850E-1,-2.420513034E-1,2.675076425E-1
4.532316687E1,-4.355457723E-1,-1.839138120E-1,2.299529314E-1
4.533322188E1,-2.670062780E-1,-1.244518161E-1,1.262331903E-1
4.534327788E1,-9.983021021E-2,-7.171158493E-2,1.442800928E-2
4.535333287E1,4.043982178E-2,-2.727541141E-2,-5.263917148E-2
4.536338788E1,1.064181551E-1,1.059403736E-2,-4.561295733E-2
4.537344287E1,7.866668701E-2,2.379026823E-2,1.285940968E-2
4.538349888E1,-1.698752865E-2,-4.958402133E-4,7.396475226E-2
4.539355388E1,-1.487074792E-1,-6.535366178E-2,1.280130744E-1
4.540360887E1,-2.048848271E-1,-1.950532198E-1,1.834722161E-1
4.541366388E1,-1.841300130E-1,-1.479522884E-1,2.097474933E-1
4.542371987E1,-1.657346636E-1,-3.551359475E-2,9.146216512E-2
4.543377488E1,-1.645490229E-1,4.607554153E-2,-1.124890968E-1
4.544382988E1,-1.494522840E-1,6.562158465E-2,-2.231135815E-1
4.545388487E1,-1.445960104E-1,5.876101553E-2,-1.903311312E-1
4.546394088E1,-1.781283021E-1,2.399748005E-2,-8.462465554E-2
4.547399587E1,-2.348581702E-1,-7.362572476E-3,2.029989474E-2
4.548405088E1,-3.111032546E-1,3.388425708E-2,6.233833358E-2
4.549410588E1,-3.797017634E-1,1.498936862E-1,3.293783590E-2
4.550416188E1,-4.121442735E-1,2.836897671E-1,1.646775287E-3
4.551421688E1,-4.070925415E-1,3.526315391E-1,2.951569110E-2
4.552427187E1,-3.772037625E-1,2.945800126E-1,1.357261837E-1
4.553432788E1,-3.390609026E-1,1.688937247E-1,2.850246131E-1
4.554438287E1,-3.140881956E-1,3.490170464E-2,4.022029340E-1
4.555443788E1,-3.214910030E-1,-6.371994317E-2,4.567974508E-1
4.556449288E1,-3.248625994E-1,-8.890616894E-2,4.306488037E-1
4.557454887E1,-2.765672505E-1,-1.026893631E-1,3.536978364E-1
4.558460388E1,-1.599378586E-1,-7.764472812E-2,2.722482383E-1
4.559465888E1,-4.714818671E-2,-9.265084565E-2,1.760956049E-1
4.560471388E1,1.237206254E-2,-8.726672269E-3,9.766583145E-2
4.561476988E1,1.635055989E-2,5.164505914E-2,2.921593748E-2
4.562482487E1,-4.169435427E-2,9.648831934E-2,-1.299731061E-2
4.563487988E1,-1.254305243E-1,1.203246787E-1,-6.868107617E-2
4.564493488E1,-2.079758197E-1,1.340912879E-1,-1.281706244E-1
4.565499088E1,-2.776486278E-1,8.439536393E-2,-1.685904860E-1
4.566504588E1,-3.240798116E-1,5.134312063E-2,-1.677629203E-1
4.567510087E1,-3.407618701E-1,4.296508431E-2,-1.488318443E-1
4.568515588E1,-3.326999843E-1,1.741240360E-2,-1.600337625E-1
4.569521187E1,-2.925363183E-1,-2.785521001E-2,-1.955954880E-1
4.570526688E1,-2.245138735E-1,-4.959108308E-2,-2.265338004E-1
4.571532188E1,-2.033324242E-1,-3.154343227E-3,-2.341485769E-1
4.572537788E1,-2.168137729E-1,1.932879165E-2,-2.486398816E-1
4.573543288E1,-2.369611263E-1,7.193831727E-3,-2.459423691E-1
4.574548787E1,-2.509919107E-1,-2.016811073E-2,-2.299368978E-1
4.575554288E1,-2.330797762E-1,-1.119485497E-2,-2.157872468E-1
4.576559888E1,-2.517797351E-1,2.952045202E-2,-2.390859872E-1
4.577565387E1,-2.983238101E-1,2.398347296E-2,-2.846190929E-1
4.578570888E1,-3.296030462E-1,7.005776465E-2,-3.093841672E-1
4.579576387E1,-3.342188299E-1,1.025632471E-1,-3.089175820E-1
4.580581988E1,-3.513507545E-1,1.148503944E-1,-2.847875357E-1
4.581587488E1,-3.957688212E-1,1.270308942E-1,-2.551641166E-1
4.582592987E1,-4.351546168E-1,5.205198005E-2,-2.298495173E-1
4.583598488E1,-4.495346248E-1,1.177513041E-2,-2.225623131E-1
4.584604087E1,-4.074788988E-1,2.926000766E-2,-2.243728042E-1
4.585609588E1,-3.685472012E-1,1.275820583E-1,-2.345111966E-1
4.586615088E1,-4.509640038E-1,2.700835466E-1,-3.177150488E-1
4.587620587E1,-5.622263551E-1,-2.764977515E-1,-3.192303777E-1
4.588626188E1,-2.615579069E-1,8.631162345E-2,-5.789710954E-2
4.589631687E1,5.668796971E-2,5.423730984E-2,2.455788702E-1
4.590637188E1,2.883373797E-1,3.193547484E-3,3.562130928E-1
4.591642688E1,5.171215534E-1,1.820232123E-1,3.084684610E-1
4.592648300E1,6.396145225E-1,3.105944097E-1,1.969692260E-1
4.593653800E1,5.934792757E-1,3.221165836E-1,9.577497840E-2
4.594659300E1,4.500477612E-1,3.525671661E-1,1.624007151E-2
4.595664800E1,2.779446840E-1,3.937071264E-1,-3.480793163E-2
4.596670400E1,1.238493770E-1,2.760548890E-1,5.931352079E-2
4.597675900E1,5.179676041E-2,1.933230162E-1,2.126053423E-1
4.598681400E1,6.008889154E-2,5.999562889E-2,3.126761317E-1
4.599687000E1,2.390778065E-1,1.285527926E-2,2.652867734E-1
4.600692500E1,4.869058430E-1,-7.566959411E-2,2.337072790E-1
4.601698000E1,6.989650726E-1,-1.418992132E-1,2.455910891E-1
4.602703500E1,8.409705758E-1,-1.801300645E-1,2.904063463E-1
4.603709100E1,8.652636409E-1,-2.295884341E-1,3.601510823E-1
4.604714600E1,7.727329135E-1,-1.649931520E-1,4.261899292E-1
4.605720100E1,6.143049002E-1,-1.036253944E-1,4.028047025E-1
4.606725600E1,4.410356879E-1,-5.361430347E-2,2.910442352E-1
4.607731200E1,2.962345481E-1,4.485661164E-2,1.453847885E-1
4.608736700E1,1.825593263E-1,1.321287751E-1,1.748802885E-2
4.609742200E1,8.998117596E-2,2.270651460E-1,-5.771058425E-2
4.610747700E1,-7.045874745E-2,3.891145289E-1,2.770244889E-2
4.611753300E1,-3.349183500E-1,4.193730950E-1,1.620786190E-1
4.612758800E1,-6.081613302E-1,3.901413083E-1,1.619427949E-1
4.613764300E1,-8.430747986E-1,4.322381616E-1,7.354449481E-2
4.614769900E1,-1.063745975E0,3.586990833E-1,-2.366971970E-2
4.615775400E1,-1.214698911E0,1.271185875E-1,-2.888871543E-2
4.616780900E1,-1.335347056E0,-6.170707196E-2,4.384295642E-2
4.617786400E1,-1.405338883E0,-1.077864170E-1,1.639850736E-1
4.618792000E1,-1.405530334E0,-6.913214922E-2,2.379340529E-1
4.619797500E1,-1.332015157E0,5.825856328E-2,2.226131558E-1
4.620803000E1,-1.262579560E0,2.348897010E-1,1.495268345E-1
4.621808500E1,-1.146792769E0,4.256141186E-1,-4.219839722E-2
4.622814100E1,-9.447345138E-1,5.242491961E-1,-1.666269451E-1
4.623819600E1,-7.267542481E-1,4.433479309E-1,-5.685809627E-2
4.624825100E1,-5.663053393E-1,3.527266085E-1,1.208941415E-1
4.625830600E1,-4.551601708E-1,3.474964499E-1,2.084831297E-1
4.626836200E1,-3.884830475E-1,2.409690171E-1,1.795296818E-1
4.627841700E1,-2.968932092E-1,1.352529675E-1,1.227146164E-1
4.628847200E1,-1.200188883E-2,3.842334747E-1,-6.705421209E-2
4.629852700E1,3.422581851E-1,3.754988313E-1,-1.624896526E-1
4.630858300E1,5.693891048E-1,8.070565760E-2,-2.539063990E-2
4.631863800E1,7.263336778E-1,-1.144052446E-1,5.256061628E-2
4.632869300E1,1.228149056E0,-4.837151766E-1,-1.070685685E-1
4.633874900E1,1.549863458E0,-4.380131960E-1,-2.850875556E-1
4.634880400E1,1.675187111E0,-4.783115387E-1,-4.238015115E-1
4.635885900E1,1.761389613E0,-4.577063918E-1,-4.444817603E-1
4.636891400E1,1.909947872E0,-5.406793952E-1,-3.618369997E-1
4.637897000E1,1.993577242E0,-4.045476317E-1,-1.663657874E-1
4.638902500E1,2.117219687E0,2.610073090E-1,-9.960317612E-2
4.639908000E1,2.436535120E0,8.209211826E-1,-3.273838758E-1
4.640913500E1,2.884193659E0,6.442214847E-1,-5.385456681E-1
4.641919100E1,3.060665607E0,5.767250061E-2,-3.479493260E-1
4.642924600E1,3.071101189E0,-2.549234629E-1,1.559979469E-1
4.643930100E1,2.997917414E0,-5.433525443E-1,7.910411954E-1
4.644935600E1,2.865406275E0,-7.173059583E-1,1.222913980E0
4.645941200E1,2.740570307E0,-1.083670378E0,1.457983255E0
4.646946700E1,2.614990473E0,-1.518334985E0,1.514989257E0
4.647952200E1,2.467724085E0,-1.478005886E0,1.305595517E0
4.648957800E1,2.214830160E0,-9.849373102E-1,1.028586268E0
4.649963300E1,1.884742498E0,-5.229315758E-1,1.019314170E0
4.650968800E1,1.681007624E0,-5.338395834E-1,1.306764722E0
4.651974300E1,1.413952470E0,-1.070034027E0,1.741200328E0
4.652979900E1,1.009843111E0,-1.465842605E0,1.879384995E0
4.653985400E1,6.855112910E-1,-1.860115886E0,1.964865327E0
4.654990900E1,5.512101054E-1,-2.063109159E0,1.996781707E0
4.655996400E1,5.399001837E-1,-2.281918287E0,2.146144629E0
4.657002000E1,4.709796906E-1,-2.303900242E0,2.287919521E0
4.658007500E1,3.303107321E-1,-2.232852459E0,1.989043355E0
4.659013000E1,3.172166049E-1,-2.336732864E0,1.563653946E0
4.660018500E1,4.228770137E-1,-2.190906525E0,1.282948732E0
4.661024100E1,6.094138622E-1,-1.901274204E0,1.164884806E0
4.662029600E1,7.511039376E-1,-1.588377357E0,9.855467677E-1
4.663035100E1,7.410278916E-1,-1.531042933E0,1.086829185E0
4.664040700E1,7.191010118E-1,-1.652158380E0,1.449526191E0
4.665046200E1,5.767939091E-1,-1.804794431E0,1.625334144E0
4.666051700E1,2.784644663E-1,-1.564643145E0,1.543752789E0
4.667057200E1,3.268415481E-2,-1.282975674E0,1.479420304E0
4.668062800E1,6.532443687E-3,-9.829815030E-1,1.535313368E0
4.669068300E1,2.075426579E-1,-8.361554742E-1,1.316854477E0
4.670073800E1,4.685937166E-1,-1.028439641E0,9.319604635E-1
4.671079300E1,6.684457660E-1,-1.345836401E0,6.233779192E-1
4.672084900E1,7.448387742E-1,-1.536895275E0,5.527873635E-1
4.673090400E1,6.344534755E-1,-1.469049335E0,7.397664785E-1
4.674095900E1,4.259697795E-1,-1.171256542E0,9.244218469E-1
4.675101400E1,1.082107872E-1,-1.032343149E0,1.064182043E0
4.676107000E1,-9.128794074E-2,-9.929773211E-1,1.049106956E0
4.677112500E1,-1.515094340E-1,-1.008708596E0,9.156587124E-1
4.678118000E1,-6.097794324E-2,-8.065906167E-1,6.966669559E-1
4.679123600E1,8.981649578E-2,-7.278243303E-1,6.107684970E-1
4.680129100E1,2.845702469E-1,-5.640689731E-1,3.780696988E-1
4.681134600E1,3.333176076E-1,-3.954453170E-1,1.748780459E-1
4.682140100E1,3.439500034E-1,-2.250456065E-1,1.030648351E-1
4.683145700E1,3.933380246E-1,-2.728755176E-1,2.216990292E-1
4.684151200E1,8.955137730E-1,-1.538636208E0,5.299740434E-1
4.685156700E1,1.322468281E0,-2.559150457E0,3.217824101E-1
4.686162200E1,1.268138766E0,-2.501289129E0,4.060453475E-1
4.687167800E1,1.198750973E0,-2.320991278E0,7.603257895E-1
4.688173300E1,1.444233537E0,-1.460382223E0,8.442068100E-1
4.689178800E1,1.894353867E0,-1.994336724E0,5.384578705E-1
4.690184300E1,7.405263186E-2,-3.156488180E0,3.451331258E-1
4.691189900E1,-8.825948089E-2,9.428433180E-1,2.117515653E-1
4.692195400E1,3.039606288E-2,5.588655546E-2,6.428989768E-1
4.693200888E1,-5.583110452E-2,-3.366346955E-1,1.279760599E-1
4.694206488E1,-6.999059767E-2,7.090193033E-2,4.341911152E-2
4.695211988E1,-4.621950537E-2,3.771825507E-2,3.801343963E-2
4.696217487E1,-1.175682545E-1,5.840435997E-2,2.437672392E-2
4.697222988E1,-1.206022203E-1,6.045175716E-2,-1.044878140E-1
4.698228587E1,-1.182967201E-1,5.082469434E-2,-3.022629321E-1
4.699234088E1,9.642314166E-3,-1.280867457E-1,-3.817967176E-1
4.700239588E1,5.767681170E-3,-1.412155926E-1,-3.918246031E-1
4.701245087E1,-6.149417162E-2,-1.672220379E-1,-2.760859132E-1
4.702250688E1,-5.014777184E-2,-2.784771919E-1,-1.088481918E-1
4.703256188E1,1.662084907E-1,-7.472890019E-1,-2.154373080E-1
4.704261688E1,-3.613529354E-2,-9.880637527E-1,-2.933645844E-1
4.705267288E1,-1.557358503E-1,-4.951068759E-1,-1.857474297E-1
4.706272787E1,-3.746299446E-2,-1.049894616E-1,-6.416506320E-2
4.707278288E1,-2.270819992E-2,-6.774204224E-2,-6.718381494E-2
4.708283788E1,-1.020066440E-2,-2.872939594E-2,-8.345253021E-2
4.709289388E1,-2.197704744E-3,-9.507957846E-3,-6.480538752E-3
4.710294888E1,-4.908848787E-4,-7.096731570E-3,-1.739312895E-3
4.711300387E1,5.281092017E-4,-3.866286483E-3,2.926500048E-3
4.712305888E1,1.299627009E-3,-1.392742503E-3,2.596103586E-4
4.713311487E1,-1.014173264E-3,-1.457211329E-3,-1.995168626E-3
4.714316988E1,2.820246154E-3,-2.377866069E-3,-1.119521447E-3
4.715322488E1,-2.199955634E-4,-1.533900155E-3,-1.383632887E-3
4.716327987E1,-9.100206080E-4,-7.898129988E-4,-5.788258277E-4
4.717333588E1,-8.310535923E-4,-1.846822852E-4,-1.389612444E-4
4.718339087E1,-7.186682196E-4,8.893705672E-4,-2.166425809E-3
4.719344588E1,-2.039315645E-3,-1.483884058E-3,1.600985415E-4
4.720350188E1,7.764447364E-4,-1.559251570E-3,-1.103304792E-3
4.721355687E1,-5.510122282E-4,1.910252031E-3,2.667154185E-4
4.722361188E1,3.091888502E-4,-8.985838504E-4,2.037268132E-5
4.723366687E1,-2.352443407E-4,5.908863386E-6,-8.943653665E-4
4.724372288E1,3.152310383E-4,1.494882163E-3,-1.353644766E-4
4.725377788E1,-1.157602994E-3,-9.596821619E-4,-1.212629490E-3
4.726383287E1,8.770520799E-4,1.501078717E-3,1.501930412E-3
4.727388788E1,7.200136315E-5,-7.847024826E-4,-1.404303592E-3
4.728394387E1,9.918571450E-4,-7.950887084E-4,-2.551593352E-3
4.729399888E1,1.717279432E-3,1.676847343E-3,6.177611649E-4
4.730405388E1,-1.378786401E-4,1.611067215E-3,2.579679713E-4
4.731410887E1,7.439770852E-4,8.828775026E-4,1.955675427E-3
4.732416488E1,-1.599870855E-3,-1.226878725E-3,-1.705922186E-4
4.733421987E1,-7.879706100E-4,3.565137275E-3,1.429239754E-3
4.734427488E1,-4.683912266E-4,-2.068247413E-3,-2.342862077E-3
4.735433087E1,2.992455382E-3,-2.002171939E-3,8.068140596E-4
4.736438588E1,2.075529192E-3,-5.105353775E-4,-7.580500096E-6
4.737444088E1,-9.903336177E-4,1.383643365E-3,5.893385969E-4
4.738449587E1,5.628219224E-4,-1.605754951E-3,-2.210610546E-4
4.739455188E1,5.078549148E-4,-7.622624398E-4,-8.919266984E-4
4.740460687E1,-1.023462741E-3,-6.171201239E-4,9.419256821E-4
4.741466188E1,2.802921226E-4,7.581945392E-4,-3.551230766E-4
4.742471688E1,1.671077916E-4,7.968103746E-4,-6.448752247E-4
4.743477287E1,-1.006372739E-3,1.908374950E-3,-1.996990759E-3
4.744482788E1,7.145619602E-4,1.200623810E-4,-5.048215389E-4
4.745488288E1,-8.525250014E-4,1.897533075E-3,7.655643858E-4
4.746493888E1,-6.971298717E-6,7.318675052E-4,-7.120100781E-5
4.747499388E1,-2.126773121E-3,5.854637129E-4,7.947138511E-4
4.748504887E1,7.217439706E-4,1.870548003E-4,9.736781940E-4
4.749510388E1,1.898984308E-3,1.984856091E-3,3.409328870E-3
4.750515987E1,-5.500586703E-4,-2.700709505E-3,1.199970953E-3
4.751521488E1,8.409763686E-4,9.536235593E-4,7.211691700E-4
4.752526988E1,7.171393372E-4,7.882412756E-4,-1.073400490E-4
4.753532487E1,1.681042486E-4,6.228152779E-5,-1.617150381E-3
4.754538088E1,4.735688271E-4,1.476420090E-3,-2.965775318E-3
4.755543587E1,-5.811201991E-4,4.855010775E-5,-3.015906550E-4
4.756549088E1,-6.737982039E-4,7.580162492E-4,-1.330902334E-3
4.757554687E1,-2.026895992E-3,1.580007374E-3,2.060068306E-3
4.758560188E1,1.459771011E-4,-9.127114317E-4,-6.060218439E-4
4.759565688E1,2.235539258E-3,9.930919623E-5,1.110485755E-4
4.760571187E1,5.420349771E-4,1.370968646E-3,-1.491419971E-4
4.761576788E1,-1.913564629E-4,-1.125282608E-3,-1.121766865E-3
4.762582288E1,-4.595367936E-4,-2.277972817E-4,-2.210200764E-3
4.763587788E1,2.966262400E-4,-3.227865091E-5,-2.310839482E-3
4.764593288E1,3.101201262E-3,-5.824877881E-4,1.994426362E-3
4.765598887E1,-1.082946546E-4,-1.133842859E-3,-7.028267719E-4
4.766604388E1,-1.346930861E-3,4.089263675E-4,-9.254673496E-4
4.767609888E1,-1.025510253E-3,1.014252775E-3,1.162644010E-3
4.768615488E1,-1.104073366E-3,-6.443638122E-4,-1.511170063E-3
4.769620988E1,-1.610799460E-3,1.029102714E-5,-2.022127621E-3
4.770626487E1,1.490984345E-3,1.791413175E-3,-1.544528641E-4
4.771631988E1,7.037977339E-4,-5.757050239E-4,-1.120474190E-4
4.772637587E1,-7.164661074E-4,-5.825280095E-5,8.775829338E-4
4.773643088E1,2.543357841E-4,-1.104860799E-3,9.453590028E-4
4.774648588E1,-3.244791413E-3,-1.078229165E-3,-5.561313592E-4
4.775654087E1,-2.679550671E-4,4.878205364E-4,-1.806783956E-3
4.776659688E1,2.204686753E-4,9.219158092E-4,1.250728965E-4
4.777665187E1,-1.880304655E-3,1.934076659E-3,3.676866181E-4
4.778670688E1,-1.584161073E-3,7.817269070E-4,7.008481771E-4
4.779676188E1,-9.764230344E-4,5.632857792E-4,2.238247544E-4
4.780681787E1,1.740625012E-4,-1.055649831E-3,5.444791168E-5
4.781687288E1,5.666460493E-5,-1.803800697E-3,3.561835736E-3
4.782692787E1,-9.140576585E-4,-9.345449507E-4,-2.387399320E-3
4.783698388E1,-1.066797879E-3,-6.535262219E-4,5.434802733E-4
4.784703888E1,-1.262540231E-3,-8.866970893E-5,2.190113068E-3
4.785709387E1,-2.189880237E-3,-6.883580354E-4,1.385731623E-3
4.786714888E1,-1.094788196E-3,-9.914257098E-4,1.224876381E-3
4.787720487E1,6.496759597E-4,2.513828804E-4,5.430518650E-4
4.788725988E1,5.525842425E-5,2.966741798E-3,9.004818276E-5
4.789731488E1,-1.417023013E-4,1.354921376E-3,-1.067257486E-3
4.790737088E1,-7.768662181E-4,1.159179024E-3,1.984508708E-5
4.791742588E1,2.254320541E-3,-1.048057689E-3,-1.218226738E-3
4.792748075E1,3.743951092E-4,1.971967053E-3,-1.593539491E-4
4.793753575E1,3.057901631E-4,-2.945819870E-3,-4.925583489E-4
4.794759175E1,-7.445605006E-4,1.827629982E-3,-3.247791901E-4
4.795764675E1,2.928584348E-3,1.000914373E-3,-1.045692712E-3
4.796770175E1,1.994347200E-3,1.751925796E-3,-4.115938209E-4
4.797775675E1,-9.696645429E-5,1.106792188E-4,-1.212581992E-5
4.798781275E1,1.713450416E-3,2.564249560E-3,-9.458302520E-4
4.799786775E1,-4.145932617E-4,2.826469718E-3,5.192132667E-4
4.800792275E1,3.115426749E-3,5.521301646E-4,-1.188672148E-3
4.801797775E1,-7.654047804E-4,1.554506831E-3,-2.064849716E-3
4.802803375E1,-1.226397930E-3,-1.089213183E-3,-1.786815934E-3
4.803808875E1,-3.434948740E-4,-4.066353722E-4,-6.333189085E-4
4.804814375E1,4.083154781E-4,1.092458027E-3,-7.867170498E-4
4.805819975E1,3.261662321E-3,-2.039164770E-3,4.076673649E-4
4.806825475E1,1.061092364E-3,-3.180329455E-3,2.043647226E-3
4.807830975E1,1.977969077E-4,-1.131952042E-3,-2.983687446E-4
4.808836475E1,1.449482515E-3,1.465162612E-3,5.386625417E-4
4.809842075E1,2.956510754E-3,-2.860001405E-4,-2.016725484E-3
4.810847575E1,3.407384036E-3,-5.648330553E-4,5.819867365E-4
4.811853075E1,1.126840478E-3,7.680751150E-4,1.681371126E-3
4.812858575E1,8.730412228E-4,3.863530583E-5,2.547153272E-4
4.813864175E1,1.821432495E-3,-6.860391004E-4,1.106946263E-3
4.814869675E1,1.250983449E-3,-1.933463849E-3,-6.138253957E-5
4.815875175E1,-5.025159335E-4,-1.041583950E-3,-9.437003173E-4
4.816880775E1,-2.082835650E-3,-1.227206201E-3,7.458091713E-4
4.817886275E1,6.751937326E-4,1.605085097E-3,-7.391534746E-4
4.818891775E1,-1.656936482E-3,-5.968165351E-4,-1.111995894E-3
4.819897275E1,-2.354912460E-3,-1.126333023E-3,4.287450574E-4
4.820902875E1,1.342620468E-3,7.091176230E-4,9.589800611E-4
4.821908375E1,-2.824378666E-3,-1.318188617E-3,-3.197668120E-4
4.822913875E1,-5.822632229E-4,-3.847507469E-4,1.040309202E-3
4.823919475E1,2.441558172E-4,6.120392936E-4,1.945700496E-4
4.824924975E1,-1.014986774E-3,4.607717565E-4,1.474320889E-4
4.825930475E1,3.641202347E-4,-7.011450361E-4,-3.370326012E-4
4.826935975E1,1.085570548E-3,5.848954315E-4,-2.020683140E-3
4.827941575E1,5.621506134E-4,1.830344554E-3,8.829785511E-4
4.828947075E1,-3.515799181E-4,4.391091934E-4,6.795129739E-4
4.829952575E1,-3.297929652E-6,-1.096403692E-3,-2.906764857E-4
4.830958075E1,2.750023850E-4,-1.038080547E-3,8.100080304E-4
4.831963675E1,-4.375490826E-4,-7.817427395E-4,-1.898464747E-3
4.832969175E1,-4.804259515E-4,1.840938232E-3,-3.396493150E-3
4.833974675E1,-2.107715467E-3,-8.840080118E-4,-1.889156643E-3
4.834980275E1,1.225763117E-3,-2.563009621E-4,-9.200326167E-4
4.835985775E1,1.580632874E-3,-4.255347885E-4,-2.960488200E-5
4.836991275E1,1.281448349E-4,1.989764714E-4,-1.512452960E-3
4.837996775E1,1.098552486E-3,8.003634284E-4,7.883934304E-4
4.839002375E1,9.036090923E-4,6.797222304E-4,1.078145579E-3
4.840007875E1,-1.696305117E-3,7.933195448E-4,-4.955036566E-4
4.841013375E1,6.973439595E-4,-1.948937424E-3,-1.330473460E-4
4.842018875E1,-9.509383235E-4,6.839718553E-4,8.482038975E-4
4.843024475E1,2.073081210E-3,1.445369679E-3,1.694822684E-3
4.844029975E1,-1.768579707E-3,-8.789518615E-4,-1.699310727E-3
4.845035475E1,-7.161329268E-5,-4.188994877E-3,-5.158018321E-4
4.846041075E1,-1.158245141E-6,-3.036413691E-4,3.740205429E-4
4.847046575E1,4.651234485E-5,-8.423989057E-4,-2.063571010E-3
4.848052075E1,1.605417638E-4,-6.962786429E-4,2.271221019E-3
4.849057575E1,9.632185102E-4,1.255019451E-3,6.956951693E-4
4.850063175E1,9.514758131E-5,-1.860155375E-3,-1.025986858E-4
4.851068675E1,7.835747092E-4,1.229910529E-3,-1.019258983E-3
4.852074175E1,-1.063483069E-3,-2.114123432E-3,5.220174789E-4
4.853079675E1,6.042420864E-6,5.162807647E-4,-1.220755279E-3
4.854085275E1,1.251657959E-3,2.595239319E-3,-1.517498866E-3
4.855090775E1,-4.684777523E-4,-4.006054951E-6,-9.784754366E-4
4.856096275E1,-3.885526210E-3,-1.046380959E-3,2.025508787E-3
4.857101875E1,3.393126535E-4,-7.403836935E-4,-2.911966294E-5
4.858107375E1,1.880391384E-3,-5.834648618E-4,4.735295661E-4
4.859112875E1,1.415936160E-3,1.485544955E-3,6.740656681E-4
4.860118375E1,9.385935264E-4,8.170477231E-4,7.281485014E-4
4.861123975E1,-4.904587404E-4,9.051983943E-4,2.184631769E-3
4.862129475E1,8.464991115E-4,-2.106829081E-3,-1.641956624E-3
4.863134975E1,1.946118311E-3,-7.542097010E-4,9.301244281E-4
4.864140475E1,2.952797338E-3,-7.998683723E-4,3.230571747E-4
4.865146075E1,6.941706524E-4,1.791920047E-3,-1.110256184E-3
4.866151575E1,1.073802239E-3,5.123887095E-4,1.078471541E-5
4.867157075E1,-8.926758892E-4,1.009334577E-3,-2.406300046E-3
4.868162675E1,2.195742913E-3,-5.896749208E-4,5.236328579E-4
4.869168175E1,-5.121593131E-4,6.201991346E-4,-1.477999147E-3
4.870173675E1,-7.121841190E-4,-2.764458070E-3,1.452457625E-3
4.871179175E1,-4.053879529E-4,1.326956321E-3,-4.820628092E-4
4.872184775E1,1.238795929E-3,8.395670447E-4,3.921408206E-4
4.873190275E1,-6.109304377E-5,-2.248368459E-3,-1.735192258E-3
4.874195775E1,2.316403203E-3,5.929332692E-4,-3.334232606E-4
4.875201275E1,8.649803349E-4,-1.095777145E-3,1.651202329E-4
4.876206875E1,-1.977985376E-4,6.137975724E-4,-5.442001857E-4
4.877212375E1,1.393972780E-3,-1.132703503E-3,5.128085613E-4
4.878217875E1,-1.660020673E-3,-3.769441391E-4,-2.716137096E-4
4.879223475E1,2.210617531E-3,1.764503657E-3,-3.469809890E-4
4.880228975E1,-3.582926583E-4,-1.436144928E-3,-1.820911653E-3
4.881234475E1,-1.867772313E-3,-2.198792063E-4,2.520927228E-4
4.882239975E1,8.138061967E-4,-6.674031029E-4,-1.030242536E-3
4.883245575E1,-8.826274425E-4,1.464989968E-3,3.777709790E-4
4.884251075E1,-8.532076608E-4,2.244974254E-3,-5.128406920E-4
4.885256575E1,1.119928318E-3,1.933650696E-3,-5.213632248E-4
4.886262075E1,4.301659646E-4,-1.969694858E-3,-4.044217058E-3
4.887267675E1,-1.189302304E-3,-6.487671053E-4,1.597156748E-3
4.888273175E1,2.103003353E-4,5.990215577E-4,2.546189353E-4
4.889278675E1,-1.943930751E-3,5.809120485E-4,-2.180919982E-4
4.890284275E1,-3.946715035E-3,5.053700297E-4,1.685349736E-3
4.891289775E1,-1.471839380E-3,-4.578953667E-4,-4.758057185E-4
4.892295275E1,-3.093470878E-4,3.515235439E-4,9.355498478E-4
4.893300804E1,1.261917991E-3,-2.156108851E-3,-5.049542524E-4
4.894306404E1,1.019156043E-4,-1.262236270E-3,6.534042768E-4
4.895311904E1,1.283027581E-3,-6.403881125E-4,-6.190538406E-4
4.896317404E1,2.538239816E-3,1.479984203E-4,-1.144409180E-5
4.897323004E1,1.694550388E-3,-4.179233219E-4,-6.292974576E-4
4.898328504E1,1.245860039E-4,-9.509570082E-4,-7.672421634E-5
4.899334004E1,5.650728708E-4,-5.269818357E-4,-5.651479587E-4
4.900339504E1,-4.087115172E-3,-1.386815566E-3,2.093231305E-3
4.901345104E1,-1.056704205E-3,7.825954817E-4,-2.165278420E-4
4.902350604E1,1.361078001E-3,5.582616432E-4,-6.147343665E-4
4.903356104E1,-1.771638636E-4,-7.299093413E-4,-9.018229321E-4
4.904361604E1,6.611854769E-4,4.561323149E-4,-6.312546320E-4
4.905367204E1,-1.425933791E-3,1.032634755E-4,-1.768691000E-3
4.906372704E1,7.053287700E-4,1.209386857E-3,-1.202147920E-3
4.907378204E1,1.447333780E-4,-2.486937447E-4,-8.785738610E-4
4.908383804E1,-9.639906348E-4,1.472547534E-3,1.743299421E-3
4.909389304E1,-1.673190389E-3,2.357755875E-4,9.411554784E-4
4.910394804E1,4.858395550E-4,-1.160390559E-3,-1.500942279E-3
4.911400304E1,-2.155217109E-3,-9.798282990E-4,6.690016016E-4
4.912405904E1,-1.397716347E-3,-1.112137106E-4,1.114760991E-3
4.913411404E1,-1.150575001E-3,-1.829485176E-3,2.638814040E-4
4.914416904E1,-5.859473604E-4,1.089387806E-3,-2.972989809E-3
4.915422504E1,6.034204271E-4,9.791329503E-4,1.407111064E-3
4.916428004E1,-3.246546956E-3,-1.219202240E-4,-2.690781839E-3
4.917433504E1,-2.904383291E-4,-8.103473810E-4,2.137795091E-3
4.918439004E1,-1.662370923E-4,-6.964538246E-3,4.142319784E-3
4.919444604E1,2.588536590E-3,5.628553778E-2,2.021112479E-3
4.920450104E1,-4.558162764E-4,5.567654502E-3,-5.342213437E-3
4.921455604E1,2.395350602E-4,2.122589620E-3,-6.893504877E-3
4.922461104E1,2.911826130E-3,1.464398485E-2,-9.338457137E-3
4.923466704E1,7.051308057E-4,1.109905075E-2,-7.801813073E-3
4.924472204E1,7.108001155E-4,-5.798554048E-3,7.171697170E-2
4.925477704E1,-1.416000305E-3,-1.533240359E-2,3.025110364E-1
4.926483304E1,-3.248201916E-3,-2.478102222E-2,8.629426956E-1
4.927488804E1,-4.297753796E-3,-2.506145276E-2,1.294835567E0
4.928494304E1,-1.392615959E-3,-3.475528583E-2,1.896250248E-1
4.929499804E1,-3.169476986E-3,-3.635345027E-2,-4.991504550E-1
4.930505404E1,4.101337981E-4,-5.887912214E-2,-3.516473174E-1
4.931510904E1,5.384119693E-3,-7.065562159E-2,4.072658718E-2
4.932516404E1,9.991706349E-3,-8.673866838E-2,-2.245153487E-2
4.933522004E1,3.444219008E-2,-1.178742200E-1,-1.265481114E-1
4.934527504E1,3.726456761E-1,4.963521063E-1,-2.095828205E-1
4.935533004E1,3.703098297E-1,7.360893488E-1,-3.674960136E-1
4.936538504E1,1.918171942E-1,7.665242553E-1,-4.080790579E-1
4.937544104E1,2.044735998E-1,8.351824284E-1,-4.737078547E-1
4.938549604E1,2.602439225E-1,4.462904930E-1,-6.882081032E-1
4.939555104E1,2.930498123E-1,9.002584964E-2,-9.244118333E-1
4.940560604E1,2.209280282E-1,3.198575974E-2,-9.563249946E-1
4.941566204E1,2.534486949E-1,-1.306811869E-1,-4.176548421E-1
4.942571704E1,2.763759792E-1,-2.639254332E-1,1.192643270E-1
4.943577204E1,8.880502731E-2,-4.972857237E-1,3.717650175E-1
4.944582804E1,-2.948030233E-1,-5.594143867E-1,6.492901128E-3
4.945588304E1,-6.717646718E-1,-1.849942207E-1,-5.396290421E-1
4.946593804E1,-9.524002075E-1,1.502693146E-1,-9.352710843E-1
4.947599304E1,-8.701663017E-1,4.598133266E-1,-1.217477679E0
4.948604904E1,-7.022941113E-1,1.037550092E0,-1.443825841E0
4.949610404E1,-5.635216236E-1,1.464484572E0,-1.450613499E0
4.950615904E1,-4.986403584E-1,2.029136419E0,-1.371083140E0
4.951621504E1,-6.154966950E-1,2.529408455E0,-1.448933721E0
4.952627004E1,-8.245379329E-1,2.942215919E0,-1.536365271E0
4.953632504E1,-1.099283338E0,3.445754528E0,-1.499937177E0
4.954638004E1,-1.404002428E0,3.884710550E0,-1.415558338E0
4.955643604E1,-1.696637750E0,4.114494801E0,-1.462939978E0
4.956649104E1,-2.055433035E0,4.191563606E0,-1.721577525E0
4.957654604E1,-2.301638126E0,3.942179680E0,-2.042670488E0
4.958660204E1,-2.293227673E0,3.415194750E0,-2.435873747E0
4.959665704E1,-2.282745600E0,2.816153049E0,-2.710700274E0
4.960671204E1,-2.273631334E0,2.545360565E0,-2.864538431E0
4.961676704E1,-2.256639957E0,2.309643269E0,-2.503802776E0
4.962682304E1,-2.016200781E0,2.480525732E0,-2.200156689E0
4.963687804E1,-1.858265162E0,2.690238237E0,-2.161746740E0
4.964693304E1,-1.881985426E0,2.951901674E0,-2.280913830E0
4.965698804E1,-2.048494101E0,3.162696838E0,-2.281686783E0
4.966704404E1,-2.098555088E0,2.901674986E0,-2.164943457E0
4.967709904E1,-2.085953474E0,2.229778528E0,-2.076952219E0
4.968715404E1,-2.090921164E0,1.530205131E0,-1.974314332E0
4.969721004E1,-2.091455936E0,1.160550714E0,-1.901816130E0
4.970726504E1,-2.020859241E0,1.047300220E0,-1.844070554E0
4.971732004E1,-1.867277145E0,1.015231729E0,-1.724933982E0
4.972737504E1,-1.712616205E0,9.696283937E-1,-1.494339824E0
4.973743104E1,-1.586649299E0,9.555610418E-1,-1.212628841E0
4.974748604E1,-1.429357767E0,9.293251634E-1,-9.984312654E-1
4.975754104E1,-1.246148825E0,7.861962318E-1,-9.258473516E-1
4.976759704E1,-1.104635239E0,6.430945992E-1,-9.458543658E-1
4.977765204E1,-1.089819789E0,5.520653725E-1,-1.048546672E0
4.978770704E1,-1.188562036E0,4.479772449E-1,-1.199918985E0
4.979776204E1,-1.316934347E0,3.548126817E-1,-1.267003536E0
4.980781804E1,-1.445134878E0,2.557832301E-1,-1.150147200E0
4.981787304E1,-1.501049757E0,3.159157932E-1,-9.345448613E-1
4.982792804E1,-1.480118990E0,3.932631612E-1,-6.907105446E-1
4.983798304E1,-1.408810377E0,4.277335405E-1,-5.260257721E-1
4.984803904E1,-1.312849879E0,4.978756607E-1,-4.654939771E-1
4.985809404E1,-1.241374373E0,6.172228456E-1,-4.662282169E-1
4.986814904E1,-1.151365757E0,4.987056553E-1,-5.810917616E-1
4.987820504E1,-1.069808245E0,1.834800541E-1,-7.877323031E-1
4.988826004E1,-9.387915134E-1,-5.791815370E-2,-1.011218429E0
4.989831504E1,-8.709996939E-1,-5.791863799E-1,-1.115702510E0
4.990837004E1,-7.554602027E-1,-9.433510900E-1,-1.050324440E0
4.991842604E1,-4.739225209E-1,8.397740871E-2,-8.139561415E-1
4.992848067E1,-4.981761873E-1,1.817368716E-1,-3.082849681E-1
4.993853567E1,-6.686035991E-1,-1.600763388E-2,-4.935886711E-2
4.994859167E1,-8.037564158E-1,-3.989876434E-2,5.321213044E-3
4.995864667E1,-7.967141867E-1,3.029230610E-2,2.644434199E-2
4.996870167E1,-6.440453529E-1,1.293801069E-1,3.457130399E-3
4.997875667E1,-3.738115132E-1,2.688637078E-1,-1.019712910E-1
4.998881267E1,-1.451899484E-2,3.981999457E-1,-4.049010873E-1
4.999886767E1,2.384477556E-1,5.747137070E-1,-8.259705305E-1
5.000892267E1,2.016859502E-1,3.242881298E-1,-1.090402365E0
5.001897867E1,-6.586409872E-4,-5.270870030E-2,-1.090709925E0
5.002903367E1,-2.117891312E-1,-2.722078264E-1,-9.731296301E-1
5.003908867E1,-3.586715162E-1,-2.712381780E-1,-9.851900339E-1
5.004914367E1,-3.472699225E-1,-2.600068152E-1,-1.117338061E0
5.005919967E1,-1.098155603E-1,-1.029151976E-1,-1.291360140E0
5.006925467E1,3.023681939E-1,-1.360929012E-1,-1.498115659E0
5.007930967E1,6.074020863E-1,-1.346004605E-1,-1.721573830E0
5.008936567E1,5.638170838E-1,-9.298298508E-2,-1.804730535E0
5.009942067E1,2.520400286E-1,-2.561497986E-1,-1.780546069E0
5.010947567E1,-2.298038900E-1,-3.410217166E-1,-1.678394079E0
5.011953067E1,-7.373176813E-1,-2.502558529E-1,-1.548950434E0
5.012958667E1,-1.180578113E0,-1.104997545E-1,-1.426685095E0
5.013964167E1,-1.493404269E0,-1.675807871E-2,-1.277925968E0
5.014969667E1,-1.769332290E0,2.780159712E-1,-1.392399430E0
5.015975267E1,-1.953681350E0,1.699385047E-1,-1.752146482E0
5.016980767E1,-2.000338316E0,1.025134206E0,-2.296778679E0
5.017986267E1,-1.959248424E0,1.156868696E0,-2.396091223E0
5.018991767E1,-1.760189652E0,1.314919353E0,-1.851409912E0
5.019997367E1,-1.394844413E0,8.173501492E-1,-1.011533380E0
5.021002867E1,-9.899463058E-1,3.686289191E-1,-2.951078415E-1
5.022008367E1,-6.653198004E-1,2.298870310E-2,1.604642272E-1
5.023013867E1,-3.881906569E-1,-2.485196143E-1,4.928818345E-1
5.024019467E1,-1.744541228E-1,-4.486604333E-1,7.452080846E-1
5.025024967E1,-6.846280396E-2,-5.495535135E-1,8.788601160E-1
5.026030467E1,-6.246589869E-2,-5.251088738E-1,8.489384055E-1
5.027036067E1,-1.320175976E-1,-3.514166474E-1,6.470770836E-1
5.028041567E1,-2.338614017E-1,-1.771931946E-1,3.811545968E-1
5.029047067E1,-3.447839618E-1,-3.442019597E-2,1.765426993E-1
5.030052567E1,-4.721624255E-1,4.786082730E-2,6.334291399E-2
5.031058167E1,-6.374158859E-1,1.341212392E-1,-1.918572932E-2
5.032063667E1,-8.512275219E-1,2.830092609E-1,-1.508100629E-1
5.033069167E1,-1.199794173E0,2.082578391E-1,-2.474482805E-1
5.034074767E1,-1.619891882E0,1.575600505E-1,-1.421442330E-1
5.035080267E1,-1.727786422E0,1.338184774E-1,1.004065573E-1
5.036085767E1,-1.660200715E0,1.208858844E-2,3.770903349E-1
5.037091267E1,-1.488106847E0,9.002634883E-2,5.958979130E-1
5.038096867E1,-1.301107645E0,-2.955038287E-2,6.942723989E-1
5.039102367E1,-9.796296358E-1,3.170928061E-1,7.947796583E-1
5.040107867E1,-6.737000942E-1,2.070094496E-1,7.508828044E-1
5.041113467E1,-4.802251458E-1,2.640338838E-1,6.792388558E-1
5.042118967E1,-4.160102010E-1,2.941273153E-1,6.178370118E-1
5.043124467E1,-4.699937105E-1,2.620750368E-1,5.634174347E-1
5.044129967E1,-5.546681881E-1,2.035081238E-1,5.243637562E-1
5.045135567E1,-5.175611377E-1,2.626083791E-1,4.740951061E-1
5.046141067E1,-3.683961630E-1,2.572218776E-1,4.651165009E-1
5.047146567E1,-2.879962921E-1,1.709615886E-1,4.864730239E-1
5.048152167E1,-3.033837676E-1,2.430091500E-1,4.621458352E-1
5.049157667E1,-2.188596427E-1,2.489089370E-1,2.668176889E-1
5.050163167E1,4.459676147E-2,3.003374934E-1,-7.596096396E-2
5.051168667E1,2.260416150E-1,4.252271056E-1,-3.464227021E-1
5.052174267E1,1.736130416E-1,4.569919705E-1,-4.704903364E-1
5.053179767E1,-6.289661676E-2,4.255688190E-1,-5.300495028E-1
5.054185267E1,-3.464162052E-1,3.572872281E-1,-4.685400426E-1
5.055190867E1,-4.985446334E-1,3.121958673E-1,-3.288835287E-1
5.056196367E1,-4.898757935E-1,2.107715160E-1,-1.917706877E-1
5.057201867E1,-3.650909066E-1,-5.097869039E-2,-3.368770704E-4
5.058207367E1,-6.011073664E-2,-1.027268395E-1,2.348527312E-1
5.059212967E1,4.188400209E-1,-6.407725066E-2,3.506079018E-1
5.060218467E1,8.234775066E-1,-1.143310964E-1,2.858374417E-1
5.061223967E1,8.333584666E-1,-1.477146894E-1,3.824684024E-2
5.062229567E1,7.574408054E-1,-5.371469632E-2,-5.184762925E-2
5.063235067E1,6.687895656E-1,4.992591683E-3,-5.195233598E-2
5.064240567E1,6.632046700E-1,7.283975370E-3,-2.649731189E-2
5.065246067E1,6.010026336E-1,7.476694137E-2,-5.871499330E-2
5.066251667E1,4.410920739E-1,7.173493505E-2,-1.441302896E-1
5.067257167E1,2.902429104E-1,4.539201409E-2,-2.197182626E-1
5.068262667E1,1.738023460E-1,9.719289094E-2,-2.705638707E-1
5.069268267E1,9.036943316E-2,1.704251170E-1,-3.818441927E-1
5.070273767E1,-5.326576903E-2,1.539119333E-1,-5.215163231E-1
5.071279267E1,-3.208084702E-1,1.686237901E-1,-6.307409406E-1
5.072284767E1,-5.531051159E-1,3.765764534E-1,-6.698721051E-1
5.073290367E1,-4.854207635E-1,2.564426363E-1,-6.234297156E-1
5.074295867E1,3.572629392E-2,2.574146688E-1,-4.243059754E-1
5.075301367E1,5.728740096E-1,6.064496189E-2,-1.578576118E-1
5.076306967E1,1.016153216E0,-2.887400240E-2,1.005124226E-1
5.077312467E1,1.307801723E0,-9.301138669E-2,2.526152730E-1
5.078317967E1,1.463466644E0,-2.066756487E-1,3.397496343E-1
5.079323467E1,1.557284355E0,-3.008697331E-1,4.339886904E-1
5.080329067E1,1.587797999E0,-3.079249859E-1,5.325070024E-1
5.081334567E1,1.529674053E0,-2.424109280E-1,6.211175919E-1
5.082340067E1,1.418182850E0,-1.649257243E-1,6.598213315E-1
5.083345667E1,1.299689889E0,-5.074209347E-2,5.978835821E-1
5.084351167E1,1.214925170E0,3.829963133E-2,4.511865675E-1
5.085356667E1,1.153394222E0,6.215441599E-2,3.270173371E-1
5.086362167E1,1.053231716E0,8.831410855E-2,2.711929679E-1
5.087367767E1,9.043171406E-1,7.532121241E-2,2.862713337E-1
5.088373267E1,7.304859161E-1,1.369753294E-2,3.310539722E-1
5.089378767E1,5.765310526E-1,-7.639318705E-2,3.653524518E-1
5.090384367E1,4.764989913E-1,-1.517729014E-1,3.690196276E-1
5.091389867E1,4.738134742E-1,-2.068179101E-1,3.379574120E-1
5.092395367E1,5.363506079E-1,-2.391564101E-1,2.877829075E-1
5.093400825E1,5.953522921E-1,-2.042163163E-1,2.615062892E-1
5.094406425E1,6.074973941E-1,-1.443750858E-1,2.913201153E-1
5.095411925E1,5.674856901E-1,-1.022372767E-1,3.414912820E-1
5.096417425E1,5.111877918E-1,-9.316948056E-2,3.807422817E-1
5.097423025E1,4.855499864E-1,-1.332756579E-1,3.874055743E-1
5.098428525E1,5.235165358E-1,-2.000989020E-1,3.695650697E-1
5.099434025E1,6.134174466E-1,-3.501790762E-1,3.471336663E-1
5.100439525E1,7.189899683E-1,-5.125727654E-1,3.660021722E-1
5.101445125E1,7.617043257E-1,-5.824785233E-1,4.226645231E-1
5.102450625E1,7.441431284E-1,-5.940214396E-1,4.749529958E-1
5.103456125E1,6.947594285E-1,-5.401286483E-1,4.564040601E-1
5.104461725E1,6.793165207E-1,-4.751078188E-1,3.422735035E-1
5.105467225E1,6.345831156E-1,-2.875523567E-1,1.686822325E-1
5.106472725E1,6.178722978E-1,-1.378563195E-1,-2.509042621E-2
5.107478225E1,6.422489882E-1,-5.031662807E-2,-1.589297205E-1
5.108483825E1,6.321516633E-1,-1.337991375E-2,-1.693690419E-1
5.109489325E1,5.794705153E-1,1.564437896E-2,-4.758095741E-2
5.110494825E1,4.763499796E-1,-8.994968981E-2,2.041524798E-1
5.111500425E1,3.623059392E-1,-1.297249347E-1,5.255231857E-1
5.112505925E1,2.356460094E-1,-2.273867875E-1,7.578640580E-1
5.113511425E1,1.314824224E-1,-2.917098999E-1,8.453084826E-1
5.114516925E1,1.011769995E-1,-3.152988553E-1,8.337602019E-1
5.115522525E1,1.362755746E-1,-3.453450501E-1,8.196132183E-1
5.116528025E1,1.751808971E-1,-3.855696917E-1,8.823972344E-1
5.117533525E1,1.873828620E-1,-3.891501129E-1,9.888737202E-1
5.118539125E1,2.000597715E-1,-3.787387609E-1,1.071875334E0
5.119544625E1,2.512324750E-1,-3.272555470E-1,1.072821856E0
5.120550125E1,3.459821641E-1,-2.345983237E-1,1.002956510E0
5.121555725E1,4.484998882E-1,-1.738173515E-1,9.280185699E-1
5.122561225E1,5.198062658E-1,-1.498949826E-1,8.688985109E-1
5.123566725E1,5.196771622E-1,-1.106162369E-1,8.250714540E-1
5.124572225E1,4.360725284E-1,-5.931922793E-2,7.714622617E-1
5.125577825E1,3.096722662E-1,-2.405484207E-2,6.802763343E-1
5.126583325E1,2.006877512E-1,2.305008657E-2,5.446063876E-1
5.127588825E1,1.269926429E-1,8.183958381E-2,4.059820771E-1
5.128594325E1,7.180768996E-2,1.580968052E-1,2.982457578E-1
5.129599925E1,1.259680185E-2,2.457089275E-1,2.447494566E-1
5.130605425E1,-3.347348794E-2,3.476771116E-1,2.240921110E-1
5.131610925E1,-6.398887187E-2,4.618839324E-1,2.129811943E-1
5.132616525E1,-9.586983919E-2,5.457534790E-1,1.807233989E-1
5.133622025E1,-1.346892267E-1,5.178133249E-1,1.335037500E-1
5.134627525E1,-1.397226006E-1,3.738454878E-1,7.264092565E-2
5.135633125E1,-7.280825078E-2,2.777027488E-1,3.826667741E-2
5.136638625E1,9.966605157E-2,2.078347206E-1,7.080332190E-2
5.137644125E1,3.407206535E-1,1.523899138E-1,1.764349192E-1
5.138649625E1,5.709046125E-1,1.298989803E-1,3.427123129E-1
5.139655225E1,7.334191799E-1,8.674193919E-2,5.401293039E-1
5.140660725E1,8.049266934E-1,6.460414082E-2,7.346602082E-1
5.141666225E1,8.078505397E-1,-1.442664582E-2,9.085729122E-1
5.142671825E1,7.219015360E-1,-1.567036361E-1,1.058231950E0
5.143677325E1,6.348177791E-1,-1.701749302E-2,1.186424613E0
5.144682825E1,2.434311062E-1,1.786742508E-1,1.185424685E0
5.145688325E1,-2.432864308E-1,3.393495083E-1,1.082956314E0
5.146693925E1,-5.741434693E-1,3.823260069E-1,8.255745173E-1
5.147699425E1,-7.253562808E-1,3.932094574E-1,5.430987477E-1
5.148704925E1,-7.771047354E-1,3.377595246E-1,1.784278452E-1
5.149710525E1,-5.818150640E-1,3.878575861E-1,2.875099182E-1
5.150716025E1,-1.572113484E-1,1.173086390E-1,5.078572035E-1
5.151721525E1,1.446619183E-1,-5.868171155E-2,5.356060266E-1
5.152727025E1,1.253521293E-1,1.294226795E-1,4.898737073E-1
5.153732625E1,1.052138582E-2,3.735319972E-1,4.865703583E-1
5.154738125E1,-8.231534809E-2,4.053860605E-1,6.804242134E-1
5.155743625E1,-2.399000823E-1,2.671242654E-1,8.861516714E-1
5.156749225E1,-4.726691246E-1,2.098540366E-1,9.732237458E-1
5.157754725E1,-6.136351228E-1,-7.446080446E-2,1.008337975E0
5.158760225E1,-5.836076736E-1,-4.351148605E-1,1.015081644E0
5.159765825E1,-4.229012430E-1,-5.811540484E-1,9.466565847E-1
5.160771325E1,-1.235869899E-1,-5.673332810E-1,7.079563141E-1
5.161776825E1,1.094869673E-1,-6.481009722E-1,4.838747084E-1
5.162782325E1,1.722126752E-1,-5.572232604E-1,2.264745831E-1
5.163787925E1,2.018086910E-1,-4.950838685E-1,6.677421182E-2
5.164793425E1,2.511663735E-1,-6.736847758E-1,2.145599760E-2
5.165798925E1,2.714291513E-1,-7.871320248E-1,-4.131798446E-2
5.166804525E1,6.123435497E-1,-1.341510892E0,-2.541517019E-1
5.167810025E1,7.938208580E-1,-1.133548498E0,-4.078693390E-1
5.168815525E1,6.753770709E-1,-8.555904031E-1,-4.159629345E-1
5.169821025E1,5.319241285E-1,-7.282243967E-1,-2.450442165E-1
5.170826625E1,3.666145205E-1,-4.423124492E-1,3.014321625E-1
5.171832125E1,1.954164952E-1,-2.389509231E-1,8.894630671E-1
5.172837625E1,1.829686165E-1,1.241146326E-1,1.229599118E0
5.173843225E1,1.202308685E-1,5.511904359E-1,1.495185494E0
5.174848725E1,7.828395069E-2,7.042587996E-1,1.689658046E0
5.175854225E1,-2.266011201E-2,7.784994245E-1,1.923593760E0
5.176859725E1,-1.686175764E-1,8.641597033E-1,2.115142107E0
5.177865325E1,-1.848171800E-1,9.785436392E-1,2.152533054E0
5.178870825E1,-2.987501025E-2,1.406098366E0,2.163040400E0
5.179876325E1,1.024589762E-1,1.518513203E0,2.224779367E0
5.180881925E1,6.496895552E-1,3.901483715E-1,2.154700756E0
5.181887425E1,9.835775495E-1,-1.011463284E0,1.844281316E0
5.182892925E1,9.739222527E-1,-2.379649401E0,1.527383804E0
5.183898425E1,8.997447491E-1,-3.413301229E0,1.328152061E0
5.184904025E1,7.689135075E-1,-3.915390253E0,1.426624537E0
5.185909525E1,6.446450353E-1,-3.868106127E0,1.749964833E0
5.186915025E1,6.139352918E-1,-3.522026300E0,2.103134155E0
5.187920625E1,5.946398377E-1,-3.123025417E0,2.246039391E0
5.188926125E1,6.179041862E-1,-2.789043427E0,2.190421820E0
5.189931625E1,7.567520142E-1,-2.567371845E0,2.030688047E0
5.190937225E1,8.143618107E-1,-2.518973112E0,1.814083457E0
5.191942725E1,6.960404515E-1,-2.698548794E0,1.607409000E0
5.192948225E1,4.850555062E-1,-3.115365982E0,1.397427797E0
5.193953762E1,3.281444907E-1,-3.737551689E0,1.138527036E0
5.194959363E1,3.419782817E-1,-4.166021824E0,9.031643271E-1
5.195964863E1,5.164512992E-1,-4.123899937E0,8.423188329E-1
5.196970362E1,7.656012177E-1,-3.713268995E0,9.284196496E-1
5.197975963E1,1.053202629E0,-3.135252714E0,1.027837515E0
5.198981462E1,1.296120524E0,-2.599291563E0,9.820131660E-1
5.199986963E1,1.524724483E0,-2.219279528E0,7.926670909E-1
5.200992463E1,1.607583880E0,-2.253969908E0,5.871264338E-1
5.201998063E1,1.574024796E0,-2.358495235E0,4.213440716E-1
5.203003563E1,1.485277534E0,-2.446632624E0,3.823695183E-1
5.204009062E1,1.395178676E0,-2.431051493E0,4.119831622E-1
5.205014663E1,1.323053598E0,-2.256180763E0,3.810401559E-1
5.206020162E1,1.279942870E0,-1.950377584E0,2.211869657E-1
5.207025663E1,1.266617060E0,-1.562486291E0,4.031892121E-2
5.208031263E1,1.289169669E0,-1.174570203E0,-3.810450807E-2
5.209036762E1,1.372381806E0,-9.578444958E-1,-7.575547695E-2
5.210042263E1,1.426099181E0,-9.795184135E-1,-2.005630434E-1
5.211047762E1,1.421629548E0,-1.221770167E0,-3.975714445E-1
5.212053363E1,1.417322755E0,-1.329698801E0,-4.942624271E-1
5.213058863E1,1.546941638E0,-1.551358461E0,-4.553845227E-1
5.214064362E1,1.493902326E0,-1.295662522E0,-3.568328321E-1
5.215069963E1,1.357642770E0,-4.427026808E-1,-1.096933484E-1
5.216075462E1,1.440360904E0,-2.444821224E-2,2.975190580E-1
5.217080963E1,1.772092223E0,-7.824859768E-2,5.262132287E-1
5.218086463E1,2.526050329E0,-1.099646926E0,4.040561616E-1
5.219092063E1,2.755214453E0,-6.712570190E-1,4.999515116E-1
5.220097563E1,4.745368063E-1,-3.342827320E0,4.605101943E-1
5.221103062E1,-2.568348646E-1,8.249086738E-1,1.828804612E-1
5.222108663E1,-1.960287690E-1,6.143479943E-1,5.367012620E-1
5.223114162E1,-3.450778499E-2,1.468187943E-2,3.038667142E-1
5.224119663E1,-5.972667783E-2,-9.883167595E-2,-1.351184249E-1
5.225125263E1,-1.150881685E-2,-1.850344688E-1,-2.976916134E-1
5.226130762E1,-1.573110349E-3,-3.492001295E-1,-2.254110128E-1
5.227136263E1,-1.939418539E-2,-1.528174877E0,2.577221021E-2
5.228141762E1,-7.876438648E-2,-2.924206257E0,2.346240133E-1
5.229147363E1,-2.386201859E0,-4.209568977E0,4.892613590E-1
5.230152863E1,-7.293096185E-1,2.345412254E0,5.288666487E-1
5.231158362E1,-1.687560230E-1,2.330770969E0,5.493572950E-1
5.232163963E1,-9.366588295E-2,-8.375127316E-1,4.244145751E-1
5.233169462E1,3.448950127E-3,4.692891240E-2,3.611810207E-1
5.234174963E1,-1.002916507E-2,-5.467109848E-3,2.885484397E-1
5.235180463E1,-1.166141592E-2,-4.567227792E-3,2.196298093E-1
5.236186063E1,-1.002214942E-2,-5.715004168E-3,1.429909915E-1
5.237191563E1,-2.366093686E-3,-1.956030319E-4,6.879159808E-2
5.238197062E1,-6.878068671E-4,-6.455641706E-4,1.063768659E-2
5.239202663E1,6.736011128E-4,-6.739198579E-5,-3.190764412E-2
5.240208162E1,4.480000935E-4,-1.470492687E-3,-4.049143195E-2
5.241213663E1,-1.297435723E-3,-1.272087218E-3,-3.207445145E-3
5.242219263E1,4.174746573E-5,1.019765623E-3,5.875518546E-4
5.243224762E1,-1.754022087E-3,-1.676418469E-3,-2.824224066E-3
5.244230263E1,8.613768732E-4,-2.339589875E-3,-4.944394343E-3
5.245235762E1,-2.752266359E-3,6.301010144E-4,-6.547883619E-3
5.246241363E1,3.244064865E-4,2.272608981E-4,-3.830165835E-3
5.247246863E1,-3.076183842E-3,-2.440161072E-3,3.154772799E-3
5.248252362E1,7.384883065E-5,-2.211923420E-4,6.833011284E-3
5.249257963E1,2.078410238E-3,-9.783289861E-4,8.567527868E-3
5.250263462E1,-9.943137411E-4,-8.791335858E-6,9.634016082E-3
5.251268963E1,1.517846016E-3,3.454090911E-4,7.457147352E-3
5.252274463E1,-9.865760803E-4,2.597975254E-4,1.960638911E-3
5.253280063E1,-2.064890228E-3,2.986796899E-4,-4.389136098E-3
5.254285563E1,-1.341575524E-3,6.824411685E-4,-7.577206008E-3
5.255291062E1,-3.379959147E-3,-5.420802627E-4,-1.038524322E-2
5.256296663E1,9.612827562E-4,-2.746367129E-3,-5.016502924E-3
5.257302162E1,-1.607069862E-3,-3.899773583E-5,3.266992979E-3
5.258307663E1,2.021304099E-3,-3.392276121E-3,1.049608830E-2
5.259313263E1,-1.252519898E-3,-8.425657870E-4,1.222527865E-2
5.260318762E1,-5.083292490E-5,-3.296060604E-4,1.378851011E-2
5.261324263E1,9.297429933E-4,-3.218828933E-4,8.190544322E-3
5.262329763E1,9.640665958E-4,4.862333590E-4,1.121293753E-3
5.263335363E1,2.559566405E-3,-2.344180539E-4,-5.234073848E-3
5.264340863E1,-2.162754536E-4,-8.235195419E-4,-1.023440622E-2
5.265346362E1,1.172829419E-3,1.791704679E-3,-9.393380024E-3
5.266351963E1,1.952057792E-4,2.247649012E-3,-2.062156796E-3
5.267357462E1,-9.747562581E-5,6.039461005E-4,3.597219475E-4
5.268362963E1,-1.223986619E-3,1.718211686E-3,6.408466958E-3
5.269368562E1,2.457567258E-3,7.504128735E-5,8.763766848E-3
5.270374063E1,-2.291281708E-3,7.703140145E-4,5.785130896E-3
5.271379563E1,9.537801379E-4,6.715107593E-4,4.274053499E-3
5.272385062E1,1.212183852E-3,-2.021841705E-3,9.505962953E-5
5.273390663E1,6.570800906E-6,4.652845382E-4,-3.087151563E-3
5.274396162E1,-8.647347568E-5,7.987983408E-4,-5.716602318E-3
5.275401663E1,-5.229655653E-4,-1.499509672E-3,-5.501152948E-3
5.276407263E1,1.808792236E-3,-1.016865019E-3,-5.519515835E-4
5.277412762E1,-3.108468372E-3,1.171089534E-4,1.641959883E-3
5.278418263E1,8.776450413E-4,1.126791700E-3,6.680909544E-3
5.279423763E1,-2.355563338E-4,1.239443431E-3,8.608239703E-3
5.280429363E1,-2.277799416E-3,-1.118054963E-3,7.210345007E-3
5.281434863E1,-1.114796964E-3,-2.911433403E-4,-1.886746846E-3
5.282440362E1,6.376026431E-4,2.975247102E-3,-5.191490054E-3
5.283445963E1,3.976518055E-4,1.707049785E-3,-7.574486546E-3
5.284451462E1,-9.392030770E-4,1.892962726E-3,-7.150989957E-3
5.285456963E1,2.263247967E-3,6.055906415E-4,-6.410364993E-3
5.286462562E1,2.940315288E-3,4.304017930E-4,-2.778584603E-3
5.287468063E1,-1.098102308E-3,-2.260674082E-4,2.498202957E-3
5.288473563E1,-2.075163880E-3,-2.399992663E-3,6.895937026E-3
5.289479062E1,-1.009100582E-3,-2.284944057E-3,6.529485807E-3
5.290484663E1,1.001565135E-3,-2.961516613E-3,4.364436027E-3
5.291490162E1,1.380532980E-3,-2.140197670E-3,-3.219980514E-3
5.292495663E1,1.062763738E-3,-2.095351927E-3,-4.914246965E-3
5.293501313E1,-9.316775831E-4,-9.858789854E-4,-9.000068530E-3
5.294506813E1,-7.604135317E-5,-1.338365488E-3,-7.909301668E-3
5.295512313E1,-2.387132728E-3,-1.642232179E-3,-2.417065203E-3
5.296517912E1,-1.049637503E-4,-1.092902967E-3,-2.790421713E-3
5.297523413E1,-1.862916397E-3,1.662936178E-3,7.108361460E-4
5.298528913E1,-9.735269123E-5,3.475008998E-5,6.860417780E-3
5.299534412E1,-1.276334049E-3,-4.020083288E-4,7.406898309E-3
5.300540013E1,-1.838696189E-3,-6.512679392E-4,9.198756889E-4
5.301545512E1,-6.514589768E-4,-9.147144738E-5,-3.910033032E-3
5.302551013E1,1.615731046E-3,-4.108978610E-4,-7.877280004E-3
5.303556612E1,2.255609143E-4,-2.912138822E-3,-9.061854333E-3
5.304562113E1,-1.228177687E-3,-1.282108016E-3,-8.846633136E-3
5.305567613E1,2.708240645E-3,1.071593724E-3,-1.320007257E-3
5.306573213E1,1.737993211E-3,-3.285500454E-3,1.978446729E-3
5.307578713E1,-5.877452786E-4,1.457056846E-3,6.566274911E-3
5.308584212E1,3.634741995E-3,5.687805824E-4,7.639233489E-3
5.309589713E1,5.774330348E-4,6.816985551E-4,7.853617892E-3
5.310595313E1,-1.824792998E-4,-2.366187982E-4,2.116269898E-3
5.311600813E1,-6.693050964E-4,-1.800160739E-3,-5.924612749E-3
5.312606313E1,-6.853648229E-4,-8.570370264E-4,-7.312331349E-3
5.313611912E1,-1.207344350E-3,1.460179337E-3,-9.467627853E-3
5.314617413E1,-2.816080349E-3,-8.773661684E-4,-7.423881441E-3
5.315622913E1,-1.368119731E-3,-2.029183321E-3,-2.739381045E-3
5.316628513E1,1.020729775E-3,1.248763525E-3,1.413736027E-3
5.317634013E1,-4.208393511E-4,3.912256216E-4,6.698512938E-3
5.318639512E1,-3.364673175E-4,-1.469547045E-3,9.299301542E-3
5.319645013E1,7.245360175E-4,-9.209358832E-4,4.379644059E-3
5.320650612E1,-2.476164140E-3,-1.168131479E-3,2.765666693E-3
5.321656113E1,2.750821877E-3,1.987980679E-3,-3.671992105E-3
5.322661613E1,-1.014340203E-3,-2.011413919E-3,-5.013968330E-3
5.323667213E1,-3.719857777E-4,6.687914138E-4,-5.360445939E-3
5.324672713E1,-5.680079339E-4,1.634581015E-3,-2.899941755E-3
5.325678212E1,-1.695057726E-3,7.751789526E-4,-3.239494748E-3
5.326683813E1,-5.861155223E-4,1.353618340E-3,2.827985212E-3
5.327689313E1,6.519880844E-4,-1.721533714E-3,5.288746208E-3
5.328694812E1,7.627527229E-4,3.592994763E-4,3.454913385E-3
5.329700313E1,-2.540421847E-4,2.517525107E-3,2.222135663E-3
5.330705912E1,-3.424257971E-3,2.809290076E-3,-7.555820048E-5
5.331711413E1,-2.699345583E-3,1.462529413E-3,-5.679914262E-3
5.332716913E1,-2.301920671E-3,-1.328550745E-3,-3.788234433E-3
5.333722513E1,8.627134957E-4,1.558848424E-3,-3.479041625E-3
5.334728013E1,9.826065507E-4,6.001336151E-4,-2.002970781E-3
5.335733512E1,-2.312622382E-4,6.640495267E-4,5.014655180E-4
5.336739113E1,6.660454674E-4,-1.213840209E-3,4.491891246E-3
5.337744612E1,-2.186732832E-3,1.393118873E-4,6.779812742E-3
5.338750113E1,1.453776262E-3,6.512447726E-5,3.900871612E-3
5.339755613E1,-2.519393805E-3,1.346329809E-4,2.791930921E-3
5.340761213E1,2.867958974E-3,-7.834767457E-4,-3.103710478E-3
5.341766713E1,-1.564606093E-3,8.977768011E-4,-5.877659190E-3
5.342772212E1,-2.912948607E-3,-6.135620060E-5,-4.649858922E-3
5.343777813E1,-5.195657141E-4,-3.598965704E-4,-4.046653397E-3
5.344783313E1,1.450586715E-3,-5.527399480E-5,2.218163572E-4
5.345788812E1,-1.371831400E-3,1.950631413E-4,3.182185814E-3
5.346794413E1,-4.453092697E-5,4.949305439E-4,3.753983881E-3
5.347799912E1,-8.943455759E-4,5.114421365E-4,4.221635405E-3
5.348805413E1,-8.808524581E-4,-1.604629448E-3,7.652747445E-4
5.349810913E1,-4.379688471E-4,-6.525492063E-4,-2.052882221E-3
5.350816513E1,-2.263074974E-3,-2.698751050E-4,-4.544856958E-3
5.351822013E1,-1.290838991E-4,-1.081073890E-3,-5.960327107E-3
5.352827512E1,-8.759920020E-4,-2.207018435E-3,-2.889766358E-3
5.353833113E1,-7.111423183E-4,-4.692850052E-5,4.072268493E-4
5.354838612E1,3.159291809E-4,1.214816119E-3,2.298594452E-3