Timestamp
604038324
604038334
604038344
604038354
604038364
604038374
604038384
604038394
604038404
604038414
604038424
604038434
604038444
604038455
604038465
604038475
604038485
604038495
604038505
604038515
604038525
604038535
604038545
604038555
604038565
604038575
604038585
604038595
604038605
604038615
604038625
604038636
604038646
604038656
604038666
604038676
604038686
604038696
604038706
604038716
604038726
604038736
604038746
604038756
604038766
604038776
604038786
604038796
604038806
604038817
604038827
604038837
604038847
604038857
604038867
604038877
604038887
604038897
604038907
604038917
604038927
604038937
604038947
604038957
604038967
604038977
604038987
604038998
604039008
604039018
604039028
604039038
604039048
604039058
604039068
604039078
604039088
604039098
604039108
604039118
604039128
604039138
604039148
604039158
604039168
604039179
604039189
604039199
604039209
604039219
604039229
604039239
604039249
604039259
604039269
604039279
604039289
604039299
604039309
604039319
604039329
604039339
604039349
604039360
604039370
604039380
604039390
604039400
604039410
604039420
604039430
604039440
604039450
604039460
604039470
604039480
604039490
604039500
604039510
604039520
604039530
604039541
604039551
604039561
604039571
604039581
604039591
604039601
604039611
604039621
604039631
604039641
604039651
604039661
604039671
604039681
604039691
604039701
604039711
604039722
604039732
604039742
604039752
604039762
604039772
604039782
604039792
604039802
604039812
604039822
604039832
604039842
604039852
604039862
604039872
604039882
604039892
604039903
604039913
604039923
604039933
604039943
604039953
604039963
604039973
604039983
604039993
604040003
604040013
604040023
604040033
604040043
604040053
604040063
604040073
604040084
604040094
604040104
604040114
604040124
604040134
604040144
604040154
604040164
604040174
604040184
604040194
604040204
604040214
604040224
604040234
604040244
604040254
604040265
604040275
604040285
604040295
604040305
604040315
604040325
604040335
604040345
604040355
604040365
604040375
604040385
604040395
604040405
604040415
604040425
604040435
604040446
604040456
604040466
604040476
604040486
604040496
604040506
604040516
604040526
604040536
604040546
604040556
604040566
604040576
604040586
604040596
604040606
604040616
604040627
604040637
604040647
604040657
604040667
604040677
604040687
604040697
604040707
604040717
604040727
604040737
604040747
604040757
604040767
604040777
604040787
604040797
604040808
604040818
604040828
604040838
604040848
604040858
604040868
604040878
604040888
604040898
604040908
604040918
604040928
604040938
604040948
604040958
604040968
604040978
604040989
604040999
604041009
604041019
604041029
604041039
604041049
604041059
604041069
604041079
604041089
604041099
604041109
604041119
604041129
604041139
604041149
604041159
604041170
604041180
604041190
604041200
604041210
604041220
604041230
604041240
604041250
604041260
604041270
604041280
604041290
604041300
604041310
604041320
604041330
604041340
604041351
604041361
604041371
604041381
604041391
604041401
604041411
604041421
604041431
604041441
604041451
604041461
604041471
604041481
604041491
604041501
604041511
604041521
604041532
604041542
604041552
604041562
604041572
604041582
604041592
604041602
604041612
604041622
604041632
604041642
604041652
604041662
604041672
604041682
604041692
604041702
604041713
604041723
604041733
604041743
604041753
604041763
604041773
604041783
604041793
604041803
604041813
604041823
604041833
604041843
604041853
604041863
604041873
604041883
604041894
604041904
604041914
604041924
604041934
604041944
604041954
604041964
604041974
604041984
604041994
604042004
604042014
604042024
604042034
604042044
604042054
604042064
604042075
604042085
604042095
604042105
604042115
604042125
604042135
604042145
604042155
604042165
604042175
604042185
604042195
604042205
604042215
604042225
604042235
604042245
604042256
604042266
604042276
604042286
604042296
604042306
604042316
604042326
604042336
604042346
604042356
604042366
604042376
604042386
604042396
604042406
604042416
604042426
604042437
604042447
604042457
604042467
604042477
604042487
604042497
604042507
604042517
604042527
604042537
604042547
604042557
604042567
604042577
604042587
604042597
604042607
604042618
604042628
604042638
604042648
604042658
604042668
604042678
604042688
604042698
604042708
604042718
604042728
604042738
604042748
604042758
604042768
604042778
604042788
604042799
604042809
604042819
604042829
604042839
604042849
604042859
604042869
604042879
604042889
604042899
604042909
604042919
604042929
604042939
604042949
604042959
604042969
604042980
604042990
604043000
604043010
604043020
604043030
604043040
604043050
604043060
604043070
604043080
604043090
604043100
604043110
604043120
604043130
604043140
604043150
604043161
604043171
604043181
604043191
604043201
604043211
604043221
604043231
604043241
604043251
604043261
604043271
604043281
604043291
604043301
604043311
604043321
604043331
604043342
604043352
604043362
604043372
604043382
604043392
604043402
604043412
604043422
604043432
604043442
604043452
604043462
604043472
604043482
604043492
604043502
604043512
604043523
604043533
604043543
604043553
604043563
604043573
604043583
604043593
604043603
604043613
604043623
604043633
604043643
604043653
604043663
604043673
604043683
604043693
604043704
604043714
604043724
604043734
604043744
604043754
604043764
604043774
604043784
604043794
604043804
604043814
604043824
604043834
604043844
604043854
604043864
604043874
604043885
604043895
604043905
604043915
604043925
604043935
604043945
604043955
604043965
604043975
604043985
604043995
604044005
604044015
604044025
604044035
604044045
604044055
604044066
604044076
604044086
604044096
604044106
604044116
604044126
604044136
604044146
604044156
604044166
604044176
604044186
604044196
604044206
604044216
604044226
604044236
604044247
604044257
604044267
604044277
604044287
604044297
604044307
604044317
604044327
604044337
604044347
604044357
604044367
604044377
604044387
604044397
604044407
604044417
604044428
604044438
604044448
604044458
604044468
604044478
604044488
604044498
604044508
604044518
604044528
604044538
604044548
604044558
604044568
604044578
604044588
604044598
604044609
604044619
604044629
604044639
604044649
604044659
604044669
604044679
604044689
604044699
604044709
604044719
604044729
604044739
604044749
604044759
604044769
604044779
604044790
604044800
604044810
604044820
604044830
604044840
604044850
604044860
604044870
604044880
604044890
604044900
604044910
604044920
604044930
604044940
604044950
604044960
604044971
604044981
604044991
604045001
604045011
604045021
604045031
604045041
604045051
604045061
604045071
604045081
604045091
604045101
604045111
604045121
604045131
604045141
604045152
604045162
604045172
604045182
604045192
604045202
604045212
604045222
604045232
604045242
604045252
604045262
604045272
604045282
604045292
604045302
604045312
604045322
604045333
604045343
604045353
604045363
604045373
604045383
604045393
604045403
604045413
604045423
604045433
604045443
604045453
604045463
604045473
604045483
604045493
604045503
604045514
604045524
604045534
604045544
604045554
604045564
604045574
604045584
604045594
604045604
604045614
604045624
604045634
604045644
604045654
604045664
604045674
604045684
604045695
604045705
604045715
604045725
604045735
604045745
604045755
604045765
604045775
604045785
604045795
604045805
604045815
604045825
604045835
604045845
604045855
604045865
604045876
604045886
604045896
604045906
604045916
604045926
604045936
604045946
604045956
604045966
604045976
604045986
604045996
604046006
604046016
604046026
604046036
604046046
604046057
604046067
604046077
604046087
604046097
604046107
604046117
604046127
604046137
604046147
604046157
604046167
604046177
604046187
604046197
604046207
604046217
604046227
604046238
604046248
604046258
604046268
604046278
604046288
604046298
604046308
604046318
604046328
604046338
604046348
604046358
604046368
604046378
604046388
604046398
604046408
604046419
604046429
604046439
604046449
604046459
604046469
604046479
604046489
604046499
604046509
604046519
604046529
604046539
604046549
604046559
604046569
604046579
604046589
604046600
604046610
604046620
604046630
604046640
604046650
604046660
604046670
604046680
604046690
604046700
604046710
604046720
604046730
604046740
604046750
604046760
604046770
604046781
604046791
604046801
604046811
604046821
604046831
604046841
604046851
604046861
604046871
604046881
604046891
604046901
604046911
604046921
604046931
604046941
604046951
604046962
604046972
604046982
604046992
604047002
604047012
604047022
604047032
604047042
604047052
604047062
604047072
604047082
604047092
604047102
604047112
604047122
604047132
604047143
604047153
604047163
604047173
604047183
604047193
604047203
604047213
604047223
604047233
604047243
604047253
604047263
604047273
604047283
604047293
604047303
604047313
604047324
604047334
604047344
604047354
604047364
604047374
604047384
604047394
604047404
604047414
604047424
604047434
604047444
604047454
604047464
604047474
604047484
604047494
604047505
604047515
604047525
604047535
604047545
604047555
604047565
604047575
604047585
604047595
604047605
604047615
604047625
604047635
604047645
604047655
604047665
604047675
604047686
604047696
604047706
604047716
604047726
604047736
604047746
604047756
604047766
604047776
604047786
604047796
604047806
604047816
604047826
604047836
604047846
604047856
604047867
604047877
604047887
604047897
604047907
604047917
604047927
604047937
604047947
604047957
604047967
604047977
604047987
604047997
604048007
604048017
604048027
604048037
604048048
604048058
604048068
604048078
604048088
604048098
604048108
604048118
604048128
604048138
604048148
604048158
604048168
604048178
604048188
604048198
604048208
604048218
604048229
604048239
604048249
604048259
604048269
604048279
604048289
604048299
604048309
604048319
604048329
604048339
604048349
604048359
604048369
604048379
604048389
604048399
604048410
604048420
604048430
604048440
604048450
604048460
604048470
604048480
604048490
604048500
604048510
604048520
604048530
604048540
604048550
604048560
604048570
604048580
604048591
604048601
604048611
604048621
604048631
604048641
604048651
604048661
604048671
604048681
604048691
604048701
604048711
604048721
604048731
604048741
604048751
604048761
604048772
604048782
604048792
604048802
604048812
604048822
604048832
604048842
604048852
604048862
604048872
604048882
604048892
604048902
604048912
604048922
604048932
604048942
604048953
604048963
604048973
604048983
604048993
604049003
604049013
604049023
604049033
604049043
604049053
604049063
604049073
604049083
604049093
604049103
604049113
604049123
604049134
604049144
604049154
604049164
604049174
604049184
604049194
604049204
604049214
604049224
604049234
604049244
604049254
604049264
604049274
604049284
604049294
604049304
604049315
604049325
604049335
604049345
604049355
604049365
604049375
604049385
604049395
604049405
604049415
604049425
604049435
604049445
604049455
604049465
604049475
604049485
604049496
604049506
604049516
604049526
604049536
604049546
604049556
604049566
604049576
604049586
604049596
604049606
604049616
604049626
604049636
604049646
604049656
604049666
604049677
604049687
604049697
604049707
604049717
604049727
604049737
604049747
604049757
604049767
604049777
604049787
604049797
604049807
604049817
604049827
604049837
604049847
604049858
604049868
604049878
604049888
604049898
604049908
604049918
604049928
604049938
604049948
604049958
604049968
604049978
604049988
604049998
604050008
604050018
604050028
604050039
604050049
604050059
604050069
604050079
604050089
604050099
604050109
604050119
604050129
604050139
604050149
604050159
604050169
604050179
604050189
604050199
604050209
604050220
604050230
604050240
604050250
604050260
604050270
604050280
604050290
604050300
604050310
604050320
604050330
604050340
604050350
604050360
604050370
604050380
604050390
604050401
604050411
604050421
604050431
604050441
604050451
604050461
604050471
604050481
604050491
604050501
604050511
604050521
604050531
604050541
604050551
604050561
604050571
604050582
604050592
604050602
604050612
604050622
604050632
604050642
604050652
604050662
604050672
604050682
604050692
604050702
604050712
604050722
604050732
604050742
604050752
604050763
604050773
604050783
604050793
604050803
604050813
604050823
604050833
604050843
604050853
604050863
604050873
604050883
604050893
604050903
604050913
604050923
604050933
604050944
604050954
604050964
604050974
604050984
604050994
604051004
604051014
604051024
604051034
604051044
604051054
604051064
604051074
604051084
604051094
604051104
604051114
604051125
604051135
604051145
604051155
604051165
604051175
604051185
604051195
604051205
604051215
604051225
604051235
604051245
604051255
604051265
604051275
604051285
604051295
604051306
604051316
604051326
604051336
604051346
604051356
604051366
604051376
604051386
604051396
604051406
604051416
604051426
604051436
604051446
604051456
604051466
604051476
604051487
604051497
604051507
604051517
604051527
604051537
604051547
604051557
604051567
604051577
604051587
604051597
604051607
604051617
604051627
604051637
604051647
604051657
604051668
604051678
604051688
604051698
604051708
604051718
604051728
604051738
604051748
604051758
604051768
604051778
604051788
604051798
604051808
604051818
604051828
604051838
604051849
604051859
604051869
604051879
604051889
604051899
604051909
604051919
604051929
604051939
604051949
604051959
604051969
604051979
604051989
604051999
604052009
604052019
604052030
604052040
604052050
604052060
604052070
604052080
604052090
604052100
604052110
604052120
604052130
604052140
604052150
604052160
604052170
604052180
604052190
604052200
604052211
604052221
604052231
604052241
604052251
604052261
604052271
604052281
604052291
604052301
604052311
604052321
604052331
604052341
604052351
604052361
604052371
604052381
604052392
604052402
604052412
604052422
604052432
604052442
604052452
604052462
604052472
604052482
604052492
604052502
604052512
604052522
604052532
604052542
604052552
604052562
604052573
604052583
604052593
604052603
604052613
604052623
604052633
604052643
604052653
604052663
604052673
604052683
604052693
604052703
604052713
604052723
604052733
604052743
604052754
604052764
604052774
604052784
604052794
604052804
604052814
604052824
604052834
604052844
604052854
604052864
604052874
604052884
604052894
604052904
604052914
604052924
604052935
604052945
604052955
604052965
604052975
604052985
604052995
604053005
604053015
604053025
604053035
604053045
604053055
604053065
604053075
604053085
604053095
604053105
604053116
604053126
604053136
604053146
604053156
604053166
604053176
604053186
604053196
604053206
604053216
604053226
604053236
604053246
604053256
604053266
604053276
604053286
604053297
604053307
604053317
604053327
604053337
604053347
604053357
604053367
604053377
604053387
604053397
604053407
604053417
604053427
604053437
604053447
604053457
604053467
604053478
604053488
604053498
604053508
604053518
604053528
604053538
604053548
604053558
604053568
604053578
604053588
604053598
604053608
604053618
604053628
604053638
604053648
604053659
604053669
604053679
604053689
604053699
604053709
604053719
604053729
604053739
604053749
604053759
604053769
604053779
604053789
604053799
604053809
604053819
604053829
604053840
604053850
604053860
604053870
604053880
604053890
604053900
604053910
604053920
604053930
604053940
604053950
604053960
604053970
604053980
604053990
604054000
604054010
604054021
604054031
604054041
604054051
604054061
604054071
604054081
604054091
604054101
604054111
604054121
604054131
604054141
604054151
604054161
604054171
604054181
604054191
604054202
604054212
604054222
604054232
604054242
604054252
604054262
604054272
604054282
604054292
604054302
604054312
604054322
604054332
604054342
604054352
604054362
604054372
604054383
604054393
604054403
604054413
604054423
604054433
604054443
604054453
604054463
604054473
604054483
604054493
604054503
604054513
604054523
604054533
604054543
604054553
604054564
604054574
604054584
604054594
604054604
604054614
604054624
604054634
604054644
604054654
604054664
604054674
604054684
604054694
604054704
604054714
604054724
604054734
604054745
604054755
604054765
604054775
604054785
604054795
604054805
604054815
604054825
604054835
604054845
604054855
604054865
604054875
604054885
604054895
604054905
604054915
604054926
604054936
604054946
604054956
604054966
604054976
604054986
604054996
604055006
604055016
604055026
604055036
604055046
604055056
604055066
604055076
604055086
604055096
604055107
604055117
604055127
604055137
604055147
604055157
604055167
604055177
604055187
604055197
604055207
604055217
604055227
604055237
604055247
604055257
604055267
604055277
604055288
604055298
604055308
604055318
604055328
604055338
604055348
604055358
604055368
604055378
604055388
604055398
604055408
604055418
604055428
604055438
604055448
604055458
604055468
604055479
604055489
604055499
604055509
604055519
604055529
604055539
604055549
604055559
604055569
604055579
604055589
604055599
604055609
604055619
604055629
604055639
604055649
604055660
604055670
604055680
604055690
604055700
604055710
604055720
604055730
604055740
604055750
604055760
604055770
604055780
604055790
604055800
604055810
604055820
604055830
604055841
604055851
604055861
604055871
604055881
604055891
604055901
604055911
604055921
604055931
604055941
604055951
604055961
604055971
604055981
604055991
604056001
604056011
604056022
604056032
604056042
604056052
604056062
604056072
604056082
604056092
604056102
604056112
604056122
604056132
604056142
604056152
604056162
604056172
604056182
604056192
604056203
604056213
604056223
604056233
604056243
604056253
604056263
604056273
604056283
604056293
604056303
604056313
604056323
604056333
604056343
604056353
604056363
604056373
604056384
604056394
604056404
604056414
604056424
604056434
604056444
604056454
604056464
604056474
604056484
604056494
604056504
604056514
604056524
604056534
604056544
604056554
604056565
604056575
604056585
604056595
604056605
604056615
604056625
604056635
604056645
604056655
604056665
604056675
604056685
604056695
604056705
604056715
604056725
604056735
604056746
604056756
604056766
604056776
604056786
604056796
604056806
604056816
604056826
604056836
604056846
604056856
604056866
604056876
604056886
604056896
604056906
604056916
604056927
604056937
604056947
604056957
604056967
604056977
604056987
604056997
604057007
604057017
604057027
604057037
604057047
604057057
604057067
604057077
604057087
604057097
604057108
604057118
604057128
604057138
604057148
604057158
604057168
604057178
604057188
604057198
604057208
604057218
604057228
604057238
604057248
604057258
604057268
604057278
604057289
604057299
604057309
604057319
604057329
604057339
604057349
604057359
604057369
604057379
604057389
604057399
604057409
604057419
604057429
604057439
604057449
604057459
604057470
604057480
604057490
604057500
604057510
604057520
604057530
604057540
604057550
604057560
604057570
604057580
604057590
604057600
604057610
604057620
604057630
604057640
604057651
604057661
604057671
604057681
604057691
604057701
604057711
604057721
604057731
604057741
604057751
604057761
604057771
604057781
604057791
604057801
604057811
604057821
604057832
604057842
604057852
604057862
604057872
604057882
604057892
604057902
604057912
604057922
604057932
604057942
604057952
604057962
604057972
604057982
604057992
604058002
604058013
604058023
604058033
604058043
604058053
604058063
604058073
604058083
604058093
604058103
604058113
604058123
604058133
604058143
604058153
604058163
604058173
604058183
604058194
604058204
604058214
604058224
604058234
604058244
604058254
604058264
604058274
604058284
604058294
604058304
604058314
604058324
604058334
604058344
604058354
604058364
604058375
604058385
604058395
604058405
604058415
604058425
604058435
604058445
604058455
604058465
604058475
604058485
604058495
604058505
604058515
604058525
604058535
604058545
604058556
604058566
604058576
604058586
604058596
604058606
604058616
604058626
604058636
604058646
604058656
604058666
604058676
604058686
604058696
604058706
604058716
604058726
604058737
604058747
604058757
604058767
604058777
604058787
604058797
604058807
604058817
604058827
604058837
604058847
604058857
604058867
604058877
604058887
604058897
604058907
604058918
604058928
604058938
604058948
604058958
604058968
604058978
604058988
604058998
604059008
604059018
604059028
604059038
604059048
604059058
604059068
604059078
604059088
604059099
604059109
604059119
604059129
604059139
604059149
604059159
604059169
604059179
604059189
604059199
604059209
604059219
604059229
604059239
604059249
604059259
604059269
604059280
604059290
604059300
604059310
604059320
604059330
604059340
604059350
604059360
604059370
604059380
604059390
604059400
604059410
604059420
604059430
604059440
604059450
604059461
604059471
604059481
604059491
604059501
604059511
604059521
604059531
604059541
604059551
604059561
604059571
604059581
604059591
604059601
604059611
604059621
604059631
604059642
604059652
604059662
604059672
604059682
604059692
604059702
604059712
604059722
604059732
604059742
604059752
604059762
604059772
604059782
604059792
604059802
604059812
604059823
604059833
604059843
604059853
604059863
604059873
604059883
604059893
604059903
604059913
604059923
604059933
604059943
604059953
604059963
604059973
604059983
604059993
604060004
604060014
604060024
604060034
604060044
604060054
604060064
604060074
604060084
604060094
604060104
604060114
604060124
604060134
604060144
604060154
604060164
604060174
604060185
604060195
604060205
604060215
604060225
604060235
604060245
604060255
604060265
604060275
604060285
604060295
604060305
604060315
604060325
604060335
604060345
604060355
604060366
604060376
604060386
604060396
604060406
604060416
604060426
604060436
604060446
604060456
604060466
604060476
604060486
604060496
604060506
604060516
604060526
604060536
604060547
604060557
604060567
604060577
604060587
604060597
604060607
604060617
604060627
604060637
604060647
604060657
604060667
604060677
604060687
604060697
604060707
604060717
604060728
604060738
604060748
604060758
604060768
604060778
604060788
604060798
604060808
604060818
604060828
604060838
604060848
604060858
604060868
604060878
604060888
604060898
604060909
604060919
604060929
604060939
604060949
604060959
604060969
604060979
604060989
604060999
604061009
604061019
604061029
604061039
604061049
604061059
604061069
604061079
604061090
604061100
604061110
604061120
604061130
604061140
604061150
604061160
604061170
604061180
604061190
604061200
604061210
604061220
604061230
604061240
604061250
604061260
604061271
604061281
604061291
604061301
604061311
604061321
604061331
604061341
604061351
604061361
604061371
604061381
604061391
604061401
604061411
604061421
604061431
604061441
604061452
604061462
604061472
604061482
604061492
604061502
604061512
604061522
604061532
604061542
604061552
604061562
604061572
604061582
604061592
604061602
604061612
604061622
604061633
604061643
604061653
604061663
604061673
604061683
604061693
604061703
604061713
604061723
604061733
604061743
604061753
604061763
604061773
604061783
604061793
604061803
604061814
604061824
604061834
604061844
604061854
604061864
604061874
604061884
604061894
604061904
604061914
604061924
604061934
604061944
604061954
604061964
604061974
604061984
604061995
604062005
604062015
604062025
604062035
604062045
604062055
604062065
604062075
604062085
604062095
604062105
604062115
604062125
604062135
604062145
604062155
604062165
604062176
604062186
604062196
604062206
604062216
604062226
604062236
604062246
604062256
604062266
604062276
604062286
604062296
604062306
604062316
604062326
604062336
604062346
604062357
604062367
604062377
604062387
604062397
604062407
604062417
604062427
604062437
604062447
604062457
604062467
604062477
604062487
604062497
604062507
604062517
604062527
604062538
604062548
604062558
604062568
604062578
604062588
604062598
604062608
604062618
604062628
604062638
604062648
604062658
604062668
604062678
604062688
604062698
604062708
604062719
604062729
604062739
604062749
604062759
604062769
604062779
604062789
604062799
604062809
604062819
604062829
604062839
604062849
604062859
604062869
604062879
604062889
604062900
604062910
604062920
604062930
604062940
604062950
604062960
604062970
604062980
604062990
604063000
604063010
604063020
604063030
604063040
604063050
604063060
604063070
604063081
604063091
604063101
604063111
604063121
604063131
604063141
604063151
604063161
604063171
604063181
604063191
604063201
604063211
604063221
604063231
604063241
604063251
604063262
604063272
604063282
604063292
604063302
604063312
604063322
604063332
604063342
604063352
604063362
604063372
604063382
604063392
604063402
604063412
604063422
604063432
604063443
604063453
604063463
604063473
604063483
604063493
604063503
604063513
604063523
604063533
604063543
604063553
604063563
604063573
604063583
604063593
604063603
604063613
604063624
604063634
604063644
604063654
604063664
604063674
604063684
604063694
604063704
604063714
604063724
604063734
604063744
604063754
604063764
604063774
604063784
604063794
604063805
604063815
604063825
604063835
604063845
604063855
604063865
604063875
604063885
604063895
604063905
604063915
604063925
604063935
604063945
604063955
604063965
604063975
604063986
604063996
604064006
604064016
604064026
604064036
604064046
604064056
604064066
604064076
604064086
604064096
604064106
604064116
604064126
604064136
604064146
604064156
604064167
604064177
604064187
604064197
604064207
604064217
604064227
604064237
604064247
604064257
604064267
604064277
604064287
604064297
604064307
604064317
604064327
604064337
604064348
604064358
604064368
604064378
604064388
604064398
604064408
604064418
604064428
604064438
604064448
604064458
604064468
604064478
604064488
604064498
604064508
604064518
604064529
604064539
604064549
604064559
604064569
604064579
604064589
604064599
604064609
604064619
604064629
604064639
604064649
604064659
604064669
604064679
604064689
604064699
604064710
604064720
604064730
604064740
604064750
604064760
604064770
604064780
604064790
604064800
604064810
604064820
604064830
604064840
604064850
604064860
604064870
604064880
604064891
604064901
604064911
604064921
604064931
604064941
604064951
604064961
604064971
604064981
604064991
604065001
604065011
604065021
604065031
604065041
604065051
604065061
604065072
604065082
604065092
604065102
604065112
604065122
604065132
604065142
604065152
604065162
604065172
604065182
604065192
604065202
604065212
604065222
604065232
604065242
604065253
604065263
604065273
604065283
604065293
604065303
604065313
604065323
604065333
604065343
604065353
604065363
604065373
604065383
604065393
604065403
604065413
604065423
604065434
604065444
604065454
604065464
604065474
604065484
604065494
604065504
604065514
604065524
604065534
604065544
604065554
604065564
604065574
604065584
604065594
604065604
604065615
604065625
604065635
604065645
604065655
604065665
604065675
604065685
604065695
604065705
604065715
604065725
604065735
604065745
604065755
604065765
604065775
604065785
604065796
604065806
604065816
604065826
604065836
604065846
604065856
604065866
604065876
604065886
604065896
604065906
604065916
604065926
604065936
604065946
604065956
604065966
604065977
604065987
604065997
604066007
604066017
604066027
604066037
604066047
604066057
604066067
604066077
604066087
604066097
604066107
604066117
604066127
604066137
604066147
604066158
604066168
604066178
604066188
604066198
604066208
604066218
604066228
604066238
604066248
604066258
604066268
604066278
604066288
604066298
604066308
604066318
604066328
604066339
604066349
604066359
604066369
604066379
604066389
604066399
604066409
604066419
604066429
604066439
604066449
604066459
604066469
604066479
604066489
604066499
604066509
604066520
604066530
604066540
604066550
604066560
604066570
604066580
604066590
604066600
604066610
604066620
604066630
604066640
604066650
604066660
604066670
604066680
604066690
604066701
604066711
604066721
604066731
604066741
604066751
604066761
604066771
604066781
604066791
604066801
604066811
604066821
604066831
604066841
604066851
604066861
604066871
604066882
604066892
604066902
604066912
604066922
604066932
604066942
604066952
604066962
604066972
604066982
604066992
604067002
604067012
604067022
604067032
604067042
604067052
604067063
604067073
604067083
604067093
604067103
604067113
604067123
604067133
604067143
604067153
604067163
604067173
604067183
604067193
604067203
604067213
604067223
604067233
604067244
604067254
604067264
604067274
604067284
604067294
604067304
604067314
604067324
604067334
604067344
604067354
604067364
604067374
604067384
604067394
604067404
604067414
604067425
604067435
604067445
604067455
604067465
604067475
604067485
604067495
604067505
604067515
604067525
604067535
604067545
604067555
604067565
604067575
604067585
604067595
604067606
604067616
604067626
604067636
604067646
604067656
604067666
604067676
604067686
604067696
604067706
604067716
604067726
604067736
604067746
604067756
604067766
604067776
604067787
604067797
604067807
604067817
604067827
604067837
604067847
604067857
604067867
604067877
604067887
604067897
604067907
604067917
604067927
604067937
604067947
604067957
604067968
604067978
604067988
604067998
604068008
604068018
604068028
604068038
604068048
604068058
604068068
604068078
604068088
604068098
604068108
604068118
604068128
604068138
604068149
604068159
604068169
604068179
604068189
604068199
604068209
604068219
604068229
604068239
604068249
604068259
604068269
604068279
604068289
604068299
604068309
604068319
604068329
604068340
604068350
604068360
604068370
604068380
604068390
604068400
604068410
604068420
604068430
604068440
604068450
604068460
604068470
604068480
604068490
604068500
604068510
604068521
604068531
604068541
604068551
604068561
604068571
604068581
604068591
604068601
604068611
604068621
604068631
604068641
604068651
604068661
604068671
604068681
604068691
604068702
604068712
604068722
604068732
604068742
604068752
604068762
604068772
604068782
604068792
604068802
604068812
604068822
604068832
604068842
604068852
604068862
604068872
604068883
604068893
604068903
604068913
604068923
604068933
604068943
604068953
604068963
604068973
604068983
604068993
604069003
604069013
604069023
604069033
604069043
604069053
604069064
604069074
604069084
604069094
604069104
604069114
604069124
604069134
604069144
604069154
604069164
604069174
604069184
604069194
604069204
604069214
604069224
604069234
604069245
604069255
604069265
604069275
604069285
604069295
604069305
604069315
604069325
604069335
604069345
604069355
604069365
604069375
604069385
604069395
604069405
604069415
604069426
604069436
604069446
604069456
604069466
604069476
604069486
604069496
604069506
604069516
604069526
604069536
604069546
604069556
604069566
604069576
604069586
604069596
604069607
604069617
604069627
604069637
604069647
604069657
604069667
604069677
604069687
604069697
604069707
604069717
604069727
604069737
604069747
604069757
604069767
604069777
604069788
604069798
604069808
604069818
604069828
604069838
604069848
604069858
604069868
604069878
604069888
604069898
604069908
604069918
604069928
604069938
604069948
604069958
604069969
604069979
604069989
604069999
604070009
604070019
604070029
604070039
604070049
604070059
604070069
604070079
604070089
604070099
604070109
604070119
604070129
604070139
604070150
604070160
604070170
604070180
604070190
604070200
604070210
604070220
604070230
604070240
604070250
604070260
604070270
604070280
604070290
604070300
604070310
604070320
604070331
604070341
604070351
604070361
604070371
604070381
604070391
604070401
604070411
604070421
604070431
604070441
604070451
604070461
604070471
604070481
604070491
604070501
604070512
604070522
604070532
604070542
604070552
604070562
604070572
604070582
604070592
604070602
604070612
604070622
604070632
604070642
604070652
604070662
604070672
604070682
604070693
604070703
604070713
604070723
604070733
604070743
604070753
604070763
604070773
604070783
604070793
604070803
604070813
604070823
604070833
604070843
604070853
604070863
604070874
604070884
604070894
604070904
604070914
604070924
604070934
604070944
604070954
604070964
604070974
604070984
604070994
604071004
604071014
604071024
604071034
604071044
604071055
604071065
604071075
604071085
604071095
604071105
604071115
604071125
604071135
604071145
604071155
604071165
604071175
604071185
604071195
604071205
604071215
604071225
604071236
604071246
604071256
604071266
604071276
604071286
604071296
604071306
604071316
604071326
604071336
604071346
604071356
604071366
604071376
604071386
604071396
604071406
604071417
604071427
604071437
604071447
604071457
604071467
604071477
604071487
604071497
604071507
604071517
604071527
604071537
604071547
604071557
604071567
604071577
604071587
604071598
604071608
604071618
604071628
604071638
604071648
604071658
604071668
604071678
604071688
604071698
604071708
604071718
604071728
604071738
604071748
604071758
604071768
604071779
604071789
604071799
604071809
604071819
604071829
604071839
604071849
604071859
604071869
604071879
604071889
604071899
604071909
604071919
604071929
604071939
604071949
604071960
604071970
604071980
604071990
604072000
604072010
604072020
604072030
604072040
604072050
604072060
604072070
604072080
604072090
604072100
604072110
604072120
604072130
604072141
604072151
604072161
604072171
604072181
604072191
604072201
604072211
604072221
604072231
604072241
604072251
604072261
604072271
604072281
604072291
604072301
604072311
604072322
604072332
604072342
604072352
604072362
604072372
604072382
604072392
604072402
604072412
604072422
604072432
604072442
604072452
604072462
604072472
604072482
604072492
604072503
604072513
604072523
604072533
604072543
604072553
604072563
604072573
604072583
604072593
604072603
604072613
604072623
604072633
604072643
604072653
604072663
604072673
604072684
604072694
604072704
604072714
604072724
604072734
604072744
604072754
604072764
604072774
604072784
604072794
604072804
604072814
604072824
604072834
604072844
604072854
604072865
604072875
604072885
604072895
604072905
604072915
604072925
604072935
604072945
604072955
604072965
604072975
604072985
604072995
604073005
604073015
604073025
604073035
604073046
604073056
604073066
604073076
604073086
604073096
604073106
604073116
604073126
604073136
604073146
604073156
604073166
604073176
604073186
604073196
604073206
604073216
604073227
604073237
604073247
604073257
604073267
604073277
604073287
604073297
604073307
604073317
604073327
604073337
604073347
604073357
604073367
604073377
604073387
604073397
604073408
604073418
604073428
604073438
604073448
604073458
604073468
604073478
604073488
604073498
604073508
604073518
604073528
604073538
604073548
604073558
604073568
604073578
604073589
604073599
604073609
604073619
604073629
604073639
604073649
604073659
604073669
604073679
604073689
604073699
604073709
604073719
604073729
604073739
604073749
604073759
604073770
604073780
604073790
604073800
604073810
604073820
604073830
604073840
604073850
604073860
604073870
604073880
604073890
604073900
604073910
604073920
604073930
604073940
604073951
604073961
604073971
604073981
604073991
604074001
604074011
604074021
604074031
604074041
604074051
604074061
604074071
604074081
604074091
604074101
604074111
604074121
604074132
604074142
604074152
604074162
604074172
604074182
604074192
604074202
604074212
604074222
604074232
604074242
604074252
604074262
604074272
604074282
604074292
604074302
604074313
604074323
604074333
604074343
604074353
604074363
604074373
604074383
604074393
604074403
604074413
604074423
604074433
604074443
604074453
604074463
604074473
604074483
604074494
604074504
604074514
604074524
604074534
604074544
604074554
604074564
604074574
604074584
604074594
604074604
604074614
604074624
604074634
604074644
604074654
604074664
604074675
604074685
604074695
604074705
604074715
604074725
604074735
604074745
604074755
604074765
604074775
604074785
604074795
604074805
604074815
604074825
604074835
604074845
604074856
604074866
604074876
604074886
604074896
604074906
604074916
604074926
604074936
604074946
604074956
604074966
604074976
604074986
604074996
604075006
604075016
604075026
604075037
604075047
604075057
604075067
604075077
604075087
604075097
604075107
604075117
604075127
604075137
604075147
604075157
604075167
604075177
604075187
604075197
604075207
604075218
604075228
604075238
604075248
604075258
604075268
604075278
604075288
604075298
604075308
604075318
604075328
604075338
604075348
604075358
604075368
604075378
604075388
604075399
604075409
604075419
604075429
604075439
604075449
604075459
604075469
604075479
604075489
604075499
604075509
604075519
604075529
604075539
604075549
604075559
604075569
604075580
604075590
604075600
604075610
604075620
604075630
604075640
604075650
604075660
604075670
604075680
604075690
604075700
604075710
604075720
604075730
604075740
604075750
604075761
604075771
604075781
604075791
604075801
604075811
604075821
604075831
604075841
604075851
604075861
604075871
604075881
604075891
604075901
604075911
604075921
604075931
604075942
604075952
604075962
604075972
604075982
604075992
604076002
604076012
604076022
604076032
604076042
604076052
604076062
604076072
604076082
604076092
604076102
604076112
604076123
604076133
604076143
604076153
604076163
604076173
604076183
604076193
604076203
604076213
604076223
604076233
604076243
604076253
604076263
604076273
604076283
604076293
604076304
604076314
604076324
604076334
604076344
604076354
604076364
604076374
604076384
604076394
604076404
604076414
604076424
604076434
604076444
604076454
604076464
604076474
604076485
604076495
604076505
604076515
604076525
604076535
604076545
604076555
604076565
604076575
604076585
604076595
604076605
604076615
604076625
604076635
604076645
604076655
604076666
604076676
604076686
604076696
604076706
604076716
604076726
604076736
604076746
604076756
604076766
604076776
604076786
604076796
604076806
604076816
604076826
604076836
604076847
604076857
604076867
604076877
604076887
604076897
604076907
604076917
604076927
604076937
604076947
604076957
604076967
604076977
604076987
604076997
604077007
604077017
604077028
604077038
604077048
604077058
604077068
604077078
604077088
604077098
604077108
604077118
604077128
604077138
604077148
604077158
604077168
604077178
604077188
604077198
604077209
604077219
604077229
604077239
604077249
604077259
604077269
604077279
604077289
604077299
604077309
604077319
604077329
604077339
604077349
604077359
604077369
604077379
604077390
604077400
604077410
604077420
604077430
604077440
604077450
604077460
604077470
604077480
604077490
604077500
604077510
604077520
604077530
604077540
604077550
604077560
604077571
604077581
604077591
604077601
604077611
604077621
604077631
604077641
604077651
604077661
604077671
604077681
604077691
604077701
604077711
604077721
604077731
604077741
604077752
604077762
604077772
604077782
604077792
604077802
604077812
604077822
604077832
604077842
604077852
604077862
604077872
604077882
604077892
604077902
604077912
604077922
604077933
604077943
604077953
604077963
604077973
604077983
604077993
604078003
604078013
604078023
604078033
604078043
604078053
604078063
604078073
604078083
604078093
604078103
604078114
604078124
604078134
604078144
604078154
604078164
604078174
604078184
604078194
604078204
604078214
604078224
604078234
604078244
604078254
604078264
604078274
604078284
604078294
604078305
604078315
604078325
604078335
604078345
604078355
604078365
604078375
604078385
604078395
604078405
604078415
604078425
604078435
604078445
604078455
604078465
604078475
604078486
604078496
604078506
604078516
604078526
604078536
604078546
604078556
604078566
604078576
604078586
604078596
604078606
604078616
604078626
604078636
604078646
604078656
604078667
604078677
604078687
604078697
604078707
604078717
604078727
604078737
604078747
604078757
604078767
604078777
604078787
604078797
604078807
604078817
604078827
604078837
604078848
604078858
604078868
604078878
604078888
604078898
604078908
604078918
604078928
604078938
604078948
604078958
604078968
604078978
604078988
604078998
604079008
604079018
604079029
604079039
604079049
604079059
604079069
604079079
604079089
604079099
604079109
604079119
604079129
604079139
604079149
604079159
604079169
604079179
604079189
604079199
604079210
604079220
604079230
604079240
604079250
604079260
604079270
604079280
604079290
604079300
604079310
604079320
604079330
604079340
604079350
604079360
604079370
604079380
604079391
604079401
604079411
604079421
604079431
604079441
604079451
604079461
604079471
604079481
604079491
604079501
604079511
604079521
604079531
604079541
604079551
604079561
604079572
604079582
604079592
604079602
604079612
604079622
604079632
604079642
604079652
604079662
604079672
604079682
604079692
604079702
604079712
604079722
604079732
604079742
604079753
604079763
604079773
604079783
604079793
604079803
604079813
604079823
604079833
604079843
604079853
604079863
604079873
604079883
604079893
604079903
604079913
604079923
604079934
604079944
604079954
604079964
604079974
604079984
604079994
604080004
604080014
604080024
604080034
604080044
604080054
604080064
604080074
604080084
604080094
604080104
604080115
604080125
604080135
604080145
604080155
604080165
604080175
604080185
604080195
604080205
604080215
604080225
604080235
604080245
604080255
604080265
604080275
604080285
604080296
604080306
604080316
604080326
604080336
604080346
604080356
604080366
604080376
604080386
604080396
604080406
604080416
604080426
604080436
604080446
604080456
604080466
604080477
604080487
604080497
604080507
604080517
604080527
604080537
604080547
604080557
604080567
604080577
604080587
604080597
604080607
604080617
604080627
604080637
604080647
604080658
604080668
604080678
604080688
604080698
604080708
604080718
604080728
604080738
604080748
604080758
604080768
604080778
604080788
604080798
604080808
604080818
604080828
604080839
604080849
604080859
604080869
604080879
604080889
604080899
604080909
604080919
604080929
604080939
604080949
604080959
604080969
604080979
604080989
604080999
604081009
604081020
604081030
604081040
604081050
604081060
604081070
604081080
604081090
604081100
604081110
604081120
604081130
604081140
604081150
604081160
604081170
604081180
604081190
604081201
604081211
604081221
604081231
604081241
604081251
604081261
604081271
604081281
604081291
604081301
604081311
604081321
604081331
604081341
604081351
604081361
604081371
604081382
604081392
604081402
604081412
604081422
604081432
604081442
604081452
604081462
604081472
604081482
604081492
604081502
604081512
604081522
604081532
604081542
604081552
604081563
604081573
604081583
604081593
604081603
604081613
604081623
604081633
604081643
604081653
604081663
604081673
604081683
604081693
604081703
604081713
604081723
604081733
604081744
604081754
604081764
604081774
604081784
604081794
604081804
604081814
604081824
604081834
604081844
604081854
604081864
604081874
604081884
604081894
604081904
604081914
604081925
604081935
604081945
604081955
604081965
604081975
604081985
604081995
604082005
604082015
604082025
604082035
604082045
604082055
604082065
604082075
604082085
604082095
604082106
604082116
604082126
604082136
604082146
604082156
604082166
604082176
604082186
604082196
604082206
604082216
604082226
604082236
604082246
604082256
604082266
604082276
604082287
604082297
604082307
604082317
604082327
604082337
604082347
604082357
604082367
604082377
604082387
604082397
604082407
604082417
604082427
604082437
604082447
604082457
604082468
604082478
604082488
604082498
604082508
604082518
604082528
604082538
604082548
604082558
604082568
604082578
604082588
604082598
604082608
604082618
604082628
604082638
604082649
604082659
604082669
604082679
604082689
604082699
604082709
604082719
604082729
604082739
604082749
604082759
604082769
604082779
604082789
604082799
604082809
604082819
604082830
604082840
604082850
604082860
604082870
604082880
604082890
604082900
604082910
604082920
604082930
604082940
604082950
604082960
604082970
604082980
604082990
604083000
604083011
604083021
604083031
604083041
604083051
604083061
604083071
604083081
604083091
604083101
604083111
604083121
604083131
604083141
604083151
604083161
604083171
604083181
604083192
604083202
604083212
604083222
604083232
604083242
604083252
604083262
604083272
604083282
604083292
604083302
604083312
604083322
604083332
604083342
604083352
604083362
604083373
604083383
604083393
604083403
604083413
604083423
604083433
604083443
604083453
604083463
604083473
604083483
604083493
604083503
604083513
604083523
604083533
604083543
604083554
604083564
604083574
604083584
604083594
604083604
604083614
604083624
604083634
604083644
604083654
604083664
604083674
604083684
604083694
604083704
604083714
604083724
604083735
604083745
604083755
604083765
604083775
604083785
604083795
604083805
604083815
604083825
604083835
604083845
604083855
604083865
604083875
604083885
604083895
604083905
604083916
604083926
604083936
604083946
604083956
604083966
604083976
604083986
604083996
604084006
604084016
604084026
604084036
604084046
604084056
604084066
604084076
604084086
604084097
604084107
604084117
604084127
604084137
604084147
604084157
604084167
604084177
604084187
604084197
604084207
604084217
604084227
604084237
604084247
604084257
604084267
604084278
604084288
604084298
604084308
604084318
604084328
604084338
604084348
604084358
604084368
604084378
604084388
604084398
604084408
604084418
604084428
604084438
604084448
604084459
604084469
604084479
604084489
604084499
604084509
604084519
604084529
604084539
604084549
604084559
604084569
604084579
604084589
604084599
604084609
604084619
604084629
604084640
604084650
604084660
604084670
604084680
604084690
604084700
604084710
604084720
604084730
604084740
604084750
604084760
604084770
604084780
604084790
604084800
604084810
604084821
604084831
604084841
604084851
604084861
604084871
604084881
604084891
604084901
604084911
604084921
604084931
604084941
604084951
604084961
604084971
604084981
604084991
604085002
604085012
604085022
604085032
604085042
604085052
604085062
604085072
604085082
604085092
604085102
604085112
604085122
604085132
604085142
604085152
604085162
604085172
604085183
604085193
604085203
604085213
604085223
604085233
604085243
604085253
604085263
604085273
604085283
604085293
604085303
604085313
604085323
604085333
604085343
604085353
604085364
604085374
604085384
604085394
604085404
604085414
604085424
604085434
604085444
604085454
604085464
604085474
604085484
604085494
604085504
604085514
604085524
604085534
604085545
604085555
604085565
604085575
604085585
604085595
604085605
604085615
604085625
604085635
604085645
604085655
604085665
604085675
604085685
604085695
604085705
604085715
604085726
604085736
604085746
604085756
604085766
604085776
604085786
604085796
604085806
604085816
604085826
604085836
604085846
604085856
604085866
604085876
604085886
604085896
604085907
604085917
604085927
604085937
604085947
604085957
604085967
604085977
604085987
604085997
604086007
604086017
604086027
604086037
604086047
604086057
604086067
604086077
604086088
604086098
604086108
604086118
604086128
604086138
604086148
604086158
604086168
604086178
604086188
604086198
604086208
604086218
604086228
604086238
604086248
604086258
604086269
604086279
604086289
604086299
604086309
604086319
604086329
604086339
604086349
604086359
604086369
604086379
604086389
604086399
604086409
604086419
604086429
604086439
604086450
604086460
604086470
604086480
604086490
604086500
604086510
604086520
604086530
604086540
604086550
604086560
604086570
604086580
604086590
604086600
604086610
604086620
604086631
604086641
604086651
604086661
604086671
604086681
604086691
604086701
604086711
604086721
604086731
604086741
604086751
604086761
604086771
604086781
604086791
604086801
604086812
604086822
604086832
604086842
604086852
604086862
604086872
604086882
604086892
604086902
604086912
604086922
604086932
604086942
604086952
604086962
604086972
604086982
604086993
604087003
604087013
604087023
604087033
604087043
604087053
604087063
604087073
604087083
604087093
604087103
604087113
604087123
604087133
604087143
604087153
604087163
604087174
604087184
604087194
604087204
604087214
604087224
604087234
604087244
604087254
604087264
604087274
604087284
604087294
604087304
604087314
604087324
604087334
604087344
604087355
604087365
604087375
604087385
604087395
604087405
604087415
604087425
604087435
604087445
604087455
604087465
604087475
604087485
604087495
604087505
604087515
604087525
604087536
604087546
604087556
604087566
604087576
604087586
604087596
604087606
604087616
604087626
604087636
604087646
604087656
604087666
604087676
604087686
604087696
604087706
604087717
604087727
604087737
604087747
604087757
604087767
604087777
604087787
604087797
604087807
604087817
604087827
604087837
604087847
604087857
604087867
604087877
604087887
604087898
604087908
604087918
604087928
604087938
604087948
604087958
604087968
604087978
604087988
604087998
604088008
604088018
604088028
604088038
604088048
604088058
604088068
604088078
604088089
604088099
604088109
604088119
604088129
604088139
604088149
604088159
604088169
604088179
604088189
604088199
604088209
604088219
604088229
604088239
604088249
604088259
604088270
604088280
604088290
604088300
604088310
604088320
604088330
604088340
604088350
604088360
604088370
604088380
604088390
604088400
604088410
604088420
604088430
604088440
604088451
604088461
604088471
604088481
604088491
604088501
604088511
604088521
604088531
604088541
604088551
604088561
604088571
604088581
604088591
604088601
604088611
604088621
604088632
604088642
604088652
604088662
604088672
604088682
604088692
604088702
604088712
604088722
604088732
604088742
604088752
604088762
604088772
604088782
604088792
604088802
604088813
604088823
604088833
604088843
604088853
604088863
604088873
604088883
604088893
604088903
604088913
604088923
604088933
604088943
604088953
604088963
604088973
604088983
604088994
604089004
604089014
604089024
604089034
604089044
604089054
604089064
604089074
604089084
604089094
604089104
604089114
604089124
604089134
604089144
604089154
604089164
604089175
604089185
604089195
604089205
604089215
604089225
604089235
604089245
604089255
604089265
604089275
604089285
604089295
604089305
604089315
604089325
604089335
604089345
604089356
604089366
604089376
604089386
604089396
604089406
604089416
604089426
604089436
604089446
604089456
604089466
604089476
604089486
604089496
604089506
604089516
604089526
604089537
604089547
604089557
604089567
604089577
604089587
604089597
604089607
604089617
604089627
604089637
604089647
604089657
604089667
604089677
604089687
604089697
604089707
604089718
604089728
604089738
604089748
604089758
604089768
604089778
604089788
604089798
604089808
604089818
604089828
604089838
604089848
604089858
604089868
604089878
604089888
604089899
604089909
604089919
604089929
604089939
604089949
604089959
604089969
604089979
604089989
604089999
604090009
604090019
604090029
604090039
604090049
604090059
604090069
604090080
604090090
604090100
604090110
604090120
604090130
604090140
604090150
604090160
604090170
604090180
604090190
604090200
604090210
604090220
604090230
604090240
604090250
604090261
604090271
604090281
604090291
604090301
604090311
604090321
604090331
604090341
604090351
604090361
604090371
604090381
604090391
604090401
604090411
604090421
604090431
604090442
604090452
604090462
604090472
604090482
604090492
604090502
604090512
604090522
604090532
604090542
604090552
604090562
604090572
604090582
604090592
604090602
604090612
604090623
604090633
604090643
604090653
604090663
604090673
604090683
604090693
604090703
604090713
604090723
604090733
604090743
604090753
604090763
604090773
604090783
604090793
604090804
604090814
604090824
604090834
604090844
604090854
604090864
604090874
604090884
604090894
604090904
604090914
604090924
604090934
604090944
604090954
604090964
604090974
604090985
604090995
604091005
604091015
604091025
604091035
604091045
604091055
604091065
604091075
604091085
604091095
604091105
604091115
604091125
604091135
604091145
604091155
604091166
604091176
604091186
604091196
604091206
604091216
604091226
604091236
604091246
604091256
604091266
604091276
604091286
604091296
604091306
604091316
604091326
604091336
604091347
604091357
604091367
604091377
604091387
604091397
604091407
604091417
604091427
604091437
604091447
604091457
604091467
604091477
604091487
604091497
604091507
604091517
604091528
604091538
604091548
604091558
604091568
604091578
604091588
604091598
604091608
604091618
604091628
604091638
604091648
604091658
604091668
604091678
604091688
604091698
604091709
604091719
604091729
604091739
604091749
604091759
604091769
604091779
604091789
604091799
604091809
604091819
604091829
604091839
604091849
604091859
604091869
604091879
604091890
604091900
604091910
604091920
604091930
604091940
604091950
604091960
604091970
604091980
604091990
604092000
604092010
604092020
604092030
604092040
604092050
604092060
604092071
604092081
604092091
604092101
604092111
604092121
604092131
604092141
604092151
604092161
604092171
604092181
604092191
604092201
604092211
604092221
604092231
604092241
604092252
604092262
604092272
604092282
604092292
604092302
604092312
604092322
604092332
604092342
604092352
604092362
604092372
604092382
604092392
604092402
604092412
604092422
604092433
604092443
604092453
604092463
604092473
604092483
604092493
604092503
604092513
604092523
604092533
604092543
604092553
604092563
604092573
604092583
604092593
604092603
604092614
604092624
604092634
604092644
604092654
604092664
604092674
604092684
604092694
604092704
604092714
604092724
604092734
604092744
604092754
604092764
604092774
604092784
604092795
604092805
604092815
604092825
604092835
604092845
604092855
604092865
604092875
604092885
604092895
604092905
604092915
604092925
604092935
604092945
604092955
604092965
604092976
604092986
604092996
604093006
604093016
604093026
604093036
604093046
604093056
604093066
604093076
604093086
604093096
604093106
604093116
604093126
604093136
604093146
604093157
604093167
604093177
604093187
604093197
604093207
604093217
604093227
604093237
604093247
604093257
604093267
604093277
604093287
604093297
604093307
604093317
604093327
604093338
604093348
604093358
604093368
604093378
604093388
604093398
604093408
604093418
604093428
604093438
604093448
604093458
604093468
604093478
604093488
604093498
604093508
604093519
604093529
604093539
604093549
604093559
604093569
604093579
604093589
604093599
604093609
604093619
604093629
604093639
604093649
604093659
604093669
604093679
604093689
604093700
604093710
604093720
604093730
604093740
604093750
604093760
604093770
604093780
604093790
604093800
604093810
604093820
604093830
604093840
604093850
604093860
604093870
604093881
604093891
604093901
604093911
604093921
604093931
604093941
604093951
604093961
604093971
604093981
604093991
604094001
604094011
604094021
604094031
604094041
604094051
604094062
604094072
604094082
604094092
604094102
604094112
604094122
604094132
604094142
604094152
604094162
604094172
604094182
604094192
604094202
604094212
604094222
604094232
604094243
604094253
604094263
604094273
604094283
604094293
604094303
604094313
604094323
604094333
604094343
604094353
604094363
604094373
604094383
604094393
604094403
604094413
604094424
604094434
604094444
604094454
604094464
604094474
604094484
604094494
604094504
604094514
604094524
604094534
604094544
604094554
604094564
604094574
604094584
604094594
604094605
604094615
604094625
604094635
604094645
604094655
604094665
604094675
604094685
604094695
604094705
604094715
604094725
604094735
604094745
604094755
604094765
604094775
604094786
604094796
604094806
604094816
604094826
604094836
604094846
604094856
604094866
604094876
604094886
604094896
604094906
604094916
604094926
604094936
604094946
604094956
604094967
604094977
604094987
604094997
604095007
604095017
604095027
604095037
604095047
604095057
604095067
604095077
604095087
604095097
604095107
604095117
604095127
604095137
604095148
604095158
604095168
604095178
604095188
604095198
604095208
604095218
604095228
604095238
604095248
604095258
604095268
604095278
604095288
604095298
604095308
604095318
604095329
604095339
604095349
604095359
604095369
604095379
604095389
604095399
604095409
604095419
604095429
604095439
604095449
604095459
604095469
604095479
604095489
604095499
604095510
604095520
604095530
604095540
604095550
604095560
604095570
604095580
604095590
604095600
604095610
604095620
604095630
604095640
604095650
604095660
604095670
604095680
604095691
604095701
604095711
604095721
604095731
604095741
604095751
604095761
604095771
604095781
604095791
604095801
604095811
604095821
604095831
604095841
604095851
604095861
604095872
604095882
604095892
604095902
604095912
604095922
604095932
604095942
604095952
604095962
604095972
604095982
604095992
604096002
604096012
604096022
604096032
604096042
604096053
604096063
604096073
604096083
604096093
604096103
604096113
604096123
604096133
604096143
604096153
604096163
604096173
604096183
604096193
604096203
604096213
604096223
604096234
604096244
604096254
604096264
604096274
604096284
604096294
604096304
604096314
604096324
604096334
604096344
604096354
604096364
604096374
604096384
604096394
604096404
604096415
604096425
604096435
604096445
604096455
604096465
604096475
604096485
604096495
604096505
604096515
604096525
604096535
604096545
604096555
604096565
604096575
604096585
604096596
604096606
604096616
604096626
604096636
604096646
604096656
604096666
604096676
604096686
604096696
604096706
604096716
604096726
604096736
604096746
604096756
604096766
604096777
604096787
604096797
604096807
604096817
604096827
604096837
604096847
604096857
604096867
604096877
604096887
604096897
604096907
604096917
604096927
604096937
604096947
604096958
604096968
604096978
604096988
604096998
604097008
604097018
604097028
604097038
604097048
604097058
604097068
604097078
604097088
604097098
604097108
604097118
604097128
604097139
604097149
604097159
604097169
604097179
604097189
604097199
604097209
604097219
604097229
604097239
604097249
604097259
604097269
604097279
604097289
604097299
604097309
604097320
604097330
604097340
604097350
604097360
604097370
604097380
604097390
604097400
604097410
604097420
604097430
604097440
604097450
604097460
604097470
604097480
604097490
604097501
604097511
604097521
604097531
604097541
604097551
604097561
604097571
604097581
604097591
604097601
604097611
604097621
604097631
604097641
604097651
604097661
604097671
604097682
604097692
604097702
604097712
604097722
604097732
604097742
604097752
604097762
604097772
604097782
604097792
604097802
604097812
604097822
604097832
604097842
604097852
604097863
604097873
604097883
604097893
604097903
604097913
604097923
604097933
604097943
604097953
604097963
604097973
604097983
604097993
604098003
604098013
604098023
604098033
604098044
604098054
604098064
604098074
604098084
604098094
604098104
604098114
604098124
604098134
604098144
604098154
604098164
604098174
604098184
604098194
604098204
604098214
604098225
604098235
604098245
604098255
604098265
604098275
604098285
604098295
604098305
604098315
604098325
604098335
604098345
604098355
604098365
604098375
604098385
604098395
604098406
604098416
604098426
604098436
604098446
604098456
604098466
604098476
604098486
604098496
604098506
604098516
604098526
604098536
604098546
604098556
604098566
604098576
604098587
604098597
604098607
604098617
604098627
604098637
604098647
604098657
604098667
604098677
604098687
604098697
604098707
604098717
604098727
604098737
604098747
604098757
604098768
604098778
604098788
604098798
604098808
604098818
604098828
604098838
604098848
604098858
604098868
604098878
604098888
604098898
604098908
604098918
604098928
604098938
604098949
604098959
604098969
604098979
604098989
604098999
604099009
604099019
604099029
604099039
604099049
604099059
604099069
604099079
604099089
604099099
604099109
604099119
604099129
604099140
604099150
604099160
604099170
604099180
604099190
604099200
604099210
604099220
604099230
604099240
604099250
604099260
604099270
604099280
604099290
604099300
604099310
604099321
604099331
604099341
604099351
604099361
604099371
604099381
604099391
604099401
604099411
604099421
604099431
604099441
604099451
604099461
604099471
604099481
604099491
604099502
604099512
604099522
604099532
604099542
604099552
604099562
604099572
604099582
604099592
604099602
604099612
604099622
604099632
604099642
604099652
604099662
604099672
604099683
604099693
604099703
604099713
604099723
604099733
604099743
604099753
604099763
604099773
604099783
604099793
604099803
604099813
604099823
604099833
604099843
604099853
604099864
604099874
604099884
604099894
604099904
604099914
604099924
604099934
604099944
604099954
604099964
604099974
604099984
604099994
604100004
604100014
604100024
604100034
604100045
604100055
604100065
604100075
604100085
604100095
604100105
604100115
604100125
604100135
604100145
604100155
604100165
604100175
604100185
604100195
604100205
604100215
604100226
604100236
604100246
604100256
604100266
604100276
604100286
604100296
604100306
604100316
604100326
604100336
604100346
604100356
604100366
604100376
604100386
604100396
604100407
604100417
604100427
604100437
604100447
604100457
604100467
604100477
604100487
604100497
604100507
604100517
604100527
604100537
604100547
604100557
604100567
604100577
604100588
604100598
604100608
604100618
604100628
604100638
604100648
604100658
604100668
604100678
604100688
604100698
604100708
604100718
604100728
604100738
604100748
604100758
604100769
604100779
604100789
604100799
604100809
604100819
604100829
604100839
604100849
604100859
604100869
604100879
604100889
604100899
604100909
604100919
604100929
604100939
604100950
604100960
604100970
604100980
604100990
604101000
604101010
604101020
604101030
604101040
604101050
604101060
604101070
604101080
604101090
604101100
604101110
604101120
604101131
604101141
604101151
604101161
604101171
604101181
604101191
604101201
604101211
604101221
604101231
604101241
604101251
604101261
604101271
604101281
604101291
604101301
604101312
604101322
604101332
604101342
604101352
604101362
604101372
604101382
604101392
604101402
604101412
604101422
604101432
604101442
604101452
604101462
604101472
604101482
604101493
604101503
604101513
604101523
604101533
604101543
604101553
604101563
604101573
604101583
604101593
604101603
604101613
604101623
604101633
604101643
604101653
604101663
604101674
604101684
604101694
604101704
604101714
604101724
604101734
604101744
604101754
604101764
604101774
604101784
604101794
604101804
604101814
604101824
604101834
604101844
604101855
604101865
604101875
604101885
604101895
604101905
604101915
604101925
604101935
604101945
604101955
604101965
604101975
604101985
604101995
604102005
604102015
604102025
604102036
604102046
604102056
604102066
604102076
604102086
604102096
604102106
604102116
604102126
604102136
604102146
604102156
604102166
604102176
604102186
604102196
604102206
604102217
604102227
604102237
604102247
604102257
604102267
604102277
604102287
604102297
604102307
604102317
604102327
604102337
604102347
604102357
604102367
604102377
604102387
604102398
604102408
604102418
604102428
604102438
604102448
604102458
604102468
604102478
604102488
604102498
604102508
604102518
604102528
604102538
604102548
604102558
604102568
604102579
604102589
604102599
604102609
604102619
604102629
604102639
604102649
604102659
604102669
604102679
604102689
604102699
604102709
604102719
604102729
604102739
604102749
604102760
604102770
604102780
604102790
604102800
604102810
604102820
604102830
604102840
604102850
604102860
604102870
604102880
604102890
604102900
604102910
604102920
604102930
604102941
604102951
604102961
604102971
604102981
604102991
604103001
604103011
604103021
604103031
604103041
604103051
604103061
604103071
604103081
604103091
604103101
604103111
604103122
604103132
604103142
604103152
604103162
604103172
604103182
604103192
604103202
604103212
604103222
604103232
604103242
604103252
604103262
604103272
604103282
604103292
604103303
604103313
604103323
604103333
604103343
604103353
604103363
604103373
604103383
604103393
604103403
604103413
604103423
604103433
604103443
604103453
604103463
604103473
604103484
604103494
604103504
604103514
604103524
604103534
604103544
604103554
604103564
604103574
604103584
604103594
604103604
604103614
604103624
604103634
604103644
604103654
604103665
604103675
604103685
604103695
604103705
604103715
604103725
604103735
604103745
604103755
604103765
604103775
604103785
604103795
604103805
604103815
604103825
604103835
604103846
604103856
604103866
604103876
604103886
604103896
604103906
604103916
604103926
604103936
604103946
604103956
604103966
604103976
604103986
604103996
604104006
604104016
604104027
604104037
604104047
604104057
604104067
604104077
604104087
604104097
604104107
604104117
604104127
604104137
604104147
604104157
604104167
604104177
604104187
604104197
604104208
604104218
604104228
604104238
604104248
604104258
604104268
604104278
604104288
604104298
604104308
604104318
604104328
604104338
604104348
604104358
604104368
604104378
604104389
604104399
604104409
604104419
604104429
604104439
604104449
604104459
604104469
604104479
604104489
604104499
604104509
604104519
604104529
604104539
604104549
604104559
604104570
604104580
604104590
604104600
604104610
604104620
604104630
604104640
604104650
604104660
604104670
604104680
604104690
604104700
604104710
604104720
604104730
604104740
604104751
604104761
604104771
604104781
604104791
604104801
604104811
604104821
604104831
604104841
604104851
604104861
604104871
604104881
604104891
604104901
604104911
604104921
604104932
604104942
604104952
604104962
604104972
604104982
604104992
604105002
604105012
604105022
604105032
604105042
604105052
604105062
604105072
604105082
604105092
604105102
604105113
604105123
604105133
604105143
604105153
604105163
604105173
604105183
604105193
604105203
604105213
604105223
604105233
604105243
604105253
604105263
604105273
604105283
604105294
604105304
604105314
604105324
604105334
604105344
604105354
604105364
604105374
604105384
604105394
604105404
604105414
604105424
604105434
604105444
604105454
604105464
604105475
604105485
604105495
604105505
604105515
604105525
604105535
604105545
604105555
604105565
604105575
604105585
604105595
604105605
604105615
604105625
604105635
604105645
604105656
604105666
604105676
604105686
604105696
604105706
604105716
604105726
604105736
604105746
604105756
604105766
604105776
604105786
604105796
604105806
604105816
604105826
604105837
604105847
604105857
604105867
604105877
604105887
604105897
604105907
604105917
604105927
604105937
604105947
604105957
604105967
604105977
604105987
604105997
604106007
604106018
604106028
604106038
604106048
604106058
604106068
604106078
604106088
604106098
604106108
604106118
604106128
604106138
604106148
604106158
604106168
604106178
604106188
604106199
604106209
604106219
604106229
604106239
604106249
604106259
604106269
604106279
604106289
604106299
604106309
604106319
604106329
604106339
604106349
604106359
604106369
604106380
604106390
604106400
604106410
604106420
604106430
604106440
604106450
604106460
604106470
604106480
604106490
604106500
604106510
604106520
604106530
604106540
604106550
604106561
604106571
604106581
604106591
604106601
604106611
604106621
604106631
604106641
604106651
604106661
604106671
604106681
604106691
604106701
604106711
604106721
604106731
604106742
604106752
604106762
604106772
604106782
604106792
604106802
604106812
604106822
604106832
604106842
604106852
604106862
604106872
604106882
604106892
604106902
604106912
604106923
604106933
604106943
604106953
604106963
604106973
604106983
604106993
604107003
604107013
604107023
604107033
604107043
604107053
604107063
604107073
604107083
604107093
604107104
604107114
604107124
604107134
604107144
604107154
604107164
604107174
604107184
604107194
604107204
604107214
604107224
604107234
604107244
604107254
604107264
604107274
604107285
604107295
604107305
604107315
604107325
604107335
604107345
604107355
604107365
604107375
604107385
604107395
604107405
604107415
604107425
604107435
604107445
604107455
604107466
604107476
604107486
604107496
604107506
604107516
604107526
604107536
604107546
604107556
604107566
604107576
604107586
604107596
604107606
604107616
604107626
604107636
604107647
604107657
604107667
604107677
604107687
604107697
604107707
604107717
604107727
604107737
604107747
604107757
604107767
604107777
604107787
604107797
604107807
604107817
604107828
604107838
604107848
604107858
604107868
604107878
604107888
604107898
604107908
604107918
604107928
604107938
604107948
604107958
604107968
604107978
604107988
604107998
604108009
604108019
604108029
604108039
604108049
604108059
604108069
604108079
604108089
604108099
604108109
604108119
604108129
604108139
604108149
604108159
604108169
604108179
604108190
604108200
604108210
604108220
604108230
604108240
604108250
604108260
604108270
604108280
604108290
604108300
604108310
604108320
604108330
604108340
604108350
604108360
604108371
604108381
604108391
604108401
604108411
604108421
604108431
604108441
604108451
604108461
604108471
604108481
604108491
604108501
604108511
604108521
604108531
604108541
604108552
604108562
604108572
604108582
604108592
604108602
604108612
604108622
604108632
604108642
604108652
604108662
604108672
604108682
604108692
604108702
604108712
604108722
604108733
604108743
604108753
604108763
604108773
604108783
604108793
604108803
604108813
604108823
604108833
604108843
604108853
604108863
604108873
604108883
604108893
604108903
604108914
604108924
604108934
604108944
604108954
604108964
604108974
604108984
604108994
604109004
604109014
604109024
604109034
604109044
604109054
604109064
604109074
604109084
604109095
604109105
604109115
604109125
604109135
604109145
604109155
604109165
604109175
604109185
604109195
604109205
604109215
604109225
604109235
604109245
604109255
604109265
604109276
604109286
604109296
604109306
604109316
604109326
604109336
604109346
604109356
604109366
604109376
604109386
604109396
604109406
604109416
604109426
604109436
604109446
604109457
604109467
604109477
604109487
604109497
604109507
604109517
604109527
604109537
604109547
604109557
604109567
604109577
604109587
604109597
604109607
604109617
604109627
604109638
604109648
604109658
604109668
604109678
604109688
604109698
604109708
604109718
604109728
604109738
604109748
604109758
604109768
604109778
604109788
604109798
604109808
604109819
604109829
604109839
604109849
604109859
604109869
604109879
604109889
604109899
604109909
604109919
604109929
604109939
604109949
604109959
604109969
604109979
604109989
604110000
604110010
604110020
604110030
604110040
604110050
604110060
604110070
604110080
604110090
604110100
604110110
604110120
604110130
604110140
604110150
604110160
604110170
604110181
604110191
604110201
604110211
604110221
604110231
604110241
604110251
604110261
604110271
604110281
604110291
604110301
604110311
604110321
604110331
604110341
604110351
604110362
604110372
604110382
604110392
604110402
604110412
604110422
604110432
604110442
604110452
604110462
604110472
604110482
604110492
604110502
604110512
604110522
604110532
604110543
604110553
604110563
604110573
604110583
604110593
604110603
604110613
604110623
604110633
604110643
604110653
604110663
604110673
604110683
604110693
604110703
604110713
604110724
604110734
604110744
604110754
604110764
604110774
604110784
604110794
604110804
604110814
604110824
604110834
604110844
604110854
604110864
604110874
604110884
604110894
604110905
604110915
604110925
604110935
604110945
604110955
604110965
604110975
604110985
604110995
604111005
604111015
604111025
604111035
604111045
604111055
604111065
604111075
604111086
604111096
604111106
604111116
604111126
604111136
604111146
604111156
604111166
604111176
604111186
604111196
604111206
604111216
604111226
604111236
604111246
604111256
604111267
604111277
604111287
604111297
604111307
604111317
604111327
604111337
604111347
604111357
604111367
604111377
604111387
604111397
604111407
604111417
604111427
604111437
604111448
604111458
604111468
604111478
604111488
604111498
604111508
604111518
604111528
604111538
604111548
604111558
604111568
604111578
604111588
604111598
604111608
604111618
604111629
604111639
604111649
604111659
604111669
604111679
604111689
604111699
604111709
604111719
604111729
604111739
604111749
604111759
604111769
604111779
604111789
604111799
604111809
604111820
604111830
604111840
604111850
604111860
604111870
604111880
604111890
604111900
604111910
604111920
604111930
604111940
604111950
604111960
604111970
604111980
604111990
604112001
604112011
604112021
604112031
604112041
604112051
604112061
604112071
604112081
604112091
604112101
604112111
604112121
604112131
604112141
604112151
604112161
604112171
604112182
604112192
604112202
604112212
604112222
604112232
604112242
604112252
604112262
604112272
604112282
604112292
604112302
604112312
604112322
604112332
604112342
604112352
604112363
604112373
604112383
604112393
604112403
604112413
604112423
604112433
604112443
604112453
604112463
604112473
604112483
604112493
604112503
604112513
604112523
604112533
604112544
604112554
604112564
604112574
604112584
604112594
604112604
604112614
604112624
604112634
604112644
604112654
604112664
604112674
604112684
604112694
604112704
604112714
604112725
604112735
604112745
604112755
604112765
604112775
604112785
604112795
604112805
604112815
604112825
604112835
604112845
604112855
604112865
604112875
604112885
604112895
604112906
604112916
604112926
604112936
604112946
604112956
604112966
604112976
604112986
604112996
604113006
604113016
604113026
604113036
604113046
604113056
604113066
604113076
604113087
604113097
604113107
604113117
604113127
604113137
604113147
604113157
604113167
604113177
604113187
604113197
604113207
604113217
604113227
604113237
604113247
604113257
604113268
604113278
604113288
604113298
604113308
604113318
604113328
604113338
604113348
604113358
604113368
604113378
604113388
604113398
604113408
604113418
604113428
604113438
604113449
604113459
604113469
604113479
604113489
604113499
604113509
604113519
604113529
604113539
604113549
604113559
604113569
604113579
604113589
604113599
604113609
604113619
604113630
604113640
604113650
604113660
604113670
604113680
604113690
604113700
604113710
604113720
604113730
604113740
604113750
604113760
604113770
604113780
604113790
604113800
604113811
604113821
604113831
604113841
604113851
604113861
604113871
604113881
604113891
604113901
604113911
604113921
604113931
604113941
604113951
604113961
604113971
604113981
604113992
604114002
604114012
604114022
604114032
604114042
604114052
604114062
604114072
604114082
604114092
604114102
604114112
604114122
604114132
604114142
604114152
604114162
604114173
604114183
604114193
604114203
604114213
604114223
604114233
604114243
604114253
604114263
604114273
604114283
604114293
604114303
604114313
604114323
604114333
604114343
604114354
604114364
604114374
604114384
604114394
604114404
604114414
604114424
604114434
604114444
604114454
604114464
604114474
604114484
604114494
604114504
604114514
604114524
604114535
604114545
604114555
604114565
604114575
604114585
604114595
604114605
604114615
604114625
604114635
604114645
604114655
604114665
604114675
604114685
604114695
604114705
604114716
604114726
604114736
604114746
604114756
604114766
604114776
604114786
604114796
604114806
604114816
604114826
604114836
604114846
604114856
604114866
604114876
604114886
604114897
604114907
604114917
604114927
604114937
604114947
604114957
604114967
604114977
604114987
604114997
604115007
604115017
604115027
604115037
604115047
604115057
604115067
604115078
604115088
604115098
604115108
604115118
604115128
604115138
604115148
604115158
604115168
604115178
604115188
604115198
604115208
604115218
604115228
604115238
604115248
604115259
604115269
604115279
604115289
604115299
604115309
604115319
604115329
604115339
604115349
604115359
604115369
604115379
604115389
604115399
604115409
604115419
604115429
604115440
604115450
604115460
604115470
604115480
604115490
604115500
604115510
604115520
604115530
604115540
604115550
604115560
604115570
604115580
604115590
604115600
604115610
604115621
604115631
604115641
604115651
604115661
604115671
604115681
604115691
604115701
604115711
604115721
604115731
604115741
604115751
604115761
604115771
604115781
604115791
604115802
604115812
604115822
604115832
604115842
604115852
604115862
604115872
604115882
604115892
604115902
604115912
604115922
604115932
604115942
604115952
604115962
604115972
604115983
604115993
604116003
604116013
604116023
604116033
604116043
604116053
604116063
604116073
604116083
604116093
604116103
604116113
604116123
604116133
604116143
604116153
604116164
604116174
604116184
604116194
604116204
604116214
604116224
604116234
604116244
604116254
604116264
604116274
604116284
604116294
604116304
604116314
604116324
604116334
604116345
604116355
604116365
604116375
604116385
604116395
604116405
604116415
604116425
604116435
604116445
604116455
604116465
604116475
604116485
604116495
604116505
604116515
604116526
604116536
604116546
604116556
604116566
604116576
604116586
604116596
604116606
604116616
604116626
604116636
604116646
604116656
604116666
604116676
604116686
604116696
604116707
604116717
604116727
604116737
604116747
604116757
604116767
604116777
604116787
604116797
604116807
604116817
604116827
604116837
604116847
604116857
604116867
604116877
604116888
604116898
604116908
604116918
604116928
604116938
604116948
604116958
604116968
604116978
604116988
604116998
604117008
604117018
604117028
604117038
604117048
604117058
604117069
604117079
604117089
604117099
604117109
604117119
604117129
604117139
604117149
604117159
604117169
604117179
604117189
604117199
604117209
604117219
604117229
604117239
604117250
604117260
604117270
604117280
604117290
604117300
604117310
604117320
604117330
604117340
604117350
604117360
604117370
604117380
604117390
604117400
604117410
604117420
604117431
604117441
604117451
604117461
604117471
604117481
604117491
604117501
604117511
604117521
604117531
604117541
604117551
604117561
604117571
604117581
604117591
604117601
604117612
604117622
604117632
604117642
604117652
604117662
604117672
604117682
604117692
604117702
604117712
604117722
604117732
604117742
604117752
604117762
604117772
604117782
604117793
604117803
604117813
604117823
604117833
604117843
604117853
604117863
604117873
604117883
604117893
604117903
604117913
604117923
604117933
604117943
604117953
604117963
604117974
604117984
604117994
604118004
604118014
604118024
604118034
604118044
604118054
604118064
604118074
604118084
604118094
604118104
604118114
604118124
604118134
604118144
604118155
604118165
604118175
604118185
604118195
604118205
604118215
604118225
604118235
604118245
604118255
604118265
604118275
604118285
604118295
604118305
604118315
604118325
604118336
604118346
604118356
604118366
604118376
604118386
604118396
604118406
604118416
604118426
604118436
604118446
604118456
604118466
604118476
604118486
604118496
604118506
604118517
604118527
604118537
604118547
604118557
604118567
604118577
604118587
604118597
604118607
604118617
604118627
604118637
604118647
604118657
604118667
604118677
604118687
604118698
604118708
604118718
604118728
604118738
604118748
604118758
604118768
604118778
604118788
604118798
604118808
604118818
604118828
604118838
604118848
604118858
604118868
604118879
604118889
604118899
604118909
604118919
604118929
604118939
604118949
604118959
604118969
604118979
604118989
604118999
604119009
604119019
604119029
604119039
604119049
604119060
604119070
604119080
604119090
604119100
604119110
604119120
604119130
604119140
604119150
604119160
604119170
604119180
604119190
604119200
604119210
604119220
604119230
604119241
604119251
604119261
604119271
604119281
604119291
604119301
604119311
604119321
604119331
604119341
604119351
604119361
604119371
604119381
604119391
604119401
604119411
604119422
604119432
604119442
604119452
604119462
604119472
604119482
604119492
604119502
604119512
604119522
604119532
604119542
604119552
604119562
604119572
604119582
604119592
604119603
604119613
604119623
604119633
604119643
604119653
604119663
604119673
604119683
604119693
604119703
604119713
604119723
604119733
604119743
604119753
604119763
604119773
604119784
604119794
604119804
604119814
604119824
604119834
604119844
604119854
604119864
604119874
604119884
604119894
604119904
604119914
604119924
604119934
604119944
604119954
604119965
604119975
604119985
604119995
604120005
604120015
604120025
604120035
604120045
604120055
604120065
604120075
604120085
604120095
604120105
604120115
604120125
604120135
604120146
604120156
604120166
604120176
604120186
604120196
604120206
604120216
604120226
604120236
604120246
604120256
604120266
604120276
604120286
604120296
604120306
604120316
604120327
604120337
604120347
604120357
604120367
604120377
604120387
604120397
604120407
604120417
604120427
604120437
604120447
604120457
604120467
604120477
604120487
604120497
604120508
604120518
604120528
604120538
604120548
604120558
604120568
604120578
604120588
604120598
604120608
604120618
604120628
604120638
604120648
604120658
604120668
604120678
604120689
604120699
604120709
604120719
604120729
604120739
604120749
604120759
604120769
604120779
604120789
604120799
604120809
604120819
604120829
604120839
604120849
604120859
604120870
604120880
604120890
604120900
604120910
604120920
604120930
604120940
604120950
604120960
604120970
604120980
604120990
604121000
604121010
604121020
604121030
604121040
604121051
604121061
604121071
604121081
604121091
604121101
604121111
604121121
604121131
604121141
604121151
604121161
604121171
604121181
604121191
604121201
604121211
604121221
604121232
604121242
604121252
604121262
604121272
604121282
604121292
604121302
604121312
604121322
604121332
604121342
604121352
604121362
604121372
604121382
604121392
604121402
604121413
604121423
604121433
604121443
604121453
604121463
604121473
604121483
604121493
604121503
604121513
604121523
604121533
604121543
604121553
604121563
604121573
604121583
604121594
604121604
604121614
604121624
604121634
604121644
604121654
604121664
604121674
604121684
604121694
604121704
604121714
604121724
604121734
604121744
604121754
604121764
604121775
604121785
604121795
604121805
604121815
604121825
604121835
604121845
604121855
604121865
604121875
604121885
604121895
604121905
604121915
604121925
604121935
604121945
604121956
604121966
604121976
604121986
604121996
604122006
604122016
604122026
604122036
604122046
604122056
604122066
604122076
604122086
604122096
604122106
604122116
604122126
604122137
604122147
604122157
604122167
604122177
604122187
604122197
604122207
604122217
604122227
604122237
604122247
604122257
604122267
604122277
604122287
604122297
604122307
604122318
604122328
604122338
604122348
604122358
604122368
604122378
604122388
604122398
604122408
604122418
604122428
604122438
604122448
604122458
604122468
604122478
604122488
604122499
604122509
604122519
604122529
604122539
604122549
604122559
604122569
604122579
604122589
604122599
604122609
604122619
604122629
604122639
604122649
604122659
604122669
604122680
604122690
604122700
604122710
604122720
604122730
604122740
604122750
604122760
604122770
604122780
604122790
604122800
604122810
604122820
604122830
604122840
604122850
604122861
604122871
604122881
604122891
604122901
604122911
604122921
604122931
604122941
604122951
604122961
604122971
604122981
604122991
604123001
604123011
604123021
604123031
604123042
604123052
604123062
604123072
604123082
604123092
604123102
604123112
604123122
604123132
604123142
604123152
604123162
604123172
604123182
604123192
604123202
604123212
604123223
604123233
604123243
604123253
604123263
604123273
604123283
604123293
604123303
604123313
604123323
604123333
604123343
604123353
604123363
604123373
604123383
604123393
604123404
604123414
604123424
604123434
604123444
604123454
604123464
604123474
604123484
604123494
604123504
604123514
604123524
604123534
604123544
604123554
604123564
604123574
604123585
604123595
604123605
604123615
604123625
604123635
604123645
604123655
604123665
604123675
604123685
604123695
604123705
604123715
604123725
604123735
604123745
604123755
604123766
604123776
604123786
604123796
604123806
604123816
604123826
604123836
604123846
604123856
604123866
604123876
604123886
604123896
604123906
604123916
604123926
604123936
604123947
604123957
604123967
604123977
604123987
604123997
604124007
604124017
604124027
604124037
604124047
604124057
604124067
604124077
604124087
604124097
604124107
604124117
604124128
604124138
604124148
604124158
604124168
604124178
604124188
604124198
604124208
604124218
604124228
604124238
604124248
604124258
604124268
604124278
604124288
604124298
604124309
604124319
604124329
604124339
604124349
604124359
604124369
604124379
604124389
604124399
604124409
604124419
604124429
604124439
604124449
604124459
604124469
604124479
604124490
604124500
604124510
604124520
604124530
604124540
604124550
604124560
604124570
604124580
604124590
604124600
604124610
604124620
604124630
604124640
604124650
604124660
604124671
604124681
604124691
604124701
604124711
604124721
604124731
604124741
604124751
604124761
604124771
604124781
604124791
604124801
604124811
604124821
604124831
604124841
604124852
604124862
604124872
604124882
604124892
604124902
604124912
604124922
604124932
604124942
604124952
604124962
604124972
604124982
604124992
604125002
604125012
604125022
604125033
604125043
604125053
604125063
604125073
604125083
604125093
604125103
604125113
604125123
604125133
604125143
604125153
604125163
604125173
604125183
604125193
604125203
604125214
604125224
604125234
604125244
604125254
604125264
604125274
604125284
604125294
604125304
604125314
604125324
604125334
604125344
604125354
604125364
604125374
604125384
604125395
604125405
604125415
604125425
604125435
604125445
604125455
604125465
604125475
604125485
604125495
604125505
604125515
604125525
604125535
604125545
604125555
604125565
604125576
604125586
604125596
604125606
604125616
604125626
604125636
604125646
604125656
604125666
604125676
604125686
604125696
604125706
604125716
604125726
604125736
604125746
604125757
604125767
604125777
604125787
604125797
604125807
604125817
604125827
604125837
604125847
604125857
604125867
604125877
604125887
604125897
604125907
604125917
604125927
604125938
604125948
604125958
604125968
604125978
604125988
604125998
604126008
604126018
604126028
604126038
604126048
604126058
604126068
604126078
604126088
604126098
604126108
604126119
604126129
604126139
604126149
604126159
604126169
604126179
604126189
604126199
604126209
604126219
604126229
604126239
604126249
604126259
604126269
604126279
604126289
604126300
604126310
604126320
604126330
604126340
604126350
604126360
604126370
604126380
604126390
604126400
604126410
604126420
604126430
604126440
604126450
604126460
604126470
604126481
604126491
604126501
604126511
604126521
604126531
604126541
604126551
604126561
604126571
604126581
604126591
604126601
604126611
604126621
604126631
604126641
604126651
604126662
604126672
604126682
604126692
604126702
604126712
604126722
604126732
604126742
604126752
604126762
604126772
604126782
604126792
604126802
604126812
604126822
604126832
604126843
604126853
604126863
604126873
604126883
604126893
604126903
604126913
604126923
604126933
604126943
604126953
604126963
604126973
604126983
604126993
604127003
604127013
604127024
604127034
604127044
604127054
604127064
604127074
604127084
604127094
604127104
604127114
604127124
604127134
604127144
604127154
604127164
604127174
604127184
604127194
604127205
604127215
604127225
604127235
604127245
604127255
604127265
604127275
604127285
604127295
604127305
604127315
604127325
604127335
604127345
604127355
604127365
604127375
604127386
604127396
604127406
604127416
604127426
604127436
604127446
604127456
604127466
604127476
604127486
604127496
604127506
604127516
604127526
604127536
604127546
604127556
604127567
604127577
604127587
604127597
604127607
604127617
604127627
604127637
604127647
604127657
604127667
604127677
604127687
604127697
604127707
604127717
604127727
604127737
604127748
604127758
604127768
604127778
604127788
604127798
604127808
604127818
604127828
604127838
604127848
604127858
604127868
604127878
604127888
604127898
604127908
604127918
604127929
604127939
604127949
604127959
604127969
604127979
604127989
604127999
604128009
604128019
604128029
604128039
604128049
604128059
604128069
604128079
604128089
604128099
604128110
604128120
604128130
604128140
604128150
604128160
604128170
604128180
604128190
604128200
604128210
604128220
604128230
604128240
604128250
604128260
604128270
604128280
604128291
604128301
604128311
604128321
604128331
604128341
604128351
604128361
604128371
604128381
604128391
604128401
604128411
604128421
604128431
604128441
604128451
604128461
604128472
604128482
604128492
604128502
604128512
604128522
604128532
604128542
604128552
604128562
604128572
604128582
604128592
604128602
604128612
604128622
604128632
604128642
604128653
604128663
604128673
604128683
604128693
604128703
604128713
604128723
604128733
604128743
604128753
604128763
604128773
604128783
604128793
604128803
604128813
604128823
604128834
604128844
604128854
604128864
604128874
604128884
604128894
604128904
604128914
604128924
604128934
604128944
604128954
604128964
604128974
604128984
604128994
604129004
604129015
604129025
604129035
604129045
604129055
604129065
604129075
604129085
604129095
604129105
604129115
604129125
604129135
604129145
604129155
604129165
604129175
604129185
604129196
604129206
604129216
604129226
604129236
604129246
604129256
604129266
604129276
604129286
604129296
604129306
604129316
604129326
604129336
604129346
604129356
604129366
604129377
604129387
604129397
604129407
604129417
604129427
604129437
604129447
604129457
604129467
604129477
604129487
604129497
604129507
604129517
604129527
604129537
604129547
604129558
604129568
604129578
604129588
604129598
604129608
604129618
604129628
604129638
604129648
604129658
604129668
604129678
604129688
604129698
604129708
604129718
604129728
604129739
604129749
604129759
604129769
604129779
604129789
604129799
604129809
604129819
604129829
604129839
604129849
604129859
604129869
604129879
604129889
604129899
604129909
604129920
604129930
604129940
604129950
604129960
604129970
604129980
604129990
604130000
604130010
604130020
604130030
604130040
604130050
604130060
604130070
604130080
604130090
604130101
604130111
604130121
604130131
604130141
604130151
604130161
604130171
604130181
604130191
604130201
604130211
604130221
604130231
604130241
604130251
604130261
604130271
604130282
604130292
604130302
604130312
604130322
604130332
604130342
604130352
604130362
604130372
604130382
604130392
604130402
604130412
604130422
604130432
604130442
604130452
604130463
604130473
604130483
604130493
604130503
604130513
604130523
604130533
604130543
604130553
604130563
604130573
604130583
604130593
604130603
604130613
604130623
604130633
604130644
604130654
604130664
604130674
604130684
604130694
604130704
604130714
604130724
604130734
604130744
604130754
604130764
604130774
604130784
604130794
604130804
604130814
604130825
604130835
604130845
604130855
604130865
604130875
604130885
604130895
604130905
604130915
604130925
604130935
604130945
604130955
604130965
604130975
604130985
604130995
604131006
604131016
604131026
604131036
604131046
604131056
604131066
604131076
604131086
604131096
604131106
604131116
604131126
604131136
604131146
604131156
604131166
604131176
604131187
604131197
604131207
604131217
604131227
604131237
604131247
604131257
604131267
604131277
604131287
604131297
604131307
604131317
604131327
604131337
604131347
604131357
604131368
604131378
604131388
604131398
604131408
604131418
604131428
604131438
604131448
604131458
604131468
604131478
604131488
604131498
604131508
604131518
604131528
604131538
604131549
604131559
604131569
604131579
604131589
604131599
604131609
604131619
604131629
604131639
604131649
604131659
604131669
604131679
604131689
604131699
604131709
604131719
604131730
604131740
604131750
604131760
604131770
604131780
604131790
604131800
604131810
604131820
604131830
604131840
604131850
604131860
604131870
604131880
604131890
604131900
604131911
604131921
604131931
604131941
604131951
604131961
604131971
604131981
604131991
604132001
604132011
604132021
604132031
604132041
604132051
604132061
604132071
604132081
604132092
604132102
604132112
604132122
604132132
604132142
604132152
604132162
604132172
604132182
604132192
604132202
604132212
604132222
604132232
604132242
604132252
604132262
604132273
604132283
604132293
604132303
604132313
604132323
604132333
604132343
604132353
604132363
604132373
604132383
604132393
604132403
604132413
604132423
604132433
604132443
604132454
604132464
604132474
604132484
604132494
604132504
604132514
604132524
604132534
604132544
604132554
604132564
604132574
604132584
604132594
604132604
604132614
604132624
604132635
604132645
604132655
604132665
604132675
604132685
604132695
604132705
604132715
604132725
604132735
604132745
604132755
604132765
604132775
604132785
604132795
604132805
604132816
604132826
604132836
604132846
604132856
604132866
604132876
604132886
604132896
604132906
604132916
604132926
604132936
604132946
604132956
604132966
604132976
604132986
604132996
604133007
604133017
604133027
604133037
604133047
604133057
604133067
604133077
604133087
604133097
604133107
604133117
604133127
604133137
604133147
604133157
604133167
604133177
604133188
604133198
604133208
604133218
604133228
604133238
604133248
604133258
604133268
604133278
604133288
604133298
604133308
604133318
604133328
604133338
604133348
604133358
604133369
604133379
604133389
604133399
604133409
604133419
604133429
604133439
604133449
604133459
604133469
604133479
604133489
604133499
604133509
604133519
604133529
604133539
604133550
604133560
604133570
604133580
604133590
604133600
604133610
604133620
604133630
604133640
604133650
604133660
604133670
604133680
604133690
604133700
604133710
604133720
604133731
604133741
604133751
604133761
604133771
604133781
604133791
604133801
604133811
604133821
604133831
604133841
604133851
604133861
604133871
604133881
604133891
604133901
604133912
604133922
604133932
604133942
604133952
604133962
604133972
604133982
604133992
604134002
604134012
604134022
604134032
604134042
604134052
604134062
604134072
604134082
604134093
604134103
604134113
604134123
604134133
604134143
604134153
604134163
604134173
604134183
604134193
604134203
604134213
604134223
604134233
604134243
604134253
604134263
604134274
604134284
604134294
604134304
604134314
604134324
604134334
604134344
604134354
604134364
604134374
604134384
604134394
604134404
604134414
604134424
604134434
604134444
604134455
604134465
604134475
604134485
604134495
604134505
604134515
604134525
604134535
604134545
604134555
604134565
604134575
604134585
604134595
604134605
604134615
604134625
604134636
604134646
604134656
604134666
604134676
604134686
604134696
604134706
604134716
604134726
604134736
604134746
604134756
604134766
604134776
604134786
604134796
604134806
604134817
604134827
604134837
604134847
604134857
604134867
604134877
604134887
604134897
604134907
604134917
604134927
604134937
604134947
604134957
604134967
604134977
604134987
604134998
604135008
604135018
604135028
604135038
604135048
604135058
604135068
604135078
604135088
604135098
604135108
604135118
604135128
604135138
604135148
604135158
604135168
604135179
604135189
604135199
604135209
604135219
604135229
604135239
604135249
604135259
604135269
604135279
604135289
604135299
604135309
604135319
604135329
604135339
604135349
604135360
604135370
604135380
604135390
604135400
604135410
604135420
604135430
604135440
604135450
604135460
604135470
604135480
604135490
604135500
604135510
604135520
604135530
604135541
604135551
604135561
604135571
604135581
604135591
604135601
604135611
604135621
604135631
604135641
604135651
604135661
604135671
604135681
604135691
604135701
604135711
604135722
604135732
604135742
604135752
604135762
604135772
604135782
604135792
604135802
604135812
604135822
604135832
604135842
604135852
604135862
604135872
604135882
604135892
604135903
604135913
604135923
604135933
604135943
604135953
604135963
604135973
604135983
604135993
604136003
604136013
604136023
604136033
604136043
604136053
604136063
604136073
604136084
604136094
604136104
604136114
604136124
604136134
604136144
604136154
604136164
604136174
604136184
604136194
604136204
604136214
604136224
604136234
604136244
604136254
604136265
604136275
604136285
604136295
604136305
604136315
604136325
604136335
604136345
604136355
604136365
604136375
604136385
604136395
604136405
604136415
604136425
604136435
604136446
604136456
604136466
604136476
604136486
604136496
604136506
604136516
604136526
604136536
604136546
604136556
604136566
604136576
604136586
604136596
604136606
604136616
604136627
604136637
604136647
604136657
604136667
604136677
604136687
604136697
604136707
604136717
604136727
604136737
604136747
604136757
604136767
604136777
604136787
604136797
604136808
604136818
604136828
604136838
604136848
604136858
604136868
604136878
604136888
604136898
604136908
604136918
604136928
604136938
604136948
604136958
604136968
604136978
604136989
604136999
604137009
604137019
604137029
604137039
604137049
604137059
604137069
604137079
604137089
604137099
604137109
604137119
604137129
604137139
604137149
604137159
604137170
604137180
604137190
604137200
604137210
604137220
604137230
604137240
604137250
604137260
604137270
604137280
604137290
604137300
604137310
604137320
604137330
604137340
604137351
604137361
604137371
604137381
604137391
604137401
604137411
604137421
604137431
604137441
604137451
604137461
604137471
604137481
604137491
604137501
604137511
604137521
604137532
604137542
604137552
604137562
604137572
604137582
604137592
604137602
604137612
604137622
604137632
604137642
604137652
604137662
604137672
604137682
604137692
604137702
604137713
604137723
604137733
604137743
604137753
604137763
604137773
604137783
604137793
604137803
604137813
604137823
604137833
604137843
604137853
604137863
604137873
604137883
604137894
604137904
604137914
604137924
604137934
604137944
604137954
604137964
604137974
604137984
604137994
604138004
604138014
604138024
604138034
604138044
604138054
604138064
604138075
604138085
604138095
604138105
604138115
604138125
604138135
604138145
604138155
604138165
604138175
604138185
604138195
604138205
604138215
604138225
604138235
604138245
604138256
604138266
604138276
604138286
604138296
604138306
604138316
604138326
604138336
604138346
604138356
604138366
604138376
604138386
604138396
604138406
604138416
604138426
604138437
604138447
604138457
604138467
604138477
604138487
604138497
604138507
604138517
604138527
604138537
604138547
604138557
604138567
604138577
604138587
604138597
604138607
604138618
604138628
604138638
604138648
604138658
604138668
604138678
604138688
604138698
604138708
604138718
604138728
604138738
604138748
604138758
604138768
604138778
604138788
604138799
604138809
604138819
604138829
604138839
604138849
604138859
604138869
604138879
604138889
604138899
604138909
604138919
604138929
604138939
604138949
604138959
604138969
604138980
604138990
604139000
604139010
604139020
604139030
604139040
604139050
604139060
604139070
604139080
604139090
604139100
604139110
604139120
604139130
604139140
604139150
604139161
604139171
604139181
604139191
604139201
604139211
604139221
604139231
604139241
604139251
604139261
604139271
604139281
604139291
604139301
604139311
604139321
604139331
604139342
604139352
604139362
604139372
604139382
604139392
604139402
604139412
604139422
604139432
604139442
604139452
604139462
604139472
604139482
604139492
604139502
604139512
604139523
604139533
604139543
604139553
604139563
604139573
604139583
604139593
604139603
604139613
604139623
604139633
604139643
604139653
604139663
604139673
604139683
604139693
604139704
604139714
604139724
604139734
604139744
604139754
604139764
604139774
604139784
604139794
604139804
604139814
604139824
604139834
604139844
604139854
604139864
604139874
604139885
604139895
604139905
604139915
604139925
604139935
604139945
604139955
604139965
604139975
604139985
604139995
604140005
604140015
604140025
604140035
604140045
604140055
604140066
604140076
604140086
604140096
604140106
604140116
604140126
604140136
604140146
604140156
604140166
604140176
604140186
604140196
604140206
604140216
604140226
604140236
604140247
604140257
604140267
604140277
604140287
604140297
604140307
604140317
604140327
604140337
604140347
604140357
604140367
604140377
604140387
604140397
604140407
604140417
604140428
604140438
604140448
604140458
604140468
604140478
604140488
604140498
604140508
604140518
604140528
604140538
604140548
604140558
604140568
604140578
604140588
604140598
604140609
604140619
604140629
604140639
604140649
604140659
604140669
604140679
604140689
604140699
604140709
604140719
604140729
604140739
604140749
604140759
604140769
604140779
604140790
604140800
604140810
604140820
604140830
604140840
604140850
604140860
604140870
604140880
604140890
604140900
604140910
604140920
604140930
604140940
604140950
604140960
604140971
604140981
604140991
604141001
604141011
604141021
604141031
604141041
604141051
604141061
604141071
604141081
604141091
604141101
604141111
604141121
604141131
604141141
604141152
604141162
604141172
604141182
604141192
604141202
604141212
604141222
604141232
604141242
604141252
604141262
604141272
604141282
604141292
604141302
604141312
604141322
604141333
604141343
604141353
604141363
604141373
604141383
604141393
604141403
604141413
604141423
604141433
604141443
604141453
604141463
604141473
604141483
604141493
604141503
604141514
604141524
604141534
604141544
604141554
604141564
604141574
604141584
604141594
604141604
604141614
604141624
604141634
604141644
604141654
604141664
604141674
604141684
604141695
604141705
604141715
604141725
604141735
604141745
604141755
604141765
604141775
604141785
604141795
604141805
604141815
604141825
604141835
604141845
604141855
604141865
604141876
604141886
604141896
604141906
604141916
604141926
604141936
604141946
604141956
604141966
604141976
604141986
604141996
604142006
604142016
604142026
604142036
604142046
604142057
604142067
604142077
604142087
604142097
604142107
604142117
604142127
604142137
604142147
604142157
604142167
604142177
604142187
604142197
604142207
604142217
604142227
604142238
604142248
604142258
604142268
604142278
604142288
604142298
604142308
604142318
604142328
604142338
604142348
604142358
604142368
604142378
604142388
604142398
604142408
604142419
604142429
604142439
604142449
604142459
604142469
604142479
604142489
604142499
604142509
604142519
604142529
604142539
604142549
604142559
604142569
604142579
604142589
604142600
604142610
604142620
604142630
604142640
604142650
604142660
604142670
604142680
604142690
604142700
604142710
604142720
604142730
604142740
604142750
604142760
604142770
604142781
604142791
604142801
604142811
604142821
604142831
604142841
604142851
604142861
604142871
604142881
604142891
604142901
604142911
604142921
604142931
604142941
604142951
604142962
604142972
604142982
604142992
604143002
604143012
604143022
604143032
604143042
604143052
604143062
604143072
604143082
604143092
604143102
604143112
604143122
604143132
604143143
604143153
604143163
604143173
604143183
604143193
604143203
604143213
604143223
604143233
604143243
604143253
604143263
604143273
604143283
604143293
604143303
604143313
604143324
604143334
604143344
604143354
604143364
604143374
604143384
604143394
604143404
604143414
604143424
604143434
604143444
604143454
604143464
604143474
604143484
604143494
604143505
604143515
604143525
604143535
604143545
604143555
604143565
604143575
604143585
604143595
604143605
604143615
604143625
604143635
604143645
604143655
604143665
604143675
604143686
604143696
604143706
604143716
604143726
604143736
604143746
604143756
604143766
604143776
604143786
604143796
604143806
604143816
604143826
604143836
604143846
604143856
604143867
604143877
604143887
604143897
604143907
604143917
604143927
604143937
604143947
604143957
604143967
604143977
604143987
604143997
604144007
604144017
604144027
604144037
604144048
604144058
604144068
604144078
604144088
604144098
604144108
604144118
604144128
604144138
604144148
604144158
604144168
604144178
604144188
604144198
604144208
604144218
604144229
604144239
604144249
604144259
604144269
604144279
604144289
604144299
604144309
604144319
604144329
604144339
604144349
604144359
604144369
604144379
604144389
604144399
604144410
604144420
604144430
604144440
604144450
604144460
604144470
604144480
604144490
604144500
604144510
604144520
604144530
604144540
604144550
604144560
604144570
604144580
604144591
604144601
604144611
604144621
604144631
604144641
604144651
604144661
604144671
604144681
604144691
604144701
604144711
604144721
604144731
604144741
604144751
604144761
604144772
604144782
604144792
604144802
604144812
604144822
604144832
604144842
604144852
604144862
604144872
604144882
604144892
604144902
604144912
604144922
604144932
604144942
604144953
604144963
604144973
604144983
604144993
604145003
604145013
604145023
604145033
604145043
604145053
604145063
604145073
604145083
604145093
604145103
604145113
604145123
604145134
604145144
604145154
604145164
604145174
604145184
604145194
604145204
604145214
604145224
604145234
604145244
604145254
604145264
604145274
604145284
604145294
604145304
604145315
604145325
604145335
604145345
604145355
604145365
604145375
604145385
604145395
604145405
604145415
604145425
604145435
604145445
604145455
604145465
604145475
604145485
604145496
604145506
604145516
604145526
604145536
604145546
604145556
604145566
604145576
604145586
604145596
604145606
604145616
604145626
604145636
604145646
604145656
604145666
604145677
604145687
604145697
604145707
604145717
604145727
604145737
604145747
604145757
604145767
604145777
604145787
604145797
604145807
604145817
604145827
604145837
604145847
604145858
604145868
604145878
604145888
604145898
604145908
604145918
604145928
604145938
604145948
604145958
604145968
604145978
604145988
604145998
604146008
604146018
604146028
604146039
604146049
604146059
604146069
604146079
604146089
604146099
604146109
604146119
604146129
604146139
604146149
604146159
604146169
604146179
604146189
604146199
604146209
604146220
604146230
604146240
604146250
604146260
604146270
604146280
604146290
604146300
604146310
604146320
604146330
604146340
604146350
604146360
604146370
604146380
604146390
604146401
604146411
604146421
604146431
604146441
604146451
604146461
604146471
604146481
604146491
604146501
604146511
604146521
604146531
604146541
604146551
604146561
604146571
604146582
604146592
604146602
604146612
604146622
604146632
604146642
604146652
604146662
604146672
604146682
604146692
604146702
604146712
604146722
604146732
604146742
604146752
604146763
604146773
604146783
604146793
604146803
604146813
604146823
604146833
604146843
604146853
604146863
604146873
604146883
604146893
604146903
604146913
604146923
604146933
604146944
604146954
604146964
604146974
604146984
604146994
604147004
604147014
604147024
604147034
604147044
604147054
604147064
604147074
604147084
604147094
604147104
604147114
604147125
604147135
604147145
604147155
604147165
604147175
604147185
604147195
604147205
604147215
604147225
604147235
604147245
604147255
604147265
604147275
604147285
604147295
604147306
604147316
604147326
604147336
604147346
604147356
604147366
604147376
604147386
604147396
604147406
604147416
604147426
604147436
604147446
604147456
604147466
604147476
604147487
604147497
604147507
604147517
604147527
604147537
604147547
604147557
604147567
604147577
604147587
604147597
604147607
604147617
604147627
604147637
604147647
604147657
604147668
604147678
604147688
604147698
604147708
604147718
604147728
604147738
604147748
604147758
604147768
604147778
604147788
604147798
604147808
604147818
604147828
604147838
604147849
604147859
604147869
604147879
604147889
604147899
604147909
604147919
604147929
604147939
604147949
604147959
604147969
604147979
604147989
604147999
604148009
604148019
604148030
604148040
604148050
604148060
604148070
604148080
604148090
604148100
604148110
604148120
604148130
604148140
604148150
604148160
604148170
604148180
604148190
604148200
604148211
604148221
604148231
604148241
604148251
604148261
604148271
604148281
604148291
604148301
604148311
604148321
604148331
604148341
604148351
604148361
604148371
604148381
604148392
604148402
604148412
604148422
604148432
604148442
604148452
604148462
604148472
604148482
604148492
604148502
604148512
604148522
604148532
604148542
604148552
604148562
604148573
604148583
604148593
604148603
604148613
604148623
604148633
604148643
604148653
604148663
604148673
604148683
604148693
604148703
604148713
604148723
604148733
604148743
604148754
604148764
604148774
604148784
604148794
604148804
604148814
604148824
604148834
604148844
604148854
604148864
604148874
604148884
604148894
604148904
604148914
604148924
604148935
604148945
604148955
604148965
604148975
604148985
604148995
604149005
604149015
604149025
604149035
604149045
604149055
604149065
604149075
604149085
604149095
604149105
604149116
604149126
604149136
604149146
604149156
604149166
604149176
604149186
604149196
604149206
604149216
604149226
604149236
604149246
604149256
604149266
604149276
604149286
604149297
604149307
604149317
604149327
604149337
604149347
604149357
604149367
604149377
604149387
604149397
604149407
604149417
604149427
604149437
604149447
604149457
604149467
604149478
604149488
604149498
604149508
604149518
604149528
604149538
604149548
604149558
604149568
604149578
604149588
604149598
604149608
604149618
604149628
604149638
604149648
604149659
604149669
604149679
604149689
604149699
604149709
604149719
604149729
604149739
604149749
604149759
604149769
604149779
604149789
604149799
604149809
604149819
604149829
604149840
604149850
604149860
604149870
604149880
604149890
604149900
604149910
604149920
604149930
604149940
604149950
604149960
604149970
604149980
604149990
604150000
604150010
604150021
604150031
604150041
604150051
604150061
604150071
604150081
604150091
604150101
604150111
604150121
604150131
