Timestamp
672021624
672021634
672021644
672021654
672021664
672021674
672021684
672021694
672021704
672021714
672021724
672021734
672021744
672021754
672021764
672021774
672021784
672021794
672021804
672021814
672021824
672021834
672021844
672021854
672021864
672021874
672021884
672021894
672021904
672021914
672021924
672021934
672021944
672021954
672021965
672021975
672021985
672021995
672022005
672022015
672022025
672022035
672022045
672022055
672022065
672022075
672022085
672022095
672022105
672022115
672022125
672022135
672022145
672022155
672022165
672022175
672022185
672022195
672022205
672022215
672022225
672022235
672022245
672022255
672022265
672022275
672022285
672022295
672022305
672022315
672022325
672022335
672022345
672022355
672022365
672022375
672022385
672022395
672022405
672022415
672022425
672022435
672022445
672022455
672022465
672022476
672022486
672022496
672022506
672022516
672022526
672022536
672022546
672022556
672022566
672022576
672022586
672022596
672022606
672022616
672022626
672022636
672022646
672022656
672022666
672022676
672022686
672022696
672022706
672022716
672022726
672022736
672022746
672022756
672022766
672022776
672022786
672022796
672022806
672022816
672022826
672022836
672022846
672022856
672022866
672022876
672022886
672022896
672022906
672022916
672022926
672022936
672022946
672022956
672022966
672022976
672022987
672022997
672023007
672023017
672023027
672023037
672023047
672023057
672023067
672023077
672023087
672023097
672023107
672023117
672023127
672023137
672023147
672023157
672023167
672023177
672023187
672023197
672023207
672023217
672023227
672023237
672023247
672023257
672023267
672023277
672023287
672023297
672023307
672023317
672023327
672023337
672023347
672023357
672023367
672023377
672023387
672023397
672023407
672023417
672023427
672023437
672023447
672023457
672023467
672023477
672023487
672023498
672023508
672023518
672023528
672023538
672023548
672023558
672023568
672023578
672023588
672023598
672023608
672023618
672023628
672023638
672023648
672023658
672023668
672023678
672023688
672023698
672023708
672023718
672023728
672023738
672023748
672023758
672023768
672023778
672023788
672023798
672023808
672023818
672023828
672023838
672023848
672023858
672023868
672023878
672023888
672023898
672023908
672023918
672023928
672023938
672023948
672023958
672023968
672023978
672023988
672023998
672024009
672024019
672024029
672024039
672024049
672024059
672024069
672024079
672024089
672024099
672024109
672024119
672024129
672024139
672024149
672024159
672024169
672024179
672024189
672024199
672024209
672024219
672024229
672024239
672024249
672024259
672024269
672024279
672024289
672024299
672024309
672024319
672024329
672024339
672024349
672024359
672024369
672024379
672024389
672024399
672024409
672024419
672024429
672024439
672024449
672024459
672024469
672024479
672024489
672024499
672024509
672024520
672024530
672024540
672024550
672024560
672024570
672024580
672024590
672024600
672024610
672024620
672024630
672024640
672024650
672024660
672024670
672024680
672024690
672024700
672024710
672024720
672024730
672024740
672024750
672024760
672024770
672024780
672024790
672024800
672024810
672024820
672024830
672024840
672024850
672024860
672024870
672024880
672024890
672024900
672024910
672024920
672024930
672024940
672024950
672024960
672024970
672024980
672024990
672025000
672025010
672025020
672025030
672025041
672025051
672025061
672025071
672025081
672025091
672025101
672025111
672025121
672025131
672025141
672025151
672025161
672025171
672025181
672025191
672025201
672025211
672025221
672025231
672025241
672025251
672025261
672025271
672025281
672025291
672025301
672025311
672025321
672025331
672025341
672025351
672025361
672025371
672025381
672025391
672025401
672025411
672025421
672025431
672025441
672025451
672025461
672025471
672025481
672025491
672025501
672025511
672025521
672025531
672025541
672025552
672025562
672025572
672025582
672025592
672025602
672025612
672025622
672025632
672025642
672025652
672025662
672025672
672025682
672025692
672025702
672025712
672025722
672025732
672025742
672025752
672025762
672025772
672025782
672025792
672025802
672025812
672025822
672025832
672025842
672025852
672025862
672025872
672025882
672025892
672025902
672025912
672025922
672025932
672025942
672025952
672025962
672025972
672025982
672025992
672026002
672026012
672026022
672026032
672026042
672026052
672026063
672026073
672026083
672026093
672026103
672026113
672026123
672026133
672026143
672026153
672026163
672026173
672026183
672026193
672026203
672026213
672026223
672026233
672026243
672026253
672026263
672026273
672026283
672026293
672026303
672026313
672026323
672026333
672026343
672026353
672026363
672026373
672026383
672026393
672026403
672026413
672026423
672026433
672026443
672026453
672026463
672026473
672026483
672026493
672026503
672026513
672026523
672026533
672026543
672026553
672026563
672026574
672026584
672026594
672026604
672026614
672026624
672026634
672026644
672026654
672026664
672026674
672026684
672026694
672026704
672026714
672026724
672026734
672026744
672026754
672026764
672026774
672026784
672026794
672026804
672026814
672026824
672026834
672026844
672026854
672026864
672026874
672026884
672026894
672026904
672026914
672026924
672026934
672026944
672026954
672026964
672026974
672026984
672026994
672027004
672027014
672027024
672027034
672027044
672027054
672027064
672027074
672027084
672027095
672027105
672027115
672027125
672027135
672027145
672027155
672027165
672027175
672027185
672027195
672027205
672027215
672027225
672027235
672027245
672027255
672027265
672027275
672027285
672027295
672027305
672027315
672027325
672027335
672027345
672027355
672027365
672027375
672027385
672027395
672027405
672027415
672027425
672027435
672027445
672027455
672027465
672027475
672027485
672027495
672027505
672027515
672027525
672027535
672027545
672027555
672027565
672027575
672027585
672027596
672027606
672027616
672027626
672027636
672027646
672027656
672027666
672027676
672027686
672027696
672027706
672027716
672027726
672027736
672027746
672027756
672027766
672027776
672027786
672027796
672027806
672027816
672027826
672027836
672027846
672027856
672027866
672027876
672027886
672027896
672027906
672027916
672027926
672027936
672027946
672027956
672027966
672027976
672027986
672027996
672028006
672028016
672028026
672028036
672028046
672028056
672028066
672028076
672028086
672028096
672028107
672028117
672028127
672028137
672028147
672028157
672028167
672028177
672028187
672028197
672028207
672028217
672028227
672028237
672028247
672028257
672028267
672028277
672028287
672028297
672028307
672028317
672028327
672028337
672028347
672028357
672028367
672028377
672028387
672028397
672028407
672028417
672028427
672028437
672028447
672028457
672028467
672028477
672028487
672028497
672028507
672028517
672028527
672028537
672028547
672028557
672028567
672028577
672028587
672028597
672028608
672028618
672028628
672028638
672028648
672028658
672028668
672028678
672028688
672028698
672028708
672028718
672028728
672028738
672028748
672028758
672028768
672028778
672028788
672028798
672028808
672028818
672028828
672028838
672028848
672028858
672028868
672028878
672028888
672028898
672028908
672028918
672028928
672028938
672028948
672028958
672028968
672028978
672028988
672028998
672029008
672029018
672029028
672029038
672029048
672029058
672029068
672029078
672029088
672029098
672029108
672029119
672029129
672029139
672029149
672029159
672029169
672029179
672029189
672029199
672029209
672029219
672029229
672029239
672029249
672029259
672029269
672029279
672029289
672029299
672029309
672029319
672029329
672029339
672029349
672029359
672029369
672029379
672029389
672029399
672029409
672029419
672029429
672029439
672029449
672029459
672029469
672029479
672029489
672029499
672029509
672029519
672029529
672029539
672029549
672029559
672029569
672029579
672029589
672029599
672029609
672029619
672029630
672029640
672029650
672029660
672029670
672029680
672029690
672029700
672029710
672029720
672029730
672029740
672029750
672029760
672029770
672029780
672029790
672029800
672029810
672029820
672029830
672029840
672029850
672029860
672029870
672029880
672029890
672029900
672029910
672029920
672029930
672029940
672029950
672029960
672029970
672029980
672029990
672030000
672030010
672030020
672030030
672030040
672030050
672030060
672030070
672030080
672030090
672030100
672030110
672030120
672030130
672030141
672030151
672030161
672030171
672030181
672030191
672030201
672030211
672030221
672030231
672030241
672030251
672030261
672030271
672030281
672030291
672030301
672030311
672030321
672030331
672030341
672030351
672030361
672030371
672030381
672030391
672030401
672030411
672030421
672030431
672030441
672030451
672030461
672030471
672030481
672030491
672030501
672030511
672030521
672030531
672030541
672030551
672030561
672030571
672030581
672030591
672030601
672030611
672030621
672030631
672030642
672030652
672030662
672030672
672030682
672030692
672030702
672030712
672030722
672030732
672030742
672030752
672030762
672030772
672030782
672030792
672030802
672030812
672030822
672030832
672030842
672030852
672030862
672030872
672030882
672030892
672030902
672030912
672030922
672030932
672030942
672030952
672030962
672030972
672030982
672030992
672031002
672031012
672031022
672031032
672031042
672031052
672031062
672031072
672031082
672031092
672031102
672031112
672031122
672031132
672031143
672031153
672031163
672031173
672031183
672031193
672031203
672031213
672031223
672031233
672031243
672031253
672031263
672031273
672031283
672031293
672031303
672031313
672031323
672031333
672031343
672031353
672031363
672031373
672031383
672031393
672031403
672031413
672031423
672031433
672031443
672031453
672031463
672031473
672031483
672031493
672031503
672031513
672031523
672031533
672031543
672031553
672031563
672031573
672031583
672031593
672031603
672031613
672031623
672031634
672031644
672031654
672031664
672031674
672031684
672031694
672031704
672031714
672031724
672031734
672031744
672031754
672031764
672031774
672031784
672031794
672031804
672031814
672031824
672031834
672031844
672031854
672031864
672031874
672031884
672031894
672031904
672031914
672031924
672031934
672031944
672031954
672031964
672031974
672031984
672031994
672032004
672032014
672032024
672032034
672032044
672032054
672032064
672032074
672032084
672032094
672032104
672032115
672032125
672032135
672032145
672032155
672032165
672032175
672032185
672032195
672032205
672032215
672032225
672032235
672032245
672032255
672032265
672032275
672032285
672032295
672032305
672032315
672032325
672032335
672032345
672032355
672032365
672032375
672032385
672032395
672032405
672032415
672032425
672032435
672032445
672032455
672032465
672032475
672032485
672032495
672032505
672032515
672032525
672032535
672032545
672032555
672032565
672032575
672032585
672032595
672032606
672032616
672032626
672032636
672032646
672032656
672032666
672032676
672032686
672032696
672032706
672032716
672032726
672032736
672032746
672032756
672032766
672032776
672032786
672032796
672032806
672032816
672032826
672032836
672032846
672032856
672032866
672032876
672032886
672032896
672032906
672032916
672032926
672032936
672032946
672032956
672032966
672032976
672032986
672032996
672033006
672033016
672033026
672033036
672033046
672033056
672033066
672033076
672033087
672033097
672033107
672033117
672033127
672033137
672033147
672033157
672033167
672033177
672033187
672033197
672033207
672033217
672033227
672033237
672033247
672033257
672033267
672033277
672033287
672033297
672033307
672033317
672033327
672033337
672033347
672033357
672033367
672033377
672033387
672033397
672033407
672033417
672033427
672033437
672033447
672033457
672033467
672033477
672033487
672033497
672033507
672033517
672033527
672033537
672033547
672033557
672033567
672033578
672033588
672033598
672033608
672033618
672033628
672033638
672033648
672033658
672033668
672033678
672033688
672033698
672033708
672033718
672033728
672033738
672033748
672033758
672033768
672033778
672033788
672033798
672033808
672033818
672033828
672033838
672033848
672033858
672033868
672033878
672033888
672033898
672033908
672033918
672033928
672033938
672033948
672033958
672033968
672033978
672033988
672033998
672034008
672034018
672034028
672034038
672034048
672034059
672034069
672034079
672034089
672034099
672034109
672034119
672034129
672034139
672034149
672034159
672034169
672034179
672034189
672034199
672034209
672034219
672034229
672034239
672034249
672034259
672034269
672034279
672034289
672034299
672034309
672034319
672034329
672034339
672034349
672034359
672034369
672034379
672034389
672034399
672034409
672034419
672034429
672034439
672034449
672034459
672034469
672034479
672034489
672034499
672034509
672034519
672034529
672034540
672034550
672034560
672034570
672034580
672034590
672034600
672034610
672034620
672034630
672034640
672034650
672034660
672034670
672034680
672034690
672034700
672034710
672034720
672034730
672034740
672034750
672034760
672034770
672034780
672034790
672034800
672034810
672034820
672034830
672034840
672034850
672034860
672034870
672034880
672034890
672034900
672034910
672034920
672034930
672034940
672034950
672034960
672034970
672034980
672034990
672035000
672035010
672035020
672035031
672035041
672035051
672035061
672035071
672035081
672035091
672035101
672035111
672035121
672035131
672035141
672035151
672035161
672035171
672035181
672035191
672035201
672035211
672035221
672035231
672035241
672035251
672035261
672035271
672035281
672035291
672035301
672035311
672035321
672035331
672035341
672035351
672035361
672035371
672035381
672035391
672035401
672035411
672035421
672035431
672035441
672035451
672035461
672035471
672035481
672035491
672035501
672035512
672035522
672035532
672035542
672035552
672035562
672035572
672035582
672035592
672035602
672035612
672035622
672035632
672035642
672035652
672035662
672035672
672035682
672035692
672035702
672035712
672035722
672035732
672035742
672035752
672035762
672035772
672035782
672035792
672035802
672035812
672035822
672035832
672035842
672035852
672035862
672035872
672035882
672035892
672035902
672035912
672035922
672035932
672035942
672035952
672035962
672035972
672035982
672035992
672036003
672036013
672036023
672036033
672036043
672036053
672036063
672036073
672036083
672036093
672036103
672036113
672036123
672036133
672036143
672036153
672036163
672036173
672036183
672036193
672036203
672036213
672036223
672036233
672036243
672036253
672036263
672036273
672036283
672036293
672036303
672036313
672036323
672036333
672036343
672036353
672036363
672036373
672036383
672036393
672036403
672036413
672036423
672036433
672036443
672036453
672036463
672036473
672036483
672036493
672036504
672036514
672036524
672036534
672036544
672036554
672036564
672036574
672036584
672036594
672036604
672036614
672036624
672036634
672036644
672036654
672036664
672036674
672036684
672036694
672036704
672036714
672036724
672036734
672036744
672036754
672036764
672036774
672036784
672036794
672036804
672036814
672036824
672036834
672036844
672036854
672036864
672036874
672036884
672036894
672036904
672036914
672036924
672036934
672036944
672036954
672036964
672036974
672036984
672036995
672037005
672037015
672037025
672037035
672037045
672037055
672037065
672037075
672037085
672037095
672037105
672037115
672037125
672037135
672037145
672037155
672037165
672037175
672037185
672037195
672037205
672037215
672037225
672037235
672037245
672037255
672037265
672037275
672037285
672037295
672037305
672037315
672037325
672037335
672037345
672037355
672037365
672037375
672037385
672037395
672037405
672037415
672037425
672037435
672037445
672037455
672037465
672037475
672037486
672037496
672037506
672037516
672037526
672037536
672037546
672037556
672037566
672037576
672037586
672037596
672037606
672037616
672037626
672037636
672037646
672037656
672037666
672037676
672037686
672037696
672037706
672037716
672037726
672037736
672037746
672037756
672037766
672037776
672037786
672037796
672037806
672037816
672037826
672037836
672037846
672037856
672037866
672037876
672037886
672037896
672037906
672037916
672037926
672037936
672037946
672037956
672037966
672037977
672037987
672037997
672038007
672038017
672038027
672038037
672038047
672038057
672038067
672038077
672038087
672038097
672038107
672038117
672038127
672038137
672038147
672038157
672038167
672038177
672038187
672038197
672038207
672038217
672038227
672038237
672038247
672038257
672038267
672038277
672038287
672038297
672038307
672038317
672038327
672038337
672038347
672038357
672038367
672038377
672038387
672038397
672038407
672038417
672038427
672038437
672038447
672038457
672038468
672038478
672038488
672038498
672038508
672038518
672038528
672038538
672038548
672038558
672038568
672038578
672038588
672038598
672038608
672038618
672038628
672038638
672038648
672038658
672038668
672038678
672038688
672038698
672038708
672038718
672038728
672038738
672038748
672038758
672038768
672038778
672038788
672038798
672038808
672038818
672038828
672038838
672038848
672038858
672038868
672038878
672038888
672038898
672038908
672038918
672038928
672038938
672038948
672038958
672038969
672038979
672038989
672038999
672039009
672039019
672039029
672039039
672039049
672039059
672039069
672039079
672039089
672039099
672039109
672039119
672039129
672039139
672039149
672039159
672039169
672039179
672039189
672039199
672039209
672039219
672039229
672039239
672039249
672039259
672039269
672039279
672039289
672039299
672039309
672039319
672039329
672039339
672039349
672039359
672039369
672039379
672039389
672039399
672039409
672039419
672039429
672039439
672039449
672039459
672039470
672039480
672039490
672039500
672039510
672039520
672039530
672039540
672039550
672039560
672039570
672039580
672039590
672039600
672039610
672039620
672039630
672039640
672039650
672039660
672039670
672039680
672039690
672039700
672039710
672039720
672039730
672039740
672039750
672039760
672039770
672039780
672039790
672039800
672039810
672039820
672039830
672039840
672039850
672039860
672039870
672039880
672039890
672039900
672039910
672039920
672039930
672039940
672039950
672039960
672039971
672039981
672039991
672040001
672040011
672040021
672040031
672040041
672040051
672040061
672040071
672040081
672040091
672040101
672040111
672040121
672040131
672040141
672040151
672040161
672040171
672040181
672040191
672040201
672040211
672040221
672040231
672040241
672040251
672040261
672040271
672040281
672040291
672040301
672040311
672040321
672040331
672040341
672040351
672040361
672040371
672040381
672040391
672040401
672040411
672040421
672040431
672040441
672040451
672040462
672040472
672040482
672040492
672040502
672040512
672040522
672040532
672040542
672040552
672040562
672040572
672040582
672040592
672040602
672040612
672040622
672040632
672040642
672040652
672040662
672040672
672040682
672040692
672040702
672040712
672040722
672040732
672040742
672040752
672040762
672040772
672040782
672040792
672040802
672040812
672040822
672040832
672040842
672040852
672040862
672040872
672040882
672040892
672040902
672040912
672040922
672040932
672040943
672040953
672040963
672040973
672040983
672040993
672041003
672041013
672041023
672041033
672041043
672041053
672041063
672041073
672041083
672041093
672041103
672041113
672041123
672041133
672041143
672041153
672041163
672041173
672041183
672041193
672041203
672041213
672041223
672041233
672041243
672041253
672041263
672041273
672041283
672041293
672041303
672041313
672041323
672041333
672041343
672041353
672041363
672041373
672041383
672041393
672041403
672041413
672041423
672041434
672041444
672041454
672041464
672041474
672041484
672041494
672041504
672041514
672041524
672041534
672041544
672041554
672041564
672041574
672041584
672041594
672041604
672041614
672041624
672041634
672041644
672041654
672041664
672041674
672041684
672041694
672041704
672041714
672041724
672041734
672041744
672041754
672041764
672041774
672041784
672041794
672041804
672041814
672041824
672041834
672041844
672041854
672041864
672041874
672041884
672041894
672041904
672041914
672041925
672041935
672041945
672041955
672041965
672041975
672041985
672041995
672042005
672042015
672042025
672042035
672042045
672042055
672042065
672042075
672042085
672042095
672042105
672042115
672042125
672042135
672042145
672042155
672042165
672042175
672042185
672042195
672042205
672042215
672042225
672042235
672042245
672042255
672042265
672042275
672042285
672042295
672042305
672042315
672042325
672042335
672042345
672042355
672042365
672042375
672042385
672042395
672042405
672042416
672042426
672042436
672042446
672042456
672042466
672042476
672042486
672042496
672042506
672042516
672042526
672042536
672042546
672042556
672042566
672042576
672042586
672042596
672042606
672042616
672042626
672042636
672042646
672042656
672042666
672042676
672042686
672042696
672042706
672042716
672042726
672042736
672042746
672042756
672042766
672042776
672042786
672042796
672042806
672042816
672042826
672042836
672042846
672042856
672042866
672042876
672042886
672042896
672042907
672042917
672042927
672042937
672042947
672042957
672042967
672042977
672042987
672042997
672043007
672043017
672043027
672043037
672043047
672043057
672043067
672043077
672043087
672043097
672043107
672043117
672043127
672043137
672043147
672043157
672043167
672043177
672043187
672043197
672043207
672043217
672043227
672043237
672043247
672043257
672043267
672043277
672043287
672043297
672043307
672043317
672043327
672043337
672043347
672043357
672043367
672043377
672043387
672043397
672043408
672043418
672043428
672043438
672043448
672043458
672043468
672043478
672043488
672043498
672043508
672043518
672043528
672043538
672043548
672043558
672043568
672043578
672043588
672043598
672043608
672043618
672043628
672043638
672043648
672043658
672043668
672043678
672043688
672043698
672043708
672043718
672043728
672043738
672043748
672043758
672043768
672043778
672043788
672043798
672043808
672043818
672043828
672043838
672043848
672043858
672043868
672043878
672043888
672043899
672043909
672043919
672043929
672043939
672043949
672043959
672043969
672043979
672043989
672043999
672044009
672044019
672044029
672044039
672044049
672044059
672044069
672044079
672044089
672044099
672044109
672044119
672044129
672044139
672044149
672044159
672044169
672044179
672044189
672044199
672044209
672044219
672044229
672044239
672044249
672044259
672044269
672044279
672044289
672044299
672044309
672044319
672044329
672044339
672044349
672044359
672044369
672044379
672044389
672044400
672044410
672044420
672044430
672044440
672044450
672044460
672044470
672044480
672044490
672044500
672044510
672044520
672044530
672044540
672044550
672044560
672044570
672044580
672044590
672044600
672044610
672044620
672044630
672044640
672044650
672044660
672044670
672044680
672044690
672044700
672044710
672044720
672044730
672044740
672044750
672044760
672044770
672044780
672044790
672044800
672044810
672044820
672044830
672044840
672044850
672044860
672044870
672044880
672044890
672044901
672044911
672044921
672044931
672044941
672044951
672044961
672044971
672044981
672044991
672045001
672045011
672045021
672045031
672045041
672045051
672045061
672045071
672045081
672045091
672045101
672045111
672045121
672045131
672045141
672045151
672045161
672045171
672045181
672045191
672045201
672045211
672045221
672045231
672045241
672045251
672045261
672045271
672045281
672045291
672045301
672045311
672045321
672045331
672045341
672045351
672045361
672045371
672045381
672045391
672045401
672045412
672045422
672045432
672045442
672045452
672045462
672045472
672045482
672045492
672045502
672045512
672045522
672045532
672045542
672045552
672045562
672045572
672045582
672045592
672045602
672045612
672045622
672045632
672045642
672045652
672045662
672045672
672045682
672045692
672045702
672045712
672045722
672045732
672045742
672045752
672045762
672045772
672045782
672045792
672045802
672045812
672045822
672045832
672045842
672045852
672045862
672045872
672045882
672045892
672045902
672045912
672045922
672045933
672045943
672045953
672045963
672045973
672045983
672045993
672046003
672046013
672046023
672046033
672046043
672046053
672046063
672046073
672046083
672046093
672046103
672046113
672046123
672046133
672046143
672046153
672046163
672046173
672046183
672046193
672046203
672046213
672046223
672046233
672046243
672046253
672046263
672046273
672046283
672046293
672046303
672046313
672046323
672046333
672046343
672046353
672046363
672046373
672046383
672046393
672046403
672046413
672046423
672046433
672046444
672046454
672046464
672046474
672046484
672046494
672046504
672046514
672046524
672046534
672046544
672046554
672046564
672046574
672046584
672046594
672046604
672046614
672046624
672046634
672046644
672046654
672046664
672046674
672046684
672046694
672046704
672046714
672046724
672046734
672046744
672046754
672046764
672046774
672046784
672046794
672046804
672046814
672046824
672046834
672046844
672046854
672046864
672046874
672046884
672046894
672046904
672046914
672046924
672046934
672046944
672046954
672046965
672046975
672046985
672046995
672047005
672047015
672047025
672047035
672047045
672047055
672047065
672047075
672047085
672047095
672047105
672047115
672047125
672047135
672047145
672047155
672047165
672047175
672047185
672047195
672047205
672047215
672047225
672047235
672047245
672047255
672047265
672047275
672047285
672047295
672047305
672047315
672047325
672047335
672047345
672047355
672047365
672047375
672047385
672047395
672047405
672047415
672047425
672047435
672047445
672047455
672047465
672047476
672047486
672047496
672047506
672047516
672047526
672047536
672047546
672047556
672047566
672047576
672047586
672047596
672047606
672047616
672047626
672047636
672047646
672047656
672047666
672047676
672047686
672047696
672047706
672047716
672047726
672047736
672047746
672047756
672047766
672047776
672047786
672047796
672047806
672047816
672047826
672047836
672047846
672047856
672047866
672047876
672047886
672047896
672047906
672047916
672047926
672047936
672047946
672047956
672047966
672047976
672047987
672047997
672048007
672048017
672048027
672048037
672048047
672048057
672048067
672048077
672048087
672048097
672048107
672048117
672048127
672048137
672048147
672048157
672048167
672048177
672048187
672048197
672048207
672048217
672048227
672048237
672048247
672048257
672048267
672048277
672048287
672048297
672048307
672048317
672048327
672048337
672048347
672048357
672048367
672048377
672048387
672048397
672048407
672048417
672048427
672048437
672048447
672048457
672048467
672048477
672048487
672048497
672048508
672048518
672048528
672048538
672048548
672048558
672048568
672048578
672048588
672048598
672048608
672048618
672048628
672048638
672048648
672048658
672048668
672048678
672048688
672048698
672048708
672048718
672048728
672048738
672048748
672048758
672048768
672048778
672048788
672048798
672048808
672048818
672048828
672048838
672048848
672048858
672048868
672048878
672048888
672048898
672048908
672048918
672048928
672048938
672048948
672048958
672048968
672048978
672048988
672048998
672049008
672049018
672049029
672049039
672049049
672049059
672049069
672049079
672049089
672049099
672049109
672049119
672049129
672049139
672049149
672049159
672049169
672049179
672049189
672049199
672049209
672049219
672049229
672049239
672049249
672049259
672049269
672049279
672049289
672049299
672049309
672049319
672049329
672049339
672049349
672049359
672049369
672049379
672049389
672049399
672049409
672049419
672049429
672049439
672049449
672049459
672049469
672049479
672049489
672049499
672049509
672049519
672049529
672049540
672049550
672049560
672049570
672049580
672049590
672049600
672049610
672049620
672049630
672049640
672049650
672049660
672049670
672049680
672049690
672049700
672049710
672049720
672049730
672049740
672049750
672049760
672049770
672049780
672049790
672049800
672049810
672049820
672049830
672049840
672049850
672049860
672049870
672049880
672049890
672049900
672049910
672049920
672049930
672049940
672049950
672049960
672049970
672049980
672049990
672050000
672050010
672050020
672050030
672050040
672050051
672050061
672050071
672050081
672050091
672050101
672050111
672050121
672050131
672050141
672050151
672050161
672050171
672050181
672050191
672050201
672050211
672050221
672050231
672050241
672050251
672050261
672050271
672050281
672050291
672050301
672050311
672050321
672050331
672050341
672050351
672050361
672050371
672050381
672050391
672050401
672050411
672050421
672050431
672050441
672050451
672050461
672050471
672050481
672050491
672050501
672050511
672050521
672050531
672050541
672050552
672050562
672050572
672050582
672050592
672050602
672050612
672050622
672050632
672050642
672050652
672050662
672050672
672050682
672050692
672050702
672050712
672050722
672050732
672050742
672050752
672050762
672050772
672050782
672050792
672050802
672050812
672050822
672050832
672050842
672050852
672050862
672050872
672050882
672050892
672050902
672050912
672050922
672050932
672050942
672050952
672050962
672050972
672050982
672050992
672051002
672051012
672051022
672051032
672051043
672051053
672051063
672051073
672051083
672051093
672051103
672051113
672051123
672051133
672051143
672051153
672051163
672051173
672051183
672051193
672051203
672051213
672051223
672051233
672051243
672051253
672051263
672051273
672051283
672051293
672051303
672051313
672051323
672051333
672051343
672051353
672051363
672051373
672051383
672051393
672051403
672051413
672051423
672051433
672051443
672051453
672051463
672051473
672051483
672051493
672051503
672051513
672051523
672051533
672051544
672051554
672051564
672051574
672051584
672051594
672051604
672051614
672051624
672051634
672051644
672051654
672051664
672051674
672051684
672051694
672051704
672051714
672051724
672051734
672051744
672051754
672051764
672051774
672051784
672051794
672051804
672051814
672051824
672051834
672051844
672051854
672051864
672051874
672051884
672051894
672051904
672051914
672051924
672051934
672051944
672051954
672051964
672051974
672051984
672051994
672052004
672052014
672052024
672052035
672052045
672052055
672052065
672052075
672052085
672052095
672052105
672052115
672052125
672052135
672052145
672052155
672052165
672052175
672052185
672052195
672052205
672052215
672052225
672052235
672052245
672052255
672052265
672052275
672052285
672052295
672052305
672052315
672052325
672052335
672052345
672052355
672052365
672052375
672052385
672052395
672052405
672052415
672052425
672052435
672052445
672052455
672052465
672052475
672052485
672052495
672052505
672052515
672052526
672052536
672052546
672052556
672052566
672052576
672052586
672052596
672052606
672052616
672052626
672052636
672052646
672052656
672052666
672052676
672052686
672052696
672052706
672052716
672052726
672052736
672052746
672052756
672052766
672052776
672052786
672052796
672052806
672052816
672052826
672052836
672052846
672052856
672052866
672052876
672052886
672052896
672052906
672052916
672052926
672052936
672052946
672052956
672052966
672052976
672052986
672052996
672053006
672053017
672053027
672053037
672053047
672053057
672053067
672053077
672053087
672053097
672053107
672053117
672053127
672053137
672053147
672053157
672053167
672053177
672053187
672053197
672053207
672053217
672053227
672053237
672053247
672053257
672053267
672053277
672053287
672053297
672053307
672053317
672053327
672053337
672053347
672053357
672053367
672053377
672053387
672053397
672053407
672053417
672053427
672053437
672053447
672053457
672053467
672053477
672053487
672053497
672053508
672053518
672053528
672053538
672053548
672053558
672053568
672053578
672053588
672053598
672053608
672053618
672053628
672053638
672053648
672053658
672053668
672053678
672053688
672053698
672053708
672053718
672053728
672053738
672053748
672053758
672053768
672053778
672053788
672053798
672053808
672053818
672053828
672053838
672053848
672053858
672053868
672053878
672053888
672053898
672053908
672053918
672053928
672053938
672053948
672053958
672053968
672053978
672053988
672053999
672054009
672054019
672054029
672054039
672054049
672054059
672054069
672054079
672054089
672054099
672054109
672054119
672054129
672054139
672054149
672054159
672054169
672054179
672054189
672054199
672054209
672054219
672054229
672054239
672054249
672054259
672054269
672054279
672054289
672054299
672054309
672054319
672054329
672054339
672054349
672054359
672054369
672054379
672054389
672054399
672054409
672054419
672054429
672054439
672054449
672054459
672054469
672054479
672054490
672054500
672054510
672054520
672054530
672054540
672054550
672054560
672054570
672054580
672054590
672054600
672054610
672054620
672054630
672054640
672054650
672054660
672054670
672054680
672054690
672054700
672054710
672054720
672054730
672054740
672054750
672054760
672054770
672054780
672054790
672054800
672054810
672054820
672054830
672054840
672054850
672054860
672054870
672054880
672054890
672054900
672054910
672054920
672054930
672054940
672054950
672054960
672054971
672054981
672054991
672055001
672055011
672055021
672055031
672055041
672055051
672055061
672055071
672055081
672055091
672055101
672055111
672055121
672055131
672055141
672055151
672055161
672055171
672055181
672055191
672055201
672055211
672055221
672055231
672055241
672055251
672055261
672055271
672055281
672055291
672055301
672055311
672055321
672055331
672055341
672055351
672055361
672055371
672055381
672055391
672055401
672055411
672055421
672055431
672055441
672055451
672055462
672055472
672055482
672055492
672055502
672055512
672055522
672055532
672055542
672055552
672055562
672055572
672055582
672055592
672055602
672055612
672055622
672055632
672055642
672055652
672055662
672055672
672055682
672055692
672055702
672055712
672055722
672055732
672055742
672055752
672055762
672055772
672055782
672055792
672055802
672055812
672055822
672055832
672055842
672055852
672055862
672055872
672055882
672055892
672055902
672055912
672055922
672055932
672055942
672055953
672055963
672055973
672055983
672055993
672056003
672056013
672056023
672056033
672056043
672056053
672056063
672056073
672056083
672056093
672056103
672056113
672056123
672056133
672056143
672056153
672056163
672056173
672056183
672056193
672056203
672056213
672056223
672056233
672056243
672056253
672056263
672056273
672056283
672056293
672056303
672056313
672056323
672056333
672056343
672056353
672056363
672056373
672056383
672056393
672056403
672056413
672056423
672056433
672056444
672056454
672056464
672056474
672056484
672056494
672056504
672056514
672056524
672056534
672056544
672056554
672056564
672056574
672056584
672056594
672056604
672056614
672056624
672056634
672056644
672056654
672056664
672056674
672056684
672056694
672056704
672056714
672056724
672056734
672056744
672056754
672056764
672056774
672056784
672056794
672056804
672056814
672056824
672056834
672056844
672056854
672056864
672056874
672056884
672056894
672056904
672056914
672056925
672056935
672056945
672056955
672056965
672056975
672056985
672056995
672057005
672057015
672057025
672057035
672057045
672057055
672057065
672057075
672057085
672057095
672057105
672057115
672057125
672057135
672057145
672057155
672057165
672057175
672057185
672057195
672057205
672057215
672057225
672057235
672057245
672057255
672057265
672057275
672057285
672057295
672057305
672057315
672057325
672057335
672057345
672057355
672057365
672057375
672057385
672057395
672057405
672057416
672057426
672057436
672057446
672057456
672057466
672057476
672057486
672057496
672057506
672057516
672057526
672057536
672057546
672057556
672057566
672057576
672057586
672057596
672057606
672057616
672057626
672057636
672057646
672057656
672057666
672057676
672057686
672057696
672057706
672057716
672057726
672057736
672057746
672057756
672057766
672057776
672057786
672057796
672057806
672057816
672057826
672057836
672057846
672057856
672057866
672057876
672057886
672057897
672057907
672057917
672057927
672057937
672057947
672057957
672057967
672057977
672057987
672057997
672058007
672058017
672058027
672058037
672058047
672058057
672058067
672058077
672058087
672058097
672058107
672058117
672058127
672058137
672058147
672058157
672058167
672058177
672058187
672058197
672058207
672058217
672058227
672058237
672058247
672058257
672058267
672058277
672058287
672058297
672058307
672058317
672058327
672058337
672058347
672058357
672058367
672058377
672058388
672058398
672058408
672058418
672058428
672058438
672058448
672058458
672058468
672058478
672058488
672058498
672058508
672058518
672058528
672058538
672058548
672058558
672058568
672058578
672058588
672058598
672058608
672058618
672058628
672058638
672058648
672058658
672058668
672058678
672058688
672058698
672058708
672058718
672058728
672058738
672058748
672058758
672058768
672058778
672058788
672058798
672058808
672058818
672058828
672058838
672058848
672058858
672058868
672058878
672058889
672058899
672058909
672058919
672058929
672058939
672058949
672058959
672058969
672058979
672058989
672058999
672059009
672059019
672059029
672059039
672059049
672059059
672059069
672059079
672059089
672059099
672059109
672059119
672059129
672059139
672059149
672059159
672059169
672059179
672059189
672059199
672059209
672059219
672059229
672059239
672059249
672059259
672059269
672059279
672059289
672059299
672059309
672059319
672059329
672059339
672059349
672059359
672059369
672059379
672059390
672059400
672059410
672059420
672059430
672059440
672059450
672059460
672059470
672059480
672059490
672059500
672059510
672059520
672059530
672059540
672059550
672059560
672059570
672059580
672059590
672059600
672059610
672059620
672059630
672059640
672059650
672059660
672059670
672059680
672059690
672059700
672059710
672059720
672059730
672059740
672059750
672059760
672059770
672059780
672059790
672059800
672059810
672059820
672059830
672059840
672059850
672059860
672059870
672059880
672059891
672059901
672059911
672059921
672059931
672059941
672059951
672059961
672059971
672059981
672059991
672060001
672060011
672060021
672060031
672060041
672060051
672060061
672060071
672060081
672060091
672060101
672060111
672060121
672060131
672060141
672060151
672060161
672060171
672060181
672060191
672060201
672060211
672060221
672060231
672060241
672060251
672060261
672060271
672060281
672060291
672060301
672060311
672060321
672060331
672060341
672060351
672060361
672060371
672060381
672060392
672060402
672060412
672060422
672060432
672060442
672060452
672060462
672060472
672060482
672060492
672060502
672060512
672060522
672060532
672060542
672060552
672060562
672060572
672060582
672060592
672060602
672060612
672060622
672060632
672060642
672060652
672060662
672060672
672060682
672060692
672060702
672060712
672060722
672060732
672060742
672060752
672060762
672060772
672060782
672060792
672060802
672060812
672060822
672060832
672060842
672060852
672060862
672060873
672060883
672060893
672060903
672060913
672060923
672060933
672060943
672060953
672060963
672060973
672060983
672060993
672061003
672061013
672061023
672061033
672061043
672061053
672061063
672061073
672061083
672061093
672061103
672061113
672061123
672061133
672061143
672061153
672061163
672061173
672061183
672061193
672061203
672061213
672061223
672061233
672061243
672061253
672061263
672061273
672061283
672061293
672061303
672061313
672061323
672061333
672061343
672061353
672061363
672061374
672061384
672061394
672061404
672061414
672061424
672061434
672061444
672061454
672061464
672061474
672061484
672061494
672061504
672061514
672061524
672061534
672061544
672061554
672061564
672061574
672061584
672061594
672061604
672061614
672061624
672061634
672061644
672061654
672061664
672061674
672061684
672061694
672061704
672061714
672061724
672061734
672061744
672061754
672061764
672061774
672061784
672061794
672061804
672061814
672061824
672061834
672061844
672061854
672061864
672061875
672061885
672061895
672061905
672061915
672061925
672061935
672061945
672061955
672061965
672061975
672061985
672061995
672062005
672062015
672062025
672062035
672062045
672062055
672062065
672062075
672062085
672062095
672062105
672062115
672062125
672062135
672062145
672062155
672062165
672062175
672062185
672062195
672062205
672062215
672062225
672062235
672062245
672062255
672062265
672062275
672062285
672062295
672062305
672062315
672062325
672062335
672062345
672062355
672062365
672062375
672062386
672062396
672062406
672062416
672062426
672062436
672062446
672062456
672062466
672062476
672062486
672062496
672062506
672062516
672062526
672062536
672062546
672062556
672062566
672062576
672062586
672062596
672062606
672062616
672062626
672062636
672062646
672062656
672062666
672062676
672062686
672062696
672062706
672062716
672062726
672062736
672062746
672062756
672062766
672062776
672062786
672062796
672062806
672062816
672062826
672062836
672062846
672062856
672062866
672062876
672062887
672062897
672062907
672062917
672062927
672062937
672062947
672062957
672062967
672062977
672062987
672062997
672063007
672063017
672063027
672063037
672063047
672063057
672063067
672063077
672063087
672063097
672063107
672063117
672063127
672063137
672063147
672063157
672063167
672063177
672063187
672063197
672063207
672063217
672063227
672063237
672063247
672063257
672063267
672063277
672063287
672063297
672063307
672063317
672063327
672063337
672063347
672063357
672063367
672063377
672063388
672063398
672063408
672063418
672063428
672063438
672063448
672063458
672063468
672063478
672063488
672063498
672063508
672063518
672063528
672063538
672063548
672063558
672063568
672063578
672063588
672063598
672063608
672063618
672063628
672063638
672063648
672063658
672063668
672063678
672063688
672063698
672063708
672063718
672063728
672063738
672063748
672063758
672063768
672063778
672063788
672063798
672063808
672063818
672063828
672063838
672063848
672063858
672063869
672063879
672063889
672063899
672063909
672063919
672063929
672063939
672063949
672063959
672063969
672063979
672063989
672063999
672064009
672064019
672064029
672064039
672064049
672064059
672064069
672064079
672064089
672064099
672064109
672064119
672064129
672064139
672064149
672064159
672064169
672064179
672064189
672064199
672064209
672064219
672064229
672064239
672064249
672064259
672064269
672064279
672064289
672064299
672064309
672064319
672064329
672064339
672064349
672064359
672064369
672064380
672064390
672064400
672064410
672064420
672064430
672064440
672064450
672064460
672064470
672064480
672064490
672064500
672064510
672064520
672064530
672064540
672064550
672064560
672064570
672064580
672064590
672064600
672064610
672064620
672064630
672064640
672064650
672064660
672064670
672064680
672064690
672064700
672064710
672064720
672064730
672064740
672064750
672064760
672064770
672064780
672064790
672064800
672064810
672064820
672064830
672064840
672064850
672064860
672064871
672064881
672064891
672064901
672064911
672064921
672064931
672064941
672064951
672064961
672064971
672064981
672064991
672065001
672065011
672065021
672065031
672065041
672065051
672065061
672065071
672065081
672065091
672065101
672065111
672065121
672065131
672065141
672065151
672065161
672065171
672065181
672065191
672065201
672065211
672065221
672065231
672065241
672065251
672065261
672065271
672065281
672065291
672065301
672065311
672065321
672065331
672065341
672065351
672065361
672065372
672065382
672065392
672065402
672065412
672065422
672065432
672065442
672065452
672065462
672065472
672065482
672065492
672065502
672065512
672065522
672065532
672065542
672065552
672065562
672065572
672065582
672065592
672065602
672065612
672065622
672065632
672065642
672065652
672065662
672065672
672065682
672065692
672065702
672065712
672065722
672065732
672065742
672065752
672065762
672065772
672065782
672065792
672065802
672065812
672065822
672065832
672065842
672065852
672065862
672065873
672065883
672065893
672065903
672065913
672065923
672065933
672065943
672065953
672065963
672065973
672065983
672065993
672066003
672066013
672066023
672066033
672066043
672066053
672066063
672066073
672066083
672066093
672066103
672066113
672066123
672066133
672066143
672066153
672066163
672066173
672066183
672066193
672066203
672066213
672066223
672066233
672066243
672066253
672066263
672066273
672066283
672066293
672066303
672066313
672066323
672066333
672066343
672066353
672066363
672066374
672066384
672066394
672066404
672066414
672066424
672066434
672066444
672066454
672066464
672066474
672066484
672066494
672066504
672066514
672066524
672066534
672066544
672066554
672066564
672066574
672066584
672066594
672066604
672066614
672066624
672066634
672066644
672066654
672066664
672066674
672066684
672066694
672066704
672066714
672066724
672066734
672066744
672066754
672066764
672066774
672066784
672066794
672066804
672066814
672066824
672066834
672066844
672066854
672066864
672066875
672066885
672066895
672066905
672066915
672066925
672066935
672066945
672066955
672066965
672066975
672066985
672066995
672067005
672067015
672067025
672067035
672067045
672067055
672067065
672067075
672067085
672067095
672067105
672067115
672067125
672067135
672067145
672067155
672067165
672067175
672067185
672067195
672067205
672067215
672067225
672067235
672067245
672067255
672067265
672067275
672067285
672067295
672067305
672067315
672067325
672067335
672067345
672067355
672067365
672067376
672067386
672067396
672067406
672067416
672067426
672067436
672067446
672067456
672067466
672067476
672067486
672067496
672067506
672067516
672067526
672067536
672067546
672067556
672067566
672067576
672067586
672067596
672067606
672067616
672067626
672067636
672067646
672067656
672067666
672067676
672067686
672067696
672067706
672067716
672067726
672067736
672067746
672067756
672067766
672067776
672067786
672067796
672067806
672067816
672067826
672067836
672067846
672067856
672067866
672067877
672067887
672067897
672067907
672067917
672067927
672067937
672067947
672067957
672067967
672067977
672067987
672067997
672068007
672068017
672068027
672068037
672068047
672068057
672068067
672068077
672068087
672068097
672068107
672068117
672068127
672068137
672068147
672068157
672068167
672068177
672068187
672068197
672068207
672068217
672068227
672068237
672068247
672068257
672068267
672068277
672068287
672068297
672068307
672068317
672068327
672068337
672068347
672068357
672068367
672068378
672068388
672068398
672068408
672068418
672068428
672068438
672068448
672068458
672068468
672068478
672068488
672068498
672068508
672068518
672068528
672068538
672068548
672068558
672068568
672068578
672068588
672068598
672068608
672068618
672068628
672068638
672068648
672068658
672068668
672068678
672068688
672068698
672068708
672068718
672068728
672068738
672068748
672068758
672068768
672068778
672068788
672068798
672068808
672068818
672068828
672068838
672068848
672068858
672068868
672068879
672068889
672068899
672068909
672068919
672068929
672068939
672068949
672068959
672068969
672068979
672068989
672068999
672069009
672069019
672069029
672069039
672069049
672069059
672069069
672069079
672069089
672069099
672069109
672069119
672069129
672069139
672069149
672069159
672069169
672069179
672069189
672069199
672069209
672069219
672069229
672069239
672069249
672069259
672069269
672069279
672069289
672069299
672069309
672069319
672069329
672069339
672069349
672069359
672069370
672069380
672069390
672069400
672069410
672069420
672069430
672069440
672069450
672069460
672069470
672069480
672069490
672069500
672069510
672069520
672069530
672069540
672069550
672069560
672069570
672069580
672069590
672069600
672069610
672069620
672069630
672069640
672069650
672069660
672069670
672069680
672069690
672069700
672069710
672069720
672069730
672069740
672069750
672069760
672069770
672069780
672069790
672069800
672069810
672069820
672069830
672069840
672069850
672069860
672069870
672069881
672069891
672069901
672069911
672069921
672069931
672069941
672069951
672069961
672069971
672069981
672069991
672070001
672070011
672070021
672070031
672070041
672070051
672070061
672070071
672070081
672070091
672070101
672070111
672070121
672070131
672070141
672070151
672070161
672070171
672070181
672070191
672070201
672070211
672070221
672070231
672070241
672070251
672070261
672070271
672070281
672070291
672070301
672070311
672070321
672070331
672070341
672070351
672070361
672070371
672070382
672070392
672070402
672070412
672070422
672070432
672070442
672070452
672070462
672070472
672070482
672070492
672070502
672070512
672070522
672070532
672070542
672070552
672070562
672070572
672070582
672070592
672070602
672070612
672070622
672070632
672070642
672070652
672070662
672070672
672070682
672070692
672070702
672070712
672070722
672070732
672070742
672070752
672070762
672070772
672070782
672070792
672070802
672070812
672070822
672070832
672070842
672070852
672070862
672070872
672070883
672070893
672070903
672070913
672070923
672070933
672070943
672070953
672070963
672070973
672070983
672070993
672071003
672071013
672071023
672071033
672071043
672071053
672071063
672071073
672071083
672071093
672071103
672071113
672071123
672071133
672071143
672071153
672071163
672071173
672071183
672071193
672071203
672071213
672071223
672071233
672071243
672071253
672071263
672071273
672071283
672071293
672071303
672071313
672071323
672071333
672071343
672071353
672071363
672071373
672071384
672071394
672071404
672071414
672071424
672071434
672071444
672071454
672071464
672071474
672071484
672071494
672071504
672071514
672071524
672071534
672071544
672071554
672071564
672071574
672071584
672071594
672071604
672071614
672071624
672071634
672071644
672071654
672071664
672071674
672071684
672071694
672071704
672071714
672071724
672071734
672071744
672071754
672071764
672071774
672071784
672071794
672071804
672071814
672071824
672071834
672071844
672071854
672071864
672071874
672071885
672071895
672071905
672071915
672071925
672071935
672071945
672071955
672071965
672071975
672071985
672071995
672072005
672072015
672072025
672072035
672072045
672072055
672072065
672072075
672072085
672072095
672072105
672072115
672072125
672072135
672072145
672072155
672072165
672072175
672072185
672072195
672072205
672072215
672072225
672072235
672072245
672072255
672072265
672072275
672072285
672072295
672072305
672072315
672072325
672072335
672072345
672072355
672072365
672072375
672072385
672072396
672072406
672072416
672072426
672072436
672072446
672072456
672072466
672072476
672072486
672072496
672072506
672072516
672072526
672072536
672072546
672072556
672072566
672072576
672072586
672072596
672072606
672072616
672072626
672072636
672072646
672072656
672072666
672072676
672072686
672072696
672072706
672072716
672072726
672072736
672072746
672072756
672072766
672072776
672072786
672072796
672072806
672072816
672072826
672072836
672072846
672072856
672072866
672072876
672072886
672072896
672072907
672072917
672072927
672072937
672072947
672072957
672072967
672072977
672072987
672072997
672073007
672073017
672073027
672073037
672073047
672073057
672073067
672073077
672073087
672073097
672073107
672073117
672073127
672073137
672073147
672073157
672073167
672073177
672073187
672073197
672073207
672073217
672073227
672073237
672073247
672073257
672073267
672073277
672073287
672073297
672073307
672073317
672073327
672073337
672073347
672073357
672073367
672073377
672073387
672073397
672073407
672073417
672073428
672073438
672073448
672073458
672073468
672073478
672073488
672073498
672073508
672073518
672073528
672073538
672073548
672073558
672073568
672073578
672073588
672073598
672073608
672073618
672073628
672073638
672073648
672073658
672073668
672073678
672073688
672073698
672073708
672073718
672073728
672073738
672073748
672073758
672073768
672073778
672073788
672073798
672073808
672073818
672073828
672073838
672073848
672073858
672073868
672073878
672073888
672073898
672073908
672073918
672073928
672073939
672073949
672073959
672073969
672073979
672073989
672073999
672074009
672074019
672074029
672074039
672074049
672074059
672074069
672074079
672074089
672074099
672074109
672074119
672074129
672074139
672074149
672074159
672074169
672074179
672074189
672074199
672074209
672074219
672074229
672074239
672074249
672074259
672074269
672074279
672074289
672074299
672074309
672074319
672074329
672074339
672074349
672074359
672074369
672074379
672074389
672074399
672074409
672074419
672074429
672074439
672074450
672074460
672074470
672074480
672074490
672074500
672074510
672074520
672074530
672074540
672074550
672074560
672074570
672074580
672074590
672074600
672074610
672074620
672074630
672074640
672074650
672074660
672074670
672074680
672074690
672074700
672074710
672074720
672074730
672074740
672074750
672074760
672074770
672074780
672074790
672074800
672074810
672074820
672074830
672074840
672074850
672074860
672074870
672074880
672074890
672074900
672074910
672074920
672074930
672074940
672074950
672074961
672074971
672074981
672074991
672075001
672075011
672075021
672075031
672075041
672075051
672075061
672075071
672075081
672075091
672075101
672075111
672075121
672075131
672075141
672075151
672075161
672075171
672075181
672075191
672075201
672075211
672075221
672075231
672075241
672075251
672075261
672075271
672075281
672075291
672075301
672075311
672075321
672075331
672075341
672075351
672075361
672075371
672075381
672075391
672075401
672075411
672075421
672075431
672075441
672075451
672075461
672075472
672075482
672075492
672075502
672075512
672075522
672075532
672075542
672075552
672075562
672075572
672075582
672075592
672075602
672075612
672075622
672075632
672075642
672075652
672075662
672075672
672075682
672075692
672075702
672075712
672075722
672075732
672075742
672075752
672075762
672075772
672075782
672075792
672075802
672075812
672075822
672075832
672075842
672075852
672075862
672075872
672075882
672075892
672075902
672075912
672075922
672075932
672075942
672075952
672075962
672075973
672075983
672075993
672076003
672076013
672076023
672076033
672076043
672076053
672076063
672076073
672076083
672076093
672076103
672076113
672076123
672076133
672076143
672076153
672076163
672076173
672076183
672076193
672076203
672076213
672076223
672076233
672076243
672076253
672076263
672076273
672076283
672076293
672076303
672076313
672076323
672076333
672076343
672076353
672076363
672076373
672076383
672076393
672076403
672076413
672076423
672076433
672076443
672076453
672076463
672076473
672076484
672076494
672076504
672076514
672076524
672076534
672076544
672076554
672076564
672076574
672076584
672076594
672076604
672076614
672076624
672076634
672076644
672076654
672076664
672076674
672076684
672076694
672076704
672076714
672076724
672076734
672076744
672076754
672076764
672076774
672076784
672076794
672076804
672076814
672076824
672076834
672076844
672076854
672076864
672076874
672076884
672076894
672076904
672076914
672076924
672076934
672076944
672076954
672076964
672076974
672076985
672076995
672077005
672077015
672077025
672077035
672077045
672077055
672077065
672077075
672077085
672077095
672077105
672077115
672077125
672077135
672077145
672077155
672077165
672077175
672077185
672077195
672077205
672077215
672077225
672077235
672077245
672077255
672077265
672077275
672077285
672077295
672077305
672077315
672077325
672077335
672077345
672077355
672077365
672077375
672077385
672077395
672077405
672077415
672077425
672077435
672077445
672077455
672077465
672077475
672077486
672077496
672077506
672077516
672077526
672077536
672077546
672077556
672077566
672077576
672077586
672077596
672077606
672077616
672077626
672077636
672077646
672077656
672077666
672077676
672077686
672077696
672077706
672077716
672077726
672077736
672077746
672077756
672077766
672077776
672077786
672077796
672077806
672077816
672077826
672077836
672077846
672077856
672077866
672077876
672077886
672077896
672077906
672077916
672077926
672077936
672077946
672077956
672077966
672077976
672077986
672077997
672078007
672078017
672078027
672078037
672078047
672078057
672078067
672078077
672078087
672078097
672078107
672078117
672078127
672078137
672078147
672078157
672078167
672078177
672078187
672078197
672078207
672078217
672078227
672078237
672078247
672078257
672078267
672078277
672078287
672078297
672078307
672078317
672078327
672078337
672078347
672078357
672078367
672078377
672078387
672078397
672078407
672078417
672078427
672078437
672078447
672078457
672078467
672078477
672078487
672078498
672078508
672078518
672078528
672078538
672078548
672078558
672078568
672078578
672078588
672078598
672078608
672078618
672078628
672078638
672078648
672078658
672078668
672078678
672078688
672078698
672078708
672078718
672078728
672078738
672078748
672078758
672078768
672078778
672078788
672078798
672078808
672078818
672078828
672078838
672078848
672078858
672078868
672078878
672078888
672078898
672078908
672078918
672078928
672078938
672078948
672078958
672078968
672078978
672078988
672078999
672079009
672079019
672079029
672079039
672079049
672079059
672079069
672079079
672079089
672079099
672079109
672079119
672079129
672079139
672079149
672079159
672079169
672079179
672079189
672079199
672079209
672079219
672079229
672079239
672079249
672079259
672079269
672079279
672079289
672079299
672079309
672079319
672079329
672079339
672079349
672079359
672079369
672079379
672079389
672079399
672079409
672079419
672079429
672079439
672079449
672079459
672079469
672079479
672079489
672079499
672079510
672079520
672079530
672079540
672079550
672079560
672079570
672079580
672079590
672079600
672079610
672079620
672079630
672079640
672079650
672079660
672079670
672079680
672079690
672079700
672079710
672079720
672079730
672079740
672079750
672079760
672079770
672079780
672079790
672079800
672079810
672079820
672079830
672079840
672079850
672079860
672079870
672079880
672079890
672079900
672079910
672079920
672079930
672079940
672079950
672079960
672079970
672079980
672079990
672080000
672080010
672080021
672080031
672080041
672080051
672080061
672080071
672080081
672080091
672080101
672080111
672080121
672080131
672080141
672080151
672080161
672080171
672080181
672080191
672080201
672080211
672080221
672080231
672080241
672080251
672080261
672080271
672080281
672080291
672080301
672080311
672080321
672080331
672080341
672080351
672080361
672080371
672080381
672080391
672080401
672080411
672080421
672080431
672080441
672080451
672080461
672080471
672080481
672080491
672080501
672080511
672080521
672080532
672080542
672080552
672080562
672080572
672080582
672080592
672080602
672080612
672080622
672080632
672080642
672080652
672080662
672080672
672080682
672080692
672080702
672080712
672080722
672080732
672080742
672080752
672080762
672080772
672080782
672080792
672080802
672080812
672080822
672080832
672080842
672080852
672080862
672080872
672080882
672080892
672080902
672080912
672080922
672080932
672080942
672080952
672080962
672080972
672080982
672080992
672081002
672081012
672081022
672081033
672081043
672081053
672081063
672081073
672081083
672081093
672081103
672081113
672081123
672081133
672081143
672081153
672081163
672081173
672081183
672081193
672081203
672081213
672081223
672081233
672081243
672081253
672081263
672081273
672081283
672081293
672081303
672081313
672081323
672081333
672081343
672081353
672081363
672081373
672081383
672081393
672081403
672081413
672081423
672081433
672081443
672081453
672081463
672081473
672081483
672081493
672081503
672081513
672081523
672081533
672081544
672081554
672081564
672081574
672081584
672081594
672081604
672081614
672081624
672081634
672081644
672081654
672081664
672081674
672081684
672081694
672081704
672081714
672081724
672081734
672081744
672081754
672081764
672081774
672081784
672081794
672081804
672081814
672081824
672081834
672081844
672081854
672081864
672081874
672081884
672081894
672081904
672081914
672081924
672081934
672081944
672081954
672081964
672081974
672081984
672081994
672082004
672082014
672082024
672082034
672082045
672082055
672082065
672082075
672082085
672082095
672082105
672082115
672082125
672082135
672082145
672082155
672082165
672082175
672082185
672082195
672082205
672082215
672082225
672082235
672082245
672082255
672082265
672082275
672082285
672082295
672082305
672082315
672082325
672082335
672082345
672082355
672082365
672082375
672082385
672082395
672082405
672082415
672082425
672082435
672082445
672082455
672082465
672082475
672082485
672082495
672082505
672082515
672082525
672082535
672082546
672082556
672082566
672082576
672082586
672082596
672082606
672082616
672082626
672082636
672082646
672082656
672082666
672082676
672082686
672082696
672082706
672082716
672082726
672082736
672082746
672082756
672082766
672082776
672082786
672082796
672082806
672082816
672082826
672082836
672082846
672082856
672082866
672082876
672082886
672082896
672082906
672082916
672082926
672082936
672082946
672082956
672082966
672082976
672082986
672082996
672083006
672083016
672083026
672083036
672083047
672083057
672083067
672083077
672083087
672083097
672083107
672083117
672083127
672083137
672083147
672083157
672083167
672083177
672083187
672083197
672083207
672083217
672083227
672083237
672083247
672083257
672083267
672083277
672083287
672083297
672083307
672083317
672083327
672083337
672083347
672083357
672083367
672083377
672083387
672083397
672083407
672083417
672083427
672083437
672083447
672083457
672083467
672083477
672083487
672083497
672083507
672083517
672083527
672083537
672083548
672083558
672083568
672083578
672083588
672083598
672083608
672083618
672083628
672083638
672083648
672083658
672083668
672083678
672083688
672083698
672083708
672083718
672083728
672083738
672083748
672083758
672083768
672083778
672083788
672083798
672083808
672083818
672083828
672083838
672083848
672083858
672083868
672083878
672083888
672083898
672083908
672083918
672083928
672083938
672083948
672083958
672083968
672083978
672083988
672083998
672084008
672084018
672084028
672084038
672084049
672084059
672084069
672084079
672084089
672084099
672084109
672084119
672084129
672084139
672084149
672084159
672084169
672084179
672084189
672084199
672084209
672084219
672084229
672084239
672084249
672084259
672084269
672084279
672084289
672084299
672084309
672084319
672084329
672084339
672084349
672084359
672084369
672084379
672084389
672084399
672084409
672084419
672084429
672084439
672084449
672084459
672084469
672084479
672084489
672084499
672084509
672084519
672084529
672084539
672084549
672084560
672084570
672084580
672084590
672084600
672084610
672084620
672084630
672084640
672084650
672084660
672084670
672084680
672084690
672084700
672084710
672084720
672084730
672084740
672084750
672084760
672084770
672084780
672084790
672084800
672084810
672084820
672084830
672084840
672084850
672084860
672084870
672084880
672084890
672084900
672084910
672084920
672084930
672084940
672084950
672084960
672084970
672084980
672084990
672085000
672085010
672085020
672085030
672085040
672085050
672085060
672085071
672085081
672085091
672085101
672085111
672085121
672085131
672085141
672085151
672085161
672085171
672085181
672085191
672085201
672085211
672085221
672085231
672085241
672085251
672085261
672085271
672085281
672085291
672085301
672085311
672085321
672085331
672085341
672085351
672085361
672085371
672085381
672085391
672085401
672085411
672085421
672085431
672085441
672085451
672085461
672085471
672085481
672085491
672085501
672085511
672085521
672085531
672085541
672085551
672085561
672085571
672085581
672085592
672085602
672085612
672085622
672085632
672085642
672085652
672085662
672085672
672085682
672085692
672085702
672085712
672085722
672085732
672085742
672085752
672085762
672085772
672085782
672085792
672085802
672085812
672085822
672085832
672085842
672085852
672085862
672085872
672085882
672085892
672085902
672085912
672085922
672085932
672085942
672085952
672085962
672085972
672085982
672085992
672086002
672086012
672086022
672086032
672086042
672086052
672086062
672086072
672086082
672086092
672086103
672086113
672086123
672086133
672086143
672086153
672086163
672086173
672086183
672086193
672086203
672086213
672086223
672086233
672086243
672086253
672086263
672086273
672086283
672086293
672086303
672086313
672086323
672086333
672086343
672086353
672086363
672086373
672086383
672086393
672086403
672086413
672086423
672086433
672086443
672086453
672086463
672086473
672086483
672086493
672086503
672086513
672086523
672086533
672086543
672086553
672086563
672086573
672086583
672086593
672086603
672086613
672086624
672086634
672086644
672086654
672086664
672086674
672086684
672086694
672086704
672086714
672086724
672086734
672086744
672086754
672086764
672086774
672086784
672086794
672086804
672086814
672086824
672086834
672086844
672086854
672086864
672086874
672086884
672086894
672086904
672086914
672086924
672086934
672086944
672086954
672086964
672086974
672086984
672086994
672087004
672087014
672087024
672087034
672087044
672087054
672087064
672087074
672087084
672087094
672087104
672087114
672087124
672087134
672087145
672087155
672087165
672087175
672087185
672087195
672087205
672087215
672087225
672087235
672087245
672087255
672087265
672087275
672087285
672087295
672087305
672087315
672087325
672087335
672087345
672087355
672087365
672087375
672087385
672087395
672087405
672087415
672087425
672087435
672087445
672087455
672087465
672087475
672087485
672087495
672087505
672087515
672087525
672087535
672087545
672087555
672087565
672087575
672087585
672087595
672087605
672087615
672087625
672087635
672087645
672087655
672087666
672087676
672087686
672087696
672087706
672087716
672087726
672087736
672087746
672087756
672087766
672087776
672087786
672087796
672087806
672087816
672087826
672087836
672087846
672087856
672087866
672087876
672087886
672087896
672087906
672087916
672087926
672087936
672087946
672087956
672087966
672087976
672087986
672087996
672088006
672088016
672088026
672088036
672088046
672088056
672088066
672088076
672088086
672088096
672088106
672088116
672088126
672088136
672088146
672088156
672088166
672088176
672088187
672088197
672088207
672088217
672088227
672088237
672088247
672088257
672088267
672088277
672088287
672088297
672088307
672088317
672088327
672088337
672088347
672088357
672088367
672088377
672088387
672088397
672088407
672088417
672088427
672088437
672088447
672088457
672088467
672088477
672088487
672088497
672088507
672088517
672088527
672088537
672088547
672088557
672088567
672088577
672088587
672088597
672088607
672088617
672088627
672088637
672088647
672088657
672088667
672088677
672088687
672088697
672088707
672088718
672088728
672088738
672088748
672088758
672088768
672088778
672088788
672088798
672088808
672088818
672088828
672088838
672088848
672088858
672088868
672088878
672088888
672088898
672088908
672088918
672088928
672088938
672088948
672088958
672088968
672088978
672088988
672088998
672089008
672089018
672089028
672089038
672089048
672089058
672089068
672089078
672089088
672089098
672089108
672089118
672089128
672089138
672089148
672089158
672089168
672089178
672089188
672089198
672089208
672089218
672089228
672089239
672089249
672089259
672089269
672089279
672089289
672089299
672089309
672089319
672089329
672089339
672089349
672089359
672089369
672089379
672089389
672089399
672089409
672089419
672089429
672089439
672089449
672089459
672089469
672089479
672089489
672089499
672089509
672089519
672089529
672089539
672089549
672089559
672089569
672089579
672089589
672089599
672089609
672089619
672089629
672089639
672089649
672089659
672089669
672089679
672089689
672089699
672089709
672089719
672089729
672089739
672089749
672089760
672089770
672089780
672089790
672089800
672089810
672089820
672089830
672089840
672089850
672089860
672089870
672089880
672089890
672089900
672089910
672089920
672089930
672089940
672089950
672089960
672089970
672089980
672089990
672090000
672090010
672090020
672090030
672090040
672090050
672090060
672090070
672090080
672090090
672090100
672090110
672090120
672090130
672090140
672090150
672090160
672090170
672090180
672090190
672090200
672090210
672090220
672090230
672090240
672090250
672090260
672090270
672090281
672090291
672090301
672090311
672090321
672090331
672090341
672090351
672090361
672090371
672090381
672090391
672090401
672090411
672090421
672090431
672090441
672090451
672090461
672090471
672090481
672090491
672090501
672090511
672090521
672090531
672090541
672090551
672090561
672090571
672090581
672090591
672090601
672090611
672090621
672090631
672090641
672090651
672090661
672090671
672090681
672090691
672090701
672090711
672090721
672090731
672090741
672090751
672090761
672090771
672090781
672090791
672090802
672090812
672090822
672090832
672090842
672090852
672090862
672090872
672090882
672090892
672090902
672090912
672090922
672090932
672090942
672090952
672090962
672090972
672090982
672090992
672091002
672091012
672091022
672091032
672091042
672091052
672091062
672091072
672091082
672091092
672091102
672091112
672091122
672091132
672091142
672091152
672091162
672091172
672091182
672091192
672091202
672091212
672091222
672091232
672091242
672091252
672091262
672091272
672091282
672091292
672091302
672091312
672091323
672091333
672091343
672091353
672091363
672091373
672091383
672091393
672091403
672091413
672091423
672091433
672091443
672091453
672091463
672091473
672091483
672091493
672091503
672091513
672091523
672091533
672091543
672091553
672091563
672091573
672091583
672091593
672091603
672091613
672091623
672091633
672091643
672091653
672091663
672091673
672091683
672091693
672091703
672091713
672091723
672091733
672091743
672091753
672091763
672091773
672091783
672091793
672091803
672091813
672091823
672091834
672091844
672091854
672091864
672091874
672091884
672091894
672091904
672091914
672091924
672091934
672091944
672091954
672091964
672091974
672091984
672091994
672092004
672092014
672092024
672092034
672092044
672092054
672092064
672092074
672092084
672092094
672092104
672092114
672092124
672092134
672092144
672092154
672092164
672092174
672092184
672092194
672092204
672092214
672092224
672092234
672092244
672092254
672092264
672092274
672092284
672092294
672092304
672092314
672092324
672092334
672092345
672092355
672092365
672092375
672092385
672092395
672092405
672092415
672092425
672092435
672092445
672092455
672092465
672092475
672092485
672092495
672092505
672092515
672092525
672092535
672092545
672092555
672092565
672092575
672092585
672092595
672092605
672092615
672092625
672092635
672092645
672092655
672092665
672092675
672092685
672092695
672092705
672092715
672092725
672092735
672092745
672092755
672092765
672092775
672092785
672092795
672092805
672092815
672092825
672092835
672092845
672092855
672092866
672092876
672092886
672092896
672092906
672092916
672092926
672092936
672092946
672092956
672092966
672092976
672092986
672092996
672093006
672093016
672093026
672093036
672093046
672093056
672093066
672093076
672093086
672093096
672093106
672093116
672093126
672093136
672093146
672093156
672093166
672093176
672093186
672093196
672093206
672093216
672093226
672093236
672093246
672093256
672093266
672093276
672093286
672093296
672093306
672093316
672093326
672093336
672093346
672093356
672093366
672093376
672093387
672093397
672093407
672093417
672093427
672093437
672093447
672093457
672093467
672093477
672093487
672093497
672093507
672093517
672093527
672093537
672093547
672093557
672093567
672093577
672093587
672093597
672093607
672093617
672093627
672093637
672093647
672093657
672093667
672093677
672093687
672093697
672093707
672093717
672093727
672093737
672093747
672093757
672093767
672093777
672093787
672093797
672093807
672093817
672093827
672093837
672093847
672093857
672093867
672093877
672093887
672093897
672093908
672093918
672093928
672093938
672093948
672093958
672093968
672093978
672093988
672093998
672094008
672094018
672094028
672094038
672094048
672094058
672094068
672094078
672094088
672094098
672094108
672094118
672094128
672094138
672094148
672094158
672094168
672094178
672094188
672094198
672094208
672094218
672094228
672094238
672094248
672094258
672094268
672094278
672094288
672094298
672094308
672094318
672094328
672094338
672094348
672094358
672094368
672094378
672094388
672094398
672094408
672094418
672094429
672094439
672094449
672094459
672094469
672094479
672094489
672094499
672094509
672094519
672094529
672094539
672094549
672094559
672094569
672094579
672094589
672094599
672094609
672094619
672094629
672094639
672094649
672094659
672094669
672094679
672094689
672094699
672094709
672094719
672094729
672094739
672094749
672094759
672094769
672094779
672094789
672094799
672094809
672094819
672094829
672094839
672094849
672094859
672094869
672094879
672094889
672094899
672094909
672094919
672094929
672094939
672094950
672094960
672094970
672094980
672094990
672095000
672095010
672095020
672095030
672095040
672095050
672095060
672095070
672095080
672095090
672095100
672095110
672095120
672095130
672095140
672095150
672095160
672095170
672095180
672095190
672095200
672095210
672095220
672095230
672095240
672095250
672095260
672095270
672095280
672095290
672095300
672095310
672095320
672095330
672095340
672095350
672095360
672095370
672095380
672095390
672095400
672095410
672095420
672095430
672095440
672095450
672095460
672095471
672095481
672095491
672095501
672095511
672095521
672095531
672095541
672095551
672095561
672095571
672095581
672095591
672095601
672095611
672095621
672095631
672095641
672095651
672095661
672095671
672095681
672095691
672095701
672095711
672095721
672095731
672095741
672095751
672095761
672095771
672095781
672095791
672095801
672095811
672095821
672095831
672095841
672095851
672095861
672095871
672095881
672095891
672095901
672095911
672095921
672095931
672095941
672095951
672095961
672095971
672095981
672095991
672096002
672096012
672096022
672096032
672096042
672096052
672096062
672096072
672096082
672096092
672096102
672096112
672096122
672096132
672096142
672096152
672096162
672096172
672096182
672096192
672096202
672096212
672096222
672096232
672096242
672096252
672096262
672096272
672096282
672096292
672096302
672096312
672096322
672096332
672096342
672096352
672096362
672096372
672096382
672096392
672096402
672096412
672096422
672096432
672096442
672096452
672096462
672096472
672096482
672096492
672096502
672096512
672096523
672096533
672096543
672096553
672096563
672096573
672096583
672096593
672096603
672096613
672096623
672096633
672096643
672096653
672096663
672096673
672096683
672096693
672096703
672096713
672096723
672096733
672096743
672096753
672096763
672096773
672096783
672096793
672096803
672096813
672096823
672096833
672096843
672096853
672096863
672096873
672096883
672096893
672096903
672096913
672096923
672096933
672096943
672096953
672096963
672096973
672096983
672096993
672097003
672097013
672097023
672097034
672097044
672097054
672097064
672097074
672097084
672097094
672097104
672097114
672097124
672097134
672097144
672097154
672097164
672097174
672097184
672097194
672097204
672097214
672097224
672097234
672097244
672097254
672097264
672097274
672097284
672097294
672097304
672097314
672097324
672097334
672097344
672097354
672097364
672097374
672097384
672097394
672097404
672097414
672097424
672097434
672097444
672097454
672097464
672097474
672097484
672097494
672097504
672097514
672097524
672097534
672097545
672097555
672097565
672097575
672097585
672097595
672097605
672097615
672097625
672097635
672097645
672097655
672097665
672097675
672097685
672097695
672097705
672097715
672097725
672097735
672097745
672097755
672097765
672097775
672097785
672097795
672097805
672097815
672097825
672097835
672097845
672097855
672097865
672097875
672097885
672097895
672097905
672097915
672097925
672097935
672097945
672097955
672097965
672097975
672097985
672097995
672098005
672098015
672098025
672098035
672098045
672098056
672098066
672098076
672098086
672098096
672098106
672098116
672098126
672098136
672098146
672098156
672098166
672098176
672098186
672098196
672098206
672098216
672098226
672098236
672098246
672098256
672098266
672098276
672098286
672098296
672098306
672098316
672098326
672098336
672098346
672098356
672098366
672098376
672098386
672098396
672098406
672098416
672098426
672098436
672098446
672098456
672098466
672098476
672098486
672098496
672098506
672098516
672098526
672098536
672098546
672098556
672098566
672098577
672098587
672098597
672098607
672098617
672098627
672098637
672098647
672098657
672098667
672098677
672098687
672098697
672098707
672098717
672098727
672098737
672098747
672098757
672098767
672098777
672098787
672098797
672098807
672098817
672098827
672098837
672098847
672098857
672098867
672098877
672098887
672098897
672098907
672098917
672098927
672098937
672098947
672098957
672098967
672098977
672098987
672098997
672099007
672099017
672099027
672099037
672099047
672099057
672099067
672099077
672099088
672099098
672099108
672099118
672099128
672099138
672099148
672099158
672099168
672099178
672099188
672099198
672099208
672099218
672099228
672099238
672099248
672099258
672099268
672099278
672099288
672099298
672099308
672099318
672099328
672099338
672099348
672099358
672099368
672099378
672099388
672099398
672099408
672099418
672099428
672099438
672099448
672099458
672099468
672099478
672099488
672099498
672099508
672099518
672099528
672099538
672099548
672099558
672099568
672099578
672099588
672099598
672099609
672099619
672099629
672099639
672099649
672099659
672099669
672099679
672099689
672099699
672099709
672099719
672099729
672099739
672099749
672099759
672099769
672099779
672099789
672099799
672099809
672099819
672099829
672099839
672099849
672099859
672099869
672099879
672099889
672099899
672099909
672099919
672099929
672099939
672099949
672099959
672099969
672099979
672099989
672099999
672100009
672100019
672100029
672100039
672100049
672100059
672100069
672100079
672100089
672100099
672100109
672100120
672100130
672100140
672100150
672100160
672100170
672100180
672100190
672100200
672100210
672100220
672100230
672100240
672100250
672100260
672100270
672100280
672100290
672100300
672100310
672100320
672100330
672100340
672100350
672100360
672100370
672100380
672100390
672100400
672100410
672100420
672100430
672100440
672100450
672100460
672100470
672100480
672100490
672100500
672100510
672100520
672100530
672100540
672100550
672100560
672100570
672100580
672100590
672100600
672100610
672100620
672100631
672100641
672100651
672100661
672100671
672100681
672100691
672100701
672100711
672100721
672100731
672100741
672100751
672100761
672100771
672100781
672100791
672100801
672100811
672100821
672100831
672100841
672100851
672100861
672100871
672100881
672100891
672100901
672100911
672100921
672100931
672100941
672100951
672100961
672100971
672100981
672100991
672101001
672101011
672101021
672101031
672101041
672101051
672101061
672101071
672101081
672101091
672101101
672101111
672101121
672101131
672101142
672101152
672101162
672101172
672101182
672101192
672101202
672101212
672101222
672101232
672101242
672101252
672101262
672101272
672101282
672101292
672101302
672101312
672101322
672101332
672101342
672101352
672101362
672101372
672101382
672101392
672101402
672101412
672101422
672101432
672101442
672101452
672101462
672101472
672101482
672101492
672101502
672101512
672101522
672101532
672101542
672101552
672101562
672101572
672101582
672101592
672101602
672101612
672101622
672101632
672101642
672101652
672101663
672101673
672101683
672101693
672101703
672101713
672101723
672101733
672101743
672101753
672101763
672101773
672101783
672101793
672101803
672101813
672101823
672101833
672101843
672101853
672101863
672101873
672101883
672101893
672101903
672101913
672101923
672101933
672101943
672101953
672101963
672101973
672101983
672101993
672102003
672102013
672102023
672102033
672102043
672102053
672102063
672102073
672102083
672102093
672102103
672102113
672102123
672102133
672102143
672102153
672102163
672102174
672102184
672102194
672102204
672102214
672102224
672102234
672102244
672102254
672102264
672102274
672102284
672102294
672102304
672102314
672102324
672102334
672102344
672102354
672102364
672102374
672102384
672102394
672102404
672102414
672102424
672102434
672102444
672102454
672102464
672102474
672102484
672102494
672102504
672102514
672102524
672102534
672102544
672102554
672102564
672102574
672102584
672102594
672102604
672102614
672102624
672102634
672102644
672102654
672102664
672102674
672102685
672102695
672102705
672102715
672102725
672102735
672102745
672102755
672102765
672102775
672102785
672102795
672102805
672102815
672102825
672102835
672102845
672102855
672102865
672102875
672102885
672102895
672102905
672102915
672102925
672102935
672102945
672102955
672102965
672102975
672102985
672102995
672103005
672103015
672103025
672103035
672103045
672103055
672103065
672103075
672103085
672103095
672103105
672103115
672103125
672103135
672103145
672103155
672103165
672103175
672103185
672103196
672103206
672103216
672103226
672103236
672103246
672103256
672103266
672103276
672103286
672103296
672103306
672103316
672103326
672103336
672103346
672103356
672103366
672103376
672103386
672103396
672103406
672103416
672103426
672103436
672103446
672103456
672103466
672103476
672103486
672103496
672103506
672103516
672103526
672103536
672103546
672103556
672103566
672103576
672103586
672103596
672103606
672103616
672103626
672103636
672103646
672103656
672103666
672103676
672103686
672103696
672103706
672103717
672103727
672103737
672103747
672103757
672103767
672103777
672103787
672103797
672103807
672103817
672103827
672103837
672103847
672103857
672103867
672103877
672103887
672103897
672103907
672103917
672103927
672103937
672103947
672103957
672103967
672103977
672103987
672103997
672104007
672104017
672104027
672104037
672104047
672104057
672104067
672104077
672104087
672104097
672104107
672104117
672104127
672104137
672104147
672104157
672104167
672104177
672104187
672104197
672104207
672104217
672104227
672104238
672104248
672104258
672104268
672104278
672104288
672104298
672104308
672104318
672104328
672104338
672104348
672104358
672104368
672104378
672104388
672104398
672104408
672104418
672104428
672104438
672104448
672104458
672104468
672104478
672104488
672104498
672104508
672104518
672104528
672104538
672104548
672104558
672104568
672104578
672104588
672104598
672104608
672104618
672104628
672104638
672104648
672104658
672104668
672104678
672104688
672104698
672104708
672104718
672104728
672104738
672104748
672104759
672104769
672104779
672104789
672104799
672104809
672104819
672104829
672104839
672104849
672104859
672104869
672104879
672104889
672104899
672104909
672104919
672104929
672104939
672104949
672104959
672104969
672104979
672104989
672104999
672105009
672105019
672105029
672105039
672105049
672105059
672105069
672105079
672105089
672105099
672105109
672105119
672105129
672105139
672105149
672105159
672105169
672105179
672105189
672105199
672105209
672105219
672105229
672105239
672105249
672105259
672105269
672105280
672105290
672105300
672105310
672105320
672105330
672105340
672105350
672105360
672105370
672105380
672105390
672105400
672105410
672105420
672105430
672105440
672105450
672105460
672105470
672105480
672105490
672105500
672105510
672105520
672105530
672105540
672105550
672105560
672105570
672105580
672105590
672105600
672105610
672105620
672105630
672105640
672105650
672105660
672105670
672105680
672105690
672105700
672105710
672105720
672105730
672105740
672105750
672105760
672105770
672105780
672105791
672105801
672105811
672105821
672105831
672105841
672105851
672105861
672105871
672105881
672105891
672105901
672105911
672105921
672105931
672105941
672105951
672105961
672105971
672105981
672105991
672106001
672106011
672106021
672106031
672106041
672106051
672106061
672106071
672106081
672106091
672106101
672106111
672106121
672106131
672106141
672106151
672106161
672106171
672106181
672106191
672106201
672106211
672106221
672106231
672106241
672106251
672106261
672106271
672106281
672106291
672106301
672106311
672106322
672106332
672106342
672106352
672106362
672106372
672106382
672106392
672106402
672106412
672106422
672106432
672106442
672106452
672106462
672106472
672106482
672106492
672106502
672106512
672106522
672106532
672106542
672106552
672106562
672106572
672106582
672106592
672106602
672106612
672106622
672106632
672106642
672106652
672106662
672106672
672106682
672106692
672106702
672106712
672106722
672106732
672106742
672106752
672106762
672106772
672106782
672106792
672106802
672106812
672106822
672106832
672106843
672106853
672106863
672106873
672106883
672106893
672106903
672106913
672106923
672106933
672106943
672106953
672106963
672106973
672106983
672106993
672107003
672107013
672107023
672107033
672107043
672107053
672107063
672107073
672107083
672107093
672107103
672107113
672107123
672107133
672107143
672107153
672107163
672107173
672107183
672107193
672107203
672107213
672107223
672107233
672107243
672107253
672107263
672107273
672107283
672107293
672107303
672107313
672107323
672107333
672107343
672107353
672107364
672107374
672107384
672107394
672107404
672107414
672107424
672107434
672107444
672107454
672107464
672107474
672107484
672107494
672107504
672107514
672107524
672107534
672107544
672107554
672107564
672107574
672107584
672107594
672107604
672107614
672107624
672107634
672107644
672107654
672107664
672107674
672107684
672107694
672107704
672107714
672107724
672107734
672107744
672107754
672107764
672107774
672107784
672107794
672107804
672107814
672107824
672107834
672107844
672107854
672107864
672107874
672107885
672107895
672107905
672107915
672107925
672107935
672107945
672107955
672107965
672107975
672107985
672107995
672108005
672108015
672108025
672108035
672108045
672108055
672108065
672108075
672108085
672108095
672108105
672108115
672108125
672108135
672108145
672108155
672108165
672108175
672108185
672108195
672108205
672108215
672108225
672108235
672108245
672108255
672108265
672108275
672108285
672108295
672108305
672108315
672108325
672108335
672108345
672108355
672108365
672108375
672108385
672108395
672108405
672108416
672108426
672108436
672108446
