X,Y,Z
46.47666931152344,0.105438232421875,-319.0236511230469
46.614166259765625,-0.2136688232421875,-318.5479736328125
46.833251953125,-0.0344390869140625,-318.687255859375
47.05303955078125,-0.4765777587890625,-318.5999755859375
47.103607177734375,-0.8598785400390625,-318.48809814453125
47.22320556640625,-0.98883056640625,-318.40350341796875
47.050384521484375,-1.359222412109375,-318.4982604980469
47.23799133300781,-1.358245849609375,-318.5765380859375
47.030364990234375,-1.282318115234375,-318.44732666015625
47.17926025390625,-1.5419769287109375,-318.58038330078125
47.08079528808594,-0.978851318359375,-318.46295166015625
46.804443359375,-1.0697174072265625,-318.7529296875
46.82005310058594,-1.454925537109375,-318.5019226074219
46.83119201660156,-1.623199462890625,-318.2916564941406
47.089508056640625,-1.3130645751953125,-318.4552307128906
46.820343017578125,-1.7469940185546875,-318.9192810058594
46.62767028808594,-1.62548828125,-318.6777038574219
46.9207763671875,-1.4792327880859375,-318.57879638671875
46.86647033691406,-1.52154541015625,-318.3341064453125
47.099334716796875,-1.87738037109375,-318.3704833984375
47.24687194824219,-1.79150390625,-318.8150634765625
47.27723693847656,-1.9567413330078125,-318.385986328125
47.3348388671875,-1.88848876953125,-318.43890380859375
47.76129150390625,-2.016021728515625,-318.7541198730469
47.51731872558594,-1.7445831298828125,-318.8830261230469
47.58366394042969,-1.981414794921875,-318.8296813964844
47.62315368652344,-2.1756439208984375,-318.26922607421875
47.75440979003906,-1.821868896484375,-318.24462890625
47.82716369628906,-2.2581939697265625,-317.9093322753906
48.05267333984375,-2.2031707763671875,-317.86785888671875
47.84654235839844,-1.7659912109375,-317.5015563964844
48.30274963378906,-2.1283416748046875,-318.2470703125
48.12542724609375,-1.9439697265625,-317.73834228515625
48.029144287109375,-2.0008392333984375,-317.83856201171875
48.39900207519531,-1.880615234375,-317.6099853515625
48.27482604980469,-1.73516845703125,-317.6109619140625
48.426177978515625,-2.086639404296875,-317.7398681640625
48.22996520996094,-1.821197509765625,-317.5506896972656
48.19755554199219,-1.9727630615234375,-317.6405944824219
48.89054870605469,-1.7881927490234375,-317.42193603515625
48.73371887207031,-1.793670654296875,-317.031005859375
48.78965759277344,-1.719879150390625,-317.038818359375
49.284576416015625,-1.597198486328125,-316.6136474609375
49.56071472167969,-1.781097412109375,-316.5333557128906
49.23213195800781,-1.8002777099609375,-316.3583679199219
49.3448486328125,-1.427093505859375,-316.58392333984375
49.18260192871094,-1.4994964599609375,-316.0587463378906
49.48065185546875,-1.273345947265625,-316.16412353515625
49.16673278808594,-1.1539459228515625,-316.1202087402344
49.54551696777344,-1.116729736328125,-316.5864562988281
49.42498779296875,-1.0382080078125,-315.87860107421875
49.69207763671875,-0.9990234375,-316.2884521484375
49.39337158203125,-1.1123504638671875,-315.90594482421875
49.65570068359375,-0.5711822509765625,-315.76416015625
49.68211364746094,-0.9424896240234375,-316.0419921875
49.96174621582031,-0.5991363525390625,-315.6530456542969
49.857421875,-0.7844085693359375,-315.6891174316406
50.54011535644531,-0.782989501953125,-315.620361328125
50.10697937011719,-1.053741455078125,-315.19110107421875
50.549102783203125,-0.8717498779296875,-314.58880615234375
50.55731201171875,-0.8869476318359375,-314.35784912109375
50.709808349609375,-1.0325469970703125,-314.8772277832031
51.348602294921875,-1.1378021240234375,-313.8927001953125
51.71925354003906,-0.981292724609375,-313.943603515625
52.40144348144531,-1.297607421875,-313.06304931640625
52.92933654785156,-0.954833984375,-312.16412353515625
53.54933166503906,-0.85357666015625,-311.56622314453125
54.240478515625,-0.7105865478515625,-310.20892333984375
55.4879150390625,0.193084716796875,-308.45306396484375
56.49395751953125,1.0473480224609375,-306.6664123535156
57.21647644042969,2.3455810546875,-304.6490478515625
57.67509460449219,3.8853759765625,-302.90960693359375
57.873138427734375,5.5951385498046875,-300.7160339355469
58.17816162109375,7.7637939453125,-299.12176513671875
57.88926696777344,9.05615234375,-296.98126220703125
58.0504150390625,10.678375244140625,-295.12158203125
58.09416198730469,12.170852661132812,-292.71441650390625
57.7781982421875,13.677993774414062,-290.98748779296875
57.630859375,14.789169311523438,-288.30572509765625
57.91322326660156,15.353561401367188,-285.8491516113281
57.73808288574219,15.976119995117188,-283.1612548828125
57.52342224121094,16.344207763671875,-280.03472900390625
57.05517578125,17.191513061523438,-277.149169921875
56.75434875488281,17.260955810546875,-274.33184814453125
56.19392395019531,17.87298583984375,-271.6517333984375
55.37715148925781,18.34088134765625,-269.32940673828125
54.260101318359375,18.768646240234375,-266.8974609375
53.586822509765625,19.319580078125,-264.11322021484375
52.261932373046875,19.890609741210938,-261.9632568359375
50.90583801269531,20.065109252929688,-260.0067138671875
49.62712097167969,20.074539184570312,-258.41583251953125
48.4578857421875,20.941162109375,-256.9989013671875
47.702667236328125,21.553298950195312,-255.11569213867188
46.62843322753906,21.505111694335938,-253.59115600585938
45.47523498535156,21.5216064453125,-252.19212341308594
43.67173767089844,21.356109619140625,-251.4388885498047
42.49151611328125,21.745834350585938,-249.6768798828125
41.32450866699219,21.9766845703125,-248.5517578125
40.40184020996094,21.786880493164062,-247.3228302001953
39.3262939453125,21.64129638671875,-246.19093322753906
38.248626708984375,21.571395874023438,-245.4170379638672
37.231353759765625,21.476715087890625,-243.99855041503906
36.13972473144531,21.14434814453125,-243.8160858154297
35.53675842285156,21.30902099609375,-243.2619171142578
34.2872314453125,21.080657958984375,-242.3719024658203
33.05485534667969,21.479965209960938,-241.65878295898438
31.917449951171875,21.464828491210938,-240.8514862060547
30.842559814453125,21.688323974609375,-240.64556884765625
29.670333862304688,21.60955810546875,-240.06259155273438
28.762374877929688,22.028701782226562,-239.62828063964844
27.703155517578125,22.063217163085938,-239.742431640625
27.50927734375,22.1650390625,-239.71189880371094
26.473098754882812,22.228469848632812,-238.8983612060547
25.843795776367188,22.700592041015625,-239.18505859375
25.277267456054688,22.698745727539062,-238.83718872070312
24.59759521484375,22.795089721679688,-238.8629608154297
23.8590087890625,22.893264770507812,-239.2230224609375
23.053375244140625,22.91802978515625,-238.05494689941406
22.422378540039062,22.928115844726562,-238.5766143798828
21.985946655273438,22.958999633789062,-238.2039794921875
21.535430908203125,22.852157592773438,-238.70599365234375
20.839935302734375,22.515396118164062,-238.25160217285156
20.5306396484375,22.656005859375,-238.66696166992188
20.011581420898438,22.689498901367188,-238.1952362060547
19.369232177734375,22.717803955078125,-238.26002502441406
19.3087158203125,23.142684936523438,-237.8293914794922
18.672622680664062,23.068191528320312,-238.07199096679688
18.489105224609375,23.047195434570312,-237.91163635253906
18.152175903320312,23.056808471679688,-238.1161651611328
17.495697021484375,23.124481201171875,-237.6824188232422
17.152130126953125,22.867156982421875,-237.9652099609375
16.866806030273438,23.006484985351562,-237.69361877441406
16.8214111328125,22.741439819335938,-237.32472229003906
15.921279907226562,22.979507446289062,-237.29055786132812
14.6737060546875,23.042648315429688,-237.52587890625
13.766082763671875,23.488632202148438,-237.17984008789062
12.897048950195312,23.50677490234375,-237.58770751953125
12.074691772460938,23.700302124023438,-237.1669464111328
11.103744506835938,23.61053466796875,-237.9143829345703
10.190460205078125,23.7828369140625,-237.56271362304688
8.990478515625,23.706451416015625,-238.2074737548828
8.630996704101562,23.65411376953125,-237.63272094726562
7.5917816162109375,23.488082885742188,-237.1464385986328
6.8637847900390625,23.5509033203125,-237.2418212890625
7.2313079833984375,23.7330322265625,-237.3008575439453
7.4072418212890625,23.694015502929688,-237.14427185058594
7.0223541259765625,23.57049560546875,-237.6549530029297
6.691009521484375,23.41387939453125,-238.00709533691406
6.445709228515625,23.8135986328125,-237.80152893066406
6.798858642578125,23.67333984375,-237.2876739501953
6.560150146484375,23.67657470703125,-238.0000457763672
6.4575347900390625,23.41693115234375,-237.8201141357422
6.3507232666015625,23.593948364257812,-237.5034942626953
6.1951751708984375,23.81304931640625,-237.99063110351562
6.653594970703125,23.664260864257812,-238.27821350097656
6.2225189208984375,23.708648681640625,-238.15089416503906
6.3650665283203125,23.415740966796875,-237.8485565185547
6.4974365234375,23.634857177734375,-238.00405883789062
6.415313720703125,23.562103271484375,-238.11070251464844
6.598876953125,23.333694458007812,-238.1912841796875
6.6843719482421875,23.540496826171875,-237.9281768798828
6.6471710205078125,23.376510620117188,-237.83346557617188
6.2613677978515625,23.705886840820312,-238.0869903564453
6.5231781005859375,23.8070068359375,-238.12899780273438
6.45684814453125,23.911483764648438,-237.61895751953125
6.6999969482421875,23.698959350585938,-238.07125854492188
6.6234588623046875,23.831954956054688,-238.3401336669922
6.3541107177734375,23.815475463867188,-237.9315948486328
6.549591064453125,23.708145141601562,-237.98785400390625
6.477630615234375,23.768692016601562,-238.45269775390625
6.27197265625,23.833282470703125,-237.80862426757812
6.411712646484375,24.100814819335938,-238.33253479003906
6.615447998046875,23.759475708007812,-238.12217712402344
6.497589111328125,23.810989379882812,-237.7796630859375
6.1683502197265625,23.809951782226562,-237.71759033203125
6.466888427734375,23.79266357421875,-238.00437927246094
6.47314453125,23.753768920898438,-237.702392578125
6.2006683349609375,23.6905517578125,-237.83633422851562
6.23492431640625,24.065032958984375,-237.640869140625
6.3631134033203125,24.217437744140625,-237.442138671875
6.639984130859375,23.677261352539062,-237.56748962402344
6.1385498046875,23.913253784179688,-238.10641479492188
6.6621856689453125,23.808792114257812,-237.43458557128906
6.4785003662109375,23.746627807617188,-237.76513671875
6.2516021728515625,23.669921875,-237.84608459472656
6.5839385986328125,23.816299438476562,-237.3096466064453
6.1827850341796875,23.5706787109375,-237.66856384277344
6.5848388671875,23.628433227539062,-238.3394012451172
6.488311767578125,23.80487060546875,-237.9288787841797
6.89471435546875,23.20050048828125,-238.2220916748047
6.5706939697265625,23.40985107421875,-238.19386291503906
6.620941162109375,23.203094482421875,-237.45062255859375
6.5806427001953125,23.467697143554688,-237.84786987304688
6.420562744140625,23.69891357421875,-238.1003875732422
6.90606689453125,23.619598388671875,-237.67698669433594
6.6874847412109375,23.925689697265625,-237.75497436523438
6.349761962890625,23.885910034179688,-238.45217895507812
6.46258544921875,23.62060546875,-238.0815887451172
6.6732940673828125,23.661697387695312,-238.1150360107422
6.5673065185546875,23.76751708984375,-238.74337768554688
6.6233367919921875,23.444900512695312,-238.04278564453125
6.720184326171875,23.435775756835938,-238.77581787109375
6.571868896484375,23.457809448242188,-238.1824493408203
6.6822052001953125,23.405426025390625,-237.67291259765625
6.7469024658203125,23.06524658203125,-237.90267944335938
6.52691650390625,23.5042724609375,-237.79554748535156
6.439239501953125,23.342056274414062,-238.236328125
6.29248046875,23.166030883789062,-237.4994354248047
6.6031646728515625,23.4779052734375,-237.7427215576172
6.466888427734375,23.795806884765625,-238.13206481933594
6.780853271484375,23.539337158203125,-238.03073120117188
6.7602386474609375,23.666412353515625,-237.87913513183594
7.2037200927734375,23.907455444335938,-237.7791748046875
6.8820037841796875,23.84173583984375,-237.79310607910156
6.857635498046875,23.6602783203125,-237.948486328125
6.994842529296875,23.813583374023438,-237.96241760253906
6.9253692626953125,23.440567016601562,-238.17526245117188
6.924652099609375,23.461868286132812,-238.25888061523438
6.8768768310546875,23.528106689453125,-238.31495666503906
6.9511260986328125,23.464797973632812,-237.78858947753906
7.2723541259765625,23.680557250976562,-238.22547912597656
7.0759735107421875,23.688629150390625,-237.9201202392578
7.4087371826171875,23.40460205078125,-237.8932647705078
7.484466552734375,23.4464111328125,-238.1996612548828
7.802520751953125,23.730697631835938,-238.0474395751953
7.8825225830078125,23.362823486328125,-237.8439483642578
8.201171875,23.470382690429688,-237.7637176513672
8.002273559570312,23.7747802734375,-238.1277313232422
8.197113037109375,23.628250122070312,-238.21298217773438
8.280929565429688,23.961639404296875,-237.80416870117188
8.503067016601562,23.720138549804688,-237.9545440673828
8.69415283203125,23.746856689453125,-238.29396057128906
8.782470703125,23.495803833007812,-238.26516723632812
8.941802978515625,23.749649047851562,-238.0143280029297
9.190536499023438,23.916107177734375,-238.10716247558594
9.253280639648438,23.791885375976562,-238.16619873046875
9.318130493164062,23.84613037109375,-238.08438110351562
9.22552490234375,24.028762817382812,-237.73049926757812
10.04327392578125,23.884384155273438,-237.7462615966797
9.636077880859375,23.860275268554688,-237.7581329345703
10.031341552734375,24.197769165039062,-237.6680908203125
9.830596923828125,23.878707885742188,-237.44219970703125
10.235183715820312,23.980300903320312,-237.79998779296875
9.734481811523438,23.754852294921875,-238.00247192382812
9.831649780273438,23.8880615234375,-237.62924194335938
9.959259033203125,23.92755126953125,-237.8116912841797
10.060623168945312,23.9759521484375,-237.42459106445312
9.950576782226562,23.839263916015625,-237.608642578125
9.731292724609375,23.711334228515625,-237.6867218017578
10.389068603515625,23.773895263671875,-237.719482421875
9.961334228515625,23.86065673828125,-238.05262756347656
10.003494262695312,24.24603271484375,-238.2940673828125
9.953994750976562,24.252578735351562,-237.70111083984375
9.887130737304688,23.958541870117188,-238.14501953125
9.47125244140625,23.92828369140625,-237.76043701171875
9.307754516601562,23.714645385742188,-237.7742156982422
9.036514282226562,23.597610473632812,-237.26834106445312
8.625503540039062,23.429672241210938,-237.51763916015625
8.398956298828125,23.523040771484375,-237.55166625976562
8.153274536132812,23.426589965820312,-237.34161376953125
7.6415863037109375,23.259841918945312,-237.55923461914062
8.180435180664062,23.25384521484375,-237.21636962890625
8.429092407226562,23.199462890625,-237.46339416503906
8.849868774414062,23.276947021484375,-236.86895751953125
9.103836059570312,23.158950805664062,-236.83609008789062
9.58074951171875,22.9844970703125,-236.593017578125
10.310211181640625,22.895950317382812,-236.7208251953125
10.459869384765625,22.4002685546875,-236.72947692871094
11.136444091796875,22.007369995117188,-236.06736755371094
11.568099975585938,21.717178344726562,-235.78114318847656
12.160476684570312,21.069198608398438,-235.24473571777344
12.62713623046875,20.54559326171875,-234.0779266357422
13.814315795898438,19.75238037109375,-234.20481872558594
14.53875732421875,18.797882080078125,-233.6380615234375
14.955123901367188,17.839691162109375,-233.18679809570312
15.825454711914062,17.336715698242188,-232.242431640625
16.964752197265625,16.20330810546875,-231.65818786621094
17.740234375,15.39776611328125,-231.23883056640625
18.044097900390625,14.004196166992188,-231.12176513671875
18.52838134765625,12.99713134765625,-229.94955444335938
18.952682495117188,11.809432983398438,-229.7813262939453
19.582061767578125,10.45013427734375,-228.71519470214844
20.216659545898438,8.976654052734375,-228.3565673828125
20.704788208007812,7.66351318359375,-227.54217529296875
21.414535522460938,6.212127685546875,-227.44961547851562
21.868927001953125,4.7769775390625,-226.61912536621094
22.469985961914062,3.2606353759765625,-226.22677612304688
22.86822509765625,1.962432861328125,-225.93968200683594
23.361465454101562,0.6637115478515625,-225.5471649169922
23.382537841796875,-1.2008514404296875,-225.08349609375
23.719024658203125,-2.635528564453125,-224.71762084960938
23.77117919921875,-3.941741943359375,-224.64720153808594
23.660247802734375,-4.9508514404296875,-225.00823974609375
23.958023071289062,-6.14910888671875,-224.7722930908203
23.850509643554688,-7.4612884521484375,-224.53358459472656
24.047500610351562,-8.2974853515625,-224.062744140625
24.278274536132812,-9.570098876953125,-224.2107696533203
24.404205322265625,-10.549041748046875,-224.19007873535156
24.84307861328125,-11.59521484375,-224.25628662109375
25.085403442382812,-12.327957153320312,-224.6955108642578
25.56475830078125,-13.295333862304688,-225.10244750976562
25.610366821289062,-14.313034057617188,-225.1842041015625
25.995895385742188,-14.68463134765625,-225.00477600097656
26.448455810546875,-15.483367919921875,-225.5625457763672
26.488082885742188,-16.342483520507812,-225.5845947265625
26.980148315429688,-16.777267456054688,-225.64337158203125
27.25787353515625,-17.084228515625,-225.4889373779297
27.608078002929688,-17.355743408203125,-226.27198791503906
27.7540283203125,-17.627197265625,-226.0974884033203
27.893585205078125,-17.379745483398438,-226.44232177734375
28.21356201171875,-17.446533203125,-225.9746551513672
28.329574584960938,-17.479766845703125,-226.63873291015625
28.10223388671875,-17.126510620117188,-226.0311737060547
28.387481689453125,-16.8896484375,-226.49085998535156
28.539871215820312,-16.49456787109375,-226.63002014160156
28.4818115234375,-15.733322143554688,-226.05247497558594
28.66680908203125,-15.273880004882812,-226.4984130859375
28.470947265625,-14.234130859375,-226.29344177246094
28.2279052734375,-13.367034912109375,-226.56932067871094
27.731048583984375,-12.95831298828125,-226.23667907714844
27.676116943359375,-11.805740356445312,-225.43760681152344
26.8028564453125,-11.38470458984375,-225.61895751953125
26.727874755859375,-10.674301147460938,-226.01548767089844
26.405807495117188,-10.243072509765625,-225.3282928466797
26.305816650390625,-9.840560913085938,-225.83836364746094
26.473464965820312,-9.1578369140625,-225.43728637695312
26.345306396484375,-8.716049194335938,-225.0797576904297
26.133453369140625,-7.9826812744140625,-225.63619995117188
26.161102294921875,-8.010528564453125,-225.56002807617188
26.29266357421875,-7.388671875,-225.9464874267578
26.385726928710938,-7.0074920654296875,-226.1224365234375
26.656494140625,-6.3123321533203125,-226.68890380859375
26.5213623046875,-6.1556396484375,-226.36474609375
26.440719604492188,-5.193115234375,-225.98495483398438
26.142257690429688,-5.1732025146484375,-226.4404754638672
25.877120971679688,-4.9698333740234375,-226.48500061035156
25.649154663085938,-4.9050445556640625,-226.34507751464844
25.769577026367188,-4.97509765625,-226.90045166015625
25.984359741210938,-4.9066162109375,-226.8955535888672
25.71282958984375,-5.0025482177734375,-226.8212890625
26.033966064453125,-5.1465301513671875,-226.8743438720703
25.889495849609375,-4.7567138671875,-226.85800170898438
25.554580688476562,-4.964752197265625,-227.06448364257812
25.828155517578125,-5.0297393798828125,-226.9496612548828
25.86358642578125,-4.8494415283203125,-227.11874389648438
25.617904663085938,-4.681549072265625,-227.3094482421875
25.232498168945312,-4.505767822265625,-227.3391876220703
25.22271728515625,-4.26141357421875,-227.0098114013672
24.832611083984375,-3.895782470703125,-227.01446533203125
24.672775268554688,-3.6011199951171875,-226.55218505859375
24.282455444335938,-3.1008758544921875,-226.62062072753906
23.848342895507812,-2.9651947021484375,-226.0053253173828
23.690948486328125,-2.0278167724609375,-225.6844940185547
23.3017578125,-1.7222442626953125,-225.96241760253906
22.919769287109375,-1.5311431884765625,-225.07472229003906
22.584869384765625,-1.1642608642578125,-224.37240600585938
22.239395141601562,-0.380401611328125,-223.54971313476562
22.069061279296875,0.140045166015625,-223.00985717773438
21.964401245117188,1.254486083984375,-221.70010375976562
21.7855224609375,1.5374298095703125,-221.5159912109375
21.616119384765625,1.61016845703125,-220.4976348876953
21.974517822265625,2.5042877197265625,-219.98016357421875
22.061691284179688,2.7516021728515625,-218.8788299560547
21.677093505859375,3.284942626953125,-217.8463592529297
21.77606201171875,4.3238677978515625,-216.59353637695312
21.479110717773438,4.8864288330078125,-215.5382080078125
21.287261962890625,5.7363128662109375,-214.4231719970703
20.6187744140625,6.3156585693359375,-213.12600708007812
20.076705932617188,7.7197418212890625,-211.52084350585938
19.075241088867188,9.319686889648438,-210.29202270507812
18.108566284179688,10.787643432617188,-209.0677947998047
16.868682861328125,13.254425048828125,-207.90731811523438
15.87689208984375,15.434738159179688,-206.9058074951172
13.997802734375,18.026779174804688,-206.22425842285156
12.89654541015625,20.874771118164062,-206.12008666992188
11.237899780273438,23.920059204101562,-206.43649291992188
9.258956909179688,26.858963012695312,-206.41778564453125
7.44622802734375,29.90765380859375,-208.35389709472656
5.8536224365234375,32.22203063964844,-209.4492950439453
4.00714111328125,34.63414001464844,-211.71975708007812
2.9747772216796875,36.8309326171875,-214.04025268554688
2.153533935546875,38.69874572753906,-216.18577575683594
1.2697906494140625,40.09867858886719,-218.97817993164062
0.317596435546875,40.99781799316406,-221.47018432617188
-1.3684234619140625,41.961334228515625,-224.6049346923828
-1.6722564697265625,42.139862060546875,-228.0180206298828
-3.1289520263671875,41.79875183105469,-232.64019775390625
-3.5807037353515625,41.18406677246094,-237.26390075683594
-3.512908935546875,41.051116943359375,-241.7431182861328
-1.95263671875,47.169464111328125,-246.45147705078125
-1.2151641845703125,40.998931884765625,-248.43118286132812
-1.0562896728515625,43.39263916015625,-247.76710510253906
-1.2039031982421875,43.860443115234375,-247.35189819335938
-1.3499755859375,44.093475341796875,-247.3220977783203
-1.560577392578125,43.74061584472656,-246.9595489501953
-1.7212066650390625,43.994659423828125,-247.49578857421875
-1.6951904296875,43.62693786621094,-247.32041931152344
-1.3843994140625,43.3721923828125,-247.2664031982422
-1.178436279296875,43.93064880371094,-247.07440185546875
-1.159942626953125,43.517059326171875,-246.98155212402344
-0.980712890625,43.01087951660156,-247.1236572265625
-0.5647125244140625,42.94297790527344,-247.45115661621094
-0.334320068359375,42.912689208984375,-247.5565643310547
-0.3515625,42.88958740234375,-247.2406005859375
-0.0290374755859375,43.13154602050781,-247.9117431640625
0.0463104248046875,43.25822448730469,-247.87149047851562
-0.4038238525390625,43.472564697265625,-248.0930633544922
-0.29937744140625,43.70550537109375,-247.84490966796875
-0.4050445556640625,43.97611999511719,-247.2603302001953
-0.4729766845703125,44.00518798828125,-247.946533203125
-0.7611541748046875,44.19940185546875,-247.59344482421875
-0.3294525146484375,44.33116149902344,-247.43492126464844
-0.23687744140625,44.53321838378906,-247.7877655029297
-0.246612548828125,44.656982421875,-248.15634155273438
-0.19000244140625,44.92475891113281,-248.031982421875
-0.3223724365234375,44.90065002441406,-247.88194274902344
-0.0182342529296875,44.6461181640625,-248.28868103027344
0.2506866455078125,44.803070068359375,-247.8682403564453
0.2176666259765625,44.36936950683594,-247.8001251220703
-0.019866943359375,44.625335693359375,-247.9362030029297
-1.07305908203125,45.69709777832031,-247.7667694091797
-1.78033447265625,46.35353088378906,-246.84010314941406
-2.26922607421875,47.02131652832031,-246.14801025390625
-2.7071533203125,47.26487731933594,-246.20587158203125
-2.7170257568359375,47.372222900390625,-246.6715087890625
-2.704345703125,47.31001281738281,-246.498291015625
-2.3439178466796875,47.205322265625,-246.37509155273438
-2.1212158203125,47.41975402832031,-246.0956268310547
-2.489227294921875,47.51104736328125,-245.9302215576172
-2.1541900634765625,47.354949951171875,-246.40440368652344
-1.6151275634765625,47.422607421875,-246.72271728515625
-2.256622314453125,47.88542175292969,-246.32432556152344
-3.313232421875,47.67094421386719,-245.92030334472656
-3.615386962890625,47.798309326171875,-245.81504821777344
-3.67156982421875,47.8095703125,-246.0416259765625
-4.0474090576171875,48.11259460449219,-246.1363067626953
-4.387847900390625,48.07684326171875,-245.94085693359375
-4.8296966552734375,48.49943542480469,-245.97988891601562
-5.40130615234375,49.38291931152344,-246.30859375
-5.5048675537109375,50.20521545410156,-246.39915466308594
-5.5530853271484375,50.79734802246094,-245.82269287109375
-6.1186676025390625,51.7022705078125,-246.54759216308594
-6.1018524169921875,52.87229919433594,-245.923828125
-6.9033203125,53.90655517578125,-246.3311004638672
-6.9366455078125,54.90037536621094,-246.4228515625
-7.728118896484375,55.37995910644531,-246.8742218017578
-8.09942626953125,56.50770568847656,-246.4015655517578
-8.651931762695312,57.60987854003906,-246.77450561523438
-9.2061767578125,58.292327880859375,-246.95884704589844
-9.380401611328125,59.64213562011719,-246.86402893066406
-10.61395263671875,60.68272399902344,-247.755615234375
-11.115753173828125,61.386749267578125,-247.54649353027344
-11.474136352539062,62.806243896484375,-248.10011291503906
-12.341506958007812,63.07173156738281,-248.2626190185547
-12.331085205078125,63.90092468261719,-248.44210815429688
-13.204421997070312,64.8466796875,-249.0071258544922
-13.952957153320312,65.5614013671875,-249.38233947753906
-14.527587890625,65.98674011230469,-250.0501708984375
-14.950027465820312,66.92958068847656,-250.31375122070312
-15.832229614257812,66.94895935058594,-250.58126831054688
-15.9791259765625,67.73062133789062,-250.92066955566406
-16.407150268554688,68.23931884765625,-250.8948211669922
-16.953903198242188,68.83891296386719,-251.471435546875
-17.316909790039062,69.17294311523438,-251.821533203125
-17.885726928710938,69.7646484375,-251.7273712158203
-18.182708740234375,70.27853393554688,-252.9939727783203
-18.488143920898438,71.01675415039062,-253.1073455810547
-18.668182373046875,71.41314697265625,-253.1859130859375
-18.772354125976562,71.51206970214844,-253.35411071777344
-18.792999267578125,71.97573852539062,-253.62255859375
-18.95556640625,72.39997863769531,-253.92759704589844
-18.912734985351562,72.56692504882812,-254.37744140625
-19.55322265625,72.92633056640625,-254.27523803710938
-20.005538940429688,73.16743469238281,-254.82565307617188
-19.840972900390625,73.12789916992188,-255.14280700683594
-20.336334228515625,73.67236328125,-255.07040405273438
-20.65838623046875,73.71684265136719,-255.8930206298828
-20.955551147460938,74.04043579101562,-255.296630859375
-20.738632202148438,74.15919494628906,-255.69638061523438
-21.035980224609375,74.16410827636719,-255.65232849121094
-21.171310424804688,74.30804443359375,-256.27215576171875
-21.154861450195312,74.5384521484375,-256.2620544433594
-21.365768432617188,74.88104248046875,-256.5152587890625
-21.479248046875,74.79861450195312,-256.9009704589844
-21.548812866210938,74.78495788574219,-256.66278076171875
-21.594467163085938,74.88200378417969,-256.3769836425781
-21.771102905273438,75.085693359375,-256.9248962402344
-21.799652099609375,75.06027221679688,-256.7349548339844
-21.767181396484375,75.46803283691406,-257.9383850097656
-22.059707641601562,76.21199035644531,-257.44464111328125
-21.808212280273438,76.19131469726562,-257.5962219238281
-21.653839111328125,76.34014892578125,-258.275146484375
-21.943008422851562,76.50221252441406,-258.1371154785156
-22.145309448242188,76.39529418945312,-258.6394348144531
-22.364242553710938,76.78936767578125,-258.2950134277344
-22.55413818359375,76.31523132324219,-258.486083984375
-22.534408569335938,76.52119445800781,-258.0598449707031
-22.624313354492188,76.486572265625,-258.4483947753906
-22.381927490234375,76.39068603515625,-258.5555419921875
-22.630966186523438,76.3021240234375,-258.52740478515625
-23.08856201171875,76.91021728515625,-258.7340087890625
-23.345626831054688,76.46846008300781,-258.4819030761719
-23.4288330078125,76.71125793457031,-258.50274658203125
-23.545120239257812,76.55424499511719,-258.47808837890625
-23.45880126953125,76.55616760253906,-258.67938232421875
-23.368316650390625,76.78657531738281,-258.23663330078125
-23.343490600585938,76.24746704101562,-258.31060791015625
-23.606155395507812,76.21513366699219,-258.39312744140625
-23.031829833984375,76.24931335449219,-258.7838134765625
-23.457077026367188,75.76849365234375,-257.67626953125
-23.483795166015625,75.64547729492188,-258.05413818359375
-23.418991088867188,75.52322387695312,-257.8846740722656
-23.380233764648438,76.02996826171875,-257.79754638671875
-23.501373291015625,75.74571228027344,-257.63201904296875
-23.595062255859375,75.84056091308594,-257.8378601074219
-23.304901123046875,75.9239501953125,-257.699462890625
-23.657638549804688,75.64413452148438,-257.63140869140625
-23.469009399414062,75.91464233398438,-258.37542724609375
-23.41680908203125,75.62423706054688,-257.95526123046875
-23.43255615234375,75.83815002441406,-257.98626708984375
-23.740142822265625,75.95860290527344,-258.0640869140625
-23.516754150390625,75.85147094726562,-257.951904296875
-23.429046630859375,76.07080078125,-257.9940185546875
-23.286956787109375,75.92559814453125,-258.1775817871094
-23.528610229492188,75.57496643066406,-258.48101806640625
-23.482025146484375,75.62495422363281,-257.88494873046875
-23.382232666015625,75.72381591796875,-258.1108093261719
-23.298324584960938,75.7276611328125,-257.9798889160156
-23.468093872070312,75.87156677246094,-257.7287292480469
-23.820663452148438,75.62518310546875,-257.79644775390625
-23.595672607421875,75.74050903320312,-257.76641845703125
-23.687637329101562,75.65043640136719,-258.3949279785156
-23.469207763671875,75.81330871582031,-258.15435791015625
-23.519149780273438,76.08659362792969,-257.733642578125
-22.897308349609375,75.84197998046875,-257.9172058105469
-23.611679077148438,75.68270874023438,-257.99029541015625
-23.351821899414062,76.08966064453125,-257.87994384765625
-23.266082763671875,75.70439147949219,-257.74761962890625
-23.531646728515625,75.72384643554688,-258.3847961425781
-23.414993286132812,75.94181823730469,-257.7259521484375
-23.306060791015625,75.76484680175781,-257.8809814453125
-23.238784790039062,75.72781372070312,-258.02862548828125
-23.199905395507812,75.86624145507812,-258.25640869140625
-23.943557739257812,75.83416748046875,-257.9772033691406
-23.347808837890625,75.57142639160156,-257.8092041015625
-23.68939208984375,75.83212280273438,-257.5870361328125
-23.275390625,75.91561889648438,-257.88165283203125
-23.271011352539062,75.67271423339844,-257.73199462890625
-23.39404296875,75.84748840332031,-258.2020568847656
-23.5439453125,75.80426025390625,-258.00091552734375
-23.535812377929688,75.70967102050781,-258.1423645019531
-23.70806884765625,75.64817810058594,-258.1405029296875
-23.47637939453125,75.71307373046875,-258.43023681640625
-23.519699096679688,75.71530151367188,-258.45196533203125
-23.381759643554688,75.71884155273438,-258.384765625
-23.125717163085938,75.9005126953125,-258.1274719238281
-23.48321533203125,75.58326721191406,-258.3687744140625
-23.657577514648438,75.69619750976562,-258.38946533203125
-23.670562744140625,75.89094543457031,-257.98486328125
-23.273147583007812,75.86430358886719,-258.50115966796875
-23.434707641601562,75.69755554199219,-258.2283935546875
-23.363433837890625,75.81129455566406,-257.8506164550781
-23.30743408203125,75.43940734863281,-257.80535888671875
-23.373382568359375,75.55043029785156,-257.6700134277344
-23.0155029296875,75.63662719726562,-257.91741943359375
-23.525238037109375,75.75270080566406,-257.8988037109375
-23.277694702148438,75.69819641113281,-258.33563232421875
-23.295028686523438,75.70260620117188,-258.36895751953125
-23.5174560546875,75.51840209960938,-257.9652404785156
-23.395767211914062,75.48843383789062,-258.22021484375
-22.97613525390625,75.70205688476562,-258.3485107421875
-23.555206298828125,75.9197998046875,-258.118408203125
-23.369476318359375,75.60057067871094,-257.9845275878906
-23.651702880859375,75.810791015625,-258.34405517578125
-23.416015625,75.95814514160156,-258.239501953125
-23.714584350585938,75.97001647949219,-257.9469909667969
-23.551376342773438,75.78265380859375,-257.7684326171875
-23.410812377929688,75.84860229492188,-258.28857421875
-23.48297119140625,75.94781494140625,-257.798828125
-23.662307739257812,75.80320739746094,-258.02215576171875
-23.370391845703125,76.23316955566406,-257.672119140625
-23.285568237304688,75.84201049804688,-257.9542541503906
-23.537521362304688,75.83363342285156,-257.7051086425781
-23.50408935546875,75.60464477539062,-257.8763732910156
-22.99774169921875,75.96572875976562,-257.9427795410156
-23.188644409179688,75.8385009765625,-258.1476745605469
-23.38885498046875,75.65603637695312,-258.10406494140625
-23.416900634765625,75.62745666503906,-258.03228759765625
-23.4576416015625,75.88273620605469,-257.87548828125
-23.344406127929688,76.02162170410156,-258.16082763671875
-23.231582641601562,76.21519470214844,-258.2200012207031
-23.423629760742188,75.89886474609375,-258.1245422363281
-23.440689086914062,75.6600341796875,-257.99310302734375
-23.404403686523438,75.83766174316406,-258.4002685546875
-23.023468017578125,75.87020874023438,-258.0299377441406
-23.371551513671875,76.37831115722656,-257.96527099609375
-23.537521362304688,75.98373413085938,-258.235107421875
-23.343536376953125,75.71295166015625,-258.20721435546875
-23.509246826171875,75.61785888671875,-258.72076416015625
-23.167404174804688,76.1578369140625,-258.41021728515625
-23.237091064453125,76.25202941894531,-258.119873046875
-23.302810668945312,76.2855224609375,-258.2837219238281
-23.309707641601562,75.93095397949219,-258.1593017578125
-23.18603515625,76.19903564453125,-257.7626647949219
-23.32666015625,76.18035888671875,-258.26318359375
-23.5244140625,76.12843322753906,-258.1214904785156
-23.236083984375,75.957275390625,-258.06671142578125
-23.365982055664062,75.70399475097656,-257.58349609375
-23.177963256835938,75.71046447753906,-258.03411865234375
-23.205825805664062,75.69972229003906,-257.8471374511719
-23.322784423828125,75.6878662109375,-258.0377502441406
-23.468841552734375,75.96168518066406,-258.26806640625
-23.14739990234375,76.19355773925781,-258.4334716796875
-23.543319702148438,75.92222595214844,-258.46099853515625
-23.258087158203125,76.07704162597656,-258.15692138671875
-23.285263061523438,76.13996887207031,-258.22235107421875
-23.321548461914062,76.0615234375,-257.9748840332031
-23.293991088867188,75.84317016601562,-257.75799560546875
-23.545120239257812,75.87347412109375,-257.77105712890625
-23.57745361328125,75.84359741210938,-258.8866271972656
-23.22479248046875,76.228515625,-258.2608642578125
-23.360931396484375,76.05374145507812,-258.47607421875
-23.545425415039062,75.98440551757812,-258.479736328125
-23.613372802734375,75.9774169921875,-258.60595703125
-23.459365844726562,76.10194396972656,-258.10211181640625
-23.484405517578125,76.10862731933594,-258.4560546875
-23.580581665039062,76.04385375976562,-258.1562194824219
-23.413055419921875,76.09786987304688,-258.3673095703125
-23.373031616210938,75.80104064941406,-258.08349609375
-23.266998291015625,75.71308898925781,-258.0539855957031
-23.358871459960938,75.67713928222656,-258.1851806640625
-23.33782958984375,75.81300354003906,-258.40582275390625
-23.299392700195312,75.85507202148438,-257.8955383300781
-23.409942626953125,75.3153076171875,-258.23748779296875
-23.624496459960938,75.87811279296875,-258.41778564453125
-23.14398193359375,75.95620727539062,-258.0780334472656
-23.176132202148438,76.09295654296875,-258.2225646972656
-23.299957275390625,75.72492980957031,-258.3630065917969
-23.254608154296875,75.85133361816406,-258.1849365234375
-23.512680053710938,75.9063720703125,-258.6076354980469
-23.696746826171875,75.80607604980469,-258.4765625
-23.7806396484375,75.60107421875,-258.33551025390625
-23.76116943359375,75.71499633789062,-258.629638671875
-23.707351684570312,75.8450927734375,-258.49560546875
-23.964752197265625,75.60896301269531,-258.44635009765625
-23.73101806640625,76.04928588867188,-257.91046142578125
-23.959869384765625,75.94332885742188,-257.938232421875
-24.232635498046875,75.86384582519531,-258.0220642089844
-23.799819946289062,75.77911376953125,-258.045166015625
-24.245498657226562,75.66648864746094,-258.1613464355469
-23.873046875,75.58262634277344,-258.40692138671875
-23.912841796875,75.92112731933594,-258.1971435546875
-24.161178588867188,76.06549072265625,-258.44049072265625
-23.959518432617188,75.84368896484375,-258.1671142578125
-24.09912109375,75.77877807617188,-257.9761962890625
-23.924346923828125,75.78266906738281,-258.47515869140625
-23.88629150390625,75.82218933105469,-258.4736328125
-23.83056640625,75.57350158691406,-258.1626892089844
-23.846405029296875,75.4295654296875,-257.883544921875
-23.9273681640625,75.86477661132812,-258.1475524902344
-23.4761962890625,75.57786560058594,-257.59674072265625
-23.938980102539062,75.57444763183594,-257.3910827636719
-23.586273193359375,76.093505859375,-257.4228515625
-23.3819580078125,75.84107971191406,-257.8802490234375
-23.168975830078125,75.96955871582031,-257.75885009765625
-22.828659057617188,75.98391723632812,-258.016357421875
-22.522994995117188,75.95089721679688,-257.624755859375
-22.186752319335938,76.16896057128906,-258.0347900390625
-22.03955078125,76.21832275390625,-257.9036865234375
-21.839370727539062,76.34931945800781,-258.1184387207031
-21.459976196289062,76.00048828125,-257.9378662109375
-21.597503662109375,75.91958618164062,-258.1285400390625
-21.455352783203125,76.06269836425781,-257.31298828125
-21.088088989257812,76.33279418945312,-257.1415100097656
-20.87310791015625,75.89707946777344,-257.41973876953125
-21.135513305664062,75.99981689453125,-257.4317626953125
-20.908111572265625,76.00743103027344,-257.2326965332031
-21.003524780273438,76.24822998046875,-257.12701416015625
-20.465484619140625,75.91697692871094,-257.1817932128906
-20.664947509765625,75.90054321289062,-257.9354248046875
-20.340560913085938,75.83287048339844,-257.46002197265625
-20.87689208984375,76.91746520996094,-257.1392822265625
-21.726409912109375,77.62666320800781,-256.23193359375
-21.222625732421875,77.51496887207031,-255.8905792236328
-20.9771728515625,77.54597473144531,-255.8970184326172
-19.997207641601562,76.97840881347656,-255.34854125976562
-19.857711791992188,76.52537536621094,-255.04019165039062
-18.5482177734375,76.27706909179688,-254.817138671875
-17.705429077148438,75.98954772949219,-254.23841857910156
-17.421478271484375,75.50096130371094,-254.42822265625
-16.786285400390625,75.60530090332031,-253.66087341308594
-15.921585083007812,75.15165710449219,-253.80287170410156
-15.147720336914062,74.54327392578125,-253.30360412597656
-13.853729248046875,74.02926635742188,-253.1206512451172
-13.484649658203125,73.48721313476562,-252.88377380371094
-12.57476806640625,72.55389404296875,-252.00164794921875
-11.558395385742188,71.26113891601562,-251.77517700195312
-10.170211791992188,70.27267456054688,-251.14596557617188
-9.056930541992188,68.73001098632812,-250.39187622070312
-8.462020874023438,67.52156066894531,-249.80162048339844
-7.4188385009765625,66.3043212890625,-249.12533569335938
-6.6483306884765625,64.69197082519531,-249.0530242919922
-6.0792236328125,63.27861022949219,-248.7573699951172
-5.2119598388671875,61.68223571777344,-248.32411193847656
-5.209381103515625,60.35560607910156,-247.6942596435547
-4.99371337890625,58.82957458496094,-247.6124725341797
-4.3655242919921875,57.8194580078125,-246.99749755859375
-4.1256866455078125,56.730987548828125,-247.0801544189453
-3.7589569091796875,55.77662658691406,-246.89328002929688
-3.8519134521484375,55.051849365234375,-246.5037841796875
-3.4529571533203125,53.7027587890625,-246.6179656982422
-3.1038665771484375,52.48652648925781,-245.77328491210938
-2.8914031982421875,51.390838623046875,-245.9660186767578
-2.7439117431640625,49.82862854003906,-246.42958068847656
-2.506866455078125,48.432861328125,-245.7555694580078
-2.3087005615234375,47.04518127441406,-245.75827026367188
-2.1250152587890625,45.40351867675781,-245.60328674316406
-1.7478485107421875,44.25837707519531,-245.75648498535156
-1.57745361328125,43.33470153808594,-245.7498321533203
-1.602569580078125,42.2880859375,-245.8524932861328
-1.4892730712890625,41.80419921875,-245.83871459960938
-1.414886474609375,40.506378173828125,-246.62974548339844
-0.9583282470703125,39.68861389160156,-246.30081176757812
-0.1371612548828125,38.967864990234375,-247.15194702148438
0.2055511474609375,38.100341796875,-247.12472534179688
0.5216827392578125,36.946258544921875,-247.62310791015625
1.028289794921875,36.10047912597656,-247.6671142578125
1.483795166015625,35.2047119140625,-247.94361877441406
1.3644866943359375,34.50236511230469,-248.61447143554688
2.1558074951171875,33.72679138183594,-248.55169677734375
2.2203826904296875,33.04356384277344,-248.88885498046875
1.9698486328125,32.24931335449219,-249.3165283203125
2.309326171875,31.861038208007812,-249.2311248779297
2.480438232421875,30.916275024414062,-249.57850646972656
2.404083251953125,30.7796630859375,-249.73501586914062
2.9547271728515625,30.025192260742188,-249.93984985351562
2.8701934814453125,29.854827880859375,-250.3767547607422
2.855133056640625,29.0028076171875,-250.1565399169922
3.2479705810546875,28.41131591796875,-250.4334716796875
3.2027435302734375,27.778884887695312,-250.6580810546875
3.5799713134765625,27.301971435546875,-251.20834350585938
4.0338134765625,26.219711303710938,-251.7109832763672
4.055999755859375,25.746917724609375,-251.7241973876953
4.1031494140625,24.967697143554688,-252.14076232910156
4.474822998046875,24.628692626953125,-251.69482421875
2.9549407958984375,25.499099731445312,-252.02166748046875
1.6312408447265625,26.808319091796875,-251.68560791015625
-0.1687164306640625,28.415145874023438,-251.03208923339844
-1.122528076171875,30.0703125,-250.82586669921875
7.2695159912109375,23.765472412109375,-251.13531494140625
21.19476318359375,3.7489776611328125,-250.3134765625
31.754440307617188,-14.952865600585938,-250.1156463623047
42.15769958496094,-32.19694519042969,-248.1310577392578
44.917694091796875,-35.63250732421875,-244.9026641845703
43.503143310546875,-32.03791809082031,-240.94869995117188
41.60575866699219,-28.757369995117188,-237.82687377929688
39.963592529296875,-26.86126708984375,-235.8882293701172
38.170684814453125,-25.59576416015625,-234.48202514648438
36.62199401855469,-24.94317626953125,-232.56826782226562
36.003509521484375,-25.438064575195312,-231.91342163085938
35.32917785644531,-26.52252197265625,-231.30950927734375
35.13670349121094,-27.563827514648438,-231.1952362060547
34.565216064453125,-27.952041625976562,-231.59181213378906
34.36759948730469,-28.542709350585938,-231.48068237304688
34.01097106933594,-29.039443969726562,-230.8724822998047
33.832977294921875,-29.702835083007812,-231.23629760742188
33.326171875,-29.869003295898438,-231.0486297607422
32.853668212890625,-29.654876708984375,-231.0223846435547
32.84812927246094,-30.153152465820312,-230.85264587402344
32.7899169921875,-29.69317626953125,-230.88465881347656
32.306640625,-29.875350952148438,-230.3074951171875
32.09602355957031,-30.16656494140625,-230.57469177246094
31.497421264648438,-29.92572021484375,-230.68463134765625
31.050888061523438,-30.24261474609375,-230.12408447265625
31.210235595703125,-30.240158081054688,-230.39599609375
30.5133056640625,-30.74713134765625,-230.38441467285156
31.093338012695312,-31.21331787109375,-230.6865234375
30.522689819335938,-31.657989501953125,-231.1846923828125
30.352493286132812,-31.798843383789062,-230.69448852539062
30.145919799804688,-32.394805908203125,-231.1040802001953
29.895599365234375,-32.19798278808594,-231.27456665039062
29.661117553710938,-32.22297668457031,-231.59408569335938
29.334182739257812,-32.554229736328125,-232.02354431152344
29.189971923828125,-32.32124328613281,-230.8536376953125
29.444381713867188,-32.38771057128906,-231.14187622070312
29.11334228515625,-32.3074951171875,-230.66331481933594
29.130111694335938,-32.44624328613281,-231.37364196777344
28.830581665039062,-32.168060302734375,-230.77938842773438
29.129180908203125,-31.888381958007812,-230.49266052246094
29.045623779296875,-31.292816162109375,-230.6436004638672
29.06982421875,-31.060470581054688,-230.5403594970703
29.263427734375,-30.864288330078125,-230.552001953125
29.1763916015625,-30.250869750976562,-230.3070831298828
29.144134521484375,-30.12103271484375,-229.95062255859375
29.017013549804688,-29.442123413085938,-229.63804626464844
29.441680908203125,-29.002410888671875,-229.6873321533203
29.136611938476562,-28.183547973632812,-229.3689727783203
29.65380859375,-27.139434814453125,-229.07928466796875
29.862106323242188,-26.312362670898438,-229.00267028808594
29.364456176757812,-25.312362670898438,-228.64334106445312
29.358489990234375,-24.1640625,-228.18003845214844
28.742813110351562,-23.332916259765625,-227.19607543945312
28.882858276367188,-21.782882690429688,-227.2379150390625
28.6427001953125,-20.355010986328125,-226.7561798095703
28.140487670898438,-18.802566528320312,-226.24905395507812
27.84954833984375,-17.28790283203125,-225.93740844726562
27.180023193359375,-15.581802368164062,-226.07212829589844
26.977249145507812,-13.954177856445312,-225.5701446533203
26.3785400390625,-12.259109497070312,-225.00550842285156
25.980712890625,-10.746658325195312,-225.15281677246094
25.482269287109375,-8.93896484375,-225.0677032470703
25.0977783203125,-7.534210205078125,-225.01429748535156
24.565261840820312,-5.577362060546875,-224.98622131347656
24.31451416015625,-4.19073486328125,-225.5504608154297
24.007156372070312,-2.859130859375,-225.53070068359375
23.76513671875,-1.051910400390625,-225.0247802734375
22.94189453125,-0.261810302734375,-225.86160278320312
22.63763427734375,1.145782470703125,-226.06231689453125
22.212356567382812,2.1014862060546875,-225.82496643066406
21.872756958007812,3.200775146484375,-226.72093200683594
21.254547119140625,4.459686279296875,-226.7716827392578
20.9794921875,5.47576904296875,-226.92185974121094
20.814254760742188,6.5659027099609375,-227.51431274414062
20.107833862304688,7.330718994140625,-227.41610717773438
19.91668701171875,8.942214965820312,-228.24354553222656
18.909881591796875,10.116134643554688,-228.44163513183594
18.555267333984375,11.090576171875,-228.5429229736328
17.983963012695312,12.04705810546875,-229.01153564453125
17.357711791992188,12.926620483398438,-229.61561584472656
17.137115478515625,13.455703735351562,-230.2008514404297
16.092498779296875,14.729217529296875,-230.2812042236328
15.841049194335938,15.577468872070312,-230.5529327392578
15.319442749023438,16.11639404296875,-230.62965393066406
14.289764404296875,16.947280883789062,-231.3753204345703
13.9404296875,17.46392822265625,-232.02354431152344
13.525848388671875,18.263046264648438,-232.764404296875
13.1171875,18.931961059570312,-232.846435546875
12.943328857421875,19.6744384765625,-233.85989379882812
12.3946533203125,19.840438842773438,-233.80857849121094
12.289230346679688,20.669998168945312,-234.1152801513672
12.13861083984375,21.117050170898438,-235.03782653808594
11.724563598632812,21.485977172851562,-235.29971313476562
11.703399658203125,21.6937255859375,-235.5396728515625
11.4561767578125,22.146087646484375,-235.81199645996094
11.13922119140625,22.231033325195312,-235.952392578125
10.871368408203125,22.97509765625,-236.41891479492188
10.799545288085938,23.236709594726562,-236.3351593017578
10.86224365234375,23.854232788085938,-236.67510986328125
10.264404296875,23.713699340820312,-237.6573028564453
9.90740966796875,24.310577392578125,-237.50328063964844
10.145187377929688,24.27978515625,-237.6151885986328
9.762557983398438,24.870742797851562,-237.88314819335938
9.506729125976562,24.676254272460938,-238.26483154296875
9.037109375,24.876296997070312,-238.14065551757812
9.176773071289062,25.231826782226562,-238.25328063964844
8.654632568359375,25.182449340820312,-237.9293975830078
8.157791137695312,25.644485473632812,-238.64462280273438
7.967010498046875,25.840850830078125,-238.8449249267578
7.564208984375,26.247833251953125,-239.44769287109375
7.41741943359375,26.525985717773438,-240.05113220214844
6.8278350830078125,26.898345947265625,-240.2794952392578
6.651611328125,27.14459228515625,-240.0545654296875
6.5445404052734375,27.065017700195312,-241.39663696289062
6.4617462158203125,27.561279296875,-240.6193084716797
6.044281005859375,27.417999267578125,-241.02923583984375
5.77197265625,27.186477661132812,-241.05377197265625
5.5936126708984375,27.031845092773438,-241.27203369140625
5.26263427734375,26.796676635742188,-240.7310028076172
5.2325286865234375,26.883285522460938,-241.12010192871094
5.0713958740234375,26.860031127929688,-240.95062255859375
4.6326446533203125,26.734085083007812,-241.10887145996094
4.521331787109375,26.628936767578125,-240.70156860351562
4.9069061279296875,26.29595947265625,-239.8867645263672
4.99908447265625,26.044876098632812,-239.60943603515625
4.964752197265625,25.870040893554688,-239.7738800048828
5.22686767578125,25.831787109375,-240.1149139404297
4.91412353515625,25.912948608398438,-239.9753875732422
5.0548858642578125,25.515716552734375,-239.67813110351562
5.052459716796875,25.355819702148438,-239.25985717773438
5.1769561767578125,25.654617309570312,-239.2323455810547
5.3273773193359375,25.17083740234375,-239.1883544921875
5.5692901611328125,25.252151489257812,-238.8692626953125
6.0280914306640625,25.099868774414062,-238.6401824951172
5.8975067138671875,24.832138061523438,-238.68714904785156
6.0847930908203125,24.756927490234375,-238.48294067382812
6.1456146240234375,24.350799560546875,-238.51589965820312
6.2670135498046875,24.641448974609375,-238.16970825195312
6.1606903076171875,24.311004638671875,-238.0193328857422
6.182830810546875,23.952804565429688,-238.13601684570312
6.3231964111328125,23.7138671875,-237.78610229492188
6.5235443115234375,23.61669921875,-237.94508361816406
6.35650634765625,23.794998168945312,-237.2555694580078
6.22711181640625,23.666915893554688,-237.10923767089844
5.8093109130859375,23.145309448242188,-237.19189453125
6.2032012939453125,23.48016357421875,-237.2216339111328
5.9568939208984375,23.6376953125,-237.3970489501953
5.58428955078125,23.263458251953125,-237.2340087890625
5.7192535400390625,23.541580200195312,-237.1437225341797
5.50152587890625,23.193222045898438,-237.73715209960938
5.331085205078125,23.526031494140625,-237.8028106689453
5.1571197509765625,23.130325317382812,-237.15838623046875
5.3896026611328125,22.937362670898438,-237.67916870117188
5.3348541259765625,22.7470703125,-237.7559814453125
5.0002593994140625,22.886306762695312,-237.4027557373047
4.8832855224609375,22.933212280273438,-237.6048126220703
5.105072021484375,23.197296142578125,-237.6139678955078
4.8314361572265625,22.903213500976562,-237.82293701171875
5.126495361328125,23.184677124023438,-237.62510681152344
4.9752044677734375,23.11614990234375,-237.22938537597656
4.92205810546875,22.938812255859375,-237.82177734375
4.3807373046875,23.116973876953125,-237.365234375
4.699951171875,22.898208618164062,-238.0409698486328
4.671234130859375,23.157760620117188,-237.98406982421875
4.581756591796875,23.054702758789062,-237.79803466796875
4.4397125244140625,23.319564819335938,-237.25645446777344
4.2843017578125,23.063003540039062,-238.07806396484375
4.671783447265625,22.956497192382812,-238.11741638183594
4.681060791015625,23.23687744140625,-237.7298126220703
4.655975341796875,23.154083251953125,-238.07098388671875
4.481292724609375,22.9625244140625,-238.28042602539062
4.63873291015625,23.101348876953125,-238.06051635742188
4.3851470947265625,22.85076904296875,-238.00115966796875
4.497344970703125,22.94659423828125,-238.2657012939453
4.475433349609375,23.210906982421875,-238.3898162841797
4.9208984375,23.16162109375,-238.30274963378906
4.903350830078125,23.056488037109375,-238.15786743164062
4.6320037841796875,23.190200805664062,-237.6859893798828
4.8202972412109375,23.285934448242188,-238.14508056640625
4.5164642333984375,22.78704833984375,-238.4536590576172
4.89178466796875,23.018844604492188,-238.02175903320312
4.709564208984375,22.744796752929688,-238.6687774658203
4.5701751708984375,23.020492553710938,-238.32412719726562
4.808746337890625,22.989089965820312,-238.22438049316406
4.366058349609375,22.996063232421875,-238.20303344726562
4.712982177734375,23.029266357421875,-237.91387939453125
4.7375335693359375,23.168441772460938,-237.91485595703125
4.6665802001953125,22.990219116210938,-237.9466552734375
4.569000244140625,23.272918701171875,-237.82078552246094
4.68115234375,22.994674682617188,-237.72906494140625
4.385101318359375,23.25677490234375,-238.07325744628906
4.650360107421875,22.95635986328125,-237.84432983398438
4.655029296875,23.113845825195312,-238.0424041748047
4.996124267578125,22.9486083984375,-238.11431884765625
4.66131591796875,22.890716552734375,-237.62063598632812
4.633880615234375,22.963088989257812,-237.81614685058594
4.6771087646484375,22.843460083007812,-237.6632843017578
4.75689697265625,22.938308715820312,-237.77259826660156
4.5656890869140625,22.918975830078125,-237.4919891357422
4.7431488037109375,23.114059448242188,-238.0799102783203
4.7495269775390625,22.876739501953125,-237.83717346191406
4.7230682373046875,22.986587524414062,-237.77001953125
4.725830078125,22.83880615234375,-237.90802001953125
4.667205810546875,22.989120483398438,-238.06297302246094
4.786773681640625,22.932464599609375,-238.13890075683594
4.8221893310546875,23.09747314453125,-238.1103057861328
4.7850494384765625,22.9267578125,-237.76791381835938
4.525482177734375,23.083053588867188,-237.4336700439453
4.6112518310546875,22.98614501953125,-237.59263610839844
4.2123260498046875,22.99139404296875,-237.47943115234375
4.5192108154296875,23.337478637695312,-237.6339874267578
4.40716552734375,23.166549682617188,-237.52032470703125
4.5501861572265625,23.17535400390625,-238.16603088378906
4.7770538330078125,23.14996337890625,-238.32376098632812
4.395111083984375,23.249801635742188,-237.52369689941406
4.8668670654296875,22.801467895507812,-237.36441040039062
4.9481964111328125,22.977386474609375,-237.7976531982422
4.936798095703125,23.096633911132812,-238.28089904785156
4.7511444091796875,22.81500244140625,-237.8247528076172
4.84320068359375,22.975845336914062,-237.71420288085938
4.8065185546875,23.091598510742188,-237.62940979003906
4.5118560791015625,23.235076904296875,-237.8583526611328
4.700042724609375,23.27606201171875,-237.69882202148438
4.1465301513671875,22.905227661132812,-237.24208068847656
4.5091400146484375,22.869781494140625,-237.36685180664062
4.370941162109375,22.8763427734375,-238.06365966796875
4.6528778076171875,22.969223022460938,-237.9409942626953
4.7366485595703125,23.152450561523438,-237.9119110107422
4.52239990234375,23.396835327148438,-237.4451904296875
4.3867340087890625,23.010116577148438,-237.75918579101562
4.6483154296875,23.530181884765625,-237.73483276367188
4.111236572265625,23.089111328125,-237.59225463867188
4.79229736328125,23.140914916992188,-237.43328857421875
4.696533203125,23.021102905273438,-237.37640380859375
4.4529571533203125,22.94158935546875,-237.65673828125
4.45245361328125,23.240280151367188,-237.97113037109375
4.69488525390625,23.095993041992188,-237.8267059326172
4.690704345703125,23.432861328125,-237.57217407226562
4.8966064453125,23.12408447265625,-237.24391174316406
4.8032073974609375,23.28802490234375,-237.13900756835938
4.9118499755859375,22.869461059570312,-237.00033569335938
4.6497039794921875,23.086395263671875,-237.4187469482422
4.8530120849609375,23.04205322265625,-237.94479370117188
4.721282958984375,23.052841186523438,-237.67770385742188
4.718719482421875,22.978836059570312,-237.8806915283203
4.8724822998046875,23.241958618164062,-238.01007080078125
4.8987579345703125,23.26715087890625,-237.61363220214844
4.8080291748046875,23.259597778320312,-238.30113220214844
4.8707122802734375,23.2435302734375,-237.7442169189453
4.91497802734375,22.753433227539062,-237.85939025878906
4.5377044677734375,22.993392944335938,-237.5661163330078
4.7951812744140625,22.9637451171875,-237.46510314941406
4.5180206298828125,23.143722534179688,-237.74468994140625
4.8737945556640625,23.368637084960938,-237.77940368652344
4.7858734130859375,23.260025024414062,-237.69888305664062
4.4015350341796875,22.970321655273438,-237.66712951660156
4.6970977783203125,22.856948852539062,-237.640380859375
4.62921142578125,22.918960571289062,-237.54507446289062
4.66058349609375,23.029006958007812,-237.76199340820312
4.6321868896484375,23.016433715820312,-237.84136962890625
4.5899658203125,23.255615234375,-237.78109741210938
4.860626220703125,23.115463256835938,-237.3434600830078
4.92413330078125,23.322067260742188,-237.80955505371094
4.8650360107421875,23.188735961914062,-237.98077392578125
4.7189178466796875,23.2027587890625,-237.61094665527344
4.9838409423828125,23.234375,-237.28480529785156
5.322601318359375,23.202926635742188,-237.37403869628906
5.3520355224609375,23.038162231445312,-237.56915283203125
5.1623077392578125,23.07757568359375,-237.8426971435547
5.310455322265625,23.261077880859375,-238.13172912597656
5.2596282958984375,23.071823120117188,-238.2516326904297
4.9750213623046875,23.15264892578125,-237.62562561035156
5.260711669921875,23.210586547851562,-237.23622131347656
5.29876708984375,23.173629760742188,-238.13552856445312
5.3041839599609375,23.272705078125,-237.55404663085938
5.57086181640625,23.345993041992188,-237.15660095214844
5.500579833984375,23.158157348632812,-237.7362060546875
5.2518310546875,23.215225219726562,-237.84622192382812
5.3112335205078125,22.80096435546875,-237.6234893798828
5.34954833984375,23.173370361328125,-237.72183227539062
5.5015869140625,23.234390258789062,-237.7784423828125
5.7900238037109375,23.409454345703125,-237.99501037597656
5.8202667236328125,23.378280639648438,-237.8136749267578
6.22808837890625,23.176361083984375,-237.74078369140625
6.508331298828125,23.191390991210938,-237.70193481445312
6.4951934814453125,23.369705200195312,-237.8470916748047
6.7148284912109375,23.287460327148438,-237.60728454589844
6.899993896484375,23.526657104492188,-237.58460998535156
7.3428192138671875,23.501953125,-237.287353515625
7.828338623046875,23.5968017578125,-237.48562622070312
7.953399658203125,23.726409912109375,-237.72589111328125
8.337936401367188,23.83197021484375,-237.38548278808594
8.714828491210938,23.78167724609375,-237.8021697998047
9.003219604492188,23.8232421875,-236.9142303466797
9.098388671875,23.7822265625,-237.2432098388672
9.267501831054688,23.455093383789062,-237.16473388671875
9.46875,23.640045166015625,-237.39739990234375
10.021759033203125,23.99066162109375,-237.55201721191406
9.988800048828125,23.636856079101562,-237.3421173095703
10.123382568359375,23.886566162109375,-237.255859375
10.31695556640625,23.38934326171875,-237.054443359375
10.495147705078125,23.709320068359375,-237.5103759765625
11.001815795898438,23.685317993164062,-237.25904846191406
10.86895751953125,23.589324951171875,-237.3142547607422
10.994461059570312,23.579559326171875,-236.98854064941406
11.211929321289062,23.785293579101562,-236.89208984375
10.914291381835938,23.98077392578125,-237.22129821777344
11.308746337890625,23.806365966796875,-237.18934631347656
11.458145141601562,23.603485107421875,-237.2462921142578
11.47772216796875,23.846420288085938,-237.63987731933594
11.21563720703125,23.657928466796875,-236.8035125732422
11.330917358398438,23.467864990234375,-237.54324340820312
11.218154907226562,23.971588134765625,-237.19834899902344
11.055435180664062,23.963516235351562,-237.29212951660156
10.658370971679688,23.840316772460938,-237.09815979003906
10.150100708007812,23.624649047851562,-236.90960693359375
9.999176025390625,23.767547607421875,-237.47230529785156
9.804061889648438,23.719741821289062,-237.7143096923828
9.747634887695312,23.687423706054688,-237.06289672851562
10.131271362304688,23.613296508789062,-237.60899353027344
10.07257080078125,23.575942993164062,-236.99575805664062
10.603805541992188,23.496902465820312,-236.718505859375
11.176406860351562,23.476028442382812,-236.80711364746094
11.783340454101562,23.32037353515625,-236.48489379882812
11.372451782226562,23.05987548828125,-236.64215087890625
12.205413818359375,22.650283813476562,-236.4392547607422
12.665084838867188,21.744155883789062,-235.66143798828125
13.279891967773438,21.21209716796875,-235.2737579345703
14.340957641601562,20.644668579101562,-234.5861358642578
14.4998779296875,19.730331420898438,-234.3550567626953
14.916152954101562,18.819091796875,-233.62083435058594
15.936111450195312,18.140472412109375,-232.7557373046875
16.78936767578125,17.316375732421875,-232.11427307128906
17.398757934570312,16.243621826171875,-231.78616333007812
18.188507080078125,15.358078002929688,-230.98435974121094
18.90032958984375,14.249908447265625,-230.85523986816406
19.348342895507812,12.712982177734375,-229.5321807861328
20.149383544921875,11.4879150390625,-228.7740020751953
20.681716918945312,10.016143798828125,-227.9794921875
21.57196044921875,8.220504760742188,-227.92222595214844
22.593887329101562,6.2237548828125,-227.15093994140625
23.384231567382812,4.342803955078125,-226.2436981201172
24.624130249023438,1.6783294677734375,-225.90130615234375
25.869110107421875,-0.4152374267578125,-225.58139038085938
26.543838500976562,-2.6440277099609375,-225.39903259277344
28.102188110351562,-5.08099365234375,-225.08319091796875
29.121124267578125,-7.7802886962890625,-225.19415283203125
30.033157348632812,-10.233993530273438,-225.97695922851562
30.413223266601562,-12.467132568359375,-226.30419921875
30.769775390625,-14.73944091796875,-226.1176300048828
32.02117919921875,-16.988510131835938,-226.9781036376953
32.300018310546875,-18.5889892578125,-227.1815643310547
32.80644226074219,-20.57330322265625,-227.79476928710938
33.31144714355469,-22.380081176757812,-228.5909423828125
33.82415771484375,-23.8973388671875,-229.48133850097656
34.31260681152344,-25.008468627929688,-229.93389892578125
34.33085632324219,-26.552749633789062,-230.30821228027344
34.320068359375,-27.494354248046875,-230.69998168945312
34.21028137207031,-28.281951904296875,-230.93099975585938
34.170257568359375,-29.02728271484375,-231.53565979003906
34.258758544921875,-30.143218994140625,-231.9071044921875
34.419830322265625,-30.433914184570312,-231.93370056152344
34.69969177246094,-31.28912353515625,-232.61180114746094
34.990753173828125,-31.7095947265625,-232.57540893554688
34.73136901855469,-31.828582763671875,-233.2000274658203
35.32867431640625,-31.914657592773438,-233.61798095703125
35.32835388183594,-32.5535888671875,-233.86204528808594
35.18959045410156,-32.66619873046875,-234.10055541992188
35.16987609863281,-32.85865783691406,-233.80300903320312
34.9244384765625,-32.55555725097656,-233.7012939453125
34.954559326171875,-32.619232177734375,-233.79689025878906
34.98100280761719,-32.54133605957031,-233.32516479492188
35.20733642578125,-32.66180419921875,-233.37802124023438
34.89768981933594,-32.19831848144531,-233.62896728515625
35.164520263671875,-31.805435180664062,-233.3016357421875
34.637115478515625,-31.856887817382812,-233.30279541015625
35.16990661621094,-31.707656860351562,-233.02169799804688
35.144775390625,-31.670028686523438,-233.04945373535156
35.041900634765625,-31.255050659179688,-232.92274475097656
35.43690490722656,-31.353302001953125,-233.05445861816406
35.29765319824219,-31.311279296875,-232.86367797851562
35.3729248046875,-31.256988525390625,-233.0492401123047
35.42134094238281,-31.147964477539062,-232.8351287841797
35.49803161621094,-30.531005859375,-232.85418701171875
35.35386657714844,-30.530746459960938,-232.53651428222656
35.165985107421875,-30.4674072265625,-232.66485595703125
35.51756286621094,-29.950668334960938,-233.3163604736328
35.60908508300781,-30.07574462890625,-232.90933227539062
35.576171875,-29.782119750976562,-233.3170166015625
35.73329162597656,-29.499008178710938,-232.63702392578125
35.705291748046875,-29.340682983398438,-232.50018310546875
35.677398681640625,-29.005279541015625,-232.2113037109375
35.804534912109375,-28.850433349609375,-232.67291259765625
35.751556396484375,-28.539154052734375,-232.7230682373047
35.76873779296875,-28.248550415039062,-232.27989196777344
35.21412658691406,-27.945480346679688,-231.78311157226562
35.091705322265625,-27.865280151367188,-232.5915069580078
35.4747314453125,-27.002578735351562,-232.1437530517578
35.39619445800781,-26.578872680664062,-232.07180786132812
35.19941711425781,-26.50006103515625,-231.78211975097656
35.102935791015625,-26.227981567382812,-231.837646484375
35.14300537109375,-25.728500366210938,-231.66998291015625
34.80635070800781,-25.277450561523438,-231.90283203125
35.16963195800781,-25.215362548828125,-231.60450744628906
35.03082275390625,-24.67535400390625,-231.77503967285156
34.821929931640625,-24.666122436523438,-231.39178466796875
35.24009704589844,-24.50146484375,-231.46432495117188
35.02168273925781,-24.032058715820312,-231.0360870361328
35.189208984375,-23.6458740234375,-231.25608825683594
34.62513732910156,-23.735809326171875,-231.18087768554688
34.467437744140625,-22.896392822265625,-230.323486328125
34.53681945800781,-22.755035400390625,-230.94412231445312
33.98583984375,-22.45263671875,-230.61822509765625
33.873321533203125,-21.797943115234375,-230.41529846191406
33.98860168457031,-21.634613037109375,-230.4889678955078
33.41925048828125,-21.3211669921875,-230.06117248535156
33.52537536621094,-21.013153076171875,-229.70823669433594
33.25897216796875,-20.653121948242188,-229.61070251464844
33.073638916015625,-19.975555419921875,-228.84742736816406
33.04066467285156,-19.5025634765625,-228.8164520263672
32.66407775878906,-19.105377197265625,-228.41371154785156
32.52879333496094,-18.839157104492188,-227.84962463378906
32.66862487792969,-18.397781372070312,-228.0675048828125
32.6197509765625,-18.143310546875,-226.9181365966797
32.59136962890625,-17.728164672851562,-226.36032104492188
32.56463623046875,-17.241348266601562,-225.4965362548828
32.693389892578125,-17.368438720703125,-225.12286376953125
32.58270263671875,-15.95037841796875,-224.5738067626953
32.53434753417969,-16.166366577148438,-223.61041259765625
32.52520751953125,-15.510452270507812,-222.5849151611328
32.027679443359375,-15.003707885742188,-221.61619567871094
32.12705993652344,-14.347610473632812,-220.93429565429688
31.506393432617188,-13.826126098632812,-219.6870880126953
31.4073486328125,-13.135345458984375,-217.99412536621094
31.054519653320312,-12.511962890625,-216.56179809570312
30.501922607421875,-11.463714599609375,-215.223388671875
30.2528076171875,-10.392608642578125,-214.0183563232422
29.707427978515625,-8.692886352539062,-211.899658203125
28.050506591796875,-6.6853790283203125,-210.33872985839844
26.665756225585938,-4.4791717529296875,-208.5836639404297
25.334197998046875,-1.855621337890625,-207.20919799804688
23.863327026367188,0.5840301513671875,-206.41993713378906
22.010009765625,3.927947998046875,-204.7472381591797
20.301162719726562,6.8137664794921875,-203.6808319091797
18.783126831054688,10.623031616210938,-202.83616638183594
16.562301635742188,13.81866455078125,-202.394775390625
14.606231689453125,17.954879760742188,-202.22576904296875
12.375808715820312,21.718734741210938,-202.8816375732422
10.56927490234375,25.898056030273438,-203.75326538085938
8.401321411132812,29.774261474609375,-205.70700073242188
6.7021636962890625,33.86346435546875,-208.2998504638672
4.8497314453125,37.29100036621094,-211.25584411621094
3.25421142578125,40.73509216308594,-215.80946350097656
1.582672119140625,43.62214660644531,-220.28936767578125
0.1486358642578125,45.456634521484375,-226.65374755859375
-1.1783447265625,46.88346862792969,-233.0725555419922
-1.769012451171875,47.033843994140625,-239.1777801513672
-1.2862701416015625,46.7745361328125,-245.7962646484375
2.1356353759765625,46.74566650390625,-251.6712188720703
12.03387451171875,36.79737854003906,-253.92013549804688
4.21173095703125,31.527496337890625,-249.33351135253906
6.2550506591796875,31.064315795898438,-250.2689971923828
6.0960540771484375,31.12677001953125,-249.54737854003906
6.319854736328125,31.333526611328125,-249.80352783203125
6.47235107421875,31.508071899414062,-250.0566864013672
6.053375244140625,31.297775268554688,-250.12074279785156
6.3648681640625,31.489425659179688,-250.26795959472656
6.575714111328125,31.215286254882812,-249.75392150878906
7.064178466796875,31.280136108398438,-250.01266479492188
7.024017333984375,31.376678466796875,-250.4131622314453
6.8868408203125,31.285064697265625,-250.41033935546875
7.3662109375,31.51275634765625,-250.84246826171875
7.07025146484375,31.781539916992188,-250.42652893066406
7.1851654052734375,32.28117370605469,-250.0228729248047
6.7673492431640625,32.754730224609375,-250.09132385253906
6.6621551513671875,32.70208740234375,-249.7164764404297
6.623382568359375,33.73808288574219,-250.0545654296875
6.440673828125,33.38847351074219,-249.88217163085938
6.6117095947265625,33.42903137207031,-249.5158233642578
6.5523529052734375,33.72984313964844,-249.34901428222656
6.3424835205078125,33.3712158203125,-249.01866149902344
6.1919708251953125,33.35926818847656,-249.521728515625
6.483673095703125,33.44416809082031,-249.57029724121094
6.6683807373046875,33.33305358886719,-249.72923278808594
6.514251708984375,33.40159606933594,-249.3282470703125
6.1521759033203125,33.516845703125,-249.38214111328125
6.20098876953125,33.740081787109375,-249.39718627929688
5.8009796142578125,33.76899719238281,-249.3734588623047
4.9063568115234375,34.58839416503906,-248.8771514892578
5.1226348876953125,34.50917053222656,-249.0283203125
4.6400909423828125,35.01502990722656,-248.62911987304688
4.077972412109375,36.250518798828125,-247.94863891601562
3.89361572265625,36.54548645019531,-248.1041717529297
3.57427978515625,37.488372802734375,-248.521728515625
3.89459228515625,37.9254150390625,-247.7747039794922
3.542572021484375,38.53642272949219,-248.382080078125
3.3638458251953125,38.994384765625,-247.8881072998047
3.7002105712890625,39.61219787597656,-247.7939453125
3.8419342041015625,40.054656982421875,-247.5935516357422
3.21087646484375,40.579681396484375,-247.97955322265625
3.03997802734375,40.72712707519531,-247.76988220214844
3.041351318359375,40.67402648925781,-247.2501983642578
2.60687255859375,41.17973327636719,-247.72149658203125
2.121978759765625,41.57102966308594,-247.24105834960938
1.955413818359375,42.333770751953125,-246.95425415039062
1.32977294921875,42.948486328125,-246.69058227539062
0.97869873046875,43.84941101074219,-247.00469970703125
0.951568603515625,44.7406005859375,-246.66964721679688
0.74462890625,45.95280456542969,-247.1324462890625
0.348968505859375,46.7960205078125,-247.08303833007812
-0.1070404052734375,48.164215087890625,-247.016357421875
-0.4374847412109375,49.65858459472656,-246.28689575195312
-1.2290802001953125,50.78118896484375,-246.58291625976562
-2.2546539306640625,51.79205322265625,-246.70095825195312
-2.999359130859375,52.98152160644531,-246.8275604248047
-3.8541107177734375,54.14015197753906,-246.79803466796875
-4.5440521240234375,55.357208251953125,-246.7389678955078
-4.915618896484375,56.590118408203125,-247.2671661376953
-6.1472625732421875,58.04322814941406,-246.78013610839844
-6.660736083984375,59.3475341796875,-247.27317810058594
-7.128509521484375,60.10737609863281,-247.90357971191406
-8.144851684570312,61.63945007324219,-247.930419921875
-8.260848999023438,61.96900939941406,-248.29733276367188
-9.130050659179688,63.33488464355469,-248.78268432617188
-10.2159423828125,64.05632019042969,-248.552490234375
-10.969879150390625,64.94306945800781,-249.2321014404297
-11.811477661132812,65.55229187011719,-249.2379913330078
-12.665756225585938,65.63327026367188,-249.19735717773438
-13.292495727539062,66.62086486816406,-249.95547485351562
-14.110565185546875,67.16119384765625,-250.15673828125
-14.7000732421875,67.66926574707031,-250.4285888671875
-15.139450073242188,68.19345092773438,-250.88351440429688
-15.591690063476562,69.34039306640625,-251.4597930908203
-15.725936889648438,69.78285217285156,-251.7519073486328
-15.92303466796875,70.39935302734375,-252.19064331054688
-16.344284057617188,70.94392395019531,-252.8177947998047
-16.890899658203125,71.48017883300781,-252.88232421875
-17.283172607421875,71.87454223632812,-252.94020080566406
-17.678573608398438,72.05754089355469,-252.9369659423828
-18.207778930664062,72.49067687988281,-253.7172393798828
-18.106246948242188,73.01275634765625,-254.1451416015625
-18.351364135742188,73.20457458496094,-254.50936889648438
-18.677963256835938,73.63346862792969,-254.59945678710938
-19.063888549804688,73.80104064941406,-254.740478515625
-19.070770263671875,73.88648986816406,-255.20562744140625
-19.45849609375,74.19667053222656,-254.71194458007812
-19.274459838867188,74.37527465820312,-255.39781188964844
-19.501815795898438,74.64012145996094,-255.4820556640625
-19.884613037109375,74.73651123046875,-255.54437255859375
-19.97125244140625,74.70469665527344,-255.60130310058594
-20.237548828125,74.92776489257812,-255.76812744140625
-20.160751342773438,75.22349548339844,-255.85369873046875
-20.198394775390625,75.14268493652344,-256.0731201171875
-20.692230224609375,75.18438720703125,-256.0157775878906
-20.775772094726562,75.50129699707031,-255.97991943359375
-21.162887573242188,75.52348327636719,-256.308349609375
-21.330093383789062,75.58502197265625,-256.6860656738281
-21.612457275390625,75.97216796875,-256.581787109375
-21.75701904296875,75.63638305664062,-256.67974853515625
-21.829605102539062,76.08554077148438,-256.61016845703125
-22.129058837890625,75.97915649414062,-256.92706298828125
-22.305923461914062,76.6416015625,-256.85076904296875
-22.509689331054688,76.65910339355469,-257.4820861816406
-22.89813232421875,77.5545654296875,-257.92572021484375
-23.391220092773438,77.15339660644531,-258.0714111328125
-22.9248046875,77.287841796875,-258.25201416015625
-22.898635864257812,77.31236267089844,-258.048095703125
-23.050003051757812,77.20539855957031,-258.15582275390625
-23.328033447265625,77.26777648925781,-258.16094970703125
-23.049331665039062,77.1898193359375,-258.86370849609375
-23.139633178710938,76.97203063964844,-258.67071533203125
-23.431045532226562,77.04425048828125,-257.9801025390625
-23.312088012695312,77.15280151367188,-258.2903137207031
-23.307235717773438,76.92106628417969,-258.267822265625
-22.994918823242188,76.64501953125,-257.92962646484375
-23.10601806640625,76.29995727539062,-257.8986511230469
-22.989349365234375,76.02996826171875,-257.8082275390625
-22.568435668945312,76.34519958496094,-258.074951171875
-22.872360229492188,76.35719299316406,-257.6794738769531
-23.19403076171875,76.16152954101562,-257.1701354980469
-23.167572021484375,76.30282592773438,-257.2640380859375
-23.367889404296875,75.99674987792969,-257.49139404296875
-23.13287353515625,76.43418884277344,-257.42535400390625
-23.32794189453125,76.39234924316406,-257.72528076171875
-22.990921020507812,76.05982971191406,-257.48870849609375
-22.952346801757812,76.04817199707031,-257.78564453125
-23.119461059570312,76.60281372070312,-257.17645263671875
-23.050567626953125,76.44468688964844,-257.2233581542969
-22.985519409179688,76.59822082519531,-257.5155944824219
-23.112838745117188,76.25587463378906,-256.9447021484375
-23.023834228515625,76.62857055664062,-257.2834777832031
-23.294189453125,76.41423034667969,-257.265380859375
-23.217178344726562,76.27766418457031,-257.5390319824219
-23.29254150390625,76.10980224609375,-257.6847839355469
-23.350921630859375,75.97468566894531,-257.1376953125
-23.567550659179688,76.571533203125,-257.68817138671875
-23.442657470703125,76.27496337890625,-257.16619873046875
-23.29608154296875,76.24177551269531,-257.4241027832031
-23.2939453125,76.42979431152344,-257.5828857421875
-23.374893188476562,76.68397521972656,-257.58477783203125
-23.377548217773438,76.26565551757812,-257.17767333984375
-23.3272705078125,76.15130615234375,-257.29638671875
-23.161483764648438,76.25228881835938,-257.9873046875
-23.367172241210938,76.33210754394531,-257.760498046875
-23.208206176757812,76.44873046875,-258.17230224609375
-23.43255615234375,76.50868225097656,-257.64764404296875
-23.286453247070312,76.31459045410156,-257.6617431640625
-23.172622680664062,76.3509521484375,-258.082275390625
-23.346786499023438,76.52264404296875,-257.44598388671875
-23.33807373046875,76.23326110839844,-258.07708740234375
-23.550323486328125,76.13534545898438,-258.037353515625
-23.061660766601562,76.04637145996094,-257.8460693359375
-23.503204345703125,76.45005798339844,-257.6949462890625
-23.081924438476562,76.5054931640625,-257.67138671875
-23.106979370117188,76.5972900390625,-258.27734375
-22.958282470703125,76.44427490234375,-257.74871826171875
-23.255722045898438,76.24177551269531,-257.8840637207031
-22.8900146484375,76.60325622558594,-257.6606750488281
-23.081192016601562,76.31857299804688,-257.84454345703125
-23.090225219726562,76.51814270019531,-257.5960693359375
-22.731719970703125,76.32975769042969,-257.8728332519531
-22.95196533203125,76.24656677246094,-257.84271240234375
-23.153274536132812,76.52171325683594,-257.80108642578125
-23.107833862304688,76.17610168457031,-257.73944091796875
-23.332534790039062,76.37275695800781,-257.60418701171875
-23.503219604492188,76.33412170410156,-257.6365966796875
-23.299957275390625,76.38258361816406,-257.59375
-23.1949462890625,76.28291320800781,-258.0063171386719
-22.886566162109375,76.14100646972656,-257.8240966796875
-23.498336791992188,76.16326904296875,-257.5712585449219
-22.917938232421875,76.4447021484375,-257.62335205078125
-23.29620361328125,76.4112548828125,-257.7332763671875
-23.408294677734375,76.34512329101562,-258.02899169921875
-22.782684326171875,76.62277221679688,-257.9969482421875
-22.923416137695312,76.40534973144531,-257.55609130859375
-23.100173950195312,76.38209533691406,-258.0977478027344
-23.2362060546875,76.35627746582031,-257.543212890625
-23.33795166015625,76.00697326660156,-257.966064453125
-23.377593994140625,76.35780334472656,-257.4847412109375
-23.098617553710938,76.09060668945312,-257.598388671875
-23.366256713867188,76.508056640625,-257.6475830078125
-23.03985595703125,76.08395385742188,-257.6986999511719
-23.373321533203125,76.50492858886719,-257.90350341796875
-23.547210693359375,76.49421691894531,-257.57159423828125
-23.004119873046875,76.31474304199219,-257.76336669921875
-23.42108154296875,76.47328186035156,-257.9905700683594
-23.552474975585938,76.44865417480469,-257.98565673828125
-23.42034912109375,76.76454162597656,-257.9315185546875
-23.030517578125,76.62339782714844,-258.3778076171875
-23.161087036132812,76.77632141113281,-257.89385986328125
-23.2071533203125,76.41300964355469,-258.0196533203125
-23.037460327148438,76.07034301757812,-257.5640869140625
-23.203338623046875,76.15444946289062,-257.9455261230469
-23.531387329101562,76.41427612304688,-257.71942138671875
-23.342422485351562,76.66744995117188,-257.99493408203125
-23.51904296875,76.429931640625,-258.4011535644531
-23.18011474609375,76.51754760742188,-258.40875244140625
-23.073684692382812,76.75276184082031,-258.05377197265625
-23.510025024414062,76.69123840332031,-257.689697265625
-22.737472534179688,76.21609497070312,-257.46441650390625
-23.399383544921875,76.37113952636719,-258.14727783203125
-23.063125610351562,76.45967102050781,-258.21917724609375
-23.28179931640625,76.76133728027344,-257.9728698730469
-23.208877563476562,76.69398498535156,-257.8586730957031
-23.5450439453125,76.50982666015625,-257.850341796875
-23.32537841796875,76.15798950195312,-258.07562255859375
-23.229782104492188,76.23931884765625,-257.92169189453125
-23.375656127929688,76.74598693847656,-257.7041931152344
-23.206787109375,76.42759704589844,-257.925048828125
-23.15655517578125,76.64144897460938,-257.58648681640625
-22.88995361328125,76.64106750488281,-257.6763000488281
-22.724945068359375,76.55110168457031,-257.71820068359375
-23.171829223632812,76.36991882324219,-257.4953308105469
-23.166183471679688,76.51945495605469,-257.84014892578125
-23.100631713867188,76.46099853515625,-258.3030700683594
-23.06634521484375,76.88035583496094,-258.57525634765625
-23.005615234375,76.31607055664062,-258.3323669433594
-23.553802490234375,76.43949890136719,-258.3695373535156
-23.478302001953125,76.50149536132812,-258.40509033203125
-23.316619873046875,76.68452453613281,-258.2562255859375
-23.203857421875,76.58566284179688,-257.62335205078125
-23.13433837890625,76.55207824707031,-257.99365234375
-23.01495361328125,76.67219543457031,-257.7384033203125
-23.151290893554688,76.38363647460938,-257.88494873046875
-23.24176025390625,76.55238342285156,-258.29351806640625
-23.663482666015625,76.63967895507812,-257.61920166015625
-23.546966552734375,76.61070251464844,-257.9044494628906
-23.240219116210938,76.66972351074219,-257.9231872558594
-23.322799682617188,77.01742553710938,-258.1689758300781
-23.44293212890625,76.67633056640625,-257.4617004394531
-23.306869506835938,76.66996765136719,-258.46710205078125
-23.331939697265625,76.52915954589844,-257.8912353515625
-23.3863525390625,76.38619995117188,-257.7043151855469
-23.277114868164062,76.695556640625,-258.2457275390625
-23.393096923828125,76.47689819335938,-258.12261962890625
-23.308120727539062,76.55862426757812,-257.9952392578125
-23.502120971679688,76.37966918945312,-257.4217224121094
-23.321701049804688,76.71380615234375,-257.63360595703125
-23.400253295898438,76.81295776367188,-257.8941650390625
-23.584701538085938,76.78582763671875,-257.52264404296875
-23.477630615234375,76.53961181640625,-257.91839599609375
-23.377456665039062,76.5792236328125,-258.16412353515625
-23.401901245117188,76.62718200683594,-257.84100341796875
-23.426177978515625,76.74542236328125,-257.68646240234375
-23.208450317382812,76.32595825195312,-257.41534423828125
-23.04547119140625,76.466796875,-257.70037841796875
-23.310653686523438,76.73344421386719,-258.013671875
-23.23175048828125,76.46966552734375,-258.14642333984375
-23.743331909179688,76.26448059082031,-258.12213134765625
-23.594085693359375,76.31144714355469,-258.30865478515625
-23.3126220703125,76.46221923828125,-258.320068359375
-23.48876953125,76.40727233886719,-257.64923095703125
-23.5543212890625,76.39115905761719,-257.6337890625
-23.384674072265625,76.70066833496094,-258.09112548828125
-23.434890747070312,76.27685546875,-258.0310974121094
-23.125656127929688,76.2724609375,-258.1318359375
-23.37420654296875,76.68299865722656,-257.660888671875
-23.098724365234375,76.62008666992188,-257.658203125
-23.415237426757812,76.68226623535156,-257.996337890625
-23.075347900390625,76.77366638183594,-257.419921875
-22.84564208984375,76.73931884765625,-257.5662841796875
-22.822113037109375,76.73001098632812,-257.8172607421875
-22.590118408203125,76.46966552734375,-258.1683349609375
-22.704757690429688,76.39212036132812,-258.12628173828125
-22.925140380859375,76.48765563964844,-257.6817626953125
-22.580963134765625,76.63150024414062,-257.5778503417969
-23.167892456054688,76.69914245605469,-257.6470642089844
-22.622238159179688,76.75334167480469,-257.95416259765625
-22.932601928710938,76.53517150878906,-257.82080078125
-22.945053100585938,76.93966674804688,-257.947509765625
-23.04144287109375,76.92082214355469,-257.744873046875
-22.669189453125,76.71151733398438,-257.8658447265625
-22.180755615234375,76.84701538085938,-258.0615234375
-22.376754760742188,77.01214599609375,-258.08721923828125
-21.824981689453125,76.48468017578125,-257.98101806640625
-21.659347534179688,76.76148986816406,-257.91400146484375
-21.854248046875,76.66984558105469,-257.9336853027344
-21.491836547851562,77.16786193847656,-257.9208068847656
-21.156265258789062,76.71047973632812,-257.40716552734375
-21.237625122070312,76.95645141601562,-257.6126708984375
-20.606292724609375,76.8902587890625,-257.40777587890625
-20.132080078125,77.04512023925781,-257.24493408203125
-19.925430297851562,76.77117919921875,-257.23052978515625
-19.965713500976562,76.7039794921875,-256.93792724609375
-19.400680541992188,76.1455078125,-257.12347412109375
-19.491409301757812,75.87791442871094,-256.18817138671875
-18.95977783203125,75.21731567382812,-256.14056396484375
-18.480224609375,74.63742065429688,-255.0939483642578
-18.2667236328125,74.19268798828125,-254.61744689941406
-18.099105834960938,73.52432250976562,-254.5304718017578
-18.0855712890625,73.34619140625,-254.97317504882812
-18.082046508789062,73.51919555664062,-254.4755096435547
-17.933761596679688,73.73558044433594,-254.49432373046875
-17.7589111328125,73.99800109863281,-254.5055389404297
-17.815383911132812,74.19316101074219,-255.0626983642578
-17.810302734375,74.24726867675781,-255.06483459472656
-17.852828979492188,73.67242431640625,-255.03579711914062
-18.085205078125,73.45083618164062,-254.50962829589844
-17.756561279296875,73.07144165039062,-254.36106872558594
-17.5888671875,72.81852722167969,-254.08731079101562
-17.393936157226562,72.95506286621094,-253.97061157226562
-17.961395263671875,73.66685485839844,-252.88192749023438
-17.65997314453125,73.52731323242188,-253.02027893066406
-16.482925415039062,73.14421081542969,-252.45904541015625
-15.606887817382812,73.30216979980469,-252.3756561279297
-15.311386108398438,72.83856201171875,-252.14620971679688
-14.756927490234375,72.34768676757812,-252.03651428222656
-14.486587524414062,72.02615356445312,-251.4965362548828
-14.045608520507812,71.23649597167969,-251.00770568847656
-14.138931274414062,70.20783996582031,-250.70164489746094
-13.536300659179688,69.75262451171875,-250.15509033203125
-12.991958618164062,68.49308776855469,-249.93331909179688
-12.092758178710938,66.8701171875,-249.1331329345703
-11.565231323242188,66.00251770019531,-248.9069061279297
-10.332321166992188,64.62091064453125,-248.44329833984375
-8.991668701171875,63.10960388183594,-248.14874267578125
-8.025848388671875,61.56141662597656,-247.8972930908203
-7.1730499267578125,60.4403076171875,-247.17140197753906
-6.9278564453125,58.495330810546875,-246.28692626953125
-6.2648773193359375,56.79075622558594,-246.11317443847656
-6.2217864990234375,55.24137878417969,-245.78564453125
-6.2739105224609375,53.23091125488281,-245.857666015625
-5.78729248046875,51.974853515625,-245.71926879882812
-5.2266082763671875,49.475677490234375,-244.682861328125
-4.73565673828125,48.085968017578125,-245.45626831054688
-4.387054443359375,46.422698974609375,-245.67550659179688
-3.68475341796875,44.456451416015625,-245.59976196289062
-3.22833251953125,42.84397888183594,-246.0729522705078
-2.299530029296875,41.263763427734375,-246.07814025878906
-1.941558837890625,39.54119873046875,-246.44052124023438
-1.4962005615234375,38.15765380859375,-246.68470764160156
-0.8807220458984375,36.610015869140625,-246.89520263671875
-0.37518310546875,35.27777099609375,-247.13363647460938
0.349029541015625,33.355926513671875,-248.05455017089844
0.681365966796875,31.968856811523438,-248.61959838867188
1.0213623046875,30.776443481445312,-248.9066925048828
1.5294952392578125,28.830184936523438,-249.5198974609375
1.4754486083984375,27.468536376953125,-250.3850555419922
1.7149200439453125,26.257080078125,-251.35122680664062
1.8759918212890625,24.823104858398438,-251.52542114257812
2.2482757568359375,23.42266845703125,-252.1051025390625
2.3829345703125,22.744216918945312,-252.4205322265625
2.727783203125,21.786636352539062,-253.38040161132812
2.7884979248046875,20.152801513671875,-253.86647033691406
3.2087249755859375,19.450347900390625,-254.5992431640625
3.559356689453125,18.637298583984375,-255.09913635253906
3.8873138427734375,17.762847900390625,-256.00347900390625
3.8256683349609375,16.929244995117188,-256.8431396484375
4.517547607421875,16.236160278320312,-257.40008544921875
4.4092864990234375,15.423919677734375,-257.21270751953125
4.4794158935546875,14.979339599609375,-258.1052551269531
4.749755859375,14.336563110351562,-258.693359375
4.6418304443359375,13.700363159179688,-259.16650390625
4.6705474853515625,13.2965087890625,-259.4049072265625
4.4170074462890625,13.043167114257812,-260.330322265625
5.2608642578125,12.726211547851562,-260.84869384765625
5.1524505615234375,12.244644165039062,-261.06207275390625
4.7496337890625,11.841567993164062,-261.311767578125
4.99896240234375,11.668655395507812,-261.927001953125
4.7943267822265625,11.358001708984375,-261.5059814453125
4.6687774658203125,11.029098510742188,-262.10107421875
4.714263916015625,10.712814331054688,-262.24554443359375
4.54962158203125,10.116195678710938,-262.38818359375
4.2579498291015625,10.496047973632812,-262.87261962890625
2.1873931884765625,12.2044677734375,-261.6668701171875
1.2030792236328125,13.143020629882812,-261.99163818359375
0.1775665283203125,14.309127807617188,-261.6473388671875
-1.19122314453125,15.700698852539062,-260.92901611328125
-2.5910491943359375,17.049911499023438,-260.7070617675781
2.838653564453125,12.1827392578125,-260.69384765625
13.20263671875,-4.532806396484375,-260.1768493652344
8.338058471679688,-1.13916015625,-257.9867248535156
6.2734375,2.1416778564453125,-255.06312561035156
7.9484100341796875,-0.145843505859375,-253.37477111816406
16.7291259765625,-18.471710205078125,-254.1768035888672
34.46647644042969,-43.55339050292969,-254.362548828125
41.15937805175781,-49.35231018066406,-252.68484497070312
37.281158447265625,-44.198333740234375,-249.30105590820312
34.3126220703125,-40.52558898925781,-246.76585388183594
32.34800720214844,-39.80352783203125,-245.0123291015625
32.38255310058594,-40.39299011230469,-243.5585479736328
31.9031982421875,-41.05302429199219,-242.75991821289062
31.959503173828125,-41.68113708496094,-242.024169921875
31.619140625,-42.0029296875,-241.32472229003906
31.57525634765625,-41.93208312988281,-241.06002807617188
31.77191162109375,-42.18647766113281,-241.04039001464844
31.921279907226562,-42.23490905761719,-240.454345703125
31.455581665039062,-42.403228759765625,-239.5671844482422
31.684097290039062,-42.02909851074219,-239.81195068359375
31.72955322265625,-41.22511291503906,-239.3197784423828
31.734420776367188,-41.14823913574219,-239.40907287597656
30.944931030273438,-41.09040832519531,-238.6445770263672
30.875137329101562,-40.344268798828125,-237.965087890625
31.141006469726562,-40.30589294433594,-237.72532653808594
30.833511352539062,-39.622955322265625,-236.71942138671875
30.502090454101562,-39.108551025390625,-236.64752197265625
30.607177734375,-38.70375061035156,-236.3682098388672
30.085372924804688,-38.535919189453125,-235.6897735595703
29.902267456054688,-37.927215576171875,-235.3898162841797
29.468063354492188,-37.651031494140625,-235.4683074951172
29.173141479492188,-37.32080078125,-234.69216918945312
29.241363525390625,-36.73014831542969,-234.94239807128906
28.86895751953125,-36.71063232421875,-234.41722106933594
29.354263305664062,-36.06507873535156,-234.38165283203125
29.36334228515625,-36.00874328613281,-234.19406127929688
29.280044555664062,-35.708221435546875,-233.35203552246094
29.2012939453125,-34.64427185058594,-233.0063934326172
29.48046875,-34.0614013671875,-232.2246856689453
29.60540771484375,-33.76837158203125,-232.2912139892578
29.495880126953125,-33.27861022949219,-231.81044006347656
29.517868041992188,-32.49800109863281,-231.97544860839844
29.640167236328125,-32.139739990234375,-231.32574462890625
29.520416259765625,-31.193008422851562,-231.27207946777344
29.4722900390625,-30.568115234375,-231.29733276367188
29.113616943359375,-29.92816162109375,-230.57699584960938
29.044342041015625,-29.311279296875,-230.19305419921875
28.946334838867188,-27.950759887695312,-229.77139282226562
28.389511108398438,-27.165435791015625,-228.9799041748047
28.182693481445312,-26.491653442382812,-228.4480743408203
28.393875122070312,-25.429946899414062,-228.7855987548828
28.503982543945312,-24.399765014648438,-228.54066467285156
28.0087890625,-23.50775146484375,-228.1173095703125
27.89581298828125,-22.712249755859375,-227.77069091796875
28.237258911132812,-21.697601318359375,-227.62277221679688
28.134521484375,-20.675933837890625,-227.16261291503906
28.00579833984375,-19.710968017578125,-226.701416015625
27.821502685546875,-18.658477783203125,-226.5504150390625
27.3907470703125,-17.402359008789062,-226.5915069580078
27.326522827148438,-16.496963500976562,-226.21209716796875
26.829086303710938,-15.302474975585938,-226.07200622558594
26.90460205078125,-13.959014892578125,-225.54220581054688
26.311477661132812,-12.617141723632812,-225.49627685546875
26.082260131835938,-11.569229125976562,-225.68043518066406
25.913970947265625,-10.09320068359375,-225.72227478027344
25.5565185546875,-9.301406860351562,-224.9626007080078
25.365310668945312,-8.060150146484375,-225.48529052734375
25.203353881835938,-6.95306396484375,-225.18174743652344
24.70166015625,-5.3729400634765625,-225.45179748535156
24.347549438476562,-4.3321685791015625,-225.48263549804688
24.289581298828125,-2.509735107421875,-226.24942016601562
23.453567504882812,-1.260955810546875,-225.48130798339844
23.330032348632812,-0.173797607421875,-226.60354614257812
23.065216064453125,1.3542633056640625,-226.61550903320312
22.982101440429688,2.5045318603515625,-226.5948486328125
21.951187133789062,4.0439300537109375,-226.79495239257812
21.4403076171875,4.9695281982421875,-227.10301208496094
21.006271362304688,6.625762939453125,-227.17532348632812
20.5048828125,8.020034790039062,-228.10179138183594
19.99554443359375,9.2095947265625,-228.4416046142578
18.885513305664062,10.561141967773438,-228.73623657226562
18.795608520507812,11.988601684570312,-229.64488220214844
18.510299682617188,13.311477661132812,-230.5059356689453
17.708511352539062,14.036407470703125,-230.8946533203125
17.531570434570312,14.924209594726562,-231.3914794921875
17.159454345703125,15.92706298828125,-231.7274932861328
16.61956787109375,16.701828002929688,-232.53964233398438
16.459152221679688,17.745193481445312,-232.85391235351562
16.106582641601562,18.271011352539062,-233.183349609375
15.910171508789062,19.531509399414062,-233.51170349121094
16.01953125,20.254058837890625,-234.4913330078125
16.132415771484375,20.892807006835938,-234.47723388671875
15.692703247070312,21.463119506835938,-235.2276153564453
15.50421142578125,21.779586791992188,-235.55050659179688
15.315353393554688,22.643280029296875,-236.23117065429688
15.400634765625,22.634811401367188,-236.528076171875
14.898605346679688,23.279006958007812,-236.7056121826172
15.288803100585938,23.324172973632812,-237.17149353027344
14.882583618164062,23.788345336914062,-237.27513122558594
14.828338623046875,24.127304077148438,-236.84954833984375
14.74078369140625,24.114028930664062,-237.7323455810547
14.234375,24.394515991210938,-238.1052703857422
14.511077880859375,24.447372436523438,-238.05337524414062
13.978103637695312,24.720809936523438,-238.5468292236328
13.66693115234375,24.928573608398438,-238.5647735595703
13.586395263671875,25.3421630859375,-238.69467163085938
13.281646728515625,25.5057373046875,-238.97523498535156
13.334030151367188,25.738311767578125,-238.90232849121094
12.322036743164062,25.38677978515625,-239.17626953125
12.787796020507812,25.457916259765625,-238.8704833984375
12.612167358398438,25.127395629882812,-238.54953002929688
12.926177978515625,24.981948852539062,-238.5285186767578
12.037857055664062,24.979522705078125,-238.38893127441406
12.266159057617188,24.94775390625,-238.34645080566406
11.933700561523438,24.896743774414062,-237.8626251220703
11.676727294921875,24.968017578125,-238.23570251464844
11.4901123046875,24.917678833007812,-238.60836791992188
11.497650146484375,24.871170043945312,-238.5186004638672
11.79541015625,25.081771850585938,-238.0757293701172
11.303512573242188,25.026031494140625,-238.62852478027344
10.937225341796875,25.329757690429688,-238.81068420410156
10.620162963867188,25.470260620117188,-238.3450927734375
10.317535400390625,25.0675048828125,-239.34410095214844
10.179580688476562,25.14544677734375,-238.53988647460938
9.604461669921875,24.925064086914062,-238.90643310546875
9.487030029296875,24.787307739257812,-238.3895721435547
9.107101440429688,24.7939453125,-238.64773559570312
9.15673828125,24.531890869140625,-237.7028045654297
8.639068603515625,24.628372192382812,-238.0885467529297
8.49383544921875,24.0933837890625,-237.8250274658203
8.222061157226562,23.585662841796875,-237.50999450683594
8.188934326171875,23.781173706054688,-237.20108032226562
7.0783233642578125,23.678115844726562,-237.51266479492188
6.2896728515625,23.62896728515625,-237.65090942382812
6.6964874267578125,23.111953735351562,-237.27003479003906
6.1983489990234375,22.931350708007812,-237.1461944580078
6.1143798828125,22.547653198242188,-236.49734497070312
6.07659912109375,22.399703979492188,-236.413818359375
6.018463134765625,21.920013427734375,-235.97801208496094
5.9394989013671875,21.361251831054688,-236.0004119873047
5.719573974609375,21.3662109375,-235.265625
5.7300872802734375,21.001907348632812,-235.56732177734375
5.7415313720703125,21.185043334960938,-235.7135009765625
5.8657684326171875,21.14385986328125,-235.17291259765625
5.7537994384765625,21.378250122070312,-234.9688720703125
5.7036895751953125,21.607696533203125,-235.5665740966797
5.3451080322265625,21.7872314453125,-235.80938720703125
5.6807861328125,22.480926513671875,-236.2853240966797
5.5244598388671875,22.885009765625,-236.84780883789062
5.195587158203125,23.557815551757812,-237.7792510986328
5.4053802490234375,23.59002685546875,-237.3109893798828
5.3544769287109375,23.942825317382812,-237.75758361816406
6.0523834228515625,23.56201171875,-237.40060424804688
6.1305389404296875,23.509353637695312,-237.40060424804688
6.4292449951171875,23.452239990234375,-237.74574279785156
6.874542236328125,23.2774658203125,-237.8782501220703
7.2612457275390625,23.676910400390625,-237.80734252929688
7.3446197509765625,23.64434814453125,-237.58290100097656
7.4232635498046875,23.562606811523438,-237.63717651367188
7.83984375,23.628890991210938,-237.40533447265625
7.6899871826171875,23.698654174804688,-237.30279541015625
7.5108642578125,23.703399658203125,-236.99488830566406
7.2836456298828125,23.808563232421875,-237.12294006347656
7.0416717529296875,23.68603515625,-237.40298461914062
7.5648040771484375,23.448593139648438,-237.6067657470703
7.012420654296875,23.655471801757812,-237.767333984375
7.1299591064453125,23.700515747070312,-237.54989624023438
6.8896636962890625,23.490631103515625,-237.5720672607422
6.746337890625,23.678970336914062,-237.78404235839844
6.506011962890625,23.29522705078125,-237.64598083496094
6.66448974609375,23.397705078125,-237.644287109375
6.4662628173828125,23.680938720703125,-237.48590087890625
6.4511871337890625,23.40155029296875,-237.3655548095703
7.056610107421875,23.78460693359375,-237.50523376464844
6.9185943603515625,23.727951049804688,-237.57412719726562
7.0582275390625,23.325057983398438,-237.53831481933594
7.15655517578125,23.420822143554688,-237.54615783691406
7.528228759765625,23.686492919921875,-238.0642547607422
7.312896728515625,23.531890869140625,-237.4080047607422
7.7039337158203125,23.69061279296875,-237.3375701904297
7.576202392578125,23.704788208007812,-237.64321899414062
7.6090240478515625,23.634841918945312,-237.84234619140625
7.4092864990234375,23.96331787109375,-237.83700561523438
7.03076171875,23.755950927734375,-237.60267639160156
7.55426025390625,23.554153442382812,-237.5869903564453
7.1767120361328125,23.796051025390625,-237.3576202392578
7.17291259765625,23.866867065429688,-238.05087280273438
7.033905029296875,23.718536376953125,-237.7343292236328
7.4014434814453125,23.553619384765625,-237.45416259765625
7.2919464111328125,23.588577270507812,-237.5452880859375
7.5071258544921875,23.662155151367188,-237.21136474609375
7.52032470703125,23.230514526367188,-237.63009643554688
7.766387939453125,23.214248657226562,-237.36480712890625
7.3773345947265625,23.399139404296875,-237.56346130371094
7.5460662841796875,23.351287841796875,-237.47747802734375
7.3853302001953125,23.573028564453125,-237.42193603515625
7.3715667724609375,23.6463623046875,-237.6385040283203
7.3613433837890625,23.670623779296875,-237.54652404785156
7.42254638671875,23.517303466796875,-238.10243225097656
7.0922393798828125,23.4422607421875,-237.7469482421875
7.3262481689453125,23.75933837890625,-237.81996154785156
7.8530426025390625,23.560440063476562,-237.78244018554688
7.5231475830078125,23.41741943359375,-238.04986572265625
7.552703857421875,23.694107055664062,-238.037841796875
7.494110107421875,23.615951538085938,-238.17764282226562
7.505401611328125,23.651718139648438,-237.743408203125
7.6725311279296875,23.563232421875,-237.7205352783203
7.3525543212890625,23.748611450195312,-237.48739624023438
7.6775360107421875,23.664810180664062,-238.06178283691406
7.466278076171875,23.596237182617188,-237.71041870117188
7.5859222412109375,23.731414794921875,-237.59768676757812
7.4686737060546875,23.645431518554688,-237.79489135742188
7.5023651123046875,23.7989501953125,-237.3918914794922
7.4550323486328125,23.3682861328125,-238.1038818359375
7.1359710693359375,23.780731201171875,-237.91665649414062
7.4136810302734375,23.417266845703125,-237.6988525390625
7.308929443359375,23.56719970703125,-237.86856079101562
7.290740966796875,23.692611694335938,-237.84523010253906
7.4059600830078125,23.533187866210938,-237.74684143066406
7.38092041015625,23.954544067382812,-237.7609405517578
7.5430450439453125,23.623855590820312,-237.58786010742188
7.4204254150390625,23.72296142578125,-237.48536682128906
7.0953826904296875,23.714035034179688,-237.251953125
7.02301025390625,23.498184204101562,-238.24652099609375
7.3214263916015625,23.396224975585938,-237.64234924316406
7.2198333740234375,23.732711791992188,-237.62222290039062
7.499603271484375,23.552490234375,-237.77255249023438
7.4189300537109375,23.530517578125,-237.88363647460938
7.4623870849609375,23.498748779296875,-237.16957092285156
7.5895233154296875,23.666122436523438,-237.90771484375
7.2675628662109375,23.583633422851562,-237.94581604003906
7.5836334228515625,23.40814208984375,-237.81175231933594
7.8700408935546875,23.381057739257812,-237.66783142089844
7.19097900390625,23.585433959960938,-237.6289520263672
7.7657012939453125,23.464340209960938,-237.94898986816406
7.7365570068359375,23.5556640625,-237.91293334960938
7.692169189453125,23.567169189453125,-237.80882263183594
7.5701751708984375,23.51239013671875,-237.72329711914062
7.3560028076171875,23.400115966796875,-237.79090881347656
7.6298370361328125,23.318740844726562,-238.09437561035156
7.7053375244140625,23.402099609375,-237.79220581054688
7.62359619140625,23.822708129882812,-237.2724151611328
7.467681884765625,23.746017456054688,-237.60562133789062
7.59478759765625,23.5960693359375,-237.80014038085938
7.679290771484375,23.688385009765625,-238.03192138671875
7.51043701171875,23.398971557617188,-237.3208465576172
7.3545379638671875,23.548812866210938,-237.43885803222656
7.5593719482421875,23.819976806640625,-237.63055419921875
7.43878173828125,23.789810180664062,-237.8305206298828
7.5136566162109375,23.613174438476562,-237.35107421875
7.84423828125,23.827178955078125,-237.65072631835938
7.4521636962890625,23.592041015625,-237.4084930419922
7.437835693359375,23.610809326171875,-237.24925231933594
7.556671142578125,23.462554931640625,-237.78857421875
7.7926177978515625,23.622573852539062,-237.75299072265625
7.6689300537109375,23.943496704101562,-237.84698486328125
7.6225128173828125,23.69012451171875,-238.11036682128906
7.524810791015625,23.424774169921875,-237.71388244628906
7.7754364013671875,23.881668090820312,-237.73851013183594
7.4441986083984375,23.938949584960938,-237.94479370117188
7.31683349609375,23.689132690429688,-238.3221435546875
7.4458465576171875,23.486846923828125,-237.7274932861328
7.6758575439453125,23.44293212890625,-238.4402618408203
7.266510009765625,23.701171875,-238.09169006347656
7.57452392578125,23.552764892578125,-237.76849365234375
7.4169464111328125,23.791748046875,-237.93548583984375
7.4403533935546875,23.61016845703125,-237.97662353515625
7.3724365234375,23.768325805664062,-237.78172302246094
6.995208740234375,23.50958251953125,-237.2894744873047
7.3549957275390625,23.943191528320312,-237.40667724609375
7.46783447265625,23.642379760742188,-237.69842529296875
7.4006805419921875,23.687469482421875,-237.3994140625
7.1426849365234375,23.638473510742188,-237.58615112304688
7.522064208984375,24.093902587890625,-238.1129913330078
7.2024383544921875,23.72369384765625,-238.29315185546875
7.461669921875,23.580230712890625,-237.5907440185547
7.3291778564453125,23.907058715820312,-237.7458038330078
7.3625335693359375,23.616470336914062,-237.104248046875
7.298248291015625,23.377700805664062,-237.9523162841797
7.0000762939453125,23.5826416015625,-238.06028747558594
7.431365966796875,23.612258911132812,-237.7659149169922
7.5815887451171875,23.61962890625,-238.08380126953125
7.3617095947265625,23.259780883789062,-238.09320068359375
7.520660400390625,23.289962768554688,-237.55465698242188
7.3493499755859375,23.181655883789062,-238.04150390625
6.9965057373046875,23.607498168945312,-237.83026123046875
7.2435302734375,23.621292114257812,-237.62899780273438
7.3465576171875,23.743255615234375,-237.62890625
7.382080078125,23.568435668945312,-237.60305786132812
7.438690185546875,23.431121826171875,-237.95864868164062
7.781219482421875,23.341705322265625,-237.72671508789062
7.3849639892578125,23.38348388671875,-237.7440948486328
7.5084991455078125,23.640914916992188,-237.44065856933594
7.164825439453125,23.26251220703125,-237.22679138183594
7.5757904052734375,23.311752319335938,-237.79884338378906
7.8589324951171875,23.581298828125,-238.146240234375
7.73486328125,23.694778442382812,-237.2659149169922
7.7005462646484375,23.388595581054688,-238.0083465576172
7.530487060546875,23.385848999023438,-238.45584106445312
7.1639556884765625,23.3729248046875,-237.6930694580078
7.7050628662109375,23.16546630859375,-238.1030731201172
7.21142578125,23.40960693359375,-237.9929962158203
7.06610107421875,23.459136962890625,-237.18360900878906
7.26025390625,23.290374755859375,-237.9344482421875
7.4323577880859375,23.148239135742188,-237.76126098632812
7.4989166259765625,23.608963012695312,-237.95350646972656
7.6268310546875,23.215591430664062,-237.9858856201172
7.5034027099609375,23.308441162109375,-237.8876495361328
7.4283294677734375,23.390411376953125,-238.11793518066406
8.010299682617188,23.165847778320312,-237.88377380371094
7.8441925048828125,23.556076049804688,-237.49388122558594
7.901336669921875,23.621505737304688,-237.78433227539062
8.217742919921875,23.772369384765625,-237.8568878173828
8.3421630859375,23.389556884765625,-237.91078186035156
8.428421020507812,23.516616821289062,-237.7830047607422
8.845626831054688,23.631118774414062,-238.60679626464844
8.797271728515625,23.437103271484375,-238.0933380126953
9.07672119140625,23.657241821289062,-237.6844482421875
9.4798583984375,23.659454345703125,-238.26861572265625
9.397125244140625,23.709014892578125,-237.7935333251953
9.338363647460938,23.786651611328125,-237.6877899169922
9.65020751953125,23.890426635742188,-238.0212860107422
9.656448364257812,23.845108032226562,-238.19253540039062
9.89410400390625,23.651336669921875,-237.78948974609375
9.913955688476562,23.963943481445312,-237.6048583984375
10.307113647460938,24.118515014648438,-237.26007080078125
10.42169189453125,23.850753784179688,-238.00173950195312
10.459548950195312,23.993118286132812,-237.45266723632812
10.371734619140625,23.964187622070312,-237.4787139892578
10.642532348632812,23.974273681640625,-237.54714965820312
10.805389404296875,23.772918701171875,-237.15476989746094
10.687454223632812,23.833114624023438,-237.10543823242188
11.138458251953125,23.828598022460938,-236.80043029785156
11.052566528320312,24.130096435546875,-237.016357421875
11.17388916015625,24.071334838867188,-237.2238006591797
10.727890014648438,23.859176635742188,-237.59481811523438
10.894607543945312,23.94329833984375,-238.06344604492188
10.178237915039062,24.079360961914062,-237.55810546875
9.792922973632812,24.250442504882812,-237.08554077148438
9.45562744140625,24.016510009765625,-237.31283569335938
9.576553344726562,24.002944946289062,-237.41941833496094
9.133087158203125,24.07977294921875,-237.23269653320312
9.0556640625,24.37750244140625,-237.70262145996094
8.809356689453125,24.309051513671875,-237.7639617919922
9.115692138671875,24.569381713867188,-237.69920349121094
9.748275756835938,24.388336181640625,-237.89158630371094
10.006729125976562,24.245025634765625,-237.14756774902344
10.241546630859375,23.711517333984375,-237.13674926757812
10.901763916015625,23.655746459960938,-237.15028381347656
11.312210083007812,22.91510009765625,-236.54666137695312
11.994949340820312,22.774627685546875,-235.51409912109375
12.49969482421875,21.586883544921875,-234.76617431640625
13.182632446289062,20.703567504882812,-233.921142578125
14.05950927734375,19.341171264648438,-233.26377868652344
15.268463134765625,18.415634155273438,-232.2784423828125
16.257965087890625,17.469253540039062,-231.7935028076172
17.089889526367188,15.912124633789062,-230.85458374023438
17.786056518554688,14.84832763671875,-230.05662536621094
19.26788330078125,13.055496215820312,-229.64915466308594
19.832046508789062,11.684814453125,-229.08544921875
20.823944091796875,9.934661865234375,-228.0896453857422
21.888458251953125,8.45611572265625,-227.06692504882812
22.969833374023438,6.1948394775390625,-226.60366821289062
23.776199340820312,3.98529052734375,-226.23802185058594
24.982666015625,2.1377716064453125,-226.02317810058594
26.57708740234375,0.310882568359375,-226.32781982421875
27.627960205078125,-1.940155029296875,-226.1240234375
28.586257934570312,-3.6900482177734375,-225.93264770507812
29.701446533203125,-5.9644012451171875,-226.2460479736328
30.6290283203125,-7.7365570068359375,-225.56434631347656
31.209915161132812,-9.363922119140625,-226.33380126953125
32.16925048828125,-11.045883178710938,-226.69607543945312
33.053955078125,-12.24945068359375,-227.0542755126953
33.50529479980469,-13.85516357421875,-227.18177795410156
34.02296447753906,-15.481491088867188,-228.00535583496094
34.98103332519531,-17.162506103515625,-228.0677490234375
35.35723876953125,-18.637557983398438,-228.1302490234375
35.744384765625,-19.921493530273438,-229.24716186523438
36.440399169921875,-21.163818359375,-229.57872009277344
36.33538818359375,-22.263687133789062,-230.0916748046875
36.51873779296875,-23.378326416015625,-230.62342834472656
37.16828918457031,-24.534408569335938,-231.2970733642578
36.52911376953125,-25.263046264648438,-231.4111328125
37.137237548828125,-26.117889404296875,-231.43260192871094
36.67243957519531,-26.963485717773438,-232.08946228027344
36.53242492675781,-27.358978271484375,-232.51832580566406
36.825164794921875,-27.922531127929688,-232.4976348876953
36.41448974609375,-28.59619140625,-232.361083984375
36.420440673828125,-28.720367431640625,-232.34823608398438
36.45893859863281,-29.013565063476562,-232.6112518310547
36.17384338378906,-29.3084716796875,-232.48800659179688
35.92286682128906,-29.389190673828125,-232.15228271484375
35.246124267578125,-29.849746704101562,-232.0635528564453
35.48907470703125,-29.960494995117188,-232.2815399169922
35.363006591796875,-29.994171142578125,-232.90704345703125
35.11749267578125,-29.976287841796875,-232.66775512695312
35.28260803222656,-30.517166137695312,-232.47335815429688
34.93431091308594,-30.789779663085938,-232.70384216308594
35.25117492675781,-30.637100219726562,-232.2433624267578
35.35516357421875,-30.773147583007812,-233.31434631347656
35.57133483886719,-30.887954711914062,-233.58535766601562
36.00614929199219,-31.26446533203125,-233.50128173828125
36.44012451171875,-31.20623779296875,-234.0769500732422
36.87139892578125,-31.396987915039062,-233.88674926757812
37.0191650390625,-31.701019287109375,-234.2152557373047
36.98643493652344,-31.30670166015625,-234.1187744140625
37.176666259765625,-31.402236938476562,-234.72108459472656
37.14924621582031,-31.256149291992188,-234.47935485839844
37.59283447265625,-30.891006469726562,-235.0323028564453
37.9920654296875,-31.100906372070312,-234.8131561279297
38.00993347167969,-31.010955810546875,-235.07510375976562
38.39306640625,-30.779510498046875,-235.5322723388672
38.48652648925781,-30.4864501953125,-235.635986328125
38.68086242675781,-30.518753051757812,-235.5071258544922
39.080810546875,-30.488388061523438,-235.8964080810547
39.84651184082031,-30.429672241210938,-235.59152221679688
40.41313171386719,-30.49139404296875,-236.3025665283203
40.527679443359375,-30.072174072265625,-236.46958923339844
40.48150634765625,-30.148681640625,-236.53208923339844
40.68656921386719,-29.77398681640625,-236.3628387451172
40.60862731933594,-29.429229736328125,-236.0937957763672
40.66545104980469,-29.430419921875,-236.54010009765625
41.021209716796875,-29.015060424804688,-236.90786743164062
41.139617919921875,-28.8778076171875,-236.9709014892578
41.008056640625,-28.9764404296875,-236.9407196044922
40.96519470214844,-28.524444580078125,-237.03799438476562
40.72196960449219,-28.304367065429688,-237.445068359375
40.76570129394531,-28.332473754882812,-236.3780517578125
40.72685241699219,-28.078338623046875,-236.6840362548828
40.63677978515625,-27.522323608398438,-236.08340454101562
40.428802490234375,-27.549713134765625,-236.4598388671875
40.717071533203125,-27.47613525390625,-235.97647094726562
40.440216064453125,-26.987945556640625,-236.02850341796875
40.22383117675781,-27.13494873046875,-235.85928344726562
40.09620666503906,-26.832366943359375,-236.02548217773438
39.73094177246094,-26.5478515625,-235.5478515625
39.87376403808594,-26.167037963867188,-235.7069091796875
39.74971008300781,-26.056930541992188,-235.41184997558594
39.92205810546875,-25.322784423828125,-235.02764892578125
39.91712951660156,-25.379257202148438,-235.17640686035156
39.52946472167969,-25.041000366210938,-234.96099853515625
39.74952697753906,-24.203964233398438,-234.04058837890625
39.89619445800781,-23.975143432617188,-233.9165496826172
39.49458312988281,-24.033721923828125,-233.05487060546875
39.54541015625,-23.470138549804688,-232.6184539794922
39.391998291015625,-23.475570678710938,-232.41412353515625
39.086212158203125,-23.011993408203125,-231.5908203125
39.34251403808594,-22.095596313476562,-231.1421661376953
39.02354431152344,-21.44207763671875,-229.86666870117188
38.74922180175781,-21.167831420898438,-229.31884765625
38.9278564453125,-20.850616455078125,-228.52037048339844
38.48893737792969,-19.990402221679688,-227.87783813476562
38.75828552246094,-19.195556640625,-226.5518341064453
38.58427429199219,-18.762557983398438,-225.8031005859375
38.34202575683594,-17.7550048828125,-224.51625061035156
37.92424011230469,-16.934539794921875,-223.1429443359375
37.25947570800781,-15.758743286132812,-221.67367553710938
36.73052978515625,-14.545181274414062,-220.86839294433594
35.95068359375,-12.96917724609375,-219.2459716796875
35.692108154296875,-11.927490234375,-217.66526794433594
35.03550720214844,-10.248123168945312,-217.13299560546875
34.190338134765625,-8.680633544921875,-214.87742614746094
33.67207336425781,-6.6290130615234375,-213.80252075195312
32.253570556640625,-4.401824951171875,-213.20968627929688
31.420730590820312,-2.465240478515625,-212.42678833007812
30.173629760742188,0.1373748779296875,-212.09886169433594
28.38262939453125,3.3124237060546875,-211.9823760986328
26.697341918945312,6.377960205078125,-213.22891235351562
25.104736328125,9.46923828125,-213.9660186767578
22.807861328125,12.643768310546875,-216.53216552734375
21.26202392578125,15.913726806640625,-219.34967041015625
19.719482421875,17.8533935546875,-223.14352416992188
18.618606567382812,19.444778442382812,-227.36402893066406
18.2864990234375,19.296066284179688,-232.22703552246094
18.811920166015625,18.632171630859375,-237.5686798095703
19.680679321289062,16.5927734375,-243.3885955810547
20.475860595703125,15.763290405273438,-249.23715209960938
15.369491577148438,23.056228637695312,-256.4884338378906
15.88421630859375,22.378738403320312,-256.4201965332031
15.574905395507812,22.7930908203125,-256.00390625
14.942855834960938,22.520751953125,-256.0584716796875
15.31268310546875,22.797683715820312,-256.120361328125
15.004257202148438,22.568801879882812,-256.3051452636719
15.31292724609375,22.763107299804688,-256.15655517578125
15.4002685546875,22.434555053710938,-256.4126281738281
15.39739990234375,22.330856323242188,-256.6954650878906
15.32611083984375,22.534423828125,-256.4854736328125
15.617446899414062,22.707382202148438,-256.1451416015625
15.651275634765625,22.888717651367188,-256.44329833984375
15.463851928710938,23.057205200195312,-256.5849304199219
15.503677368164062,23.00390625,-256.5169677734375
15.08062744140625,23.5284423828125,-256.39337158203125
15.317153930664062,23.86474609375,-256.0997314453125
15.017654418945312,24.0118408203125,-255.41741943359375
15.1507568359375,24.426971435546875,-255.68917846679688
15.05865478515625,24.962890625,-255.30787658691406
15.012100219726562,24.555740356445312,-255.55654907226562
14.716659545898438,24.50946044921875,-255.1914520263672
14.842666625976562,24.275405883789062,-255.5673828125
14.81561279296875,24.015090942382812,-255.48809814453125
14.9537353515625,24.26043701171875,-255.1233367919922
14.313674926757812,23.977874755859375,-255.631103515625
14.552703857421875,24.050033569335938,-255.28123474121094
14.096435546875,24.186080932617188,-254.8344268798828
13.5374755859375,24.132369995117188,-254.68447875976562
13.544998168945312,24.261001586914062,-254.6505126953125
13.448333740234375,24.486328125,-254.45872497558594
12.992324829101562,25.186264038085938,-254.086669921875
13.26885986328125,24.964675903320312,-254.20172119140625
13.001373291015625,25.734649658203125,-253.36788940429688
11.747451782226562,26.662002563476562,-253.2318878173828
11.131607055664062,27.534454345703125,-252.4541473388672
10.984344482421875,28.431320190429688,-252.51695251464844
10.475494384765625,29.212677001953125,-252.01583862304688
10.251693725585938,30.119842529296875,-252.1312713623047
10.560531616210938,31.3370361328125,-252.0031280517578
10.259933471679688,32.02754211425781,-251.66322326660156
10.29962158203125,32.96723937988281,-251.7436981201172
10.108566284179688,33.85932922363281,-251.12451171875
10.380615234375,34.61717224121094,-251.2136688232422
10.196197509765625,35.52207946777344,-251.1836395263672
10.054840087890625,36.70069885253906,-250.6773681640625
9.054290771484375,37.59539794921875,-250.60130310058594
8.47821044921875,39.0106201171875,-249.7621307373047
8.0966796875,40.203826904296875,-249.62181091308594
7.762298583984375,41.21751403808594,-249.68992614746094
7.919281005859375,42.596832275390625,-249.91111755371094
7.2944793701171875,43.98548889160156,-249.63931274414062
6.6610107421875,45.317626953125,-249.31105041503906
6.2611083984375,46.79005432128906,-248.87197875976562
5.668853759765625,48.175750732421875,-248.84446716308594
4.803985595703125,49.931610107421875,-249.1160125732422
4.21405029296875,51.252899169921875,-249.07342529296875
3.3494873046875,52.451629638671875,-249.2884063720703
2.3197174072265625,53.96540832519531,-249.28428649902344
1.8211212158203125,54.981964111328125,-248.97451782226562
0.784637451171875,56.29981994628906,-249.31689453125
-0.4762115478515625,57.72027587890625,-249.58807373046875
-1.3326263427734375,59.002899169921875,-249.63124084472656
-2.7306365966796875,60.286102294921875,-249.17184448242188
-3.8243255615234375,61.34342956542969,-249.73526000976562
-4.5599822998046875,62.86344909667969,-249.81007385253906
-5.6182861328125,64.23912048339844,-250.27969360351562
-6.57672119140625,64.93899536132812,-250.32994079589844
-7.462860107421875,65.95924377441406,-250.9762420654297
-8.530670166015625,66.88104248046875,-251.69081115722656
-9.293365478515625,67.97006225585938,-251.71839904785156
-10.0572509765625,68.73362731933594,-252.3948974609375
-10.96844482421875,69.51925659179688,-252.4299774169922
-11.690231323242188,70.04852294921875,-253.15130615234375
-12.462860107421875,70.78718566894531,-253.16156005859375
-13.277633666992188,71.27874755859375,-253.98431396484375
-13.87933349609375,72.12641906738281,-253.8529052734375
-14.445526123046875,72.82279968261719,-254.22329711914062
-15.431381225585938,72.79983520507812,-254.34597778320312
-15.608566284179688,72.93862915039062,-254.83328247070312
-16.55963134765625,73.55519104003906,-255.14089965820312
-16.513442993164062,73.51522827148438,-255.17568969726562
-17.283355712890625,74.04019165039062,-255.838623046875
-17.560134887695312,74.28428649902344,-255.9682159423828
-17.05914306640625,74.75247192382812,-256.22503662109375
-17.941452026367188,74.9285888671875,-255.87745666503906
-18.129653930664062,75.23150634765625,-256.388427734375
-18.013473510742188,75.31082153320312,-256.64227294921875
-18.42626953125,75.70207214355469,-256.95123291015625
-18.147705078125,75.65486145019531,-256.8852844238281
-18.185089111328125,75.7359619140625,-256.90008544921875
-18.159133911132812,75.96786499023438,-257.4768371582031
-18.733734130859375,75.89094543457031,-257.618408203125
-18.528472900390625,76.11344909667969,-257.4259033203125
-18.674896240234375,76.12080383300781,-257.278564453125
-19.165084838867188,76.38179016113281,-257.61029052734375
-19.419158935546875,76.45089721679688,-257.6490478515625
-19.227493286132812,76.58683776855469,-257.628173828125
-19.079971313476562,76.56486511230469,-257.8958740234375
-19.063858032226562,76.35932922363281,-258.0774841308594
-19.449951171875,76.80638122558594,-258.07391357421875
-19.5904541015625,76.9339599609375,-258.3370361328125
-19.658859252929688,76.9114990234375,-257.82720947265625
-20.085845947265625,77.09132385253906,-258.3909912109375
-20.138092041015625,77.10612487792969,-258.1884765625
-20.594314575195312,76.8240966796875,-258.41156005859375
-20.789901733398438,76.76039123535156,-258.471923828125
-21.721755981445312,76.25897216796875,-258.3853759765625
-21.58221435546875,76.31784057617188,-257.50677490234375
-21.337234497070312,76.27529907226562,-257.9473571777344
-21.978546142578125,76.20037841796875,-257.88232421875
-21.906417846679688,76.31640625,-257.9010314941406
-21.374618530273438,76.085693359375,-258.12152099609375
-22.066070556640625,76.18446350097656,-258.31146240234375
-21.957427978515625,75.865234375,-258.221435546875
-21.895904541015625,76.34796142578125,-257.9925231933594
-22.062744140625,76.30593872070312,-257.91693115234375
-21.913223266601562,76.33049011230469,-257.9071350097656
-21.95703125,76.12553405761719,-258.6047668457031
-22.02581787109375,76.13444519042969,-258.0304870605469
-21.747634887695312,76.45697021484375,-258.33380126953125
-22.136337280273438,76.12399291992188,-258.0631408691406
-22.217742919921875,76.04820251464844,-258.3983154296875
-22.025634765625,76.30123901367188,-258.51141357421875
-21.675918579101562,76.26309204101562,-258.52032470703125
-22.21575927734375,76.39663696289062,-258.2776794433594
-22.123046875,76.09843444824219,-258.3895263671875
-21.792633056640625,76.05111694335938,-258.498291015625
-21.921127319335938,76.24263000488281,-257.90509033203125
-21.820053100585938,76.34158325195312,-258.15582275390625
-21.769546508789062,76.08378601074219,-258.1821594238281
-22.219772338867188,76.1756591796875,-258.07989501953125
-21.770538330078125,75.60560607910156,-258.72119140625
-21.781784057617188,76.14088439941406,-258.25732421875
-22.046539306640625,76.10923767089844,-258.4330749511719
-21.917327880859375,76.31292724609375,-258.040283203125
-21.768051147460938,76.05783081054688,-257.69464111328125
-21.71160888671875,75.74986267089844,-258.46783447265625
-21.663116455078125,76.03945922851562,-258.42352294921875
-21.94720458984375,76.13034057617188,-258.24078369140625
-21.574264526367188,75.66824340820312,-257.83660888671875
-21.760726928710938,75.64886474609375,-258.281494140625
-21.5782470703125,75.6900634765625,-258.44061279296875
-22.064468383789062,75.80194091796875,-258.5662841796875
-21.660049438476562,75.95893859863281,-258.3494567871094
-22.013504028320312,75.29377746582031,-258.5899353027344
-21.721176147460938,75.71412658691406,-258.25836181640625
-21.692596435546875,75.97969055175781,-258.01837158203125
-21.572525024414062,75.82759094238281,-258.30657958984375
-21.615966796875,75.53218078613281,-259.0465087890625
-21.599700927734375,75.87367248535156,-258.38134765625
-22.172744750976562,75.59625244140625,-258.181884765625
-21.693893432617188,75.56309509277344,-258.5350341796875
-21.607757568359375,75.72575378417969,-258.3558349609375
-21.903366088867188,75.80557250976562,-258.35797119140625
-21.59033203125,75.7265625,-258.87353515625
-21.628250122070312,75.50537109375,-258.6826171875
-21.489364624023438,75.68350219726562,-258.4476623535156
-21.482284545898438,75.89112854003906,-259.1691589355469
-21.677902221679688,75.60246276855469,-258.17877197265625
-21.58502197265625,75.54388427734375,-258.4671936035156
-21.620437622070312,75.90298461914062,-258.54278564453125
-21.678924560546875,75.81234741210938,-258.1148986816406
-21.517486572265625,75.92524719238281,-258.0743713378906
-21.374237060546875,75.73001098632812,-258.0106201171875
-21.804855346679688,75.48725891113281,-258.09783935546875
-21.593719482421875,76.05937194824219,-258.3652038574219
-21.780807495117188,75.48983764648438,-257.8710021972656
-21.740676879882812,75.59111022949219,-258.32122802734375
-21.770126342773438,75.63494873046875,-258.146240234375
-21.671768188476562,75.68025207519531,-257.8379821777344
-21.785873413085938,75.60122680664062,-258.5847473144531
-21.719329833984375,75.46519470214844,-258.1806335449219
-21.554672241210938,75.5972900390625,-258.3040771484375
-21.750320434570312,75.5338134765625,-258.3227233886719
-21.595016479492188,75.57669067382812,-258.4371337890625
-21.630874633789062,75.72836303710938,-258.4647216796875
-21.255874633789062,75.59922790527344,-258.02203369140625
-21.672088623046875,75.59979248046875,-258.33447265625
-21.789993286132812,75.928955078125,-258.0662841796875
-21.747268676757812,75.97402954101562,-258.54620361328125
-21.67578125,75.99391174316406,-258.43994140625
-21.725936889648438,75.96589660644531,-258.4241943359375
-21.386825561523438,75.99017333984375,-258.24969482421875
-21.6312255859375,75.94830322265625,-258.5047607421875
-21.495101928710938,75.88487243652344,-258.6552734375
-21.857162475585938,75.96669006347656,-258.36224365234375
-21.572372436523438,75.88862609863281,-258.9261474609375
-21.87725830078125,75.78587341308594,-258.16748046875
-21.498809814453125,75.751220703125,-258.98199462890625
-21.518356323242188,76.15083312988281,-258.76702880859375
-21.705810546875,75.75294494628906,-258.60955810546875
-21.556930541992188,75.79475402832031,-258.5563659667969
-21.207244873046875,75.63201904296875,-258.54022216796875
-21.421981811523438,75.95838928222656,-258.7234802246094
-21.6165771484375,75.88006591796875,-258.56451416015625
-21.286819458007812,75.80291748046875,-258.979248046875
-21.237289428710938,75.73542785644531,-258.874755859375
-21.410980224609375,75.59225463867188,-258.35589599609375
-21.547286987304688,75.7547607421875,-258.9268493652344
-21.299957275390625,75.78822326660156,-258.3128356933594
-21.581558227539062,75.73091125488281,-258.6031799316406
-21.599777221679688,75.91423034667969,-258.87396240234375
-21.837890625,76.05743408203125,-258.4263000488281
-21.787490844726562,76.031005859375,-258.39019775390625
-21.3603515625,75.8616943359375,-258.57171630859375
-21.6396484375,76.04574584960938,-258.9827880859375
-21.959823608398438,76.12887573242188,-258.52691650390625
-21.500839233398438,76.13456726074219,-258.5230712890625
-21.673049926757812,75.98052978515625,-258.7550048828125
-21.600875854492188,75.73822021484375,-258.98779296875
-21.55712890625,75.8555908203125,-258.26568603515625
-21.608062744140625,75.71615600585938,-258.4040222167969
-21.379653930664062,75.81057739257812,-258.718994140625
-21.532241821289062,76.03289794921875,-259.0140075683594
-21.646255493164062,75.84376525878906,-258.88934326171875
-21.577987670898438,76.00752258300781,-258.91009521484375
-21.637603759765625,75.66839599609375,-258.52288818359375
-21.623062133789062,75.64070129394531,-258.6551513671875
-21.620040893554688,75.49052429199219,-258.58026123046875
-21.785659790039062,75.90547180175781,-258.8544616699219
-21.699935913085938,75.76679992675781,-258.74462890625
-21.774978637695312,75.70753479003906,-259.083740234375
-21.65362548828125,76.04862976074219,-258.6873779296875
-21.6614990234375,75.74404907226562,-258.8806457519531
-21.745803833007812,75.62763977050781,-259.18341064453125
-21.44073486328125,75.47358703613281,-258.92767333984375
-21.777099609375,75.80751037597656,-258.8793029785156
-21.578765869140625,76.02540588378906,-259.1846923828125
-21.75274658203125,75.95243835449219,-258.5151062011719
-21.422378540039062,75.79449462890625,-258.6357116699219
-21.656814575195312,75.52790832519531,-259.03863525390625
-21.301971435546875,75.63217163085938,-258.39361572265625
-21.186141967773438,75.67298889160156,-258.86785888671875
-21.578094482421875,75.67098999023438,-258.8851318359375
-21.48419189453125,75.97407531738281,-259.0870361328125
-21.631668090820312,75.89041137695312,-258.87457275390625
-21.776168823242188,76.0279541015625,-258.3211975097656
-21.58251953125,75.99346923828125,-259.0614013671875
-21.317489624023438,75.94676208496094,-258.5157470703125
-21.668167114257812,75.94233703613281,-258.7215270996094
-21.409088134765625,75.74015808105469,-258.44403076171875
-21.877059936523438,75.99630737304688,-258.5023193359375
-21.658294677734375,75.95510864257812,-258.8128662109375
-21.720260620117188,75.88795471191406,-258.34161376953125
-21.641525268554688,75.93820190429688,-258.00128173828125
-21.38629150390625,75.63005065917969,-259.0755310058594
-21.507110595703125,76.0496826171875,-258.4246520996094
-21.51861572265625,75.99638366699219,-258.7039794921875
-21.484298706054688,75.97509765625,-258.36297607421875
-21.7099609375,75.93646240234375,-259.0540771484375
-21.382705688476562,75.89274597167969,-258.8840637207031
-21.773117065429688,76.00869750976562,-258.67486572265625
-21.284713745117188,76.11811828613281,-258.8467102050781
-21.237335205078125,75.73934936523438,-257.9717102050781
-21.765365600585938,75.96353149414062,-258.44476318359375
-21.478561401367188,75.88468933105469,-258.361083984375
-21.172607421875,75.87431335449219,-258.19293212890625
-21.5711669921875,75.9859619140625,-258.15533447265625
-21.453445434570312,75.96595764160156,-258.46942138671875
-21.277267456054688,76.078369140625,-258.5220031738281
-21.582000732421875,75.89997863769531,-258.3438720703125
-21.636001586914062,76.2286376953125,-258.529052734375
-21.553619384765625,76.14199829101562,-258.256103515625
-21.465728759765625,75.86856079101562,-258.5342102050781
-21.5980224609375,75.92045593261719,-258.2880859375
-21.173828125,76.03985595703125,-258.86944580078125
-20.9095458984375,75.84046936035156,-258.2414855957031
-21.090530395507812,76.00489807128906,-258.384765625
-20.87750244140625,75.72413635253906,-258.8790283203125
-20.819686889648438,75.95321655273438,-258.2334899902344
-20.761871337890625,75.47111511230469,-258.4501037597656
-20.3477783203125,75.77836608886719,-258.7410888671875
-20.928726196289062,75.7999267578125,-258.62542724609375
-20.477691650390625,75.90133666992188,-258.39971923828125
-20.550689697265625,75.80087280273438,-258.6684265136719
-20.319244384765625,75.95480346679688,-258.7441101074219
-20.606414794921875,76.20599365234375,-258.3682861328125
-20.453414916992188,76.02085876464844,-258.38775634765625
-20.584136962890625,75.79606628417969,-258.16461181640625
-20.912567138671875,75.97285461425781,-258.27001953125
-20.748779296875,76.00469970703125,-258.3730773925781
-20.897140502929688,75.87861633300781,-258.1018371582031
-20.656951904296875,75.96917724609375,-258.3059387207031
-20.649993896484375,75.99388122558594,-258.31280517578125
-20.643814086914062,76.22926330566406,-257.94769287109375
-20.715484619140625,76.23776245117188,-257.81231689453125
-20.565933227539062,75.88026428222656,-258.461669921875
-20.0848388671875,76.16526794433594,-258.13018798828125
-20.27099609375,76.20541381835938,-258.40045166015625
-19.61175537109375,76.19412231445312,-258.3056640625
-19.55609130859375,75.89027404785156,-257.87261962890625
-19.519332885742188,76.36079406738281,-258.33367919921875
-19.041015625,76.02970886230469,-258.5440673828125
-18.904891967773438,76.37739562988281,-258.4259033203125
-18.087936401367188,76.55632019042969,-258.5877685546875
-17.887420654296875,76.37606811523438,-258.4127502441406
-17.735977172851562,76.51277160644531,-258.4613342285156
-17.688568115234375,76.38383483886719,-258.0315856933594
-17.120895385742188,76.48452758789062,-258.30816650390625
-16.884780883789062,76.52044677734375,-258.0298156738281
-17.0091552734375,76.31729125976562,-257.9429016113281
-16.698135375976562,76.37876892089844,-258.0552978515625
-16.475601196289062,76.62332153320312,-257.44647216796875
-16.08782958984375,76.11941528320312,-257.68621826171875
-15.8623046875,75.96063232421875,-257.40167236328125
-15.629119873046875,75.24920654296875,-256.9437255859375
-15.085906982421875,75.30307006835938,-256.87677001953125
-14.719741821289062,74.95640563964844,-256.4314270019531
-14.110092163085938,74.17054748535156,-256.3761901855469
-13.728836059570312,73.79789733886719,-255.4028778076172
-13.326446533203125,73.46665954589844,-255.00363159179688
-13.50592041015625,73.38621520996094,-254.7078399658203
-14.882369995117188,75.40386962890625,-253.75039672851562
-14.528976440429688,74.83427429199219,-253.7313690185547
-14.115646362304688,74.41940307617188,-253.01622009277344
-13.133041381835938,74.15011596679688,-252.9792938232422
-12.716506958007812,73.05780029296875,-252.32875061035156
-12.033584594726562,72.29795837402344,-252.17068481445312
-11.51287841796875,71.11454772949219,-251.677001953125
-11.12744140625,70.33682250976562,-251.33370971679688
-10.32586669921875,68.93727111816406,-250.50865173339844
-9.836471557617188,67.90800476074219,-249.5730743408203
-9.378387451171875,67.18426513671875,-249.3961944580078
-8.929428100585938,66.3228759765625,-249.10426330566406
-8.68121337890625,65.27963256835938,-248.48318481445312
-7.9874114990234375,63.977447509765625,-247.6261749267578
-7.311126708984375,62.657562255859375,-247.72744750976562
-7.26800537109375,61.64137268066406,-246.6083984375
-6.4542388916015625,60.13597106933594,-246.7448272705078
-6.13836669921875,58.41459655761719,-246.3354949951172
-5.7241973876953125,56.72816467285156,-246.0435791015625
-5.2747802734375,54.90367126464844,-246.38746643066406
-5.0203857421875,53.44981384277344,-246.325439453125
-4.2416839599609375,51.52943420410156,-245.59083557128906
-3.958984375,50.05067443847656,-244.8439483642578
-3.95025634765625,49.52534484863281,-244.76222229003906
-3.577117919921875,48.309295654296875,-245.32852172851562
-2.8715057373046875,46.8658447265625,-245.42872619628906
-2.5186309814453125,45.361572265625,-245.42990112304688
-1.5700225830078125,43.85850524902344,-245.6958465576172
-0.9846954345703125,42.447235107421875,-246.17930603027344
-0.638580322265625,40.95246887207031,-246.2071075439453
0.19378662109375,39.363739013671875,-246.36721801757812
0.686767578125,37.47624206542969,-247.00082397460938
1.3439483642578125,36.172821044921875,-247.107421875
1.8323822021484375,35.18681335449219,-247.70257568359375
2.117950439453125,33.969940185546875,-247.9661102294922
2.4402313232421875,33.224365234375,-248.1798858642578
2.849609375,32.18144226074219,-248.958740234375
2.90142822265625,31.26361083984375,-249.07876586914062
3.388458251953125,30.441070556640625,-249.19296264648438
3.629302978515625,30.012786865234375,-249.87380981445312
4.0387420654296875,28.941696166992188,-250.2472686767578
4.0787811279296875,28.442672729492188,-250.15652465820312
4.8166046142578125,27.65826416015625,-250.80123901367188
4.420379638671875,27.453704833984375,-251.0501251220703
4.475555419921875,26.455734252929688,-251.23326110839844
4.68798828125,25.986434936523438,-251.4913330078125
4.66961669921875,25.5260009765625,-252.02621459960938
4.903350830078125,24.70025634765625,-252.19447326660156
5.0384368896484375,23.885284423828125,-252.3619384765625
5.1483001708984375,23.404632568359375,-252.982666015625
5.368011474609375,23.190780639648438,-252.81771850585938
5.309661865234375,22.850189208984375,-253.41065979003906
5.6106719970703125,21.98699951171875,-254.15826416015625
5.966400146484375,21.816146850585938,-254.6523895263672
5.83258056640625,21.311080932617188,-254.7145233154297
4.1791534423828125,22.37554931640625,-254.89366149902344
3.69671630859375,21.984237670898438,-254.3815155029297
3.3153839111328125,22.05987548828125,-254.4889373779297
2.8128204345703125,21.961929321289062,-254.24209594726562
1.70703125,22.46087646484375,-254.6618194580078
0.6641082763671875,23.43072509765625,-254.55274963378906
-0.7009735107421875,24.622695922851562,-254.0220947265625
12.362350463867188,14.609054565429688,-255.53097534179688
13.413604736328125,4.041839599609375,-253.27720642089844
10.716842651367188,6.53070068359375,-251.88526916503906
9.306488037109375,8.445419311523438,-249.7001190185547
10.546676635742188,7.1468048095703125,-248.47335815429688
14.730728149414062,2.2820892333984375,-248.83547973632812
12.775238037109375,2.1740570068359375,-246.82838439941406
18.800689697265625,-7.52069091796875,-246.58668518066406
22.0108642578125,-12.7774658203125,-245.30892944335938
22.129623413085938,-14.901153564453125,-244.18930053710938
26.61474609375,-23.888565063476562,-243.86585998535156
28.36962890625,-27.177276611328125,-242.43069458007812
29.237899780273438,-28.937576293945312,-242.1156768798828
31.11572265625,-32.84086608886719,-242.0596466064453
31.985122680664062,-34.90771484375,-241.1094512939453
32.64048767089844,-36.16908264160156,-240.85279846191406
32.587188720703125,-37.30859375,-240.49447631835938
32.4925537109375,-37.51524353027344,-239.67828369140625
32.0576171875,-38.32078552246094,-239.01502990722656
31.765228271484375,-38.70521545410156,-238.36463928222656
31.255523681640625,-39.17095947265625,-238.27304077148438
31.277725219726562,-39.631591796875,-238.04049682617188
31.313796997070312,-39.92576599121094,-238.7097930908203
30.876724243164062,-40.56352233886719,-237.97108459472656
31.024932861328125,-40.233062744140625,-238.00489807128906
30.647842407226562,-40.19659423828125,-238.00167846679688
30.611297607421875,-39.90501403808594,-236.99368286132812
30.446212768554688,-40.04798889160156,-237.25634765625
30.356231689453125,-39.64512634277344,-237.12586975097656
30.691421508789062,-39.3355712890625,-236.98866271972656
30.40863037109375,-38.744049072265625,-236.34132385253906
30.619903564453125,-38.553863525390625,-235.84652709960938
30.637847900390625,-38.08604431152344,-235.53782653808594
30.71197509765625,-37.701416015625,-235.96791076660156
30.925872802734375,-37.9129638671875,-235.21627807617188
30.796859741210938,-37.11842346191406,-235.3023223876953
30.910171508789062,-36.75189208984375,-234.85072326660156
31.29534912109375,-36.58204650878906,-234.93357849121094
31.261947631835938,-36.54266357421875,-234.81886291503906
31.097244262695312,-35.783935546875,-234.67526245117188
31.627593994140625,-35.230255126953125,-234.42811584472656
31.506484985351562,-34.442474365234375,-233.61181640625
31.90118408203125,-33.584259033203125,-233.3409881591797
31.49371337890625,-33.10096740722656,-232.7089080810547
31.354385375976562,-32.15679931640625,-232.30410766601562
31.325469970703125,-31.405166625976562,-231.99685668945312
31.6114501953125,-30.57904052734375,-231.76856994628906
31.197311401367188,-29.46527099609375,-230.7396240234375
31.090911865234375,-28.735321044921875,-230.72422790527344
31.022415161132812,-27.784286499023438,-230.4682159423828
30.7069091796875,-26.694305419921875,-229.3153839111328
30.6378173828125,-25.776657104492188,-228.9269256591797
30.410903930664062,-24.823211669921875,-228.8210906982422
30.4609375,-23.798049926757812,-228.54115295410156
29.994110107421875,-22.558502197265625,-228.28416442871094
30.176162719726562,-21.815765380859375,-228.27459716796875
30.149444580078125,-20.733169555664062,-227.6300048828125
29.838211059570312,-19.770004272460938,-227.36354064941406
29.299209594726562,-18.387451171875,-227.31729125976562
29.235763549804688,-17.087509155273438,-227.22886657714844
29.237564086914062,-16.177902221679688,-226.6139373779297
28.707077026367188,-14.747543334960938,-226.24105834960938
28.550384521484375,-13.365203857421875,-226.33815002441406
28.067398071289062,-12.234222412109375,-226.25038146972656
27.854156494140625,-10.970443725585938,-225.69573974609375
27.405899047851562,-9.5111083984375,-226.21652221679688
27.249755859375,-8.13916015625,-225.88108825683594
26.754959106445312,-6.8578643798828125,-226.1558380126953
26.428451538085938,-5.570159912109375,-225.6560516357422
25.594070434570312,-4.3253326416015625,-225.84471130371094
25.267547607421875,-2.712432861328125,-225.9466094970703
24.7427978515625,-1.4402618408203125,-226.01316833496094
24.292755126953125,-0.248992919921875,-225.8949432373047
23.625564575195312,1.2731170654296875,-226.12564086914062
22.587921142578125,2.8246917724609375,-226.70370483398438
22.502975463867188,4.2329864501953125,-226.77565002441406
21.999984741210938,5.3945465087890625,-227.38229370117188
21.894515991210938,6.3963623046875,-227.48287963867188
20.71978759765625,7.7479248046875,-228.3326416015625
20.630599975585938,8.938446044921875,-228.43746948242188
20.436065673828125,10.1796875,-228.70338439941406
20.078353881835938,10.819351196289062,-229.072509765625
19.657577514648438,12.081024169921875,-229.23822021484375
19.21051025390625,12.869155883789062,-230.46923828125
18.799423217773438,13.732513427734375,-230.510009765625
18.442306518554688,14.183441162109375,-230.43609619140625
18.120803833007812,15.294479370117188,-231.43630981445312
17.470108032226562,15.959808349609375,-232.03245544433594
16.948196411132812,16.981460571289062,-232.1777801513672
16.436172485351562,17.50628662109375,-232.74179077148438
16.175308227539062,18.349716186523438,-233.03158569335938
15.721206665039062,18.54376220703125,-233.2024688720703
15.288558959960938,19.562255859375,-233.43405151367188
14.851943969726562,20.142333984375,-234.07814025878906
14.18804931640625,20.670822143554688,-234.73329162597656
14.005966186523438,21.33038330078125,-235.30516052246094
13.632003784179688,21.58648681640625,-235.64109802246094
13.42596435546875,21.953582763671875,-235.5143585205078
13.171035766601562,22.51214599609375,-236.08544921875
12.8221435546875,22.927841186523438,-236.2697296142578
12.348175048828125,23.065643310546875,-236.65126037597656
12.062347412109375,23.500396728515625,-237.43731689453125
11.871170043945312,23.849044799804688,-237.23878479003906
11.422836303710938,23.9853515625,-237.44503784179688
10.93304443359375,24.386932373046875,-237.9517822265625
10.857406616210938,24.717117309570312,-238.35299682617188
10.607269287109375,25.443527221679688,-238.6830291748047
10.309982299804688,24.946487426757812,-239.0816192626953
9.957473754882812,25.295974731445312,-239.20187377929688
9.737503051757812,25.25213623046875,-239.1122589111328
9.57293701171875,24.893630981445312,-238.78585815429688
9.547088623046875,24.742263793945312,-238.71194458007812
9.360427856445312,24.626449584960938,-238.70816040039062
9.107742309570312,24.186309814453125,-237.80026245117188
8.85284423828125,23.745330810546875,-237.2891845703125
8.927322387695312,23.698318481445312,-237.9353485107422
8.769927978515625,23.717269897460938,-238.26438903808594
8.414016723632812,23.967529296875,-238.42791748046875
8.378860473632812,24.021011352539062,-237.82225036621094
8.300445556640625,24.054092407226562,-238.36404418945312
7.884735107421875,24.444564819335938,-238.30897521972656
7.492889404296875,24.387893676757812,-238.3906707763672
7.318939208984375,24.393234252929688,-238.45095825195312
7.168426513671875,24.590179443359375,-238.11720275878906
7.3203277587890625,24.198989868164062,-238.4945068359375
7.418731689453125,24.329681396484375,-238.5295867919922
7.0939483642578125,24.4815673828125,-238.34007263183594
6.9172821044921875,24.277496337890625,-238.16769409179688
6.92596435546875,24.655563354492188,-238.39288330078125
6.9841766357421875,24.11077880859375,-238.204345703125
6.7649383544921875,24.04193115234375,-238.68858337402344
6.931884765625,23.99365234375,-238.21005249023438
6.990570068359375,23.76910400390625,-238.01402282714844
6.9137420654296875,23.758087158203125,-237.7936248779297
6.961334228515625,23.214614868164062,-237.05792236328125
6.522186279296875,23.120071411132812,-237.49179077148438
5.6580657958984375,22.928085327148438,-237.11346435546875
5.1217803955078125,22.637451171875,-236.6588592529297
4.944427490234375,22.26385498046875,-236.98318481445312
4.8160552978515625,21.5738525390625,-236.246826171875
4.931182861328125,21.004425048828125,-235.9625244140625
5.0447540283203125,20.320892333984375,-235.6034698486328
5.2994842529296875,19.869720458984375,-234.74766540527344
5.1049957275390625,19.048568725585938,-234.18252563476562
5.120391845703125,18.4974365234375,-233.6255645751953
5.171875,17.64404296875,-233.14791870117188
5.27410888671875,17.26190185546875,-233.038330078125
4.8270263671875,17.057373046875,-233.04025268554688
4.8992156982421875,17.153640747070312,-232.88584899902344
4.602264404296875,17.088668823242188,-233.52000427246094
4.4646453857421875,17.704635620117188,-233.53919982910156
4.414764404296875,18.832473754882812,-234.4495391845703
4.5017547607421875,19.996688842773438,-235.77645874023438
3.706024169921875,21.378082275390625,-236.1090087890625
3.379669189453125,22.94012451171875,-237.58145141601562
3.423065185546875,22.977615356445312,-238.08062744140625
3.5472869873046875,22.801254272460938,-237.75628662109375
3.1892242431640625,22.8428955078125,-238.15774536132812
3.35845947265625,23.156570434570312,-238.0530548095703
3.307220458984375,22.840682983398438,-238.1244659423828
3.209869384765625,22.72186279296875,-237.84095764160156
3.6613311767578125,22.864349365234375,-237.72000122070312
3.8460845947265625,22.899032592773438,-237.65135192871094
3.6159820556640625,22.811203002929688,-237.99769592285156
3.9167022705078125,23.171768188476562,-237.73524475097656
3.8325042724609375,22.71685791015625,-237.4048309326172
3.85418701171875,22.81805419921875,-238.1843719482422
3.5007476806640625,22.4532470703125,-237.8857421875
3.5082244873046875,22.776016235351562,-237.8938751220703
3.607513427734375,22.665817260742188,-238.29031372070312
3.5043487548828125,22.581268310546875,-238.148193359375
3.5747833251953125,22.932357788085938,-237.6964111328125
3.5427703857421875,22.616912841796875,-237.90737915039062
4.0312347412109375,22.84564208984375,-237.35829162597656
4.0554656982421875,22.988784790039062,-237.14474487304688
4.194061279296875,22.998291015625,-237.47323608398438
4.2969970703125,23.262954711914062,-238.05557250976562
3.9339752197265625,23.11639404296875,-237.56997680664062
3.9308319091796875,23.091293334960938,-237.93946838378906
4.0041656494140625,23.204803466796875,-237.80653381347656
4.4960479736328125,22.795242309570312,-237.40525817871094
4.413116455078125,22.85064697265625,-237.72894287109375
4.282562255859375,22.96441650390625,-237.27752685546875
4.3955841064453125,23.121963500976562,-238.28030395507812
4.4016876220703125,23.050613403320312,-238.1964874267578
4.418304443359375,22.727981567382812,-238.0665283203125
4.4239044189453125,23.086257934570312,-237.904052734375
4.1708221435546875,22.809829711914062,-237.79623413085938
4.337310791015625,23.124435424804688,-238.02737426757812
4.2924957275390625,22.848281860351562,-237.86740112304688
4.3801422119140625,22.763885498046875,-237.66778564453125
4.15753173828125,22.761962890625,-237.93280029296875
3.9813385009765625,23.03265380859375,-238.12420654296875
4.27716064453125,23.25006103515625,-237.9724578857422
4.0972900390625,22.88543701171875,-237.9492950439453
3.78240966796875,23.211639404296875,-237.97906494140625
4.396820068359375,23.099472045898438,-237.72918701171875
4.485260009765625,23.061737060546875,-238.40054321289062
3.9000091552734375,23.143173217773438,-237.59461975097656
3.9850006103515625,22.81939697265625,-237.82696533203125
3.8495635986328125,22.993209838867188,-238.12216186523438
4.06689453125,23.065078735351562,-238.12083435058594
3.5098114013671875,22.981369018554688,-237.82945251464844
3.8699493408203125,22.858139038085938,-237.9327850341797
4.0114593505859375,22.878997802734375,-237.7355194091797
4.0352020263671875,23.202957153320312,-238.10438537597656
3.7642822265625,23.249099731445312,-238.1306610107422
3.9856414794921875,22.972244262695312,-238.3957977294922
4.498443603515625,23.024978637695312,-238.27313232421875
4.0527801513671875,23.083297729492188,-237.76113891601562
3.8889312744140625,22.8482666015625,-237.95309448242188
4.255035400390625,22.7322998046875,-237.812744140625
4.0212249755859375,22.976043701171875,-237.71897888183594
3.7116546630859375,23.054244995117188,-238.0371551513672
3.885833740234375,23.003814697265625,-238.17062377929688
4.3124237060546875,23.374984741210938,-238.1651153564453
3.8061370849609375,22.96746826171875,-237.74749755859375
3.906829833984375,22.92791748046875,-238.07640075683594
4.038543701171875,23.126312255859375,-237.72056579589844
4.0466461181640625,23.258987426757812,-237.7142791748047
3.9228363037109375,22.8848876953125,-237.8314208984375
3.8001556396484375,22.764419555664062,-237.5815887451172
4.261566162109375,23.111648559570312,-238.1301727294922
4.311614990234375,22.942245483398438,-237.9627227783203
3.790924072265625,22.6622314453125,-237.58065795898438
4.0635986328125,22.882980346679688,-237.73834228515625
4.211090087890625,23.182281494140625,-237.6574249267578
3.9802093505859375,23.018310546875,-237.77899169921875
4.105255126953125,23.036453247070312,-238.33279418945312
3.9500579833984375,23.101104736328125,-237.86231994628906
3.7398529052734375,22.984909057617188,-238.27000427246094
3.90740966796875,22.55389404296875,-237.8191375732422
3.807891845703125,22.838851928710938,-238.23094177246094
3.8626251220703125,22.896286010742188,-238.0328826904297
4.026824951171875,22.86773681640625,-237.48374938964844
4.0177154541015625,23.146469116210938,-237.3151092529297
3.84649658203125,23.123336791992188,-237.75296020507812
3.9244537353515625,22.850296020507812,-237.6414794921875
3.531463623046875,23.062652587890625,-237.58349609375
3.811859130859375,23.216323852539062,-237.6425323486328
4.0733184814453125,23.039230346679688,-237.59201049804688
4.0784912109375,23.262649536132812,-238.0791473388672
3.99957275390625,22.801727294921875,-237.76609802246094
3.9259033203125,22.869644165039062,-237.93356323242188
3.9552001953125,22.874252319335938,-238.51824951171875
3.8420867919921875,22.893447875976562,-237.7867431640625
3.838775634765625,22.892410278320312,-237.9830322265625
4.073974609375,22.751739501953125,-237.84461975097656
3.952911376953125,22.89031982421875,-238.00096130371094
3.9397125244140625,22.923370361328125,-238.10707092285156
3.825347900390625,23.02532958984375,-238.11244201660156
3.9261932373046875,23.248016357421875,-238.329345703125
3.9256744384765625,22.983551025390625,-238.0561981201172
4.2046051025390625,22.961502075195312,-237.67117309570312
3.9068145751953125,23.275497436523438,-237.60946655273438
3.797149658203125,23.335464477539062,-238.10169982910156
4.15802001953125,23.141021728515625,-238.63067626953125
4.0567474365234375,23.203704833984375,-238.13571166992188
3.9276123046875,23.158279418945312,-237.85214233398438
3.8226165771484375,23.363510131835938,-238.0088348388672
3.91229248046875,23.051849365234375,-238.10357666015625
4.1872406005859375,23.325958251953125,-238.23541259765625
4.3415069580078125,22.80303955078125,-238.12779235839844
3.980499267578125,22.93328857421875,-238.1331787109375
4.135955810546875,22.8941650390625,-238.1000518798828
3.93914794921875,23.056915283203125,-238.15762329101562
3.953643798828125,22.983779907226562,-237.69894409179688
4.028594970703125,22.734390258789062,-237.8497314453125
4.4355010986328125,23.048797607421875,-237.80581665039062
4.164520263671875,23.1341552734375,-237.372314453125
3.937835693359375,22.978042602539062,-237.84561157226562
3.9173583984375,22.951080322265625,-237.71994018554688
4.050872802734375,23.156784057617188,-238.27284240722656
4.0675506591796875,22.71990966796875,-238.14251708984375
3.9543304443359375,22.76324462890625,-238.2188262939453
3.8055267333984375,23.05108642578125,-237.89089965820312
4.0287322998046875,22.978927612304688,-237.9751739501953
3.9116363525390625,22.740249633789062,-238.118408203125
4.04742431640625,22.915908813476562,-237.99908447265625
3.85003662109375,22.9534912109375,-237.70069885253906
3.7632293701171875,23.15447998046875,-237.31129455566406
3.864898681640625,23.229934692382812,-238.00555419921875
3.81707763671875,22.875106811523438,-237.73971557617188
4.1844635009765625,22.714065551757812,-238.0640411376953
3.87152099609375,23.042312622070312,-238.22137451171875
3.9581756591796875,22.952606201171875,-238.07081604003906
3.847900390625,22.873794555664062,-237.9961700439453
3.532470703125,23.316436767578125,-238.1162872314453
3.637298583984375,23.252639770507812,-237.70669555664062
3.680877685546875,23.377365112304688,-237.6785430908203
4.1819915771484375,23.372222900390625,-238.12646484375
3.78668212890625,22.846420288085938,-237.9744110107422
3.9291839599609375,23.230026245117188,-237.7345428466797
4.2478790283203125,22.904144287109375,-237.52040100097656
3.8855438232421875,23.34210205078125,-237.90843200683594
3.954559326171875,22.86505126953125,-237.90640258789062
3.8314361572265625,22.913345336914062,-237.63699340820312
3.93182373046875,23.155380249023438,-237.87733459472656
4.0044708251953125,23.091094970703125,-237.74903869628906
4.1057281494140625,23.168670654296875,-238.1063690185547
4.8412933349609375,23.528549194335938,-238.16554260253906
5.0913238525390625,22.906539916992188,-237.7484130859375
5.2031097412109375,23.276992797851562,-237.75949096679688
5.34185791015625,23.352127075195312,-237.98399353027344
5.8029937744140625,23.138458251953125,-237.8348388671875
6.206512451171875,23.46026611328125,-237.88034057617188
6.5353851318359375,23.37152099609375,-237.25636291503906
6.69183349609375,23.380966186523438,-237.76744079589844
6.9884490966796875,23.456771850585938,-237.86395263671875
6.8948974609375,23.73736572265625,-238.41845703125
7.6668853759765625,23.535308837890625,-238.25169372558594
7.773193359375,23.33697509765625,-237.5809783935547
8.226516723632812,23.612762451171875,-238.04115295410156
8.362686157226562,24.082534790039062,-237.96987915039062
8.622100830078125,23.503173828125,-237.66720581054688
9.185440063476562,23.759902954101562,-237.69699096679688
9.738784790039062,23.634231567382812,-237.53004455566406
10.061569213867188,23.840713500976562,-237.90017700195312
10.020797729492188,23.715988159179688,-237.7588653564453
10.200942993164062,23.871780395507812,-237.53933715820312
10.428359985351562,23.835906982421875,-237.5708770751953
10.363937377929688,23.666091918945312,-237.4121551513672
10.475540161132812,23.7366943359375,-237.81427001953125
10.617446899414062,24.053421020507812,-237.33160400390625
10.727890014648438,23.640731811523438,-237.68435668945312
11.048568725585938,23.919631958007812,-236.73760986328125
10.9603271484375,23.836151123046875,-237.56118774414062
11.220947265625,23.780303955078125,-237.29885864257812
10.874343872070312,23.7279052734375,-237.10052490234375
10.904449462890625,23.984893798828125,-237.0865020751953
10.837478637695312,23.793563842773438,-237.59703063964844
11.008758544921875,23.445968627929688,-237.71205139160156
10.587875366210938,23.970748901367188,-237.88278198242188
10.9774169921875,23.694732666015625,-237.4176483154297
10.504531860351562,23.817398071289062,-237.2320556640625
10.796859741210938,23.860671997070312,-237.01858520507812
10.683822631835938,23.85980224609375,-237.30836486816406
11.170242309570312,23.958999633789062,-237.7715301513672
10.825820922851562,24.066757202148438,-237.7416534423828
11.179885864257812,24.079696655273438,-237.8975372314453
11.358261108398438,24.017135620117188,-237.93505859375
11.924575805664062,24.089736938476562,-238.06854248046875
12.595733642578125,24.136749267578125,-238.03280639648438
13.156326293945312,23.853317260742188,-237.64572143554688
14.180023193359375,24.011322021484375,-237.61846923828125
14.569534301757812,23.858001708984375,-238.0214080810547
15.129348754882812,24.303619384765625,-237.73516845703125
15.527267456054688,24.113479614257812,-238.139892578125
15.650192260742188,24.311859130859375,-238.1514892578125
15.816726684570312,24.585891723632812,-237.90257263183594
16.292633056640625,24.5904541015625,-238.5750274658203
16.245330810546875,24.514144897460938,-238.5724334716797
16.738754272460938,24.2257080078125,-238.0204620361328
17.48211669921875,24.4158935546875,-237.8677978515625
17.793869018554688,23.816619873046875,-237.4453582763672
18.282730102539062,23.150772094726562,-236.82168579101562
18.997756958007812,22.605438232421875,-236.30690002441406
19.69708251953125,22.06158447265625,-236.1407012939453
20.103561401367188,21.4188232421875,-235.57302856445312
20.663116455078125,20.47698974609375,-234.95669555664062
21.347457885742188,19.813980102539062,-233.92776489257812
22.291091918945312,18.960891723632812,-233.7075653076172
22.777175903320312,17.994842529296875,-233.4266815185547
23.522308349609375,17.3902587890625,-232.43067932128906
24.303237915039062,15.875137329101562,-231.4367218017578
25.422332763671875,14.8023681640625,-230.75558471679688
26.019256591796875,13.32012939453125,-230.3365478515625
27.144378662109375,12.49267578125,-230.19049072265625
27.652313232421875,10.626220703125,-229.39356994628906
29.083419799804688,9.289199829101562,-228.91891479492188
29.870376586914062,7.1156768798828125,-228.47679138183594
30.861846923828125,5.07293701171875,-228.24293518066406
32.140960693359375,2.71209716796875,-227.6570281982422
33.00157165527344,0.7918243408203125,-227.91310119628906
33.73248291015625,-1.36846923828125,-227.05245971679688
34.70079040527344,-3.7718353271484375,-227.81690979003906
35.40647888183594,-6.23919677734375,-227.53526306152344
36.120391845703125,-8.508834838867188,-227.98594665527344
36.94706726074219,-10.649215698242188,-228.18414306640625
37.8463134765625,-12.910919189453125,-229.1111297607422
38.507537841796875,-15.294662475585938,-229.28173828125
39.37788391113281,-17.29400634765625,-229.98104858398438
39.418853759765625,-19.030349731445312,-230.77281188964844
40.66632080078125,-20.978729248046875,-232.09263610839844
40.97221374511719,-22.459976196289062,-232.66574096679688
41.33738708496094,-24.30499267578125,-233.5194854736328
42.07579040527344,-25.578933715820312,-234.20596313476562
42.0609130859375,-26.440963745117188,-234.6153106689453
42.405181884765625,-27.306304931640625,-235.49502563476562
42.51441955566406,-28.01861572265625,-235.61166381835938
42.24223327636719,-28.305755615234375,-236.486328125
42.86250305175781,-28.464889526367188,-236.43849182128906
42.72015380859375,-28.50244140625,-236.6553497314453
42.843780517578125,-28.278945922851562,-236.3538055419922
43.23689270019531,-28.07659912109375,-237.25636291503906
43.3123779296875,-27.223037719726562,-236.48948669433594
43.386383056640625,-26.703948974609375,-236.32455444335938
43.330474853515625,-26.096405029296875,-236.3506622314453
43.041290283203125,-25.546478271484375,-236.205322265625
42.93792724609375,-24.584686279296875,-235.55661010742188
42.88655090332031,-24.049652099609375,-235.1630096435547
42.61152648925781,-23.609130859375,-234.6940155029297
42.143951416015625,-22.890792846679688,-234.16993713378906
42.039306640625,-22.7166748046875,-234.612548828125
42.09672546386719,-22.443923950195312,-234.17193603515625
41.90153503417969,-22.505401611328125,-234.54783630371094
41.87004089355469,-22.320144653320312,-234.4130401611328
42.483673095703125,-22.888717651367188,-234.3740234375
42.1981201171875,-23.114471435546875,-234.56149291992188
41.90138244628906,-23.173583984375,-234.57138061523438
42.100830078125,-23.30657958984375,-234.66932678222656
42.465606689453125,-23.154678344726562,-234.87680053710938
42.423431396484375,-23.525405883789062,-234.7742462158203
42.4876708984375,-23.35302734375,-235.09832763671875
42.455841064453125,-23.229095458984375,-235.07748413085938
41.98371887207031,-23.31512451171875,-235.3024444580078
42.26873779296875,-23.26177978515625,-234.7567138671875
42.23046875,-22.835693359375,-235.1491241455078
42.32527160644531,-22.968536376953125,-235.38150024414062
42.250457763671875,-23.162124633789062,-235.6527557373047
42.423248291015625,-23.22894287109375,-235.0947265625
42.57379150390625,-22.9449462890625,-234.87322998046875
42.404571533203125,-23.21453857421875,-235.0201873779297
42.58448791503906,-23.320999145507812,-235.805419921875
42.75288391113281,-23.076126098632812,-235.64596557617188
42.51142883300781,-22.737945556640625,-235.83811950683594
42.314361572265625,-23.071502685546875,-235.4483642578125
42.1370849609375,-22.866546630859375,-235.81552124023438
42.352752685546875,-22.622879028320312,-235.52268981933594
42.16755676269531,-22.671066284179688,-235.1462860107422
42.529510498046875,-22.478363037109375,-235.5061492919922
42.20140075683594,-22.202301025390625,-235.1295166015625
41.77099609375,-22.035110473632812,-235.06283569335938
41.501953125,-22.04522705078125,-235.5934600830078
41.62934875488281,-22.1234130859375,-235.69775390625
41.12599182128906,-21.9749755859375,-235.19464111328125
41.54939270019531,-21.986343383789062,-235.0314178466797
41.30741882324219,-21.636260986328125,-235.08436584472656
40.81758117675781,-21.82183837890625,-235.04904174804688
40.95684814453125,-21.342666625976562,-234.95506286621094
40.82196044921875,-21.406768798828125,-234.69154357910156
40.346771240234375,-21.371856689453125,-234.5667266845703
40.527252197265625,-21.115646362304688,-234.29998779296875
40.4189453125,-20.73199462890625,-233.57620239257812
40.12190246582031,-20.53668212890625,-233.72947692871094
40.43891906738281,-20.456634521484375,-233.04872131347656
40.28346252441406,-19.965011596679688,-232.60333251953125
40.10246276855469,-19.558334350585938,-232.16726684570312
39.74293518066406,-18.948684692382812,-231.5701446533203
39.60551452636719,-19.098419189453125,-231.0468292236328
39.388092041015625,-18.2664794921875,-230.87545776367188
39.3753662109375,-17.701736450195312,-230.16470336914062
39.51390075683594,-17.588851928710938,-230.04347229003906
39.36894226074219,-16.7850341796875,-229.24374389648438
39.43305969238281,-16.516036987304688,-228.78091430664062
39.12101745605469,-16.158905029296875,-228.04876708984375
39.480072021484375,-15.5240478515625,-226.82440185546875
39.363525390625,-15.14764404296875,-226.06552124023438
39.60569763183594,-14.8873291015625,-224.39247131347656
39.82322692871094,-13.626251220703125,-223.66419982910156
39.9117431640625,-12.880081176757812,-222.2595977783203
39.21626281738281,-12.521194458007812,-220.9347686767578
39.5721435546875,-11.632736206054688,-219.97607421875
39.07719421386719,-10.255783081054688,-218.3528594970703
38.66203308105469,-9.06866455078125,-216.8166961669922
37.89825439453125,-7.3870086669921875,-215.1177978515625
36.85838317871094,-5.9311370849609375,-214.17677307128906
36.312774658203125,-4.120269775390625,-212.83364868164062
35.56144714355469,-2.3641357421875,-211.71609497070312
34.84580993652344,-0.48553466796875,-211.8041229248047
33.49998474121094,2.26007080078125,-211.01036071777344
32.620880126953125,4.3563385009765625,-210.3629608154297
31.801177978515625,6.4300994873046875,-210.26683044433594
30.835098266601562,8.748489379882812,-210.2310028076172
30.409393310546875,11.230972290039062,-211.3898162841797
29.807037353515625,13.282363891601562,-212.35501098632812
28.512832641601562,15.256362915039062,-213.30784606933594
28.302627563476562,18.138076782226562,-214.86105346679688
27.321853637695312,20.284591674804688,-216.36990356445312
26.187973022460938,22.85540771484375,-217.9414520263672
25.488189697265625,24.479339599609375,-220.8289337158203
24.387588500976562,26.847671508789062,-223.3020782470703
23.411666870117188,28.630416870117188,-225.6988525390625
22.26605224609375,30.6185302734375,-229.48500061035156
21.57037353515625,32.06919860839844,-234.018310546875
20.714065551757812,32.92707824707031,-238.33370971679688
20.290313720703125,32.891326904296875,-245.58953857421875
17.893264770507812,27.105560302734375,-255.7584991455078
14.785491943359375,30.946792602539062,-254.43338012695312
14.472213745117188,30.984848022460938,-253.9013671875
14.673599243164062,31.519927978515625,-253.97195434570312
14.630096435546875,31.479705810546875,-253.9906005859375
14.540298461914062,32.14894104003906,-253.89920043945312
14.6903076171875,31.86761474609375,-253.90870666503906
15.026596069335938,31.5206298828125,-254.4699249267578
15.233001708984375,31.497848510742188,-254.30979919433594
15.454864501953125,31.389373779296875,-254.49081420898438
15.375732421875,31.8555908203125,-254.75875854492188
15.298660278320312,31.670578002929688,-254.00491333007812
15.546615600585938,31.946868896484375,-254.48890686035156
15.382583618164062,32.34971618652344,-254.08523559570312
14.826766967773438,33.02166748046875,-253.77943420410156
15.011444091796875,33.38688659667969,-253.60659790039062
14.176666259765625,34.163330078125,-253.10989379882812
13.813613891601562,34.6763916015625,-252.84902954101562
13.5911865234375,34.629852294921875,-252.82302856445312
12.856948852539062,35.40118408203125,-252.47604370117188
13.144989013671875,35.077972412109375,-252.56459045410156
12.962234497070312,34.99995422363281,-252.23626708984375
12.839141845703125,35.25334167480469,-252.42108154296875
12.644012451171875,35.1029052734375,-252.66995239257812
12.622512817382812,35.09234619140625,-252.45440673828125
12.602310180664062,34.98176574707031,-252.3713836669922
12.36505126953125,35.36283874511719,-251.88926696777344
11.510574340820312,35.94093322753906,-251.45689392089844
10.814971923828125,36.66905212402344,-251.2711639404297
10.531021118164062,37.02925109863281,-251.21820068359375
9.716842651367188,37.96266174316406,-250.4370574951172
9.40380859375,38.3402099609375,-250.22145080566406
9.232406616210938,39.1492919921875,-250.42591857910156
8.96832275390625,39.70637512207031,-250.14837646484375
8.875045776367188,40.20463562011719,-249.94729614257812
8.668502807617188,41.128936767578125,-249.87380981445312
8.299942016601562,41.78253173828125,-249.3269805908203
8.074783325195312,43.03111267089844,-249.4574737548828
7.852020263671875,43.53434753417969,-249.80885314941406
7.6245574951171875,44.2276611328125,-248.95266723632812
7.0951385498046875,45.26759338378906,-249.03977966308594
6.3497161865234375,45.69349670410156,-248.7188720703125
5.8629150390625,46.471466064453125,-248.69735717773438
4.9503021240234375,47.50532531738281,-248.30226135253906
4.698944091796875,48.667449951171875,-248.83116149902344
3.9699859619140625,49.41583251953125,-248.65219116210938
3.2945098876953125,50.191986083984375,-248.17160034179688
2.7380218505859375,51.564697265625,-248.16162109375
1.93878173828125,52.56935119628906,-247.75759887695312
0.9741973876953125,53.84849548339844,-248.00184631347656
0.5043487548828125,55.262847900390625,-248.11341857910156
-0.0153961181640625,56.66729736328125,-248.30526733398438
-1.02789306640625,57.75663757324219,-248.44200134277344
-1.41217041015625,59.29913330078125,-248.7010955810547
-2.5554351806640625,60.19648742675781,-248.48263549804688
-3.487030029296875,60.9091796875,-248.547119140625
-4.328765869140625,62.184051513671875,-248.85179138183594
-5.395843505859375,62.89872741699219,-248.75523376464844
-6.1332244873046875,63.71966552734375,-248.9658966064453
-7.073516845703125,64.96644592285156,-249.0835723876953
-7.7095489501953125,66.1405029296875,-249.19583129882812
-8.590682983398438,66.98066711425781,-249.81700134277344
-9.283554077148438,67.64701843261719,-250.0732879638672
-9.773284912109375,68.55380249023438,-250.9210662841797
-10.570327758789062,69.66343688964844,-251.10891723632812
-11.878158569335938,70.45790100097656,-251.2962188720703
-11.952163696289062,71.65570068359375,-251.7683868408203
-12.752792358398438,71.81993103027344,-252.10740661621094
-13.34686279296875,72.8426513671875,-252.28977966308594
-14.175872802734375,73.33662414550781,-253.11172485351562
-14.6953125,73.52174377441406,-253.23609924316406
-15.30194091796875,73.85438537597656,-253.6140594482422
-16.274703979492188,74.45475769042969,-253.6922149658203
-16.693267822265625,74.430419921875,-254.0987091064453
-17.082412719726562,74.70980834960938,-254.6163330078125
-17.875518798828125,75.21290588378906,-254.33895874023438
-18.028900146484375,75.52813720703125,-255.1107635498047
-18.25537109375,75.93731689453125,-255.30044555664062
-18.289413452148438,76.44551086425781,-255.40953063964844
-18.398910522460938,76.86825561523438,-256.338623046875
-19.061737060546875,77.34530639648438,-256.334228515625
-18.671875,77.3369140625,-256.76806640625
-18.40679931640625,77.7132568359375,-257.06939697265625
-18.881454467773438,77.77781677246094,-257.31195068359375
-19.11798095703125,78.01744079589844,-257.34478759765625
-18.959060668945312,77.99430847167969,-257.42730712890625
-19.062850952148438,78.09483337402344,-257.77215576171875
-19.523300170898438,78.05776977539062,-257.7127685546875
-19.496841430664062,78.3006591796875,-258.15301513671875
-19.431610107421875,78.31686401367188,-258.033447265625
-20.471542358398438,78.18074035644531,-257.96832275390625
-21.654510498046875,77.94612121582031,-257.4732666015625
-22.27166748046875,77.90800476074219,-258.297607421875
-22.09075927734375,77.97805786132812,-258.1793212890625
-22.00225830078125,77.84524536132812,-258.0704040527344
-22.080856323242188,78.04676818847656,-257.78985595703125
-22.427642822265625,77.7760009765625,-257.9843444824219
-22.443588256835938,77.61978149414062,-257.853271484375
-22.937362670898438,77.59181213378906,-257.8857116699219
-22.557998657226562,77.64002990722656,-258.04119873046875
-22.866592407226562,77.46673583984375,-257.643310546875
-22.92572021484375,77.29464721679688,-257.63323974609375
-23.311782836914062,77.52116394042969,-257.55242919921875
-22.906936645507812,77.70834350585938,-257.9654541015625
-22.804046630859375,77.55718994140625,-257.68914794921875
-22.745574951171875,77.57029724121094,-257.867431640625
-22.859130859375,77.66946411132812,-257.60760498046875
-22.8538818359375,77.66091918945312,-258.3594970703125
-22.980789184570312,77.57752990722656,-258.0240783691406
-23.061553955078125,77.88444519042969,-258.03155517578125
-23.110748291015625,77.77194213867188,-257.9998779296875
-23.121749877929688,77.89265441894531,-257.7300720214844
-23.256240844726562,77.94584655761719,-257.879638671875
-23.40936279296875,77.91278076171875,-257.70831298828125
-23.13482666015625,77.60557556152344,-257.98760986328125
-23.09197998046875,77.99630737304688,-258.13665771484375
-23.1734619140625,77.86256408691406,-257.89605712890625
-23.025283813476562,77.72050476074219,-258.033203125
-23.11492919921875,77.857177734375,-257.95404052734375
-23.337173461914062,78.20137023925781,-257.08721923828125
-23.272506713867188,77.6585693359375,-257.6788330078125
-23.096435546875,77.83595275878906,-258.0057373046875
-23.39910888671875,77.95411682128906,-257.716796875
-23.247543334960938,77.70700073242188,-257.9378967285156
-23.358718872070312,77.96934509277344,-257.51885986328125
-23.026275634765625,77.72509765625,-258.19488525390625
-23.29559326171875,77.58110046386719,-258.26947021484375
-23.038787841796875,77.50404357910156,-257.60089111328125
-23.273956298828125,77.88398742675781,-257.72442626953125
-23.019607543945312,77.59597778320312,-257.6375732421875
-23.296173095703125,77.82936096191406,-257.6806640625
-22.95526123046875,77.65458679199219,-258.2094421386719
-23.343170166015625,77.5303955078125,-258.19488525390625
-22.726089477539062,77.4595947265625,-258.0843811035156
-22.773666381835938,77.68606567382812,-257.5548400878906
-22.938095092773438,77.62800598144531,-258.12713623046875
-22.763931274414062,77.65278625488281,-257.630126953125
-22.9957275390625,77.73138427734375,-258.2147216796875
-23.065170288085938,77.66925048828125,-257.93365478515625
-22.941070556640625,77.58018493652344,-257.9534912109375
-22.910324096679688,77.68095397949219,-258.20880126953125
-23.062820434570312,77.57861328125,-258.1663513183594
-23.180999755859375,77.30879211425781,-258.082275390625
-23.133987426757812,77.51344299316406,-257.676025390625
-23.241470336914062,77.47235107421875,-257.9512634277344
-23.360427856445312,77.46290588378906,-257.92095947265625
-23.206878662109375,77.54048156738281,-258.02392578125
-23.241134643554688,77.40447998046875,-257.70941162109375
-23.342300415039062,77.71241760253906,-258.16448974609375
-23.142776489257812,77.48677062988281,-257.7445373535156
-23.022811889648438,77.69184875488281,-258.2088928222656
-23.050704956054688,77.58892822265625,-258.09002685546875
-23.407821655273438,77.72196960449219,-258.4985656738281
-23.039169311523438,77.67976379394531,-258.2237548828125
-23.215606689453125,77.6712646484375,-257.9861145019531
-23.000961303710938,77.59623718261719,-257.82098388671875
-23.434432983398438,77.60897827148438,-257.93621826171875
-23.292404174804688,77.48396301269531,-257.68218994140625
-23.058853149414062,77.82809448242188,-257.493408203125
-23.201370239257812,77.79469299316406,-257.97589111328125
-23.124969482421875,77.55523681640625,-257.67822265625
-23.3311767578125,77.74635314941406,-257.583984375
-23.172622680664062,77.875244140625,-258.048828125
-22.9144287109375,78.12478637695312,-257.68267822265625
-22.930404663085938,78.02490234375,-257.5751953125
-23.146255493164062,77.82084655761719,-257.6650390625
-23.094284057617188,77.8475341796875,-258.14373779296875
-23.160110473632812,77.71473693847656,-257.7852783203125
-23.04925537109375,78.03659057617188,-258.03948974609375
-23.010177612304688,77.88642883300781,-258.36669921875
-23.041824340820312,77.72567749023438,-258.4737548828125
-23.019546508789062,77.54667663574219,-258.63409423828125
-22.89892578125,77.70223999023438,-258.0084228515625
-22.914596557617188,77.72503662109375,-258.6229248046875
-23.148590087890625,77.77914428710938,-258.3474426269531
-22.8720703125,77.58279418945312,-258.0429992675781
-23.257568359375,77.58782958984375,-258.6664123535156
-23.126922607421875,77.81727600097656,-258.21923828125
-23.184524536132812,77.65789794921875,-258.0869445800781
-23.39013671875,77.6728515625,-258.276123046875
-22.943954467773438,77.54879760742188,-258.0433044433594
-22.810714721679688,77.58927917480469,-257.62298583984375
-23.030746459960938,77.93684387207031,-257.49822998046875
-23.0106201171875,77.96664428710938,-258.14556884765625
-23.188247680664062,77.83802795410156,-258.28424072265625
-23.283966064453125,77.66629028320312,-257.69451904296875
-23.050186157226562,77.56787109375,-257.5848388671875
-23.12109375,77.39790344238281,-257.7779846191406
-23.287750244140625,77.60292053222656,-257.78607177734375
-23.145462036132812,77.9141845703125,-258.137451171875
-23.068817138671875,77.88088989257812,-258.4087219238281
-23.240798950195312,77.78309631347656,-258.29296875
-23.232574462890625,77.53518676757812,-257.97576904296875
-23.142715454101562,77.87075805664062,-258.02197265625
-22.934295654296875,77.97532653808594,-258.19439697265625
-22.956832885742188,77.96195983886719,-257.95849609375
-22.889724731445312,77.78273010253906,-257.83294677734375
-22.71319580078125,77.84573364257812,-257.68902587890625
-22.964202880859375,77.82125854492188,-258.17315673828125
-23.257827758789062,77.9122314453125,-258.2110900878906
-23.025970458984375,77.68293762207031,-258.0970153808594
-22.909759521484375,77.58538818359375,-257.9239501953125
-22.865646362304688,77.27337646484375,-257.63507080078125
-23.069900512695312,77.22232055664062,-257.2877197265625
-23.274795532226562,77.69313049316406,-257.83282470703125
-23.1483154296875,77.31034851074219,-257.6846008300781
-23.016876220703125,77.60563659667969,-257.9703063964844
-23.02117919921875,77.71658325195312,-258.1033020019531
-22.908935546875,77.4476318359375,-258.55413818359375
-23.078598022460938,77.52713012695312,-258.48443603515625
-22.909637451171875,77.29641723632812,-258.14697265625
-23.088638305664062,77.66584777832031,-257.7818298339844
-23.310195922851562,77.77113342285156,-257.9730224609375
-23.4385986328125,77.63145446777344,-257.30438232421875
-22.9508056640625,77.84942626953125,-257.521484375
-23.01910400390625,77.87672424316406,-257.724365234375
-23.150375366210938,77.67457580566406,-257.46435546875
-22.880813598632812,77.80268859863281,-257.8453369140625
-23.029022216796875,77.73880004882812,-257.473876953125
-22.979461669921875,78.11126708984375,-257.34613037109375
-22.791778564453125,77.66488647460938,-258.0538024902344
-23.028152465820312,77.71058654785156,-257.491943359375
-23.089797973632812,77.98216247558594,-258.02777099609375
-23.067947387695312,77.77249145507812,-258.2274169921875
-23.298004150390625,78.01454162597656,-257.7061767578125
-22.935165405273438,77.93118286132812,-257.46240234375
-23.260955810546875,77.82748413085938,-257.7906799316406
-22.948150634765625,77.97091674804688,-258.21759033203125
-23.161834716796875,77.4605712890625,-257.6944580078125
-23.33953857421875,77.79861450195312,-257.95037841796875
-22.906967163085938,77.56010437011719,-257.4658203125
-22.72149658203125,77.47616577148438,-257.9910888671875
-22.729812622070312,77.58445739746094,-258.121826171875
-22.891082763671875,77.63175964355469,-258.0526428222656
-23.103744506835938,77.74978637695312,-257.9841613769531
-23.10723876953125,77.66241455078125,-257.61865234375
-23.097335815429688,77.78553771972656,-258.36676025390625
-23.035598754882812,78.04022216796875,-258.1122741699219
-23.3975830078125,77.52194213867188,-257.63067626953125
-22.773849487304688,77.65487670898438,-257.90386962890625
-23.182342529296875,77.97526550292969,-258.0729064941406
-22.882431030273438,77.58567810058594,-257.8210754394531
-22.580154418945312,77.85870361328125,-257.87786865234375
-22.575881958007812,77.62950134277344,-258.19915771484375
-22.669677734375,77.91487121582031,-257.8049621582031
-22.465957641601562,77.85166931152344,-258.10272216796875
-22.602340698242188,77.59242248535156,-258.27484130859375
-22.469085693359375,77.96360778808594,-257.8323669433594
-22.556442260742188,78.01498413085938,-257.83282470703125
-22.627349853515625,77.76080322265625,-257.98760986328125
-22.850814819335938,77.614501953125,-258.1871337890625
-22.986846923828125,77.71864318847656,-258.19964599609375
-22.883148193359375,77.72319030761719,-258.21551513671875
-22.815673828125,77.6060791015625,-257.980712890625
-22.5625,77.59982299804688,-258.43292236328125
-22.593963623046875,77.9700927734375,-258.7215576171875
-22.940948486328125,77.57383728027344,-258.5025634765625
-22.99493408203125,77.92556762695312,-257.45208740234375
-23.132827758789062,77.93434143066406,-257.6676025390625
-22.88653564453125,77.62619018554688,-257.8622131347656
-22.872451782226562,77.83700561523438,-258.29364013671875
-22.877090454101562,77.58029174804688,-258.4405517578125
-23.298797607421875,77.62681579589844,-258.1888427734375
-23.095703125,77.67375183105469,-258.15582275390625
-23.049087524414062,77.71145629882812,-257.8586120605469
-22.819549560546875,77.84506225585938,-257.8980712890625
-22.462249755859375,77.60173034667969,-257.9418029785156
-22.475204467773438,77.6944580078125,-258.40570068359375
-22.260574340820312,77.71572875976562,-257.95977783203125
-21.770553588867188,77.66021728515625,-257.59063720703125
-21.987945556640625,77.91470336914062,-258.286376953125
-21.619842529296875,77.98529052734375,-257.9776611328125
-21.550308227539062,77.93472290039062,-258.3550720214844
-21.68115234375,77.9908447265625,-258.2503662109375
-21.965957641601562,77.97325134277344,-258.19561767578125
-21.659637451171875,77.87930297851562,-257.738037109375
-21.386077880859375,77.91200256347656,-257.64886474609375
-21.392547607421875,78.05265808105469,-258.01519775390625
-21.143081665039062,77.97181701660156,-257.8387451171875
-21.150665283203125,78.28419494628906,-257.5206298828125
-21.403030395507812,78.18238830566406,-257.4521789550781
-21.251815795898438,78.27200317382812,-258.026123046875
-21.035675048828125,78.07781982421875,-258.1260681152344
-20.820053100585938,78.11309814453125,-257.5133056640625
-20.60418701171875,78.14384460449219,-257.79046630859375
-20.527542114257812,78.022216796875,-257.3226318359375
-19.969161987304688,78.31362915039062,-257.4888000488281
-20.019943237304688,78.325439453125,-257.4138488769531
-18.846603393554688,78.16230773925781,-257.135986328125
-17.6136474609375,77.73399353027344,-257.18206787109375
-17.5028076171875,77.56283569335938,-257.3092956542969
-17.25103759765625,77.64202880859375,-256.1558837890625
-17.584075927734375,77.70213317871094,-255.56568908691406
-17.216644287109375,77.17193603515625,-254.88125610351562
-16.543472290039062,76.43759155273438,-254.38255310058594
-16.136947631835938,75.97705078125,-253.89732360839844
-15.728546142578125,75.0751953125,-253.0077362060547
-15.663681030273438,74.01991271972656,-252.36038208007812
-15.701980590820312,72.75239562988281,-251.71627807617188
-15.653564453125,71.322021484375,-250.9932861328125
-15.2476806640625,70.0816650390625,-250.12289428710938
-14.007415771484375,68.83720397949219,-249.7200927734375
-13.371719360351562,67.1990966796875,-248.90969848632812
-12.613021850585938,65.22172546386719,-248.1324005126953
-12.39569091796875,64.14053344726562,-247.9312744140625
-11.9884033203125,62.3211669921875,-247.29888916015625
-11.414657592773438,60.932037353515625,-246.21487426757812
-11.356307983398438,59.156402587890625,-246.00747680664062
-10.914276123046875,58.32441711425781,-245.96685791015625
-10.775726318359375,57.2568359375,-245.4796905517578
-10.046096801757812,56.031494140625,-245.06011962890625
-10.1142578125,54.46728515625,-244.12135314941406
-9.226409912109375,53.783843994140625,-244.79478454589844
-8.223297119140625,52.532379150390625,-244.61868286132812
-7.985321044921875,51.453094482421875,-244.5724334716797
-6.928863525390625,49.93318176269531,-244.7810821533203
-6.214691162109375,48.958953857421875,-244.70489501953125
-5.5445404052734375,47.6591796875,-245.47952270507812
-4.7475738525390625,46.485626220703125,-244.8673095703125
-4.1273193359375,45.11708068847656,-245.26089477539062
-3.6139678955078125,43.74281311035156,-245.5587615966797
-2.81787109375,42.75962829589844,-245.32554626464844
-2.300506591796875,41.54969787597656,-246.07882690429688
-1.7905426025390625,40.74546813964844,-246.06813049316406
-1.28106689453125,40.1851806640625,-246.46177673339844
-0.970184326171875,38.93675231933594,-246.81710815429688
-0.427093505859375,37.93818664550781,-246.90538024902344
0.1192779541015625,37.28269958496094,-247.2627410888672
0.44024658203125,36.206787109375,-247.80397033691406
0.82110595703125,35.04705810546875,-248.2639617919922
1.355072021484375,34.372711181640625,-248.3060302734375
2.24688720703125,33.56523132324219,-248.6006622314453
2.6492156982421875,32.54643249511719,-249.41616821289062
3.2688751220703125,31.998947143554688,-250.0225372314453
3.951934814453125,31.101654052734375,-250.16050720214844
4.530548095703125,30.577056884765625,-250.36746215820312
5.04132080078125,30.419662475585938,-251.15687561035156
5.3707122802734375,29.701309204101562,-251.51876831054688
5.539825439453125,29.044357299804688,-251.5100555419922
5.40106201171875,28.344635009765625,-251.89846801757812
4.8185577392578125,27.395889282226562,-251.58287048339844
4.8410186767578125,26.481735229492188,-251.66009521484375
4.7559051513671875,26.027557373046875,-252.33468627929688
4.4069366455078125,25.398834228515625,-251.56161499023438
4.47845458984375,24.86737060546875,-252.33285522460938
4.5596160888671875,24.9534912109375,-252.87799072265625
4.2633056640625,24.582733154296875,-252.93617248535156
4.6089019775390625,24.493621826171875,-253.3458251953125
4.6162567138671875,24.352783203125,-253.16456604003906
5.3070831298828125,24.027877807617188,-253.28163146972656
5.4139862060546875,24.038772583007812,-253.69656372070312
5.3899688720703125,23.776504516601562,-253.4457550048828
5.3794708251953125,23.65594482421875,-253.7408905029297
5.8665618896484375,23.733917236328125,-253.4810028076172
5.884918212890625,23.461105346679688,-253.78323364257812
6.1783294677734375,23.239486694335938,-254.16815185546875
6.178314208984375,22.861007690429688,-254.60198974609375
6.1261138916015625,22.88897705078125,-254.09327697753906
6.44415283203125,22.472259521484375,-254.86083984375
6.5626678466796875,21.91632080078125,-255.62149047851562
6.410858154296875,21.25189208984375,-255.70986938476562
6.5918731689453125,20.941131591796875,-256.25750732421875
6.625701904296875,20.7913818359375,-255.94114685058594
6.3864593505859375,20.30499267578125,-256.1253356933594
6.7792510986328125,19.980743408203125,-256.7599182128906
6.899200439453125,19.700454711914062,-256.5435485839844
7.083251953125,20.129669189453125,-256.999267578125
6.92181396484375,19.85540771484375,-256.56304931640625
7.105194091796875,19.85693359375,-256.9247741699219
7.580535888671875,20.112106323242188,-256.954345703125
7.65667724609375,19.822113037109375,-257.30804443359375
7.59515380859375,19.802688598632812,-257.4774169921875
7.7193145751953125,19.784942626953125,-256.92034912109375
7.9309539794921875,19.615921020507812,-257.60943603515625
7.7432403564453125,19.141448974609375,-257.56036376953125
8.650115966796875,18.9921875,-257.53253173828125
7.94287109375,19.023666381835938,-258.014404296875
8.128799438476562,18.833358764648438,-258.24859619140625
7.799530029296875,18.949630737304688,-258.10955810546875
7.1484375,19.1932373046875,-258.20037841796875
5.4431915283203125,20.98828125,-257.4899597167969
5.561981201171875,20.957611083984375,-257.14111328125
5.33587646484375,20.895187377929688,-257.69970703125
5.3519744873046875,20.861648559570312,-257.7472229003906
5.3303680419921875,21.041458129882812,-257.07080078125
4.08441162109375,21.867050170898438,-256.84442138671875
2.64678955078125,22.81671142578125,-256.6739501953125
1.9785003662109375,23.484130859375,-256.14141845703125
1.089935302734375,24.070663452148438,-255.8768310546875
2.6162872314453125,23.183197021484375,-256.0718688964844
18.934768676757812,2.302734375,-255.5340118408203
14.244125366210938,4.931427001953125,-253.7268829345703
11.841079711914062,8.729171752929688,-252.04539489746094
11.222274780273438,10.747207641601562,-250.1845245361328
11.532852172851562,10.989166259765625,-249.4513702392578
12.862213134765625,9.955123901367188,-248.89349365234375
15.464340209960938,6.9035186767578125,-248.02244567871094
17.120147705078125,5.5601806640625,-247.4251251220703
15.680770874023438,5.7496337890625,-245.69163513183594
20.711898803710938,-6.085968017578125,-245.74026489257812
36.094329833984375,-30.544876098632812,-246.5745849609375
42.44500732421875,-38.121307373046875,-244.74354553222656
39.89903259277344,-32.84172058105469,-241.78494262695312
37.85496520996094,-29.68084716796875,-239.72132873535156
36.74635314941406,-29.287384033203125,-237.98558044433594
36.29756164550781,-28.847427368164062,-236.4023895263672
35.53507995605469,-29.20733642578125,-235.4936065673828
35.25042724609375,-29.5849609375,-234.63160705566406
35.08502197265625,-29.84124755859375,-233.7938995361328
34.95246887207031,-30.10028076171875,-233.261962890625
34.64521789550781,-30.217697143554688,-233.04615783691406
34.70066833496094,-30.462326049804688,-232.79135131835938
34.59825134277344,-30.503219604492188,-233.07461547851562
34.033233642578125,-30.674285888671875,-232.66738891601562
34.07212829589844,-30.725799560546875,-231.96755981445312
33.98150634765625,-30.815032958984375,-232.56524658203125
33.48554992675781,-30.453292846679688,-232.0030059814453
33.07843017578125,-30.257736206054688,-231.83685302734375
32.73919677734375,-29.878646850585938,-231.5104522705078
32.90055847167969,-29.87115478515625,-231.4485626220703
33.09423828125,-29.880706787109375,-231.2214813232422
32.92063903808594,-29.508926391601562,-231.25582885742188
33.15315246582031,-29.494796752929688,-231.5717315673828
32.660125732421875,-29.594009399414062,-231.2760467529297
32.67535400390625,-29.003753662109375,-231.1299591064453
32.40745544433594,-28.448150634765625,-230.91650390625
32.043212890625,-28.686813354492188,-230.58758544921875
31.921798706054688,-28.36279296875,-230.41395568847656
31.630569458007812,-28.050277709960938,-230.53396606445312
31.363723754882812,-27.873611450195312,-230.48544311523438
31.6080322265625,-27.55963134765625,-230.18179321289062
31.268753051757812,-27.214324951171875,-229.62765502929688
31.254974365234375,-27.02435302734375,-229.96072387695312
31.190093994140625,-26.767623901367188,-229.9933624267578
31.140884399414062,-26.368820190429688,-229.79959106445312
31.689605712890625,-25.831085205078125,-229.55136108398438
31.626556396484375,-25.79400634765625,-229.02044677734375
31.192337036132812,-24.8955078125,-229.60447692871094
31.164947509765625,-24.627349853515625,-229.21461486816406
31.098968505859375,-23.800750732421875,-229.0188446044922
31.593856811523438,-23.26611328125,-228.4899444580078
30.858673095703125,-22.72149658203125,-228.47401428222656
30.896102905273438,-21.700363159179688,-228.2928924560547
30.812347412109375,-20.686233520507812,-227.9208526611328
30.555770874023438,-20.019760131835938,-227.552001953125
30.606094360351562,-19.03851318359375,-227.18345642089844
30.022918701171875,-18.020492553710938,-227.25633239746094
29.787429809570312,-16.669387817382812,-226.8911895751953
29.600692749023438,-15.411514282226562,-226.52919006347656
29.54400634765625,-14.415206909179688,-226.55294799804688
28.981979370117188,-13.047897338867188,-226.66822814941406
28.904434204101562,-12.225204467773438,-226.4659881591797
28.571502685546875,-10.552322387695312,-226.52536010742188
28.464447021484375,-9.682174682617188,-225.97776794433594
27.733551025390625,-8.36431884765625,-226.02301025390625
27.427963256835938,-7.6350250244140625,-226.60690307617188
27.151214599609375,-6.2870941162109375,-226.4458770751953
27.018646240234375,-5.2739715576171875,-225.9748992919922
26.81280517578125,-4.2333831787109375,-225.71942138671875
26.4862060546875,-3.4921112060546875,-226.4611053466797
26.131698608398438,-2.2896575927734375,-226.30711364746094
26.04638671875,-0.9497222900390625,-226.4407958984375
25.3837890625,0.0754852294921875,-226.44381713867188
25.60540771484375,1.275543212890625,-226.81991577148438
25.12060546875,2.19873046875,-227.19418334960938
24.355148315429688,3.7043609619140625,-226.89466857910156
23.53216552734375,4.6103057861328125,-227.4085693359375
23.128677368164062,6.25836181640625,-227.39102172851562
22.610260009765625,7.09857177734375,-228.08197021484375
21.738739013671875,8.15447998046875,-228.72813415527344
21.1138916015625,9.516433715820312,-228.53689575195312
20.209503173828125,10.808258056640625,-229.0441131591797
19.855010986328125,12.12127685546875,-229.2811279296875
19.80853271484375,12.67919921875,-229.75033569335938
19.064102172851562,14.009353637695312,-230.4110565185547
18.873016357421875,14.962234497070312,-230.48023986816406
18.841033935546875,15.745315551757812,-231.33682250976562
18.298934936523438,16.660369873046875,-231.55967712402344
18.04364013671875,17.282363891601562,-231.7579345703125
17.795059204101562,17.602981567382812,-232.3596954345703
17.51708984375,18.389785766601562,-232.7923126220703
16.920501708984375,19.019119262695312,-232.7791748046875
16.666610717773438,19.661651611328125,-233.112548828125
16.964096069335938,20.126968383789062,-233.94985961914062
16.327362060546875,20.261276245117188,-234.0918731689453
15.7857666015625,20.664199829101562,-234.14404296875
16.011947631835938,20.971847534179688,-234.2280731201172
15.803558349609375,21.623016357421875,-234.67227172851562
15.5018310546875,21.745468139648438,-234.8178253173828
15.1688232421875,22.451736450195312,-235.64292907714844
15.143020629882812,22.504257202148438,-235.1689453125
14.372146606445312,22.807891845703125,-235.55247497558594
14.424423217773438,22.846923828125,-235.7754669189453
13.862518310546875,23.281661987304688,-236.50035095214844
13.9788818359375,23.49261474609375,-236.45669555664062
13.26824951171875,24.107574462890625,-236.770263671875
13.188034057617188,24.181900024414062,-237.47964477539062
12.4521484375,24.81591796875,-237.63865661621094
12.296310424804688,24.938934326171875,-237.71876525878906
12.033355712890625,25.391494750976562,-237.85858154296875
11.386398315429688,25.698776245117188,-237.87631225585938
10.97210693359375,26.202774047851562,-238.5231170654297
10.583908081054688,26.589630126953125,-239.132568359375
10.00079345703125,26.912017822265625,-239.039794921875
9.507415771484375,26.721176147460938,-239.608642578125
9.309738159179688,27.156402587890625,-239.68551635742188
9.085174560546875,26.927566528320312,-239.637451171875
8.732757568359375,26.522628784179688,-240.0504608154297
8.773681640625,26.793548583984375,-239.8406219482422
8.444198608398438,26.934371948242188,-239.83123779296875
8.097763061523438,26.890853881835938,-239.7258758544922
7.916839599609375,26.83795166015625,-239.4932098388672
7.589508056640625,26.53961181640625,-239.47584533691406
7.2881927490234375,26.632293701171875,-239.1962890625
7.5321807861328125,26.707626342773438,-239.71788024902344
6.8867950439453125,26.677993774414062,-239.5998077392578
6.9046173095703125,26.435073852539062,-239.45498657226562
6.92919921875,26.332275390625,-239.3731689453125
6.8021240234375,26.38543701171875,-239.97193908691406
6.6035308837890625,26.109176635742188,-239.45018005371094
6.26025390625,26.105087280273438,-239.40704345703125
6.64727783203125,26.051132202148438,-239.10372924804688
6.3777008056640625,26.10565185546875,-238.97093200683594
5.7502288818359375,25.896148681640625,-239.10012817382812
5.819854736328125,25.545791625976562,-238.62881469726562
5.6126251220703125,25.7501220703125,-239.03541564941406
5.5761260986328125,25.36529541015625,-238.43365478515625
5.795684814453125,25.465927124023438,-238.4344024658203
5.2187652587890625,25.332901000976562,-238.48057556152344
5.4354248046875,24.833953857421875,-237.93922424316406
5.7953033447265625,24.9232177734375,-238.09983825683594
5.584197998046875,25.094223022460938,-237.86073303222656
5.2750244140625,24.981430053710938,-238.7017822265625
5.195404052734375,24.975555419921875,-237.79335021972656
5.17724609375,24.429092407226562,-238.2990264892578
4.9392547607421875,24.59320068359375,-237.8922882080078
5.1701812744140625,24.06060791015625,-237.46762084960938
5.2342987060546875,23.968978881835938,-237.11599731445312
5.58349609375,23.629196166992188,-236.42369079589844
5.8885498046875,23.990997314453125,-236.74136352539062
5.52899169921875,24.03424072265625,-236.92588806152344
5.68450927734375,24.02801513671875,-236.9300994873047
5.8359527587890625,24.10638427734375,-236.75965881347656
5.6662445068359375,24.270797729492188,-236.79495239257812
6.0763092041015625,24.009750366210938,-237.3694610595703
6.11358642578125,24.07110595703125,-237.60777282714844
5.7157745361328125,23.784896850585938,-236.9482421875
5.7721710205078125,23.9871826171875,-237.3320770263672
5.6224517822265625,23.731094360351562,-237.29783630371094
5.4092559814453125,23.990829467773438,-237.49156188964844
5.249481201171875,23.915298461914062,-237.39822387695312
5.506744384765625,23.571929931640625,-237.3684844970703
5.3909912109375,24.03875732421875,-237.86622619628906
5.2627105712890625,23.793472290039062,-237.39146423339844
5.53741455078125,23.7677001953125,-237.21319580078125
5.30328369140625,24.015975952148438,-237.1841278076172
5.36468505859375,24.03521728515625,-237.4286651611328
5.51885986328125,24.150604248046875,-237.79949951171875
5.3754730224609375,23.5450439453125,-237.47145080566406
5.57147216796875,23.57781982421875,-237.6056365966797
5.5794219970703125,23.729354858398438,-237.16017150878906
5.5841827392578125,24.055419921875,-237.63009643554688
5.7197265625,23.712890625,-237.64964294433594
5.269073486328125,23.887680053710938,-237.26780700683594
5.310028076171875,23.79083251953125,-237.7160186767578
5.3673248291015625,23.813201904296875,-237.46331787109375
5.2915496826171875,23.836151123046875,-237.5830841064453
4.7286834716796875,23.575775146484375,-237.6082000732422
5.319915771484375,23.688125610351562,-237.51971435546875
5.2911834716796875,23.577484130859375,-237.79006958007812
5.289886474609375,23.721038818359375,-237.75836181640625
5.1833343505859375,23.74267578125,-238.0093536376953
5.192718505859375,23.475479125976562,-237.83229064941406
5.350067138671875,23.722274780273438,-237.6838836669922
5.2021026611328125,23.525161743164062,-237.7831573486328
5.1044158935546875,23.653793334960938,-237.2841339111328
5.541015625,23.45965576171875,-238.1123809814453
5.3793487548828125,23.129669189453125,-237.31155395507812
5.4022369384765625,23.478439331054688,-237.73135375976562
5.4530029296875,23.499435424804688,-237.99151611328125
5.592071533203125,23.805068969726562,-237.7914276123047
5.7680206298828125,23.370132446289062,-237.72132873535156
5.66632080078125,23.515167236328125,-237.7160186767578
5.3990631103515625,23.67840576171875,-237.75144958496094
5.1487579345703125,23.331695556640625,-237.4063262939453
5.0936279296875,23.325515747070312,-237.67068481445312
5.3478546142578125,23.291900634765625,-237.2384033203125
5.2678985595703125,23.454376220703125,-237.388427734375
5.191650390625,23.78155517578125,-237.46658325195312
5.6421661376953125,23.301437377929688,-237.3438720703125
5.4188232421875,23.765045166015625,-237.4982452392578
5.259857177734375,23.630523681640625,-237.2813262939453
5.570465087890625,23.377410888671875,-237.73963928222656
5.6102752685546875,23.467483520507812,-237.69049072265625
5.6734161376953125,23.7615966796875,-237.84559631347656
5.1438751220703125,23.571273803710938,-237.55239868164062
5.0838470458984375,23.633544921875,-237.70437622070312
5.4443511962890625,23.490982055664062,-238.0454559326172
5.289306640625,23.52838134765625,-238.39894104003906
5.4536590576171875,23.708038330078125,-237.82550048828125
5.444854736328125,23.386016845703125,-237.14199829101562
5.2659454345703125,23.529998779296875,-237.40675354003906
5.4416351318359375,23.639083862304688,-237.86338806152344
5.257904052734375,23.669662475585938,-238.04710388183594
5.652252197265625,23.197372436523438,-237.85047912597656
5.1848297119140625,23.720352172851562,-238.1306610107422
5.442352294921875,23.5767822265625,-237.9237823486328
5.0794219970703125,23.573562622070312,-237.48724365234375
5.334228515625,23.322555541992188,-237.72625732421875
5.1646728515625,23.644058227539062,-237.45126342773438
5.01348876953125,23.652786254882812,-237.35873413085938
5.208465576171875,23.664520263671875,-237.83570861816406
5.1214599609375,23.189834594726562,-237.41310119628906
5.0208892822265625,23.4266357421875,-237.61671447753906
5.131561279296875,23.420257568359375,-237.3498077392578
5.3112030029296875,23.1339111328125,-237.0974578857422
5.534027099609375,23.287567138671875,-237.5972442626953
5.3060302734375,23.531997680664062,-237.53976440429688
5.2109222412109375,23.419052124023438,-237.28831481933594
4.9974822998046875,23.372528076171875,-237.65219116210938
5.258697509765625,23.379730224609375,-237.4476318359375
5.0845794677734375,23.074722290039062,-237.23243713378906
5.2821502685546875,23.156280517578125,-237.57315063476562
5.11749267578125,23.602630615234375,-237.57522583007812
5.5083465576171875,23.555343627929688,-237.12991333007812
5.2486114501953125,23.632827758789062,-237.66891479492188
5.3618316650390625,23.128372192382812,-237.28738403320312
5.177001953125,23.525924682617188,-237.3481903076172
4.8489227294921875,23.2705078125,-237.2134552001953
5.27069091796875,23.634078979492188,-237.10609436035156
5.4232025146484375,23.5335693359375,-237.5287322998047
5.3408966064453125,23.715988159179688,-237.28598022460938
5.2593841552734375,23.263397216796875,-237.56915283203125
5.1107330322265625,23.21392822265625,-237.24740600585938
5.1542510986328125,23.60455322265625,-237.79031372070312
5.053009033203125,23.331451416015625,-237.40187072753906
5.35662841796875,23.420944213867188,-237.6844482421875
5.447723388671875,23.44598388671875,-237.56813049316406
5.5985565185546875,23.936920166015625,-237.6700439453125
5.495697021484375,23.473922729492188,-237.93167114257812
5.308624267578125,23.532821655273438,-237.63011169433594
5.34869384765625,23.780746459960938,-237.61245727539062
5.286773681640625,23.472152709960938,-238.15960693359375
5.2730255126953125,23.446945190429688,-237.73236083984375
5.2037200927734375,23.262863159179688,-237.85682678222656
5.2689361572265625,23.666732788085938,-237.8656768798828
5.41741943359375,23.432342529296875,-237.78939819335938
5.4153900146484375,23.271194458007812,-237.84368896484375
5.4525299072265625,23.159835815429688,-237.4930877685547
5.236846923828125,23.915512084960938,-237.9783935546875
5.62530517578125,23.760879516601562,-237.8172149658203
5.44384765625,23.412841796875,-237.65443420410156
5.46282958984375,23.749252319335938,-237.5482940673828
5.1214599609375,23.425521850585938,-237.79002380371094
5.4543304443359375,23.164627075195312,-237.61981201171875
5.31829833984375,23.755966186523438,-237.67164611816406
5.3522186279296875,23.527023315429688,-237.31040954589844
5.4783782958984375,23.61358642578125,-237.12005615234375
5.295684814453125,23.935333251953125,-237.26560974121094
5.198272705078125,23.423446655273438,-237.32122802734375
5.3116912841796875,23.756988525390625,-236.94320678710938
5.2947540283203125,23.30419921875,-236.9394989013672
5.297515869140625,23.456695556640625,-237.11431884765625
5.3364715576171875,23.256332397460938,-237.44764709472656
5.3224639892578125,23.782958984375,-237.4634552001953
5.252838134765625,23.423736572265625,-237.1304168701172
5.34930419921875,23.396530151367188,-237.53089904785156
5.3744049072265625,23.564453125,-237.3189697265625
5.506317138671875,23.409454345703125,-237.36666870117188
5.550262451171875,23.283554077148438,-237.50039672851562
5.5439300537109375,23.457015991210938,-237.573974609375
5.591705322265625,23.21490478515625,-237.72898864746094
5.337371826171875,23.19940185546875,-237.34652709960938
5.2861480712890625,23.323562622070312,-237.84811401367188
5.2807159423828125,23.397323608398438,-237.41201782226562
5.244171142578125,23.418243408203125,-237.29176330566406
5.2675018310546875,23.24688720703125,-238.02488708496094
5.161346435546875,23.5882568359375,-237.49095153808594
5.00341796875,23.660720825195312,-237.35110473632812
5.0744781494140625,23.483535766601562,-237.11721801757812
5.0513458251953125,23.512405395507812,-236.96893310546875
5.23388671875,23.79034423828125,-237.83248901367188
5.2902069091796875,23.943374633789062,-237.92697143554688
5.5615692138671875,23.496124267578125,-237.63003540039062
5.164215087890625,23.283920288085938,-237.93130493164062
5.18524169921875,23.591262817382812,-237.53396606445312
4.688720703125,23.574111938476562,-237.451416015625
5.370391845703125,23.271835327148438,-237.5074005126953
5.099365234375,23.916961669921875,-237.28216552734375
5.40985107421875,23.661880493164062,-237.1730499267578
5.7745819091796875,23.727859497070312,-237.26663208007812
5.5296478271484375,23.389999389648438,-237.12387084960938
5.4366607666015625,23.791183471679688,-237.23033142089844
5.518341064453125,23.805679321289062,-237.69760131835938
5.5752410888671875,23.584808349609375,-237.75949096679688
6.0000152587890625,23.716110229492188,-237.7306365966797
6.477996826171875,23.788604736328125,-237.9942169189453
6.602508544921875,23.579910278320312,-238.16429138183594
6.6404266357421875,23.641830444335938,-237.74737548828125
6.8819427490234375,23.808242797851562,-238.04127502441406
6.9733123779296875,23.743682861328125,-237.9398193359375
7.549346923828125,24.077667236328125,-237.8367156982422
7.67376708984375,24.096633911132812,-237.4279327392578
8.007308959960938,23.786117553710938,-237.59027099609375
8.52001953125,23.959213256835938,-237.45077514648438
8.415802001953125,24.223480224609375,-237.60047912597656
8.85662841796875,24.372100830078125,-237.32418823242188
9.529678344726562,23.970382690429688,-236.7135467529297
9.761459350585938,23.8670654296875,-236.87428283691406
9.778060913085938,24.1297607421875,-237.11593627929688
10.135467529296875,24.345733642578125,-237.3909912109375
10.618698120117188,24.257675170898438,-237.59048461914062
10.916091918945312,24.377792358398438,-237.78366088867188
11.260833740234375,24.4154052734375,-237.29098510742188
11.131103515625,24.328521728515625,-237.5991973876953
11.411712646484375,24.257431030273438,-237.2320556640625
11.434371948242188,24.013336181640625,-237.20675659179688
11.405685424804688,24.114212036132812,-237.42462158203125
11.674179077148438,24.257904052734375,-237.4105682373047
11.319259643554688,24.386123657226562,-237.43341064453125
11.465286254882812,24.42669677734375,-237.5636749267578
10.960952758789062,24.602325439453125,-237.66534423828125
10.888259887695312,24.504364013671875,-237.1900177001953
11.201278686523438,23.995223999023438,-237.0301055908203
10.789520263671875,24.507919311523438,-237.12161254882812
11.116424560546875,24.229278564453125,-237.74383544921875
11.166854858398438,24.511825561523438,-237.15281677246094
10.891021728515625,24.22100830078125,-236.8189239501953
10.830062866210938,24.498992919921875,-237.4147491455078
10.912261962890625,24.508102416992188,-237.06776428222656
10.76104736328125,24.2740478515625,-237.30604553222656
11.185592651367188,24.30169677734375,-237.3448028564453
11.231735229492188,24.129150390625,-237.56362915039062
11.68072509765625,23.943695068359375,-236.83880615234375
12.273468017578125,23.692794799804688,-237.13768005371094
12.814056396484375,23.6844482421875,-236.56005859375
13.665634155273438,23.67620849609375,-236.01573181152344
13.92694091796875,23.237533569335938,-236.3523712158203
14.956375122070312,23.010635375976562,-235.7040252685547
15.425628662109375,22.599166870117188,-236.2902374267578
15.988204956054688,22.042373657226562,-235.52574157714844
16.45465087890625,21.769790649414062,-236.046875
16.963211059570312,21.672592163085938,-235.09124755859375
17.610687255859375,21.263442993164062,-234.5069122314453
18.071746826171875,21.18121337890625,-234.34097290039062
18.467422485351562,20.541244506835938,-233.8840789794922
18.9241943359375,19.8905029296875,-233.5160675048828
19.276458740234375,19.5042724609375,-233.11837768554688
19.797332763671875,18.088470458984375,-232.67172241210938
20.603118896484375,17.342239379882812,-232.130126953125
21.333969116210938,16.452529907226562,-231.4834747314453
22.004043579101562,15.061111450195312,-230.3731689453125
22.714508056640625,13.4046630859375,-229.96275329589844
23.66766357421875,12.124801635742188,-229.69085693359375
24.48663330078125,10.260635375976562,-228.70809936523438
24.974609375,8.095947265625,-228.17068481445312
25.995346069335938,6.3304595947265625,-227.49925231933594
26.763931274414062,4.100799560546875,-226.827392578125
27.831497192382812,2.1997528076171875,-227.03643798828125
28.718902587890625,-0.2885589599609375,-226.52413940429688
29.376312255859375,-1.794830322265625,-225.9983673095703
30.43994140625,-3.7960205078125,-226.20631408691406
31.066146850585938,-5.6982269287109375,-225.921142578125
31.938339233398438,-7.4090576171875,-226.51397705078125
32.06547546386719,-9.1719970703125,-226.65988159179688
32.85595703125,-10.979385375976562,-227.02008056640625
33.61930847167969,-12.573028564453125,-227.0003204345703
33.83796691894531,-14.259902954101562,-226.9565887451172
34.00856018066406,-15.64874267578125,-227.68930053710938
34.430938720703125,-17.496902465820312,-228.3076934814453
34.96018981933594,-18.859130859375,-228.6217803955078
35.539703369140625,-20.120193481445312,-229.2066650390625
35.77154541015625,-21.373703002929688,-229.63943481445312
36.14451599121094,-22.5186767578125,-230.09390258789062
36.60853576660156,-23.84698486328125,-231.16529846191406
36.71989440917969,-24.794647216796875,-231.2107391357422
36.8797607421875,-25.584991455078125,-231.31381225585938
36.989654541015625,-26.718582153320312,-231.77877807617188
36.840911865234375,-27.267776489257812,-232.623779296875
36.854248046875,-27.3895263671875,-232.50003051757812
36.637939453125,-27.504425048828125,-232.65025329589844
37.0439453125,-27.515777587890625,-232.6886749267578
36.729644775390625,-27.417709350585938,-232.88352966308594
36.79388427734375,-27.337265014648438,-232.7300567626953
36.38726806640625,-27.172439575195312,-232.45651245117188
36.122039794921875,-26.844924926757812,-232.07861328125
36.40093994140625,-26.45428466796875,-232.26348876953125
36.26959228515625,-25.803314208984375,-231.8320770263672
36.40673828125,-25.327835083007812,-231.41883850097656
36.03802490234375,-24.997100830078125,-230.760009765625
36.1622314453125,-24.523086547851562,-230.751708984375
36.14237976074219,-23.956344604492188,-231.0629119873047
36.13348388671875,-23.531280517578125,-230.93826293945312
36.202667236328125,-22.936309814453125,-230.4446563720703
35.94355773925781,-22.50433349609375,-230.4221954345703
35.9429931640625,-22.234954833984375,-230.3527374267578
35.99656677246094,-21.86376953125,-230.50730895996094
35.86529541015625,-21.763214111328125,-230.432373046875
35.96324157714844,-21.367996215820312,-230.3043670654297
36.31878662109375,-20.8038330078125,-230.2530975341797
36.32252502441406,-20.669158935546875,-230.43560791015625
36.64295959472656,-20.261123657226562,-230.70071411132812
36.248138427734375,-19.889663696289062,-230.37704467773438
36.34422302246094,-19.747634887695312,-230.34278869628906
36.62931823730469,-19.338729858398438,-230.4599151611328
36.60881042480469,-19.267547607421875,-230.07876586914062
36.394012451171875,-18.98382568359375,-230.2941436767578
36.34019470214844,-18.744537353515625,-230.3787384033203
36.34654235839844,-18.37908935546875,-229.821533203125
36.19258117675781,-18.122482299804688,-229.93759155273438
36.14703369140625,-17.666015625,-229.82421875
36.29331970214844,-17.218643188476562,-230.08404541015625
36.23002624511719,-17.304794311523438,-230.01397705078125
36.15496826171875,-17.072906494140625,-230.2158660888672
35.97064208984375,-17.07562255859375,-230.08116149902344
35.86140441894531,-16.965057373046875,-229.3478546142578
35.85089111328125,-16.824676513671875,-229.8291778564453
36.11878967285156,-16.820388793945312,-230.27828979492188
35.78736877441406,-16.85809326171875,-230.17405700683594
35.86097717285156,-16.974075317382812,-230.05728149414062
35.48429870605469,-17.081512451171875,-230.069091796875
35.32160949707031,-16.865005493164062,-229.9139862060547
35.78369140625,-16.983718872070312,-229.8926239013672
35.295654296875,-16.748458862304688,-229.91404724121094
34.94139099121094,-16.895797729492188,-229.7666015625
34.784881591796875,-16.3387451171875,-230.14239501953125
34.87046813964844,-16.368637084960938,-230.5985565185547
34.59324645996094,-16.5684814453125,-229.73776245117188
34.51594543457031,-16.136932373046875,-229.49600219726562
34.38740539550781,-15.891708374023438,-229.79104614257812
33.99861145019531,-15.23980712890625,-229.82742309570312
34.0513916015625,-14.955245971679688,-229.394775390625
33.92619323730469,-14.912628173828125,-228.8701171875
33.63041687011719,-14.104156494140625,-228.3442840576172
33.280242919921875,-13.514755249023438,-227.2983856201172
32.95469665527344,-13.32989501953125,-226.9311981201172
32.894775390625,-12.569931030273438,-226.3269805908203
32.86810302734375,-11.717575073242188,-225.5310516357422
32.052581787109375,-11.542617797851562,-224.71607971191406
31.8050537109375,-10.562759399414062,-224.22262573242188
31.483367919921875,-10.085296630859375,-222.97067260742188
30.424514770507812,-9.401412963867188,-221.93402099609375
30.33203125,-8.27239990234375,-221.4605255126953
29.670303344726562,-7.4828033447265625,-220.7137451171875
29.058303833007812,-5.9753265380859375,-219.7821502685547
28.268569946289062,-5.0926361083984375,-219.4015350341797
27.1282958984375,-3.82513427734375,-218.9473876953125
25.905990600585938,-2.6640625,-218.4376678466797
24.607986450195312,-0.9796142578125,-217.974365234375
23.217391967773438,0.6330718994140625,-217.7731475830078
21.791091918945312,1.965911865234375,-217.7339630126953
19.9215087890625,4.5703887939453125,-218.58738708496094
18.639114379882812,6.272796630859375,-219.6365966796875
17.541641235351562,8.18756103515625,-219.71356201171875
16.798919677734375,9.93695068359375,-219.63076782226562
16.317733764648438,11.814346313476562,-218.7707977294922
15.77496337890625,13.817977905273438,-218.29983520507812
15.608978271484375,15.597442626953125,-217.97047424316406
15.210769653320312,17.534149169921875,-217.93734741210938
15.155715942382812,19.123199462890625,-217.89187622070312
15.138870239257812,20.886520385742188,-217.71168518066406
15.248870849609375,23.15045166015625,-217.1783447265625
15.510360717773438,25.442123413085938,-216.93370056152344
15.365463256835938,27.686248779296875,-216.8085174560547
15.50042724609375,29.839340209960938,-217.90298461914062
15.229782104492188,32.400634765625,-219.52450561523438
15.780364990234375,34.15838623046875,-222.41282653808594
16.06427001953125,34.21995544433594,-226.82843017578125
17.049789428710938,32.35612487792969,-233.09500122070312
16.762374877929688,24.58544921875,-242.12991333007812
7.91363525390625,32.91780090332031,-250.84507751464844
7.6734466552734375,33.1708984375,-250.26077270507812
7.8673095703125,33.12318420410156,-249.83363342285156
8.030303955078125,33.76741027832031,-250.33306884765625
7.8956451416015625,33.41996765136719,-250.25311279296875
7.9557342529296875,33.82989501953125,-249.86520385742188
8.430633544921875,33.70417785644531,-249.85581970214844
8.451187133789062,33.96037292480469,-250.0636749267578
8.584091186523438,33.967315673828125,-250.2193145751953
8.543060302734375,33.83837890625,-250.16920471191406
8.444656372070312,34.25807189941406,-250.58534240722656
8.358489990234375,34.32249450683594,-250.07955932617188
8.420440673828125,34.24566650390625,-250.1382598876953
8.797744750976562,34.33030700683594,-250.26397705078125
8.28912353515625,34.58998107910156,-250.55734252929688
8.1134033203125,34.48951721191406,-249.8383331298828
8.33819580078125,34.80401611328125,-250.0941619873047
8.23919677734375,34.942657470703125,-250.12094116210938
8.009033203125,35.21739196777344,-250.27114868164062
7.889617919921875,35.28631591796875,-250.01893615722656
8.128128051757812,35.04469299316406,-250.07652282714844
8.173065185546875,35.52040100097656,-250.34552001953125
8.113677978515625,35.70606994628906,-249.95022583007812
7.7610931396484375,35.73503112792969,-249.8358917236328
7.525848388671875,35.694488525390625,-249.40122985839844
7.48736572265625,35.94593811035156,-249.40228271484375
7.21484375,36.01988220214844,-249.8516845703125
7.047119140625,36.13905334472656,-249.8175811767578
6.5776519775390625,36.524658203125,-249.66537475585938
6.3130035400390625,36.93144226074219,-249.21240234375
5.7109375,37.40962219238281,-248.7233428955078
5.31689453125,37.23835754394531,-248.44381713867188
5.3896484375,37.742706298828125,-248.59996032714844
5.1551055908203125,37.52525329589844,-248.4817657470703
4.5641632080078125,38.119537353515625,-248.6592254638672
4.280975341796875,38.84075927734375,-248.46249389648438
4.600738525390625,39.44163513183594,-248.39027404785156
4.3720703125,40.53240966796875,-248.11863708496094
4.2893829345703125,40.558074951171875,-248.61752319335938
4.2495269775390625,41.31365966796875,-248.42564392089844
3.9002532958984375,41.87141418457031,-248.47994995117188
4.0137176513671875,42.510955810546875,-248.30197143554688
4.187896728515625,43.02940368652344,-248.04470825195312
3.415863037109375,43.543670654296875,-247.9618377685547
3.0448760986328125,43.974945068359375,-248.02403259277344
2.5745391845703125,44.56233215332031,-247.6139373779297
2.3790283203125,45.12010192871094,-247.3131866455078
2.0289306640625,45.63116455078125,-247.0568389892578
1.691558837890625,45.96183776855469,-247.71395874023438
0.6542205810546875,47.330413818359375,-247.2736358642578
0.5371551513671875,48.1571044921875,-247.76727294921875
-0.1305084228515625,48.91355895996094,-247.17160034179688
-0.0345611572265625,49.75950622558594,-247.34835815429688
-0.60662841796875,51.30413818359375,-247.48167419433594
-1.3305816650390625,52.18891906738281,-247.83297729492188
-1.5619049072265625,53.1400146484375,-247.7038116455078
-2.01617431640625,54.113800048828125,-247.3312530517578
-2.46478271484375,55.27171325683594,-248.0596923828125
-3.3111419677734375,56.06524658203125,-248.16062927246094
-3.8726959228515625,56.79548645019531,-248.57623291015625
-4.3714447021484375,58.01310729980469,-248.12989807128906
-4.780120849609375,59.2034912109375,-248.945068359375
-5.0260467529296875,60.300994873046875,-249.28256225585938
-6.023284912109375,61.07502746582031,-249.49588012695312
-6.773590087890625,62.24749755859375,-249.32472229003906
-7.6157379150390625,63.3848876953125,-250.05592346191406
-8.130020141601562,64.38792419433594,-250.85580444335938
-9.08099365234375,65.1282958984375,-250.8585205078125
-9.754302978515625,66.07096862792969,-251.3752899169922
-10.387908935546875,66.65777587890625,-251.41571044921875
-10.9368896484375,67.78877258300781,-252.00633239746094
-11.65277099609375,68.19778442382812,-252.3346710205078
-12.305694580078125,68.96070861816406,-252.4868621826172
-12.818817138671875,69.51350402832031,-252.47549438476562
-13.999267578125,69.94216918945312,-252.8811492919922
-14.443008422851562,70.62062072753906,-253.23538208007812
-15.065399169921875,70.68678283691406,-253.94210815429688
-15.476181030273438,71.09541320800781,-253.75489807128906
-15.673004150390625,71.47038269042969,-253.9443359375
-16.414047241210938,71.59255981445312,-254.55166625976562
-16.458755493164062,72.5196533203125,-254.78858947753906
-16.755340576171875,72.50912475585938,-254.94180297851562
-17.209564208984375,73.05694580078125,-255.4676055908203
-17.149917602539062,73.15150451660156,-255.40232849121094
-17.911346435546875,73.44206237792969,-256.3152160644531
-18.006118774414062,73.95892333984375,-256.368408203125
-18.231430053710938,73.68067932128906,-256.3424987792969
-18.269973754882812,74.11338806152344,-256.2677001953125
-18.571868896484375,74.0537109375,-257.3511962890625
-19.096176147460938,74.48516845703125,-256.85797119140625
-19.351669311523438,74.50596618652344,-256.75830078125
-19.41961669921875,74.49861145019531,-258.0418701171875
-19.540618896484375,74.9815673828125,-257.6614990234375
-19.758148193359375,74.74514770507812,-257.86004638671875
-20.15740966796875,75.342041015625,-258.4010009765625
-19.884109497070312,75.40419006347656,-258.8055114746094
-19.836502075195312,75.25250244140625,-258.76580810546875
-20.236846923828125,75.36357116699219,-258.0897521972656
-20.015350341796875,75.52725219726562,-258.73876953125
-20.154815673828125,75.45191955566406,-258.6589660644531
-20.391738891601562,75.43295288085938,-258.5066223144531
-20.566818237304688,75.32064819335938,-258.3358459472656
-20.891876220703125,75.36445617675781,-258.5054931640625
-20.958297729492188,75.39422607421875,-258.8692321777344
-20.989456176757812,75.37358093261719,-258.40350341796875
-20.759185791015625,75.27378845214844,-258.65130615234375
-21.09246826171875,75.33088684082031,-258.510498046875
-21.28912353515625,75.36322021484375,-258.0205078125
-20.933486938476562,75.51463317871094,-258.35882568359375
-21.11920166015625,75.21044921875,-258.57391357421875
-21.311798095703125,75.07669067382812,-258.0402526855469
-20.836456298828125,75.22344970703125,-258.18328857421875
-21.108551025390625,75.12823486328125,-258.35302734375
-20.965591430664062,75.466064453125,-258.0592041015625
-21.050674438476562,75.31806945800781,-258.1053161621094
-21.170364379882812,75.39500427246094,-258.1092224121094
-21.083663940429688,75.62127685546875,-258.279541015625
-21.73358154296875,75.50164794921875,-257.9671630859375
-21.159500122070312,75.22019958496094,-258.3053894042969
-21.40484619140625,75.43359375,-258.203369140625
-21.311370849609375,75.24407958984375,-258.4878845214844
-21.19140625,75.52326965332031,-258.7958984375
-21.317672729492188,75.3804931640625,-257.99432373046875
-21.613601684570312,75.52021789550781,-257.84381103515625
-21.424972534179688,75.5963134765625,-257.9239501953125
-21.394699096679688,75.47842407226562,-258.30859375
-20.952301025390625,75.47259521484375,-258.3866882324219
-21.238967895507812,75.52066040039062,-258.84234619140625
-21.222885131835938,75.45079040527344,-258.06585693359375
-21.066864013671875,75.2130126953125,-258.7919616699219
-21.2042236328125,75.12533569335938,-259.03338623046875
-21.078262329101562,75.18548583984375,-258.293701171875
-21.371353149414062,75.24417114257812,-258.34906005859375
-21.390472412109375,75.568359375,-258.2041320800781
-21.199493408203125,74.86274719238281,-258.3673400878906
-21.741775512695312,75.394287109375,-258.6206970214844
-21.494430541992188,75.11622619628906,-257.991455078125
-21.587066650390625,75.08737182617188,-258.82293701171875
-21.115158081054688,75.42582702636719,-258.397216796875
-21.269943237304688,75.24598693847656,-258.41253662109375
-21.22698974609375,74.966552734375,-258.55291748046875
-21.156158447265625,75.26419067382812,-257.97027587890625
-21.266403198242188,75.20429992675781,-258.1927795410156
-21.347320556640625,75.34066772460938,-258.3414611816406
-21.615066528320312,75.57643127441406,-258.48553466796875
-21.504974365234375,75.5015869140625,-258.57574462890625
-21.32440185546875,75.26820373535156,-258.8330993652344
-21.349716186523438,75.47500610351562,-258.55609130859375
-21.220230102539062,75.38754272460938,-258.63482666015625
-21.570724487304688,75.23916625976562,-258.8333435058594
-21.295272827148438,75.29592895507812,-258.443359375
-21.192550659179688,75.1353759765625,-258.46502685546875
-21.147064208984375,75.30517578125,-258.1302795410156
-21.200210571289062,75.11637878417969,-258.23406982421875
-21.53753662109375,75.40414428710938,-258.0216064453125
-21.29547119140625,75.60481262207031,-258.360107421875
-21.486221313476562,74.80018615722656,-258.16064453125
-21.546890258789062,75.26095581054688,-257.8404541015625
-21.442947387695312,75.41471862792969,-258.25201416015625
-21.319564819335938,75.50776672363281,-257.544189453125
-21.43731689453125,75.20198059082031,-257.72955322265625
-21.4134521484375,74.9373779296875,-257.9840087890625
-21.413055419921875,75.22918701171875,-258.2025146484375
-21.448013305664062,75.349365234375,-258.4354248046875
-21.260604858398438,75.30250549316406,-257.82421875
-21.555877685546875,75.62040710449219,-257.9953308105469
-21.323760986328125,75.23002624511719,-257.9327697753906
-20.950057983398438,75.49378967285156,-258.20794677734375
-21.495758056640625,75.46308898925781,-258.090087890625
-21.060073852539062,75.56753540039062,-258.06561279296875
-21.2034912109375,75.32646179199219,-258.06072998046875
-21.666793823242188,75.06983947753906,-257.81854248046875
-21.151519775390625,75.06153869628906,-258.23651123046875
-21.15924072265625,75.31146240234375,-258.33197021484375
-21.1278076171875,75.07736206054688,-258.63763427734375
-21.02032470703125,75.29539489746094,-258.64105224609375
-21.152603149414062,75.33317565917969,-258.83306884765625
-21.312225341796875,75.25059509277344,-258.564453125
-21.047088623046875,75.38578796386719,-258.19952392578125
-21.127487182617188,75.49006652832031,-258.349853515625
-21.355575561523438,75.461181640625,-257.95318603515625
-21.146621704101562,74.93191528320312,-258.3583679199219
-21.615509033203125,75.29512023925781,-257.9748229980469
-21.408050537109375,75.69578552246094,-257.8276672363281
-21.362579345703125,75.2894287109375,-257.936767578125
-21.510543823242188,75.27381896972656,-258.0204772949219
-21.52886962890625,75.25276184082031,-257.888671875
-20.898788452148438,75.37440490722656,-257.8580627441406
-21.267776489257812,75.25111389160156,-258.0596923828125
-21.235992431640625,75.30026245117188,-258.15020751953125
-21.188873291015625,75.49346923828125,-258.58050537109375
-21.228805541992188,75.1961669921875,-257.9859924316406
-20.91302490234375,75.66775512695312,-258.41064453125
-20.905487060546875,75.36947631835938,-258.3379821777344
-21.158599853515625,75.29951477050781,-258.22955322265625
-21.109176635742188,75.57524108886719,-258.2970886230469
-21.129913330078125,75.06085205078125,-258.4064025878906
-21.334503173828125,74.77084350585938,-257.994384765625
-21.520248413085938,75.52532958984375,-258.5755615234375
-21.311508178710938,75.25059509277344,-258.4433288574219
-21.321182250976562,75.73651123046875,-258.43768310546875
-21.072357177734375,75.33323669433594,-258.542724609375
-21.279571533203125,75.45417785644531,-258.68035888671875
-21.21466064453125,75.29420471191406,-258.16851806640625
-21.340972900390625,75.6099853515625,-258.4166259765625
-21.093597412109375,75.463623046875,-258.5306396484375
-21.247238159179688,75.29481506347656,-258.38861083984375
-20.996871948242188,75.21788024902344,-258.5707092285156
-21.303466796875,75.5614013671875,-258.52734375
-21.374969482421875,75.32510375976562,-258.574462890625
-21.501449584960938,75.49787902832031,-258.59130859375
-21.562530517578125,75.60029602050781,-258.36517333984375
-21.431442260742188,75.31448364257812,-258.5907897949219
-21.293075561523438,74.99090576171875,-258.51251220703125
-21.190048217773438,75.10530090332031,-258.45306396484375
-21.391799926757812,75.55848693847656,-258.57989501953125
-21.6256103515625,75.31504821777344,-258.119140625
-21.309951782226562,75.29122924804688,-258.3914794921875
-21.45843505859375,75.32405090332031,-258.1982421875
-21.6279296875,75.07112121582031,-258.11431884765625
-21.41583251953125,75.06556701660156,-257.848388671875
-21.377914428710938,75.0615234375,-258.2380676269531
-21.327972412109375,74.93537902832031,-258.4999084472656
-21.688827514648438,74.83753967285156,-258.3377380371094
-21.721603393554688,75.210693359375,-258.1372375488281
-21.187210083007812,75.20686340332031,-258.340576171875
-21.484390258789062,75.39323425292969,-258.93206787109375
-21.501358032226562,75.65913391113281,-258.5350341796875
-21.15545654296875,75.3414306640625,-258.3836669921875
-21.623428344726562,75.27560424804688,-258.3800048828125
-21.684707641601562,75.30886840820312,-258.5462341308594
-21.46417236328125,75.40730285644531,-258.31170654296875
-21.416732788085938,75.32260131835938,-258.3336486816406
-21.100753784179688,75.43696594238281,-258.6895751953125
-21.6800537109375,75.86013793945312,-258.02252197265625
-21.5635986328125,75.60307312011719,-258.00982666015625
-21.703353881835938,75.59725952148438,-258.0759582519531
-21.384231567382812,75.55282592773438,-258.51019287109375
-21.731155395507812,75.45889282226562,-258.00341796875
-21.345901489257812,75.28556823730469,-258.07916259765625
-21.38153076171875,75.26034545898438,-258.3857727050781
-21.464111328125,75.35067749023438,-258.3724365234375
-21.628799438476562,75.46012878417969,-258.306884765625
-21.7789306640625,75.50099182128906,-258.3494567871094
-21.278106689453125,75.502685546875,-258.87890625
-21.548248291015625,75.37373352050781,-258.85565185546875
-21.263534545898438,75.283935546875,-258.4856872558594
-21.318252563476562,75.70498657226562,-259.16461181640625
-21.320510864257812,75.33189392089844,-258.61993408203125
-21.19329833984375,75.60072326660156,-258.59326171875
-21.159759521484375,75.737548828125,-258.779052734375
-21.695236206054688,75.49464416503906,-258.78143310546875
-21.562057495117188,75.34278869628906,-258.8853759765625
-21.604888916015625,75.54904174804688,-258.9455871582031
-21.681671142578125,75.47651672363281,-258.642578125
-21.08935546875,75.68241882324219,-258.4875793457031
-21.205215454101562,75.17584228515625,-258.7213134765625
-21.161224365234375,75.38127136230469,-259.3040771484375
-21.065628051757812,75.47908020019531,-258.7254638671875
-21.257736206054688,75.646484375,-258.5096435546875
-21.2593994140625,75.67578125,-258.4651794433594
-21.221359252929688,75.55465698242188,-258.1372375488281
-21.024093627929688,75.51179504394531,-258.72869873046875
-20.8944091796875,75.340087890625,-258.5147705078125
-21.1512451171875,75.58888244628906,-258.56561279296875
-21.154006958007812,75.39508056640625,-258.698486328125
-20.766632080078125,75.40704345703125,-258.487060546875
-21.113739013671875,75.41693115234375,-258.4122619628906
-21.08917236328125,75.49037170410156,-258.84259033203125
-21.096847534179688,75.55685424804688,-258.69891357421875
-20.892730712890625,75.64445495605469,-258.79876708984375
-21.001235961914062,75.59950256347656,-258.6414794921875
-20.826675415039062,75.39517211914062,-258.62469482421875
-20.659027099609375,75.595458984375,-258.74017333984375
-20.45379638671875,75.84490966796875,-258.8411560058594
-19.990066528320312,75.68621826171875,-258.8962097167969
-19.735885620117188,75.95161437988281,-258.32061767578125
-19.57379150390625,75.59437561035156,-258.4894104003906
-19.420516967773438,75.44898986816406,-258.42877197265625
-19.345672607421875,75.59141540527344,-258.23095703125
-18.58001708984375,75.45796203613281,-258.0729064941406
-18.626235961914062,75.75697326660156,-258.5048828125
-18.188919067382812,75.57231140136719,-257.99737548828125
-17.993560791015625,75.81932067871094,-258.3031311035156
-17.730606079101562,75.83642578125,-258.32952880859375
-17.590225219726562,75.53216552734375,-258.1813659667969
-17.254318237304688,75.37474060058594,-258.38482666015625
-16.972518920898438,75.90048217773438,-258.89752197265625
-16.9078369140625,75.671630859375,-258.4022216796875
-16.627273559570312,75.79725646972656,-258.39544677734375
-16.59527587890625,75.56265258789062,-258.68121337890625
-16.263076782226562,75.76322937011719,-258.34246826171875
-16.51031494140625,75.76251220703125,-258.18377685546875
-16.336212158203125,75.97557067871094,-258.1540222167969
-16.399688720703125,75.62825012207031,-257.80023193359375
-16.296279907226562,75.97572326660156,-258.3466491699219
-15.507598876953125,75.69322204589844,-258.1468811035156
-15.8756103515625,75.65765380859375,-258.1884765625
-15.911239624023438,75.40145874023438,-257.917724609375
-15.865447998046875,75.65199279785156,-257.7701416015625
-16.366668701171875,75.45465087890625,-257.7729797363281
-16.568069458007812,75.5081787109375,-257.601806640625
-16.311431884765625,75.58918762207031,-257.4781494140625
-16.76544189453125,77.24905395507812,-257.0321044921875
-16.929885864257812,77.57545471191406,-256.6935729980469
-16.688720703125,77.23745727539062,-256.62152099609375
-16.043350219726562,76.9554443359375,-256.2490234375
-16.369949340820312,76.70243835449219,-255.7456817626953
-15.976287841796875,76.21946716308594,-255.9698028564453
-15.78839111328125,75.72288513183594,-255.53762817382812
-15.481719970703125,75.197265625,-254.99777221679688
-14.974716186523438,74.71858215332031,-254.60879516601562
-14.106842041015625,74.43598937988281,-254.34278869628906
-13.683029174804688,73.64878845214844,-253.87242126464844
-12.713729858398438,73.25065612792969,-253.45254516601562
-11.96051025390625,72.23971557617188,-252.64947509765625
-11.2784423828125,71.78330993652344,-252.42135620117188
-10.5738525390625,70.60369873046875,-251.99014282226562
-9.750350952148438,69.66656494140625,-251.89633178710938
-9.11114501953125,69.04148864746094,-251.3756561279297
-8.86865234375,68.07369995117188,-250.81849670410156
-8.571823120117188,67.27598571777344,-250.66429138183594
-7.7564697265625,66.13858032226562,-250.37564086914062
-7.025299072265625,65.3663330078125,-249.6739044189453
-6.45928955078125,64.15969848632812,-249.2350616455078
-6.08013916015625,63.27604675292969,-248.8601837158203
-5.3966827392578125,61.746185302734375,-248.69528198242188
-4.97613525390625,60.52500915527344,-248.64321899414062
-4.36553955078125,59.15611267089844,-248.13194274902344
-3.6888885498046875,58.2379150390625,-248.03948974609375
-3.1024932861328125,56.62139892578125,-247.6136474609375
-2.5933074951171875,54.93768310546875,-247.49301147460938
-2.0194244384765625,53.47132873535156,-247.07034301757812
-1.2529754638671875,52.03314208984375,-247.68667602539062
-1.3620147705078125,51.02320861816406,-247.7018280029297
-0.9298858642578125,49.32344055175781,-247.02886962890625
-0.6578216552734375,48.140472412109375,-246.90538024902344
-0.1524200439453125,46.82806396484375,-247.43373107910156
0.4296417236328125,45.255462646484375,-247.88990783691406
1.0968475341796875,43.88624572753906,-247.7149200439453
2.0978546142578125,42.516815185546875,-248.07574462890625
2.5650177001953125,40.863983154296875,-248.44305419921875
3.2631072998046875,39.58564758300781,-248.67153930664062
4.1567840576171875,37.79435729980469,-248.89877319335938
5.21533203125,36.827880859375,-249.85646057128906
5.8507537841796875,35.6966552734375,-249.96498107910156
6.6768646240234375,34.52500915527344,-250.88201904296875
6.9669952392578125,33.557586669921875,-251.2170867919922
8.071868896484375,32.28437805175781,-251.8587646484375
8.196441650390625,30.982254028320312,-252.8529510498047
8.694534301757812,30.212478637695312,-252.8339080810547
9.055343627929688,29.141433715820312,-253.53602600097656
9.158035278320312,28.296157836914062,-253.85113525390625
9.748321533203125,27.45660400390625,-254.57662963867188
9.899459838867188,27.037506103515625,-255.01681518554688
10.3935546875,26.1693115234375,-255.7085418701172
10.68603515625,25.849258422851562,-256.07861328125
11.147994995117188,24.966232299804688,-256.4362487792969
11.128189086914062,24.783050537109375,-256.39044189453125
11.622467041015625,24.239578247070312,-257.5083923339844
11.948043823242188,23.329132080078125,-257.09930419921875
11.818069458007812,22.621536254882812,-258.12969970703125
12.21771240234375,21.858978271484375,-258.2724609375
12.236434936523438,21.490478515625,-258.10638427734375
12.170867919921875,21.37347412109375,-258.49468994140625
12.533676147460938,21.187408447265625,-258.7115478515625
12.522750854492188,20.581314086914062,-259.24774169921875
12.682388305664062,20.680343627929688,-259.3689880371094
12.67779541015625,20.513397216796875,-259.51617431640625
12.62200927734375,20.288818359375,-259.53570556640625
12.585281372070312,20.29302978515625,-259.46722412109375
13.087448120117188,20.272781372070312,-259.9230041503906
13.140731811523438,20.026870727539062,-260.17669677734375
12.710800170898438,19.873306274414062,-259.73541259765625
12.826324462890625,19.765655517578125,-259.9190979003906
12.86407470703125,19.987213134765625,-259.86602783203125
12.903900146484375,20.225250244140625,-259.76806640625
12.532546997070312,20.019607543945312,-259.34771728515625
12.38031005859375,20.258987426757812,-259.6885681152344
12.471160888671875,19.86724853515625,-259.30059814453125
12.579559326171875,19.919418334960938,-259.7373962402344
12.703399658203125,19.840606689453125,-259.3818359375
12.309066772460938,19.743484497070312,-260.2624206542969
12.134124755859375,19.6888427734375,-259.4554138183594
12.307235717773438,19.569076538085938,-259.7012634277344
12.348434448242188,19.4049072265625,-259.5388488769531
12.141555786132812,19.314361572265625,-260.04913330078125
12.15887451171875,19.279541015625,-260.6045837402344
12.427444458007812,19.163833618164062,-259.73590087890625
13.02410888671875,18.855880737304688,-260.51605224609375
12.6962890625,18.84637451171875,-260.7846984863281
12.645492553710938,18.996856689453125,-260.8508605957031
13.057815551757812,18.669937133789062,-260.986328125
12.813858032226562,18.644805908203125,-260.94500732421875
12.8194580078125,18.4610595703125,-261.1119384765625
12.976760864257812,18.279296875,-260.7607421875
13.005859375,18.274734497070312,-261.0151062011719
13.049758911132812,18.167694091796875,-261.2205810546875
12.831512451171875,17.79022216796875,-261.0086669921875
13.125518798828125,17.785385131835938,-261.28594970703125
12.960205078125,17.675979614257812,-261.4087829589844
12.621597290039062,18.088150024414062,-261.51727294921875
10.6500244140625,20.226898193359375,-260.4942626953125
10.106231689453125,20.741195678710938,-260.3445129394531
9.53692626953125,20.721786499023438,-260.16497802734375
9.067138671875,21.311080932617188,-260.39434814453125
7.79736328125,21.695388793945312,-260.270263671875
6.2362823486328125,22.72509765625,-259.7935791015625
5.099853515625,23.511306762695312,-259.3163146972656
5.9324798583984375,23.063385009765625,-258.625244140625
31.20074462890625,-5.7489776611328125,-259.9439392089844
22.874221801757812,-6.442352294921875,-256.66778564453125
39.5777587890625,-26.372406005859375,-255.97528076171875
54.10638427734375,-39.571868896484375,-252.83702087402344
50.75251770019531,-34.9656982421875,-248.30120849609375
46.51399230957031,-31.50445556640625,-243.95188903808594
42.86723327636719,-29.196746826171875,-241.1381378173828
40.67327880859375,-27.931198120117188,-239.37332153320312
39.31971740722656,-27.9869384765625,-237.42947387695312
38.520721435546875,-27.966262817382812,-236.96636962890625
37.7366943359375,-28.38232421875,-236.66900634765625
37.460235595703125,-28.87322998046875,-235.48838806152344
37.10798645019531,-29.010604858398438,-235.40904235839844
36.720947265625,-29.253143310546875,-234.70840454101562
36.487030029296875,-29.178878784179688,-234.1860809326172
36.06770324707031,-29.44580078125,-234.7695770263672
35.79347229003906,-29.347427368164062,-234.19432067871094
35.6517333984375,-29.383331298828125,-234.262451171875
35.57765197753906,-29.190338134765625,-233.62091064453125
34.94044494628906,-29.3013916015625,-232.4716796875
34.75337219238281,-29.222503662109375,-232.70956420898438
34.5765380859375,-29.388702392578125,-232.54100036621094
34.50628662109375,-29.434356689453125,-232.82582092285156
33.97651672363281,-29.243988037109375,-232.56436157226562
33.87443542480469,-29.351242065429688,-232.19119262695312
33.90855407714844,-29.639938354492188,-231.80941772460938
33.43812561035156,-29.421005249023438,-232.48245239257812
33.57566833496094,-29.6978759765625,-231.8163604736328
33.304656982421875,-29.500350952148438,-231.35092163085938
33.14750671386719,-29.28704833984375,-231.19744873046875
32.845855712890625,-29.492706298828125,-231.4291229248047
32.5357666015625,-29.293411254882812,-231.1496124267578
32.521453857421875,-28.628677368164062,-230.9686737060547
32.07276916503906,-28.755874633789062,-230.66180419921875
32.03630065917969,-28.265640258789062,-230.82333374023438
32.023529052734375,-28.244384765625,-230.14544677734375
32.051025390625,-28.00579833984375,-230.3438262939453
31.790206909179688,-27.717056274414062,-229.86695861816406
31.906005859375,-27.50518798828125,-230.40377807617188
31.4871826171875,-27.090377807617188,-230.6205291748047
31.509353637695312,-26.570877075195312,-230.77174377441406
31.581039428710938,-26.319564819335938,-230.1290740966797
31.239288330078125,-25.638702392578125,-230.21170043945312
31.394073486328125,-25.091949462890625,-229.44309997558594
31.231094360351562,-24.471450805664062,-229.4220733642578
31.336898803710938,-23.583724975585938,-229.42494201660156
30.812759399414062,-22.598785400390625,-229.166748046875
30.91278076171875,-22.122329711914062,-229.18247985839844
30.495285034179688,-21.264846801757812,-228.5581512451172
30.095230102539062,-20.33319091796875,-227.95523071289062
30.105056762695312,-19.320632934570312,-227.85525512695312
29.878555297851562,-18.08758544921875,-227.9208984375
29.300140380859375,-17.400527954101562,-227.09378051757812
29.487884521484375,-15.72796630859375,-226.94186401367188
28.8935546875,-14.706008911132812,-226.99847412109375
28.847061157226562,-13.447311401367188,-226.6787567138672
28.4249267578125,-12.142227172851562,-227.1051483154297
27.983184814453125,-11.412460327148438,-226.26402282714844
27.931045532226562,-10.281524658203125,-226.36529541015625
27.450851440429688,-8.624221801757812,-225.98057556152344
27.352142333984375,-7.5695953369140625,-226.42718505859375
27.332061767578125,-6.535308837890625,-226.3794403076172
26.484893798828125,-5.022613525390625,-225.5730743408203
26.521408081054688,-3.635711669921875,-226.05062866210938
26.2437744140625,-2.210174560546875,-226.24290466308594
25.599777221679688,-0.9619293212890625,-226.45303344726562
25.155548095703125,0.4609375,-226.53463745117188
24.729446411132812,1.8014373779296875,-226.78436279296875
24.058441162109375,3.2249908447265625,-227.17347717285156
23.74273681640625,4.1688995361328125,-227.63949584960938
23.132278442382812,5.98626708984375,-227.25100708007812
22.455291748046875,7.0029449462890625,-228.06385803222656
22.086395263671875,7.92938232421875,-227.98309326171875
21.767807006835938,9.261215209960938,-228.47218322753906
20.991378784179688,10.0760498046875,-228.95077514648438
20.505966186523438,11.294052124023438,-229.1579132080078
19.870040893554688,11.794158935546875,-229.12359619140625
19.874282836914062,12.769378662109375,-229.9385986328125
19.171646118164062,13.807373046875,-229.9759521484375
19.03179931640625,14.444244384765625,-230.72312927246094
18.776687622070312,15.327377319335938,-231.1899871826172
18.54327392578125,15.589675903320312,-231.35032653808594
17.87994384765625,16.574111938476562,-231.95750427246094
17.311996459960938,17.035797119140625,-232.5506591796875
16.89630126953125,17.81195068359375,-232.32562255859375
17.060516357421875,18.270645141601562,-232.75320434570312
16.270538330078125,18.590316772460938,-233.06190490722656
15.89190673828125,18.951263427734375,-233.424560546875
15.798187255859375,19.420120239257812,-233.54103088378906
15.193038940429688,19.64947509765625,-233.79913330078125
15.219436645507812,19.880096435546875,-234.18312072753906
14.701675415039062,20.403488159179688,-234.20877075195312
14.775527954101562,20.939010620117188,-235.25538635253906
14.57684326171875,21.215744018554688,-235.27166748046875
14.29931640625,21.470001220703125,-235.0179901123047
14.214401245117188,21.756698608398438,-235.67144775390625
14.001937866210938,22.147415161132812,-235.73883056640625
13.54083251953125,22.6661376953125,-236.3370819091797
13.2252197265625,23.10968017578125,-236.65403747558594
12.9976806640625,23.37091064453125,-236.82081604003906
12.26983642578125,23.681915283203125,-236.7482147216797
12.117080688476562,24.240814208984375,-237.34365844726562
11.88165283203125,24.307235717773438,-237.69142150878906
11.900894165039062,24.617828369140625,-238.05352783203125
11.319061279296875,24.839080810546875,-238.6065216064453
11.360992431640625,25.223602294921875,-238.67568969726562
11.364578247070312,25.423751831054688,-238.22415161132812
10.896957397460938,25.368453979492188,-239.2474365234375
10.739791870117188,25.62506103515625,-239.6267852783203
10.370025634765625,26.13397216796875,-239.44639587402344
10.328125,26.006744384765625,-239.68321228027344
9.954086303710938,26.37518310546875,-240.09814453125
9.550247192382812,25.990676879882812,-239.7505645751953
9.297744750976562,25.758758544921875,-239.5528106689453
9.4307861328125,25.6380615234375,-239.12612915039062
9.584518432617188,25.535324096679688,-239.2924346923828
9.3974609375,25.457489013671875,-239.27711486816406
9.215774536132812,25.129531860351562,-239.11294555664062
9.047821044921875,25.243179321289062,-238.8866424560547
8.4822998046875,25.053207397460938,-239.23779296875
8.672393798828125,25.46722412109375,-239.09596252441406
8.339614868164062,25.04150390625,-238.77926635742188
8.858245849609375,25.45281982421875,-238.97113037109375
8.875228881835938,25.445755004882812,-238.88189697265625
8.092941284179688,25.54052734375,-239.46453857421875
8.101348876953125,25.435012817382812,-239.14869689941406
8.35968017578125,25.433319091796875,-238.86465454101562
8.168060302734375,24.965423583984375,-239.4467315673828
7.7711639404296875,25.4393310546875,-239.3202667236328
8.058502197265625,25.389846801757812,-239.26840209960938
8.038162231445312,24.986557006835938,-239.17227172851562
7.967437744140625,25.039474487304688,-239.1904296875
7.695465087890625,25.402557373046875,-239.4259796142578
8.229263305664062,24.939407348632812,-238.67881774902344
8.1766357421875,25.017044067382812,-238.9945068359375
8.344329833984375,24.882034301757812,-238.73667907714844
8.406234741210938,24.797927856445312,-238.65208435058594
7.6282958984375,24.612823486328125,-238.47268676757812
7.77423095703125,25.031631469726562,-237.95263671875
7.25885009765625,24.5361328125,-238.04061889648438
7.490936279296875,24.550918579101562,-238.52549743652344
7.4993133544921875,24.27197265625,-238.01181030273438
7.3446197509765625,24.481155395507812,-237.79873657226562
7.347808837890625,24.19036865234375,-238.38131713867188
7.072662353515625,24.27838134765625,-237.84548950195312
6.9231719970703125,24.180084228515625,-237.76702880859375
6.96954345703125,24.186141967773438,-238.31446838378906
6.4518890380859375,24.169281005859375,-238.13296508789062
6.223846435546875,24.06903076171875,-238.02874755859375
6.45086669921875,23.760879516601562,-237.45298767089844
6.639923095703125,23.6771240234375,-237.36277770996094
6.9816436767578125,23.48089599609375,-237.36976623535156
6.6202392578125,23.80572509765625,-237.14041137695312
6.61279296875,23.388046264648438,-237.36663818359375
6.556671142578125,23.52166748046875,-237.08709716796875
6.481475830078125,23.674072265625,-237.79977416992188
6.21844482421875,23.56500244140625,-237.3321533203125
6.066375732421875,23.402114868164062,-237.56851196289062
6.0023040771484375,23.348190307617188,-237.96334838867188
5.827667236328125,23.497161865234375,-237.71681213378906
5.8861541748046875,23.558883666992188,-237.9401397705078
5.3853912353515625,23.2763671875,-237.5717010498047
5.64764404296875,23.636474609375,-237.49588012695312
5.5723114013671875,23.43060302734375,-237.69992065429688
5.299591064453125,23.466537475585938,-237.94114685058594
5.339508056640625,23.1646728515625,-237.6546173095703
5.6016387939453125,23.3114013671875,-237.34112548828125
5.6327056884765625,23.515457153320312,-237.47975158691406
5.2950592041015625,23.62835693359375,-237.2295684814453
5.359588623046875,23.338973999023438,-237.28253173828125
5.2263336181640625,23.166305541992188,-237.7816925048828
5.3428955078125,23.199874877929688,-237.81549072265625
5.278167724609375,23.408340454101562,-237.88059997558594
5.358367919921875,23.116470336914062,-237.6155548095703
5.2962188720703125,23.194091796875,-237.69480895996094
5.3943634033203125,22.946334838867188,-237.8115692138672
5.0490264892578125,23.140106201171875,-237.98973083496094
5.245819091796875,22.955490112304688,-237.73629760742188
5.2313232421875,23.28387451171875,-238.56527709960938
4.97650146484375,23.210647583007812,-238.0282745361328
5.3894500732421875,23.239044189453125,-238.40333557128906
5.3682098388671875,23.327850341796875,-237.70994567871094
5.1889801025390625,23.483978271484375,-237.71693420410156
4.98016357421875,23.410446166992188,-237.81350708007812
5.0052642822265625,23.292572021484375,-237.79371643066406
5.05426025390625,23.2554931640625,-237.60594177246094
5.1933746337890625,22.89654541015625,-237.74661254882812
4.761322021484375,23.203567504882812,-237.8833465576172
5.0868072509765625,23.17657470703125,-237.7527313232422
5.4977264404296875,23.535232543945312,-238.22879028320312
5.0870208740234375,23.383407592773438,-238.07655334472656
4.937744140625,23.2882080078125,-237.8934326171875
5.0654296875,23.136032104492188,-238.11932373046875
5.1655731201171875,23.18438720703125,-237.6370849609375
5.020477294921875,23.091201782226562,-237.897705078125
5.314208984375,23.399734497070312,-238.12759399414062
5.1514892578125,23.384811401367188,-238.41123962402344
5.5230560302734375,22.911636352539062,-238.4501495361328
5.2154541015625,22.935104370117188,-238.26931762695312
5.24298095703125,23.252304077148438,-237.78929138183594
4.7316741943359375,23.241256713867188,-237.9443817138672
4.770721435546875,23.530517578125,-237.57113647460938
5.14208984375,23.211013793945312,-237.77110290527344
5.366607666015625,23.361831665039062,-237.74908447265625
5.065338134765625,23.158920288085938,-238.0467071533203
5.105194091796875,23.3536376953125,-237.94566345214844
5.0333099365234375,23.158416748046875,-238.21316528320312
5.3263397216796875,23.266494750976562,-238.10484313964844
5.318511962890625,23.46630859375,-238.0537109375
5.3084564208984375,23.3338623046875,-238.14630126953125
5.202850341796875,23.022354125976562,-237.80694580078125
5.211700439453125,22.884719848632812,-237.91232299804688
5.1178436279296875,23.134078979492188,-238.0938720703125
4.961212158203125,23.081466674804688,-237.8961944580078
5.115997314453125,23.185775756835938,-238.3032684326172
5.204315185546875,23.340499877929688,-238.07772827148438
5.387420654296875,23.33941650390625,-238.25245666503906
5.2077789306640625,23.20184326171875,-238.04530334472656
5.28692626953125,23.194473266601562,-238.2384033203125
5.4223175048828125,23.413986206054688,-238.5536346435547
5.309356689453125,23.431976318359375,-237.83108520507812
5.122314453125,23.373077392578125,-238.3485107421875
5.0529632568359375,23.66094970703125,-237.8687744140625
5.353546142578125,23.611221313476562,-238.1621551513672
4.95172119140625,23.533432006835938,-238.02664184570312
5.144073486328125,23.336898803710938,-237.97796630859375
5.23114013671875,23.348220825195312,-238.48565673828125
5.1099700927734375,23.491729736328125,-237.6085662841797
5.3630218505859375,23.356353759765625,-237.5550079345703
5.25701904296875,23.048919677734375,-238.02728271484375
5.263031005859375,23.140884399414062,-237.7574920654297
5.233612060546875,23.408493041992188,-238.2515106201172
5.2353668212890625,23.52130126953125,-238.09071350097656
4.9615631103515625,23.359146118164062,-238.1887664794922
5.0605316162109375,23.528839111328125,-238.09974670410156
4.9733734130859375,23.55419921875,-237.80690002441406
5.3230133056640625,23.681915283203125,-237.289794921875
5.31939697265625,23.726272583007812,-237.634033203125
4.9444122314453125,23.747039794921875,-237.7168731689453
5.346343994140625,23.88519287109375,-237.93154907226562
5.4920501708984375,23.54852294921875,-237.91714477539062
4.972686767578125,23.452651977539062,-238.5633087158203
5.4415130615234375,23.353790283203125,-238.03126525878906
5.299163818359375,23.587692260742188,-238.1648406982422
4.984375,23.52532958984375,-238.076904296875
5.1209259033203125,23.334884643554688,-237.91796875
5.18829345703125,23.207855224609375,-237.7317657470703
5.2697296142578125,23.309738159179688,-238.05543518066406
5.1350860595703125,23.397628784179688,-237.88995361328125
5.3509368896484375,23.29156494140625,-238.00770568847656
4.852142333984375,23.565872192382812,-238.16712951660156
5.0040130615234375,23.278274536132812,-238.29428100585938
5.398712158203125,23.351211547851562,-238.2606964111328
5.05731201171875,23.357681274414062,-238.17564392089844
5.2065887451171875,23.304306030273438,-237.8295440673828
5.1747283935546875,23.258468627929688,-237.3248748779297
5.027130126953125,23.53973388671875,-238.43679809570312
5.074615478515625,23.664016723632812,-237.70498657226562
5.0529632568359375,23.127426147460938,-238.11326599121094
4.9661407470703125,23.471542358398438,-238.10012817382812
4.9015960693359375,23.387985229492188,-238.25941467285156
5.160186767578125,23.538253784179688,-238.49319458007812
4.9385223388671875,23.305328369140625,-237.96112060546875
4.9943389892578125,23.159652709960938,-238.2300567626953
4.7854156494140625,23.318939208984375,-238.15586853027344
5.243011474609375,23.160552978515625,-238.19679260253906
5.2696075439453125,23.155914306640625,-237.82286071777344
5.1023406982421875,23.136138916015625,-237.9013671875
4.9746246337890625,23.231048583984375,-237.7206268310547
5.3246307373046875,23.3861083984375,-237.8877716064453
4.859771728515625,23.2967529296875,-238.30235290527344
4.8781585693359375,23.1651611328125,-237.89297485351562
5.2373199462890625,23.222946166992188,-237.74302673339844
5.013092041015625,23.248336791992188,-237.81143188476562
5.349334716796875,23.273284912109375,-238.24937438964844
5.3801116943359375,22.994827270507812,-237.88287353515625
5.230010986328125,23.263046264648438,-237.8042755126953
5.2424774169921875,23.22894287109375,-238.17108154296875
5.19366455078125,23.266632080078125,-237.8939208984375
4.9401397705078125,23.181106567382812,-237.96864318847656
5.3352508544921875,22.872787475585938,-238.03196716308594
4.960205078125,23.105819702148438,-237.96463012695312
5.137298583984375,23.37353515625,-238.0917205810547
5.3598785400390625,23.184585571289062,-237.92445373535156
5.382354736328125,23.373519897460938,-238.24591064453125
5.39910888671875,23.101638793945312,-238.07020568847656
5.2515106201171875,23.271957397460938,-237.95840454101562
5.321563720703125,23.432693481445312,-237.57347106933594
5.1728363037109375,23.27166748046875,-238.09524536132812
4.9618072509765625,22.956741333007812,-237.87686157226562
4.9110870361328125,23.260208129882812,-237.7230682373047
5.1904449462890625,23.213119506835938,-238.02415466308594
5.0021820068359375,23.40203857421875,-237.99046325683594
5.1097412109375,23.474716186523438,-238.05496215820312
5.245361328125,23.366928100585938,-238.1504364013672
5.3094940185546875,23.354934692382812,-238.10372924804688
5.1772003173828125,23.326522827148438,-238.29019165039062
5.2792510986328125,23.494430541992188,-238.15811157226562
5.5273284912109375,23.188690185546875,-238.29391479492188
4.8200531005859375,23.000030517578125,-238.15785217285156
5.392608642578125,23.048721313476562,-238.26995849609375
5.4560699462890625,23.206924438476562,-237.8353271484375
5.497528076171875,22.830047607421875,-237.75961303710938
5.6190032958984375,23.010818481445312,-237.83189392089844
5.3007659912109375,23.035552978515625,-238.2610626220703
5.3336944580078125,23.2681884765625,-237.7808837890625
5.591552734375,23.223037719726562,-237.6043701171875
5.7249298095703125,23.268798828125,-238.1832733154297
5.2716827392578125,23.414718627929688,-238.2034912109375
5.5467681884765625,23.2987060546875,-237.97422790527344
5.8984527587890625,23.363418579101562,-237.51083374023438
5.5715789794921875,23.12994384765625,-237.62973022460938
5.7825775146484375,23.54205322265625,-237.6777801513672
5.9960174560546875,23.440521240234375,-237.43600463867188
6.0565032958984375,23.10662841796875,-237.4665069580078
6.2707672119140625,23.403366088867188,-237.13504028320312
6.469024658203125,23.386199951171875,-237.6865692138672
6.5502471923828125,23.67279052734375,-237.74002075195312
6.4455108642578125,23.410263061523438,-237.7512969970703
6.6962127685546875,23.602813720703125,-238.10250854492188
6.970672607421875,23.457733154296875,-237.9471893310547
7.0011138916015625,23.559844970703125,-237.82196044921875
7.235382080078125,23.760299682617188,-237.76608276367188
7.82940673828125,23.688995361328125,-237.9234161376953
7.8932037353515625,23.40863037109375,-237.92539978027344
8.145248413085938,23.701370239257812,-237.4573974609375
8.36834716796875,23.819229125976562,-237.6391143798828
8.42681884765625,23.8837890625,-238.14105224609375
8.777084350585938,23.569305419921875,-237.99923706054688
8.744674682617188,23.619155883789062,-237.9377899169922
8.699737548828125,23.64208984375,-238.16766357421875
8.667922973632812,23.802627563476562,-238.0906982421875
8.3775634765625,23.763931274414062,-237.66477966308594
8.978683471679688,23.683425903320312,-238.62249755859375
9.00933837890625,23.625381469726562,-238.03358459472656
9.071319580078125,23.809646606445312,-237.98231506347656
9.359634399414062,23.497055053710938,-238.3937530517578
9.254287719726562,23.624557495117188,-238.01976013183594
9.366928100585938,23.534103393554688,-237.3717041015625
9.121475219726562,23.476226806640625,-237.8102264404297
9.002365112304688,23.70654296875,-237.64996337890625
8.728134155273438,23.622100830078125,-237.70028686523438
8.501358032226562,23.738189697265625,-237.7266845703125
8.064239501953125,23.913330078125,-237.638427734375
8.423431396484375,23.672332763671875,-237.9593048095703
7.9751739501953125,23.798904418945312,-237.66583251953125
8.216766357421875,23.567291259765625,-237.60882568359375
8.17523193359375,23.598678588867188,-237.6329803466797
8.392501831054688,23.65478515625,-237.97499084472656
8.9864501953125,23.653244018554688,-237.3866729736328
9.650665283203125,23.149826049804688,-237.2858123779297
10.938796997070312,23.016464233398438,-236.77764892578125
12.369644165039062,22.500625610351562,-236.69895935058594
14.075271606445312,22.2265625,-236.21432495117188
15.448822021484375,21.969131469726562,-236.53305053710938
17.006179809570312,21.043716430664062,-236.10731506347656
18.14630126953125,20.519088745117188,-235.86302185058594
19.533126831054688,19.769805908203125,-235.70640563964844
21.423919677734375,18.980819702148438,-235.57394409179688
22.8900146484375,18.030624389648438,-235.389892578125
24.70367431640625,17.025390625,-234.8711700439453
26.164215087890625,16.154098510742188,-234.34124755859375
28.34100341796875,14.969879150390625,-234.45416259765625
30.338165283203125,13.408111572265625,-234.83505249023438
33.3402099609375,11.666778564453125,-234.7129364013672
36.27398681640625,9.513946533203125,-235.6038818359375
39.185333251953125,6.8570556640625,-236.02850341796875
42.121673583984375,3.8606719970703125,-236.92333984375
44.926361083984375,0.9132537841796875,-238.2968292236328
47.11088562011719,-2.7657318115234375,-240.00173950195312
50.43359375,-5.9041290283203125,-241.74359130859375
52.74696350097656,-9.033401489257812,-244.67832946777344
54.688934326171875,-12.306320190429688,-246.8893585205078
56.49296569824219,-15.104476928710938,-249.6066436767578
57.57464599609375,-18.407028198242188,-251.9514617919922
58.43159484863281,-20.93865966796875,-254.26205444335938
58.879150390625,-23.324798583984375,-256.83294677734375
59.708770751953125,-25.878662109375,-259.599609375
59.91221618652344,-27.5660400390625,-261.85931396484375
60.158233642578125,-29.39666748046875,-263.72607421875
60.0699462890625,-31.455917358398438,-265.22454833984375
59.702545166015625,-32.81898498535156,-267.35308837890625
59.534576416015625,-34.470977783203125,-269.11602783203125
59.16304016113281,-35.91331481933594,-271.0002746582031
58.45977783203125,-37.33464050292969,-272.45257568359375
58.03666687011719,-38.443267822265625,-274.08856201171875
57.89109802246094,-39.433807373046875,-275.8097839355469
57.21253967285156,-40.75633239746094,-277.940673828125
56.72721862792969,-41.40208435058594,-278.91748046875
55.82624816894531,-42.54136657714844,-280.5449523925781
55.42158508300781,-42.936614990234375,-281.5610656738281
55.059661865234375,-43.57246398925781,-282.91070556640625
54.57414245605469,-44.40345764160156,-283.64544677734375
54.02760314941406,-44.522735595703125,-285.1300354003906
53.57521057128906,-45.26097106933594,-285.42095947265625
52.7977294921875,-45.5948486328125,-286.2223815917969
52.458709716796875,-45.906524658203125,-286.72882080078125
52.263397216796875,-46.11083984375,-287.9019775390625
51.81892395019531,-46.37095642089844,-287.8192443847656
51.40473937988281,-47.14942932128906,-288.1666259765625
51.56243896484375,-46.900360107421875,-288.654541015625
50.91835021972656,-47.26123046875,-288.16217041015625
51.10307312011719,-47.69108581542969,-288.87109375
50.58296203613281,-47.8729248046875,-288.7494201660156
50.30751037597656,-48.105865478515625,-289.1220703125
50.22950744628906,-48.43937683105469,-289.140380859375
49.92411804199219,-48.51678466796875,-289.5743713378906
49.50727844238281,-48.5091552734375,-289.5690002441406
49.34782409667969,-48.735260009765625,-289.65899658203125
49.62251281738281,-48.819427490234375,-289.84857177734375
49.2125244140625,-48.80473327636719,-290.1402893066406
49.32627868652344,-48.94911193847656,-289.76336669921875
49.02229309082031,-49.12931823730469,-290.43341064453125
48.85685729980469,-48.83274841308594,-290.40789794921875
48.641510009765625,-49.06758117675781,-290.5449523925781
48.76750183105469,-48.82630920410156,-290.357666015625
48.52659606933594,-49.19065856933594,-290.870361328125
48.370452880859375,-49.202178955078125,-290.72235107421875
48.04876708984375,-49.25830078125,-290.44744873046875
48.15162658691406,-49.475006103515625,-290.6065673828125
48.10133361816406,-49.310546875,-290.96124267578125
48.14051818847656,-49.64103698730469,-290.94805908203125
48.2335205078125,-49.5223388671875,-290.9169006347656
48.34539794921875,-49.78413391113281,-290.7223205566406
48.18547058105469,-49.53001403808594,-290.8206787109375
47.85369873046875,-49.77458190917969,-290.9468688964844
47.54627990722656,-49.439453125,-291.005126953125
47.558807373046875,-49.54969787597656,-291.2451477050781
47.232635498046875,-49.733917236328125,-290.9774169921875
47.34556579589844,-49.709869384765625,-291.6177978515625
47.352264404296875,-49.69281005859375,-291.78912353515625
47.46382141113281,-49.71783447265625,-292.0128173828125
47.26239013671875,-49.58244323730469,-292.03326416015625
47.308990478515625,-49.557525634765625,-292.3902587890625
47.07220458984375,-50.05516052246094,-291.66595458984375
47.120819091796875,-49.96356201171875,-291.81536865234375
47.18089294433594,-49.93218994140625,-292.2837829589844
47.2523193359375,-49.67234802246094,-292.3743591308594
47.29563903808594,-50.16737365722656,-292.4248352050781
47.15071105957031,-49.73321533203125,-292.6401062011719
47.22831726074219,-49.59489440917969,-292.1850280761719
47.15840148925781,-49.93304443359375,-292.45111083984375
46.99467468261719,-49.96607971191406,-292.75732421875
46.86053466796875,-49.969329833984375,-292.45867919921875
47.34223937988281,-49.703094482421875,-292.7784423828125
47.39323425292969,-49.964385986328125,-292.886962890625
46.832244873046875,-50.061065673828125,-293.3515319824219
47.20658874511719,-50.24107360839844,-293.1142883300781
47.36378479003906,-49.84242248535156,-292.4503173828125
47.364990234375,-50.009918212890625,-292.53271484375
47.12879943847656,-50.02195739746094,-292.7421875
47.21852111816406,-50.04087829589844,-292.2078552246094
47.212799072265625,-49.80476379394531,-292.4829406738281
47.09907531738281,-49.958953857421875,-292.8498229980469
47.05133056640625,-50.116455078125,-292.4760437011719
47.06324768066406,-49.83711242675781,-292.41119384765625
46.98747253417969,-50.15386962890625,-292.3223876953125
46.857635498046875,-49.96562194824219,-292.1101989746094
46.787567138671875,-50.32939147949219,-292.40313720703125
47.13243103027344,-50.25498962402344,-292.11163330078125
47.24308776855469,-49.60795593261719,-292.582763671875
46.9822998046875,-49.99012756347656,-292.5013427734375
47.21238708496094,-50.20072937011719,-292.5621337890625
47.30299377441406,-49.97479248046875,-292.2347412109375
47.335479736328125,-49.96076965332031,-292.05694580078125
46.97438049316406,-49.80351257324219,-292.4465026855469
47.192474365234375,-49.69602966308594,-292.47418212890625
47.04362487792969,-49.93853759765625,-292.42730712890625
47.176239013671875,-49.61839294433594,-292.39501953125
47.247772216796875,-49.94914245605469,-291.9784240722656
46.988128662109375,-49.53009033203125,-292.5694580078125
47.28009033203125,-49.6678466796875,-292.42156982421875
47.34214782714844,-49.77996826171875,-292.3955383300781
47.22346496582031,-49.89036560058594,-293.281494140625
47.24348449707031,-49.61051940917969,-292.9425354003906
47.10447692871094,-49.619964599609375,-292.8642578125
46.97071838378906,-49.55079650878906,-292.97198486328125
47.30816650390625,-49.318084716796875,-293.41241455078125
47.03082275390625,-49.25494384765625,-293.32354736328125
47.371917724609375,-49.4658203125,-293.4561767578125
46.85052490234375,-49.05462646484375,-293.97210693359375
47.39311218261719,-49.64900207519531,-293.9344177246094
47.31877136230469,-49.018707275390625,-293.89129638671875
47.38568115234375,-49.179534912109375,-294.3035583496094
47.435882568359375,-48.95513916015625,-294.506103515625
47.852813720703125,-48.946685791015625,-294.768798828125
47.95310974121094,-48.539459228515625,-294.68536376953125
47.74053955078125,-48.17707824707031,-295.260498046875
48.240570068359375,-48.035003662109375,-295.099853515625
48.66780090332031,-47.622039794921875,-295.3569641113281
48.98435974121094,-47.362579345703125,-295.4473876953125
49.08457946777344,-46.620697021484375,-295.085205078125
49.635772705078125,-46.3995361328125,-294.94891357421875
50.297088623046875,-45.73529052734375,-294.94781494140625
50.79632568359375,-45.490447998046875,-294.6285095214844
51.414764404296875,-44.395233154296875,-295.0853271484375
52.574005126953125,-43.49739074707031,-295.02301025390625
53.190887451171875,-42.487701416015625,-295.1466064453125
53.40531921386719,-41.43299865722656,-295.3277282714844
53.77922058105469,-40.41485595703125,-295.8779296875
54.377166748046875,-39.28089904785156,-296.4910888671875
54.76856994628906,-38.2493896484375,-297.379150390625
54.484649658203125,-36.77378845214844,-299.4202880859375
54.997406005859375,-35.527099609375,-301.3031311035156
54.339324951171875,-34.02630615234375,-303.59649658203125
53.65693664550781,-32.43389892578125,-305.84979248046875
52.68754577636719,-30.578109741210938,-308.62353515625
51.6943359375,-28.9154052734375,-311.2855529785156
50.831390380859375,-26.672332763671875,-313.9499206542969
48.75840759277344,-24.937652587890625,-316.7098693847656
46.699371337890625,-22.708694458007812,-319.19976806640625
43.3970947265625,-21.282012939453125,-322.1138000488281
40.70294189453125,-20.168014526367188,-324.3780212402344
38.41184997558594,-18.799896240234375,-325.97802734375
37.14208984375,-17.249069213867188,-327.29931640625
36.54319763183594,-15.52203369140625,-327.72894287109375
36.243133544921875,-14.237762451171875,-328.39813232421875
36.05119323730469,-12.509429931640625,-328.64459228515625
35.9676513671875,-11.16595458984375,-328.54559326171875
35.551300048828125,-9.97308349609375,-328.4398193359375
35.60394287109375,-9.493240356445312,-328.26910400390625
35.26947021484375,-8.317672729492188,-328.43450927734375
34.829986572265625,-8.700057983398438,-329.0584716796875
34.10877990722656,-8.573577880859375,-329.45770263671875
33.19075012207031,-8.30078125,-329.65484619140625
32.60862731933594,-8.043045043945312,-329.881591796875
32.08058166503906,-7.40087890625,-330.0835266113281
31.693801879882812,-7.125823974609375,-330.198974609375
31.303375244140625,-6.3892974853515625,-330.69769287109375
30.196990966796875,-5.6947784423828125,-330.7190246582031
28.995742797851562,-4.7428131103515625,-331.0361328125
28.14453125,-3.6902008056640625,-331.401611328125
27.416030883789062,-3.53668212890625,-331.94781494140625
26.224868774414062,-3.160003662109375,-331.9923095703125
25.503021240234375,-3.160675048828125,-332.6302490234375
25.210342407226562,-3.275634765625,-332.3154296875
24.456207275390625,-3.3102874755859375,-332.45294189453125
24.017288208007812,-3.5688629150390625,-332.38519287109375
23.2376708984375,-3.1908111572265625,-332.68548583984375
23.6268310546875,-3.267852783203125,-332.5120544433594
22.963134765625,-3.3541412353515625,-333.1544189453125
22.148101806640625,-3.6116180419921875,-333.0987548828125
22.457077026367188,-3.80584716796875,-333.1788635253906
22.261856079101562,-4.494049072265625,-333.2666015625
22.107666015625,-5.117340087890625,-333.50872802734375
21.626113891601562,-5.5125885009765625,-333.6165771484375
21.596054077148438,-6.3493194580078125,-333.7810974121094
21.60296630859375,-6.685760498046875,-333.7409973144531
21.467788696289062,-7.1383209228515625,-333.929931640625
21.614105224609375,-7.3299560546875,-334.0589599609375
21.204437255859375,-7.7794036865234375,-334.007568359375
21.253036499023438,-8.182815551757812,-333.7920837402344
21.111968994140625,-8.8175048828125,-334.04486083984375
21.168777465820312,-8.8740234375,-334.21649169921875
21.13568115234375,-9.01214599609375,-333.69873046875
21.473342895507812,-9.201416015625,-334.39111328125
21.309890747070312,-9.631637573242188,-333.76202392578125
22.1474609375,-9.459075927734375,-334.4544677734375
21.854995727539062,-9.7373046875,-334.06658935546875
21.970001220703125,-10.307418823242188,-334.34149169921875
22.030258178710938,-10.468917846679688,-334.5924377441406
21.640121459960938,-10.62518310546875,-334.4317626953125
21.86199951171875,-10.592758178710938,-333.7200927734375
21.642669677734375,-11.001510620117188,-334.4425964355469
21.640182495117188,-10.824462890625,-334.4998779296875
21.806686401367188,-10.9398193359375,-334.4302978515625
21.571945190429688,-11.172470092773438,-334.1590881347656
21.6373291015625,-11.19439697265625,-334.08856201171875
21.392303466796875,-11.64251708984375,-334.1632080078125
21.576004028320312,-11.515533447265625,-334.04638671875
21.285263061523438,-11.617645263671875,-334.18524169921875
21.15374755859375,-11.479232788085938,-334.4208679199219
20.63641357421875,-11.150161743164062,-334.4849548339844
20.4281005859375,-11.386032104492188,-334.5758056640625
20.04058837890625,-11.496810913085938,-334.31768798828125
19.901153564453125,-11.615188598632812,-334.62091064453125
20.299392700195312,-11.839706420898438,-334.512451171875
19.722030639648438,-12.163848876953125,-334.98504638671875
19.625732421875,-11.94781494140625,-334.7706298828125
19.658538818359375,-12.183486938476562,-334.3957214355469
19.62664794921875,-12.344680786132812,-334.73394775390625
19.486831665039062,-12.429290771484375,-334.38470458984375
19.535140991210938,-12.667800903320312,-334.4578552246094
19.29766845703125,-12.4765625,-334.91900634765625
18.830703735351562,-12.753173828125,-334.71942138671875
19.0494384765625,-12.827178955078125,-334.66790771484375
18.853866577148438,-13.303115844726562,-334.9349060058594
18.992156982421875,-13.504806518554688,-334.468994140625
18.645675659179688,-13.09674072265625,-334.857666015625
18.34429931640625,-13.530166625976562,-334.41986083984375
18.7503662109375,-13.53466796875,-334.629150390625
18.33636474609375,-13.780181884765625,-334.763916015625
18.312118530273438,-13.544906616210938,-335.012451171875
18.029983520507812,-14.0859375,-334.7176513671875
17.801361083984375,-13.900482177734375,-334.759033203125
18.13409423828125,-14.375152587890625,-334.8553771972656
17.867218017578125,-14.38116455078125,-334.3865966796875
17.866073608398438,-14.456024169921875,-334.97100830078125
17.529190063476562,-14.687362670898438,-334.7190856933594
17.431472778320312,-14.95428466796875,-334.86773681640625
16.957244873046875,-15.192306518554688,-334.5933837890625
16.984619140625,-14.934768676757812,-334.63720703125
16.728912353515625,-15.2340087890625,-335.08038330078125
16.654800415039062,-15.7510986328125,-335.4525146484375
16.45355224609375,-15.935348510742188,-335.0631103515625
16.311141967773438,-15.967071533203125,-334.614990234375
16.436416625976562,-15.93670654296875,-334.58349609375
16.064651489257812,-15.985595703125,-335.14300537109375
16.242813110351562,-16.040496826171875,-334.9129638671875
15.748489379882812,-16.157974243164062,-334.978515625
15.934463500976562,-16.102615356445312,-334.96319580078125
16.122238159179688,-16.371780395507812,-334.9598388671875
15.60296630859375,-16.446319580078125,-335.05145263671875
15.437698364257812,-16.476455688476562,-334.8890075683594
15.543289184570312,-16.881484985351562,-334.7361145019531
15.540817260742188,-16.677566528320312,-334.87811279296875
14.86077880859375,-16.688034057617188,-334.8877258300781
15.126495361328125,-16.593185424804688,-334.9103088378906
14.556198120117188,-16.619476318359375,-334.8111877441406
14.441436767578125,-16.116622924804688,-334.76220703125
14.54693603515625,-16.468338012695312,-334.93389892578125
14.843307495117188,-16.347244262695312,-335.2752380371094
15.158172607421875,-16.763442993164062,-334.88079833984375
14.729598999023438,-16.601837158203125,-335.32427978515625
15.149200439453125,-16.621734619140625,-334.67431640625
14.756973266601562,-16.4390869140625,-334.70013427734375
15.060073852539062,-16.233505249023438,-334.94989013671875
15.267044067382812,-16.331222534179688,-334.76678466796875
15.263214111328125,-16.211532592773438,-334.8511047363281
15.116256713867188,-16.065673828125,-335.04364013671875
15.651885986328125,-15.941757202148438,-335.4577331542969
15.63751220703125,-15.630096435546875,-335.47772216796875
15.830520629882812,-15.589797973632812,-335.25433349609375
15.744674682617188,-15.350021362304688,-335.3095703125
15.793502807617188,-15.168960571289062,-335.40283203125
16.070907592773438,-14.883956909179688,-334.7972412109375
16.380386352539062,-14.656600952148438,-335.2725830078125
15.898513793945312,-14.683441162109375,-335.1532287597656
16.1270751953125,-14.654861450195312,-334.9638366699219
15.699111938476562,-14.288375854492188,-335.0204162597656
16.0667724609375,-14.195205688476562,-335.061279296875
15.957595825195312,-14.33111572265625,-334.7620849609375
15.748779296875,-14.212417602539062,-335.1783142089844
15.36859130859375,-14.126739501953125,-334.6594543457031
15.6031494140625,-14.27423095703125,-335.137451171875
15.754058837890625,-13.634536743164062,-334.8810119628906
15.520111083984375,-13.623748779296875,-334.3998718261719
15.51019287109375,-13.800186157226562,-335.00250244140625
15.267044067382812,-13.271499633789062,-334.4720458984375
14.9041748046875,-13.328857421875,-334.38250732421875
15.069290161132812,-13.224395751953125,-335.0820617675781
14.793609619140625,-12.76275634765625,-335.20611572265625
14.620346069335938,-12.87286376953125,-335.58868408203125
14.014404296875,-12.696441650390625,-335.35003662109375
13.803680419921875,-12.73504638671875,-334.8651123046875
13.21075439453125,-12.492233276367188,-334.69415283203125
13.509231567382812,-11.873565673828125,-334.63861083984375
13.190811157226562,-12.382171630859375,-334.89813232421875
13.311080932617188,-11.953277587890625,-335.0421142578125
13.38128662109375,-11.989105224609375,-334.99554443359375
13.163497924804688,-12.324966430664062,-334.7724914550781
13.162399291992188,-12.033935546875,-335.00311279296875
13.525894165039062,-12.128128051757812,-334.6393127441406
13.171783447265625,-12.016525268554688,-334.90118408203125
13.517822265625,-12.010208129882812,-334.8603515625
