Timestamp
1692
2647
3676
4570
5670
6597
7536
8369
9451
10222
