X,Y,Z
-44.94715881347656,29.444183349609375,-211.24290466308594
-44.56951904296875,29.922775268554688,-211.66722106933594
-44.41438293457031,30.407730102539062,-212.13433837890625
-44.148345947265625,30.939483642578125,-212.62010192871094
-44.06956481933594,31.274658203125,-213.32797241210938
-43.9404296875,31.801376342773438,-214.0894012451172
-44.31404113769531,32.1585693359375,-214.9503173828125
-44.262115478515625,32.48933410644531,-215.7714080810547
-44.392852783203125,32.65740966796875,-216.64254760742188
-44.93736267089844,32.955108642578125,-217.65101623535156
-45.66392517089844,32.9219970703125,-218.36483764648438
-46.3173828125,32.68394470214844,-219.37960815429688
-47.08863830566406,32.4039306640625,-220.17282104492188
-47.75856018066406,32.205047607421875,-220.90335083007812
-48.16754150390625,32.18267822265625,-221.60574340820312
-48.375274658203125,32.4285888671875,-222.2203369140625
-48.37310791015625,32.804656982421875,-222.5541229248047
-48.262908935546875,33.1845703125,-222.90164184570312
-48.19328308105469,33.68634033203125,-223.32281494140625
-48.08099365234375,34.433502197265625,-223.9401397705078
-47.38127136230469,35.1715087890625,-224.1284942626953
-46.75517272949219,35.9351806640625,-224.22276306152344
-46.17707824707031,36.813934326171875,-224.4571075439453
-45.544891357421875,37.88935852050781,-224.4987335205078
-45.36094665527344,38.7572021484375,-224.8464813232422
-45.152435302734375,39.82112121582031,-225.553955078125
-45.440185546875,40.91365051269531,-226.42750549316406
-46.00299072265625,41.879364013671875,-227.4332275390625
-46.67295837402344,42.789459228515625,-228.81605529785156
-47.249420166015625,43.89961242675781,-230.0905303955078
-47.76768493652344,45.06813049316406,-231.16043090820312
-48.12342834472656,46.63160705566406,-231.56182861328125
-48.31224060058594,48.057708740234375,-232.3753662109375
-48.59049987792969,49.67213439941406,-233.06285095214844
-48.96287536621094,51.1502685546875,-233.40457153320312
-49.068511962890625,52.88865661621094,-233.79803466796875
-49.0667724609375,54.586029052734375,-233.972900390625
-48.74078369140625,56.51066589355469,-234.1813201904297
-48.39167785644531,58.54362487792969,-234.3196563720703
-48.16693115234375,60.67669677734375,-234.1795196533203
-48.081085205078125,62.88108825683594,-234.18365478515625
-48.360015869140625,65.01934814453125,-234.321533203125
-48.65631103515625,67.711669921875,-234.28250122070312
-49.45811462402344,70.46536254882812,-234.0703582763672
-50.259613037109375,73.2110595703125,-233.88919067382812
-51.30058288574219,76.53578186035156,-233.9232940673828
-52.29248046875,79.72378540039062,-233.28826904296875
-53.70442199707031,82.80998229980469,-232.427490234375
-55.14384460449219,86.14305114746094,-231.30323791503906
-56.64556884765625,89.336669921875,-229.89877319335938
-58.438079833984375,92.50279235839844,-228.05271911621094
-60.115509033203125,95.62538146972656,-225.8791961669922
-61.84675598144531,98.75862121582031,-223.26522827148438
-63.99485778808594,101.60374450683594,-220.37318420410156
-66.09922790527344,104.23994445800781,-217.37289428710938
-68.36264038085938,106.60868835449219,-214.19334411621094
-70.70370483398438,108.8447265625,-210.56080627441406
-73.15060424804688,110.47732543945312,-206.70909118652344
-75.74497985839844,111.88665771484375,-202.6600341796875
-78.31027221679688,112.72235107421875,-198.60531616210938
-81.39541625976562,112.7403564453125,-194.2228546142578
-84.75625610351562,112.62973022460938,-190.13990783691406
-88.47515869140625,111.76359558105469,-186.2630157470703
-92.7291259765625,110.34918212890625,-182.36215209960938
-96.83155822753906,108.38681030273438,-179.1513214111328
-100.92481994628906,105.8309326171875,-175.97177124023438
-104.91183471679688,103.08229064941406,-173.6015167236328
-108.8114013671875,99.47178649902344,-171.98045349121094
-112.42918395996094,95.83609008789062,-170.50994873046875
-115.56550598144531,91.92005920410156,-169.2650146484375
-118.65660095214844,87.80867004394531,-168.58460998535156
-121.26759338378906,83.12509155273438,-167.91015625
-123.45643615722656,78.0523681640625,-167.68673706054688
-125.42982482910156,72.71115112304688,-167.24722290039062
-126.75041198730469,67.30863952636719,-167.5477294921875
-127.74685668945312,62.00035095214844,-168.27389526367188
-128.36102294921875,56.521240234375,-169.75320434570312
-128.84320068359375,51.232513427734375,-171.66253662109375
-128.48353576660156,46.36933898925781,-173.7919464111328
-127.5137939453125,41.967132568359375,-175.76181030273438
-126.27227783203125,37.57392883300781,-177.57003784179688
-124.58331298828125,33.34080505371094,-178.74107360839844
-122.29808044433594,29.49713134765625,-179.8507537841797
-119.81730651855469,25.962142944335938,-180.29025268554688
-116.95527648925781,22.746841430664062,-180.574951171875
-113.89454650878906,19.967391967773438,-180.13107299804688
-110.71376037597656,17.631118774414062,-179.82640075683594
-107.385009765625,15.535781860351562,-179.53456115722656
-104.08993530273438,13.666717529296875,-179.25257873535156
-100.97322082519531,12.433578491210938,-178.8334503173828
-97.96340942382812,11.404800415039062,-178.3785858154297
-95.21978759765625,10.733993530273438,-177.91091918945312
-92.45985412597656,10.392074584960938,-177.09800720214844
-90.073486328125,10.298187255859375,-175.8448944091797
-88.00468444824219,10.502716064453125,-174.01565551757812
-86.10629272460938,11.163253784179688,-172.1299591064453
-84.35626220703125,12.099044799804688,-169.86184692382812
-82.47074890136719,13.416976928710938,-166.99734497070312
-80.92900085449219,15.126724243164062,-163.8093719482422
-79.18270874023438,17.223602294921875,-160.86436462402344
-77.73796081542969,19.675613403320312,-158.17300415039062
-76.10470581054688,21.975494384765625,-155.60076904296875
-74.58712768554688,24.604736328125,-153.31288146972656
-73.50802612304688,27.109817504882812,-151.06874084472656
-72.89474487304688,29.710418701171875,-149.44918823242188
-72.58367919921875,32.629608154296875,-147.53590393066406
-72.53176879882812,35.686859130859375,-145.71774291992188
-72.96664428710938,39.14347839355469,-143.91346740722656
-73.69477844238281,43.14894104003906,-142.2093048095703
-74.68675231933594,47.718841552734375,-140.75575256347656
-76.18792724609375,52.545379638671875,-139.72605895996094
-77.6202392578125,57.38035583496094,-139.35525512695312
-79.31544494628906,62.319091796875,-139.30142211914062
-81.11834716796875,67.0457763671875,-139.91815185546875
-83.10189819335938,71.22915649414062,-140.87457275390625
-85.46067810058594,75.02067565917969,-141.95013427734375
-88.46963500976562,78.01905822753906,-143.36192321777344
-91.55888366699219,80.30445861816406,-144.91143798828125
-95.09230041503906,82.0498046875,-146.74330139160156
-98.84262084960938,83.01675415039062,-148.94752502441406
-102.53982543945312,83.49409484863281,-151.1595001220703
-106.18971252441406,83.73753356933594,-153.6415252685547
-109.54710388183594,83.68386840820312,-156.29376220703125
-112.8487548828125,83.28164672851562,-159.11831665039062
-115.88397216796875,82.56964111328125,-162.15797424316406
-118.58906555175781,81.533935546875,-164.64451599121094
-120.87599182128906,80.11593627929688,-167.11236572265625
-122.93769836425781,78.1693115234375,-168.9290008544922
-124.86128234863281,75.66731262207031,-170.7002716064453
-126.8475341796875,73.18211364746094,-172.94024658203125
-128.35409545898438,70.2852783203125,-174.53648376464844
-129.31881713867188,67.18388366699219,-175.51670837402344
-129.9623260498047,63.682708740234375,-176.09495544433594
-130.1038360595703,59.992095947265625,-176.2200927734375
-129.99217224121094,56.58018493652344,-176.0868377685547
-129.11656188964844,52.8143310546875,-175.35231018066406
-127.72695922851562,49.166046142578125,-174.15948486328125
-125.76945495605469,45.63670349121094,-172.80029296875
-123.43962097167969,42.61512756347656,-171.36253356933594
-120.93258666992188,40.00054931640625,-170.11415100097656
-118.66871643066406,38.06849670410156,-169.10787963867188
-116.287109375,36.44171142578125,-168.41114807128906
-113.96372985839844,34.94233703613281,-167.6248016357422
-111.68211364746094,33.66241455078125,-167.12045288085938
-109.50192260742188,32.52696228027344,-166.43092346191406
-107.51115417480469,31.475189208984375,-165.63087463378906
-105.55497741699219,30.498031616210938,-165.00537109375
-103.61296081542969,29.250152587890625,-164.81375122070312
-101.47480773925781,28.0428466796875,-164.5449676513672
-99.7193603515625,27.109527587890625,-164.40748596191406
-97.77427673339844,25.869369506835938,-164.31800842285156
-95.94577026367188,24.512039184570312,-164.20220947265625
-93.93423461914062,23.384750366210938,-164.6853485107422
-92.05354309082031,22.15264892578125,-165.2848663330078
-90.11309814453125,20.81231689453125,-165.9605255126953
-88.14796447753906,19.58819580078125,-167.0321502685547
-86.11131286621094,18.305282592773438,-168.29727172851562
-83.77670288085938,16.784027099609375,-169.76937866210938
-81.38435363769531,15.71234130859375,-171.69076538085938
-78.82009887695312,14.596908569335938,-173.9439697265625
-76.07209777832031,13.784286499023438,-176.77490234375
-72.99082946777344,13.039031982421875,-179.5909423828125
-69.97270202636719,12.49652099609375,-182.28683471679688
-66.94252014160156,12.638671875,-185.84429931640625
-64.07646179199219,13.031295776367188,-189.09481811523438
-61.378997802734375,13.879196166992188,-192.6112518310547
-58.68666076660156,15.11761474609375,-196.22698974609375
-55.934326171875,16.494400024414062,-200.08949279785156
-53.68168640136719,18.3780517578125,-203.9257049560547
-51.73112487792969,20.914825439453125,-207.81105041503906
-49.85841369628906,23.693939208984375,-211.59967041015625
-48.75865173339844,26.858673095703125,-215.56777954101562
-47.996856689453125,30.135498046875,-219.45858764648438
-48.07096862792969,33.65501403808594,-223.25660705566406
-48.693634033203125,37.50077819824219,-227.01821899414062
-49.988494873046875,41.1787109375,-230.53472900390625
-51.8328857421875,45.14421081542969,-233.71315002441406
-54.419525146484375,49.029510498046875,-236.71226501464844
-57.4342041015625,53.260711669921875,-239.31634521484375
-61.018585205078125,57.64228820800781,-241.56246948242188
-64.63955688476562,62.02931213378906,-242.92405700683594
-68.05404663085938,66.96000671386719,-243.29052734375
-71.17796325683594,72.3096923828125,-243.19346618652344
-73.70132446289062,77.87350463867188,-242.2932586669922
-76.13241577148438,83.61734008789062,-239.94625854492188
-77.98063659667969,88.98532104492188,-236.6168212890625
-79.40211486816406,94.13557434082031,-233.12525939941406
-79.98040771484375,99.00686645507812,-228.6907958984375
-80.03256225585938,103.28221130371094,-223.5184783935547
-79.69869995117188,106.84991455078125,-217.72784423828125
-79.51005554199219,109.67813110351562,-211.2272491455078
-79.88467407226562,111.71263122558594,-204.53160095214844
-81.30471801757812,112.71424865722656,-197.8597869873047
-83.36814880371094,112.82687377929688,-191.85894775390625
-86.53118896484375,112.20700073242188,-187.23040771484375
-89.78916931152344,111.17570495605469,-183.2464599609375
-93.18766784667969,109.56930541992188,-179.7059326171875
-96.57267761230469,107.65190124511719,-176.5581512451172
-99.65385437011719,105.46086120605469,-173.52639770507812
-102.63407897949219,102.84214782714844,-170.79684448242188
-105.41421508789062,99.77024841308594,-168.54208374023438
-108.54682922363281,96.47160339355469,-166.7091522216797
-111.57293701171875,92.98564147949219,-165.57888793945312
-114.93862915039062,89.05426025390625,-165.1396942138672
-118.63151550292969,84.60235595703125,-165.7363739013672
-122.48014831542969,79.32252502441406,-167.699462890625
-125.95584106445312,73.55258178710938,-170.12648010253906
-128.59788513183594,67.18569946289062,-173.06983947753906
-130.45948791503906,60.66618347167969,-175.86767578125
-131.0319061279297,53.994171142578125,-178.69007873535156
-130.2950439453125,47.58937072753906,-180.9977569580078
-128.7954864501953,41.340576171875,-182.9048614501953
-126.74971008300781,35.59361267089844,-184.9724578857422
-123.93585205078125,30.531570434570312,-186.6160888671875
-120.78529357910156,26.176986694335938,-187.97845458984375
-117.49891662597656,22.471542358398438,-189.0862274169922
-114.34970092773438,19.2557373046875,-189.8065948486328
-110.96340942382812,16.8623046875,-190.36053466796875
-107.91572570800781,14.771713256835938,-190.32376098632812
-104.7967529296875,13.16558837890625,-189.78794860839844
-101.73243713378906,11.709030151367188,-189.0246124267578
-98.88700866699219,10.625228881835938,-187.5818328857422
-95.91468811035156,9.896728515625,-185.8219451904297
-92.98452758789062,9.658462524414062,-183.8724365234375
-90.28582763671875,9.464263916015625,-181.07498168945312
-87.44363403320312,9.88775634765625,-177.76319885253906
-84.84991455078125,10.627044677734375,-174.2333221435547
-82.31190490722656,12.195449829101562,-170.274169921875
-79.86967468261719,14.180618286132812,-166.40098571777344
-77.60765075683594,16.534744262695312,-162.62625122070312
-75.18202209472656,19.411102294921875,-159.1125030517578
-73.19061279296875,22.205902099609375,-156.2867889404297
-71.30970764160156,25.250686645507812,-153.71908569335938
-69.87277221679688,28.340286254882812,-151.67251586914062
-68.54957580566406,31.358673095703125,-149.71902465820312
-67.81643676757812,34.65885925292969,-148.20162963867188
-67.51383972167969,37.582366943359375,-146.6436309814453
-67.70346069335938,40.4166259765625,-145.04388427734375
-68.13734436035156,43.521087646484375,-143.8004150390625
-68.9700927734375,46.57643127441406,-142.64466857910156
-70.13055419921875,49.8525390625,-141.5315399169922
-71.43429565429688,53.08123779296875,-140.77713012695312
-72.91583251953125,56.50758361816406,-140.23414611816406
-74.85345458984375,59.984588623046875,-139.792236328125
-76.83619689941406,63.48780822753906,-139.6330108642578
-78.97671508789062,66.69508361816406,-139.97097778320312
-81.29267883300781,69.78794860839844,-140.68106079101562
-83.98985290527344,72.96089172363281,-141.4324493408203
-86.51622009277344,75.86204528808594,-142.5727081298828
-89.31742858886719,78.76568603515625,-144.1124725341797
-92.20782470703125,81.35227966308594,-145.84945678710938
-95.21745300292969,83.72962951660156,-148.19970703125
-98.55122375488281,85.70152282714844,-150.9402618408203
-101.84095764160156,87.33412170410156,-153.88633728027344
-105.48503112792969,88.22377014160156,-157.073486328125
-109.55142211914062,88.65965270996094,-160.57708740234375
-113.65571594238281,88.35321044921875,-165.0180206298828
-117.7078857421875,87.41246032714844,-169.63632202148438
-121.16390991210938,85.37237548828125,-174.02267456054688
-124.16078186035156,82.71589660644531,-177.42515563964844
-126.35682678222656,79.18586730957031,-179.58837890625
-127.94993591308594,74.97544860839844,-180.1086883544922
-129.01893615722656,70.39871215820312,-179.35906982421875
-129.42124938964844,65.51046752929688,-178.52877807617188
-129.33157348632812,60.67369079589844,-177.38316345214844
-128.90525817871094,56.096221923828125,-176.580078125
-127.76019287109375,51.6666259765625,-176.02784729003906
-126.35234069824219,47.784637451171875,-175.5938262939453
-124.5589599609375,44.505859375,-175.03036499023438
-122.75558471679688,41.45219421386719,-174.65847778320312
-120.81967163085938,38.95881652832031,-174.23037719726562
-118.75621032714844,36.90104675292969,-173.4695587158203
-116.63136291503906,35.36891174316406,-172.4404296875
-114.49496459960938,33.80174255371094,-171.56207275390625
-112.20790100097656,32.59765625,-170.6085968017578
-110.27439880371094,31.304031372070312,-169.615478515625
-108.25634765625,30.161941528320312,-168.68548583984375
-106.06649780273438,29.198806762695312,-167.81793212890625
-104.42631530761719,28.071609497070312,-167.51832580566406
-102.71220397949219,26.750732421875,-167.25209045410156
-101.10960388183594,25.465042114257812,-167.3851776123047
-99.43116760253906,24.195343017578125,-167.55043029785156
-97.72163391113281,22.746902465820312,-168.0251922607422
-95.89793395996094,21.44403076171875,-168.56845092773438
-93.85955810546875,20.056411743164062,-169.199951171875
-91.61431884765625,18.812423706054688,-169.91941833496094
-89.05819702148438,17.471649169921875,-171.20814514160156
-86.30271911621094,16.085723876953125,-172.70680236816406
-83.55096435546875,14.991287231445312,-174.39651489257812
-80.46115112304688,13.984588623046875,-176.0640869140625
-77.34880065917969,13.013961791992188,-178.20458984375
-74.16403198242188,12.40020751953125,-180.6137237548828
-70.79478454589844,12.310989379882812,-183.08460998535156
-67.1510009765625,12.30389404296875,-186.06703186035156
-63.555633544921875,13.012435913085938,-189.14869689941406
-59.56024169921875,14.327926635742188,-192.10601806640625
-55.760162353515625,16.0848388671875,-194.871826171875
-52.303680419921875,18.391677856445312,-197.43263244628906
-49.197998046875,20.798980712890625,-200.45985412597656
-46.319732666015625,23.813308715820312,-203.408203125
-43.886474609375,27.029434204101562,-206.14024353027344
-41.524078369140625,30.772506713867188,-209.02989196777344
-39.663116455078125,34.67210388183594,-211.77590942382812
-38.27320861816406,39.02325439453125,-214.2582550048828
-37.61802673339844,43.576263427734375,-216.9777374267578
-37.61073303222656,48.38340759277344,-219.90684509277344
-38.4139404296875,53.2646484375,-222.39181518554688
-39.47563171386719,58.07701110839844,-224.901123046875
-41.24015808105469,63.06097412109375,-227.1555633544922
-43.50592041015625,67.93049621582031,-229.15899658203125
-46.37257385253906,73.1004638671875,-230.55990600585938
-49.54347229003906,78.08468627929688,-231.4416961669922
-53.61180114746094,83.26795959472656,-231.63589477539062
-57.892242431640625,88.37763977050781,-230.7944793701172
-62.542388916015625,93.4609375,-228.72805786132812
-66.69960021972656,98.28062438964844,-225.6316680908203
-70.28773498535156,102.91357421875,-221.0935821533203
-73.44863891601562,106.84249877929688,-215.32447814941406
-76.24006652832031,109.77731323242188,-208.68145751953125
-78.99160766601562,111.64747619628906,-201.4589385986328
-82.02346801757812,112.36279296875,-194.6707763671875
-85.71542358398438,112.13442993164062,-189.08888244628906
-89.64541625976562,111.34564208984375,-184.52442932128906
-93.76290893554688,109.75759887695312,-180.6964569091797
-98.14558410644531,107.70022583007812,-177.9049835205078
-102.24687194824219,104.89511108398438,-175.6227264404297
-106.48451232910156,101.88262939453125,-173.86331176757812
-110.46017456054688,98.323974609375,-172.35690307617188
-114.07884216308594,94.15803527832031,-171.04931640625
-117.61842346191406,89.59658813476562,-170.16421508789062
-120.87503051757812,84.51737976074219,-170.07260131835938
-123.99076843261719,79.23594665527344,-170.91856384277344
-126.70465087890625,73.64192199707031,-172.55783081054688
-128.96664428710938,68.23466491699219,-175.05245971679688
-130.55323791503906,62.98809814453125,-177.908935546875
-131.48910522460938,58.12646484375,-180.86624145507812
-131.71897888183594,53.34358215332031,-183.8677978515625
-131.32565307617188,49.304595947265625,-187.20533752441406
-130.5957794189453,45.514251708984375,-190.15826416015625
-129.32188415527344,41.79988098144531,-193.13174438476562
-127.85385131835938,38.176513671875,-195.4404754638672
-125.96397399902344,34.872589111328125,-197.45611572265625
-124.03823852539062,31.513839721679688,-198.9397430419922
-121.75088500976562,28.434341430664062,-199.82760620117188
-119.14418029785156,25.400741577148438,-200.46839904785156
-116.41522216796875,22.386123657226562,-201.0755157470703
-113.50656127929688,19.868988037109375,-201.39227294921875
-110.58920288085938,17.58135986328125,-201.67105102539062
-107.35018920898438,15.457748413085938,-201.59400939941406
-104.40507507324219,13.553863525390625,-201.216064453125
-101.37985229492188,12.07354736328125,-200.42535400390625
-98.29277038574219,10.75921630859375,-198.85076904296875
-95.39469909667969,9.68414306640625,-196.84632873535156
-92.38287353515625,8.686126708984375,-194.45741271972656
-89.37796020507812,8.059112548828125,-191.77723693847656
-86.50152587890625,7.8179931640625,-188.69363403320312
-83.79362487792969,7.9884185791015625,-185.2498016357422
-81.54359436035156,8.43695068359375,-181.82696533203125
-79.51568603515625,9.24713134765625,-178.2390899658203
-77.75593566894531,10.479034423828125,-174.4046630859375
-76.41729736328125,12.518173217773438,-170.44825744628906
-75.44683837890625,14.60931396484375,-166.28909301757812
-74.80340576171875,17.133468627929688,-162.28271484375
-74.82398986816406,20.079879760742188,-158.6349639892578
-74.94122314453125,23.123306274414062,-155.22988891601562
-75.75859069824219,26.109420776367188,-152.1813507080078
-76.90402221679688,29.308486938476562,-149.78781127929688
-78.49879455566406,32.423187255859375,-147.578125
-80.34233093261719,35.2119140625,-145.59506225585938
-83.01028442382812,38.36769104003906,-143.99473571777344
-85.66166687011719,41.25144958496094,-143.0037078857422
-88.82896423339844,44.24232482910156,-142.5146942138672
-92.31617736816406,47.07362365722656,-142.5718994140625
-96.03021240234375,50.0682373046875,-143.0091094970703
-100.04420471191406,52.88172912597656,-144.097412109375
-103.90556335449219,56.23292541503906,-145.6610565185547
-107.74559020996094,59.54090881347656,-147.68096923828125
-111.25653076171875,63.35279846191406,-150.5353546142578
-114.25199890136719,66.88536071777344,-153.44789123535156
-116.92323303222656,70.42123413085938,-156.8013458251953
-119.02212524414062,73.48147583007812,-160.3640899658203
-120.52621459960938,76.31527709960938,-163.70733642578125
-121.53094482421875,78.89637756347656,-166.7884063720703
-122.1502685546875,81.16448974609375,-169.7796630859375
-122.49313354492188,83.39616394042969,-172.54908752441406
-122.78709411621094,85.15708923339844,-175.2855987548828
-122.87309265136719,86.41119384765625,-177.93399047851562
-123.17680358886719,87.18836975097656,-180.15496826171875
-123.69097900390625,87.09724426269531,-182.2723846435547
-124.50018310546875,86.39776611328125,-183.8247528076172
-125.46029663085938,84.82040405273438,-184.89955139160156
-126.51353454589844,82.38740539550781,-185.50344848632812
-127.93284606933594,79.38412475585938,-185.58140563964844
-129.23704528808594,75.67512512207031,-185.74087524414062
-130.46615600585938,71.39814758300781,-186.19631958007812
-131.4110565185547,66.64646911621094,-186.36289978027344
-131.69631958007812,61.67573547363281,-186.66397094726562
-131.59683227539062,56.49688720703125,-187.3059539794922
-130.8888702392578,51.19731140136719,-187.68832397460938
-129.6495819091797,46.219451904296875,-188.15077209472656
-127.79635620117188,41.98663330078125,-188.09449768066406
-125.71473693847656,38.31239318847656,-187.7509002685547
-123.61610412597656,35.10636901855469,-186.6224822998047
-121.19473266601562,32.49320983886719,-185.4041748046875
-118.91835021972656,30.483978271484375,-183.7513427734375
-116.64508056640625,28.548919677734375,-182.05844116210938
-114.29466247558594,27.184906005859375,-180.25579833984375
-112.03079223632812,25.824050903320312,-178.78768920898438
-109.52618408203125,24.433151245117188,-177.91209411621094
-107.10736083984375,23.0626220703125,-177.16311645507812
-105.00282287597656,21.658248901367188,-176.66810607910156
-102.77362060546875,20.194671630859375,-176.72952270507812
-100.54899597167969,18.8790283203125,-176.82102966308594
-98.35116577148438,17.505722045898438,-177.35768127441406
-96.14143371582031,16.370803833007812,-177.96810913085938
-93.83854675292969,15.002777099609375,-178.8448028564453
-91.29269409179688,13.986343383789062,-179.93978881835938
-88.43489074707031,13.10882568359375,-181.09800720214844
-85.45472717285156,12.076202392578125,-182.51988220214844
-82.30720520019531,11.376495361328125,-183.90370178222656
-79.09495544433594,10.854934692382812,-185.6378173828125
-75.799560546875,10.588943481445312,-187.64266967773438
-72.33937072753906,10.714309692382812,-190.00279235839844
-68.73916625976562,11.075531005859375,-192.35926818847656
-65.33782958984375,11.97479248046875,-195.03321838378906
-61.6934814453125,13.488449096679688,-197.71832275390625
-58.37591552734375,15.218048095703125,-200.43234252929688
-55.061737060546875,17.359878540039062,-203.2138671875
-52.1005859375,20.00164794921875,-205.9594268798828
-49.6778564453125,22.699905395507812,-208.91990661621094
-47.81007385253906,25.67572021484375,-211.76596069335938
-46.047821044921875,28.579010009765625,-214.50929260253906
-44.50238037109375,31.761398315429688,-217.09756469726562
-43.46421813964844,35.24761962890625,-219.83030700683594
-42.96968078613281,38.78419494628906,-222.16957092285156
-42.98931884765625,42.36231994628906,-224.3084259033203
-43.35072326660156,46.04743957519531,-226.46730041503906
-44.3372802734375,49.992645263671875,-229.02955627441406
-45.900634765625,53.563507080078125,-231.28208923339844
-47.62055969238281,57.47630310058594,-233.47384643554688
-49.73390197753906,61.49623107910156,-235.31129455566406
-52.31166076660156,65.87043762207031,-237.04144287109375
-55.435150146484375,70.456298828125,-237.99462890625
-58.54444885253906,75.10118103027344,-238.2203826904297
-61.847808837890625,80.00776672363281,-237.7617950439453
-65.34561157226562,84.98947143554688,-236.6184844970703
-68.50334167480469,89.94377136230469,-234.24708557128906
-71.18171691894531,94.6708984375,-231.18309020996094
-73.54901123046875,99.46673583984375,-226.9202117919922
-75.04591369628906,103.47344970703125,-221.67584228515625
-76.36845397949219,107.13088989257812,-215.589599609375
-77.63658142089844,109.66400146484375,-208.82754516601562
-79.18522644042969,111.47578430175781,-202.0376434326172
-81.29420471191406,112.425537109375,-195.83428955078125
-83.84356689453125,112.36897277832031,-190.49012756347656
-86.75003051757812,111.71798706054688,-186.369384765625
-90.09877014160156,110.64036560058594,-182.99436950683594
-93.36117553710938,109.26565551757812,-180.06187438964844
-97.12510681152344,107.46461486816406,-177.25025939941406
-100.98399353027344,104.92967224121094,-174.71563720703125
-104.76756286621094,101.91680908203125,-172.42201232910156
-108.33090209960938,98.76397705078125,-170.43812561035156
-111.64421081542969,94.71638488769531,-168.7120361328125
-114.85609436035156,90.38967895507812,-167.59356689453125
-118.53010559082031,85.42050170898438,-167.06556701660156
-121.88723754882812,79.94598388671875,-167.4052734375
-124.79466247558594,74.24827575683594,-168.5729217529297
-127.2283935546875,68.30686950683594,-170.83718872070312
-128.9923858642578,62.552520751953125,-172.75088500976562
-129.771240234375,57.25904846191406,-174.83299255371094
-130.17001342773438,52.372802734375,-176.91357421875
-129.73497009277344,47.55499267578125,-178.89157104492188
-128.7169952392578,43.098052978515625,-180.51795959472656
-127.41802978515625,38.971435546875,-181.33323669433594
-125.94412231445312,35.13429260253906,-181.97808837890625
-123.99073791503906,31.587722778320312,-182.57337951660156
-121.69718933105469,28.05816650390625,-183.15786743164062
-118.94606018066406,24.973846435546875,-183.65048217773438
-115.98580932617188,21.868011474609375,-184.06500244140625
-113.33955383300781,19.134002685546875,-184.9129180908203
-110.09483337402344,16.684677124023438,-185.75869750976562
-107.02656555175781,14.3448486328125,-186.60824584960938
-103.84866333007812,12.721389770507812,-187.09439086914062
-100.95059204101562,11.425216674804688,-187.33749389648438
-98.17800903320312,10.422805786132812,-187.53086853027344
-95.59478759765625,9.543609619140625,-187.305908203125
-93.43724060058594,8.922286987304688,-186.393310546875
-91.53199768066406,8.669036865234375,-185.17027282714844
-90.03997802734375,8.713226318359375,-183.49600219726562
-88.9952392578125,9.025314331054688,-181.3836669921875
-88.42012023925781,9.5382080078125,-179.03733825683594
-88.28724670410156,10.078582763671875,-176.21556091308594
-88.5013427734375,11.25396728515625,-173.40170288085938
-89.33892822265625,12.665008544921875,-170.63429260253906
-90.65653991699219,14.610153198242188,-167.64602661132812
-92.067626953125,16.852691650390625,-164.5651397705078
-93.56236267089844,19.054458618164062,-161.83897399902344
-94.9278564453125,21.651397705078125,-159.3473663330078
-96.54219055175781,24.291213989257812,-157.41085815429688
-98.00544738769531,26.692214965820312,-155.59921264648438
-99.27830505371094,29.339950561523438,-154.1599578857422
-100.68426513671875,31.962265014648438,-153.01052856445312
-102.26937866210938,34.53350830078125,-151.8249969482422
-103.94572448730469,37.367767333984375,-151.13601684570312
-105.57662963867188,40.114105224609375,-150.77667236328125
-107.41049194335938,43.06803894042969,-150.751953125
-109.6619873046875,46.152252197265625,-151.1941680908203
-111.83013916015625,49.311065673828125,-151.86505126953125
-114.07839965820312,52.41041564941406,-152.92312622070312
-116.1751708984375,55.89347839355469,-154.34559631347656
-118.24516296386719,59.31089782714844,-156.0468292236328
-120.1468505859375,62.602203369140625,-158.3805389404297
-121.78167724609375,65.63348388671875,-160.93528747558594
-123.65492248535156,68.52197265625,-164.33543395996094
-125.30720520019531,71.09980773925781,-168.29934692382812
-126.89759826660156,73.22895812988281,-172.73736572265625
-128.2494354248047,75.10702514648438,-177.92138671875
-128.89173889160156,76.408447265625,-183.08883666992188
-129.2093048095703,77.259765625,-188.08934020996094
-129.36590576171875,78.07048034667969,-192.0017852783203
-129.174072265625,78.16744995117188,-195.43418884277344
-129.16091918945312,78.124267578125,-197.82513427734375
-129.0867919921875,77.75590515136719,-199.14112854003906
-129.2561492919922,76.93562316894531,-200.04168701171875
-129.7087860107422,75.51446533203125,-200.55149841308594
-130.2816925048828,73.72251892089844,-200.75872802734375
-130.82012939453125,71.40150451660156,-200.66993713378906
-131.2669219970703,68.73715209960938,-200.4460906982422
-131.71180725097656,65.87905883789062,-200.0078125
-131.9335479736328,62.92866516113281,-199.85366821289062
-132.07789611816406,59.71197509765625,-199.97988891601562
-131.63153076171875,56.10032653808594,-199.9302215576172
-130.99879455566406,52.627838134765625,-199.70301818847656
-130.1845245361328,49.03761291503906,-199.0913543701172
-129.17764282226562,45.598358154296875,-197.90029907226562
-128.021240234375,42.365081787109375,-196.5718536376953
-126.31137084960938,39.43963623046875,-195.3384246826172
-124.66064453125,36.73979187011719,-193.72317504882812
-123.14619445800781,34.30027770996094,-192.24398803710938
-121.51536560058594,32.15045166015625,-190.9556427001953
-119.57821655273438,30.039505004882812,-189.6972198486328
-117.65724182128906,28.379013061523438,-188.4787139892578
-115.86064147949219,26.688095092773438,-187.64013671875
-113.99903869628906,25.115234375,-186.70977783203125
-112.04397583007812,23.771026611328125,-185.79273986816406
-110.00868225097656,22.549606323242188,-185.05587768554688
-107.90028381347656,21.138442993164062,-184.6297149658203
-105.79556274414062,19.424774169921875,-184.02294921875
-103.60552978515625,18.184066772460938,-183.82351684570312
-101.47682189941406,17.054702758789062,-183.59494018554688
-99.12490844726562,15.965301513671875,-183.57461547851562
-96.7579345703125,14.96826171875,-183.66537475585938
-94.25993347167969,13.93585205078125,-183.93141174316406
-91.56210327148438,13.113784790039062,-184.4695587158203
-88.73199462890625,12.101181030273438,-185.1066131591797
-85.73236083984375,11.427093505859375,-186.11480712890625
-82.39411926269531,10.995208740234375,-187.47418212890625
-79.01351928710938,10.574600219726562,-188.84915161132812
-75.27165222167969,10.484710693359375,-190.57557678222656
-71.53280639648438,10.759750366210938,-192.72218322753906
-67.63150024414062,11.429855346679688,-194.88076782226562
-63.877227783203125,12.502883911132812,-197.28904724121094
-60.349822998046875,14.117996215820312,-199.53855895996094
-57.065338134765625,15.8458251953125,-201.8147430419922
-54.017547607421875,18.1654052734375,-203.94236755371094
-51.06657409667969,20.565658569335938,-206.11964416503906
-48.47370910644531,23.262527465820312,-208.35494995117188
-46.27781677246094,25.847579956054688,-210.3743896484375
-44.21888732910156,29.012924194335938,-212.84213256835938
-42.83856201171875,32.089813232421875,-215.5072784423828
-41.98936462402344,35.51268005371094,-218.02513122558594
-41.44059753417969,38.77691650390625,-220.533935546875
-41.25050354003906,42.325042724609375,-223.05711364746094
-41.76557922363281,46.07899475097656,-225.6974334716797
-42.65141296386719,49.74998474121094,-228.3401641845703
-44.096435546875,53.839569091796875,-231.08424377441406
-46.16603088378906,58.02314758300781,-233.23548889160156
-48.66633605957031,62.45469665527344,-235.20591735839844
-51.0682373046875,67.27716064453125,-236.22166442871094
-53.49861145019531,72.42555236816406,-236.71255493164062
-56.23736572265625,77.96043395996094,-236.34591674804688
-58.63328552246094,83.40977478027344,-235.0067138671875
-60.7611083984375,88.96954345703125,-232.50335693359375
-62.778594970703125,94.15562438964844,-229.02835083007812
-64.39274597167969,98.91488647460938,-224.47061157226562
-66.17990112304688,103.1016845703125,-219.4330596923828
-68.26405334472656,106.81327819824219,-213.60606384277344
-70.48670959472656,109.29365539550781,-208.00985717773438
-73.30485534667969,111.14888000488281,-203.1256866455078
-76.50343322753906,112.11016845703125,-199.44296264648438
-80.13520812988281,112.56146240234375,-196.2576446533203
-84.03398132324219,112.54252624511719,-193.8404541015625
-88.09172058105469,112.141357421875,-191.64541625976562
-91.66189575195312,111.47023010253906,-189.53306579589844
-95.36865234375,110.27877807617188,-187.62838745117188
-99.05326843261719,108.94448852539062,-185.99929809570312
-102.87596130371094,106.80107116699219,-184.4451141357422
-106.82879638671875,104.47547912597656,-183.05274963378906
-110.5406494140625,101.61109924316406,-182.0248260498047
-114.6363525390625,98.46987915039062,-181.66387939453125
-118.39347839355469,94.8582763671875,-181.9874267578125
-121.99308776855469,90.95835876464844,-183.07962036132812
-124.98350524902344,86.64959716796875,-185.14353942871094
-127.81500244140625,82.242919921875,-187.782958984375
-129.93663024902344,77.6787109375,-190.73179626464844
-131.533447265625,72.89646911621094,-193.892333984375
-132.41998291015625,67.99057006835938,-197.0676727294922
-132.76918029785156,63.35498046875,-200.22824096679688
-132.32940673828125,58.896270751953125,-203.43775939941406
-131.29067993164062,54.433074951171875,-206.4818115234375
-129.965087890625,50.20558166503906,-209.31649780273438
-128.16552734375,46.52085876464844,-212.0597381591797
-126.11216735839844,43.3262939453125,-214.4453125
-123.55838012695312,40.37620544433594,-216.7402801513672
-120.97926330566406,37.88624572753906,-218.90313720703125
-118.25382995605469,35.68499755859375,-220.93487548828125
-115.32830810546875,33.99595642089844,-222.66143798828125
-112.37901306152344,32.56524658203125,-224.56549072265625
-109.51393127441406,31.333908081054688,-226.22621154785156
-106.68084716796875,29.996612548828125,-227.7675323486328
-103.70053100585938,28.809783935546875,-229.32423400878906
-100.82891845703125,28.308944702148438,-230.49180603027344
-97.46466064453125,27.821380615234375,-231.56210327148438
-94.75926208496094,27.24896240234375,-232.44015502929688
-91.63278198242188,26.996200561523438,-233.08029174804688
-88.34353637695312,26.53753662109375,-233.58924865722656
-85.44087219238281,25.96649169921875,-233.56118774414062
-82.51263427734375,25.651718139648438,-233.3934783935547
-79.82475280761719,25.132125854492188,-232.93948364257812
-77.42079162597656,24.639541625976562,-232.24375915527344
-75.286376953125,24.121383666992188,-231.2132110595703
-73.49198913574219,23.520675659179688,-230.23033142089844
-72.02998352050781,22.4716796875,-229.1806640625
-70.9249267578125,21.597259521484375,-228.0403594970703
-70.18917846679688,20.787506103515625,-226.8766326904297
-69.68643188476562,19.863327026367188,-225.50079345703125
-69.33961486816406,18.92431640625,-224.09986877441406
-69.236572265625,18.0653076171875,-223.04759216308594
-69.38189697265625,17.338272094726562,-221.86367797851562
-69.76922607421875,16.579727172851562,-220.64146423339844
-70.23805236816406,15.91070556640625,-219.61061096191406
-70.79000854492188,15.39471435546875,-218.9542999267578
-71.35035705566406,14.8836669921875,-218.5244903564453
-72.06239318847656,14.580062866210938,-218.0712127685547
-72.63888549804688,14.53179931640625,-217.65342712402344
-72.71275329589844,14.639373779296875,-217.9377899169922
-72.80555725097656,14.962295532226562,-218.5243377685547
-72.77951049804688,15.400558471679688,-219.31784057617188
-72.374755859375,16.137115478515625,-220.29563903808594
-71.80564880371094,16.892318725585938,-221.40866088867188
-71.01921081542969,17.890823364257812,-222.79922485351562
-70.44619750976562,18.9171142578125,-223.91783142089844
-69.79747009277344,19.818069458007812,-225.07118225097656
-68.86175537109375,21.1536865234375,-226.27134704589844
-67.99952697753906,22.579452514648438,-227.4834442138672
-66.85931396484375,24.092636108398438,-228.62258911132812
-65.34634399414062,25.36285400390625,-229.36874389648438
-63.77215576171875,26.872314453125,-230.19921875
-62.37141418457031,28.086624145507812,-230.71620178222656
-60.86064147949219,29.311737060546875,-231.0300750732422
-59.611297607421875,30.191665649414062,-230.94602966308594
-58.41705322265625,31.034988403320312,-230.84788513183594
-57.61549377441406,31.476852416992188,-230.7797393798828
-56.91070556640625,31.885345458984375,-230.64590454101562
-56.27842712402344,32.201446533203125,-230.5930633544922
-55.75669860839844,32.32720947265625,-230.36460876464844
-55.34051513671875,32.396820068359375,-230.1088409423828
-55.19529724121094,32.23033142089844,-229.67481994628906
-54.72900390625,32.31842041015625,-229.46035766601562
-54.253326416015625,32.51603698730469,-228.96055603027344
-53.87712097167969,32.41168212890625,-228.6885986328125
-53.36000061035156,32.54060363769531,-228.267822265625
-53.092529296875,32.67645263671875,-228.2132110595703
-52.79681396484375,32.68812561035156,-227.9325408935547
-52.7630615234375,32.65496826171875,-227.8086700439453
-52.761749267578125,32.615997314453125,-227.5726776123047
-52.4979248046875,32.557769775390625,-227.2372589111328
-52.580413818359375,32.42724609375,-227.40480041503906
-52.35713195800781,32.41667175292969,-227.1527099609375
-52.38761901855469,32.00604248046875,-226.88926696777344
-52.38177490234375,31.642120361328125,-226.6308135986328
-52.61351013183594,31.34442138671875,-226.37998962402344
-52.44313049316406,31.086517333984375,-226.19027709960938
-52.37677001953125,30.80035400390625,-225.9458465576172
-52.496856689453125,30.764083862304688,-225.70053100585938
-52.249908447265625,30.576858520507812,-225.32672119140625
-52.329315185546875,30.18768310546875,-225.0126190185547
-52.4263916015625,29.894744873046875,-224.7028045654297
-52.289520263671875,29.788131713867188,-224.17251586914062
-52.3336181640625,29.66156005859375,-224.14453125
-52.31959533691406,29.473052978515625,-223.76609802246094
-52.27467346191406,29.206939697265625,-223.3785858154297
-52.3284912109375,29.168365478515625,-222.9923858642578
-52.338348388671875,28.979202270507812,-222.81024169921875
-52.29240417480469,28.773773193359375,-222.2658233642578
-52.16764831542969,28.54986572265625,-222.0395050048828
-52.12513732910156,28.236282348632812,-221.8739776611328
-52.0789794921875,28.177627563476562,-221.6230926513672
-52.13471984863281,27.819488525390625,-221.6880645751953
-52.68046569824219,27.445831298828125,-221.2705078125
-53.18650817871094,27.045928955078125,-221.04429626464844
-53.78581237792969,26.49005126953125,-220.86990356445312
-54.19270324707031,26.045974731445312,-220.75914001464844
-55.009796142578125,25.27862548828125,-220.5617218017578
-55.56135559082031,24.592010498046875,-219.9867706298828
-56.263031005859375,23.770339965820312,-219.1190948486328
-56.76164245605469,22.976821899414062,-218.57821655273438
-57.31414794921875,22.194992065429688,-218.06387329101562
-58.054412841796875,21.673538208007812,-217.39169311523438
-59.063812255859375,20.871490478515625,-216.7729949951172
-60.004364013671875,20.237930297851562,-215.73362731933594
-60.806182861328125,19.510086059570312,-215.20899963378906
-61.80824279785156,18.828765869140625,-214.40013122558594
-62.78297424316406,18.120681762695312,-213.9649658203125
-63.49794006347656,17.654510498046875,-213.5634765625
-64.39927673339844,17.238372802734375,-213.1269989013672
-65.12274169921875,16.933090209960938,-212.6792449951172
-66.13619995117188,16.37750244140625,-212.0425262451172
-67.40446472167969,15.78216552734375,-211.259521484375
-68.74813842773438,15.2816162109375,-210.41407775878906
-70.18988037109375,14.660263061523438,-209.44674682617188
-71.71751403808594,13.984588623046875,-208.04620361328125
-73.36871337890625,13.617996215820312,-206.23333740234375
-75.1590576171875,13.180999755859375,-204.7074737548828
-77.27943420410156,12.895614624023438,-203.14683532714844
-79.27647399902344,12.460098266601562,-201.30166625976562
-81.0699462890625,12.236557006835938,-199.22525024414062
-82.61360168457031,12.278305053710938,-196.73028564453125
-83.68014526367188,12.50616455078125,-194.29559326171875
-84.22885131835938,12.6707763671875,-192.10240173339844
-84.49382019042969,12.9461669921875,-189.7952423095703
-84.57382202148438,13.307952880859375,-187.40281677246094
-84.36174011230469,13.8251953125,-185.15707397460938
-84.07377624511719,14.433929443359375,-182.9739990234375
-83.47901916503906,14.963714599609375,-181.162841796875
-82.60581970214844,15.310760498046875,-179.37937927246094
-82.09675598144531,16.110092163085938,-177.7919921875
-81.44892883300781,16.611465454101562,-176.43116760253906
-80.74336242675781,17.069961547851562,-175.60157775878906
-79.95278930664062,17.621414184570312,-174.88880920410156
-79.46305847167969,18.043228149414062,-174.10740661621094
-78.90858459472656,18.488250732421875,-173.52906799316406
-78.41072082519531,19.098114013671875,-172.6397705078125
-77.81486511230469,19.675750732421875,-172.19866943359375
-77.28776550292969,20.3353271484375,-171.53021240234375
-76.64431762695312,20.900634765625,-170.874755859375
-76.32662963867188,21.54498291015625,-170.200927734375
-75.72201538085938,22.0791015625,-169.5025177001953
-75.1365966796875,22.69415283203125,-169.0488739013672
-74.64175415039062,23.394668579101562,-168.17311096191406
-74.1531982421875,24.035659790039062,-167.56103515625
-73.99884033203125,24.542205810546875,-166.79983520507812
-73.95050048828125,25.3135986328125,-166.78372192382812
-74.03125,25.870269775390625,-166.2045135498047
-74.02952575683594,26.340530395507812,-165.74874877929688
-73.69239807128906,26.845779418945312,-165.2927703857422
-73.4132080078125,26.99481201171875,-165.34066772460938
-73.26863098144531,27.23309326171875,-164.98953247070312
-73.14889526367188,27.37139892578125,-164.7333984375
-72.99359130859375,27.7823486328125,-164.50013732910156
-73.05503845214844,28.052261352539062,-164.2080535888672
-73.01115417480469,28.363632202148438,-164.172119140625
-73.30912780761719,28.720367431640625,-164.00714111328125
-73.18453979492188,29.04962158203125,-163.78465270996094
-73.29939270019531,29.373031616210938,-163.62953186035156
-73.3695068359375,29.529525756835938,-163.56884765625
-73.25132751464844,29.924407958984375,-163.2859649658203
-72.52972412109375,30.214080810546875,-162.80099487304688
-71.63352966308594,30.868850708007812,-162.59671020507812
-70.46931457519531,31.251068115234375,-162.8113250732422
-69.94760131835938,31.341751098632812,-162.95379638671875
-69.38833618164062,31.664764404296875,-162.97312927246094
-69.20539855957031,31.927902221679688,-162.79542541503906
-69.233154296875,32.16529846191406,-162.2786865234375
-69.43724060058594,32.1431884765625,-162.14414978027344
-69.50596618652344,32.065643310546875,-162.11355590820312
-69.63516235351562,31.85858154296875,-162.2666015625
-69.63426208496094,31.828765869140625,-162.54586791992188
-69.78741455078125,31.729751586914062,-162.38494873046875
-69.96612548828125,31.812759399414062,-162.26991271972656
-70.04423522949219,31.902114868164062,-162.5635528564453
-70.19366455078125,31.835845947265625,-162.27639770507812
-70.04098510742188,32.130096435546875,-162.1847686767578
-70.0157470703125,32.20960998535156,-162.04690551757812
-69.9561767578125,32.40765380859375,-161.67686462402344
-69.99018859863281,32.471923828125,-161.5294952392578
-70.0977783203125,32.626312255859375,-161.41751098632812
-70.17778015136719,32.813812255859375,-161.42779541015625
-70.17509460449219,33.002105712890625,-161.39938354492188
-70.14117431640625,32.96464538574219,-161.49896240234375
-70.37388610839844,33.211883544921875,-161.36862182617188
-70.42695617675781,33.168182373046875,-161.4539337158203
-70.43486022949219,33.26405334472656,-161.3206024169922
-70.32199096679688,33.16795349121094,-161.29769897460938
-70.52935791015625,33.286376953125,-161.16607666015625
-70.4837646484375,33.23057556152344,-161.15972900390625
-70.57284545898438,33.27717590332031,-161.3450469970703
-70.74540710449219,33.20787048339844,-161.25921630859375
-70.8375244140625,33.15824890136719,-161.3059539794922
-71.01576232910156,33.267852783203125,-161.1689910888672
-71.42535400390625,33.00341796875,-160.98904418945312
-71.94017028808594,32.7979736328125,-160.74349975585938
-72.27519226074219,32.573577880859375,-161.0311737060547
-72.54092407226562,32.15870666503906,-161.320556640625
-73.14193725585938,31.659683227539062,-161.635498046875
-73.85977172851562,31.500244140625,-161.7949676513672
-74.46714782714844,31.369400024414062,-161.79002380371094
-75.16378784179688,31.187286376953125,-161.93377685546875
-75.64189147949219,31.0782470703125,-161.89805603027344
-76.21051025390625,30.856781005859375,-161.91363525390625
-76.77333068847656,31.016372680664062,-161.77931213378906
-77.17361450195312,30.89263916015625,-161.52023315429688
-77.52487182617188,30.893692016601562,-161.6253662109375
-77.57597351074219,30.834396362304688,-161.70127868652344
-77.72222900390625,30.849899291992188,-161.67630004882812
-77.68557739257812,30.902801513671875,-161.83396911621094
-77.81053161621094,30.8111572265625,-162.11741638183594
-77.88667297363281,30.6846923828125,-162.29124450683594
-78.03729248046875,30.820816040039062,-162.00059509277344
-78.13818359375,30.7957763671875,-162.04119873046875
-78.38546752929688,30.810348510742188,-162.06492614746094
-78.32844543457031,30.8150634765625,-162.1790313720703
-78.45596313476562,30.851837158203125,-162.2528076171875
-78.53750610351562,30.92401123046875,-162.3938446044922
-78.58735656738281,30.834976196289062,-162.39739990234375
-78.97787475585938,30.759017944335938,-162.1660614013672
-79.13247680664062,30.875137329101562,-162.0278778076172
-79.19233703613281,31.037704467773438,-162.05978393554688
-79.232177734375,31.129989624023438,-161.86849975585938
-79.28839111328125,31.04522705078125,-161.87158203125
-79.40602111816406,30.948577880859375,-162.0955047607422
-79.46134948730469,30.840850830078125,-162.2774200439453
-79.45394897460938,30.882949829101562,-162.436279296875
-79.68235778808594,30.787506103515625,-162.29135131835938
-79.71174621582031,30.824462890625,-162.12600708007812
-79.75262451171875,30.832839965820312,-162.1117401123047
-79.98295593261719,30.970046997070312,-162.31898498535156
-80.01638793945312,31.005477905273438,-162.20291137695312
-80.17787170410156,31.02960205078125,-162.21697998046875
-80.41677856445312,30.948013305664062,-162.27723693847656
-80.65423583984375,30.951416015625,-162.27810668945312
-80.84465026855469,30.95562744140625,-162.26535034179688
-80.88398742675781,31.02606201171875,-162.2516632080078
-80.94284057617188,30.877029418945312,-162.2488555908203
-80.88420104980469,30.785171508789062,-162.0319366455078
-80.77607727050781,30.827865600585938,-162.11302185058594
-80.8480224609375,30.875228881835938,-162.10963439941406
-80.81268310546875,30.891006469726562,-162.2765655517578
-80.7916259765625,30.912307739257812,-162.18287658691406
-80.93849182128906,30.836532592773438,-162.2896728515625
-80.96253967285156,30.9031982421875,-162.30084228515625
-80.94801330566406,30.880752563476562,-162.24008178710938
-81.013671875,30.81146240234375,-162.20050048828125
-80.79299926757812,30.73138427734375,-162.23028564453125
-80.85812377929688,30.884963989257812,-162.07290649414062
-80.77012634277344,30.802780151367188,-161.9533233642578
-80.86538696289062,30.839202880859375,-161.71774291992188
-80.84429931640625,30.775375366210938,-161.93243408203125
-80.8604736328125,30.849075317382812,-162.00975036621094
-80.80702209472656,30.803863525390625,-161.8658905029297
-80.63383483886719,30.8828125,-161.87327575683594
-80.66148376464844,30.760971069335938,-162.05377197265625
-80.70033264160156,30.897247314453125,-162.08213806152344
-80.78639221191406,30.89813232421875,-162.09735107421875
-80.66416931152344,30.83428955078125,-161.86569213867188
-80.5167236328125,30.827713012695312,-162.09823608398438
-80.66816711425781,30.880966186523438,-162.2967071533203
-80.70259094238281,31.02227783203125,-162.40675354003906
-80.7161865234375,30.880111694335938,-162.3661651611328
-80.81883239746094,30.828765869140625,-162.10595703125
-80.90267944335938,30.774673461914062,-161.8807373046875
-80.80335998535156,30.816619873046875,-162.06980895996094
-80.87930297851562,30.8248291015625,-162.16506958007812
-80.86204528808594,30.903656005859375,-161.945068359375
-80.63893127441406,31.030136108398438,-161.9436492919922
-80.68864440917969,31.098648071289062,-161.92662048339844
-80.75819396972656,31.077896118164062,-161.71688842773438
-80.88291931152344,30.893753051757812,-161.8448028564453
-80.88453674316406,30.998291015625,-161.9454345703125
-80.90438842773438,30.919281005859375,-161.99192810058594
-80.73786926269531,30.948333740234375,-161.7321014404297
-80.31878662109375,30.962081909179688,-161.8856658935547
-80.37814331054688,30.887939453125,-162.08053588867188
-80.3929443359375,30.9112548828125,-162.09457397460938
-80.52867126464844,30.8250732421875,-161.97274780273438
-80.62309265136719,30.721786499023438,-162.07167053222656
-80.99028015136719,30.62213134765625,-162.13063049316406
-81.17109680175781,30.553390502929688,-162.25889587402344
-81.35874938964844,30.585372924804688,-162.3356475830078
-81.43524169921875,30.556472778320312,-162.2550048828125
-81.56938171386719,30.53936767578125,-162.21939086914062
-82.03973388671875,30.615447998046875,-162.20814514160156
-82.411865234375,30.44512939453125,-162.11837768554688
-82.96482849121094,30.221817016601562,-161.99359130859375
-83.51039123535156,30.2386474609375,-161.89675903320312
-83.88076782226562,30.21954345703125,-161.98114013671875
-84.37922668457031,30.190093994140625,-162.09786987304688
-84.70457458496094,30.270217895507812,-161.94290161132812
-85.27873229980469,30.343170166015625,-161.984375
-85.58255004882812,30.184890747070312,-161.99742126464844
-85.67994689941406,30.13922119140625,-161.98170471191406
-85.96533203125,30.15185546875,-161.9171600341797
-85.95417785644531,29.940078735351562,-161.95071411132812
-86.12870788574219,29.861083984375,-162.1134033203125
-86.37715148925781,29.746353149414062,-161.89053344726562
-86.35829162597656,29.789520263671875,-161.94631958007812
-86.47384643554688,29.811965942382812,-162.10580444335938
-86.86825561523438,29.83245849609375,-161.96046447753906
-86.9720458984375,29.692214965820312,-161.6910400390625
-87.02986145019531,29.603622436523438,-161.72402954101562
-87.17335510253906,29.634033203125,-161.90817260742188
-87.17510986328125,29.659591674804688,-161.96035766601562
-87.03376770019531,29.83111572265625,-161.94061279296875
-87.14979553222656,29.6773681640625,-161.99021911621094
-87.20748901367188,29.558700561523438,-162.0838623046875
-87.40670776367188,29.369827270507812,-161.88626098632812
-87.36390686035156,29.45245361328125,-161.76858520507812
-87.36338806152344,29.556503295898438,-161.80018615722656
-87.34843444824219,29.58599853515625,-161.83396911621094
-87.208740234375,29.796218872070312,-161.60806274414062
-86.82037353515625,29.905288696289062,-161.42750549316406
-86.51519775390625,30.282180786132812,-161.3538360595703
-86.20669555664062,30.456634521484375,-161.13096618652344
-86.18333435058594,30.71826171875,-160.8170623779297
-86.05778503417969,30.769515991210938,-160.63421630859375
-85.89712524414062,30.625244140625,-160.5482940673828
-85.4876708984375,30.234268188476562,-160.88909912109375
-85.26329040527344,29.646408081054688,-161.33644104003906
-84.93669128417969,28.858535766601562,-161.8741455078125
-84.51689147949219,28.057907104492188,-162.75469970703125
-84.34722900390625,27.26116943359375,-163.845703125
-84.17379760742188,26.299530029296875,-164.66539001464844
-83.92994689941406,25.328842163085938,-165.18829345703125
-83.90180969238281,24.547454833984375,-166.0585174560547
-83.96894836425781,23.859619140625,-166.87095642089844
-84.02328491210938,23.239120483398438,-167.94281005859375
-84.29441833496094,22.354766845703125,-168.70257568359375
-84.56735229492188,21.701583862304688,-169.52183532714844
-84.70791625976562,21.069595336914062,-170.43060302734375
-85.13905334472656,20.494827270507812,-171.51565551757812
-85.5648193359375,19.941635131835938,-172.53746032714844
-86.00221252441406,19.501785278320312,-173.23361206054688
-86.29722595214844,18.956222534179688,-174.27195739746094
-86.84732055664062,18.473892211914062,-175.3375701904297
-87.47134399414062,17.779708862304688,-176.60931396484375
-88.08474731445312,17.262237548828125,-177.68785095214844
-88.71310424804688,16.852859497070312,-179.0943603515625
-88.99685668945312,16.420684814453125,-180.47659301757812
-89.63192749023438,16.047607421875,-181.81837463378906
-89.89218139648438,15.805252075195312,-182.78506469726562
-90.37776184082031,15.554122924804688,-183.70294189453125
-90.82565307617188,15.319091796875,-184.9718475341797
-91.54034423828125,15.394241333007812,-185.92640686035156
-91.90663146972656,15.219863891601562,-186.89801025390625
-92.39952087402344,15.203216552734375,-187.35299682617188
-92.86627197265625,15.670608520507812,-187.64599609375
-93.29066467285156,15.70184326171875,-187.6315460205078
-93.59342956542969,15.706375122070312,-187.40252685546875
-93.64370727539062,15.9716796875,-187.34613037109375
-93.64567565917969,15.719161987304688,-187.07369995117188
-93.50363159179688,15.657302856445312,-186.91458129882812
-93.34034729003906,15.83514404296875,-186.98062133789062
-93.43775939941406,15.627670288085938,-186.58375549316406
-93.08450317382812,15.8287353515625,-186.53701782226562
-92.89456176757812,15.827774047851562,-186.2325897216797
-92.65562438964844,15.8394775390625,-185.70065307617188
-92.47319030761719,15.908370971679688,-185.3856201171875
-92.44502258300781,16.054275512695312,-185.0137481689453
-92.173828125,16.236282348632812,-184.6432647705078
-91.82415771484375,16.1756591796875,-184.08941650390625
-91.54887390136719,16.124771118164062,-183.70982360839844
-91.34327697753906,16.279617309570312,-183.43568420410156
-91.02363586425781,16.27459716796875,-183.22080993652344
-91.04994201660156,16.25531005859375,-182.95596313476562
-90.96823120117188,16.200531005859375,-182.70936584472656
-90.82040405273438,16.319244384765625,-182.53900146484375
-90.72747802734375,16.228805541992188,-182.4031982421875
-90.74745178222656,16.117889404296875,-182.43084716796875
-90.89503479003906,16.350372314453125,-182.44952392578125
-90.86599731445312,16.284103393554688,-182.31851196289062
-91.04055786132812,16.320571899414062,-182.1831512451172
-90.93501281738281,16.434219360351562,-182.2429656982422
-90.74713134765625,16.443572998046875,-182.09091186523438
-90.75784301757812,16.233963012695312,-182.03224182128906
-90.56401062011719,16.368515014648438,-182.03726196289062
-90.64884948730469,16.274154663085938,-182.2267608642578
-90.67372131347656,16.271697998046875,-182.21974182128906
-90.73687744140625,16.297073364257812,-182.21392822265625
-90.64697265625,16.25982666015625,-182.0609130859375
-90.64181518554688,16.294021606445312,-181.96783447265625
-90.59432983398438,16.234848022460938,-182.04745483398438
-90.44357299804688,16.106491088867188,-182.35760498046875
-90.25140380859375,16.176132202148438,-182.34523010253906
-90.47854614257812,16.094497680664062,-182.4361114501953
-90.37651062011719,16.114761352539062,-182.5298309326172
-90.239501953125,16.147628784179688,-182.74159240722656
-90.256103515625,16.2406005859375,-182.6426544189453
-90.26026916503906,16.146713256835938,-182.6416473388672
-90.26576232910156,16.229736328125,-182.77944946289062
-90.32464599609375,16.13140869140625,-183.0521240234375
-90.38029479980469,16.261138916015625,-183.23304748535156
-90.39329528808594,16.36309814453125,-183.17654418945312
-90.39930725097656,16.089996337890625,-183.19021606445312
-90.20686340332031,15.9395751953125,-183.2617950439453
-90.28834533691406,15.690887451171875,-183.16836547851562
-90.05320739746094,15.69012451171875,-183.1142578125
-89.91007995605469,15.772171020507812,-183.19786071777344
-90.01226806640625,15.610671997070312,-183.34078979492188
-89.900146484375,15.7073974609375,-183.1990509033203
-90.02125549316406,15.973968505859375,-183.02687072753906
-90.01727294921875,15.874984741210938,-182.76507568359375
-89.68278503417969,15.944137573242188,-182.81005859375
-89.61863708496094,15.599212646484375,-182.8466339111328
-89.46725463867188,15.712677001953125,-182.86605834960938
-89.47895812988281,15.794082641601562,-182.8613739013672
-89.50794982910156,15.677978515625,-182.83819580078125
-89.4912109375,15.575103759765625,-182.59222412109375
-89.60879516601562,15.477996826171875,-182.3372802734375
-89.37120056152344,15.584014892578125,-182.3826904296875
-89.18862915039062,15.722381591796875,-182.60247802734375
-89.26617431640625,15.710250854492188,-182.72445678710938
-89.32830810546875,15.922103881835938,-182.4490203857422
-89.11767578125,15.920639038085938,-182.43621826171875
-89.02619934082031,15.887466430664062,-182.47254943847656
-88.90803527832031,15.943649291992188,-182.47042846679688
-89.15029907226562,16.076705932617188,-182.400634765625
-89.16278076171875,15.999114990234375,-182.238525390625
-88.94302368164062,15.912185668945312,-181.94007873535156
-88.9583740234375,15.940673828125,-181.94564819335938
-88.84823608398438,15.985504150390625,-182.00445556640625
-88.69865417480469,15.921966552734375,-181.99874877929688
-88.72251892089844,15.871536254882812,-181.8885955810547
-88.74700927734375,15.773101806640625,-181.8258056640625
-88.69941711425781,15.908523559570312,-181.65440368652344
-88.6666259765625,15.819183349609375,-181.9380645751953
-88.67422485351562,15.844818115234375,-181.9414520263672
-88.73786926269531,15.863937377929688,-181.85084533691406
-88.55540466308594,16.104507446289062,-181.90164184570312
-88.51918029785156,15.928253173828125,-181.58364868164062
-88.49777221679688,15.880752563476562,-181.59425354003906
-88.65530395507812,15.747390747070312,-181.7728729248047
-88.57615661621094,15.71685791015625,-181.53076171875
-88.41499328613281,15.911941528320312,-181.3960418701172
-88.34736633300781,15.8228759765625,-181.31407165527344
-88.25970458984375,15.908157348632812,-181.44972229003906
-88.12075805664062,16.061126708984375,-181.4407501220703
-88.13729858398438,15.85015869140625,-181.5627899169922
-88.30332946777344,15.973785400390625,-181.3938446044922
-88.2781982421875,15.7603759765625,-181.2588653564453
-88.24751281738281,15.712661743164062,-181.16207885742188
-88.24253845214844,15.9395751953125,-181.01393127441406
-88.2918701171875,15.904052734375,-181.16004943847656
-88.2596435546875,15.940383911132812,-181.47335815429688
-88.22895812988281,15.9354248046875,-181.60195922851562
-88.24952697753906,15.973342895507812,-181.7198944091797
-88.23097229003906,15.934646606445312,-181.8638916015625
-88.24641418457031,15.98455810546875,-181.8314971923828
-88.27880859375,15.84161376953125,-181.932373046875
-88.20973205566406,15.777603149414062,-181.847412109375
-88.21578979492188,15.854507446289062,-181.8321533203125
-88.30328369140625,15.743270874023438,-181.9275665283203
-88.30337524414062,15.786529541015625,-181.9071502685547
-88.17242431640625,15.802383422851562,-181.7229461669922
-88.05511474609375,15.897262573242188,-181.53924560546875
-88.15072631835938,15.810928344726562,-181.66421508789062
-88.07354736328125,15.867507934570312,-182.0177764892578
-88.056884765625,15.777618408203125,-182.02362060546875
-88.15155029296875,15.759918212890625,-182.03338623046875
-88.06813049316406,15.679672241210938,-181.96612548828125
-88.11415100097656,15.860626220703125,-181.95828247070312
-87.94972229003906,15.8870849609375,-182.11160278320312
-87.92100524902344,15.994293212890625,-182.16973876953125
-87.81709289550781,15.9688720703125,-182.132568359375
-87.78399658203125,15.977767944335938,-182.0378875732422
-87.83506774902344,15.869476318359375,-182.0284881591797
-87.9957275390625,15.879150390625,-182.1473388671875
-87.8856201171875,15.856048583984375,-182.0418701171875
-87.95706176757812,15.854217529296875,-181.83602905273438
-87.84315490722656,15.851959228515625,-181.80685424804688
-87.8720703125,15.891510009765625,-181.80886840820312
-87.7255859375,15.982742309570312,-181.97970581054688
-87.70578002929688,16.133575439453125,-182.1468048095703
-87.6805419921875,15.935897827148438,-182.3369903564453
-87.82850646972656,15.835281372070312,-182.40345764160156
-87.83700561523438,15.833419799804688,-182.4353790283203
-87.77128601074219,15.779342651367188,-182.58409118652344
-87.77940368652344,15.862579345703125,-182.74879455566406
-87.869384765625,15.68475341796875,-182.90675354003906
-87.80262756347656,15.56707763671875,-183.16278076171875
-87.70571899414062,15.57342529296875,-183.2724151611328
-87.53218078613281,15.641311645507812,-183.65335083007812
-87.619140625,15.7291259765625,-183.72886657714844
-87.656005859375,15.610458374023438,-183.7138214111328
-87.51644897460938,15.489013671875,-184.07814025878906
-87.72348022460938,15.515365600585938,-184.55348205566406
-87.83355712890625,15.517257690429688,-184.79937744140625
-88.11860656738281,15.6142578125,-185.0328369140625
-88.43911743164062,15.782516479492188,-185.0015106201172
-88.52236938476562,16.033096313476562,-185.10731506347656
-89.06495666503906,16.337066650390625,-185.17050170898438
-89.49417114257812,16.537979125976562,-185.3899383544922
-89.72120666503906,16.82073974609375,-185.59405517578125
-90.23908996582031,17.082107543945312,-185.61167907714844
-90.84065246582031,17.562881469726562,-185.6329803466797
-91.59292602539062,17.965057373046875,-185.55760192871094
-91.93804931640625,18.43017578125,-185.42575073242188
-92.77471923828125,18.938201904296875,-185.42172241210938
-93.58070373535156,19.687210083007812,-184.95208740234375
-94.14030456542969,20.479339599609375,-184.60043334960938
-94.70486450195312,21.350845336914062,-184.23959350585938
-95.22509765625,22.13848876953125,-183.6447296142578
-95.8994140625,23.025680541992188,-183.35723876953125
-96.41571044921875,23.887664794921875,-183.04478454589844
-97.07084655761719,24.854278564453125,-182.6399688720703
-97.61561584472656,26.011505126953125,-181.83506774902344
-98.15133666992188,27.130752563476562,-181.3086395263672
-98.77345275878906,28.6756591796875,-180.59005737304688
-99.24818420410156,29.912948608398438,-179.8754425048828
-99.84173583984375,31.159133911132812,-179.04257202148438
-100.48910522460938,32.52337646484375,-178.22137451171875
-101.1771240234375,34.1287841796875,-177.28598022460938
-101.61164855957031,35.77735900878906,-176.47903442382812
-102.22235107421875,37.52565002441406,-175.88450622558594
-102.87863159179688,39.50718688964844,-174.8421630859375
-103.71989440917969,41.51475524902344,-173.70394897460938
-104.54006958007812,43.67417907714844,-172.7265167236328
-105.291748046875,45.84950256347656,-172.12660217285156
-106.24678039550781,48.23143005371094,-171.04632568359375
-107.11647033691406,50.61799621582031,-170.42498779296875
-107.84202575683594,53.29931640625,-169.68113708496094
-108.73284912109375,56.11405944824219,-169.04708862304688
-109.74299621582031,59.07466125488281,-168.60145568847656
-110.608154296875,62.06727600097656,-168.49606323242188
-111.38566589355469,65.29605102539062,-168.64869689941406
-112.21392822265625,68.58062744140625,-168.58642578125
-112.86509704589844,71.89482116699219,-168.8309326171875
-113.512451171875,75.44154357910156,-169.16879272460938
-113.82655334472656,79.01625061035156,-169.9610137939453
-114.2884521484375,82.73446655273438,-170.8711395263672
-114.60652160644531,86.22294616699219,-172.0832977294922
-115.12847900390625,89.83729553222656,-173.37826538085938
-115.78959655761719,93.3399658203125,-174.78736877441406
-116.47999572753906,96.87065124511719,-176.33583068847656
-116.86808776855469,100.46366882324219,-177.73760986328125
-117.79112243652344,104.06881713867188,-179.12709045410156
-118.68910217285156,107.61947631835938,-180.7313232421875
-119.74734497070312,111.45449829101562,-182.35479736328125
-121.07534790039062,115.48622131347656,-184.10044860839844
-122.70742797851562,119.45085144042969,-186.0277557373047
-124.54512023925781,123.4737548828125,-188.1338348388672
-126.43118286132812,127.75346374511719,-190.74647521972656
-128.18360900878906,131.9528350830078,-193.96128845214844
-129.83189392089844,135.5758819580078,-197.9158172607422
-130.9825897216797,138.02947998046875,-202.90792846679688
-131.52224731445312,139.1089324951172,-208.86444091796875
-131.06309509277344,138.88897705078125,-216.3073272705078
-129.93231201171875,136.46885681152344,-224.79193115234375
-128.94525146484375,132.4816131591797,-233.45645141601562
-129.88702392578125,128.0394287109375,-243.6930694580078
-136.18594360351562,128.51773071289062,-265.5474853515625
-142.93812561035156,133.77603149414062,-288.7447204589844
-144.94100952148438,136.3309783935547,-296.4770202636719
-144.8849639892578,136.51870727539062,-296.609375
-144.9443359375,136.63307189941406,-296.38616943359375
-145.05714416503906,136.754638671875,-296.07098388671875
-145.23765563964844,136.9420166015625,-296.1990051269531
-145.2298126220703,136.95068359375,-295.92388916015625
-145.15248107910156,136.92828369140625,-295.7943115234375
-145.1896209716797,136.8291473388672,-295.8740234375
-145.32052612304688,136.6356201171875,-295.9290466308594
-145.39730834960938,136.61672973632812,-296.0785827636719
-145.35389709472656,136.78514099121094,-295.96575927734375
-145.44850158691406,136.7174530029297,-295.8567810058594
-145.60308837890625,136.74920654296875,-295.7010192871094
-145.50564575195312,136.82693481445312,-295.645263671875
-145.3905487060547,136.91848754882812,-295.6229248046875
-145.42562866210938,137.0824737548828,-295.63861083984375
-145.62750244140625,137.02198791503906,-295.63592529296875
-145.63560485839844,136.9864959716797,-295.72589111328125
-146.0115203857422,137.2096710205078,-295.54412841796875
-146.13446044921875,137.13809204101562,-295.1960144042969
-146.2238006591797,137.32989501953125,-295.0775146484375
-146.58792114257812,137.37669372558594,-294.79473876953125
-146.7932586669922,137.35421752929688,-294.70367431640625
-146.84693908691406,137.47259521484375,-294.38134765625
-146.96530151367188,137.46310424804688,-294.5771484375
-147.15194702148438,137.43588256835938,-294.7896728515625
-147.25588989257812,137.48617553710938,-294.6292724609375
-147.4253692626953,137.5485076904297,-294.25848388671875
-147.75289916992188,137.77813720703125,-294.10455322265625
-147.78338623046875,137.78378295898438,-293.7691650390625
-147.92550659179688,137.9756622314453,-293.5941162109375
-147.91604614257812,137.85972595214844,-293.3724365234375
-147.93544006347656,137.78018188476562,-293.53094482421875
-147.78399658203125,137.7397003173828,-293.84674072265625
-147.63446044921875,137.83270263671875,-294.2021789550781
-147.498046875,137.84300231933594,-294.11846923828125
-147.4513702392578,137.73057556152344,-294.077880859375
-147.59332275390625,137.86802673339844,-294.10113525390625
-147.80479431152344,137.85977172851562,-294.1205139160156
-147.90985107421875,137.91563415527344,-293.8111572265625
-148.2270965576172,138.00714111328125,-293.5489196777344
-148.3939208984375,138.17381286621094,-293.5881652832031
-148.48326110839844,138.34695434570312,-293.60980224609375
-148.8399658203125,138.383056640625,-293.3697509765625
-148.8554229736328,138.4983673095703,-293.043701171875
-148.99403381347656,138.51846313476562,-292.873291015625
-149.10501098632812,138.63967895507812,-292.55474853515625
-149.2456817626953,138.59561157226562,-292.4909973144531
-149.67835998535156,138.65733337402344,-292.34466552734375
-149.5308074951172,138.97311401367188,-291.9998779296875
-149.41221618652344,139.0990447998047,-291.46099853515625
-149.37020874023438,138.91543579101562,-291.07666015625
-149.16616821289062,138.9133758544922,-290.6829833984375
-149.12220764160156,139.13232421875,-290.637451171875
-148.88961791992188,139.25099182128906,-290.48834228515625
-148.78982543945312,139.18873596191406,-290.0942077636719
-148.61781311035156,139.28871154785156,-290.12939453125
-148.56442260742188,139.18348693847656,-289.8760986328125
-148.26670837402344,139.44369506835938,-289.71044921875
-148.11766052246094,139.3002166748047,-289.6687927246094
-147.68121337890625,139.4132080078125,-289.4367980957031
-147.40689086914062,139.4357147216797,-289.29345703125
-147.01353454589844,139.4265899658203,-289.062255859375
-146.5120391845703,139.28077697753906,-289.1053771972656
-146.2573699951172,139.2164764404297,-288.92919921875
-145.89724731445312,139.11489868164062,-288.949462890625
-145.48147583007812,139.30242919921875,-289.0198974609375
-144.88241577148438,139.2342529296875,-288.5002746582031
-144.43902587890625,139.32872009277344,-287.7779541015625
-144.11016845703125,139.2016143798828,-287.3282165527344
-143.75096130371094,139.3851776123047,-287.22515869140625
-143.68321228027344,139.41456604003906,-287.102294921875
-143.34149169921875,139.60833740234375,-286.7154541015625
-143.07861328125,139.62632751464844,-286.23248291015625
-142.85809326171875,139.58480834960938,-285.90045166015625
-142.55422973632812,139.82635498046875,-285.3331298828125
-142.3251495361328,140.1835479736328,-284.5846862792969
-141.72073364257812,140.70921325683594,-283.6304931640625
-140.96237182617188,141.33291625976562,-282.45513916015625
-140.1808319091797,141.772705078125,-281.6123046875
-139.290283203125,142.2259063720703,-280.64849853515625
-138.42225646972656,142.465087890625,-279.98699951171875
-137.68824768066406,142.79534912109375,-279.4837646484375
-136.8357696533203,143.1450958251953,-279.0231018066406
-136.19869995117188,143.48977661132812,-278.6369323730469
-135.83059692382812,143.8506317138672,-277.74481201171875
-135.98550415039062,144.3854522705078,-277.16766357421875
-136.3242950439453,144.9950714111328,-276.566650390625
-136.7752227783203,145.64242553710938,-275.89910888671875
-137.3007354736328,146.22454833984375,-275.37548828125
-137.7963409423828,146.8732147216797,-274.6158447265625
-138.61546325683594,147.4559326171875,-274.20770263671875
-139.11087036132812,148.09197998046875,-273.6246337890625
-139.51516723632812,148.74278259277344,-273.1678161621094
-139.8243865966797,149.04103088378906,-272.685791015625
-139.79830932617188,149.68138122558594,-272.2004089355469
-139.44882202148438,149.96800231933594,-271.511962890625
-139.07235717773438,150.5304718017578,-271.10113525390625
-138.58328247070312,150.89649963378906,-270.99407958984375
-138.13099670410156,151.10821533203125,-270.78546142578125
-137.84373474121094,151.3227996826172,-270.95379638671875
-137.5714111328125,151.542724609375,-270.9586181640625
-137.34271240234375,151.6190185546875,-270.78778076171875
-137.40432739257812,151.82374572753906,-270.5849304199219
-137.37356567382812,151.8727264404297,-270.54595947265625
-137.41552734375,151.92141723632812,-270.5801696777344
-137.45277404785156,151.94374084472656,-270.60906982421875
-137.4599609375,151.91416931152344,-270.5335693359375
-137.73025512695312,151.85997009277344,-270.48675537109375
-137.65953063964844,152.21315002441406,-270.43988037109375
-137.8686065673828,152.35182189941406,-270.31304931640625
-137.9582977294922,152.5149688720703,-270.3929748535156
-137.90928649902344,152.51800537109375,-270.507080078125
-138.10340881347656,152.56199645996094,-270.6722412109375
-138.07484436035156,152.46559143066406,-270.88201904296875
-138.29312133789062,152.43704223632812,-270.8992614746094
-138.42771911621094,152.50949096679688,-270.7788391113281
-138.61924743652344,152.54234313964844,-270.7856140136719
-138.48773193359375,152.7179718017578,-270.85565185546875
-138.61146545410156,152.74880981445312,-270.64678955078125
-138.5701446533203,152.82000732421875,-270.66912841796875
-138.6039276123047,152.93861389160156,-270.51312255859375
-138.58837890625,153.31527709960938,-270.5128173828125
-138.6178436279297,153.22726440429688,-270.59808349609375
-138.68519592285156,153.1805419921875,-270.38134765625
-138.8953399658203,153.12667846679688,-270.2171936035156
-139.20492553710938,153.301025390625,-270.2215270996094
-139.66897583007812,153.05160522460938,-270.46588134765625
-140.6440887451172,152.9672393798828,-270.9501953125
-141.40516662597656,152.94256591796875,-271.11236572265625
-141.4561309814453,152.90121459960938,-271.09564208984375
-141.6015167236328,152.9372100830078,-270.88134765625
-141.62939453125,153.00845336914062,-270.9036560058594
-141.70855712890625,152.88539123535156,-270.8551940917969
-141.9973907470703,153.09544372558594,-270.6947021484375
-142.04586791992188,153.1299285888672,-270.783935546875
-142.22280883789062,152.96011352539062,-270.8790283203125
-142.19070434570312,153.0764923095703,-270.8958740234375
-142.21731567382812,153.22210693359375,-270.97564697265625
-142.18307495117188,153.1571502685547,-270.9578857421875
-142.43453979492188,153.01290893554688,-270.8699951171875
-142.344482421875,153.05172729492188,-271.0914306640625
-142.52523803710938,153.14932250976562,-271.1075439453125
-142.46018981933594,153.33192443847656,-271.02972412109375
-142.52505493164062,153.201416015625,-270.8678283691406
-142.4574737548828,153.06582641601562,-271.1137390136719
-142.34925842285156,152.9967041015625,-271.1139221191406
-142.32688903808594,153.06756591796875,-270.9057922363281
-142.53236389160156,152.98199462890625,-270.8946533203125
-142.44903564453125,152.86231994628906,-270.9339599609375
-142.46127319335938,152.97023010253906,-271.02093505859375
-142.37460327148438,153.27276611328125,-271.1894836425781
-142.17514038085938,153.35116577148438,-271.12567138671875
-142.22154235839844,153.30535888671875,-271.083740234375
-142.1473388671875,153.14532470703125,-271.2740478515625
-142.3973388671875,152.75538635253906,-271.4400939941406
-142.37405395507812,152.87379455566406,-271.2178955078125
-142.37046813964844,152.73825073242188,-271.03582763671875
-142.39263916015625,152.77088928222656,-271.0977783203125
-142.37985229492188,152.9178009033203,-271.0556640625
-142.26699829101562,153.0107421875,-271.1412048339844
-142.33058166503906,152.9766082763672,-271.031494140625
-142.4836883544922,152.93040466308594,-271.03070068359375
-142.49624633789062,152.735595703125,-270.925048828125
-142.3648223876953,152.77516174316406,-271.04083251953125
-142.30609130859375,152.74954223632812,-271.3706970214844
-142.33291625976562,152.86508178710938,-271.49462890625
-142.38446044921875,152.7599334716797,-271.3973388671875
-142.2815704345703,152.97085571289062,-271.009521484375
-142.1225128173828,152.8753204345703,-271.26220703125
-142.21949768066406,152.88491821289062,-271.3106384277344
-142.39114379882812,153.0076446533203,-271.26434326171875
-142.33909606933594,153.09019470214844,-271.10888671875
-142.19288635253906,153.0426025390625,-271.2692565917969
-142.02392578125,153.20425415039062,-271.2666015625
-142.0447540283203,153.0869140625,-271.35711669921875
-142.07928466796875,153.0912322998047,-271.4759521484375
-142.1561737060547,153.0970001220703,-271.3438720703125
-142.27488708496094,153.17759704589844,-271.42138671875
-142.2496337890625,153.2688751220703,-271.19219970703125
-142.037841796875,153.1376495361328,-271.2825927734375
-142.03111267089844,153.05870056152344,-271.1843566894531
-142.0391082763672,153.2152557373047,-271.2653503417969
-142.07281494140625,153.15347290039062,-271.2109375
-142.2238311767578,153.19590759277344,-271.367431640625
-142.09422302246094,153.04086303710938,-271.40655517578125
-142.03732299804688,153.00953674316406,-271.47491455078125
-142.04310607910156,153.17990112304688,-271.19183349609375
-142.05169677734375,153.3778533935547,-271.03887939453125
-142.12623596191406,153.2714080810547,-271.03692626953125
-142.12301635742188,153.13072204589844,-271.0234375
-142.22265625,153.05130004882812,-271.0370178222656
-142.3217315673828,153.03042602539062,-271.2877502441406
-142.42596435546875,153.00650024414062,-271.21826171875
-142.37399291992188,153.05442810058594,-271.2289123535156
-142.30206298828125,152.93321228027344,-271.1773681640625
-142.36892700195312,152.9098358154297,-271.0693359375
-142.2686004638672,152.99880981445312,-271.0302734375
-142.2886199951172,153.13246154785156,-271.11505126953125
-142.39373779296875,152.8829803466797,-271.0398254394531
-142.27220153808594,152.90199279785156,-271.00982666015625
-142.3590850830078,152.9464874267578,-271.20770263671875
-142.30372619628906,152.98196411132812,-271.01385498046875
-142.40521240234375,153.1065673828125,-271.08990478515625
-142.4026336669922,153.005615234375,-271.00152587890625
-142.34158325195312,153.0784149169922,-270.9658203125
-142.36416625976562,153.1123809814453,-270.99822998046875
-142.43038940429688,153.0937042236328,-271.15875244140625
-142.2950439453125,153.02569580078125,-271.09564208984375
-142.29681396484375,153.25132751464844,-271.3240966796875
-142.28927612304688,153.193115234375,-271.4306945800781
-142.36866760253906,153.28382873535156,-271.3410339355469
-142.34625244140625,153.2286376953125,-271.427734375
-142.24618530273438,153.05413818359375,-271.35797119140625
-142.0503387451172,153.1104278564453,-271.48651123046875
-142.2186279296875,152.89068603515625,-271.44476318359375
-142.28271484375,153.06072998046875,-271.345458984375
-142.2830352783203,153.00079345703125,-271.33221435546875
-142.1518096923828,152.88168334960938,-271.3349304199219
-142.3246612548828,152.97328186035156,-271.19793701171875
-142.49472045898438,153.1356201171875,-271.24468994140625
-142.64736938476562,153.02432250976562,-271.28643798828125
-142.61351013183594,153.0397186279297,-271.2574768066406
-142.40646362304688,153.05984497070312,-271.310302734375
-142.3520050048828,152.96502685546875,-271.4148254394531
-142.1581268310547,153.02197265625,-271.3717346191406
-142.28726196289062,152.9872589111328,-271.177978515625
-142.37216186523438,152.96466064453125,-271.177734375
-142.34503173828125,152.9535369873047,-271.18499755859375
-142.30445861816406,152.98692321777344,-271.446533203125
-142.26193237304688,152.9955291748047,-271.3459167480469
-142.2619171142578,152.88165283203125,-271.4359130859375
-142.3486785888672,152.935302734375,-271.36895751953125
-142.3799285888672,153.0138397216797,-271.39959716796875
-142.40106201171875,153.0858154296875,-271.2711181640625
-142.56483459472656,152.8821563720703,-271.2689208984375
-142.29420471191406,152.8959503173828,-271.3407287597656
-142.27247619628906,152.9662628173828,-271.46942138671875
-142.2542266845703,153.00857543945312,-271.4599609375
-142.390625,152.98048400878906,-271.38116455078125
-142.28106689453125,152.9553985595703,-271.4305725097656
-142.21685791015625,153.0147247314453,-271.4587707519531
-142.2244415283203,152.9686279296875,-271.2013244628906
-142.24642944335938,153.0048370361328,-271.1372375488281
-142.43417358398438,152.8959503173828,-271.15179443359375
-142.31578063964844,152.77330017089844,-271.135009765625
-142.56805419921875,152.86297607421875,-271.1717529296875
-142.46951293945312,153.0629425048828,-271.253662109375
-142.4484100341797,153.02085876464844,-271.3346252441406
-142.521728515625,153.13436889648438,-271.413330078125
-142.40757751464844,153.0962677001953,-271.28387451171875
-142.55279541015625,153.1134796142578,-271.3721618652344
-142.39520263671875,153.0435333251953,-271.47479248046875
-142.35726928710938,152.90304565429688,-271.457763671875
-142.32894897460938,153.0005645751953,-271.53741455078125
-142.37306213378906,152.93922424316406,-271.5787353515625
-142.2747344970703,152.92999267578125,-271.4573059082031
-142.23353576660156,153.02548217773438,-271.1211242675781
-142.31117248535156,153.12571716308594,-271.038330078125
-142.32716369628906,153.1248321533203,-271.026123046875
-142.39657592773438,153.05667114257812,-271.22119140625
-142.52944946289062,152.99488830566406,-271.1871337890625
-142.5430450439453,152.89466857910156,-271.3597412109375
-142.3446044921875,152.7500762939453,-271.371826171875
-142.42568969726562,152.9989013671875,-271.3485107421875
-142.33702087402344,152.97671508789062,-271.0465087890625
-142.38787841796875,152.99856567382812,-271.2078857421875
-142.31820678710938,152.91317749023438,-271.1236572265625
-142.21780395507812,152.89239501953125,-270.85235595703125
-142.17727661132812,153.056884765625,-270.9129638671875
-142.0791778564453,153.1259765625,-270.99822998046875
-142.1082305908203,152.9951171875,-271.1482238769531
-142.0182342529297,152.91502380371094,-270.9162292480469
-142.1208038330078,152.7608642578125,-270.71356201171875
-142.15933227539062,152.8116912841797,-270.76287841796875
-142.23529052734375,153.00900268554688,-270.9833068847656
-142.3741912841797,152.8315887451172,-270.878173828125
-142.34974670410156,152.99771118164062,-271.1380310058594
-142.42034912109375,152.87646484375,-271.1875
-142.42807006835938,152.92970275878906,-271.2803955078125
-142.17466735839844,152.79293823242188,-271.2810974121094
-142.27487182617188,152.79444885253906,-271.0429992675781
-142.3919219970703,152.99078369140625,-270.98687744140625
-142.40615844726562,153.10055541992188,-270.9131164550781
-142.29733276367188,153.14659118652344,-271.02081298828125
-142.4207000732422,153.0658416748047,-271.2636413574219
-142.39234924316406,152.89749145507812,-271.3594970703125
-142.3314971923828,152.87588500976562,-271.36370849609375
-142.4446563720703,152.91661071777344,-271.4288024902344
-142.3379364013672,153.08883666992188,-271.2529296875
-142.39646911621094,152.9353790283203,-271.06494140625
-142.17581176757812,152.88504028320312,-271.14508056640625
-142.32814025878906,152.9242401123047,-271.02276611328125
-142.4429473876953,152.84303283691406,-271.3026428222656
-142.5653533935547,152.73439025878906,-271.21636962890625
-142.44052124023438,152.93751525878906,-271.2349853515625
-142.34417724609375,152.89163208007812,-271.1094055175781
-142.33676147460938,153.04661560058594,-271.06378173828125
-142.37107849121094,153.10838317871094,-271.0491943359375
-142.32492065429688,152.89447021484375,-271.1979675292969
-142.40631103515625,152.895751953125,-271.05499267578125
-142.527587890625,153.1370849609375,-270.9963073730469
-142.4707794189453,153.0157928466797,-270.904541015625
-142.54225158691406,153.00247192382812,-270.78765869140625
-142.53184509277344,153.04286193847656,-270.8427734375
-142.45606994628906,152.9539794921875,-270.94061279296875
-142.43072509765625,152.95565795898438,-271.1341857910156
-142.29010009765625,152.82508850097656,-271.0947265625
-142.4257354736328,152.77125549316406,-271.03118896484375
-142.29779052734375,152.65052795410156,-270.89617919921875
-142.43739318847656,152.75222778320312,-270.925048828125
-142.33343505859375,152.905029296875,-270.9848327636719
-142.27932739257812,152.88121032714844,-270.7015686035156
-142.07623291015625,152.9886932373047,-270.9571533203125
-142.1494598388672,152.894775390625,-270.9737243652344
-142.1290283203125,152.97286987304688,-270.96453857421875
-141.9088592529297,152.87046813964844,-270.94305419921875
-142.02243041992188,152.89041137695312,-270.90887451171875
-142.30313110351562,152.90631103515625,-271.0673828125
-142.3799285888672,152.92559814453125,-271.23736572265625
-142.5028839111328,152.9708709716797,-271.22369384765625
-142.447021484375,152.88169860839844,-271.27532958984375
-142.4956512451172,152.8804931640625,-271.2667236328125
-142.35562133789062,152.99453735351562,-271.03387451171875
-142.27955627441406,152.96441650390625,-271.1441650390625
-142.06275939941406,152.91595458984375,-271.11517333984375
-142.07579040527344,152.95376586914062,-271.1312255859375
-142.17710876464844,152.8948974609375,-271.033203125
-142.29676818847656,152.88414001464844,-271.25439453125
-142.38125610351562,153.1153106689453,-271.13720703125
-142.13265991210938,153.2737579345703,-271.20123291015625
-142.08106994628906,153.23789978027344,-271.0914306640625
-142.15586853027344,153.11949157714844,-271.0203857421875
-142.41094970703125,153.12387084960938,-271.09808349609375
-142.40167236328125,153.10342407226562,-271.01983642578125
-142.30349731445312,153.13621520996094,-271.02301025390625
-142.4154815673828,152.95639038085938,-271.1506042480469
-142.30697631835938,152.90354919433594,-271.27862548828125
-142.36651611328125,152.97911071777344,-271.23565673828125
-142.4330291748047,152.8934783935547,-271.31170654296875
-142.32179260253906,152.8870391845703,-271.4605407714844
-142.13670349121094,152.81553649902344,-271.37274169921875
-142.0001983642578,152.8838348388672,-271.3795166015625
-142.00563049316406,152.73463439941406,-271.2138671875
-142.02577209472656,152.7693328857422,-271.01348876953125
-142.32208251953125,152.77249145507812,-271.2668151855469
-142.36172485351562,152.8715362548828,-271.38250732421875
-142.3129425048828,152.93304443359375,-271.4642333984375
-142.2584228515625,152.8802947998047,-271.422607421875
-142.0723419189453,152.84039306640625,-271.44244384765625
-142.13351440429688,152.75942993164062,-271.3994140625
-142.2684326171875,152.927490234375,-271.3372802734375
-142.25375366210938,152.88279724121094,-271.27801513671875
-142.26010131835938,152.93251037597656,-271.2612609863281
-142.37985229492188,152.86810302734375,-271.0498046875
-142.4343719482422,152.88583374023438,-271.15081787109375
-142.39613342285156,153.12637329101562,-271.16064453125
-142.40525817871094,152.8719024658203,-271.3077697753906
-142.08006286621094,152.93963623046875,-271.27667236328125
-142.1365966796875,152.9856414794922,-271.07574462890625
-142.0511016845703,152.95281982421875,-271.130126953125
-142.04547119140625,153.07362365722656,-271.0604248046875
-142.24432373046875,153.04835510253906,-270.9974365234375
-142.15191650390625,153.0911407470703,-270.9378662109375
-142.0463409423828,153.230712890625,-270.7105407714844
-142.1013946533203,153.13381958007812,-270.7655029296875
-142.14463806152344,153.0464324951172,-270.8564453125
-141.92820739746094,153.06361389160156,-271.134765625
-141.85304260253906,152.98838806152344,-271.0869140625
-141.99476623535156,152.9355926513672,-271.23760986328125
-142.08021545410156,152.9105987548828,-271.10101318359375
-142.09634399414062,152.89710998535156,-271.0706787109375
-142.03799438476562,152.95089721679688,-271.461669921875
-142.13265991210938,152.94175720214844,-271.3651123046875
-142.11647033691406,153.02505493164062,-271.5914001464844
-141.94969177246094,153.11566162109375,-271.3822937011719
-141.85824584960938,153.04571533203125,-271.0154724121094
-142.1102294921875,153.04315185546875,-271.1248779296875
-142.08094787597656,153.11439514160156,-271.0694580078125
-142.07069396972656,153.00384521484375,-271.0780029296875
-142.0526580810547,153.14964294433594,-271.2169189453125
-142.09173583984375,153.14012145996094,-271.1724853515625
-142.08135986328125,153.02915954589844,-271.3001708984375
-142.12091064453125,153.1398162841797,-271.29473876953125
-142.2034912109375,153.00421142578125,-271.0657958984375
-142.00213623046875,153.13748168945312,-271.02850341796875
-142.18743896484375,152.9473419189453,-271.14068603515625
-142.34683227539062,153.11102294921875,-271.0419006347656
-142.2288055419922,153.03211975097656,-271.112548828125
-142.237060546875,153.02789306640625,-271.048583984375
-142.2604217529297,153.12881469726562,-271.03387451171875
-142.08596801757812,153.0753173828125,-271.0343017578125
-142.01524353027344,153.06700134277344,-271.0
-142.11073303222656,153.09918212890625,-270.9499816894531
-142.0970916748047,152.98892211914062,-270.912353515625
-142.02108764648438,152.91171264648438,-271.0833740234375
-141.9976348876953,152.7860870361328,-271.147216796875
-142.01605224609375,152.8148651123047,-270.96990966796875
-142.10455322265625,152.98056030273438,-270.80511474609375
-142.10128784179688,152.9363250732422,-270.91949462890625
-142.14657592773438,152.89710998535156,-270.9340515136719
-142.14761352539062,152.9497833251953,-270.94146728515625
-142.25619506835938,153.0894775390625,-270.94354248046875
-142.08372497558594,153.0469207763672,-270.9892272949219
-142.2949676513672,153.1455078125,-270.8865051269531
-142.1656036376953,152.92726135253906,-270.94146728515625
-142.36944580078125,152.94964599609375,-270.90960693359375
-142.331787109375,152.9991455078125,-270.99603271484375
-142.3281707763672,153.1075439453125,-271.07989501953125
-142.12969970703125,152.8685302734375,-270.99713134765625
-142.21142578125,152.9016571044922,-271.148681640625
-142.3653106689453,152.94090270996094,-271.0225830078125
-142.30662536621094,153.09210205078125,-271.0684814453125
-142.31849670410156,153.1175079345703,-271.1953430175781
-142.3157501220703,153.13198852539062,-271.40594482421875
-142.33270263671875,153.00042724609375,-271.2785949707031
-142.30926513671875,153.0908203125,-271.3149108886719
-142.55728149414062,153.115966796875,-271.27703857421875
-142.56256103515625,153.056640625,-271.3873291015625
-142.46966552734375,153.23934936523438,-271.358642578125
-142.57411193847656,153.2684783935547,-271.3919677734375
-142.500732421875,153.07980346679688,-271.46630859375
-142.3924560546875,153.0766143798828,-271.57659912109375
-142.35643005371094,153.1254425048828,-271.41278076171875
-142.53517150878906,153.00094604492188,-271.28533935546875
-142.3614959716797,153.09304809570312,-271.1549072265625
-142.39805603027344,152.91880798339844,-271.12469482421875
-142.3646697998047,152.927490234375,-271.38909912109375
-142.3797607421875,153.0071563720703,-271.5609130859375
-142.33502197265625,153.0065155029297,-271.36138916015625
-142.37789916992188,153.10379028320312,-271.4609680175781
-142.35926818847656,152.97811889648438,-271.19879150390625
-142.39927673339844,152.96917724609375,-271.3778991699219
-142.24160766601562,153.03619384765625,-271.396728515625
-142.0986328125,153.0187530517578,-271.4106140136719
-142.1312713623047,153.1463165283203,-271.377685546875
-142.13107299804688,153.18423461914062,-271.3175048828125
-142.01634216308594,153.06771850585938,-271.0715637207031
-142.1196746826172,153.14613342285156,-271.06396484375
-142.28411865234375,153.1215362548828,-270.9013671875
-142.14109802246094,153.115234375,-270.998046875
-142.08450317382812,152.89610290527344,-270.92364501953125
-141.89785766601562,152.93246459960938,-270.94268798828125
-141.89630126953125,152.9171600341797,-271.0640869140625
-141.95938110351562,152.94627380371094,-271.0916748046875
-141.88327026367188,153.01312255859375,-271.27587890625
-141.9337158203125,152.7620391845703,-271.0517883300781
-141.79275512695312,152.99996948242188,-271.1170349121094
-141.80673217773438,152.80706787109375,-271.0381164550781
-141.9089813232422,152.92230224609375,-270.9373474121094
-141.86129760742188,152.97894287109375,-270.69903564453125
-142.12991333007812,152.91419982910156,-270.89447021484375
-142.12596130371094,152.97581481933594,-270.87646484375
-142.00479125976562,152.79556274414062,-270.89892578125
-141.92039489746094,152.93692016601562,-271.05059814453125
-141.8563995361328,152.9228057861328,-271.11346435546875
-141.97059631347656,153.00767517089844,-271.0108642578125
-142.04312133789062,152.91607666015625,-271.27642822265625
-141.92185974121094,152.94473266601562,-271.20635986328125
-141.9013671875,152.9518585205078,-271.122802734375
-142.07260131835938,152.8892059326172,-271.22210693359375
-142.0883331298828,153.003173828125,-271.07232666015625
-142.07284545898438,152.88946533203125,-271.011474609375
-141.97396850585938,152.91563415527344,-271.0302429199219
-141.98435974121094,152.95074462890625,-271.0165710449219
-141.95135498046875,152.97886657714844,-271.280029296875
-142.0027618408203,152.87429809570312,-271.33941650390625
-141.9923858642578,152.86705017089844,-271.557373046875
-141.94264221191406,152.8826446533203,-271.5009765625
-141.8748016357422,152.98672485351562,-271.60888671875
-141.96881103515625,153.11630249023438,-271.22210693359375
-141.83969116210938,153.36199951171875,-271.21405029296875
-141.75668334960938,153.2769775390625,-271.15289306640625
-141.72886657714844,153.31993103027344,-271.0715026855469
-141.91082763671875,153.18930053710938,-271.01751708984375
-141.9387664794922,152.9709930419922,-271.03515625
-141.98008728027344,152.94805908203125,-270.94317626953125
-142.03514099121094,152.87332153320312,-271.082275390625
-142.13035583496094,152.96121215820312,-271.1318359375
-142.23898315429688,152.99673461914062,-271.1451110839844
-142.150146484375,152.8675537109375,-271.0232849121094
-142.26577758789062,152.92510986328125,-271.2044677734375
-142.1920166015625,152.9592742919922,-271.466552734375
-142.36599731445312,153.0078582763672,-271.4190673828125
-142.3588104248047,152.86819458007812,-271.40155029296875
-142.1943359375,152.91062927246094,-271.4375
-142.3593292236328,153.00204467773438,-271.3646545410156
-142.34121704101562,153.1092071533203,-271.3495788574219
-142.22268676757812,153.1925506591797,-271.51513671875
-142.13328552246094,153.084228515625,-271.50958251953125
-142.360595703125,153.11349487304688,-271.33929443359375
-142.3501739501953,153.13711547851562,-271.5559387207031
-142.14317321777344,152.96380615234375,-271.50054931640625
-142.20184326171875,153.01246643066406,-271.764892578125
-142.27818298339844,153.00082397460938,-271.5434875488281
-142.18907165527344,152.98081970214844,-271.4183349609375
-142.32461547851562,152.93621826171875,-271.2465515136719
-142.55044555664062,152.93263244628906,-271.44586181640625
-142.4397735595703,153.00991821289062,-271.605224609375
-142.54415893554688,152.7584228515625,-271.43853759765625
-142.6785430908203,152.65061950683594,-271.2894287109375
-142.6638946533203,152.6088409423828,-271.1747131347656
-142.67193603515625,152.73414611816406,-271.28521728515625
-142.78558349609375,152.68177795410156,-271.25054931640625
-142.74671936035156,152.53358459472656,-271.3040466308594
-142.80592346191406,152.33580017089844,-271.377197265625
-142.91123962402344,152.60684204101562,-271.5549621582031
-143.0333251953125,152.50502014160156,-271.356689453125
-143.22927856445312,152.4622039794922,-271.45025634765625
-143.33741760253906,152.54222106933594,-271.2320556640625
-143.54466247558594,152.35040283203125,-271.45941162109375
-143.59512329101562,152.4169158935547,-271.4258117675781
-143.73561096191406,152.3072052001953,-271.34332275390625
-144.14700317382812,152.2471923828125,-271.42877197265625
-144.07095336914062,152.29342651367188,-271.4468994140625
-144.4523162841797,152.18994140625,-271.1837463378906
-144.72828674316406,152.30300903320312,-271.2193603515625
-144.93524169921875,152.2173309326172,-271.3699951171875
-145.06455993652344,152.27169799804688,-271.4667663574219
-145.39071655273438,152.13644409179688,-271.496337890625
-145.72340393066406,152.1847686767578,-271.6001892089844
-145.88075256347656,152.171630859375,-271.39111328125
-145.9835968017578,152.24591064453125,-271.2271423339844
-146.03567504882812,152.2421417236328,-271.062744140625
-145.8111114501953,152.10513305664062,-271.02166748046875
-145.1609344482422,151.9152374267578,-271.0733642578125
-144.17471313476562,151.69607543945312,-271.301025390625
-142.998291015625,151.26870727539062,-271.6412353515625
-141.99856567382812,150.68450927734375,-271.8336486816406
-141.12464904785156,150.1310577392578,-271.9277648925781
-140.41195678710938,149.46510314941406,-272.019287109375
-139.81532287597656,148.89212036132812,-272.29888916015625
-139.3175811767578,148.49032592773438,-272.72760009765625
-139.0220947265625,148.05581665039062,-273.2216796875
-139.00088500976562,147.6387939453125,-273.83056640625
-138.8538818359375,147.1659698486328,-274.40545654296875
-139.0312957763672,146.60923767089844,-274.7497863769531
-139.3277587890625,145.9901580810547,-275.36724853515625
-139.38491821289062,145.6967315673828,-276.06170654296875
-139.56134033203125,145.19737243652344,-276.8316650390625
-139.47921752929688,144.76358032226562,-277.48046875
-139.3084259033203,144.4275665283203,-278.23406982421875
-138.797607421875,144.12416076660156,-278.743408203125
-138.32803344726562,143.6087646484375,-279.1051025390625
-138.10372924804688,143.23675537109375,-279.5135803222656
-137.56027221679688,142.8735809326172,-280.00177001953125
-137.25350952148438,142.424560546875,-280.3931884765625
-136.99281311035156,141.90638732910156,-280.92041015625
-136.72406005859375,141.2024383544922,-281.69366455078125
-136.54136657714844,140.502685546875,-282.7750244140625
-136.36422729492188,139.982421875,-284.105224609375
-136.37188720703125,139.34803771972656,-285.5438232421875
-136.58279418945312,138.53480529785156,-287.11956787109375
-136.76112365722656,137.68959045410156,-288.8460693359375
-137.0637969970703,137.06124877929688,-290.4313049316406
-137.33934020996094,136.5166473388672,-291.6625061035156
-137.35304260253906,136.23269653320312,-293.08099365234375
-137.33633422851562,136.0908966064453,-294.392578125
-137.0525665283203,135.7511444091797,-295.8641357421875
-136.8886260986328,135.60916137695312,-296.872802734375
-136.8948516845703,135.23817443847656,-297.877685546875
-136.85447692871094,135.10748291015625,-299.27313232421875
-137.0810089111328,134.928955078125,-300.81878662109375
-137.26109313964844,134.76980590820312,-302.27154541015625
-137.40528869628906,134.82830810546875,-303.5367736816406
-137.8968963623047,134.82054138183594,-304.6244201660156
-138.1826171875,134.7971649169922,-305.6961364746094
-138.5624542236328,134.63192749023438,-306.41436767578125
-138.7579345703125,134.7106475830078,-307.25384521484375
-139.03302001953125,134.7312774658203,-307.8343811035156
-139.68853759765625,134.76486206054688,-308.51007080078125
-140.0027313232422,134.78585815429688,-309.181396484375
-140.55023193359375,134.7522430419922,-309.4956970214844
-140.96017456054688,134.79888916015625,-309.8642272949219
-141.04110717773438,134.95999145507812,-310.2777099609375
-141.11041259765625,134.85206604003906,-310.75067138671875
-141.37237548828125,134.8781280517578,-311.1760559082031
-141.48182678222656,135.1217041015625,-311.81732177734375
-141.72215270996094,135.36270141601562,-312.16778564453125
-142.1888427734375,135.25547790527344,-312.52203369140625
-142.8993377685547,135.32034301757812,-312.67047119140625
-143.29434204101562,135.23580932617188,-313.00347900390625
-143.54649353027344,135.2959442138672,-313.05084228515625
-143.76219177246094,135.26144409179688,-313.03515625
-143.88629150390625,135.37481689453125,-313.10498046875
-144.13406372070312,135.43362426757812,-313.407958984375
-144.28182983398438,135.41799926757812,-313.82958984375
-144.28857421875,135.63072204589844,-314.16461181640625
-144.30801391601562,135.7468719482422,-314.07421875
-144.18788146972656,135.7977294921875,-314.2861328125
-144.1728515625,135.79608154296875,-314.40972900390625
-144.22525024414062,135.87998962402344,-314.7108154296875
-144.12754821777344,136.0195770263672,-315.072998046875
-144.25424194335938,135.95643615722656,-315.284423828125
-144.46630859375,135.7974090576172,-315.5298767089844
-144.37051391601562,135.9016571044922,-315.7370300292969
-144.4324493408203,135.8514862060547,-315.729248046875
-144.5091094970703,135.80032348632812,-315.54400634765625
-144.5825958251953,135.6601104736328,-315.3875732421875
-144.5454864501953,135.7421417236328,-315.27520751953125
-144.3462677001953,135.63076782226562,-314.94732666015625
-144.29661560058594,135.728759765625,-314.76678466796875
-144.13229370117188,135.6764373779297,-314.4215087890625
-143.92506408691406,135.58543395996094,-314.1673889160156
-143.70654296875,135.3634490966797,-313.9264831542969
-143.5810546875,135.2825469970703,-313.5775146484375
-143.36184692382812,135.28912353515625,-313.3940124511719
-143.03353881835938,135.1078338623047,-313.1214904785156
-142.8627166748047,135.1388702392578,-312.9486083984375
-142.60263061523438,134.83094787597656,-312.78900146484375
-142.29306030273438,134.76646423339844,-313.02484130859375
-141.77249145507812,134.5072021484375,-313.1298828125
-141.31947326660156,134.28826904296875,-313.4212646484375
-141.02125549316406,134.11489868164062,-313.8138427734375
-141.0447235107422,134.28150939941406,-314.4183349609375
-140.86636352539062,134.51318359375,-314.8705139160156
-141.3119354248047,136.7721710205078,-315.07635498046875
-135.9171142578125,145.05625915527344,-313.46258544921875
-113.72213745117188,158.54966735839844,-295.6545715332031
-93.57766723632812,166.86143493652344,-249.64212036132812
-91.01991271972656,155.01158142089844,-198.42955017089844
-93.91604614257812,125.55938720703125,-167.21788024902344
-95.81233215332031,93.25950622558594,-154.56057739257812
-95.12112426757812,66.48162841796875,-153.76205444335938
-93.22431945800781,47.60450744628906,-158.7867889404297
-90.89871215820312,35.78648376464844,-164.974609375
-89.16966247558594,28.973480224609375,-170.30442810058594
-88.10049438476562,24.896011352539062,-174.46322631835938
-87.46450805664062,22.046722412109375,-177.16282653808594
-87.35902404785156,20.107864379882812,-179.19180297851562
-87.39163208007812,18.79962158203125,-180.62396240234375
-87.39027404785156,17.870651245117188,-181.70846557617188
-87.33871459960938,17.232574462890625,-182.66268920898438
-87.5758056640625,16.918838500976562,-183.2509002685547
-87.93301391601562,16.676422119140625,-183.81683349609375
-88.070556640625,16.313156127929688,-184.34713745117188
-88.30014038085938,16.00311279296875,-184.8092041015625
-88.29203796386719,15.9998779296875,-185.1704864501953
-88.34773254394531,15.708831787109375,-185.7060089111328
-88.19967651367188,15.56866455078125,-186.028564453125
-88.45840454101562,15.506866455078125,-186.4005126953125
-88.42369079589844,15.386154174804688,-186.8955535888672
-88.40452575683594,15.262176513671875,-187.22235107421875
-88.32273864746094,15.1102294921875,-187.55589294433594
-88.02854919433594,14.8621826171875,-187.46578979492188
-87.84730529785156,14.917922973632812,-187.72450256347656
-87.55433654785156,14.698150634765625,-187.76019287109375
-87.06364440917969,14.810943603515625,-187.77523803710938
-86.33740234375,14.702987670898438,-187.67884826660156
-85.90235900878906,14.533493041992188,-187.53237915039062
-85.22616577148438,14.580108642578125,-186.78860473632812
-84.75001525878906,14.988418579101562,-185.96453857421875
-84.01919555664062,15.166061401367188,-184.9043426513672
-83.10865783691406,15.15887451171875,-184.0146484375
-82.52906799316406,15.1419677734375,-183.16693115234375
-81.76171875,15.152191162109375,-182.34527587890625
-81.09205627441406,15.452667236328125,-181.66004943847656
-80.43211364746094,15.76251220703125,-180.68316650390625
-79.58456420898438,16.02069091796875,-179.85169982910156
-79.30075073242188,16.18853759765625,-178.7593994140625
-79.01744079589844,16.591110229492188,-177.7982177734375
-78.79800415039062,16.888137817382812,-177.23590087890625
-78.56645202636719,17.129058837890625,-176.5395965576172
-78.26527404785156,17.461746215820312,-176.10000610351562
-77.74435424804688,17.73883056640625,-175.63389587402344
-77.6241455078125,18.056961059570312,-175.0230712890625
-77.45729064941406,18.306503295898438,-174.33367919921875
-76.97483825683594,18.589035034179688,-173.68118286132812
-76.72027587890625,18.985382080078125,-173.11331176757812
-76.75390625,19.263519287109375,-172.5933837890625
-76.60963439941406,19.687469482421875,-171.86463928222656
-76.50495910644531,20.166748046875,-171.24586486816406
-76.39512634277344,20.484786987304688,-170.89256286621094
-76.23728942871094,20.905807495117188,-170.41220092773438
-76.07765197753906,21.124099731445312,-169.90780639648438
-76.07351684570312,21.683349609375,-169.445556640625
-75.99404907226562,22.052825927734375,-168.9509735107422
-76.10072326660156,22.488204956054688,-168.59353637695312
-75.88002014160156,22.982452392578125,-168.1256866455078
-75.8179931640625,23.267562866210938,-167.68026733398438
-75.81076049804688,23.667144775390625,-167.15345764160156
-75.93780517578125,24.068191528320312,-166.71177673339844
-75.83102416992188,24.461929321289062,-166.18154907226562
-75.89418029785156,24.970260620117188,-165.91543579101562
-75.72926330566406,25.13397216796875,-165.69346618652344
-75.58724975585938,25.639968872070312,-165.32720947265625
-75.58319091796875,25.84814453125,-164.8988494873047
-75.64431762695312,26.156631469726562,-164.23330688476562
-75.81106567382812,26.456192016601562,-163.7504425048828
-75.81031799316406,26.682083129882812,-163.41554260253906
-76.06773376464844,27.131683349609375,-162.92001342773438
-75.98519897460938,27.666290283203125,-162.49029541015625
-76.14695739746094,28.139404296875,-162.4129638671875
-76.40687561035156,28.290863037109375,-162.31309509277344
-76.468505859375,28.680450439453125,-162.04022216796875
-76.65240478515625,28.96417236328125,-161.46401977539062
-76.88533020019531,29.251144409179688,-161.3285675048828
-77.1756591796875,29.57354736328125,-161.44044494628906
-77.23126220703125,29.612380981445312,-161.22984313964844
-77.42018127441406,29.980422973632812,-161.01934814453125
-77.54913330078125,29.995742797851562,-160.70620727539062
-77.72824096679688,30.325408935546875,-160.42303466796875
-77.96829223632812,30.5999755859375,-160.2093048095703
-78.09768676757812,30.850540161132812,-159.79867553710938
-78.27423095703125,31.023223876953125,-159.59127807617188
-78.61174011230469,31.01580810546875,-159.88494873046875
-78.55851745605469,30.814361572265625,-160.0381622314453
-78.348388671875,30.64642333984375,-160.13072204589844
-78.58030700683594,30.71282958984375,-160.3816680908203
-78.52456665039062,30.531402587890625,-160.60311889648438
-78.44053649902344,30.415679931640625,-160.83250427246094
-78.54524230957031,30.284744262695312,-160.78128051757812
-78.43037414550781,30.064315795898438,-160.7674102783203
-78.67074584960938,30.116989135742188,-160.87570190429688
-78.5718994140625,29.852706909179688,-161.07261657714844
-78.82420349121094,29.844070434570312,-161.1247100830078
-78.93017578125,29.624603271484375,-161.2655029296875
-78.93504333496094,29.611236572265625,-161.46266174316406
-79.17642211914062,29.400421142578125,-161.52999877929688
-79.65583801269531,29.233444213867188,-161.7281036376953
-79.87255859375,29.233123779296875,-161.82969665527344
-80.073974609375,29.429336547851562,-161.89593505859375
-80.16371154785156,29.3056640625,-161.9454345703125
-80.16238403320312,29.163909912109375,-161.86207580566406
-80.29646301269531,29.289779663085938,-161.81211853027344
-80.60279846191406,29.415969848632812,-162.07669067382812
-80.78427124023438,29.501800537109375,-161.95379638671875
-81.09233093261719,29.687484741210938,-161.91403198242188
-81.08999633789062,29.6934814453125,-161.8565216064453
-81.330810546875,29.749801635742188,-161.71263122558594
-81.34175109863281,29.650131225585938,-161.64804077148438
-81.57412719726562,29.74224853515625,-161.64605712890625
-81.80307006835938,29.774337768554688,-161.75741577148438
-82.01687622070312,29.68328857421875,-161.7425994873047
-82.02667236328125,29.858306884765625,-161.74412536621094
-81.95387268066406,29.918441772460938,-161.92201232910156
-81.99610900878906,29.9407958984375,-162.07553100585938
-81.89964294433594,29.725341796875,-162.2587890625
-81.98605346679688,29.826202392578125,-162.25526428222656
-82.16685485839844,29.821990966796875,-162.2926483154297
-82.07366943359375,29.80908203125,-161.8582763671875
-82.14662170410156,29.857620239257812,-161.96087646484375
-81.95208740234375,30.025833129882812,-161.84576416015625
-81.95915222167969,29.96142578125,-161.8280487060547
-82.02029418945312,30.013397216796875,-161.84913635253906
-82.17436218261719,30.200088500976562,-161.98863220214844
-82.38534545898438,30.196548461914062,-162.08529663085938
-82.33992004394531,30.247314453125,-161.9625701904297
-82.22648620605469,30.637130737304688,-161.88551330566406
-82.37953186035156,31.098480224609375,-161.9176483154297
-82.39048767089844,31.197830200195312,-161.91165161132812
-82.64302062988281,31.16241455078125,-161.65365600585938
-82.91033935546875,31.011245727539062,-161.75502014160156
-83.16017150878906,30.9642333984375,-161.9885711669922
-83.01658630371094,30.931961059570312,-161.9036865234375
-82.90818786621094,30.940216064453125,-161.89584350585938
-82.91741943359375,31.048797607421875,-161.93167114257812
-82.91810607910156,31.050277709960938,-161.93460083007812
-82.82551574707031,31.128936767578125,-161.75332641601562
-82.9150390625,31.181594848632812,-161.79702758789062
-82.92349243164062,31.147659301757812,-161.98699951171875
-83.06959533691406,31.15081787109375,-161.98995971679688
-83.30747985839844,31.08660888671875,-162.0007781982422
-83.39447021484375,31.018157958984375,-161.88058471679688
-83.35675048828125,31.088790893554688,-161.75633239746094
-83.30091857910156,31.07958984375,-162.0018310546875
-83.49763488769531,31.114715576171875,-161.9983673095703
-83.40696716308594,30.885894775390625,-161.83851623535156
-83.37187194824219,30.927825927734375,-161.84178161621094
-83.30752563476562,31.07867431640625,-161.79055786132812
-83.27519226074219,31.128753662109375,-161.84381103515625
-83.35282897949219,31.145401000976562,-161.85775756835938
-83.36357116699219,31.10430908203125,-161.88494873046875
-83.37266540527344,31.081008911132812,-161.8837432861328
-83.38056945800781,30.974136352539062,-161.641845703125
-83.41094970703125,30.88201904296875,-161.5359344482422
-83.48831176757812,30.966415405273438,-161.55975341796875
-83.48983764648438,30.800704956054688,-161.4925537109375
-83.49758911132812,30.738265991210938,-161.44979858398438
-83.46194458007812,30.782546997070312,-161.78599548339844
-83.28050231933594,30.876922607421875,-162.0001678466797
-83.51748657226562,31.0933837890625,-161.7894287109375
-83.43794250488281,30.927658081054688,-161.80010986328125
-83.45294189453125,31.032867431640625,-161.6861114501953
-83.43360900878906,31.219207763671875,-161.60281372070312
-83.68588256835938,31.161956787109375,-161.64950561523438
-83.68887329101562,31.019683837890625,-161.67974853515625
-83.4359130859375,31.095108032226562,-161.50465393066406
-83.50326538085938,31.12286376953125,-161.4864501953125
-83.53904724121094,31.042251586914062,-161.65267944335938
-83.35775756835938,31.028457641601562,-161.6887664794922
-83.40170288085938,31.176605224609375,-161.59219360351562
-83.46418762207031,31.195083618164062,-161.54026794433594
-83.46138000488281,31.267959594726562,-161.53549194335938
-83.33270263671875,31.237289428710938,-161.54339599609375
-83.50274658203125,31.035202026367188,-161.7273712158203
-83.50251770019531,31.220611572265625,-161.52459716796875
-83.47698974609375,31.248397827148438,-161.5526123046875
-83.65414428710938,31.181991577148438,-161.56179809570312
-83.67520141601562,31.22076416015625,-161.5555419921875
-83.77510070800781,31.25732421875,-161.51263427734375
-83.74723815917969,31.351394653320312,-161.74325561523438
-83.86647033691406,31.336563110351562,-161.69973754882812
-83.93583679199219,31.195693969726562,-161.53286743164062
-83.84286499023438,31.122848510742188,-161.52969360351562
-83.59957885742188,31.270904541015625,-161.4768524169922
-83.59031677246094,31.333770751953125,-161.56564331054688
-83.7215576171875,31.202911376953125,-161.3892059326172
-83.66339111328125,31.09576416015625,-161.53262329101562
-83.43182373046875,31.081146240234375,-161.71124267578125
-83.4881591796875,31.00726318359375,-161.6730499267578
-83.69932556152344,31.284637451171875,-161.59315490722656
-83.68743896484375,31.373611450195312,-161.76483154296875
-83.61622619628906,31.267715454101562,-161.7516326904297
-83.57395935058594,31.190933227539062,-161.85678100585938
-83.66389465332031,31.220016479492188,-162.04441833496094
-83.67030334472656,31.21392822265625,-161.80718994140625
-83.63775634765625,31.1380615234375,-161.772705078125
-83.69082641601562,31.129119873046875,-162.04428100585938
-83.68510437011719,31.040451049804688,-162.02877807617188
-83.43093872070312,31.144515991210938,-161.8541717529297
-83.5198974609375,31.177200317382812,-161.802001953125
-83.44017028808594,31.21282958984375,-161.78440856933594
-83.53096008300781,31.25799560546875,-161.67141723632812
-83.51068115234375,31.218276977539062,-161.67784118652344
-83.48948669433594,31.152313232421875,-161.6114959716797
-83.66392517089844,30.86614990234375,-161.78187561035156
-83.66180419921875,30.914535522460938,-161.86270141601562
-83.6651611328125,31.237411499023438,-161.85948181152344
-83.74847412109375,31.177505493164062,-161.89537048339844
-83.71273803710938,31.208663940429688,-161.8463134765625
-83.83699035644531,31.027679443359375,-161.79969787597656
-83.82688903808594,31.1060791015625,-161.8529815673828
-83.77317810058594,31.13018798828125,-161.64804077148438
-83.77320861816406,31.011489868164062,-161.67625427246094
-83.70343017578125,31.152313232421875,-161.68548583984375
-83.70501708984375,31.249313354492188,-161.54434204101562
-83.65611267089844,31.170745849609375,-161.71337890625
-83.59748840332031,31.127029418945312,-161.68661499023438
-83.43478393554688,31.138717651367188,-161.63885498046875
-83.40728759765625,31.178131103515625,-161.7979278564453
-83.47749328613281,31.282669067382812,-161.8177490234375
-83.46478271484375,31.489715576171875,-161.7760772705078
-83.62934875488281,31.343032836914062,-161.95562744140625
-83.57260131835938,31.134597778320312,-161.83058166503906
-83.6094970703125,31.119659423828125,-161.77850341796875
-83.68832397460938,31.2041015625,-161.83079528808594
-83.55812072753906,31.173202514648438,-161.99900817871094
-83.56492614746094,31.357833862304688,-162.0459747314453
-83.47831726074219,31.459564208984375,-161.9633026123047
-83.51683044433594,31.407730102539062,-161.8000946044922
-83.48233032226562,31.541168212890625,-161.90243530273438
-83.49916076660156,31.348129272460938,-161.67425537109375
-83.49681091308594,31.033905029296875,-161.67677307128906
-83.49812316894531,31.088134765625,-161.70921325683594
-83.52555847167969,31.220306396484375,-161.86428833007812
-83.4984130859375,31.137710571289062,-161.81723022460938
-83.4205322265625,31.101364135742188,-161.8200225830078
-83.44236755371094,31.059661865234375,-161.60093688964844
-83.53172302246094,31.162200927734375,-161.58961486816406
-83.49325561523438,31.04632568359375,-161.86410522460938
-83.40333557128906,31.104339599609375,-161.8511199951172
-83.44952392578125,31.2137451171875,-161.75048828125
-83.59381103515625,31.152175903320312,-161.79197692871094
-83.78694152832031,31.046539306640625,-161.81959533691406
-83.74240112304688,31.0565185546875,-161.6595001220703
-83.715087890625,31.013641357421875,-161.4549102783203
-83.44961547851562,31.223968505859375,-161.51499938964844
-83.44430541992188,31.223663330078125,-161.31045532226562
-83.51515197753906,31.138656616210938,-161.4784393310547
-83.53485107421875,31.155227661132812,-161.49835205078125
-83.5252685546875,31.226364135742188,-161.54464721679688
-83.4356689453125,31.058349609375,-161.3610076904297
-83.50166320800781,31.135406494140625,-161.4781494140625
-83.37918090820312,31.126296997070312,-161.55276489257812
-83.47200012207031,31.114944458007812,-161.4713592529297
-83.52914428710938,31.269180297851562,-161.68344116210938
-83.46481323242188,31.218887329101562,-161.77017211914062
-83.54823303222656,31.342071533203125,-161.77838134765625
-83.41102600097656,31.266281127929688,-161.95701599121094
-83.41596984863281,31.271942138671875,-161.94406127929688
-83.63119506835938,31.161727905273438,-161.82960510253906
-83.45542907714844,31.199264526367188,-161.82728576660156
-83.50537109375,31.168594360351562,-161.8877716064453
-83.51918029785156,31.068603515625,-161.76019287109375
-83.39616394042969,31.247222900390625,-161.81166076660156
-83.43977355957031,31.18426513671875,-161.7611541748047
-83.49031066894531,31.197952270507812,-161.6043701171875
-83.53744506835938,31.052642822265625,-161.58920288085938
-83.42752075195312,31.116363525390625,-161.58424377441406
-83.66813659667969,31.103103637695312,-161.7875518798828
-83.49516296386719,31.143692016601562,-161.74197387695312
-83.47154235839844,31.0714111328125,-161.78579711914062
-83.28082275390625,31.2388916015625,-161.7156219482422
-83.40797424316406,31.175201416015625,-161.79844665527344
-83.30201721191406,31.158172607421875,-161.8702392578125
-83.37040710449219,31.021484375,-161.9062957763672
-83.45610046386719,31.05926513671875,-161.94789123535156
-83.61483764648438,31.003616333007812,-161.97901916503906
-83.4503173828125,31.009597778320312,-161.8677520751953
-83.55064392089844,31.082748413085938,-161.84243774414062
-83.64736938476562,30.944366455078125,-162.00186157226562
-83.40264892578125,30.895111083984375,-162.0357666015625
-83.35173034667969,31.037338256835938,-161.74942016601562
-83.54071044921875,31.147994995117188,-161.82586669921875
-83.48770141601562,31.239837646484375,-161.8765106201172
-83.43539428710938,31.258834838867188,-161.6127471923828
-83.46015930175781,31.015548706054688,-161.62466430664062
-83.44294738769531,31.081375122070312,-161.8741912841797
-83.40483093261719,31.066070556640625,-161.79161071777344
-83.45620727539062,31.136459350585938,-161.79617309570312
-83.45497131347656,31.0194091796875,-161.9459686279297
-83.50614929199219,31.119216918945312,-161.75730895996094
-83.47920227050781,30.873916625976562,-161.74534606933594
-83.30874633789062,30.986465454101562,-161.80662536621094
-83.35031127929688,30.914993286132812,-161.80052185058594
-83.33772277832031,31.062210083007812,-161.8087615966797
-83.46989440917969,30.887954711914062,-161.89639282226562
-83.48199462890625,31.057861328125,-161.97210693359375
-83.45692443847656,31.119400024414062,-161.8673858642578
-83.68443298339844,30.99224853515625,-161.66590881347656
-83.46829223632812,30.936508178710938,-161.58938598632812
-83.26191711425781,30.867599487304688,-161.66416931152344
-83.42950439453125,30.90185546875,-161.58226013183594
-83.2752685546875,30.9945068359375,-161.48939514160156
-83.50422668457031,30.731597900390625,-161.55673217773438
-83.45021057128906,30.992538452148438,-161.53085327148438
-83.56939697265625,30.93585205078125,-161.32003784179688
-83.45320129394531,30.96099853515625,-161.3074188232422
-83.47047424316406,30.874420166015625,-161.12704467773438
-83.39515686035156,31.171630859375,-161.1884307861328
-83.54132080078125,31.15130615234375,-161.35455322265625
-83.50791931152344,30.997299194335938,-161.45631408691406
-83.55068969726562,31.073989868164062,-161.42813110351562
-83.38775634765625,31.033950805664062,-161.49339294433594
-83.4022216796875,30.888671875,-161.62445068359375
-83.39002990722656,31.0670166015625,-161.75228881835938
-83.43215942382812,30.999008178710938,-161.77862548828125
-83.63458251953125,31.247161865234375,-161.6302947998047
-83.46139526367188,31.3389892578125,-161.4969482421875
-83.53732299804688,31.143463134765625,-161.5304412841797
-83.44561767578125,31.118270874023438,-161.59811401367188
-83.41036987304688,31.139480590820312,-161.6769256591797
-83.33065795898438,31.216766357421875,-161.475830078125
-83.39949035644531,31.358001708984375,-161.4398651123047
-83.29312133789062,31.39874267578125,-161.6675567626953
-83.35562133789062,31.173583984375,-161.62686157226562
-83.42367553710938,31.132095336914062,-161.72198486328125
-83.64427185058594,31.005111694335938,-161.62643432617188
-83.43731689453125,30.993576049804688,-161.64419555664062
-83.45350646972656,31.096038818359375,-161.83865356445312
-83.53018188476562,31.067916870117188,-161.77597045898438
-83.63609313964844,31.117385864257812,-161.8793182373047
-83.62696838378906,30.925521850585938,-161.86607360839844
-83.40135192871094,30.89117431640625,-161.834716796875
-83.4385986328125,30.970260620117188,-161.73883056640625
-83.6478271484375,31.05511474609375,-161.79066467285156
-83.57682800292969,31.109390258789062,-161.63511657714844
-83.48257446289062,30.954666137695312,-161.86558532714844
-83.27096557617188,30.950881958007812,-161.67263793945312
-83.32411193847656,30.994537353515625,-161.5111846923828
-83.40090942382812,30.998031616210938,-161.3168182373047
-83.33583068847656,30.9539794921875,-161.30458068847656
-83.37113952636719,30.886016845703125,-161.4253692626953
-83.27354431152344,30.889663696289062,-161.71348571777344
-83.27626037597656,30.884597778320312,-161.29322814941406
-83.53861999511719,30.8719482421875,-161.33892822265625
-83.29725646972656,30.838272094726562,-161.633544921875
-83.448486328125,31.101913452148438,-161.6301727294922
-83.51396179199219,31.121322631835938,-161.59959411621094
-83.40998840332031,31.121841430664062,-161.59658813476562
-83.6822509765625,31.1148681640625,-161.71131896972656
-83.68121337890625,31.05242919921875,-161.65557861328125
-83.60591125488281,30.726577758789062,-161.6418914794922
-83.80616760253906,30.800811767578125,-161.73452758789062
-83.79325866699219,30.819015502929688,-161.844970703125
-83.72647094726562,30.833450317382812,-161.82664489746094
-83.83851623535156,30.825424194335938,-161.6377410888672
-83.84880065917969,30.913665771484375,-161.4586944580078
-83.703125,30.998580932617188,-161.53213500976562
-83.80781555175781,30.881439208984375,-161.445556640625
-83.78733825683594,30.96917724609375,-161.58111572265625
-83.78215026855469,30.89691162109375,-161.61988830566406
-83.80926513671875,30.899612426757812,-161.48028564453125
-83.6192626953125,30.798110961914062,-161.48228454589844
-83.68962097167969,30.931106567382812,-161.54763793945312
-83.60009765625,31.099609375,-161.46060180664062
-83.60127258300781,31.110565185546875,-161.2837371826172
-83.72773742675781,31.114578247070312,-161.3727264404297
-83.80001831054688,31.046173095703125,-161.3917236328125
-83.85116577148438,30.933425903320312,-161.47853088378906
-83.75749206542969,31.011322021484375,-161.54214477539062
-83.84149169921875,31.191879272460938,-161.4551239013672
-83.73869323730469,31.070419311523438,-161.5528106689453
-83.76980590820312,31.052322387695312,-161.39791870117188
-83.76390075683594,31.133132934570312,-161.4116668701172
-83.61599731445312,30.927139282226562,-161.29237365722656
-83.61842346191406,31.030014038085938,-161.3599853515625
-83.67782592773438,31.067138671875,-161.28622436523438
-83.64834594726562,31.065353393554688,-161.3316650390625
-83.43495178222656,31.090042114257812,-161.3363800048828
-83.42376708984375,31.115005493164062,-161.3126220703125
-83.6300048828125,31.19354248046875,-161.35275268554688
-83.68043518066406,31.070877075195312,-161.3319854736328
-83.53936767578125,31.129302978515625,-161.39678955078125
-83.44938659667969,31.07281494140625,-161.2937774658203
-83.67457580566406,31.106781005859375,-161.5390167236328
-83.48251342773438,31.14215087890625,-161.27230834960938
-83.52761840820312,31.092056274414062,-161.4477081298828
-83.55055236816406,31.052734375,-161.48178100585938
-83.33320617675781,31.135879516601562,-161.490966796875
-83.34295654296875,30.9989013671875,-161.69447326660156
-83.41091918945312,31.102005004882812,-161.73110961914062
-83.43943786621094,31.195999145507812,-161.57176208496094
-83.47190856933594,31.1435546875,-161.5123748779297
-83.68179321289062,31.138092041015625,-161.29940795898438
-83.81796264648438,31.135009765625,-161.4169158935547
-83.77799987792969,31.181427001953125,-161.5232391357422
-83.78422546386719,31.223068237304688,-161.6210174560547
-83.83778381347656,31.2557373046875,-161.49325561523438
-83.8260498046875,31.1871337890625,-161.478759765625
-83.46195983886719,31.090179443359375,-161.66436767578125
-83.45034790039062,31.021072387695312,-161.68585205078125
-83.42741394042969,31.043060302734375,-161.85780334472656
-83.50566101074219,31.1099853515625,-161.71145629882812
-83.48591613769531,31.081253051757812,-161.58477783203125
-83.69143676757812,31.094253540039062,-161.603759765625
-83.53030395507812,30.989974975585938,-161.70558166503906
-83.5279541015625,30.770706176757812,-161.82363891601562
-83.63093566894531,30.841644287109375,-161.62698364257812
-83.81741333007812,30.76458740234375,-161.63772583007812
-83.76274108886719,30.755416870117188,-161.5579071044922
-83.694580078125,30.59649658203125,-161.38511657714844
-83.68084716796875,30.747772216796875,-161.5503387451172
-83.63067626953125,30.843048095703125,-161.39198303222656
-83.53553771972656,30.854522705078125,-161.25872802734375
-83.45503234863281,30.776199340820312,-161.25985717773438
-83.59626770019531,30.839263916015625,-161.38711547851562
-83.83334350585938,30.877227783203125,-161.109375
-83.72451782226562,30.987686157226562,-161.00881958007812
-83.85903930664062,30.984588623046875,-161.1977081298828
-83.81932067871094,30.890945434570312,-161.1142120361328
-83.64927673339844,31.073898315429688,-161.26954650878906
-83.59120178222656,31.143569946289062,-161.21551513671875
-83.76655578613281,31.13177490234375,-161.22500610351562
-83.77491760253906,31.043212890625,-161.02735900878906
-83.72335815429688,31.135299682617188,-161.01934814453125
-83.84869384765625,30.906906127929688,-160.9795379638672
-83.73356628417969,31.048355102539062,-161.0157012939453
-83.71699523925781,31.254318237304688,-160.98538208007812
-83.63917541503906,31.204513549804688,-161.0037384033203
-83.59823608398438,31.028411865234375,-161.3446044921875
-83.61253356933594,31.159423828125,-161.40768432617188
-83.60379028320312,31.238235473632812,-161.28836059570312
-83.67137145996094,31.224029541015625,-161.06582641601562
-83.61618041992188,31.189804077148438,-161.23887634277344
-83.79878234863281,31.220809936523438,-161.1273956298828
-83.64237976074219,31.129241943359375,-161.0383758544922
-83.6319580078125,31.122207641601562,-161.0746307373047
-83.63539123535156,31.178054809570312,-160.99623107910156
-83.65335083007812,31.12298583984375,-161.11798095703125
-83.58261108398438,31.201751708984375,-161.26177978515625
-83.83523559570312,31.200653076171875,-161.1806182861328
-83.737060546875,31.264373779296875,-161.14849853515625
-83.73892211914062,31.022933959960938,-161.4174346923828
-83.6343994140625,31.087539672851562,-161.45803833007812
-83.46853637695312,31.224029541015625,-161.36746215820312
-83.46157836914062,31.203643798828125,-161.13320922851562
-83.47239685058594,31.20062255859375,-161.17587280273438
-83.45928955078125,31.265975952148438,-161.32693481445312
-83.43099975585938,31.126953125,-161.27978515625
-83.42948913574219,31.23101806640625,-161.39329528808594
-83.47341918945312,31.173538208007812,-161.3741455078125
-83.51765441894531,31.254928588867188,-161.38455200195312
-83.50151062011719,31.051315307617188,-161.29965209960938
-83.46476745605469,30.998992919921875,-161.39410400390625
-83.65428161621094,31.026809692382812,-161.572021484375
-83.71778869628906,31.0286865234375,-161.5669708251953
-83.78073120117188,31.084030151367188,-161.4517364501953
-83.84808349609375,31.00433349609375,-161.5509033203125
-83.81747436523438,31.040802001953125,-161.70045471191406
-83.62394714355469,30.999923706054688,-161.82484436035156
-83.6683349609375,30.980667114257812,-161.87522888183594
-83.6263427734375,30.904556274414062,-161.7691650390625
-83.62434387207031,31.006439208984375,-161.73057556152344
-83.562255859375,31.070770263671875,-161.7252655029297
-83.59378051757812,31.12530517578125,-161.65879821777344
-83.48385620117188,31.04095458984375,-161.76380920410156
-83.527099609375,31.009170532226562,-161.7218475341797
-83.5025634765625,31.049942016601562,-161.51547241210938
-83.48490905761719,31.183822631835938,-161.55010986328125
-83.44367980957031,31.263015747070312,-161.58877563476562
-83.53581237792969,31.237472534179688,-161.59632873535156
-83.56193542480469,31.028152465820312,-161.51303100585938
-83.46189880371094,31.081863403320312,-161.3228759765625
-83.47589111328125,30.841644287109375,-161.48631286621094
-83.46537780761719,30.774185180664062,-161.6512908935547
-83.59791564941406,30.745254516601562,-161.67774963378906
-83.72634887695312,30.619796752929688,-161.70870971679688
-83.73910522460938,30.6014404296875,-161.6647186279297
-83.79661560058594,30.720001220703125,-161.74923706054688
-83.72616577148438,30.664947509765625,-161.6250457763672
-83.7764892578125,30.554885864257812,-161.49948120117188
-83.88331604003906,30.527801513671875,-161.48187255859375
-84.11430358886719,30.377410888671875,-161.52944946289062
-83.99281311035156,30.362884521484375,-161.3719024658203
-84.08290100097656,30.232315063476562,-161.4624786376953
-84.144287109375,30.214202880859375,-161.50180053710938
-84.22219848632812,30.123138427734375,-161.43255615234375
-84.26905822753906,29.927566528320312,-161.38194274902344
-84.19198608398438,30.06060791015625,-161.373291015625
-84.36894226074219,30.012924194335938,-161.431884765625
-84.43901062011719,29.802017211914062,-161.41651916503906
-84.65959167480469,29.827728271484375,-161.2909698486328
-84.60063171386719,29.648101806640625,-161.5044708251953
-84.66731262207031,29.565567016601562,-161.6860809326172
-84.68402099609375,29.54754638671875,-161.6739501953125
-84.69601440429688,29.543014526367188,-161.59434509277344
-84.51597595214844,29.650222778320312,-161.5925750732422
-84.31394958496094,29.534072875976562,-161.5444793701172
-84.149169921875,29.423492431640625,-161.65908813476562
-83.82107543945312,29.384048461914062,-161.54010009765625
-83.81260681152344,29.264236450195312,-161.5807647705078
-83.41697692871094,29.241912841796875,-161.4982147216797
-83.37362670898438,29.316009521484375,-161.38990783691406
-83.1895751953125,29.393096923828125,-161.35707092285156
-83.06773376464844,29.526046752929688,-161.04461669921875
-82.86918640136719,29.748687744140625,-160.97402954101562
-82.74664306640625,29.819915771484375,-160.75778198242188
-82.67268371582031,29.968124389648438,-160.53500366210938
-82.486572265625,30.248123168945312,-160.3425750732422
-82.23321533203125,30.29498291015625,-160.15924072265625
-81.88821411132812,30.305999755859375,-160.165771484375
-81.79684448242188,29.95361328125,-160.22862243652344
-81.36201477050781,29.669418334960938,-160.39849853515625
-81.0289306640625,29.103317260742188,-161.11923217773438
-80.78169250488281,28.447021484375,-161.51710510253906
-80.65719604492188,27.724166870117188,-162.29139709472656
-80.53266906738281,26.818115234375,-163.16046142578125
-80.40510559082031,25.831649780273438,-164.27462768554688
-80.15084838867188,24.852447509765625,-165.28555297851562
-80.08180236816406,23.877471923828125,-166.2052001953125
-79.91140747070312,22.923812866210938,-167.16258239746094
-79.82891845703125,22.099395751953125,-168.11892700195312
-80.00303649902344,21.247482299804688,-169.2132568359375
-79.94473266601562,20.507766723632812,-170.3392791748047
-79.83839416503906,19.620086669921875,-171.80752563476562
-79.8531494140625,18.9246826171875,-172.87948608398438
-80.0093994140625,18.05194091796875,-174.30824279785156
-80.12837219238281,17.4798583984375,-175.62063598632812
-79.95510864257812,16.785232543945312,-177.01576232910156
-79.72097778320312,16.090072631835938,-178.792724609375
-79.71435546875,15.587051391601562,-180.24746704101562
-79.55421447753906,15.11212158203125,-181.5817413330078
-79.87985229492188,14.840560913085938,-182.83702087402344
-80.16921997070312,14.49462890625,-183.9991455078125
-80.75999450683594,14.401611328125,-184.91456604003906
-81.40625,14.250335693359375,-185.91770935058594
-81.73097229003906,13.967620849609375,-186.37490844726562
-82.15960693359375,14.028823852539062,-186.65762329101562
-82.77325439453125,14.06634521484375,-186.74887084960938
-83.36990356445312,14.032089233398438,-186.9980926513672
-83.81864929199219,13.853118896484375,-187.1056365966797
-84.20677185058594,13.967544555664062,-187.13650512695312
-84.51531982421875,13.919525146484375,-187.06863403320312
-84.84437561035156,14.0316162109375,-186.91885375976562
-85.12374877929688,13.88824462890625,-186.7683868408203
-85.34286499023438,13.964096069335938,-186.7328643798828
-85.21145629882812,14.021942138671875,-186.43402099609375
-85.27780151367188,13.780685424804688,-186.33119201660156
-85.22189331054688,13.930801391601562,-186.32180786132812
-85.21810913085938,14.052642822265625,-186.50245666503906
-85.4674072265625,14.014541625976562,-186.3009490966797
-85.59286499023438,13.76641845703125,-186.2825164794922
-85.68299865722656,13.862091064453125,-186.3133544921875
-85.92715454101562,13.91558837890625,-186.1231689453125
-85.97731018066406,14.103546142578125,-186.24827575683594
-86.14741516113281,14.041534423828125,-186.03822326660156
-86.16424560546875,14.229263305664062,-185.8856201171875
-86.01092529296875,14.299728393554688,-185.55506896972656
-86.11262512207031,14.418609619140625,-185.47349548339844
-86.09413146972656,14.50006103515625,-185.1303253173828
-86.01902770996094,14.620208740234375,-184.69053649902344
-86.06524658203125,14.80035400390625,-184.2357177734375
-86.14317321777344,14.980682373046875,-183.68014526367188
-86.09938049316406,15.162277221679688,-183.19142150878906
-86.35392761230469,15.264434814453125,-182.7040557861328
-86.29591369628906,15.47943115234375,-182.17098999023438
-86.28668212890625,15.586196899414062,-181.70321655273438
-86.32514953613281,15.802627563476562,-181.21121215820312
-86.35589599609375,15.760894775390625,-180.6725616455078
-86.35626220703125,15.982452392578125,-180.43211364746094
-86.44682312011719,15.8583984375,-180.2163543701172
-86.34170532226562,15.966278076171875,-180.19976806640625
-86.43362426757812,15.92840576171875,-179.98089599609375
-86.4954833984375,15.929824829101562,-179.73204040527344
-86.59324645996094,16.036788940429688,-179.7689666748047
-86.53721618652344,16.107284545898438,-179.88800048828125
-86.62477111816406,16.032699584960938,-180.00294494628906
-86.66081237792969,16.049591064453125,-180.15396118164062
-86.89863586425781,16.222930908203125,-180.20303344726562
-86.84632873535156,16.373626708984375,-180.33377075195312
-86.88253784179688,16.248214721679688,-180.24118041992188
-86.83241271972656,16.103607177734375,-180.30210876464844
-86.70741271972656,16.015350341796875,-180.22608947753906
-86.69639587402344,15.995986938476562,-180.61387634277344
-86.76756286621094,15.933380126953125,-180.69345092773438
-86.69821166992188,15.757675170898438,-180.81906127929688
-86.52473449707031,15.73919677734375,-181.14035034179688
-86.50117492675781,15.595382690429688,-181.4164581298828
-86.64079284667969,15.67041015625,-181.47149658203125
-86.45584106445312,15.654830932617188,-181.60589599609375
-86.33897399902344,15.502609252929688,-182.01499938964844
-86.1112060546875,15.616806030273438,-182.32391357421875
-86.15214538574219,15.323699951171875,-182.26776123046875
-86.21148681640625,15.205032348632812,-182.23016357421875
-85.97329711914062,15.079681396484375,-182.3998565673828
-85.98927307128906,15.322311401367188,-182.826416015625
-86.04458618164062,15.30230712890625,-182.93869018554688
-85.99565124511719,15.217132568359375,-183.4011993408203
-85.98153686523438,15.113174438476562,-183.75704956054688
-86.01260375976562,15.348678588867188,-183.93295288085938
-86.12605285644531,15.477386474609375,-184.22500610351562
-86.45567321777344,15.38165283203125,-184.5852508544922
-86.60758972167969,15.53759765625,-184.77618408203125
-87.09611511230469,15.643173217773438,-185.211669921875
-87.56269836425781,15.909332275390625,-185.4906005859375
-87.9512939453125,16.171463012695312,-185.94163513183594
-88.57765197753906,16.520187377929688,-186.1600341796875
-89.01423645019531,16.970382690429688,-186.27284240722656
-89.70075988769531,17.691513061523438,-186.7664031982422
-90.79481506347656,18.293807983398438,-186.68133544921875
-91.77340698242188,19.2169189453125,-186.59814453125
-92.94618225097656,20.320404052734375,-186.57521057128906
-93.98670959472656,21.7049560546875,-186.3106231689453
-95.20115661621094,23.095291137695312,-185.5674285888672
-96.62028503417969,24.4625244140625,-184.73553466796875
-97.61741638183594,26.08636474609375,-184.21365356445312
-98.63346862792969,27.768310546875,-183.36656188964844
-99.87692260742188,29.432647705078125,-182.54965209960938
-101.04148864746094,31.20196533203125,-181.84616088867188
-102.13514709472656,33.51722717285156,-181.09942626953125
-103.1884765625,35.73179626464844,-180.33746337890625
-104.38294982910156,38.33447265625,-179.69293212890625
-105.3406982421875,40.81718444824219,-179.06150817871094
-106.05465698242188,43.44712829589844,-178.1411590576172
-107.05101013183594,46.10508728027344,-177.39227294921875
-108.12458801269531,48.99082946777344,-176.80548095703125
-109.1416015625,51.73126220703125,-176.28700256347656
-110.05787658691406,54.58375549316406,-176.32843017578125
-110.80618286132812,57.649444580078125,-176.52684020996094
-111.78244018554688,60.65422058105469,-177.02528381347656
-112.79254150390625,63.736907958984375,-177.5431365966797
-113.43113708496094,66.957763671875,-178.41017150878906
-114.07362365722656,70.21018981933594,-179.22088623046875
-114.399169921875,73.64437866210938,-180.84188842773438
-114.44473266601562,76.9677734375,-182.50326538085938
-114.55354309082031,80.34947204589844,-184.57835388183594
-114.70271301269531,83.45121765136719,-186.5673828125
-114.55918884277344,86.64993286132812,-188.5294647216797
-114.61537170410156,89.91432189941406,-190.7763671875
-114.49549865722656,93.63888549804688,-192.69619750976562
-114.50941467285156,97.25709533691406,-194.4518585205078
-114.28936767578125,101.01954650878906,-196.35276794433594
-113.81719970703125,105.22628784179688,-198.22581481933594
-113.37150573730469,109.63893127441406,-200.15359497070312
-113.22377014160156,114.08454895019531,-202.2827606201172
-112.763671875,118.47261047363281,-204.4159393310547
-112.47386169433594,122.50306701660156,-207.6181640625
-112.01560974121094,126.29660034179688,-211.5629425048828
-111.7767333984375,130.09161376953125,-216.13182067871094
-111.77593994140625,133.91806030273438,-220.85858154296875
-112.38787841796875,137.3021697998047,-225.74708557128906
-113.56724548339844,139.5740203857422,-230.9847412109375
-116.29307556152344,139.57814025878906,-236.0936279296875
-122.48785400390625,136.63719177246094,-246.1647186279297
-133.1416778564453,134.57884216308594,-269.5819091796875
-141.33302307128906,135.27415466308594,-290.86138916015625
-143.6783905029297,136.19239807128906,-296.97760009765625
-143.7493438720703,136.10604858398438,-297.3101806640625
-143.58863830566406,136.13861083984375,-297.09539794921875
-143.57603454589844,136.0644989013672,-296.6651916503906
-143.7541046142578,136.17486572265625,-296.6144104003906
-143.91395568847656,136.1988067626953,-296.7226257324219
-143.8507843017578,136.2855682373047,-296.947021484375
-143.91075134277344,136.29995727539062,-296.94476318359375
-143.82530212402344,136.0882110595703,-296.7408447265625
-143.83575439453125,136.0636444091797,-296.6912841796875
-143.819091796875,136.1905517578125,-296.8721008300781
-143.90277099609375,136.23794555664062,-296.94671630859375
-143.742919921875,136.31069946289062,-297.00677490234375
-143.6484832763672,136.21661376953125,-297.04443359375
-143.82237243652344,136.2774200439453,-297.03936767578125
-143.85508728027344,136.43116760253906,-297.064453125
-143.9002227783203,136.28538513183594,-296.82501220703125
-144.00808715820312,136.2881317138672,-296.69622802734375
-144.09161376953125,136.27259826660156,-296.5220031738281
-144.3255157470703,136.39598083496094,-296.4234619140625
-144.50807189941406,136.4263153076172,-296.2380676269531
-144.61865234375,136.32688903808594,-296.49432373046875
-144.7216796875,136.404541015625,-296.5242919921875
-144.5634307861328,136.36924743652344,-296.8797607421875
-144.48068237304688,136.2827606201172,-297.15069580078125
-144.4032745361328,136.32766723632812,-297.26788330078125
-144.57557678222656,136.37255859375,-297.0916748046875
-144.74591064453125,136.40576171875,-296.69293212890625
-144.89280700683594,136.64950561523438,-296.48626708984375
-144.91595458984375,136.72315979003906,-296.0611572265625
-144.76390075683594,137.0589599609375,-296.00286865234375
-144.9083251953125,136.9716033935547,-296.09747314453125
-145.1443634033203,136.84959411621094,-296.1490783691406
-145.27976989746094,136.68051147460938,-295.93096923828125
-145.3730010986328,136.5686492919922,-295.84527587890625
-145.2865447998047,136.41551208496094,-295.81109619140625
-145.2865447998047,136.47227478027344,-295.4449462890625
-145.29202270507812,136.6064453125,-295.0206298828125
-145.32139587402344,136.80795288085938,-294.51702880859375
-145.46127319335938,136.7003936767578,-294.17852783203125
-145.22216796875,136.9063720703125,-293.70166015625
-145.30055236816406,136.95103454589844,-293.32763671875
-145.34173583984375,137.1820068359375,-292.933837890625
-144.9793243408203,137.21554565429688,-292.5003662109375
-144.9114532470703,137.0169677734375,-292.3592834472656
-144.78811645507812,137.0142822265625,-291.91790771484375
-144.51214599609375,137.0799560546875,-291.8382568359375
-144.3227996826172,137.1380157470703,-291.7318115234375
-144.26092529296875,137.09999084472656,-291.2672119140625
-143.9261932373047,137.3018798828125,-290.85308837890625
-143.62261962890625,137.29788208007812,-290.6617736816406
-143.3153839111328,137.3971405029297,-290.3482971191406
-143.04124450683594,137.56976318359375,-290.1763916015625
-142.73045349121094,137.76490783691406,-289.8052978515625
-142.56591796875,137.89649963378906,-289.51800537109375
-142.36341857910156,137.8555145263672,-289.3307189941406
-142.03829956054688,138.06597900390625,-288.906982421875
-142.02438354492188,138.26805114746094,-288.35247802734375
-141.65211486816406,138.33282470703125,-288.2681884765625
-141.35276794433594,138.70358276367188,-287.75311279296875
-141.26930236816406,138.7041778564453,-286.9836120605469
-141.13661193847656,139.0911407470703,-286.276123046875
-141.0213165283203,139.4434356689453,-285.054443359375
-140.9659881591797,140.05792236328125,-283.5065612792969
-140.6421356201172,140.84613037109375,-281.9661865234375
-140.05935668945312,141.8705596923828,-280.52960205078125
-139.75424194335938,142.591552734375,-279.03839111328125
-139.2218475341797,143.07046508789062,-278.16363525390625
-138.70106506347656,143.62301635742188,-277.3472900390625
-138.3115234375,143.9399871826172,-276.889892578125
-138.2020721435547,144.38351440429688,-276.7126770019531
-138.0043487548828,144.59637451171875,-276.41162109375
-138.18692016601562,144.7742462158203,-276.1631774902344
-138.0840606689453,145.1743621826172,-275.82452392578125
-137.88160705566406,145.35009765625,-275.3768310546875
-137.67889404296875,145.84779357910156,-274.93548583984375
-137.36843872070312,146.26907348632812,-274.5865783691406
-137.34323120117188,146.70700073242188,-274.1018981933594
-137.0433807373047,147.2052764892578,-273.460205078125
-136.7283172607422,147.94935607910156,-272.77386474609375
-136.46629333496094,148.5631866455078,-272.34320068359375
-136.20228576660156,149.30813598632812,-271.8824157714844
-136.1756134033203,149.858642578125,-271.2056579589844
-135.9310760498047,150.6115264892578,-270.4605407714844
-135.90248107910156,151.15708923339844,-270.2127380371094
-135.7062225341797,151.69007873535156,-269.64776611328125
-135.54750061035156,152.11410522460938,-269.48602294921875
-135.30712890625,152.53506469726562,-269.44891357421875
-135.39181518554688,152.89242553710938,-269.24041748046875
-135.56546020507812,152.90863037109375,-269.2818908691406
-135.81671142578125,152.87803649902344,-269.309814453125
-136.29884338378906,152.99752807617188,-269.42803955078125
-136.5150909423828,153.00706481933594,-269.58642578125
-136.88766479492188,152.69932556152344,-269.9299621582031
-137.10073852539062,152.5618133544922,-269.997314453125
-137.24781799316406,152.6355743408203,-270.1234130859375
-137.2785186767578,152.45127868652344,-270.05694580078125
-137.3886260986328,152.21998596191406,-270.36309814453125
-137.4602813720703,152.05035400390625,-270.45501708984375
-137.65283203125,151.9442138671875,-270.4776306152344
-137.6444091796875,151.97694396972656,-270.58221435546875
-137.75877380371094,151.92816162109375,-270.624267578125
-137.9236297607422,151.77821350097656,-270.88812255859375
-138.14529418945312,151.77830505371094,-271.05255126953125
-138.2218780517578,151.86550903320312,-270.9898681640625
-138.328857421875,152.17327880859375,-270.8533935546875
-138.2707977294922,152.61312866210938,-270.72271728515625
-138.0621337890625,152.6814727783203,-270.56396484375
-138.48883056640625,152.8245849609375,-270.59423828125
-138.93568420410156,152.99212646484375,-270.5890197753906
-139.51812744140625,152.93984985351562,-270.4681396484375
-139.81851196289062,152.93519592285156,-270.4532470703125
-139.95008850097656,152.9300537109375,-270.42462158203125
-139.8427276611328,152.8960723876953,-270.3780517578125
-139.8598175048828,153.06820678710938,-270.62725830078125
-140.10919189453125,153.10939025878906,-270.5918884277344
-140.20419311523438,153.19830322265625,-270.62249755859375
-140.19866943359375,153.27333068847656,-270.4478759765625
-140.1213836669922,153.17111206054688,-270.4219970703125
-140.22740173339844,153.13002014160156,-270.387451171875
-140.0208740234375,153.21914672851562,-270.6539001464844
-140.0574951171875,153.1692352294922,-270.6311340332031
-140.1887664794922,153.20986938476562,-270.43841552734375
-140.22817993164062,153.0941619873047,-270.38568115234375
-140.16429138183594,153.15232849121094,-270.64422607421875
-140.3031005859375,153.0498046875,-270.64056396484375
-140.3360595703125,153.03878784179688,-270.58416748046875
-140.36944580078125,153.163818359375,-270.57403564453125
-140.1793670654297,153.13818359375,-270.5860595703125
-140.2354736328125,153.0719451904297,-270.635986328125
-140.17042541503906,153.01043701171875,-270.7427978515625
-140.239501953125,153.05638122558594,-270.56463623046875
-140.04446411132812,153.09295654296875,-270.6375732421875
-140.10806274414062,153.09844970703125,-270.3692626953125
-140.03855895996094,153.28167724609375,-270.46478271484375
-139.93438720703125,153.16355895996094,-270.3934326171875
-139.8886260986328,153.0602264404297,-270.5318603515625
-140.06126403808594,152.9774169921875,-270.5501708984375
-140.18804931640625,153.05081176757812,-270.404541015625
-140.15744018554688,153.1244659423828,-270.4015197753906
-139.88209533691406,153.0418243408203,-270.40679931640625
-140.04006958007812,153.17034912109375,-270.62109375
-139.98114013671875,153.1231231689453,-270.6490783691406
-139.99598693847656,153.1081085205078,-270.6540832519531
-140.121337890625,152.90049743652344,-270.58502197265625
-140.1986846923828,152.90045166015625,-270.3976745605469
-140.11932373046875,152.9943389892578,-270.5956726074219
-140.19345092773438,152.9380645751953,-270.5370788574219
-140.16261291503906,153.1625213623047,-270.5403137207031
-140.10562133789062,153.0679473876953,-270.37420654296875
-140.0087890625,153.1142120361328,-270.4388122558594
-139.97914123535156,153.03582763671875,-270.6246337890625
-140.05520629882812,153.06358337402344,-270.3794860839844
-139.94448852539062,152.9134063720703,-270.41864013671875
-139.79466247558594,153.01502990722656,-270.64764404296875
-139.68218994140625,152.90185546875,-270.60968017578125
-139.707275390625,152.95994567871094,-270.58673095703125
-139.83331298828125,152.96676635742188,-270.63067626953125
-139.938720703125,152.98382568359375,-270.3758544921875
-139.8545684814453,152.99046325683594,-270.15240478515625
-140.25872802734375,152.95245361328125,-270.23406982421875
-140.16429138183594,152.9484405517578,-270.37200927734375
-140.15008544921875,152.91429138183594,-270.591796875
-140.22525024414062,152.9232177734375,-270.63519287109375
-140.0650634765625,152.93138122558594,-270.52777099609375
-139.82635498046875,152.9528045654297,-270.60345458984375
-140.0353546142578,152.7937774658203,-270.41571044921875
-140.16897583007812,152.98501586914062,-270.32000732421875
-140.15966796875,152.9342041015625,-270.3210754394531
-140.1673583984375,152.98243713378906,-270.4937744140625
-140.2390899658203,153.02728271484375,-270.2124328613281
-140.1778106689453,152.900146484375,-270.26666259765625
-140.13827514648438,152.96493530273438,-270.26580810546875
-140.17047119140625,152.9209747314453,-270.5244140625
-140.09420776367188,152.9004364013672,-270.5444030761719
-140.01441955566406,152.9227294921875,-270.4305114746094
-140.0342559814453,153.0124969482422,-270.46075439453125
-140.13626098632812,152.8468017578125,-270.497802734375
-140.21229553222656,152.81260681152344,-270.4652099609375
-140.09283447265625,152.8309783935547,-270.45367431640625
-139.96751403808594,152.68333435058594,-270.2685852050781
-139.87957763671875,152.63523864746094,-270.11749267578125
-139.88633728027344,152.74807739257812,-270.1241760253906
-139.88491821289062,152.89073181152344,-270.1437072753906
-140.00140380859375,152.97076416015625,-270.22247314453125
-140.15797424316406,152.9751739501953,-270.38739013671875
-140.08282470703125,152.8080596923828,-270.4696044921875
-139.9902801513672,152.7724151611328,-270.4438781738281
-140.04405212402344,152.98072814941406,-270.49407958984375
-140.00770568847656,152.90216064453125,-270.41534423828125
-140.14126586914062,152.8845977783203,-270.37542724609375
-140.0225067138672,152.99241638183594,-270.3833923339844
-140.2403106689453,153.0110626220703,-270.3858642578125
-140.0418701171875,152.96554565429688,-270.2337646484375
-140.04283142089844,152.9766845703125,-270.24151611328125
-139.94540405273438,152.89414978027344,-270.23370361328125
-139.86851501464844,152.988525390625,-270.31292724609375
-139.88722229003906,152.95191955566406,-270.21234130859375
-140.03936767578125,153.02857971191406,-270.4840087890625
-139.9864044189453,153.0309295654297,-270.5964660644531
-140.03836059570312,153.04364013671875,-270.6293640136719
-140.0136260986328,153.0463409423828,-270.56915283203125
-139.86972045898438,153.1395263671875,-270.391845703125
-139.75,153.03416442871094,-270.2662658691406
-139.890869140625,153.12998962402344,-270.42047119140625
-139.82748413085938,153.07598876953125,-270.3779602050781
-139.89739990234375,153.0740203857422,-270.236328125
-139.86085510253906,153.28871154785156,-270.43096923828125
-139.85995483398438,153.1908416748047,-270.4300537109375
-140.21041870117188,153.16371154785156,-270.43499755859375
-140.15280151367188,153.16404724121094,-270.5037536621094
-140.1980438232422,153.14605712890625,-270.42315673828125
-140.24497985839844,153.0750274658203,-270.46575927734375
-140.0916290283203,153.09910583496094,-270.46148681640625
-140.0319366455078,153.04080200195312,-270.3185119628906
-140.21426391601562,153.1067352294922,-270.11981201171875
-140.2473602294922,153.15765380859375,-270.31573486328125
-140.1165008544922,153.19534301757812,-270.39849853515625
-140.09262084960938,153.2854461669922,-270.25701904296875
-140.00741577148438,153.03262329101562,-270.29876708984375
-139.90621948242188,153.09033203125,-270.33917236328125
-140.10777282714844,153.06414794921875,-270.4332275390625
-140.18191528320312,152.89883422851562,-270.27606201171875
-140.2510223388672,153.00372314453125,-270.0398864746094
-140.17604064941406,153.0237274169922,-270.00885009765625
-140.24032592773438,153.02601623535156,-269.9957275390625
-140.1701202392578,152.9250946044922,-269.879150390625
-140.15396118164062,153.1475372314453,-269.89556884765625
-140.1559600830078,153.09490966796875,-269.95306396484375
-140.244140625,153.2843475341797,-269.83099365234375
-140.1934051513672,153.28074645996094,-269.8751220703125
-140.29640197753906,153.08685302734375,-269.9482421875
-140.35662841796875,153.1359405517578,-270.107421875
-140.3984375,153.0174102783203,-270.047119140625
-140.1236114501953,153.08316040039062,-270.1549377441406
-140.18641662597656,153.0179443359375,-270.0458984375
-140.24375915527344,153.02713012695312,-269.96551513671875
-140.1917724609375,153.09970092773438,-269.82080078125
-140.18409729003906,153.10968017578125,-269.8900146484375
-140.1935272216797,152.9776611328125,-269.7816162109375
-140.1320037841797,152.96359252929688,-269.9220275878906
-140.31101989746094,153.02670288085938,-269.91253662109375
-140.37623596191406,152.98597717285156,-270.125
-140.24644470214844,153.07681274414062,-270.3001708984375
-140.2435760498047,153.12144470214844,-270.27984619140625
-140.09771728515625,153.10757446289062,-270.16790771484375
-140.07379150390625,153.09764099121094,-269.99737548828125
-140.18679809570312,153.1772003173828,-270.09552001953125
-140.1503448486328,153.29444885253906,-270.0546875
-140.1622314453125,153.10653686523438,-269.94189453125
-140.3410186767578,153.09461975097656,-270.05230712890625
-140.17848205566406,153.03598022460938,-270.1793212890625
-140.19142150878906,153.1141357421875,-269.92462158203125
-140.15719604492188,153.21617126464844,-269.99542236328125
-140.23333740234375,153.17636108398438,-270.03399658203125
-140.275146484375,153.20172119140625,-270.1225280761719
-140.35325622558594,153.36497497558594,-270.0885009765625
-140.35400390625,153.3813018798828,-269.97210693359375
-140.31381225585938,153.18592834472656,-269.98919677734375
-140.37496948242188,153.19943237304688,-269.77496337890625
-140.3496551513672,153.17404174804688,-269.7486572265625
-140.50169372558594,153.2770538330078,-269.98687744140625
-140.30035400390625,153.14340209960938,-269.98675537109375
-140.3740692138672,153.03018188476562,-269.8458251953125
-140.32498168945312,153.17315673828125,-269.70074462890625
-140.35716247558594,153.2665252685547,-269.8255615234375
-140.38442993164062,153.1783447265625,-269.86285400390625
-140.4130096435547,153.2864227294922,-269.9012451171875
-140.37725830078125,153.11695861816406,-270.01947021484375
-140.31517028808594,153.21913146972656,-269.91607666015625
-140.4731903076172,153.16912841796875,-270.00677490234375
-140.49586486816406,153.2140350341797,-269.93157958984375
-140.35470581054688,153.12881469726562,-269.97247314453125
-140.32095336914062,153.15438842773438,-270.019287109375
-140.35122680664062,153.02610778808594,-269.88653564453125
-140.38937377929688,153.2272186279297,-269.95489501953125
-140.2549591064453,153.22352600097656,-270.0262756347656
-140.3302001953125,153.0906524658203,-270.1189880371094
-140.32821655273438,153.11212158203125,-270.1650695800781
-140.3303680419922,153.03506469726562,-270.4249267578125
-140.2968292236328,153.19979858398438,-270.2637939453125
-140.35987854003906,153.15408325195312,-270.12103271484375
-140.31057739257812,153.079833984375,-270.1695251464844
-140.37892150878906,153.11322021484375,-270.044189453125
-140.3948211669922,153.22752380371094,-270.18707275390625
-140.364501953125,153.15724182128906,-269.89202880859375
-140.3858184814453,153.01300048828125,-269.9252014160156
-140.3038787841797,153.15887451171875,-269.9043273925781
-140.3701629638672,153.07676696777344,-269.8895263671875
-140.3268280029297,153.14382934570312,-269.8897705078125
-140.4357452392578,153.1257781982422,-269.9132080078125
-140.6313018798828,152.90672302246094,-269.76812744140625
-140.5052032470703,152.96792602539062,-269.7144775390625
-140.56869506835938,152.88475036621094,-269.629150390625
-140.4433135986328,152.8849334716797,-269.8558349609375
-140.53457641601562,153.0329132080078,-269.97344970703125
-140.46395874023438,153.17124938964844,-270.11199951171875
-140.2796173095703,153.16258239746094,-270.12109375
-140.22848510742188,153.33575439453125,-270.1820068359375
-140.2451934814453,153.2109832763672,-270.0995178222656
-140.25047302246094,153.26805114746094,-270.1507873535156
-140.22470092773438,153.07675170898438,-269.947998046875
-140.42039489746094,152.95077514648438,-269.92913818359375
-140.4170379638672,153.0111541748047,-269.9634704589844
-140.40199279785156,153.02284240722656,-270.10809326171875
-140.22918701171875,153.0940399169922,-270.07000732421875
-140.20045471191406,153.03868103027344,-270.30877685546875
-140.12094116210938,153.14193725585938,-270.34661865234375
-140.2763671875,153.0514678955078,-270.04620361328125
-140.40480041503906,153.148193359375,-270.16607666015625
-140.31814575195312,153.0400390625,-270.1800537109375
-140.34005737304688,153.0436553955078,-270.1238098144531
-140.2324981689453,153.11248779296875,-270.1818542480469
-140.23739624023438,152.98886108398438,-270.47540283203125
-140.16751098632812,152.97325134277344,-270.57623291015625
-140.31607055664062,152.9085693359375,-270.54644775390625
-140.2210693359375,153.0891571044922,-270.4483337402344
-140.3664093017578,153.02212524414062,-270.36761474609375
-140.35606384277344,153.0555877685547,-270.42755126953125
-140.2337188720703,153.02993774414062,-270.4536437988281
-140.38861083984375,153.0229034423828,-270.4598083496094
-140.19509887695312,153.1531982421875,-270.4893493652344
-140.274658203125,153.2350616455078,-270.3233947753906
-140.32884216308594,153.13853454589844,-270.27685546875
-140.35321044921875,153.08074951171875,-270.24005126953125
-140.37420654296875,152.98313903808594,-270.3727722167969
-140.3250732421875,152.90121459960938,-270.4613037109375
-140.26124572753906,152.8875732421875,-270.4903259277344
-140.34262084960938,153.0023651123047,-270.486572265625
-140.3902587890625,152.96188354492188,-270.54461669921875
-140.2457275390625,152.9725341796875,-270.6308898925781
-140.23509216308594,153.06739807128906,-270.78973388671875
-140.23141479492188,153.10479736328125,-270.5452575683594
-140.138427734375,153.09153747558594,-270.523193359375
-140.25628662109375,153.02203369140625,-270.4144592285156
-140.21937561035156,153.12582397460938,-270.58587646484375
-140.2340087890625,153.07359313964844,-270.523193359375
-140.3935546875,153.05845642089844,-270.40142822265625
-140.40504455566406,153.10508728027344,-270.46551513671875
-140.28321838378906,152.9737091064453,-270.45672607421875
-140.3988494873047,153.00735473632812,-270.2510681152344
-140.47317504882812,153.0199432373047,-270.3371887207031
-140.29727172851562,153.1380157470703,-270.22491455078125
-140.16824340820312,152.9591522216797,-270.3960876464844
-139.96182250976562,153.01138305664062,-270.3848876953125
-139.91934204101562,152.98448181152344,-270.35369873046875
-140.07830810546875,152.92503356933594,-270.3553771972656
-140.14459228515625,152.9835662841797,-270.30523681640625
-140.2086639404297,153.00985717773438,-270.43817138671875
-140.14306640625,152.99667358398438,-270.5922546386719
-140.10983276367188,153.135498046875,-270.55859375
-140.15191650390625,152.95594787597656,-270.40789794921875
-140.12147521972656,152.92979431152344,-270.4908752441406
-140.135009765625,153.12811279296875,-270.4169616699219
-140.22244262695312,153.13436889648438,-270.4696350097656
-140.25559997558594,153.0175323486328,-270.23583984375
-140.24136352539062,153.04891967773438,-270.146728515625
-140.23980712890625,153.0381317138672,-270.08154296875
-140.12893676757812,153.09017944335938,-270.3117980957031
-140.25083923339844,153.0572509765625,-270.3938903808594
-140.15911865234375,153.12612915039062,-270.6408996582031
-140.2466583251953,153.1108856201172,-270.64007568359375
-140.19297790527344,153.279296875,-270.468505859375
-140.2246551513672,153.28756713867188,-270.41815185546875
-139.90147399902344,153.02964782714844,-270.599365234375
-139.71978759765625,153.08102416992188,-270.8109130859375
-139.80235290527344,153.07659912109375,-270.689697265625
-139.7024383544922,152.9119415283203,-270.616455078125
-139.89950561523438,153.1317596435547,-270.566162109375
-139.91355895996094,153.14080810546875,-270.4866943359375
-139.90621948242188,153.07061767578125,-270.2230224609375
-140.0648651123047,153.13427734375,-270.2554626464844
-140.0213165283203,153.06988525390625,-270.3790283203125
-139.97763061523438,153.09786987304688,-270.4763488769531
-140.09934997558594,153.16384887695312,-270.4758605957031
-140.0039825439453,153.0975341796875,-270.60693359375
-140.04019165039062,153.17288208007812,-270.59185791015625
-140.0165252685547,153.07618713378906,-270.5433349609375
-140.0923614501953,153.1296844482422,-270.48583984375
-140.11575317382812,153.00746154785156,-270.3683776855469
-140.1306610107422,153.12745666503906,-270.5636901855469
-140.23387145996094,153.0849151611328,-270.5846862792969
-140.28668212890625,153.00685119628906,-270.4728088378906
-140.26390075683594,152.98948669433594,-270.212646484375
-140.4286346435547,152.93353271484375,-270.1667785644531
-140.42974853515625,153.1281280517578,-270.175537109375
-140.57272338867188,153.27252197265625,-270.00128173828125
-140.5479736328125,153.17218017578125,-270.093505859375
-140.5151824951172,153.26947021484375,-270.2933654785156
-140.3035888671875,153.082763671875,-270.2660217285156
-140.2868194580078,153.0446014404297,-270.3145751953125
-140.2669219970703,153.1270751953125,-270.3341064453125
-140.2537384033203,153.02549743652344,-270.2991943359375
-140.35751342773438,153.0586700439453,-270.32568359375
-140.37380981445312,153.02272033691406,-270.1300048828125
-140.4134521484375,153.03167724609375,-270.1822509765625
-140.32618713378906,153.11831665039062,-270.30377197265625
-140.45989990234375,153.1399688720703,-270.43145751953125
-140.5397491455078,153.13247680664062,-270.5617370605469
-140.28732299804688,153.0623016357422,-270.9312744140625
-140.28976440429688,153.25106811523438,-270.8558349609375
-140.3492431640625,153.10140991210938,-270.5587158203125
-140.30166625976562,153.11988830566406,-270.60076904296875
-140.25692749023438,153.06590270996094,-270.5465087890625
-140.2594451904297,153.27761840820312,-270.54876708984375
-140.38417053222656,153.16372680664062,-270.45623779296875
-140.2902069091797,153.2484130859375,-270.5010986328125
-140.48475646972656,153.16172790527344,-270.4384765625
-140.59564208984375,153.27464294433594,-270.59625244140625
-140.61854553222656,153.0511016845703,-270.717041015625
-140.43637084960938,153.04037475585938,-270.7288513183594
-140.48472595214844,153.14181518554688,-270.7296142578125
-140.27720642089844,153.17820739746094,-270.60491943359375
-140.35438537597656,153.4087371826172,-270.51593017578125
-140.27325439453125,153.25137329101562,-270.42596435546875
-140.34817504882812,153.14791870117188,-270.44036865234375
-140.3273162841797,153.2302703857422,-270.36614990234375
-140.357421875,153.0494384765625,-270.577392578125
-140.29910278320312,153.28640747070312,-270.6209716796875
-140.50784301757812,153.21157836914062,-270.467529296875
-140.69842529296875,153.21475219726562,-270.5032653808594
-140.4898223876953,153.33059692382812,-270.46881103515625
-140.43641662597656,153.36160278320312,-270.47064208984375
-140.5364990234375,153.24449157714844,-270.2667236328125
-140.33837890625,153.0192108154297,-270.13592529296875
-140.3357696533203,153.1240997314453,-270.1601257324219
-140.32379150390625,153.15174865722656,-270.19171142578125
-140.3990478515625,153.07861328125,-270.331787109375
-140.3046112060547,153.15907287597656,-270.36968994140625
-140.3451385498047,153.06712341308594,-270.4999084472656
-140.12120056152344,153.045166015625,-270.248046875
-140.13194274902344,153.16627502441406,-270.42852783203125
-140.2159423828125,153.2571258544922,-270.4088134765625
-140.36770629882812,153.27049255371094,-270.44976806640625
-140.23870849609375,153.27235412597656,-270.5324401855469
-140.23291015625,153.1167449951172,-270.62860107421875
-140.19125366210938,153.25685119628906,-270.5831298828125
-140.24932861328125,153.17608642578125,-270.94659423828125
-140.37548828125,153.3354034423828,-270.8152160644531
-140.27212524414062,153.28323364257812,-270.6415710449219
-140.37625122070312,153.2198486328125,-270.5287170410156
-140.34640502929688,153.2195587158203,-270.62103271484375
-140.32579040527344,153.1581268310547,-270.6638488769531
-140.32090759277344,153.27964782714844,-270.5936584472656
-140.4396514892578,153.24037170410156,-270.7138671875
-140.6020965576172,153.25396728515625,-270.79937744140625
-140.67677307128906,153.25189208984375,-270.63287353515625
-140.60653686523438,153.1101531982422,-270.2939453125
-140.46286010742188,153.11715698242188,-270.2930908203125
-140.52960205078125,153.11361694335938,-270.5604248046875
-140.43853759765625,153.14222717285156,-270.7224426269531
-140.2869415283203,153.16619873046875,-270.62322998046875
-140.30929565429688,153.06765747070312,-270.47955322265625
-140.26316833496094,153.0479278564453,-270.4225769042969
-140.50457763671875,153.10836791992188,-270.5396728515625
-140.6767578125,153.02108764648438,-270.5247497558594
-140.6735076904297,153.1333770751953,-270.462158203125
-140.52696228027344,153.10873413085938,-270.42828369140625
-140.4058837890625,153.0477294921875,-270.50262451171875
-140.3485870361328,153.03228759765625,-270.2410888671875
-140.3267822265625,153.1426544189453,-269.91107177734375
-140.27024841308594,152.9766387939453,-270.1405944824219
-140.27365112304688,152.96189880371094,-270.1286926269531
-140.4018096923828,153.0245361328125,-270.1881103515625
-140.360595703125,153.16110229492188,-270.17462158203125
-140.38865661621094,153.13446044921875,-270.1763000488281
-140.22178649902344,153.0220947265625,-270.11236572265625
-140.16342163085938,153.0465087890625,-270.1189270019531
-140.17315673828125,153.0380401611328,-270.2830810546875
-140.272216796875,153.04144287109375,-270.06231689453125
-140.36676025390625,153.11837768554688,-269.97601318359375
-140.35707092285156,152.88551330566406,-269.9697265625
-140.17813110351562,152.91622924804688,-269.9796142578125
-140.14471435546875,153.0640869140625,-270.1299743652344
-140.2396240234375,153.07835388183594,-270.1527099609375
-140.1270294189453,152.96336364746094,-270.07635498046875
-140.15586853027344,152.9698028564453,-270.11737060546875
-140.35850524902344,152.9293975830078,-270.12109375
-140.14781188964844,153.1089630126953,-270.1898193359375
-140.26760864257812,153.07562255859375,-270.189453125
-140.22225952148438,153.0838165283203,-270.1815490722656
-140.39373779296875,153.0036163330078,-270.0094909667969
-140.3502960205078,152.97840881347656,-270.0011291503906
-140.58865356445312,152.9688720703125,-270.00628662109375
-140.6768798828125,152.877197265625,-270.01104736328125
-140.61952209472656,152.9697723388672,-270.0977478027344
-140.44683837890625,153.00997924804688,-270.1746826171875
-140.3323211669922,152.9533233642578,-269.9368896484375
-140.35693359375,153.0764617919922,-269.9156188964844
-140.38253784179688,153.03485107421875,-269.94140625
-140.5688018798828,153.20095825195312,-269.9408874511719
-140.33543395996094,153.0442657470703,-270.144775390625
-140.4878692626953,153.06375122070312,-270.10504150390625
-140.44900512695312,153.12045288085938,-270.0914306640625
-140.66082763671875,153.13763427734375,-270.171630859375
-140.6343231201172,153.08950805664062,-270.2777404785156
-140.64707946777344,152.99954223632812,-270.4576416015625
-140.61776733398438,152.93092346191406,-270.3039245605469
-140.66831970214844,153.00729370117188,-270.2481384277344
-140.65782165527344,152.9617462158203,-270.2998352050781
-140.62156677246094,152.88323974609375,-270.21038818359375
-140.6715850830078,152.9231414794922,-270.2607421875
-140.77655029296875,152.95584106445312,-270.07037353515625
-140.79257202148438,152.8861541748047,-270.1830749511719
-140.72207641601562,152.9320526123047,-270.1265869140625
-140.70822143554688,152.87405395507812,-270.08197021484375
-140.73411560058594,152.8857421875,-270.1556396484375
-140.7373504638672,152.61434936523438,-270.21881103515625
-140.77212524414062,152.6378631591797,-270.4315490722656
-140.5780792236328,152.73556518554688,-270.48828125
-140.53721618652344,152.70091247558594,-270.4676513671875
-140.55455017089844,152.7197265625,-270.38580322265625
-140.48289489746094,152.68138122558594,-270.43768310546875
-140.33155822753906,152.4971466064453,-270.45330810546875
-140.1614227294922,152.50869750976562,-270.4138488769531
-140.112548828125,152.43792724609375,-270.4473571777344
-140.19558715820312,152.3546905517578,-270.4334716796875
-140.2833251953125,152.5327911376953,-270.4344482421875
-140.45266723632812,152.40516662597656,-270.19866943359375
-140.7996368408203,152.36949157714844,-270.4856262207031
-141.01292419433594,152.34324645996094,-270.39593505859375
-141.38040161132812,152.25885009765625,-270.286865234375
-141.5576171875,152.23736572265625,-270.2977294921875
-141.4863739013672,152.34153747558594,-270.2236328125
-141.1706085205078,152.08706665039062,-270.06683349609375
-140.72247314453125,152.1392364501953,-269.86199951171875
-140.4767608642578,151.94322204589844,-270.00390625
-139.99777221679688,151.5959930419922,-270.25970458984375
-139.5872344970703,151.20457458496094,-270.50079345703125
-139.05921936035156,150.8711395263672,-270.65692138671875
-138.84214782714844,150.45132446289062,-271.09515380859375
-138.48541259765625,149.93186950683594,-271.4189453125
-138.39198303222656,149.5828399658203,-271.8262939453125
-138.349365234375,148.99998474121094,-272.5757751464844
-138.33807373046875,148.29019165039062,-273.09197998046875
-138.70228576660156,147.6392364501953,-273.6800842285156
-138.8302764892578,147.02810668945312,-274.400390625
-139.14443969726562,146.33334350585938,-275.4615783691406
-139.5618896484375,145.7079315185547,-275.9531555175781
-139.6222686767578,145.1429901123047,-276.64312744140625
-139.90863037109375,144.43299865722656,-277.18756103515625
-140.01654052734375,143.83921813964844,-277.7644958496094
-140.1278533935547,143.26290893554688,-278.48626708984375
-140.17227172851562,142.8854217529297,-279.2810363769531
-140.180419921875,142.60610961914062,-279.9730224609375
-140.3852081298828,142.10586547851562,-280.4255676269531
-140.48667907714844,141.6887664794922,-280.9024658203125
-140.4226531982422,141.23745727539062,-281.2788391113281
-140.4573516845703,141.0663604736328,-281.6610107421875
-140.564208984375,140.7519989013672,-282.1084289550781
-140.6806182861328,140.33511352539062,-282.812744140625
-140.9908447265625,140.24497985839844,-283.1059875488281
-141.04156494140625,139.97225952148438,-283.3995361328125
-141.16856384277344,139.6496124267578,-284.00677490234375
-141.41705322265625,139.51466369628906,-284.65362548828125
-141.58216857910156,139.18563842773438,-285.26239013671875
-141.92356872558594,138.72918701171875,-286.01580810546875
-141.55836486816406,138.310302734375,-286.88104248046875
-141.18301391601562,137.87181091308594,-288.12384033203125
-141.0882568359375,137.376220703125,-289.177734375
-140.76956176757812,136.76776123046875,-290.26654052734375
-140.8653564453125,136.38063049316406,-291.2955627441406
-140.78546142578125,136.2576446533203,-292.40545654296875
-140.97308349609375,136.01564025878906,-293.3260498046875
-141.23312377929688,135.82745361328125,-294.5035095214844
-141.50999450683594,135.60768127441406,-295.51641845703125
-141.84837341308594,135.38168334960938,-296.56243896484375
-142.1804962158203,135.22462463378906,-297.3177490234375
-142.6133575439453,135.06236267089844,-298.236328125
-142.87864685058594,135.14247131347656,-299.26800537109375
-143.21485900878906,135.05419921875,-299.8404235839844
-143.49501037597656,135.19715881347656,-300.44940185546875
-143.84120178222656,135.15249633789062,-301.08782958984375
-143.966064453125,135.16128540039062,-301.33782958984375
-144.24368286132812,135.1584930419922,-301.387451171875
-144.33489990234375,135.1977081298828,-301.6549377441406
-144.8202667236328,135.34571838378906,-301.235595703125
-145.032470703125,135.30580139160156,-301.1941833496094
-145.40240478515625,135.4438934326172,-301.0998229980469
-145.7664794921875,135.4268035888672,-301.42901611328125
-146.0158233642578,135.25723266601562,-301.64398193359375
-146.10292053222656,135.27322387695312,-301.693115234375
-146.33184814453125,135.3217010498047,-301.51507568359375
-146.36436462402344,135.52403259277344,-301.70294189453125
-146.44525146484375,135.39923095703125,-301.67584228515625
-146.41810607910156,135.4617156982422,-301.478515625
-146.7797393798828,135.4722442626953,-301.3731689453125
-146.74176025390625,135.49697875976562,-301.3878173828125
-146.83551025390625,135.49830627441406,-301.1575012207031
-146.9408416748047,135.40875244140625,-300.9498291015625
-147.0616455078125,135.3816375732422,-301.222900390625
-147.14964294433594,135.5222930908203,-301.15472412109375
-147.2635498046875,135.4188995361328,-301.3464050292969
-147.2981414794922,135.4984130859375,-301.68731689453125
-147.49398803710938,135.4208984375,-302.05511474609375
-147.63345336914062,135.49057006835938,-302.5673828125
-147.59527587890625,135.47683715820312,-302.7930908203125
-147.64251708984375,135.530029296875,-303.0672912597656
-147.77671813964844,135.5300750732422,-303.23724365234375
-147.59881591796875,135.3747100830078,-303.44171142578125
-147.35440063476562,135.20877075195312,-303.49853515625
-147.35121154785156,135.0109100341797,-303.5892333984375
-147.21560668945312,134.99591064453125,-303.74798583984375
-147.10467529296875,135.08358764648438,-303.6418151855469
-146.87432861328125,135.11920166015625,-303.87213134765625
-146.37307739257812,135.07498168945312,-303.6356201171875
-146.39651489257812,135.19512939453125,-303.7546081542969
-146.32821655273438,135.16416931152344,-303.56365966796875
-146.24664306640625,135.21908569335938,-303.46783447265625
-146.2177276611328,135.247314453125,-303.594482421875
-146.05662536621094,135.14822387695312,-303.42108154296875
-145.98594665527344,135.17416381835938,-303.45379638671875
-145.8184356689453,135.15138244628906,-303.5452880859375
-145.70025634765625,134.88217163085938,-303.50677490234375
-145.53500366210938,135.07896423339844,-303.4971008300781
-145.534423828125,135.06494140625,-303.14892578125
-145.5982666015625,135.157470703125,-303.044677734375
-145.4308319091797,135.05010986328125,-302.71624755859375
-145.33792114257812,135.1341094970703,-302.48944091796875
-145.4214324951172,135.07896423339844,-302.204833984375
-145.4136962890625,135.24205017089844,-301.97869873046875
-145.5858612060547,135.34117126464844,-301.9781494140625
-145.90310668945312,135.44631958007812,-302.00006103515625
-145.04446411132812,135.96444702148438,-299.5223388671875
-132.40879821777344,139.9192657470703,-277.0986328125
-109.32621765136719,142.8221435546875,-221.2228546142578
-100.47135925292969,123.66943359375,-167.82933044433594
-102.98495483398438,89.77255249023438,-148.1991424560547
-102.85946655273438,65.81367492675781,-148.1001739501953
-100.4278564453125,51.5816650390625,-151.9524688720703
-97.43461608886719,41.85467529296875,-156.4781036376953
-94.82168579101562,34.49847412109375,-160.7686309814453
-92.98817443847656,29.2154541015625,-164.4666748046875
-91.60757446289062,25.335357666015625,-167.6455078125
-90.60086059570312,22.70843505859375,-170.3865203857422
-90.14920043945312,20.8636474609375,-172.669677734375
-90.08506774902344,19.524322509765625,-174.5559844970703
-89.89791870117188,18.606552124023438,-176.3385772705078
-90.1622314453125,17.828109741210938,-177.516357421875
-90.45259094238281,17.276657104492188,-178.5725555419922
-90.61207580566406,16.84088134765625,-179.45530700683594
-90.80921936035156,16.522720336914062,-180.10157775878906
-91.13835144042969,16.224044799804688,-180.7406005859375
-91.18217468261719,16.272125244140625,-181.4170684814453
-91.34388732910156,16.006088256835938,-182.0515594482422
-91.2772216796875,15.94903564453125,-182.6544952392578
-91.32615661621094,15.576431274414062,-183.104248046875
-91.239990234375,15.569091796875,-183.76779174804688
-91.28340148925781,15.423782348632812,-184.06228637695312
-91.45506286621094,15.262039184570312,-184.17735290527344
-91.5233154296875,15.293930053710938,-184.24403381347656
-91.51846313476562,15.218826293945312,-184.6066436767578
-91.56661987304688,15.170867919921875,-184.83303833007812
-91.57789611816406,15.307418823242188,-185.01129150390625
-91.30477905273438,15.392333984375,-184.9919891357422
-91.19976806640625,15.484283447265625,-185.1920928955078
-91.054931640625,15.507736206054688,-185.22100830078125
-90.9715576171875,15.477996826171875,-184.99366760253906
-90.42953491210938,15.475357055664062,-184.8344268798828
-90.1124267578125,15.590744018554688,-184.68731689453125
-89.57368469238281,15.402908325195312,-184.497802734375
-89.33038330078125,15.368545532226562,-184.16355895996094
-88.83221435546875,15.438674926757812,-183.62074279785156
-88.23580932617188,15.34588623046875,-183.13812255859375
-87.887939453125,15.55047607421875,-182.3494873046875
-87.66288757324219,15.655960083007812,-181.84933471679688
-87.20140075683594,15.66595458984375,-181.29864501953125
-86.60414123535156,15.73126220703125,-180.68536376953125
-86.41348266601562,15.865753173828125,-180.15452575683594
-86.06781005859375,16.00042724609375,-179.53097534179688
-85.83744812011719,16.269546508789062,-179.04342651367188
-85.22691345214844,16.449295043945312,-178.3323516845703
-84.98280334472656,16.799331665039062,-177.7168731689453
-84.92179870605469,17.003555297851562,-176.9668731689453
-84.53120422363281,17.266571044921875,-176.15843200683594
-84.08001708984375,17.604583740234375,-175.57034301757812
-83.67889404296875,17.987152099609375,-175.14898681640625
-83.43075561523438,18.056259155273438,-174.3920135498047
-83.19029235839844,18.34765625,-173.8199462890625
-82.67866516113281,18.599700927734375,-173.2152099609375
-82.52049255371094,18.84521484375,-172.7398223876953
-82.16383361816406,19.2984619140625,-172.20997619628906
-81.7900390625,19.633682250976562,-171.70846557617188
-81.34628295898438,19.935104370117188,-171.04510498046875
-80.88481140136719,20.00927734375,-170.71363830566406
-80.41017150878906,20.227462768554688,-170.57852172851562
-80.02311706542969,20.544189453125,-170.12936401367188
-79.76866149902344,20.854598999023438,-169.67941284179688
-79.426025390625,21.175796508789062,-169.27914428710938
-79.2215576171875,21.478042602539062,-168.8468780517578
-79.0201416015625,21.652450561523438,-168.19879150390625
-78.49116516113281,22.205429077148438,-167.97303771972656
-78.38124084472656,22.682174682617188,-167.43328857421875
-78.36312866210938,23.125030517578125,-166.86529541015625
-78.23123168945312,23.45751953125,-166.42156982421875
-78.09658813476562,23.682159423828125,-166.12960815429688
-78.14225769042969,23.895889282226562,-165.83094787597656
-77.87782287597656,24.359451293945312,-165.23069763183594
-77.89498901367188,24.546630859375,-165.0615692138672
-77.93244934082031,24.867431640625,-165.04103088378906
-78.14216613769531,25.175750732421875,-164.63963317871094
-78.08558654785156,25.440948486328125,-164.35337829589844
-78.11793518066406,25.736892700195312,-164.23782348632812
-78.39041137695312,26.103805541992188,-164.01661682128906
-78.39183044433594,26.137527465820312,-163.45851135253906
-78.28347778320312,26.444290161132812,-163.15097045898438
-78.46781921386719,26.726318359375,-163.01998901367188
-78.66357421875,26.844024658203125,-162.79823303222656
-78.87876892089844,27.198776245117188,-162.7058868408203
-78.81570434570312,27.588821411132812,-162.71983337402344
-78.78343200683594,27.527130126953125,-162.5742645263672
-78.94520568847656,27.791488647460938,-162.4996795654297
-79.06330871582031,27.88385009765625,-162.21737670898438
-78.98324584960938,28.114654541015625,-162.27212524414062
-78.82762145996094,27.990936279296875,-162.28433227539062
-78.78973388671875,28.2547607421875,-161.9094696044922
-78.88278198242188,28.330047607421875,-161.82498168945312
-78.89210510253906,28.373825073242188,-161.6936798095703
-78.85636901855469,28.413116455078125,-161.55995178222656
-78.89537048339844,28.708663940429688,-161.3367462158203
-78.59452819824219,28.775604248046875,-161.1767120361328
-78.57255554199219,28.994384765625,-161.0272216796875
-78.605224609375,29.07220458984375,-160.91928100585938
-78.43896484375,29.429824829101562,-160.9682159423828
-78.63865661621094,29.4537353515625,-160.95751953125
-78.45500183105469,29.683013916015625,-160.86959838867188
-78.54446411132812,29.713958740234375,-160.89962768554688
-78.48062133789062,29.930770874023438,-160.7943572998047
-78.42807006835938,29.938507080078125,-160.6724395751953
-78.5040283203125,29.776519775390625,-160.45225524902344
-78.16110229492188,29.98126220703125,-160.41036987304688
-78.19285583496094,30.080581665039062,-160.40858459472656
-78.38739013671875,30.097335815429688,-160.22926330566406
-78.42939758300781,30.375259399414062,-160.33169555664062
-78.50970458984375,30.494720458984375,-160.4059600830078
-78.49748229980469,30.403579711914062,-160.41026306152344
-78.51622009277344,30.703109741210938,-160.09739685058594
-78.67454528808594,30.831451416015625,-159.92837524414062
-78.98837280273438,30.828277587890625,-159.88287353515625
-79.00518798828125,30.85540771484375,-160.0560302734375
-78.90524291992188,30.677520751953125,-160.19898986816406
-78.85946655273438,30.471099853515625,-160.45730590820312
-78.6798095703125,30.10723876953125,-160.832275390625
-78.58163452148438,29.912124633789062,-160.7210235595703
-78.60153198242188,29.781448364257812,-160.96060180664062
-78.58656311035156,29.766769409179688,-161.0626220703125
-78.4693603515625,29.785980224609375,-160.98683166503906
-78.56964111328125,29.707931518554688,-160.998779296875
-78.62693786621094,29.680282592773438,-160.97657775878906
-78.80937194824219,29.573013305664062,-161.23402404785156
-78.94023132324219,29.471038818359375,-161.19668579101562
-79.12973022460938,29.459304809570312,-161.27291870117188
-79.38426208496094,29.329086303710938,-161.3428497314453
-79.52584838867188,29.218856811523438,-161.55152893066406
-79.51698303222656,29.196792602539062,-161.75064086914062
-79.61323547363281,29.172149658203125,-162.0464324951172
-79.99897766113281,28.902557373046875,-162.1464080810547
-80.40110778808594,28.89959716796875,-162.15890502929688
-80.58535766601562,28.762008666992188,-162.03099060058594
-80.67939758300781,28.943649291992188,-161.9175567626953
-80.84526062011719,29.164199829101562,-161.7499542236328
-80.78633117675781,29.125869750976562,-161.91905212402344
-80.587646484375,29.163238525390625,-161.83880615234375
-80.859130859375,29.073944091796875,-161.9864501953125
-80.88873291015625,29.116973876953125,-161.864013671875
-81.09226989746094,29.262054443359375,-161.96441650390625
-81.29634094238281,29.262481689453125,-162.21702575683594
-81.23263549804688,29.15472412109375,-162.22341918945312
-81.4385986328125,29.060775756835938,-162.18177795410156
-81.48001098632812,29.167205810546875,-162.15570068359375
-81.49404907226562,29.245162963867188,-162.19264221191406
-81.63967895507812,29.48382568359375,-162.4416046142578
-81.76710510253906,29.519210815429688,-162.285400390625
-81.92681884765625,29.642745971679688,-162.1883544921875
-81.80201721191406,29.716156005859375,-162.07931518554688
-82.04721069335938,29.818557739257812,-162.2141876220703
-81.93023681640625,29.889251708984375,-162.27284240722656
-81.94908142089844,29.8890380859375,-162.32118225097656
-81.98033142089844,30.027908325195312,-162.34437561035156
-82.12771606445312,30.119369506835938,-162.36941528320312
-82.15179443359375,30.247100830078125,-162.24407958984375
-82.06196594238281,30.342239379882812,-162.24325561523438
-82.27194213867188,30.23345947265625,-162.2129364013672
-82.20552062988281,30.48248291015625,-162.31008911132812
-82.39268493652344,30.543716430664062,-162.3666229248047
-82.50885009765625,30.728775024414062,-162.47325134277344
-82.66307067871094,30.794662475585938,-162.2899627685547
-82.77603149414062,30.745742797851562,-162.2721710205078
-82.896484375,30.815261840820312,-162.05665588378906
-82.97512817382812,30.870071411132812,-161.91278076171875
-83.10012817382812,30.842605590820312,-161.8623046875
-83.25068664550781,30.713134765625,-161.89781188964844
-83.36752319335938,30.662139892578125,-161.9772186279297
-83.16018676757812,30.646987915039062,-162.06063842773438
-83.17958068847656,30.846923828125,-162.30859375
-83.1431884765625,30.774673461914062,-162.28846740722656
-83.18840026855469,30.990188598632812,-161.9220733642578
-83.18238830566406,30.884963989257812,-161.9503631591797
-83.24580383300781,30.81390380859375,-162.01455688476562
-83.27406311035156,30.78656005859375,-161.75238037109375
-83.27552795410156,30.756317138671875,-161.8040313720703
-83.25991821289062,30.928787231445312,-161.63246154785156
-83.29476928710938,31.0072021484375,-161.7278594970703
-83.26470947265625,31.068191528320312,-161.8736572265625
-83.35018920898438,31.034622192382812,-161.84339904785156
-83.20333862304688,30.941879272460938,-161.8306121826172
-83.04396057128906,30.881439208984375,-161.93199157714844
-82.77615356445312,30.79754638671875,-161.97201538085938
-82.81535339355469,30.830108642578125,-161.86386108398438
-82.86177062988281,30.82855224609375,-161.7799530029297
-82.98875427246094,30.837478637695312,-161.91627502441406
-82.90013122558594,30.765823364257812,-161.96292114257812
-82.84213256835938,30.745330810546875,-162.00282287597656
-83.08433532714844,30.785140991210938,-162.0124053955078
-83.018310546875,31.085662841796875,-161.7655029296875
-82.85762023925781,31.149887084960938,-161.77162170410156
-82.88475036621094,31.07373046875,-161.9016876220703
-82.923583984375,31.118682861328125,-162.0369415283203
-83.03315734863281,30.956375122070312,-162.02761840820312
-83.36027526855469,30.948760986328125,-162.01202392578125
-83.27999877929688,30.852676391601562,-161.78895568847656
-83.14907836914062,30.798385620117188,-161.7830047607422
-83.04356384277344,30.85089111328125,-161.81675720214844
-83.06863403320312,30.795639038085938,-161.80166625976562
-83.02149963378906,30.957443237304688,-161.8362274169922
-83.11155700683594,30.97662353515625,-161.85671997070312
-83.12220764160156,30.931259155273438,-161.8363037109375
-83.208984375,30.951873779296875,-161.58641052246094
-83.05137634277344,30.813232421875,-161.73214721679688
-82.99185180664062,30.8665771484375,-161.77171325683594
-83.0054931640625,31.014114379882812,-161.77511596679688
-83.07110595703125,30.996902465820312,-161.81643676757812
-82.96646118164062,30.742202758789062,-161.90255737304688
-83.09870910644531,30.823410034179688,-161.97996520996094
-83.1827392578125,30.744369506835938,-161.8943328857422
-83.23020935058594,30.81597900390625,-161.897216796875
-83.04096984863281,30.67584228515625,-161.98358154296875
-83.07940673828125,30.719329833984375,-161.91851806640625
-83.07891845703125,30.84478759765625,-161.92974853515625
-83.03770446777344,30.86700439453125,-161.9707794189453
-83.06149291992188,30.841033935546875,-161.7664794921875
-83.04914855957031,30.833465576171875,-161.6000518798828
-83.05422973632812,30.866180419921875,-161.76351928710938
-82.83065795898438,30.87628173828125,-161.98866271972656
-82.84884643554688,30.88287353515625,-161.8068084716797
-82.92570495605469,30.88720703125,-161.60714721679688
-82.91477966308594,30.779067993164062,-161.61215209960938
-82.85688781738281,30.738006591796875,-161.50787353515625
-82.82954406738281,30.932403564453125,-161.635009765625
-82.92417907714844,30.8935546875,-161.84555053710938
-82.82426452636719,30.9298095703125,-161.61891174316406
-82.77413940429688,30.874130249023438,-161.72889709472656
-82.86859130859375,30.662933349609375,-162.02218627929688
-82.94398498535156,30.629150390625,-161.78140258789062
-82.90098571777344,30.74591064453125,-161.7307586669922
-82.88890075683594,31.048492431640625,-161.74514770507812
-82.84506225585938,31.25555419921875,-161.69789123535156
-82.92916870117188,31.20391845703125,-161.71034240722656
-83.08961486816406,31.042953491210938,-161.74569702148438
-83.00711059570312,31.099288940429688,-161.86325073242188
-82.96955871582031,30.887344360351562,-161.87503051757812
-82.98056030273438,30.96014404296875,-161.82545471191406
-83.18814086914062,30.9754638671875,-161.80377197265625
-83.11940002441406,31.064132690429688,-161.60791015625
-83.0269775390625,31.114669799804688,-161.80921936035156
-83.09674072265625,30.876068115234375,-161.8348388671875
-82.99400329589844,31.069381713867188,-161.78515625
-83.08372497558594,31.177719116210938,-161.82798767089844
-83.25827026367188,31.071990966796875,-161.8866729736328
-83.06539916992188,31.105987548828125,-161.77133178710938
-83.04840087890625,31.056411743164062,-161.7366180419922
-82.86689758300781,31.051620483398438,-161.7994842529297
-83.05509948730469,30.998748779296875,-161.79855346679688
-82.98777770996094,31.0946044921875,-161.82078552246094
-82.96365356445312,31.272262573242188,-161.76124572753906
-82.72102355957031,31.050186157226562,-161.85499572753906
-82.898193359375,31.110488891601562,-162.1836700439453
-82.84065246582031,31.016799926757812,-162.19285583496094
-82.97895812988281,31.10797119140625,-162.18899536132812
-82.91793823242188,31.019058227539062,-162.1874542236328
-82.93022155761719,31.035720825195312,-162.10121154785156
-82.8714599609375,31.051727294921875,-161.99070739746094
-82.9205322265625,31.135223388671875,-161.95095825195312
-82.9683837890625,31.012252807617188,-161.94281005859375
-82.85250854492188,31.040664672851562,-161.93222045898438
-82.8944091796875,31.013702392578125,-162.03866577148438
-82.93943786621094,31.076065063476562,-161.9550018310547
-82.86238098144531,31.126754760742188,-161.77749633789062
-82.94654846191406,30.968856811523438,-161.75071716308594
-82.79647827148438,30.992019653320312,-161.8416290283203
-82.74105834960938,30.974349975585938,-161.756591796875
-82.65464782714844,30.832901000976562,-161.98085021972656
-82.78851318359375,30.991683959960938,-161.9156951904297
-82.90402221679688,30.902435302734375,-161.83676147460938
-82.84254455566406,30.925460815429688,-161.6507568359375
-82.89692687988281,30.773452758789062,-161.84457397460938
-83.04856872558594,30.833526611328125,-161.76974487304688
-82.99745178222656,30.67498779296875,-162.0236358642578
-83.08090209960938,30.801483154296875,-161.76138305664062
-82.99972534179688,31.0130615234375,-162.0327606201172
-82.90104675292969,30.954940795898438,-161.98553466796875
-82.90362548828125,30.909957885742188,-161.92578125
-82.83995056152344,30.750701904296875,-161.72434997558594
-82.88607788085938,30.776962280273438,-161.76104736328125
-82.84263610839844,30.934814453125,-161.8184051513672
-82.67953491210938,30.904876708984375,-161.8410186767578
-82.66917419433594,30.741226196289062,-161.92681884765625
-82.60693359375,30.788970947265625,-162.00045776367188
-82.6837158203125,30.794967651367188,-161.762939453125
-82.73553466796875,30.840988159179688,-161.76138305664062
-82.80670166015625,30.885101318359375,-161.98812866210938
-82.68109130859375,30.943801879882812,-161.9759521484375
-82.83367919921875,30.954986572265625,-162.0927276611328
-82.68620300292969,30.8096923828125,-162.0088348388672
-82.95259094238281,30.8289794921875,-161.98934936523438
-82.88238525390625,30.8533935546875,-162.110107421875
-82.846435546875,30.7926025390625,-162.313720703125
-82.94229125976562,30.768234252929688,-162.22695922851562
-82.89460754394531,30.751419067382812,-162.28662109375
-82.84194946289062,30.925003051757812,-162.2488250732422
-82.81478881835938,30.902389526367188,-162.3485107421875
-82.87260437011719,30.917739868164062,-162.259033203125
-82.8536376953125,30.884552001953125,-162.3080596923828
-82.79643249511719,30.769424438476562,-162.33164978027344
-82.9237060546875,30.755859375,-162.25294494628906
-82.80198669433594,30.893905639648438,-162.3400421142578
-82.93434143066406,31.038894653320312,-162.32337951660156
-82.92724609375,31.084426879882812,-162.14613342285156
-82.88604736328125,30.907012939453125,-161.99652099609375
-83.06742858886719,31.000579833984375,-161.97731018066406
-83.00740051269531,31.00714111328125,-162.1446990966797
-83.16120910644531,31.004074096679688,-162.16085815429688
-83.12841796875,30.808258056640625,-162.12818908691406
-83.211669921875,30.684402465820312,-161.9877166748047
-83.15504455566406,30.81982421875,-161.92066955566406
-83.07785034179688,30.795883178710938,-161.96878051757812
-82.96012878417969,30.693588256835938,-162.0675048828125
-83.0899658203125,30.759567260742188,-162.1107635498047
-82.98023986816406,30.794204711914062,-161.9578094482422
-82.92857360839844,30.824630737304688,-162.142822265625
-82.94754028320312,31.00665283203125,-162.13059997558594
-83.00315856933594,30.895980834960938,-162.11427307128906
-83.00971984863281,31.009262084960938,-162.1151885986328
-83.07781982421875,31.105758666992188,-161.9359588623047
-83.04228210449219,31.120437622070312,-161.7866973876953
-83.17098999023438,30.87530517578125,-161.91224670410156
-83.01228332519531,30.74542236328125,-161.92950439453125
-82.97489929199219,30.801376342773438,-161.93885803222656
-82.86593627929688,30.819168090820312,-161.75657653808594
-82.92636108398438,30.850799560546875,-161.98373413085938
-82.85801696777344,30.943222045898438,-161.887451171875
-82.96018981933594,30.8170166015625,-162.00453186035156
-82.95718383789062,30.805496215820312,-161.896240234375
-82.95452880859375,30.6116943359375,-162.06600952148438
-82.99931335449219,30.615554809570312,-162.0736846923828
-83.05708312988281,30.497833251953125,-162.06649780273438
-83.17474365234375,30.501663208007812,-161.93869018554688
-83.164794921875,30.599502563476562,-161.93434143066406
-83.22706604003906,30.741607666015625,-161.97291564941406
-83.139404296875,30.742324829101562,-161.74728393554688
-83.20146179199219,30.640304565429688,-161.93646240234375
-83.23193359375,30.602127075195312,-162.077880859375
-83.31692504882812,30.6185302734375,-161.89869689941406
-83.27874755859375,30.6087646484375,-162.01231384277344
-83.38177490234375,30.640777587890625,-161.9038848876953
-83.36233520507812,30.878631591796875,-161.9865264892578
-83.10127258300781,30.764007568359375,-161.92808532714844
-83.15699768066406,30.645462036132812,-161.84735107421875
-83.16694641113281,30.62896728515625,-161.74623107910156
-83.27995300292969,30.686782836914062,-161.86471557617188
-83.200439453125,30.786666870117188,-161.90213012695312
-82.97547912597656,30.782821655273438,-162.17135620117188
-82.98219299316406,30.659896850585938,-162.18389892578125
-83.17085266113281,30.47698974609375,-161.884033203125
-83.14299011230469,30.462173461914062,-161.98745727539062
-83.17300415039062,30.580429077148438,-161.72308349609375
-83.18916320800781,30.706634521484375,-161.88592529296875
-83.19743347167969,30.523544311523438,-162.0713653564453
-83.29222106933594,30.388946533203125,-162.11978149414062
-83.53065490722656,30.333633422851562,-161.99972534179688
-83.26889038085938,30.464736938476562,-162.01333618164062
-83.30050659179688,30.4857177734375,-162.0037841796875
-83.28997802734375,30.474563598632812,-161.88787841796875
-83.36883544921875,30.68988037109375,-161.9977569580078
-83.26914978027344,30.684722900390625,-161.89346313476562
-83.33494567871094,30.637298583984375,-161.87066650390625
-83.23489379882812,30.686798095703125,-161.57456970214844
-83.12422180175781,30.616943359375,-161.663818359375
-83.18447875976562,30.609710693359375,-161.43382263183594
-83.17904663085938,30.609375,-161.4603729248047
-83.25395202636719,30.607696533203125,-161.57913208007812
-83.3001708984375,30.625381469726562,-161.84107971191406
-83.37812805175781,30.566757202148438,-161.83319091796875
-83.25080871582031,30.740798950195312,-161.69224548339844
-83.24591064453125,30.666976928710938,-161.5122833251953
-83.36697387695312,30.699630737304688,-161.35238647460938
-83.33650207519531,30.643661499023438,-161.3654327392578
-83.39143371582031,30.665557861328125,-161.5089111328125
-83.17143249511719,30.801177978515625,-161.45401000976562
-83.2972412109375,30.992965698242188,-161.87355041503906
-83.25270080566406,30.865066528320312,-161.822265625
-82.98512268066406,30.771926879882812,-161.8103485107422
-83.00782775878906,30.717987060546875,-161.7342987060547
-83.06221008300781,30.64593505859375,-162.0028533935547
-83.28858947753906,30.603927612304688,-161.97256469726562
-83.25727844238281,30.723678588867188,-161.9956817626953
-83.10617065429688,30.538116455078125,-161.85276794433594
-83.2618408203125,30.384017944335938,-161.55743408203125
-83.24005126953125,30.4033203125,-161.4271697998047
-83.27879333496094,30.465911865234375,-161.53858947753906
-83.31846618652344,30.5938720703125,-161.50572204589844
-83.19232177734375,30.710128784179688,-161.5006561279297
-83.13066101074219,30.712554931640625,-161.26815795898438
-83.40484619140625,30.527069091796875,-161.43603515625
-83.36009216308594,30.662796020507812,-161.5452423095703
-83.27740478515625,30.73150634765625,-161.32424926757812
-83.20637512207031,30.838394165039062,-161.44058227539062
-83.24040222167969,30.865875244140625,-161.62599182128906
-83.03369140625,30.816741943359375,-161.8084716796875
-83.05813598632812,30.731842041015625,-161.78466796875
-83.2501220703125,30.776611328125,-161.807373046875
-83.3121337890625,30.7486572265625,-161.74462890625
-83.12248229980469,30.854141235351562,-161.87147521972656
-83.03726196289062,30.750869750976562,-161.75086975097656
-83.0504150390625,30.932403564453125,-161.6138916015625
-83.04182434082031,30.84381103515625,-161.7114715576172
-83.21015930175781,30.754425048828125,-161.81497192382812
-83.08779907226562,30.8331298828125,-161.8295440673828
-83.07284545898438,30.693130493164062,-161.57879638671875
-82.85752868652344,30.84698486328125,-161.46768188476562
-82.88890075683594,30.845672607421875,-161.53860473632812
-83.0238037109375,30.799057006835938,-161.5941162109375
-83.08016967773438,30.838882446289062,-161.84152221679688
-83.07865905761719,30.878005981445312,-161.8017578125
-82.97706604003906,30.748382568359375,-161.8157501220703
-82.87985229492188,30.78656005859375,-161.9073028564453
-82.83197021484375,30.878280639648438,-161.9423370361328
-83.10089111328125,30.86773681640625,-162.0013427734375
-82.95298767089844,30.712158203125,-161.9698028564453
-83.02890014648438,30.630294799804688,-161.89515686035156
-82.98170471191406,30.6865234375,-161.92819213867188
-82.87258911132812,30.663543701171875,-161.9107666015625
-82.93791198730469,30.7144775390625,-161.8802947998047
-82.74374389648438,30.748291015625,-161.98001098632812
-82.85466003417969,30.738876342773438,-161.94662475585938
-83.03717041015625,30.599884033203125,-161.93612670898438
-82.86883544921875,30.618087768554688,-161.82308959960938
-83.09724426269531,30.620895385742188,-161.7458038330078
-83.07574462890625,30.661392211914062,-161.70465087890625
-82.97640991210938,30.621658325195312,-161.60679626464844
-83.10513305664062,30.832931518554688,-161.59954833984375
-83.04924011230469,30.759597778320312,-161.68930053710938
-83.13365173339844,30.814239501953125,-161.44171142578125
-83.06956481933594,30.744491577148438,-161.42971801757812
-82.89434814453125,30.855865478515625,-161.55616760253906
-82.88465881347656,30.754806518554688,-161.51686096191406
-82.945556640625,30.686630249023438,-161.4653778076172
-82.93093872070312,30.668060302734375,-161.3832244873047
-82.92263793945312,30.703720092773438,-161.27291870117188
-82.915771484375,30.622406005859375,-161.27761840820312
-82.77685546875,30.724090576171875,-161.42410278320312
-82.72093200683594,30.786209106445312,-161.6542205810547
-82.80290222167969,30.734771728515625,-161.82835388183594
-82.880126953125,30.777481079101562,-161.67355346679688
-82.94560241699219,30.821670532226562,-161.26296997070312
-82.931396484375,30.836212158203125,-161.2397003173828
-82.83174133300781,30.6817626953125,-161.10577392578125
-82.85166931152344,30.651473999023438,-161.21446228027344
-82.93142700195312,30.659957885742188,-161.27317810058594
-82.94755554199219,30.740768432617188,-161.4548797607422
-82.91679382324219,30.718368530273438,-161.70018005371094
-82.87849426269531,30.681777954101562,-161.4896240234375
-82.83212280273438,30.704620361328125,-161.3585968017578
-83.02508544921875,30.732589721679688,-161.54344177246094
-82.99961853027344,30.953323364257812,-161.48268127441406
-83.0950927734375,30.781326293945312,-161.47264099121094
-82.90304565429688,30.828781127929688,-161.4425506591797
-82.92613220214844,30.797515869140625,-161.50941467285156
-82.80795288085938,30.666473388671875,-161.6354217529297
-82.80960083007812,30.632110595703125,-161.8369140625
-82.93724060058594,30.784561157226562,-161.9434814453125
-82.86296081542969,30.768524169921875,-162.01425170898438
-82.94743347167969,30.821151733398438,-161.9150390625
-82.87821960449219,30.7659912109375,-161.9300079345703
-82.93840026855469,30.7784423828125,-161.74691772460938
-82.99859619140625,30.66302490234375,-161.916259765625
-82.98886108398438,30.547195434570312,-161.94577026367188
-82.98458862304688,30.734756469726562,-161.88780212402344
-83.08909606933594,30.619354248046875,-161.99002075195312
-83.01138305664062,30.853424072265625,-162.03173828125
-82.84904479980469,30.75042724609375,-162.14315795898438
-82.85133361816406,30.652252197265625,-161.9329833984375
-82.8916015625,30.70941162109375,-161.76663208007812
-83.05908203125,30.690841674804688,-161.8351287841797
-82.99278259277344,30.682891845703125,-161.93353271484375
-82.97377014160156,30.822174072265625,-162.00172424316406
-82.99159240722656,30.822372436523438,-161.9781036376953
-83.057861328125,30.853500366210938,-162.0221405029297
-82.99658203125,30.678085327148438,-162.11370849609375
-83.01148986816406,30.736892700195312,-162.2513427734375
-82.96279907226562,30.652328491210938,-161.9912872314453
-82.9881591796875,30.621505737304688,-161.95916748046875
-82.9283447265625,30.4935302734375,-162.00160217285156
-82.72209167480469,30.648681640625,-162.00477600097656
-82.6947021484375,30.686111450195312,-162.0082244873047
-82.66839599609375,30.674346923828125,-161.85557556152344
-82.86395263671875,30.766921997070312,-161.9379425048828
-82.85757446289062,30.785049438476562,-162.147705078125
-82.82032775878906,30.8065185546875,-162.28439331054688
-82.67913818359375,30.849533081054688,-162.112548828125
-82.88426208496094,30.85943603515625,-161.9287567138672
-82.86285400390625,30.76165771484375,-161.9268035888672
-82.89848327636719,30.865631103515625,-161.9185028076172
-83.05989074707031,30.845565795898438,-161.9774627685547
-83.05569458007812,30.8790283203125,-161.86773681640625
-83.06028747558594,30.620193481445312,-161.8051300048828
-83.08375549316406,30.608917236328125,-161.8472137451172
-83.05746459960938,30.707733154296875,-161.99853515625
-82.83497619628906,30.738739013671875,-161.84422302246094
-82.85589599609375,30.6514892578125,-161.9973602294922
-82.89791870117188,30.564453125,-161.8917999267578
-83.02983093261719,30.4967041015625,-162.05532836914062
-82.96675109863281,30.691116333007812,-162.14810180664062
-83.0601806640625,30.680435180664062,-162.10848999023438
-83.01446533203125,30.605316162109375,-162.04769897460938
-83.06242370605469,30.664932250976562,-161.8973388671875
-82.85202026367188,30.595626831054688,-161.9639129638672
-82.82051086425781,30.433761596679688,-162.1309356689453
-82.87757873535156,30.273834228515625,-161.9636993408203
-82.94668579101562,30.386306762695312,-161.95489501953125
-82.93978881835938,30.272048950195312,-162.26483154296875
-82.82362365722656,30.21044921875,-162.32684326171875
-82.87370300292969,30.290206909179688,-162.1850128173828
-82.84222412109375,30.304061889648438,-162.0968017578125
-82.63957214355469,30.23687744140625,-162.2394561767578
-82.65264892578125,30.433639526367188,-162.211181640625
-82.9364013671875,30.445693969726562,-162.03720092773438
-82.84425354003906,30.398727416992188,-162.00204467773438
-83.01484680175781,30.25054931640625,-161.9705047607422
-83.13890075683594,30.1005859375,-161.94410705566406
-83.22532653808594,29.948898315429688,-161.89840698242188
-83.33489990234375,29.871231079101562,-161.8780975341797
-83.48931884765625,29.959701538085938,-161.79827880859375
-83.70550537109375,29.992813110351562,-161.96060180664062
-83.88851928710938,29.976654052734375,-161.9132080078125
-83.97909545898438,29.826141357421875,-162.10350036621094
-83.97462463378906,29.859283447265625,-162.15167236328125
-84.14517211914062,29.920867919921875,-162.11517333984375
-84.52247619628906,29.881866455078125,-161.9822540283203
-84.754150390625,29.655670166015625,-161.8124542236328
-85.10298156738281,29.561676025390625,-161.83120727539062
-85.17396545410156,29.552642822265625,-161.91900634765625
-85.31758117675781,29.552703857421875,-161.71112060546875
-85.5157470703125,29.64825439453125,-161.76449584960938
-85.78726196289062,29.52447509765625,-161.80706787109375
-85.91305541992188,29.532791137695312,-161.72366333007812
-85.8990478515625,29.499160766601562,-161.71420288085938
-86.15531921386719,29.56158447265625,-161.6400909423828
-86.37846374511719,29.498123168945312,-161.52110290527344
-86.65376281738281,29.39874267578125,-161.5224609375
-86.80245971679688,29.223968505859375,-161.48944091796875
-86.62553405761719,29.3680419921875,-161.5344696044922
-86.64228820800781,29.26416015625,-161.6121368408203
-86.48674011230469,29.3302001953125,-161.74794006347656
-86.2557373046875,29.343780517578125,-161.7153778076172
-85.77894592285156,29.358322143554688,-161.6377716064453
-85.51397705078125,29.222335815429688,-161.39700317382812
-84.84152221679688,29.122451782226562,-161.43324279785156
-84.16972351074219,29.151214599609375,-161.32278442382812
-83.60906982421875,29.162567138671875,-161.0504608154297
-83.247314453125,29.259780883789062,-161.0230255126953
-83.25068664550781,29.381622314453125,-160.8588104248047
-83.10295104980469,29.151046752929688,-160.8520050048828
-82.99234008789062,29.076919555664062,-161.13973999023438
-82.89955139160156,28.65936279296875,-161.39854431152344
-82.67233276367188,27.983367919921875,-161.89292907714844
-82.53970336914062,27.271682739257812,-162.66329956054688
-82.22688293457031,26.725692749023438,-163.4813995361328
-81.85624694824219,25.918991088867188,-164.36610412597656
-81.62667846679688,25.115219116210938,-165.06007385253906
-81.50067138671875,24.238662719726562,-165.91004943847656
-81.32974243164062,23.327835083007812,-166.91891479492188
-81.47259521484375,22.778488159179688,-167.7255859375
-81.57612609863281,21.998016357421875,-168.4073944091797
-82.01458740234375,21.719573974609375,-168.98777770996094
-82.43684387207031,21.061233520507812,-169.62362670898438
-82.90547180175781,20.64752197265625,-170.26416015625
-83.15830993652344,20.3056640625,-170.889404296875
-83.43585205078125,20.010711669921875,-171.41867065429688
-83.92677307128906,19.630996704101562,-171.6200408935547
-84.32339477539062,19.179000854492188,-172.32691955566406
-84.66697692871094,18.640975952148438,-173.2073974609375
-84.96846008300781,18.092727661132812,-174.1761932373047
-85.30599975585938,17.481491088867188,-175.30996704101562
-85.68132019042969,17.0927734375,-176.35549926757812
-86.08767700195312,16.74298095703125,-177.22715759277344
-86.58631896972656,16.333404541015625,-178.0056915283203
-87.02027893066406,15.968276977539062,-178.90029907226562
-87.50556945800781,15.681564331054688,-179.84222412109375
-88.00556945800781,15.514068603515625,-180.5113067626953
-88.35211181640625,15.346481323242188,-181.35899353027344
-88.66793823242188,15.186904907226562,-182.1748504638672
-88.8642578125,14.972091674804688,-182.84376525878906
-89.23133850097656,14.902008056640625,-183.6468048095703
-89.43083190917969,14.793060302734375,-184.22007751464844
-89.78997802734375,14.715057373046875,-184.6742706298828
-90.04736328125,14.76171875,-185.35093688964844
-90.2657470703125,14.791213989257812,-185.8182830810547
-90.54922485351562,14.591033935546875,-186.2147216796875
-90.85874938964844,14.418350219726562,-186.95556640625
-91.03187561035156,14.390487670898438,-187.58914184570312
-90.84913635253906,14.439453125,-188.01345825195312
-90.78038024902344,14.497390747070312,-188.3801727294922
-90.84013366699219,14.399520874023438,-188.56272888183594
-90.80154418945312,14.284622192382812,-188.8128204345703
-90.52116394042969,14.37994384765625,-188.94496154785156
-90.34365844726562,14.183563232421875,-188.9552764892578
-90.06887817382812,14.386306762695312,-188.9764862060547
-89.75749206542969,14.277328491210938,-188.87071228027344
-89.52326965332031,14.178359985351562,-188.72763061523438
-89.30455017089844,14.151046752929688,-188.41542053222656
-88.99819946289062,14.028762817382812,-188.19964599609375
-88.78921508789062,14.178741455078125,-187.75131225585938
-88.59849548339844,14.395217895507812,-187.31124877929688
-88.38223266601562,14.332443237304688,-186.8743133544922
-88.272216796875,14.533340454101562,-186.06504821777344
-88.16755676269531,14.67803955078125,-185.47161865234375
-88.1436767578125,14.818862915039062,-184.64913940429688
-88.11590576171875,14.996902465820312,-184.03793334960938
-88.284912109375,15.12060546875,-183.54689025878906
-88.49090576171875,15.235275268554688,-183.30517578125
-88.57342529296875,15.448287963867188,-182.94955444335938
-88.67936706542969,15.44921875,-182.46507263183594
-88.73136901855469,15.567550659179688,-182.23800659179688
-88.76283264160156,15.469070434570312,-182.02316284179688
-88.94427490234375,15.376708984375,-182.24110412597656
-89.0816650390625,15.533447265625,-182.34341430664062
-89.16511535644531,15.681549072265625,-182.47653198242188
-89.07695007324219,15.590042114257812,-182.53053283691406
-89.21122741699219,15.589431762695312,-182.67356872558594
-89.37762451171875,15.551681518554688,-182.63307189941406
-89.26670837402344,15.633209228515625,-182.75689697265625
-89.24276733398438,15.45013427734375,-183.00003051757812
-89.20053100585938,15.587142944335938,-183.07052612304688
-89.35992431640625,15.823654174804688,-183.15821838378906
-89.34426879882812,15.879974365234375,-182.94142150878906
-89.56950378417969,15.729263305664062,-183.1778106689453
-89.48255920410156,15.764846801757812,-183.1543426513672
-89.36512756347656,15.759521484375,-183.3240509033203
-89.27899169921875,15.777267456054688,-183.36761474609375
-89.1923828125,15.751571655273438,-183.28880310058594
-89.11231994628906,15.626220703125,-183.50616455078125
-89.01463317871094,15.548965454101562,-183.3201141357422
-88.90806579589844,15.48095703125,-183.34429931640625
-88.78666687011719,15.365066528320312,-183.4768829345703
-88.69476318359375,15.38763427734375,-183.5320587158203
-88.55632019042969,15.373046875,-183.42739868164062
-88.68690490722656,15.404296875,-183.4017791748047
-88.64944458007812,15.317886352539062,-183.33389282226562
-88.84529113769531,15.307861328125,-183.41065979003906
-88.72416687011719,15.342208862304688,-183.38671875
-88.69450378417969,15.358108520507812,-183.28878784179688
-88.51264953613281,15.397369384765625,-183.26490783691406
-88.51504516601562,15.344436645507812,-183.26724243164062
-88.44386291503906,15.2957763671875,-183.25186157226562
-88.31517028808594,15.24664306640625,-183.2187042236328
-88.3582763671875,15.08087158203125,-183.20053100585938
-88.41761779785156,15.306869506835938,-183.21841430664062
-88.44590759277344,15.296707153320312,-183.3065185546875
-88.500244140625,15.394119262695312,-183.2148895263672
-88.40681457519531,15.552490234375,-183.04287719726562
-88.38766479492188,15.528915405273438,-183.16725158691406
-88.5023193359375,15.337600708007812,-183.0528564453125
-88.61004638671875,15.5364990234375,-182.89712524414062
-88.51445007324219,15.548324584960938,-182.79049682617188
-88.44679260253906,15.577392578125,-182.8220977783203
-88.19598388671875,15.731597900390625,-182.7458953857422
-88.150146484375,15.72833251953125,-182.88754272460938
-88.21853637695312,15.71588134765625,-182.788330078125
-88.06683349609375,15.606842041015625,-182.64620971679688
-88.13728332519531,15.691452026367188,-182.70098876953125
-88.03775024414062,15.70037841796875,-182.5701446533203
-88.04893493652344,15.861526489257812,-182.6942901611328
-88.15106201171875,15.8594970703125,-182.5965118408203
-87.86907958984375,15.663314819335938,-182.33160400390625
-87.96736145019531,15.61724853515625,-182.1781005859375
-87.93147277832031,15.71722412109375,-182.03152465820312
-88.0458984375,15.651718139648438,-182.0332489013672
-87.9267578125,15.661590576171875,-182.13845825195312
-88.09230041503906,15.607406616210938,-182.2047882080078
-87.8792724609375,15.776596069335938,-182.11790466308594
-87.80416870117188,15.80419921875,-182.22512817382812
-87.77897644042969,15.787506103515625,-182.3022918701172
-87.80279541015625,15.694992065429688,-182.44354248046875
-87.74272155761719,15.78399658203125,-182.4970703125
-88.11593627929688,15.961563110351562,-182.79786682128906
-88.16865539550781,16.05419921875,-182.84556579589844
-88.21116638183594,16.0606689453125,-183.04058837890625
-88.57331848144531,16.007110595703125,-183.26870727539062
-88.75532531738281,16.2523193359375,-183.3113250732422
-89.02732849121094,16.328414916992188,-183.38681030273438
-89.38053894042969,16.488906860351562,-183.3646697998047
-89.76811218261719,16.912796020507812,-183.28297424316406
-90.49705505371094,17.134979248046875,-183.20216369628906
-90.888671875,17.576187133789062,-183.1634979248047
-91.53463745117188,17.847335815429688,-183.30418395996094
-92.10719299316406,18.297256469726562,-183.0008544921875
-92.53221130371094,18.716598510742188,-182.44190979003906
-93.16256713867188,19.21221923828125,-181.97279357910156
-93.75521850585938,19.792800903320312,-181.6112518310547
-94.37138366699219,20.202377319335938,-181.20162963867188
-94.7972412109375,20.9658203125,-180.54275512695312
-95.385986328125,21.688796997070312,-179.94778442382812
-95.72764587402344,22.43927001953125,-179.27932739257812
-96.09893798828125,23.333541870117188,-178.5132293701172
-96.52822875976562,24.28521728515625,-177.87245178222656
-97.09213256835938,25.08740234375,-176.88392639160156
-97.45884704589844,26.294845581054688,-175.99203491210938
-97.76409912109375,27.241744995117188,-174.96949768066406
-98.2060546875,28.384658813476562,-174.10482788085938
-98.45762634277344,29.480331420898438,-173.32276916503906
-98.8990478515625,30.646438598632812,-172.33859252929688
-99.24295043945312,31.727188110351562,-171.17367553710938
-99.33590698242188,32.9447021484375,-169.92987060546875
-99.61367797851562,34.32794189453125,-169.22763061523438
-99.76914978027344,35.50505065917969,-168.30455017089844
-100.06671142578125,36.833740234375,-167.3800811767578
-100.16661071777344,38.298614501953125,-166.43429565429688
-100.74639892578125,39.78916931152344,-165.39634704589844
-101.03874206542969,41.49101257324219,-164.63795471191406
-101.46124267578125,43.07475280761719,-163.4920196533203
-101.91650390625,44.59503173828125,-162.71026611328125
-102.56292724609375,46.15345764160156,-161.78988647460938
-103.20262145996094,48.082000732421875,-161.1193389892578
-103.78439331054688,49.94978332519531,-160.30775451660156
-104.34355163574219,51.642822265625,-159.49676513671875
-105.0179443359375,53.43504333496094,-158.664306640625
-105.79757690429688,55.28742980957031,-158.08462524414062
-106.37077331542969,56.89537048339844,-157.55142211914062
-106.75509643554688,58.441192626953125,-156.84275817871094
-107.48001098632812,60.00035095214844,-156.22564697265625
-108.00968933105469,61.869171142578125,-155.30325317382812
-108.68710327148438,63.79249572753906,-154.7506866455078
-109.41313171386719,65.54974365234375,-154.23736572265625
-110.20487976074219,67.24551391601562,-153.80023193359375
-110.65696716308594,68.8631591796875,-153.18983459472656
-111.10127258300781,70.58926391601562,-152.92306518554688
-111.66065979003906,72.1435546875,-153.00704956054688
-112.10629272460938,73.38618469238281,-152.94261169433594
-112.53099060058594,74.75350952148438,-152.8052215576172
-112.76400756835938,76.01533508300781,-152.867919921875
-113.17405700683594,77.452880859375,-153.0994110107422
-113.75132751464844,79.02946472167969,-153.54165649414062
-114.36871337890625,80.99357604980469,-154.2239532470703
-115.09637451171875,83.22679138183594,-155.15655517578125
-115.87544250488281,85.26771545410156,-156.10008239746094
-117.02639770507812,87.64839172363281,-157.1118927001953
-117.88369750976562,90.51205444335938,-158.47979736328125
-118.71452331542969,93.38255310058594,-160.1250457763672
-119.7210693359375,96.5224609375,-162.0992889404297
-120.76168823242188,100.22782897949219,-165.04331970214844
-121.94187927246094,104.0382080078125,-169.2317657470703
-123.17695617675781,107.85261535644531,-173.73313903808594
-124.35072326660156,111.25862121582031,-178.9707794189453
-125.55015563964844,115.19688415527344,-184.629638671875
-126.28434753417969,119.32736206054688,-192.1858367919922
-126.497802734375,122.99635314941406,-201.76800537109375
-125.72911071777344,125.07621765136719,-214.0
-124.11280822753906,124.19367980957031,-229.45213317871094
-122.20057678222656,120.53929138183594,-247.40574645996094
-126.87490844726562,121.02859497070312,-267.0809020996094
-137.7238311767578,129.51759338378906,-285.7564697265625
-143.8108367919922,135.99493408203125,-294.8960266113281
-144.27879333496094,136.72117614746094,-295.4493408203125
-144.37110900878906,136.84666442871094,-295.3695373535156
-144.46383666992188,137.00393676757812,-295.2176513671875
-144.44032287597656,137.0177001953125,-294.88995361328125
-144.60227966308594,137.10385131835938,-294.7244567871094
-144.73463439941406,137.0263671875,-294.717041015625
-144.53109741210938,137.13507080078125,-294.7406921386719
-144.58447265625,137.1023406982422,-294.573486328125
-144.67811584472656,137.06475830078125,-294.6285400390625
-144.58192443847656,137.09959411621094,-294.8076477050781
-144.4281005859375,137.02296447753906,-295.2525634765625
-144.42135620117188,136.96795654296875,-295.0444030761719
-144.36476135253906,136.9950714111328,-294.9396057128906
-144.5286865234375,137.37796020507812,-294.5179443359375
-144.6914825439453,137.34986877441406,-294.6016540527344
-144.761962890625,137.47605895996094,-294.48321533203125
-144.7864227294922,137.3889617919922,-294.264404296875
-144.62811279296875,137.44505310058594,-294.225341796875
-144.63845825195312,137.28341674804688,-294.19342041015625
-144.8422088623047,137.17762756347656,-294.309814453125
-144.8502655029297,137.21176147460938,-294.4490051269531
-144.8437957763672,137.16720581054688,-294.79071044921875
-144.93304443359375,137.2421112060547,-294.7942199707031
-144.85829162597656,137.10601806640625,-294.95269775390625
-144.857421875,137.18653869628906,-294.81390380859375
-144.62661743164062,137.2421417236328,-294.6259765625
-144.71592712402344,137.09515380859375,-294.2650146484375
-144.70176696777344,137.3657989501953,-293.8697509765625
-144.76222229003906,137.38633728027344,-293.83148193359375
-144.67210388183594,137.4226837158203,-293.600341796875
-144.8303680419922,137.35548400878906,-293.6036071777344
-144.77694702148438,137.3605194091797,-293.7503356933594
-144.75682067871094,137.15908813476562,-294.0445556640625
-144.67007446289062,137.1065673828125,-294.098876953125
-144.7546844482422,137.0098419189453,-294.08612060546875
-144.47573852539062,137.19268798828125,-294.20672607421875
-144.51629638671875,137.10775756835938,-294.2080383300781
-144.3250274658203,137.0776824951172,-294.135986328125
-144.04275512695312,137.0841827392578,-293.76629638671875
-143.91587829589844,137.37136840820312,-293.5513916015625
-144.02853393554688,137.2437744140625,-293.18389892578125
-144.07911682128906,137.4708251953125,-292.71099853515625
-144.07876586914062,137.48040771484375,-292.2425537109375
-144.05389404296875,137.54405212402344,-291.73626708984375
-143.86550903320312,137.55154418945312,-291.426513671875
-143.8570556640625,137.85952758789062,-291.11846923828125
-143.9210968017578,138.0255126953125,-290.97186279296875
-143.90695190429688,137.883544921875,-290.75994873046875
-143.93820190429688,138.1441192626953,-290.5400390625
-143.9657440185547,138.35089111328125,-289.97674560546875
-144.08676147460938,138.41986083984375,-289.706787109375
-144.16806030273438,138.53900146484375,-289.5980224609375
-144.1376190185547,138.43601989746094,-289.59002685546875
-143.943115234375,138.51885986328125,-289.45770263671875
-143.92233276367188,138.607177734375,-288.94818115234375
-143.73500061035156,138.5523223876953,-288.755615234375
-143.6845703125,138.56802368164062,-288.73919677734375
-143.35643005371094,138.7483367919922,-288.9100036621094
-143.38417053222656,138.80030822753906,-288.7938537597656
-143.35057067871094,138.92904663085938,-288.6076354980469
-143.29270935058594,138.910888671875,-288.4958801269531
-142.96136474609375,139.05596923828125,-288.10015869140625
-143.04934692382812,139.17446899414062,-287.9337158203125
-143.04043579101562,139.287353515625,-287.8880615234375
-142.99375915527344,139.11952209472656,-287.8837890625
-142.8953399658203,139.00404357910156,-287.6396484375
-142.71868896484375,139.0875244140625,-287.88446044921875
-142.72323608398438,139.11119079589844,-287.6293029785156
-142.65577697753906,139.3770751953125,-287.62677001953125
-142.5237274169922,139.55099487304688,-287.2596130371094
-142.49671936035156,139.8704071044922,-286.76153564453125
-142.52955627441406,140.1279754638672,-286.269775390625
-142.19818115234375,140.24632263183594,-285.8160400390625
-142.30023193359375,140.53749084472656,-285.18060302734375
-142.25856018066406,140.6527099609375,-284.44354248046875
-142.33084106445312,141.05300903320312,-283.8204345703125
-142.30455017089844,141.34088134765625,-282.9886474609375
-142.22254943847656,141.72996520996094,-282.0413818359375
-142.34347534179688,142.0483856201172,-281.5893859863281
-142.2701873779297,142.51931762695312,-281.1179504394531
-141.9397430419922,143.00628662109375,-280.36480712890625
-141.59783935546875,143.1898956298828,-279.7303771972656
-141.2382049560547,143.65322875976562,-279.05474853515625
-140.34518432617188,144.1916961669922,-278.4366455078125
-139.8291015625,144.52886962890625,-277.691162109375
-138.99366760253906,145.03033447265625,-276.91558837890625
-138.2337188720703,145.3491668701172,-276.2265625
-137.60752868652344,146.0052490234375,-275.83758544921875
-137.18826293945312,146.49217224121094,-275.111083984375
-136.85726928710938,146.9958038330078,-274.37994384765625
-136.61732482910156,147.41734313964844,-273.7205505371094
-136.68661499023438,147.99989318847656,-273.2621765136719
-136.57765197753906,148.27545166015625,-272.897216796875
-136.85015869140625,148.6306610107422,-272.69683837890625
-136.7363739013672,148.98468017578125,-272.4278869628906
-137.0606689453125,149.13063049316406,-272.37646484375
-137.26815795898438,149.32296752929688,-272.25384521484375
-137.39218139648438,149.5826873779297,-272.2532958984375
-137.41580200195312,149.78683471679688,-272.4075927734375
-137.38601684570312,149.79196166992188,-272.1546630859375
-137.45333862304688,149.7948760986328,-271.97882080078125
-137.35255432128906,149.75079345703125,-271.9859924316406
-137.4233856201172,149.9393768310547,-272.1457824707031
-137.41917419433594,149.96461486816406,-272.35595703125
-137.27796936035156,149.9016876220703,-272.45745849609375
-137.165771484375,149.8662109375,-272.3064270019531
-136.99183654785156,149.89527893066406,-272.36962890625
-136.92214965820312,150.09619140625,-272.3221435546875
-137.04733276367188,150.16677856445312,-272.55609130859375
-136.98974609375,150.45140075683594,-272.53607177734375
-136.83299255371094,150.63845825195312,-272.6082458496094
-136.9061737060547,150.61810302734375,-272.73175048828125
-136.9961395263672,150.77273559570312,-272.71881103515625
-137.21112060546875,150.96823120117188,-272.332763671875
-137.43643188476562,151.1842041015625,-272.33154296875
-137.5839080810547,151.28855895996094,-272.23388671875
-137.861572265625,151.56874084472656,-272.0264892578125
-137.8596954345703,151.97303771972656,-271.88494873046875
-137.92404174804688,152.25216674804688,-271.71380615234375
-137.60369873046875,152.5779571533203,-271.404296875
-137.74554443359375,152.9172821044922,-270.8924865722656
-137.47373962402344,153.07546997070312,-270.5921630859375
-137.55015563964844,153.2285919189453,-270.4267578125
-137.4523468017578,153.57534790039062,-270.3818664550781
-137.32855224609375,153.71861267089844,-270.37042236328125
-137.14553833007812,154.24110412597656,-270.3351745605469
-137.13905334472656,154.42239379882812,-270.01031494140625
-137.11572265625,154.6889190673828,-269.58154296875
-137.36416625976562,154.86941528320312,-269.36016845703125
-137.74073791503906,155.15377807617188,-269.2294921875
-138.47654724121094,155.16824340820312,-269.276611328125
-139.3625946044922,154.77957153320312,-269.630126953125
-140.03939819335938,154.41612243652344,-270.097900390625
-140.77757263183594,153.80908203125,-270.7792053222656
-141.53306579589844,153.39979553222656,-271.3730163574219
-141.4029083251953,153.07704162597656,-271.7130126953125
-141.5017547607422,153.15756225585938,-271.64288330078125
-141.54066467285156,153.14401245117188,-271.8477783203125
-141.82252502441406,153.13259887695312,-271.698486328125
-141.9254150390625,153.02012634277344,-271.892333984375
-141.83651733398438,153.0429229736328,-271.91326904296875
-141.9022216796875,153.1587677001953,-271.7550354003906
-141.85125732421875,153.1555938720703,-271.8162841796875
-141.8470001220703,153.05972290039062,-271.913330078125
-141.7501983642578,153.02113342285156,-271.9599304199219
-141.8458709716797,153.13604736328125,-271.84918212890625
-141.97421264648438,153.09417724609375,-271.65936279296875
-141.75341796875,153.08102416992188,-271.6179504394531
-141.607421875,153.0843505859375,-271.48504638671875
-141.5924530029297,153.21546936035156,-271.55682373046875
-141.65008544921875,153.21470642089844,-271.7690124511719
-141.56610107421875,153.2209014892578,-271.71734619140625
-141.67324829101562,153.0379638671875,-271.93524169921875
-141.79403686523438,153.15333557128906,-272.0830078125
-141.7786407470703,153.03004455566406,-271.9830322265625
-141.78585815429688,153.09268188476562,-271.79852294921875
-141.94491577148438,153.01380920410156,-271.94879150390625
-141.88487243652344,153.25640869140625,-271.7932434082031
-142.08953857421875,153.28268432617188,-271.8841552734375
-142.00306701660156,153.39599609375,-271.814697265625
-142.02037048339844,153.37600708007812,-271.8859558105469
-142.064208984375,153.3737030029297,-271.83123779296875
-141.96690368652344,153.34674072265625,-271.9097900390625
-142.0801239013672,153.4207763671875,-272.01177978515625
-142.2048797607422,153.36074829101562,-272.10888671875
-142.25146484375,153.33389282226562,-272.09735107421875
-142.12744140625,153.3964080810547,-271.9339904785156
-142.10903930664062,153.3231658935547,-271.90130615234375
-142.2656707763672,153.16123962402344,-271.92303466796875
-142.40670776367188,153.3230743408203,-271.75213623046875
-142.43246459960938,153.34326171875,-271.6196594238281
-142.11961364746094,153.3004913330078,-271.5572204589844
-142.1322784423828,153.3679962158203,-271.6815185546875
-141.8763885498047,153.162841796875,-271.74029541015625
-141.92738342285156,153.36085510253906,-271.9505615234375
-141.91018676757812,153.37762451171875,-271.8892822265625
-142.09707641601562,153.33743286132812,-271.94439697265625
-141.96011352539062,153.3206329345703,-271.93695068359375
-142.09848022460938,153.37612915039062,-271.933837890625
-141.98745727539062,153.3890838623047,-271.854248046875
-142.12306213378906,153.30447387695312,-272.05340576171875
-141.90834045410156,153.37026977539062,-272.00897216796875
-141.9536590576172,153.4042205810547,-271.9955139160156
-141.83302307128906,153.3450164794922,-271.9698486328125
-141.8470916748047,153.3079376220703,-271.861328125
-141.95559692382812,153.20986938476562,-271.92291259765625
-142.1146240234375,153.3189239501953,-271.867431640625
-142.03683471679688,153.2971954345703,-271.86578369140625
-141.9980926513672,153.4099578857422,-272.2460632324219
-142.260986328125,153.32635498046875,-272.3177185058594
-142.26611328125,153.30291748046875,-272.2185363769531
-142.1104278564453,153.35218811035156,-272.15478515625
-142.0329132080078,153.40098571777344,-272.2686767578125
-142.01846313476562,153.34498596191406,-272.40972900390625
-142.1446990966797,153.35125732421875,-272.0985107421875
-142.26170349121094,153.53378295898438,-272.0618896484375
-142.32325744628906,153.43582153320312,-272.1044921875
-142.27281188964844,153.3450469970703,-272.18023681640625
-142.2084503173828,153.1739501953125,-272.10174560546875
-142.09439086914062,153.0457000732422,-272.0793151855469
-142.06439208984375,153.10012817382812,-271.98785400390625
-142.10194396972656,153.01239013671875,-272.04949951171875
-142.16281127929688,153.21791076660156,-272.0498046875
-142.1527557373047,153.1845245361328,-272.00018310546875
-142.18118286132812,153.13902282714844,-272.045654296875
-142.2303466796875,153.18934631347656,-272.0599060058594
-142.15625,153.21240234375,-271.8802185058594
-142.15866088867188,153.41456604003906,-271.7972412109375
-142.18775939941406,153.39404296875,-271.8813781738281
-142.0775909423828,153.36404418945312,-272.02392578125
-142.07260131835938,153.355224609375,-271.9872741699219
-142.09115600585938,153.38156127929688,-271.85870361328125
-142.11524963378906,153.51998901367188,-271.85858154296875
-142.01751708984375,153.32228088378906,-271.91949462890625
-142.08758544921875,153.5360107421875,-272.1238708496094
-142.06948852539062,153.43040466308594,-272.029296875
-142.0619659423828,153.36207580566406,-272.0816955566406
-142.18014526367188,153.3455047607422,-272.0780029296875
-142.17120361328125,153.27899169921875,-271.7606201171875
-142.13430786132812,153.16661071777344,-271.715087890625
-141.99411010742188,153.05641174316406,-271.78326416015625
-141.87632751464844,153.06735229492188,-271.8302307128906
-141.89222717285156,153.1442108154297,-272.03472900390625
-141.90797424316406,153.41188049316406,-272.06829833984375
-141.92884826660156,153.38731384277344,-271.9930419921875
-142.1156768798828,153.3497772216797,-271.9771423339844
-141.90921020507812,153.36505126953125,-272.0749816894531
-141.97703552246094,153.36526489257812,-272.107421875
-141.82986450195312,153.3642578125,-272.10040283203125
-141.68667602539062,153.3116455078125,-271.95184326171875
-141.8944549560547,153.3828125,-271.83990478515625
-142.1250762939453,153.1845703125,-271.69915771484375
-141.99398803710938,153.22885131835938,-271.94866943359375
-142.16529846191406,153.39846801757812,-271.84979248046875
-142.0281524658203,153.52789306640625,-271.70745849609375
-142.0657958984375,153.5419464111328,-271.8233642578125
-141.9129638671875,153.51206970214844,-271.89404296875
-141.93975830078125,153.4197235107422,-272.0987548828125
-141.90464782714844,153.17276000976562,-271.85626220703125
-141.8314666748047,153.24203491210938,-271.9422302246094
-141.8079376220703,153.17967224121094,-271.81640625
-141.74745178222656,153.24766540527344,-271.86407470703125
-141.7949676513672,153.42359924316406,-271.793212890625
-141.8868865966797,153.26246643066406,-271.8724670410156
-141.81198120117188,153.20986938476562,-271.9849853515625
-141.7622833251953,153.233154296875,-271.86981201171875
-142.11923217773438,153.36764526367188,-271.7564697265625
-141.95611572265625,153.25863647460938,-271.67529296875
-141.88189697265625,153.1483154296875,-271.8568115234375
-141.9642791748047,153.10055541992188,-271.921630859375
-141.8761749267578,153.219970703125,-271.8654479980469
-141.97650146484375,153.23170471191406,-271.9310302734375
-141.919189453125,153.19117736816406,-271.9521789550781
-142.06500244140625,153.25100708007812,-271.9168701171875
-142.08372497558594,153.2338409423828,-271.74505615234375
-141.83692932128906,153.15130615234375,-271.7130126953125
-141.9398651123047,153.36936950683594,-271.70648193359375
-141.85060119628906,153.42202758789062,-271.79937744140625
-141.96939086914062,153.4166717529297,-271.94287109375
-141.95639038085938,153.23387145996094,-271.86083984375
-141.95004272460938,153.2373809814453,-271.98919677734375
-141.95655822753906,153.39566040039062,-272.1046142578125
-141.96263122558594,153.3714141845703,-272.017822265625
-141.7295379638672,153.55718994140625,-272.05950927734375
-141.72279357910156,153.4117431640625,-271.8953857421875
-141.82131958007812,153.48464965820312,-272.10015869140625
-141.71604919433594,153.37127685546875,-272.1054992675781
-141.9608917236328,153.3633575439453,-272.01953125
-142.08514404296875,153.31472778320312,-271.9974670410156
-141.88455200195312,153.51174926757812,-272.00311279296875
-142.12510681152344,153.424560546875,-272.0292663574219
-141.85910034179688,153.50994873046875,-271.9487609863281
-141.63746643066406,153.41648864746094,-271.8900146484375
-141.7644500732422,153.43399047851562,-271.8755187988281
-141.95852661132812,153.42001342773438,-272.03631591796875
-141.89663696289062,153.431396484375,-271.99945068359375
-141.8486785888672,153.5133819580078,-271.8688049316406
-141.82908630371094,153.515625,-271.5584716796875
-141.65834045410156,153.48973083496094,-271.7332458496094
-141.72012329101562,153.55413818359375,-271.891845703125
-141.8338623046875,153.54502868652344,-271.9385986328125
-141.70506286621094,153.52940368652344,-271.94940185546875
-141.78884887695312,153.44102478027344,-271.83905029296875
-141.90908813476562,153.5242462158203,-271.7366027832031
-142.06597900390625,153.4532928466797,-271.7921142578125
-141.9119873046875,153.5266876220703,-271.74395751953125
-141.8922119140625,153.6770782470703,-271.51934814453125
-141.96986389160156,153.45152282714844,-271.7315673828125
-142.08522033691406,153.275390625,-271.89849853515625
-142.20751953125,153.35452270507812,-272.1051025390625
-142.40264892578125,153.51303100585938,-272.03582763671875
-142.18251037597656,153.5438995361328,-271.96673583984375
-142.25140380859375,153.5711669921875,-271.84521484375
-142.01246643066406,153.51515197753906,-272.041259765625
-142.11734008789062,153.58335876464844,-271.9020690917969
-141.8848419189453,153.46481323242188,-272.11236572265625
-142.07977294921875,153.5408935546875,-271.93804931640625
-141.97254943847656,153.45225524902344,-271.87896728515625
-141.92391967773438,153.43516540527344,-271.95751953125
-141.9590301513672,153.43360900878906,-272.09246826171875
-142.08628845214844,153.33883666992188,-271.81341552734375
-142.07984924316406,153.54116821289062,-271.9159240722656
-142.051513671875,153.41830444335938,-272.1226501464844
-142.08900451660156,153.44192504882812,-272.08502197265625
-141.8622283935547,153.42947387695312,-271.9603271484375
-141.94532775878906,153.53353881835938,-271.83270263671875
-141.95556640625,153.55503845214844,-271.94775390625
-141.89585876464844,153.536376953125,-271.9530334472656
-141.86846923828125,153.33181762695312,-271.852783203125
-141.69302368164062,153.23843383789062,-272.0880126953125
-141.69956970214844,153.250732421875,-271.98065185546875
-141.89613342285156,153.1563720703125,-271.81915283203125
-141.7659454345703,153.15164184570312,-271.76605224609375
-141.815185546875,153.14865112304688,-271.67462158203125
-141.73641967773438,153.3460235595703,-271.7100830078125
-141.93128967285156,153.30357360839844,-271.74322509765625
-142.01939392089844,153.39366149902344,-271.55389404296875
-141.842041015625,153.36196899414062,-271.71868896484375
-142.11663818359375,153.38192749023438,-271.93634033203125
-142.10488891601562,153.34617614746094,-272.0258483886719
-141.99642944335938,153.44342041015625,-272.3834228515625
-142.08148193359375,153.4619598388672,-272.25469970703125
-142.24549865722656,153.4415283203125,-272.2445068359375
-142.25389099121094,153.48045349121094,-272.0377197265625
-142.1696014404297,153.3933868408203,-272.015380859375
-142.0597686767578,153.42111206054688,-271.84808349609375
-142.1470947265625,153.1466522216797,-271.9390563964844
-142.31382751464844,153.0961151123047,-271.51263427734375
-142.1845703125,153.24778747558594,-271.616943359375
-142.27293395996094,153.27552795410156,-271.61029052734375
-141.9937744140625,153.53062438964844,-271.6080322265625
-142.10394287109375,153.33392333984375,-271.6549987792969
-141.94027709960938,153.2765655517578,-271.75372314453125
-142.06373596191406,153.28907775878906,-271.77679443359375
-142.0884552001953,153.3121795654297,-271.73834228515625
-142.21144104003906,153.55239868164062,-271.6785888671875
-142.12619018554688,153.5369110107422,-271.5089111328125
-142.0785675048828,153.29571533203125,-271.5980224609375
-142.03858947753906,153.33511352539062,-271.7391662597656
-142.1492462158203,153.31231689453125,-271.740234375
-142.04600524902344,153.35958862304688,-271.839111328125
-141.98641967773438,153.26805114746094,-271.9309387207031
-141.94801330566406,153.2030792236328,-271.97894287109375
-141.81556701660156,153.22286987304688,-271.9903869628906
-141.68875122070312,153.14256286621094,-271.961669921875
-141.83168029785156,153.2552490234375,-271.9075012207031
-141.8775177001953,153.4039764404297,-271.79730224609375
-142.10821533203125,153.35604858398438,-271.8946533203125
-142.1085968017578,153.46139526367188,-271.66949462890625
-142.1366729736328,153.41282653808594,-271.8079833984375
-141.98394775390625,153.46420288085938,-271.78326416015625
-141.9564971923828,153.31568908691406,-271.82470703125
-142.03387451171875,153.53062438964844,-271.8707275390625
-142.0699920654297,153.47232055664062,-271.7268981933594
-142.10403442382812,153.2974395751953,-271.641845703125
-142.3607635498047,153.3626708984375,-271.3468017578125
-142.30409240722656,153.3191680908203,-271.4482421875
-142.4310760498047,153.4402618408203,-271.4775390625
-142.430419921875,153.33242797851562,-271.4814453125
-142.14642333984375,153.3376922607422,-271.37811279296875
-142.17605590820312,153.46554565429688,-271.6246032714844
-142.06253051757812,153.43223571777344,-271.55859375
-141.87997436523438,153.47581481933594,-271.709228515625
-142.09439086914062,153.31869506835938,-271.742431640625
-142.0885467529297,153.21710205078125,-271.5293273925781
-142.11251831054688,153.3938751220703,-271.63360595703125
-142.0899200439453,153.48475646972656,-271.5562438964844
-142.05682373046875,153.44834899902344,-271.60101318359375
-142.28155517578125,153.2882080078125,-271.5567932128906
-142.14398193359375,153.3581085205078,-271.5615234375
-142.22898864746094,153.17906188964844,-271.54754638671875
-142.05499267578125,153.3748321533203,-271.59820556640625
-142.0161590576172,153.54542541503906,-271.6452941894531
-142.19091796875,153.39523315429688,-271.3778076171875
-142.1400604248047,153.38523864746094,-271.5907287597656
-142.07125854492188,153.27780151367188,-271.5626220703125
-142.130859375,153.40211486816406,-271.508544921875
-141.84909057617188,153.27554321289062,-271.51678466796875
-141.90516662597656,153.3296356201172,-271.60552978515625
-141.92410278320312,153.4445343017578,-271.5317687988281
-141.74168395996094,153.33106994628906,-271.49591064453125
-141.7736358642578,153.38168334960938,-271.58929443359375
-141.97250366210938,153.3021697998047,-271.59100341796875
-141.98866271972656,153.31314086914062,-271.54730224609375
-141.90455627441406,153.40750122070312,-271.6358642578125
-141.8092041015625,153.31991577148438,-271.77581787109375
-141.78541564941406,153.3120880126953,-271.787353515625
-141.9561309814453,153.33544921875,-271.6985168457031
-141.6998748779297,153.36077880859375,-271.68048095703125
-141.85037231445312,153.55377197265625,-271.633544921875
-141.9387969970703,153.4196014404297,-271.6262512207031
-141.9127960205078,153.30108642578125,-271.52545166015625
-141.79380798339844,153.35472106933594,-271.78802490234375
-141.9058074951172,153.3067626953125,-271.83941650390625
-141.8845977783203,153.278564453125,-271.84747314453125
-142.12481689453125,153.3995819091797,-271.6892395019531
-142.06076049804688,153.22787475585938,-271.6892395019531
-142.04298400878906,153.1422576904297,-271.7560729980469
-141.90493774414062,153.13963317871094,-271.5372314453125
-141.8694305419922,153.2024383544922,-271.61993408203125
-141.99371337890625,153.23387145996094,-271.4283142089844
-142.06307983398438,153.17196655273438,-271.6236877441406
-141.9436492919922,153.18504333496094,-271.3631591796875
-141.87063598632812,153.3295135498047,-271.4364013671875
-141.9830780029297,153.3798828125,-271.5323791503906
-142.0362548828125,153.5402374267578,-271.64898681640625
-141.86953735351562,153.50816345214844,-271.7816467285156
-141.8526611328125,153.3419647216797,-271.63134765625
-141.8632049560547,153.34523010253906,-271.38604736328125
-141.95440673828125,153.29408264160156,-271.3402404785156
-141.92391967773438,153.3954315185547,-271.5385437011719
-141.96360778808594,153.34959411621094,-271.6419372558594
-141.965576171875,153.29151916503906,-271.4570617675781
-141.90328979492188,153.40867614746094,-271.54840087890625
-141.9248046875,153.4148712158203,-271.6854248046875
-142.00880432128906,153.31124877929688,-271.81329345703125
-142.1038055419922,153.32933044433594,-271.8302917480469
-141.99456787109375,153.2808380126953,-271.67474365234375
-142.13014221191406,153.2855987548828,-271.698974609375
-141.8524169921875,153.5020294189453,-271.5020751953125
-141.864990234375,153.32247924804688,-271.6270446777344
-142.0894317626953,153.31735229492188,-271.598876953125
-142.02638244628906,153.27989196777344,-271.6192626953125
-141.95130920410156,153.41839599609375,-271.769287109375
-141.8717498779297,153.18272399902344,-271.5478820800781
-142.13182067871094,153.17559814453125,-271.6355895996094
-142.25128173828125,153.04624938964844,-271.60498046875
-142.35708618164062,153.04502868652344,-271.77459716796875
-142.1596221923828,153.12075805664062,-271.7398681640625
-142.17877197265625,153.12265014648438,-271.71807861328125
-142.08970642089844,153.09036254882812,-271.6827392578125
-142.04644775390625,153.12673950195312,-271.58148193359375
-141.89976501464844,153.10166931152344,-271.57666015625
-141.74758911132812,153.1199188232422,-271.7584228515625
-141.7300567626953,153.1735382080078,-271.5643310546875
-141.92762756347656,153.0034637451172,-271.450439453125
-142.11767578125,153.02505493164062,-271.4271240234375
-141.85708618164062,153.0373077392578,-271.22857666015625
-141.9620819091797,153.22113037109375,-271.1539306640625
-142.0955810546875,153.27305603027344,-271.14630126953125
-142.06973266601562,153.22195434570312,-271.13238525390625
-142.01039123535156,153.03070068359375,-271.03570556640625
-141.9793243408203,153.1185760498047,-271.449951171875
-142.0616455078125,153.0279083251953,-271.327392578125
-142.04995727539062,153.104248046875,-271.38372802734375
-141.87879943847656,153.1361846923828,-271.44512939453125
-141.96253967285156,153.07823181152344,-271.4188232421875
-141.85528564453125,153.0157470703125,-271.32781982421875
-142.0453643798828,153.06211853027344,-271.4477233886719
-141.9537811279297,153.1477508544922,-271.4598693847656
-141.89578247070312,152.956298828125,-271.54833984375
-141.71653747558594,153.08448791503906,-271.4935607910156
-141.9273681640625,153.23875427246094,-271.62518310546875
-141.936767578125,153.2813720703125,-271.52130126953125
-141.9520263671875,153.3704833984375,-271.5424499511719
-142.02825927734375,153.38662719726562,-271.7606201171875
-142.01133728027344,153.30862426757812,-271.72308349609375
-142.02703857421875,153.3726043701172,-271.8114929199219
-141.88458251953125,153.35548400878906,-271.82965087890625
-141.7022705078125,153.40859985351562,-271.95172119140625
-141.64646911621094,153.3042755126953,-271.8743896484375
-141.71212768554688,153.37252807617188,-271.94390869140625
-141.88006591796875,153.33612060546875,-271.8255615234375
-141.9010467529297,153.2820281982422,-271.8645935058594
-141.9210205078125,153.4088592529297,-271.78338623046875
-141.92613220214844,153.3925323486328,-271.7714538574219
-141.8596649169922,153.37747192382812,-271.53375244140625
-141.90870666503906,153.334716796875,-271.51123046875
-141.91001892089844,153.2947540283203,-271.3987121582031
-141.99681091308594,153.35511779785156,-271.6395263671875
-142.01483154296875,153.27308654785156,-271.50665283203125
-141.8822479248047,153.36636352539062,-271.611083984375
-141.8484649658203,153.3972930908203,-271.4728088378906
-141.92498779296875,153.28982543945312,-271.43133544921875
-141.898681640625,153.33009338378906,-271.4998474121094
-141.9265594482422,153.31704711914062,-271.566162109375
-141.8635711669922,153.34632873535156,-271.6297607421875
-141.84942626953125,153.2771453857422,-271.6525573730469
-141.97254943847656,153.4868621826172,-272.07867431640625
-141.8836212158203,153.50439453125,-272.0901794433594
-141.95924377441406,153.37353515625,-271.9001770019531
-141.955078125,153.32870483398438,-271.7203369140625
-142.01708984375,153.24859619140625,-271.6569519042969
-142.0841827392578,153.28147888183594,-271.7344970703125
-141.8424072265625,153.17520141601562,-271.7276611328125
-141.95565795898438,153.2050323486328,-271.56378173828125
-141.86380004882812,153.17933654785156,-271.3785095214844
-141.8551788330078,153.38148498535156,-271.34649658203125
-141.9811248779297,153.50711059570312,-271.5119934082031
-141.95120239257812,153.4120330810547,-271.72393798828125
-142.09194946289062,153.4815673828125,-271.9183349609375
-141.94667053222656,153.59686279296875,-271.9019775390625
-141.69271850585938,153.67779541015625,-271.86053466796875
-141.7442169189453,153.6582489013672,-271.82415771484375
-141.7866973876953,153.43319702148438,-271.96185302734375
-141.73617553710938,153.42115783691406,-271.91510009765625
-141.8428192138672,153.55099487304688,-271.736572265625
-141.93051147460938,153.52186584472656,-271.59075927734375
-141.91622924804688,153.5938262939453,-271.5721740722656
-142.0615997314453,153.53602600097656,-271.64874267578125
-141.8799591064453,153.43423461914062,-271.5334777832031
-141.9978790283203,153.53536987304688,-271.64935302734375
-141.9864501953125,153.49949645996094,-271.59637451171875
-141.85494995117188,153.53489685058594,-271.7073974609375
-142.00889587402344,153.57398986816406,-271.72357177734375
-142.42703247070312,153.61036682128906,-271.53900146484375
-142.49615478515625,153.4771728515625,-271.73480224609375
-142.599609375,153.22296142578125,-272.0457763671875
-142.76881408691406,152.51263427734375,-272.65972900390625
-142.95994567871094,151.63046264648438,-273.3428955078125
-143.14454650878906,150.35394287109375,-274.4129638671875
-143.20718383789062,149.12911987304688,-275.92437744140625
-143.1968231201172,147.7078094482422,-277.33917236328125
-143.09185791015625,146.36972045898438,-278.9620361328125
-143.2528839111328,145.02162170410156,-280.54827880859375
-143.29959106445312,143.5701141357422,-282.22869873046875
-143.46737670898438,142.30197143554688,-283.9999694824219
-143.9887237548828,141.50482177734375,-285.93182373046875
-144.48886108398438,140.54505920410156,-287.8048400878906
-144.9676513671875,140.10379028320312,-289.5299072265625
-145.7000274658203,139.6100616455078,-291.21435546875
-146.36363220214844,139.29319763183594,-292.4650573730469
-147.3949737548828,139.0057373046875,-293.7249755859375
-148.1302490234375,138.79859924316406,-294.728271484375
-148.86729431152344,139.000244140625,-295.3430480957031
-149.03387451171875,138.9746551513672,-295.6778259277344
-149.23927307128906,139.15472412109375,-295.9951477050781
-149.13449096679688,138.9532928466797,-296.1728515625
-148.84609985351562,138.7220001220703,-296.017822265625
-148.32098388671875,138.62124633789062,-295.9382629394531
-147.7559051513672,138.3680877685547,-295.655029296875
-147.16355895996094,138.22976684570312,-295.29644775390625
-146.6067352294922,138.12918090820312,-295.1488342285156
-146.05389404296875,137.89511108398438,-294.70172119140625
-145.45176696777344,138.03692626953125,-294.53240966796875
-144.95814514160156,137.8477325439453,-294.2237243652344
-144.44888305664062,137.68734741210938,-293.91705322265625
-143.97335815429688,137.79335021972656,-293.5799560546875
-143.5603485107422,137.68507385253906,-293.32928466796875
-143.21939086914062,137.526611328125,-292.98016357421875
-143.04798889160156,137.59463500976562,-292.7509765625
-143.0886993408203,137.5560302734375,-292.62322998046875
-142.8771209716797,137.72528076171875,-292.4490966796875
-143.04449462890625,137.7200164794922,-292.3529968261719
-143.08831787109375,137.7792205810547,-292.18853759765625
-143.1807861328125,137.78929138183594,-292.07415771484375
-143.31973266601562,137.986328125,-291.70703125
-143.20816040039062,137.99598693847656,-291.3115539550781
-142.99095153808594,138.16175842285156,-290.90155029296875
-142.59532165527344,138.17214965820312,-290.31707763671875
-142.07110595703125,138.21530151367188,-289.806884765625
-141.60650634765625,138.34347534179688,-289.51385498046875
-141.13644409179688,138.41758728027344,-289.6553955078125
-141.19973754882812,138.2870635986328,-290.02935791015625
-140.99020385742188,138.0602264404297,-290.06671142578125
-140.70872497558594,138.0287628173828,-290.4969482421875
-140.5055389404297,137.8473663330078,-290.65093994140625
-140.57432556152344,137.85165405273438,-290.859619140625
-140.59686279296875,137.82785034179688,-291.23052978515625
-140.51307678222656,137.8609619140625,-291.7576599121094
-140.5834197998047,137.65773010253906,-292.17474365234375
-140.56346130371094,137.5918731689453,-292.56842041015625
-140.94212341308594,137.4769744873047,-293.2945556640625
-141.30645751953125,137.33621215820312,-294.12445068359375
-141.516357421875,137.18295288085938,-294.519775390625
-141.7611846923828,137.01002502441406,-295.16253662109375
-141.68954467773438,136.95977783203125,-295.24969482421875
-141.78378295898438,137.00550842285156,-295.30914306640625
-141.77769470214844,136.99070739746094,-295.13763427734375
-141.63377380371094,136.934814453125,-295.0343017578125
-141.44850158691406,137.06492614746094,-294.7048645019531
-141.4857940673828,137.1441192626953,-294.75311279296875
-141.32305908203125,137.11834716796875,-294.5164794921875
-141.1061248779297,137.09556579589844,-294.57623291015625
-140.99029541015625,137.06922912597656,-294.58172607421875
-140.93365478515625,137.04287719726562,-294.66162109375
-141.0123291015625,137.01939392089844,-294.71795654296875
-140.94033813476562,136.95826721191406,-294.7465515136719
-141.02392578125,136.89141845703125,-294.705810546875
-140.9491729736328,136.87039184570312,-294.7616271972656
-141.09828186035156,136.8314208984375,-295.1832275390625
-141.22369384765625,136.76934814453125,-295.16790771484375
-141.4882049560547,136.66624450683594,-294.988525390625
-141.43862915039062,136.6015625,-294.97113037109375
-141.38369750976562,136.97177124023438,-294.79766845703125
-141.23915100097656,136.90525817871094,-294.65118408203125
-141.25668334960938,136.8188934326172,-294.70330810546875
-141.279052734375,136.80361938476562,-294.712890625
-141.28248596191406,136.78399658203125,-294.7015380859375
-141.3158721923828,136.92193603515625,-294.78521728515625
-141.3402557373047,136.94412231445312,-294.84552001953125
-141.33534240722656,136.8678741455078,-294.72845458984375
-141.2787322998047,136.8550262451172,-294.4437255859375
-141.13787841796875,136.81231689453125,-294.5009460449219
-140.81944274902344,136.7809295654297,-294.6448669433594
-140.78799438476562,136.71714782714844,-294.68304443359375
-140.88124084472656,136.73526000976562,-294.5306396484375
-140.98367309570312,136.7481689453125,-294.4543151855469
-141.2046661376953,136.85585021972656,-294.57623291015625
-141.345703125,136.826171875,-294.5379943847656
-141.1640167236328,136.65692138671875,-294.6854553222656
-140.95521545410156,136.7353973388672,-294.7066955566406
-140.9176025390625,136.689453125,-295.00518798828125
-140.9728240966797,136.6359405517578,-294.9075012207031
-141.02699279785156,136.714599609375,-295.1091003417969
-141.05880737304688,136.7354736328125,-295.342529296875
-141.1263427734375,136.67813110351562,-295.51446533203125
-141.04879760742188,136.49005126953125,-295.46026611328125
-141.09182739257812,136.55162048339844,-295.51611328125
-140.93531799316406,136.43807983398438,-295.54278564453125
-140.99923706054688,136.61593627929688,-295.8367004394531
-140.75828552246094,136.57794189453125,-296.0826416015625
-140.84170532226562,136.45242309570312,-296.31982421875
-140.99842834472656,136.40740966796875,-296.5750732421875
-141.0994415283203,136.4429473876953,-296.848388671875
-141.04478454589844,136.4136199951172,-297.0459289550781
-141.26409912109375,136.3582000732422,-297.19091796875
-141.03353881835938,136.4405059814453,-296.98291015625
-141.0445556640625,136.49069213867188,-297.0946350097656
-141.1015625,136.79214477539062,-297.0202331542969
-141.41310119628906,137.07325744628906,-297.24591064453125
-140.25827026367188,138.17373657226562,-293.83758544921875
-126.30841064453125,140.55337524414062,-267.64874267578125
-102.75360107421875,136.7709197998047,-215.47686767578125
-94.4285888671875,115.9534912109375,-172.9512176513672
-100.560302734375,88.4683837890625,-155.59945678710938
-105.33970642089844,67.83721923828125,-151.0851287841797
-105.43719482421875,54.18992614746094,-151.86277770996094
-103.54505920410156,44.99559020996094,-153.8424072265625
-101.37748718261719,38.38360595703125,-156.12496948242188
-99.39979553222656,34.037139892578125,-158.34983825683594
-97.560791015625,30.838027954101562,-160.16282653808594
-96.21859741210938,28.515594482421875,-161.80372619628906
-95.24427795410156,26.765701293945312,-163.57696533203125
-94.64053344726562,25.520095825195312,-164.70228576660156
-94.4884033203125,24.432769775390625,-165.82696533203125
-94.09625244140625,23.700363159179688,-166.6884307861328
-94.072021484375,23.2138671875,-167.4911651611328
-93.92440795898438,22.684890747070312,-168.10447692871094
-93.93540954589844,22.364547729492188,-168.5779266357422
-93.93287658691406,22.005523681640625,-169.1822052001953
-93.8375244140625,21.611953735351562,-170.12515258789062
-93.85888671875,21.353225708007812,-171.12106323242188
-93.92716979980469,21.02978515625,-171.84280395507812
-93.92794799804688,20.580825805664062,-172.98526000976562
-93.74578857421875,20.329620361328125,-173.66542053222656
-93.45526123046875,20.212875366210938,-174.46881103515625
-93.10188293457031,19.999771118164062,-175.2797393798828
-92.53593444824219,19.638412475585938,-175.8367919921875
-91.96247863769531,19.468170166015625,-176.5688934326172
-91.41896057128906,19.090576171875,-177.2926788330078
-90.82405090332031,18.83447265625,-177.93661499023438
-90.15232849121094,18.638473510742188,-178.11831665039062
-89.53001403808594,18.527755737304688,-178.31402587890625
-88.89021301269531,18.479965209960938,-178.35032653808594
-88.48329162597656,18.54010009765625,-177.97312927246094
-87.97579956054688,18.553787231445312,-177.63600158691406
-87.75663757324219,18.391860961914062,-177.13262939453125
-87.51498413085938,18.414901733398438,-176.6451416015625
-87.24821472167969,18.702072143554688,-175.92701721191406
-87.23893737792969,18.777969360351562,-175.3294677734375
-87.07658386230469,18.756378173828125,-174.73951721191406
-87.05384826660156,19.03955078125,-174.0511016845703
-87.12577819824219,19.274551391601562,-173.68634033203125
-86.9500732421875,19.41412353515625,-173.4628448486328
-87.06282043457031,19.576126098632812,-173.08714294433594
-86.86967468261719,19.7657470703125,-172.76393127441406
-86.86735534667969,19.85516357421875,-172.66510009765625
-86.8095703125,20.156723022460938,-172.3063507080078
-86.97979736328125,20.285385131835938,-171.89215087890625
-87.03805541992188,20.536972045898438,-171.5935516357422
-86.75823974609375,20.671356201171875,-171.1506805419922
-86.66651916503906,20.753524780273438,-170.79991149902344
-86.56378173828125,21.118362426757812,-170.5399169921875
-86.47213745117188,21.256393432617188,-170.1415557861328
-86.30519104003906,21.391433715820312,-169.87530517578125
-86.0330810546875,21.549835205078125,-169.7376251220703
-85.95770263671875,21.660903930664062,-169.49581909179688
-85.968505859375,21.6051025390625,-169.41839599609375
-85.67890930175781,21.557540893554688,-169.23587036132812
-85.56153869628906,21.8729248046875,-169.2487335205078
-85.20166015625,21.946731567382812,-169.15768432617188
-85.33204650878906,22.330642700195312,-168.8544158935547
-85.1043701171875,22.369186401367188,-168.4473419189453
-84.86007690429688,22.531753540039062,-168.3695526123047
-84.69355773925781,22.681350708007812,-168.3606414794922
-84.53846740722656,22.892837524414062,-168.33395385742188
-84.56198120117188,22.919464111328125,-168.33889770507812
-84.40609741210938,23.146896362304688,-168.11231994628906
-84.44854736328125,23.038070678710938,-168.01382446289062
-84.36592102050781,23.155120849609375,-167.8576202392578
-84.2352294921875,23.534988403320312,-167.34910583496094
-83.99331665039062,23.663177490234375,-167.0067901611328
-83.95025634765625,23.670989990234375,-166.71409606933594
-83.97085571289062,23.561111450195312,-166.62509155273438
-83.94267272949219,23.85406494140625,-166.58241271972656
-83.61869812011719,23.911468505859375,-166.40232849121094
-83.64309692382812,23.936737060546875,-166.27203369140625
-83.61471557617188,23.832687377929688,-165.96168518066406
-83.45619201660156,24.109268188476562,-165.91773986816406
-83.47090148925781,24.40606689453125,-165.8154296875
-83.52383422851562,24.70001220703125,-165.5701141357422
-83.34054565429688,24.76153564453125,-165.41302490234375
-83.34239196777344,25.147705078125,-164.99916076660156
-83.11505126953125,25.23284912109375,-164.8562774658203
-83.12814331054688,25.199310302734375,-164.6293487548828
-83.03666687011719,25.676116943359375,-164.45751953125
-82.98101806640625,26.040191650390625,-163.94505310058594
-83.04249572753906,26.38348388671875,-163.624755859375
-83.20713806152344,26.521102905273438,-163.26551818847656
-83.37557983398438,26.830108642578125,-163.1008758544922
-83.65858459472656,27.169845581054688,-162.73558044433594
-83.84796142578125,27.689788818359375,-162.67544555664062
-83.86526489257812,27.962509155273438,-162.29710388183594
-84.03854370117188,28.353195190429688,-162.22064208984375
-83.99153137207031,28.69677734375,-161.85508728027344
-84.13447570800781,28.975021362304688,-161.5542449951172
-84.21054077148438,29.031021118164062,-161.3402862548828
-84.25212097167969,29.12945556640625,-161.30715942382812
-84.29940795898438,29.356094360351562,-160.91903686523438
-84.28099060058594,29.345870971679688,-160.84239196777344
-84.42298889160156,29.554168701171875,-160.71932983398438
-84.27275085449219,29.700729370117188,-160.62283325195312
-84.20718383789062,29.889144897460938,-160.45602416992188
-84.60020446777344,30.027496337890625,-160.43504333496094
-84.59561157226562,30.284255981445312,-160.25852966308594
-84.72293090820312,30.527328491210938,-160.353271484375
-84.80821228027344,30.676864624023438,-160.21884155273438
-84.71153259277344,30.631210327148438,-160.2492218017578
-84.71881103515625,30.668014526367188,-160.2501983642578
-84.90753173828125,30.846176147460938,-160.4400177001953
-84.81985473632812,30.908889770507812,-160.47000122070312
-84.67816162109375,30.870040893554688,-160.3500518798828
-84.6134033203125,30.99566650390625,-160.2303466796875
-84.46237182617188,30.972702026367188,-160.17262268066406
-84.23063659667969,30.8787841796875,-160.19883728027344
-84.29988098144531,31.04266357421875,-160.3084716796875
-83.95449829101562,31.197433471679688,-160.04222106933594
-83.89826965332031,31.15277099609375,-160.04530334472656
-83.53825378417969,31.051559448242188,-160.14508056640625
-83.44058227539062,30.876861572265625,-160.25296020507812
-83.3089599609375,30.807968139648438,-160.40927124023438
-83.13876342773438,30.458572387695312,-160.62429809570312
-83.37013244628906,30.276580810546875,-160.9235076904297
-83.51296997070312,30.07037353515625,-161.26315307617188
-83.77476501464844,29.970809936523438,-161.2349395751953
-84.1881103515625,30.021102905273438,-161.49461364746094
-84.76937866210938,29.947250366210938,-161.62704467773438
-85.23826599121094,30.008148193359375,-161.75625610351562
-85.49264526367188,29.915283203125,-161.8628692626953
-85.56867980957031,30.039291381835938,-161.7555694580078
-85.48124694824219,29.920974731445312,-161.83355712890625
-85.52680969238281,30.0552978515625,-162.1576690673828
-85.30508422851562,29.9912109375,-162.04434204101562
-85.16073608398438,29.923828125,-161.88848876953125
-85.19082641601562,30.003509521484375,-162.1187286376953
-84.98202514648438,30.015960693359375,-162.24359130859375
-84.9100341796875,30.193130493164062,-161.91041564941406
-84.77589416503906,30.189468383789062,-161.7494354248047
-84.74726867675781,30.393829345703125,-161.8397216796875
-84.77972412109375,30.568359375,-161.60150146484375
-84.80645751953125,30.616439819335938,-161.8694305419922
-84.6099853515625,30.693923950195312,-161.79176330566406
-84.46792602539062,30.684951782226562,-161.81959533691406
-84.51811218261719,30.674163818359375,-161.94227600097656
-84.30323791503906,30.783248901367188,-161.8394012451172
-84.26652526855469,30.866958618164062,-161.886962890625
-84.08955383300781,30.601181030273438,-162.1217041015625
-84.00978088378906,30.615966796875,-162.2772216796875
-84.1021728515625,30.861343383789062,-162.26834106445312
-84.08538818359375,30.753005981445312,-162.09185791015625
-84.00111389160156,30.770278930664062,-162.13766479492188
-83.9368896484375,30.964599609375,-161.9499053955078
-84.10580444335938,31.11724853515625,-161.75628662109375
-84.27767944335938,31.011184692382812,-161.7501983642578
-84.28349304199219,31.061996459960938,-161.8051300048828
-84.3431396484375,31.02606201171875,-161.64784240722656
-84.37481689453125,30.991302490234375,-161.75540161132812
-84.34072875976562,31.000091552734375,-161.8031768798828
-84.44340515136719,31.175216674804688,-161.76185607910156
-84.69248962402344,31.214431762695312,-161.83209228515625
-84.86260986328125,31.223785400390625,-161.644775390625
-84.86309814453125,31.386474609375,-161.79225158691406
-84.78517150878906,31.383987426757812,-161.9104766845703
-84.77059936523438,31.252609252929688,-161.8935546875
-84.58526611328125,31.256881713867188,-162.05897521972656
-84.4893798828125,31.183349609375,-162.0255126953125
-84.54246520996094,31.192886352539062,-161.92410278320312
-84.44560241699219,31.38885498046875,-162.0158233642578
-84.700927734375,31.340972900390625,-162.0176544189453
-84.4979248046875,31.296035766601562,-162.0885772705078
-84.4427490234375,31.30352783203125,-162.22125244140625
-84.2899169921875,31.321609497070312,-162.0983123779297
-84.41505432128906,31.405029296875,-162.10089111328125
-84.37995910644531,31.448989868164062,-162.2137908935547
-84.51240539550781,31.573532104492188,-162.38246154785156
-84.62939453125,31.52679443359375,-162.31820678710938
-84.60087585449219,31.382247924804688,-162.20724487304688
-84.63897705078125,31.452728271484375,-162.0347442626953
-84.64834594726562,31.399978637695312,-161.77479553222656
-84.65800476074219,31.309661865234375,-161.72686767578125
-84.52565002441406,31.332183837890625,-161.7432861328125
-84.48735046386719,31.38018798828125,-161.6105194091797
-84.58074951171875,31.438217163085938,-161.55128479003906
-84.61160278320312,31.402618408203125,-161.5371551513672
-84.67596435546875,31.478256225585938,-161.6761474609375
-84.49362182617188,31.517547607421875,-161.6666717529297
-84.4378662109375,31.400680541992188,-161.8905029296875
-84.42764282226562,31.5408935546875,-161.55975341796875
-84.44677734375,31.651748657226562,-161.48013305664062
-84.46507263183594,31.53814697265625,-161.7058868408203
-84.57891845703125,31.5489501953125,-161.63763427734375
-84.5811767578125,31.62420654296875,-161.878173828125
-84.66862487792969,31.451065063476562,-161.96661376953125
-84.43658447265625,31.521575927734375,-161.9397430419922
-84.52098083496094,31.42193603515625,-161.79849243164062
-84.483642578125,31.5260009765625,-161.77569580078125
-84.47966003417969,31.529708862304688,-161.8534393310547
-84.66374206542969,31.420806884765625,-162.0013885498047
-84.60612487792969,31.278717041015625,-162.0185546875
-84.46331787109375,31.432662963867188,-161.95362854003906
-84.53652954101562,31.459442138671875,-161.9662628173828
-84.59490966796875,31.46685791015625,-161.86907958984375
-84.69650268554688,31.406280517578125,-162.00259399414062
-84.86781311035156,31.360977172851562,-162.06654357910156
-84.85305786132812,31.181777954101562,-161.8845672607422
-84.77861022949219,31.14129638671875,-161.85781860351562
-84.80549621582031,31.529556274414062,-161.62442016601562
-84.82122802734375,31.383544921875,-161.61976623535156
-84.77310180664062,31.386581420898438,-161.77786254882812
-84.81163024902344,31.339981079101562,-161.6343994140625
-84.99223327636719,31.328964233398438,-161.49517822265625
-84.88124084472656,31.32720947265625,-161.7212371826172
-84.82342529296875,31.526718139648438,-161.90252685546875
-84.98545837402344,31.451705932617188,-162.04367065429688
-84.97520446777344,31.616180419921875,-161.9595947265625
-84.80915832519531,31.454620361328125,-162.0729522705078
-84.62081909179688,31.457870483398438,-161.99473571777344
-84.6038818359375,31.382904052734375,-162.17611694335938
-84.69140625,31.19317626953125,-162.17555236816406
-84.73056030273438,31.2364501953125,-162.02919006347656
-84.85749816894531,31.260421752929688,-161.9667205810547
-84.83782958984375,31.280731201171875,-161.77500915527344
-84.66815185546875,31.499969482421875,-161.7828369140625
-84.59841918945312,31.41534423828125,-161.98648071289062
-84.67552185058594,31.282638549804688,-161.99334716796875
-84.62239074707031,31.396331787109375,-162.04222106933594
-84.6632080078125,31.305374145507812,-161.96475219726562
-84.74693298339844,31.381393432617188,-162.0082244873047
-84.62904357910156,31.20599365234375,-161.99488830566406
-84.77165222167969,31.184310913085938,-162.01220703125
-84.76283264160156,31.199203491210938,-162.00917053222656
-84.86698913574219,31.301666259765625,-161.72335815429688
-84.67066955566406,31.525863647460938,-161.58737182617188
-84.69647216796875,31.556320190429688,-161.38267517089844
-84.75006103515625,31.582733154296875,-161.3697052001953
-84.7420654296875,31.402420043945312,-161.5651397705078
-84.84159851074219,31.495071411132812,-161.72488403320312
-84.85382080078125,31.440170288085938,-161.80653381347656
-84.7279052734375,31.31817626953125,-161.97633361816406
-84.73202514648438,31.40625,-161.94857788085938
-84.61865234375,31.312484741210938,-162.0362548828125
-84.716552734375,31.358978271484375,-161.8639678955078
-84.72871398925781,31.243698120117188,-161.7476806640625
-84.69020080566406,31.3531494140625,-161.64077758789062
-84.64228820800781,31.202163696289062,-161.78036499023438
-84.63137817382812,31.259109497070312,-161.867431640625
-84.62010192871094,31.295333862304688,-161.88201904296875
-84.59646606445312,31.3203125,-161.74929809570312
-84.59007263183594,31.201522827148438,-161.79811096191406
-84.63557434082031,31.251876831054688,-161.78379821777344
-84.68550109863281,31.2646484375,-161.85557556152344
-84.67982482910156,31.127288818359375,-161.5787353515625
-84.8497314453125,31.334060668945312,-161.498046875
-84.75004577636719,31.3861083984375,-161.71990966796875
-84.74949645996094,31.195953369140625,-161.6733856201172
-85.00492858886719,31.2183837890625,-161.4575958251953
-84.87387084960938,31.262054443359375,-161.57809448242188
-84.87109375,31.244140625,-161.38912963867188
-84.80947875976562,31.166839599609375,-161.39869689941406
-84.75636291503906,31.194610595703125,-161.5261688232422
-84.65040588378906,31.396270751953125,-161.4920196533203
-84.65608215332031,31.179306030273438,-161.64828491210938
-84.73490905761719,31.273681640625,-161.61248779296875
-84.72573852539062,31.445083618164062,-161.5707550048828
-84.66932678222656,31.380966186523438,-161.58372497558594
-84.62252807617188,31.4940185546875,-161.48963928222656
-84.65577697753906,31.337936401367188,-161.69094848632812
-84.43450927734375,31.348968505859375,-161.8276824951172
-84.6229248046875,31.221237182617188,-161.97457885742188
-84.71197509765625,31.12835693359375,-161.7970428466797
-84.50558471679688,31.223220825195312,-161.6056365966797
-84.71456909179688,31.144317626953125,-161.60789489746094
-84.62033081054688,31.14019775390625,-161.57394409179688
-84.67483520507812,31.30413818359375,-161.74862670898438
-84.67781066894531,31.322494506835938,-161.87916564941406
-84.56298828125,31.282516479492188,-161.90216064453125
-84.58370971679688,31.405975341796875,-161.878662109375
-84.62399291992188,31.39947509765625,-161.90721130371094
-84.73396301269531,31.426666259765625,-161.7546844482422
-84.82540893554688,31.312271118164062,-161.61524963378906
-84.87481689453125,31.234649658203125,-161.63650512695312
-84.84353637695312,31.194076538085938,-161.78257751464844
-84.60317993164062,31.219467163085938,-161.88233947753906
-84.67404174804688,31.22705078125,-161.6864471435547
-84.60557556152344,31.047500610351562,-161.4419708251953
-84.49139404296875,31.097640991210938,-161.51548767089844
-84.35433959960938,31.08233642578125,-161.48265075683594
-84.364501953125,31.075820922851562,-161.44654846191406
-84.42112731933594,31.121353149414062,-161.4942169189453
-84.53082275390625,31.078765869140625,-161.8863983154297
-84.48332214355469,31.061508178710938,-161.84266662597656
-84.47650146484375,31.026611328125,-161.88525390625
-84.62786865234375,31.00628662109375,-161.678955078125
-84.55113220214844,31.040191650390625,-161.89244079589844
-84.61959838867188,31.042556762695312,-161.76197814941406
-84.70317077636719,31.262985229492188,-162.04454040527344
-84.62480163574219,31.247329711914062,-161.8067626953125
-84.45034790039062,31.184051513671875,-161.7919158935547
-84.58534240722656,31.210052490234375,-161.69126892089844
-84.56500244140625,31.254928588867188,-161.7880401611328
-84.44113159179688,31.184051513671875,-161.8489227294922
-84.46090698242188,31.377639770507812,-161.6727752685547
-84.59400939941406,31.211471557617188,-161.53932189941406
-84.62773132324219,31.251495361328125,-161.4485626220703
-84.39192199707031,31.173934936523438,-161.5008087158203
-84.50028991699219,31.19659423828125,-161.4696807861328
-84.480224609375,31.129470825195312,-161.4969482421875
-84.41133117675781,31.256820678710938,-161.51243591308594
-84.32151794433594,31.2027587890625,-161.696044921875
-84.42149353027344,31.216156005859375,-161.87847900390625
-84.19711303710938,31.203155517578125,-161.8871612548828
-84.17843627929688,31.17962646484375,-161.7783966064453
-84.13131713867188,31.319808959960938,-161.61520385742188
-84.01315307617188,31.237152099609375,-161.5198211669922
-84.1907958984375,31.172149658203125,-161.44207763671875
-84.32191467285156,31.233444213867188,-161.4760284423828
-84.29573059082031,31.135604858398438,-161.6139678955078
-84.31620788574219,31.241378784179688,-161.88438415527344
-84.15095520019531,31.32574462890625,-161.68060302734375
-84.24362182617188,31.198822021484375,-161.71177673339844
-84.24057006835938,31.265029907226562,-161.5955352783203
-84.22453308105469,31.196029663085938,-161.8095703125
-84.22050476074219,31.2353515625,-161.97093200683594
-84.23971557617188,31.339523315429688,-162.05738830566406
-84.23030090332031,31.141693115234375,-161.9512481689453
-84.41131591796875,31.217605590820312,-162.1595001220703
-84.4256591796875,31.283935546875,-162.11175537109375
-84.37149047851562,31.2080078125,-162.14794921875
-84.29638671875,31.260574340820312,-161.9254913330078
-84.32357788085938,31.309707641601562,-162.0270538330078
-84.34201049804688,31.255462646484375,-161.88328552246094
-84.32673645019531,31.032608032226562,-161.81529235839844
-84.31376647949219,30.99853515625,-161.89479064941406
-84.36402893066406,31.189697265625,-161.87159729003906
-84.48541259765625,31.227706909179688,-161.99012756347656
-84.40452575683594,31.178939819335938,-162.03819274902344
-84.38734436035156,31.081695556640625,-161.97467041015625
-84.40191650390625,31.211563110351562,-162.05267333984375
-84.33401489257812,31.252670288085938,-161.83663940429688
-84.36431884765625,31.248641967773438,-161.84095764160156
-84.31211853027344,31.16717529296875,-161.80865478515625
-84.34869384765625,31.15008544921875,-161.66766357421875
-84.3612060546875,31.346282958984375,-161.64395141601562
-84.22947692871094,31.42633056640625,-161.662841796875
-84.17385864257812,31.48114013671875,-161.74046325683594
-84.16006469726562,31.280441284179688,-161.8514862060547
-84.29107666015625,31.460342407226562,-161.79150390625
-84.16328430175781,31.483489990234375,-161.77523803710938
-84.19015502929688,31.267807006835938,-162.0570068359375
-84.41551208496094,31.21142578125,-161.94802856445312
-84.28724670410156,31.152297973632812,-161.77955627441406
-84.352783203125,31.2015380859375,-161.8721160888672
-84.40998840332031,31.17626953125,-161.7542724609375
-84.3494873046875,31.12493896484375,-161.95184326171875
-84.34310913085938,31.173583984375,-161.961181640625
-84.32794189453125,31.062759399414062,-162.0330810546875
-84.34031677246094,31.049209594726562,-161.96124267578125
-84.40187072753906,31.1884765625,-161.83657836914062
-84.39089965820312,31.072540283203125,-161.84713745117188
-84.27775573730469,31.043197631835938,-161.92465209960938
-84.35220336914062,31.077560424804688,-161.9514617919922
-84.35191345214844,31.019149780273438,-161.97398376464844
-84.34065246582031,30.99609375,-161.88833618164062
-84.41514587402344,31.054946899414062,-161.9481964111328
-84.29600524902344,31.068679809570312,-161.86270141601562
-84.40838623046875,31.049789428710938,-161.75709533691406
-84.15066528320312,31.096969604492188,-161.7758026123047
-84.26666259765625,31.182708740234375,-161.89498901367188
-84.24395751953125,31.180252075195312,-161.93765258789062
-84.26466369628906,31.081390380859375,-161.75450134277344
-84.20426940917969,30.999267578125,-161.60977172851562
-84.39813232421875,31.032546997070312,-161.68980407714844
-84.38829040527344,31.048004150390625,-161.6683807373047
-84.34104919433594,31.085891723632812,-161.78684997558594
-84.280517578125,31.247222900390625,-161.93141174316406
-84.36509704589844,31.127105712890625,-162.04824829101562
-84.37254333496094,31.175567626953125,-161.9870147705078
-84.42799377441406,31.182327270507812,-161.84536743164062
-84.31941223144531,31.073776245117188,-161.81338500976562
-84.329833984375,31.006195068359375,-161.8162384033203
-84.40093994140625,31.003555297851562,-162.0493621826172
-84.4102783203125,31.0308837890625,-161.95806884765625
-84.55654907226562,30.997894287109375,-162.15838623046875
-84.52061462402344,31.030044555664062,-162.104736328125
-84.43302917480469,31.07763671875,-162.02308654785156
-84.51481628417969,31.02435302734375,-162.1298828125
-84.44657897949219,31.00054931640625,-162.0030517578125
-84.46038818359375,30.90106201171875,-161.97763061523438
-84.30830383300781,30.925567626953125,-161.90357971191406
-84.28977966308594,30.960586547851562,-161.98574829101562
-84.30220031738281,30.898468017578125,-162.1075439453125
-84.28335571289062,31.055099487304688,-162.3308868408203
-84.37632751464844,31.061065673828125,-162.09194946289062
-84.32843017578125,30.867263793945312,-162.27239990234375
-84.37890625,30.725509643554688,-162.49728393554688
-84.3355712890625,30.949111938476562,-162.33255004882812
-84.43533325195312,31.070770263671875,-162.1674346923828
-84.40284729003906,31.015182495117188,-161.91879272460938
-84.4017333984375,30.868118286132812,-161.89903259277344
-84.34146118164062,30.867706298828125,-162.03150939941406
-84.32876586914062,30.928695678710938,-162.08486938476562
-84.53396606445312,31.120574951171875,-161.98472595214844
-84.58464050292969,30.980255126953125,-162.03262329101562
-84.67156982421875,30.951446533203125,-162.00376892089844
-84.84568786621094,30.879150390625,-161.96836853027344
-84.62905883789062,31.095230102539062,-161.97056579589844
-84.68226623535156,30.994491577148438,-161.98019409179688
-84.45561218261719,31.084121704101562,-161.932373046875
-84.53706359863281,31.265029907226562,-161.9486541748047
-84.64567565917969,31.172515869140625,-162.17007446289062
-84.59365844726562,31.371185302734375,-161.96368408203125
-84.67118835449219,31.306610107421875,-162.2799530029297
-84.66485595703125,31.288131713867188,-162.29554748535156
-84.76210021972656,31.147628784179688,-162.2943878173828
-84.74111938476562,31.178253173828125,-162.30557250976562
-84.6251220703125,31.279373168945312,-162.1009063720703
-84.51173400878906,31.123992919921875,-162.00010681152344
-84.63702392578125,31.103408813476562,-162.028564453125
-84.44813537597656,31.12554931640625,-161.9727783203125
-84.71339416503906,31.249069213867188,-162.13455200195312
-84.616943359375,31.267974853515625,-162.29342651367188
-84.61360168457031,31.091461181640625,-162.31695556640625
-84.54177856445312,31.19219970703125,-162.13914489746094
-84.46687316894531,31.219894409179688,-162.23504638671875
-84.45872497558594,31.234603881835938,-162.25975036621094
-84.4810791015625,31.055038452148438,-162.12310791015625
-84.52110290527344,31.071060180664062,-161.96888732910156
-84.3677978515625,31.14117431640625,-162.12942504882812
-84.36590576171875,31.2349853515625,-162.2329864501953
-84.41654968261719,31.355377197265625,-162.15098571777344
-84.36006164550781,31.380035400390625,-162.30543518066406
-84.49859619140625,31.20391845703125,-162.1422882080078
-84.47102355957031,31.059036254882812,-162.01332092285156
-84.41621398925781,30.857528686523438,-161.96531677246094
-84.398193359375,31.107803344726562,-162.20753479003906
-84.40557861328125,31.1087646484375,-162.2291717529297
-84.267333984375,31.124404907226562,-162.1593017578125
-84.13337707519531,31.127182006835938,-162.1112518310547
-84.24977111816406,31.010818481445312,-161.92623901367188
-84.39300537109375,31.26116943359375,-161.8880157470703
-84.51461791992188,31.1741943359375,-161.78793334960938
-84.66111755371094,31.008193969726562,-161.787353515625
-84.47734069824219,31.0,-161.8760986328125
-84.51023864746094,31.115692138671875,-161.99961853027344
-84.44544982910156,31.014251708984375,-161.99713134765625
-84.57400512695312,31.235809326171875,-161.92083740234375
-84.4288330078125,31.1844482421875,-161.82232666015625
-84.41181945800781,31.260665893554688,-161.7724609375
-84.36709594726562,31.207305908203125,-161.8654022216797
-84.39996337890625,31.121994018554688,-161.86587524414062
-84.3509521484375,31.30078125,-161.98817443847656
-84.14949035644531,31.479949951171875,-162.01345825195312
-84.13885498046875,31.363906860351562,-162.04893493652344
-84.36019897460938,31.266876220703125,-161.86891174316406
-84.24594116210938,31.10906982421875,-161.99008178710938
-84.3526611328125,31.121170043945312,-161.9523468017578
-84.5078125,31.129608154296875,-162.16961669921875
-84.57101440429688,31.18707275390625,-162.0734100341797
-84.32145690917969,31.121307373046875,-161.97853088378906
-84.30766296386719,31.209182739257812,-161.99993896484375
-84.44331359863281,31.221023559570312,-162.00247192382812
-84.451904296875,31.179595947265625,-161.99803161621094
-84.38909912109375,31.217681884765625,-161.9794921875
-84.40908813476562,31.250473022460938,-162.0225372314453
-84.3585205078125,31.251235961914062,-161.98275756835938
-84.29376220703125,31.26177978515625,-162.0016632080078
-84.45674133300781,31.163818359375,-161.8525848388672
-84.29258728027344,31.1414794921875,-161.877685546875
-84.54548645019531,31.3397216796875,-161.90057373046875
-84.49964904785156,31.2457275390625,-161.88296508789062
-84.56423950195312,31.2437744140625,-161.66908264160156
-84.44715881347656,31.265335083007812,-162.03521728515625
-84.55905151367188,31.26934814453125,-161.82357788085938
-84.53147888183594,31.366592407226562,-161.95468139648438
-84.6676025390625,31.319717407226562,-162.16830444335938
-84.46728515625,31.414352416992188,-162.119384765625
-84.62892150878906,31.478500366210938,-161.9732666015625
-84.603515625,31.481292724609375,-161.99710083007812
-84.66726684570312,31.418106079101562,-161.9581756591797
-84.77764892578125,31.318817138671875,-161.77349853515625
-84.69316101074219,31.3839111328125,-161.93417358398438
-84.64955139160156,31.322311401367188,-161.9612274169922
-84.64390563964844,31.2791748046875,-162.0027313232422
-84.71182250976562,31.423263549804688,-161.98899841308594
-84.84585571289062,31.370941162109375,-161.9472198486328
-84.84687805175781,31.253097534179688,-161.9412078857422
-84.80107116699219,31.251632690429688,-161.927978515625
-84.734619140625,31.38079833984375,-161.8884735107422
-84.75454711914062,31.127532958984375,-162.04527282714844
-84.7110595703125,31.19873046875,-162.11097717285156
-84.53456115722656,31.250961303710938,-162.15528869628906
-84.34873962402344,31.058151245117188,-162.1880645751953
-84.38194274902344,30.868499755859375,-162.01478576660156
-84.51885986328125,30.775588989257812,-161.9801788330078
-84.81315612792969,30.727767944335938,-162.09695434570312
-85.06024169921875,30.779205322265625,-162.00900268554688
-85.0284423828125,30.77325439453125,-162.17135620117188
-85.26315307617188,30.820663452148438,-162.3640594482422
-85.53421020507812,30.656570434570312,-162.33486938476562
-85.68531799316406,30.611770629882812,-162.0522918701172
-85.95242309570312,30.480148315429688,-162.04624938964844
-86.30671691894531,30.507308959960938,-162.0829315185547
-86.39540100097656,30.569015502929688,-161.95167541503906
-86.67202758789062,30.490188598632812,-162.05902099609375
-86.77436828613281,30.649642944335938,-161.91749572753906
-86.9034423828125,30.530014038085938,-161.98202514648438
-86.82777404785156,30.373367309570312,-161.97726440429688
-86.83708190917969,30.410064697265625,-161.83847045898438
-86.93746948242188,30.415313720703125,-161.81240844726562
-87.29179382324219,30.237579345703125,-161.83407592773438
-87.380126953125,30.255203247070312,-161.89352416992188
-87.744873046875,30.07537841796875,-161.83460998535156
-87.751220703125,30.017868041992188,-161.85964965820312
-87.89875793457031,30.0535888671875,-162.1823272705078
-87.91741943359375,30.087234497070312,-162.12034606933594
-88.0396728515625,29.97540283203125,-162.09413146972656
-88.02401733398438,29.964920043945312,-162.03419494628906
-87.97003173828125,29.8990478515625,-161.73565673828125
-87.96842956542969,29.904312133789062,-161.51026916503906
-88.0635986328125,29.853927612304688,-161.3409423828125
-87.95887756347656,29.849777221679688,-161.44732666015625
-87.75236511230469,29.700286865234375,-161.7788848876953
-87.51310729980469,29.87725830078125,-161.87767028808594
-87.42019653320312,29.898666381835938,-161.43043518066406
-87.28317260742188,30.1693115234375,-161.12472534179688
-87.13691711425781,30.55712890625,-160.82379150390625
-87.02439880371094,30.944107055664062,-160.60476684570312
-86.65513610839844,31.117584228515625,-160.28195190429688
-86.10111999511719,31.228424072265625,-160.06597900390625
-85.78436279296875,31.028045654296875,-160.11080932617188
-85.44187927246094,30.583419799804688,-160.3321075439453
-84.89971923828125,30.03460693359375,-160.94973754882812
-84.68254089355469,29.159103393554688,-161.5575714111328
-84.42784118652344,28.2286376953125,-162.42652893066406
-84.16532897949219,27.276748657226562,-163.26666259765625
-84.10401916503906,26.597579956054688,-164.1529998779297
-83.93316650390625,25.544921875,-165.1017303466797
-84.02520751953125,24.9080810546875,-165.66673278808594
-84.03543090820312,24.431259155273438,-166.1177215576172
-84.25752258300781,23.876861572265625,-166.8040771484375
-84.21128845214844,23.301605224609375,-167.32594299316406
-84.29753112792969,22.755630493164062,-168.03240966796875
-84.45393371582031,22.232635498046875,-168.565673828125
-84.51268005371094,21.93756103515625,-169.27874755859375
-84.68016052246094,21.362442016601562,-170.02880859375
-84.84660339355469,20.752166748046875,-170.77430725097656
-85.05421447753906,20.24951171875,-171.51385498046875
-85.29019165039062,19.854629516601562,-172.22666931152344
-85.46846008300781,19.494842529296875,-172.78848266601562
-85.84950256347656,19.10711669921875,-173.58407592773438
-86.02012634277344,18.7110595703125,-174.386962890625
-86.2906494140625,18.365005493164062,-175.07354736328125
-86.51425170898438,18.318756103515625,-175.73849487304688
-86.63206481933594,18.08514404296875,-176.3917236328125
-86.83937072753906,17.873580932617188,-176.98007202148438
-87.00921630859375,17.596145629882812,-177.5818328857422
-87.036865234375,17.190902709960938,-178.17857360839844
-87.18386840820312,17.150009155273438,-178.80856323242188
-87.36659240722656,16.97381591796875,-179.29823303222656
-87.52642822265625,16.666427612304688,-180.03976440429688
-87.7388916015625,16.56951904296875,-180.46871948242188
-87.70108032226562,16.256362915039062,-180.7750701904297
-87.64503479003906,16.164260864257812,-181.16140747070312
-87.73403930664062,16.222610473632812,-181.41177368164062
-87.56097412109375,16.08465576171875,-181.6941680908203
-87.14704895019531,15.951568603515625,-182.15301513671875
-86.73768615722656,15.836349487304688,-182.49391174316406
-86.369873046875,15.481597900390625,-182.82879638671875
-85.92115783691406,15.459274291992188,-183.31480407714844
-85.34736633300781,15.425155639648438,-183.54971313476562
-85.04385375976562,15.503707885742188,-183.3234100341797
-85.16937255859375,15.5938720703125,-183.07937622070312
-85.01942443847656,15.84228515625,-182.3521270751953
-85.05294799804688,15.877777099609375,-181.37533569335938
-85.03021240234375,16.277450561523438,-180.48776245117188
-85.27392578125,16.836288452148438,-179.35711669921875
-85.46546936035156,17.282989501953125,-178.23899841308594
-85.56524658203125,17.68951416015625,-177.50352478027344
-85.72186279296875,17.889419555664062,-176.81246948242188
-85.80201721191406,18.0855712890625,-176.59426879882812
-85.82020568847656,18.039291381835938,-176.1800079345703
-85.78132629394531,18.24578857421875,-176.11636352539062
-85.88223266601562,18.276840209960938,-176.0686798095703
-85.63084411621094,18.106521606445312,-176.18963623046875
-85.7080078125,18.009429931640625,-176.58248901367188
-85.48124694824219,17.966461181640625,-176.61573791503906
-85.324951171875,17.963760375976562,-176.82566833496094
-85.52072143554688,17.958786010742188,-177.19329833984375
-85.45948791503906,17.953414916992188,-177.19552612304688
-85.64012145996094,17.958663940429688,-177.31935119628906
-85.48829650878906,18.101791381835938,-177.48602294921875
-85.51141357421875,17.950592041015625,-177.45372009277344
-85.43365478515625,17.902938842773438,-177.3240203857422
-85.33372497558594,17.793838500976562,-177.46670532226562
-85.29151916503906,17.728195190429688,-177.41317749023438
-85.24545288085938,17.6566162109375,-177.6657257080078
-85.1748046875,17.666656494140625,-177.66180419921875
-85.09103393554688,17.67181396484375,-177.68630981445312
-85.00572204589844,17.591766357421875,-177.81484985351562
-84.88276672363281,17.486251831054688,-177.84326171875
-85.00923156738281,17.440109252929688,-177.87574768066406
-84.98379516601562,17.512451171875,-177.9263916015625
-85.11654663085938,17.631515502929688,-178.04710388183594
-85.25801086425781,17.5926513671875,-178.1702117919922
-85.13627624511719,17.505218505859375,-178.22598266601562
-85.15159606933594,17.49261474609375,-178.20303344726562
-85.25672912597656,17.391921997070312,-178.46502685546875
-85.26799011230469,17.273956298828125,-178.46035766601562
-85.37185668945312,17.407928466796875,-178.44187927246094
-85.39530944824219,17.242889404296875,-178.3603057861328
-85.61538696289062,17.203598022460938,-178.62696838378906
-85.51666259765625,17.2117919921875,-178.7111358642578
-85.44847106933594,17.28497314453125,-178.65811157226562
-85.33465576171875,17.115341186523438,-178.50717163085938
-85.31861877441406,17.098831176757812,-178.46182250976562
-85.11903381347656,17.258651733398438,-178.31700134277344
-85.22796630859375,17.413009643554688,-178.4265594482422
-85.2197265625,17.548080444335938,-178.37026977539062
-85.1807861328125,17.510009765625,-178.12701416015625
-85.14779663085938,17.342056274414062,-178.24742126464844
-85.09071350097656,17.278457641601562,-178.3844757080078
-85.13189697265625,17.1962890625,-178.3957977294922
-85.18002319335938,17.203033447265625,-178.5007781982422
-85.29447937011719,17.27691650390625,-178.6094207763672
-85.34724426269531,16.972076416015625,-178.8130340576172
-85.16151428222656,16.861343383789062,-179.0738067626953
-84.9981689453125,17.152511596679688,-179.02716064453125
-85.19554138183594,17.039306640625,-179.05381774902344
-85.09776306152344,16.813186645507812,-179.00193786621094
-84.98832702636719,16.833251953125,-179.09056091308594
-85.02357482910156,16.911819458007812,-179.0105743408203
-84.96319580078125,16.82568359375,-179.22555541992188
-84.88681030273438,16.828033447265625,-179.12051391601562
-84.85801696777344,16.816680908203125,-179.21502685546875
-84.82608032226562,16.880767822265625,-179.246337890625
-84.77833557128906,16.932876586914062,-179.1670684814453
-84.88191223144531,16.833160400390625,-179.19412231445312
-84.88949584960938,16.815475463867188,-179.13414001464844
-84.77496337890625,16.841354370117188,-179.01141357421875
-84.98980712890625,16.789047241210938,-178.9725799560547
-84.83111572265625,16.686431884765625,-179.1107635498047
-84.83685302734375,16.723342895507812,-179.44444274902344
-84.6114501953125,16.5802001953125,-179.48443603515625
-84.72123718261719,16.686767578125,-179.3396453857422
-84.6058349609375,16.55499267578125,-179.4637451171875
-84.5404052734375,16.603012084960938,-179.44699096679688
-84.64205932617188,16.585800170898438,-179.43756103515625
-84.87167358398438,16.77203369140625,-179.41954040527344
-84.69227600097656,16.682418823242188,-179.6792755126953
-84.6624755859375,16.786956787109375,-179.57838439941406
-84.484619140625,16.571792602539062,-179.83876037597656
-84.6722412109375,16.609664916992188,-179.73988342285156
-84.56632995605469,16.609909057617188,-179.6214599609375
-84.54762268066406,16.453216552734375,-179.47763061523438
-84.50520324707031,16.47698974609375,-179.442626953125
-84.5780029296875,16.605133056640625,-179.41180419921875
-84.53593444824219,16.7623291015625,-179.41436767578125
-84.61227416992188,16.812576293945312,-179.55136108398438
-84.65592956542969,16.767120361328125,-179.49827575683594
-84.79338073730469,16.739410400390625,-179.4324493408203
-84.80412292480469,16.7952880859375,-179.63656616210938
-84.77928161621094,16.577804565429688,-179.5325927734375
-84.65139770507812,16.678741455078125,-179.467529296875
-84.87837219238281,16.678192138671875,-179.1995849609375
-84.87960815429688,16.728805541992188,-179.17356872558594
-84.96099853515625,16.566696166992188,-179.27503967285156
-84.90408325195312,16.783843994140625,-179.55514526367188
-85.0570068359375,16.6607666015625,-179.48890686035156
-85.21865844726562,16.657546997070312,-179.80877685546875
-85.30885314941406,16.551406860351562,-179.75579833984375
-85.29135131835938,16.497039794921875,-179.86907958984375
-85.27143859863281,16.526275634765625,-180.00616455078125
-85.23269653320312,16.584152221679688,-180.12806701660156
-85.35200500488281,16.468505859375,-180.27175903320312
-85.48478698730469,16.461700439453125,-180.39254760742188
-85.5457763671875,16.450897216796875,-180.38040161132812
-85.49729919433594,16.51934814453125,-180.44842529296875
-85.57704162597656,16.512481689453125,-180.65634155273438
-85.68751525878906,16.580307006835938,-180.43017578125
-85.736572265625,16.600540161132812,-180.6272430419922
-85.62362670898438,16.310577392578125,-180.75189208984375
-85.56675720214844,16.364288330078125,-180.79566955566406
-85.67469787597656,16.28631591796875,-180.7464599609375
-85.79586791992188,16.229476928710938,-180.86312866210938
-85.78227233886719,16.236801147460938,-180.67349243164062
-85.73570251464844,16.292892456054688,-180.8381805419922
-85.98548889160156,16.266250610351562,-180.9273681640625
-85.97467041015625,16.245712280273438,-180.88726806640625
-85.92361450195312,16.281570434570312,-180.9515380859375
-85.91714477539062,16.2822265625,-180.81105041503906
-86.00740051269531,16.382080078125,-180.5474853515625
-86.04801940917969,16.160629272460938,-180.2020263671875
-86.17326354980469,16.097259521484375,-180.46165466308594
-86.36856079101562,16.132644653320312,-180.64376831054688
-86.35696411132812,16.286346435546875,-180.58433532714844
-86.279296875,16.330093383789062,-180.44735717773438
-86.2940673828125,16.294296264648438,-180.39491271972656
-86.47380065917969,16.27606201171875,-180.62322998046875
-86.33551025390625,16.37530517578125,-180.79202270507812
-86.30223083496094,16.268875122070312,-180.89404296875
-86.07313537597656,16.350341796875,-180.9378662109375
-86.01799011230469,16.44012451171875,-180.9658203125
-86.2177734375,16.396408081054688,-180.9200897216797
-86.28244018554688,16.482147216796875,-181.08401489257812
-86.18461608886719,16.392730712890625,-181.40603637695312
-86.05738830566406,16.377822875976562,-181.5631103515625
-86.10455322265625,16.321121215820312,-181.32960510253906
-86.10710144042969,16.410018920898438,-181.32994079589844
-85.97149658203125,16.346466064453125,-181.3413848876953
-85.97491455078125,16.388031005859375,-181.3704833984375
-86.0045166015625,16.362884521484375,-181.4264678955078
-86.00180053710938,16.326370239257812,-181.36326599121094
-86.22474670410156,16.1976318359375,-181.64739990234375
-86.09194946289062,16.174774169921875,-181.60586547851562
-86.11878967285156,16.355545043945312,-181.5165557861328
-86.21041870117188,16.415496826171875,-181.69583129882812
-86.26097106933594,16.359725952148438,-181.89254760742188
-86.20791625976562,16.402008056640625,-182.07339477539062
-86.34580993652344,16.514144897460938,-181.89959716796875
-86.3671875,16.403778076171875,-181.69876098632812
-86.35212707519531,16.344192504882812,-181.73287963867188
-86.42910766601562,16.313095092773438,-181.74063110351562
-86.61149597167969,16.47039794921875,-181.8934783935547
-86.96272277832031,16.452606201171875,-182.12527465820312
-87.2139892578125,16.610595703125,-182.35218811035156
-87.48092651367188,16.798309326171875,-182.48362731933594
-87.73031616210938,16.6829833984375,-182.4954376220703
-87.62646484375,16.810302734375,-182.53810119628906
-88.01556396484375,17.04840087890625,-182.58590698242188
-88.20985412597656,17.128875732421875,-182.44786071777344
-88.69120788574219,17.315811157226562,-182.43548583984375
-89.0484619140625,17.604537963867188,-182.37960815429688
-89.35548400878906,17.9134521484375,-182.23995971679688
-89.5467529296875,18.327529907226562,-182.24209594726562
-89.88961791992188,18.503555297851562,-182.22633361816406
-90.18937683105469,18.820159912109375,-182.17550659179688
-90.66574096679688,19.366897583007812,-182.00344848632812
-91.18287658691406,19.89971923828125,-181.95742797851562
-91.61341857910156,20.389663696289062,-181.5630645751953
-92.13896179199219,20.896041870117188,-181.44969177246094
-92.63839721679688,21.48590087890625,-181.16036987304688
-92.9320068359375,22.126739501953125,-180.74559020996094
-93.24800109863281,22.798614501953125,-180.16949462890625
-93.63641357421875,23.446334838867188,-179.6344757080078
-94.05238342285156,24.399612426757812,-179.18397521972656
-94.50297546386719,25.226608276367188,-178.57388305664062
-94.95777893066406,26.21258544921875,-177.95008850097656
-95.39006042480469,27.349746704101562,-177.43380737304688
-95.65780639648438,28.371536254882812,-176.7879638671875
-96.27153015136719,29.4107666015625,-176.13059997558594
-96.76261901855469,30.521652221679688,-175.3070068359375
-97.41055297851562,31.764663696289062,-175.02069091796875
-98.08248901367188,33.095855712890625,-174.3539581298828
-98.61033630371094,34.56892395019531,-173.6624755859375
-99.25692749023438,36.29924011230469,-173.1404571533203
-99.85670471191406,38.055511474609375,-172.4671630859375
-100.59719848632812,39.809967041015625,-172.17723083496094
-101.51806640625,41.55543518066406,-171.78465270996094
-102.16510009765625,43.14997863769531,-171.3628692626953
-103.01275634765625,45.06126403808594,-170.98233032226562
-103.818359375,46.94984436035156,-170.7863311767578
-104.74832153320312,49.004486083984375,-171.00100708007812
-105.39326477050781,50.98747253417969,-171.2491912841797
-106.38871765136719,52.93357849121094,-171.22398376464844
-107.15322875976562,54.98301696777344,-171.39413452148438
-107.96104431152344,56.73728942871094,-171.3942413330078
-108.52189636230469,58.84199523925781,-171.822021484375
-109.19625854492188,60.72288513183594,-172.11453247070312
-109.67308044433594,62.95533752441406,-172.5298614501953
-110.14169311523438,64.84866333007812,-172.8652801513672
-110.89022827148438,66.79643249511719,-173.06768798828125
-111.69676208496094,68.91044616699219,-173.46522521972656
-112.61427307128906,71.07797241210938,-174.1314697265625
-113.60983276367188,72.949462890625,-174.78271484375
-114.68869018554688,74.88720703125,-175.62744140625
-115.75129699707031,76.82563781738281,-176.51126098632812
-116.93106079101562,78.9112548828125,-177.28355407714844
-117.91844177246094,80.86474609375,-177.68527221679688
-119.192138671875,83.08576965332031,-177.96856689453125
-120.11441040039062,85.23516845703125,-178.42884826660156
-121.21772766113281,87.25654602050781,-179.1443634033203
-122.49980163574219,89.15167236328125,-180.04171752929688
-123.55224609375,91.06112670898438,-181.54025268554688
-124.8768310546875,93.05911254882812,-183.12210083007812
-126.26365661621094,95.11611938476562,-184.6561279296875
-127.49771118164062,97.49842834472656,-186.7443389892578
-128.9315643310547,99.80424499511719,-189.67227172851562
-130.49220275878906,101.82888793945312,-193.61090087890625
-131.83517456054688,103.57392883300781,-197.97987365722656
-132.89712524414062,105.44566345214844,-202.3888702392578
-133.77549743652344,107.20968627929688,-207.1409149169922
-133.95330810546875,108.49299621582031,-212.2119903564453
-134.42572021484375,109.24160766601562,-218.0760955810547
-134.83038330078125,109.65510559082031,-224.8448944091797
-135.15199279785156,109.57241821289062,-232.57113647460938
-135.12124633789062,108.87136840820312,-241.8437957763672
-134.266845703125,107.59573364257812,-252.39613342285156
-133.05360412597656,110.13496398925781,-264.29083251953125
-135.49510192871094,121.26904296875,-279.420166015625
-140.66854858398438,131.9744110107422,-292.61053466796875
-142.46534729003906,134.73196411132812,-296.75848388671875
-142.53919982910156,134.9836883544922,-296.45843505859375
-142.521240234375,135.057861328125,-296.11328125
-142.681640625,135.0876922607422,-295.6463623046875
-142.6373291015625,135.26443481445312,-295.4170227050781
-142.8478546142578,135.30679321289062,-295.45556640625
-142.9452667236328,135.30519104003906,-295.4285888671875
-142.99070739746094,135.2770233154297,-295.4295349121094
-142.7869110107422,135.37078857421875,-295.5089111328125
-142.75347900390625,135.3079833984375,-295.60150146484375
-142.6161651611328,135.20452880859375,-295.5924987792969
-142.6917724609375,135.38734436035156,-295.6187744140625
-142.58409118652344,135.4943389892578,-295.5361328125
-142.48768615722656,135.4048614501953,-295.59185791015625
-142.49960327148438,135.4292755126953,-295.57177734375
-142.4552459716797,135.39096069335938,-295.4169921875
-142.3599853515625,135.2914276123047,-295.2765808105469
-142.21578979492188,135.26321411132812,-295.0836486816406
-142.32933044433594,135.52133178710938,-295.0588684082031
-142.19107055664062,135.49545288085938,-295.1910400390625
-142.10659790039062,135.51927185058594,-295.1441650390625
-142.08566284179688,135.39894104003906,-294.97265625
-142.32754516601562,135.2324981689453,-294.8365478515625
-142.02919006347656,135.2547149658203,-294.66778564453125
-141.8423309326172,135.47787475585938,-294.6543273925781
-141.90512084960938,135.5314483642578,-294.6090087890625
-141.75482177734375,135.33151245117188,-294.68402099609375
-141.7025909423828,135.35545349121094,-294.67425537109375
-141.67230224609375,135.6265106201172,-294.5923156738281
-141.75726318359375,135.58535766601562,-294.6639404296875
-141.64376831054688,135.32315063476562,-294.7254638671875
-141.91065979003906,135.31710815429688,-294.80609130859375
-141.84878540039062,135.18589782714844,-294.7019958496094
-141.77951049804688,135.15765380859375,-294.8790283203125
-141.87001037597656,135.35400390625,-294.73504638671875
-141.78927612304688,135.27740478515625,-294.63482666015625
-141.8612060546875,135.36398315429688,-294.41058349609375
-141.89041137695312,135.14907836914062,-294.32940673828125
-141.92141723632812,135.40032958984375,-293.92901611328125
-141.84732055664062,135.35116577148438,-293.6041259765625
-141.85694885253906,135.4530029296875,-293.5563049316406
-141.9586181640625,135.60675048828125,-293.31927490234375
-142.03421020507812,135.79066467285156,-292.89495849609375
-142.12054443359375,135.82769775390625,-292.6396179199219
-142.2391357421875,135.94284057617188,-292.3404541015625
-142.082763671875,136.21502685546875,-291.9278564453125
-142.11004638671875,136.19534301757812,-291.8082275390625
-142.163818359375,136.1302490234375,-291.3746337890625
-142.05992126464844,136.23777770996094,-290.9693603515625
-142.1096649169922,136.43087768554688,-290.6563415527344
-142.0483856201172,136.29879760742188,-290.42144775390625
-141.49530029296875,136.47967529296875,-290.1173095703125
-141.30709838867188,136.63851928710938,-289.791748046875
-141.02813720703125,136.59129333496094,-289.35394287109375
-140.66439819335938,136.59300231933594,-288.8427734375
-140.3235626220703,136.82545471191406,-288.427734375
-140.0614013671875,137.0991668701172,-288.34368896484375
-139.6703643798828,136.99473571777344,-287.9708251953125
-139.37026977539062,137.42808532714844,-287.6903076171875
-139.0466766357422,137.63893127441406,-287.1214904785156
-138.9386444091797,137.96531677246094,-286.2148742675781
-138.88514709472656,138.3304443359375,-285.191162109375
-138.9576416015625,138.97140502929688,-284.281005859375
-139.0968780517578,139.60476684570312,-283.00048828125
-138.9928741455078,140.22378540039062,-281.7713928222656
-139.2034454345703,140.94911193847656,-280.8801574707031
-139.29440307617188,141.73924255371094,-279.8304138183594
-139.60302734375,142.40609741210938,-278.8001708984375
-139.8238067626953,143.07852172851562,-277.9480285644531
-140.28271484375,143.74888610839844,-277.155517578125
-140.5989990234375,144.32472229003906,-276.47833251953125
-140.81834411621094,144.842041015625,-275.6487121582031
-141.18365478515625,145.56005859375,-274.9405517578125
-141.31887817382812,145.86520385742188,-274.488525390625
-141.63800048828125,146.4497833251953,-274.0830078125
-141.93345642089844,146.8870849609375,-273.8324890136719
-142.289306640625,147.17796325683594,-273.5212707519531
-142.52720642089844,147.49769592285156,-273.41064453125
-142.65821838378906,147.66648864746094,-273.1927185058594
-142.56521606445312,148.15858459472656,-273.06793212890625
-142.4608154296875,148.34683227539062,-273.1776123046875
-142.50674438476562,148.48109436035156,-272.7677307128906
-142.55465698242188,148.61761474609375,-272.73919677734375
-142.5476531982422,148.7989044189453,-272.5415344238281
-142.5877685546875,149.19923400878906,-272.301025390625
-142.71910095214844,149.3594207763672,-272.2059326171875
-142.81080627441406,149.62535095214844,-272.182373046875
-142.94004821777344,149.7471923828125,-272.1043701171875
-143.0946807861328,150.0318145751953,-271.97186279296875
-143.3302764892578,150.2922821044922,-271.788818359375
-143.6139678955078,150.59864807128906,-271.826904296875
-143.84373474121094,150.6491241455078,-271.4666748046875
-143.78782653808594,151.050537109375,-271.56134033203125
-143.77586364746094,151.26138305664062,-271.3861083984375
-143.8578643798828,151.2602996826172,-271.3078918457031
-143.72384643554688,151.3777618408203,-271.457763671875
-143.8052520751953,151.19143676757812,-271.524658203125
-143.9502410888672,151.21087646484375,-271.8212890625
-143.91127014160156,151.1207733154297,-271.74932861328125
-144.01451110839844,151.04307556152344,-271.908935546875
-144.03384399414062,151.1936492919922,-271.98284912109375
-144.0405731201172,151.2593994140625,-272.0040283203125
-143.98471069335938,151.37843322753906,-272.09051513671875
-144.22694396972656,151.26658630371094,-272.1102600097656
-144.2398223876953,151.4001922607422,-271.8330078125
-144.0472869873047,151.4051055908203,-271.68133544921875
-144.0840301513672,151.61740112304688,-271.70355224609375
-144.109619140625,151.4370880126953,-271.68670654296875
-144.0586700439453,151.4763946533203,-271.77001953125
-143.81568908691406,151.5502166748047,-271.8093566894531
-143.27569580078125,151.65853881835938,-271.778564453125
-142.7154998779297,151.51100158691406,-271.5037841796875
-142.4959259033203,151.5279998779297,-271.44964599609375
-142.38917541503906,151.4453125,-271.513916015625
-142.11203002929688,151.6556854248047,-271.72607421875
-142.17459106445312,151.5695037841797,-271.71826171875
-142.11776733398438,151.55189514160156,-271.6938781738281
-141.8062744140625,151.42807006835938,-271.86090087890625
-141.69041442871094,151.41439819335938,-271.7838134765625
-141.7830047607422,151.602294921875,-271.777099609375
-141.88418579101562,151.61817932128906,-271.71087646484375
-141.9011688232422,151.63116455078125,-271.7194519042969
-141.96713256835938,151.64593505859375,-271.75244140625
-141.94549560546875,151.5916290283203,-271.83746337890625
-141.9844970703125,151.6899871826172,-271.6468811035156
-142.190673828125,151.7235565185547,-271.5147705078125
-142.05308532714844,151.7976531982422,-271.48095703125
-141.952880859375,151.72384643554688,-271.3437194824219
-142.02169799804688,151.71951293945312,-271.385498046875
-142.0390625,151.70108032226562,-271.3555603027344
-142.10731506347656,151.6187286376953,-271.41455078125
-142.01829528808594,151.56887817382812,-271.3222961425781
-142.01083374023438,151.65565490722656,-271.3874206542969
-141.83860778808594,151.55831909179688,-271.3343505859375
-141.94590759277344,151.67404174804688,-271.2982177734375
-141.7346649169922,151.66680908203125,-271.4986267089844
-141.7497100830078,151.48666381835938,-271.54901123046875
-141.9002685546875,151.47039794921875,-271.34027099609375
-142.014892578125,151.5438232421875,-271.3961486816406
-141.8199920654297,151.37557983398438,-271.35784912109375
-141.75030517578125,151.4884796142578,-271.570556640625
-142.00015258789062,151.4676513671875,-271.5213623046875
-141.91470336914062,151.4894256591797,-271.4544372558594
-142.0008087158203,151.44155883789062,-271.5252685546875
-142.02536010742188,151.44317626953125,-271.516357421875
-142.11508178710938,151.4258270263672,-271.4824523925781
-142.21682739257812,151.58718872070312,-271.51898193359375
-142.16561889648438,151.57394409179688,-271.4352111816406
-142.2486114501953,151.73715209960938,-271.4403381347656
-142.2125244140625,151.6865997314453,-271.29229736328125
-142.01629638671875,151.660888671875,-271.2805480957031
-142.0111541748047,151.6016082763672,-271.45745849609375
-141.9708709716797,151.49661254882812,-271.8262939453125
-141.90110778808594,151.3359832763672,-271.809326171875
-141.859130859375,151.2845458984375,-271.62640380859375
-141.94114685058594,151.51318359375,-271.62738037109375
-141.71981811523438,151.574951171875,-271.5743408203125
-141.68429565429688,151.69686889648438,-271.36968994140625
-141.70233154296875,151.80618286132812,-271.4574890136719
-141.74639892578125,151.62484741210938,-271.687744140625
-141.90093994140625,151.56785583496094,-271.71990966796875
-141.66348266601562,151.5756072998047,-271.8087158203125
-141.94056701660156,151.4798126220703,-271.84417724609375
-141.85801696777344,151.46543884277344,-271.6741027832031
-141.83462524414062,151.3956756591797,-271.66217041015625
-141.83326721191406,151.416015625,-271.4524841308594
-141.82313537597656,151.3357391357422,-271.5193786621094
-141.93710327148438,151.41641235351562,-271.3736572265625
-141.84703063964844,151.40719604492188,-271.279296875
-141.9052276611328,151.39431762695312,-271.3182067871094
-141.93222045898438,151.40501403808594,-271.4673156738281
-141.8181610107422,151.44903564453125,-271.55523681640625
-141.82052612304688,151.48883056640625,-271.5585632324219
-141.763427734375,151.50233459472656,-271.32025146484375
-141.899169921875,151.6122589111328,-271.2890319824219
-141.8885498046875,151.65347290039062,-271.3270263671875
-141.90078735351562,151.59754943847656,-271.118896484375
-141.87246704101562,151.5934600830078,-271.213623046875
-141.8977508544922,151.58529663085938,-271.4170227050781
-141.72157287597656,151.55117797851562,-271.298095703125
-141.7917022705078,151.6677703857422,-271.38262939453125
-141.8136444091797,151.58103942871094,-271.3685302734375
-141.8232879638672,151.62782287597656,-271.4080810546875
-141.98619079589844,151.63345336914062,-271.484375
-142.08973693847656,151.91558837890625,-271.50445556640625
-142.0926971435547,151.7984619140625,-271.565185546875
-142.05320739746094,151.69090270996094,-271.6419372558594
-142.08213806152344,151.77337646484375,-271.89605712890625
-141.94859313964844,151.7538604736328,-271.895263671875
-141.91644287109375,151.62399291992188,-271.70758056640625
-141.68386840820312,151.46307373046875,-271.6585388183594
-141.5794677734375,151.48403930664062,-271.7159423828125
-141.7107391357422,151.58169555664062,-271.66571044921875
-141.74559020996094,151.4065399169922,-271.470703125
-141.67886352539062,151.53961181640625,-271.4891357421875
-141.52621459960938,151.43284606933594,-271.43157958984375
-141.72084045410156,151.53196716308594,-271.55279541015625
-141.80418395996094,151.54676818847656,-271.54547119140625
-141.9071807861328,151.40521240234375,-271.5125427246094
-141.8836669921875,151.48818969726562,-271.4720458984375
-141.81568908691406,151.45294189453125,-271.5625
-141.85031127929688,151.3361358642578,-271.453369140625
-141.86105346679688,151.42538452148438,-271.4495849609375
-141.81051635742188,151.42153930664062,-271.4908447265625
-141.85092163085938,151.45748901367188,-271.54541015625
-141.81597900390625,151.47463989257812,-271.3760986328125
-141.87332153320312,151.5194091796875,-271.3847961425781
-141.93052673339844,151.48251342773438,-271.3131103515625
-141.88473510742188,151.422119140625,-271.474365234375
-141.66615295410156,151.30638122558594,-271.282958984375
-141.61184692382812,151.29371643066406,-271.3702392578125
-141.55711364746094,151.14566040039062,-271.5487976074219
-141.66050720214844,151.28488159179688,-271.5397644042969
-141.9370574951172,151.1335906982422,-271.3577880859375
-141.9519805908203,151.24176025390625,-271.2441101074219
-141.94483947753906,151.14723205566406,-271.2400207519531
-141.92559814453125,151.3765869140625,-271.434814453125
-141.70840454101562,151.41412353515625,-271.5597839355469
-141.65621948242188,151.30593872070312,-271.54376220703125
-141.8442840576172,151.39358520507812,-271.4693603515625
-141.8896026611328,151.3260040283203,-271.72515869140625
-141.86343383789062,151.3169403076172,-271.592041015625
-141.91282653808594,151.41622924804688,-271.7523193359375
-141.91836547851562,151.3815155029297,-271.5934143066406
-141.9306640625,151.48703002929688,-271.7177734375
-141.89695739746094,151.2886199951172,-271.63043212890625
-141.9539337158203,151.43646240234375,-271.4798278808594
-142.09739685058594,151.77822875976562,-271.225830078125
-142.08551025390625,151.6709442138672,-270.98199462890625
-142.07176208496094,151.66506958007812,-270.8863525390625
-142.05572509765625,151.53408813476562,-270.9697265625
-142.0341339111328,151.4186248779297,-271.1180114746094
-142.07151794433594,151.349365234375,-271.07843017578125
-142.0325164794922,151.3375701904297,-270.9857177734375
-142.08175659179688,151.54373168945312,-271.18017578125
-142.0393829345703,151.4899444580078,-271.32232666015625
-142.07699584960938,151.48272705078125,-271.35382080078125
-141.98992919921875,151.29737854003906,-271.3856201171875
-141.8474884033203,151.372802734375,-271.3476867675781
-141.941162109375,151.41038513183594,-271.00030517578125
-141.72386169433594,151.4414825439453,-271.0205993652344
-141.74855041503906,151.34808349609375,-271.01812744140625
-141.6183624267578,151.5211181640625,-271.1263427734375
-141.6543426513672,151.34178161621094,-271.18212890625
-141.59152221679688,151.41769409179688,-271.33355712890625
-141.73370361328125,151.28094482421875,-271.26806640625
-141.67086791992188,151.37155151367188,-271.21246337890625
-141.86387634277344,151.33502197265625,-271.1148681640625
-141.79339599609375,151.3497314453125,-271.2469177246094
-141.8387451171875,151.34689331054688,-271.1611022949219
-141.6921844482422,151.41571044921875,-271.101318359375
-141.79315185546875,151.2780303955078,-271.22747802734375
-141.8961181640625,151.40765380859375,-271.31207275390625
-142.05723571777344,151.2924041748047,-271.28973388671875
-142.19813537597656,151.37828063964844,-271.32861328125
-142.22186279296875,151.3822784423828,-271.33636474609375
-141.96656799316406,151.30946350097656,-271.3444519042969
-142.08465576171875,151.38278198242188,-271.32275390625
-142.07740783691406,151.24581909179688,-271.4010009765625
-142.0957794189453,151.27491760253906,-271.537109375
-141.9963836669922,151.41195678710938,-271.3312683105469
-141.981201171875,151.35511779785156,-271.298828125
-141.82986450195312,151.28616333007812,-271.35186767578125
-141.8621063232422,151.3262939453125,-271.31298828125
-141.92001342773438,151.34690856933594,-271.287109375
-142.03973388671875,151.36642456054688,-271.35150146484375
-141.84439086914062,151.27374267578125,-271.2998046875
-141.69679260253906,151.3665008544922,-271.5231018066406
-141.63092041015625,151.4315948486328,-271.4899597167969
-141.77194213867188,151.28443908691406,-271.50030517578125
-141.74058532714844,151.30223083496094,-271.4208679199219
-141.7546844482422,151.43505859375,-271.3599853515625
-141.7056427001953,151.27894592285156,-271.3577575683594
-141.71420288085938,151.2735595703125,-271.3314514160156
-141.74285888671875,151.44998168945312,-271.2659912109375
-141.92247009277344,151.56761169433594,-271.18267822265625
-141.84303283691406,151.44056701660156,-271.3185119628906
-141.80894470214844,151.46975708007812,-271.47979736328125
-141.7010498046875,151.41775512695312,-271.29156494140625
-141.7978515625,151.3876495361328,-271.32769775390625
-141.94061279296875,151.4040985107422,-271.28497314453125
-141.85610961914062,151.47059631347656,-271.3003845214844
-141.82797241210938,151.46939086914062,-271.4648132324219
-142.0482177734375,151.4623565673828,-271.69976806640625
-141.96585083007812,151.45265197753906,-271.7822265625
-142.00157165527344,151.48721313476562,-271.744140625
-142.11557006835938,151.4846649169922,-271.70843505859375
-141.9823760986328,151.3569793701172,-271.45062255859375
-141.92999267578125,151.28785705566406,-271.58013916015625
-141.84588623046875,151.37437438964844,-271.7225646972656
-141.8223419189453,151.40383911132812,-271.67340087890625
-141.83282470703125,151.5325927734375,-271.6907958984375
-141.887451171875,151.4071807861328,-271.60565185546875
-141.83734130859375,151.40817260742188,-271.5520324707031
-141.9426727294922,151.54176330566406,-271.4530334472656
-142.06973266601562,151.53314208984375,-271.3570556640625
-142.00860595703125,151.557861328125,-271.27899169921875
-141.8464813232422,151.62835693359375,-271.31500244140625
-141.83250427246094,151.51837158203125,-271.2872009277344
-141.7274627685547,151.29872131347656,-271.3345642089844
-141.74343872070312,151.34197998046875,-271.3184814453125
-141.8575439453125,151.42364501953125,-271.22357177734375
-141.881103515625,151.42086791992188,-271.1225891113281
-141.8303985595703,151.3095703125,-271.39495849609375
-141.95181274414062,151.41722106933594,-271.49615478515625
-141.82872009277344,151.4426727294922,-271.44744873046875
-142.10267639160156,151.40554809570312,-271.305419921875
-142.05047607421875,151.50498962402344,-271.31256103515625
-142.1705322265625,151.4182586669922,-271.371826171875
-142.0302734375,151.4984130859375,-271.28631591796875
-142.0818634033203,151.53164672851562,-271.57269287109375
-142.02024841308594,151.5159149169922,-271.52606201171875
-141.95436096191406,151.3681640625,-271.5138854980469
-142.04237365722656,151.35211181640625,-271.73724365234375
-142.0879364013672,151.33697509765625,-271.7799072265625
-141.9912109375,151.48316955566406,-271.80389404296875
-141.97410583496094,151.41180419921875,-271.72467041015625
-141.80087280273438,151.5456085205078,-271.624267578125
-141.9551544189453,151.30982971191406,-271.8409423828125
-141.84695434570312,151.3757781982422,-271.7071228027344
-142.05819702148438,151.3083953857422,-271.53131103515625
-142.06271362304688,151.3998260498047,-271.359619140625
-141.92918395996094,151.30038452148438,-271.54168701171875
-141.6833038330078,151.40347290039062,-271.57513427734375
-141.72393798828125,151.4345703125,-271.62078857421875
-141.86038208007812,151.41200256347656,-271.6260986328125
-141.8369903564453,151.5294189453125,-271.5426330566406
-141.9533233642578,151.49044799804688,-271.33135986328125
-141.85133361816406,151.49440002441406,-271.4886474609375
-142.04190063476562,151.4376220703125,-271.4488220214844
-141.81298828125,151.4456329345703,-271.5087890625
-141.91531372070312,151.67041015625,-271.4738464355469
-141.92453002929688,151.68121337890625,-271.4349365234375
-141.78289794921875,151.71337890625,-271.3475646972656
-141.71963500976562,151.59922790527344,-271.3753662109375
-141.82516479492188,151.4867401123047,-271.20391845703125
-141.8584747314453,151.4935302734375,-271.3961181640625
-141.87010192871094,151.3602752685547,-271.2839050292969
-141.81748962402344,151.36505126953125,-271.28753662109375
-141.6654052734375,151.3150634765625,-271.5037841796875
-141.7141876220703,151.53172302246094,-271.4991760253906
-141.6747589111328,151.51864624023438,-271.4555969238281
-141.66015625,151.4368438720703,-271.32513427734375
-141.6365203857422,151.47894287109375,-271.279541015625
-141.74729919433594,151.5028076171875,-271.50201416015625
-141.7064666748047,151.51730346679688,-271.40740966796875
-141.91539001464844,151.56832885742188,-271.3118896484375
-141.71116638183594,151.6052703857422,-271.5145263671875
-141.6858367919922,151.47535705566406,-271.46246337890625
-141.67788696289062,151.41799926757812,-271.49591064453125
-141.53546142578125,151.42413330078125,-271.56396484375
-141.69036865234375,151.374755859375,-271.4461669921875
-141.84654235839844,151.3929901123047,-271.37945556640625
-142.0798797607422,151.3675994873047,-271.39825439453125
-142.0778045654297,151.38912963867188,-271.3935546875
-141.91616821289062,151.2930450439453,-271.32269287109375
-141.89117431640625,151.35914611816406,-271.15032958984375
-141.76641845703125,151.39694213867188,-271.1251220703125
-141.7576446533203,151.3468780517578,-271.0296630859375
-141.84481811523438,151.3873748779297,-271.13238525390625
-141.83169555664062,151.41673278808594,-271.169189453125
-142.024658203125,151.3699493408203,-271.3023681640625
-141.85650634765625,151.4012908935547,-271.5302734375
-141.88119506835938,151.1373748779297,-271.3631896972656
-141.91741943359375,151.21884155273438,-271.1336669921875
-141.8905029296875,151.36361694335938,-271.16485595703125
-141.88685607910156,151.33291625976562,-271.17138671875
-141.93304443359375,151.51739501953125,-270.98602294921875
-141.83152770996094,151.36770629882812,-271.09039306640625
-141.91517639160156,151.42156982421875,-271.2142333984375
-141.89405822753906,151.4461669921875,-271.4033203125
-141.98330688476562,151.4079132080078,-271.3623046875
-142.0579833984375,151.52969360351562,-271.3399658203125
-141.8937530517578,151.4420166015625,-271.1595153808594
-141.86021423339844,151.48025512695312,-271.2042541503906
-142.06939697265625,151.49319458007812,-271.332275390625
-141.98394775390625,151.462646484375,-271.24029541015625
-141.97080993652344,151.4681854248047,-271.23870849609375
-142.05889892578125,151.4358367919922,-271.3565673828125
-141.9377899169922,151.35487365722656,-271.5294494628906
-141.91355895996094,151.35098266601562,-271.4263916015625
-141.9010009765625,151.180419921875,-271.29986572265625
-141.84332275390625,151.31610107421875,-271.29534912109375
-141.87229919433594,151.33465576171875,-271.478271484375
-141.8096466064453,151.28834533691406,-271.41986083984375
-141.9093475341797,151.33717346191406,-271.320556640625
-141.81991577148438,151.4040069580078,-271.36529541015625
-141.6826629638672,151.2498779296875,-271.2271728515625
-141.7198944091797,151.20384216308594,-271.35968017578125
-141.89878845214844,151.1611785888672,-271.2115478515625
-141.81021118164062,151.26295471191406,-271.2380676269531
-141.68675231933594,151.31057739257812,-271.1391906738281
-141.7200469970703,151.3163299560547,-271.11737060546875
-141.9145050048828,151.2701416015625,-271.3148193359375
-142.0055694580078,151.29055786132812,-271.3423156738281
-142.08834838867188,151.52601623535156,-271.28009033203125
-141.99034118652344,151.38145446777344,-271.1175842285156
-141.99351501464844,151.32583618164062,-271.0657958984375
-141.97967529296875,151.3916778564453,-271.220458984375
-141.8857421875,151.51382446289062,-271.21490478515625
-141.98800659179688,151.5317840576172,-271.0329284667969
-141.99017333984375,151.5000457763672,-271.07025146484375
-142.0450439453125,151.67269897460938,-271.2950439453125
-141.9547576904297,151.61683654785156,-271.30859375
-141.86741638183594,151.6532440185547,-271.3397521972656
-141.8282470703125,151.7275390625,-271.2593994140625
-141.87075805664062,151.7609100341797,-271.011474609375
-141.8812713623047,151.70053100585938,-271.1058654785156
-141.86849975585938,151.68316650390625,-270.9437255859375
-141.86720275878906,151.72293090820312,-270.86468505859375
-141.80577087402344,151.66888427734375,-270.8489990234375
-141.54095458984375,151.7256622314453,-271.09075927734375
-141.74188232421875,151.73619079589844,-271.01275634765625
-141.8966064453125,151.67160034179688,-270.95977783203125
-141.8455352783203,151.45242309570312,-270.79718017578125
-141.92652893066406,151.4235076904297,-270.74755859375
-142.1004180908203,151.42453002929688,-270.698486328125
-142.11614990234375,151.51913452148438,-270.98443603515625
-141.8106689453125,151.4477996826172,-271.3966064453125
-141.8626708984375,151.63511657714844,-271.411865234375
-141.8418426513672,151.67974853515625,-271.288330078125
-141.92848205566406,151.44223022460938,-271.2192077636719
-141.8941192626953,151.5290985107422,-271.232421875
-141.89837646484375,151.4183349609375,-271.23931884765625
-141.92544555664062,151.5123748779297,-270.9706115722656
-141.83827209472656,151.44154357910156,-271.3553466796875
-141.86570739746094,151.4440155029297,-271.357421875
-141.8326416015625,151.6376953125,-271.46746826171875
-141.8099822998047,151.41383361816406,-271.62481689453125
-141.94613647460938,151.4166259765625,-271.650146484375
-141.84584045410156,151.3424072265625,-271.55731201171875
-141.9744873046875,151.4138641357422,-271.2398681640625
-142.06692504882812,151.4826202392578,-271.0523681640625
-142.03167724609375,151.40731811523438,-271.0286865234375
-141.9049835205078,151.5249481201172,-271.3035888671875
-141.84776306152344,151.40806579589844,-271.33929443359375
-141.9593048095703,151.52755737304688,-271.347412109375
-141.95614624023438,151.48602294921875,-271.56524658203125
-141.81973266601562,151.6702117919922,-271.5721435546875
-141.8175506591797,151.57579040527344,-271.5460205078125
-141.80264282226562,151.54702758789062,-271.71978759765625
-141.8451690673828,151.40911865234375,-271.55279541015625
-142.02313232421875,151.40325927734375,-271.41302490234375
-141.84133911132812,151.65020751953125,-271.28955078125
-142.0841827392578,151.4968719482422,-271.3780822753906
-142.07650756835938,151.52096557617188,-271.1948547363281
-141.99351501464844,151.34278869628906,-271.052001953125
-141.9177703857422,151.27503967285156,-271.0362548828125
-141.8841094970703,151.4013214111328,-271.0623779296875
-141.80982971191406,151.28285217285156,-271.2274169921875
-142.08164978027344,151.3278045654297,-271.32080078125
-142.08676147460938,151.31410217285156,-271.1064453125
-141.98109436035156,151.52374267578125,-271.18353271484375
-142.016845703125,151.26524353027344,-271.2524719238281
-141.88587951660156,151.2815399169922,-271.11676025390625
-141.84605407714844,151.50738525390625,-271.12298583984375
-141.91844177246094,151.46836853027344,-271.33306884765625
-141.81285095214844,151.4801788330078,-271.43243408203125
-141.77647399902344,151.58807373046875,-271.55584716796875
-141.95553588867188,151.76446533203125,-271.4962158203125
-141.87303161621094,151.6456298828125,-271.4639892578125
-141.93057250976562,151.52099609375,-271.53125
-142.02955627441406,151.54864501953125,-271.51812744140625
-141.9580535888672,151.39927673339844,-271.35650634765625
-142.0923309326172,151.41590881347656,-271.38818359375
-142.05404663085938,151.49801635742188,-271.5577697753906
-141.86366271972656,151.40386962890625,-271.52825927734375
-141.88314819335938,151.49449157714844,-271.40234375
-141.84349060058594,151.35546875,-271.3771667480469
-141.8831329345703,151.2944793701172,-271.2791442871094
-141.8590850830078,151.31723022460938,-271.356689453125
-141.94078063964844,151.45240783691406,-271.2777099609375
-141.8808135986328,151.4282989501953,-271.4105224609375
-141.92022705078125,151.4181365966797,-271.4146423339844
-142.05381774902344,151.48757934570312,-271.5597839355469
-142.07870483398438,151.60931396484375,-271.4502258300781
-142.0869903564453,151.65853881835938,-271.66644287109375
-142.03269958496094,151.54615783691406,-271.70623779296875
-142.08682250976562,151.5478973388672,-271.5130615234375
-141.84140014648438,151.5658721923828,-271.5650634765625
-141.9384002685547,151.74642944335938,-271.43634033203125
-141.9861602783203,151.64794921875,-271.4881591796875
-142.05465698242188,151.5841522216797,-271.50177001953125
-141.9445343017578,151.5272979736328,-271.52825927734375
-141.96519470214844,151.41171264648438,-271.55572509765625
-142.04112243652344,151.48446655273438,-271.6729736328125
-141.87234497070312,151.5323944091797,-271.6622314453125
-141.8937225341797,151.44790649414062,-271.665283203125
-142.07049560546875,151.44508361816406,-271.55743408203125
-142.05445861816406,151.27044677734375,-271.32745361328125
-141.97926330566406,151.3621826171875,-271.51959228515625
-141.98817443847656,151.4364776611328,-271.6873474121094
-142.06594848632812,151.334228515625,-271.44384765625
-141.95169067382812,151.3761749267578,-271.71868896484375
-142.03848266601562,151.2782745361328,-271.840087890625
-142.06072998046875,151.30514526367188,-271.7772216796875
-141.91607666015625,151.41831970214844,-271.7854309082031
-141.8737335205078,151.54466247558594,-271.67950439453125
-141.98770141601562,151.46043395996094,-271.64044189453125
-142.13307189941406,151.39901733398438,-271.47503662109375
-142.0857696533203,151.48544311523438,-271.445556640625
-141.99301147460938,151.52549743652344,-271.4808044433594
-141.82171630859375,151.59738159179688,-271.66827392578125
-141.94046020507812,151.55320739746094,-271.5987243652344
-142.05357360839844,151.47467041015625,-271.519287109375
-142.08106994628906,151.27720642089844,-271.5692443847656
-142.0877685546875,151.40476989746094,-271.7043762207031
-142.02590942382812,151.47772216796875,-271.5263366699219
-142.10023498535156,151.5201873779297,-271.43212890625
-142.03407287597656,151.51852416992188,-271.51959228515625
-142.08103942871094,151.54136657714844,-271.49017333984375
-141.97799682617188,151.6080780029297,-271.4669189453125
-141.82064819335938,151.4382781982422,-271.5294189453125
-142.08546447753906,151.52963256835938,-271.568115234375
-142.0704803466797,151.40321350097656,-271.27880859375
-142.04501342773438,151.3740234375,-271.35821533203125
-142.010009765625,151.39488220214844,-271.4005432128906
-142.09152221679688,151.4538116455078,-271.400634765625
-141.9134979248047,151.42481994628906,-271.51177978515625
-142.00686645507812,151.4700469970703,-271.5572509765625
-142.1683349609375,151.40179443359375,-271.3906555175781
-142.20223999023438,151.5234375,-271.23406982421875
-142.069580078125,151.45260620117188,-271.192138671875
-142.03785705566406,151.55447387695312,-271.1597900390625
-142.03292846679688,151.63088989257812,-271.3457336425781
-142.04322814941406,151.54811096191406,-271.35223388671875
-142.0593719482422,151.49932861328125,-271.2355651855469
-142.0446319580078,151.49879455566406,-271.1358947753906
-141.9822235107422,151.5087127685547,-271.0343017578125
-142.00660705566406,151.64491271972656,-271.005126953125
-142.00498962402344,151.5608367919922,-271.04547119140625
-142.1513214111328,151.4145965576172,-271.18426513671875
-142.1514129638672,151.3750762939453,-271.5473937988281
-142.19346618652344,151.50535583496094,-271.61962890625
-142.30531311035156,151.4257354736328,-271.60968017578125
-142.34754943847656,151.4705352783203,-271.55499267578125
-142.1848907470703,151.4330596923828,-271.61480712890625
-142.09017944335938,151.54595947265625,-271.5223083496094
-141.87660217285156,151.41326904296875,-271.60675048828125
-141.8169708251953,151.42442321777344,-271.69775390625
-141.95956420898438,151.35556030273438,-271.5052490234375
-142.06414794921875,151.35763549804688,-271.28460693359375
-141.9632110595703,151.48931884765625,-271.29803466796875
-141.92164611816406,151.50209045410156,-271.38934326171875
-142.0938720703125,151.53257751464844,-271.11676025390625
-141.92333984375,151.27789306640625,-271.3633117675781
-141.7412567138672,151.37535095214844,-271.3127746582031
-141.75128173828125,151.49415588378906,-271.2646789550781
-141.8230438232422,151.4345703125,-271.5279846191406
-141.88677978515625,151.54368591308594,-271.2698059082031
-142.07261657714844,151.52310180664062,-271.3641357421875
-141.8126983642578,151.47596740722656,-271.3318786621094
-142.09573364257812,151.48782348632812,-271.355224609375
-142.08099365234375,151.41018676757812,-271.3988037109375
-142.22674560546875,151.4879608154297,-271.3121337890625
-142.35177612304688,151.5358123779297,-271.31439208984375
-142.26742553710938,151.66854858398438,-271.13690185546875
-142.3936309814453,151.76060485839844,-271.2519836425781
-142.1291046142578,151.60707092285156,-271.2100830078125
-142.22537231445312,151.63584899902344,-271.36041259765625
-142.01101684570312,151.7506561279297,-271.38348388671875
-142.0270538330078,151.92555236816406,-271.19732666015625
-142.1429443359375,151.73040771484375,-271.205810546875
-142.21087646484375,151.44651794433594,-271.34735107421875
-142.10452270507812,151.53294372558594,-271.2471008300781
-142.19224548339844,151.51380920410156,-270.96270751953125
-142.0096435546875,151.41270446777344,-271.0928955078125
-142.0282440185547,151.54498291015625,-270.99920654296875
-142.0667266845703,151.49229431152344,-270.99249267578125
-142.02174377441406,151.4877166748047,-270.9725341796875
-142.07247924804688,151.4938507080078,-270.95135498046875
-141.9495849609375,151.61903381347656,-271.2123107910156
-141.9620361328125,151.71946716308594,-271.2901611328125
-141.81590270996094,151.5360870361328,-271.4096984863281
-142.0648651123047,151.5286407470703,-271.2721862792969
-141.93910217285156,151.281005859375,-271.3519592285156
-141.84640502929688,151.4960174560547,-271.1223449707031
-141.93850708007812,151.49398803710938,-271.2418212890625
-141.83750915527344,151.4411163330078,-271.37060546875
-141.80838012695312,151.51675415039062,-271.425537109375
-141.97854614257812,151.4920654296875,-271.4585266113281
-142.0775909423828,151.4916534423828,-271.3398742675781
-142.01873779296875,151.2738494873047,-271.3536682128906
-141.96624755859375,151.31790161132812,-271.27801513671875
-142.05966186523438,151.2941131591797,-271.3687744140625
-142.2227783203125,151.31478881835938,-271.2021484375
-142.15219116210938,151.28811645507812,-271.11566162109375
-142.14364624023438,151.34913635253906,-271.13665771484375
-142.12843322753906,151.29930114746094,-271.2231140136719
-142.21551513671875,151.5359649658203,-271.1285400390625
-142.30921936035156,151.45265197753906,-271.13092041015625
-141.98129272460938,151.39590454101562,-270.98907470703125
-142.21075439453125,151.40919494628906,-270.98590087890625
-142.25538635253906,151.25201416015625,-271.0325927734375
-141.9662628173828,151.3869171142578,-271.214111328125
-141.8878173828125,151.322021484375,-271.1780700683594
-141.83645629882812,151.33058166503906,-270.989013671875
-142.080078125,151.3274688720703,-270.84674072265625
-141.96788024902344,151.4915008544922,-271.05474853515625
-142.023193359375,151.37168884277344,-271.1920166015625
-142.1168670654297,151.3562469482422,-271.2548828125
-142.3904571533203,151.29190063476562,-271.0333251953125
-142.39471435546875,151.21714782714844,-271.03448486328125
-142.31663513183594,151.02542114257812,-271.3282775878906
-142.32928466796875,151.39501953125,-271.32318115234375
-142.07781982421875,151.30931091308594,-271.2689208984375
-142.1742401123047,151.39385986328125,-271.23529052734375
-142.1144561767578,151.32081604003906,-271.0549621582031
-142.15997314453125,151.3682861328125,-271.2479248046875
-142.23956298828125,151.32803344726562,-271.3013916015625
-141.986083984375,151.37075805664062,-271.3611755371094
-142.07444763183594,151.25294494628906,-271.2113952636719
-141.9687042236328,151.35072326660156,-271.0029602050781
-141.9692840576172,151.2589569091797,-271.00006103515625
-142.0273895263672,151.35658264160156,-271.17926025390625
-142.0885467529297,151.3961181640625,-271.2035217285156
-142.01100158691406,151.33267211914062,-271.28802490234375
-141.83921813964844,151.38262939453125,-271.2095031738281
-141.90675354003906,151.3040313720703,-271.20263671875
-141.95407104492188,151.32643127441406,-271.2206726074219
-142.01454162597656,151.3592071533203,-270.9765625
-142.11373901367188,151.26654052734375,-271.07958984375
-142.1763458251953,151.22735595703125,-271.03924560546875
-142.25540161132812,151.32725524902344,-271.2074890136719
-142.145263671875,151.39625549316406,-271.13525390625
-142.33770751953125,151.33984375,-271.2652587890625
-142.12986755371094,151.32676696777344,-271.3195495605469
-142.05323791503906,151.40797424316406,-271.2497253417969
-141.96249389648438,151.1613311767578,-271.2327575683594
-141.87933349609375,151.14041137695312,-271.32958984375
-142.00865173339844,151.1058349609375,-271.37921142578125
-142.24691772460938,151.40675354003906,-270.95599365234375
-142.1087646484375,151.335693359375,-271.1494140625
-142.15786743164062,151.3061981201172,-271.1778869628906
-142.13104248046875,151.34909057617188,-271.2872314453125
-141.98512268066406,151.2563018798828,-271.5425109863281
-141.8103790283203,151.1777801513672,-271.7196960449219
-142.00595092773438,151.08311462402344,-271.6702575683594
-142.08297729492188,151.23939514160156,-271.54803466796875
-142.2257843017578,151.13836669921875,-271.2621765136719
-142.24130249023438,151.0533447265625,-271.2635498046875
-141.88804626464844,151.04425048828125,-271.20233154296875
-141.8287811279297,151.13760375976562,-270.9491271972656
-141.67938232421875,151.15406799316406,-271.04571533203125
-141.6204376220703,151.2268829345703,-270.79205322265625
-141.63308715820312,151.0614013671875,-270.99993896484375
-141.59352111816406,150.88333129882812,-271.161376953125
-141.0757293701172,150.31170654296875,-271.6395263671875
-140.52688598632812,149.58551025390625,-272.24139404296875
-139.8049774169922,148.7648468017578,-272.6688537597656
-138.8035430908203,147.90049743652344,-273.5242004394531
-137.53128051757812,146.99298095703125,-274.4281005859375
-136.13893127441406,145.82887268066406,-275.2914733886719
-134.6057891845703,144.79708862304688,-276.72235107421875
-133.2930145263672,143.88583374023438,-277.9425048828125
-132.24066162109375,143.11489868164062,-279.22265625
-131.2217559814453,142.2299041748047,-280.39483642578125
-130.42845153808594,141.57754516601562,-281.27667236328125
-129.62515258789062,140.86831665039062,-282.402587890625
-129.11923217773438,140.40821838378906,-283.497314453125
-128.8134765625,139.79730224609375,-284.5092468261719
-128.7747344970703,139.22035217285156,-285.4071044921875
-128.76712036132812,138.72116088867188,-286.408203125
-128.9081268310547,138.36016845703125,-286.9742431640625
-129.14646911621094,137.93861389160156,-287.7227783203125
-129.4761962890625,137.5791015625,-288.4408264160156
-129.98167419433594,137.31773376464844,-288.7523498535156
-130.39529418945312,137.02084350585938,-288.81256103515625
-130.8488006591797,136.77395629882812,-289.07196044921875
-131.25624084472656,136.642578125,-289.42578125
-131.91189575195312,136.45103454589844,-289.8351745605469
-132.4168243408203,136.40594482421875,-289.84259033203125
-132.9517059326172,136.27133178710938,-289.76824951171875
-133.52159118652344,136.21463012695312,-290.15997314453125
-133.9317169189453,135.99093627929688,-290.3153991699219
-134.4335174560547,135.79217529296875,-290.23822021484375
-135.2752227783203,135.7098388671875,-290.4769287109375
-135.80340576171875,135.63385009765625,-290.27081298828125
-136.24649047851562,135.63450622558594,-290.00390625
-136.519287109375,135.7617950439453,-289.7405090332031
-136.70355224609375,136.08547973632812,-289.35308837890625
-136.79104614257812,136.06427001953125,-288.9588317871094
-136.74851989746094,136.17037963867188,-288.5497131347656
-136.4793243408203,136.3292999267578,-288.28656005859375
-136.2738494873047,136.23448181152344,-288.4946594238281
-136.17257690429688,136.228271484375,-288.90704345703125
-136.20021057128906,135.87464904785156,-289.4334411621094
-136.38404846191406,135.6033172607422,-289.60186767578125
-136.84056091308594,135.46575927734375,-290.13873291015625
-137.20718383789062,135.33291625976562,-290.4139404296875
-137.70681762695312,135.38912963867188,-290.71380615234375
-137.9292449951172,135.1806182861328,-291.13763427734375
-138.28530883789062,135.0567169189453,-291.549072265625
-138.36302185058594,134.76205444335938,-291.67864990234375
-138.2837677001953,134.88018798828125,-291.646728515625
-138.32492065429688,134.81092834472656,-291.6499328613281
-138.17034912109375,134.8107147216797,-291.9975280761719
-137.8934783935547,134.83419799804688,-292.0283508300781
-137.841552734375,134.77017211914062,-292.052734375
-137.59129333496094,134.99049377441406,-292.087646484375
-137.51675415039062,135.07962036132812,-292.00750732421875
-137.37664794921875,135.08250427246094,-291.9268798828125
-137.13754272460938,135.2592010498047,-291.64984130859375
-137.1304931640625,135.1537322998047,-291.4969482421875
-137.10812377929688,135.2500762939453,-291.57244873046875
-137.15176391601562,135.2821807861328,-291.92730712890625
-137.1180877685547,135.05599975585938,-292.2367858886719
-137.08380126953125,135.0569305419922,-292.568603515625
-136.98587036132812,134.84579467773438,-292.6785888671875
-137.3383026123047,134.85855102539062,-292.9697265625
-137.52767944335938,134.8899383544922,-293.2525939941406
-137.92095947265625,134.716552734375,-293.681640625
-137.9604949951172,134.50619506835938,-293.8503723144531
-138.2725067138672,134.54837036132812,-294.2341613769531
-138.53585815429688,134.3631134033203,-294.4252014160156
-138.76539611816406,134.2292022705078,-294.5039978027344
-139.05943298339844,134.28817749023438,-294.84124755859375
-139.08309936523438,134.27627563476562,-295.0238342285156
-139.18833923339844,134.2176055908203,-295.04376220703125
-139.0394287109375,134.22698974609375,-294.96673583984375
-139.0543975830078,134.18177795410156,-295.4522705078125
-139.10850524902344,134.360107421875,-295.47247314453125
-139.1488494873047,134.18179321289062,-295.6388854980469
-139.13876342773438,133.9872283935547,-295.8670959472656
-139.10726928710938,134.03704833984375,-296.16998291015625
-139.4745635986328,134.42803955078125,-296.3248596191406
-139.16830444335938,136.92015075683594,-294.30426025390625
-124.94105529785156,145.76739501953125,-273.31072998046875
-97.55409240722656,150.5907440185547,-217.32395935058594
-88.43655395507812,128.76048278808594,-160.08660888671875
-97.34129333496094,91.88789367675781,-137.48948669433594
-102.96833801269531,65.49205017089844,-137.65963745117188
-102.17156982421875,50.46846008300781,-142.70074462890625
-99.54080200195312,41.08619689941406,-148.15045166015625
-97.23384094238281,34.472076416015625,-153.09765625
-95.25442504882812,29.751571655273438,-157.2609100341797
-94.01393127441406,26.272567749023438,-160.89723205566406
-92.88142395019531,23.802536010742188,-163.6852569580078
-92.2288818359375,22.072860717773438,-165.9744110107422
-91.82431030273438,20.710128784179688,-167.71653747558594
-91.34257507324219,19.798721313476562,-169.26870727539062
-91.01112365722656,18.96697998046875,-170.4163818359375
-90.88114929199219,18.387298583984375,-171.56658935546875
-90.77444458007812,17.908935546875,-172.59783935546875
-90.9951171875,17.745468139648438,-173.36607360839844
-91.10400390625,17.502120971679688,-174.287353515625
-91.26896667480469,17.212020874023438,-175.21600341796875
-91.47000122070312,16.904388427734375,-175.73182678222656
-91.46975708007812,16.606735229492188,-176.63339233398438
-91.36483764648438,16.345718383789062,-177.7098388671875
-90.98654174804688,16.199920654296875,-178.4438018798828
-90.49737548828125,16.14141845703125,-178.83253479003906
-90.0877685546875,15.995498657226562,-179.70957946777344
-89.53993225097656,15.744461059570312,-180.44232177734375
-89.18191528320312,15.604949951171875,-180.8948974609375
-88.79920959472656,15.4969482421875,-181.18553161621094
-88.58592224121094,15.5316162109375,-181.46438598632812
-87.73550415039062,15.47796630859375,-181.8287353515625
-87.33078002929688,15.958450317382812,-182.03662109375
-86.89764404296875,15.996414184570312,-181.98912048339844
-86.53944396972656,16.188873291015625,-181.8514404296875
-86.27255249023438,16.03973388671875,-181.8777618408203
-85.83090209960938,15.80450439453125,-181.88882446289062
-85.65380859375,15.360809326171875,-181.7686767578125
-85.47676086425781,15.359909057617188,-181.700927734375
-85.24104309082031,15.382553100585938,-181.26771545410156
-85.11178588867188,15.616790771484375,-180.99755859375
-84.86383056640625,15.854568481445312,-180.701171875
-84.70616149902344,15.9686279296875,-180.34466552734375
-84.67405700683594,16.019119262695312,-180.09715270996094
-84.32196044921875,16.135055541992188,-179.70513916015625
-84.28437805175781,16.316360473632812,-179.21424865722656
-84.14028930664062,16.497802734375,-178.5214080810547
-83.98271179199219,16.681320190429688,-177.8378448486328
-83.66014099121094,16.915451049804688,-177.39108276367188
-83.52532958984375,17.100265502929688,-176.9394073486328
-83.51750183105469,17.212249755859375,-176.2870330810547
-83.3895263671875,17.594223022460938,-175.77072143554688
-83.27674865722656,17.822830200195312,-175.25311279296875
-83.10050964355469,17.94329833984375,-174.932861328125
-83.08486938476562,18.031875610351562,-174.6160888671875
-82.85992431640625,18.3345947265625,-174.12123107910156
-82.66534423828125,18.394744873046875,-173.73118591308594
-82.41773986816406,18.685867309570312,-172.90597534179688
-82.13449096679688,19.10321044921875,-172.52772521972656
-81.83918762207031,19.4022216796875,-171.94296264648438
-81.78840637207031,19.849105834960938,-171.30361938476562
-81.45254516601562,20.15118408203125,-170.90525817871094
-81.36387634277344,20.5767822265625,-170.43841552734375
-81.02940368652344,20.814315795898438,-170.05044555664062
-80.98422241210938,21.3194580078125,-169.78028869628906
-80.81208801269531,21.600830078125,-169.4490509033203
-80.92080688476562,21.709823608398438,-169.03868103027344
-80.71791076660156,21.768478393554688,-168.5594024658203
-80.5848388671875,21.857009887695312,-168.2105712890625
-80.46495056152344,22.183212280273438,-168.1104278564453
-80.31121826171875,22.423309326171875,-167.64407348632812
-80.19377136230469,22.861801147460938,-167.29281616210938
-80.08956909179688,23.14715576171875,-167.1714324951172
-80.04402160644531,23.493789672851562,-166.76622009277344
-79.99021911621094,23.796539306640625,-166.40382385253906
-79.81214904785156,24.071121215820312,-166.0384063720703
-79.74211120605469,24.248428344726562,-165.82559204101562
-79.72483825683594,24.572067260742188,-165.40101623535156
-79.61235046386719,24.790725708007812,-164.78872680664062
-79.41627502441406,25.300064086914062,-164.5515899658203
-79.29531860351562,25.591506958007812,-164.46438598632812
-79.29501342773438,25.983901977539062,-164.0764617919922
-79.34719848632812,26.297500610351562,-163.8249969482422
-79.36331176757812,26.694869995117188,-163.52301025390625
-79.56369018554688,26.89105224609375,-163.18048095703125
-79.69136047363281,26.920547485351562,-163.07815551757812
-79.64576721191406,27.149749755859375,-162.9142608642578
-79.75880432128906,27.187820434570312,-162.92559814453125
-79.67813110351562,27.3236083984375,-162.81019592285156
-79.76820373535156,27.493118286132812,-162.57174682617188
-79.66156005859375,27.468719482421875,-162.46873474121094
-79.7900390625,27.71038818359375,-162.33712768554688
-79.79229736328125,27.967254638671875,-162.12803649902344
-79.95979309082031,28.115646362304688,-162.15182495117188
-80.05856323242188,28.541412353515625,-161.9806365966797
-80.152099609375,28.771942138671875,-161.68540954589844
-80.35498046875,29.254959106445312,-161.23684692382812
-80.57475280761719,29.676651000976562,-160.80401611328125
-80.65347290039062,29.9520263671875,-160.2700958251953
-80.89869689941406,30.157089233398438,-160.267822265625
-80.9959716796875,30.19366455078125,-160.39891052246094
-80.97312927246094,29.964324951171875,-160.44053649902344
-81.13536071777344,30.086578369140625,-160.48171997070312
-81.2030029296875,29.802001953125,-160.5484619140625
-81.16215515136719,29.5455322265625,-160.77659606933594
-81.20274353027344,29.599105834960938,-160.7242431640625
-81.05105590820312,29.50567626953125,-160.93655395507812
-81.20234680175781,29.494064331054688,-160.8799591064453
-81.57240295410156,29.588394165039062,-161.2363739013672
-81.97755432128906,29.458709716796875,-161.64776611328125
-82.10086059570312,29.549087524414062,-161.5522003173828
-82.63174438476562,29.354721069335938,-161.3751220703125
-82.78492736816406,29.393890380859375,-161.3951416015625
-82.93794250488281,29.181427001953125,-161.3905029296875
-82.94987487792969,29.207748413085938,-161.6465606689453
-83.20936584472656,29.3697509765625,-161.6193389892578
-83.24136352539062,29.494354248046875,-161.52963256835938
-83.67158508300781,29.408233642578125,-161.6206817626953
-83.79960632324219,29.52728271484375,-161.7949676513672
-83.89111328125,29.766006469726562,-161.76708984375
-84.08723449707031,29.871185302734375,-161.8740997314453
-84.20149230957031,30.00762939453125,-162.04306030273438
-84.22752380371094,30.031356811523438,-161.95175170898438
-84.35772705078125,30.070709228515625,-161.86087036132812
-84.36763000488281,30.075714111328125,-161.67025756835938
-84.35934448242188,30.451690673828125,-161.7962188720703
-84.12934875488281,30.475753784179688,-161.78404235839844
-84.04745483398438,30.546188354492188,-161.73098754882812
-84.02883911132812,30.559738159179688,-161.84027099609375
-84.20411682128906,30.543685913085938,-161.78517150878906
-84.07426452636719,30.520767211914062,-161.83123779296875
-83.95155334472656,30.695556640625,-161.57957458496094
-83.962646484375,30.82965087890625,-161.8368377685547
-83.75505065917969,31.096710205078125,-161.7852783203125
-83.76438903808594,31.110549926757812,-161.68821716308594
-83.64486694335938,31.131988525390625,-161.89076232910156
-83.41592407226562,31.0765380859375,-161.84201049804688
-83.40562438964844,31.11175537109375,-161.77586364746094
-83.26986694335938,31.008636474609375,-161.63941955566406
-83.380615234375,30.759109497070312,-161.62374877929688
-83.39620971679688,30.766448974609375,-161.59149169921875
-83.16419982910156,30.801025390625,-161.77259826660156
-83.21080017089844,30.758148193359375,-161.7964324951172
-83.22221374511719,30.661026000976562,-161.8083953857422
-83.2501220703125,30.623580932617188,-161.8187255859375
-83.30352783203125,30.731948852539062,-161.64346313476562
-83.51583862304688,30.688079833984375,-161.32688903808594
-83.45596313476562,30.728683471679688,-161.33480834960938
-83.35874938964844,30.742752075195312,-161.39414978027344
-83.34324645996094,30.746047973632812,-161.51092529296875
-83.27890014648438,30.72412109375,-161.5052490234375
-83.55018615722656,30.839248657226562,-161.6245880126953
-83.49517822265625,30.790985107421875,-161.66357421875
-83.28926086425781,30.873382568359375,-161.49856567382812
-83.14653015136719,30.8692626953125,-161.41146850585938
-83.37600708007812,30.69769287109375,-161.4722137451172
-83.36012268066406,30.691696166992188,-161.53379821777344
-83.36820983886719,30.72259521484375,-161.8419952392578
-83.30831909179688,30.7685546875,-161.83815002441406
-83.17063903808594,30.950973510742188,-161.81427001953125
-83.34359741210938,30.845321655273438,-161.61619567871094
-83.32308959960938,30.604354858398438,-161.78805541992188
-83.30218505859375,30.735992431640625,-161.82489013671875
-83.43818664550781,30.745071411132812,-161.81689453125
-83.36868286132812,30.747207641601562,-161.85946655273438
-83.35661315917969,30.793502807617188,-162.00218200683594
-83.44282531738281,30.828582763671875,-162.01414489746094
-83.54399108886719,30.872222900390625,-161.7420654296875
-83.41986083984375,30.736404418945312,-161.82846069335938
-83.40803527832031,30.827957153320312,-161.85671997070312
-83.50495910644531,30.893905639648438,-161.83401489257812
-83.29762268066406,30.896087646484375,-161.75503540039062
-83.28254699707031,30.742935180664062,-161.94850158691406
-82.99790954589844,30.852828979492188,-161.9229278564453
-83.07212829589844,30.878189086914062,-161.91798400878906
-83.03184509277344,30.954238891601562,-162.0247344970703
-83.06935119628906,30.813446044921875,-161.93453979492188
-82.95901489257812,30.824432373046875,-161.98008728027344
-82.96055603027344,30.864013671875,-161.97500610351562
-83.03811645507812,30.84490966796875,-161.94247436523438
-83.23736572265625,30.926406860351562,-161.89646911621094
-83.17350769042969,30.868499755859375,-162.00439453125
-83.03205871582031,31.142608642578125,-161.975830078125
-83.00843811035156,31.136749267578125,-162.00436401367188
-83.11532592773438,31.1361083984375,-161.9662322998047
-83.27915954589844,30.99853515625,-161.78260803222656
-83.21794128417969,31.084976196289062,-161.7688446044922
-82.97019958496094,31.09259033203125,-162.04037475585938
-83.21913146972656,31.013656616210938,-161.82826232910156
-83.25888061523438,31.0228271484375,-161.5397186279297
-83.17674255371094,31.141937255859375,-161.60333251953125
-83.01019287109375,31.126312255859375,-161.71153259277344
-83.23063659667969,31.040191650390625,-161.86907958984375
-83.18009948730469,31.041305541992188,-161.77474975585938
-83.16656494140625,31.064590454101562,-161.75245666503906
-83.1590576171875,31.07818603515625,-161.63385009765625
-83.05406188964844,31.098129272460938,-161.67437744140625
-83.13577270507812,31.25885009765625,-161.74343872070312
-83.14588928222656,31.140029907226562,-161.85574340820312
-83.20655822753906,31.025543212890625,-161.8309326171875
-83.07534790039062,31.142791748046875,-161.61460876464844
-82.96478271484375,31.003204345703125,-161.764404296875
-83.080322265625,31.0225830078125,-161.88131713867188
-82.98887634277344,31.122268676757812,-161.60504150390625
-83.17816162109375,30.90863037109375,-161.8018035888672
-83.2369384765625,30.92547607421875,-161.5128173828125
-83.01040649414062,30.863967895507812,-161.50856018066406
-83.00563049316406,30.63134765625,-161.6936798095703
-83.15919494628906,30.732192993164062,-161.77426147460938
-83.14584350585938,30.973541259765625,-161.87322998046875
-83.29547119140625,30.780410766601562,-161.6201629638672
-83.54316711425781,30.824050903320312,-161.86183166503906
-83.35769653320312,30.873779296875,-161.91787719726562
-83.30049133300781,31.002655029296875,-161.9310302734375
-83.39273071289062,30.975601196289062,-161.8339080810547
-83.17684936523438,30.931411743164062,-161.84274291992188
-83.24496459960938,30.892105102539062,-161.78550720214844
-83.16828918457031,30.798660278320312,-161.453369140625
-82.98252868652344,30.788528442382812,-161.4192657470703
-83.08163452148438,30.772140502929688,-161.45928955078125
-83.06707763671875,30.812759399414062,-161.4991912841797
-83.0511474609375,30.8201904296875,-161.4241943359375
-83.25225830078125,30.84149169921875,-161.41387939453125
-83.24417114257812,30.774337768554688,-161.54058837890625
-83.26821899414062,30.7750244140625,-161.77845764160156
-83.39120483398438,30.785476684570312,-161.991455078125
-83.39360046386719,30.870101928710938,-161.9339141845703
-83.29145812988281,30.9788818359375,-161.89202880859375
-83.28799438476562,30.9305419921875,-161.84889221191406
-83.3204345703125,30.863449096679688,-161.4544219970703
-83.37710571289062,31.002182006835938,-161.55393981933594
-83.24119567871094,31.010910034179688,-161.3687744140625
-83.26974487304688,31.07843017578125,-161.39759826660156
-83.34413146972656,31.064773559570312,-161.39639282226562
-83.24043273925781,31.12591552734375,-161.3960418701172
-83.10589599609375,30.9271240234375,-161.4817352294922
-83.02534484863281,30.898712158203125,-161.32345581054688
-83.04817199707031,31.090606689453125,-161.5485076904297
-83.08155822753906,31.013076782226562,-161.55300903320312
-83.09469604492188,31.005111694335938,-161.72047424316406
-83.17579650878906,30.951019287109375,-161.63348388671875
-83.10734558105469,30.773773193359375,-161.62742614746094
-83.03660583496094,30.785293579101562,-161.57615661621094
-83.03219604492188,30.997772216796875,-161.6257781982422
-83.29045104980469,30.861557006835938,-161.7213592529297
-83.29827880859375,30.870162963867188,-161.5618896484375
-83.19631958007812,30.98516845703125,-161.516845703125
-83.15145874023438,30.81201171875,-161.4375457763672
-83.06831359863281,30.85577392578125,-161.3760986328125
-83.04251098632812,31.117263793945312,-161.26646423339844
-83.01528930664062,31.011093139648438,-161.46945190429688
-82.97346496582031,31.001739501953125,-161.42066955566406
-83.18016052246094,31.113983154296875,-161.43765258789062
-83.26728820800781,31.208694458007812,-161.27540588378906
-83.25985717773438,31.10791015625,-161.40164184570312
-83.20001220703125,31.13970947265625,-161.3149871826172
-83.21212768554688,30.925155639648438,-161.45127868652344
-83.13182067871094,30.869720458984375,-161.7164764404297
-83.4095458984375,30.958480834960938,-161.4317626953125
-83.24250793457031,30.985076904296875,-161.7021484375
-83.21327209472656,30.912063598632812,-161.719482421875
-83.05511474609375,31.044540405273438,-161.5896759033203
-83.09005737304688,31.130401611328125,-161.48843383789062
-83.16845703125,31.075408935546875,-161.501220703125
-83.039306640625,31.08929443359375,-161.41957092285156
-83.26170349121094,31.111282348632812,-161.5019989013672
-83.21482849121094,31.051055908203125,-161.673583984375
-83.11247253417969,30.896514892578125,-161.72108459472656
-83.22578430175781,30.959732055664062,-161.68263244628906
-83.12330627441406,30.978317260742188,-161.82110595703125
-82.99835205078125,30.796768188476562,-161.727294921875
-82.96334838867188,30.83270263671875,-161.63121032714844
-83.03033447265625,30.892578125,-161.60342407226562
-83.01496887207031,30.825759887695312,-161.53082275390625
-83.027099609375,30.869873046875,-161.4167938232422
-82.88015747070312,30.846267700195312,-161.5230255126953
-83.03587341308594,30.895172119140625,-161.52235412597656
-83.10398864746094,30.924423217773438,-161.32794189453125
-83.02450561523438,30.842605590820312,-161.35276794433594
-83.08256530761719,30.789306640625,-161.27438354492188
-83.03950500488281,30.817428588867188,-161.5233154296875
-83.08511352539062,30.789321899414062,-161.51480102539062
-83.07955932617188,30.745590209960938,-161.31222534179688
-82.85417175292969,30.941558837890625,-161.15426635742188
-82.96121215820312,30.747344970703125,-161.3128204345703
-82.91348266601562,30.792022705078125,-161.4239044189453
-82.90093994140625,30.744659423828125,-161.28054809570312
-83.08407592773438,30.770050048828125,-161.1634521484375
-82.977294921875,30.859207153320312,-161.13682556152344
-83.052978515625,30.849395751953125,-161.39341735839844
-83.02816772460938,30.798843383789062,-161.3750762939453
-83.00770568847656,30.788070678710938,-161.53436279296875
-83.01300048828125,30.804397583007812,-161.33665466308594
-83.07633972167969,30.652130126953125,-161.21395874023438
-83.25372314453125,30.80059814453125,-161.14724731445312
-83.06063842773438,30.906234741210938,-161.31298828125
-83.10426330566406,30.92547607421875,-161.1630096435547
-83.14569091796875,30.952285766601562,-161.36505126953125
-83.20658874511719,30.866012573242188,-161.3895721435547
-83.08721923828125,30.7410888671875,-161.12782287597656
-83.02650451660156,30.876419067382812,-161.28565979003906
-82.99176025390625,30.788253784179688,-161.2623291015625
-83.03105163574219,30.78668212890625,-161.38671875
-83.07763671875,30.729278564453125,-161.3498992919922
-83.2305908203125,30.807418823242188,-161.49929809570312
-83.26913452148438,30.765579223632812,-161.3029327392578
-83.30406188964844,30.7626953125,-161.34951782226562
-83.31207275390625,30.847030639648438,-161.34039306640625
-83.37557983398438,30.947555541992188,-161.37612915039062
-83.54986572265625,30.957305908203125,-161.43807983398438
-83.34526062011719,31.108474731445312,-161.5717010498047
-83.34295654296875,31.090286254882812,-161.45457458496094
-83.35560607910156,31.231613159179688,-161.569091796875
-83.34500122070312,31.081314086914062,-161.54258728027344
-83.34298706054688,30.92596435546875,-161.3744659423828
-83.30686950683594,31.082138061523438,-161.28981018066406
-83.1976318359375,31.077316284179688,-161.30056762695312
-83.00761413574219,31.070404052734375,-161.21336364746094
-82.99827575683594,30.968643188476562,-161.20701599121094
-82.989501953125,30.747650146484375,-161.21717834472656
-82.90818786621094,30.908538818359375,-161.13636779785156
-82.9666748046875,31.0101318359375,-161.00411987304688
-82.97689819335938,30.8702392578125,-161.17042541503906
-82.88075256347656,31.076568603515625,-161.0325927734375
-82.88908386230469,30.961334228515625,-160.96275329589844
-82.98971557617188,31.13037109375,-161.03152465820312
-83.11787414550781,31.02813720703125,-160.9905242919922
-83.03271484375,31.132797241210938,-161.35794067382812
-83.11781311035156,31.1539306640625,-161.45408630371094
-83.00028991699219,31.020187377929688,-161.48165893554688
-82.89399719238281,31.116592407226562,-161.36795043945312
-82.85704040527344,31.057571411132812,-161.25015258789062
-82.83857727050781,31.049880981445312,-161.2752227783203
-82.70518493652344,31.00799560546875,-161.3247833251953
-82.81715393066406,31.012176513671875,-161.26385498046875
-82.93234252929688,31.061630249023438,-161.56703186035156
-83.012451171875,31.058853149414062,-161.4835968017578
-83.17951965332031,31.00335693359375,-161.45721435546875
-82.98796081542969,31.011184692382812,-161.52659606933594
-82.95747375488281,31.111038208007812,-161.3461456298828
-82.93025207519531,30.87738037109375,-161.49301147460938
-82.57579040527344,30.7886962890625,-161.52947998046875
-82.79833984375,30.909500122070312,-161.2533721923828
-82.76797485351562,30.79364013671875,-161.28805541992188
-82.93380737304688,30.860626220703125,-161.3763427734375
-82.88778686523438,30.699172973632812,-161.45599365234375
-83.05850219726562,30.72943115234375,-161.50279235839844
-82.93978881835938,30.959976196289062,-161.44602966308594
-82.92707824707031,30.956863403320312,-161.42149353027344
-82.84284973144531,30.886566162109375,-161.70196533203125
-82.92800903320312,31.147796630859375,-161.57688903808594
-83.0501708984375,31.142990112304688,-161.48513793945312
-83.20564270019531,30.958786010742188,-161.5225067138672
-83.08296203613281,30.784317016601562,-161.50167846679688
-82.87944030761719,30.787582397460938,-161.4700469970703
-83.08392333984375,30.772430419921875,-161.5198211669922
-83.02723693847656,30.95074462890625,-161.5465545654297
-83.08009338378906,31.030227661132812,-161.46707153320312
-82.97261047363281,31.092254638671875,-161.6822509765625
-83.05819702148438,31.097503662109375,-161.53797912597656
-83.11520385742188,30.9130859375,-161.4906463623047
-82.94569396972656,30.936538696289062,-161.35829162597656
-83.03814697265625,30.95513916015625,-161.34219360351562
-82.98182678222656,31.019775390625,-161.0198974609375
-82.96528625488281,31.144378662109375,-161.02078247070312
-83.02236938476562,31.165939331054688,-161.02273559570312
-83.15168762207031,31.226409912109375,-161.38340759277344
-83.18620300292969,31.135498046875,-161.36895751953125
-83.00775146484375,31.113296508789062,-161.34866333007812
-82.98515319824219,31.03228759765625,-161.2273712158203
-83.034912109375,31.03533935546875,-161.14895629882812
-83.26211547851562,31.122848510742188,-161.2498321533203
-83.40200805664062,31.019027709960938,-161.37847900390625
-83.36601257324219,31.100631713867188,-161.33729553222656
-83.24130249023438,30.995071411132812,-161.26809692382812
-83.12936401367188,30.988204956054688,-161.5120849609375
-83.40029907226562,31.0950927734375,-161.55123901367188
-83.29580688476562,31.212554931640625,-161.51429748535156
-83.26470947265625,31.010696411132812,-161.5513458251953
-83.35580444335938,30.942184448242188,-161.3455352783203
-83.26765441894531,30.96832275390625,-161.433837890625
-83.48722839355469,30.97430419921875,-161.42813110351562
-83.48820495605469,30.94732666015625,-161.47079467773438
-83.48406982421875,30.964492797851562,-161.29736328125
-83.68112182617188,30.858123779296875,-161.27276611328125
-83.58930969238281,30.957595825195312,-161.31915283203125
-83.58598327636719,30.974639892578125,-161.40122985839844
-83.55462646484375,30.751754760742188,-161.5301055908203
-83.43682861328125,30.7314453125,-161.6531219482422
-83.43443298339844,30.95660400390625,-161.44790649414062
-83.555908203125,30.83905029296875,-161.5039825439453
-83.29801940917969,30.819198608398438,-161.61741638183594
-83.13362121582031,30.816299438476562,-161.6895294189453
-83.19850158691406,30.91436767578125,-161.74819946289062
-83.14218139648438,30.746841430664062,-161.7544403076172
-83.33065795898438,30.73004150390625,-161.8214111328125
-83.27734375,30.771163940429688,-161.73146057128906
-83.3975830078125,30.8621826171875,-161.58230590820312
-83.16981506347656,30.83587646484375,-161.4769744873047
-83.37565612792969,30.76318359375,-161.50173950195312
-83.25205993652344,30.88360595703125,-161.48410034179688
-83.19329833984375,30.85479736328125,-161.34124755859375
-83.36557006835938,30.91748046875,-161.28834533691406
-83.20619201660156,31.013336181640625,-161.2308807373047
-83.40740966796875,31.09423828125,-161.1878662109375
-83.05177307128906,31.00543212890625,-161.21250915527344
-83.03172302246094,31.117019653320312,-161.283935546875
-82.95932006835938,31.1126708984375,-161.33892822265625
-83.08949279785156,31.080169677734375,-161.27593994140625
-82.99272155761719,31.11053466796875,-161.2758026123047
-83.05328369140625,31.131057739257812,-161.3844451904297
-83.03678894042969,31.051803588867188,-161.47877502441406
-82.8311767578125,31.12353515625,-161.5066375732422
-83.06217956542969,31.206558227539062,-161.43511962890625
-83.10447692871094,31.3341064453125,-161.27989196777344
-83.08808898925781,31.298538208007812,-161.308349609375
-83.04745483398438,31.209808349609375,-161.3170623779297
-83.029296875,31.266220092773438,-161.28817749023438
-82.94793701171875,31.179977416992188,-161.47247314453125
-82.88258361816406,31.175765991210938,-161.56834411621094
-82.87547302246094,31.095870971679688,-161.40057373046875
-82.96786499023438,31.053314208984375,-161.4085235595703
-82.93458557128906,31.225860595703125,-161.32765197753906
-82.88883972167969,31.125747680664062,-161.27088928222656
-82.92921447753906,31.004791259765625,-161.3408966064453
-82.99087524414062,31.205718994140625,-161.3363037109375
-82.93348693847656,31.10662841796875,-161.1169891357422
-82.95811462402344,31.061126708984375,-161.2631072998047
-82.83006286621094,31.093887329101562,-161.44874572753906
-82.91773986816406,31.16180419921875,-161.563232421875
-82.97125244140625,31.152862548828125,-161.48243713378906
-82.98057556152344,31.236114501953125,-161.62013244628906
-82.85177612304688,31.179702758789062,-161.59146118164062
-82.82791137695312,31.022781372070312,-161.4873504638672
-82.90386962890625,31.009323120117188,-161.48939514160156
-82.99334716796875,31.012664794921875,-161.59716796875
-83.0496826171875,31.007064819335938,-161.5194549560547
-83.05479431152344,31.143798828125,-161.53997802734375
-83.03318786621094,31.032333374023438,-161.31727600097656
-83.02886962890625,31.022384643554688,-161.22604370117188
-83.05422973632812,31.13348388671875,-161.24160766601562
-83.03341674804688,31.041030883789062,-161.36912536621094
-83.05828857421875,30.908340454101562,-161.40567016601562
-83.26332092285156,30.926361083984375,-161.2625732421875
-82.99281311035156,30.984970092773438,-161.18948364257812
-83.05656433105469,30.936431884765625,-161.11367797851562
-83.05206298828125,31.094406127929688,-161.0706787109375
-83.01176452636719,31.130630493164062,-161.23272705078125
-82.88540649414062,31.1302490234375,-161.30149841308594
-83.0164794921875,30.991836547851562,-161.4926300048828
-83.20002746582031,30.956924438476562,-161.2856903076172
-83.35369873046875,30.973052978515625,-161.5464324951172
-83.3876953125,31.081039428710938,-161.4836883544922
-83.1964111328125,31.002655029296875,-161.38455200195312
-83.03948974609375,31.039291381835938,-161.535888671875
-83.03091430664062,31.020050048828125,-161.42938232421875
-83.07157897949219,31.054107666015625,-161.50177001953125
-83.01708984375,31.192886352539062,-161.69447326660156
-83.18600463867188,31.05181884765625,-161.80899047851562
-83.10920715332031,31.128875732421875,-161.5790252685547
-83.05067443847656,31.049362182617188,-161.8105010986328
-82.88674926757812,31.060226440429688,-161.84210205078125
-82.9952392578125,31.059768676757812,-161.86805725097656
-82.99708557128906,31.057174682617188,-161.8163299560547
-83.01336669921875,31.057907104492188,-161.8424835205078
-83.22776794433594,31.160629272460938,-161.7882537841797
-82.83772277832031,31.136337280273438,-161.88194274902344
-82.86213684082031,31.198715209960938,-161.8402099609375
-82.95222473144531,31.189544677734375,-161.5214385986328
-82.84658813476562,31.180252075195312,-161.56124877929688
-83.07208251953125,31.063674926757812,-161.4729461669922
-82.98567199707031,31.054458618164062,-161.6940460205078
-83.16047668457031,31.08648681640625,-161.40016174316406
-83.20350646972656,31.158538818359375,-161.26910400390625
-83.2591552734375,31.183212280273438,-161.35911560058594
-83.33381652832031,31.27557373046875,-161.402587890625
-83.37754821777344,31.189743041992188,-161.5513458251953
-83.35844421386719,31.062652587890625,-161.7433624267578
-83.3392333984375,30.880447387695312,-161.8662567138672
-83.44161987304688,30.976104736328125,-161.75262451171875
-83.40032958984375,31.054214477539062,-161.8050994873047
-83.28347778320312,31.124969482421875,-161.82106018066406
-83.49943542480469,31.045257568359375,-161.86212158203125
-83.43780517578125,31.038543701171875,-161.78604125976562
-83.68118286132812,30.903060913085938,-161.67138671875
-83.85052490234375,30.918685913085938,-161.44583129882812
-83.99325561523438,30.729736328125,-161.4355010986328
-83.70204162597656,30.864578247070312,-161.6295623779297
-83.76220703125,30.66485595703125,-161.77772521972656
-83.79087829589844,30.67059326171875,-161.85501098632812
-83.64872741699219,30.687835693359375,-161.85491943359375
-83.71089172363281,30.776077270507812,-161.75135803222656
-83.59646606445312,30.661712646484375,-161.63577270507812
-83.46908569335938,30.38800048828125,-161.5845184326172
-83.63279724121094,30.42144775390625,-161.402099609375
-83.68763732910156,30.2064208984375,-161.41371154785156
-83.4759521484375,30.120895385742188,-161.4002227783203
-83.63322448730469,30.1851806640625,-161.31336975097656
-83.5711669921875,30.18743896484375,-161.26441955566406
-83.75315856933594,30.103591918945312,-161.50465393066406
-83.95156860351562,29.985122680664062,-161.74998474121094
-83.90350341796875,30.003936767578125,-161.65423583984375
-84.15234375,29.909881591796875,-161.51222229003906
-84.14250183105469,29.862167358398438,-161.44744873046875
-84.27120971679688,29.703948974609375,-161.6192626953125
-84.27354431152344,29.6802978515625,-161.76754760742188
-84.36077880859375,29.732772827148438,-161.42149353027344
-84.53070068359375,29.599105834960938,-161.48687744140625
-84.56620788574219,29.528945922851562,-161.51345825195312
-84.79653930664062,29.485763549804688,-161.42889404296875
-84.98236083984375,29.305419921875,-161.46510314941406
-85.0423583984375,29.115341186523438,-161.2538604736328
-85.22862243652344,29.19482421875,-161.25177001953125
-85.26377868652344,29.241104125976562,-161.25726318359375
-85.25645446777344,29.114395141601562,-161.11251831054688
-85.20021057128906,28.995941162109375,-161.06005859375
-85.39675903320312,29.115402221679688,-161.3480682373047
-85.09503173828125,29.088638305664062,-161.25888061523438
-84.75376892089844,28.989822387695312,-161.54930114746094
-84.60281372070312,28.920364379882812,-161.46438598632812
-84.31546020507812,28.753738403320312,-161.33477783203125
-84.05046081542969,28.745742797851562,-161.25405883789062
-83.5333251953125,28.939727783203125,-161.2877655029297
-83.10751342773438,28.7520751953125,-161.1522979736328
-82.81436157226562,28.757125854492188,-160.9820098876953
-82.50927734375,28.9188232421875,-161.14291381835938
-82.38130187988281,28.831558227539062,-160.89353942871094
-82.28073120117188,28.500076293945312,-161.24293518066406
-82.121337890625,28.044815063476562,-161.72695922851562
-81.75631713867188,27.285507202148438,-162.11985778808594
-81.43309020996094,26.709442138671875,-162.881591796875
-80.94590759277344,25.699966430664062,-163.7533416748047
-80.57441711425781,24.753311157226562,-164.88571166992188
-80.08251953125,23.611297607421875,-166.23529052734375
-79.83964538574219,22.612655639648438,-167.6195068359375
-79.60922241210938,21.866317749023438,-169.0809326171875
-79.27854919433594,20.843948364257812,-170.26780700683594
-79.13931274414062,20.042388916015625,-171.42800903320312
-79.04377746582031,19.232757568359375,-172.4432830810547
-78.83476257324219,18.67877197265625,-173.6417694091797
-78.88461303710938,17.923782348632812,-174.85205078125
-78.99642944335938,17.306549072265625,-176.0933380126953
-79.12611389160156,16.732681274414062,-177.1568603515625
-79.5406494140625,16.152572631835938,-178.35850524902344
-79.95309448242188,15.730575561523438,-179.6460723876953
-80.37509155273438,15.260833740234375,-180.85877990722656
-80.7587890625,14.941574096679688,-181.9634246826172
-81.21092224121094,14.534957885742188,-183.17459106445312
-81.39723205566406,14.152847290039062,-184.46578979492188
-81.52403259277344,14.05523681640625,-185.38316345214844
-81.92070007324219,13.787155151367188,-186.47088623046875
-82.2999267578125,13.794723510742188,-187.5762176513672
-82.55841064453125,13.534439086914062,-188.62889099121094
-82.87188720703125,13.410537719726562,-189.55128479003906
-83.30348205566406,13.258651733398438,-190.4803009033203
-83.56015014648438,13.22540283203125,-191.06509399414062
-83.95440673828125,13.18927001953125,-191.49188232421875
-84.27928161621094,13.157333374023438,-192.16317749023438
-84.76747131347656,13.08233642578125,-192.60037231445312
-85.35499572753906,13.010665893554688,-193.0673828125
-85.81257629394531,12.942001342773438,-193.4240264892578
-86.13314819335938,12.907501220703125,-193.54183959960938
-86.44500732421875,13.09307861328125,-193.61029052734375
-86.79795837402344,13.38775634765625,-193.64036560058594
-87.04281616210938,13.586288452148438,-193.68191528320312
-87.35406494140625,13.772048950195312,-193.60885620117188
-87.81863403320312,13.74530029296875,-193.70924377441406
-88.18740844726562,13.701705932617188,-193.460205078125
-88.55899047851562,13.442764282226562,-193.54296875
-88.81301879882812,13.461166381835938,-193.5290985107422
-89.14022827148438,13.416030883789062,-193.3831024169922
-89.41828918457031,13.577484130859375,-193.23512268066406
-89.58279418945312,13.721755981445312,-193.0785675048828
-89.54951477050781,13.7860107421875,-192.96630859375
-89.62947082519531,13.785140991210938,-192.8268280029297
-89.52537536621094,13.897308349609375,-192.66184997558594
-89.21040344238281,13.792144775390625,-192.1885528564453
-88.994384765625,13.884902954101562,-191.8536834716797
-88.72576904296875,13.843582153320312,-191.82298278808594
-88.62779235839844,13.678619384765625,-191.62863159179688
-88.27549743652344,13.674301147460938,-191.43218994140625
-87.994384765625,13.777313232421875,-191.4435272216797
-87.90634155273438,13.5589599609375,-191.0716552734375
-87.83000183105469,13.767547607421875,-191.0938262939453
-87.67979431152344,13.727996826171875,-190.8284912109375
-87.55928039550781,13.857681274414062,-190.6244354248047
-87.49427795410156,13.891708374023438,-190.52459716796875
-87.38780212402344,13.8089599609375,-190.2135009765625
-87.25360107421875,13.786651611328125,-189.98947143554688
-87.12361145019531,14.039596557617188,-189.9540252685547
-87.07475280761719,13.87481689453125,-189.88424682617188
-87.11445617675781,13.923049926757812,-189.6942138671875
-86.73507690429688,14.0396728515625,-189.65802001953125
-86.68402099609375,14.026229858398438,-189.75132751464844
-86.56742858886719,14.123565673828125,-189.62164306640625
-86.5462646484375,14.133102416992188,-189.5757293701172
-86.722412109375,14.032363891601562,-189.4394073486328
-86.59858703613281,13.803375244140625,-189.39732360839844
-86.58818054199219,13.778274536132812,-189.38328552246094
-86.70188903808594,13.784591674804688,-189.43214416503906
-86.65080261230469,13.831832885742188,-189.5010223388672
-86.75648498535156,13.837448120117188,-189.91334533691406
-86.44094848632812,13.96820068359375,-189.77255249023438
-86.51730346679688,14.010955810546875,-189.88502502441406
-86.49842834472656,13.90435791015625,-189.90957641601562
-86.48428344726562,13.878158569335938,-189.9065704345703
-86.38761901855469,13.9168701171875,-189.6247100830078
-86.18978881835938,13.9681396484375,-189.43173217773438
-86.13230895996094,13.927444458007812,-189.2020263671875
-86.16404724121094,13.884811401367188,-189.1471710205078
-86.20736694335938,14.019210815429688,-189.15386962890625
-86.17948913574219,14.178512573242188,-189.38623046875
-86.11497497558594,14.154342651367188,-189.16046142578125
-86.20256042480469,14.048141479492188,-189.18692016601562
-86.09535217285156,13.890548706054688,-189.07894897460938
-86.005126953125,13.68890380859375,-189.03660583496094
-85.94830322265625,13.696365356445312,-188.88673400878906
-85.86628723144531,13.88043212890625,-188.91098022460938
-86.07267761230469,13.891326904296875,-189.0861053466797
-86.13845825195312,13.663909912109375,-189.03857421875
-85.87171936035156,13.550399780273438,-188.88009643554688
-85.96876525878906,13.523574829101562,-188.85389709472656
-85.85929870605469,13.536163330078125,-189.24070739746094
-85.57484436035156,13.665435791015625,-189.37228393554688
-85.42106628417969,13.5272216796875,-189.4202117919922
-85.46597290039062,13.26544189453125,-189.6778106689453
-85.67634582519531,13.437454223632812,-189.8308563232422
-85.53298950195312,13.488784790039062,-190.17576599121094
-85.75105285644531,13.3031005859375,-190.42149353027344
-85.93359375,13.291183471679688,-190.53440856933594
-85.96612548828125,13.308059692382812,-190.97708129882812
-85.97048950195312,13.279159545898438,-191.12721252441406
-86.19667053222656,13.27337646484375,-191.2082977294922
-86.75006103515625,13.25244140625,-191.59677124023438
-87.1759033203125,13.518173217773438,-192.01353454589844
-87.66621398925781,13.875778198242188,-192.51461791992188
-88.29820251464844,14.193267822265625,-192.67361450195312
-88.99253845214844,14.446533203125,-193.03424072265625
-89.92832946777344,14.872909545898438,-193.2368927001953
-90.80609130859375,15.28778076171875,-193.45645141601562
-91.72660827636719,16.1387939453125,-193.44960021972656
-92.58934020996094,16.681472778320312,-193.3751678466797
-93.46319580078125,17.377685546875,-193.13534545898438
-94.35557556152344,18.318328857421875,-193.02117919921875
-95.31436157226562,19.161514282226562,-193.02969360351562
-96.13749694824219,20.107315063476562,-192.68856811523438
-97.08047485351562,20.955001831054688,-192.17764282226562
-97.99050903320312,21.98126220703125,-191.8318328857422
-98.72465515136719,23.256454467773438,-191.7751922607422
-99.49508666992188,24.3880615234375,-191.6172332763672
-100.47764587402344,25.442657470703125,-191.43580627441406
-101.3271484375,26.720626831054688,-191.01158142089844
-102.00587463378906,28.0794677734375,-190.6516571044922
-102.67887878417969,29.412307739257812,-190.54100036621094
-103.42340087890625,30.766677856445312,-190.7734832763672
-104.19009399414062,32.049163818359375,-191.03927612304688
-104.90803527832031,33.3226318359375,-191.10791015625
-105.54148864746094,34.51350402832031,-191.28582763671875
-106.16975402832031,35.75555419921875,-191.3676300048828
-106.67646789550781,37.05937194824219,-191.6249542236328
-107.20469665527344,38.40940856933594,-191.88490295410156
-107.68988037109375,39.45722961425781,-192.16798400878906
-108.04359436035156,40.411529541015625,-192.3343963623047
-108.41722106933594,41.52503967285156,-192.33462524414062
-108.74937438964844,42.66156005859375,-192.54078674316406
-109.03433227539062,43.74885559082031,-192.92349243164062
-109.35438537597656,44.56939697265625,-193.2758026123047
-109.57806396484375,45.38511657714844,-193.47706604003906
-109.9283447265625,46.4049072265625,-193.6280975341797
-110.08964538574219,47.310150146484375,-194.1442108154297
-110.31257629394531,48.116973876953125,-194.690673828125
-110.39286804199219,48.886383056640625,-195.18682861328125
-110.77818298339844,49.73655700683594,-195.9075469970703
-111.04692077636719,50.42327880859375,-196.58604431152344
-111.44239807128906,51.23402404785156,-197.0540008544922
-111.65138244628906,52.165771484375,-197.66221618652344
-112.01206970214844,52.96795654296875,-198.27207946777344
-112.56179809570312,53.86546325683594,-198.75811767578125
-113.2388916015625,54.616912841796875,-199.24330139160156
-113.890869140625,55.49078369140625,-199.7003936767578
-114.548095703125,56.61744689941406,-199.88653564453125
-115.19865417480469,57.73785400390625,-200.2490692138672
-115.79350280761719,58.90229797363281,-200.8388214111328
-116.44819641113281,59.89823913574219,-201.84136962890625
-117.11473083496094,61.09150695800781,-202.95310974121094
-117.72706604003906,62.05082702636719,-204.25518798828125
-118.27218627929688,63.17724609375,-205.74786376953125
-118.94581604003906,64.41238403320312,-207.42474365234375
-120.20855712890625,65.37808227539062,-209.03335571289062
-120.89891052246094,66.69850158691406,-210.45492553710938
-121.94462585449219,68.58262634277344,-211.61813354492188
-122.99267578125,71.27410888671875,-211.7776336669922
-124.56578063964844,74.66468811035156,-211.76927185058594
-126.48788452148438,78.16191101074219,-212.0620574951172
-128.2950897216797,82.03303527832031,-213.2080841064453
-129.963134765625,86.09259033203125,-215.02125549316406
-131.3586883544922,90.58709716796875,-216.8535919189453
-133.0396728515625,95.93252563476562,-218.87490844726562
-135.34617614746094,101.95280456542969,-221.638916015625
-138.08847045898438,108.82009887695312,-224.95196533203125
-140.79563903808594,116.98757934570312,-228.7625274658203
-143.2910919189453,125.51544189453125,-233.41876220703125
-143.05508422851562,130.21888732910156,-242.09832763671875
-141.58815002441406,131.94508361816406,-266.55572509765625
-142.37786865234375,134.402587890625,-294.09979248046875
-143.51478576660156,135.89639282226562,-303.65216064453125
-143.41641235351562,135.86070251464844,-303.8138122558594
-143.43472290039062,136.07766723632812,-303.15380859375
-143.75538635253906,136.00180053710938,-302.71624755859375
-143.69241333007812,135.86302185058594,-302.5281066894531
-143.48301696777344,135.96804809570312,-302.4750061035156
-143.3869171142578,136.031494140625,-302.273681640625
-143.23741149902344,136.01686096191406,-302.26953125
-143.41064453125,136.07110595703125,-301.954833984375
-143.58529663085938,136.1984405517578,-301.76300048828125
-143.51312255859375,136.18984985351562,-301.7464904785156
-143.4678497314453,136.0718231201172,-301.61029052734375
-143.3977508544922,136.2235107421875,-301.409423828125
-143.32565307617188,136.34884643554688,-301.5367431640625
-143.09909057617188,136.23721313476562,-301.528076171875
-142.95262145996094,136.30809020996094,-301.57611083984375
-143.0216064453125,136.235107421875,-301.539306640625
-143.2122344970703,136.12892150878906,-301.670166015625
-143.28677368164062,136.22015380859375,-301.58514404296875
-143.29791259765625,136.09664916992188,-301.69140625
-143.21620178222656,136.18624877929688,-301.3162536621094
-143.18063354492188,136.25804138183594,-301.033447265625
-143.02197265625,136.14988708496094,-300.73419189453125
-142.82333374023438,135.99276733398438,-300.61285400390625
-142.91421508789062,135.96475219726562,-300.3861389160156
-142.7882843017578,136.14434814453125,-300.378173828125
-142.76956176757812,135.9929962158203,-300.33892822265625
-142.65797424316406,136.21951293945312,-300.65533447265625
-142.8383026123047,136.3536834716797,-300.45257568359375
-142.9298095703125,136.43141174316406,-300.2281799316406
-142.91285705566406,136.47718811035156,-300.0869140625
-142.82601928710938,136.34051513671875,-300.24188232421875
-142.81680297851562,136.09983825683594,-300.339111328125
-142.92816162109375,136.0316162109375,-300.38397216796875
-143.10671997070312,135.98226928710938,-300.24127197265625
-142.84530639648438,136.05508422851562,-299.9783935546875
-142.85989379882812,136.04318237304688,-299.8902893066406
-142.92910766601562,135.9631805419922,-299.55377197265625
-142.953125,135.9556121826172,-299.2610168457031
-142.9131622314453,136.13369750976562,-298.63836669921875
-142.90426635742188,136.2073516845703,-298.28070068359375
-142.9785919189453,136.34066772460938,-298.2646484375
-142.88406372070312,136.42465209960938,-298.22369384765625
-142.63134765625,136.2316436767578,-297.8406677246094
-142.76976013183594,136.30162048339844,-297.2962646484375
-142.60675048828125,136.45648193359375,-297.2598571777344
-142.44918823242188,136.4315185546875,-297.02764892578125
-142.3677215576172,136.40846252441406,-296.7232666015625
-142.443115234375,136.36880493164062,-296.6298828125
-142.4648895263672,136.47720336914062,-296.16961669921875
-142.48585510253906,136.68797302246094,-295.5920715332031
-142.4581298828125,136.7853240966797,-295.01251220703125
-142.37782287597656,136.80108642578125,-294.20098876953125
-141.90794372558594,137.12953186035156,-293.65191650390625
-141.49778747558594,137.3059539794922,-292.5415344238281
-141.218017578125,137.850341796875,-291.266357421875
-141.00027465820312,138.28062438964844,-289.56982421875
-140.66305541992188,138.9295654296875,-287.9961242675781
-140.59857177734375,139.52737426757812,-286.10162353515625
-139.9920654296875,140.38555908203125,-284.46533203125
-139.60902404785156,141.18946838378906,-283.23785400390625
-139.1035919189453,141.6171112060547,-281.8189697265625
-138.50491333007812,142.16188049316406,-280.551513671875
-138.15235900878906,142.90396118164062,-279.36102294921875
-138.03562927246094,143.47549438476562,-278.54241943359375
-137.8260498046875,144.1420135498047,-277.88250732421875
-138.07667541503906,144.93191528320312,-276.7303161621094
-138.27423095703125,145.7401885986328,-275.7351989746094
-138.59156799316406,146.6382293701172,-274.54107666015625
-139.036376953125,147.4205322265625,-273.6893615722656
-139.7006378173828,148.3639373779297,-273.04443359375
-140.30149841308594,148.96754455566406,-272.5550842285156
-140.806640625,149.42825317382812,-271.8653259277344
-141.04249572753906,149.84645080566406,-271.38580322265625
-140.94183349609375,150.31961059570312,-271.30377197265625
-140.7952423095703,150.7469482421875,-271.0115966796875
-140.7544708251953,150.84120178222656,-270.80572509765625
-140.76622009277344,151.0584716796875,-270.45556640625
-141.0607147216797,151.55104064941406,-270.2049560546875
-141.1326904296875,151.7144317626953,-270.23614501953125
-141.37843322753906,152.05691528320312,-270.22247314453125
-141.60867309570312,152.00540161132812,-270.0987548828125
-141.95457458496094,152.0761260986328,-270.1414489746094
-142.1583709716797,152.30059814453125,-270.3053894042969
-142.30563354492188,152.39271545410156,-270.318359375
-142.48757934570312,152.63075256347656,-270.0620422363281
-142.48773193359375,152.85386657714844,-269.9555358886719
-142.7445831298828,153.34625244140625,-269.6745910644531
-142.54588317871094,153.72930908203125,-269.46875
-142.63096618652344,153.8799591064453,-269.26806640625
-142.43003845214844,154.20542907714844,-269.0201416015625
-142.15065002441406,154.563232421875,-269.09454345703125
-142.0968780517578,154.63864135742188,-269.0469970703125
-142.27792358398438,155.02952575683594,-269.0572509765625
-142.2703094482422,155.36753845214844,-268.9844970703125
-142.64114379882812,155.5351104736328,-268.70458984375
-143.01907348632812,155.6964111328125,-268.3345947265625
-143.0972442626953,155.9543914794922,-268.41705322265625
-143.0294189453125,156.30078125,-268.35247802734375
-142.99046325683594,156.39195251464844,-268.3594665527344
-142.9921112060547,156.56736755371094,-268.1962890625
-143.1881103515625,156.6406707763672,-268.16754150390625
-143.17044067382812,156.7915496826172,-268.25750732421875
-143.3065948486328,156.8564453125,-268.2629089355469
-143.24612426757812,156.7574005126953,-268.01702880859375
-143.171875,156.6531982421875,-268.219970703125
-142.79345703125,156.27978515625,-268.4502258300781
-142.4747772216797,155.65892028808594,-268.92987060546875
-142.1923828125,155.1891632080078,-269.2529296875
-141.9510955810547,154.91615295410156,-269.71160888671875
-141.71595764160156,154.476318359375,-270.01983642578125
-141.59414672851562,154.2672576904297,-270.369384765625
-141.45809936523438,153.96827697753906,-270.69122314453125
-141.59230041503906,154.01870727539062,-270.6318359375
-141.59165954589844,153.833984375,-270.6286926269531
-141.19740295410156,153.7539520263672,-270.68170166015625
-141.17030334472656,153.79161071777344,-270.64630126953125
-141.07847595214844,153.43235778808594,-270.607666015625
-141.05026245117188,153.4986114501953,-270.57952880859375
-141.0854034423828,153.66903686523438,-270.652587890625
-141.06143188476562,153.67967224121094,-270.6434326171875
-141.2261962890625,153.56614685058594,-270.81396484375
-141.21644592285156,153.43402099609375,-270.7325439453125
-141.20362854003906,153.5462188720703,-270.62310791015625
-141.274169921875,153.7970428466797,-270.621826171875
-141.1600341796875,153.8626251220703,-270.8003845214844
-141.2167510986328,153.80873107910156,-270.6347961425781
-141.07757568359375,153.70477294921875,-270.51739501953125
-141.14991760253906,153.71463012695312,-270.69927978515625
-141.0380859375,153.7069091796875,-270.65045166015625
-141.09640502929688,153.72393798828125,-270.4173889160156
-141.1343231201172,153.74368286132812,-270.5314025878906
-141.1661376953125,153.76522827148438,-270.61419677734375
-141.1130828857422,153.72219848632812,-270.61279296875
-141.12132263183594,153.78753662109375,-270.42559814453125
-141.17405700683594,153.8070068359375,-270.8231201171875
-141.212890625,153.79006958007812,-270.8883056640625
-141.26470947265625,153.61697387695312,-270.9521484375
-141.12953186035156,153.47764587402344,-270.5766906738281
-141.1082763671875,153.52874755859375,-270.6366271972656
-141.1336669921875,153.46453857421875,-270.6251220703125
-141.08399963378906,153.42193603515625,-270.5784912109375
-141.23623657226562,153.38697814941406,-270.5579833984375
-141.2838592529297,153.41390991210938,-270.6334533691406
-141.12554931640625,153.4401092529297,-270.45806884765625
-141.0151824951172,153.51370239257812,-270.5819091796875
-141.0378875732422,153.42584228515625,-270.7738037109375
-141.23757934570312,153.62193298339844,-270.5570983886719
-141.0003662109375,153.5972900390625,-270.5655517578125
-141.0444793701172,153.5454559326172,-270.64111328125
-140.90501403808594,153.82461547851562,-270.820556640625
-140.7288360595703,153.73939514160156,-270.92462158203125
-140.79388427734375,153.75514221191406,-270.7596130371094
-140.71240234375,153.78892517089844,-270.786865234375
-140.78115844726562,153.8105926513672,-270.7105407714844
-140.82655334472656,153.681640625,-270.7567138671875
-140.8081512451172,153.68809509277344,-270.75140380859375
-140.84596252441406,153.61517333984375,-270.61236572265625
-140.8516845703125,153.7880096435547,-270.5594787597656
-140.93572998046875,153.7608642578125,-270.6779479980469
-140.8743896484375,153.69300842285156,-270.63421630859375
-140.90731811523438,153.628662109375,-270.6700744628906
-140.9792938232422,153.71250915527344,-270.56280517578125
-140.96078491210938,153.81234741210938,-270.65606689453125
-140.96238708496094,153.7781524658203,-270.64019775390625
-140.85472106933594,153.77005004882812,-270.6961669921875
-140.946533203125,153.68563842773438,-270.6981201171875
-141.04981994628906,153.79476928710938,-270.81219482421875
-140.86370849609375,153.62576293945312,-270.7677001953125
-141.11993408203125,153.6890869140625,-270.980224609375
-141.18833923339844,153.69407653808594,-270.73663330078125
-141.15151977539062,153.73858642578125,-270.66387939453125
-141.13946533203125,153.7745819091797,-270.48870849609375
-141.14634704589844,153.7021484375,-270.4920349121094
-141.13809204101562,153.71762084960938,-270.6328125
-141.03160095214844,153.64425659179688,-270.6396484375
-141.04188537597656,153.695068359375,-270.7580261230469
-141.1299285888672,153.67230224609375,-270.744873046875
-141.08883666992188,153.49208068847656,-270.9588623046875
-140.99908447265625,153.3017120361328,-270.9791564941406
-140.8645782470703,153.36447143554688,-270.82635498046875
-140.9536590576172,153.3756103515625,-270.6007080078125
-140.92161560058594,153.31533813476562,-270.63751220703125
-141.14706420898438,153.3395538330078,-270.4803466796875
-140.9879913330078,153.36231994628906,-270.5193176269531
-140.74232482910156,153.44505310058594,-270.6444091796875
-140.662353515625,153.50619506835938,-270.7945556640625
-140.7110137939453,153.35130310058594,-270.80810546875
-140.94308471679688,153.4005126953125,-270.7989196777344
-141.1143798828125,153.39877319335938,-271.0799865722656
-140.8488311767578,153.42079162597656,-271.1143798828125
-140.95314025878906,153.38720703125,-271.09967041015625
-140.92941284179688,153.31617736816406,-270.9488525390625
-141.01564025878906,153.5372772216797,-270.99688720703125
-141.0620574951172,153.41078186035156,-270.91204833984375
-141.06007385253906,153.5016632080078,-270.92523193359375
-141.1779022216797,153.55709838867188,-270.98468017578125
-141.1857147216797,153.52919006347656,-270.90106201171875
-141.10906982421875,153.4702606201172,-270.94207763671875
-141.1684112548828,153.52352905273438,-270.8832702636719
-141.2353515625,153.61717224121094,-270.964599609375
-141.05960083007812,153.51983642578125,-270.965576171875
-141.11228942871094,153.5479278564453,-270.71746826171875
-141.2659454345703,153.41091918945312,-270.84454345703125
-141.0037078857422,153.37747192382812,-270.5643615722656
-141.07040405273438,153.33114624023438,-270.6284484863281
-141.13851928710938,153.298828125,-270.54119873046875
-141.1173095703125,153.39166259765625,-270.9442443847656
-140.9981231689453,153.45655822753906,-270.92425537109375
-140.97300720214844,153.48379516601562,-270.77716064453125
-140.74984741210938,153.5419921875,-270.616455078125
-140.79676818847656,153.52947998046875,-270.5535583496094
-140.96170043945312,153.53555297851562,-270.5545654296875
-140.87258911132812,153.50112915039062,-270.7803039550781
-140.8141326904297,153.4777374267578,-270.64776611328125
-140.84591674804688,153.4764404296875,-270.8095703125
-140.70835876464844,153.38368225097656,-270.94622802734375
-140.6990966796875,153.4300994873047,-270.94903564453125
-140.98023986816406,153.49217224121094,-270.9984130859375
-141.0516815185547,153.44390869140625,-270.71429443359375
-141.08963012695312,153.556396484375,-270.98223876953125
-141.08143615722656,153.55555725097656,-270.67022705078125
-141.080078125,153.7567596435547,-270.6034240722656
-140.94151306152344,153.7959747314453,-270.47943115234375
-140.90077209472656,153.5973663330078,-270.646484375
-140.92922973632812,153.55592346191406,-270.60211181640625
-141.04795837402344,153.502197265625,-270.5706787109375
-140.98854064941406,153.6869354248047,-270.4998779296875
-140.91905212402344,153.69732666015625,-270.4185791015625
-140.94515991210938,153.8044891357422,-270.41375732421875
-140.74278259277344,153.7216033935547,-270.492431640625
-140.8984375,153.5960235595703,-270.545654296875
-140.9537353515625,153.63406372070312,-270.59014892578125
-141.13632202148438,153.5524139404297,-270.62396240234375
-140.95071411132812,153.5160675048828,-270.63818359375
-140.98939514160156,153.49429321289062,-270.57232666015625
-141.05581665039062,153.43252563476562,-270.4877014160156
-141.0119171142578,153.45150756835938,-270.38934326171875
-141.24679565429688,153.47189331054688,-270.5795593261719
-141.04029846191406,153.48338317871094,-270.5779113769531
-140.991943359375,153.51544189453125,-270.63287353515625
-140.8939208984375,153.43862915039062,-270.65057373046875
-141.11447143554688,153.48046875,-270.602783203125
-141.03176879882812,153.41514587402344,-270.6680908203125
-141.01466369628906,153.3539581298828,-270.58648681640625
-141.0371551513672,153.37184143066406,-270.59716796875
-140.7570037841797,153.37042236328125,-270.54052734375
-140.89889526367188,153.28955078125,-270.54071044921875
-141.02561950683594,153.3770294189453,-270.56402587890625
-140.95497131347656,153.5448455810547,-270.51568603515625
-140.85536193847656,153.51795959472656,-270.5260009765625
-140.96202087402344,153.5575408935547,-270.450439453125
-140.81968688964844,153.48728942871094,-270.30303955078125
-140.80450439453125,153.4773712158203,-270.25909423828125
-140.8396759033203,153.4947967529297,-270.41143798828125
-140.7664337158203,153.49359130859375,-270.52362060546875
-140.82330322265625,153.48165893554688,-270.50360107421875
-140.6381072998047,153.55848693847656,-270.34417724609375
-140.66232299804688,153.65940856933594,-270.3901062011719
-140.68113708496094,153.57275390625,-270.4783935546875
-140.74241638183594,153.4979248046875,-270.53997802734375
-140.841552734375,153.42381286621094,-270.655029296875
-140.7835693359375,153.56459045410156,-270.56402587890625
-140.65675354003906,153.41583251953125,-270.6010437011719
-140.78440856933594,153.5303955078125,-270.4927978515625
-140.94642639160156,153.6105194091797,-270.4886474609375
-141.12364196777344,153.65948486328125,-270.47406005859375
-141.00564575195312,153.558349609375,-270.6492004394531
-141.05284118652344,153.58001708984375,-270.8509826660156
-141.24192810058594,153.72169494628906,-270.9535827636719
-141.2109832763672,153.78688049316406,-270.9024353027344
-141.0894775390625,153.80194091796875,-270.58660888671875
-141.0745086669922,153.70396423339844,-270.634033203125
-141.1420135498047,153.7742462158203,-270.7646484375
-141.01055908203125,153.74127197265625,-270.765869140625
-141.06735229492188,153.8093719482422,-270.6087341308594
-140.89117431640625,153.7534942626953,-270.574462890625
-141.11288452148438,153.69606018066406,-270.7689208984375
-141.09341430664062,153.805419921875,-270.97259521484375
-141.02554321289062,153.79847717285156,-270.9083251953125
-141.10052490234375,153.7830352783203,-270.7585754394531
-141.027587890625,153.6851348876953,-270.82049560546875
-140.7460174560547,153.74818420410156,-270.846435546875
-140.93968200683594,153.71876525878906,-270.7108154296875
-141.09201049804688,153.7760009765625,-270.8879089355469
-141.1306915283203,153.82211303710938,-270.69366455078125
-140.90614318847656,153.7894287109375,-270.68218994140625
-141.02734375,153.8082275390625,-270.66497802734375
-141.1432647705078,153.7011260986328,-270.669677734375
-140.9609375,153.65272521972656,-270.29144287109375
-140.99623107910156,153.68943786621094,-270.50384521484375
-140.9112548828125,153.7803955078125,-270.53106689453125
-141.00286865234375,153.75491333007812,-270.60076904296875
-141.01043701171875,153.87612915039062,-270.4425354003906
-141.03453063964844,153.93858337402344,-270.6673583984375
-140.8538818359375,153.7594451904297,-270.92291259765625
-140.90997314453125,153.70571899414062,-270.75823974609375
-141.04974365234375,153.7261505126953,-270.83990478515625
-140.9986114501953,153.76829528808594,-270.7473449707031
-141.18173217773438,153.7212371826172,-270.95330810546875
-141.09230041503906,153.7456817626953,-270.97454833984375
-141.1097869873047,153.7161407470703,-270.745361328125
-140.88037109375,153.944580078125,-270.8070068359375
-140.8797149658203,153.75775146484375,-270.9157409667969
-140.94764709472656,153.71888732910156,-270.74957275390625
-141.0066680908203,153.68362426757812,-270.9114990234375
-141.00257873535156,153.914306640625,-270.71771240234375
-141.08267211914062,153.6919708251953,-270.63275146484375
-140.9990692138672,153.6527557373047,-270.67877197265625
-141.0985565185547,153.61257934570312,-270.54876708984375
-141.12490844726562,153.67938232421875,-270.74444580078125
-140.9341278076172,153.71409606933594,-270.8826599121094
-141.01300048828125,153.91452026367188,-270.8826904296875
-141.00868225097656,153.84300231933594,-270.9102783203125
-140.99676513671875,153.93133544921875,-270.9932556152344
-141.03941345214844,153.9263153076172,-270.6090393066406
-141.1501007080078,153.9473876953125,-270.86474609375
-141.26759338378906,153.738525390625,-270.71099853515625
-141.25621032714844,153.70071411132812,-270.81298828125
-141.27622985839844,153.90809631347656,-270.70068359375
-141.220947265625,154.04872131347656,-270.61822509765625
-141.0753631591797,153.89483642578125,-270.69256591796875
-141.01553344726562,153.80081176757812,-270.7367858886719
-141.00323486328125,153.78204345703125,-270.7257080078125
-141.06210327148438,153.94158935546875,-270.797119140625
-141.07882690429688,153.9243621826172,-270.40594482421875
-141.23313903808594,153.94189453125,-270.7048034667969
-141.16343688964844,153.92234802246094,-270.68499755859375
-141.15060424804688,153.8424835205078,-270.84130859375
-141.05381774902344,153.95663452148438,-270.7869873046875
-141.12176513671875,153.91497802734375,-270.83758544921875
-140.7953338623047,153.81398010253906,-270.66131591796875
-140.85610961914062,153.70242309570312,-270.61572265625
-141.0335693359375,153.8039093017578,-270.6927490234375
-141.0581512451172,153.8133544921875,-270.4481506347656
-140.8743133544922,153.78445434570312,-270.55999755859375
-140.9862060546875,153.4445037841797,-270.7589111328125
-140.83787536621094,153.54925537109375,-270.7359619140625
-140.73428344726562,153.34068298339844,-270.62860107421875
-141.0523681640625,153.5242156982422,-270.5810852050781
-140.94317626953125,153.44503784179688,-270.3463134765625
-140.92205810546875,153.50848388671875,-270.5226745605469
-140.90406799316406,153.58912658691406,-270.4413757324219
-140.87698364257812,153.7933349609375,-270.63201904296875
-140.88262939453125,153.68276977539062,-270.6387023925781
-140.96096801757812,153.6820526123047,-270.5506591796875
-140.86444091796875,153.69534301757812,-270.71588134765625
-140.80508422851562,153.76844787597656,-271.0091247558594
-140.82969665527344,153.74655151367188,-271.01019287109375
-140.72206115722656,153.71705627441406,-271.00604248046875
-140.7515106201172,153.77090454101562,-271.04925537109375
-140.8304443359375,153.75274658203125,-270.97998046875
-140.75070190429688,153.74732971191406,-270.9205017089844
-140.98489379882812,153.7341766357422,-270.8555908203125
-140.70928955078125,153.75009155273438,-270.56060791015625
-140.80502319335938,153.8451690673828,-270.5352478027344
-140.9176483154297,153.84947204589844,-270.5155334472656
-140.99176025390625,153.82330322265625,-270.56787109375
-140.8976593017578,153.71165466308594,-270.56512451171875
-140.966552734375,153.7525634765625,-270.4085693359375
-140.91188049316406,153.71563720703125,-270.46490478515625
-141.14602661132812,153.7692108154297,-270.47186279296875
-141.09603881835938,153.79733276367188,-270.40948486328125
-141.13973999023438,153.67413330078125,-270.4195556640625
-141.0311279296875,153.63381958007812,-270.29302978515625
-140.73904418945312,153.82351684570312,-270.2459716796875
-140.98826599121094,153.82398986816406,-270.3790283203125
-140.9673614501953,153.76394653320312,-270.25152587890625
-141.0941619873047,153.6065673828125,-270.4213562011719
-141.11878967285156,153.69546508789062,-270.5799255371094
-141.04293823242188,153.82403564453125,-270.56805419921875
-141.02687072753906,153.77279663085938,-270.5106506347656
-141.04550170898438,153.68612670898438,-270.48516845703125
-140.93191528320312,153.80947875976562,-270.50030517578125
-140.95030212402344,153.64625549316406,-270.601318359375
-141.13015747070312,153.45455932617188,-270.9990539550781
-140.99737548828125,153.5161895751953,-270.92449951171875
-140.97549438476562,153.538818359375,-270.77349853515625
-140.8524932861328,153.62074279785156,-270.79217529296875
-141.01467895507812,153.80242919921875,-270.7633056640625
-141.1160888671875,153.8046417236328,-270.9802551269531
-140.96444702148438,153.56814575195312,-270.98687744140625
-140.72584533691406,153.82012939453125,-271.072021484375
-140.9862823486328,153.8446044921875,-270.8770751953125
-140.9864044189453,153.82196044921875,-270.80645751953125
-140.7104034423828,153.93215942382812,-270.8186950683594
-140.89376831054688,153.9448699951172,-270.56988525390625
-140.90574645996094,153.8243865966797,-270.638671875
-141.0785369873047,153.82101440429688,-270.6397399902344
-141.299560546875,153.77001953125,-270.4264831542969
-141.0166778564453,153.85923767089844,-270.44866943359375
-140.95188903808594,153.88177490234375,-270.351806640625
-141.0801239013672,153.81028747558594,-270.63861083984375
-141.00668334960938,153.7577667236328,-270.61566162109375
-141.11537170410156,153.63101196289062,-270.630859375
-141.00587463378906,153.64187622070312,-270.73162841796875
-141.11251831054688,153.60955810546875,-270.9429931640625
-141.04293823242188,153.625244140625,-270.74481201171875
-141.00851440429688,153.58880615234375,-270.6004638671875
-141.10687255859375,153.67649841308594,-270.6231689453125
-141.0291290283203,153.8235321044922,-270.66949462890625
-141.02951049804688,153.67794799804688,-270.4229736328125
-141.04905700683594,153.4711456298828,-270.58294677734375
-140.89527893066406,153.47885131835938,-270.6313781738281
-140.92298889160156,153.5806884765625,-270.58148193359375
-140.9434051513672,153.65765380859375,-270.6788635253906
-141.11654663085938,153.49024963378906,-270.39923095703125
-141.01980590820312,153.32528686523438,-270.4806823730469
-141.1675567626953,153.5228729248047,-270.63763427734375
-141.22706604003906,153.4683074951172,-270.8355712890625
-141.19097900390625,153.381103515625,-270.6192626953125
-141.28622436523438,153.3086395263672,-270.4461364746094
-141.2099151611328,153.31967163085938,-270.4395751953125
-141.14923095703125,153.4488983154297,-270.5563049316406
-141.1077880859375,153.53846740722656,-270.4864501953125
-141.2283172607422,153.28631591796875,-270.4674072265625
-141.28158569335938,153.29058837890625,-270.4781799316406
-141.26409912109375,153.3266143798828,-270.45367431640625
-141.55615234375,153.53518676757812,-270.67431640625
-141.57952880859375,153.53390502929688,-270.6402282714844
-141.52908325195312,153.490478515625,-270.6029357910156
-141.2925262451172,153.4177703857422,-270.60760498046875
-141.4896697998047,153.3251190185547,-270.5216064453125
-141.33053588867188,153.31195068359375,-270.479248046875
-141.07693481445312,153.44422912597656,-270.54241943359375
-141.01760864257812,153.4200439453125,-270.54156494140625
-141.24974060058594,153.565673828125,-270.68280029296875
-141.29141235351562,153.67556762695312,-270.55877685546875
-141.0383758544922,153.5095672607422,-270.5772399902344
-140.99139404296875,153.5433349609375,-270.6734313964844
-141.05801391601562,153.62551879882812,-270.6852111816406
-141.04568481445312,153.50531005859375,-270.524169921875
-140.89341735839844,153.5061798095703,-270.53955078125
-141.07717895507812,153.33348083496094,-270.58673095703125
-141.07537841796875,153.4114227294922,-270.54052734375
-141.0129852294922,153.42466735839844,-270.633544921875
-141.11660766601562,153.65394592285156,-270.8287353515625
-141.06031799316406,153.63429260253906,-270.61279296875
-141.11927795410156,153.41278076171875,-270.39971923828125
-141.072509765625,153.61956787109375,-270.4982604980469
-140.906494140625,153.6939697265625,-270.5378723144531
-140.9163055419922,153.80831909179688,-270.439697265625
-140.92593383789062,153.6758575439453,-270.5557861328125
-141.10617065429688,153.45098876953125,-270.44500732421875
-141.10450744628906,153.52532958984375,-270.5793151855469
-141.19496154785156,153.4199981689453,-270.81201171875
-141.0496826171875,153.4162139892578,-270.6628112792969
-141.1948699951172,153.53944396972656,-270.62384033203125
-141.18511962890625,153.27293395996094,-270.5405578613281
-141.2406463623047,153.3822479248047,-270.6266784667969
-141.07749938964844,153.2379913330078,-270.66375732421875
-141.12619018554688,153.37362670898438,-270.48504638671875
-141.0517120361328,153.40078735351562,-270.594970703125
-140.9677276611328,153.28749084472656,-270.4940490722656
-141.12277221679688,153.3572235107422,-270.35321044921875
-141.06468200683594,153.35862731933594,-270.08465576171875
-141.0662384033203,153.3322296142578,-270.4968566894531
-140.8609161376953,153.28236389160156,-270.64892578125
-140.72427368164062,153.4111785888672,-270.6706237792969
-140.83750915527344,153.41831970214844,-270.7653503417969
-140.79019165039062,153.32688903808594,-270.75347900390625
-140.6877899169922,153.30589294433594,-270.90789794921875
-140.783935546875,153.45037841796875,-270.74383544921875
-140.74911499023438,153.52281188964844,-270.62884521484375
-140.9945831298828,153.66128540039062,-270.5736083984375
-140.9415283203125,153.6132354736328,-270.8029479980469
-141.04669189453125,153.51364135742188,-270.8675537109375
-141.1614227294922,153.42694091796875,-270.9949951171875
-141.13145446777344,153.53515625,-270.719970703125
-140.92962646484375,153.43511962890625,-270.64764404296875
-140.91429138183594,153.55894470214844,-270.7218933105469
-140.93064880371094,153.54568481445312,-270.7602233886719
-140.90756225585938,153.4161376953125,-270.74652099609375
-140.9045867919922,153.47801208496094,-270.581298828125
-140.88412475585938,153.43089294433594,-270.63800048828125
-140.98757934570312,153.44053649902344,-270.77386474609375
-141.1283721923828,153.57681274414062,-270.996337890625
-141.04547119140625,153.4567413330078,-270.7777099609375
-140.91424560546875,153.5367889404297,-270.6037292480469
-140.97994995117188,153.38526916503906,-270.7897033691406
-141.02545166015625,153.32118225097656,-270.74212646484375
-141.03103637695312,153.3998565673828,-270.81488037109375
-141.02133178710938,153.41429138183594,-270.9637451171875
-141.168212890625,153.5110626220703,-270.8218994140625
-141.1449737548828,153.60960388183594,-270.5870361328125
-141.04495239257812,153.5167236328125,-270.6078186035156
-141.08444213867188,153.2910614013672,-270.58062744140625
-141.09011840820312,153.29335021972656,-270.64385986328125
-141.07156372070312,153.3370819091797,-270.81658935546875
-141.067626953125,153.34475708007812,-270.7593994140625
-140.83221435546875,153.293701171875,-270.66485595703125
-140.90396118164062,153.46217346191406,-270.5563659667969
-141.0686798095703,153.4835968017578,-270.64129638671875
-141.05853271484375,153.451171875,-270.71771240234375
-141.142333984375,153.59600830078125,-270.78741455078125
-141.22219848632812,153.80418395996094,-270.817138671875
-141.18186950683594,153.70921325683594,-270.56500244140625
-141.20932006835938,153.80078125,-270.635009765625
-140.96815490722656,153.73062133789062,-270.60650634765625
-140.95199584960938,153.6996307373047,-270.5772705078125
-140.93389892578125,153.76751708984375,-270.39801025390625
-140.75390625,153.8110809326172,-270.0997314453125
-140.86317443847656,153.55162048339844,-270.3123779296875
-140.76539611816406,153.65579223632812,-270.47100830078125
-141.07876586914062,153.4799041748047,-270.39410400390625
-141.12466430664062,153.53433227539062,-270.49285888671875
-141.06056213378906,153.43113708496094,-270.55218505859375
-141.1150360107422,153.42449951171875,-270.415771484375
-141.0314483642578,153.50791931152344,-270.6457214355469
-141.05581665039062,153.55567932128906,-270.60443115234375
-141.02178955078125,153.46505737304688,-270.6297607421875
-140.99844360351562,153.52804565429688,-270.82958984375
-141.03504943847656,153.56204223632812,-270.9996337890625
-141.15521240234375,153.7494659423828,-270.94696044921875
-141.2242431640625,153.79721069335938,-271.1241455078125
-141.42864990234375,153.77659606933594,-270.9082946777344
-141.31166076660156,153.74298095703125,-270.84661865234375
-141.1674346923828,153.6751251220703,-270.82659912109375
-141.0823211669922,153.61302185058594,-270.76068115234375
-141.11570739746094,153.45484924316406,-271.00054931640625
-140.91375732421875,153.6079864501953,-270.79913330078125
-141.0467529296875,153.6240997314453,-270.9358215332031
-141.11148071289062,153.6675262451172,-270.89715576171875
-141.27818298339844,153.670654296875,-270.9190979003906
-141.16372680664062,153.54324340820312,-270.883056640625
-141.05491638183594,153.74639892578125,-270.946533203125
-141.09153747558594,153.705322265625,-270.9715576171875
-141.0502471923828,153.77139282226562,-270.6175537109375
-141.1268768310547,153.6904754638672,-270.4613037109375
-141.14088439941406,153.7967529296875,-270.63214111328125
-141.02084350585938,153.80270385742188,-270.73138427734375
-141.0111846923828,153.8422088623047,-270.7640380859375
-141.13412475585938,153.9296875,-270.78131103515625
-141.03094482421875,153.92494201660156,-270.66485595703125
-140.89288330078125,153.81875610351562,-270.56121826171875
-140.85983276367188,153.9387664794922,-270.637451171875
-140.92481994628906,153.75439453125,-270.50701904296875
-141.0569305419922,153.71177673339844,-270.4539489746094
-141.0227813720703,153.76206970214844,-270.4591369628906
-140.92941284179688,153.78359985351562,-270.31390380859375
-140.79835510253906,153.73374938964844,-270.2517395019531
-140.79986572265625,153.75082397460938,-270.3626708984375
-140.94259643554688,153.8445587158203,-270.5069885253906
-141.0989227294922,153.82920837402344,-270.5471496582031
-141.14198303222656,153.79457092285156,-270.67987060546875
-141.12757873535156,153.88157653808594,-270.584228515625
-141.14047241210938,153.8759765625,-270.78704833984375
-141.11317443847656,153.8480682373047,-270.8382568359375
-140.7462921142578,153.89056396484375,-270.595703125
-140.81192016601562,153.85440063476562,-270.44952392578125
-140.73348999023438,153.8492889404297,-270.2585144042969
-140.79176330566406,153.9191436767578,-270.14666748046875
-140.88076782226562,153.8435821533203,-270.1053161621094
-141.11074829101562,153.8656005859375,-269.9822998046875
-141.1366729736328,153.7345733642578,-270.10662841796875
-141.0856170654297,153.6331787109375,-270.185791015625
-140.9556427001953,153.45257568359375,-270.1340026855469
-140.97503662109375,153.53460693359375,-270.3598937988281
-141.12730407714844,153.55091857910156,-270.5215759277344
-141.05841064453125,153.60922241210938,-270.4414978027344
-140.96078491210938,153.66111755371094,-270.34759521484375
-140.99554443359375,153.80706787109375,-270.34735107421875
-140.88330078125,153.767822265625,-270.5093078613281
-140.89476013183594,153.72140502929688,-270.25274658203125
-140.7982635498047,153.55055236816406,-270.27630615234375
-140.61038208007812,153.6020965576172,-270.42779541015625
-140.30477905273438,153.583984375,-270.55096435546875
-140.1186981201172,153.584228515625,-270.66632080078125
-139.8614959716797,153.56431579589844,-270.482666015625
-139.9545440673828,153.6046142578125,-270.50482177734375
-139.87232971191406,153.76283264160156,-270.65423583984375
-140.2411346435547,153.5662841796875,-270.71063232421875
-140.37435913085938,153.21188354492188,-270.96160888671875
-140.25511169433594,152.5006561279297,-271.347412109375
-140.47433471679688,151.88258361816406,-271.7401428222656
-140.44955444335938,151.38058471679688,-272.3683776855469
-140.0182342529297,150.67239379882812,-273.0631103515625
-139.28427124023438,149.850341796875,-273.65606689453125
-138.53868103027344,149.1071014404297,-274.089599609375
-137.7222900390625,148.2779541015625,-274.452392578125
-136.75521850585938,147.54083251953125,-275.0431213378906
-135.67738342285156,146.83615112304688,-275.75714111328125
-134.58590698242188,146.33673095703125,-276.1448669433594
-133.7584991455078,146.00331115722656,-276.639404296875
-133.28684997558594,145.62066650390625,-276.9104919433594
-132.63296508789062,145.30459594726562,-277.3638916015625
-132.02171325683594,145.00242614746094,-277.75579833984375
-131.8555908203125,144.79847717285156,-278.27978515625
-131.57852172851562,144.44134521484375,-279.0434875488281
-131.41639709472656,144.07803344726562,-279.27301025390625
-131.47547912597656,143.4237823486328,-279.9230041503906
-131.37652587890625,143.1180877685547,-280.49102783203125
-131.74588012695312,142.42800903320312,-280.99798583984375
-132.04275512695312,142.08612060546875,-281.85784912109375
-132.45494079589844,141.62107849121094,-282.45013427734375
-132.90139770507812,141.1873321533203,-283.076904296875
-133.5053253173828,140.95718383789062,-283.64532470703125
-133.85110473632812,140.6338653564453,-284.3284912109375
-134.48974609375,140.17855834960938,-285.09710693359375
-134.81817626953125,139.93687438964844,-285.73736572265625
-135.2029266357422,139.4400177001953,-286.2947692871094
-135.50833129882812,139.4993896484375,-286.9324645996094
-136.04722595214844,139.17982482910156,-287.4622802734375
-136.42079162597656,139.04220581054688,-287.73431396484375
-136.874755859375,138.85635375976562,-287.7893981933594
-137.0355987548828,138.6706085205078,-287.3685302734375
-137.3843231201172,138.51287841796875,-287.3543701171875
-137.63394165039062,138.58642578125,-287.455078125
-137.6331024169922,138.5233917236328,-287.12445068359375
-137.5344696044922,138.63641357421875,-286.97637939453125
-137.64382934570312,138.910888671875,-286.73468017578125
-137.30966186523438,139.09010314941406,-286.5037841796875
-137.27426147460938,139.20372009277344,-285.9713134765625
-137.24725341796875,139.4353485107422,-285.6049499511719
-137.2066650390625,139.42160034179688,-285.45172119140625
-137.22906494140625,139.4105682373047,-285.4690856933594
-137.2830810546875,139.50341796875,-285.34454345703125
-137.31678771972656,139.44215393066406,-285.61077880859375
-137.31610107421875,139.3711395263672,-285.59002685546875
-137.44198608398438,139.12657165527344,-285.83935546875
-137.821533203125,138.9181671142578,-286.3169250488281
-138.09547424316406,138.74331665039062,-286.7574462890625
-138.25816345214844,138.58718872070312,-287.21417236328125
-138.73655700683594,138.30743408203125,-287.91461181640625
-139.2461700439453,138.2359619140625,-288.10491943359375
-139.78208923339844,138.28094482421875,-288.5694885253906
-140.22654724121094,137.9904022216797,-288.9565124511719
-140.76046752929688,137.83502197265625,-289.32550048828125
-141.38832092285156,137.9217529296875,-289.60894775390625
-141.53468322753906,137.9816131591797,-290.02825927734375
-142.18118286132812,137.99989318847656,-290.2958679199219
-142.1000213623047,137.88951110839844,-290.5027770996094
-142.10548400878906,137.65892028808594,-290.45709228515625
-142.05665588378906,137.65679931640625,-290.5367431640625
-141.69590759277344,137.6275634765625,-290.97918701171875
-141.5980224609375,137.4786376953125,-291.26605224609375
-141.5195770263672,137.34815979003906,-291.57891845703125
-141.59202575683594,137.2738494873047,-292.25762939453125
-141.35012817382812,137.0220947265625,-292.7392883300781
-141.3583984375,136.72360229492188,-293.3089599609375
-141.15750122070312,136.74374389648438,-294.019287109375
-141.060791015625,136.66375732421875,-294.7589416503906
-141.1067657470703,136.43893432617188,-295.40460205078125
-141.36619567871094,136.30029296875,-296.0896911621094
-141.4357452392578,136.3559112548828,-296.5653991699219
-141.36724853515625,135.95851135253906,-297.1815185546875
-141.36859130859375,135.8874053955078,-297.9491882324219
-141.26553344726562,135.74838256835938,-298.7802734375
-141.47561645507812,135.56680297851562,-299.2296142578125
-141.463134765625,135.57345581054688,-299.83343505859375
-141.19447326660156,135.62498474121094,-300.32244873046875
-141.2423858642578,135.5928192138672,-300.657958984375
-141.20155334472656,135.454833984375,-301.11810302734375
-141.06321716308594,135.5550994873047,-301.2864074707031
-141.02450561523438,135.71945190429688,-301.3206787109375
-141.10610961914062,135.6527862548828,-301.3353271484375
-140.7946319580078,135.79019165039062,-301.24127197265625
-140.9046630859375,135.98939514160156,-301.35125732421875
-141.0120849609375,136.07374572753906,-301.55352783203125
-141.27931213378906,136.48626708984375,-301.86181640625
-141.43104553222656,137.05458068847656,-301.84918212890625
-129.97055053710938,135.69155883789062,-292.5569763183594
-98.93768310546875,138.9082794189453,-255.83665466308594
-78.05160522460938,140.27452087402344,-198.33932495117188
-83.29139709472656,121.46731567382812,-156.83775329589844
-94.76945495605469,95.48367309570312,-143.0986785888672
-101.74783325195312,76.36143493652344,-141.40672302246094
-103.82162475585938,62.340728759765625,-143.12091064453125
-103.59101867675781,51.434814453125,-147.0325164794922
-102.45915222167969,42.51568603515625,-152.0114288330078
-101.21823120117188,35.9365234375,-156.81390380859375
-99.98468017578125,31.242507934570312,-160.9930419921875
-98.73844909667969,27.918807983398438,-164.66189575195312
-97.85348510742188,25.339675903320312,-167.59536743164062
-96.96366882324219,23.507736206054688,-170.00498962402344
-96.29942321777344,22.178207397460938,-172.2752227783203
-95.65049743652344,21.026763916015625,-173.8405303955078
-95.28904724121094,19.977096557617188,-175.2899169921875
-95.04222106933594,19.277908325195312,-176.56065368652344
-94.87615966796875,18.779067993164062,-177.633056640625
-95.07884216308594,18.572463989257812,-178.7764129638672
-95.18211364746094,18.412521362304688,-179.9976348876953
-94.90878295898438,18.108749389648438,-181.12779235839844
-94.83638000488281,17.793746948242188,-182.2121124267578
-94.85105895996094,17.657501220703125,-183.277099609375
-94.70672607421875,17.271286010742188,-184.1492462158203
-94.20814514160156,17.054794311523438,-185.22918701171875
-93.7830810546875,16.795730590820312,-186.4342803955078
-93.18817138671875,16.584075927734375,-187.1661834716797
-92.6717529296875,16.519134521484375,-187.90785217285156
-92.08058166503906,16.311416625976562,-188.48902893066406
-91.22969055175781,15.993606567382812,-188.94895935058594
-90.60580444335938,15.833404541015625,-189.28085327148438
-90.06068420410156,15.753738403320312,-189.4525604248047
-89.37750244140625,15.55096435546875,-189.24813842773438
-88.63763427734375,15.319915771484375,-189.31275939941406
-87.83285522460938,14.99713134765625,-189.1700439453125
-87.16317749023438,14.654144287109375,-188.53701782226562
-86.27018737792969,14.529098510742188,-187.97927856445312
-85.7215576171875,14.569229125976562,-186.9595947265625
-85.26388549804688,14.692428588867188,-186.08433532714844
-84.94058227539062,14.775360107421875,-185.0087890625
-84.47920227050781,14.94610595703125,-184.0599365234375
-84.55844116210938,15.106033325195312,-183.20811462402344
-84.31771850585938,15.284042358398438,-182.395263671875
-83.85102844238281,15.35614013671875,-181.85118103027344
-83.74142456054688,15.466415405273438,-181.34645080566406
-83.43222045898438,15.5435791015625,-180.9940185546875
-83.00439453125,15.638717651367188,-180.4451904296875
-82.82736206054688,15.877395629882812,-179.89541625976562
-82.63398742675781,15.940216064453125,-179.2541961669922
-82.39413452148438,16.228378295898438,-178.61561584472656
-82.277099609375,16.568206787109375,-178.0312042236328
-82.16593933105469,16.731460571289062,-177.38365173339844
-82.01429748535156,16.960952758789062,-176.6408233642578
-81.72608947753906,17.308746337890625,-175.99928283691406
-81.50569152832031,17.733932495117188,-175.3564453125
-81.01426696777344,17.964370727539062,-174.71408081054688
-80.66236877441406,18.163772583007812,-174.1789093017578
-80.13919067382812,18.533233642578125,-173.64659118652344
-79.83602905273438,18.70745849609375,-173.2238006591797
-79.55583190917969,19.216583251953125,-172.8634796142578
-79.03572082519531,19.397918701171875,-172.32078552246094
-78.87252807617188,19.773880004882812,-171.70249938964844
-78.61805725097656,20.221923828125,-171.15643310546875
-78.46794128417969,20.461349487304688,-170.48110961914062
-78.03559875488281,20.824859619140625,-169.7539520263672
-77.66593933105469,21.276885986328125,-169.27386474609375
-77.40071105957031,21.52081298828125,-168.78602600097656
-77.27774047851562,21.980667114257812,-168.41786193847656
-77.2156982421875,22.376724243164062,-167.75930786132812
-77.17642211914062,22.714309692382812,-167.1273193359375
-77.05355834960938,23.029251098632812,-166.49269104003906
-77.05352783203125,23.333770751953125,-166.15899658203125
-76.68223571777344,23.677749633789062,-166.0512237548828
-76.46429443359375,23.641937255859375,-165.73086547851562
-76.51504516601562,23.879379272460938,-165.37074279785156
-76.51509094238281,24.069488525390625,-165.0811767578125
-76.46682739257812,24.30645751953125,-164.74649047851562
-76.32652282714844,24.69122314453125,-164.66094970703125
-76.51728820800781,24.945938110351562,-164.89785766601562
-76.47605895996094,25.028366088867188,-164.56715393066406
-76.50863647460938,25.290008544921875,-164.23025512695312
-76.6043701171875,25.599380493164062,-163.92666625976562
-76.6624755859375,25.844985961914062,-163.5935821533203
-76.71603393554688,25.980300903320312,-163.50143432617188
-76.71688842773438,26.009567260742188,-163.1658172607422
-77.09297180175781,26.298965454101562,-163.0459442138672
-77.39289855957031,26.671676635742188,-162.74981689453125
-77.559326171875,26.858856201171875,-162.35585021972656
-77.4649658203125,27.1763916015625,-162.296630859375
-77.63761901855469,27.40869140625,-162.09237670898438
-77.63877868652344,27.612472534179688,-161.94259643554688
-77.93815612792969,27.851821899414062,-161.8492431640625
-77.91787719726562,27.939437866210938,-161.7912139892578
-78.21176147460938,27.987503051757812,-161.6514129638672
-78.43434143066406,28.22210693359375,-161.16717529296875
-78.57026672363281,28.5701904296875,-160.83436584472656
-78.60337829589844,28.864547729492188,-160.83509826660156
-78.59133911132812,29.124176025390625,-160.72268676757812
-78.86666870117188,29.502151489257812,-160.67457580566406
-79.08689880371094,29.60430908203125,-160.4263153076172
-79.27537536621094,29.7325439453125,-160.25437927246094
-79.19790649414062,29.844284057617188,-160.2128143310547
-79.43626403808594,30.07080078125,-160.05516052246094
-79.55148315429688,30.3221435546875,-159.85423278808594
-79.76847839355469,30.320327758789062,-159.6830596923828
-79.79447937011719,30.467681884765625,-159.7672882080078
-80.04165649414062,30.41412353515625,-159.5786895751953
-80.38330078125,30.553756713867188,-159.49044799804688
-80.17640686035156,30.645645141601562,-159.63612365722656
-80.18650817871094,30.5052490234375,-160.0500946044922
-80.08966064453125,30.323455810546875,-160.06468200683594
-80.31072998046875,30.17523193359375,-159.94259643554688
-80.38156127929688,30.115463256835938,-159.9373321533203
-80.48580932617188,30.08465576171875,-160.14930725097656
-80.37168884277344,30.04473876953125,-160.20016479492188
-80.52476501464844,29.952911376953125,-160.27825927734375
-80.68850708007812,29.942657470703125,-160.53424072265625
-80.67593383789062,29.686294555664062,-160.62319946289062
-80.90950012207031,29.66619873046875,-160.84701538085938
-80.8402099609375,29.543701171875,-160.87355041503906
-80.84870910644531,29.453399658203125,-161.30445861816406
-80.99287414550781,29.41021728515625,-161.2613525390625
-80.96124267578125,29.2757568359375,-161.272705078125
-80.93170166015625,29.302688598632812,-161.63368225097656
-81.03359985351562,29.43890380859375,-161.58692932128906
-81.04505920410156,29.3809814453125,-161.38082885742188
-81.09013366699219,29.4947509765625,-161.55259704589844
-81.32998657226562,29.325958251953125,-161.64280700683594
-81.631591796875,29.40838623046875,-161.64419555664062
-81.64350891113281,29.4324951171875,-161.57017517089844
-81.75918579101562,29.574371337890625,-161.48300170898438
-81.97846984863281,29.920440673828125,-161.65602111816406
-82.01893615722656,30.06439208984375,-161.63717651367188
-82.18025207519531,29.986724853515625,-161.37640380859375
-82.18609619140625,30.196731567382812,-161.45042419433594
-81.93821716308594,30.237838745117188,-161.4231719970703
-81.64666748046875,30.089263916015625,-161.3067626953125
-81.78889465332031,30.117523193359375,-161.34036254882812
-81.56297302246094,30.212265014648438,-161.18113708496094
-81.44158935546875,30.242385864257812,-161.0793914794922
-81.23567199707031,30.357223510742188,-161.35723876953125
-81.27619934082031,30.414321899414062,-161.24609375
-81.29739379882812,30.620559692382812,-161.27902221679688
-81.29702758789062,30.697509765625,-161.51943969726562
-81.25346374511719,30.728408813476562,-161.42672729492188
-81.29850769042969,30.777313232421875,-161.42620849609375
-81.25039672851562,30.855758666992188,-161.55006408691406
-81.24441528320312,30.8902587890625,-161.65472412109375
-81.25019836425781,30.832199096679688,-161.56285095214844
-81.74899291992188,30.778411865234375,-161.47396850585938
-81.86726379394531,30.810379028320312,-161.5210418701172
-81.955078125,30.761978149414062,-161.4669952392578
-82.05238342285156,30.804473876953125,-161.41342163085938
-82.22720336914062,30.791061401367188,-161.53273010253906
-82.23451232910156,30.985260009765625,-161.3753204345703
-82.14146423339844,31.141738891601562,-161.3535919189453
-82.20883178710938,31.058914184570312,-161.16842651367188
-82.14285278320312,30.886444091796875,-161.24847412109375
-82.20880126953125,30.935409545898438,-161.60914611816406
-82.22337341308594,30.943374633789062,-161.5753173828125
-82.30599975585938,30.750823974609375,-161.54483032226562
-82.36196899414062,30.842910766601562,-161.27078247070312
-82.15910339355469,30.95623779296875,-161.18569946289062
-82.21609497070312,31.033676147460938,-161.21682739257812
-82.00755310058594,31.149856567382812,-161.098388671875
-82.056396484375,30.967483520507812,-161.22177124023438
-82.03143310546875,30.946075439453125,-161.29617309570312
-82.16995239257812,30.82733154296875,-161.36544799804688
-82.16462707519531,30.798629760742188,-161.2604217529297
-82.03834533691406,30.769500732421875,-161.3999481201172
-82.07484436035156,30.877670288085938,-161.4566650390625
-81.81858825683594,31.043228149414062,-161.33555603027344
-82.06401062011719,30.956680297851562,-161.48460388183594
-81.95945739746094,30.913009643554688,-161.53370666503906
-82.06303405761719,31.0118408203125,-161.48785400390625
-82.17428588867188,30.96832275390625,-161.37445068359375
-82.21134948730469,30.784454345703125,-161.24575805664062
-82.14332580566406,30.669189453125,-161.3995361328125
-82.08590698242188,30.740402221679688,-161.54403686523438
-82.03018188476562,30.66168212890625,-161.47581481933594
-82.00141906738281,30.837265014648438,-161.4153594970703
-81.87516784667969,31.082321166992188,-161.55462646484375
-81.78639221191406,31.145187377929688,-161.4973907470703
-81.85813903808594,30.89544677734375,-161.5021514892578
-82.08749389648438,30.8480224609375,-161.44215393066406
-81.97389221191406,30.907363891601562,-161.52615356445312
-82.01065063476562,31.025543212890625,-161.55162048339844
-81.99754333496094,31.056686401367188,-161.5372772216797
-81.93061828613281,30.908599853515625,-161.25096130371094
-81.7745361328125,30.943038940429688,-161.08642578125
-81.76565551757812,31.004959106445312,-160.96658325195312
-81.77239990234375,31.096115112304688,-160.98068237304688
-81.7376708984375,31.107635498046875,-161.13223266601562
-81.69699096679688,31.155715942382812,-161.31378173828125
-81.89811706542969,31.022415161132812,-161.34275817871094
-81.83995056152344,30.933090209960938,-161.432861328125
-81.93130493164062,31.066925048828125,-161.46116638183594
-81.81394958496094,30.9332275390625,-161.25186157226562
-81.85478210449219,30.83282470703125,-161.12733459472656
-81.75798034667969,30.899398803710938,-161.2011260986328
-81.84109497070312,30.912567138671875,-161.30906677246094
-82.019287109375,30.7579345703125,-161.28062438964844
-81.892578125,30.865676879882812,-161.2975311279297
-81.82675170898438,30.735427856445312,-161.3175811767578
-81.78861999511719,30.618621826171875,-161.3428955078125
-81.88337707519531,30.827621459960938,-161.34083557128906
-81.8441162109375,30.833694458007812,-161.3158416748047
-81.89332580566406,30.862152099609375,-161.35670471191406
-81.98529052734375,30.707443237304688,-161.1434783935547
-82.03764343261719,30.728866577148438,-161.2748260498047
-82.18304443359375,30.798294067382812,-161.38629150390625
-82.18748474121094,30.779281616210938,-161.1183624267578
-82.10514831542969,30.900680541992188,-161.13833618164062
-82.15771484375,30.846237182617188,-161.3762969970703
-82.19940185546875,30.8673095703125,-161.31478881835938
-81.98974609375,30.795120239257812,-161.32054138183594
-81.993896484375,30.802871704101562,-161.20285034179688
-81.96365356445312,30.949859619140625,-161.13795471191406
-82.18576049804688,30.76190185546875,-161.1981658935547
-82.02041625976562,30.878402709960938,-161.30369567871094
-82.04475402832031,30.64532470703125,-161.25015258789062
-82.09228515625,30.682479858398438,-161.3766326904297
-81.92463684082031,30.742691040039062,-161.24171447753906
-81.97833251953125,30.77203369140625,-161.1388397216797
-82.08627319335938,30.71844482421875,-161.36683654785156
-81.98100280761719,30.73779296875,-161.41342163085938
-81.99244689941406,30.6976318359375,-161.26304626464844
-81.95365905761719,30.778182983398438,-161.51283264160156
-82.07781982421875,30.67352294921875,-161.48756408691406
-82.08853149414062,30.81005859375,-161.5445098876953
-82.09793090820312,31.014205932617188,-161.355712890625
-81.88333129882812,31.27874755859375,-161.33328247070312
-81.85809326171875,31.275527954101562,-161.13690185546875
-81.82414245605469,31.0107421875,-161.50515747070312
-81.92404174804688,31.124649047851562,-161.6853790283203
-82.03642272949219,31.05511474609375,-161.52499389648438
-82.05245971679688,31.006607055664062,-161.40969848632812
-81.98231506347656,30.969345092773438,-161.5059051513672
-81.95066833496094,30.877182006835938,-161.52354431152344
-81.974365234375,30.95550537109375,-161.51211547851562
-81.95307922363281,30.88385009765625,-161.28416442871094
-82.09716796875,30.986968994140625,-161.24880981445312
-82.22288513183594,30.952743530273438,-161.09532165527344
-82.02473449707031,30.973297119140625,-161.24900817871094
-82.07791137695312,30.965927124023438,-161.3470001220703
-81.96368408203125,31.03802490234375,-161.38803100585938
-81.96446228027344,30.981552124023438,-161.52267456054688
-81.96466064453125,30.875091552734375,-161.6798553466797
-82.04722595214844,30.917694091796875,-161.60800170898438
-82.04714965820312,30.914459228515625,-161.6355743408203
-82.03530883789062,30.907485961914062,-161.53245544433594
-82.17051696777344,30.953460693359375,-161.4798126220703
-82.05686950683594,31.152587890625,-161.59039306640625
-82.21722412109375,31.106475830078125,-161.79954528808594
-82.25828552246094,31.097305297851562,-161.8346405029297
-82.31362915039062,31.042068481445312,-161.68936157226562
-81.95469665527344,31.140167236328125,-161.577880859375
-81.66032409667969,31.294296264648438,-161.64373779296875
-81.69544982910156,31.21392822265625,-161.69345092773438
-81.83055114746094,31.16845703125,-161.62083435058594
-81.75936889648438,31.149520874023438,-161.62803649902344
-81.75556945800781,31.113388061523438,-161.49075317382812
-81.74501037597656,31.019699096679688,-161.5496826171875
-81.68145751953125,31.141342163085938,-161.48143005371094
-81.90476989746094,31.02093505859375,-161.38473510742188
-82.06941223144531,31.094635009765625,-161.16529846191406
-82.08445739746094,31.135238647460938,-161.36105346679688
-81.97105407714844,30.885025024414062,-161.18157958984375
-82.19427490234375,30.929000854492188,-161.3865966796875
-82.19442749023438,30.945770263671875,-161.26773071289062
-82.12210083007812,30.95721435546875,-161.24891662597656
-82.11134338378906,30.74468994140625,-161.1145782470703
-82.03071594238281,30.930267333984375,-161.3107147216797
-82.03274536132812,31.096038818359375,-161.5487823486328
-82.04429626464844,31.0828857421875,-161.51539611816406
-82.05307006835938,30.986129760742188,-161.33236694335938
-82.1297607421875,30.895263671875,-161.30120849609375
-82.14360046386719,30.998641967773438,-161.34693908691406
-82.35107421875,30.99249267578125,-161.53172302246094
-82.36972045898438,30.923904418945312,-161.5474090576172
-82.21238708496094,30.90264892578125,-161.4758758544922
-82.11709594726562,30.994094848632812,-161.41452026367188
-82.16322326660156,30.910781860351562,-161.54803466796875
-82.18963623046875,30.958328247070312,-161.51815795898438
-82.01168823242188,30.930587768554688,-161.27236938476562
-81.95747375488281,30.881362915039062,-161.4602813720703
-82.23768615722656,30.910186767578125,-161.4176483154297
-82.19664001464844,30.9525146484375,-161.57168579101562
-82.15025329589844,30.99676513671875,-161.7816619873047
-82.04521179199219,30.981002807617188,-161.88174438476562
-81.98832702636719,30.969711303710938,-161.86663818359375
-81.96955871582031,31.008148193359375,-161.68959045410156
-82.15924072265625,31.137176513671875,-161.60964965820312
-82.12176513671875,31.285491943359375,-161.67356872558594
-82.22285461425781,31.241455078125,-161.6265106201172
-82.12590026855469,31.059356689453125,-161.82907104492188
-82.19557189941406,31.023544311523438,-161.62620544433594
-82.20518493652344,31.120986938476562,-161.74134826660156
-82.34506225585938,30.904861450195312,-161.68658447265625
-82.28134155273438,30.858184814453125,-161.5719451904297
-82.24105834960938,30.895660400390625,-161.56631469726562
-82.27932739257812,31.073486328125,-161.61305236816406
-82.31523132324219,31.1492919921875,-161.57284545898438
-82.37802124023438,31.135406494140625,-161.70765686035156
-82.19024658203125,31.055328369140625,-161.85232543945312
-82.17878723144531,30.939865112304688,-161.72222900390625
-82.183837890625,30.984603881835938,-161.7252960205078
-82.16334533691406,30.90753173828125,-161.86563110351562
-82.20314025878906,31.085891723632812,-161.69485473632812
-82.1546630859375,31.064300537109375,-161.49896240234375
-82.19471740722656,31.023422241210938,-161.42617797851562
-82.242919921875,31.073196411132812,-161.62350463867188
-82.22512817382812,31.127426147460938,-161.78294372558594
-82.01181030273438,31.017913818359375,-161.8302001953125
-81.97866821289062,31.032302856445312,-161.59532165527344
-81.95162963867188,31.049163818359375,-161.44937133789062
-82.12684631347656,31.076309204101562,-161.51702880859375
-82.16209411621094,31.287002563476562,-161.44407653808594
-82.19529724121094,31.254501342773438,-161.69142150878906
-82.02684020996094,31.412200927734375,-161.5849151611328
-82.11875915527344,31.22406005859375,-161.69439697265625
-82.31608581542969,31.065155029296875,-161.4894256591797
-82.42225646972656,31.102203369140625,-161.55226135253906
-82.34834289550781,31.122238159179688,-161.425048828125
-82.31869506835938,31.03985595703125,-161.6414031982422
-82.37745666503906,31.014495849609375,-161.5338592529297
-82.20060729980469,31.11651611328125,-161.51048278808594
-82.22296142578125,31.120742797851562,-161.474853515625
-82.33535766601562,31.267181396484375,-161.553466796875
-82.09359741210938,31.140411376953125,-161.30767822265625
-82.23143005371094,31.154251098632812,-161.55184936523438
-82.15750122070312,31.108856201171875,-161.67453002929688
-81.96083068847656,30.96685791015625,-161.53872680664062
-82.23727416992188,30.973129272460938,-161.45797729492188
-82.17987060546875,30.875396728515625,-161.69076538085938
-81.98124694824219,30.858917236328125,-161.6783905029297
-81.97216796875,30.910079956054688,-161.70706176757812
-81.94607543945312,30.945693969726562,-161.64134216308594
-81.95068359375,31.110336303710938,-161.80506896972656
-82.04280090332031,31.09228515625,-161.82830810546875
-82.08773803710938,31.05706787109375,-161.65130615234375
-82.03961181640625,31.149871826171875,-161.6616668701172
-82.08723449707031,31.145294189453125,-161.57989501953125
-81.976806640625,31.004684448242188,-161.69471740722656
-81.89710998535156,31.108932495117188,-161.57127380371094
-81.67625427246094,31.121414184570312,-161.6917266845703
-81.79740905761719,31.114471435546875,-161.6736297607422
-81.94659423828125,31.05517578125,-161.4915313720703
-82.04592895507812,31.048004150390625,-161.4454345703125
-82.11387634277344,31.14373779296875,-161.66421508789062
-82.19647216796875,30.957275390625,-161.53208923339844
-82.00616455078125,31.005859375,-161.69493103027344
-82.00187683105469,30.862884521484375,-161.6954803466797
-82.04377746582031,31.002410888671875,-161.58163452148438
-82.06253051757812,30.900726318359375,-161.84564208984375
-82.12666320800781,31.024093627929688,-161.76719665527344
-82.09220886230469,30.902099609375,-161.83445739746094
-82.21092224121094,31.0740966796875,-161.75515747070312
-82.21536254882812,31.11083984375,-161.7627716064453
-82.22816467285156,31.1025390625,-161.8570556640625
-82.19686889648438,31.062896728515625,-161.74851989746094
-82.25741577148438,30.93927001953125,-161.7606201171875
-82.25436401367188,31.116867065429688,-161.7888641357422
-82.16658020019531,31.111663818359375,-161.7421417236328
-82.21809387207031,31.05694580078125,-161.86422729492188
-82.20494079589844,31.044342041015625,-161.83209228515625
-82.11614990234375,30.889785766601562,-161.8680877685547
-82.17243957519531,30.844558715820312,-161.60496520996094
-82.21792602539062,30.851531982421875,-161.6117706298828
-82.08627319335938,30.926513671875,-161.5884246826172
-82.15931701660156,31.036087036132812,-161.68463134765625
-82.17599487304688,31.255203247070312,-161.59046936035156
-82.02616882324219,31.19012451171875,-161.67864990234375
-82.06878662109375,31.152053833007812,-161.6783905029297
-81.81019592285156,31.148635864257812,-161.4397735595703
-82.03411865234375,31.00653076171875,-161.51470947265625
-81.88111877441406,30.746124267578125,-161.4969024658203
-81.98007202148438,30.939788818359375,-161.4927978515625
-82.02156066894531,31.006851196289062,-161.26129150390625
-82.00257873535156,31.098175048828125,-161.36279296875
-82.07672119140625,31.101104736328125,-161.64048767089844
-81.96693420410156,31.126663208007812,-161.68882751464844
-81.9658203125,31.109939575195312,-161.57925415039062
-82.060791015625,30.883575439453125,-161.51199340820312
-81.96652221679688,30.820907592773438,-161.6315155029297
-82.02890014648438,30.86077880859375,-161.57652282714844
-81.83847045898438,30.92822265625,-161.52920532226562
-81.82292175292969,31.066162109375,-161.57891845703125
-81.91632080078125,31.149688720703125,-161.7678680419922
-82.02525329589844,30.9625244140625,-161.72496032714844
-82.04896545410156,30.975250244140625,-161.85325622558594
-82.10243225097656,30.883346557617188,-161.79385375976562
-82.20352172851562,30.809799194335938,-161.46327209472656
-81.99287414550781,30.747665405273438,-161.70602416992188
-81.98654174804688,30.869873046875,-161.85386657714844
-82.215087890625,30.769683837890625,-161.76673889160156
-82.40757751464844,30.781936645507812,-161.73318481445312
-82.39791870117188,30.807479858398438,-161.8367156982422
-82.252197265625,30.814804077148438,-161.6414031982422
-82.13377380371094,30.919525146484375,-161.56893920898438
-81.99470520019531,30.793136596679688,-161.56646728515625
-81.95460510253906,30.900360107421875,-161.57093811035156
-82.22389221191406,31.066009521484375,-161.82203674316406
-82.09658813476562,31.11358642578125,-161.68026733398438
-82.22979736328125,31.053192138671875,-161.500244140625
-82.21507263183594,30.90924072265625,-161.4087371826172
-82.38514709472656,30.91900634765625,-161.54563903808594
-82.29389953613281,31.120559692382812,-161.5589141845703
-82.29426574707031,31.137359619140625,-161.5137939453125
-82.24142456054688,31.032699584960938,-161.47755432128906
-82.23384094238281,31.126220703125,-161.5436553955078
-82.33712768554688,31.068603515625,-161.7635955810547
-82.291259765625,31.0584716796875,-161.63314819335938
-82.21037292480469,30.7764892578125,-161.56797790527344
-82.03436279296875,30.975494384765625,-161.6621856689453
-81.79740905761719,30.95452880859375,-161.47854614257812
-81.86968994140625,30.891876220703125,-161.34091186523438
-81.96223449707031,31.03570556640625,-161.29576110839844
-82.10285949707031,31.085037231445312,-161.36111450195312
-81.99070739746094,31.091278076171875,-161.23471069335938
-81.98907470703125,31.056900024414062,-161.39498901367188
-82.23368835449219,31.23834228515625,-161.28335571289062
-82.13313293457031,31.147506713867188,-161.486572265625
-82.281982421875,31.264984130859375,-161.49403381347656
-82.3690185546875,31.283645629882812,-161.4181671142578
-82.34974670410156,31.042343139648438,-161.46591186523438
-82.27436828613281,31.065872192382812,-161.41517639160156
-82.30873107910156,31.10858154296875,-161.48870849609375
-82.23985290527344,30.911956787109375,-161.4984130859375
-82.33938598632812,30.873031616210938,-161.27716064453125
-82.22059631347656,31.082672119140625,-161.35693359375
-82.21923828125,31.134124755859375,-161.3469696044922
-82.201171875,31.002304077148438,-161.39112854003906
-82.20945739746094,30.7686767578125,-161.25392150878906
-82.01034545898438,31.020645141601562,-161.11985778808594
-81.97669982910156,31.115890502929688,-161.3621368408203
-82.00990295410156,30.904052734375,-161.420166015625
-82.07560729980469,30.841079711914062,-161.4705352783203
-81.95738220214844,30.810455322265625,-161.37937927246094
-82.06880187988281,30.943283081054688,-161.54220581054688
-81.94009399414062,30.815994262695312,-161.7009735107422
-81.93775939941406,30.802749633789062,-161.61026000976562
-82.00849914550781,30.858001708984375,-161.6006317138672
-82.00956726074219,30.866165161132812,-161.59571838378906
-81.85484313964844,30.8135986328125,-161.72784423828125
-82.06301879882812,30.802001953125,-161.71725463867188
-82.07273864746094,30.691635131835938,-162.00416564941406
-82.0291748046875,30.82379150390625,-161.8812255859375
-81.87821960449219,30.83251953125,-161.8736572265625
-81.88223266601562,30.76971435546875,-161.90200805664062
-82.07432556152344,30.786041259765625,-161.7959747314453
-81.9769287109375,30.869033813476562,-161.9348602294922
-82.01481628417969,30.813858032226562,-161.83187866210938
-82.22206115722656,30.856231689453125,-161.76708984375
-82.13703918457031,30.939727783203125,-161.791748046875
-82.37068176269531,30.953277587890625,-161.9854278564453
-82.49972534179688,31.108261108398438,-161.8612823486328
-83.03175354003906,31.045364379882812,-161.8477325439453
-83.62174987792969,31.17559814453125,-161.6736602783203
-84.21446228027344,31.163070678710938,-161.5799102783203
-85.00384521484375,31.454742431640625,-161.33956909179688
-85.48875427246094,31.744110107421875,-161.3276824951172
-86.42587280273438,31.8155517578125,-161.36463928222656
-87.38603210449219,31.965499877929688,-161.4438934326172
-88.14010620117188,32.161956787109375,-161.48748779296875
-89.31163024902344,32.27484130859375,-161.3760223388672
-90.34342956542969,32.707427978515625,-161.3514862060547
-91.46871948242188,33.22178649902344,-161.18008422851562
-92.6085205078125,33.75117492675781,-161.12844848632812
-94.03285217285156,34.58148193359375,-161.31134033203125
-95.35186767578125,35.29255676269531,-161.24078369140625
-96.85728454589844,36.20561218261719,-161.36207580566406
-98.30577087402344,37.357666015625,-161.4476776123047
-99.71067810058594,38.43476867675781,-161.26370239257812
-100.80599975585938,39.77386474609375,-161.20761108398438
-102.03115844726562,41.35333251953125,-161.5037841796875
-103.37103271484375,42.60093688964844,-161.4962921142578
-104.56378173828125,43.89637756347656,-161.45794677734375
-105.45005798339844,45.28215026855469,-161.34170532226562
-106.31784057617188,46.54689025878906,-161.12957763671875
-106.86859130859375,47.61109924316406,-161.21522521972656
-107.50856018066406,48.849609375,-161.35728454589844
-108.00448608398438,49.86961364746094,-161.37466430664062
-108.28929138183594,50.7857666015625,-161.31936645507812
-108.73713684082031,51.70341491699219,-161.41534423828125
-108.86996459960938,52.52763366699219,-161.34539794921875
-109.19992065429688,53.412261962890625,-161.22787475585938
-109.27899169921875,53.848052978515625,-161.20608520507812
-109.38496398925781,54.35321044921875,-161.28956604003906
-109.31768798828125,54.67399597167969,-161.00051879882812
-109.57722473144531,54.980712890625,-160.91180419921875
-109.43035888671875,54.98248291015625,-160.89889526367188
-109.4569091796875,55.146392822265625,-161.13072204589844
-109.53414916992188,55.07525634765625,-161.14598083496094
-109.46878051757812,55.19499206542969,-161.02371215820312
-109.55879211425781,55.24433898925781,-161.1121063232422
-109.60710144042969,55.254486083984375,-161.2628936767578
-109.47917175292969,55.20780944824219,-161.22708129882812
-109.87960815429688,55.35542297363281,-161.3560791015625
-109.88661193847656,55.3731689453125,-161.24671936035156
-109.78434753417969,55.284881591796875,-161.06739807128906
-109.85165405273438,55.25859069824219,-160.99725341796875
-109.84835815429688,55.24119567871094,-160.81088256835938
-109.78106689453125,55.140838623046875,-160.6707000732422
-109.77972412109375,55.11773681640625,-160.65292358398438
-109.77430725097656,55.034942626953125,-160.8255615234375
-109.92239379882812,54.90870666503906,-160.97756958007812
-110.22006225585938,54.78880310058594,-161.0635986328125
-110.08441162109375,54.69013977050781,-161.23565673828125
-109.898681640625,54.60115051269531,-161.18495178222656
-109.33616638183594,54.36088562011719,-160.9657745361328
-108.56990051269531,54.13981628417969,-160.12368774414062
-107.38552856445312,53.883514404296875,-159.08596801757812
-105.73124694824219,53.54408264160156,-158.1021270751953
-104.33940124511719,52.92878723144531,-157.2699432373047
-102.73345947265625,51.95780944824219,-156.3314666748047
-101.45111083984375,50.828094482421875,-155.60501098632812
-100.09481811523438,50.09785461425781,-155.13119506835938
-98.79881286621094,48.92530822753906,-154.52992248535156
-96.95414733886719,47.54182434082031,-154.09278869628906
-95.22463989257812,46.34088134765625,-153.71255493164062
-93.11004638671875,45.00086975097656,-153.33145141601562
-90.68722534179688,43.445831298828125,-153.1890106201172
-88.44393920898438,41.892486572265625,-153.30909729003906
-85.66082763671875,40.46977233886719,-153.3581085205078
-83.09150695800781,38.976776123046875,-153.75437927246094
-80.18829345703125,37.41072082519531,-154.1721954345703
-77.27470397949219,35.92083740234375,-154.9298553466797
-74.12913513183594,34.388946533203125,-156.35362243652344
-71.09796142578125,32.44920349121094,-158.38931274414062
-67.90542602539062,30.824798583984375,-160.7004852294922
-65.22746276855469,28.944717407226562,-163.36924743652344
-63.17958068847656,27.372024536132812,-166.23797607421875
-61.57963562011719,25.831222534179688,-168.97412109375
-60.39622497558594,24.721939086914062,-171.71578979492188
-59.62727355957031,23.688873291015625,-174.380126953125
-58.99322509765625,22.5770263671875,-176.96017456054688
-58.92138671875,21.791946411132812,-179.33946228027344
-59.03233337402344,21.00775146484375,-181.75047302246094
-59.187835693359375,20.411041259765625,-183.77200317382812
-59.74952697753906,19.505233764648438,-185.44680786132812
-60.38226318359375,18.9156494140625,-187.20501708984375
-61.11155700683594,18.4111328125,-188.9674530029297
-61.93238830566406,17.881439208984375,-190.52371215820312
-62.886566162109375,17.476104736328125,-191.94580078125
-63.73321533203125,16.968124389648438,-192.95700073242188
-64.59822082519531,16.522674560546875,-194.16773986816406
-65.45146179199219,16.209213256835938,-195.0276336669922
-66.11427307128906,15.99420166015625,-196.05909729003906
-66.66777038574219,15.921279907226562,-197.116943359375
-67.13140869140625,16.045654296875,-198.27020263671875
-67.51725769042969,16.216583251953125,-199.1586456298828
-67.61705017089844,16.191696166992188,-200.23779296875
-67.9908447265625,16.402053833007812,-201.35218811035156
-68.44465637207031,16.48504638671875,-202.1448516845703
-69.0169677734375,16.352035522460938,-202.96475219726562
-69.87905883789062,16.316299438476562,-203.99497985839844
-70.74226379394531,16.309661865234375,-204.5357208251953
-71.19697570800781,16.387725830078125,-204.92071533203125
-72.14137268066406,16.405746459960938,-205.5001678466797
-72.53547668457031,16.404037475585938,-205.5758819580078
-73.24037170410156,16.341766357421875,-205.69569396972656
-73.87368774414062,16.152938842773438,-205.7183837890625
-74.42860412597656,16.16131591796875,-205.50119018554688
-75.14271545410156,16.055984497070312,-205.4138946533203
-75.84565734863281,15.937759399414062,-205.72694396972656
-76.52783203125,15.858123779296875,-205.55206298828125
-76.98625183105469,15.651702880859375,-205.5133819580078
-77.318603515625,15.561355590820312,-205.505126953125
-77.65200805664062,15.504379272460938,-205.4551239013672
-78.04466247558594,15.440689086914062,-205.61866760253906
-78.2515869140625,15.218048095703125,-205.7677764892578
-78.68385314941406,15.386978149414062,-205.6835174560547
-78.776123046875,15.305145263671875,-205.30401611328125
-79.02044677734375,15.468856811523438,-204.9698486328125
-79.15620422363281,15.353271484375,-205.01300048828125
-79.39906311035156,15.290481567382812,-204.97337341308594
-79.37945556640625,15.127182006835938,-205.06117248535156
-79.42062377929688,15.156951904296875,-205.01637268066406
-79.59756469726562,15.046844482421875,-204.54278564453125
-79.68565368652344,14.908920288085938,-204.0734100341797
-79.6829833984375,14.701812744140625,-203.7734375
-79.62651062011719,14.613479614257812,-203.05601501464844
-79.76333618164062,14.5050048828125,-202.60299682617188
-79.79664611816406,14.465576171875,-202.31968688964844
-79.71484375,14.365341186523438,-202.09832763671875
-79.63835144042969,14.268936157226562,-201.801513671875
-79.66067504882812,14.1888427734375,-201.47720336914062
-79.75567626953125,14.057540893554688,-201.3830108642578
-79.86288452148438,14.158767700195312,-201.10028076171875
-79.65235900878906,14.016647338867188,-200.99256896972656
-79.63520812988281,14.034652709960938,-200.77951049804688
-79.8985595703125,13.830398559570312,-200.53311157226562
-79.87913513183594,14.059524536132812,-200.5462188720703
-79.91154479980469,13.892898559570312,-200.57244873046875
-79.88594055175781,13.84033203125,-200.5710906982422
-79.82225036621094,13.886581420898438,-200.4573974609375
-79.84091186523438,13.941131591796875,-200.37977600097656
-79.99391174316406,13.925735473632812,-200.22442626953125
-79.94960021972656,13.884231567382812,-200.13868713378906
-80.06613159179688,13.927337646484375,-200.05015563964844
-79.71762084960938,13.80340576171875,-199.77139282226562
-79.93580627441406,13.861358642578125,-199.77410888671875
-80.07780456542969,13.804702758789062,-199.56405639648438
-79.96772766113281,13.897262573242188,-199.59226989746094
-80.07571411132812,13.867263793945312,-199.54454040527344
-80.01585388183594,13.872222900390625,-199.4414825439453
-80.01763916015625,13.875274658203125,-199.1997528076172
-79.93121337890625,13.880279541015625,-199.33175659179688
-79.735107421875,13.629730224609375,-199.07693481445312
-79.83274841308594,13.648880004882812,-199.02224731445312
-79.810546875,13.588134765625,-198.82931518554688
-79.76551818847656,13.623275756835938,-198.63270568847656
-79.80331420898438,13.64959716796875,-198.55381774902344
-79.66288757324219,13.517593383789062,-198.67779541015625
-79.54670715332031,13.567794799804688,-198.5596923828125
-79.62956237792969,13.554092407226562,-198.38465881347656
-79.44607543945312,13.650436401367188,-198.4506072998047
-79.37785339355469,13.53033447265625,-198.2916259765625
-79.32225036621094,13.56951904296875,-198.33425903320312
-79.12843322753906,13.616561889648438,-198.2323760986328
-79.10499572753906,13.654815673828125,-198.3367462158203
-78.9317626953125,13.73541259765625,-198.2589111328125
-78.69389343261719,13.700851440429688,-198.07986450195312
-78.80421447753906,13.893753051757812,-197.80250549316406
-78.70358276367188,13.707412719726562,-197.74432373046875
-78.57357788085938,13.722412109375,-197.7964630126953
-78.52168273925781,13.65582275390625,-197.9622039794922
-78.49322509765625,13.786941528320312,-197.95849609375
-78.52438354492188,13.702102661132812,-197.8761749267578
-78.51388549804688,13.771469116210938,-197.78224182128906
-78.52409362792969,13.787399291992188,-197.74098205566406
-78.5323486328125,13.775390625,-198.01182556152344
-78.59684753417969,13.773178100585938,-198.10784912109375
-78.69422912597656,13.696243286132812,-198.1233673095703
-78.48471069335938,13.660018920898438,-198.32737731933594
-78.45040893554688,13.540145874023438,-198.60491943359375
-78.27897644042969,13.59088134765625,-198.82669067382812
-78.05192565917969,13.649673461914062,-198.94168090820312
-77.83750915527344,13.661758422851562,-198.80630493164062
-77.90634155273438,13.712600708007812,-198.728271484375
-77.85618591308594,13.807952880859375,-198.69439697265625
-77.80937194824219,13.788375854492188,-198.6605224609375
-77.84616088867188,13.768585205078125,-198.75982666015625
-77.68472290039062,13.764328002929688,-198.73651123046875
-77.73611450195312,13.750732421875,-198.98443603515625
-77.62301635742188,13.718765258789062,-199.23695373535156
-77.74009704589844,13.711196899414062,-199.5198974609375
-77.89002990722656,13.804855346679688,-199.75489807128906
-78.01243591308594,13.990875244140625,-200.12644958496094
-77.95005798339844,13.977386474609375,-200.3878631591797
-78.182861328125,13.94384765625,-200.1751708984375
-78.37214660644531,13.845260620117188,-199.96905517578125
-78.7056884765625,13.774810791015625,-199.69932556152344
-78.65016174316406,13.771713256835938,-199.35206604003906
-78.8892822265625,13.723709106445312,-199.17503356933594
-78.80105590820312,13.6734619140625,-199.2871856689453
-79.06654357910156,13.848007202148438,-199.46595764160156
-79.12449645996094,13.902420043945312,-199.62937927246094
-78.95486450195312,13.924209594726562,-199.83216857910156
-78.73367309570312,13.87786865234375,-200.0572967529297
-78.48722839355469,13.9453125,-200.55484008789062
-78.35581970214844,13.878402709960938,-200.5003662109375
-78.2996826171875,13.906219482421875,-200.80514526367188
-78.28616333007812,13.925933837890625,-201.04067993164062
-78.36932373046875,13.879257202148438,-200.96182250976562
-78.40495300292969,13.878570556640625,-200.9862060546875
-78.33688354492188,13.816909790039062,-201.0547332763672
-78.37193298339844,14.017013549804688,-200.7641143798828
-78.353759765625,13.847915649414062,-200.67428588867188
-78.40910339355469,13.875625610351562,-200.65139770507812
-78.34071350097656,13.800048828125,-200.43582153320312
-78.44258117675781,13.844879150390625,-200.66143798828125
-78.36732482910156,13.96356201171875,-201.03121948242188
-78.3526611328125,14.048660278320312,-201.15809631347656
-78.49740600585938,14.138641357421875,-201.2755126953125
-78.57687377929688,14.25274658203125,-201.67579650878906
-78.51214599609375,14.162612915039062,-201.67909240722656
-78.45013427734375,14.216583251953125,-201.5318603515625
-78.58294677734375,14.156936645507812,-201.28515625
-78.77970886230469,14.201583862304688,-201.2078857421875
-78.80906677246094,14.1417236328125,-201.1292266845703
-78.80702209472656,14.200347900390625,-201.1715545654297
-78.666015625,14.331039428710938,-201.30821228027344
-78.76362609863281,14.221771240234375,-201.53587341308594
-78.72691345214844,14.229019165039062,-201.67538452148438
-78.83241271972656,14.349075317382812,-201.8102569580078
-78.64425659179688,14.226547241210938,-201.72140502929688
-78.83534240722656,14.296524047851562,-201.75347900390625
-78.98973083496094,14.32611083984375,-201.75057983398438
-79.04408264160156,14.319976806640625,-201.7692108154297
-79.06439208984375,14.47686767578125,-201.586181640625
-79.03282165527344,14.546829223632812,-201.739990234375
-79.04774475097656,14.560012817382812,-201.99435424804688
-79.23480224609375,14.499221801757812,-201.9645233154297
-79.22854614257812,14.2510986328125,-201.80690002441406
-79.30673217773438,14.41815185546875,-201.6074981689453
-79.09565734863281,14.363235473632812,-201.5314483642578
-79.10723876953125,14.366973876953125,-201.47598266601562
-79.15937805175781,14.476821899414062,-201.5087432861328
-79.08833312988281,14.359512329101562,-201.7110137939453
-78.96865844726562,14.525558471679688,-201.58767700195312
-78.99708557128906,14.376785278320312,-201.6205291748047
-78.86817932128906,14.448989868164062,-201.67974853515625
-78.83232116699219,14.48193359375,-201.51942443847656
-78.75694274902344,14.482223510742188,-201.45858764648438
-78.70967102050781,14.443389892578125,-201.2290496826172
-78.59185791015625,14.271453857421875,-201.1119384765625
-78.42500305175781,14.14044189453125,-200.99612426757812
-78.21951293945312,13.996383666992188,-200.61831665039062
-77.96368408203125,13.990646362304688,-200.57449340820312
-77.78375244140625,14.02752685546875,-200.47059631347656
-77.81135559082031,14.147811889648438,-200.47555541992188
-77.99879455566406,14.17193603515625,-200.49566650390625
-77.97377014160156,14.122207641601562,-200.55917358398438
-77.98487854003906,14.170654296875,-200.5245819091797
-78.02835083007812,14.187042236328125,-200.70797729492188
-77.87159729003906,14.300628662109375,-200.6775665283203
-78.0018310546875,14.272354125976562,-200.48541259765625
-77.7984619140625,14.483413696289062,-200.24383544921875
-77.70585632324219,14.467529296875,-199.9736328125
-77.45889282226562,14.391220092773438,-200.0193328857422
-77.44384765625,14.283004760742188,-199.97132873535156
-77.41114807128906,14.21246337890625,-200.02700805664062
-77.34130859375,14.254119873046875,-200.1097412109375
-77.49984741210938,14.212173461914062,-199.985107421875
-77.60215759277344,14.204986572265625,-200.0635528564453
-77.58363342285156,14.180984497070312,-200.1725616455078
-77.44537353515625,14.218368530273438,-200.5787353515625
-77.53173828125,14.167388916015625,-200.4344940185547
-77.46734619140625,14.2181396484375,-200.36590576171875
-77.70944213867188,14.258956909179688,-200.374755859375
-77.75949096679688,14.48492431640625,-200.45108032226562
-77.81636047363281,14.373641967773438,-200.48001098632812
-77.77699279785156,14.345703125,-200.4932098388672
-77.59654235839844,14.210586547851562,-200.5129852294922
-77.82073974609375,14.194549560546875,-200.56317138671875
-77.73086547851562,14.140625,-200.5000457763672
-78.01316833496094,14.138961791992188,-200.4483184814453
-77.84902954101562,14.083328247070312,-200.51376342773438
-77.72547912597656,13.890167236328125,-200.50059509277344
-77.75990295410156,13.8243408203125,-200.6220703125
-77.84017944335938,13.9844970703125,-200.62904357910156
-77.99519348144531,14.037384033203125,-200.56134033203125
-77.87297058105469,14.206939697265625,-200.3834686279297
-77.86495971679688,14.162857055664062,-200.33201599121094
-77.97048950195312,14.068161010742188,-200.20286560058594
-77.89808654785156,14.3468017578125,-200.02748107910156
-77.91732788085938,14.221343994140625,-199.90956115722656
-77.81123352050781,14.201858520507812,-199.73825073242188
-77.51213073730469,14.184326171875,-199.5366973876953
-77.56985473632812,14.068817138671875,-199.51211547851562
-77.49636840820312,14.046707153320312,-199.3343963623047
-77.52192687988281,14.073974609375,-199.3249053955078
-77.60134887695312,14.131027221679688,-199.38580322265625
-77.50888061523438,14.07318115234375,-199.18563842773438
-77.36415100097656,14.200897216796875,-199.28558349609375
-77.39747619628906,14.089920043945312,-199.3365936279297
-77.31974792480469,14.036605834960938,-199.35540771484375
-77.05528259277344,14.008590698242188,-199.19619750976562
-77.22257995605469,14.0380859375,-199.21994018554688
-77.17573547363281,13.944320678710938,-199.2675018310547
-77.24642944335938,14.021499633789062,-199.29554748535156
-77.35200500488281,13.991775512695312,-199.1312713623047
-77.20652770996094,13.975265502929688,-199.08221435546875
-77.06631469726562,14.079055786132812,-199.09756469726562
-77.05963134765625,13.970718383789062,-199.26739501953125
-77.16661071777344,14.135284423828125,-199.28817749023438
-76.94845581054688,14.125732421875,-199.44821166992188
-77.02143859863281,13.965560913085938,-199.5128936767578
-76.9244384765625,13.914764404296875,-199.47476196289062
-76.93241882324219,13.815536499023438,-199.65684509277344
-77.14808654785156,13.988510131835938,-199.680908203125
-77.03578186035156,14.078277587890625,-199.98919677734375
-77.14311218261719,14.179336547851562,-200.25669860839844
-77.14834594726562,14.140243530273438,-200.1171112060547
-77.02189636230469,14.204971313476562,-200.14828491210938
-77.02680969238281,14.088134765625,-200.11248779296875
-76.86141967773438,13.9501953125,-200.11546325683594
-76.96658325195312,14.131591796875,-200.5055389404297
-76.57414245605469,14.14862060546875,-200.42942810058594
-76.65577697753906,14.093154907226562,-200.2456512451172
-76.47344970703125,14.147262573242188,-199.953125
-76.6103515625,14.081008911132812,-200.00526428222656
-76.67073059082031,14.293533325195312,-200.0267333984375
-76.67814636230469,14.302780151367188,-199.99586486816406
-76.48263549804688,14.361968994140625,-200.0655517578125
-76.43135070800781,14.459732055664062,-200.17291259765625
-76.662109375,14.373367309570312,-200.40286254882812
-76.70388793945312,14.491485595703125,-200.19064331054688
-76.65629577636719,14.4658203125,-200.0624237060547
-76.70489501953125,14.369918823242188,-199.9766082763672
-76.65280151367188,14.368881225585938,-200.0119171142578
-76.57588195800781,14.357681274414062,-200.19178771972656
-76.45799255371094,14.422088623046875,-200.168701171875
-76.57351684570312,14.494415283203125,-200.18325805664062
-76.70852661132812,14.374221801757812,-200.19544982910156
-76.60978698730469,14.276687622070312,-200.06094360351562
-76.52911376953125,14.485275268554688,-200.2524871826172
-76.43385314941406,14.278457641601562,-200.0968475341797
-76.53550720214844,14.346237182617188,-200.10348510742188
-76.330078125,14.250885009765625,-200.2468719482422
-76.16641235351562,14.315765380859375,-200.21109008789062
-76.38482666015625,14.305679321289062,-200.2278594970703
-76.40415954589844,14.39373779296875,-200.26333618164062
-76.49406433105469,14.2799072265625,-200.18362426757812
-76.56898498535156,14.263870239257812,-200.256103515625
-76.46047973632812,14.381423950195312,-200.4230499267578
-76.55903625488281,14.423324584960938,-200.4446563720703
-76.31863403320312,14.422149658203125,-200.5435333251953
-76.3792724609375,14.436370849609375,-200.46034240722656
