Timestamp
1316
2217
3394
4104
5227
5982
6886
7649
8707
9591
