X,Y,Z
-0.17560124397277832,0.1696624755859375,0.0014265775680541992
-0.17452675104141235,0.14849120378494263,0.020005106925964355
-0.1801488995552063,0.1118767261505127,0.01040804386138916
-0.20092272758483887,0.10129004716873169,-0.014075875282287598
-0.21749797463417053,0.08386456966400146,-0.048637986183166504
-0.17813000082969666,0.07845675945281982,-0.10040175914764404
-0.0827879011631012,0.124564528465271,-0.14913779497146606
-0.0637463927268982,0.16576141119003296,-0.19699352979660034
-0.1392301321029663,0.13125109672546387,-0.2159932255744934
-0.17271161079406738,0.08858722448348999,-0.20258790254592896
-0.18952599167823792,0.0589258074760437,-0.17751246690750122
-0.20026618242263794,0.0587846040725708,-0.13815486431121826
-0.20719237625598907,0.06801962852478027,-0.10564666986465454
-0.2130478024482727,0.06442523002624512,-0.08459359407424927
-0.21108287572860718,0.052779316902160645,-0.06940501928329468
-0.20811598002910614,0.04720902442932129,-0.053675830364227295
-0.1995261162519455,0.05967181921005249,-0.03113710880279541
-0.1784246563911438,0.08399826288223267,0.003692030906677246
-0.16199472546577454,0.11546707153320312,0.029576778411865234
-0.16974622011184692,0.11512142419815063,0.01907247304916382
-0.17889022827148438,0.09984034299850464,-0.04616361856460571
-0.15237240493297577,0.09827059507369995,-0.1544945240020752
-0.1326657235622406,0.11082202196121216,-0.1678805947303772
-0.1124054491519928,0.16546911001205444,-0.20235872268676758
-0.0897136777639389,0.2516319155693054,-0.20817351341247559
-0.09141960740089417,0.2872980833053589,-0.1841592788696289
-0.12277586758136749,0.24023717641830444,-0.1293734312057495
-0.16257277131080627,0.18097996711730957,-0.07305675745010376
-0.21008265018463135,0.16080212593078613,-0.05341619253158569
-0.26142314076423645,0.1669328808784485,-0.05408376455307007
-0.3100316822528839,0.1810741424560547,-0.048694491386413574
-0.32604387402534485,0.18026471138000488,-0.04352438449859619
-0.2502305507659912,0.1947210431098938,-0.05756187438964844
-0.20684170722961426,0.2920016050338745,-0.00293576717376709
-0.24369168281555176,0.31583279371261597,-0.005832016468048096
-0.2640984058380127,0.25482332706451416,-0.028992772102355957
-0.2841781973838806,0.21543967723846436,-0.04359638690948486
-0.3237663507461548,0.15472912788391113,-0.09809994697570801
-0.3469730019569397,0.0992269515991211,-0.154809832572937
-0.3184959888458252,0.06742262840270996,-0.21184015274047852
-0.29798761010169983,0.07337087392807007,-0.26204395294189453
-0.30433979630470276,0.1256875991821289,-0.28969669342041016
-0.20789653062820435,0.1661907434463501,-0.30127662420272827
-0.08245912194252014,0.16189777851104736,-0.2529871463775635
-0.016017407178878784,0.1237831711769104,-0.19224941730499268
-0.039299726486206055,0.09998589754104614,-0.14997875690460205
-0.1106342077255249,0.12252604961395264,-0.16744470596313477
-0.21027523279190063,0.17349085211753845,-0.20385760068893433
-0.29208582639694214,0.23731285333633423,-0.2418927550315857
-0.32599103450775146,0.2848011255264282,-0.26853591203689575
-0.31549978256225586,0.30059120059013367,-0.29507923126220703
-0.29468005895614624,0.2945839762687683,-0.2898518443107605
-0.2401525378227234,0.29891952872276306,-0.2842007875442505
-0.16049528121948242,0.30573374032974243,-0.2767014503479004
-0.13230270147323608,0.2904113531112671,-0.25810980796813965
-0.16877436637878418,0.26416367292404175,-0.26521044969558716
-0.1621490716934204,0.21884161233901978,-0.2610120177268982
-0.10342782735824585,0.14641813933849335,-0.28070151805877686
-0.014789879322052002,0.10027454793453217,-0.3849085569381714
0.08818137645721436,0.10983409732580185,-0.482580304145813
0.16876327991485596,0.15996253490447998,-0.5250682830810547
0.15799832344055176,0.22569279372692108,-0.14588388800621033
0.054140448570251465,0.27148324251174927,0.8330405354499817
0.15062153339385986,0.2746768593788147,0.9418417811393738
0.2405344843864441,0.2546223998069763,0.47938042879104614
0.3277018666267395,0.21328064799308777,0.07795321941375732
0.22114336490631104,0.17658631503582,-0.03101038932800293
0.10688000917434692,0.14727526903152466,-0.135212242603302
0.08219927549362183,0.08932790160179138,-0.27971065044403076
0.06606841087341309,0.029743235558271408,-0.3944363594055176
0.014458000659942627,0.00854160264134407,-0.4638059735298157
-0.028917372226715088,0.04478691890835762,-0.4971790909767151
-0.059439659118652344,0.11523984372615814,-0.5102475881576538
-0.1126750111579895,0.17342276871204376,-0.4979672431945801
-0.21825599670410156,0.19427010416984558,-0.48735862970352173
-0.3496014475822449,0.22772839665412903,-0.5334321856498718
-0.44359880685806274,0.2462683618068695,-0.5443406701087952
-0.29250937700271606,0.22635386884212494,-0.4805992841720581
-0.13051676750183105,0.23909683525562286,-0.5427781939506531
-0.09586125612258911,0.33858394622802734,-0.5392529368400574
-0.21492016315460205,0.26815858483314514,-0.48215651512145996
-0.2027948498725891,0.1260443776845932,-0.4682285189628601
-0.0032752156257629395,0.09029146283864975,-0.37781786918640137
0.1315256953239441,0.17621451616287231,-0.20838850736618042
0.10084795951843262,0.20138949155807495,-0.12452536821365356
0.08277779817581177,0.1512783020734787,-0.15697842836380005
0.09679430723190308,0.11481582373380661,-0.28625786304473877
0.15161830186843872,0.08777687698602676,-0.4122111201286316
0.22697687149047852,0.09702590852975845,-0.41334068775177
0.3231252431869507,0.14341789484024048,-0.3414572477340698
0.3878975510597229,0.16460560262203217,-0.236406147480011
0.3659278154373169,0.1500016748905182,-0.16135698556900024
0.30234622955322266,0.12729904055595398,-0.16711580753326416
0.23597681522369385,0.1201462671160698,-0.20593059062957764
0.20515674352645874,0.12108983099460602,-0.24252355098724365
0.17212462425231934,0.13352055847644806,-0.25793272256851196
0.16293692588806152,0.16833743453025818,-0.21444404125213623
0.22884172201156616,0.2113584727048874,-0.2105352282524109
0.18884700536727905,0.20511655509471893,-0.19369113445281982
0.17415189743041992,0.14029823243618011,-0.15023291110992432
0.20539647340774536,0.10286928713321686,-0.13840913772583008
0.254791796207428,0.13700759410858154,-0.15370577573776245
0.28493744134902954,0.14954739809036255,-0.12220489978790283
0.28086888790130615,0.110427625477314,-0.08046317100524902
0.28004467487335205,0.08564209938049316,-0.05689573287963867
0.2776978611946106,0.0955016165971756,-0.025391817092895508
0.2705439329147339,0.10562057793140411,0.02038198709487915
0.29427391290664673,0.1274697631597519,0.06826317310333252
0.3046058416366577,0.17547082901000977,0.12029147148132324
0.37272191047668457,0.2604060471057892,0.15359973907470703
0.4320034980773926,0.3408827483654022,0.1845148205757141
0.40375077724456787,0.3579484224319458,0.2504844069480896
0.39730870723724365,0.3507944941520691,0.28812462091445923
0.3084598183631897,0.22845633327960968,0.2587829828262329
0.15464818477630615,0.03494839370250702,0.3590247631072998
0.06631165742874146,-0.10075680911540985,0.3665861487388611
0.07003796100616455,-0.17259490489959717,0.2272389531135559
0.19115722179412842,-0.10299474000930786,0.03172647953033447
0.33055049180984497,0.008416831493377686,-0.04841041564941406
0.33896636962890625,-0.024731993675231934,0.07365500926971436
0.37853193283081055,-0.07571764290332794,0.1822095513343811
0.4595440626144409,-0.04898640513420105,0.2149612307548523
0.4936419129371643,0.030322328209877014,0.21850919723510742
0.495019793510437,0.09996894001960754,0.22294557094573975
0.41261154413223267,0.13882943987846375,0.27758097648620605
0.2824745178222656,0.14415839314460754,0.35134053230285645
0.21921229362487793,0.16739317774772644,0.366952121257782
0.20850008726119995,0.199167400598526,0.3160695433616638
0.17084425687789917,0.21545499563217163,0.23874759674072266
0.11308014392852783,0.22012263536453247,0.16601097583770752
0.07387447357177734,0.12077915668487549,-0.03491377830505371
0.008678853511810303,0.026793867349624634,-0.30113959312438965
-0.05102461576461792,0.11256498098373413,-0.2753870189189911
0.04963403940200806,0.19883540272712708,-0.18480956554412842
0.14022362232208252,0.21984714269638062,-0.07915350794792175
0.14409911632537842,0.18771284818649292,-0.003914535045623779
0.10694068670272827,0.21937790513038635,0.0441129207611084
0.060053348541259766,0.25876927375793457,0.07180976867675781
0.002909839153289795,0.24126338958740234,0.07958728075027466
-0.06349331140518188,0.234416663646698,0.07234013080596924
-0.11050820350646973,0.2422237992286682,0.05041500926017761
-0.14978432655334473,0.2784114181995392,0.05207136273384094
-0.20054930448532104,0.281656950712204,0.07048636674880981
-0.21323919296264648,0.27921196818351746,0.05788356065750122
-0.22221070528030396,0.2980780005455017,0.019571542739868164
-0.22486692667007446,0.3260531425476074,0.03331845998764038
-0.21753495931625366,0.3390478491783142,0.12209081649780273
-0.18142259120941162,0.3434845209121704,0.12248587608337402
-0.1601647138595581,0.3670814037322998,0.08402824401855469
-0.19195377826690674,0.40789246559143066,0.06981140375137329
-0.25359123945236206,0.4349386394023895,0.07094097137451172
-0.2964940667152405,0.436843603849411,0.08141160011291504
-0.32168489694595337,0.42410096526145935,0.08147865533828735
-0.3335331678390503,0.41129884123802185,0.053978532552719116
-0.36985665559768677,0.4205774664878845,-0.001693040132522583
-0.4007534384727478,0.46765950322151184,-0.07590296864509583
-0.45495009422302246,0.5023696422576904,-0.10463446378707886
-0.5247756838798523,0.5027749538421631,-0.08164858818054199
-0.5529836416244507,0.49080514907836914,-0.05470538139343262
-0.5228216052055359,0.4929376542568207,-0.04512098431587219
-0.45195895433425903,0.5132191181182861,-0.07430925965309143
-0.3802536725997925,0.5223369002342224,-0.11949911713600159
-0.33971941471099854,0.5112144947052002,-0.12639445066452026
-0.31669193506240845,0.5117502212524414,-0.1054847240447998
-0.28350746631622314,0.5489389896392822,-0.08955684304237366
-0.22908896207809448,0.5932748913764954,-0.0728161633014679
-0.16001856327056885,0.6271533370018005,-0.03503403067588806
-0.06206989288330078,0.6582626700401306,0.00838276743888855
0.033493220806121826,0.7106364369392395,0.0091419517993927
0.08857548236846924,0.7733517289161682,-0.01662382483482361
0.11625581979751587,0.8312175869941711,-0.03567910194396973
0.16280418634414673,0.8934817314147949,-0.0470292866230011
0.20337730646133423,0.9520172476768494,-0.045800238847732544
0.22600173950195312,0.9755377173423767,-0.026416391134262085
0.2399004101753235,0.9620190262794495,-0.0018119513988494873
0.26883643865585327,0.9171637296676636,0.04051956534385681
0.3373856544494629,0.8814196586608887,0.11706875264644623
0.40453606843948364,0.8635024428367615,0.2116091251373291
0.46801578998565674,0.8639698028564453,0.2812310457229614
0.5163419842720032,0.8870826959609985,0.29519250988960266
0.5109909772872925,0.8973145484924316,0.2577343285083771
0.4730970859527588,0.8949211239814758,0.1819772720336914
0.4238218069076538,0.8907124996185303,0.09319818019866943
0.36626625061035156,0.8561410307884216,0.009910345077514648
0.2895181179046631,0.7727805376052856,-0.05068276822566986
0.22065258026123047,0.6682589054107666,-0.08082757890224457
0.16661733388900757,0.5639489889144897,-0.05875779688358307
0.10587728023529053,0.4743694067001343,-0.001355290412902832
0.07973283529281616,0.4079604744911194,0.03799845278263092
0.07325214147567749,0.3835771083831787,0.046946629881858826
0.053601622581481934,0.3736220598220825,0.0472584068775177
0.02498495578765869,0.35875749588012695,0.027937263250350952
0.003448963165283203,0.3525349795818329,-0.012996435165405273
0.0006363987922668457,0.3568153977394104,-0.058365821838378906
0.0037395358085632324,0.36030593514442444,-0.08976849913597107
-0.0011638402938842773,0.36942052841186523,-0.09599077701568604
-0.0057623982429504395,0.3871069550514221,-0.06144237518310547
0.023546576499938965,0.3937896192073822,0.03115995228290558
0.027851521968841553,0.37272757291793823,0.09808862209320068
0.019437432289123535,0.35180044174194336,0.09254646301269531
-0.039998531341552734,0.3349738121032715,0.0328751802444458
-0.1752321720123291,0.3273211717605591,-0.08686184883117676
-0.26018112897872925,0.3255532681941986,-0.1591600477695465
-0.27473294734954834,0.30158454179763794,-0.20183467864990234
-0.18948853015899658,0.2625376284122467,-0.18655681610107422
-0.09831392765045166,0.20904035866260529,-0.13352438807487488
-0.038490355014801025,0.15848858654499054,-0.06436100602149963
-0.021331608295440674,0.1352340131998062,-0.009344011545181274
-0.013126850128173828,0.13654667139053345,0.04566192626953125
-0.0302315354347229,0.14642828702926636,0.08968517184257507
-0.04279780387878418,0.16905049979686737,0.11626660823822021
-0.016711115837097168,0.2166973054409027,0.13217118382453918
-0.08296793699264526,0.09117572009563446,0.17102563381195068
-0.0901874303817749,0.05060236155986786,0.22204986214637756
-0.06856709718704224,0.06623300164937973,0.23759135603904724
-0.05240291357040405,0.020897239446640015,0.20283636450767517
-0.06255102157592773,-0.05747860670089722,0.1460566222667694
-0.15864580869674683,-0.01368662714958191,0.09169328212738037
-0.18024426698684692,-0.010788954794406891,0.053506553173065186
-0.11120694875717163,-0.0497857928276062,0.03775149583816528
-0.09057742357254028,-0.11949144303798676,0.05667415261268616
-0.11259669065475464,-0.1871601641178131,0.07685232162475586
-0.11239391565322876,-0.16779105365276337,0.08995509147644043
-0.09038412570953369,-0.13381578028202057,0.12863373756408691
-0.06675451993942261,-0.15407873690128326,0.16580864787101746
-0.039966046810150146,-0.1786097139120102,0.1785525679588318
-0.004063904285430908,-0.17522230744361877,0.19690370559692383
0.023220717906951904,-0.17843811213970184,0.20377811789512634
0.07480239868164062,-0.17799381911754608,0.23758885264396667
0.1542898416519165,-0.16956429183483124,0.25784409046173096
0.22298645973205566,-0.16822539269924164,0.28337326645851135
0.29131078720092773,-0.15735572576522827,0.3051944077014923
0.38033437728881836,-0.1299619972705841,0.3122420310974121
0.49542248249053955,-0.0977359414100647,0.315247505903244
0.5854848623275757,-0.09222418069839478,0.32914912700653076
0.6464905738830566,-0.11567601561546326,0.3650321066379547
0.6654989123344421,-0.1696701943874359,0.40894874930381775
0.6434693336486816,-0.22246098518371582,0.41388100385665894
0.6044322848320007,-0.24329254031181335,0.39187490940093994
0.5783570408821106,-0.24509599804878235,0.3628307580947876
0.5772406458854675,-0.2411229908466339,0.35461974143981934
0.5697293877601624,-0.23842281103134155,0.3774322271347046
0.5577746629714966,-0.2405557632446289,0.41502341628074646
0.5486767292022705,-0.24358707666397095,0.4588441848754883
0.5541825890541077,-0.24342037737369537,0.4955235719680786
0.5635812878608704,-0.22492845356464386,0.5129234790802002
0.5666793584823608,-0.17652291059494019,0.5016915202140808
0.588087797164917,-0.10678739845752716,0.4870978593826294
0.4907136559486389,-0.09730516374111176,0.4603867828845978
0.4560946822166443,-0.011505216360092163,0.39935269951820374
0.4538000822067261,0.10328172147274017,0.3284095227718353
0.4236409068107605,0.18876734375953674,0.27870485186576843
0.4043874144554138,0.27771997451782227,0.2482159435749054
0.36212486028671265,0.3455756604671478,0.22990569472312927
0.33124756813049316,0.4158947765827179,0.21445733308792114
0.3134375214576721,0.4770466685295105,0.1949717104434967
0.27920395135879517,0.5242413878440857,0.16748502850532532
0.23833447694778442,0.5566899180412292,0.13042226433753967
0.1829090714454651,0.5826371908187866,0.09072348475456238
0.10249882936477661,0.6021224856376648,0.04683578014373779
0.02585369348526001,0.6211617588996887,0.002345472574234009
-0.0393490195274353,0.6378332376480103,-0.0335102379322052
-0.0916287899017334,0.6533859968185425,-0.059754133224487305
-0.14218980073928833,0.6639896035194397,-0.076905757188797
-0.19836950302124023,0.6720039248466492,-0.09324885904788971
-0.2520134449005127,0.6794090867042542,-0.10594740509986877
-0.29775387048721313,0.687005877494812,-0.11369431018829346
-0.34423214197158813,0.6938170194625854,-0.11903607845306396
-0.38816869258880615,0.6936794519424438,-0.1183852106332779
-0.4273871183395386,0.6888386011123657,-0.11209534108638763
-0.4619189500808716,0.6861088275909424,-0.10019515454769135
-0.49063026905059814,0.6839579939842224,-0.08520184457302094
-0.5188480615615845,0.674231767654419,-0.07272395491600037
-0.5463621020317078,0.6637941598892212,-0.0641007274389267
-0.5759636163711548,0.6648942828178406,-0.05514155328273773
-0.6084105968475342,0.6750437617301941,-0.04597580432891846
-0.6370297074317932,0.6775754690170288,-0.0362243577837944
-0.6579878926277161,0.6734884977340698,-0.021499283611774445
-0.6661205887794495,0.6777476072311401,0.0022416040301322937
-0.6459819674491882,0.689105749130249,0.026358842849731445
-0.5877851843833923,0.730689525604248,0.04687380790710449
-0.5557399988174438,0.764451801776886,0.06219768524169922
-0.5665017366409302,0.7578331828117371,0.05170685052871704
-0.5814705491065979,0.7634560465812683,0.02679014392197132
-0.5808535218238831,0.7880897521972656,0.029271068051457405
-0.5463484525680542,0.8034340739250183,0.057439688593149185
-0.4766550660133362,0.8053619265556335,0.12098264694213867
-0.3575306534767151,0.8004403114318848,0.198442280292511
-0.1996837854385376,0.7851343154907227,0.28427278995513916
-0.023151874542236328,0.77146977186203,0.3676977753639221
0.16727399826049805,0.7753011584281921,0.42817163467407227
0.3504526615142822,0.7885961532592773,0.48077642917633057
0.4537850022315979,0.7736493945121765,0.5288083553314209
0.4313015937805176,0.7057551145553589,0.5481810569763184
0.3348921537399292,0.6283764243125916,0.5300323963165283
0.2600446939468384,0.6060015559196472,0.4869524836540222
0.22592908143997192,0.6329730153083801,0.4383307695388794
0.21918463706970215,0.6776151061058044,0.3960602879524231
0.21089458465576172,0.7299016118049622,0.3385142683982849
0.18878567218780518,0.7739912271499634,0.2697930932044983
0.13732022047042847,0.8030845522880554,0.20385950803756714
0.06418484449386597,0.82078617811203,0.15498661994934082
-0.005015909671783447,0.8409914374351501,0.11318004131317139
-0.06676673889160156,0.8418614864349365,0.08213460445404053
-0.14701032638549805,0.812141478061676,0.05969476327300072
-0.22057294845581055,0.7835161685943604,0.023984909057617188
-0.2706463932991028,0.7627831697463989,-0.01280464231967926
-0.31466609239578247,0.7379505038261414,-0.03394746780395508
-0.3453982472419739,0.6922599077224731,-0.036125436425209045
-0.3450961709022522,0.6411809325218201,-0.029422655701637268
-0.3136674761772156,0.6038828492164612,-0.01591673493385315
-0.2843100428581238,0.5705143213272095,-0.009792178869247437
-0.27883005142211914,0.5188347697257996,-0.027129650115966797
-0.27599215507507324,0.467184454202652,-0.0585557222366333
-0.26457566022872925,0.4290783703327179,-0.08714272081851959
-0.24597513675689697,0.3980516791343689,-0.1059843897819519
-0.21633285284042358,0.3588728606700897,-0.11838820576667786
-0.1897910237312317,0.31242385506629944,-0.12021663784980774
-0.177947998046875,0.2728995680809021,-0.12598955631256104
-0.18370741605758667,0.23748287558555603,-0.14811290800571442
-0.20529139041900635,0.2076922357082367,-0.18059226870536804
-0.23220211267471313,0.18958920240402222,-0.21483418345451355
-0.25347280502319336,0.17790165543556213,-0.24213995039463043
-0.26143330335617065,0.16697852313518524,-0.25512218475341797
-0.25570935010910034,0.15851791203022003,-0.25601866841316223
-0.23822933435440063,0.1581735461950302,-0.2522848844528198
-0.2134992480278015,0.16050323843955994,-0.23942700028419495
-0.190660297870636,0.1627536565065384,-0.22286370396614075
-0.15247148275375366,0.1693650186061859,-0.20041558146476746
-0.10715824365615845,0.17012463510036469,-0.17212772369384766
-0.05364847183227539,0.16891193389892578,-0.1468605101108551
0.010042309761047363,0.16067838668823242,-0.12372481822967529
0.060172975063323975,0.1436901092529297,-0.10125204920768738
0.10692304372787476,0.13025403022766113,-0.0807277262210846
0.1418825387954712,0.11021542549133301,-0.06158949434757233
0.1700582504272461,0.08588200807571411,-0.04095408320426941
0.1923108696937561,0.058706849813461304,-0.011241331696510315
0.2244749665260315,0.0260351300239563,0.038237303495407104
0.26689857244491577,-0.021480083465576172,0.09960055351257324
0.31731390953063965,-0.08065858483314514,0.16643249988555908
0.37079179286956787,-0.1419975459575653,0.23640406131744385
0.4160699248313904,-0.19996604323387146,0.29520201683044434
0.44186365604400635,-0.25290200114250183,0.33874666690826416
0.45745396614074707,-0.3012149930000305,0.35956645011901855
0.4780990481376648,-0.33343297243118286,0.3633474111557007
0.5218724608421326,-0.33268052339553833,0.35456204414367676
0.581477165222168,-0.3112994432449341,0.3446521759033203
0.6441904902458191,-0.28530097007751465,0.33633875846862793
0.7216819524765015,-0.2488059401512146,0.33055031299591064
0.8014606833457947,-0.2154984474182129,0.32817089557647705
0.8572348952293396,-0.21686339378356934,0.3354377746582031
0.872409999370575,-0.2705088257789612,0.3370319604873657
0.8413721919059753,-0.35493993759155273,0.3059990406036377
0.7893791198730469,-0.4055313467979431,0.2428293228149414
0.723899781703949,-0.403786301612854,0.17323553562164307
0.6629781723022461,-0.3479679822921753,0.12905524671077728
0.6367896795272827,-0.2650814652442932,0.11535812169313431
0.6309501528739929,-0.19300848245620728,0.14427615702152252
0.612379789352417,-0.14218932390213013,0.19095517694950104
0.5866953134536743,-0.10927236080169678,0.22384130954742432
0.5495532751083374,-0.08825027942657471,0.2325221300125122
0.513741672039032,-0.06624966859817505,0.20893000066280365
0.49515265226364136,-0.03919306397438049,0.18459247052669525
0.47855597734451294,-0.01393994688987732,0.17120860517024994
0.4582928419113159,0.012588798999786377,0.172882080078125
0.4363105297088623,0.04315909743309021,0.1902707815170288
0.4166383147239685,0.08830451965332031,0.20901072025299072
0.4001286029815674,0.14038565754890442,0.22836151719093323
0.39178788661956787,0.19643858075141907,0.2617686986923218
0.3955135941505432,0.2613227963447571,0.30392101407051086
0.39474910497665405,0.323253870010376,0.34159064292907715
0.37427616119384766,0.38095352053642273,0.3570740222930908
0.34266865253448486,0.4369339048862457,0.3452831506729126
0.30632829666137695,0.4902970790863037,0.31708502769470215
0.250552773475647,0.5335561633110046,0.28039753437042236
0.18598860502243042,0.565629243850708,0.2406606376171112
0.11480915546417236,0.59083491563797,0.20048688352108002
0.04374408721923828,0.6101414561271667,0.16540133953094482
-0.016187071800231934,0.6274681091308594,0.14560474455356598
-0.05753046274185181,0.6405176520347595,0.15166594088077545
-0.106292724609375,0.6500861048698425,0.1548847109079361
-0.1735473871231079,0.6654593348503113,0.14044058322906494
-0.2600242495536804,0.6811960935592651,0.11424756795167923
-0.3525863289833069,0.6938806176185608,0.0831993818283081
-0.4316521883010864,0.7078362703323364,0.0538177490234375
-0.4985424876213074,0.7181656360626221,0.032940857112407684
-0.5517532229423523,0.7214990854263306,0.016857266426086426
-0.5903003811836243,0.7230485081672668,0.0019942522048950195
-0.6122198104858398,0.7250197529792786,-0.008011452853679657
-0.6226805448532104,0.7197777032852173,-0.015298962593078613
-0.6237192749977112,0.713252604007721,-0.018868446350097656
-0.6280777454376221,0.7072904109954834,-0.02035391330718994
-0.6469725370407104,0.7098410129547119,-0.021900653839111328
-0.6860702037811279,0.716115415096283,-0.0366598442196846
-0.7398178577423096,0.7297112345695496,-0.06781374663114548
-0.8153198957443237,0.7635468244552612,-0.1170511320233345
-0.9221049547195435,0.8123704195022583,-0.17615282535552979
-1.042522668838501,0.8583704233169556,-0.22067081928253174
-1.1601322889328003,0.8899006247520447,-0.2298189401626587
-1.2106062173843384,0.9294295907020569,-0.19699907302856445
-1.10708487033844,0.9875897765159607,-0.11727917194366455
-0.8691426515579224,1.0207470655441284,0.00899362564086914
-0.549307644367218,1.0129714012145996,0.16870200634002686
-0.20339292287826538,0.9860637784004211,0.3448290228843689
0.13677358627319336,0.9226420521736145,0.49930375814437866
0.4631314277648926,0.8368932604789734,0.5764069557189941
0.7242688536643982,0.7335707545280457,0.5877003073692322
0.8677213788032532,0.6078300476074219,0.5483517646789551
0.8576586842536926,0.44462788105010986,0.4426218867301941
0.7784370183944702,0.2888006567955017,0.29935356974601746
0.7131036520004272,0.22048050165176392,0.14945253729820251
0.6892861723899841,0.2833871841430664,0.029738783836364746
0.6916381120681763,0.444149911403656,-0.013839542865753174
0.6774576902389526,0.6498246192932129,0.019660234451293945
0.5954374670982361,0.8563350439071655,0.09885358810424805
0.4298527240753174,1.0145407915115356,0.18018050491809845
0.19481635093688965,1.0972222089767456,0.2251652479171753
-0.06790745258331299,1.0748553276062012,0.2321234941482544
-0.29621487855911255,0.9944115281105042,0.21218454837799072
-0.46887511014938354,0.8939881324768066,0.16623914241790771
-0.5705698728561401,0.780367374420166,0.10838533937931061
-0.6094688177108765,0.6863100528717041,0.0698547512292862
-0.5963504910469055,0.6381279826164246,0.03641855716705322
-0.5691606402397156,0.5954431295394897,0.03416919708251953
-0.5314967036247253,0.5707348585128784,0.0473705530166626
-0.4979614019393921,0.5616445541381836,0.06434556841850281
-0.4911545515060425,0.5584465861320496,0.07010829448699951
-0.5120596289634705,0.5578711628913879,0.04989171028137207
-0.545193076133728,0.5581727027893066,0.007775634527206421
-0.5710635185241699,0.5607874393463135,-0.04649272561073303
-0.5825439691543579,0.562103807926178,-0.10116139054298401
-0.5741799473762512,0.5356907248497009,-0.1327345073223114
-0.5393341779708862,0.5023415088653564,-0.16133293509483337
-0.4817943572998047,0.46775513887405396,-0.1967644989490509
-0.42357784509658813,0.43022871017456055,-0.2434079796075821
-0.3677191138267517,0.39956510066986084,-0.29919862747192383
-0.316134512424469,0.37090715765953064,-0.35783398151397705
-0.278509259223938,0.34756454825401306,-0.41046419739723206
-0.2519432306289673,0.3291930556297302,-0.4472973048686981
-0.23093539476394653,0.31324344873428345,-0.46272751688957214
-0.21041512489318848,0.3006662428379059,-0.4599686861038208
-0.18290358781814575,0.2938588559627533,-0.443220853805542
-0.14283990859985352,0.29838991165161133,-0.40604841709136963
-0.1031808853149414,0.2945293188095093,-0.3451131582260132
-0.048195719718933105,0.29400354623794556,-0.2851353585720062
0.024285554885864258,0.29497504234313965,-0.22182023525238037
0.09150218963623047,0.27766746282577515,-0.15290722250938416
0.16129285097122192,0.2541852593421936,-0.08215770125389099
0.23385775089263916,0.22887077927589417,-0.01310063898563385
0.290185809135437,0.191364586353302,0.04917179048061371
0.3296709656715393,0.14826253056526184,0.09826540946960449
0.36768513917922974,0.10559043288230896,0.1325288861989975
0.40514689683914185,0.05220615863800049,0.1639496237039566
0.4349074959754944,-0.020654380321502686,0.1949780136346817
0.4678286910057068,-0.10216754674911499,0.22406281530857086
0.5052432417869568,-0.18821007013320923,0.24475741386413574
0.5457800626754761,-0.2686130404472351,0.2528287172317505
0.6043451428413391,-0.3300585150718689,0.24692167341709137
0.6769856214523315,-0.3686800003051758,0.24242854118347168
0.751014769077301,-0.3898589015007019,0.24301232397556305
0.8149357438087463,-0.39156627655029297,0.23925042152404785
0.871252179145813,-0.3621256351470947,0.22170855104923248
0.9147511124610901,-0.2994219660758972,0.191292405128479
0.9513468742370605,-0.24218231439590454,0.16783548891544342
0.985882043838501,-0.22404438257217407,0.16512228548526764
1.0028034448623657,-0.2584018111228943,0.16679322719573975
0.9725757837295532,-0.34157103300094604,0.1434480994939804
0.9263196587562561,-0.41039323806762695,0.09684394299983978
0.8866978287696838,-0.4397873282432556,0.037209391593933105
0.8651894330978394,-0.42278122901916504,0.004118919372558594
0.8657768368721008,-0.3774269223213196,0.02443181723356247
0.8653587698936462,-0.3456769585609436,0.08037710189819336
0.8457238674163818,-0.3182399868965149,0.13736236095428467
0.8172142505645752,-0.26421040296554565,0.1590593010187149
0.7859987020492554,-0.18786579370498657,0.15681207180023193
0.7522541284561157,-0.11819231510162354,0.16577981412410736
0.7183722257614136,-0.05960947275161743,0.1895735263824463
0.684877336025238,-0.0071149468421936035,0.22820913791656494
0.6388615965843201,0.03305584192276001,0.2779448330402374
0.5756120085716248,0.06275328993797302,0.31869566440582275
0.5050968527793884,0.09467124938964844,0.35333430767059326
0.4374825954437256,0.1394771933555603,0.3860434293746948
0.3785809874534607,0.19285184144973755,0.4151409864425659
0.3215203285217285,0.24862048029899597,0.43215370178222656
0.26521408557891846,0.3089744746685028,0.4312988519668579
0.2092096209526062,0.3684709668159485,0.413468599319458
0.14982062578201294,0.4201151132583618,0.38056886196136475
0.08494019508361816,0.4539676308631897,0.3375362157821655
0.022897422313690186,0.48005133867263794,0.2927730083465576
-0.026758849620819092,0.5082508325576782,0.25417816638946533
-0.07522982358932495,0.5335535407066345,0.22205591201782227
-0.12734919786453247,0.5530855655670166,0.1961536407470703
-0.18276214599609375,0.5637896060943604,0.17592741549015045
-0.2382403016090393,0.5724850296974182,0.15681898593902588
-0.2905818223953247,0.5792391300201416,0.1408834457397461
-0.3394421339035034,0.5901716947555542,0.12928497791290283
-0.38438206911087036,0.6026083827018738,0.12009548395872116
-0.42304158210754395,0.6093589663505554,0.11367391794919968
-0.4550420045852661,0.6159011721611023,0.11162971705198288
-0.48636704683303833,0.6226896047592163,0.11445486545562744
-0.516070544719696,0.6254708170890808,0.11698365211486816
-0.5494440793991089,0.6237088441848755,0.11892056465148926
-0.5852776169776917,0.6209627985954285,0.11972641944885254
-0.6149036288261414,0.6187890768051147,0.12156593799591064
-0.6381800770759583,0.6156415939331055,0.12102639675140381
-0.6604865193367004,0.6207306385040283,0.11251246929168701
-0.6841453313827515,0.6379579901695251,0.09725582599639893
-0.7096383571624756,0.6396618485450745,0.07474052906036377
-0.7346383333206177,0.6352145671844482,0.043734729290008545
-0.7506426572799683,0.6546909213066101,0.019269824028015137
-0.7764797210693359,0.6734591722488403,0.013562144711613655
-0.7960165739059448,0.6773393154144287,0.020328402519226074
-0.7783862948417664,0.6848291158676147,0.05076861381530762
-0.6881315112113953,0.6960396766662598,0.11137300729751587
-0.5353348851203918,0.6898854970932007,0.1998698115348816
-0.3512125015258789,0.6679361462593079,0.3020709753036499
-0.1355818510055542,0.6598261594772339,0.393642783164978
0.07650911808013916,0.6643815636634827,0.44872725009918213
0.23297882080078125,0.67421555519104,0.44716352224349976
0.30670809745788574,0.6824875473976135,0.38796156644821167
0.2687925696372986,0.6558542251586914,0.32034409046173096
0.18315672874450684,0.6180750131607056,0.26967835426330566
0.14083433151245117,0.6137425303459167,0.24390894174575806
0.15071207284927368,0.6747466325759888,0.23598454892635345
0.215378999710083,0.7841346263885498,0.2507747411727905
0.24707096815109253,0.8875995874404907,0.26437780261039734
0.21468031406402588,0.9719432592391968,0.248016357421875
0.14118117094039917,1.0383678674697876,0.21919924020767212
0.01673269271850586,1.0614244937896729,0.20169806480407715
-0.1427755355834961,1.051103115081787,0.16862046718597412
-0.3017120957374573,1.003371238708496,0.13855814933776855
-0.43711328506469727,0.9311929941177368,0.12172412872314453
-0.49833250045776367,0.8465884923934937,0.11754940450191498
-0.5069801807403564,0.7646844387054443,0.1256396621465683
-0.47824007272720337,0.7014301419258118,0.14737984538078308
-0.42774736881256104,0.6617434620857239,0.16663599014282227
-0.39253169298171997,0.6266627311706543,0.16508200764656067
-0.3790719509124756,0.5896831750869751,0.13009968400001526
-0.37932687997817993,0.5592081546783447,0.06738314032554626
-0.3902677893638611,0.5308618545532227,0.0030618757009506226
-0.3884490728378296,0.5088850855827332,-0.07293939590454102
-0.37532198429107666,0.49153152108192444,-0.13309921324253082
-0.35761338472366333,0.46645161509513855,-0.16653552651405334
-0.3258122205734253,0.4381522536277771,-0.187737837433815
-0.2835487127304077,0.40241992473602295,-0.19828006625175476
-0.2594030499458313,0.36536988615989685,-0.21108710765838623
-0.24872583150863647,0.3398573100566864,-0.2303553819656372
-0.24117136001586914,0.32169073820114136,-0.24896225333213806
-0.241468608379364,0.3052928149700165,-0.257571816444397
-0.22953444719314575,0.2922765016555786,-0.2520085871219635
-0.20387548208236694,0.27962103486061096,-0.23243096470832825
-0.18521088361740112,0.2679917812347412,-0.21347643435001373
-0.15765219926834106,0.26409322023391724,-0.19495263695716858
-0.1284886598587036,0.25946688652038574,-0.17999424040317535
-0.09618645906448364,0.25024449825286865,-0.1671518236398697
-0.05211251974105835,0.24177370965480804,-0.15762600302696228
0.005465567111968994,0.23170465230941772,-0.14276613295078278
0.08231645822525024,0.21613922715187073,-0.11655259132385254
0.16281658411026,0.19409090280532837,-0.08186781406402588
0.22441905736923218,0.15387603640556335,-0.04435741901397705
0.27197331190109253,0.1059810221195221,-0.011209949851036072
0.323539137840271,0.06333377957344055,0.017294645309448242
0.3681654930114746,0.01097443699836731,0.036542654037475586
0.4025138020515442,-0.053056299686431885,0.0626816600561142
0.43810445070266724,-0.12082639336585999,0.10050809383392334
0.4685942530632019,-0.19299983978271484,0.13499878346920013
0.49097222089767456,-0.26279544830322266,0.16044244170188904
0.50236576795578,-0.32367849349975586,0.17244265973567963
0.5128417015075684,-0.36830753087997437,0.17810918390750885
0.5188949108123779,-0.395031213760376,0.1838836669921875
0.5277719497680664,-0.4067074656486511,0.18820703029632568
0.5484854578971863,-0.39268237352371216,0.19261658191680908
0.5952414274215698,-0.34944581985473633,0.20230913162231445
0.6574704051017761,-0.30199891328811646,0.22648835182189941
0.7344328761100769,-0.2659614086151123,0.2687419652938843
0.8182581067085266,-0.25676029920578003,0.31506872177124023
0.8795840740203857,-0.28558242321014404,0.3391627073287964
0.8899048566818237,-0.3449662923812866,0.323633074760437
0.8489111065864563,-0.3985896706581116,0.28091275691986084
0.8033431172370911,-0.42522329092025757,0.23806869983673096
0.7595407366752625,-0.4265149235725403,0.2127673625946045
0.729155957698822,-0.3944007158279419,0.22034502029418945
0.7116219401359558,-0.357491672039032,0.26706504821777344
0.6967273354530334,-0.3324226140975952,0.3218923807144165
0.6757170557975769,-0.30993205308914185,0.3504225015640259
0.6508588790893555,-0.27162790298461914,0.33462202548980713
0.621570348739624,-0.21643203496932983,0.2917745113372803
0.5964726209640503,-0.16512572765350342,0.2664998769760132
0.5720847845077515,-0.11617034673690796,0.2661879062652588
0.5481867790222168,-0.06557101011276245,0.278739333152771
0.5138036608695984,-0.021056413650512695,0.2992970943450928
0.4617682695388794,0.018265962600708008,0.31983983516693115
0.4060136675834656,0.0544874370098114,0.3386785686016083
0.3623182773590088,0.09008452296257019,0.3577725887298584
0.3306443691253662,0.12878525257110596,0.36144590377807617
0.31653887033462524,0.17274880409240723,0.3652836084365845
0.30849021673202515,0.2148292064666748,0.37147510051727295
0.28836917877197266,0.24879640340805054,0.36401426792144775
0.2598649859428406,0.28356823325157166,0.3370661735534668
0.2214779257774353,0.3201372027397156,0.29413115978240967
0.1724698543548584,0.3550034165382385,0.24728821218013763
0.12175267934799194,0.38929444551467896,0.209480881690979
0.0673639178276062,0.422832727432251,0.18575610220432281
0.011658251285552979,0.4551886022090912,0.17208744585514069
-0.04242992401123047,0.4860057532787323,0.16669251024723053
-0.0919797420501709,0.5161960124969482,0.1638537347316742
-0.1390734314918518,0.54852694272995,0.15992628037929535
-0.18610775470733643,0.5824169516563416,0.15362927317619324
-0.2360222339630127,0.6138728857040405,0.14550162851810455
-0.2871735095977783,0.6397116780281067,0.138193741440773
-0.33412593603134155,0.6626314520835876,0.1314181238412857
-0.380487859249115,0.6770363450050354,0.12214577198028564
-0.42687761783599854,0.6819495558738708,0.11357497423887253
-0.46817314624786377,0.6808729767799377,0.10283827781677246
-0.4988478422164917,0.6819279193878174,0.09311473369598389
-0.5323401093482971,0.6786748170852661,0.0795823335647583
-0.5652508735656738,0.6695572137832642,0.05923091992735863
-0.5765871405601501,0.672980010509491,0.03989052772521973
-0.5982039570808411,0.6754302978515625,0.017537113279104233
-0.6502869725227356,0.6615873575210571,-0.02460777759552002
-0.7262213826179504,0.6676402688026428,-0.08139550685882568
-0.8133663535118103,0.689484715461731,-0.13763916492462158
-0.8958275318145752,0.7015426158905029,-0.18404614925384521
-0.9766368269920349,0.7074569463729858,-0.2103670835494995
-1.0169538259506226,0.7113779783248901,-0.20568108558654785
-0.9754908084869385,0.7305464148521423,-0.15770375728607178
-0.8521087169647217,0.7501547336578369,-0.06299960613250732
-0.6777697801589966,0.7386728525161743,0.060201406478881836
-0.4865657091140747,0.7110037207603455,0.1936432123184204
-0.2709370255470276,0.7037350535392761,0.3148987293243408
-0.05682218074798584,0.7269527912139893,0.4025808572769165
0.12415039539337158,0.7569350004196167,0.45128941535949707
0.215162456035614,0.7579447031021118,0.4655191898345947
0.20786577463150024,0.7058128118515015,0.4411628246307373
0.1675482988357544,0.6333370804786682,0.41248780488967896
0.1370585560798645,0.5693457126617432,0.3892030715942383
0.1499529480934143,0.5481892228126526,0.3657950162887573
0.1963280439376831,0.5676477551460266,0.33374935388565063
0.2575066089630127,0.6253706812858582,0.28548187017440796
0.30979079008102417,0.7029955387115479,0.23208200931549072
0.317230761051178,0.7830132842063904,0.18668194115161896
0.26825660467147827,0.839887797832489,0.167660653591156
0.14627891778945923,0.8492161631584167,0.15521758794784546
-0.016137301921844482,0.8103996515274048,0.14277946949005127
-0.15658921003341675,0.7301674485206604,0.13723766803741455
-0.2521677017211914,0.6311507821083069,0.1446533203125
-0.3036757707595825,0.5428999066352844,0.1569434404373169
-0.3219231963157654,0.473332017660141,0.15742504596710205
-0.3206908702850342,0.42005619406700134,0.13796700537204742
-0.30149805545806885,0.3866937756538391,0.09384430944919586
-0.27059680223464966,0.3709666132926941,0.034087054431438446
-0.24840831756591797,0.36920520663261414,-0.027867063879966736
-0.2572277784347534,0.3731849193572998,-0.09267471730709076
-0.2768697142601013,0.37578290700912476,-0.1524878591299057
-0.2893272638320923,0.38233569264411926,-0.19897128641605377
-0.29441630840301514,0.3939189910888672,-0.22372068464756012
-0.3049776554107666,0.3869909644126892,-0.22253072261810303
-0.3114999532699585,0.36807966232299805,-0.2114401012659073
-0.302033007144928,0.35258227586746216,-0.20963524281978607
-0.2826230525970459,0.33552274107933044,-0.2136319875717163
-0.2692042589187622,0.31062427163124084,-0.222465381026268
-0.270713746547699,0.2862076759338379,-0.23401391506195068
-0.26044410467147827,0.2710781991481781,-0.2481815665960312
-0.24164950847625732,0.25511354207992554,-0.2577871084213257
-0.23045217990875244,0.24203509092330933,-0.26121723651885986
-0.2132686972618103,0.23553858697414398,-0.26290977001190186
-0.19374006986618042,0.22879908978939056,-0.2573254108428955
-0.16450822353363037,0.22757543623447418,-0.2402120977640152
-0.13719266653060913,0.22628524899482727,-0.22144614160060883
-0.10363173484802246,0.2234349399805069,-0.20090056955814362
-0.06915944814682007,0.2170812487602234,-0.17468512058258057
-0.03736722469329834,0.2102901041507721,-0.14266419410705566
-0.002987980842590332,0.19810262322425842,-0.10615073144435883
0.0398181676864624,0.17556032538414001,-0.06913019716739655
0.08360779285430908,0.14869952201843262,-0.02967250347137451
0.12674617767333984,0.12052091956138611,0.008597373962402344
0.16898322105407715,0.08850491046905518,0.04981471598148346
0.2163761854171753,0.05061951279640198,0.08968305587768555
0.2534443736076355,0.005351364612579346,0.12345516681671143
0.2793377637863159,-0.04634860157966614,0.14581727981567383
0.30074506998062134,-0.10449108481407166,0.161409392952919
0.3182898163795471,-0.16757723689079285,0.1745128631591797
0.33857792615890503,-0.2175266146659851,0.1770879030227661
0.3562593460083008,-0.2577306032180786,0.1805248260498047
0.36419594287872314,-0.28624939918518066,0.19034576416015625
0.3663364052772522,-0.2983163595199585,0.20991361141204834
0.37990647554397583,-0.29275768995285034,0.23455417156219482
0.4086300730705261,-0.26961207389831543,0.2614232301712036
0.4597327709197998,-0.23399639129638672,0.29121267795562744
0.5377252101898193,-0.19071847200393677,0.3289787769317627
0.6226072311401367,-0.15808963775634766,0.3732868432998657
0.6918007135391235,-0.16130101680755615,0.41113293170928955
0.7336363196372986,-0.20797735452651978,0.4238687753677368
0.743474006652832,-0.28526926040649414,0.40302908420562744
0.7288230657577515,-0.35691696405410767,0.3545835018157959
0.6936224102973938,-0.39818114042282104,0.3029453754425049
0.659003496170044,-0.40802717208862305,0.27535998821258545
0.6354489922523499,-0.38475465774536133,0.2829962968826294
0.6310651302337646,-0.3381175398826599,0.32328319549560547
0.637357234954834,-0.29412317276000977,0.3760254383087158
0.6439114809036255,-0.2600250244140625,0.41894280910491943
0.648588240146637,-0.23533529043197632,0.44548165798187256
0.6537109017372131,-0.21380162239074707,0.43852317333221436
0.6565068364143372,-0.1932191252708435,0.41506993770599365
0.6472837924957275,-0.1833917498588562,0.3930758237838745
0.6187452673912048,-0.18067359924316406,0.3713282346725464
0.57548588514328,-0.16196119785308838,0.3459043502807617
0.5244801640510559,-0.1298486590385437,0.3229339122772217
0.47321057319641113,-0.08926555514335632,0.3116976022720337
0.42956799268722534,-0.041274428367614746,0.3124009370803833
0.3904290795326233,0.013270407915115356,0.31222009658813477
0.352319598197937,0.07472053170204163,0.296295166015625
0.3178349733352661,0.13335251808166504,0.2806318998336792
0.28159481287002563,0.18743225932121277,0.25487759709358215
0.24389731884002686,0.2363836169242859,0.21384502947330475
0.20640599727630615,0.2782558798789978,0.16965913772583008
0.16926348209381104,0.31365954875946045,0.13533960282802582
0.12900888919830322,0.3447895646095276,0.11788296699523926
0.07990610599517822,0.3790827989578247,0.11197997629642487
0.024356067180633545,0.412492036819458,0.10805296897888184
-0.037930309772491455,0.4427872598171234,0.10333061218261719
-0.0974692702293396,0.47137635946273804,0.10469520092010498
-0.15334463119506836,0.503258466720581,0.10799956321716309
-0.20943737030029297,0.531395673751831,0.10786329209804535
-0.2638532519340515,0.5557259321212769,0.10732638835906982
-0.31178492307662964,0.5786295533180237,0.10730564594268799
-0.3533788323402405,0.5947997570037842,0.10670997202396393
-0.392522931098938,0.6045939326286316,0.10235096514225006
-0.4322463870048523,0.6185486912727356,0.09537813812494278
-0.46920424699783325,0.6306033730506897,0.09482990205287933
-0.5083187818527222,0.629450261592865,0.0953671932220459
-0.53708815574646,0.6254671216011047,0.09257219731807709
-0.5449427366256714,0.6294715404510498,0.08582200109958649
-0.543566107749939,0.6286294460296631,0.0852445513010025
-0.5417075753211975,0.6219328045845032,0.08618747442960739
-0.5333835482597351,0.6200597882270813,0.07882953435182571
-0.5135105848312378,0.6221507787704468,0.08171987533569336
-0.4820961356163025,0.6124201416969299,0.10226583480834961
-0.4616019129753113,0.5898162722587585,0.13250291347503662
-0.45153069496154785,0.5752609372138977,0.15044283866882324
-0.4442821741104126,0.5672935843467712,0.15558147430419922
-0.44606322050094604,0.5611531138420105,0.15372741222381592
-0.43773627281188965,0.5632549524307251,0.15186238288879395
-0.41985106468200684,0.5622221231460571,0.16201233863830566
-0.397230863571167,0.562177836894989,0.17492222785949707
-0.3581441640853882,0.5729811191558838,0.1850447654724121
-0.3018608093261719,0.6067286133766174,0.17786014080047607
-0.23835349082946777,0.6615779399871826,0.1551882028579712
-0.2103971242904663,0.7238196134567261,0.12203538417816162
-0.21197140216827393,0.7769697904586792,0.10694241523742676
-0.2648445963859558,0.7779524326324463,0.1303647756576538
-0.3355310559272766,0.7478845715522766,0.17459499835968018
-0.3704545497894287,0.7265155911445618,0.2145477533340454
-0.3652172088623047,0.7231661081314087,0.24761080741882324
-0.30514127016067505,0.7458328604698181,0.2637758255004883
-0.24411946535110474,0.7768036127090454,0.2499241828918457
-0.2013627290725708,0.8082865476608276,0.20244479179382324
-0.17044448852539062,0.8354284167289734,0.14886820316314697
-0.15406173467636108,0.8582893013954163,0.10808444768190384
-0.1572067141532898,0.8700892329216003,0.09925138205289841
-0.1890525221824646,0.8427700996398926,0.11830007284879684
-0.23611527681350708,0.7701871991157532,0.1534474790096283
-0.2563106417655945,0.6802384853363037,0.19717095792293549
-0.25339269638061523,0.5880499482154846,0.2287651151418686
-0.2430698275566101,0.5007345080375671,0.23491737246513367
-0.21912604570388794,0.4476529359817505,0.19888387620449066
-0.19379198551177979,0.42479002475738525,0.11621175706386566
-0.16808539628982544,0.41284358501434326,0.02286328375339508
-0.13083726167678833,0.4123062491416931,-0.04464671015739441
-0.10186874866485596,0.4087989032268524,-0.09091033041477203
-0.08479595184326172,0.4102071523666382,-0.13191816210746765
-0.062326133251190186,0.40987205505371094,-0.16013182699680328
-0.0448266863822937,0.40166953206062317,-0.1715221405029297
-0.02681654691696167,0.3904132544994354,-0.16528472304344177
-0.014050304889678955,0.37311071157455444,-0.15607723593711853
-0.013288497924804688,0.35238271951675415,-0.15536046028137207
-0.019897401332855225,0.32957035303115845,-0.1631155163049698
-0.03002917766571045,0.29956117272377014,-0.1721057891845703
-0.03767269849777222,0.2682424783706665,-0.1883389949798584
-0.04222750663757324,0.24367491900920868,-0.20785297453403473
-0.04601055383682251,0.21999123692512512,-0.22245027124881744
-0.04777491092681885,0.206468403339386,-0.22520247101783752
-0.04071241617202759,0.20275193452835083,-0.20599019527435303
-0.022765696048736572,0.2006332278251648,-0.17074471712112427
-0.005321919918060303,0.1931452453136444,-0.1312476098537445
0.002254009246826172,0.18618232011795044,-0.10749256610870361
0.009769976139068604,0.18663513660430908,-0.09354832768440247
0.014547884464263916,0.1752111315727234,-0.0730980634689331
0.0182114839553833,0.15451622009277344,-0.04828418791294098
0.024000823497772217,0.12791591882705688,-0.032885074615478516
0.026326298713684082,0.09318599104881287,-0.021066784858703613
0.029897689819335938,0.05701908469200134,-0.007425203919410706
0.04603445529937744,0.019671648740768433,0.013208508491516113
0.06607836484909058,-0.022983461618423462,0.0373094379901886
0.08825808763504028,-0.07419875264167786,0.06027089059352875
0.11872577667236328,-0.1314975619316101,0.0719912052154541
0.16070640087127686,-0.1875322461128235,0.06509712338447571
0.2068457007408142,-0.23860567808151245,0.04230819642543793
0.2518615126609802,-0.28210413455963135,0.010790854692459106
0.2918696999549866,-0.31025975942611694,-0.0211649090051651
0.34127384424209595,-0.32045966386795044,-0.039495840668678284
0.3883041739463806,-0.32196909189224243,-0.06178900599479675
0.42395472526550293,-0.31781190633773804,-0.0906895101070404
0.45575278997421265,-0.3125491738319397,-0.11437192559242249
0.4824926257133484,-0.3095932602882385,-0.1270146369934082
0.500856876373291,-0.3148365616798401,-0.1288079023361206
0.5149240493774414,-0.32174021005630493,-0.11914612352848053
0.5325711369514465,-0.32028287649154663,-0.09371902048587799
0.5382264852523804,-0.3129376173019409,-0.06056179106235504
0.5323834419250488,-0.30158525705337524,-0.030221939086914062
0.5256094336509705,-0.27391916513442993,-0.00229094922542572
0.523337185382843,-0.23074668645858765,0.029484152793884277
0.5287683606147766,-0.18673348426818848,0.05959711968898773
0.5396456122398376,-0.13575029373168945,0.09721744060516357
0.5522474646568298,-0.08938086032867432,0.14920902252197266
0.5569377541542053,-0.06167149543762207,0.19861115515232086
0.5604851841926575,-0.05914992094039917,0.2473311573266983
0.5536614656448364,-0.08399498462677002,0.2862274646759033
0.5246108174324036,-0.13156872987747192,0.29091283679008484
0.48167699575424194,-0.1750362515449524,0.26044341921806335
0.4481313228607178,-0.1933192014694214,0.2150648981332779
0.4309561848640442,-0.1675007939338684,0.17238284647464752
0.4197213649749756,-0.09837615489959717,0.13287246227264404
0.42071467638015747,-0.0056441426277160645,0.11217546463012695
0.4306747317314148,0.10393720865249634,0.11599290370941162
0.4351898431777954,0.2184324562549591,0.12802089750766754
0.42476677894592285,0.315984845161438,0.14068914949893951
0.4091905355453491,0.3873201310634613,0.14972414076328278
0.38006430864334106,0.4324360191822052,0.15047165751457214
0.3409574627876282,0.4431123733520508,0.14003467559814453
0.30245184898376465,0.4285169839859009,0.12215171754360199
0.26212459802627563,0.4054218530654907,0.09587967395782471
0.2091822624206543,0.3809305429458618,0.061517804861068726
0.1583055853843689,0.36064082384109497,0.030388355255126953
0.11543679237365723,0.3543228805065155,0.007351383566856384
0.07176440954208374,0.3664770722389221,-0.013302817940711975
0.02671295404434204,0.3873262107372284,-0.026663661003112793
-0.006188690662384033,0.4158231019973755,-0.02907407283782959
-0.03288280963897705,0.4502297639846802,-0.026347190141677856
-0.06597816944122314,0.4773186445236206,-0.02848789095878601
-0.09327423572540283,0.5002437829971313,-0.03952261805534363
-0.1094282865524292,0.5198697447776794,-0.055791497230529785
-0.11534267663955688,0.5386287569999695,-0.07515749335289001
-0.11375153064727783,0.557128369808197,-0.0983496606349945
-0.10705232620239258,0.5648149847984314,-0.12370255589485168
-0.09713757038116455,0.5628761053085327,-0.14304569363594055
-0.08707606792449951,0.5597509741783142,-0.159344881772995
-0.07729834318161011,0.5509077310562134,-0.17185774445533752
-0.06788814067840576,0.535358190536499,-0.17026615142822266
-0.041206181049346924,0.5135164260864258,-0.1528526246547699
0.003063499927520752,0.4901895523071289,-0.12669017910957336
0.04639214277267456,0.4691339433193207,-0.10917890071868896
0.07101064920425415,0.4524163603782654,-0.1078270673751831
0.08896321058273315,0.4420415163040161,-0.11421111226081848
0.1078420877456665,0.43092435598373413,-0.12207403779029846
0.12348347902297974,0.40883269906044006,-0.12243270874023438
0.1406349539756775,0.3840663731098175,-0.11335316300392151
0.1588364839553833,0.36145567893981934,-0.10262838006019592
0.18441826105117798,0.3382937014102936,-0.09628596901893616
0.20902568101882935,0.3164973556995392,-0.08818784356117249
0.22807449102401733,0.30279532074928284,-0.07755500078201294
0.24544000625610352,0.2853623926639557,-0.060012102127075195
0.2572239637374878,0.265612930059433,-0.042273104190826416
0.2745405435562134,0.25489968061447144,-0.0339449942111969
0.32414740324020386,0.24150046706199646,-0.022023051977157593
0.359780490398407,0.23232108354568481,-0.012714862823486328
0.3729937672615051,0.2361169159412384,-0.008032470941543579
0.3873392939567566,0.23581179976463318,-0.00409582257270813
0.3922411799430847,0.23873522877693176,-0.0017372071743011475
0.3908071517944336,0.24163755774497986,-0.0015151500701904297
0.3956834077835083,0.239238440990448,-0.0026406049728393555
0.3946371078491211,0.23717254400253296,-0.0016345381736755371
0.38347798585891724,0.2372899055480957,-0.008405506610870361
0.3896945118904114,0.24046480655670166,-0.02151775360107422
0.41132020950317383,0.24612146615982056,-0.02878481149673462
0.42934519052505493,0.2540152668952942,-0.03391742706298828
0.43051332235336304,0.2640681862831116,-0.046363234519958496
0.4070279598236084,0.27063941955566406,-0.07209795713424683
0.4046744704246521,0.28180426359176636,-0.09144872426986694
0.39907026290893555,0.2904928922653198,-0.09608930349349976
0.3645065128803253,0.3015974164009094,-0.10082727670669556
0.3401619791984558,0.29800641536712646,-0.11137765645980835
0.3212426006793976,0.27680259943008423,-0.1265769600868225
0.31247594952583313,0.24552762508392334,-0.13692986965179443
0.3163277506828308,0.19782942533493042,-0.12150740623474121
0.32217609882354736,0.1481398344039917,-0.08040457963943481
0.30849307775497437,0.11258852481842041,-0.0380672812461853
0.28793078660964966,0.09258472919464111,0.014124631881713867
0.26345717906951904,0.07345092296600342,0.09058302640914917
0.23551705479621887,0.06624066829681396,0.14942091703414917
0.21799799799919128,0.0802651047706604,0.17168456315994263
0.22948548197746277,0.10807758569717407,0.16516131162643433
0.24552598595619202,0.1478431224822998,0.15686190128326416
0.26004502177238464,0.18411952257156372,0.1529366374015808
0.27274131774902344,0.22524535655975342,0.1484110951423645
0.3087787628173828,0.2698253393173218,0.14738041162490845
0.3250918984413147,0.31663888692855835,0.1621258556842804
0.30082976818084717,0.3554704785346985,0.1947251558303833
0.2522798180580139,0.3895530104637146,0.20735517144203186
0.20003794133663177,0.40589696168899536,0.18254560232162476
0.15127553045749664,0.39412808418273926,0.1368148922920227
0.10665541887283325,0.3684641122817993,0.09000250697135925
0.10358292609453201,0.33777129650115967,0.05432882905006409
0.11379130184650421,0.29280126094818115,0.044116824865341187
0.12227556109428406,0.24920588731765747,0.044200748205184937
0.1338653862476349,0.22158926725387573,0.050379812717437744
0.13320840895175934,0.19482892751693726,0.07602515816688538
0.10574214160442352,0.17020046710968018,0.10720118880271912
0.07662893831729889,0.16855353116989136,0.1258603185415268
0.05403381586074829,0.1710127592086792,0.1377173662185669
0.028788164258003235,0.18162071704864502,0.15233775973320007
0.0023931823670864105,0.20796066522598267,0.17021262645721436
-0.030184969305992126,0.2356952428817749,0.17874278128147125
-0.0486893504858017,0.2638899087905884,0.17374515533447266
-0.03750310838222504,0.3054928183555603,0.15303969383239746
-0.00573507696390152,0.33186596632003784,0.14282940328121185
0.03327588737010956,0.34033113718032837,0.1349431276321411
0.05081367492675781,0.36139243841171265,0.09900766611099243
0.01652871072292328,0.39049017429351807,0.05984478443861008
-0.04894460737705231,0.4161110520362854,0.04279690980911255
-0.1217653900384903,0.42697709798812866,0.07219378650188446
-0.2107253074645996,0.43751949071884155,0.12479205429553986
-0.300802618265152,0.4684180021286011,0.1659194827079773
-0.38835036754608154,0.5023377537727356,0.20604589581489563
-0.46706724166870117,0.5239526033401489,0.251951664686203
-0.5328982472419739,0.5492715835571289,0.28760966658592224
-0.5663682818412781,0.5845815539360046,0.3133602440357208
-0.5687050819396973,0.6260356903076172,0.34577521681785583
-0.5589051842689514,0.6813373565673828,0.3790566027164459
-0.5420023202896118,0.7347292304039001,0.41200780868530273
-0.523679256439209,0.7812908291816711,0.44232720136642456
-0.4833994507789612,0.8206921815872192,0.46475648880004883
-0.39927440881729126,0.8544052243232727,0.49690669775009155
-0.32243862748146057,0.8904308080673218,0.5460721254348755
-0.2878299355506897,0.9165332913398743,0.6201137900352478
-0.26282799243927,0.9260730743408203,0.7283231019973755
-0.23410604894161224,0.9364045858383179,0.8395041227340698
-0.20847757160663605,0.9600995182991028,0.9383658170700073
-0.1968269944190979,0.9896019697189331,1.036569356918335
-0.17547443509101868,1.0134145021438599,1.1251699924468994
-0.14259520173072815,1.0639015436172485,1.1987025737762451
-0.12817373871803284,1.1124613285064697,1.2400504350662231
-0.13034790754318237,1.1516835689544678,1.2510257959365845
-0.12399095296859741,1.1988964080810547,1.2343342304229736
-0.11841544508934021,1.2655154466629028,1.2059297561645508
-0.11362335085868835,1.3315519094467163,1.1885219812393188
-0.0734224021434784,1.3919109106063843,1.2038447856903076
0.013747036457061768,1.4478346109390259,1.2643380165100098
0.1378496289253235,1.5179346799850464,1.3498555421829224
0.304171085357666,1.5922777652740479,1.4370570182800293
0.571445643901825,1.6608866453170776,1.4955382347106934
0.9258936047554016,1.7078423500061035,1.5599079132080078
1.3256077766418457,1.7597873210906982,1.6198196411132812
1.6992549896240234,1.7735223770141602,1.640101671218872
1.992515206336975,1.7145249843597412,1.5847570896148682
2.251915216445923,1.7218881845474243,1.4198181629180908
2.4207372665405273,1.780238389968872,1.1257617473602295
2.534976005554199,1.6379404067993164,0.7566138505935669
2.633646249771118,1.433720350265503,0.31973105669021606
2.74680233001709,1.334559679031372,-0.07611101865768433
2.7354655265808105,1.2314995527267456,-0.2712136507034302
2.754845142364502,1.208720326423645,-0.30400002002716064
2.6977784633636475,1.3605694770812988,-0.24466919898986816
2.5430924892425537,1.4844075441360474,-0.07098862528800964
2.4053750038146973,1.6029984951019287,0.16601669788360596
2.2439486980438232,1.7483317852020264,0.3686443567276001
2.0314083099365234,1.895483374595642,0.45135900378227234
1.8224081993103027,2.015883445739746,0.4351218640804291
1.6654608249664307,2.088191270828247,0.3803143799304962
1.5255056619644165,2.1311028003692627,0.259659081697464
1.367091178894043,2.1663010120391846,0.10052710771560669
1.1974782943725586,2.175013780593872,-0.03468596935272217
1.0183145999908447,2.1524150371551514,-0.1427944302558899
0.8413903713226318,2.1123135089874268,-0.24169224500656128
0.6838562488555908,2.0653533935546875,-0.3251339793205261
0.524888813495636,2.0108883380889893,-0.4116630554199219
0.38289058208465576,1.9519121646881104,-0.5070158243179321
0.27315545082092285,1.8836363554000854,-0.5760763883590698
0.20401954650878906,1.8196942806243896,-0.6214500665664673
0.16766446828842163,1.7720565795898438,-0.6575840711593628
0.11945229768753052,1.7273006439208984,-0.6977921724319458
0.08992141485214233,1.6657370328903198,-0.7261284589767456
0.09501367807388306,1.6139955520629883,-0.7363438606262207
0.10967963933944702,1.5864582061767578,-0.748465359210968
0.10752776265144348,1.5717473030090332,-0.7685690522193909
0.11183378100395203,1.5565425157546997,-0.79371577501297
0.13272760808467865,1.5130529403686523,-0.8169166445732117
0.18102151155471802,1.4626896381378174,-0.8361594676971436
0.23131980001926422,1.4219591617584229,-0.8693634867668152
0.2670126259326935,1.3913651704788208,-0.9114170670509338
0.2988073527812958,1.369917631149292,-0.9704428315162659
0.3374995291233063,1.36199951171875,-1.0300931930541992
0.3670016825199127,1.383617639541626,-1.0882660150527954
0.3710082769393921,1.4313087463378906,-1.1295422315597534
0.36859774589538574,1.4690335988998413,-1.1282093524932861
0.37605002522468567,1.4782776832580566,-1.103023886680603
0.3938579261302948,1.441685676574707,-1.066093921661377
0.43414220213890076,1.3682401180267334,-1.0318554639816284
0.5020619034767151,1.3051021099090576,-1.0308926105499268
0.6133143305778503,1.2805882692337036,-1.0771267414093018
0.7207605242729187,1.273186445236206,-1.1280345916748047
0.8152849674224854,1.3398244380950928,-1.1234089136123657
0.9661376476287842,1.56134831905365,-1.020984411239624
1.216372013092041,1.8183093070983887,-0.8509474992752075
1.5489020347595215,2.03454327583313,-0.5367920398712158
1.834629774093628,2.2936370372772217,-0.09611964225769043
2.0240442752838135,2.449916362762451,0.3509722948074341
2.138620376586914,2.2684178352355957,0.7007417678833008
2.2411394119262695,1.9180223941802979,0.9850273132324219
2.495128631591797,1.5911333560943604,1.442008137702942
2.6883363723754883,1.3385276794433594,2.08278489112854
2.385608434677124,1.221909761428833,2.647965669631958
1.5927667617797852,1.235551357269287,2.9300012588500977
0.9117164015769958,1.1716094017028809,3.1090338230133057
0.6613738536834717,1.004027009010315,3.275913715362549
0.7683609127998352,0.8086447715759277,3.2757015228271484
0.9848611950874329,0.6657865047454834,2.9125895500183105
1.2051959037780762,0.5767151713371277,2.3411877155303955
1.275566577911377,0.5339467525482178,1.8409878015518188
1.1293725967407227,0.5833982825279236,1.5262725353240967
0.8644200563430786,0.6891924142837524,1.4583466053009033
0.5638389587402344,0.753777027130127,1.6158918142318726
0.3317529559135437,0.8230962157249451,1.8434480428695679
0.28344836831092834,0.924943208694458,1.9681270122528076
0.3874102830886841,1.0393413305282593,1.9744579792022705
0.5729050636291504,1.173766016960144,1.890171766281128
0.7577335834503174,1.326062560081482,1.7069177627563477
0.8678019046783447,1.528908371925354,1.4413481950759888
0.8574957847595215,1.7537658214569092,1.1716135740280151
0.6936401128768921,1.9651983976364136,0.9280446767807007
0.46161985397338867,2.1079821586608887,0.6881309747695923
0.2019965946674347,2.1861186027526855,0.42306578159332275
-0.09550097584724426,2.2036473751068115,0.170057475566864
-0.3948969841003418,2.1462326049804688,-0.0086173415184021
-0.6455377340316772,2.0449609756469727,-0.09599757194519043
-0.8173280358314514,1.9247839450836182,-0.1115952730178833
-0.9154611825942993,1.8248224258422852,-0.07379502058029175
-0.9449438452720642,1.7496695518493652,0.012112587690353394
-0.9138785600662231,1.6823439598083496,0.10980868339538574
-0.851966917514801,1.632033348083496,0.17705976963043213
-0.8059347867965698,1.6004211902618408,0.21621286869049072
-0.7898412942886353,1.5686423778533936,0.2586325407028198
-0.7976664900779724,1.5170965194702148,0.31456929445266724
-0.8500128984451294,1.4704937934875488,0.37333106994628906
-0.9108589887619019,1.450740098953247,0.4318450093269348
-0.9892938137054443,1.4519680738449097,0.5050737261772156
-1.0463131666183472,1.440751552581787,0.6171557903289795
-1.0945041179656982,1.4192509651184082,0.7583622932434082
-1.1458818912506104,1.462192416191101,0.8768934011459351
-1.105169653892517,1.521091103553772,0.932436466217041
-1.0354063510894775,1.550397276878357,0.9341139793395996
-0.9435021281242371,1.5698955059051514,0.915764570236206
-0.7450810670852661,1.5670907497406006,0.9258190393447876
-0.5017027854919434,1.5540432929992676,0.9639180898666382
-0.2665160298347473,1.546381950378418,1.0161406993865967
-0.0974840521812439,1.538123607635498,1.130246877670288
0.006109654903411865,1.5336511135101318,1.290718674659729
0.09220203757286072,1.5749266147613525,1.4535517692565918
0.1659296751022339,1.679872989654541,1.598574161529541
0.23091411590576172,1.8626068830490112,1.7051748037338257
0.3361089825630188,2.0638201236724854,1.7858788967132568
0.6355066299438477,2.222219228744507,1.8658779859542847
1.1426031589508057,2.4070870876312256,1.946455478668213
1.697624921798706,2.5322513580322266,1.99367356300354
2.174976110458374,2.492652416229248,1.973215937614441
2.486600399017334,2.3355236053466797,1.8421739339828491
2.6303603649139404,2.1836159229278564,1.5708527565002441
2.669231653213501,2.1091670989990234,1.2054096460342407
2.7791788578033447,1.8813986778259277,0.8273701071739197
2.9825196266174316,1.6804150342941284,0.3762285113334656
3.1801466941833496,1.6488885879516602,-0.09496748447418213
3.206866979598999,1.5089998245239258,-0.4734761714935303
3.110344409942627,1.3190768957138062,-0.7707394361495972
2.9712839126586914,1.182889461517334,-0.9338936805725098
2.723665714263916,1.1436337232589722,-0.9472466707229614
2.3651559352874756,1.1724801063537598,-0.8165911436080933
2.0847902297973633,1.319586157798767,-0.5356734991073608
1.7954058647155762,1.5532455444335938,-0.2718241214752197
1.4959543943405151,1.7697597742080688,-0.10076910257339478
1.247593641281128,1.9715526103973389,-0.029986202716827393
1.0279595851898193,2.123539447784424,-0.04984891414642334
0.8254284262657166,2.230031967163086,-0.14109697937965393
0.6229418516159058,2.291447162628174,-0.276032418012619
0.4410882592201233,2.3051698207855225,-0.41779816150665283
0.3007914423942566,2.25355863571167,-0.5554752349853516
0.20869141817092896,2.1408002376556396,-0.6761342287063599
0.17401868104934692,2.0208497047424316,-0.7922283411026001
0.1658780574798584,1.9273074865341187,-0.9108228087425232
0.15660357475280762,1.8669867515563965,-1.029334545135498
0.12838971614837646,1.8642404079437256,-1.1304868459701538
0.06388044357299805,1.8799467086791992,-1.2133272886276245
-0.009545505046844482,1.8257192373275757,-1.2446484565734863
-0.06931149959564209,1.7536500692367554,-1.2221735715866089
-0.10022684931755066,1.7210936546325684,-1.1808414459228516
-0.10976904630661011,1.6810920238494873,-1.1283626556396484
-0.08921250700950623,1.6209170818328857,-1.0811562538146973
-0.045336008071899414,1.5674514770507812,-1.0675103664398193
0.025416478514671326,1.5290933847427368,-1.0912542343139648
0.09695999324321747,1.5115983486175537,-1.1405773162841797
0.16466951370239258,1.5112594366073608,-1.2118273973464966
0.21822917461395264,1.513495683670044,-1.2888224124908447
0.24445858597755432,1.5123963356018066,-1.355381727218628
0.2658206820487976,1.5102282762527466,-1.379138708114624
0.2979867458343506,1.5174709558486938,-1.3666895627975464
0.3203142285346985,1.516125202178955,-1.3166444301605225
0.3340800404548645,1.5124943256378174,-1.2453107833862305
0.3672543466091156,1.5005550384521484,-1.1562505960464478
0.4406636953353882,1.500507116317749,-1.0422123670578003
0.5356081128120422,1.5377724170684814,-0.891257107257843
0.6133856177330017,1.5553215742111206,-0.7358847260475159
0.8246614933013916,1.5868403911590576,-0.5232033729553223
1.124683141708374,1.6583456993103027,-0.17010939121246338
1.4692533016204834,1.6533852815628052,0.23040556907653809
1.8199270963668823,1.581938624382019,0.5874108076095581
2.086106300354004,1.5012463331222534,0.8046131134033203
2.2722573280334473,1.419357419013977,0.9046927094459534
2.3427813053131104,1.330724835395813,1.155822515487671
2.3044724464416504,1.2905194759368896,1.641851544380188
2.098918914794922,1.2876685857772827,2.2854955196380615
1.6957547664642334,1.2690719366073608,2.9006147384643555
1.319506287574768,1.2195193767547607,3.4122238159179688
1.060009241104126,1.0989916324615479,3.7030773162841797
0.9239760637283325,0.9680586457252502,3.651761531829834
0.9120025634765625,0.8930264115333557,3.2393739223480225
0.9451081156730652,0.8634536862373352,2.6729276180267334
1.0166553258895874,0.8330251574516296,2.2036211490631104
0.9973152875900269,0.8192094564437866,1.8947193622589111
0.7006520628929138,0.8448163866996765,1.720732569694519
0.3833279609680176,0.8935646414756775,1.6566134691238403
0.2551540732383728,0.9349104762077332,1.632736325263977
0.29243314266204834,0.9946909546852112,1.630797028541565
0.43467646837234497,1.0932722091674805,1.6220169067382812
0.5975911617279053,1.2104690074920654,1.5921211242675781
0.6876845359802246,1.3720860481262207,1.5270332098007202
0.6492006778717041,1.5679858922958374,1.4054322242736816
0.5142139792442322,1.7825676202774048,1.2342814207077026
0.33077529072761536,1.9656754732131958,1.0463693141937256
0.10258513689041138,2.0764551162719727,0.8117892146110535
-0.16020599007606506,2.132455348968506,0.5182059407234192
-0.43789398670196533,2.134535312652588,0.2675747275352478
-0.712338924407959,2.054630994796753,0.12167114019393921
-0.9242153167724609,1.9250669479370117,0.06925103068351746
-1.0232828855514526,1.7945327758789062,0.10941967368125916
-1.0013837814331055,1.687622308731079,0.18476592004299164
-0.9521216750144958,1.6314070224761963,0.25898754596710205
-0.9353480339050293,1.5849883556365967,0.3379424810409546
-0.9347577095031738,1.5350749492645264,0.4317033290863037
-0.9072017669677734,1.5121599435806274,0.5363650321960449
-0.8948001861572266,1.5092921257019043,0.6551516056060791
-0.9353148937225342,1.5384681224822998,0.7488846778869629
-1.0076512098312378,1.5497256517410278,0.8264334201812744
-1.128379464149475,1.5581340789794922,0.8875058889389038
-1.2058707475662231,1.5858490467071533,0.8835138082504272
-1.1906853914260864,1.5683939456939697,0.8297520875930786
-1.090367317199707,1.5328229665756226,0.7950112819671631
-0.9399443864822388,1.5041353702545166,0.8142988085746765
-0.7543989419937134,1.4513952732086182,0.8846856355667114
-0.5449697375297546,1.355143666267395,0.9636150002479553
-0.3197076916694641,1.2149804830551147,1.0582482814788818
-0.11880248785018921,1.118722915649414,1.132940411567688
-0.003368675708770752,1.0333561897277832,1.1883654594421387
0.02604001760482788,0.9680397510528564,1.265305519104004
0.042903900146484375,0.9807469844818115,1.3545613288879395
0.0783390998840332,1.0470781326293945,1.4343172311782837
0.11716610193252563,1.136127233505249,1.48213529586792
0.18291616439819336,1.292051076889038,1.4982836246490479
0.3895244598388672,1.5312093496322632,1.5491411685943604
0.756812334060669,1.7221318483352661,1.6558221578598022
1.1868269443511963,1.7751245498657227,1.7735930681228638
1.6069369316101074,1.766239881515503,1.8319941759109497
1.9732460975646973,1.750319480895996,1.776206612586975
2.1892507076263428,1.7742010354995728,1.56755530834198
2.3676013946533203,1.7805840969085693,1.2589941024780273
2.610499382019043,1.7705299854278564,0.9546393752098083
2.8850560188293457,1.7918123006820679,0.594631552696228
3.1028995513916016,1.7895541191101074,0.1136704534292221
3.226316213607788,1.711961269378662,-0.33428817987442017
3.2313098907470703,1.5377135276794434,-0.6633332967758179
3.1331405639648438,1.3749451637268066,-0.8698866367340088
2.90940523147583,1.3432698249816895,-0.9896110892295837
2.5748226642608643,1.4467238187789917,-1.0207449197769165
2.2165136337280273,1.6109309196472168,-0.9342993497848511
1.8734856843948364,1.779188632965088,-0.7747724652290344
1.5728366374969482,1.948303461074829,-0.5791022181510925
1.2966456413269043,2.076374053955078,-0.4225010275840759
1.0136075019836426,2.1623244285583496,-0.38658493757247925
0.7510935664176941,2.1710078716278076,-0.46860986948013306
0.5369105339050293,2.102350950241089,-0.6201927065849304
0.40476536750793457,1.988516092300415,-0.7805138230323792
0.3338391184806824,1.8576034307479858,-0.9293374419212341
0.30885133147239685,1.7397539615631104,-1.0534980297088623
0.3149443566799164,1.6517558097839355,-1.160240888595581
0.3131107985973358,1.6105822324752808,-1.2684824466705322
0.2731063663959503,1.6006755828857422,-1.3553507328033447
0.20930242538452148,1.5556204319000244,-1.3877867460250854
0.19679270684719086,1.5012229681015015,-1.374232292175293
0.20299047231674194,1.4364831447601318,-1.3073186874389648
0.22252292931079865,1.3730196952819824,-1.2132675647735596
0.252137690782547,1.3160443305969238,-1.138688564300537
0.2787173390388489,1.2590584754943848,-1.09600830078125
0.31639182567596436,1.2049041986465454,-1.0942037105560303
0.3657519817352295,1.1574597358703613,-1.1232573986053467
0.40487706661224365,1.1110261678695679,-1.1816034317016602
0.44433343410491943,1.0855991840362549,-1.252467393875122
0.47634458541870117,1.0918934345245361,-1.322554349899292
0.4937500059604645,1.1113389730453491,-1.3905296325683594
0.4986690282821655,1.1366981267929077,-1.4307546615600586
0.5067557692527771,1.1538050174713135,-1.4200791120529175
0.5169636607170105,1.1720335483551025,-1.3663766384124756
0.5510700941085815,1.2107982635498047,-1.2466528415679932
0.6766723394393921,1.291136384010315,-1.0464584827423096
0.8814504146575928,1.4056086540222168,-0.752629816532135
1.1124404668807983,1.5437147617340088,-0.36910051107406616
1.3597025871276855,1.6893054246902466,0.11501610279083252
1.5652540922164917,1.6911592483520508,0.6328368186950684
1.7518672943115234,1.4956680536270142,1.0192984342575073
1.8551156520843506,1.2497539520263672,1.2512340545654297
1.9113690853118896,1.1256413459777832,1.5126570463180542
1.8604652881622314,1.0394079685211182,1.8966560363769531
1.700980544090271,0.9730204343795776,2.3342504501342773
1.5077883005142212,1.0064327716827393,2.7807998657226562
1.2234359979629517,1.0261626243591309,3.1973602771759033
0.9220768213272095,0.9630358219146729,3.4758429527282715
0.7570966482162476,0.8978071212768555,3.479593276977539
0.708882212638855,0.8385798931121826,3.2484047412872314
0.5909748673439026,0.7717987298965454,2.87196946144104
0.5248623490333557,0.7665388584136963,2.4363925457000732
0.5152115821838379,0.7883119583129883,2.0888564586639404
0.44619202613830566,0.8015824556350708,1.8670473098754883
0.4188154935836792,0.8438806533813477,1.6996052265167236
0.4137725234031677,0.9015727043151855,1.5557807683944702
0.4275902509689331,0.9783647060394287,1.4379701614379883
0.45983123779296875,1.0828582048416138,1.351871371269226
0.4660717248916626,1.2102243900299072,1.260253667831421
0.4059116244316101,1.3653786182403564,1.1554679870605469
0.27686065435409546,1.5253965854644775,1.0528309345245361
0.13419878482818604,1.6749647855758667,0.9237586855888367
-0.0379885733127594,1.79155695438385,0.7367979884147644
-0.23124557733535767,1.8502341508865356,0.5099179148674011
-0.42450207471847534,1.866938591003418,0.28093844652175903
-0.6226560473442078,1.8539392948150635,0.1031329333782196
-0.7993019819259644,1.805821180343628,0.02504238486289978
-0.9145206212997437,1.733046054840088,0.035593181848526
-0.954659104347229,1.6750413179397583,0.0680411159992218
-0.9660321474075317,1.6440341472625732,0.13500367105007172
-0.9576380252838135,1.6178843975067139,0.22408366203308105
-0.9591028094291687,1.585229516029358,0.3031901717185974
-0.9832005500793457,1.5518503189086914,0.3698310852050781
-1.0233044624328613,1.5220637321472168,0.4324309825897217
-1.082616925239563,1.4853233098983765,0.5054785013198853
-1.1500321626663208,1.4493072032928467,0.5712273716926575
-1.2087266445159912,1.4259651899337769,0.6099452972412109
-1.2295727729797363,1.4028353691101074,0.6550290584564209
-1.1827893257141113,1.3742125034332275,0.7454314827919006
-1.0700541734695435,1.341050624847412,0.8474245071411133
-0.8849692344665527,1.3034486770629883,0.9272829294204712
-0.6784404516220093,1.2337510585784912,0.9819568991661072
-0.47399431467056274,1.150882363319397,1.026503562927246
-0.29328250885009766,1.0391974449157715,1.0828359127044678
-0.13856685161590576,0.9216024279594421,1.1381386518478394
-0.014888882637023926,0.8470305800437927,1.1654787063598633
0.037062227725982666,0.8231720924377441,1.1953071355819702
0.045125365257263184,0.8243927359580994,1.2550500631332397
0.06929630041122437,0.8761049509048462,1.3070381879806519
0.13538825511932373,0.9954513311386108,1.338491678237915
0.2555088400840759,1.159142017364502,1.399385929107666
0.4952586889266968,1.3266195058822632,1.5126121044158936
0.8992956280708313,1.4599967002868652,1.6420223712921143
1.2065272331237793,1.5805418491363525,1.647015929222107
1.4121841192245483,1.626263976097107,1.552313208580017
1.5805838108062744,1.706425666809082,1.3900866508483887
1.68196439743042,1.925264835357666,1.039819359779358
1.7754096984863281,2.0238990783691406,0.637066125869751
1.9065372943878174,1.8967233896255493,0.2618800401687622
2.177577495574951,1.8768177032470703,-0.12251733988523483
2.4165327548980713,1.7858264446258545,-0.44296956062316895
2.560798168182373,1.555750846862793,-0.6908931732177734
2.704756259918213,1.4047280550003052,-0.9409364461898804
2.733672618865967,1.213578701019287,-1.1833434104919434
2.629899740219116,0.979677140712738,-1.3679492473602295
2.4988675117492676,0.8534140586853027,-1.4370754957199097
2.283841848373413,0.8662283420562744,-1.3914834260940552
1.9499701261520386,1.0018644332885742,-1.2461656332015991
1.576902151107788,1.1936635971069336,-0.9717255234718323
1.185776948928833,1.367546796798706,-0.6108260154724121
0.8200883269309998,1.5282349586486816,-0.2847427725791931
0.5479955077171326,1.6305021047592163,-0.05282175540924072
0.3690359592437744,1.6524310111999512,0.03514605760574341
0.27275681495666504,1.6532652378082275,-0.0391201376914978
0.2347400188446045,1.6414637565612793,-0.25052130222320557
0.203433096408844,1.6219053268432617,-0.5274983048439026
0.1841564178466797,1.6282625198364258,-0.7987211346626282
0.15389829874038696,1.680263876914978,-1.01344895362854
0.011799633502960205,1.703042984008789,-1.1914794445037842
-0.15977728366851807,1.6540348529815674,-1.2943975925445557
-0.24076664447784424,1.5680432319641113,-1.285447359085083
-0.2640022933483124,1.4677600860595703,-1.1855897903442383
-0.2439863383769989,1.3734931945800781,-1.0619566440582275
-0.19429844617843628,1.2896862030029297,-0.9723943471908569
-0.11563315987586975,1.219855546951294,-0.9277080297470093
-0.0324832946062088,1.1652708053588867,-0.9401429891586304
0.04665312170982361,1.1444201469421387,-1.0051274299621582
0.08796468377113342,1.1466522216796875,-1.0971906185150146
0.10545652359724045,1.1432679891586304,-1.1880244016647339
0.1306714415550232,1.118170142173767,-1.2451543807983398
0.16175591945648193,1.0785852670669556,-1.2740156650543213
0.20145797729492188,1.0521665811538696,-1.277397632598877
0.24103708565235138,1.0388203859329224,-1.2594664096832275
0.2970306873321533,1.0316652059555054,-1.2281073331832886
0.36886680126190186,1.0457870960235596,-1.193169355392456
0.4334479868412018,1.086613655090332,-1.1620675325393677
0.4625905454158783,1.1415836811065674,-1.1153734922409058
0.474023699760437,1.1969205141067505,-1.0263993740081787
0.5254085063934326,1.2446566820144653,-0.9203999042510986
0.6571986079216003,1.3003191947937012,-0.7763539552688599
0.8440729379653931,1.3819310665130615,-0.5746268033981323
1.0174980163574219,1.4661420583724976,-0.3237720727920532
1.1792296171188354,1.5207231044769287,-0.047487616539001465
1.4089947938919067,1.579054832458496,0.22523164749145508
1.5644559860229492,1.6437139511108398,0.5126775503158569
1.5079848766326904,1.6427971124649048,0.8278133869171143
1.375959038734436,1.498106598854065,1.183234453201294
1.2624375820159912,1.3206573724746704,1.6494135856628418
1.2096184492111206,1.2092905044555664,2.2105002403259277
1.1286311149597168,1.1460843086242676,2.75872802734375
0.8640390634536743,1.049968957901001,3.234178066253662
0.560856819152832,0.9096124768257141,3.5232863426208496
0.4421626925468445,0.7982023358345032,3.5197789669036865
0.533143937587738,0.7427805662155151,3.2204065322875977
0.6092156171798706,0.7000541090965271,2.7716119289398193
0.6258330345153809,0.6576490998268127,2.3230206966400146
0.644754946231842,0.6651666164398193,1.9659028053283691
0.6219179034233093,0.7123286724090576,1.7158169746398926
0.47806501388549805,0.7726459503173828,1.5520079135894775
0.3448335528373718,0.8598017692565918,1.4300566911697388
0.29006069898605347,0.956385612487793,1.3334041833877563
0.27150779962539673,1.05002760887146,1.2566975355148315
0.24640339612960815,1.152440071105957,1.1944348812103271
0.14509767293930054,1.2608917951583862,1.133703589439392
-0.02295011281967163,1.3680236339569092,1.073868751525879
-0.15661048889160156,1.4636600017547607,0.9958518147468567
-0.2567112445831299,1.5358003377914429,0.8968031406402588
-0.35526472330093384,1.5845065116882324,0.7601843476295471
-0.451030969619751,1.610427975654602,0.5850769877433777
-0.555618941783905,1.621128797531128,0.41637158393859863
-0.669583261013031,1.599107265472412,0.30199143290519714
-0.7533939480781555,1.5447272062301636,0.22988122701644897
-0.8126333951950073,1.498340129852295,0.1985563337802887
-0.8346182107925415,1.4477787017822266,0.21937520802021027
-0.8418594598770142,1.4007222652435303,0.2830148935317993
-0.8569365739822388,1.3460538387298584,0.36788320541381836
-0.8833839893341064,1.3078480958938599,0.44507765769958496
-0.913935661315918,1.2770485877990723,0.49438804388046265
-0.9440823197364807,1.238357424736023,0.5223108530044556
-0.97461998462677,1.2076719999313354,0.5589779615402222
-1.0127451419830322,1.1679272651672363,0.5934626460075378
-1.02180814743042,1.1189243793487549,0.616307258605957
-1.0101730823516846,1.082430124282837,0.6419935822486877
-1.0056331157684326,1.0344905853271484,0.6697962880134583
-0.9991719126701355,0.9572589993476868,0.710083544254303
-0.9807320237159729,0.906995952129364,0.7543911337852478
-0.9224419593811035,0.8940157294273376,0.7920935750007629
-0.7909205555915833,0.8724297285079956,0.8348364233970642
-0.6459872126579285,0.8483123779296875,0.9040276408195496
-0.5181853771209717,0.8303999304771423,0.9782370924949646
-0.3699096441268921,0.824608564376831,1.0807631015777588
-0.1986977458000183,0.8309130072593689,1.1824915409088135
-0.009204387664794922,0.8303635716438293,1.2420916557312012
0.14877253770828247,0.8502780199050903,1.265061378479004
0.2828853130340576,0.8828568458557129,1.2934770584106445
0.4413057565689087,0.9385780096054077,1.3576877117156982
0.6061549186706543,0.9923177361488342,1.4230974912643433
0.7600095272064209,1.0469067096710205,1.43172287940979
0.914003312587738,1.117336392402649,1.329657793045044
1.0320971012115479,1.1684300899505615,1.1321132183074951
1.1066913604736328,1.1302506923675537,0.9279954433441162
1.2143467664718628,1.0642595291137695,0.7620360851287842
1.3689985275268555,1.011421799659729,0.5603301525115967
1.5607094764709473,0.9436588287353516,0.2748705744743347
1.814086675643921,0.8655900955200195,-0.020518824458122253
2.11258602142334,0.8007189631462097,-0.21012765169143677
2.3933563232421875,0.836986780166626,-0.26543188095092773
2.581235408782959,0.9240075945854187,-0.2927212715148926
2.617173671722412,0.9838504791259766,-0.39207708835601807
2.5489423274993896,1.029449224472046,-0.5351903438568115
2.478208541870117,1.0689247846603394,-0.6509099006652832
2.408524513244629,1.1206055879592896,-0.725463330745697
2.282332420349121,1.18576979637146,-0.776407778263092
2.126096725463867,1.2480233907699585,-0.7685450315475464
1.9391460418701172,1.3146241903305054,-0.7175187468528748
1.693984031677246,1.3944172859191895,-0.6591835618019104
1.436241865158081,1.4360530376434326,-0.6110275983810425
1.257424235343933,1.4250930547714233,-0.555423378944397
1.1178021430969238,1.4291064739227295,-0.5246664881706238
1.0033047199249268,1.4420807361602783,-0.5476778149604797
0.8728383183479309,1.437095046043396,-0.5994107127189636
0.7224207520484924,1.4370486736297607,-0.6523781418800354
0.5656242370605469,1.4277451038360596,-0.7022575736045837
0.42787086963653564,1.3977329730987549,-0.7179272174835205
0.309566855430603,1.324886679649353,-0.680660605430603
0.2524349093437195,1.2213499546051025,-0.6074661612510681
0.227630615234375,1.0940663814544678,-0.5459442734718323
0.2486485242843628,0.9862879514694214,-0.5293050408363342
0.2630539536476135,0.9417306184768677,-0.5750796794891357
0.2237333059310913,0.9483118653297424,-0.6834787726402283
0.18822485208511353,0.9558089375495911,-0.7836692929267883
0.13787445425987244,0.9279828667640686,-0.8513662815093994
0.07781705260276794,0.8875153064727783,-0.9028264880180359
0.034045785665512085,0.8792865872383118,-0.9327784180641174
-0.0008459985256195068,0.8912306427955627,-0.9095654487609863
-0.024465560913085938,0.8785291314125061,-0.8430699110031128
-0.01298592984676361,0.8255777359008789,-0.7582283616065979
0.0035940706729888916,0.762242317199707,-0.6792873740196228
-0.021428123116493225,0.7193130850791931,-0.6143958568572998
-0.04428538680076599,0.686654269695282,-0.5710622072219849
-0.07747428864240646,0.6498496532440186,-0.5374279022216797
-0.12314015626907349,0.5889385342597961,-0.5024645328521729
-0.17414316534996033,0.5487059950828552,-0.4903743267059326
-0.20769134163856506,0.5388764142990112,-0.4664255976676941
-0.26078134775161743,0.536074697971344,-0.3750482201576233
-0.3109545111656189,0.5017732977867126,-0.23099684715270996
-0.2940073609352112,0.43259841203689575,-0.07075172662734985
-0.22057245671749115,0.35478347539901733,0.0711050033569336
-0.1709505319595337,0.29062479734420776,0.13112646341323853
-0.1622307300567627,0.25264638662338257,0.10389387607574463
-0.18119242787361145,0.21783041954040527,0.05478698015213013
-0.19556686282157898,0.18164649605751038,0.05053025484085083
-0.17136293649673462,0.13760659098625183,0.09121620655059814
-0.12995809316635132,0.09743225574493408,0.11506819725036621
-0.1269998550415039,0.0698789656162262,0.11129987239837646
-0.1501811444759369,0.04388362169265747,0.11421430110931396
-0.137652188539505,-0.0023966431617736816,0.1481776237487793
-0.07564657926559448,-0.045765221118927,0.19033265113830566
-0.017731085419654846,-0.08325609564781189,0.21829569339752197
0.004209622740745544,-0.1147947907447815,0.24917888641357422
-0.017887204885482788,-0.14517971873283386,0.2580340504646301
-0.04272875189781189,-0.16119280457496643,0.2147458791732788
-0.042340368032455444,-0.1681191325187683,0.15876972675323486
-0.040439218282699585,-0.1792261004447937,0.11379337310791016
-0.05625121295452118,-0.17990878224372864,0.07874798774719238
-0.0806661993265152,-0.17939984798431396,0.049861252307891846
-0.09247510135173798,-0.17933523654937744,0.02240818738937378
-0.09862731397151947,-0.16118183732032776,-0.010330498218536377
-0.08194991946220398,-0.14679637551307678,-0.0174446702003479
-0.07870043814182281,-0.1404959261417389,-0.006693243980407715
-0.08709821105003357,-0.12513583898544312,-0.010228276252746582
-0.09227026998996735,-0.10597783327102661,-0.004076719284057617
-0.10741136968135834,-0.09164011478424072,0.02114623785018921
-0.11950500309467316,-0.08455666899681091,0.059034109115600586
-0.12384462356567383,-0.07616764307022095,0.08702170848846436
-0.12142561376094818,-0.07206875085830688,0.08404660224914551
-0.11799290776252747,-0.0753227174282074,0.06661772727966309
-0.10454732179641724,-0.0794205367565155,0.04573255777359009
-0.08424994349479675,-0.08486223220825195,0.016362309455871582
-0.08408525586128235,-0.08235174417495728,-0.015260815620422363
-0.09552168846130371,-0.08605113625526428,-0.041001081466674805
-0.10716426372528076,-0.08620673418045044,-0.06070321798324585
-0.11388330161571503,-0.084861159324646,-0.07644069194793701
-0.10562211275100708,-0.08341905474662781,-0.05526936054229736
-0.10384249687194824,-0.0810278058052063,-0.01636403799057007
-0.1155184805393219,-0.08427125215530396,0.005079984664916992
-0.11215659976005554,-0.09167072176933289,0.010933160781860352
-0.11192789673805237,-0.09535291790962219,0.0048636794090271
-0.11309583485126495,-0.09782850742340088,-0.012160301208496094
-0.10402554273605347,-0.10221526026725769,-0.03379678726196289
-0.08407425880432129,-0.10771074891090393,-0.05423533916473389
-0.06646932661533356,-0.11458730697631836,-0.05754387378692627
-0.06214091181755066,-0.1141929030418396,-0.04643237590789795
-0.06430244445800781,-0.11474570631980896,-0.02012324333190918
-0.07355894148349762,-0.11701184511184692,0.004710257053375244
-0.07836680114269257,-0.11504852771759033,0.003598928451538086
-0.06516265869140625,-0.1183176338672638,0.0013490915298461914
-0.05053316056728363,-0.12871038913726807,-0.00715792179107666
-0.03300267457962036,-0.13402679562568665,-0.01753091812133789
-0.0156899094581604,-0.13798895478248596,-0.028006434440612793
0.00826793909072876,-0.1443937122821808,-0.030455708503723145
0.020145535469055176,-0.1490967869758606,-0.01378852128982544
0.009857073426246643,-0.14452627301216125,0.009717702865600586
0.004464000463485718,-0.13548770546913147,0.02678370475769043
-0.00018127262592315674,-0.124979168176651,0.037230610847473145
-0.019999533891677856,-0.11560866236686707,0.02894449234008789
-0.02893945574760437,-0.09862351417541504,0.005341649055480957
-0.048592373728752136,-0.09558910131454468,-0.022832155227661133
-0.09316933155059814,-0.09107080101966858,-0.04987788200378418
-0.12923681735992432,-0.07952305674552917,-0.0758521556854248
-0.13185322284698486,-0.08327353000640869,-0.08833396434783936
-0.11439615488052368,-0.08501306176185608,-0.06812310218811035
-0.09135130047798157,-0.08806923031806946,-0.023952603340148926
-0.07925638556480408,-0.09086638689041138,0.005362391471862793
-0.09022830426692963,-0.08896353840827942,0.0027903318405151367
-0.10467085242271423,-0.08988335728645325,-0.01640188694000244
-0.09737640619277954,-0.09002611041069031,-0.04263627529144287
-0.08138547837734222,-0.09994196891784668,-0.06947267055511475
-0.07506884634494781,-0.10625818371772766,-0.09425568580627441
-0.07681384682655334,-0.106117844581604,-0.11114567518234253
-0.0699453204870224,-0.11154240369796753,-0.11115443706512451
-0.06755733489990234,-0.11661085486412048,-0.10096621513366699
-0.06944973766803741,-0.11195299029350281,-0.08154463768005371
-0.0815805196762085,-0.10626205801963806,-0.05296671390533447
-0.08224385976791382,-0.10282021760940552,-0.028676152229309082
-0.07619047164916992,-0.0970768928527832,-0.006639003753662109
-0.0879114419221878,-0.09404724836349487,0.004403412342071533
-0.09288553893566132,-0.08978015184402466,0.006667017936706543
-0.08943317830562592,-0.09065192937850952,0.006752371788024902
-0.0854613184928894,-0.0951438844203949,-0.0034180283546447754
-0.07610523700714111,-0.09546974301338196,-0.02012467384338379
-0.06985288858413696,-0.09769156575202942,-0.0316997766494751
-0.0826372504234314,-0.09886428713798523,-0.03263986110687256
-0.0860481709241867,-0.09814852476119995,-0.024529755115509033
-0.09387791156768799,-0.09589648246765137,-0.012939214706420898
-0.09616175293922424,-0.10091325640678406,0.013911724090576172
-0.0915362685918808,-0.11274105310440063,0.07401907444000244
-0.08553837239742279,-0.19823268055915833,0.38987088203430176
0.212895929813385,0.14558789134025574,-0.8871254920959473
0.025861889123916626,-0.42262741923332214,-1.2248421907424927
0.038157299160957336,-0.20893573760986328,-0.10797619819641113
-0.23416000604629517,0.00406530499458313,0.27331429719924927
-0.26528048515319824,-0.007294178009033203,0.06329202651977539
-0.1570398211479187,-0.04920420050621033,-0.003121614456176758
-0.08934059739112854,-0.04908338189125061,0.017814278602600098
-0.09994211792945862,-0.061555296182632446,0.03140294551849365
-0.06845749914646149,-0.08627307415008545,0.0330083966255188
-0.009651482105255127,-0.11911019682884216,0.003594636917114258
-0.04693731665611267,-0.13932856917381287,-0.05101120471954346
-0.10683487355709076,-0.13225477933883667,-0.07931506633758545
-0.07241691648960114,-0.1576271951198578,-0.11842834949493408
-0.044059187173843384,-0.17178604006767273,-0.08245283365249634
-0.04759550094604492,-0.1753230094909668,0.04839974641799927
0.01699291169643402,-0.17674201726913452,0.12382203340530396
0.03957618772983551,-0.18086424469947815,0.12613821029663086
0.04145750403404236,-0.17881473898887634,0.10771536827087402
0.028009071946144104,-0.16515615582466125,0.08165335655212402
-0.005645826458930969,-0.15432053804397583,0.01630997657775879
-0.046316877007484436,-0.1567198634147644,-0.04465186595916748
-0.07540513575077057,-0.15467199683189392,-0.0809447169303894
-0.07335267961025238,-0.15067702531814575,-0.09564286470413208
-0.06813837587833405,-0.1442745327949524,-0.08292210102081299
-0.10210302472114563,-0.14135849475860596,-0.05197417736053467
-0.14182835817337036,-0.1397419273853302,-0.02427685260772705
-0.15789726376533508,-0.12761956453323364,0.00904858112335205
-0.1863093078136444,-0.12598320841789246,0.04389691352844238
-0.17167332768440247,-0.11986550688743591,0.04578709602355957
-0.1151043027639389,-0.12266507744789124,0.034615159034729004
-0.10677604377269745,-0.12881791591644287,0.025740861892700195
-0.13489891588687897,-0.10827776789665222,-0.011739134788513184
-0.14746372401714325,-0.10434940457344055,-0.03983652591705322
-0.16525986790657043,-0.09307074546813965,-0.04472708702087402
-0.188946932554245,-0.08208242058753967,-0.05680263042449951
-0.1884300708770752,-0.08420968055725098,-0.05651813745498657
-0.16276796162128448,-0.0871521532535553,-0.037307024002075195
-0.10132163763046265,-0.09391042590141296,-0.011074483394622803
-0.04360872507095337,-0.10716694593429565,-0.010874748229980469
-0.058599263429641724,-0.11325213313102722,-0.04677063226699829
-0.09793561697006226,-0.11044305562973022,-0.08298695087432861
-0.12150369584560394,-0.1067243218421936,-0.10723769664764404
-0.09948718547821045,-0.11564555764198303,-0.11459195613861084
-0.07014351338148117,-0.12482020258903503,-0.11132705211639404
-0.06227727234363556,-0.128289133310318,-0.10914051532745361
-0.07774538546800613,-0.12996885180473328,-0.09602797031402588
-0.1056453138589859,-0.1260644495487213,-0.08476018905639648
-0.12706105411052704,-0.11917614936828613,-0.07546079158782959
-0.13907399773597717,-0.11703842878341675,-0.06281495094299316
-0.14525267481803894,-0.11930975317955017,-0.060356736183166504
-0.1350993514060974,-0.1255943477153778,-0.06098496913909912
-0.12074760347604752,-0.12838399410247803,-0.07089364528656006
-0.11688736081123352,-0.13315987586975098,-0.08583170175552368
-0.11500919610261917,-0.13826745748519897,-0.10379689931869507
-0.12439835071563721,-0.14426293969154358,-0.1266811490058899
-0.13009464740753174,-0.1483462154865265,-0.1476879119873047
-0.11836954206228256,-0.15051624178886414,-0.15743660926818848
-0.12041282653808594,-0.14792108535766602,-0.14957880973815918
-0.14345169067382812,-0.14607244729995728,-0.14011359214782715
-0.1579267680644989,-0.1492384672164917,-0.13641482591629028
-0.15610027313232422,-0.1519751250743866,-0.1385810375213623
-0.14597833156585693,-0.1576460301876068,-0.14854836463928223
-0.1349201500415802,-0.16746336221694946,-0.1652827262878418
-0.12625111639499664,-0.17139342427253723,-0.19593369960784912
-0.11398547887802124,-0.17860183119773865,-0.22395265102386475
-0.09197984635829926,-0.18816864490509033,-0.24805903434753418
-0.07440994679927826,-0.19391188025474548,-0.26572054624557495
-0.08214522898197174,-0.19583621621131897,-0.27536678314208984
-0.10066616535186768,-0.19918939471244812,-0.28222036361694336
-0.11417784541845322,-0.2039247751235962,-0.2888524532318115
-0.12393957376480103,-0.2116163671016693,-0.2958325743675232
-0.12591169774532318,-0.2160131335258484,-0.3055838346481323
-0.1341816484928131,-0.2220466434955597,-0.31839466094970703
-0.14955182373523712,-0.22985047101974487,-0.33197253942489624
-0.16281749308109283,-0.23562920093536377,-0.34414947032928467
-0.17693597078323364,-0.24038860201835632,-0.35911989212036133
-0.1855970323085785,-0.24523672461509705,-0.37470191717147827
-0.19712895154953003,-0.23954981565475464,-0.39479970932006836
-0.22148947417736053,-0.22589972615242004,-0.4206427335739136
-0.25173330307006836,-0.21029669046401978,-0.4458409547805786
-0.27833300828933716,-0.1926431655883789,-0.48094117641448975
-0.3080071210861206,-0.16521906852722168,-0.5308309197425842
-0.3378029465675354,-0.1368107795715332,-0.5875442028045654
-0.3669532239437103,-0.10765451192855835,-0.6480437517166138
-0.3839925527572632,-0.08057206869125366,-0.7083150148391724
-0.38587141036987305,-0.05934399366378784,-0.7825695872306824
-0.3868512809276581,-0.020240366458892822,-0.8656004071235657
-0.3960833251476288,0.0298234224319458,-0.9307443499565125
-0.40895289182662964,0.07262003421783447,-0.9477183222770691
-0.4322587847709656,0.11258620023727417,-0.9147020578384399
-0.45519816875457764,0.15253204107284546,-0.8474821448326111
-0.481326699256897,0.20303064584732056,-0.7819436192512512
-0.5063794851303101,0.28081703186035156,-0.7299835681915283
-0.5236599445343018,0.3817299008369446,-0.64344322681427
-0.5126680731773376,0.4781932234764099,-0.5575805902481079
-0.5181411504745483,0.5662646889686584,-0.49145743250846863
-0.5072304010391235,0.6579786539077759,-0.45348644256591797
-0.48261570930480957,0.7812651991844177,-0.43872082233428955
-0.4369242787361145,0.9137357473373413,-0.39519691467285156
-0.32851195335388184,1.053176999092102,-0.3234517574310303
-0.22055017948150635,1.1835730075836182,-0.21949756145477295
-0.13162600994110107,1.2921172380447388,-0.10969841480255127
-0.031046807765960693,1.4149680137634277,-0.01645553484559059
0.09289431571960449,1.5244323015213013,0.054633140563964844
0.26154911518096924,1.586777925491333,0.10006032884120941
0.4771919250488281,1.6062045097351074,0.13606619834899902
0.7087385058403015,1.5784248113632202,0.16015684604644775
0.9308652877807617,1.512366533279419,0.16916635632514954
1.1374008655548096,1.4194526672363281,0.1632068157196045
1.3057438135147095,1.3004999160766602,0.13908255100250244
1.4222031831741333,1.156536340713501,0.11508291959762573
1.480607271194458,0.9997108578681946,0.10838475823402405
1.4794456958770752,0.8333324193954468,0.12243711948394775
1.429142713546753,0.6764181852340698,0.1494666337966919
1.3422555923461914,0.5491132140159607,0.170528382062912
1.2320778369903564,0.4490809440612793,0.17712636291980743
1.1117069721221924,0.3732221722602844,0.1749604344367981
0.9890773892402649,0.30069488286972046,0.18010663986206055
0.8720363974571228,0.23322415351867676,0.19717635214328766
0.7761611342430115,0.19049072265625,0.22944332659244537
0.6948508620262146,0.18970942497253418,0.2761601209640503
0.6082068681716919,0.20109885931015015,0.33656275272369385
0.520258367061615,0.21442371606826782,0.40979480743408203
0.4432796835899353,0.23693406581878662,0.4898756742477417
0.37426233291625977,0.2683948278427124,0.5784933567047119
0.31122297048568726,0.2809501886367798,0.6601206660270691
0.25224173069000244,0.25497961044311523,0.7198540568351746
0.20815801620483398,0.20774877071380615,0.7452199459075928
0.1910685896873474,0.1716855764389038,0.7357358336448669
0.1869998574256897,0.15410536527633667,0.6965863704681396
0.19169414043426514,0.13506954908370972,0.6350624561309814
0.19625318050384521,0.10678505897521973,0.5710740089416504
0.18868309259414673,0.0796697735786438,0.5118288397789001
0.1765040159225464,0.06456410884857178,0.4721996784210205
0.16716629266738892,0.04926413297653198,0.4483337998390198
0.16618460416793823,0.024283111095428467,0.4334908127784729
0.1744428277015686,0.0005363821983337402,0.42508819699287415
0.19598937034606934,-0.02238023281097412,0.42393237352371216
0.2203381061553955,-0.045905888080596924,0.4322549104690552
0.24129217863082886,-0.06761550903320312,0.44617849588394165
0.262800931930542,-0.09069943428039551,0.46320080757141113
0.28475403785705566,-0.11509722471237183,0.4879634380340576
0.3212215304374695,-0.13962459564208984,0.5168874263763428
0.3790168762207031,-0.1596929430961609,0.5491363406181335
0.45174652338027954,-0.17721110582351685,0.5762965679168701
0.5229257345199585,-0.21226567029953003,0.6044285893440247
0.5936700105667114,-0.2666667699813843,0.6171491742134094
0.6724565029144287,-0.3218632936477661,0.6204940676689148
0.7561724185943604,-0.3713347315788269,0.6124833226203918
0.8245944380760193,-0.4225953221321106,0.5913892984390259
0.8914524912834167,-0.4730578064918518,0.5609219670295715
0.954434335231781,-0.5225256681442261,0.5247248411178589
1.0013940334320068,-0.574955940246582,0.4800449311733246
1.0407414436340332,-0.6225038170814514,0.4309293031692505
1.0689700841903687,-0.6560097336769104,0.3809303641319275
1.08464515209198,-0.6721333861351013,0.33201518654823303
1.0913760662078857,-0.6797380447387695,0.28702497482299805
1.0912163257598877,-0.6825935244560242,0.24939705431461334
1.0896936655044556,-0.6734578013420105,0.2272634208202362
1.0800304412841797,-0.6460864543914795,0.21221831440925598
1.0648071765899658,-0.6148519515991211,0.21222835779190063
1.047930121421814,-0.5897735357284546,0.2288668155670166
1.030151128768921,-0.5591364502906799,0.24741363525390625
1.0194039344787598,-0.5117663145065308,0.262978196144104
1.0206900835037231,-0.44537848234176636,0.2800821363925934
1.0311734676361084,-0.3724040985107422,0.31029635667800903
1.0485906600952148,-0.30631810426712036,0.34901607036590576
1.0630470514297485,-0.26590824127197266,0.3985433876514435
1.0517373085021973,-0.25776439905166626,0.4462200999259949
1.03561532497406,-0.2657734751701355,0.4726930260658264
1.0115753412246704,-0.2768663763999939,0.47823095321655273
0.982830822467804,-0.27811509370803833,0.46850118041038513
0.9650577306747437,-0.24982547760009766,0.44251924753189087
0.9581493139266968,-0.18647217750549316,0.4169173836708069
0.955947995185852,-0.1008843183517456,0.40230488777160645
0.9456769824028015,-0.026130616664886475,0.3973335027694702
0.9106040000915527,0.020676374435424805,0.3987898826599121
0.8563146591186523,0.045720040798187256,0.40048748254776
0.8122231960296631,0.05531734228134155,0.39424842596054077
0.7869259715080261,0.06078016757965088,0.37634408473968506
0.7637509703636169,0.07080423831939697,0.34764450788497925
0.7339937686920166,0.08520370721817017,0.30958765745162964
0.7032271027565002,0.10654157400131226,0.27158117294311523
0.6806225776672363,0.13945692777633667,0.2419765591621399
0.6646724343299866,0.19359642267227173,0.22423148155212402
0.6443395018577576,0.26195597648620605,0.22238898277282715
0.6079214811325073,0.33214181661605835,0.2263433337211609
0.5588968396186829,0.40068143606185913,0.23055940866470337
0.4966942071914673,0.46935123205184937,0.23586642742156982
0.416917085647583,0.5282438397407532,0.23972702026367188
0.3234351873397827,0.5705774426460266,0.2381688356399536
0.2222956418991089,0.5929821729660034,0.23273885250091553
0.12026035785675049,0.5958505868911743,0.22390985488891602
0.024056315422058105,0.5877060890197754,0.20948255062103271
-0.06789112091064453,0.5723921656608582,0.1919565200805664
-0.15273422002792358,0.5473228693008423,0.16625487804412842
-0.22461092472076416,0.5232168436050415,0.1359419822692871
-0.2862433195114136,0.5052137970924377,0.1060800552368164
-0.339690625667572,0.49161747097969055,0.07921195030212402
-0.38929909467697144,0.47671589255332947,0.05985592305660248
-0.43924057483673096,0.4615360498428345,0.04728244990110397
-0.4848703145980835,0.4453454315662384,0.042229048907756805
-0.5239819884300232,0.429297536611557,0.04380238801240921
-0.5549805164337158,0.416111022233963,0.0483623705804348
-0.576996922492981,0.4015933871269226,0.05520665645599365
-0.5886446237564087,0.3820854723453522,0.06799900531768799
-0.5948795676231384,0.36612609028816223,0.08070027828216553
-0.5978794097900391,0.3561645448207855,0.08761107921600342
-0.6002453565597534,0.3479842245578766,0.09222090244293213
-0.6029431819915771,0.33691877126693726,0.0962597131729126
-0.6030051112174988,0.3263939619064331,0.09950017929077148
-0.5997875332832336,0.3202208876609802,0.10182654857635498
-0.5975605845451355,0.3141511082649231,0.1049501895904541
-0.5944653749465942,0.30817025899887085,0.11053299903869629
-0.5885923504829407,0.3029164671897888,0.11845517158508301
-0.5798282623291016,0.2957722246646881,0.13189566135406494
-0.5655940771102905,0.2905893623828888,0.14772921800613403
-0.5510826706886292,0.2873631715774536,0.16562867164611816
-0.5322687029838562,0.2851962149143219,0.18928176164627075
-0.5115081667900085,0.2870546579360962,0.21673554182052612
-0.48348456621170044,0.29327696561813354,0.24234527349472046
-0.45446306467056274,0.3057616949081421,0.2605167627334595
-0.4238152503967285,0.3251292407512665,0.26434648036956787
-0.38345402479171753,0.35047847032546997,0.26366353034973145
-0.3329542875289917,0.3827313184738159,0.26552706956863403
-0.2774457335472107,0.4272727370262146,0.2617536783218384
-0.22006714344024658,0.4894770085811615,0.2500213384628296
-0.16956818103790283,0.5636143684387207,0.24076008796691895
-0.13289129734039307,0.6370041370391846,0.23594486713409424
-0.11870944499969482,0.6824735999107361,0.2465507984161377
-0.13061636686325073,0.6850582361221313,0.2687423825263977
-0.14139628410339355,0.6603853702545166,0.29725706577301025
-0.1205744743347168,0.6500751972198486,0.31581854820251465
-0.07078725099563599,0.691946268081665,0.30650317668914795
-0.02455848455429077,0.7659291625022888,0.26691246032714844
-0.0288810133934021,0.8272483348846436,0.21677350997924805
-0.06730353832244873,0.849642813205719,0.17216813564300537
-0.11024421453475952,0.8246080875396729,0.15826475620269775
-0.15591681003570557,0.7782971858978271,0.18073630332946777
-0.1628742218017578,0.7467111349105835,0.212152361869812
-0.12893950939178467,0.6934905648231506,0.24849653244018555
-0.07711905241012573,0.5900200605392456,0.2985316514968872
0.0001080632209777832,0.4709714353084564,0.3312208652496338
0.09786325693130493,0.354527086019516,0.32121074199676514
0.19392073154449463,0.257928729057312,0.27192676067352295
0.2679891586303711,0.17223352193832397,0.19563734531402588
0.32097673416137695,0.08578324317932129,0.11480402946472168
0.35803520679473877,0.007151603698730469,0.027091380208730698
0.37727272510528564,-0.060073018074035645,-0.07191312313079834
0.37503355741500854,-0.11197406053543091,-0.17824697494506836
0.3562546372413635,-0.1526007056236267,-0.28643786907196045
0.321083128452301,-0.17911797761917114,-0.38083934783935547
0.2606736421585083,-0.19251054525375366,-0.46516942977905273
0.1808030605316162,-0.1962631344795227,-0.5301085710525513
0.07471311092376709,-0.19053751230239868,-0.5805944204330444
-0.022549092769622803,-0.1861506700515747,-0.6117652654647827
-0.09613919258117676,-0.18404000997543335,-0.6233333349227905
-0.13865596055984497,-0.17563599348068237,-0.6112130880355835
-0.1559603214263916,-0.15635740756988525,-0.5686548948287964
-0.14978665113449097,-0.12601780891418457,-0.5040394067764282
-0.12783700227737427,-0.08386623859405518,-0.43207454681396484
-0.09600162506103516,-0.03946799039840698,-0.34469711780548096
-0.07122397422790527,0.001734614372253418,-0.2597196102142334
-0.04653900861740112,0.05319291353225708,-0.1769886016845703
-0.022237062454223633,0.10658890008926392,-0.0935584232211113
-0.01501917839050293,0.15070444345474243,-0.012606143951416016
-0.016361594200134277,0.1834666132926941,0.06403028964996338
-0.019566655158996582,0.20782697200775146,0.13630908727645874
-0.020117461681365967,0.22775572538375854,0.2074965238571167
-0.028008103370666504,0.23225748538970947,0.2833772897720337
-0.04133176803588867,0.2248886227607727,0.3564183712005615
-0.03846484422683716,0.21390998363494873,0.426766037940979
-0.015907764434814453,0.1994725465774536,0.48974400758743286
0.030233681201934814,0.174422025680542,0.5539790391921997
0.08402329683303833,0.14003026485443115,0.6117414832115173
0.14535892009735107,0.10494446754455566,0.6591852307319641
0.2092745304107666,0.06683540344238281,0.6989176273345947
0.2719109058380127,0.014917850494384766,0.7243964672088623
0.3364712595939636,-0.04691976308822632,0.7406677603721619
0.39573681354522705,-0.1101425290107727,0.7527852654457092
0.4516456723213196,-0.15978091955184937,0.7454993724822998
0.5111685991287231,-0.1969415545463562,0.7298840284347534
0.5780213475227356,-0.22904765605926514,0.7203614711761475
0.6476861834526062,-0.24987316131591797,0.7102802991867065
0.7197631597518921,-0.2625880241394043,0.7041864991188049
0.8106653690338135,-0.2636612057685852,0.7056518793106079
0.9241679906845093,-0.2513365149497986,0.713287353515625
1.0496313571929932,-0.22839999198913574,0.7274720072746277
1.1791627407073975,-0.1974354386329651,0.7493487596511841
1.2956469058990479,-0.1885852813720703,0.7817403674125671
1.3689210414886475,-0.23041439056396484,0.8261653184890747
1.3820663690567017,-0.3241047263145447,0.8658090829849243
1.3652548789978027,-0.4113732576370239,0.8918694853782654
1.3385233879089355,-0.44346821308135986,0.908082902431488
1.315921425819397,-0.418856680393219,0.9267864227294922
1.2968305349349976,-0.35680317878723145,0.9548996686935425
1.2660974264144897,-0.2738683819770813,0.9741880893707275
1.2101507186889648,-0.21837079524993896,0.9754078984260559
1.1340947151184082,-0.1800050139427185,0.9462168216705322
1.085219144821167,-0.12109708786010742,0.8932388424873352
1.0656392574310303,-0.054509639739990234,0.8433479070663452
1.0340023040771484,-0.009435176849365234,0.7955551147460938
0.9965652227401733,0.019412577152252197,0.751013994216919
0.9583078622817993,0.046592891216278076,0.705147385597229
0.9193726181983948,0.07864135503768921,0.6565855741500854
0.8793911337852478,0.11378568410873413,0.6136335134506226
0.8409616351127625,0.1551762819290161,0.5841374397277832
0.803978443145752,0.20487630367279053,0.5679592490196228
0.7772759199142456,0.2635487914085388,0.5627212524414062
0.7618309259414673,0.329196572303772,0.5606152415275574
0.7431889772415161,0.39901357889175415,0.5573143362998962
0.7085356116294861,0.46851658821105957,0.5474749207496643
0.6598907709121704,0.5407561659812927,0.5277732610702515
0.6040081977844238,0.6117499470710754,0.5006119608879089
0.5396458506584167,0.6747174263000488,0.47010892629623413
0.4709000587463379,0.7333680987358093,0.4427356719970703
0.3909294009208679,0.7806434631347656,0.41803014278411865
0.3006845712661743,0.8184576630592346,0.3973114490509033
0.2061173915863037,0.84609055519104,0.37881535291671753
0.11581051349639893,0.8661203384399414,0.36168408393859863
0.03014475107192993,0.885185718536377,0.34779858589172363
-0.052461981773376465,0.9064658880233765,0.33670884370803833
-0.13726204633712769,0.9164600372314453,0.32812052965164185
-0.22171634435653687,0.915175199508667,0.32057493925094604
-0.29961949586868286,0.9054555892944336,0.3135712742805481
-0.37245625257492065,0.8978639245033264,0.30931317806243896
-0.43800127506256104,0.8905495405197144,0.3053927421569824
-0.5012567043304443,0.8724773526191711,0.2958335876464844
-0.5689213275909424,0.847143292427063,0.2918128967285156
-0.6342692375183105,0.8201045393943787,0.29103195667266846
-0.6969763040542603,0.7843791246414185,0.2920612096786499
-0.7555962204933167,0.7450627088546753,0.2952592372894287
-0.8023151755332947,0.7106186747550964,0.29195529222488403
-0.8368033170700073,0.6779766082763672,0.28431594371795654
-0.8753782510757446,0.6435792446136475,0.2788546681404114
-0.9342390298843384,0.5998194813728333,0.25217849016189575
-1.0102956295013428,0.5726820230484009,0.20331889390945435
-1.0992658138275146,0.5731052756309509,0.1491803526878357
-1.1630706787109375,0.5870265364646912,0.09470552206039429
-1.197155475616455,0.5865358114242554,0.0500372014939785
-1.1884856224060059,0.5604677200317383,0.02225405164062977
-1.1245571374893188,0.5422152280807495,0.011361006647348404
-1.0266730785369873,0.5334118008613586,0.008809860795736313
-0.9193795919418335,0.5081023573875427,0.013972874730825424
-0.7955581545829773,0.4857650399208069,0.023853659629821777
-0.6627616286277771,0.4747675061225891,0.02405047044157982
-0.5427461266517639,0.47652894258499146,0.009324848651885986
-0.4534212350845337,0.4810841977596283,-0.0035973265767097473
-0.39368873834609985,0.46984854340553284,0.0036150217056274414
-0.3481588363647461,0.43172040581703186,0.04356670379638672
-0.292416512966156,0.3934113085269928,0.1113237664103508
-0.2103346586227417,0.3759060204029083,0.183427095413208
-0.08737015724182129,0.38480690121650696,0.24469643831253052
0.05236947536468506,0.41900020837783813,0.28152745962142944
0.1798849105834961,0.45589664578437805,0.2782909870147705
0.2656213045120239,0.48493823409080505,0.23694443702697754
0.285804808139801,0.5072512626647949,0.17602699995040894
0.2597443461418152,0.5206692218780518,0.12301720678806305
0.21007585525512695,0.52458655834198,0.09210306406021118
0.1530524492263794,0.5181572437286377,0.08504210412502289
0.08857947587966919,0.49890151619911194,0.11085307598114014
0.015513241291046143,0.4760764241218567,0.16529101133346558
-0.04583084583282471,0.445940226316452,0.22517770528793335
-0.0836634635925293,0.4134112596511841,0.27538394927978516
-0.1097174882888794,0.3912048041820526,0.3078722357749939
-0.13598066568374634,0.3815380036830902,0.3095237612724304
-0.17038249969482422,0.3710777163505554,0.2835094928741455
-0.20331186056137085,0.3490387201309204,0.23089981079101562
-0.2238374948501587,0.32391276955604553,0.16313885152339935
-0.23559588193893433,0.30048683285713196,0.09736715257167816
-0.24129611253738403,0.2786779999732971,0.04344750940799713
-0.2426639199256897,0.2584330141544342,0.005573153495788574
-0.24108833074569702,0.23433750867843628,-0.011957056820392609
-0.23624491691589355,0.2102506160736084,-0.011647000908851624
-0.22514760494232178,0.1935630440711975,-0.005385413765907288
-0.2112882137298584,0.18450212478637695,0.007230296730995178
-0.1948034167289734,0.18130195140838623,0.020460836589336395
-0.16551637649536133,0.17863941192626953,0.032647863030433655
-0.13834649324417114,0.174563467502594,0.041120655834674835
-0.10857260227203369,0.16972535848617554,0.039999835193157196
-0.06621843576431274,0.156299889087677,0.046594373881816864
-0.00596165657043457,0.1431795358657837,0.053641803562641144
0.05549854040145874,0.13960349559783936,0.04906487464904785
0.12376642227172852,0.14720666408538818,0.042957548052072525
0.19517946243286133,0.15691232681274414,0.04440474137663841
0.259249746799469,0.16006743907928467,0.06855630874633789
0.3306390047073364,0.16321086883544922,0.11441826820373535
0.3991774320602417,0.15831685066223145,0.16893988847732544
0.46190083026885986,0.13322162628173828,0.22046667337417603
0.5186408162117004,0.10073935985565186,0.27769899368286133
0.5782720446586609,0.06908172369003296,0.342205286026001
0.6394351720809937,0.029948711395263672,0.4052428603172302
0.6936356425285339,-0.0242922306060791,0.47010231018066406
0.751468300819397,-0.08290088176727295,0.5346291661262512
0.8138667345046997,-0.1404176950454712,0.5883409380912781
0.8763130903244019,-0.2066543698310852,0.6217212677001953
0.931394100189209,-0.2824885845184326,0.6370886564254761
0.9781473278999329,-0.3650895357131958,0.6318895816802979
1.0253318548202515,-0.4476487636566162,0.6129611730575562
1.0680676698684692,-0.5208457112312317,0.5857627391815186
1.104259967803955,-0.5663613677024841,0.5691221952438354
1.1373860836029053,-0.5830836296081543,0.5617746114730835
1.17763090133667,-0.5793312191963196,0.5629091858863831
1.2251088619232178,-0.5564614534378052,0.5667582750320435
1.2704461812973022,-0.5169123411178589,0.5691267848014832
1.3215216398239136,-0.4514502286911011,0.5728658437728882
1.3694298267364502,-0.3636460304260254,0.5889173150062561
1.388920783996582,-0.2902625799179077,0.6288418769836426
1.362335205078125,-0.2673380374908447,0.6868531703948975
1.2820945978164673,-0.2985835075378418,0.7424383759498596
1.1782937049865723,-0.34073466062545776,0.7575696110725403
1.0790380239486694,-0.35614460706710815,0.7453410625457764
0.9965966939926147,-0.33654189109802246,0.7312251329421997
0.9288713932037354,-0.2996029257774353,0.7302542924880981
0.8721068501472473,-0.2651612162590027,0.7420727014541626
0.8335721492767334,-0.24053704738616943,0.7519630193710327
0.8141409158706665,-0.20044541358947754,0.7409352660179138
0.8146454095840454,-0.12876743078231812,0.7089591026306152
0.8158646821975708,-0.04465031623840332,0.6773306131362915
0.8111938238143921,0.031354427337646484,0.6668354272842407
0.8098258972167969,0.10386151075363159,0.6768816709518433
0.7945938110351562,0.16480106115341187,0.6976728439331055
0.7631703019142151,0.20507627725601196,0.7226840257644653
0.706362783908844,0.22909337282180786,0.736687421798706
0.6363754868507385,0.24766463041305542,0.7222121357917786
0.5726478099822998,0.2757711410522461,0.687136709690094
0.5211019515991211,0.31073927879333496,0.6462914943695068
0.4736219048500061,0.3452196717262268,0.6174033880233765
0.42816275358200073,0.36749088764190674,0.5982754826545715
0.38792192935943604,0.3847237229347229,0.579110860824585
0.348415732383728,0.40194785594940186,0.553947389125824
0.31030982732772827,0.41992342472076416,0.5221676230430603
0.273260235786438,0.4389911890029907,0.48579633235931396
0.22897416353225708,0.45827049016952515,0.44336581230163574
0.17821252346038818,0.4776686429977417,0.4058420658111572
0.1236376166343689,0.49669963121414185,0.37587785720825195
0.0661666989326477,0.5123694539070129,0.3487039804458618
0.005439102649688721,0.5286937355995178,0.32329046726226807
-0.05322664976119995,0.5480045676231384,0.30014264583587646
-0.11759614944458008,0.5660933256149292,0.2777445316314697
-0.1838037371635437,0.5775271654129028,0.25872623920440674
-0.24797624349594116,0.5835561752319336,0.24465131759643555
-0.3121756315231323,0.5862195491790771,0.23078858852386475
-0.3697579503059387,0.583344042301178,0.21321642398834229
-0.4235742688179016,0.5761094093322754,0.19478917121887207
-0.47272539138793945,0.5588327646255493,0.17854583263397217
-0.513515830039978,0.5360419154167175,0.1625303030014038
-0.5416202545166016,0.5143954753875732,0.14652323722839355
-0.560849130153656,0.4939080774784088,0.13099157810211182
-0.5673556327819824,0.4761171340942383,0.11493146419525146
-0.5629336833953857,0.46547403931617737,0.10607898235321045
-0.5565478801727295,0.44934824109077454,0.09967947006225586
-0.5666179060935974,0.4276631474494934,0.08597183227539062
-0.5813854932785034,0.4141392111778259,0.06546449661254883
-0.5973814725875854,0.41922664642333984,0.039544105529785156
-0.6180316209793091,0.44420140981674194,0.008187293075025082
-0.6499699354171753,0.4775189459323883,-0.01856231689453125
-0.6918901205062866,0.511498212814331,-0.041550517082214355
-0.7256090044975281,0.5486562252044678,-0.055249571800231934
-0.7325500249862671,0.5898076295852661,-0.050132159143686295
-0.7079634070396423,0.6441184282302856,-0.03474915400147438
-0.6717219948768616,0.7226385474205017,-0.029615163803100586
-0.6450299024581909,0.810346245765686,-0.02553141489624977
-0.6597602367401123,0.8685572743415833,-0.008737675845623016
-0.7141038775444031,0.8739421963691711,0.028850562870502472
-0.7527123093605042,0.8563128709793091,0.07847583293914795
-0.7487091422080994,0.8510352373123169,0.1375838667154312
-0.7074538469314575,0.8663182854652405,0.1924917995929718
-0.6210376620292664,0.8932191729545593,0.22456693649291992
-0.5090770721435547,0.9201004505157471,0.2288445234298706
-0.39359885454177856,0.956744909286499,0.20260964334011078
-0.31045693159103394,0.9823118448257446,0.1498173475265503
-0.26010751724243164,0.9742281436920166,0.09981143474578857
-0.2205667495727539,0.9292608499526978,0.07596562802791595
-0.21980750560760498,0.841553807258606,0.08914458751678467
-0.2329617142677307,0.7391808032989502,0.11144910007715225
-0.21162158250808716,0.6482407450675964,0.1307520866394043
-0.16189581155776978,0.5692445039749146,0.1535578966140747
-0.09614419937133789,0.5038905143737793,0.17755186557769775
-0.016429543495178223,0.4387120008468628,0.20119953155517578
0.06258481740951538,0.3701017200946808,0.21780993044376373
0.12576991319656372,0.3086784780025482,0.22023522853851318
0.17451566457748413,0.26815271377563477,0.19283463060855865
0.19568979740142822,0.2468123435974121,0.12815965712070465
0.1981324553489685,0.22395163774490356,0.05798019468784332
0.1888427734375,0.192255437374115,-6.103515625e-05
0.17367678880691528,0.16061186790466309,-0.048661574721336365
0.16547977924346924,0.12483888864517212,-0.07941734790802002
0.1668776273727417,0.0918998122215271,-0.09812438488006592
0.1754193902015686,0.06990325450897217,-0.10872294008731842
0.18584328889846802,0.05880004167556763,-0.11112106591463089
0.1972043514251709,0.0552058219909668,-0.10530924052000046
0.2094860076904297,0.05162644386291504,-0.08793890476226807
0.2325267195701599,0.04405951499938965,-0.05650722235441208
0.2662876844406128,0.0348895788192749,-0.014482013881206512
0.30238819122314453,0.02020364999771118,0.025673504918813705
0.3540058135986328,0.005883514881134033,0.05917561054229736
0.4208675026893616,-0.007631242275238037,0.09451735019683838
0.4870695471763611,-0.03024888038635254,0.12371551990509033
0.5514283776283264,-0.065976083278656,0.15204745531082153
0.6090624332427979,-0.10236132144927979,0.1834620237350464
0.6596692800521851,-0.13681286573410034,0.2142443060874939
0.7021656632423401,-0.1731824278831482,0.24708300828933716
0.740140438079834,-0.21263468265533447,0.2898491621017456
0.7741748094558716,-0.2531614303588867,0.3389151692390442
0.8058256506919861,-0.29655689001083374,0.3854329586029053
0.8319951891899109,-0.3496643304824829,0.42794859409332275
0.8534417152404785,-0.4062727093696594,0.4571911096572876
0.873111367225647,-0.4632173180580139,0.47116708755493164
0.8888386487960815,-0.5192358493804932,0.47450894117355347
0.9043166637420654,-0.5704327821731567,0.4756687581539154
0.9126724004745483,-0.6142330169677734,0.47977784276008606
0.9165842533111572,-0.6465394496917725,0.4866830110549927
0.9200136661529541,-0.6608421206474304,0.496559202671051
0.9164813160896301,-0.6537115573883057,0.5155971050262451
0.9006392359733582,-0.6258375644683838,0.5307818055152893
0.877241849899292,-0.5780528783798218,0.5306969881057739
0.8731618523597717,-0.5102150440216064,0.5189520120620728
0.8924461007118225,-0.42182457447052,0.5135011672973633
0.9267947673797607,-0.32825005054473877,0.5231575965881348
0.9676999449729919,-0.2389395833015442,0.5503417253494263
1.0040591955184937,-0.18515944480895996,0.5952264666557312
1.0210009813308716,-0.1842557191848755,0.6332849860191345
1.0146007537841797,-0.2238023281097412,0.6451269388198853
0.9890682101249695,-0.26630496978759766,0.6272449493408203
0.9596132636070251,-0.28106236457824707,0.5919401049613953
0.9435964822769165,-0.2750515341758728,0.561112642288208
0.9400684833526611,-0.24590009450912476,0.5569503307342529
0.948353111743927,-0.20686739683151245,0.5786442160606384
0.971089243888855,-0.15773111581802368,0.6011879444122314
1.005180835723877,-0.09212112426757812,0.6011184453964233
1.040607213973999,-0.022197484970092773,0.5822261571884155
1.0689918994903564,0.03935450315475464,0.5559660196304321
1.085007905960083,0.08459711074829102,0.5286089181900024
1.0805370807647705,0.11998748779296875,0.5012012720108032
1.060441017150879,0.16061192750930786,0.4748033285140991
1.018784999847412,0.20135295391082764,0.4559090733528137
0.968073844909668,0.24640202522277832,0.4504718780517578
0.9099154472351074,0.2981547713279724,0.44895684719085693
0.8429172039031982,0.36028844118118286,0.44655823707580566
0.7701058387756348,0.43687307834625244,0.44150060415267944
0.698468029499054,0.5226561427116394,0.43462252616882324
0.6159796118736267,0.6102861166000366,0.4305034875869751
0.5202080607414246,0.685921311378479,0.42180436849594116
0.41398078203201294,0.7404469847679138,0.4082406759262085
0.29816800355911255,0.7778691053390503,0.389354944229126
0.180151104927063,0.8043683767318726,0.36108553409576416
0.06663429737091064,0.8219850063323975,0.323991060256958
-0.04137563705444336,0.8314988613128662,0.281033992767334
-0.1449573040008545,0.8284719586372375,0.23937654495239258
-0.238797128200531,0.8188490271568298,0.1976250261068344
-0.3221091628074646,0.8068267703056335,0.15573491156101227
-0.397175133228302,0.7952117323875427,0.11452042311429977
-0.46825146675109863,0.7867533564567566,0.07877229899168015
-0.5424835681915283,0.7703381776809692,0.04754933714866638
-0.6114118099212646,0.7391743063926697,0.019052967429161072
-0.6625387668609619,0.7014563083648682,-0.007743611931800842
-0.7030744552612305,0.6611834764480591,-0.03288617730140686
-0.7311387658119202,0.624638020992279,-0.059994086623191833
-0.7430143356323242,0.5937608480453491,-0.08489465713500977
-0.7533316612243652,0.5628078579902649,-0.10428369045257568
-0.7661387324333191,0.5348387956619263,-0.12211062014102936
-0.7786886692047119,0.5102014541625977,-0.13851749897003174
-0.7920106649398804,0.4891817271709442,-0.15098977088928223
-0.81174236536026,0.4705673158168793,-0.1609482765197754
-0.8284268975257874,0.45251110196113586,-0.17095647752285004
-0.8366725444793701,0.4418911635875702,-0.17897067964076996
-0.8468106389045715,0.43731454014778137,-0.1880054473876953
-0.8614757061004639,0.43754851818084717,-0.19664275646209717
-0.8717015981674194,0.442033588886261,-0.19971418380737305
-0.8775654435157776,0.4545455276966095,-0.1981966495513916
-0.8938239216804504,0.4791816771030426,-0.1943953037261963
-0.910201370716095,0.5063765048980713,-0.18920709192752838
-0.9204050302505493,0.5432406663894653,-0.18891119956970215
-0.9322704076766968,0.6075751185417175,-0.1975499391555786
-0.9761309623718262,0.7054618000984192,-0.2191483974456787
-1.0316190719604492,0.820299506187439,-0.27505695819854736
-1.0682687759399414,0.9498715400695801,-0.34709978103637695
-1.0770940780639648,1.091863989830017,-0.3881497383117676
-1.0133388042449951,1.2058637142181396,-0.3599822521209717
-0.8404527306556702,1.2624086141586304,-0.23344647884368896
-0.5369845628738403,1.2930617332458496,-0.02487260103225708
-0.1214444637298584,1.2947793006896973,0.22918838262557983
0.344543993473053,1.2502832412719727,0.5055328607559204
0.7739241719245911,1.1983211040496826,0.7424808740615845
1.084792971611023,1.0800302028656006,0.8596932291984558
1.240995168685913,0.896037757396698,0.805985689163208
1.292912244796753,0.7170965075492859,0.6282662749290466
1.3008558750152588,0.5846657156944275,0.4472126364707947
1.244141697883606,0.46002596616744995,0.30996429920196533
1.1010710000991821,0.3278951644897461,0.20065630972385406
0.9117475152015686,0.22696471214294434,0.11684013903141022
0.7506601810455322,0.1728724241256714,0.07856488227844238
0.6293271780014038,0.1267935037612915,0.10134690999984741
0.5100745558738708,0.06701594591140747,0.14426106214523315
0.40918415784835815,0.02025681734085083,0.1549641489982605
0.3283947706222534,-0.014831483364105225,0.13598507642745972
0.25181782245635986,-0.03408759832382202,0.104775071144104
0.17844408750534058,-0.035020411014556885,0.06863605976104736
0.09457260370254517,-0.03230929374694824,0.03057992458343506
-0.00404888391494751,-0.027236640453338623,-0.0095900297164917
-0.11049461364746094,-0.02142864465713501,-0.04696977138519287
-0.2266966700553894,-0.010988354682922363,-0.08661483228206635
-0.3486410975456238,-0.002998173236846924,-0.1332705020904541
-0.447421133518219,-0.012984216213226318,-0.16959857940673828
-0.5072992444038391,-0.027762115001678467,-0.1922590732574463
-0.5529443621635437,-0.04465383291244507,-0.21165359020233154
-0.5786259174346924,-0.06394541263580322,-0.22450409829616547
-0.5767685770988464,-0.0761672854423523,-0.2412099689245224
-0.5587919354438782,-0.07949173450469971,-0.25919294357299805
-0.5294328331947327,-0.08078593015670776,-0.27210211753845215
-0.4944482445716858,-0.07697582244873047,-0.27586638927459717
-0.45946556329727173,-0.06281793117523193,-0.27745258808135986
-0.4172053933143616,-0.04017055034637451,-0.27872586250305176
-0.34418153762817383,-0.01449882984161377,-0.268787145614624
-0.2522854208946228,0.014407932758331299,-0.24216842651367188
-0.16127264499664307,0.04567188024520874,-0.20574736595153809
-0.06802308559417725,0.07552081346511841,-0.16155612468719482
0.019881784915924072,0.10560435056686401,-0.11390292644500732
0.0933222770690918,0.1298161745071411,-0.06068873032927513
0.17713415622711182,0.15092408657073975,0.0025298595428466797
0.26625972986221313,0.16768330335617065,0.07513225078582764
0.3523961901664734,0.17066431045532227,0.15773510932922363
0.4415476322174072,0.15894991159439087,0.24753785133361816
0.5394136905670166,0.12889361381530762,0.34149670600891113
0.6531655192375183,0.0868714451789856,0.4366638660430908
0.7703835964202881,0.027761757373809814,0.5257486701011658
0.886947512626648,-0.04486793279647827,0.6074107885360718
0.9911706447601318,-0.13088107109069824,0.6816010475158691
1.0725202560424805,-0.2121928334236145,0.7385232448577881
1.1382648944854736,-0.2671688199043274,0.77898108959198
1.2064615488052368,-0.2928354740142822,0.8065261840820312
1.2805986404418945,-0.2949365973472595,0.8237874507904053
1.3542596101760864,-0.28852659463882446,0.830322265625
1.427459716796875,-0.2818601727485657,0.8248406052589417
1.4917337894439697,-0.27986419200897217,0.8114457726478577
1.5206626653671265,-0.30057889223098755,0.7960544228553772
1.5085718631744385,-0.3498937487602234,0.7742418050765991
1.4670469760894775,-0.39987778663635254,0.7391690015792847
1.4062919616699219,-0.41115623712539673,0.6960632801055908
1.3222224712371826,-0.36734575033187866,0.6515980958938599
1.2475589513778687,-0.28547900915145874,0.6290292739868164
1.2049719095230103,-0.21089106798171997,0.642401933670044
1.1514265537261963,-0.15717262029647827,0.6591075658798218
1.1003873348236084,-0.10168755054473877,0.6569966077804565
1.060422420501709,-0.04239124059677124,0.6211174726486206
1.0189242362976074,0.000666201114654541,0.5763448476791382
0.9667494893074036,0.02509254217147827,0.5340697765350342
0.9225982427597046,0.03554719686508179,0.4942631423473358
0.8918803334236145,0.038586199283599854,0.4712473154067993
0.8692167401313782,0.044388651847839355,0.45914626121520996
0.8440971374511719,0.056667208671569824,0.453249454498291
0.8139153122901917,0.08302712440490723,0.4449792504310608
0.7876900434494019,0.12383913993835449,0.43612968921661377
0.7618343234062195,0.18235546350479126,0.42634737491607666
0.733521580696106,0.2573675513267517,0.41124168038368225
0.6933577060699463,0.32886803150177,0.39680933952331543
0.6363745331764221,0.39276033639907837,0.38524532318115234
0.5659266710281372,0.44938409328460693,0.3576253652572632
0.4808874726295471,0.4969813823699951,0.32155078649520874
0.41814762353897095,0.5659394264221191,0.27256447076797485
0.34172821044921875,0.6213843822479248,0.22118210792541504
0.25111687183380127,0.6572709083557129,0.18048226833343506
0.16110527515411377,0.6888765096664429,0.16284644603729248
0.06042075157165527,0.701624870300293,0.16328072547912598
-0.04603159427642822,0.711182177066803,0.16843533515930176
-0.1470479965209961,0.7209921479225159,0.16265976428985596
-0.24786651134490967,0.7278800010681152,0.15061461925506592
-0.3350179195404053,0.7306885719299316,0.12974143028259277
-0.4091722369194031,0.7308924198150635,0.10446465015411377
-0.48320770263671875,0.7146354913711548,0.07919299602508545
-0.566354513168335,0.6703844666481018,0.05387746915221214
-0.6207608580589294,0.6363722085952759,0.026413798332214355
-0.6255894303321838,0.6602035760879517,-0.006082650274038315
-0.6695826053619385,0.6368008255958557,-0.030520912259817123
-0.728009045124054,0.5805721879005432,-0.042691826820373535
-0.7731282114982605,0.520085871219635,-0.04487323760986328
-0.7633404731750488,0.5067484378814697,-0.034441351890563965
-0.716690182685852,0.5588540434837341,-0.040860652923583984
-0.7486525774002075,0.48920348286628723,-0.03389585018157959
-0.7582047581672668,0.4315072000026703,-0.0031739473342895508
-0.7358152270317078,0.4199129641056061,0.03034365177154541
-0.7252222299575806,0.41684824228286743,0.05270969867706299
-0.7276999950408936,0.41568171977996826,0.06082570552825928
-0.7313438653945923,0.4214516282081604,0.059036970138549805
-0.7405350804328918,0.4338400065898895,0.04997950792312622
-0.7542337775230408,0.4495471119880676,0.02250903844833374
-0.7685937285423279,0.4730677306652069,-0.010918021202087402
-0.7750895619392395,0.5011404156684875,-0.04412233829498291
-0.7610343098640442,0.5418142080307007,-0.05975508689880371
-0.7328200340270996,0.6015627980232239,-0.05012011528015137
-0.6609210968017578,0.6655758619308472,-0.015902038663625717
-0.5486932992935181,0.730057954788208,0.03291177749633789
-0.42276108264923096,0.7918226718902588,0.08160566538572311
-0.3008488416671753,0.8227423429489136,0.13552987575531006
-0.19458723068237305,0.8028421401977539,0.20728957653045654
-0.12422478199005127,0.7296712398529053,0.28942084312438965
-0.05152177810668945,0.6499922275543213,0.3517235517501831
0.04817682504653931,0.6121917963027954,0.3792605400085449
0.167239248752594,0.6038546562194824,0.37407469749450684
0.29045695066452026,0.6145675778388977,0.3393895626068115
0.38523656129837036,0.6299921870231628,0.2873265743255615
0.43492209911346436,0.646428644657135,0.22621703147888184
0.42859548330307007,0.6661717891693115,0.16718125343322754
0.36870861053466797,0.6706480979919434,0.12689149379730225
0.2582746744155884,0.6431050300598145,0.10291361808776855
0.1369524598121643,0.5702309608459473,0.10070359706878662
0.04291814565658569,0.466781347990036,0.11999642848968506
-0.020116329193115234,0.36543959379196167,0.14565908908843994
-0.03864187002182007,0.28721073269844055,0.1598665714263916
-0.03620082139968872,0.22200632095336914,0.16667556762695312
-0.03269612789154053,0.164768248796463,0.16424238681793213
-0.02721536159515381,0.12344282865524292,0.1469554901123047
-0.017074763774871826,0.09220761060714722,0.1184626966714859
-0.01526951789855957,0.06407177448272705,0.08613802492618561
-0.030056357383728027,0.03975874185562134,0.04659008979797363
-0.05600804090499878,0.013653010129928589,-0.0003841966390609741
-0.08587229251861572,-0.010671675205230713,-0.0435558557510376
-0.11523771286010742,-0.029987752437591553,-0.0788651704788208
-0.1371762752532959,-0.043649494647979736,-0.10902048647403717
-0.15428084135055542,-0.057166099548339844,-0.12835681438446045
-0.1653476357460022,-0.0712326169013977,-0.14447437226772308
-0.1651543378829956,-0.07955318689346313,-0.15714050829410553
-0.15350157022476196,-0.08056837320327759,-0.1660940796136856
-0.12826406955718994,-0.0806039571762085,-0.1751236915588379
-0.08738356828689575,-0.07818466424942017,-0.1820363998413086
-0.034090399742126465,-0.07209348678588867,-0.18156825006008148
0.024802565574645996,-0.06287282705307007,-0.1691661924123764
0.07954668998718262,-0.05092430114746094,-0.14533352851867676
0.13166403770446777,-0.038017332553863525,-0.12008751183748245
0.18300127983093262,-0.028382599353790283,-0.09410213679075241
0.23561924695968628,-0.018870413303375244,-0.06943392753601074
0.28723496198654175,-0.004134714603424072,-0.036345481872558594
0.3293774724006653,0.011127471923828125,0.013305548578500748
0.3617343306541443,0.02243185043334961,0.07416749000549316
0.3942192792892456,0.016921401023864746,0.14200091361999512
0.4235904812812805,-0.006405651569366455,0.21563422679901123
0.4527326822280884,-0.03757089376449585,0.2911781668663025
0.48621422052383423,-0.07818138599395752,0.3653729557991028
0.522071897983551,-0.1343461275100708,0.44070756435394287
0.5530849099159241,-0.19873487949371338,0.5082383751869202
0.5818648338317871,-0.26222825050354004,0.573417603969574
0.6138045787811279,-0.3169931173324585,0.6343605518341064
0.6413743495941162,-0.36222225427627563,0.6870021224021912
0.667472779750824,-0.4011414647102356,0.7291111946105957
0.6870884895324707,-0.4264300465583801,0.7626891136169434
0.7014667391777039,-0.43677496910095215,0.7831970453262329
0.7186458706855774,-0.42685920000076294,0.7876670956611633
0.7378994226455688,-0.38797527551651,0.7734661102294922
0.7671794295310974,-0.321414053440094,0.7441098093986511
0.8191853761672974,-0.24274951219558716,0.7239104509353638
0.8900732398033142,-0.17386341094970703,0.7235473394393921
0.9493693113327026,-0.13885056972503662,0.743427038192749
0.9810698628425598,-0.14022362232208252,0.7749453783035278
0.9877872467041016,-0.17105108499526978,0.7964903712272644
0.9575487375259399,-0.21869951486587524,0.7867330312728882
0.8945200443267822,-0.25288939476013184,0.7609817385673523
0.844948947429657,-0.23723846673965454,0.7280747890472412
0.8155940771102905,-0.1751224398612976,0.7088797092437744
0.7984787821769714,-0.0978630781173706,0.7156521081924438
0.7817168235778809,-0.05423480272293091,0.7428333759307861
0.766219973564148,-0.04080992937088013,0.7626097202301025
0.759515106678009,-0.0307273268699646,0.7584851384162903
0.7623083591461182,-0.0176965594291687,0.7278197407722473
0.7741338610649109,-0.005657017230987549,0.6819664239883423
0.782344400882721,-0.0052620768547058105,0.6339812874794006
0.780649721622467,-0.0070958733558654785,0.5831475853919983
0.7689381837844849,0.0035515427589416504,0.5322008728981018
0.7485460638999939,0.02601909637451172,0.48509538173675537
0.7198871970176697,0.05457848310470581,0.44359004497528076
0.6846383810043335,0.09183210134506226,0.41121768951416016
0.6438800692558289,0.13934963941574097,0.391223669052124
0.6079325675964355,0.1929435133934021,0.38316887617111206
0.5664844512939453,0.2617727518081665,0.3754388093948364
0.5091816782951355,0.34983664751052856,0.360360324382782
0.4387986660003662,0.4137001037597656,0.3396274447441101
0.3618859648704529,0.4603445529937744,0.31835973262786865
0.262115478515625,0.4837638735771179,0.2881462574005127
0.16304481029510498,0.5065658092498779,0.24698328971862793
0.05923151969909668,0.5248456597328186,0.2028522491455078
-0.04514133930206299,0.5271562933921814,0.16904115676879883
-0.13946408033370972,0.519881010055542,0.1435096263885498
-0.22109031677246094,0.5226030349731445,0.11698055267333984
-0.30005747079849243,0.529434084892273,0.08602941036224365
-0.38000285625457764,0.5163860321044922,0.053798094391822815
-0.4331642985343933,0.5156078338623047,0.026602022349834442
-0.489496111869812,0.5063214302062988,-6.115436553955078e-05
-0.5417792797088623,0.4930426776409149,-0.028190284967422485
-0.5861510634422302,0.4818240702152252,-0.054326772689819336
-0.6305062770843506,0.4631054699420929,-0.07953478395938873
-0.667210042476654,0.4386674165725708,-0.09964562952518463
-0.6969068646430969,0.4141581654548645,-0.11398780345916748
-0.7135748863220215,0.3928784132003784,-0.12480878829956055
-0.7206246256828308,0.37322333455085754,-0.13530230522155762
-0.7184351086616516,0.35514378547668457,-0.14112626016139984
-0.7018260359764099,0.3403303623199463,-0.13945816457271576
-0.6832616925239563,0.3267599940299988,-0.13138842582702637
-0.6693700551986694,0.3241990804672241,-0.11327552795410156
-0.6550717353820801,0.3314114809036255,-0.09118688106536865
-0.639985978603363,0.3372437655925751,-0.06780719757080078
-0.6225281953811646,0.34080177545547485,-0.044436100870370865
-0.5977889895439148,0.352809876203537,-0.024430271238088608
-0.5750560164451599,0.37643927335739136,-0.0067718056961894035
-0.5647113919258118,0.4010718762874603,0.010556340217590332
-0.5495323538780212,0.42366039752960205,0.027439355850219727
-0.5147317051887512,0.4515104293823242,0.047789692878723145
-0.4661923050880432,0.4903886914253235,0.07103031873703003
-0.4002850651741028,0.5415520668029785,0.09156221151351929
-0.3325871229171753,0.5986369848251343,0.10723578929901123
-0.2791883945465088,0.6551495790481567,0.11923092603683472
-0.25485992431640625,0.6781586408615112,0.13116168975830078
-0.24510133266448975,0.6613122820854187,0.15029597282409668
-0.2401304841041565,0.6180257201194763,0.18673676252365112
-0.20694881677627563,0.5818260908126831,0.23017942905426025
-0.1328412890434265,0.5819660425186157,0.2565956115722656
-0.030024170875549316,0.6101927757263184,0.2592885494232178
0.059494614601135254,0.628105640411377,0.24916565418243408
0.10802853107452393,0.6208611726760864,0.23265612125396729
0.1307995319366455,0.6008920669555664,0.207963228225708
0.14803987741470337,0.5938461422920227,0.16903305053710938
0.16052287817001343,0.5863922834396362,0.12637615203857422
0.13306975364685059,0.5445805788040161,0.09038815647363663
0.06833356618881226,0.46176207065582275,0.061811916530132294
0.05168938636779785,0.40115806460380554,0.04526233673095703
0.05060279369354248,0.3200060725212097,0.04739415645599365
0.06657612323760986,0.23887747526168823,0.0660644918680191
0.10039710998535156,0.17072412371635437,0.08415855467319489
0.13068413734436035,0.11058542132377625,0.08993996679782867
0.15457850694656372,0.05621218681335449,0.09138938784599304
0.16345375776290894,0.006923645734786987,0.0782686322927475
0.14666253328323364,-0.033830076456069946,0.046199679374694824
0.10459268093109131,-0.0636947751045227,-0.005615666508674622
0.05065339803695679,-0.0867878794670105,-0.06713010370731354
0.007430851459503174,-0.09949052333831787,-0.11956703662872314
-0.015241146087646484,-0.11118680238723755,-0.1467047929763794
-0.03265714645385742,-0.13563090562820435,-0.15137991309165955
-0.049189627170562744,-0.15445899963378906,-0.15745925903320312
-0.05137592554092407,-0.14723742008209229,-0.16533267498016357
-0.0478861927986145,-0.1456165909767151,-0.16085174679756165
-0.06036156415939331,-0.16813409328460693,-0.1470545530319214
-0.06463098526000977,-0.16909468173980713,-0.14427581429481506
-0.04495912790298462,-0.13283312320709229,-0.15173368155956268
-0.03163081407546997,-0.10585373640060425,-0.1536552906036377
-0.021440863609313965,-0.10173237323760986,-0.14267612993717194
-0.006872653961181641,-0.10576385259628296,-0.12378527224063873
0.0107039213180542,-0.11354947090148926,-0.08837166428565979
0.036675453186035156,-0.12113666534423828,-0.040122032165527344
0.0690392255783081,-0.11524379253387451,0.014110326766967773
0.11783552169799805,-0.11991071701049805,0.07869039475917816
0.15629422664642334,-0.1338874101638794,0.1436108648777008
0.18154168128967285,-0.1479123830795288,0.20606936514377594
0.2132139801979065,-0.16718459129333496,0.26943540573120117
0.2476542592048645,-0.1872437596321106,0.32464802265167236
0.2878805994987488,-0.19708818197250366,0.366987019777298
0.31734102964401245,-0.19468903541564941,0.40721404552459717
0.3297635316848755,-0.19734251499176025,0.45109033584594727
0.3253929018974304,-0.2128238081932068,0.49349260330200195
0.31883764266967773,-0.227239727973938,0.5410103797912598
0.3254721760749817,-0.23602420091629028,0.5996965169906616
0.35727977752685547,-0.24732714891433716,0.660476803779602
0.39996546506881714,-0.2520008683204651,0.7080377340316772
0.44582754373550415,-0.23919343948364258,0.7443819046020508
0.4943474531173706,-0.18060117959976196,0.7727614641189575
0.5408540368080139,-0.08305621147155762,0.796485424041748
0.5910447239875793,0.016894519329071045,0.8200199604034424
0.6289539933204651,0.10125100612640381,0.8559207916259766
0.6506403684616089,0.14354678988456726,0.9074773788452148
0.662280261516571,0.13275489211082458,0.9644386768341064
0.6635044813156128,0.10103759169578552,1.0143080949783325
0.6452711224555969,0.11108827590942383,1.0341414213180542
0.598948061466217,0.19266128540039062,1.0057246685028076
0.5266668796539307,0.30988264083862305,0.9392558336257935
0.44284504652023315,0.36779484152793884,0.8774906396865845
0.3861231207847595,0.3473855257034302,0.8446663618087769
0.4059460163116455,0.3178308606147766,0.8369182348251343
0.5186926126480103,0.3184148371219635,0.8812613487243652
0.6303816437721252,0.35050880908966064,0.9524002075195312
0.6890307664871216,0.3863711357116699,0.9932466745376587
0.6932703852653503,0.40497562289237976,1.0093940496444702
0.6523104906082153,0.4134136438369751,0.9922381639480591
0.6115833520889282,0.42969831824302673,0.952698826789856
0.6099411249160767,0.458379328250885,0.9361611604690552
0.6071775555610657,0.4790927469730377,0.9607853889465332
0.6368576288223267,0.47782546281814575,0.9806382656097412
0.6596570611000061,0.495630145072937,0.9471936225891113
0.5902460217475891,0.5404585003852844,0.8475769758224487
0.5025586485862732,0.5749561786651611,0.7095602750778198
0.45699435472488403,0.6046552658081055,0.5630393028259277
0.48584234714508057,0.6329296827316284,0.4209469258785248
0.5049172639846802,0.6728955507278442,0.30351001024246216
0.4789297580718994,0.7177600264549255,0.20325130224227905
0.43184894323349,0.7574387788772583,0.09718653559684753
0.3843299150466919,0.7873737215995789,-0.0071218013763427734
0.389461874961853,0.8137388825416565,-0.10176312923431396
0.42467284202575684,0.8392620086669922,-0.17801153659820557
0.43457257747650146,0.8645076155662537,-0.23702719807624817
0.44964951276779175,0.8839302659034729,-0.26106417179107666
0.4557584524154663,0.9113767743110657,-0.2405969798564911
0.43352460861206055,0.9289882183074951,-0.16953691840171814
0.42134106159210205,0.9421058297157288,-0.08914229273796082
0.4031311273574829,0.9687319397926331,-0.036068350076675415
0.36506688594818115,1.0164999961853027,0.0018595457077026367
0.31350177526474,1.0702168941497803,0.06331202387809753
0.2444280982017517,1.1122660636901855,0.13116241991519928
0.15629425644874573,1.1583364009857178,0.17910563945770264
0.061364710330963135,1.2182271480560303,0.23675359785556793
-0.0609305202960968,1.2717304229736328,0.3410465717315674
-0.23936933279037476,1.3127660751342773,0.46786653995513916
-0.4165422022342682,1.3433517217636108,0.5737000703811646
-0.5248751640319824,1.400336742401123,0.6268956065177917
-0.5656678676605225,1.465944528579712,0.6201658844947815
-0.5754607915878296,1.517608404159546,0.5727891325950623
-0.5658060312271118,1.5500785112380981,0.5058481693267822
-0.547829806804657,1.5570690631866455,0.4344102144241333
-0.5323814153671265,1.5597000122070312,0.3749123215675354
-0.5076855421066284,1.549562692642212,0.349788099527359
-0.4802267849445343,1.504693865776062,0.33805179595947266
-0.4593994915485382,1.4571080207824707,0.3269410729408264
-0.4421629309654236,1.4189269542694092,0.30611008405685425
-0.4224899411201477,1.383805274963379,0.27796614170074463
-0.3988052010536194,1.3545265197753906,0.2502308487892151
-0.3747650384902954,1.3311574459075928,0.23381584882736206
-0.31550753116607666,1.2801984548568726,0.22177714109420776
-0.15095937252044678,1.1736228466033936,0.20703351497650146
0.048765718936920166,1.0345066785812378,0.1858653426170349
0.18728107213974,0.9188597798347473,0.14243203401565552
0.27033060789108276,0.8314538598060608,0.09125930070877075
0.331110417842865,0.7756507992744446,0.045196861028671265
0.3374413251876831,0.772114634513855,-0.0017963647842407227
0.32091736793518066,0.7814521193504333,-0.05038812756538391
0.34504616260528564,0.7973472476005554,-0.07108572125434875
0.37652587890625,0.7863116264343262,-0.07247427105903625
0.423658549785614,0.7244372367858887,-0.06854826211929321
0.5054092407226562,0.6504186987876892,-0.04141885042190552
0.5818192958831787,0.5765100717544556,0.01781374216079712
0.632101833820343,0.4957159757614136,0.10154566168785095
0.6559979319572449,0.4446628987789154,0.19059956073760986
0.6655873656272888,0.4188818335533142,0.25134754180908203
0.6907261610031128,0.3972107470035553,0.2762092351913452
0.7063372731208801,0.38289758563041687,0.2983117699623108
0.6764051914215088,0.36609354615211487,0.2941710352897644
0.6119237542152405,0.33809706568717957,0.25314778089523315
0.5361058712005615,0.3101992905139923,0.17698349058628082
0.45227158069610596,0.27781569957733154,0.07401306927204132
0.3552907705307007,0.23289260268211365,-0.03997868299484253
0.26523685455322266,0.196617990732193,-0.15189510583877563
0.1773592233657837,0.16606682538986206,-0.23798996210098267
0.08637022972106934,0.13978680968284607,-0.2869880795478821
-0.0024685263633728027,0.1423167884349823,-0.28710347414016724
-0.07086074352264404,0.16084840893745422,-0.24722540378570557
-0.11364060640335083,0.1786291003227234,-0.18645858764648438
-0.13249915838241577,0.20009715855121613,-0.1379297971725464
-0.13375639915466309,0.20904338359832764,-0.1086735725402832
-0.1065024733543396,0.20824576914310455,-0.08349204063415527
-0.06243252754211426,0.20396001636981964,-0.07082940638065338
-0.0026172399520874023,0.17724254727363586,-0.07512153685092926
0.0877336859703064,0.13572287559509277,-0.07451675832271576
0.17504721879959106,0.09220033884048462,-0.05879318714141846
0.22258144617080688,0.04082083702087402,-0.04302243888378143
0.24190431833267212,-0.009947329759597778,-0.033476829528808594
0.2588094472885132,-0.034746646881103516,-0.013076990842819214
0.2970992922782898,-0.0412045419216156,0.020887598395347595
0.37137365341186523,-0.048744648694992065,0.06909739971160889
0.47802454233169556,-0.0580136775970459,0.1378992795944214
0.5991083383560181,-0.07034870982170105,0.22463306784629822
0.7475626468658447,-0.0988016128540039,0.3339191675186157
0.909851610660553,-0.15111684799194336,0.48114192485809326
1.0522836446762085,-0.21474868059158325,0.6635586023330688
1.1492664813995361,-0.28667110204696655,0.8562467098236084
1.181997537612915,-0.34236180782318115,1.0207836627960205
1.1493206024169922,-0.3616253137588501,1.139107346534729
1.045522689819336,-0.35256075859069824,1.2390220165252686
0.897625744342804,-0.3220125436782837,1.3568578958511353
0.7831297516822815,-0.2782047986984253,1.560011386871338
0.7794374823570251,-0.27671337127685547,1.8673765659332275
0.930759072303772,-0.32391172647476196,2.186016798019409
1.1954963207244873,-0.35545170307159424,2.4104583263397217
1.5166876316070557,-0.28719907999038696,2.4552273750305176
1.7462266683578491,-0.10739597678184509,2.2798776626586914
1.7959835529327393,0.12063804268836975,2.0187010765075684
1.6583291292190552,0.3650161027908325,1.8527240753173828
1.3176541328430176,0.5780284404754639,1.787048101425171
0.9989700317382812,0.7250360250473022,1.7245912551879883
0.8495990037918091,0.8659491539001465,1.689450740814209
0.9195140600204468,0.9882218241691589,1.6822525262832642
0.9768697619438171,1.0762479305267334,1.6169002056121826
1.1204967498779297,1.0825917720794678,1.4581297636032104
1.2909516096115112,1.03415846824646,1.243985652923584
1.2778575420379639,1.004480004310608,1.0252416133880615
1.1689321994781494,0.9664257764816284,0.8846651315689087
1.0644145011901855,0.9208776354789734,0.7925093173980713
1.0010957717895508,0.8824990391731262,0.7319873571395874
0.957085371017456,0.8820151686668396,0.6729601621627808
0.9242700338363647,0.9204871654510498,0.6279617547988892
0.8852007389068604,0.9723379015922546,0.616784930229187
0.8511223196983337,1.0495333671569824,0.5790615677833557
0.7929600477218628,1.1537692546844482,0.4731605648994446
0.6701604127883911,1.257460355758667,0.3329342007637024
0.5017469525337219,1.3500275611877441,0.21156013011932373
0.3029686510562897,1.4193170070648193,0.13828742504119873
0.08946201205253601,1.440345048904419,0.12265300750732422
-0.14148083329200745,1.4365675449371338,0.15761592984199524
-0.3493786156177521,1.4187730550765991,0.22334203124046326
-0.48422056436538696,1.3872727155685425,0.30992591381073
-0.5426352024078369,1.3590312004089355,0.39676547050476074
-0.5751864910125732,1.3456453084945679,0.4660165309906006
-0.6171725988388062,1.3351383209228516,0.525554895401001
-0.6570001244544983,1.3335051536560059,0.5885629653930664
-0.6268411874771118,1.3298194408416748,0.6634649038314819
-0.5347914695739746,1.3476428985595703,0.7430742383003235
-0.492173969745636,1.3755990266799927,0.8236421346664429
-0.5264036655426025,1.369890570640564,0.9080675840377808
-0.5386418104171753,1.3536276817321777,0.9876324534416199
-0.5222339630126953,1.3537328243255615,1.0647326707839966
-0.5210150480270386,1.3698567152023315,1.1389175653457642
-0.543149471282959,1.3889168500900269,1.1942565441131592
-0.5645535588264465,1.4104546308517456,1.2295112609863281
-0.5612245202064514,1.4693536758422852,1.2524269819259644
-0.5207064151763916,1.5290484428405762,1.288374900817871
-0.46088433265686035,1.5696231126785278,1.3278083801269531
-0.38937002420425415,1.6287281513214111,1.328437089920044
-0.29824453592300415,1.7034192085266113,1.3000414371490479
-0.17679131031036377,1.7372406721115112,1.2716290950775146
-0.03357589244842529,1.7575253248214722,1.2632524967193604
0.1640804409980774,1.8229742050170898,1.277020812034607
0.49215948581695557,1.9123374223709106,1.3211945295333862
0.9370294809341431,1.8955352306365967,1.386439561843872
1.3972198963165283,1.8313528299331665,1.4362499713897705
1.7891952991485596,1.7501338720321655,1.3861908912658691
2.1578800678253174,1.6546720266342163,1.3402149677276611
2.4773242473602295,1.522376537322998,1.3680493831634521
2.6054978370666504,1.231804609298706,1.3682234287261963
2.7104501724243164,1.0319633483886719,1.2893192768096924
2.8554635047912598,1.0032196044921875,1.058306336402893
2.950119972229004,1.013437271118164,0.5649638175964355
2.916213035583496,1.0497117042541504,-0.029179304838180542
2.7621660232543945,1.1929268836975098,-0.4591027796268463
2.566476345062256,1.359039068222046,-0.6323251724243164
2.4667677879333496,1.4821786880493164,-0.5973166823387146
2.373368263244629,1.5853880643844604,-0.468722403049469
2.264860153198242,1.646958589553833,-0.32158994674682617
2.1435062885284424,1.683526635169983,-0.1907210350036621
1.9736948013305664,1.7201842069625854,-0.13570290803909302
1.8062540292739868,1.7872302532196045,-0.14103829860687256
1.6488938331604004,1.8670905828475952,-0.17250144481658936
1.4939560890197754,1.9397687911987305,-0.2476387619972229
1.3329551219940186,1.9826672077178955,-0.33980005979537964
1.1871869564056396,1.9544769525527954,-0.4342702031135559
1.068948745727539,1.9052096605300903,-0.5358715653419495
0.9504334926605225,1.85468590259552,-0.647811770439148
0.8447306156158447,1.791427493095398,-0.761614978313446
0.7715750932693481,1.7246506214141846,-0.8586471676826477
0.7003532648086548,1.6767202615737915,-0.9435368776321411
0.6315394639968872,1.6346583366394043,-1.0056215524673462
0.569109320640564,1.5907704830169678,-1.0486981868743896
0.5270212888717651,1.552016258239746,-1.0660350322723389
0.5191183686256409,1.5142943859100342,-1.054733395576477
0.5317489504814148,1.4869877099990845,-1.0456863641738892
0.5360353589057922,1.4770900011062622,-1.0532782077789307
0.5389768481254578,1.4994243383407593,-1.0752875804901123
0.5366999506950378,1.5409327745437622,-1.113154649734497
0.5142272114753723,1.6093950271606445,-1.165067434310913
0.4531950354576111,1.664353609085083,-1.2204773426055908
0.3966684639453888,1.686643123626709,-1.2424402236938477
0.34995076060295105,1.673577070236206,-1.2315921783447266
0.31574660539627075,1.6357818841934204,-1.2217645645141602
0.3091541826725006,1.595862627029419,-1.2049405574798584
0.3025773763656616,1.5484535694122314,-1.1997160911560059
0.29146283864974976,1.500181794166565,-1.2044782638549805
0.2717970013618469,1.4392008781433105,-1.2028348445892334
0.23053723573684692,1.3524894714355469,-1.191901683807373
0.22817692160606384,1.2834031581878662,-1.167447805404663
0.2810579538345337,1.1997934579849243,-1.108891487121582
0.4122438132762909,1.0652016401290894,-0.9871588349342346
0.6626753807067871,0.8945621252059937,-0.8374286890029907
1.0076091289520264,0.711039125919342,-0.7368964552879333
1.3805978298187256,0.6159058809280396,-0.6896600127220154
1.865218162536621,0.6940568685531616,-0.7211772203445435
2.551056385040283,1.007498860359192,-0.6970200538635254
3.001322031021118,1.6015100479125977,-0.691627025604248
3.0230565071105957,2.2038180828094482,-0.7674835920333862
2.7377729415893555,2.5121092796325684,-0.7017235159873962
2.3537652492523193,2.5645368099212646,-0.33320045471191406
2.035325288772583,2.6753621101379395,0.34132063388824463
1.870231032371521,2.9012393951416016,1.3541700839996338
1.6046628952026367,2.7893712520599365,2.733027696609497
1.066046953201294,2.438180923461914,4.05584716796875
0.6196979284286499,2.0966715812683105,4.785848140716553
0.32951807975769043,1.8747129440307617,4.806170463562012
0.23984861373901367,1.6921998262405396,4.197105407714844
0.39709579944610596,1.5139771699905396,3.216118335723877
0.6837642788887024,1.33889901638031,2.282794952392578
0.8016980886459351,1.1633639335632324,1.5968496799468994
0.7112859487533569,1.04927396774292,1.1913564205169678
0.5211564302444458,1.0022761821746826,1.0662031173706055
0.35467469692230225,0.9803460836410522,1.154557704925537
0.24569207429885864,1.009107232093811,1.3150386810302734
0.21361017227172852,1.0612449645996094,1.4464998245239258
0.24783456325531006,1.1203062534332275,1.5416293144226074
0.31283140182495117,1.2107723951339722,1.5868604183197021
0.3577883243560791,1.3318463563919067,1.5305559635162354
0.3503764867782593,1.4831629991531372,1.369854211807251
0.2923768162727356,1.651998519897461,1.1459180116653442
0.21079915761947632,1.8120402097702026,0.9178720712661743
0.08657705783843994,1.9460660219192505,0.6916147470474243
-0.08665037155151367,2.0373735427856445,0.45416826009750366
-0.29169031977653503,2.084294319152832,0.22502297163009644
-0.4905800223350525,2.0783162117004395,0.049224257469177246
-0.6896095871925354,2.032527208328247,-0.0545383095741272
-0.857304573059082,1.9763761758804321,-0.09794574975967407
-0.9829118251800537,1.8920786380767822,-0.06879392266273499
-1.0401391983032227,1.7965426445007324,0.030774950981140137
-1.0601527690887451,1.7299237251281738,0.1303274929523468
-1.1119887828826904,1.6807831525802612,0.18990755081176758
-1.1584501266479492,1.6523358821868896,0.2387714385986328
-1.1522787809371948,1.6374986171722412,0.31848400831222534
-1.1510741710662842,1.6241741180419922,0.4366149306297302
-1.1702522039413452,1.5884246826171875,0.5620214939117432
-1.1864204406738281,1.561689019203186,0.669208288192749
-1.1746681928634644,1.5736579895019531,0.7447771430015564
-1.1474686861038208,1.6068456172943115,0.7895712852478027
-1.1209473609924316,1.6064238548278809,0.822845995426178
-1.0810422897338867,1.5910112857818604,0.8445494771003723
-1.0144888162612915,1.5688374042510986,0.864486813545227
-0.899444043636322,1.53993558883667,0.8777062892913818
-0.7828152775764465,1.5036170482635498,0.8980371952056885
-0.6792658567428589,1.4788243770599365,0.9095474481582642
-0.5690934062004089,1.4680461883544922,0.9224894642829895
-0.45269685983657837,1.4505690336227417,0.9635652303695679
-0.3166053891181946,1.4087311029434204,1.031689167022705
-0.13667207956314087,1.3674458265304565,1.0847493410110474
0.06414735317230225,1.352315068244934,1.1186292171478271
0.2719690799713135,1.365576148033142,1.1508913040161133
0.5333025455474854,1.41804838180542,1.1662535667419434
0.856230616569519,1.4749069213867188,1.1562230587005615
1.1910996437072754,1.4892973899841309,1.1198441982269287
1.4731123447418213,1.440261960029602,1.0283966064453125
1.6808137893676758,1.3491461277008057,0.8641070127487183
1.8298183679580688,1.2651673555374146,0.7169877886772156
2.0275702476501465,1.2986923456192017,0.6444339156150818
2.138446092605591,1.4080370664596558,0.6769415736198425
2.267151117324829,1.5002110004425049,0.8122925758361816
2.4603757858276367,1.5676453113555908,0.8592355251312256
2.6501107215881348,1.5714056491851807,0.716289758682251
2.8541576862335205,1.5321524143218994,0.3849008083343506
2.9832332134246826,1.4839612245559692,-0.1339147388935089
2.9512665271759033,1.3723266124725342,-0.7001067399978638
2.8022546768188477,1.230065107345581,-1.1725637912750244
2.495807647705078,1.1438448429107666,-1.5405116081237793
2.0953457355499268,1.122689962387085,-1.7657828330993652
1.7068631649017334,1.158496379852295,-1.7613952159881592
1.355102777481079,1.2264264822006226,-1.525208592414856
1.0755679607391357,1.3014087677001953,-1.1551671028137207
0.8757026195526123,1.3669695854187012,-0.7617846131324768
0.7220621109008789,1.3803824186325073,-0.4291871190071106
0.6278625130653381,1.359177827835083,-0.22539383172988892
0.5884966254234314,1.358403205871582,-0.16172176599502563
0.5717296600341797,1.3720283508300781,-0.2155059576034546
0.535709023475647,1.4003089666366577,-0.38283705711364746
0.4690561890602112,1.438382625579834,-0.6184319257736206
0.35901468992233276,1.4582606554031372,-0.8693602681159973
0.24641507863998413,1.4445338249206543,-1.0948412418365479
0.16588550806045532,1.4096863269805908,-1.2553813457489014
0.1273289918899536,1.3739373683929443,-1.368449330329895
0.11380606889724731,1.35408616065979,-1.4412087202072144
0.12516185641288757,1.3239209651947021,-1.4733936786651611
0.17295965552330017,1.2894123792648315,-1.4894511699676514
0.2224346399307251,1.3053826093673706,-1.520946979522705
0.20002533495426178,1.3428521156311035,-1.5767266750335693
0.13999643921852112,1.3532135486602783,-1.620443344116211
0.11081831157207489,1.3428192138671875,-1.626655101776123
0.09759865701198578,1.30867600440979,-1.5938279628753662
0.1239892765879631,1.2467350959777832,-1.5367521047592163
0.16620375216007233,1.1777788400650024,-1.48948073387146
0.20768482983112335,1.1482136249542236,-1.4857863187789917
0.2561710476875305,1.1781481504440308,-1.5059844255447388
0.24265408515930176,1.2100601196289062,-1.5147901773452759
0.19002458453178406,1.2410025596618652,-1.4891151189804077
0.17255768179893494,1.279414176940918,-1.4226233959197998
0.1558743119239807,1.2431882619857788,-1.3183444738388062
0.28774598240852356,1.1790831089019775,-1.145930290222168
0.4844224154949188,1.195864200592041,-0.8729179501533508
0.6978482007980347,1.2542331218719482,-0.5110209584236145
0.9357752203941345,1.2764943838119507,-0.12422585487365723
1.1703307628631592,1.2797971963882446,0.20679843425750732
1.355367660522461,1.300126314163208,0.47746914625167847
1.5289435386657715,1.3530158996582031,0.7298149466514587
1.809551477432251,1.3620116710662842,1.1832318305969238
2.0111756324768066,1.1628282070159912,1.956392765045166
2.069589614868164,1.0037118196487427,2.939310312271118
1.6702897548675537,1.0187863111495972,3.683161973953247
0.983079731464386,1.133608102798462,3.918393135070801
0.5799005627632141,1.1621901988983154,3.9154579639434814
0.5150911808013916,1.1022043228149414,3.7252399921417236
0.562067985534668,1.0428621768951416,3.164649724960327
0.6413173675537109,0.9817757606506348,2.406890869140625
0.6869391798973083,0.9294071197509766,1.7581794261932373
0.6441415548324585,0.9154300093650818,1.3242883682250977
0.4382985234260559,0.9139995574951172,1.1505149602890015
0.13755661249160767,0.891018271446228,1.2129513025283813
-0.13514351844787598,0.8808702230453491,1.3905401229858398
-0.3452022075653076,0.8878743648529053,1.520224928855896
-0.4193272590637207,0.9328216314315796,1.5504579544067383
-0.3330729007720947,0.9969764351844788,1.4876043796539307
-0.1873590350151062,1.0644681453704834,1.3711297512054443
-0.09384095668792725,1.1720954179763794,1.1736236810684204
-0.1311156153678894,1.3055508136749268,0.9438028335571289
-0.2725796103477478,1.4303908348083496,0.745265543460846
-0.4350210428237915,1.5284082889556885,0.5700901746749878
-0.6019960641860962,1.6059317588806152,0.3950986862182617
-0.7800558805465698,1.654211401939392,0.2348451018333435
-0.9639683365821838,1.678163766860962,0.12644922733306885
-1.153471827507019,1.682555913925171,0.09160226583480835
-1.2853580713272095,1.6681630611419678,0.11538028717041016
-1.3547344207763672,1.644136905670166,0.15928730368614197
-1.3966851234436035,1.624812364578247,0.19348585605621338
-1.4575505256652832,1.6179778575897217,0.19997011125087738
-1.5305824279785156,1.586037039756775,0.1999605894088745
-1.579832911491394,1.516971468925476,0.223513662815094
-1.613808274269104,1.4503610134124756,0.2741716504096985
-1.6427407264709473,1.4029396772384644,0.3421481251716614
-1.650493860244751,1.3524130582809448,0.44024693965911865
-1.6149792671203613,1.3277747631072998,0.5668635964393616
-1.542723536491394,1.3160641193389893,0.7188464999198914
-1.427856206893921,1.28399658203125,0.8824759721755981
-1.2959463596343994,1.2639997005462646,1.0034023523330688
-1.1246163845062256,1.2739465236663818,1.053964614868164
-0.9463463425636292,1.281673550605774,1.0518219470977783
-0.7513881325721741,1.3056373596191406,1.0290651321411133
-0.5576210618019104,1.3062543869018555,1.035768985748291
-0.39707493782043457,1.2722445726394653,1.058953046798706
-0.2626371383666992,1.237144947052002,1.0743834972381592
-0.08519583940505981,1.2506412267684937,1.081737756729126
0.1484231948852539,1.2926050424575806,1.1236965656280518
0.4590057134628296,1.3363709449768066,1.1900063753128052
0.8406785130500793,1.4405722618103027,1.2435945272445679
1.2860463857650757,1.4936074018478394,1.2750482559204102
1.7523741722106934,1.4250235557556152,1.2973895072937012
2.1648004055023193,1.3397743701934814,1.2336207628250122
2.4657628536224365,1.2802445888519287,1.0983892679214478
2.624940872192383,1.1895173788070679,0.9868682622909546
2.634788990020752,1.1224374771118164,0.8627813458442688
2.560640573501587,1.0556317567825317,0.6813669800758362
2.559725046157837,1.004502773284912,0.5192381143569946
2.6730668544769287,1.0481213331222534,0.4430546760559082
2.762327194213867,1.1752078533172607,0.42298805713653564
2.886920690536499,1.3098719120025635,0.3647424280643463
2.9736180305480957,1.4426183700561523,0.23596975207328796
2.923023223876953,1.4904389381408691,0.07091319561004639
2.75576114654541,1.5013192892074585,-0.1564684510231018
2.5317413806915283,1.5956002473831177,-0.3862574100494385
2.2555949687957764,1.7388733625411987,-0.5884352326393127
1.9746721982955933,1.8966705799102783,-0.7636908292770386
1.7393919229507446,2.0415120124816895,-0.8949724435806274
1.5385804176330566,2.1399731636047363,-0.9898118376731873
1.3598077297210693,2.1760339736938477,-1.0603220462799072
1.2133175134658813,2.153993606567383,-1.1084359884262085
1.0840667486190796,2.165276288986206,-1.2182676792144775
0.9721847772598267,2.0457205772399902,-1.3203768730163574
0.870040237903595,1.9017441272735596,-1.3906370401382446
0.822843611240387,1.798272967338562,-1.444480299949646
0.7961571216583252,1.7288936376571655,-1.4656312465667725
0.7336938381195068,1.674150824546814,-1.4686589241027832
0.6879289150238037,1.6577842235565186,-1.4536395072937012
0.624294638633728,1.7090964317321777,-1.43119215965271
0.5198981165885925,1.7130190134048462,-1.3975670337677002
0.48711416125297546,1.6272406578063965,-1.2978339195251465
0.5390276908874512,1.5316383838653564,-1.1838905811309814
0.6291935443878174,1.469202995300293,-1.1224861145019531
0.6582544445991516,1.43064284324646,-1.144472599029541
0.6811274290084839,1.4255664348602295,-1.233701467514038
0.7205730080604553,1.460897445678711,-1.3096847534179688
0.7256364822387695,1.5136680603027344,-1.359602928161621
0.6938759684562683,1.554254174232483,-1.3788279294967651
0.6666474342346191,1.561887502670288,-1.3423389196395874
0.6554868221282959,1.5287530422210693,-1.2799136638641357
0.6324958801269531,1.4511346817016602,-1.2337138652801514
0.6441608667373657,1.3528729677200317,-1.2191309928894043
0.6355278491973877,1.2783100605010986,-1.2070269584655762
0.5935176610946655,1.2287819385528564,-1.204917550086975
0.621672511100769,1.1869606971740723,-1.2152577638626099
0.6392759680747986,1.1458319425582886,-1.1799769401550293
0.654435396194458,1.1114039421081543,-1.1202566623687744
0.71021568775177,1.109752893447876,-1.0440747737884521
0.8170331120491028,1.1316778659820557,-0.9475473165512085
0.9465233087539673,1.1508166790008545,-0.8320951461791992
1.0933953523635864,1.196876883506775,-0.6981046199798584
1.2927364110946655,1.2914435863494873,-0.5280983448028564
1.5379594564437866,1.4402186870574951,-0.25597840547561646
1.7564644813537598,1.5981216430664062,0.1660478115081787
1.8435310125350952,1.751783013343811,0.7257823348045349
1.7986162900924683,1.8715088367462158,1.4650765657424927
1.5859018564224243,1.8669416904449463,2.4503164291381836
1.22468900680542,1.7266960144042969,3.44254207611084
0.9377977848052979,1.6359062194824219,3.955404758453369
0.7678730487823486,1.643725872039795,3.852365255355835
0.6797429323196411,1.6192893981933594,3.3995983600616455
0.6295315623283386,1.5435590744018555,2.8610708713531494
0.6115636229515076,1.4210894107818604,2.3503963947296143
0.6479020714759827,1.2662583589553833,1.949690341949463
0.656768798828125,1.1780866384506226,1.7424886226654053
0.5227466225624084,1.1420633792877197,1.7774322032928467
0.301167368888855,1.1405360698699951,1.9736108779907227
0.07749795913696289,1.1246315240859985,2.200674533843994
-0.05182915925979614,1.0959173440933228,2.334339141845703
-0.06032460927963257,1.1282594203948975,2.289034605026245
0.09314090013504028,1.1756396293640137,2.1319832801818848
0.27408522367477417,1.246749758720398,1.9177615642547607
0.37895411252975464,1.3882062435150146,1.6759819984436035
0.3243529796600342,1.5829565525054932,1.4345777034759521
0.1611996293067932,1.7735306024551392,1.180856466293335
-0.003886580467224121,1.9342349767684937,0.8819524049758911
-0.2152424454689026,2.0436484813690186,0.5344039797782898
-0.49250906705856323,2.081657886505127,0.21379852294921875
-0.8022345900535583,2.0363147258758545,0.018534958362579346
-1.0578970909118652,1.9144419431686401,-0.0398404598236084
-1.2143182754516602,1.7688324451446533,-0.0012344717979431152
-1.2844111919403076,1.6535817384719849,0.10323670506477356
-1.2996288537979126,1.5922553539276123,0.20866763591766357
-1.2757385969161987,1.5459628105163574,0.3106515407562256
-1.2497762441635132,1.4917552471160889,0.41692882776260376
-1.2422139644622803,1.4526357650756836,0.4959796667098999
-1.2353675365447998,1.4409812688827515,0.5610526204109192
-1.231087565422058,1.4501490592956543,0.6363755464553833
-1.2337956428527832,1.4438912868499756,0.7175140380859375
-1.27294921875,1.408700942993164,0.78983473777771
-1.2745362520217896,1.38960599899292,0.8410377502441406
-1.2139612436294556,1.3902146816253662,0.8632346987724304
-1.125629186630249,1.3814970254898071,0.8679177761077881
-1.0391364097595215,1.3331242799758911,0.8845165371894836
-0.8809444308280945,1.260612964630127,0.920085072517395
-0.6879146695137024,1.1804779767990112,0.9670712947845459
-0.5614330172538757,1.0849121809005737,1.001810073852539
-0.420784056186676,0.9940544366836548,1.0217806100845337
-0.25901973247528076,0.8838596940040588,1.0572619438171387
-0.09472620487213135,0.781731128692627,1.0853867530822754
0.013356924057006836,0.7287492156028748,1.104134440422058
0.12049460411071777,0.6964038014411926,1.1053135395050049
0.26973992586135864,0.7335703372955322,1.1134774684906006
0.43791210651397705,0.8202806711196899,1.1576992273330688
0.6385545134544373,0.9301635026931763,1.1597602367401123
0.8891223669052124,1.0065789222717285,1.1279670000076294
1.201882004737854,1.013477087020874,1.109785556793213
1.556462287902832,0.9841426014900208,1.1114089488983154
1.9078723192214966,1.0208544731140137,1.0669713020324707
2.177969217300415,1.0587472915649414,1.0002260208129883
2.3596949577331543,1.098671793937683,0.9401379823684692
2.5144834518432617,1.2042009830474854,0.8912018537521362
2.6469357013702393,1.3247981071472168,0.824641227722168
2.746091842651367,1.4248485565185547,0.688072681427002
2.826594352722168,1.4539638757705688,0.45967262983322144
2.894066333770752,1.4464904069900513,0.17752069234848022
2.887190341949463,1.4526389837265015,-0.1825694441795349
2.7871344089508057,1.4562032222747803,-0.5939034819602966
2.6238458156585693,1.443049669265747,-0.935615599155426
2.4090824127197266,1.4345440864562988,-1.1721956729888916
2.137899875640869,1.472616195678711,-1.3111952543258667
1.8246263265609741,1.538773536682129,-1.3467445373535156
1.5160859823226929,1.5850286483764648,-1.3159019947052002
1.2510414123535156,1.59354829788208,-1.2242672443389893
1.0811588764190674,1.5721598863601685,-1.1139541864395142
0.9862321615219116,1.5307209491729736,-1.0066137313842773
0.9343166947364807,1.4712861776351929,-0.9532036781311035
0.8918313384056091,1.4009325504302979,-0.9800688028335571
0.8612967133522034,1.3567568063735962,-1.0525020360946655
0.8503830432891846,1.3650870323181152,-1.1434895992279053
0.8158936500549316,1.4397478103637695,-1.2355133295059204
0.681228518486023,1.4885518550872803,-1.3255774974822998
0.5351296663284302,1.5161795616149902,-1.398843765258789
0.41304489970207214,1.510567545890808,-1.438530683517456
0.33538949489593506,1.4590961933135986,-1.4422647953033447
0.30176442861557007,1.381850004196167,-1.4166316986083984
0.2926046848297119,1.3087937831878662,-1.3916511535644531
0.3192378282546997,1.2495179176330566,-1.3704805374145508
0.35636377334594727,1.2049643993377686,-1.3627984523773193
0.3619050979614258,1.1794748306274414,-1.379462718963623
0.3509937822818756,1.1559504270553589,-1.4039249420166016
0.3489016890525818,1.12746000289917,-1.4261093139648438
0.3506184220314026,1.1038511991500854,-1.4405677318572998
0.35412314534187317,1.0926800966262817,-1.4441741704940796
0.35988786816596985,1.0918387174606323,-1.4329849481582642
0.371657133102417,1.0847018957138062,-1.3924790620803833
0.3874908685684204,1.0722594261169434,-1.3086161613464355
0.4198980927467346,1.0603840351104736,-1.1878201961517334
0.510701060295105,1.0567944049835205,-1.043367862701416
0.6380512714385986,1.0699785947799683,-0.8369477987289429
0.7436749339103699,1.1151295900344849,-0.5670720338821411
0.8099356293678284,1.142964243888855,-0.26670169830322266
0.8702092170715332,1.1124802827835083,0.012498140335083008
0.9378438591957092,1.0457684993743896,0.20493781566619873
1.0613428354263306,0.957833468914032,0.3334807753562927
1.256554126739502,0.8879913687705994,0.4695255160331726
1.515221118927002,0.9008060693740845,0.6851621270179749
1.7594858407974243,0.9716892838478088,1.0439592599868774
1.7995489835739136,1.0534207820892334,1.5249531269073486
1.670125961303711,1.1137136220932007,2.0613811016082764
1.4956755638122559,1.180511713027954,2.5726523399353027
1.2827870845794678,1.2727982997894287,3.0230484008789062
1.0308756828308105,1.300744652748108,3.3867716789245605
0.7966789603233337,1.2996753454208374,3.5530295372009277
0.6024265885353088,1.2917697429656982,3.4877724647521973
0.4437006711959839,1.2618271112442017,3.2021188735961914
0.2530713677406311,1.2629191875457764,2.8274171352386475
0.15433329343795776,1.2636269330978394,2.4505178928375244
0.173620343208313,1.2607793807983398,2.089200019836426
0.23886358737945557,1.2811861038208008,1.7858326435089111
0.2914998531341553,1.3155109882354736,1.5575215816497803
0.272114634513855,1.358331322669983,1.3841373920440674
0.09944933652877808,1.4145675897598267,1.2523143291473389
-0.1635206937789917,1.4760496616363525,1.1650811433792114
-0.36590510606765747,1.541783332824707,1.0722813606262207
-0.540347158908844,1.599724292755127,0.949845016002655
-0.726166844367981,1.630706548690796,0.8068485856056213
-0.8911339044570923,1.6274117231369019,0.6693143844604492
-1.0212225914001465,1.5950939655303955,0.5559015274047852
-1.1146656274795532,1.5436283349990845,0.4684537649154663
-1.178570032119751,1.474724292755127,0.43104803562164307
-1.1819336414337158,1.3959240913391113,0.4225524663925171
-1.1577911376953125,1.326535940170288,0.4401741027832031
-1.1574712991714478,1.2837591171264648,0.45802628993988037
-1.1652679443359375,1.2495486736297607,0.4812377095222473
-1.1827681064605713,1.197441816329956,0.5254406929016113
-1.1896047592163086,1.124409794807434,0.5801404714584351
-1.2003860473632812,1.0558314323425293,0.6407959461212158
-1.2145521640777588,0.9994075298309326,0.7021178603172302
-1.1965301036834717,0.9485633969306946,0.7666929960250854
-1.1335575580596924,0.8969447612762451,0.8372835516929626
-1.0230295658111572,0.839067816734314,0.899242103099823
-0.9001538157463074,0.8048840761184692,0.93025803565979
-0.7933131456375122,0.8006731867790222,0.9475482702255249
-0.6928280591964722,0.7633962631225586,0.9893029928207397
-0.5961621999740601,0.7119002938270569,1.0261902809143066
-0.4879344701766968,0.6564850211143494,1.0476863384246826
-0.3588331341743469,0.6245018243789673,1.0534723997116089
-0.2218645215034485,0.616554319858551,1.046624779701233
-0.0940895676612854,0.6090379357337952,1.0241849422454834
0.056567251682281494,0.59211266040802,1.011662483215332
0.24444621801376343,0.5579113960266113,1.029557704925537
0.4301058053970337,0.5276402235031128,1.0431418418884277
0.6096277236938477,0.5239500999450684,1.0219686031341553
0.7725582122802734,0.5261347889900208,0.9448751211166382
0.9219304323196411,0.5200412273406982,0.7956703901290894
1.088850498199463,0.4959433674812317,0.63252192735672
1.298325538635254,0.4575026035308838,0.5147204995155334
1.5525093078613281,0.4074662923812866,0.4505230784416199
1.8330297470092773,0.40217065811157227,0.40460455417633057
2.061091423034668,0.47504371404647827,0.352730393409729
2.2242650985717773,0.6129885315895081,0.31606733798980713
2.2860569953918457,0.7627993226051331,0.28943753242492676
2.3035812377929688,0.9247817397117615,0.22409701347351074
2.3314199447631836,1.0840849876403809,0.10463473200798035
2.402496337890625,1.2011048793792725,-0.03711056709289551
2.4627363681793213,1.2716505527496338,-0.21322384476661682
2.488062858581543,1.2978488206863403,-0.4669860005378723
2.4806854724884033,1.29212486743927,-0.7793143391609192
2.367884635925293,1.25581955909729,-1.102137565612793
2.1123101711273193,1.1972161531448364,-1.409475326538086
1.8201024532318115,1.134276032447815,-1.622889518737793
1.5806078910827637,1.0829079151153564,-1.6969186067581177
1.4013965129852295,1.0392858982086182,-1.6584677696228027
1.29792320728302,0.9539183378219604,-1.4938732385635376
1.2548620700836182,0.8422356247901917,-1.2116619348526
1.1580840349197388,0.7679591178894043,-0.9580141305923462
0.9971666932106018,0.7887621521949768,-0.8166903853416443
0.7881624698638916,0.8334886431694031,-0.7647325992584229
0.5912318229675293,0.8559143543243408,-0.7346914410591125
0.4736670255661011,0.8732507824897766,-0.6632024645805359
0.42973580956459045,0.8517932891845703,-0.5267707705497742
0.3820313513278961,0.8383868336677551,-0.4319568872451782
0.3544914424419403,0.8242661952972412,-0.42509299516677856
0.33747124671936035,0.7823213338851929,-0.47539758682250977
0.33262383937835693,0.7062003016471863,-0.5783937573432922
0.355354905128479,0.6220065355300903,-0.6907698512077332
0.34345120191574097,0.5320155024528503,-0.7754642963409424
0.31200510263442993,0.4613513648509979,-0.8514391183853149
0.25997602939605713,0.43426090478897095,-0.9244848489761353
0.17817935347557068,0.42831867933273315,-0.957493782043457
0.08436055481433868,0.43744993209838867,-0.9398500323295593
-0.046473294496536255,0.4581371545791626,-0.8862735033035278
-0.15478633344173431,0.45964527130126953,-0.810264527797699
-0.2028166651725769,0.4384520351886749,-0.7107309103012085
-0.20368090271949768,0.40506449341773987,-0.596155047416687
-0.17286938428878784,0.341610312461853,-0.46354424953460693
-0.17078211903572083,0.2708530128002167,-0.34954679012298584
-0.18852046132087708,0.21331530809402466,-0.288845419883728
-0.2175462245941162,0.1803380250930786,-0.27611398696899414
-0.24995341897010803,0.13515347242355347,-0.27336007356643677
-0.27602633833885193,0.07880517840385437,-0.2867687940597534
-0.26921966671943665,0.03171047568321228,-0.29762905836105347
-0.25489044189453125,-0.04593628644943237,-0.28832459449768066
-0.11235031485557556,-0.011540919542312622,-0.25013303756713867
-0.043427973985672,0.024220198392868042,-0.16744226217269897
-0.06304506957530975,0.008981943130493164,-0.05105793476104736
-0.1279234141111374,-0.013551652431488037,0.04533761739730835
-0.20944111049175262,-0.02281367778778076,0.10618877410888672
-0.2731107473373413,-0.034104883670806885,0.15123975276947021
-0.3052280843257904,-0.08870059251785278,0.16644620895385742
-0.27525365352630615,-0.13966259360313416,0.16599297523498535
-0.21864083409309387,-0.17488661408424377,0.16451191902160645
-0.14104686677455902,-0.20548230409622192,0.16404271125793457
-0.12841328978538513,-0.2530196011066437,0.12322187423706055
-0.14475901424884796,-0.2623356580734253,0.04512077569961548
-0.17671748995780945,-0.28711381554603577,-0.014350295066833496
-0.19995203614234924,-0.3009493350982666,-0.03575456142425537
-0.21441516280174255,-0.302854061126709,-0.03297281265258789
-0.212861567735672,-0.312397837638855,-0.035785675048828125
-0.20806041359901428,-0.3248605728149414,-0.03555631637573242
-0.1930616796016693,-0.333615779876709,-0.032966673374176025
-0.16698256134986877,-0.336658239364624,-0.03913843631744385
-0.1494806408882141,-0.34037113189697266,-0.04145240783691406
-0.13526472449302673,-0.33644187450408936,-0.022319674491882324
-0.13239771127700806,-0.3351113498210907,-0.005480766296386719
-0.1523320972919464,-0.3266291618347168,0.0027811527252197266
-0.16067767143249512,-0.32829779386520386,0.00774228572845459
-0.13993650674819946,-0.3427157998085022,0.015042662620544434
-0.12589818239212036,-0.344165176153183,0.01610034704208374
-0.12137731909751892,-0.3399326205253601,0.011434435844421387
-0.11950632929801941,-0.33371829986572266,0.013274729251861572
-0.121588796377182,-0.325306236743927,0.001766204833984375
-0.1365567147731781,-0.3193008005619049,-0.024426639080047607
-0.15918973088264465,-0.3185511827468872,-0.04491782188415527
-0.17143622040748596,-0.32935476303100586,-0.045034170150756836
-0.17379221320152283,-0.3393690586090088,-0.04583382606506348
-0.15940028429031372,-0.3529494106769562,-0.05960667133331299
-0.15201643109321594,-0.3596994876861572,-0.07614552974700928
-0.15864816308021545,-0.35380619764328003,-0.08211243152618408
-0.18014958500862122,-0.3404576778411865,-0.0795661211013794
-0.2095637023448944,-0.31844937801361084,-0.08209407329559326
-0.24527129530906677,-0.2937520742416382,-0.07558369636535645
-0.28557121753692627,-0.2755260169506073,-0.0660698413848877
-0.32685697078704834,-0.2648506760597229,-0.06565678119659424
-0.3466393053531647,-0.2768818140029907,-0.07127982378005981
-0.34166112542152405,-0.27790161967277527,-0.05798274278640747
-0.3072700500488281,-0.23178786039352417,-0.15320968627929688
-0.2842402160167694,-0.2861701250076294,-0.2812936305999756
-0.21082282066345215,-0.306938499212265,-0.4682537317276001
-0.21299201250076294,-0.40636971592903137,-0.29977357387542725
-0.16672676801681519,-0.322509229183197,-0.10297077894210815
-0.1280713975429535,-0.2865568995475769,0.017076492309570312
-0.1410273313522339,-0.36921751499176025,0.027088165283203125
-0.16321495175361633,-0.37768155336380005,-0.01972717046737671
-0.177118182182312,-0.3724561929702759,-0.033692002296447754
-0.16073256731033325,-0.39278465509414673,-0.02759450674057007
-0.10079503059387207,-0.4009159803390503,-0.05469435453414917
-0.05550369620323181,-0.4040040671825409,-0.1188809871673584
-0.0806860625743866,-0.39549851417541504,-0.19682198762893677
-0.14843085408210754,-0.41036927700042725,-0.11026811599731445
-0.22503700852394104,-0.38912689685821533,-0.003342866897583008
-0.2474355399608612,-0.33896249532699585,-0.02864021062850952
-0.22330740094184875,-0.3484785258769989,-0.061727166175842285
-0.19171732664108276,-0.35674282908439636,-0.07428652048110962
-0.16740232706069946,-0.36091136932373047,-0.033636629581451416
-0.16258320212364197,-0.3575523793697357,0.045587778091430664
-0.16276243329048157,-0.3566860556602478,0.11811745166778564
-0.1772410273551941,-0.34915339946746826,0.15943491458892822
-0.20570960640907288,-0.3310739994049072,0.2190576195716858
-0.2399502396583557,-0.32397153973579407,0.23350918292999268
-0.29150712490081787,-0.2565447688102722,-0.40933239459991455
-0.3818786144256592,-0.3479449152946472,-0.45333296060562134
-0.4954661726951599,-0.7200940847396851,1.0587456226348877
-0.34000444412231445,0.12705692648887634,-0.2135007381439209
-0.4997285306453705,-0.383308082818985,-0.6111854314804077
-0.2064465880393982,-0.40941205620765686,-0.5859946012496948
-0.09641885757446289,-0.38510391116142273,-0.5039474964141846
-0.07851934432983398,-0.3761729598045349,-0.2084013819694519
-0.13376569747924805,-0.36488011479377747,0.05821281671524048
-0.20122429728507996,-0.3185923099517822,0.1654859185218811
-0.24690699577331543,-0.31592267751693726,0.220980703830719
-0.27348825335502625,-0.37515947222709656,0.22967374324798584
-0.23441916704177856,-0.36959969997406006,0.19562363624572754
-0.27955353260040283,-0.3605247437953949,0.15641891956329346
-0.3520030081272125,-0.3248893916606903,0.20621323585510254
-0.4016735553741455,-0.301993191242218,0.25009143352508545
-0.41835397481918335,-0.31121203303337097,0.21471929550170898
-0.3689727783203125,-0.31479334831237793,0.15042805671691895
-0.31512176990509033,-0.2963319718837738,0.05057263374328613
-0.26294177770614624,-0.288836807012558,0.0014725327491760254
-0.22373050451278687,-0.2784458100795746,0.0532795786857605
-0.20173555612564087,-0.27154308557510376,0.1738019585609436
-0.17085057497024536,-0.2650924026966095,0.23777377605438232
-0.13786828517913818,-0.2502610683441162,0.21622467041015625
-0.16874349117279053,-0.23275047540664673,0.17444682121276855
-0.2455037236213684,-0.2226581573486328,0.12340998649597168
-0.3265742063522339,-0.20441055297851562,0.04248538613319397
-0.37852317094802856,-0.18938153982162476,-0.02455851435661316
-0.4298384189605713,-0.1850023865699768,-0.04418870806694031
-0.46861517429351807,-0.16166800260543823,-0.046040549874305725
-0.5004748702049255,-0.14743173122406006,-0.02508879452943802
-0.4957836866378784,-0.1337851881980896,0.0022823773324489594
-0.4297565817832947,-0.09094637632369995,0.03589051961898804
-0.18862545490264893,0.06610584259033203,0.10423450917005539
-0.24702578783035278,-0.02364933490753174,0.1642891764640808
-0.38704556226730347,-0.16469448804855347,0.19311022758483887
-0.42683374881744385,-0.13459330797195435,0.16390645503997803
-0.4390408396720886,-0.05792033672332764,0.08646005392074585
-0.4917784333229065,-0.07319962978363037,0.02868574857711792
-0.5436359643936157,-0.12982654571533203,0.023449689149856567
-0.5729411244392395,-0.14452552795410156,0.034793466329574585
-0.5500209927558899,-0.10271310806274414,0.050459980964660645
-0.5436885952949524,-0.05080455541610718,0.0593755841255188
-0.5595616102218628,-0.023914039134979248,0.047541260719299316
-0.5668922662734985,-0.040750205516815186,0.046753764152526855
-0.5293148756027222,-0.06606251001358032,0.06056421995162964
-0.46908077597618103,-0.07834798097610474,0.06349802017211914
-0.43283510208129883,-0.09746074676513672,0.05657917261123657
-0.4211306869983673,-0.10889840126037598,0.054464638233184814
-0.4071832597255707,-0.09979373216629028,0.04592430591583252
-0.396854430437088,-0.11283433437347412,0.04176294803619385
-0.3894934058189392,-0.1230154037475586,0.04995107650756836
-0.3752991855144501,-0.1190863847732544,0.05905115604400635
-0.37074166536331177,-0.123271644115448,0.06250554323196411
-0.3647654354572296,-0.13299542665481567,0.05480825901031494
-0.34659963846206665,-0.14010226726531982,0.03485757112503052
-0.3300033509731293,-0.1361868977546692,0.03302842378616333
-0.3216263949871063,-0.13608378171920776,0.03360152244567871
-0.3018611967563629,-0.14001721143722534,0.02314448356628418
-0.2893662750720978,-0.1379140019416809,0.02104318141937256
-0.28555017709732056,-0.13052409887313843,0.03537487983703613
-0.28344324231147766,-0.1250627040863037,0.0738402009010315
-0.282909095287323,-0.12219399213790894,0.12575554847717285
-0.29536277055740356,-0.1194528341293335,0.15969336032867432
-0.31314563751220703,-0.11749368906021118,0.1583641767501831
-0.3044605851173401,-0.11042964458465576,0.14481627941131592
-0.2882579267024994,-0.10640567541122437,0.14408832788467407
-0.27821362018585205,-0.10334855318069458,0.1360311508178711
-0.2554051876068115,-0.100644052028656,0.11862361431121826
-0.22838254272937775,-0.10803371667861938,0.11426466703414917
-0.21438302099704742,-0.10837000608444214,0.11293423175811768
-0.210810586810112,-0.09915363788604736,0.1043405532836914
-0.22799138724803925,-0.09759443998336792,0.08712655305862427
-0.2537109851837158,-0.0947800874710083,0.06627517938613892
-0.2725387215614319,-0.08284503221511841,0.05191314220428467
-0.28772300481796265,-0.07750296592712402,0.05622673034667969
-0.30669665336608887,-0.0748133659362793,0.07249665260314941
-0.3164176940917969,-0.07377737760543823,0.09659528732299805
-0.3114719092845917,-0.07681143283843994,0.12129771709442139
-0.2978029251098633,-0.08569830656051636,0.12949013710021973
-0.287057101726532,-0.08737200498580933,0.12225788831710815
-0.2846319377422333,-0.08407682180404663,0.11621928215026855
-0.29279953241348267,-0.08229982852935791,0.1131487488746643
-0.3047470450401306,-0.08531147241592407,0.11261820793151855
-0.31075239181518555,-0.08371275663375854,0.1088373064994812
-0.31074362993240356,-0.08344453573226929,0.10841596126556396
-0.3133094310760498,-0.08441919088363647,0.11417591571807861
-0.30394160747528076,-0.08805710077285767,0.14495402574539185
-0.2998233437538147,-0.10806769132614136,0.18849635124206543
-0.3036711812019348,-0.1064644455909729,0.19227927923202515
-0.3063841462135315,-0.09412920475006104,0.1713668704032898
-0.31452709436416626,-0.09418368339538574,0.14051252603530884
-0.32603687047958374,-0.09430700540542603,0.10624867677688599
-0.3388119339942932,-0.0948638916015625,0.08441179990768433
-0.35056042671203613,-0.09746438264846802,0.07555514574050903
-0.35288095474243164,-0.09565901756286621,0.08044624328613281
-0.3568836450576782,-0.09589970111846924,0.09351927042007446
-0.3735046982765198,-0.10348647832870483,0.10338622331619263
-0.39587855339050293,-0.100108802318573,0.09774577617645264
-0.41026943922042847,-0.09692347049713135,0.09542417526245117
-0.42148154973983765,-0.09793293476104736,0.0986863374710083
-0.43423688411712646,-0.09749513864517212,0.10530084371566772
-0.4446149468421936,-0.1024276614189148,0.11943453550338745
-0.444458931684494,-0.10308635234832764,0.14163708686828613
-0.44171425700187683,-0.10143435001373291,0.15651154518127441
-0.43945127725601196,-0.10794639587402344,0.15781617164611816
-0.43457016348838806,-0.11376798152923584,0.14729446172714233
-0.4393483102321625,-0.1206735372543335,0.1276770830154419
-0.4331800937652588,-0.1272469162940979,0.11383694410324097
-0.43469879031181335,-0.14134448766708374,0.1069413423538208
-0.44917044043540955,-0.14506906270980835,0.09902119636535645
-0.46261221170425415,-0.1478469967842102,0.10174340009689331
-0.46438077092170715,-0.1557338833808899,0.11754685640335083
-0.46416527032852173,-0.16739577054977417,0.13045161962509155
-0.4623529016971588,-0.18243318796157837,0.13722431659698486
-0.464398056268692,-0.19924956560134888,0.13496166467666626
-0.4698622524738312,-0.21140360832214355,0.13647675514221191
-0.46404483914375305,-0.22341883182525635,0.15336215496063232
-0.4504553973674774,-0.24274998903274536,0.16236847639083862
-0.4404066801071167,-0.25755244493484497,0.14780914783477783
-0.43130865693092346,-0.267073392868042,0.12658405303955078
-0.41936156153678894,-0.2814815640449524,0.12058079242706299
-0.40187421441078186,-0.29709070920944214,0.1153443455696106
-0.38732632994651794,-0.3116973638534546,0.09590351581573486
-0.3731783330440521,-0.32530081272125244,0.07110583782196045
-0.3650231659412384,-0.33519113063812256,0.047323763370513916
-0.3653348386287689,-0.3350188434123993,0.022390902042388916
-0.3662603795528412,-0.32152843475341797,0.0023201704025268555
-0.3582395315170288,-0.31558454036712646,-0.005611300468444824
-0.3361526131629944,-0.3280985951423645,-0.01764601469039917
-0.3101487159729004,-0.35612252354621887,-0.03223985433578491
-0.2889738082885742,-0.3857819139957428,-0.036107659339904785
-0.27490630745887756,-0.40033045411109924,-0.02474808692932129
-0.2790159285068512,-0.4090859591960907,-0.005049169063568115
-0.29502198100090027,-0.41121605038642883,0.025180339813232422
-0.3206482231616974,-0.40397146344184875,0.06271827220916748
-0.34846070408821106,-0.38756898045539856,0.10597199201583862
-0.3696436285972595,-0.36869022250175476,0.14079904556274414
-0.3873836398124695,-0.3517637848854065,0.15046226978302002
-0.40100330114364624,-0.32771065831184387,0.15486693382263184
-0.4324962794780731,-0.2930244505405426,0.15755963325500488
-0.47198769450187683,-0.24570035934448242,0.1547107696533203
-0.51896071434021,-0.20138251781463623,0.16467028856277466
-0.5746381282806396,-0.16424918174743652,0.1937052607536316
-0.6173310875892639,-0.11859840154647827,0.24743419885635376
-0.6390498280525208,-0.06859242916107178,0.3043198585510254
-0.659988522529602,-0.014574587345123291,0.36121249198913574
-0.6613040566444397,0.03810763359069824,0.41915184259414673
-0.6221184134483337,0.06536251306533813,0.47414398193359375
-0.5356064438819885,0.0646105706691742,0.5223939418792725
-0.37258487939834595,0.04184827208518982,0.5329433679580688
-0.1508791446685791,3.0159950256347656e-05,0.47216975688934326
0.04100167751312256,-0.03363990783691406,0.32205426692962646
0.13172996044158936,-0.04365190863609314,0.12423539161682129
0.10368150472640991,-0.06810760498046875,-0.04597437381744385
0.03136730194091797,-0.10185930132865906,-0.13579881191253662
-0.006421148777008057,-0.13264942169189453,-0.1601772904396057
-0.011330068111419678,-0.14333751797676086,-0.16386353969573975
-0.0395694375038147,-0.1271643042564392,-0.15221458673477173
-0.11443436145782471,-0.09530991315841675,-0.11822086572647095
-0.21429508924484253,-0.04535582661628723,-0.05811414122581482
-0.3120118975639343,0.01805010437965393,0.018065154552459717
-0.4185250997543335,0.08632582426071167,0.10437893867492676
-0.5253876447677612,0.15077513456344604,0.18301278352737427
-0.6371294856071472,0.21056458353996277,0.237031489610672
-0.7502038478851318,0.2574674189090729,0.2743260860443115
-0.8492349982261658,0.29076263308525085,0.29323095083236694
-0.9196125268936157,0.32284894585609436,0.2930029034614563
-0.957747220993042,0.36367207765579224,0.26432204246520996
-0.9551454782485962,0.4111352562904358,0.2114732265472412
-0.9303687214851379,0.4501487612724304,0.15316152572631836
-0.8914735913276672,0.4875727593898773,0.09433203935623169
-0.843885600566864,0.5295454263687134,0.040096938610076904
-0.7935858964920044,0.5778092741966248,-0.001734316349029541
-0.7336503267288208,0.6261277198791504,-0.025722384452819824
-0.6468275189399719,0.6744769811630249,-0.0351870059967041
-0.5068314671516418,0.7521929144859314,-0.04839729890227318
-0.4339510202407837,0.7976592779159546,-0.005382893607020378
-0.31846582889556885,0.8427624702453613,0.039348188787698746
-0.12161046266555786,0.9162710905075073,0.06709414720535278
0.07997572422027588,0.9840543270111084,0.10937380790710449
0.23141974210739136,1.0182311534881592,0.1699584722518921
0.3474387526512146,1.0358763933181763,0.2478121519088745
0.5325862169265747,1.0793564319610596,0.3254431486129761
0.8138424158096313,1.1446666717529297,0.3986150026321411
1.1821560859680176,1.1807472705841064,0.4897531270980835
1.6181854009628296,1.1379389762878418,0.6261307001113892
1.9513635635375977,0.9555885195732117,0.8103305101394653
1.9807279109954834,0.5979712605476379,0.9392653703689575
1.7600171566009521,0.23292547464370728,0.9014487266540527
1.5566109418869019,0.0014386773109436035,0.6733341813087463
1.47926664352417,-0.11461162567138672,0.3100917339324951
1.474397897720337,-0.1549699306488037,-0.0028296709060668945
1.4619848728179932,-0.17010480165481567,-0.1662362813949585
1.4447708129882812,-0.19375157356262207,-0.1482323408126831
1.4070924520492554,-0.2279902696609497,0.026947323232889175
1.351637840270996,-0.2543005347251892,0.21803385019302368
1.253937005996704,-0.2844431400299072,0.31806379556655884
1.096881628036499,-0.31989431381225586,0.3364979028701782
0.8994972705841064,-0.37283313274383545,0.3026772737503052
0.7029808163642883,-0.44473111629486084,0.2324657440185547
0.5342779755592346,-0.5173299908638,0.13856542110443115
0.4090219736099243,-0.5875610113143921,0.02460993081331253
0.3476131558418274,-0.641408383846283,-0.09205710142850876
0.3392314314842224,-0.6703161597251892,-0.18323612213134766
0.35153961181640625,-0.6768046021461487,-0.23173975944519043
0.3590906858444214,-0.6713345050811768,-0.23032498359680176
0.3498018980026245,-0.663784384727478,-0.20600903034210205
0.31334543228149414,-0.6541783809661865,-0.18313062191009521
0.25887179374694824,-0.6462270617485046,-0.16909754276275635
0.19150865077972412,-0.6374565362930298,-0.16870486736297607
0.11977732181549072,-0.6298097372055054,-0.18218016624450684
0.035640180110931396,-0.637091875076294,-0.20220094919204712
-0.04288828372955322,-0.6464329957962036,-0.22664868831634521
-0.09326571226119995,-0.6497068405151367,-0.24074631929397583
-0.10525977611541748,-0.647559404373169,-0.23941153287887573
-0.08042466640472412,-0.6398862600326538,-0.22316604852676392
-0.01300734281539917,-0.6248701214790344,-0.18941324949264526
0.06394338607788086,-0.609370768070221,-0.14461982250213623
0.10897839069366455,-0.5862996578216553,-0.09674905985593796
0.11860370635986328,-0.5630432367324829,-0.04840707778930664
0.10834670066833496,-0.5388733744621277,-0.001002490520477295
0.08868837356567383,-0.514301061630249,0.0378299206495285
0.07349967956542969,-0.49348902702331543,0.07161873579025269
0.0836251974105835,-0.4754100441932678,0.11537966132164001
0.11822986602783203,-0.4604874849319458,0.16911962628364563
0.17834800481796265,-0.44569575786590576,0.2189933955669403
0.23573380708694458,-0.4278523921966553,0.2733720541000366
0.2715446352958679,-0.41929590702056885,0.3420770466327667
0.30041301250457764,-0.4162304997444153,0.422193706035614
0.32019543647766113,-0.41370290517807007,0.49739959836006165
0.31745147705078125,-0.41921883821487427,0.5612772703170776
0.29683226346969604,-0.4277808666229248,0.6218425035476685
0.27899008989334106,-0.43033432960510254,0.6764670610427856
0.27628010511398315,-0.43506646156311035,0.7410282492637634
0.27724093198776245,-0.44357040524482727,0.8036895990371704
0.28017348051071167,-0.4449003040790558,0.8645738363265991
0.2922915816307068,-0.44035840034484863,0.9318027496337891
0.31640833616256714,-0.4305683970451355,0.9921126961708069
0.3515455722808838,-0.3980747163295746,1.0574097633361816
0.4030469059944153,-0.35671278834342957,1.1221001148223877
0.47410494089126587,-0.31536656618118286,1.172206163406372
0.5674006342887878,-0.27739259600639343,1.2177181243896484
0.687545120716095,-0.2711331248283386,1.2502341270446777
0.8090774416923523,-0.28749677538871765,1.2568342685699463
0.8898710012435913,-0.3227042853832245,1.2492743730545044
0.8942767977714539,-0.36266660690307617,1.1867554187774658
0.8504729866981506,-0.39482995867729187,1.0814694166183472
0.7733973860740662,-0.42342841625213623,0.9569926261901855
0.6902928948402405,-0.43576475977897644,0.857246458530426
0.6277472376823425,-0.429124653339386,0.7896818518638611
0.6212239861488342,-0.4113708436489105,0.7630025744438171
0.6548254489898682,-0.3706972301006317,0.7645176649093628
0.6948601603507996,-0.3349267840385437,0.7543478012084961
0.7167715430259705,-0.3151302933692932,0.7351844310760498
0.7265990376472473,-0.29888850450515747,0.7301591038703918
0.720329761505127,-0.28585347533226013,0.7204253673553467
0.6963749527931213,-0.26840874552726746,0.6877148151397705
0.6570188999176025,-0.23496747016906738,0.6396484375
0.6046043634414673,-0.19238778948783875,0.5796518921852112
0.5352300405502319,-0.1660604178905487,0.5102444291114807
0.516825795173645,-0.061940521001815796,0.44024187326431274
0.46073293685913086,-0.05742737650871277,0.39910876750946045
0.3954586386680603,-0.10506802797317505,0.37466323375701904
0.3628479838371277,-0.04038369655609131,0.34178006649017334
0.3309897184371948,0.024375557899475098,0.2904394865036011
0.27210289239883423,0.0564766526222229,0.2423955202102661
0.22182202339172363,0.08424308896064758,0.2049754410982132
0.19181257486343384,0.12765374779701233,0.18290555477142334
0.1655755639076233,0.16962561011314392,0.16605854034423828
0.09630095958709717,0.15497487783432007,0.13951706886291504
0.020393967628479004,0.15091605484485626,0.11245894432067871
-0.04730081558227539,0.176460400223732,0.0806458592414856
-0.09283673763275146,0.20749762654304504,0.0539320707321167
-0.13997435569763184,0.2191668450832367,0.03612077236175537
-0.20989316701889038,0.2189750373363495,0.012842889875173569
-0.2761702537536621,0.21604177355766296,-0.017607808113098145
-0.3264045715332031,0.20991022884845734,-0.04363143444061279
-0.35977596044540405,0.20512577891349792,-0.05483651161193848
-0.37464725971221924,0.20512749254703522,-0.04452001303434372
-0.38951724767684937,0.20036625862121582,-0.03939007967710495
-0.4134524464607239,0.19844263792037964,-0.046995632350444794
-0.4478548765182495,0.2023165225982666,-0.050598129630088806
-0.4831938147544861,0.19923634827136993,-0.052681922912597656
-0.5263603925704956,0.19650039076805115,-0.04823029041290283
-0.546339213848114,0.19656410813331604,-0.03440427780151367
-0.5023199319839478,0.2009706199169159,-0.011668786406517029
-0.41145020723342896,0.21816888451576233,0.03073202818632126
-0.32842570543289185,0.2272178679704666,0.08405447751283646
-0.2783920168876648,0.22299587726593018,0.10657476633787155
-0.26836758852005005,0.22000426054000854,0.09803127497434616
-0.29968756437301636,0.2111034393310547,0.06824743002653122
-0.3423164486885071,0.2081119865179062,0.030902020633220673
-0.3682960271835327,0.22099876403808594,0.0010364130139350891
-0.35475683212280273,0.24955125153064728,-0.00962066650390625
-0.3003150224685669,0.3103446364402771,-0.004049420356750488
-0.1509518027305603,0.45043399930000305,0.05625319108366966
-0.15619158744812012,0.4277856945991516,0.06744754314422607
-0.17513543367385864,0.46136248111724854,-0.0010722801089286804
-0.11305457353591919,0.590619683265686,-0.06350302696228027
-0.09313797950744629,0.6548521518707275,-0.10371006280183792
-0.1297261118888855,0.6353084444999695,-0.10974133014678955
-0.17917436361312866,0.61149662733078,-0.08732449263334274
-0.18176907300949097,0.646840512752533,-0.008476734161376953
-0.14259731769561768,0.6664136648178101,0.07512426376342773
-0.08114206790924072,0.6510686874389648,0.12681066989898682
-0.01584792137145996,0.6217721700668335,0.1671830266714096
0.056665897369384766,0.5908870697021484,0.20553886890411377
0.09108865261077881,0.5679659247398376,0.23614013195037842
0.10586953163146973,0.5393858551979065,0.2548412084579468
0.12304675579071045,0.49047327041625977,0.2700183391571045
0.11361449956893921,0.42923426628112793,0.27770793437957764
0.1028706431388855,0.37467074394226074,0.30144453048706055
0.09586971998214722,0.3159281015396118,0.3468010425567627
0.09244877099990845,0.243735671043396,0.3987085819244385
0.11006677150726318,0.17237910628318787,0.4473487138748169
0.15063351392745972,0.10302230715751648,0.48536086082458496
0.18736642599105835,0.03235873579978943,0.4927363395690918
0.19993579387664795,-0.03253144025802612,0.45762574672698975
0.18101978302001953,-0.08913469314575195,0.3951495885848999
0.142791748046875,-0.13629946112632751,0.31303393840789795
0.09888941049575806,-0.1757282018661499,0.22076773643493652
0.0602145791053772,-0.21099478006362915,0.13660788536071777
0.033642351627349854,-0.2350565493106842,0.07078933715820312
0.03247833251953125,-0.24356460571289062,0.03482472896575928
0.041397273540496826,-0.2555311918258667,0.017708659172058105
0.040379881858825684,-0.27887266874313354,-0.003744483459740877
0.03826892375946045,-0.2943494915962219,-0.02461952157318592
0.05535233020782471,-0.28817957639694214,-0.03704953193664551
0.08724617958068848,-0.27611875534057617,-0.032867733389139175
0.1342262625694275,-0.2835148572921753,-0.016252703964710236
0.1884835958480835,-0.2981572151184082,0.009427964687347412
0.23785966634750366,-0.30187690258026123,0.040579020977020264
0.29145288467407227,-0.29144251346588135,0.08173726499080658
0.3436248302459717,-0.2848776578903198,0.13368703424930573
0.4050896167755127,-0.2857453227043152,0.19291336834430695
0.48080140352249146,-0.289034903049469,0.25446826219558716
0.5390284061431885,-0.2961643934249878,0.3129886984825134
0.5764765739440918,-0.31066954135894775,0.3575636148452759
0.6041414737701416,-0.33115726709365845,0.3999288082122803
0.6246230006217957,-0.3553121089935303,0.4479871988296509
0.6432995796203613,-0.3832225799560547,0.5037813782691956
0.6765100359916687,-0.4093932509422302,0.5638464689254761
0.7054277658462524,-0.43624264001846313,0.6215021014213562
0.7073485851287842,-0.46441715955734253,0.6771746873855591
0.694861114025116,-0.49208033084869385,0.724713146686554
0.6906262636184692,-0.505081832408905,0.7622860670089722
0.7160985469818115,-0.5012208223342896,0.8009250164031982
0.7581175565719604,-0.48314374685287476,0.8452240228652954
0.8038062453269958,-0.45036566257476807,0.9014713168144226
0.8724454045295715,-0.40355241298675537,0.9574328064918518
0.940861701965332,-0.353161096572876,1.0137754678726196
1.0014523267745972,-0.30382949113845825,1.0732812881469727
1.0504119396209717,-0.2719540596008301,1.1372921466827393
1.0682356357574463,-0.27856290340423584,1.196743130683899
1.0394248962402344,-0.31256693601608276,1.23250412940979
0.9791015982627869,-0.34714144468307495,1.226483702659607
0.9086080193519592,-0.35186678171157837,1.1808220148086548
0.8481579422950745,-0.32598382234573364,1.1288020610809326
0.8093540668487549,-0.30207496881484985,1.1008447408676147
0.7862774133682251,-0.2992026209831238,1.079695224761963
0.7704722285270691,-0.2857154607772827,1.0354485511779785
0.758476972579956,-0.24206209182739258,0.9810351133346558
0.757618248462677,-0.1794954538345337,0.9350706338882446
0.764591634273529,-0.12552881240844727,0.9088505506515503
0.7701912522315979,-0.07964801788330078,0.894959032535553
0.7715707421302795,-0.03723561763763428,0.8879907131195068
0.7666120529174805,-0.004281342029571533,0.8866512179374695
0.7398552298545837,0.014066874980926514,0.8785845637321472
0.6913589239120483,0.02505737543106079,0.8572010397911072
0.6359583139419556,0.04594913125038147,0.825796365737915
0.5878193974494934,0.08111923933029175,0.7894383668899536
0.5456542372703552,0.11658641695976257,0.7589961290359497
0.5015879273414612,0.1477111279964447,0.7264909744262695
0.45588719844818115,0.1741640865802765,0.6862009763717651
0.41859757900238037,0.20124679803848267,0.6415984630584717
0.37882596254348755,0.22231736779212952,0.5953629016876221
0.33536428213119507,0.2413727343082428,0.5480047464370728
0.2927250862121582,0.26622021198272705,0.5057934522628784
0.24850869178771973,0.2914544641971588,0.46462249755859375
0.20409512519836426,0.318833589553833,0.42633116245269775
0.16485393047332764,0.35060033202171326,0.3931528627872467
0.13087576627731323,0.3874296545982361,0.364536315202713
0.09599578380584717,0.429659903049469,0.3401296138763428
0.05719482898712158,0.4631243050098419,0.31436216831207275
0.013954639434814453,0.48872387409210205,0.28642600774765015
-0.029629290103912354,0.5146110653877258,0.26113760471343994
-0.07824879884719849,0.5333006978034973,0.23127515614032745
-0.13258248567581177,0.5412687659263611,0.20060037076473236
-0.1896495223045349,0.5416889190673828,0.16950224339962006
-0.2476191520690918,0.5368354320526123,0.14064359664916992
-0.30518674850463867,0.5234686732292175,0.11261385679244995
-0.3569263219833374,0.5052378177642822,0.08599682152271271
-0.40177249908447266,0.48507386445999146,0.06105321645736694
-0.43187010288238525,0.46781298518180847,0.03507518768310547
-0.44472646713256836,0.4457578659057617,0.009172305464744568
-0.45234447717666626,0.4170610308647156,-0.011307291686534882
-0.4665902853012085,0.38311338424682617,-0.028199434280395508
-0.4796077013015747,0.35773515701293945,-0.04420601576566696
-0.4873654246330261,0.343009352684021,-0.0552598237991333
-0.4935024380683899,0.33406490087509155,-0.06299281120300293
-0.4863041043281555,0.3366019129753113,-0.0688965916633606
-0.46450865268707275,0.35239216685295105,-0.06942148506641388
-0.43603241443634033,0.3732088804244995,-0.06862544268369675
-0.38655489683151245,0.40225866436958313,-0.0799899697303772
-0.32913684844970703,0.45434659719467163,-0.1152617484331131
-0.2843751907348633,0.5197070240974426,-0.17880773544311523
-0.2763151526451111,0.5816757678985596,-0.25405240058898926
-0.3350803852081299,0.6098260879516602,-0.31520378589630127
-0.4216846227645874,0.6175041794776917,-0.34494805335998535
-0.4696011543273926,0.6459183692932129,-0.3239794969558716
-0.4640517234802246,0.6953490972518921,-0.25955748558044434
-0.42832493782043457,0.7637502551078796,-0.18777340650558472
-0.38599371910095215,0.8397276997566223,-0.13574522733688354
-0.33854663372039795,0.9262281060218811,-0.09608786553144455
-0.27914100885391235,1.0148040056228638,-0.05967360734939575
-0.22856354713439941,1.0783371925354004,-0.0033046044409275055
-0.19095581769943237,1.095439076423645,0.08633804321289062
-0.14379090070724487,1.0628197193145752,0.21020710468292236
-0.09046846628189087,0.991034984588623,0.3683888912200928
-0.030482232570648193,0.8871474266052246,0.5477501153945923
0.030289947986602783,0.748595118522644,0.7204797863960266
0.08638787269592285,0.5994804501533508,0.8560459613800049
0.14862024784088135,0.459422767162323,0.9304405450820923
0.21348941326141357,0.33737045526504517,0.9391285181045532
0.28729248046875,0.2463923990726471,0.8801654577255249
0.360085666179657,0.1823621690273285,0.7635873556137085
0.4239378571510315,0.1306038498878479,0.6131214499473572
0.47544318437576294,0.08535248041152954,0.4728483557701111
0.48691028356552124,0.04585671424865723,0.33954352140426636
0.4801579713821411,-0.003995776176452637,0.21378104388713837
0.4598269462585449,-0.06054490804672241,0.10263173282146454
0.4253219962120056,-0.1167595386505127,0.0023959726095199585
0.401908814907074,-0.1569109559059143,-0.09084959328174591
0.40055543184280396,-0.17801886796951294,-0.16120564937591553
0.4216501712799072,-0.18471306562423706,-0.2025572806596756
0.4752810597419739,-0.18392175436019897,-0.20853789150714874
0.55030757188797,-0.17536205053329468,-0.16576901078224182
0.6240307092666626,-0.16606754064559937,-0.08590090274810791
0.6974745392799377,-0.1629791259765625,0.010856926441192627
0.7602375745773315,-0.1685437560081482,0.13057824969291687
0.8003868460655212,-0.17702603340148926,0.24476125836372375
0.809032142162323,-0.18686169385910034,0.3366355895996094
0.7827039957046509,-0.19768285751342773,0.41460469365119934
0.7321102023124695,-0.2069297432899475,0.48372092843055725
0.6710824966430664,-0.2154752016067505,0.560973048210144
0.6135304570198059,-0.22909587621688843,0.6538118124008179
0.5667153000831604,-0.24902427196502686,0.7514505982398987
0.5515936613082886,-0.27162617444992065,0.8450520634651184
0.5563716888427734,-0.3055809736251831,0.9290017485618591
0.5681562423706055,-0.3496169447898865,1.0037591457366943
0.5751869082450867,-0.39682650566101074,1.058366298675537
0.576958417892456,-0.43537771701812744,1.092445731163025
0.5667691230773926,-0.4721929430961609,1.111401915550232
0.547479510307312,-0.5064786076545715,1.1194789409637451
0.5317542552947998,-0.528609573841095,1.1197577714920044
0.5292448997497559,-0.5546241402626038,1.1148157119750977
0.5515262484550476,-0.5734545588493347,1.1015268564224243
0.5883625745773315,-0.5783224701881409,1.080736517906189
0.6276916861534119,-0.570055365562439,1.0552875995635986
0.6729913353919983,-0.5331759452819824,1.0311223268508911
0.7362669110298157,-0.4697202444076538,1.0062636137008667
0.8200833201408386,-0.388541579246521,0.9880558848381042
0.9075960516929626,-0.2921096086502075,0.9925830960273743
0.9917008876800537,-0.21920353174209595,1.0271117687225342
1.0698661804199219,-0.1882362961769104,1.0820611715316772
1.1107149124145508,-0.19594544172286987,1.1304105520248413
1.1356914043426514,-0.19648683071136475,1.1450774669647217
1.1668684482574463,-0.15781420469284058,1.1442574262619019
1.1805726289749146,-0.11567133665084839,1.1445467472076416
1.1722058057785034,-0.10597068071365356,1.1527705192565918
1.144932508468628,-0.11245942115783691,1.1443341970443726
1.1169712543487549,-0.09813213348388672,1.1145817041397095
1.0863171815872192,-0.05324375629425049,1.0648419857025146
1.0454213619232178,-0.0013834834098815918,0.9965200424194336
1.0131503343582153,0.06278693675994873,0.9340184330940247
0.9962378740310669,0.1482875943183899,0.901648223400116
0.9801053404808044,0.247788667678833,0.8989136219024658
0.9370376467704773,0.34010595083236694,0.9294938445091248
0.8644586205482483,0.41981470584869385,0.9710768461227417
0.7883353233337402,0.5041556358337402,0.9929311275482178
0.7158828377723694,0.5918718576431274,0.9887503385543823
0.6333053112030029,0.6732339262962341,0.9546182155609131
0.5445899367332458,0.7444503307342529,0.8977198004722595
0.45493102073669434,0.7994744181632996,0.8318217992782593
0.3593786358833313,0.8354009389877319,0.7616968154907227
0.26362496614456177,0.8506189584732056,0.701828122138977
0.1717800498008728,0.8488588333129883,0.6508967280387878
0.09627878665924072,0.8364287614822388,0.5982276797294617
0.036034345626831055,0.8214032649993896,0.5380649566650391
-0.024100899696350098,0.8061103820800781,0.47154903411865234
-0.08177375793457031,0.788398027420044,0.3996203541755676
-0.130759596824646,0.7632526159286499,0.33281010389328003
-0.1693224310874939,0.7295937538146973,0.2760884761810303
-0.21049660444259644,0.6932992935180664,0.23424075543880463
-0.256733238697052,0.6604982614517212,0.2067132592201233
-0.3069491982460022,0.6208291053771973,0.195145845413208
-0.3523447513580322,0.5738681554794312,0.1879957914352417
-0.3948782682418823,0.5232821702957153,0.18189889192581177
-0.4408043622970581,0.4820285737514496,0.17551130056381226
-0.4788571000099182,0.4472925364971161,0.16729885339736938
-0.5117009878158569,0.4100196659564972,0.15777629613876343
-0.5304774641990662,0.37250638008117676,0.15505337715148926
-0.5406002998352051,0.3309234082698822,0.15569305419921875
-0.5585032105445862,0.2893577218055725,0.14898091554641724
-0.5823788642883301,0.25480279326438904,0.13520187139511108
-0.5982552766799927,0.21780604124069214,0.1192314624786377
-0.6116077899932861,0.1822415590286255,0.09948492050170898
-0.6376984715461731,0.1517001986503601,0.07056446373462677
-0.6854041218757629,0.12751677632331848,0.039271190762519836
-0.7426472902297974,0.1182996928691864,0.016833603382110596
-0.7910202145576477,0.12254783511161804,0.008402779698371887
-0.8291671276092529,0.14101362228393555,0.01609707623720169
-0.8461219072341919,0.1704232096672058,0.03640854358673096
-0.8342071771621704,0.19863295555114746,0.06703251600265503
-0.7997123003005981,0.217017263174057,0.1021498516201973
-0.7374210953712463,0.2426452934741974,0.12302673608064651
-0.664098858833313,0.29534319043159485,0.11823779344558716
-0.6145169734954834,0.34682920575141907,0.09611164778470993
-0.5939339995384216,0.38477128744125366,0.0797002986073494
-0.5702521800994873,0.4140457808971405,0.08297520875930786
-0.5027023553848267,0.4487491846084595,0.10709643363952637
-0.3789563775062561,0.49738240242004395,0.13151216506958008
-0.23851507902145386,0.5417805910110474,0.12961196899414062
-0.11370599269866943,0.5676987171173096,0.0816919207572937
-0.02241969108581543,0.5979765057563782,0.002144336700439453
0.02460622787475586,0.6480029821395874,-0.0808478519320488
0.045210301876068115,0.7154369354248047,-0.15113765001296997
0.03246200084686279,0.7835941314697266,-0.1695501208305359
0.015544414520263672,0.8304962515830994,-0.11408007889986038
0.030636489391326904,0.8503011465072632,0.012666456401348114
0.07308709621429443,0.8279029726982117,0.17299491167068481
0.12553274631500244,0.7742851972579956,0.33684730529785156
0.17739588022232056,0.6943187713623047,0.4700055718421936
0.22036784887313843,0.6086351871490479,0.5492702126502991
0.2490692138671875,0.5283443331718445,0.576099157333374
0.2853584289550781,0.4372512102127075,0.5702187418937683
0.32702702283859253,0.32569944858551025,0.5530325770378113
0.35403597354888916,0.21864020824432373,0.5041983723640442
0.38254064321517944,0.14063823223114014,0.42157506942749023
0.3955928683280945,0.06567418575286865,0.3368110656738281
0.38942813873291016,-0.0043135881423950195,0.2600119709968567
0.37128394842147827,-0.05845731496810913,0.1915777325630188
0.3698669672012329,-0.09942340850830078,0.13449057936668396
0.3883354663848877,-0.12238156795501709,0.10429275035858154
0.43135571479797363,-0.12334275245666504,0.10391782224178314
0.4780917763710022,-0.09738332033157349,0.14884734153747559
0.45165151357650757,-0.09007513523101807,0.239481121301651
0.5081043243408203,-0.058844029903411865,0.3258897066116333
0.5367295145988464,0.00017368793487548828,0.41365087032318115
0.547740638256073,0.024360477924346924,0.5000618696212769
0.5695573687553406,0.03088057041168213,0.579678475856781
0.5772759318351746,0.033883750438690186,0.6330265402793884
0.5950849056243896,0.016827762126922607,0.664787769317627
0.6257840991020203,-0.012792050838470459,0.6894307136535645
0.6563857197761536,-0.0544704794883728,0.7171181440353394
0.6947323083877563,-0.11112719774246216,0.7501686215400696
0.733633816242218,-0.1808566451072693,0.7873786687850952
0.7725669741630554,-0.2554914355278015,0.8190975189208984
0.8184147477149963,-0.326404869556427,0.8484843373298645
0.8591156005859375,-0.39682477712631226,0.8833993077278137
0.8914948105812073,-0.47646647691726685,0.9158650040626526
0.9163936972618103,-0.556384801864624,0.9198723435401917
0.9372550845146179,-0.615230143070221,0.9016119241714478
0.9678800106048584,-0.6632351875305176,0.8726208806037903
0.9993634223937988,-0.7116814255714417,0.8357912302017212
1.0419977903366089,-0.7445369958877563,0.803324818611145
1.0827579498291016,-0.7641792893409729,0.7682369947433472
1.1090680360794067,-0.7746917009353638,0.7120195031166077
1.1114310026168823,-0.7741301655769348,0.6583062410354614
1.0937459468841553,-0.7624128460884094,0.5995742678642273
1.0745015144348145,-0.7250109314918518,0.545620322227478
1.0777654647827148,-0.6592874526977539,0.5157572031021118
1.1121703386306763,-0.5748081803321838,0.5149725675582886
1.1652710437774658,-0.4788717031478882,0.5521652102470398
1.2118464708328247,-0.40575873851776123,0.6145902872085571
1.2368900775909424,-0.37297970056533813,0.6739546060562134
1.2265608310699463,-0.367999792098999,0.7073420286178589
1.204879641532898,-0.3780632019042969,0.7159340977668762
1.1863198280334473,-0.3715857267379761,0.6960738897323608
1.184130072593689,-0.33000290393829346,0.6686261892318726
1.1902294158935547,-0.28121131658554077,0.664899468421936
1.1909868717193604,-0.24966466426849365,0.6851180791854858
1.2049520015716553,-0.20449906587600708,0.6982156038284302
1.2355294227600098,-0.12862074375152588,0.6926312446594238
1.2521066665649414,-0.057507097721099854,0.6723225116729736
1.241565465927124,-0.0010192394256591797,0.6369190216064453
1.2097628116607666,0.051389873027801514,0.594545841217041
1.1716132164001465,0.10552352666854858,0.5519599914550781
1.1211657524108887,0.16402971744537354,0.5261183977127075
1.0523681640625,0.2137526273727417,0.5285683870315552
0.9684481024742126,0.25139129161834717,0.5563756227493286
0.8673922419548035,0.2859693169593811,0.5932948589324951
0.7512664794921875,0.31145715713500977,0.6344072222709656
0.628568172454834,0.3513036370277405,0.6694878935813904
0.5035009384155273,0.39748668670654297,0.6867707371711731
0.3732144832611084,0.4222656488418579,0.6884699463844299
0.24020934104919434,0.4379044771194458,0.6728614568710327
0.10849964618682861,0.44513434171676636,0.6322643160820007
-0.0016111135482788086,0.4387378692626953,0.5794407725334167
-0.08718013763427734,0.4245677590370178,0.5268223881721497
-0.15969061851501465,0.4003416895866394,0.4772431254386902
-0.2130497694015503,0.3671991229057312,0.42865198850631714
-0.25413286685943604,0.3391109108924866,0.38165515661239624
-0.2822721600532532,0.31880974769592285,0.33964914083480835
-0.30317407846450806,0.303821861743927,0.3016654849052429
-0.32257169485092163,0.2967004179954529,0.27212876081466675
-0.3499426245689392,0.2910052537918091,0.25184208154678345
-0.38612616062164307,0.2840491533279419,0.23982679843902588
-0.4245827794075012,0.28238463401794434,0.21909189224243164
-0.47084081172943115,0.27712443470954895,0.1991989016532898
-0.5172335505485535,0.2626292109489441,0.18056714534759521
-0.5601321458816528,0.2359565794467926,0.16356122493743896
-0.5908176898956299,0.21265318989753723,0.14480018615722656
-0.6193457841873169,0.19084849953651428,0.12669998407363892
-0.634353518486023,0.18434327840805054,0.10748863220214844
-0.6351054906845093,0.17837822437286377,0.09464108943939209
-0.6330669522285461,0.16316330432891846,0.08929145336151123
-0.624980092048645,0.14873367547988892,0.07818084955215454
-0.6168859601020813,0.14386609196662903,0.06329089403152466
-0.6109271049499512,0.14959195256233215,0.061538223177194595
-0.6047519445419312,0.15401563048362732,0.07403767108917236
-0.5996813178062439,0.15972352027893066,0.09287667274475098
-0.5926979780197144,0.18674001097679138,0.10560113191604614
-0.5828601121902466,0.2304065227508545,0.1330658197402954
-0.5575674772262573,0.26688987016677856,0.1757165789604187
-0.4921841621398926,0.2956555485725403,0.21481013298034668
-0.3937075138092041,0.3243977129459381,0.24374252557754517
-0.2802279591560364,0.3587522506713867,0.2549898624420166
-0.15800362825393677,0.4144883155822754,0.24379557371139526
-0.0700482726097107,0.4631180167198181,0.23286151885986328
-0.056259751319885254,0.45819276571273804,0.24739640951156616
-0.07172781229019165,0.4133419990539551,0.2848702073097229
-0.01416170597076416,0.39848747849464417,0.3198843002319336
0.10931313037872314,0.41185712814331055,0.35568368434906006
0.24642741680145264,0.42911237478256226,0.3528916835784912
0.3765314221382141,0.45460838079452515,0.3105893135070801
0.4687265157699585,0.48238909244537354,0.23905164003372192
0.5035793781280518,0.5150130391120911,0.16226261854171753
0.4646682143211365,0.5406371355056763,0.10067635774612427
0.36964553594589233,0.5310908555984497,0.08392024040222168
0.23605328798294067,0.48232579231262207,0.10609430074691772
0.1139867901802063,0.4128721356391907,0.1485385298728943
0.024966299533843994,0.32586216926574707,0.18935465812683105
-0.016543328762054443,0.24020904302597046,0.2159045934677124
-0.01949554681777954,0.16328221559524536,0.2275676727294922
-0.01665318012237549,0.08415168523788452,0.21761906147003174
-0.007617294788360596,0.012603282928466797,0.18374526500701904
0.0035713911056518555,-0.033589839935302734,0.1336888074874878
0.006933867931365967,-0.05458647012710571,0.09112811088562012
-0.01761418581008911,-0.06325095891952515,0.06830859184265137
-0.04994887113571167,-0.07928085327148438,0.04887892305850983
-0.08556234836578369,-0.09180980920791626,0.028875231742858887
-0.12613630294799805,-0.1093757152557373,0.006354808807373047
-0.16795343160629272,-0.12881749868392944,-0.02081417292356491
-0.176003098487854,-0.1742161512374878,-0.001239292323589325
-0.1770634651184082,-0.16523033380508423,-0.027837403118610382
-0.15309900045394897,-0.18077188730239868,-0.0254209004342556
-0.13403207063674927,-0.1990836262702942,-0.002930406481027603
-0.11264050006866455,-0.1912861466407776,0.011114601045846939
-0.09648776054382324,-0.17751562595367432,0.03399491310119629
-0.08008742332458496,-0.17143505811691284,0.057358622550964355
-0.05065375566482544,-0.1646740436553955,0.07341635227203369
-0.0183066725730896,-0.1501029133796692,0.08593899011611938
0.03827500343322754,-0.13922452926635742,0.11441892385482788
0.08937996625900269,-0.13913607597351074,0.14103233814239502
0.13734304904937744,-0.13303232192993164,0.16399341821670532
0.20352476835250854,-0.12281304597854614,0.19082975387573242
0.2859693765640259,-0.12959951162338257,0.23706822097301483
0.3773811459541321,-0.14411044120788574,0.29897409677505493
0.46261513233184814,-0.16771972179412842,0.35842394828796387
0.5402292609214783,-0.19786065816879272,0.42190587520599365
0.6033262014389038,-0.24403369426727295,0.48656928539276123
0.6639626622200012,-0.29816919565200806,0.5304704308509827
0.7003668546676636,-0.36062705516815186,0.5662599802017212
0.7129979729652405,-0.442438006401062,0.5892630219459534
0.7182466983795166,-0.5256003737449646,0.5975825786590576
0.7211756706237793,-0.59279465675354,0.6014803647994995
0.7298179268836975,-0.6551987528800964,0.601888120174408
0.7416723370552063,-0.7162047624588013,0.6109375953674316
0.7482595443725586,-0.7616775631904602,0.6288068294525146
0.7658695578575134,-0.7891395688056946,0.6474305987358093
0.7944033741950989,-0.8005782961845398,0.6645185351371765
0.823804497718811,-0.7909548878669739,0.6862065196037292
0.8566589951515198,-0.7665330767631531,0.7090861797332764
0.9148337841033936,-0.7369853854179382,0.7359837293624878
0.9842862486839294,-0.7073768973350525,0.7612799406051636
1.0460563898086548,-0.6717719435691833,0.7699826955795288
1.0953214168548584,-0.6376004815101624,0.7697908878326416
1.105847716331482,-0.6314153671264648,0.7676953077316284
1.082331895828247,-0.6580623388290405,0.7547622919082642
1.04264497756958,-0.6812687516212463,0.7082068920135498
0.9953281283378601,-0.6721042394638062,0.6384148597717285
0.949309229850769,-0.6451668739318848,0.5824481844902039
0.9113404154777527,-0.6051900386810303,0.5521389842033386
0.8854115009307861,-0.5686060190200806,0.5526500940322876
0.8873725533485413,-0.5369942784309387,0.5663842558860779
0.9128603339195251,-0.49423128366470337,0.5742913484573364
0.9325734972953796,-0.45259368419647217,0.5714138746261597
0.9508317708969116,-0.40729278326034546,0.5611950159072876
0.9600975513458252,-0.3632998466491699,0.5532028675079346
0.9553154706954956,-0.3312205672264099,0.547469973564148
0.9474349021911621,-0.30305230617523193,0.5442136526107788
0.9268792867660522,-0.2743855118751526,0.5467596650123596
0.8987769484519958,-0.2407010793685913,0.5480614304542542
0.8735461235046387,-0.19473952054977417,0.5443249940872192
0.8557087182998657,-0.13533806800842285,0.5388948917388916
0.8428384065628052,-0.07409226894378662,0.5374310612678528
0.821763813495636,-0.016295254230499268,0.5337645411491394
0.7818852663040161,0.034698545932769775,0.514154314994812
0.7268446087837219,0.08355730772018433,0.4765658378601074
0.6682834625244141,0.12910568714141846,0.4374057650566101
0.595221996307373,0.16642624139785767,0.40253376960754395
0.5016601085662842,0.1985575556755066,0.3611380457878113
0.39861756563186646,0.2306065857410431,0.3168162703514099
0.2915283441543579,0.26369646191596985,0.27878278493881226
0.18892717361450195,0.29640960693359375,0.24261724948883057
0.09265279769897461,0.3219916522502899,0.21307867765426636
0.0007115602493286133,0.33974841237068176,0.18821239471435547
-0.08509045839309692,0.35882633924484253,0.16065526008605957
-0.16802597045898438,0.37844976782798767,0.13516676425933838
-0.2431875467300415,0.3957894444465637,0.11052089929580688
-0.31341981887817383,0.40130099654197693,0.0872802734375
-0.38028353452682495,0.3990129232406616,0.06255686283111572
-0.4371817111968994,0.3967611789703369,0.0359271764755249
-0.4878898859024048,0.3966178894042969,0.011394498869776726
-0.537428617477417,0.3876572251319885,-0.01056063361465931
-0.5811686515808105,0.3692777752876282,-0.02937460131943226
-0.6137522459030151,0.34674596786499023,-0.04042017459869385
-0.634111762046814,0.32391488552093506,-0.04612743854522705
-0.6412649154663086,0.29924625158309937,-0.04564821720123291
-0.6373178362846375,0.2795688509941101,-0.03882366418838501
-0.6345348358154297,0.26471805572509766,-0.027886927127838135
-0.6260078549385071,0.2539568841457367,-0.015992701053619385
-0.6088257431983948,0.2512841820716858,0.0018970966339111328
-0.5894780158996582,0.25601744651794434,0.021377626806497574
-0.5687779188156128,0.2653006911277771,0.03853518143296242
-0.5489791035652161,0.26850998401641846,0.059134963899850845
-0.5300262570381165,0.26730725169181824,0.07692992687225342
-0.5108180642127991,0.2714645564556122,0.09364193677902222
-0.49050313234329224,0.2785451412200928,0.10507678985595703
-0.47059595584869385,0.2919508218765259,0.11324799805879593
-0.4466310143470764,0.3138229250907898,0.12532742321491241
-0.4164196848869324,0.34462863206863403,0.1436423659324646
-0.3824414014816284,0.38066285848617554,0.15727949142456055
-0.33741825819015503,0.4072173833847046,0.17068976163864136
-0.270018994808197,0.4415813386440277,0.17632347345352173
-0.19513028860092163,0.49024271965026855,0.1727474331855774
-0.13157886266708374,0.5376094579696655,0.15121948719024658
-0.07038742303848267,0.5692630410194397,0.12697863578796387
-0.006208598613739014,0.5709841847419739,0.10793930292129517
0.04133892059326172,0.5605049729347229,0.10796487331390381
0.08567315340042114,0.5700265169143677,0.11464190483093262
0.12113779783248901,0.5845761895179749,0.13165080547332764
0.16393357515335083,0.600798487663269,0.1524181365966797
0.222334086894989,0.5980029106140137,0.1600404977798462
0.26829004287719727,0.5180811882019043,0.17113208770751953
0.3239973783493042,0.407110333442688,0.1530364751815796
0.4036431908607483,0.2939382493495941,0.09678030759096146
0.4776701331138611,0.16830027103424072,0.05090426653623581
0.5059525370597839,0.03156265616416931,0.038006529211997986
0.511393129825592,-0.08250653743743896,0.03806793689727783
0.5553027987480164,-0.17044290900230408,0.051328569650650024
0.6617580056190491,-0.24527940154075623,0.09421254694461823
0.7993553280830383,-0.3012220859527588,0.16508616507053375
0.9201096892356873,-0.3477347791194916,0.2455904334783554
1.018362045288086,-0.3929738700389862,0.3245047330856323
1.1209936141967773,-0.4297524690628052,0.38873040676116943
1.2038631439208984,-0.4659540355205536,0.4384061098098755
1.2367503643035889,-0.49500492215156555,0.4720275402069092
1.2138099670410156,-0.4848284125328064,0.537358283996582
1.1680288314819336,-0.48649874329566956,0.6937884092330933
1.1848664283752441,-0.4838549792766571,0.8958770036697388
1.2872424125671387,-0.4370802044868469,1.134976863861084
1.477940320968628,-0.38537734746932983,1.4252687692642212
1.6888986825942993,-0.2634669840335846,1.712568759918213
1.6650691032409668,-0.06806589663028717,1.9487121105194092
1.5290831327438354,0.15326181054115295,2.0743350982666016
1.2845187187194824,0.3630549907684326,2.1678099632263184
0.9346742033958435,0.5277826189994812,2.252697706222534
0.5635565519332886,0.7034132480621338,2.2631099224090576
0.29036039113998413,0.8562829494476318,2.1966230869293213
0.09356027841567993,0.9794673919677734,2.0352931022644043
-0.019172608852386475,1.0828049182891846,1.8059266805648804
-0.029623031616210938,1.153719425201416,1.5651568174362183
0.017345130443572998,1.2055224180221558,1.3201318979263306
0.02059042453765869,1.2583870887756348,1.101841926574707
-0.04908710718154907,1.2990771532058716,0.914380669593811
-0.11400634050369263,1.3327960968017578,0.7840168476104736
-0.1744864583015442,1.3352739810943604,0.7199233174324036
-0.2899523973464966,1.28812837600708,0.6964565515518188
-0.440654993057251,1.2625960111618042,0.6866702437400818
-0.5937815308570862,1.2503430843353271,0.7196968793869019
-0.7194142937660217,1.218719720840454,0.7874181866645813
-0.7815054655075073,1.2087860107421875,0.8245108127593994
-0.8130962252616882,1.2378802299499512,0.826579213142395
-0.8307335376739502,1.2528140544891357,0.821138322353363
-0.8363875150680542,1.2712724208831787,0.8262202739715576
-0.8340781331062317,1.2952158451080322,0.8413915634155273
-0.8434006571769714,1.3012824058532715,0.8601662516593933
-0.873105525970459,1.3113222122192383,0.896935224533081
-0.9174610376358032,1.3369145393371582,0.9488919973373413
-1.0216189622879028,1.3092224597930908,1.0022695064544678
-1.173292636871338,1.2994346618652344,1.0340245962142944
-1.266172170639038,1.3280727863311768,1.039832353591919
-1.2416725158691406,1.3302314281463623,1.0540618896484375
-1.1381621360778809,1.3179035186767578,1.1010339260101318
-0.9720144271850586,1.3006356954574585,1.1905632019042969
-0.7470023036003113,1.2615041732788086,1.2907662391662598
-0.48199331760406494,1.1856040954589844,1.4063539505004883
-0.23964613676071167,1.1151376962661743,1.5150362253189087
-0.04212290048599243,1.0637199878692627,1.5986731052398682
0.038855791091918945,1.0303955078125,1.6374001502990723
0.01288384199142456,1.0790191888809204,1.6286293268203735
0.0026092529296875,1.195892095565796,1.5989686250686646
0.11888408660888672,1.4170193672180176,1.5947831869125366
0.24281072616577148,1.6833767890930176,1.6174944639205933
0.4900248646736145,1.9582103490829468,1.6466865539550781
1.0213637351989746,2.346278667449951,1.7704064846038818
1.6015207767486572,2.5850346088409424,1.9342018365859985
2.055560827255249,2.524446725845337,2.0709569454193115
2.2982163429260254,2.3000411987304688,2.021306037902832
2.386091709136963,2.0507380962371826,1.671016812324524
2.4836313724517822,1.7687218189239502,1.2406549453735352
2.6502199172973633,1.5354708433151245,0.8945776224136353
2.863285541534424,1.5012210607528687,0.5647743344306946
3.0033113956451416,1.5874592065811157,0.1814807653427124
2.978794574737549,1.684301495552063,-0.11864250898361206
2.901242256164551,1.7372920513153076,-0.21617060899734497
2.7874152660369873,1.8173785209655762,-0.23792701959609985
2.571011781692505,1.9678733348846436,-0.2878686189651489
2.277167320251465,2.1292552947998047,-0.34639787673950195
1.9642473459243774,2.2732772827148438,-0.4148932695388794
1.6588536500930786,2.388329029083252,-0.4699275493621826
1.3648285865783691,2.4393370151519775,-0.5376474857330322
1.0931065082550049,2.4253876209259033,-0.6143627166748047
0.8764444589614868,2.373175621032715,-0.6773203611373901
0.7261998057365417,2.26973032951355,-0.746211051940918
0.6330428123474121,2.1313414573669434,-0.8219248056411743
0.5664355754852295,1.9729511737823486,-0.9128105640411377
0.5339736938476562,1.8074073791503906,-1.0151257514953613
0.5180889964103699,1.6646580696105957,-1.106430172920227
0.5109285116195679,1.5796794891357422,-1.1795315742492676
0.49370136857032776,1.5353062152862549,-1.242308259010315
0.4511761963367462,1.5003806352615356,-1.2939403057098389
0.4231565296649933,1.4530999660491943,-1.3172786235809326
0.41903650760650635,1.4149256944656372,-1.3182806968688965
0.4411846995353699,1.3884305953979492,-1.301308035850525
0.4535069465637207,1.3735781908035278,-1.2978507280349731
0.48111438751220703,1.368920087814331,-1.3120787143707275
0.5261497497558594,1.3800538778305054,-1.3422765731811523
0.5642337203025818,1.402698040008545,-1.398630976676941
0.5884848237037659,1.4307398796081543,-1.4666314125061035
0.6209847927093506,1.4645086526870728,-1.5160889625549316
0.661288857460022,1.5014091730117798,-1.5466246604919434
0.6634117364883423,1.5367772579193115,-1.5572264194488525
0.6615282297134399,1.5792843103408813,-1.526814341545105
0.6639955639839172,1.597442626953125,-1.463312029838562
0.6699888110160828,1.5839364528656006,-1.3822309970855713
0.6965810060501099,1.5710220336914062,-1.2941046953201294
0.7333508729934692,1.5725502967834473,-1.207792043685913
0.7528679370880127,1.5693228244781494,-1.1107487678527832
0.7844177484512329,1.572367548942566,-1.0180814266204834
0.785781741142273,1.5772509574890137,-0.9151716232299805
0.7997961044311523,1.611940622329712,-0.7632009387016296
0.8500021696090698,1.6300249099731445,-0.5681049227714539
1.0547220706939697,1.6455737352371216,-0.2949370741844177
1.163986325263977,1.6388983726501465,0.11631792783737183
1.5995622873306274,1.6319729089736938,0.6729043126106262
2.290231227874756,1.5528762340545654,1.4286084175109863
2.6236772537231445,1.407570719718933,1.9284875392913818
2.2053816318511963,1.2545866966247559,1.9789000749588013
1.526634693145752,1.1323914527893066,2.102541208267212
1.2231805324554443,1.098339557647705,2.7965989112854004
1.2208728790283203,1.006365418434143,3.7038581371307373
1.2034943103790283,0.8987919688224792,4.310329914093018
1.205519199371338,0.8890650272369385,4.520820617675781
1.2415533065795898,0.9293868541717529,4.301993370056152
1.2407476902008057,0.9669740796089172,3.8258931636810303
1.1548359394073486,1.0040056705474854,3.3525424003601074
0.9873384237289429,1.0661715269088745,2.9757041931152344
0.8268438577651978,1.127381682395935,2.6653881072998047
0.6769280433654785,1.1903409957885742,2.4151642322540283
0.5628286600112915,1.2716724872589111,2.2372870445251465
0.5161953568458557,1.3732229471206665,2.0963006019592285
0.5038394927978516,1.4898279905319214,1.9435468912124634
0.48388785123825073,1.6290682554244995,1.8009657859802246
0.41510313749313354,1.780055046081543,1.6988791227340698
0.2970302104949951,1.9327471256256104,1.5958592891693115
0.14991116523742676,2.0952579975128174,1.4240918159484863
-0.01191866397857666,2.2255055904388428,1.200836181640625
-0.2028781771659851,2.311241865158081,0.9631651043891907
-0.413688600063324,2.3500418663024902,0.7269042730331421
-0.6551598310470581,2.3271665573120117,0.5024919509887695
-0.8911038041114807,2.265449047088623,0.3179076015949249
-1.055302381515503,2.156615734100342,0.21424388885498047
-1.1395585536956787,2.03702449798584,0.19510936737060547
-1.183241844177246,1.911090612411499,0.26385223865509033
-1.14845871925354,1.792675256729126,0.3520703911781311
-1.1151609420776367,1.6949597597122192,0.43686777353286743
-1.1269357204437256,1.6136889457702637,0.549540102481842
-1.170935869216919,1.556535243988037,0.6787800192832947
-1.3084979057312012,1.4957233667373657,0.8143388628959656
-1.4941480159759521,1.4526407718658447,0.9537481069564819
-1.6503099203109741,1.4309664964675903,1.1159203052520752
-1.6861565113067627,1.4184963703155518,1.261709451675415
-1.5694026947021484,1.4116926193237305,1.3141827583312988
-1.386012077331543,1.4030425548553467,1.3079012632369995
-1.1903283596038818,1.3824858665466309,1.3232300281524658
-0.9847537279129028,1.3166308403015137,1.3903427124023438
-0.7526648044586182,1.250598669052124,1.4667609930038452
-0.4730369448661804,1.2296735048294067,1.5094194412231445
-0.11052191257476807,1.180832028388977,1.4652208089828491
0.26598507165908813,1.0698456764221191,1.41781747341156
0.5834819674491882,0.9385586380958557,1.408468246459961
0.7878648042678833,0.795306384563446,1.435750961303711
0.9006519913673401,0.6981551647186279,1.4563783407211304
0.9353877902030945,0.6827589273452759,1.4523818492889404
0.9089992046356201,0.7245165705680847,1.43280827999115
0.8758717775344849,0.8546279072761536,1.4346860647201538
0.893680989742279,1.0498332977294922,1.4461355209350586
1.0257022380828857,1.2635421752929688,1.451603889465332
1.2892693281173706,1.4072543382644653,1.4743976593017578
1.63114595413208,1.5159071683883667,1.4702483415603638
1.9950920343399048,1.5930315256118774,1.3929667472839355
2.3361878395080566,1.6883289813995361,1.2225302457809448
2.59336519241333,1.8462083339691162,0.9652568101882935
2.789360523223877,2.106358289718628,0.6537995338439941
2.920909881591797,2.495234966278076,0.29635167121887207
2.9928293228149414,2.805915594100952,-0.15748214721679688
2.9934356212615967,2.8460476398468018,-0.8060522675514221
2.937119722366333,2.8135111331939697,-1.4787846803665161
2.778697967529297,2.6297812461853027,-1.8761627674102783
2.560922384262085,2.3066070079803467,-2.0672738552093506
2.3893141746520996,2.04121470451355,-2.1233386993408203
2.2218282222747803,1.8573566675186157,-2.0300371646881104
2.042633295059204,1.7023836374282837,-1.7448002099990845
1.9407511949539185,1.6518338918685913,-1.3883030414581299
1.8772377967834473,1.6898410320281982,-1.0549248456954956
1.782079815864563,1.7269841432571411,-0.8031572103500366
1.6908093690872192,1.7731627225875854,-0.6453794836997986
1.5889711380004883,1.8353188037872314,-0.6063204407691956
1.464332938194275,1.9099617004394531,-0.6809158325195312
1.3273534774780273,1.9760961532592773,-0.8161569237709045
1.1728312969207764,2.038057804107666,-0.9631329774856567
0.9795746803283691,2.0750949382781982,-1.0920575857162476
0.8034896850585938,2.094153881072998,-1.1816294193267822
0.6543917655944824,2.1012120246887207,-1.2331745624542236
0.5201476812362671,2.0894670486450195,-1.2550127506256104
0.4001339077949524,2.0454635620117188,-1.2507431507110596
0.3271216154098511,1.9891294240951538,-1.2230143547058105
0.29096871614456177,1.9254918098449707,-1.1816771030426025
0.2894105315208435,1.86836576461792,-1.1562453508377075
0.3052792549133301,1.8192718029022217,-1.1485257148742676
0.3181109130382538,1.7787261009216309,-1.170985221862793
0.3328483998775482,1.7549848556518555,-1.213248372077942
0.34099000692367554,1.73945951461792,-1.264034628868103
0.3471313714981079,1.722214937210083,-1.313211441040039
0.3483840227127075,1.6937347650527954,-1.3509567975997925
0.3366484045982361,1.6589617729187012,-1.3689944744110107
0.31464463472366333,1.6318819522857666,-1.3747025728225708
0.2724722623825073,1.5944716930389404,-1.367806077003479
0.2074289619922638,1.5191025733947754,-1.3426182270050049
0.16964590549468994,1.4304505586624146,-1.3153787851333618
0.1499461531639099,1.334212064743042,-1.2784686088562012
0.14847728610038757,1.2171006202697754,-1.238295316696167
0.18655513226985931,1.124971866607666,-1.225447654724121
0.3077164888381958,1.096925139427185,-1.2077847719192505
0.4980293810367584,1.1418920755386353,-1.1279308795928955
0.694410502910614,1.2054862976074219,-0.9333633184432983
0.9103681445121765,1.3121626377105713,-0.6433868408203125
1.1861934661865234,1.4281630516052246,-0.2454928755760193
1.5425400733947754,1.4641094207763672,0.22617709636688232
1.8683626651763916,1.3299040794372559,0.5979723930358887
2.0928826332092285,1.1586518287658691,0.7655153870582581
2.2241244316101074,1.0809640884399414,0.9213983416557312
2.3525888919830322,1.0985722541809082,1.2668708562850952
2.5036234855651855,1.1349267959594727,1.8366254568099976
2.496126174926758,1.168623924255371,2.5949699878692627
2.215606689453125,1.1550374031066895,3.430454730987549
1.7730127573013306,1.0620322227478027,4.153201580047607
1.3605873584747314,0.9418043494224548,4.521143913269043
1.21372389793396,0.8421646952629089,4.490024566650391
1.1903748512268066,0.7651941776275635,4.150486469268799
1.2045509815216064,0.7099370956420898,3.623816967010498
1.2787106037139893,0.6799192428588867,3.111598253250122
1.219717264175415,0.6798752546310425,2.7400729656219482
1.0137228965759277,0.6993668079376221,2.5590755939483643
0.8019988536834717,0.732177734375,2.470439910888672
0.6870905160903931,0.7982961535453796,2.308946371078491
0.7299174070358276,0.9214990139007568,2.1093409061431885
0.85334712266922,1.070975661277771,1.9066411256790161
0.9628119468688965,1.2896475791931152,1.6820838451385498
0.9073012471199036,1.562799334526062,1.4752870798110962
0.6944593787193298,1.8449044227600098,1.2950763702392578
0.45114296674728394,2.091946601867676,1.0894501209259033
0.189361572265625,2.249140739440918,0.8269030451774597
-0.11782240867614746,2.313351631164551,0.5593760013580322
-0.45515763759613037,2.2966132164001465,0.3634914755821228
-0.7769024968147278,2.211087226867676,0.27395129203796387
-1.026082992553711,2.0604310035705566,0.28591692447662354
-1.1143252849578857,1.8996169567108154,0.38030481338500977
-1.1098132133483887,1.7850537300109863,0.5097817182540894
-1.096068024635315,1.7092326879501343,0.61930251121521
-1.0543560981750488,1.6261482238769531,0.7254635095596313
-1.023787498474121,1.5468542575836182,0.8500208854675293
-1.0628173351287842,1.487170934677124,0.9651679992675781
-1.155339002609253,1.4294381141662598,1.0656728744506836
-1.1900278329849243,1.3665282726287842,1.1685155630111694
-1.1640784740447998,1.3209896087646484,1.2648977041244507
-1.1287834644317627,1.2580143213272095,1.3225141763687134
-1.042250633239746,1.1672966480255127,1.3083230257034302
-0.8755260705947876,1.0617656707763672,1.2945621013641357
-0.649024486541748,0.9494612216949463,1.3766875267028809
-0.42109939455986023,0.8264938592910767,1.5767754316329956
-0.20318534970283508,0.7427248954772949,1.7780849933624268
0.024576634168624878,0.750773549079895,1.8877220153808594
0.2209874391555786,0.8253390789031982,1.8886067867279053
0.28925344347953796,0.8796194791793823,1.792179822921753
0.2331455647945404,0.9292590022087097,1.619573950767517
0.15448033809661865,0.9796546697616577,1.4139959812164307
0.09868711233139038,1.0395569801330566,1.2441606521606445
0.053863525390625,1.0980578660964966,1.1394530534744263
0.0522037148475647,1.1307296752929688,1.0821629762649536
0.09251773357391357,1.1663410663604736,1.0448733568191528
0.21244210004806519,1.222366213798523,1.0219159126281738
0.4120389521121979,1.2815042734146118,1.0227727890014648
0.6911008954048157,1.3258326053619385,1.017076849937439
1.0296907424926758,1.3453655242919922,0.9939465522766113
1.3998761177062988,1.324808120727539,0.9414981007575989
1.764257788658142,1.299354076385498,0.8546608090400696
2.097548246383667,1.2941243648529053,0.7610059380531311
2.3775949478149414,1.34840726852417,0.6516678333282471
2.5552587509155273,1.4595050811767578,0.4687398672103882
2.631636142730713,1.6115734577178955,0.22545108199119568
2.6720263957977295,1.7556676864624023,-0.03654852509498596
2.6397597789764404,1.8065760135650635,-0.3560984432697296
2.669158935546875,1.8311948776245117,-0.6838212609291077
2.7471516132354736,1.870699405670166,-0.8830689191818237
2.7732694149017334,1.8504598140716553,-0.9752019047737122
2.760838508605957,1.784569263458252,-1.041214942932129
2.7413222789764404,1.6887292861938477,-1.039324164390564
2.69407320022583,1.5967347621917725,-0.9719001054763794
2.6220614910125732,1.5613895654678345,-0.8790938258171082
2.5022010803222656,1.6145472526550293,-0.8029390573501587
2.384594202041626,1.7187622785568237,-0.7070703506469727
2.2916605472564697,1.886045217514038,-0.5692574381828308
2.1070961952209473,2.0725107192993164,-0.462180495262146
1.866913080215454,2.210789918899536,-0.4025964140892029
1.6366007328033447,2.286975860595703,-0.38261258602142334
1.4118791818618774,2.2923951148986816,-0.3820239305496216
1.2404913902282715,2.2427096366882324,-0.41783392429351807
1.1398370265960693,2.1703522205352783,-0.5071572065353394
1.0637699365615845,2.0815043449401855,-0.6261680722236633
1.0004301071166992,2.018995523452759,-0.7645344734191895
0.9184786081314087,1.9798372983932495,-0.9192102551460266
0.8326831459999084,1.9591829776763916,-1.0448024272918701
0.7422150373458862,1.95072603225708,-1.1369051933288574
0.652233362197876,1.915515661239624,-1.1955573558807373
0.599829375743866,1.829582929611206,-1.216928482055664
0.5669350624084473,1.6967101097106934,-1.2167913913726807
0.5483676195144653,1.583320140838623,-1.2125639915466309
0.5763020515441895,1.4978513717651367,-1.2126524448394775
0.6157316565513611,1.408555030822754,-1.2048368453979492
0.6221776008605957,1.3125888109207153,-1.2036235332489014
0.6178037524223328,1.2460490465164185,-1.2433135509490967
0.6033426523208618,1.2206083536148071,-1.3158103227615356
0.5558410882949829,1.2092453241348267,-1.394776701927185
0.49220138788223267,1.1775470972061157,-1.4334503412246704
0.40513914823532104,1.127976655960083,-1.443055272102356
0.3505663275718689,1.0771465301513672,-1.4227877855300903
0.3258870244026184,1.0235496759414673,-1.3550385236740112
0.258523553609848,0.9360878467559814,-1.2458873987197876
0.17811277508735657,0.8571608066558838,-1.1295740604400635
0.17311078310012817,0.8149504661560059,-0.9941848516464233
0.21533118188381195,0.752407431602478,-0.7966655492782593
0.27282458543777466,0.6518287062644958,-0.5581974983215332
0.39484894275665283,0.5582747459411621,-0.3192683458328247
0.5518494844436646,0.49463072419166565,-0.10247737169265747
0.8028997778892517,0.4520876407623291,0.08512556552886963
1.1255643367767334,0.4031603932380676,0.26930302381515503
1.3996602296829224,0.339749813079834,0.42057472467422485
1.6013762950897217,0.3459787964820862,0.5424402952194214
1.7147530317306519,0.45379704236984253,0.7408656477928162
1.6736783981323242,0.5599516034126282,1.0912590026855469
1.5157670974731445,0.639227032661438,1.573717474937439
1.4060064554214478,0.721284031867981,2.193624973297119
1.405328392982483,0.8006435632705688,2.8937182426452637
1.249257206916809,0.8346425294876099,3.4532580375671387
0.9232804775238037,0.8582264184951782,3.6982662677764893
0.7411748170852661,0.9016460180282593,3.6712658405303955
0.7517734169960022,0.8995115756988525,3.471590518951416
0.6965798735618591,0.8599364161491394,3.1733012199401855
0.6081235408782959,0.834577739238739,2.8155620098114014
0.5630422830581665,0.8247251510620117,2.4706058502197266
0.53874671459198,0.8189891576766968,2.209019899368286
0.5371215343475342,0.841748833656311,1.9820866584777832
0.5438330769538879,0.9075225591659546,1.7867928743362427
0.5572138428688049,1.0092874765396118,1.6695500612258911
0.5113414525985718,1.1383771896362305,1.5823843479156494
0.39063405990600586,1.3090566396713257,1.4775925874710083
0.24605804681777954,1.5061347484588623,1.3427807092666626
0.08733528852462769,1.6851781606674194,1.184541940689087
-0.1155632734298706,1.8134171962738037,0.975456178188324
-0.3459649682044983,1.9043970108032227,0.7319364547729492
-0.6245031952857971,1.9384291172027588,0.5138384103775024
-0.9050585627555847,1.9079900979995728,0.3511974513530731
-1.118837594985962,1.8450552225112915,0.2708345949649811
-1.2234470844268799,1.75543212890625,0.290120005607605
-1.225583553314209,1.6784687042236328,0.3451308012008667
-1.2210652828216553,1.6481082439422607,0.39369165897369385
-1.2305949926376343,1.6057542562484741,0.4667423367500305
-1.269099473953247,1.5634019374847412,0.5544484257698059
-1.301713466644287,1.5036711692810059,0.6355538964271545
-1.3057761192321777,1.4284427165985107,0.7163628339767456
-1.3232824802398682,1.3677008152008057,0.7983255386352539
-1.3192012310028076,1.3257205486297607,0.8466619849205017
-1.2819736003875732,1.2898163795471191,0.9000588059425354
-1.2216291427612305,1.228407382965088,0.9801003932952881
-1.1136298179626465,1.1855813264846802,1.0600537061691284
-0.926119863986969,1.1571693420410156,1.1173975467681885
-0.7206060886383057,1.0759063959121704,1.152178168296814
-0.5240362286567688,0.9197164177894592,1.1675853729248047
-0.33374470472335815,0.7493955492973328,1.2262725830078125
-0.1559373140335083,0.5842652320861816,1.3085196018218994
0.015159308910369873,0.4410526752471924,1.3776931762695312
0.10721498727798462,0.3204289972782135,1.4235622882843018
0.1082618236541748,0.2672266960144043,1.408466100692749
0.01126784086227417,0.3125610649585724,1.3150792121887207
-0.13693618774414062,0.45759454369544983,1.14652681350708
-0.2955743074417114,0.6434504389762878,0.9854435920715332
-0.42893821001052856,0.8228023052215576,0.9054513573646545
-0.4627889394760132,0.9949344992637634,0.9093377590179443
-0.3019585609436035,1.1951501369476318,1.0153602361679077
0.02768164873123169,1.3823940753936768,1.213906168937683
0.4598773717880249,1.5165619850158691,1.4248058795928955
0.9279659390449524,1.6601183414459229,1.5326770544052124
1.3847675323486328,1.8017712831497192,1.4762672185897827
1.8071858882904053,1.8907749652862549,1.3339543342590332
2.1351542472839355,1.8930994272232056,1.1285178661346436
2.443650722503662,1.8732972145080566,0.875812292098999
2.7753195762634277,1.8865962028503418,0.600591778755188
3.0526700019836426,1.8762602806091309,0.28379738330841064
3.216895818710327,1.8277924060821533,-0.1054036021232605
3.332664966583252,1.7101473808288574,-0.5641331672668457
3.434335947036743,1.556003212928772,-1.0326268672943115
3.4723663330078125,1.4306855201721191,-1.4365332126617432
3.4139962196350098,1.329801321029663,-1.647829294204712
3.3413679599761963,1.2071599960327148,-1.6212929487228394
3.226247787475586,1.123197317123413,-1.470049262046814
3.0582594871520996,1.1382780075073242,-1.2783026695251465
2.894223213195801,1.2294563055038452,-1.043459177017212
2.6870391368865967,1.4127339124679565,-0.8044439554214478
2.4472780227661133,1.6135892868041992,-0.5734490156173706
2.2412543296813965,1.8072980642318726,-0.34051936864852905
2.0279006958007812,1.9977316856384277,-0.16878873109817505
1.7916890382766724,2.1416337490081787,-0.11958742141723633
1.5763542652130127,2.197925567626953,-0.1867690086364746
1.4077898263931274,2.1798486709594727,-0.3536839485168457
1.267078161239624,2.0843698978424072,-0.5652029514312744
1.1246905326843262,1.9857085943222046,-0.797881543636322
1.0113716125488281,1.9309654235839844,-1.022446632385254
0.9067092537879944,1.8909504413604736,-1.1854310035705566
0.8002941608428955,1.8433119058609009,-1.2861818075180054
0.7183089852333069,1.7631196975708008,-1.3377699851989746
0.6537108421325684,1.6487791538238525,-1.3504996299743652
0.6295422315597534,1.5481075048446655,-1.334981918334961
0.6354941725730896,1.4585585594177246,-1.2957525253295898
0.6176620721817017,1.3749204874038696,-1.2560217380523682
0.5857958793640137,1.303195595741272,-1.2229713201522827
0.5527349710464478,1.249903917312622,-1.2160086631774902
0.5298482775688171,1.2018277645111084,-1.228222370147705
0.5173947811126709,1.1410343647003174,-1.2479021549224854
0.4891401529312134,1.066969394683838,-1.2759836912155151
0.45381879806518555,1.0083140134811401,-1.3084224462509155
0.44559478759765625,0.9595695734024048,-1.3288838863372803
0.4421018064022064,0.9053416848182678,-1.3318336009979248
0.41934534907341003,0.8433861136436462,-1.333728551864624
0.39060747623443604,0.7974134087562561,-1.3429337739944458
0.36251452565193176,0.7585065960884094,-1.3453059196472168
0.3404152989387512,0.737028956413269,-1.3294451236724854
0.354434072971344,0.7210433483123779,-1.2640928030014038
0.39534682035446167,0.6911799311637878,-1.1274898052215576
0.4274044930934906,0.6574487686157227,-0.9324696063995361
0.5053391456604004,0.6441898345947266,-0.7003947496414185
0.6774402856826782,0.6357865333557129,-0.43523794412612915
0.8494412899017334,0.5847505927085876,-0.13400280475616455
1.0294127464294434,0.5039897561073303,0.15727388858795166
1.230408787727356,0.4242158830165863,0.4015388488769531
1.3526561260223389,0.36580848693847656,0.6004891991615295
1.404602289199829,0.3300900459289551,0.8026763200759888
1.430497407913208,0.3319680094718933,1.0463342666625977
1.4990794658660889,0.3831346035003662,1.4012656211853027
1.6647875308990479,0.4497942328453064,1.9358196258544922
1.9245188236236572,0.5180829763412476,2.632915496826172
2.1964869499206543,0.5995794534683228,3.376185417175293
1.9306120872497559,0.7096530199050903,3.907334089279175
1.0324158668518066,0.8305562734603882,4.087601184844971
0.16713106632232666,0.9502494931221008,3.8701555728912354
-0.24079841375350952,0.9257073998451233,3.3350906372070312
-0.1534746289253235,0.8112640976905823,2.6592142581939697
0.2301086187362671,0.7179872393608093,1.9997413158416748
0.562191903591156,0.6477025747299194,1.4840710163116455
0.6198767423629761,0.6164419651031494,1.1796636581420898
0.4431802034378052,0.6304202079772949,1.0610358715057373
0.23438042402267456,0.6623575687408447,1.0609030723571777
0.09694766998291016,0.7093513607978821,1.1053504943847656
0.07662957906723022,0.7715815305709839,1.177114486694336
0.1051684021949768,0.8435007333755493,1.2569825649261475
0.11415994167327881,0.9506117105484009,1.2826608419418335
0.07223808765411377,1.061845302581787,1.296248197555542
-0.010983407497406006,1.1561602354049683,1.2754862308502197
-0.11758065223693848,1.244211196899414,1.1901212930679321
-0.28087326884269714,1.313662052154541,1.0752712488174438
-0.4653984010219574,1.3370121717453003,0.9467731714248657
-0.6308642625808716,1.3273799419403076,0.8328086137771606
-0.7797877192497253,1.3001984357833862,0.7641117572784424
-0.8913811445236206,1.269814133644104,0.7505090236663818
-0.9547684192657471,1.231311321258545,0.7623828649520874
-0.9665067195892334,1.2136833667755127,0.7819661498069763
-0.9523842334747314,1.1883344650268555,0.834571897983551
-0.9246103763580322,1.1649428606033325,0.9026626348495483
-0.8970886468887329,1.1541099548339844,0.9513919353485107
-0.879837691783905,1.1332836151123047,1.0024163722991943
-0.8564135432243347,1.1042433977127075,1.0488204956054688
-0.8342630863189697,1.0936520099639893,1.075297236442566
-0.8116510510444641,1.0956777334213257,1.0863568782806396
-0.7810549736022949,1.0656797885894775,1.133771300315857
-0.7283767461776733,1.030571699142456,1.1975219249725342
-0.6704033613204956,1.0289592742919922,1.2396759986877441
-0.6390671133995056,1.0288995504379272,1.2522361278533936
-0.6085899472236633,1.0124406814575195,1.2356138229370117
-0.5675448179244995,0.973780632019043,1.2014267444610596
-0.5033285617828369,0.9171909093856812,1.1623623371124268
-0.4421396255493164,0.8599151372909546,1.115891695022583
-0.4033765196800232,0.7893996834754944,1.062164306640625
-0.321163535118103,0.703903317451477,1.0445494651794434
-0.2167062759399414,0.6422097682952881,1.0399069786071777
-0.13794803619384766,0.578160285949707,1.020200252532959
-0.06739789247512817,0.513624906539917,1.014730453491211
0.0011056065559387207,0.46999409794807434,1.019303321838379
0.06120485067367554,0.45464879274368286,1.0244712829589844
0.12749701738357544,0.482721209526062,1.0192105770111084
0.20328325033187866,0.5425395965576172,1.0162837505340576
0.2882755398750305,0.6343929171562195,1.029809832572937
0.41524451971054077,0.7433571219444275,1.0402199029922485
0.660727322101593,0.8701784610748291,1.029447317123413
1.0106594562530518,0.9697920083999634,1.0159415006637573
1.431152105331421,0.9800868034362793,1.0161702632904053
1.8532885313034058,0.9359456896781921,1.0144939422607422
2.1959738731384277,0.8888837099075317,0.9453445076942444
2.421940326690674,0.873559832572937,0.7890303134918213
2.530550479888916,0.8740450143814087,0.6406790018081665
2.5775246620178223,0.9527353048324585,0.569934606552124
2.631441116333008,1.1476171016693115,0.539125919342041
2.7056145668029785,1.3685141801834106,0.44383174180984497
2.8324618339538574,1.5694129467010498,0.287494957447052
3.0018198490142822,1.6719311475753784,0.06823354959487915
3.1669085025787354,1.707988977432251,-0.2642055153846741
3.238633871078491,1.6823869943618774,-0.6352663636207581
3.24188232421875,1.5874522924423218,-0.9581542611122131
3.1281280517578125,1.4948276281356812,-1.235548973083496
2.8642373085021973,1.4402015209197998,-1.4337189197540283
2.5642545223236084,1.4335317611694336,-1.4680103063583374
2.2957229614257812,1.4621771574020386,-1.3435683250427246
1.9886343479156494,1.5020238161087036,-1.1581768989562988
1.6775612831115723,1.5278873443603516,-0.9637776613235474
1.4231096506118774,1.538481593132019,-0.7924463748931885
1.2483787536621094,1.5054290294647217,-0.6908386945724487
1.1445385217666626,1.4399921894073486,-0.6867064833641052
1.0862246751785278,1.3648719787597656,-0.7701914310455322
1.0421236753463745,1.2912797927856445,-0.9120203256607056
1.0148444175720215,1.234624981880188,-1.0836031436920166
0.9662571549415588,1.1829063892364502,-1.2274754047393799
0.9072937965393066,1.1295530796051025,-1.3448143005371094
0.8504472970962524,1.0854620933532715,-1.4185473918914795
0.7988169193267822,1.0304323434829712,-1.4479966163635254
0.7629380226135254,0.9614853858947754,-1.4506815671920776
0.7409729361534119,0.9061405658721924,-1.4444124698638916
0.7206897139549255,0.8552446365356445,-1.4395010471343994
0.6808347702026367,0.7918345928192139,-1.4471971988677979
0.6434069871902466,0.7369327545166016,-1.4553000926971436
0.6111489534378052,0.6961930394172668,-1.4592921733856201
0.5722084641456604,0.6521490216255188,-1.447310447692871
0.5347708463668823,0.6160968542098999,-1.4213389158248901
0.4979149103164673,0.6021983027458191,-1.3713300228118896
0.45024392008781433,0.5772179961204529,-1.287768840789795
0.41666221618652344,0.5503562688827515,-1.1611013412475586
0.4226554036140442,0.5267589092254639,-0.9773759841918945
0.4733574092388153,0.4855808913707733,-0.74754798412323
0.5549770593643188,0.43424007296562195,-0.4996746778488159
0.6734927296638489,0.3789459466934204,-0.24722498655319214
0.8394120931625366,0.3207240700721741,0.016571998596191406
1.0376403331756592,0.30041787028312683,0.2718304991722107
1.2020041942596436,0.298794686794281,0.4207359552383423
1.3329434394836426,0.3558173179626465,0.4456455111503601
1.3829059600830078,0.45052897930145264,0.45104384422302246
1.400543212890625,0.549733579158783,0.5105929374694824
1.4594173431396484,0.6725505590438843,0.6430816054344177
1.588274359703064,0.783959686756134,0.8627185225486755
1.7793114185333252,0.9079683423042297,1.1843326091766357
1.713430404663086,1.0667023658752441,1.5649089813232422
1.4818131923675537,1.1584089994430542,1.9502570629119873
1.271340250968933,1.224413514137268,2.354691505432129
1.0573797225952148,1.2423088550567627,2.797416925430298
0.8042964935302734,1.1489191055297852,3.127312183380127
0.6704197525978088,1.073166847229004,3.21909236907959
0.6349480152130127,1.0496633052825928,3.1522183418273926
0.5200026631355286,1.013271450996399,3.002784252166748
0.360026478767395,1.0071697235107422,2.738420009613037
0.3141048550605774,1.0263458490371704,2.435573101043701
0.29527050256729126,1.0309799909591675,2.199779987335205
0.29146116971969604,1.023672103881836,2.0063769817352295
0.34737616777420044,1.049102783203125,1.7953619956970215
0.39284747838974,1.0964421033859253,1.6169989109039307
0.39428389072418213,1.1537528038024902,1.5149941444396973
0.32465308904647827,1.2362240552902222,1.4591706991195679
0.19956135749816895,1.3332998752593994,1.401893138885498
0.07832282781600952,1.431166172027588,1.3112213611602783
-0.05602198839187622,1.5111303329467773,1.1579567193984985
-0.23451226949691772,1.553004503250122,0.9776040315628052
-0.4358857274055481,1.5654518604278564,0.8130171298980713
-0.6520524621009827,1.5552607774734497,0.6718330383300781
-0.8726441264152527,1.5092389583587646,0.5817890167236328
-1.061401605606079,1.4319424629211426,0.5359233021736145
-1.180979609489441,1.3663151264190674,0.5543018579483032
-1.2124159336090088,1.3078944683074951,0.6180953979492188
-1.2099049091339111,1.270616054534912,0.6859180927276611
-1.1931133270263672,1.2348461151123047,0.7593296766281128
-1.1603550910949707,1.1950278282165527,0.8199755549430847
-1.116884469985962,1.159502387046814,0.8575276136398315
-1.0737402439117432,1.1225601434707642,0.8818005323410034
-1.054380178451538,1.0786707401275635,0.9245111346244812
-1.0471484661102295,1.0293548107147217,0.9593544006347656
-1.027435302734375,0.9642544984817505,0.9766550064086914
-0.9971024990081787,0.9075220227241516,0.9659074544906616
-0.9678335785865784,0.8644275665283203,0.9415607452392578
-0.9397834539413452,0.8051666021347046,0.9193142652511597
-0.8667035698890686,0.7155061364173889,0.917248010635376
-0.7326183915138245,0.6379724144935608,0.9355979561805725
-0.5955063700675964,0.5901546478271484,0.944724977016449
-0.47645139694213867,0.5406577587127686,0.9701425433158875
-0.36651337146759033,0.46468955278396606,1.0226218700408936
-0.23516690731048584,0.4213240146636963,1.0522525310516357
-0.07339787483215332,0.38384971022605896,1.0356130599975586
0.06370306015014648,0.34073734283447266,1.000927448272705
0.19770056009292603,0.29616373777389526,0.9627311825752258
0.44759905338287354,0.22918003797531128,0.9227715134620667
0.7898732423782349,0.12541460990905762,0.8606856465339661
1.2233386039733887,-0.04891705513000488,0.7426857948303223
1.656048059463501,-0.23585551977157593,0.5394908785820007
1.9872002601623535,-0.3408886790275574,0.2628944516181946
2.118215560913086,-0.32009756565093994,-0.018427371978759766
2.072984218597412,-0.2661820650100708,-0.16891521215438843
2.009514570236206,-0.18521839380264282,-0.11098694801330566
2.003328561782837,-0.07652819156646729,0.09042835980653763
2.0858371257781982,-0.01349729299545288,0.34865128993988037
2.2609660625457764,-0.0021489858627319336,0.5083246231079102
2.510362386703491,-0.029919803142547607,0.44571587443351746
2.7449538707733154,-0.05442619323730469,0.1569908857345581
2.8670694828033447,-0.07719683647155762,-0.23995664715766907
2.806668281555176,-0.11625683307647705,-0.6606456637382507
2.625431776046753,-0.13365104794502258,-1.0559508800506592
2.3560304641723633,-0.13437819480895996,-1.4176983833312988
2.009432792663574,-0.1329551786184311,-1.6395822763442993
1.664531946182251,-0.11162106692790985,-1.672907829284668
1.3353052139282227,-0.050118327140808105,-1.6274144649505615
1.028986930847168,-0.0007556825876235962,-1.5433896780014038
0.8109378218650818,0.01879465952515602,-1.3747971057891846
0.7115216851234436,0.00815921276807785,-1.1443507671356201
0.6671769022941589,-0.007700279355049133,-0.9347591400146484
0.6133208870887756,0.012920208275318146,-0.766581654548645
0.553022563457489,0.06355089694261551,-0.64979088306427
0.4687160849571228,0.12145918607711792,-0.5946334600448608
0.3435875177383423,0.1665104776620865,-0.5435682535171509
0.1849614679813385,0.17742998898029327,-0.4903435707092285
0.028739064931869507,0.1871415078639984,-0.4562448263168335
-0.1115509569644928,0.20374427735805511,-0.4511517286300659
-0.20716595649719238,0.181727334856987,-0.44608139991760254
-0.244140625,0.12360671162605286,-0.42357730865478516
-0.23783504962921143,0.06819595396518707,-0.40557509660720825
-0.1996566653251648,0.04900278151035309,-0.417153000831604
-0.16325989365577698,0.04124583303928375,-0.4354285001754761
-0.15466725826263428,0.04122467339038849,-0.42882049083709717
-0.18716898560523987,0.05483579635620117,-0.4333536624908447
-0.24548038840293884,0.06949609518051147,-0.4608989357948303
-0.2911926209926605,0.06507450342178345,-0.49193787574768066
-0.27827340364456177,0.045124948024749756,-0.5025628805160522
-0.2384575605392456,0.027303844690322876,-0.5145806074142456
-0.1959802508354187,-0.0032980144023895264,-0.5281383395195007
-0.16357704997062683,-0.0411645770072937,-0.5412054061889648
-0.14400091767311096,-0.07765981554985046,-0.5696446895599365
-0.11451524496078491,-0.10783651471138,-0.5984347462654114
-0.10166221857070923,-0.13911005854606628,-0.5937677621841431
-0.11526432633399963,-0.1660383939743042,-0.5731721520423889
-0.12044352293014526,-0.18676283955574036,-0.5405576229095459
-0.13294070959091187,-0.19607040286064148,-0.47313040494918823
-0.1566823422908783,-0.2152329683303833,-0.3888406753540039
-0.17146220803260803,-0.23675638437271118,-0.3324683904647827
-0.16728487610816956,-0.2489236295223236,-0.30653417110443115
-0.14769911766052246,-0.2645690441131592,-0.29648685455322266
-0.12893903255462646,-0.28020793199539185,-0.298775315284729
-0.11124041676521301,-0.2934187948703766,-0.2939056158065796
-0.12044000625610352,-0.3030397593975067,-0.2819335460662842
-0.14487117528915405,-0.30024102330207825,-0.2767219543457031
-0.16838252544403076,-0.3020891547203064,-0.25629329681396484
-0.17424622178077698,-0.3073650300502777,-0.20663660764694214
-0.17352363467216492,-0.3196169137954712,-0.1584998369216919
-0.17807117104530334,-0.3342841565608978,-0.12609076499938965
-0.19330212473869324,-0.3289622664451599,-0.101878821849823
-0.20874154567718506,-0.3350556194782257,-0.08295077085494995
-0.2159036099910736,-0.3388991355895996,-0.06554508209228516
-0.22283345460891724,-0.34071338176727295,-0.06538993120193481
-0.22985747456550598,-0.35315608978271484,-0.07600629329681396
-0.21441489458084106,-0.36944055557250977,-0.07945740222930908
-0.178632915019989,-0.3882816433906555,-0.08603298664093018
-0.14542773365974426,-0.40422165393829346,-0.09985291957855225
-0.1345609724521637,-0.41499221324920654,-0.10277843475341797
-0.14867570996284485,-0.42054373025894165,-0.09834539890289307
-0.1632014513015747,-0.4209817051887512,-0.09621310234069824
-0.1675224006175995,-0.4230724573135376,-0.10643362998962402
-0.16181954741477966,-0.42769813537597656,-0.11452758312225342
-0.14537793397903442,-0.4397987723350525,-0.12382805347442627
-0.11450594663619995,-0.4571884870529175,-0.14793401956558228
-0.0889531672000885,-0.4708538353443146,-0.17662787437438965
-0.07138121128082275,-0.48378342390060425,-0.19928455352783203
-0.062135517597198486,-0.4997336268424988,-0.20751893520355225
-0.07368019223213196,-0.49756503105163574,-0.21066492795944214
-0.08911275863647461,-0.4973580539226532,-0.19497084617614746
-0.08591783046722412,-0.49808067083358765,-0.16545724868774414
-0.08915293216705322,-0.49581068754196167,-0.1403835415840149
-0.09324726462364197,-0.49854642152786255,-0.12584859132766724
-0.09130233526229858,-0.5015074610710144,-0.12148672342300415
-0.10344043374061584,-0.4954449534416199,-0.1269524097442627
-0.1086418628692627,-0.5003800392150879,-0.1362844705581665
-0.10262858867645264,-0.5025793313980103,-0.14532727003097534
-0.10401824116706848,-0.5021230578422546,-0.15324950218200684
-0.09597072005271912,-0.5041056871414185,-0.15129172801971436
-0.08552849292755127,-0.5008339881896973,-0.14044928550720215
-0.09051397442817688,-0.49255746603012085,-0.1366955041885376
-0.10059019923210144,-0.48534345626831055,-0.1399393081665039
-0.11030727624893188,-0.4808821678161621,-0.15362286567687988
-0.11599218845367432,-0.47923743724823,-0.16875869035720825
-0.12155899405479431,-0.4742734730243683,-0.17993521690368652
-0.12769952416419983,-0.46762141585350037,-0.19459235668182373
-0.13528677821159363,-0.4635965824127197,-0.19076359272003174
-0.1287248432636261,-0.46206092834472656,-0.1584010124206543
-0.12959086894989014,-0.4519859552383423,-0.12541377544403076
-0.14595311880111694,-0.44084516167640686,-0.10384953022003174
-0.1573091745376587,-0.428814560174942,-0.09347677230834961
-0.15479961037635803,-0.4226210117340088,-0.10275852680206299
-0.156570166349411,-0.4124625325202942,-0.13164162635803223
-0.16198605298995972,-0.40719377994537354,-0.15940189361572266
-0.17877665162086487,-0.40624499320983887,-0.18693482875823975
-0.19094029068946838,-0.40236353874206543,-0.2068946361541748
-0.20142126083374023,-0.39857006072998047,-0.20872080326080322
-0.2115899920463562,-0.39484602212905884,-0.1984272003173828
-0.2162427306175232,-0.39161455631256104,-0.1807369589805603
-0.22135907411575317,-0.3910173177719116,-0.15866076946258545
-0.21829834580421448,-0.38968634605407715,-0.139989972114563
-0.21529227495193481,-0.38956475257873535,-0.127943754196167
-0.22137579321861267,-0.3883724510669708,-0.11425197124481201
-0.2281985878944397,-0.38420772552490234,-0.10020178556442261
-0.24211928248405457,-0.38036441802978516,-0.09350430965423584
-0.2382633090019226,-0.37954846024513245,-0.09630078077316284
-0.22833847999572754,-0.3797342777252197,-0.09738785028457642
-0.2274802327156067,-0.3799946904182434,-0.09853506088256836
-0.23230275511741638,-0.37678515911102295,-0.10505008697509766
-0.23473703861236572,-0.3766922950744629,-0.1196368932723999
-0.22877812385559082,-0.3752114176750183,-0.1322474479675293
-0.2089461088180542,-0.38206496834754944,-0.135345458984375
-0.20261463522911072,-0.38633325695991516,-0.13747358322143555
-0.2151416540145874,-0.3811571002006531,-0.12257742881774902
-0.21505314111709595,-0.387123703956604,-0.06996148824691772
-0.18333947658538818,-0.45725488662719727,0.09914696216583252
0.04639384150505066,-0.4219466745853424,-0.8920673131942749
-0.07008981704711914,-0.2974032461643219,-1.121337652206421
-0.17834627628326416,-0.6004235744476318,-0.24078595638275146
-0.36442509293556213,-0.2108515352010727,0.23020446300506592
-0.4349035918712616,-0.2597994804382324,0.22324711084365845
-0.34453892707824707,-0.31529271602630615,0.03917515277862549
-0.2982356548309326,-0.34512609243392944,-0.09143710136413574
-0.31260964274406433,-0.3371365964412689,-0.13812196254730225
-0.31927037239074707,-0.35714414715766907,-0.11232960224151611
-0.23972421884536743,-0.38759273290634155,-0.07608968019485474
-0.19303268194198608,-0.41048914194107056,-0.07156836986541748
-0.21005254983901978,-0.41532576084136963,-0.10028016567230225
-0.2469450831413269,-0.43620622158050537,-0.15022063255310059
-0.2298124134540558,-0.45605531334877014,-0.23575961589813232
-0.21481090784072876,-0.4741291403770447,-0.1918243169784546
-0.20204931497573853,-0.4788052439689636,-0.11194592714309692
-0.2507529854774475,-0.44770824909210205,-0.05030107498168945
-0.33268532156944275,-0.44063884019851685,0.0479733943939209
-0.3303576707839966,-0.44439956545829773,0.08773291110992432
-0.2873208522796631,-0.46429944038391113,0.025158464908599854
-0.20267203450202942,-0.48242413997650146,-0.04842066764831543
-0.12746044993400574,-0.5010071396827698,-0.10109126567840576
-0.09398961067199707,-0.5155313014984131,-0.14975738525390625
-0.08183816075325012,-0.5141196846961975,-0.146531343460083
-0.10821333527565002,-0.5097692012786865,-0.12622535228729248
-0.14325138926506042,-0.5057302117347717,-0.13982510566711426
-0.1697850525379181,-0.5105246305465698,-0.14458954334259033
-0.20871961116790771,-0.5071650743484497,-0.15776371955871582
-0.23987725377082825,-0.4929104745388031,-0.1698341965675354
-0.24572297930717468,-0.46885329484939575,-0.2123347520828247
-0.2781185805797577,-0.4495737552642822,-0.2777433395385742
-0.2847851812839508,-0.4399958550930023,-0.32851481437683105
-0.28647857904434204,-0.44232475757598877,-0.3522869944572449
-0.2872011065483093,-0.4381616711616516,-0.3592945337295532
-0.28064799308776855,-0.42999768257141113,-0.36502963304519653
-0.2777019143104553,-0.41378962993621826,-0.36227142810821533
-0.26695793867111206,-0.4055982828140259,-0.33902013301849365
-0.25077083706855774,-0.39031726121902466,-0.32427549362182617
-0.253433495759964,-0.37349915504455566,-0.33352673053741455
-0.26952528953552246,-0.3554098606109619,-0.3639000654220581
-0.28650254011154175,-0.3366146683692932,-0.40599894523620605
-0.30813974142074585,-0.3131646513938904,-0.4484527111053467
-0.3282933235168457,-0.2929764986038208,-0.4929013252258301
-0.3373180031776428,-0.27490362524986267,-0.5494521856307983
-0.3364750146865845,-0.2512141466140747,-0.6099005937576294
-0.32502612471580505,-0.23106831312179565,-0.6621265411376953
-0.3056596517562866,-0.20807477831840515,-0.7073849439620972
-0.2937956154346466,-0.1820921003818512,-0.7420035004615784
-0.3019427955150604,-0.1525837928056717,-0.7721920013427734
-0.3113030195236206,-0.11381740868091583,-0.8019613027572632
-0.3161490261554718,-0.06045392155647278,-0.8311821818351746
-0.3294900059700012,0.0021815747022628784,-0.8588814735412598
-0.3366795480251312,0.0723215788602829,-0.8817795515060425
-0.3389887511730194,0.14477264881134033,-0.9035512208938599
-0.3534252643585205,0.2167779952287674,-0.9288926124572754
-0.37597543001174927,0.2863207161426544,-0.950907289981842
-0.39598163962364197,0.3742004632949829,-0.9650978446006775
-0.41814836859703064,0.4798583388328552,-0.9690155982971191
-0.4388115406036377,0.5950173139572144,-0.9678175449371338
-0.45751380920410156,0.7179489731788635,-0.9711666703224182
-0.471347451210022,0.8370770812034607,-0.9742884039878845
-0.47373491525650024,0.9617303013801575,-0.9717178344726562
-0.43775999546051025,1.0945196151733398,-0.9552463889122009
-0.3569369316101074,1.2677074670791626,-0.8889973163604736
-0.23216181993484497,1.465639352798462,-0.7235562801361084
-0.04847061634063721,1.6460824012756348,-0.5365273952484131
0.1265212893486023,1.8068130016326904,-0.3246026039123535
0.2804723381996155,1.9271914958953857,-0.10600677132606506
0.46204423904418945,2.0316944122314453,0.07171249389648438
0.6482622027397156,2.1288747787475586,0.193428635597229
0.8515345454216003,2.2286922931671143,0.2512686252593994
1.0866954326629639,2.31614089012146,0.27575528621673584
1.3376684188842773,2.361510753631592,0.29981112480163574
1.5874640941619873,2.3381106853485107,0.3380030393600464
1.8148040771484375,2.2406678199768066,0.37484967708587646
1.999483585357666,2.0798912048339844,0.4074324369430542
2.1437315940856934,1.8918201923370361,0.42559194564819336
2.24495530128479,1.7009665966033936,0.4190775156021118
2.3014633655548096,1.5022753477096558,0.3988996744155884
2.2990992069244385,1.2747511863708496,0.38196074962615967
2.2311201095581055,1.0446288585662842,0.36320972442626953
2.150012493133545,0.829710841178894,0.343697190284729
2.062081813812256,0.633645236492157,0.3432732820510864
1.9827338457107544,0.44453275203704834,0.36548858880996704
1.9194221496582031,0.2842302918434143,0.3949178457260132
1.854192852973938,0.18752729892730713,0.45741283893585205
1.8038356304168701,0.13518571853637695,0.5497264862060547
1.7531265020370483,0.09163922071456909,0.6402755975723267
1.692807674407959,0.042932987213134766,0.7119842767715454
1.6228976249694824,-0.004575192928314209,0.7624896764755249
1.5423471927642822,-0.05705595016479492,0.7890415787696838
1.4653490781784058,-0.10373622179031372,0.8010556697845459
1.3908871412277222,-0.12128376960754395,0.8171389102935791
1.3022654056549072,-0.1297176480293274,0.840684711933136
1.2113176584243774,-0.14735513925552368,0.865356981754303
1.129894733428955,-0.1640375256538391,0.8931610584259033
1.052359700202942,-0.17670756578445435,0.9210644960403442
0.9711775779724121,-0.19262057542800903,0.9480894207954407
0.8885956406593323,-0.21815043687820435,0.968708336353302
0.8111291527748108,-0.24894237518310547,0.9815959930419922
0.7451019883155823,-0.27278268337249756,0.9901590347290039
0.6852693557739258,-0.29135239124298096,0.9983688592910767
0.6347857117652893,-0.317618727684021,1.0085797309875488
0.5997331738471985,-0.34351807832717896,1.021436095237732
0.5890260338783264,-0.360227108001709,1.037796139717102
0.6035897135734558,-0.364139199256897,1.0644830465316772
0.6248108744621277,-0.37206578254699707,1.0946507453918457
0.650983989238739,-0.39356333017349243,1.1223936080932617
0.6831513047218323,-0.3992464542388916,1.1332134008407593
0.7228760719299316,-0.3812418580055237,1.1209388971328735
0.763335645198822,-0.3636205196380615,1.099421739578247
0.8072260022163391,-0.3605589270591736,1.0806007385253906
0.8472983837127686,-0.370988667011261,1.0687403678894043
0.8863741159439087,-0.3762410283088684,1.0469160079956055
0.929572343826294,-0.37439560890197754,1.0194430351257324
0.9749966859817505,-0.3589977025985718,0.9898190498352051
1.0293703079223633,-0.33629345893859863,0.9577584862709045
1.0834310054779053,-0.31795835494995117,0.9264094233512878
1.114216923713684,-0.2965731620788574,0.8970683217048645
1.1307281255722046,-0.2534269690513611,0.8632009029388428
1.1540968418121338,-0.17052316665649414,0.8372823596000671
1.176463007926941,-0.0666341781616211,0.8334803581237793
1.195055603981018,0.027864575386047363,0.8574851751327515
1.1911277770996094,0.08675557374954224,0.9017519354820251
1.1712863445281982,0.10325586795806885,0.9533563852310181
1.156412959098816,0.10317504405975342,0.9931769371032715
1.1563963890075684,0.10983633995056152,1.0072120428085327
1.172031044960022,0.1403464674949646,0.9883359670639038
1.1794118881225586,0.19279807806015015,0.9367401599884033
1.166670322418213,0.24608349800109863,0.8760002851486206
1.1459054946899414,0.29036056995391846,0.8215951323509216
1.117504358291626,0.33005207777023315,0.7802420854568481
1.084384560585022,0.3746700882911682,0.741968035697937
1.0514588356018066,0.4249989986419678,0.7029501795768738
0.9997869729995728,0.4746137261390686,0.6611335277557373
0.9258311986923218,0.5007010102272034,0.6165317296981812
0.8454000949859619,0.5058037638664246,0.5666409730911255
0.7683919668197632,0.5072737336158752,0.5104106664657593
0.6896427273750305,0.5046428442001343,0.45542845129966736
0.6106882691383362,0.4879598021507263,0.400729238986969
0.5369536280632019,0.4657108783721924,0.34836119413375854
0.46891623735427856,0.45012152194976807,0.2976105809211731
0.4027137756347656,0.4400712251663208,0.2534228563308716
0.3330836892127991,0.4219347834587097,0.21415066719055176
0.2572469115257263,0.3956887125968933,0.17617148160934448
0.17816084623336792,0.3690432906150818,0.13570129871368408
0.09934628009796143,0.33656591176986694,0.09546644240617752
0.024861633777618408,0.3017457127571106,0.05832970142364502
-0.04535871744155884,0.2656344771385193,0.024512946605682373
-0.11305373907089233,0.22832751274108887,-0.0027726301923394203
-0.17546945810317993,0.19282060861587524,-0.023976802825927734
-0.23517096042633057,0.16103839874267578,-0.04104197025299072
-0.28816282749176025,0.13188022375106812,-0.05336583033204079
-0.33180373907089233,0.1116248369216919,-0.06404769420623779
-0.37088626623153687,0.1017920970916748,-0.07320845127105713
-0.40789347887039185,0.09472453594207764,-0.08201145380735397
-0.4418271780014038,0.08570176362991333,-0.09022283554077148
-0.4715770483016968,0.08038932085037231,-0.0956195667386055
-0.4939970374107361,0.08047980070114136,-0.0958402156829834
-0.5154152512550354,0.08193710446357727,-0.09759521484375
-0.5302627682685852,0.08090859651565552,-0.09613335877656937
-0.5334252715110779,0.07569155097007751,-0.0958184078335762
-0.5203626751899719,0.07698360085487366,-0.08973169326782227
-0.49725401401519775,0.08528980612754822,-0.080269455909729
-0.4633671045303345,0.08998122811317444,-0.0663919523358345
-0.4165748953819275,0.09077426791191101,-0.04882430285215378
-0.3729207515716553,0.09814596176147461,-0.03194844722747803
-0.32778650522232056,0.11317887902259827,-0.020765062421560287
-0.2836877703666687,0.12674331665039062,-0.002938266843557358
-0.24147701263427734,0.13083979487419128,0.02396082878112793
-0.19675183296203613,0.13765287399291992,0.05600178241729736
-0.14811044931411743,0.1535109281539917,0.10030484199523926
-0.09946131706237793,0.17541247606277466,0.1506403088569641
-0.04557931423187256,0.19276028871536255,0.20628100633621216
0.02961510419845581,0.21572452783584595,0.26591408252716064
0.09388953447341919,0.2394728660583496,0.3177133798599243
0.14474904537200928,0.27844977378845215,0.32893437147140503
0.19275879859924316,0.376529335975647,0.3111135959625244
0.19486206769943237,0.48453378677368164,0.29109692573547363
0.08788448572158813,0.5383681058883667,0.27173101902008057
-0.103732168674469,0.5507068634033203,0.2556914687156677
-0.30042463541030884,0.5575153231620789,0.23509937524795532
-0.4387677311897278,0.5846573710441589,0.21637862920761108
-0.5150654315948486,0.6331536173820496,0.18836534023284912
-0.5611966848373413,0.6806151270866394,0.14078998565673828
-0.5648161172866821,0.6959724426269531,0.07724583148956299
-0.5026979446411133,0.6853521466255188,0.030397534370422363
-0.3826456665992737,0.6527696251869202,0.02248835563659668
-0.24024707078933716,0.5918137431144714,0.06050240993499756
-0.11318433284759521,0.5039460062980652,0.12560021877288818
0.0021563172340393066,0.40755993127822876,0.1863476037979126
0.0926939845085144,0.30656886100769043,0.2391221523284912
0.17638468742370605,0.23005598783493042,0.2694629430770874
0.25225210189819336,0.18062585592269897,0.27776283025741577
0.29865461587905884,0.12557846307754517,0.2767910957336426
0.33568358421325684,0.06503266096115112,0.27042001485824585
0.3715004324913025,0.006951689720153809,0.2606186270713806
0.3921782970428467,-0.05753886699676514,0.2477802038192749
0.39252156019210815,-0.12722182273864746,0.21679353713989258
0.37059348821640015,-0.18932265043258667,0.1596706509590149
0.3591235280036926,-0.234671950340271,0.10068333148956299
0.3601488471031189,-0.2760714888572693,0.0434497594833374
0.3622334599494934,-0.31879812479019165,-0.009958270937204361
0.3688151240348816,-0.3582271933555603,-0.0530315637588501
0.3755956292152405,-0.38997894525527954,-0.08892780542373657
0.3875306248664856,-0.40540170669555664,-0.12109053134918213
0.4052315950393677,-0.3980848789215088,-0.14800357818603516
0.41374507546424866,-0.3892333507537842,-0.16662734746932983
0.40870121121406555,-0.388253390789032,-0.16476798057556152
0.4129260182380676,-0.37489497661590576,-0.14937549829483032
0.4317811131477356,-0.3559800386428833,-0.13473331928253174
0.4614271819591522,-0.34089547395706177,-0.11752671003341675
0.49583932757377625,-0.3223581314086914,-0.09551262855529785
0.5416558980941772,-0.3013821840286255,-0.0687483474612236
0.5981143712997437,-0.28415220975875854,-0.03537769615650177
0.6714403033256531,-0.27574193477630615,0.008934363722801208
0.7503411769866943,-0.27521878480911255,0.060818955302238464
0.8050134181976318,-0.2808695435523987,0.10808038711547852
0.8462703227996826,-0.2818841338157654,0.15099632740020752
0.8886067867279053,-0.28268593549728394,0.20380093157291412
0.9241559505462646,-0.2838994860649109,0.2651580572128296
0.9497702121734619,-0.28983551263809204,0.3365403711795807
0.9661404490470886,-0.3074374198913574,0.4152544140815735
0.9778785705566406,-0.34095150232315063,0.49806860089302063
0.990622341632843,-0.3795804977416992,0.5767273306846619
1.0079641342163086,-0.4068129062652588,0.6490515470504761
1.0235785245895386,-0.42437541484832764,0.7242064476013184
1.042223334312439,-0.433881938457489,0.7988584041595459
1.0658831596374512,-0.42968636751174927,0.8656764030456543
1.1028156280517578,-0.40169620513916016,0.9160062670707703
1.1609710454940796,-0.3426181674003601,0.9533646702766418
1.2419342994689941,-0.26111900806427,0.9797278046607971
1.3097939491271973,-0.18446451425552368,0.9972769618034363
1.3449195623397827,-0.15587157011032104,1.0024040937423706
1.3464947938919067,-0.17915689945220947,0.9919082522392273
1.3358060121536255,-0.22495049238204956,0.9637777805328369
1.3269500732421875,-0.25708818435668945,0.9067869186401367
1.3143397569656372,-0.2633114457130432,0.8443769216537476
1.2887189388275146,-0.25215739011764526,0.8056181073188782
1.260309100151062,-0.23765909671783447,0.7939478754997253
1.2380657196044922,-0.21662181615829468,0.7976200580596924
1.22508704662323,-0.18262040615081787,0.7956241369247437
1.2138161659240723,-0.1318543553352356,0.7846319079399109
1.1910717487335205,-0.0809255838394165,0.7586075067520142
1.1622445583343506,-0.042698681354522705,0.721246600151062
1.1363871097564697,-0.0161096453666687,0.6788849234580994
1.1133649349212646,0.006332755088806152,0.6422199606895447
1.0889718532562256,0.024191081523895264,0.6149563789367676
1.0517903566360474,0.03608626127243042,0.5931783318519592
0.9892436265945435,0.04706090688705444,0.5785514116287231
0.9130923748016357,0.06789672374725342,0.5652743577957153
0.8330098390579224,0.09777623414993286,0.5536266565322876
0.751427412033081,0.13456404209136963,0.5455825328826904
0.6718173623085022,0.17502361536026,0.5409284830093384
0.5939232110977173,0.20750808715820312,0.5305973291397095
0.514041543006897,0.23285818099975586,0.5176519155502319
0.4365720748901367,0.2528018355369568,0.5002015829086304
0.35739898681640625,0.2687760591506958,0.47359558939933777
0.2758110761642456,0.27893853187561035,0.4421703815460205
0.19600141048431396,0.27988094091415405,0.4073212742805481
0.11936789751052856,0.27815502882003784,0.3723510205745697
0.04375648498535156,0.2747008204460144,0.3327885866165161
-0.02287966012954712,0.26854485273361206,0.29159194231033325
-0.08428502082824707,0.26161015033721924,0.25408053398132324
-0.14253073930740356,0.2535170316696167,0.21585308015346527
-0.19728869199752808,0.24626481533050537,0.17876087129116058
-0.24613773822784424,0.23896050453186035,0.14608055353164673
-0.28890061378479004,0.22940105199813843,0.1179465651512146
-0.3296836018562317,0.21749043464660645,0.09273958951234818
-0.3682940602302551,0.19998061656951904,0.07665825635194778
-0.39876610040664673,0.18165618181228638,0.0671919658780098
-0.42481744289398193,0.1649969220161438,0.058560729026794434
-0.4432222843170166,0.1488819718360901,0.053649961948394775
-0.45156002044677734,0.13735896348953247,0.05316693335771561
-0.4506133794784546,0.12943241000175476,0.05747491866350174
-0.4366036057472229,0.12393072247505188,0.06861341744661331
-0.41138994693756104,0.12108460068702698,0.08662265539169312
-0.3853418827056885,0.1193208396434784,0.1045529916882515
-0.36190086603164673,0.12538331747055054,0.11758023500442505
-0.3313159942626953,0.1442064642906189,0.12495946884155273
-0.29613232612609863,0.17848196625709534,0.13230621814727783
-0.27909159660339355,0.20964094996452332,0.13893310725688934
-0.27741628885269165,0.2454567551612854,0.13348804414272308
-0.2616083025932312,0.3224816620349884,0.1050974577665329
-0.21526789665222168,0.4535551965236664,0.06008338928222656
-0.19258946180343628,0.5968011617660522,0.012584276497364044
-0.2622120976448059,0.6860684156417847,-0.026206180453300476
-0.4311928153038025,0.6951074600219727,-0.0514492392539978
-0.5988330841064453,0.6516752243041992,-0.06224215775728226
-0.6812524795532227,0.6123656034469604,-0.05132168531417847
-0.6739108562469482,0.6311302781105042,-0.013198845088481903
-0.6023027896881104,0.6990994215011597,0.04992777481675148
-0.4901666045188904,0.780431866645813,0.11173039674758911
-0.37319785356521606,0.8455071449279785,0.1581193208694458
-0.27078884840011597,0.894709587097168,0.20988011360168457
-0.20039105415344238,0.8869761228561401,0.27522140741348267
-0.17810487747192383,0.8007103204727173,0.36216795444488525
-0.1686180830001831,0.660886824131012,0.45867443084716797
-0.15082722902297974,0.501846432685852,0.5414790511131287
-0.10909348726272583,0.34624356031417847,0.599895179271698
-0.031572163105010986,0.22798120975494385,0.6109002232551575
0.07674109935760498,0.15770673751831055,0.5722842812538147
0.19601047039031982,0.1091773509979248,0.4946732521057129
0.2998811602592468,0.05868476629257202,0.4039745330810547
0.3781728148460388,0.007590055465698242,0.31437599658966064
0.4235095977783203,-0.04125487804412842,0.21921652555465698
0.4381757378578186,-0.08281087875366211,0.12208646535873413
0.43578392267227173,-0.11025738716125488,0.021961990743875504
0.4122452139854431,-0.14040178060531616,-0.07580173015594482
0.3795764446258545,-0.18252676725387573,-0.15817517042160034
0.34967494010925293,-0.23169457912445068,-0.22052282094955444
0.3246893286705017,-0.27822673320770264,-0.26326650381088257
0.30655694007873535,-0.31372642517089844,-0.2883378267288208
0.2956700921058655,-0.3340533971786499,-0.2961653470993042
0.2883584499359131,-0.3378475308418274,-0.2858906388282776
0.2874205708503723,-0.3309742212295532,-0.2532532811164856
0.305889368057251,-0.32052868604660034,-0.19206756353378296
0.3386508822441101,-0.31094086170196533,-0.1144716739654541
0.3647783398628235,-0.30033642053604126,-0.046248845756053925
0.39937669038772583,-0.2866708040237427,0.014743342995643616
0.44138428568840027,-0.2771487832069397,0.07163834571838379
0.49094536900520325,-0.27290016412734985,0.11986482888460159
0.5474008321762085,-0.27041906118392944,0.16154254972934723
0.6077008247375488,-0.2738081216812134,0.19738298654556274
0.664064347743988,-0.28351831436157227,0.22803175449371338
0.7166022658348083,-0.29676127433776855,0.25702255964279175
0.7658405303955078,-0.31344228982925415,0.28636327385902405
0.8010633587837219,-0.33286112546920776,0.3168252110481262
0.829486608505249,-0.35163700580596924,0.3447357416152954
0.8577117919921875,-0.37007278203964233,0.37254631519317627
0.886199951171875,-0.39132028818130493,0.4073459208011627
0.9132846593856812,-0.4183817505836487,0.44707927107810974
0.9447010159492493,-0.44366222620010376,0.4876481294631958
0.9814502000808716,-0.4726657271385193,0.5211929082870483
1.018764853477478,-0.5042012333869934,0.5494900345802307
1.0569177865982056,-0.5242205858230591,0.5703743696212769
1.0970274209976196,-0.5241701006889343,0.5880467891693115
1.1370068788528442,-0.504429817199707,0.5989940166473389
1.1844604015350342,-0.45516300201416016,0.5995631217956543
1.2372902631759644,-0.3699852228164673,0.5914042592048645
1.2966303825378418,-0.27177608013153076,0.5781577825546265
1.346815824508667,-0.20675230026245117,0.5751661062240601
1.3711559772491455,-0.1903478503227234,0.5806671977043152
1.368458867073059,-0.20698630809783936,0.5823936462402344
1.3567099571228027,-0.24061626195907593,0.5739259719848633
1.3463865518569946,-0.25837498903274536,0.5620472431182861
1.3302865028381348,-0.25430136919021606,0.5531200170516968
1.304085612297058,-0.2381466031074524,0.5612454414367676
1.2788450717926025,-0.21020811796188354,0.594636082649231
1.2441508769989014,-0.19836944341659546,0.6432738900184631
1.1998708248138428,-0.21465373039245605,0.6825757622718811
1.144099235534668,-0.23216313123703003,0.6914536952972412
1.069921612739563,-0.24483531713485718,0.6787525415420532
0.9914968013763428,-0.25020140409469604,0.6552233695983887
0.9250572919845581,-0.23491710424423218,0.6279273629188538
0.8640801906585693,-0.20734506845474243,0.6090266108512878
0.8126361966133118,-0.17725837230682373,0.6015510559082031
0.7671331167221069,-0.14715969562530518,0.6010087728500366
0.7250609397888184,-0.11300027370452881,0.6061804294586182
0.6835622787475586,-0.07867246866226196,0.6076903939247131
0.6433628797531128,-0.04048562049865723,0.6011316776275635
0.599467933177948,0.0014905333518981934,0.5864030718803406
0.5554149150848389,0.03874349594116211,0.5575472116470337
0.5047444701194763,0.06647253036499023,0.5202145576477051
0.4557635188102722,0.09270161390304565,0.4837949872016907
0.40489745140075684,0.11458539962768555,0.4443047344684601
0.35591286420822144,0.13830041885375977,0.40575817227363586
0.3037183880805969,0.15710920095443726,0.3720173239707947
0.24783527851104736,0.17734718322753906,0.33940619230270386
0.18856698274612427,0.1959323287010193,0.3082759380340576
0.12939327955245972,0.21176403760910034,0.2830420136451721
0.0685608983039856,0.22644567489624023,0.2634587287902832
0.004331350326538086,0.23186379671096802,0.24436363577842712
-0.06388306617736816,0.23207300901412964,0.224949911236763
-0.1353183388710022,0.22321921586990356,0.19918972253799438
-0.20453906059265137,0.19311106204986572,0.16840429604053497
-0.2701077461242676,0.15935593843460083,0.13498683273792267
-0.3303101062774658,0.12926560640335083,0.09794659912586212
-0.3747721314430237,0.11090826988220215,0.07144767045974731
-0.41309183835983276,0.09147709608078003,0.06170018017292023
-0.4492335319519043,0.06446129083633423,0.06329703330993652
-0.4744756817817688,0.05009615421295166,0.069999098777771
-0.5003708600997925,0.05137255787849426,0.07615460455417633
-0.5325976014137268,0.06826773285865784,0.07811573147773743
-0.5580747723579407,0.09679999947547913,0.08151586353778839
-0.5865638256072998,0.11007779836654663,0.09202343225479126
-0.619571328163147,0.12779474258422852,0.09855018556118011
-0.6664466857910156,0.16620630025863647,0.09023235738277435
-0.7250571846961975,0.20718345046043396,0.07644451409578323
-0.7637137770652771,0.24580907821655273,0.07300543785095215
-0.7660645246505737,0.2757416367530823,0.0822189450263977
-0.6717200875282288,0.3121259808540344,0.1081162840127945
-0.4741785526275635,0.35983800888061523,0.1471427083015442
-0.22402477264404297,0.43104004859924316,0.18439358472824097
0.03245443105697632,0.5087240934371948,0.22092266380786896
0.21017545461654663,0.5209855437278748,0.27114683389663696
0.2924656867980957,0.4468485116958618,0.3416332006454468
0.3773254156112671,0.3554624319076538,0.41359180212020874
0.4931328296661377,0.3021571636199951,0.45730239152908325
0.5864737629890442,0.2895953059196472,0.463482141494751
0.6393440365791321,0.2905542850494385,0.42513442039489746
0.6359860301017761,0.2890923023223877,0.35117948055267334
0.5789715051651001,0.2838311195373535,0.26457443833351135
0.4894788861274719,0.26418328285217285,0.1936126947402954
0.37770336866378784,0.21901702880859375,0.15309172868728638
0.2492939829826355,0.1438494324684143,0.14718343317508698
0.14147305488586426,0.06591576337814331,0.18144464492797852
0.07857662439346313,0.02207118272781372,0.23516064882278442
0.07116854190826416,0.012494564056396484,0.285605251789093
0.09247821569442749,0.011884629726409912,0.3137112855911255
0.11307162046432495,0.012249112129211426,0.30789756774902344
0.10563349723815918,0.007090866565704346,0.27204596996307373
0.08486777544021606,-0.004853367805480957,0.2239263653755188
0.05471426248550415,-0.024710237979888916,0.17420238256454468
0.00823134183883667,-0.05622506141662598,0.12352543324232101
-0.047737061977386475,-0.08870762586593628,0.06431519985198975
-0.11641800403594971,-0.12212246656417847,-0.0017669759690761566
-0.18123072385787964,-0.16016143560409546,-0.06330013275146484
-0.22963476181030273,-0.1969342827796936,-0.11942183971405029
-0.255814790725708,-0.22962164878845215,-0.15728628635406494
-0.2722465395927429,-0.2634251117706299,-0.17252445220947266
-0.2756900191307068,-0.29344385862350464,-0.17380934953689575
-0.26960545778274536,-0.31094324588775635,-0.16526943445205688
-0.26742851734161377,-0.31796950101852417,-0.15011221170425415
-0.2652546763420105,-0.31638431549072266,-0.12764108180999756
-0.26698780059814453,-0.31098097562789917,-0.10237704962491989
-0.27330446243286133,-0.3055105209350586,-0.08396261930465698
-0.27738767862319946,-0.3019380569458008,-0.06634371727705002
-0.2812647819519043,-0.3003661036491394,-0.04669684171676636
-0.27932846546173096,-0.2966681718826294,-0.022171728312969208
-0.273800790309906,-0.2879524827003479,0.0016193464398384094
-0.26197701692581177,-0.27785080671310425,0.020562171936035156
-0.23790979385375977,-0.26905393600463867,0.03833584487438202
-0.194175124168396,-0.2635204792022705,0.05522973835468292
-0.13073259592056274,-0.25128477811813354,0.08678489923477173
-0.07213538885116577,-0.22713494300842285,0.12852425873279572
0.0005340576171875,-0.20567655563354492,0.16877281665802002
0.09156334400177002,-0.19606280326843262,0.20645242929458618
0.20693790912628174,-0.19068318605422974,0.2427021861076355
0.3498052954673767,-0.19492530822753906,0.2881731390953064
0.4984431266784668,-0.22613060474395752,0.34238535165786743
0.6406722664833069,-0.2756028175354004,0.39503246545791626
0.7778602838516235,-0.3203020691871643,0.4266228973865509
0.9199872612953186,-0.3536831736564636,0.43802040815353394
1.049516201019287,-0.3873368501663208,0.42905426025390625
1.1766592264175415,-0.398933470249176,0.39222508668899536
1.3119430541992188,-0.3659723401069641,0.3304857015609741
1.4507677555084229,-0.29740428924560547,0.27251362800598145
1.5640794038772583,-0.2300395369529724,0.24426263570785522
1.6397024393081665,-0.2010241150856018,0.2435017228126526
1.6716344356536865,-0.22461342811584473,0.24042180180549622
1.6604622602462769,-0.30661720037460327,0.23249417543411255
1.6488924026489258,-0.4256781339645386,0.21364834904670715
1.6409003734588623,-0.5242770314216614,0.1787148416042328
1.628785490989685,-0.5763512849807739,0.15459659695625305
1.613718032836914,-0.578369140625,0.176500141620636
1.5982930660247803,-0.544400691986084,0.25932538509368896
1.5702741146087646,-0.4874524474143982,0.3853987455368042
1.510886788368225,-0.41740483045578003,0.5089077949523926
1.404344081878662,-0.3395581841468811,0.602889895439148
1.259971261024475,-0.2659751772880554,0.6580994725227356
1.1080384254455566,-0.19973188638687134,0.6953714489936829
0.95921790599823,-0.14554977416992188,0.719853401184082
0.8226604461669922,-0.11666005849838257,0.7413462400436401
0.7010287046432495,-0.10132306814193726,0.764068603515625
0.5909953117370605,-0.08943372964859009,0.7907513380050659
0.5034778714179993,-0.08145397901535034,0.81766676902771
0.4320923089981079,-0.0714605450630188,0.8327541947364807
0.3677237629890442,-0.05546814203262329,0.8310023546218872
0.31809043884277344,-0.03464090824127197,0.8053992986679077
0.2871273159980774,-0.006026089191436768,0.7475631237030029
0.2684059143066406,0.017113029956817627,0.669529378414154
0.2420881986618042,0.01574552059173584,0.5974963903427124
0.2114003300666809,0.0039923787117004395,0.5279288291931152
0.17867964506149292,-0.006591498851776123,0.4591645300388336
0.14177006483078003,-0.016741454601287842,0.390718013048172
0.10372734069824219,-0.029958665370941162,0.3292428255081177
0.06772798299789429,-0.04530227184295654,0.27213260531425476
0.03667140007019043,-0.0562625527381897,0.22141647338867188
0.004653990268707275,-0.06738775968551636,0.17759132385253906
-0.028725147247314453,-0.07899868488311768,0.14115440845489502
-0.06261557340621948,-0.08292055130004883,0.11062446236610413
-0.1015961766242981,-0.08619701862335205,0.09022992849349976
-0.13722848892211914,-0.09079849720001221,0.07449665665626526
-0.1651453971862793,-0.0903739333152771,0.06336697936058044
-0.17892754077911377,-0.08058589696884155,0.06173601746559143
-0.1964414119720459,-0.07280981540679932,0.06353308260440826
-0.21285945177078247,-0.05527329444885254,0.060802161693573
-0.20599186420440674,-0.024257302284240723,0.057973384857177734
-0.21553713083267212,-0.005399465560913086,0.060334429144859314
-0.2617957592010498,-0.001906275749206543,0.05769483745098114
-0.3333343267440796,0.03713977336883545,0.046079158782958984
-0.45082545280456543,0.09667062759399414,0.027296483516693115
-0.6129440665245056,0.14416253566741943,0.00010131299495697021
-0.7932109832763672,0.17897748947143555,-0.02630215883255005
-0.9547849893569946,0.20518356561660767,-0.05440486967563629
-1.0448426008224487,0.22113913297653198,-0.06152255833148956
-1.0310633182525635,0.2447623610496521,-0.03530661761760712
-0.8990060687065125,0.3132610321044922,0.023404061794281006
-0.690215528011322,0.40523791313171387,0.09766592085361481
-0.4739641547203064,0.47443681955337524,0.18828870356082916
-0.25183457136154175,0.5124807357788086,0.272780179977417
-0.014081835746765137,0.5515632629394531,0.3389710783958435
0.2293562889099121,0.5842142105102539,0.3990105390548706
0.46300482749938965,0.570484459400177,0.4689238667488098
0.644662618637085,0.468730092048645,0.5564460158348083
0.7433618307113647,0.2781292796134949,0.6555019617080688
0.8096342086791992,0.058949053287506104,0.7156928181648254
0.8810185790061951,-0.11448657512664795,0.6983519792556763
0.9501713514328003,-0.20099902153015137,0.6037449836730957
1.0030885934829712,-0.20091867446899414,0.45510536432266235
1.0061748027801514,-0.1559298038482666,0.30198824405670166
0.9361072182655334,-0.08150148391723633,0.17334961891174316
0.8434503674507141,0.015872538089752197,0.1008177399635315
0.7692065238952637,0.09918886423110962,0.09232679009437561
0.6856947541236877,0.11308544874191284,0.1584828495979309
0.5880743265151978,0.08586078882217407,0.2576825022697449
0.4992108941078186,0.06758582592010498,0.3285369873046875
0.43623024225234985,0.06879711151123047,0.36297810077667236
0.37015652656555176,0.08156603574752808,0.3595716953277588
0.278846800327301,0.08951151371002197,0.326068639755249
0.18184781074523926,0.09004348516464233,0.2716955542564392
0.08699506521224976,0.07809185981750488,0.2033090740442276
-0.014266908168792725,0.05743145942687988,0.13118082284927368
-0.11835956573486328,0.02574819326400757,0.05472290515899658
-0.20924854278564453,-0.017026543617248535,-0.02263510227203369
-0.2824024558067322,-0.06882369518280029,-0.09235858172178268
-0.3333250880241394,-0.1294521689414978,-0.14398467540740967
-0.36312198638916016,-0.18475055694580078,-0.17943549156188965
-0.3762102723121643,-0.2301744818687439,-0.2008678913116455
-0.3838682174682617,-0.2658466696739197,-0.20745974779129028
-0.3914613723754883,-0.29524117708206177,-0.21464413404464722
-0.39957910776138306,-0.31280049681663513,-0.22522950172424316
-0.4102955460548401,-0.31873905658721924,-0.23270392417907715
-0.41599881649017334,-0.31099066138267517,-0.23868030309677124
-0.40877169370651245,-0.2936108112335205,-0.24350839853286743
-0.3892301321029663,-0.2771892845630646,-0.2457403540611267
-0.37456411123275757,-0.26571938395500183,-0.24645966291427612
-0.36948925256729126,-0.24982619285583496,-0.24270707368850708
-0.36816006898880005,-0.2240283489227295,-0.23229730129241943
-0.3661348223686218,-0.19588881731033325,-0.21462440490722656
-0.3538476824760437,-0.17213433980941772,-0.18474531173706055
-0.3278372287750244,-0.1591992974281311,-0.13801854848861694
-0.2961574196815491,-0.1502838134765625,-0.08803141117095947
-0.25081586837768555,-0.1403377652168274,-0.047588884830474854
-0.1939823031425476,-0.1400095820426941,-0.007183007895946503
-0.13102620840072632,-0.1483212113380432,0.03987479209899902
-0.05607420206069946,-0.15396416187286377,0.08868609368801117
0.0220949649810791,-0.16373354196548462,0.14001749455928802
0.10485917329788208,-0.17459964752197266,0.18611623346805573
0.19300514459609985,-0.17985820770263672,0.22163359820842743
0.29135793447494507,-0.1861894726753235,0.24363049864768982
0.40480220317840576,-0.20210427045822144,0.2552311420440674
0.5220215916633606,-0.2373315691947937,0.2569085359573364
0.6561850309371948,-0.2764275074005127,0.2503696084022522
0.8022058606147766,-0.31444311141967773,0.23119603097438812
0.9368728399276733,-0.3582128882408142,0.1972559094429016
1.0561034679412842,-0.39587193727493286,0.1499684453010559
1.15005362033844,-0.41386324167251587,0.09442096948623657
1.2165900468826294,-0.42385798692703247,0.03990381956100464
1.2674516439437866,-0.4272533655166626,-0.00989881157875061
1.3187601566314697,-0.4137994050979614,-0.04858854413032532
1.367341160774231,-0.3846437931060791,-0.0711488425731659
1.388763427734375,-0.37107133865356445,-0.06656789779663086
1.3709897994995117,-0.39820051193237305,-0.029504388570785522
1.3298768997192383,-0.4345880150794983,0.023485541343688965
1.2896614074707031,-0.4492703080177307,0.07636147737503052
1.2515764236450195,-0.4361838102340698,0.1420583724975586
1.2170305252075195,-0.3942217230796814,0.22862288355827332
1.1883307695388794,-0.33209800720214844,0.33279216289520264
1.1665599346160889,-0.26674920320510864,0.4512118399143219
1.1354129314422607,-0.22550910711288452,0.5651426315307617
1.0792689323425293,-0.21442031860351562,0.6584840416908264
1.0078444480895996,-0.21441233158111572,0.7258651256561279
0.9298241138458252,-0.214205801486969,0.7655530571937561
0.8531808853149414,-0.21463197469711304,0.785398006439209
0.7891173958778381,-0.21887409687042236,0.7948692440986633
0.7371137142181396,-0.2229175567626953,0.7964922189712524
0.6963564157485962,-0.21696919202804565,0.7969207763671875
0.6613174080848694,-0.19811910390853882,0.8000195026397705
0.6311892867088318,-0.16904932260513306,0.8004255890846252
0.6080626845359802,-0.13867813348770142,0.797859787940979
0.5876936316490173,-0.11021703481674194,0.789897620677948
0.5691072940826416,-0.07047426700592041,0.7631510496139526
0.5502626895904541,-0.041268110275268555,0.7251105308532715
0.523949146270752,-0.03139370679855347,0.6810998916625977
0.4920979142189026,-0.028465330600738525,0.6238930225372314
0.45341455936431885,-0.02474278211593628,0.5623083114624023
0.40640711784362793,-0.026465535163879395,0.4977002441883087
0.354856014251709,-0.03262174129486084,0.43558672070503235
0.3025623559951782,-0.034169673919677734,0.3827953338623047
0.24933737516403198,-0.03269660472869873,0.3389245271682739
0.1946570873260498,-0.029820024967193604,0.3065279722213745
0.14291292428970337,-0.02180159091949463,0.2842094600200653
0.09440076351165771,-0.007676959037780762,0.2691909074783325
0.047347962856292725,0.00857400894165039,0.26102155447006226
0.0015358328819274902,0.026206910610198975,0.2534502446651459
-0.04618382453918457,0.04550141096115112,0.24838095903396606
-0.09418630599975586,0.06275516748428345,0.24562320113182068
-0.14423251152038574,0.07826471328735352,0.24847573041915894
-0.19904017448425293,0.0837012529373169,0.25364160537719727
-0.2515336871147156,0.08346593379974365,0.2596132755279541
-0.2975521683692932,0.07782486081123352,0.26638495922088623
-0.3407360911369324,0.07126244902610779,0.2700859010219574
-0.37229037284851074,0.06344985961914062,0.27054673433303833
-0.38997554779052734,0.058167994022369385,0.266387939453125
-0.4023049473762512,0.051327407360076904,0.2590901255607605
-0.40532124042510986,0.04719507694244385,0.2495732456445694
-0.40683501958847046,0.03980693221092224,0.23938412964344025
-0.40482211112976074,0.03324505686759949,0.22673065960407257
-0.3956019878387451,0.026716768741607666,0.2108277678489685
-0.3881303668022156,0.01934748888015747,0.19565176963806152
-0.3883565068244934,0.01633194088935852,0.17703790962696075
-0.3863064646720886,0.023201316595077515,0.15305954217910767
-0.3727686405181885,0.042881935834884644,0.12169419229030609
-0.3615875840187073,0.06786620616912842,0.09998446702957153
-0.3434264659881592,0.08901730179786682,0.09466719627380371
-0.2763155698776245,0.11042419075965881,0.0911891907453537
-0.1749706268310547,0.13847506046295166,0.08510546386241913
-0.02870965003967285,0.17815858125686646,0.0725439190864563
0.13433027267456055,0.2254202961921692,0.05466257780790329
0.2524041533470154,0.23866277933120728,0.05931108444929123
0.2845207452774048,0.19713544845581055,0.09198397397994995
0.25982916355133057,0.13094502687454224,0.126503586769104
0.24197465181350708,0.08507239818572998,0.14755189418792725
0.25718891620635986,0.08052593469619751,0.15338754653930664
0.3055732846260071,0.107371985912323,0.15257441997528076
0.3736199736595154,0.15420746803283691,0.1482260823249817
0.4228886365890503,0.2077953815460205,0.13164520263671875
0.42928946018218994,0.2573227286338806,0.10400223731994629
0.3845764994621277,0.2820431590080261,0.07726389169692993
0.2805919647216797,0.2641071081161499,0.06703859567642212
0.14577710628509521,0.19773471355438232,0.0849422812461853
0.037795305252075195,0.10146498680114746,0.12424683570861816
-0.030831336975097656,0.0035238265991210938,0.1647498607635498
-0.06625276803970337,-0.074099600315094,0.19381511211395264
-0.07296794652938843,-0.1262379288673401,0.2078777551651001
-0.05914360284805298,-0.1546681523323059,0.20676833391189575
-0.040527284145355225,-0.1640889048576355,0.1863471269607544
-0.023309707641601562,-0.15576815605163574,0.16200578212738037
-0.0027884840965270996,-0.14180642366409302,0.14844048023223877
-0.0014057159423828125,-0.13565778732299805,0.13647770881652832
-0.023848652839660645,-0.139906108379364,0.12396705150604248
-0.053734779357910156,-0.1369720697402954,0.1064990758895874
-0.08649104833602905,-0.12991631031036377,0.0843273401260376
-0.12466037273406982,-0.1434367299079895,0.06443500518798828
-0.16632604598999023,-0.1794162392616272,0.055050499737262726
-0.19276612997055054,-0.21382588148117065,0.04572140797972679
-0.2015591263771057,-0.24146008491516113,0.027570359408855438
-0.21199500560760498,-0.26243531703948975,-0.0041751861572265625
-0.20310580730438232,-0.2651873826980591,-0.037263624370098114
-0.19622766971588135,-0.2636842727661133,-0.06898153573274612
-0.1798933744430542,-0.23664891719818115,-0.08639013767242432
-0.15727359056472778,-0.23111921548843384,-0.05953669548034668
-0.153656005859375,-0.2276763916015625,-0.007853269577026367
-0.11358338594436646,-0.18176615238189697,0.040926214307546616
-0.08806115388870239,-0.18985885381698608,0.10858738422393799
-0.10485851764678955,-0.23338407278060913,0.17282438278198242
-0.09033060073852539,-0.2706282138824463,0.21098828315734863
-0.09026294946670532,-0.33973783254623413,0.24903643131256104
-0.0022009611129760742,-0.3023919463157654,0.26791441440582275
0.09310519695281982,-0.2285553216934204,0.2765282392501831
0.20954298973083496,-0.14317524433135986,0.27779948711395264
0.30325889587402344,-0.12034934759140015,0.3095107078552246
0.3081384301185608,-0.17368847131729126,0.4115711450576782
0.3040734529495239,-0.23309993743896484,0.5285968780517578
0.3346545100212097,-0.24321335554122925,0.6116083264350891
0.3572494387626648,-0.24034398794174194,0.6584996581077576
0.3305320739746094,-0.284281849861145,0.6916972398757935
0.2953699231147766,-0.3369705080986023,0.7078773379325867
0.2861209511756897,-0.35010629892349243,0.7064654231071472
0.2793862223625183,-0.34392881393432617,0.6959086656570435
0.2788979411125183,-0.34626710414886475,0.6818670034408569
0.30532342195510864,-0.34610098600387573,0.6715133190155029
0.36275720596313477,-0.3198176622390747,0.6696158051490784
0.4527994394302368,-0.2578916549682617,0.6810891032218933
0.5571693181991577,-0.164303719997406,0.7105705142021179
0.6427563428878784,-0.08082431554794312,0.7671314477920532
0.7087688446044922,-0.06017935276031494,0.8490908145904541
0.7542652487754822,-0.09924930334091187,0.9160020351409912
0.7862637042999268,-0.14810502529144287,0.9528253078460693
0.818809986114502,-0.16517853736877441,0.9479964971542358
0.8304952383041382,-0.13170409202575684,0.9009644389152527
0.8077175617218018,-0.05893266201019287,0.8500650525093079
0.7764521241188049,0.02894449234008789,0.8349776268005371
0.7441659569740295,0.09150367975234985,0.8631417751312256
0.6947236657142639,0.09354567527770996,0.9273456335067749
0.6252852082252502,0.03629964590072632,1.00750732421875
0.5618854761123657,-0.046686768531799316,1.0818519592285156
0.5176807641983032,-0.12106752395629883,1.1250193119049072
0.4839385151863098,-0.15928637981414795,1.1094070672988892
0.4479601979255676,-0.15601599216461182,1.0464839935302734
0.41063088178634644,-0.12073647975921631,0.964989423751831
0.37281227111816406,-0.07226365804672241,0.8988238573074341
0.33168989419937134,-0.031962692737579346,0.8657040596008301
0.2875540852546692,-0.009199321269989014,0.8550025820732117
0.24853038787841797,0.004584252834320068,0.8450515270233154
0.21862834692001343,0.017291128635406494,0.8261264562606812
0.19647175073623657,0.028837919235229492,0.7878186106681824
0.17616724967956543,0.031120657920837402,0.7407070994377136
0.15914982557296753,0.02247929573059082,0.6879284977912903
0.14254730939865112,0.009642422199249268,0.630836009979248
0.1181497573852539,-0.0011348128318786621,0.5687552690505981
0.0863962173461914,-0.010043442249298096,0.5042356252670288
0.049440979957580566,-0.01820594072341919,0.4355916380882263
0.015618979930877686,-0.023677587509155273,0.3713662624359131
-0.007583200931549072,-0.02380591630935669,0.3185259699821472
-0.015210449695587158,-0.01996058225631714,0.2670277953147888
-0.01685190200805664,-0.011840343475341797,0.21549546718597412
-0.01877760887145996,-0.008347421884536743,0.16602998971939087
-0.024765610694885254,-0.010110676288604736,0.1119346022605896
-0.02833312749862671,-0.0033538341522216797,0.052646443247795105
-0.03127861022949219,0.0012052655220031738,0.007924795150756836
-0.01814824342727661,-0.0004928410053253174,-0.014816813170909882
0.011619210243225098,0.00393986701965332,-0.031038038432598114
0.04020273685455322,0.006306111812591553,-0.051182981580495834
0.056575119495391846,-0.0013357102870941162,-0.07616156339645386
0.07042825222015381,-0.0022942423820495605,-0.09931552410125732
0.08558613061904907,-0.0003979802131652832,-0.10775697231292725
0.09872514009475708,-0.000846177339553833,-0.09600532054901123
0.11738961935043335,0.008137404918670654,-0.06673764437437057
0.14726221561431885,0.028925061225891113,-0.02646768093109131
0.1517026424407959,0.06976127624511719,0.008116133511066437
0.11794418096542358,0.11666345596313477,0.02508341521024704
0.10505920648574829,0.17961515486240387,0.03263615816831589
0.11128544807434082,0.2543090581893921,0.06777988374233246
0.1324039101600647,0.3370310962200165,0.12431704252958298
0.17943155765533447,0.4113083481788635,0.20566678047180176
0.26939475536346436,0.42860519886016846,0.3296858072280884
0.3728334307670593,0.42732158303260803,0.46863433718681335
0.4148920178413391,0.4612785577774048,0.5899269580841064
0.4470992088317871,0.5164815187454224,0.6754271984100342
0.4721677303314209,0.5493110418319702,0.7014071941375732
0.42550474405288696,0.5671635270118713,0.6239814758300781
0.3538414239883423,0.5696460604667664,0.4920620918273926
0.33935409784317017,0.5454152226448059,0.36945557594299316
0.41093969345092773,0.4992947578430176,0.29420769214630127
0.5338964462280273,0.430681437253952,0.23888681828975677
0.6067075133323669,0.3739263713359833,0.10997579991817474
0.6218990683555603,0.3085867464542389,0.11977921426296234
0.49010568857192993,0.190557599067688,0.10072764754295349
0.2683902978897095,0.06502014398574829,0.08405056595802307
0.0947759747505188,-0.023818761110305786,0.19326961040496826
-0.006909787654876709,-0.06447780132293701,0.2688259184360504
-0.07265937328338623,-0.04927954077720642,0.34643876552581787
-0.11401760578155518,-0.0010509788990020752,0.4850708842277527
-0.12639105319976807,0.01605147123336792,0.6243776082992554
-0.08629316091537476,0.03303647041320801,0.7178757190704346
-0.00820070505142212,0.07818201184272766,0.7643284201622009
0.05964541435241699,0.12395992875099182,0.7779110670089722
0.1352996826171875,0.15936559438705444,0.7677481770515442
0.20585322380065918,0.190238356590271,0.7373380661010742
0.2391929030418396,0.21568334102630615,0.6880813837051392
0.2257329821586609,0.24067598581314087,0.6286765933036804
0.19824975728988647,0.26743483543395996,0.5801238417625427
0.2038564682006836,0.2848486304283142,0.5405368804931641
0.21746057271957397,0.3096703290939331,0.492992103099823
0.2179906964302063,0.35397958755493164,0.4219997227191925
0.20887398719787598,0.4054836630821228,0.34039631485939026
0.17478424310684204,0.45644354820251465,0.28508809208869934
0.13638269901275635,0.4967727065086365,0.27056682109832764
0.09315112233161926,0.519427478313446,0.29307469725608826
0.0302620530128479,0.533603847026825,0.3221413195133209
-0.05341678857803345,0.5531958937644958,0.34674420952796936
-0.16987648606300354,0.554052472114563,0.37020134925842285
-0.2885917127132416,0.5392223000526428,0.39556601643562317
-0.38936150074005127,0.5327562093734741,0.4261479377746582
-0.46531128883361816,0.5504947900772095,0.45441126823425293
-0.5155266523361206,0.5877576470375061,0.48644936084747314
-0.5742853283882141,0.640409529209137,0.5100847482681274
-0.6503682136535645,0.7056394815444946,0.5104415416717529
-0.6869068741798401,0.7708752155303955,0.49213457107543945
-0.6787455677986145,0.8207849264144897,0.5047526955604553
-0.6760825514793396,0.8607086539268494,0.5211046934127808
-0.6759160757064819,0.8857806324958801,0.5408144593238831
-0.6726272106170654,0.9060571193695068,0.5688281655311584
-0.6747804284095764,0.9310055375099182,0.6017128825187683
-0.6784084439277649,0.945372998714447,0.6531098484992981
-0.7039443254470825,0.9508132338523865,0.7270176410675049
-0.7131674885749817,0.9678860306739807,0.8155672550201416
-0.7076146006584167,0.9973771572113037,0.9253813624382019
-0.693091094493866,1.02620530128479,1.0398396253585815
-0.7271566987037659,1.0696693658828735,1.120809555053711
-0.8119195103645325,1.1422563791275024,1.1844184398651123
-0.8826544880867004,1.213792324066162,1.260035753250122
-0.8848137855529785,1.2339110374450684,1.3223949670791626
-0.8440501689910889,1.2164907455444336,1.3241361379623413
-0.7985057234764099,1.2195326089859009,1.30299711227417
-0.7144562005996704,1.2229748964309692,1.2927091121673584
-0.6199463605880737,1.2077993154525757,1.2873916625976562
-0.5229352712631226,1.1504145860671997,1.278496265411377
-0.40425288677215576,1.0864481925964355,1.2460240125656128
-0.31471699476242065,1.0474086999893188,1.2368943691253662
-0.25015008449554443,1.0060622692108154,1.2433385848999023
-0.17450636625289917,0.9771988391876221,1.2566003799438477
-0.09924018383026123,0.9659825563430786,1.280304193496704
-0.0184023380279541,0.9622707366943359,1.3166563510894775
0.04344773292541504,1.0056281089782715,1.3505806922912598
0.056565284729003906,1.1308314800262451,1.3601064682006836
0.03213620185852051,1.3227986097335815,1.3309357166290283
0.04625421762466431,1.490355134010315,1.3240916728973389
0.19685721397399902,1.6686863899230957,1.3733649253845215
0.5357875227928162,1.8779839277267456,1.4823957681655884
1.0189294815063477,2.067945957183838,1.5848705768585205
1.5014209747314453,2.2497174739837646,1.5961220264434814
1.8498246669769287,2.357114553451538,1.4973269701004028
2.094700813293457,2.3387932777404785,1.3409357070922852
2.354740858078003,2.3148281574249268,1.2004971504211426
2.6583356857299805,2.3670902252197266,1.0456284284591675
2.982975721359253,2.503188371658325,0.7627161741256714
3.2286651134490967,2.5952277183532715,0.33569929003715515
3.3378207683563232,2.442880153656006,-0.20372506976127625
3.2605369091033936,2.139127254486084,-0.8648616075515747
3.0692148208618164,1.9334380626678467,-1.5011941194534302
2.7627952098846436,1.72288179397583,-1.8199775218963623
2.4630379676818848,1.586442470550537,-1.8210105895996094
2.2095718383789062,1.5919196605682373,-1.5978069305419922
1.9897624254226685,1.6520007848739624,-1.1829895973205566
1.8192641735076904,1.7463181018829346,-0.6936054825782776
1.6643484830856323,1.829350233078003,-0.2302681803703308
1.5071691274642944,1.8846614360809326,0.11501657962799072
1.341174840927124,1.9380009174346924,0.29739004373550415
1.1690607070922852,1.9778118133544922,0.2787875533103943
1.016240119934082,1.9884463548660278,0.12663334608078003
0.8902177810668945,1.9894404411315918,-0.1142188310623169
0.7804845571517944,1.9713753461837769,-0.3921396732330322
0.6861498355865479,1.9317011833190918,-0.6469447612762451
0.5935657620429993,1.86509370803833,-0.8756408095359802
0.5259917974472046,1.7854326963424683,-1.0569515228271484
0.4668639302253723,1.7117289304733276,-1.1754343509674072
0.4135751724243164,1.6615653038024902,-1.245910406112671
0.38467854261398315,1.6432406902313232,-1.2733972072601318
0.34672266244888306,1.6357338428497314,-1.2729891538619995
0.30496448278427124,1.6355504989624023,-1.2690143585205078
0.2802797853946686,1.6525194644927979,-1.269683837890625
0.2399516999721527,1.6769230365753174,-1.2798361778259277
0.18744125962257385,1.6852437257766724,-1.2915263175964355
0.14751426875591278,1.6673345565795898,-1.2753279209136963
0.1253374218940735,1.6176068782806396,-1.2337257862091064
0.14589816331863403,1.5394880771636963,-1.180678367614746
0.19872552156448364,1.4518370628356934,-1.1439776420593262
0.24735091626644135,1.3766980171203613,-1.1458144187927246
0.27643024921417236,1.322503924369812,-1.177188754081726
0.29792487621307373,1.2868351936340332,-1.2250689268112183
0.31704241037368774,1.2537044286727905,-1.263259768486023
0.3233684003353119,1.225739598274231,-1.2925270795822144
0.30608993768692017,1.1928719282150269,-1.300070881843567
0.3103252947330475,1.1253061294555664,-1.285203218460083
0.35755449533462524,1.033891201019287,-1.264829397201538
0.4235333502292633,0.9377565383911133,-1.2394384145736694
0.47010743618011475,0.8832356929779053,-1.2309755086898804
0.5157976150512695,0.8950775265693665,-1.2182903289794922
0.6105153560638428,0.9538881778717041,-1.1834869384765625
0.7478683590888977,1.0323436260223389,-1.0803457498550415
0.8951066136360168,1.141646146774292,-0.883324384689331
1.0078082084655762,1.278043508529663,-0.641547441482544
1.096549153327942,1.3651987314224243,-0.40952110290527344
1.2117736339569092,1.3650575876235962,-0.18432611227035522
1.3519147634506226,1.3236514329910278,0.057105183601379395
1.5916695594787598,1.3284637928009033,0.2756778597831726
1.8966947793960571,1.3920567035675049,0.557020366191864
2.166576385498047,1.4431599378585815,0.976494550704956
2.2296371459960938,1.4743937253952026,1.4966442584991455
2.072094440460205,1.5301876068115234,2.096491813659668
1.7964506149291992,1.5974757671356201,2.7611472606658936
1.525235891342163,1.5957560539245605,3.4512829780578613
1.2792085409164429,1.485033631324768,4.029153347015381
1.1143275499343872,1.374302864074707,4.3117523193359375
1.0789976119995117,1.2855687141418457,4.167285919189453
1.058078646659851,1.238908290863037,3.6251142024993896
0.9256414771080017,1.2211577892303467,2.9766597747802734
0.6310063600540161,1.2216402292251587,2.42099666595459
0.3160002827644348,1.2323570251464844,1.9887081384658813
-0.020131826400756836,1.2227274179458618,1.6844940185546875
-0.25540101528167725,1.2189518213272095,1.4380512237548828
-0.3370594382286072,1.2406220436096191,1.2257275581359863
-0.35030949115753174,1.2731480598449707,1.0610054731369019
-0.3967951536178589,1.326337456703186,0.9521108865737915
-0.5162858366966248,1.3980789184570312,0.922645628452301
-0.6122727990150452,1.4738093614578247,0.9679508209228516
-0.6619968414306641,1.5402283668518066,1.0256664752960205
-0.7200829386711121,1.6105164289474487,1.0453157424926758
-0.7615693211555481,1.6969666481018066,1.0384976863861084
-0.791885256767273,1.7836039066314697,1.0079762935638428
-0.8308446407318115,1.8886911869049072,0.9698915481567383
-0.8556610941886902,1.9994803667068481,0.9540894031524658
-0.8599490523338318,2.116278648376465,0.9638949632644653
-0.8642938733100891,2.2307095527648926,0.992882490158081
-0.9298023581504822,2.370870590209961,0.9786169528961182
-1.0420176982879639,2.4826786518096924,0.9169695377349854
-1.195732593536377,2.5299017429351807,0.8063815832138062
-1.3760180473327637,2.4754092693328857,0.716151237487793
-1.4832559823989868,2.353825569152832,0.7287013530731201
-1.5122907161712646,2.2098069190979004,0.8227379322052002
-1.5023400783538818,2.068960189819336,0.9226554036140442
-1.4519598484039307,1.958249568939209,0.9936578273773193
-1.3851789236068726,1.9049463272094727,1.037563681602478
-1.2678818702697754,1.91083562374115,1.080298900604248
-1.113029956817627,1.9713886976242065,1.1023085117340088
-0.8782939910888672,2.107563018798828,1.0821067094802856
-0.5166769623756409,2.3027007579803467,1.0343616008758545
-0.0975068211555481,2.505666971206665,0.9946762919425964
0.3483578562736511,2.7027792930603027,0.9827452301979065
0.7938265204429626,2.8337998390197754,0.9886353015899658
1.1763191223144531,2.874908447265625,0.9524278044700623
1.5307053327560425,2.8060476779937744,0.8656561374664307
1.9466372728347778,2.6010499000549316,0.7632088661193848
2.3243765830993652,2.42976975440979,0.6439490914344788
2.645169973373413,2.3418283462524414,0.5227799415588379
2.895200729370117,2.0500407218933105,0.42917853593826294
2.988847255706787,1.6836751699447632,0.30596280097961426
3.060401439666748,1.4558780193328857,0.14118051528930664
3.189561605453491,1.3331964015960693,-0.06678152084350586
3.2439825534820557,1.2050862312316895,-0.24476253986358643
3.1687443256378174,0.9596418142318726,-0.31109294295310974
3.106019973754883,0.854938805103302,-0.41353267431259155
3.0759661197662354,0.9627996683120728,-0.7978737354278564
3.0526890754699707,1.120008945465088,-1.2451640367507935
2.944531202316284,1.26578950881958,-1.4158966541290283
2.785287857055664,1.452082633972168,-1.2964398860931396
2.5529303550720215,1.6618766784667969,-1.0443487167358398
2.289442539215088,1.8695991039276123,-0.8295311331748962
2.007946252822876,2.029216766357422,-0.715479850769043
1.717976689338684,1.9993607997894287,-0.5771939158439636
1.473552942276001,1.8492846488952637,-0.40519648790359497
1.295128583908081,1.7630200386047363,-0.30983906984329224
1.185186505317688,1.7056010961532593,-0.32646703720092773
1.1333686113357544,1.6357581615447998,-0.43275541067123413
1.132458209991455,1.5817326307296753,-0.5880576968193054
1.1242338418960571,1.5435545444488525,-0.768071711063385
1.0866807699203491,1.4990088939666748,-0.959514319896698
1.0424890518188477,1.4358316659927368,-1.1496524810791016
0.9763776659965515,1.3740060329437256,-1.3168184757232666
0.8921877145767212,1.33141028881073,-1.45659339427948
0.7995851039886475,1.308337926864624,-1.54166841506958
0.693213164806366,1.2964409589767456,-1.5829031467437744
0.5957006812095642,1.305709958076477,-1.5893608331680298
0.5095168948173523,1.3360493183135986,-1.5579555034637451
0.41177505254745483,1.3472487926483154,-1.4892451763153076
0.3383116126060486,1.343867540359497,-1.4130361080169678
0.2995568513870239,1.3292407989501953,-1.3295633792877197
0.2828218638896942,1.2992019653320312,-1.2457916736602783
0.2968868315219879,1.2648063898086548,-1.1738983392715454
0.3258996605873108,1.238288402557373,-1.143155574798584
0.3619893491268158,1.2350594997406006,-1.1616919040679932
0.3850219249725342,1.2400240898132324,-1.2062125205993652
0.39830872416496277,1.2441586256027222,-1.2519229650497437
0.411253422498703,1.2506463527679443,-1.2928993701934814
0.4074011445045471,1.2571637630462646,-1.3316158056259155
0.39404767751693726,1.2523853778839111,-1.3533294200897217
0.38109758496284485,1.2335377931594849,-1.3439557552337646
0.3698351979255676,1.2102850675582886,-1.3166539669036865
0.36663949489593506,1.183638334274292,-1.2860950231552124
0.34881386160850525,1.1404062509536743,-1.2627177238464355
0.33245351910591125,1.0823469161987305,-1.2355104684829712
0.34168991446495056,1.0250544548034668,-1.2046973705291748
0.3657722473144531,0.9853285551071167,-1.1716803312301636
0.3893930912017822,0.9494564533233643,-1.1273680925369263
0.42761582136154175,0.9214886426925659,-1.0687930583953857
0.4649997353553772,0.9101923704147339,-0.9981415271759033
0.4796140789985657,0.926000714302063,-0.9296272397041321
0.5016865730285645,0.9717351198196411,-0.8809952735900879
0.5717334151268005,1.034561038017273,-0.8265280723571777
0.6708137392997742,1.0604102611541748,-0.7223852872848511
0.8880172967910767,1.0972808599472046,-0.5640889406204224
1.1905885934829712,1.1841068267822266,-0.43396079540252686
1.5225141048431396,1.2826178073883057,-0.3686401844024658
1.8894850015640259,1.3812352418899536,-0.25144076347351074
2.2356462478637695,1.4785590171813965,-0.10235476493835449
2.5137104988098145,1.519832968711853,0.07868337631225586
2.7524476051330566,1.463639736175537,0.35584619641304016
2.8921849727630615,1.388080358505249,0.7808589935302734
2.759760618209839,1.3787496089935303,1.2785377502441406
2.4166319370269775,1.4862964153289795,1.724410891532898
2.0315840244293213,1.595489263534546,2.1207151412963867
1.704800009727478,1.5705313682556152,2.5381381511688232
1.5061521530151367,1.4393519163131714,2.98696231842041
1.4825553894042969,1.2803417444229126,3.310218572616577
1.439852237701416,1.149656057357788,3.3043856620788574
1.2031160593032837,1.0965614318847656,2.9635560512542725
0.9452129602432251,1.0905147790908813,2.5190446376800537
0.7450159788131714,1.0566761493682861,2.1523549556732178
0.4361737370491028,1.0456067323684692,1.857010006904602
0.088489830493927,1.0373104810714722,1.6914029121398926
-0.1683061718940735,1.0170968770980835,1.6723763942718506
-0.29330915212631226,0.9957454204559326,1.7098852396011353
-0.3634512424468994,0.9763470888137817,1.7247816324234009
-0.45021581649780273,0.9578591585159302,1.6880570650100708
-0.464724063873291,0.9348293542861938,1.6036638021469116
-0.4171207547187805,0.9083044528961182,1.4759855270385742
-0.3930708169937134,0.8863803148269653,1.31517493724823
-0.3709365725517273,0.8838413953781128,1.1718566417694092
-0.32056301832199097,0.8872264623641968,1.0618813037872314
-0.30577796697616577,0.8850241899490356,0.9688712954521179
-0.36524665355682373,0.8927165865898132,0.8983602523803711
-0.47032707929611206,0.9258800745010376,0.8623345494270325
-0.5929458141326904,0.9700180292129517,0.8688564896583557
-0.7341196537017822,1.0200982093811035,0.8997564315795898
-0.8951298594474792,1.0750850439071655,0.9447685480117798
-1.0323225259780884,1.1395102739334106,0.9891220331192017
-1.1217981576919556,1.2196159362792969,1.0167789459228516
-1.1518313884735107,1.2885751724243164,1.0250906944274902
-1.150109052658081,1.3394873142242432,1.0171658992767334
-1.140436053276062,1.4272009134292603,0.9786489009857178
-1.1062690019607544,1.5107803344726562,0.9234989881515503
-1.05659818649292,1.552355170249939,0.8758540153503418
-1.0000386238098145,1.5689178705215454,0.8433613181114197
-0.9012134671211243,1.6053532361984253,0.8137524127960205
-0.7557936906814575,1.6619101762771606,0.7639379501342773
-0.5837074518203735,1.6998291015625,0.7024405002593994
-0.4065784811973572,1.720400094985962,0.6271884441375732
-0.18106788396835327,1.7634594440460205,0.5273938179016113
0.07581436634063721,1.7935161590576172,0.43561190366744995
0.33092838525772095,1.7873518466949463,0.3612977862358093
0.5626935362815857,1.7732595205307007,0.3088051676750183
0.7066343426704407,1.7340147495269775,0.2910398840904236
0.7734496593475342,1.6364381313323975,0.28564023971557617
0.8774127960205078,1.5548920631408691,0.28306853771209717
1.0724881887435913,1.5378360748291016,0.32091695070266724
1.3390092849731445,1.5235011577606201,0.37456297874450684
1.6503503322601318,1.5132193565368652,0.3832848072052002
1.8972752094268799,1.4785374402999878,0.3480698764324188
2.0515825748443604,1.3836019039154053,0.27564120292663574
2.109732151031494,1.3221771717071533,0.1795966625213623
2.02715802192688,1.240433692932129,-0.016953766345977783
1.8888622522354126,1.1784749031066895,-0.4071239233016968
1.7705192565917969,1.1876630783081055,-0.9293950796127319
1.7068783044815063,1.1032724380493164,-1.415857195854187
1.747031807899475,0.9570795893669128,-1.7496554851531982
1.7514290809631348,0.8718987107276917,-1.7668370008468628
1.7328991889953613,0.9168511629104614,-1.4919450283050537
1.765462875366211,1.0684738159179688,-1.0996661186218262
1.7949153184890747,1.2552701234817505,-0.6050946712493896
1.8110918998718262,1.4710116386413574,-0.09272849559783936
1.7886565923690796,1.735864520072937,0.33192622661590576
1.6824724674224854,1.9913169145584106,0.5899088978767395
1.5071526765823364,2.1669297218322754,0.6276023983955383
1.3300306797027588,2.2584686279296875,0.4824068546295166
1.2033437490463257,2.317517042160034,0.19456136226654053
1.1202330589294434,2.3372714519500732,-0.17119979858398438
1.0236430168151855,2.2779035568237305,-0.5204607248306274
0.9397509098052979,2.1697819232940674,-0.8193649053573608
0.8690226078033447,2.035343885421753,-1.0500386953353882
0.8212471008300781,1.8872191905975342,-1.2106047868728638
0.7926998138427734,1.7459509372711182,-1.318141222000122
0.7681384682655334,1.6297600269317627,-1.3968366384506226
0.7422844767570496,1.5600382089614868,-1.457781195640564
0.716876208782196,1.5127967596054077,-1.490873098373413
0.6690964698791504,1.468213677406311,-1.5049890279769897
0.6177459359169006,1.4124070405960083,-1.4853870868682861
0.6093154549598694,1.364691972732544,-1.4091665744781494
0.6264247894287109,1.3279658555984497,-1.3005170822143555
0.661411464214325,1.2981706857681274,-1.1907033920288086
0.6954923868179321,1.2866464853286743,-1.1159887313842773
0.7087021470069885,1.2922409772872925,-1.0925240516662598
0.7168171405792236,1.2961106300354004,-1.099157691001892
0.7300495505332947,1.2980552911758423,-1.1231685876846313
0.7419781684875488,1.3147797584533691,-1.158786416053772
0.7277402877807617,1.3450119495391846,-1.200495719909668
0.664949893951416,1.3512468338012695,-1.2464096546173096
0.6007521748542786,1.3300561904907227,-1.2740356922149658
0.5629558563232422,1.2946772575378418,-1.2647757530212402
0.5551892518997192,1.2580348253250122,-1.2260429859161377
0.5640347599983215,1.2252146005630493,-1.1616673469543457
0.5544136762619019,1.2055163383483887,-1.0753768682479858
0.5249824523925781,1.214782953262329,-0.9909477829933167
0.4696454405784607,1.2163150310516357,-0.8766460418701172
0.41079849004745483,1.1874808073043823,-0.6882461309432983
0.41855689883232117,1.1853785514831543,-0.4848829507827759
0.534540593624115,1.233417272567749,-0.3029109239578247
0.5778058767318726,1.3003427982330322,-0.13003236055374146
0.5938034057617188,1.3284181356430054,-0.030706405639648438
0.6627460718154907,1.3488819599151611,0.0565645694732666
0.8193191289901733,1.34278404712677,0.19119322299957275
1.0855973958969116,1.2335586547851562,0.3864014148712158
1.345658779144287,1.026672601699829,0.6049544811248779
1.5736093521118164,0.7713950872421265,0.7605922222137451
1.751564860343933,0.5948588252067566,0.8289820551872253
1.8141045570373535,0.5379964709281921,0.906623363494873
1.8127386569976807,0.6127872467041016,1.0912455320358276
1.806542992591858,0.7616739869117737,1.4386191368103027
1.726372480392456,0.8653964400291443,1.914634346961975
1.7007222175598145,0.9017050862312317,2.4332191944122314
1.6782881021499634,0.9165565371513367,2.9211840629577637
1.5156607627868652,0.9181194305419922,3.2229995727539062
1.3017354011535645,0.9404571056365967,3.244785785675049
1.1454778909683228,1.013932466506958,3.0206997394561768
1.0006020069122314,1.077588438987732,2.741604804992676
0.8456305265426636,1.1071218252182007,2.5024209022521973
0.7620111703872681,1.1200065612792969,2.2881016731262207
0.7324628829956055,1.1172910928726196,2.1343774795532227
0.7402926683425903,1.112227439880371,2.0481886863708496
0.7950665354728699,1.1386533975601196,1.981505274772644
0.8485778570175171,1.1904878616333008,1.8853569030761719
0.8972596526145935,1.2735049724578857,1.7687740325927734
0.9093636870384216,1.3795604705810547,1.6641584634780884
0.8330115675926208,1.5026967525482178,1.5495474338531494
0.7007445096969604,1.6385126113891602,1.390909194946289
0.5493025183677673,1.7639336585998535,1.2156652212142944
0.3697012662887573,1.8608145713806152,1.050598382949829
0.1472928524017334,1.9148114919662476,0.9007630348205566
-0.10949331521987915,1.9079370498657227,0.7706167697906494
-0.3706360459327698,1.8618335723876953,0.6741507053375244
-0.6236969232559204,1.7844632863998413,0.6496553421020508
-0.8342134952545166,1.6838936805725098,0.6783530712127686
-0.9776157140731812,1.5705339908599854,0.735895037651062
-1.0442715883255005,1.4656116962432861,0.7948282361030579
-1.0701158046722412,1.3858213424682617,0.8475571870803833
-1.0717346668243408,1.31415855884552,0.9116957187652588
-1.0516798496246338,1.245500087738037,1.002426266670227
-0.9955240488052368,1.1828997135162354,1.112175703048706
-0.9312994480133057,1.1277518272399902,1.2103466987609863
-0.8998709917068481,1.104535698890686,1.25352144241333
-0.8810977339744568,1.0791399478912354,1.2575297355651855
-0.8831231594085693,1.0331231355667114,1.2958903312683105
-0.893138587474823,0.990217924118042,1.3581498861312866
-0.9180760383605957,0.9699648022651672,1.4069147109985352
-0.93339604139328,0.9489033222198486,1.4217007160186768
-0.9076899290084839,0.9306824207305908,1.413651704788208
-0.8514015674591064,0.9239752292633057,1.3884046077728271
-0.7503272891044617,0.9036286473274231,1.3685499429702759
-0.6170111894607544,0.8638307452201843,1.34015953540802
-0.49995362758636475,0.799619197845459,1.286098837852478
-0.3797993063926697,0.7475441098213196,1.2418828010559082
-0.27089232206344604,0.7147643566131592,1.2051665782928467
-0.17225229740142822,0.6703487634658813,1.1794322729110718
-0.08544731140136719,0.6341753602027893,1.1550407409667969
0.007985591888427734,0.6121167540550232,1.1260058879852295
0.11020952463150024,0.6109716892242432,1.0970027446746826
0.23060160875320435,0.6330346465110779,1.0840708017349243
0.3791412115097046,0.6895294189453125,1.0825141668319702
0.5643994212150574,0.7705053687095642,1.0752806663513184
0.768064022064209,0.8778265714645386,1.0531375408172607
1.0188779830932617,1.0027111768722534,1.0043911933898926
1.3407506942749023,1.0894544124603271,0.9624609351158142
1.6696285009384155,1.079586386680603,0.9353967905044556
1.9616143703460693,1.0441672801971436,0.8977319002151489
2.2357635498046875,1.0091813802719116,0.8614971041679382
2.4928457736968994,0.9760713577270508,0.8515032529830933
2.723501682281494,0.9595990180969238,0.8763294219970703
2.9264864921569824,0.9842767715454102,0.9334611892700195
3.165264368057251,1.1175448894500732,0.9742369651794434
3.3580410480499268,1.3640222549438477,0.8832989931106567
3.382314443588257,1.6298834085464478,0.6460958123207092
3.2716970443725586,1.8607008457183838,0.3657448887825012
3.0867137908935547,2.031623125076294,0.1514291763305664
2.8913464546203613,2.129504680633545,0.023938417434692383
2.7269153594970703,2.199073553085327,-0.054984211921691895
2.5828912258148193,2.2400622367858887,-0.12679994106292725
2.4581298828125,2.2969818115234375,-0.21356886625289917
2.3058178424835205,2.3928062915802,-0.37484073638916016
2.167495012283325,2.43483829498291,-0.5594439506530762
2.08758282661438,2.418124198913574,-0.7127076387405396
2.037909507751465,2.3881044387817383,-0.8501960039138794
1.978351354598999,2.338486671447754,-0.9711885452270508
1.900452971458435,2.274507522583008,-1.070009708404541
1.7939212322235107,2.1836369037628174,-1.1564021110534668
1.6805537939071655,2.068072557449341,-1.1954350471496582
1.5726256370544434,1.96742844581604,-1.196839451789856
1.4631482362747192,1.8796794414520264,-1.1808291673660278
1.3455891609191895,1.793655276298523,-1.1569533348083496
1.233749270439148,1.7134368419647217,-1.1306408643722534
1.1311416625976562,1.6552714109420776,-1.127941370010376
1.0533154010772705,1.6050999164581299,-1.1364848613739014
0.9750994443893433,1.5629191398620605,-1.1577534675598145
0.8969614505767822,1.521880865097046,-1.1916636228561401
0.8431150913238525,1.4948439598083496,-1.2342796325683594
0.8026804327964783,1.4857151508331299,-1.2790255546569824
0.7611303329467773,1.461820125579834,-1.3120896816253662
0.7383105754852295,1.4362494945526123,-1.3361053466796875
0.7330882549285889,1.4183778762817383,-1.3580470085144043
0.7323180437088013,1.405156135559082,-1.3657433986663818
0.6925568580627441,1.3925917148590088,-1.3793246746063232
0.623755931854248,1.3954511880874634,-1.407536506652832
0.5515304803848267,1.4119771718978882,-1.4178550243377686
0.4895630478858948,1.4178303480148315,-1.3908652067184448
0.43370258808135986,1.399113416671753,-1.3195419311523438
0.42103710770606995,1.351348876953125,-1.1927649974822998
0.40992602705955505,1.3012681007385254,-1.007672905921936
0.37394002079963684,1.2152339220046997,-0.7979479432106018
0.37550267577171326,1.0989575386047363,-0.5794712901115417
0.41608762741088867,0.9931198358535767,-0.37189942598342896
0.4788663983345032,0.8900312185287476,-0.20074039697647095
0.6031912565231323,0.7712117433547974,-0.07840168476104736
0.7627834677696228,0.6451362371444702,0.011495709419250488
0.9286909103393555,0.5472050905227661,0.05975186824798584
1.13988196849823,0.4926895797252655,0.06004202365875244
1.335418701171875,0.48917073011398315,0.08274638652801514
1.4638004302978516,0.48518288135528564,0.18205660581588745
1.5551804304122925,0.46516740322113037,0.33580803871154785
1.5989339351654053,0.4674720764160156,0.5556125044822693
1.6461467742919922,0.482682466506958,0.9057777523994446
1.7261525392532349,0.5009053945541382,1.3851181268692017
1.7846667766571045,0.5286561846733093,1.8902344703674316
1.7462745904922485,0.5740498900413513,2.3638830184936523
1.6291286945343018,0.6011368632316589,2.8046741485595703
1.3651766777038574,0.6148441433906555,3.1876327991485596
1.016559362411499,0.6113033294677734,3.4489054679870605
0.708427369594574,0.6052212715148926,3.514885425567627
0.5265114903450012,0.603929877281189,3.3166208267211914
0.46006882190704346,0.6166360974311829,2.9328267574310303
0.483123779296875,0.6098752021789551,2.5333826541900635
0.4961426854133606,0.6163718700408936,2.1877734661102295
0.5310649871826172,0.6406903862953186,1.968528389930725
0.5743018388748169,0.6795678734779358,1.9251174926757812
0.5584413409233093,0.7525427341461182,1.958439826965332
0.4707866311073303,0.8802995681762695,1.9444314241409302
0.35004371404647827,1.0447498559951782,1.916528582572937
0.2330915927886963,1.2259938716888428,1.8655656576156616
0.14315742254257202,1.4156358242034912,1.730677843093872
0.05541849136352539,1.5948338508605957,1.4983407258987427
-0.08704054355621338,1.7261865139007568,1.2269654273986816
-0.2780993580818176,1.7896082401275635,0.9605355262756348
-0.4956367015838623,1.7849801778793335,0.7241737842559814
-0.7266258001327515,1.721731185913086,0.5489755868911743
-0.9166629910469055,1.6086668968200684,0.4450298547744751
-1.0251293182373047,1.492828607559204,0.39899778366088867
-1.058007836341858,1.3858051300048828,0.42025166749954224
-1.045839786529541,1.3049437999725342,0.47433167695999146
-1.0191459655761719,1.229001522064209,0.5657945275306702
-1.0070222616195679,1.153824806213379,0.6727766990661621
-1.0201680660247803,1.1063737869262695,0.7732750177383423
-1.026584506034851,1.063330888748169,0.8472057580947876
-1.0092954635620117,1.025173306465149,0.8850173950195312
-0.9735490083694458,0.9750419855117798,0.904772162437439
-0.94764244556427,0.9231570959091187,0.9261583089828491
-0.9286363124847412,0.8831154704093933,0.9718073010444641
-0.9317091107368469,0.8512791395187378,1.0314573049545288
-0.9370846748352051,0.8292896747589111,1.0883828401565552
-0.9156097173690796,0.8067824840545654,1.134049654006958
-0.866936981678009,0.7596985697746277,1.1566941738128662
-0.8076454997062683,0.7124866843223572,1.1365313529968262
-0.7609139084815979,0.691799521446228,1.0627471208572388
-0.6904804706573486,0.663079559803009,0.9759067296981812
-0.5848665237426758,0.6213476657867432,0.9326808452606201
-0.47616875171661377,0.5655193328857422,0.9572980403900146
-0.3773024082183838,0.5168607831001282,1.0056333541870117
-0.3000791072845459,0.4922630190849304,1.0364456176757812
-0.212660014629364,0.47497233748435974,1.0495834350585938
-0.0931043028831482,0.48448631167411804,1.0328502655029297
0.0419156551361084,0.47933295369148254,0.9976415634155273
0.17198777198791504,0.47046133875846863,0.9724604487419128
0.30582278966903687,0.49624866247177124,0.9594399929046631
0.44491565227508545,0.5424405336380005,0.9380810856819153
0.5881746411323547,0.5896013975143433,0.8914042711257935
0.7614448070526123,0.6645013093948364,0.8146675825119019
0.9816060662269592,0.7181957364082336,0.7396954298019409
1.225003719329834,0.7099769711494446,0.6882317066192627
1.4866509437561035,0.6896381974220276,0.6502215266227722
1.7833703756332397,0.7125929594039917,0.614743709564209
2.0753402709960938,0.7462689280509949,0.5928599834442139
2.3729500770568848,0.8201103210449219,0.5832370519638062
2.6408019065856934,0.9938807487487793,0.55756676197052
2.8422582149505615,1.1779624223709106,0.4856683909893036
3.0016582012176514,1.2998571395874023,0.33034655451774597
3.0695126056671143,1.307858943939209,0.07232201099395752
3.058122158050537,1.1924457550048828,-0.19681960344314575
3.031742572784424,1.1164679527282715,-0.4506910443305969
2.9785678386688232,1.0820884704589844,-0.7336596846580505
2.8971915245056152,1.0694305896759033,-0.9960645437240601
2.7299811840057373,1.0299326181411743,-1.205482006072998
2.5221376419067383,0.9691200256347656,-1.3020522594451904
2.328399658203125,0.9540845155715942,-1.2570350170135498
2.169246196746826,0.9816329479217529,-1.11504065990448
1.9282104969024658,1.0047225952148438,-0.9921788573265076
1.6890171766281128,1.026818871498108,-0.8780055046081543
1.5082520246505737,1.0602097511291504,-0.7781022787094116
1.333569884300232,1.0877161026000977,-0.7117583751678467
1.161743402481079,1.1074851751327515,-0.6660139560699463
1.0116777420043945,1.0873568058013916,-0.6319698095321655
0.8630291223526001,1.0282599925994873,-0.6145703792572021
0.7305573225021362,0.9474947452545166,-0.6190673112869263
0.630253791809082,0.8698376417160034,-0.647510826587677
0.5541169047355652,0.7986257076263428,-0.6964594125747681
0.4996008276939392,0.7432488203048706,-0.7593668103218079
0.43816983699798584,0.6978625059127808,-0.8294273614883423
0.37209999561309814,0.6674951314926147,-0.8878581523895264
0.3157217502593994,0.6499148011207581,-0.9003985524177551
0.2704428732395172,0.6075326204299927,-0.8573063611984253
0.2342202216386795,0.5317789316177368,-0.7896384000778198
0.21339331567287445,0.44325771927833557,-0.7241029739379883
0.19800592958927155,0.3729415833950043,-0.6750971674919128
0.16369983553886414,0.3382488489151001,-0.6626124382019043
0.11235228925943375,0.3349330723285675,-0.6854755282402039
0.03786119818687439,0.3491190969944,-0.715996503829956
-0.054437100887298584,0.3131755292415619,-0.7392264604568481
-0.1104070171713829,0.24735620617866516,-0.7586933970451355
-0.17412462830543518,0.14119726419448853,-0.7597417235374451
-0.16181175410747528,0.09257480502128601,-0.7431750893592834
-0.08834074437618256,0.07706111669540405,-0.7206498980522156
-0.0014313384890556335,0.06957384943962097,-0.6737003326416016
0.04115845263004303,0.06504291296005249,-0.6329991817474365
0.029730908572673798,0.04274266958236694,-0.6014024019241333
0.014894351363182068,-0.00559687614440918,-0.5624022483825684
-0.008687272667884827,-0.0619223415851593,-0.5338432788848877
-0.039724186062812805,-0.09524470567703247,-0.5279877781867981
-0.0684366375207901,-0.10534250736236572,-0.5004916191101074
-0.09627577662467957,-0.08387991786003113,-0.44596022367477417
-0.12833721935749054,-0.04967230558395386,-0.38791656494140625
-0.1852392852306366,-0.07491543889045715,-0.3377401828765869
-0.2205628603696823,-0.13322943449020386,-0.3204392194747925
-0.22542962431907654,-0.18680617213249207,-0.33021366596221924
-0.1951175034046173,-0.21898327767848969,-0.35667020082473755
-0.16071194410324097,-0.24684393405914307,-0.36921918392181396
-0.14278191328048706,-0.2756677269935608,-0.3339003324508667
-0.13005200028419495,-0.3114292025566101,-0.23289215564727783
-0.11524397134780884,-0.3253224492073059,-0.1012645959854126
-0.10928569734096527,-0.3438236117362976,0.02771127223968506
-0.09935532510280609,-0.3648061454296112,0.1240307092666626
-0.11063987016677856,-0.37380701303482056,0.15606725215911865
-0.14146366715431213,-0.3922777473926544,0.12719404697418213
-0.1587110459804535,-0.42972055077552795,0.07317900657653809
-0.1568794846534729,-0.4592849612236023,0.024914026260375977
-0.12356933951377869,-0.48593688011169434,-0.006838440895080566
-0.06350627541542053,-0.5074178576469421,-0.02556169033050537
-0.01946839690208435,-0.5191326141357422,-0.028231382369995117
0.009718835353851318,-0.5341511964797974,-0.01049649715423584
0.03944438695907593,-0.5505310297012329,0.007803797721862793
0.0475488007068634,-0.5660167932510376,0.03636878728866577
0.019627422094345093,-0.5623565912246704,0.06545531749725342
-0.02484232187271118,-0.5515573024749756,0.08374249935150146
-0.054188072681427,-0.556946337223053,0.08400344848632812
-0.05878689885139465,-0.5616137385368347,0.07497531175613403
-0.05655696988105774,-0.5613362193107605,0.06788861751556396
-0.027451276779174805,-0.572652280330658,0.062351107597351074
0.009592115879058838,-0.5812485218048096,0.04916846752166748
0.03825598955154419,-0.5908352732658386,0.019220948219299316
0.05604669451713562,-0.6019032597541809,-0.0168459415435791
0.050603896379470825,-0.5993489623069763,-0.03586757183074951
0.03173759579658508,-0.5993608832359314,-0.022366046905517578
0.01703771948814392,-0.6033272743225098,-0.003726184368133545
0.0026155710220336914,-0.5994932651519775,0.011534690856933594
-0.007819205522537231,-0.6007723808288574,0.02982187271118164
0.004117995500564575,-0.5820683836936951,0.01448512077331543
-0.012155711650848389,-0.6058993339538574,-0.005007505416870117
0.060990601778030396,-0.571211576461792,-1.0483176708221436
-0.047415316104888916,-0.6910670399665833,-0.3738310933113098
0.11594513058662415,-0.5741932392120361,-0.4105921983718872
-0.050033509731292725,-0.5529535412788391,-0.17432618141174316
-0.1384810507297516,-0.530809223651886,0.2138291597366333
-0.15260183811187744,-0.45916125178337097,0.13706082105636597
-0.17213883996009827,-0.4674048125743866,0.043013811111450195
-0.16827404499053955,-0.45519375801086426,0.016340255737304688
-0.17722958326339722,-0.42120152711868286,0.022146224975585938
-0.18707847595214844,-0.43491578102111816,0.014879047870635986
-0.20964840054512024,-0.5558221936225891,-0.0791553258895874
-0.10399338603019714,-0.564965009689331,-0.1322314739227295
0.029146522283554077,-0.5934814810752869,-0.23066389560699463
0.07467752695083618,-0.6150413155555725,-0.2954829931259155
0.0051978230476379395,-0.550890326499939,-0.25631463527679443
-0.16221395134925842,-0.5223784446716309,-0.15291059017181396
-0.321483314037323,-0.5017857551574707,-0.0249253511428833
-0.35920602083206177,-0.4446675777435303,0.017403006553649902
-0.2856920659542084,-0.452949583530426,-0.025826752185821533
-0.19775405526161194,-0.48669877648353577,-0.13951784372329712
-0.18555793166160583,-0.5156785249710083,-0.1501082181930542
-0.20723360776901245,-0.48782113194465637,-0.10141026973724365
-0.2148112654685974,-0.4351235628128052,-0.07008934020996094
-0.15694260597229004,-0.4100229740142822,-0.02673506736755371
-0.10090655088424683,-0.4049972891807556,0.1104314923286438
-0.07364308834075928,-0.3709341585636139,0.24986296892166138
-0.10340690612792969,-0.40335842967033386,0.3138185739517212
-0.15074878931045532,-0.33380812406539917,-0.07576245069503784
-0.17851340770721436,-0.29658424854278564,-0.6102006435394287
-0.5078277587890625,-0.9347189664840698,0.5401663780212402
-0.46112364530563354,-0.03146405518054962,-0.15389949083328247
-0.5621718764305115,-0.3500623106956482,-0.55705726146698
-0.4514569640159607,-0.466202050447464,-0.546663224697113
-0.28256934881210327,-0.40208569169044495,-0.6177268028259277
-0.20679527521133423,-0.4468074440956116,-0.47305846214294434
-0.1529691219329834,-0.3817919194698334,-0.14646673202514648
-0.23983579874038696,-0.388092964887619,-0.0009416937828063965
-0.29722148180007935,-0.34776923060417175,0.0767824649810791
-0.35330480337142944,-0.3775903880596161,0.09034895896911621
-0.33193814754486084,-0.3996483087539673,0.032875120639801025
-0.2730065584182739,-0.3981683552265167,-0.036110520362854004
-0.22802460193634033,-0.388252317905426,0.031687915325164795
-0.25955408811569214,-0.3668820261955261,0.1795559525489807
-0.3226417303085327,-0.3175588846206665,0.24394375085830688
-0.3632379174232483,-0.2755056917667389,0.22321373224258423
-0.335379421710968,-0.2811511754989624,0.20577871799468994
-0.2518078088760376,-0.27594447135925293,0.20417720079421997
-0.22493666410446167,-0.2730714976787567,0.21032506227493286
-0.2869836091995239,-0.2552010715007782,0.1716470718383789
-0.37965112924575806,-0.23346251249313354,0.0884617269039154
-0.46615421772003174,-0.23054707050323486,0.019367307424545288
-0.5302811861038208,-0.23820781707763672,-0.05020764470100403
-0.5599623918533325,-0.2452678680419922,-0.12444326281547546
-0.5488278269767761,-0.2565544843673706,-0.21079802513122559
-0.5387657284736633,-0.26763099431991577,-0.2545362412929535
-0.5059458017349243,-0.24806112051010132,-0.2518993616104126
-0.4822918772697449,-0.23656320571899414,-0.17471683025360107
-0.4661691188812256,-0.19587653875350952,-0.07055413722991943
-0.29641979932785034,-0.0135345458984375,0.07376456260681152
-0.37761884927749634,-0.09566831588745117,0.21348357200622559
-0.5268682241439819,-0.24746078252792358,0.22445368766784668
-0.5906635522842407,-0.2257334589958191,0.07255256921052933
-0.6512263417243958,-0.17716389894485474,0.0013032034039497375
-0.7219927906990051,-0.22538423538208008,0.047844298183918
-0.7819778323173523,-0.17691093683242798,0.07002796232700348
-0.7473028302192688,-0.14445143938064575,-0.008343636989593506
-0.7232635617256165,-0.11492377519607544,-0.09398633241653442
-0.6815981268882751,-0.09740012884140015,-0.15693047642707825
-0.6411836743354797,-0.09916234016418457,-0.17537596821784973
-0.6207860112190247,-0.10799539089202881,-0.14866584539413452
-0.6307091116905212,-0.1159658432006836,-0.0969991683959961
-0.6774145364761353,-0.13231074810028076,-0.037457406520843506
-0.6971148252487183,-0.12071007490158081,0.008624464273452759
-0.671330988407135,-0.11213827133178711,0.045727550983428955
-0.6521221399307251,-0.10958212614059448,0.057026445865631104
-0.652884304523468,-0.11195039749145508,0.04052335023880005
-0.6629515290260315,-0.10478270053863525,0.015071660280227661
-0.6517597436904907,-0.11209112405776978,-0.005455225706100464
-0.6295970678329468,-0.1272069811820984,-0.011690855026245117
-0.6180572509765625,-0.1329174041748047,-0.019322752952575684
-0.6072679758071899,-0.1411338448524475,-0.016112327575683594
-0.5877225995063782,-0.13542360067367554,0.002185225486755371
-0.5645148754119873,-0.13195472955703735,0.03469812870025635
-0.5519347786903381,-0.13697534799575806,0.07232391834259033
-0.5595426559448242,-0.13084518909454346,0.10661125183105469
-0.5725399255752563,-0.10924965143203735,0.13206100463867188
-0.5964275002479553,-0.0898706316947937,0.15167713165283203
-0.6175078749656677,-0.07929736375808716,0.1659998893737793
-0.6257369518280029,-0.06964439153671265,0.1613892912864685
-0.6255931854248047,-0.06048184633255005,0.13425838947296143
-0.6279157400131226,-0.05201941728591919,0.11044520139694214
-0.6230311393737793,-0.034746646881103516,0.09561711549758911
-0.6134905815124512,-0.02429598569869995,0.09533607959747314
-0.6114157438278198,-0.02692168951034546,0.10197979211807251
-0.6232099533081055,-0.01177746057510376,0.11499762535095215
-0.6506253480911255,-0.004273891448974609,0.13993674516677856
-0.6988908052444458,-0.00769573450088501,0.16194945573806763
-0.7427651882171631,-0.007214486598968506,0.1732778549194336
-0.7707720994949341,0.0025655031204223633,0.17209893465042114
-0.7727622985839844,0.00015777349472045898,0.18018484115600586
-0.7388467788696289,-0.024198830127716064,0.1804686188697815
-0.7037316560745239,-0.02923065423965454,0.14821302890777588
-0.6698614358901978,-0.025205492973327637,0.10442078113555908
-0.6642096638679504,-0.03174954652786255,0.07235586643218994
-0.6720613241195679,-0.02185499668121338,0.04173922538757324
-0.6814864277839661,0.011828005313873291,0.026980698108673096
-0.6981285810470581,0.041033029556274414,0.03644448518753052
-0.7147080898284912,0.07079464197158813,0.05712515115737915
-0.729041576385498,0.11622971296310425,0.08987390995025635
-0.7297917604446411,0.16105854511260986,0.1367204189300537
-0.7159367203712463,0.21852046251296997,0.20184606313705444
-0.7122337818145752,0.30020058155059814,0.2596728801727295
-0.7181170582771301,0.3938100337982178,0.29863661527633667
-0.7067359685897827,0.4957892894744873,0.3169163465499878
-0.673471987247467,0.6042737364768982,0.32552802562713623
-0.6398738026618958,0.7156570553779602,0.3302057981491089
-0.617201566696167,0.8116307258605957,0.3374287486076355
-0.6120603084564209,0.8916725516319275,0.327053427696228
-0.5972999334335327,0.9913826584815979,0.2910023331642151
-0.5490990877151489,1.0581412315368652,0.27287399768829346
-0.5057437419891357,1.0928763151168823,0.272294819355011
-0.48940593004226685,1.1225557327270508,0.2650336027145386
-0.46770375967025757,1.1598812341690063,0.2232850193977356
-0.40636634826660156,1.2168803215026855,0.1485598087310791
-0.2911161184310913,1.2496089935302734,0.062168389558792114
-0.11979949474334717,1.2445151805877686,-0.009238272905349731
0.04622155427932739,1.256000280380249,-0.04947984218597412
0.18408489227294922,1.276304841041565,-0.055837929248809814
0.38563072681427,1.277290940284729,-0.025406405329704285
0.6331468820571899,1.2290129661560059,0.048746123909950256
0.8155468106269836,1.1767420768737793,0.14460189640522003
0.9837236404418945,1.1752187013626099,0.2577638030052185
1.0863754749298096,1.151904821395874,0.38055211305618286
1.065831184387207,1.0715364217758179,0.49149978160858154
0.9643118977546692,0.9312516450881958,0.5624731779098511
0.9339549541473389,0.8238571882247925,0.5848300457000732
0.9826361536979675,0.7881402969360352,0.5678263306617737
1.0084773302078247,0.7580042481422424,0.5375956892967224
0.9976837635040283,0.7148689031600952,0.5076073408126831
0.9727010726928711,0.6787955164909363,0.4815254807472229
0.9426109194755554,0.6657773852348328,0.46968263387680054
0.9244870543479919,0.6759110689163208,0.4722306728363037
0.923859179019928,0.7066857218742371,0.4926559329032898
0.9897863864898682,0.7663094997406006,0.5019296407699585
0.9798387885093689,0.7843153476715088,0.5546754598617554
0.918089747428894,0.739950954914093,0.7108993530273438
0.9963154792785645,0.7493970394134521,0.7993553876876831
1.0874388217926025,0.7730729579925537,0.8635526299476624
1.1620142459869385,0.7577727437019348,0.9106587171554565
1.2529280185699463,0.7032698392868042,0.954535722732544
1.3743209838867188,0.6391295194625854,1.0342512130737305
1.500762939453125,0.5418171882629395,1.0762600898742676
1.6461361646652222,0.44397711753845215,1.0271340608596802
1.7632006406784058,0.3725596070289612,0.9587217569351196
1.822916030883789,0.2973417639732361,0.9122210144996643
1.8484935760498047,0.19170117378234863,0.9168432354927063
1.8421473503112793,0.07927089929580688,0.9715617299079895
1.7941292524337769,-0.014126777648925781,1.0354406833648682
1.7377235889434814,-0.09037262201309204,1.100211501121521
1.6943559646606445,-0.1616957187652588,1.1563386917114258
1.6604254245758057,-0.22712057828903198,1.1861273050308228
1.6285923719406128,-0.2874072194099426,1.1886382102966309
1.5509052276611328,-0.3422824740409851,1.1886165142059326
1.4911212921142578,-0.37214237451553345,1.1887844800949097
1.476518988609314,-0.38089078664779663,1.194377064704895
1.510866403579712,-0.38827604055404663,1.2027145624160767
1.5787967443466187,-0.3800802230834961,1.1993564367294312
1.6570886373519897,-0.3518218398094177,1.1966891288757324
1.7037718296051025,-0.33083105087280273,1.1857521533966064
1.7263858318328857,-0.31808042526245117,1.1637718677520752
1.7252979278564453,-0.30570822954177856,1.157440423965454
1.6747243404388428,-0.3181721568107605,1.171994924545288
1.6004303693771362,-0.35847336053848267,1.1901589632034302
1.5511078834533691,-0.3725796937942505,1.2135051488876343
1.5574166774749756,-0.35549628734588623,1.2461414337158203
1.5943083763122559,-0.3189558982849121,1.2722463607788086
1.6337559223175049,-0.28417259454727173,1.2944250106811523
1.6618504524230957,-0.27215439081192017,1.3041112422943115
1.670540452003479,-0.2844109535217285,1.2910552024841309
1.670433521270752,-0.2954244017601013,1.2326574325561523
1.674923300743103,-0.2862347960472107,1.1441236734390259
1.6736953258514404,-0.267875075340271,1.060985803604126
1.6770151853561401,-0.22293245792388916,0.9956385493278503
1.662584900856018,-0.14968520402908325,0.956815242767334
1.6279628276824951,-0.07001304626464844,0.9258297681808472
1.586997628211975,0.005269825458526611,0.8997186422348022
1.5621464252471924,0.08413845300674438,0.8752468228340149
1.5413790941238403,0.15995806455612183,0.8682190179824829
1.5178279876708984,0.23535096645355225,0.8701520562171936
1.4939420223236084,0.3275662660598755,0.8514424562454224
1.4763150215148926,0.42318791151046753,0.8155492544174194
1.4502379894256592,0.5048996806144714,0.7816694974899292
1.3879867792129517,0.5784570574760437,0.7388947606086731
1.2968151569366455,0.6536089777946472,0.6732878088951111
1.1926369667053223,0.7367966771125793,0.6006896495819092
1.0652248859405518,0.7996852397918701,0.5319196581840515
0.924198567867279,0.8312998414039612,0.46515777707099915
0.7706920504570007,0.8458735346794128,0.39759713411331177
0.6166500449180603,0.8435354828834534,0.343542218208313
0.46274423599243164,0.8316364288330078,0.30641376972198486
0.31563931703567505,0.8098862171173096,0.28145450353622437
0.1794787049293518,0.7841924428939819,0.2670118808746338
0.05580329895019531,0.749179482460022,0.25782403349876404
-0.06246161460876465,0.7146145105361938,0.24440521001815796
-0.17587965726852417,0.6780699491500854,0.22466856241226196
-0.28313952684402466,0.6359373331069946,0.20957204699516296
-0.38900601863861084,0.5971059799194336,0.20457294583320618
-0.48887336254119873,0.5524425506591797,0.20515573024749756
-0.5858137011528015,0.494974285364151,0.2212706208229065
-0.6752578616142273,0.433808833360672,0.24659883975982666
-0.7346248626708984,0.38300731778144836,0.2685866057872772
-0.7567622661590576,0.3568234145641327,0.2727603614330292
-0.7401261925697327,0.3608357310295105,0.251664936542511
-0.692743182182312,0.3586291968822479,0.20823103189468384
-0.6564450263977051,0.3496933579444885,0.1390191912651062
-0.688535749912262,0.3499279320240021,0.05997520685195923
-0.8132402896881104,0.36664602160453796,0.0027413666248321533
-0.9748972058296204,0.3824599087238312,-0.030644357204437256
-1.1063228845596313,0.38556376099586487,-0.0384678840637207
-1.13699471950531,0.3819509744644165,-0.013976752758026123
-1.0393493175506592,0.38465920090675354,0.029129385948181152
-0.844304621219635,0.37900733947753906,0.0717390775680542
-0.602479875087738,0.3722147047519684,0.10981796681880951
-0.3305596709251404,0.365859717130661,0.13735157251358032
-0.02794092893600464,0.35340285301208496,0.1530722975730896
0.27850914001464844,0.3286907970905304,0.16477109491825104
0.5403691530227661,0.28000408411026,0.18689823150634766
0.703563928604126,0.20421439409255981,0.22176675498485565
0.7574652433395386,0.1261025071144104,0.2528393268585205
0.7072732448577881,0.058174073696136475,0.2629888653755188
0.5876954793930054,-0.003830134868621826,0.238422691822052
0.5068165063858032,-0.0018765926361083984,0.1894209384918213
0.5006189942359924,0.06727099418640137,0.149094358086586
0.5326204895973206,0.16727876663208008,0.12290169298648834
0.5505263209342957,0.26276397705078125,0.10059267282485962
0.5154600143432617,0.33756595849990845,0.07624711096286774
0.43171757459640503,0.382224977016449,0.057849302887916565
0.31816333532333374,0.3979879319667816,0.046999990940093994
0.2100508213043213,0.388050377368927,0.05243295431137085
0.11201000213623047,0.3559722900390625,0.07232857495546341
0.02889275550842285,0.29713642597198486,0.09204898774623871
-0.05460852384567261,0.2154228687286377,0.10734326392412186
-0.1381913423538208,0.13646617531776428,0.09366495162248611
-0.19141125679016113,0.07816675305366516,0.041090965270996094
-0.21554219722747803,0.04041680693626404,-0.020691927522420883
-0.2234799861907959,0.013578176498413086,-0.07547986507415771
-0.23157376050949097,-0.00625118613243103,-0.1270875334739685
-0.2249072790145874,-0.02385285496711731,-0.1693485975265503
-0.23389309644699097,-0.0467531681060791,-0.18851083517074585
-0.2546795606613159,-0.05855351686477661,-0.1977737545967102
-0.27103912830352783,-0.06715628504753113,-0.19596964120864868
-0.2699704170227051,-0.08158707618713379,-0.18296700716018677
-0.257768452167511,-0.10007879137992859,-0.15452033281326294
-0.23310071229934692,-0.09953415393829346,-0.0902675986289978
-0.11384028196334839,-0.1677638292312622,-0.02250480465590954
0.013166844844818115,-0.2259482741355896,0.043027643114328384
0.06316804885864258,-0.23981183767318726,0.11083674430847168
0.07433474063873291,-0.24395877122879028,0.15642255544662476
0.08638012409210205,-0.26922014355659485,0.1897246241569519
0.09579646587371826,-0.2949141561985016,0.22392356395721436
0.1239137053489685,-0.3343989849090576,0.26069098711013794
0.16977864503860474,-0.36861148476600647,0.292491614818573
0.1690484881401062,-0.40713560581207275,0.2981967329978943
0.16093021631240845,-0.43527334928512573,0.3028187155723572
0.1692204475402832,-0.4519709348678589,0.31984424591064453
0.1667361855506897,-0.46370595693588257,0.32034870982170105
0.23756659030914307,-0.3678721785545349,0.3347640037536621
0.25278574228286743,-0.44779521226882935,0.39870643615722656
0.25591230392456055,-0.5934760570526123,0.49162840843200684
0.2768557667732239,-0.5685237646102905,0.5687329173088074
0.30495375394821167,-0.5653058886528015,0.6103038787841797
0.30246925354003906,-0.5739480257034302,0.6435002088546753
0.3558186888694763,-0.5566588640213013,0.6997547149658203
0.3906248211860657,-0.584412693977356,0.7607067227363586
0.4046289324760437,-0.6395376920700073,0.8099683523178101
0.4291003942489624,-0.6806816458702087,0.8275190591812134
0.45431554317474365,-0.7013640999794006,0.8304404616355896
0.46477001905441284,-0.7185475826263428,0.8232499957084656
0.4731377959251404,-0.7422561645507812,0.8116680979728699
0.5020396709442139,-0.748472273349762,0.8112578988075256
0.5688278079032898,-0.7295920252799988,0.8367343544960022
0.6500244140625,-0.704810380935669,0.8677809834480286
0.7373794913291931,-0.6704732179641724,0.8953801393508911
0.8497452139854431,-0.6412843465805054,0.9555015563964844
0.9915488362312317,-0.6226224899291992,1.0436863899230957
1.1215099096298218,-0.6319366097450256,1.1346075534820557
1.198289394378662,-0.6872915625572205,1.179334282875061
1.2472014427185059,-0.7553030252456665,1.1661309003829956
1.3016340732574463,-0.8010777235031128,1.1255316734313965
1.304412603378296,-0.8396022319793701,1.0798691511154175
1.302280068397522,-0.8717708587646484,1.0564327239990234
1.3355704545974731,-0.8857604265213013,1.0685268640518188
1.3796988725662231,-0.8861947059631348,1.1152796745300293
1.433308482170105,-0.8685147762298584,1.1649060249328613
1.4571176767349243,-0.8275322914123535,1.1858159303665161
1.4352686405181885,-0.7676011323928833,1.170498251914978
1.3698903322219849,-0.7046889066696167,1.1117470264434814
1.2738398313522339,-0.6421679258346558,1.0159494876861572
1.1673402786254883,-0.5728311538696289,0.9036805629730225
1.0572974681854248,-0.49884289503097534,0.7963415384292603
0.9491305351257324,-0.4316917061805725,0.7078802585601807
0.8522833585739136,-0.3698701858520508,0.6394106149673462
0.7683435678482056,-0.3112924098968506,0.5892575979232788
0.6995334625244141,-0.25937390327453613,0.556508481502533
0.6383368968963623,-0.20958727598190308,0.5288254618644714
0.581722617149353,-0.16687071323394775,0.5035645961761475
0.5233784317970276,-0.13069486618041992,0.4766731858253479
0.4583444595336914,-0.10067623853683472,0.4506499767303467
0.390779972076416,-0.07426822185516357,0.41831594705581665
0.3168410658836365,-0.05022948980331421,0.38035058975219727
0.23487436771392822,-0.031061649322509766,0.3382475972175598
0.15583091974258423,-0.015370607376098633,0.2984468936920166
0.0759882926940918,-0.0006456971168518066,0.2596355080604553
-0.0027774572372436523,0.01540440320968628,0.22017788887023926
-0.07862848043441772,0.02922213077545166,0.17936372756958008
-0.15153378248214722,0.03405028581619263,0.14085984230041504
-0.21695727109909058,0.0362701416015625,0.1097710132598877
-0.2671157717704773,0.04731476306915283,0.08234834671020508
-0.3146311044692993,0.06217193603515625,0.058516502380371094
-0.3629159927368164,0.0650475025177002,0.033051371574401855
-0.40894615650177,0.05813318490982056,0.0059098005294799805
-0.44135773181915283,0.055304527282714844,-0.014888286590576172
-0.47124946117401123,0.05763426423072815,-0.032466404139995575
-0.4955776333808899,0.05218896269798279,-0.0500330924987793
-0.5078482627868652,0.0404544472694397,-0.06476044654846191
-0.5129804015159607,0.03904154896736145,-0.0750117301940918
-0.5149762630462646,0.04967200756072998,-0.08409930020570755
-0.5308356285095215,0.05985322594642639,-0.09137392044067383
-0.5416291952133179,0.06421634554862976,-0.10297823697328568
-0.5287936925888062,0.0686575174331665,-0.10453510284423828
-0.49815666675567627,0.07283073663711548,-0.09012162685394287
-0.45524126291275024,0.07952415943145752,-0.06348204612731934
-0.3746073842048645,0.07563245296478271,-0.023965001106262207
-0.2623055577278137,0.06480997800827026,0.035237669944763184
-0.1425268054008484,0.04758173227310181,0.1068037748336792
-0.008561789989471436,0.0337032675743103,0.18457520008087158
0.14956265687942505,0.04251372814178467,0.2555350065231323
0.3239017128944397,0.06956982612609863,0.3120971918106079
0.510238766670227,0.11504274606704712,0.3539007306098938
0.6740292310714722,0.17158961296081543,0.3853950500488281
0.7628059983253479,0.21418917179107666,0.3906232714653015
0.7563343048095703,0.22798281908035278,0.35536813735961914
0.6814522743225098,0.24875634908676147,0.30005401372909546
0.5912545323371887,0.3377043604850769,0.25060564279556274
0.5011382102966309,0.4544004797935486,0.21316379308700562
0.3778321146965027,0.5598869323730469,0.1892775297164917
0.2320643663406372,0.6377773284912109,0.18198949098587036
0.0427667498588562,0.6670294404029846,0.1876036524772644
-0.17915964126586914,0.6422949433326721,0.20116651058197021
-0.3606029152870178,0.5681717991828918,0.22685909271240234
-0.4686289429664612,0.44522625207901,0.27196425199508667
-0.5330678224563599,0.28265684843063354,0.3499709963798523
-0.5434571504592896,0.1355597972869873,0.4290087819099426
-0.4798065423965454,0.04487144947052002,0.47712022066116333
-0.35636967420578003,-0.01622474193572998,0.47920310497283936
-0.24120157957077026,-0.08947402238845825,0.41932231187820435
-0.15363365411758423,-0.15750843286514282,0.30310988426208496
-0.07016897201538086,-0.19744551181793213,0.17785018682479858
-0.004230499267578125,-0.21979719400405884,0.06730961799621582
0.03058689832687378,-0.23553365468978882,-0.045603275299072266
0.03882443904876709,-0.24369555711746216,-0.15597206354141235
0.035549819469451904,-0.24780237674713135,-0.24070918560028076
0.03617393970489502,-0.24026918411254883,-0.29651761054992676
0.031642377376556396,-0.22875624895095825,-0.3292633295059204
0.010045766830444336,-0.22498178482055664,-0.34625911712646484
-0.00866001844406128,-0.22680741548538208,-0.35086381435394287
-0.009014606475830078,-0.22564810514450073,-0.334735631942749
-0.0016442537307739258,-0.23081040382385254,-0.3020045757293701
-0.012266576290130615,-0.26007211208343506,-0.2519915699958801
-0.016766369342803955,-0.2868915796279907,-0.19108104705810547
0.00023233890533447266,-0.3044619560241699,-0.1272794008255005
0.04657483100891113,-0.3147675395011902,-0.06268620491027832
0.11289560794830322,-0.3296318054199219,-0.00017249584197998047
0.21250253915786743,-0.3547194004058838,0.06071145087480545
0.3465569019317627,-0.38656991720199585,0.12303531169891357
0.503823459148407,-0.43274420499801636,0.1977555751800537
0.6643726229667664,-0.4893878102302551,0.2763465642929077
0.8060821890830994,-0.5516923069953918,0.34413039684295654
0.9084404110908508,-0.6167164444923401,0.3887486457824707
0.9733703136444092,-0.675550103187561,0.4105599522590637
1.0037206411361694,-0.7204708456993103,0.415424108505249
1.0084093809127808,-0.7583671808242798,0.4176448583602905
0.9991926550865173,-0.7862600088119507,0.42867568135261536
0.9872763156890869,-0.8120474219322205,0.4431391954421997
0.9589992165565491,-0.8419352173805237,0.44720232486724854
0.9138689041137695,-0.8648293614387512,0.431698739528656
0.8748120665550232,-0.8657764792442322,0.39473050832748413
0.8379967212677002,-0.8520575165748596,0.3570179343223572
0.8140149116516113,-0.8327193260192871,0.3345090448856354
0.7997003793716431,-0.7966558933258057,0.32033801078796387
0.8024020195007324,-0.7365055084228516,0.3201047480106354
0.8226765394210815,-0.6625022292137146,0.33997565507888794
0.859993040561676,-0.5875453352928162,0.37149104475975037
0.9081645011901855,-0.5257651805877686,0.41185253858566284
0.9618865251541138,-0.495807945728302,0.4578840136528015
1.0116902589797974,-0.518603503704071,0.48367902636528015
1.0646154880523682,-0.5834689140319824,0.4676996171474457
1.1179717779159546,-0.6346242427825928,0.41706812381744385
1.1731986999511719,-0.6347825527191162,0.34349167346954346
1.2381964921951294,-0.6134228110313416,0.2861320674419403
1.289201021194458,-0.603603720664978,0.2708814740180969
1.3311752080917358,-0.6062057614326477,0.2772670090198517
1.3776034116744995,-0.6130976676940918,0.31039145588874817
1.4271436929702759,-0.61433345079422,0.36066997051239014
1.4649944305419922,-0.6106405258178711,0.41168299317359924
1.479960322380066,-0.6053180694580078,0.4485923945903778
1.4616494178771973,-0.5921918153762817,0.46730315685272217
1.4060558080673218,-0.5708972215652466,0.48570165038108826
1.3185999393463135,-0.5363163352012634,0.5061026811599731
1.210771083831787,-0.4844508171081543,0.5220353603363037
1.0922839641571045,-0.4233846664428711,0.548026442527771
0.9785812497138977,-0.36118316650390625,0.5811720490455627
0.8667367100715637,-0.2917019724845886,0.6129376888275146
0.7582433819770813,-0.21840786933898926,0.6429340243339539
0.6532045006752014,-0.15063899755477905,0.6652392745018005
0.5489488244056702,-0.09474629163742065,0.6737632751464844
0.44472450017929077,-0.054016053676605225,0.6639926433563232
0.34500956535339355,-0.025161683559417725,0.6388741135597229
0.25733673572540283,-0.0037918686866760254,0.602839469909668
0.1743830442428589,0.015411674976348877,0.5543678402900696
0.09456664323806763,0.031219661235809326,0.49316179752349854
0.02019411325454712,0.046427786350250244,0.4272182583808899
-0.04902207851409912,0.053887903690338135,0.3651306629180908
-0.11338651180267334,0.05758368968963623,0.310061514377594
-0.17063862085342407,0.05934804677963257,0.2598005533218384
-0.22206354141235352,0.0606534481048584,0.21390092372894287
-0.26627761125564575,0.06345456838607788,0.17132163047790527
-0.3076744079589844,0.06843537092208862,0.13277781009674072
-0.34128302335739136,0.07369595766067505,0.09851288795471191
-0.3681923747062683,0.07512509822845459,0.07223749160766602
-0.39642101526260376,0.0728502869606018,0.04331618919968605
-0.42126375436782837,0.06156659126281738,0.016673143953084946
-0.439511239528656,0.048359453678131104,-0.009300287812948227
-0.4529345631599426,0.038504213094711304,-0.03371626138687134
-0.4584357738494873,0.035225361585617065,-0.05536389350891113
-0.463049054145813,0.0337471067905426,-0.07833832502365112
-0.4705791473388672,0.03163793683052063,-0.10560208559036255
-0.4804799556732178,0.033887773752212524,-0.13034528493881226
-0.49424177408218384,0.03538522124290466,-0.1467267870903015
-0.5060150027275085,0.0456620454788208,-0.15607154369354248
-0.519174337387085,0.07039129734039307,-0.1584489345550537
-0.524766206741333,0.09340095520019531,-0.14761137962341309
-0.500280499458313,0.10123181343078613,-0.11880284547805786
-0.43796926736831665,0.10234940052032471,-0.0648772120475769
-0.33359450101852417,0.11067014932632446,0.015283584594726562
-0.190890371799469,0.13313615322113037,0.10770469903945923
-0.016581058502197266,0.17130839824676514,0.19115930795669556
0.1632533073425293,0.22801882028579712,0.26484614610671997
0.30689871311187744,0.27649420499801636,0.32864290475845337
0.3889877200126648,0.29734402894973755,0.3862188458442688
0.3937499523162842,0.27210068702697754,0.433649480342865
0.3593289852142334,0.24073165655136108,0.4683975577354431
0.33832186460494995,0.261141836643219,0.4889834523200989
0.3421114683151245,0.33303290605545044,0.49162572622299194
0.3372853994369507,0.3987441062927246,0.4685100317001343
0.2682250142097473,0.4209863543510437,0.4362061619758606
0.17414814233779907,0.4200349450111389,0.3879101872444153
0.08676296472549438,0.4128282070159912,0.34693992137908936
-0.006636083126068115,0.3660356402397156,0.32240235805511475
-0.10593611001968384,0.28245747089385986,0.299654483795166
-0.19133687019348145,0.19196802377700806,0.28239530324935913
-0.22966575622558594,0.0985139012336731,0.26937568187713623
-0.22663486003875732,0.0010324716567993164,0.2542303204536438
-0.18527168035507202,-0.07822448015213013,0.22403311729431152
-0.09524863958358765,-0.11794304847717285,0.18563485145568848
0.009580373764038086,-0.140705406665802,0.14521896839141846
0.08016842603683472,-0.1737581491470337,0.09462738037109375
0.13055557012557983,-0.20444977283477783,0.029661118984222412
0.16560381650924683,-0.21854370832443237,-0.045779645442962646
0.18212664127349854,-0.22086167335510254,-0.11856245994567871
0.17416226863861084,-0.22478288412094116,-0.17465341091156006
0.16365379095077515,-0.2240743637084961,-0.21203148365020752
0.16159212589263916,-0.23060154914855957,-0.2303767204284668
0.16550594568252563,-0.25308865308761597,-0.2255764603614807
0.18285804986953735,-0.2777554392814636,-0.19468331336975098
0.19749081134796143,-0.3033122420310974,-0.144822895526886
0.22377341985702515,-0.32872921228408813,-0.08888041973114014
0.25867998600006104,-0.3535434603691101,-0.03336811065673828
0.2826392650604248,-0.3856404423713684,0.024958133697509766
0.30619823932647705,-0.4188535213470459,0.0876239538192749
0.3331144452095032,-0.447452187538147,0.14895272254943848
0.3670946955680847,-0.4763411283493042,0.20303261280059814
0.4099443554878235,-0.5070109367370605,0.24778831005096436
0.46084064245224,-0.5339006781578064,0.2869477868080139
0.5137785077095032,-0.5570014119148254,0.31882911920547485
0.5454059839248657,-0.5865692496299744,0.3418325185775757
0.5554720163345337,-0.6164159774780273,0.3456268310546875
0.5683249831199646,-0.6435213685035706,0.33294832706451416
0.573220431804657,-0.6745515465736389,0.3144758939743042
0.5638306736946106,-0.7014228105545044,0.2874646782875061
0.553695023059845,-0.7264738082885742,0.2545546293258667
0.5517413020133972,-0.7455639839172363,0.22323167324066162
0.5622394680976868,-0.7617700695991516,0.18881501257419586
0.5745069980621338,-0.782916784286499,0.15172286331653595
0.597345769405365,-0.8046166300773621,0.12261338531970978
0.6153375506401062,-0.8147898316383362,0.0989232212305069
0.6201152801513672,-0.813378632068634,0.0878944993019104
0.6152575016021729,-0.8114342093467712,0.09311646223068237
0.601020097732544,-0.8028221130371094,0.1068543791770935
0.6056567430496216,-0.7780623435974121,0.13055205345153809
0.6263063549995422,-0.7316030859947205,0.16495811939239502
0.657230794429779,-0.6636315584182739,0.20006322860717773
0.6975228190422058,-0.5774832367897034,0.24271160364151
0.7385643720626831,-0.5037373304367065,0.30014657974243164
0.7843706011772156,-0.4817810654640198,0.3632351756095886
0.8648661375045776,-0.5201581716537476,0.4200352728366852
1.0158575773239136,-0.5861502885818481,0.45960402488708496
1.1992006301879883,-0.6241644620895386,0.4799865484237671
1.36015784740448,-0.62714684009552,0.4550561010837555
1.474702000617981,-0.6050530076026917,0.41807958483695984
1.5597912073135376,-0.5767070055007935,0.4333033859729767
1.6112074851989746,-0.554976761341095,0.5056005120277405
1.6259785890579224,-0.5615097284317017,0.6082671880722046
1.5873379707336426,-0.5910702347755432,0.7013070583343506
1.5025622844696045,-0.605100691318512,0.7583627700805664
1.3701502084732056,-0.5885646343231201,0.7737390995025635
1.2108047008514404,-0.5530362725257874,0.7541162967681885
1.0501654148101807,-0.5046104192733765,0.7166438102722168
0.8913040161132812,-0.45049023628234863,0.6829511523246765
0.7404154539108276,-0.3952748775482178,0.6614453792572021
0.5917807817459106,-0.34726542234420776,0.6431396007537842
0.45725786685943604,-0.31221652030944824,0.6278398036956787
0.3458613157272339,-0.28148752450942993,0.609597384929657
0.25852084159851074,-0.24533289670944214,0.5855709910392761
0.18511712551116943,-0.21107178926467896,0.5473002195358276
0.11348646879196167,-0.19057142734527588,0.4918251633644104
0.04338425397872925,-0.1831018328666687,0.4280742406845093
-0.018229544162750244,-0.18006908893585205,0.36288201808929443
-0.07548367977142334,-0.17663919925689697,0.2955998182296753
-0.12942016124725342,-0.17096829414367676,0.22898268699645996
-0.1785033941268921,-0.16951066255569458,0.16846531629562378
-0.22091180086135864,-0.16988134384155273,0.11629587411880493
-0.25237393379211426,-0.16928499937057495,0.07352036237716675
-0.2749307155609131,-0.16511809825897217,0.040551722049713135
-0.2892693877220154,-0.16242504119873047,0.012242674827575684
-0.29861980676651,-0.16304904222488403,-0.007592318579554558
-0.3043985366821289,-0.16535812616348267,-0.026305438950657845
-0.3053738474845886,-0.16726362705230713,-0.04227161779999733
-0.30988508462905884,-0.1691109538078308,-0.058823343366384506
-0.3176223039627075,-0.17345070838928223,-0.07258009910583496
-0.32573795318603516,-0.1826305389404297,-0.0832139253616333
-0.32947075366973877,-0.19153451919555664,-0.0912022590637207
-0.3269299268722534,-0.19132697582244873,-0.09267830848693848
-0.3231821060180664,-0.1839524507522583,-0.09699977189302444
-0.31003040075302124,-0.16974693536758423,-0.10606991499662399
-0.2840651869773865,-0.14918982982635498,-0.10836136341094971
-0.252328097820282,-0.12583410739898682,-0.10007952898740768
-0.22592031955718994,-0.10674434900283813,-0.08872783184051514
-0.1985061764717102,-0.0902755856513977,-0.074027419090271
-0.15651589632034302,-0.06973159313201904,-0.05111754685640335
-0.09523481130599976,-0.046602606773376465,-0.013515235856175423
-0.018078625202178955,-0.013814568519592285,0.034696102142333984
0.08048021793365479,0.030991196632385254,0.0953376293182373
0.19350427389144897,0.0639183521270752,0.16526949405670166
0.33041417598724365,0.0956878662109375,0.22918915748596191
0.5081533193588257,0.14850062131881714,0.2849459648132324
0.6881833672523499,0.22536462545394897,0.33109110593795776
0.7759308218955994,0.2671244144439697,0.37063711881637573
0.7095695734024048,0.20352661609649658,0.4072278141975403
0.5702121257781982,0.09306979179382324,0.44977617263793945
0.4533785581588745,0.045169949531555176,0.491942822933197
0.39611226320266724,0.1125078797340393,0.5114709138870239
0.3779085874557495,0.26706695556640625,0.5166692137718201
0.32170093059539795,0.40755051374435425,0.4952384829521179
0.2099645733833313,0.4970436096191406,0.4416208863258362
0.08535635471343994,0.5645462870597839,0.38833001255989075
-0.04258459806442261,0.5817754864692688,0.34620344638824463
-0.17581439018249512,0.5138991475105286,0.32217442989349365
-0.28574758768081665,0.37573879957199097,0.3270307779312134
-0.3291672468185425,0.22450023889541626,0.3338403105735779
-0.30326616764068604,0.0962565541267395,0.3264487385749817
-0.22055649757385254,-0.0007148981094360352,0.3125438690185547
-0.08890163898468018,-0.06709539890289307,0.29844802618026733
0.03178870677947998,-0.12933778762817383,0.2776791453361511
0.12528306245803833,-0.196791410446167,0.2409648299217224
0.20769578218460083,-0.24250495433807373,0.1832575798034668
0.25788336992263794,-0.27158504724502563,0.11020410060882568
0.2732541561126709,-0.2947498559951782,0.03211110830307007
0.26994597911834717,-0.3131974935531616,-0.02914351038634777
0.25475364923477173,-0.3213784694671631,-0.07161623239517212
0.2269660234451294,-0.3230205774307251,-0.104198157787323
0.19654279947280884,-0.3260796070098877,-0.11887198686599731
0.152354896068573,-0.33628159761428833,-0.11694705486297607
0.09599626064300537,-0.3457697033882141,-0.10262417793273926
0.05360978841781616,-0.3486637473106384,-0.08626389503479004
0.024303138256072998,-0.3470943570137024,-0.06631755828857422
-0.010917186737060547,-0.3496527075767517,-0.04757213592529297
-0.06170177459716797,-0.3634023070335388,-0.03869426250457764
-0.1198434829711914,-0.3769487738609314,-0.03712582588195801
-0.16013920307159424,-0.3820915222167969,-0.040291666984558105
-0.18010807037353516,-0.38652098178863525,-0.043718814849853516
-0.17446309328079224,-0.4054197669029236,-0.03980052471160889
-0.14457416534423828,-0.4307401180267334,-0.031119108200073242
-0.09653925895690918,-0.45366376638412476,-0.026021122932434082
-0.04556441307067871,-0.4809347987174988,-0.018852591514587402
-0.007802188396453857,-0.5080881714820862,-0.013843178749084473
0.02738720178604126,-0.5306801795959473,-0.013196587562561035
0.076313316822052,-0.5506860017776489,-0.010238945484161377
0.13080745935440063,-0.5740880370140076,-0.0035149455070495605
0.2018633484840393,-0.6020342707633972,0.008943559601902962
0.2817498445510864,-0.6301090121269226,0.018848715350031853
0.35439956188201904,-0.654281735420227,0.019930541515350342
0.4128625988960266,-0.6786909699440002,0.008305493742227554
0.46741580963134766,-0.7009825110435486,-0.006852388381958008
0.5211077332496643,-0.7203891277313232,-0.015181541442871094
0.5765114426612854,-0.7393069267272949,-0.014557182788848877
0.6302008628845215,-0.7563571333885193,-0.005205214023590088
0.6786985993385315,-0.770534098148346,0.007091514766216278
0.740929126739502,-0.7707443237304688,0.022581808269023895
0.8314997553825378,-0.7514441609382629,0.04494328051805496
0.9452839493751526,-0.7162074446678162,0.07743198424577713
1.0923092365264893,-0.6733168959617615,0.11359656602144241
1.2628395557403564,-0.6421157717704773,0.14765019714832306
1.4187521934509277,-0.6419283151626587,0.17846186459064484
1.5134973526000977,-0.6918135285377502,0.195867121219635
1.5230876207351685,-0.7764837741851807,0.18506920337677002
1.4798202514648438,-0.8362452983856201,0.15296106040477753
1.3963992595672607,-0.8586089611053467,0.132104754447937
1.3104246854782104,-0.833301842212677,0.14385081827640533
1.2520663738250732,-0.7663036584854126,0.223740816116333
1.2184478044509888,-0.6770350933074951,0.3679007887840271
1.1879045963287354,-0.5992476940155029,0.5229101777076721
1.1448723077774048,-0.5587535500526428,0.6648682355880737
1.1033849716186523,-0.54949551820755,0.7735835313796997
1.0501095056533813,-0.5429467558860779,0.8393338322639465
0.9884313941001892,-0.5330673456192017,0.86154705286026
0.9188924431800842,-0.5280631184577942,0.8530577421188354
0.8435899019241333,-0.5166226625442505,0.8154322504997253
0.7761263847351074,-0.4844016432762146,0.7634684443473816
0.7105085849761963,-0.4354463815689087,0.7160033583641052
0.639911949634552,-0.3802958130836487,0.6815145015716553
0.5711055994033813,-0.3203567862510681,0.6516129970550537
0.5069424510002136,-0.2637103199958801,0.6199858784675598
0.4483147859573364,-0.21120184659957886,0.5872157216072083
0.390055775642395,-0.16346824169158936,0.5515433549880981
0.32812124490737915,-0.12184208631515503,0.5071790814399719
0.2581228017807007,-0.09389692544937134,0.4476356506347656
0.1825636625289917,-0.0795813798904419,0.38310056924819946
0.11446768045425415,-0.07421320676803589,0.3254644274711609
0.05231738090515137,-0.07560139894485474,0.2797340750694275
-0.0077179670333862305,-0.07877838611602783,0.2442089319229126
-0.0677100419998169,-0.07899028062820435,0.21370184421539307
-0.12889695167541504,-0.07720762491226196,0.18631011247634888
-0.18765228986740112,-0.07585370540618896,0.16597026586532593
-0.23851120471954346,-0.07302510738372803,0.15165817737579346
-0.27899765968322754,-0.06197988986968994,0.13646626472473145
-0.31553947925567627,-0.05021393299102783,0.12313681840896606
-0.340411901473999,-0.044906407594680786,0.1069556474685669
-0.3571304678916931,-0.04178723692893982,0.08972597122192383
-0.368726909160614,-0.03525838255882263,0.07384109497070312
-0.3752349615097046,-0.032095640897750854,0.05635440722107887
-0.3805178999900818,-0.03566944599151611,0.03892171010375023
-0.3858080506324768,-0.04222270846366882,0.023296233266592026
-0.38964545726776123,-0.05204746127128601,0.010491486638784409
-0.38151389360427856,-0.06468364596366882,-0.003895878791809082
-0.36639440059661865,-0.07176986336708069,-0.018573392182588577
-0.35232794284820557,-0.06717044115066528,-0.028641100972890854
-0.3282923102378845,-0.05974704027175903,-0.0387345515191555
-0.31491267681121826,-0.05034381151199341,-0.04957926273345947
-0.3045809268951416,-0.0396428108215332,-0.0548095703125
-0.2935827374458313,-0.03752106428146362,-0.05784749984741211
-0.2808021903038025,-0.04312199354171753,-0.05006873607635498
-0.2749823331832886,-0.045412421226501465,-0.033638954162597656
-0.273345947265625,-0.037248849868774414,-0.019104361534118652
-0.27805763483047485,-0.02149796485900879,-0.005009888671338558
-0.26951146125793457,-0.008633852005004883,0.012038113549351692
-0.22266340255737305,0.009634256362915039,0.041492462158203125
-0.12117159366607666,0.03938335180282593,0.07673412561416626
0.03632897138595581,0.09274709224700928,0.1128920391201973
0.21469026803970337,0.16644495725631714,0.14298009872436523
0.37039315700531006,0.24019819498062134,0.17738795280456543
0.45768362283706665,0.25630617141723633,0.22567540407180786
0.4545411467552185,0.17604970932006836,0.2778276205062866
0.3999696969985962,0.07872986793518066,0.31262701749801636
0.3815498948097229,0.058431148529052734,0.3279591202735901
0.40569424629211426,0.09348404407501221,0.33136385679244995
0.42933136224746704,0.1611289381980896,0.3198413848876953
0.4346867799758911,0.21996474266052246,0.2757653594017029
0.41179734468460083,0.2638286352157593,0.21975016593933105
0.3625618815422058,0.29551464319229126,0.18138587474822998
0.2913661003112793,0.2887037992477417,0.16570937633514404
0.2058693766593933,0.23370671272277832,0.17617028951644897
0.1284046173095703,0.14140111207962036,0.21451103687286377
0.08775001764297485,0.025151193141937256,0.2545098662376404
0.06843262910842896,-0.09638434648513794,0.283308744430542
0.07190459966659546,-0.2070256471633911,0.2925536036491394
0.09430879354476929,-0.2806156873703003,0.27668994665145874
0.1197020411491394,-0.3175656199455261,0.237446129322052
0.14025753736495972,-0.3262280225753784,0.18488287925720215
0.15220171213150024,-0.3137996196746826,0.13685888051986694
0.14119625091552734,-0.2976914048194885,0.08949995040893555
0.11328411102294922,-0.2738338112831116,0.05129903554916382
0.07836812734603882,-0.247203528881073,0.021044490858912468
0.03325527906417847,-0.2296110987663269,0.0030833492055535316
-0.013814687728881836,-0.2277919054031372,-0.004230975639075041
-0.06007266044616699,-0.23377090692520142,-0.004867494106292725
-0.10208684206008911,-0.2411947250366211,-0.010218024253845215
-0.13209426403045654,-0.24998658895492554,-0.018150687217712402
-0.15315037965774536,-0.26105624437332153,-0.02774786949157715
-0.17428451776504517,-0.2719219923019409,-0.04221677780151367
-0.18910568952560425,-0.283034086227417,-0.05647480487823486
-0.19544148445129395,-0.2922554016113281,-0.07229722291231155
-0.19242674112319946,-0.2996770143508911,-0.08652925491333008
-0.17495077848434448,-0.3048497438430786,-0.09587442874908447
-0.1464635729789734,-0.3101653456687927,-0.09699296951293945
-0.10886067152023315,-0.3152974247932434,-0.08661437034606934
-0.06219452619552612,-0.31651580333709717,-0.06158626079559326
-0.007199883460998535,-0.3161161541938782,-0.02786564826965332
0.051407456398010254,-0.31662648916244507,0.002154469955712557
0.13371360301971436,-0.31750375032424927,0.03395789861679077
0.21963417530059814,-0.3186633586883545,0.07279890775680542
0.28785115480422974,-0.33524030447006226,0.11932498216629028
0.3414587378501892,-0.3603898882865906,0.1670171618461609
0.3978150486946106,-0.38817477226257324,0.21917563676834106
0.4557030200958252,-0.41962528228759766,0.2626025676727295
0.5040513277053833,-0.45375704765319824,0.28570419549942017
0.5478785037994385,-0.4895625114440918,0.29320812225341797
0.5829145908355713,-0.5276533365249634,0.2997111678123474
0.6174722909927368,-0.5642591714859009,0.3093208074569702
0.6592923998832703,-0.5892829298973083,0.31479567289352417
0.6997674703598022,-0.6071751117706299,0.325150728225708
0.7423430681228638,-0.6196808218955994,0.3462674021720886
0.7966902256011963,-0.6140967011451721,0.3774747848510742
0.8631805181503296,-0.5874631404876709,0.41437971591949463
0.9497203826904297,-0.5443021059036255,0.4481457471847534
1.0582287311553955,-0.4972042441368103,0.4684790372848511
1.1791244745254517,-0.4583090543746948,0.48165595531463623
1.293457269668579,-0.43590062856674194,0.4948766827583313
1.3569600582122803,-0.46033453941345215,0.5105488896369934
1.3760063648223877,-0.5247499346733093,0.5058764815330505
1.3521945476531982,-0.5976840853691101,0.46730270981788635
1.3259838819503784,-0.6363852620124817,0.4041372537612915
1.3165711164474487,-0.6411598920822144,0.3441966772079468
1.2882989645004272,-0.6045898199081421,0.3372601866722107
1.2922642230987549,-0.5133180022239685,0.3885054290294647
1.3160436153411865,-0.4266785979270935,0.4834113121032715
1.2977325916290283,-0.3934137225151062,0.5804404020309448
1.243896484375,-0.3868800401687622,0.6515763998031616
1.1745630502700806,-0.39916419982910156,0.6892441511154175
1.096020221710205,-0.42525261640548706,0.7061389684677124
1.0145927667617798,-0.4492567777633667,0.7004797458648682
0.9396286010742188,-0.45634156465530396,0.6675727367401123
0.8527145385742188,-0.4371525049209595,0.6346743106842041
0.7573725581169128,-0.3991047143936157,0.6178160905838013
0.6736471652984619,-0.3574567437171936,0.6226551532745361
0.6154757142066956,-0.3085786700248718,0.637738823890686
0.5800784826278687,-0.251836359500885,0.6478632092475891
0.5478290915489197,-0.1973506212234497,0.6466160416603088
0.5072717666625977,-0.15329766273498535,0.6296494007110596
0.4591740369796753,-0.11880111694335938,0.6003214120864868
0.4060478210449219,-0.09122294187545776,0.5570493936538696
0.3447667956352234,-0.0663599967956543,0.49811500310897827
0.2863084077835083,-0.04406273365020752,0.43962806463241577
0.2378411889076233,-0.027414679527282715,0.3929949998855591
0.1941821575164795,-0.012606441974639893,0.3504868745803833
0.15165495872497559,-0.0033449530601501465,0.3100939989089966
0.10698109865188599,0.0033461451530456543,0.26813018321990967
0.06510376930236816,0.009264767169952393,0.22313731908798218
0.024968862533569336,0.014998257160186768,0.18184977769851685
-0.009814143180847168,0.02797842025756836,0.1431688666343689
-0.046689629554748535,0.0414387583732605,0.10412776470184326
-0.08613044023513794,0.05244278907775879,0.06924808025360107
-0.12356448173522949,0.061130523681640625,0.04349982738494873
-0.15456998348236084,0.06754502654075623,0.025722503662109375
-0.17502707242965698,0.07456085085868835,0.015518426895141602
-0.18605279922485352,0.0788702666759491,0.015614032745361328
-0.19100815057754517,0.08420959115028381,0.02164018154144287
-0.1956503987312317,0.09334143996238708,0.0229569673538208
-0.20059680938720703,0.10109692811965942,0.018470048904418945
-0.20372051000595093,0.10745590925216675,0.014148116111755371
-0.2082045078277588,0.11535036563873291,0.00980711355805397
-0.21486693620681763,0.12055745720863342,0.009576082229614258
-0.22631388902664185,0.1171576976776123,0.010826349258422852
-0.23543381690979004,0.10747602581977844,0.019278526306152344
-0.23288637399673462,0.09246301651000977,0.041417963802814484
-0.19282513856887817,0.07632669806480408,0.07258594036102295
-0.11081171035766602,0.06332306563854218,0.1087651252746582
-0.009000599384307861,0.051209717988967896,0.1459946632385254
0.07802718877792358,0.0345490425825119,0.17798709869384766
0.1510322093963623,0.01880553364753723,0.2013758420944214
0.23897016048431396,0.03164295852184296,0.20472049713134766
0.3357398509979248,0.07745610177516937,0.18792545795440674
0.3996421694755554,0.13391242921352386,0.15724420547485352
0.40114885568618774,0.16250605881214142,0.12728893756866455
0.3917432427406311,0.15350940823554993,0.10521352291107178
0.4398072361946106,0.11690396070480347,0.09800539910793304
0.530673086643219,0.07853837311267853,0.11527977883815765
0.5865525603294373,0.04785189405083656,0.15791688859462738
0.5899782180786133,0.03616539388895035,0.19708086550235748
0.5404938459396362,0.04817536473274231,0.22374475002288818
0.4641953706741333,0.04785040020942688,0.2658534049987793
0.38068705797195435,0.003891933709383011,0.32833874225616455
0.26449257135391235,-0.07750696688890457,0.42107442021369934
0.13818079233169556,-0.1670885980129242,0.5193173885345459
0.08076423406600952,-0.24386024475097656,0.6079952716827393
0.0575329065322876,-0.28082963824272156,0.6910219192504883
0.029473304748535156,-0.2831449508666992,0.7740278244018555
0.016328096389770508,-0.26345694065093994,0.851944088935852
0.03391605615615845,-0.22425314784049988,0.8963568210601807
0.05413186550140381,-0.1716117560863495,0.9009928107261658
0.0440676212310791,-0.1157161295413971,0.8732908964157104
0.0035652518272399902,-0.051178812980651855,0.8205749988555908
-0.0021233558654785156,0.0062187910079956055,0.7579096555709839
0.04502016305923462,0.030322790145874023,0.7222810983657837
0.10203689336776733,0.03635531663894653,0.6752381324768066
0.10701578855514526,0.06659355759620667,0.6055938005447388
0.07855361700057983,0.1036081612110138,0.5528967380523682
0.03722488880157471,0.1288156509399414,0.5339723825454712
0.013990461826324463,0.14679491519927979,0.5504695177078247
-0.0031335949897766113,0.1718037724494934,0.5606086254119873
-0.027341127395629883,0.20460504293441772,0.5618001222610474
-0.05482238531112671,0.2415490746498108,0.5473811030387878
-0.09930801391601562,0.28098708391189575,0.5224705934524536
-0.16753846406936646,0.31974858045578003,0.4911558926105499
-0.2359347939491272,0.3474680185317993,0.475283145904541
-0.28891873359680176,0.35938704013824463,0.49108433723449707
-0.34856200218200684,0.3597341775894165,0.5046019554138184
-0.39987409114837646,0.35808342695236206,0.4968287944793701
-0.41144055128097534,0.370567262172699,0.49533557891845703
-0.4136086106300354,0.3619157075881958,0.5112078189849854
-0.4118860960006714,0.3429843783378601,0.5213981866836548
-0.41632279753685,0.35933297872543335,0.5248551368713379
-0.4408760368824005,0.3731532096862793,0.5374928116798401
-0.48097556829452515,0.3852405548095703,0.5550263524055481
-0.5274928212165833,0.40050697326660156,0.5876622796058655
-0.5676451921463013,0.3971969485282898,0.6338142156600952
-0.5971043109893799,0.4064878821372986,0.6748205423355103
-0.6215493679046631,0.4254090189933777,0.7101333737373352
-0.6440932154655457,0.4419040083885193,0.7350460290908813
-0.6619188785552979,0.47176772356033325,0.7445142269134521
-0.6848305463790894,0.49957382678985596,0.7458466291427612
-0.7070369124412537,0.513349711894989,0.7498866319656372
-0.7174274921417236,0.5290889739990234,0.7453498840332031
-0.7061195373535156,0.5331797003746033,0.73264080286026
-0.686908483505249,0.5352062582969666,0.7189377546310425
-0.6765013337135315,0.5344185829162598,0.7171345949172974
-0.6948515176773071,0.5151901841163635,0.7193885445594788
-0.730984091758728,0.48983949422836304,0.6979485154151917
-0.7639658451080322,0.47611021995544434,0.6679837107658386
-0.7722790241241455,0.44795650243759155,0.6448887586593628
-0.7199162244796753,0.41740110516548157,0.625524640083313
-0.6195852756500244,0.4181300699710846,0.632325291633606
-0.5087958574295044,0.419351190328598,0.6862037181854248
-0.40378960967063904,0.40288838744163513,0.7917650938034058
-0.31442975997924805,0.38585662841796875,0.9308134317398071
-0.24853074550628662,0.37416189908981323,1.0680253505706787
-0.19954398274421692,0.38101476430892944,1.160017490386963
-0.1841815710067749,0.3949277400970459,1.1871585845947266
-0.22027158737182617,0.40432673692703247,1.1553897857666016
-0.2827111482620239,0.40518903732299805,1.0929863452911377
-0.338403582572937,0.4197315573692322,1.0351142883300781
-0.3507806658744812,0.4393370449542999,0.9952964782714844
-0.31205475330352783,0.45211273431777954,0.9815195798873901
-0.2300155758857727,0.4602143466472626,0.9839016199111938
-0.1379050612449646,0.448695570230484,1.0060980319976807
-0.03700286149978638,0.4194440245628357,1.042191505432129
0.06391483545303345,0.41469258069992065,1.059206247329712
0.16932660341262817,0.4208860397338867,1.0722079277038574
0.2681117653846741,0.4561525583267212,1.0790834426879883
0.3750714659690857,0.5262348055839539,1.0907433032989502
0.5338053703308105,0.6047205328941345,1.1154725551605225
0.7251943349838257,0.6752520799636841,1.1678122282028198
0.9187398552894592,0.730544924736023,1.2096459865570068
1.0993962287902832,0.7863785624504089,1.2430800199508667
1.2675840854644775,0.8323184251785278,1.2586668729782104
1.4301016330718994,0.8692272305488586,1.2612947225570679
1.5774749517440796,0.913233757019043,1.2489062547683716
1.6950147151947021,0.9436646103858948,1.2135779857635498
1.8474891185760498,0.9771792888641357,1.2103129625320435
2.1010360717773438,1.0271260738372803,1.2653000354766846
2.439236640930176,1.1065113544464111,1.327948808670044
2.7811973094940186,1.219375729560852,1.3285021781921387
3.0789709091186523,1.3894743919372559,1.2187321186065674
3.272764205932617,1.6342076063156128,1.040015459060669
3.310112714767456,1.8747152090072632,0.828954815864563
3.222440481185913,2.1259689331054688,0.6269471049308777
3.04298734664917,2.3854689598083496,0.4507124423980713
2.8381917476654053,2.6280405521392822,0.3138080835342407
2.5177154541015625,2.860590696334839,0.19534677267074585
2.222318410873413,3.003798246383667,0.08193373680114746
1.9671204090118408,3.0790271759033203,-0.03483092784881592
1.770511507987976,3.0543689727783203,-0.1415344476699829
1.6479634046554565,2.951845645904541,-0.2348334789276123
1.578137993812561,2.820460557937622,-0.3342869281768799
1.5415055751800537,2.669080972671509,-0.4639803171157837
1.5071334838867188,2.521005392074585,-0.6030962467193604
1.490723967552185,2.3885748386383057,-0.7194409370422363
1.4465821981430054,2.2668285369873047,-0.8184536695480347
1.3671965599060059,2.1679396629333496,-0.8808354139328003
1.2723904848098755,2.0761404037475586,-0.9089703559875488
1.176256775856018,1.987403154373169,-0.9202849864959717
1.0795727968215942,1.8934202194213867,-0.9076110124588013
1.001064658164978,1.7974483966827393,-0.8989160656929016
0.9442108869552612,1.7186977863311768,-0.9060936570167542
0.8941778540611267,1.6472744941711426,-0.9278423190116882
0.8483390808105469,1.581771731376648,-0.9692104458808899
0.8235690593719482,1.532564401626587,-1.0273125171661377
0.8283953666687012,1.4978234767913818,-1.0767722129821777
0.8304378986358643,1.4729584455490112,-1.1283204555511475
0.8062179088592529,1.4536945819854736,-1.1953071355819702
0.7815181612968445,1.43546462059021,-1.2582614421844482
0.7668855786323547,1.4151732921600342,-1.3016749620437622
0.7480274438858032,1.3957768678665161,-1.3291372060775757
0.7183445692062378,1.3848787546157837,-1.3464840650558472
0.6879369616508484,1.367548942565918,-1.339787244796753
0.677352786064148,1.3386163711547852,-1.2949970960617065
0.6750625371932983,1.297526240348816,-1.2370424270629883
0.6724172234535217,1.264446496963501,-1.1955009698867798
0.6700035333633423,1.2302565574645996,-1.1676249504089355
0.655387818813324,1.2096866369247437,-1.1204205751419067
0.6398319005966187,1.2222027778625488,-1.0305078029632568
0.684148907661438,1.2638124227523804,-0.9121096730232239
0.8155026435852051,1.308627724647522,-0.7228406071662903
1.026989221572876,1.3776320219039917,-0.4189073443412781
1.2346569299697876,1.495805263519287,-0.02492004632949829
1.4900798797607422,1.604224681854248,0.42571383714675903
1.6897716522216797,1.6028385162353516,0.8577665686607361
1.761474847793579,1.5131661891937256,1.165367841720581
1.8161227703094482,1.4360771179199219,1.3806736469268799
1.8629937171936035,1.3807024955749512,1.7291733026504517
1.810586929321289,1.31890869140625,2.267026662826538
1.6430535316467285,1.245248556137085,2.890432834625244
1.3445000648498535,1.1811211109161377,3.433405637741089
0.9858495593070984,1.0793631076812744,3.7906951904296875
0.666409432888031,0.9369073510169983,3.8748667240142822
0.5905140042304993,0.8128525018692017,3.648174524307251
0.6035751700401306,0.7177889347076416,3.2101361751556396
0.6692857146263123,0.647487461566925,2.73543381690979
0.6572350263595581,0.5930865406990051,2.3769242763519287
0.5122005939483643,0.5832107663154602,2.1403889656066895
0.3051312565803528,0.612101137638092,2.029019355773926
0.08925753831863403,0.6454580426216125,1.946214199066162
-0.07711189985275269,0.6758067011833191,1.7866759300231934
-0.14832419157028198,0.7064805030822754,1.5808587074279785
-0.1577548384666443,0.7527604699134827,1.3972110748291016
-0.22970110177993774,0.8329254984855652,1.2521034479141235
-0.3837937116622925,0.9406440258026123,1.1588420867919922
-0.532437264919281,1.053326964378357,1.0515947341918945
-0.6975587010383606,1.1425095796585083,0.8796973824501038
-0.8899902105331421,1.1936527490615845,0.693386971950531
-1.0719032287597656,1.19215726852417,0.5479403138160706
-1.2590906620025635,1.1590111255645752,0.436733216047287
-1.4152696132659912,1.1239043474197388,0.383099228143692
-1.4824753999710083,1.0896154642105103,0.4154618978500366
-1.4687082767486572,1.0548810958862305,0.49797725677490234
-1.410212516784668,1.0513818264007568,0.5585998296737671
-1.3456616401672363,1.0753263235092163,0.5786580443382263
-1.295710802078247,1.0964182615280151,0.6096875667572021
-1.2490553855895996,1.0863888263702393,0.6650190353393555
-1.2070622444152832,1.066442847251892,0.6964535117149353
-1.1654045581817627,1.0717768669128418,0.6926581263542175
-1.1482294797897339,1.086920976638794,0.6980661153793335
-1.178468108177185,1.0758728981018066,0.7144119739532471
-1.2454650402069092,1.0479910373687744,0.755082368850708
-1.2698683738708496,1.0724722146987915,0.8051605820655823
-1.251133918762207,1.124774694442749,0.8521204590797424
-1.2204673290252686,1.1280450820922852,0.8687372803688049
-1.1211557388305664,1.0967223644256592,0.8455727696418762
-0.8816573619842529,1.0821473598480225,0.8104681968688965
-0.5204311609268188,1.0362818241119385,0.7999903559684753
-0.12285107374191284,0.9175392389297485,0.8063738942146301
0.21026372909545898,0.7366558909416199,0.8193385601043701
0.44489479064941406,0.5404685735702515,0.7995914220809937
0.5751933455467224,0.4062787890434265,0.7817865610122681
0.6773918271064758,0.3324440121650696,0.7696881890296936
0.8139627575874329,0.3560166358947754,0.7243432998657227
0.9393813610076904,0.4190971851348877,0.6488094925880432
1.0293052196502686,0.483284056186676,0.5314797759056091
1.1706434488296509,0.5769119262695312,0.42316222190856934
1.3611526489257812,0.6588360071182251,0.38926053047180176
1.6559548377990723,0.6946295499801636,0.46807384490966797
1.9862468242645264,0.7394904494285583,0.6194332838058472
2.271312952041626,0.8374196290969849,0.7888086438179016
2.513185501098633,0.9794639348983765,0.8962067365646362
2.6863749027252197,1.193298578262329,0.8609785437583923
2.829737424850464,1.4558285474777222,0.6318960189819336
2.8771042823791504,1.652766227722168,0.19086378812789917
2.868814706802368,1.6696898937225342,-0.36583930253982544
2.853754758834839,1.5814547538757324,-0.9149419665336609
2.7552411556243896,1.4536300897598267,-1.3974958658218384
2.529930591583252,1.2759853601455688,-1.7287086248397827
2.206566095352173,1.1191623210906982,-1.8969252109527588
1.876235008239746,1.031615138053894,-1.909926414489746
1.6170082092285156,0.9866597056388855,-1.7348012924194336
1.4162890911102295,1.0183426141738892,-1.4690032005310059
1.232444167137146,1.081492304801941,-1.198250412940979
1.080859899520874,1.1344075202941895,-0.9717119932174683
0.940799355506897,1.1940233707427979,-0.818244218826294
0.8039975762367249,1.2433351278305054,-0.7322481870651245
0.7095768451690674,1.2550115585327148,-0.6972776651382446
0.6569501757621765,1.2479381561279297,-0.7169911861419678
0.5990031957626343,1.2406635284423828,-0.8121824264526367
0.5404524803161621,1.2298109531402588,-0.9475025534629822
0.491582989692688,1.2091737985610962,-1.0805795192718506
0.4533032178878784,1.1702053546905518,-1.1963385343551636
0.43765801191329956,1.1190786361694336,-1.2891286611557007
0.4397226572036743,1.0683939456939697,-1.366811752319336
0.44182372093200684,1.021981954574585,-1.4330191612243652
0.44252902269363403,0.9723997116088867,-1.4830251932144165
0.4408867657184601,0.909532904624939,-1.5235683917999268
0.442437082529068,0.8488048315048218,-1.5622872114181519
0.440548300743103,0.7931880950927734,-1.5964763164520264
0.43320274353027344,0.7343331575393677,-1.6142159700393677
0.423076868057251,0.6904292702674866,-1.6172828674316406
0.42191892862319946,0.6599961519241333,-1.5982189178466797
0.4357250928878784,0.626217782497406,-1.5672816038131714
0.4625903069972992,0.6041033267974854,-1.5307494401931763
0.5103628635406494,0.625551700592041,-1.4837877750396729
0.5725072622299194,0.7012218236923218,-1.4180781841278076
0.6268550157546997,0.8291320204734802,-1.2810332775115967
0.6894080638885498,0.9798741340637207,-1.0411813259124756
0.7448060512542725,1.1341354846954346,-0.7423477172851562
0.9072951078414917,1.2579944133758545,-0.3950059413909912
1.174719214439392,1.3155934810638428,0.040190279483795166
1.348912000656128,1.3344335556030273,0.5131286382675171
1.4293506145477295,1.2785524129867554,0.9158058762550354
1.4812873601913452,1.1267263889312744,1.1952264308929443
1.5210392475128174,0.9633192420005798,1.4457136392593384
1.4950803518295288,0.8352437019348145,1.7461628913879395
1.4117045402526855,0.795747697353363,2.151867389678955
1.3224023580551147,0.7988123893737793,2.675575017929077
1.1613006591796875,0.7995810508728027,3.184799909591675
0.8767064809799194,0.7771349549293518,3.4753551483154297
0.6965662240982056,0.7283508777618408,3.4838461875915527
0.7870348691940308,0.6543186902999878,3.2515013217926025
0.8008197546005249,0.5624553561210632,2.8471713066101074
0.6127800941467285,0.5011811256408691,2.40269136428833
0.4241557717323303,0.45474952459335327,2.0596163272857666
0.2830144166946411,0.403964638710022,1.8221666812896729
0.23472857475280762,0.36561816930770874,1.6345566511154175
0.22877544164657593,0.32837361097335815,1.5090405941009521
0.18188613653182983,0.2938057780265808,1.4123098850250244
0.16771680116653442,0.2932564616203308,1.3025853633880615
0.19076579809188843,0.31843993067741394,1.2643296718597412
0.208706796169281,0.3624986708164215,1.29520583152771
0.15383809804916382,0.45348677039146423,1.3271207809448242
0.06438356637954712,0.5927935242652893,1.3146028518676758
-0.02116149663925171,0.7587490081787109,1.2438709735870361
-0.08452528715133667,0.934870719909668,1.1155462265014648
-0.17659956216812134,1.1142910718917847,0.9437131881713867
-0.33129608631134033,1.2684601545333862,0.7389214038848877
-0.5449494123458862,1.3707945346832275,0.5351767539978027
-0.7968745827674866,1.407815933227539,0.3787130117416382
-1.0181925296783447,1.4045937061309814,0.2855663597583771
-1.1764509677886963,1.390347957611084,0.2558668851852417
-1.23091459274292,1.3464587926864624,0.28354811668395996
-1.2239530086517334,1.3103094100952148,0.3415311574935913
-1.1842827796936035,1.279569387435913,0.4077407121658325
-1.1540744304656982,1.2491772174835205,0.48274141550064087
-1.1359333992004395,1.223813533782959,0.5447373986244202
-1.1241369247436523,1.182279109954834,0.6034399271011353
-1.1171875,1.121199131011963,0.674216628074646
-1.133435606956482,1.080967664718628,0.7433292269706726
-1.181839942932129,1.0482370853424072,0.8163691759109497
-1.1801741123199463,1.0136001110076904,0.9088469743728638
-1.1306045055389404,1.0208168029785156,1.0218689441680908
-1.0583500862121582,1.035420536994934,1.1263599395751953
-0.9660398364067078,1.0189553499221802,1.1929383277893066
-0.8006401658058167,1.0008070468902588,1.1909849643707275
-0.5958850383758545,0.9805365800857544,1.1526840925216675
-0.3928868770599365,0.907613217830658,1.1225144863128662
-0.1858130693435669,0.7972244024276733,1.1175251007080078
-0.003376901149749756,0.6624205112457275,1.100041389465332
0.0829889178276062,0.5362612009048462,1.0477941036224365
0.07247006893157959,0.45981553196907043,0.9695890545845032
0.02610647678375244,0.4531145393848419,0.8618803024291992
0.013243317604064941,0.5066038370132446,0.7329326868057251
0.038895368576049805,0.5860962271690369,0.6037664413452148
0.11169946193695068,0.6906091570854187,0.5361547470092773
0.30739545822143555,0.8214316964149475,0.5651100873947144
0.6572310328483582,0.9314296245574951,0.6714509129524231
1.0964168310165405,0.9858384728431702,0.8006308078765869
1.5828651189804077,0.9788243770599365,0.9194302558898926
2.0400657653808594,0.9924115538597107,0.9803053140640259
2.387479782104492,1.0740658044815063,0.9477543830871582
2.6023340225219727,1.1914366483688354,0.8312568664550781
2.732069969177246,1.3885531425476074,0.6052733659744263
2.811974048614502,1.6254960298538208,0.2691316604614258
2.8786168098449707,1.7329738140106201,-0.14155727624893188
2.938981294631958,1.6823158264160156,-0.6083272099494934
2.9388489723205566,1.5532917976379395,-1.0805189609527588
2.875836133956909,1.4263123273849487,-1.4988577365875244
2.711453676223755,1.3013861179351807,-1.7738600969314575
2.512254238128662,1.1806449890136719,-1.8781509399414062
2.2794008255004883,1.1134028434753418,-1.8311054706573486
2.0307881832122803,1.106919765472412,-1.6523396968841553
1.7997245788574219,1.1405521631240845,-1.3715705871582031
1.557689905166626,1.197341799736023,-1.0782337188720703
1.3525348901748657,1.2687718868255615,-0.818630576133728
1.1910589933395386,1.3282159566879272,-0.6115850210189819
1.0415689945220947,1.363301396369934,-0.5031794309616089
0.9100638628005981,1.3923546075820923,-0.4968019723892212
0.8170623779296875,1.4401248693466187,-0.5596997141838074
0.7561640739440918,1.4896215200424194,-0.6874620914459229
0.6841917037963867,1.5365967750549316,-0.8551411032676697
0.6130983829498291,1.6028118133544922,-1.0191831588745117
0.5246508121490479,1.6434500217437744,-1.148435115814209
0.4311091899871826,1.632583737373352,-1.2363553047180176
0.36345767974853516,1.583338975906372,-1.2991926670074463
0.31607216596603394,1.5127359628677368,-1.341991662979126
0.29279303550720215,1.4294788837432861,-1.3569881916046143
0.2951247990131378,1.3470845222473145,-1.3712964057922363
0.31943947076797485,1.2754642963409424,-1.3912811279296875
0.3599722981452942,1.2098760604858398,-1.4166631698608398
0.4030327796936035,1.1509063243865967,-1.4453239440917969
0.4361698031425476,1.094505786895752,-1.4781585931777954
0.4652610421180725,1.0278400182724,-1.4958890676498413
0.48945388197898865,0.971915602684021,-1.5176351070404053
0.5200435519218445,0.9282401204109192,-1.5340126752853394
0.5362861156463623,0.899399995803833,-1.534687876701355
0.5399174690246582,0.8890872001647949,-1.5047550201416016
0.5534975528717041,0.8883148431777954,-1.4358811378479004
0.578626275062561,0.8884113430976868,-1.3239927291870117
0.6637901067733765,0.8934171795845032,-1.1987440586090088
0.7851219773292542,0.8888438940048218,-1.0024709701538086
0.9942184686660767,0.9409418106079102,-0.7063714265823364
1.2124907970428467,1.0621733665466309,-0.3281972408294678
1.349281907081604,1.1632721424102783,0.08359289169311523
1.4395252466201782,1.2181041240692139,0.4786264896392822
1.4593650102615356,1.2369320392608643,0.8641098141670227
1.5100289583206177,1.2308142185211182,1.2437610626220703
1.6059938669204712,1.2030061483383179,1.823251724243164
1.535095453262329,1.1567928791046143,2.694629192352295
1.259883999824524,1.1441314220428467,3.684267282485962
0.9180256128311157,1.1149797439575195,4.638249397277832
0.6176133751869202,1.048046588897705,5.323657512664795
0.33878910541534424,0.9941398501396179,5.388761520385742
0.20014911890029907,0.9360275268554688,4.778876781463623
0.24869054555892944,0.8811545372009277,3.749140501022339
0.4277542233467102,0.8164300918579102,2.7306339740753174
0.5917955040931702,0.751052737236023,1.972776174545288
0.6332281231880188,0.7257113456726074,1.4685368537902832
0.5598086714744568,0.7392635941505432,1.1821770668029785
0.3896511197090149,0.7779156565666199,1.0693320035934448
0.13929903507232666,0.8646429777145386,1.0715699195861816
-0.1607903242111206,0.9921005964279175,1.1057581901550293
-0.4246998429298401,1.1324803829193115,1.0927704572677612
-0.6080907583236694,1.2637979984283447,0.9967035055160522
-0.7592238783836365,1.3661059141159058,0.8504180908203125
-0.9079469442367554,1.4224324226379395,0.6955260038375854
-1.0398707389831543,1.409772515296936,0.5527526140213013
-1.1604321002960205,1.369319200515747,0.4486556351184845
-1.244321584701538,1.3131341934204102,0.3792757987976074
-1.2965247631072998,1.2603424787521362,0.3677324056625366
-1.305268406867981,1.2212923765182495,0.4214521646499634
-1.272606611251831,1.1713635921478271,0.5070277452468872
-1.2194173336029053,1.1172186136245728,0.5867733955383301
-1.194340705871582,1.0821248292922974,0.6406679153442383
-1.2010133266448975,1.0572588443756104,0.6688084602355957
-1.2046427726745605,1.0053374767303467,0.7156069278717041
-1.226348876953125,0.9676138162612915,0.7864102125167847
-1.2713440656661987,0.9556398987770081,0.8738190531730652
-1.3166804313659668,0.9426479339599609,0.9708853363990784
-1.2964227199554443,0.9473475217819214,1.054902195930481
-1.1983966827392578,0.9639243483543396,1.11613130569458
-1.0143383741378784,0.9490982890129089,1.1332725286483765
-0.7501347064971924,0.892615795135498,1.0920701026916504
-0.4030027389526367,0.8152798414230347,1.0532820224761963
-0.0682787299156189,0.6583613157272339,1.0294973850250244
0.16131532192230225,0.43941497802734375,1.0104647874832153
0.24782878160476685,0.2398906648159027,1.00274658203125
0.20454156398773193,0.13084572553634644,0.9478581547737122
0.1025770902633667,0.12669703364372253,0.8289868235588074
0.011992812156677246,0.19399741291999817,0.710544228553772
-0.043858885765075684,0.2973180413246155,0.6848835945129395
0.0007812380790710449,0.42327654361724854,0.7250655293464661
0.18151259422302246,0.5848944187164307,0.7611774206161499
0.5493439435958862,0.7301943898200989,0.813979983329773
1.0822153091430664,0.8145122528076172,0.9089862108230591
1.6657378673553467,0.841148853302002,1.0022575855255127
2.221615791320801,0.8813233971595764,1.0426051616668701
2.6903555393218994,0.9609599709510803,1.0075633525848389
2.9689860343933105,1.0886974334716797,0.8659511804580688
3.0695793628692627,1.2839674949645996,0.6090848445892334
3.088275909423828,1.4809789657592773,0.29055920243263245
3.03818941116333,1.5981409549713135,-0.09375977516174316
2.9395079612731934,1.596321702003479,-0.5535603761672974
2.851242780685425,1.5211470127105713,-1.0251625776290894
2.7456443309783936,1.4445078372955322,-1.398155689239502
2.597060203552246,1.3499361276626587,-1.6263045072555542
2.3808841705322266,1.2534613609313965,-1.7595189809799194
2.129767417907715,1.2078659534454346,-1.7792803049087524
1.849747657775879,1.2112139463424683,-1.6782550811767578
1.5860414505004883,1.243481159210205,-1.4801069498062134
1.355934739112854,1.2931466102600098,-1.243687391281128
1.161359190940857,1.3373281955718994,-1.026806354522705
0.978338360786438,1.364679217338562,-0.8569602966308594
0.8311552405357361,1.386885166168213,-0.7499803900718689
0.7087101340293884,1.4008080959320068,-0.7189608812332153
0.6045320630073547,1.406389832496643,-0.7605416774749756
0.5353628993034363,1.4047943353652954,-0.8349361419677734
0.4844553768634796,1.4058895111083984,-0.9195006489753723
0.4157910645008087,1.4091042280197144,-1.0283968448638916
0.3634128272533417,1.411710500717163,-1.1245388984680176
0.314095139503479,1.3998404741287231,-1.2011492252349854
0.262770414352417,1.371802568435669,-1.2780368328094482
0.22474944591522217,1.338097095489502,-1.339824914932251
0.1988844871520996,1.2915083169937134,-1.391230821609497
0.18409259617328644,1.2350682020187378,-1.4285621643066406
0.19198039174079895,1.1816866397857666,-1.4504083395004272
0.19551022350788116,1.1349701881408691,-1.4637391567230225
0.19826145470142365,1.0877060890197754,-1.4629942178726196
0.2162095606327057,1.034953236579895,-1.438183069229126
0.25286412239074707,0.9783141613006592,-1.4109810590744019
0.2969173192977905,0.9231252670288086,-1.3910853862762451
0.3326549232006073,0.8703070878982544,-1.3771878480911255
0.36706775426864624,0.8222568035125732,-1.3639616966247559
0.418354868888855,0.7922261357307434,-1.3482798337936401
0.4758604168891907,0.7957864999771118,-1.3184133768081665
0.5127472877502441,0.8344622254371643,-1.252618670463562
0.5134226083755493,0.8885784149169922,-1.1434288024902344
0.5364058017730713,0.9367449283599854,-0.9999169111251831
0.6755006313323975,0.9777862429618835,-0.7711021900177002
0.9795146584510803,1.0683077573776245,-0.4255636930465698
1.2378093004226685,1.1450742483139038,-0.014467239379882812
1.449890375137329,1.1775434017181396,0.375294029712677
1.6660058498382568,1.160886287689209,0.7184721231460571
1.8623864650726318,1.0922363996505737,1.081749677658081
1.894199252128601,0.954208254814148,1.4737714529037476
1.758986473083496,0.8645827174186707,1.8652336597442627
1.701241374015808,0.8652511835098267,2.3612115383148193
1.640071153640747,0.9410297870635986,2.9555587768554688
1.3706350326538086,1.0107136964797974,3.542130470275879
1.047065258026123,1.0201027393341064,4.03471040725708
0.7967866659164429,0.9797654747962952,4.290309906005859
0.6615092158317566,0.935693621635437,4.20180082321167
0.4805973172187805,0.874854326248169,3.7575342655181885
0.30734556913375854,0.8361024856567383,3.1533093452453613
0.2544708251953125,0.8017034530639648,2.6469452381134033
0.3138602375984192,0.773126482963562,2.281444787979126
0.3818631172180176,0.7763562798500061,2.00039005279541
0.40794235467910767,0.8231257796287537,1.7714043855667114
0.4245460629463196,0.896894097328186,1.618574857711792
0.36144375801086426,1.0145150423049927,1.5300641059875488
0.18013590574264526,1.1706268787384033,1.468538761138916
-0.009788334369659424,1.328564167022705,1.3908171653747559
-0.1458425521850586,1.4755347967147827,1.2491793632507324
-0.2827288508415222,1.5862562656402588,1.0369412899017334
-0.44168394804000854,1.6468620300292969,0.7900073528289795
-0.6246541142463684,1.6550533771514893,0.5702539682388306
-0.802864670753479,1.615622878074646,0.41000211238861084
-0.9684349894523621,1.5278358459472656,0.3346569538116455
-1.0633413791656494,1.418316125869751,0.3425508737564087
-1.0852515697479248,1.3361510038375854,0.4182548522949219
-1.0531705617904663,1.2665596008300781,0.5131022334098816
-1.032505989074707,1.194319486618042,0.5896046757698059
-1.0185935497283936,1.1244511604309082,0.6394309997558594
-1.0253024101257324,1.0844937562942505,0.6801496744155884
-1.0448768138885498,1.0365281105041504,0.7610790729522705
-1.0587191581726074,0.9633653163909912,0.8570802211761475
-1.0743649005889893,0.9247995615005493,0.9332226514816284
-1.0896408557891846,0.9025603532791138,1.00557541847229
-1.1019560098648071,0.8539422154426575,1.0834944248199463
-1.1121268272399902,0.8155383467674255,1.1308540105819702
-1.0998488664627075,0.7962499260902405,1.1322317123413086
-1.0542347431182861,0.7655998468399048,1.1286317110061646
-0.9972780346870422,0.7346449494361877,1.1292500495910645
-0.9023882150650024,0.6930863857269287,1.122847557067871
-0.7617001533508301,0.6170908212661743,1.1280415058135986
-0.6019399166107178,0.5299704670906067,1.1246700286865234
-0.46684300899505615,0.48310622572898865,1.0921357870101929
-0.37842488288879395,0.42455196380615234,1.048105239868164
-0.33291733264923096,0.3809434175491333,1.0065765380859375
-0.2525794506072998,0.3796772360801697,0.9804794192314148
-0.1793001890182495,0.4148263931274414,0.988662600517273
-0.12488710880279541,0.4610472321510315,1.0249900817871094
-0.0035045742988586426,0.5252001881599426,1.0696403980255127
0.19452893733978271,0.6354576349258423,1.111091136932373
0.4454636573791504,0.7460833787918091,1.1305660009384155
0.753440260887146,0.8353729844093323,1.1074641942977905
1.0918307304382324,0.8909554481506348,1.037294626235962
1.4879266023635864,0.8948777318000793,0.9110813140869141
2.003823757171631,0.8606106638908386,0.7632469534873962
2.517866611480713,0.8415418267250061,0.5825706124305725
2.882802724838257,0.8581064939498901,0.34251493215560913
3.0550358295440674,0.9110395908355713,0.08215641975402832
3.046537399291992,0.9595321416854858,-0.11768233776092529
2.988983631134033,0.9931746125221252,-0.2923938035964966
2.9791347980499268,0.9833642244338989,-0.4842872619628906
3.0174245834350586,0.9570895433425903,-0.6989291906356812
3.052971839904785,0.9314037561416626,-0.9648826122283936
2.910385847091675,0.9515746235847473,-1.3125425577163696
2.641187906265259,0.9834697246551514,-1.6203500032424927
2.3497111797332764,0.9946484565734863,-1.764841079711914
2.1143107414245605,1.027622103691101,-1.692796230316162
1.8509373664855957,1.1105420589447021,-1.5075042247772217
1.559892177581787,1.1791045665740967,-1.3628771305084229
1.268263578414917,1.2032634019851685,-1.2257511615753174
0.9901134371757507,1.1767027378082275,-1.1504696607589722
0.8197610974311829,1.0605887174606323,-1.0993192195892334
0.7394726872444153,0.9221367835998535,-1.0182392597198486
0.7227726578712463,0.8111852407455444,-0.9736067056655884
0.7463298439979553,0.7590677738189697,-0.9833964109420776
0.7315714359283447,0.7778251767158508,-1.0212712287902832
0.6827265620231628,0.8378820419311523,-1.025590181350708
0.5844759345054626,0.8942387104034424,-0.9938877820968628
0.4740750789642334,0.8982429504394531,-0.950888991355896
0.3579257130622864,0.8447704315185547,-0.8978593349456787
0.2670460343360901,0.7627849578857422,-0.853045642375946
0.20167866349220276,0.6672031879425049,-0.827342689037323
0.14636310935020447,0.568783164024353,-0.8187088370323181
0.09613904356956482,0.49214768409729004,-0.8247500658035278
0.06255736947059631,0.43509364128112793,-0.8282783627510071
0.040552616119384766,0.4016816318035126,-0.8372756242752075
-0.005585461854934692,0.3923376798629761,-0.8572317361831665
-0.06428748369216919,0.36633360385894775,-0.85947185754776
-0.11099779605865479,0.32622992992401123,-0.8417215943336487
-0.13291600346565247,0.28191232681274414,-0.8100001811981201
-0.15717364847660065,0.23864418268203735,-0.7775204181671143
-0.18580372631549835,0.18951928615570068,-0.7400804758071899
-0.17012038826942444,0.13338854908943176,-0.6857544183731079
-0.1408962458372116,0.0828532874584198,-0.6220500469207764
-0.13293707370758057,0.04794403910636902,-0.5560159087181091
-0.13359305262565613,0.01391109824180603,-0.49325573444366455
-0.15096764266490936,-0.010993748903274536,-0.45006048679351807
-0.18620643019676208,-0.03100571036338806,-0.4161558151245117
-0.2144322693347931,-0.04506862163543701,-0.3785253167152405
-0.2272147387266159,-0.0675186812877655,-0.30856573581695557
-0.22187629342079163,-0.09409308433532715,-0.2299875020980835
-0.22064176201820374,-0.11467017233371735,-0.190832257270813
-0.22917982935905457,-0.13518540561199188,-0.1865595579147339
-0.2338801622390747,-0.14748385548591614,-0.21016424894332886
-0.23714208602905273,-0.16375203430652618,-0.2257288694381714
-0.24576210975646973,-0.18272894620895386,-0.2219325304031372
-0.24497193098068237,-0.19556844234466553,-0.225433349609375
-0.22848275303840637,-0.20608189702033997,-0.236098051071167
-0.20893384516239166,-0.22118538618087769,-0.23617279529571533
-0.20396827161312103,-0.240010067820549,-0.22535908222198486
-0.20148833096027374,-0.2636975646018982,-0.21402370929718018
-0.20508717000484467,-0.28219959139823914,-0.21592748165130615
-0.224403977394104,-0.28808680176734924,-0.20760083198547363
-0.2260313779115677,-0.3015178143978119,-0.17055851221084595
-0.2004787176847458,-0.3119977116584778,-0.11186647415161133
-0.1673952341079712,-0.3229725956916809,-0.0456463098526001
-0.14742201566696167,-0.33639204502105713,0.010237336158752441
-0.14589911699295044,-0.34576213359832764,0.04357147216796875
-0.15022411942481995,-0.34310704469680786,0.05369293689727783
-0.16665790975093842,-0.3420928120613098,0.059442877769470215
-0.18238791823387146,-0.34790748357772827,0.06614351272583008
-0.19247889518737793,-0.3548608422279358,0.06820499897003174
-0.20317308604717255,-0.3600563406944275,0.06368625164031982
-0.216349795460701,-0.3656023442745209,0.05559372901916504
-0.21503053605556488,-0.369765043258667,0.04944717884063721
-0.21239840984344482,-0.3720414638519287,0.041310906410217285
-0.2102321833372116,-0.3760303854942322,0.036385297775268555
-0.20284242928028107,-0.37843871116638184,0.03238534927368164
-0.17971758544445038,-0.38331741094589233,0.021582722663879395
-0.1429940164089203,-0.39582815766334534,0.016175270080566406
-0.11998769640922546,-0.4026728570461273,0.01711595058441162
-0.11516004800796509,-0.4062473475933075,0.023043036460876465
-0.11186765134334564,-0.4151153862476349,0.03233534097671509
-0.11048933863639832,-0.41887015104293823,0.03239476680755615
-0.10538765788078308,-0.42179957032203674,0.026994049549102783
-0.09278564155101776,-0.4310690462589264,0.02214491367340088
-0.07838580012321472,-0.4364188611507416,0.018574893474578857
-0.07448019087314606,-0.4346033036708832,0.01379096508026123
-0.07861766219139099,-0.42916980385780334,0.011667490005493164
-0.08580608665943146,-0.4235343039035797,0.014153599739074707
-0.08403399586677551,-0.42205536365509033,0.020197153091430664
-0.06909073889255524,-0.424644410610199,0.02709341049194336
-0.051947519183158875,-0.4291956424713135,0.027843713760375977
-0.03581976890563965,-0.4359450042247772,0.014946699142456055
-0.03208240866661072,-0.44211462140083313,-0.00895845890045166
-0.0346602201461792,-0.4393020570278168,-0.031539201736450195
-0.03534489870071411,-0.4410017728805542,-0.047300875186920166
-0.03287440538406372,-0.4392698407173157,-0.05917561054229736
-0.03592956066131592,-0.4321528673171997,-0.06542247533798218
-0.049524471163749695,-0.4301718771457672,-0.06253683567047119
-0.0664501041173935,-0.42832183837890625,-0.04395878314971924
-0.07011334598064423,-0.42872145771980286,-0.02797621488571167
-0.06542031466960907,-0.4272139072418213,-0.020414233207702637
-0.0611160546541214,-0.4261157810688019,-0.02706044912338257
-0.06289626657962799,-0.42311716079711914,-0.04416251182556152
-0.06707532703876495,-0.4297783076763153,-0.05726516246795654
-0.06805354356765747,-0.4305158257484436,-0.07082796096801758
-0.06942470371723175,-0.4315086305141449,-0.07374536991119385
-0.06001745164394379,-0.43283525109291077,-0.059553563594818115
-0.056376099586486816,-0.4323740601539612,-0.039183974266052246
-0.07373732328414917,-0.42302021384239197,-0.03019005060195923
-0.09654884040355682,-0.4160565733909607,-0.03375178575515747
-0.10999040305614471,-0.40707889199256897,-0.045511722564697266
-0.1082664430141449,-0.40079575777053833,-0.061897873878479004
-0.10995011031627655,-0.40091508626937866,-0.06913185119628906
-0.11341138184070587,-0.3991730809211731,-0.0704074501991272
-0.11056347191333771,-0.398564875125885,-0.07910740375518799
-0.1031181663274765,-0.3962607979774475,-0.08362102508544922
-0.09478318691253662,-0.39604446291923523,-0.08352917432785034
-0.08926168084144592,-0.39465901255607605,-0.07973295450210571
-0.08807718753814697,-0.3936353623867035,-0.07395482063293457
-0.09269770979881287,-0.3873557150363922,-0.06684064865112305
-0.09955187141895294,-0.37893882393836975,-0.06931096315383911
-0.10042402148246765,-0.376385897397995,-0.07676190137863159
-0.09491121768951416,-0.3704601228237152,-0.08694469928741455
-0.08643443882465363,-0.36080989241600037,-0.09765386581420898
-0.0809248685836792,-0.3533099293708801,-0.10609084367752075
-0.07603192329406738,-0.34901490807533264,-0.11556506156921387
-0.0841733068227768,-0.3344876766204834,-0.12569153308868408
-0.09799988567829132,-0.3238571286201477,-0.12917935848236084
-0.10412774980068207,-0.31144943833351135,-0.11677283048629761
-0.10937228798866272,-0.29848048090934753,-0.10095882415771484
-0.10438838601112366,-0.29072630405426025,-0.09166371822357178
-0.09627915918827057,-0.2816867232322693,-0.08255982398986816
-0.0952778309583664,-0.2777218222618103,-0.07353335618972778
-0.08898517489433289,-0.2719518542289734,-0.06578195095062256
-0.08635367453098297,-0.26351261138916016,-0.054340243339538574
-0.08967497944831848,-0.26281434297561646,-0.03829854726791382
-0.07875989377498627,-0.26278775930404663,-0.027842998504638672
-0.06840892136096954,-0.2690356969833374,-0.023672759532928467
-0.06400151550769806,-0.2775089144706726,-0.0020321011543273926
-0.03298771381378174,-0.28702694177627563,0.06776714324951172
0.12947142124176025,-0.285406231880188,0.7142815589904785
-0.4607071876525879,-0.14364486932754517,0.10555064678192139
0.05578462779521942,-0.3418755531311035,-0.6920285820960999
0.14832207560539246,-0.3371202349662781,-0.333143413066864
-0.10164421796798706,-0.30665504932403564,-0.1806274652481079
-0.2166546732187271,-0.22435158491134644,-0.1961514949798584
-0.1893036961555481,-0.25222495198249817,-0.09646379947662354
-0.12607470154762268,-0.27332380414009094,-0.008926749229431152
-0.07393382489681244,-0.2819667458534241,0.0037772655487060547
-0.023733168840408325,-0.26210010051727295,0.018706440925598145
-0.03505094349384308,-0.28179416060447693,0.06539607048034668
-0.05897116661071777,-0.2845938801765442,0.12614035606384277
-0.10539248585700989,-0.2713010013103485,0.1631525754928589
-0.06801486015319824,-0.2982575297355652,0.15831148624420166
-0.003029540181159973,-0.30910438299179077,0.08694958686828613
-0.006000608205795288,-0.30778712034225464,-0.0017052292823791504
-0.0506083220243454,-0.3010367751121521,-0.04124867916107178
-0.060658738017082214,-0.28988173604011536,-0.04231107234954834
-0.02627749741077423,-0.2806139588356018,-0.021054387092590332
0.0068870484828948975,-0.28151658177375793,0.02782219648361206
-0.013681620359420776,-0.26348114013671875,0.1237555742263794
-0.060441046953201294,-0.2452581822872162,0.2037196159362793
-0.09878420829772949,-0.23618003726005554,0.20611697435379028
-0.12212422490119934,-0.23981237411499023,0.17378371953964233
-0.10877814888954163,-0.24234604835510254,0.08404511213302612
-0.09373274445533752,-0.24077126383781433,-0.0216255784034729
-0.09268179535865784,-0.2284456491470337,-0.08716970682144165
-0.12306666374206543,-0.20107248425483704,-0.1144108772277832
-0.1514630913734436,-0.17923474311828613,-0.07544606924057007
-0.17903763055801392,-0.1702793836593628,-0.002543509006500244
-0.1899750828742981,-0.1526140570640564,0.03713834285736084
-0.16479182243347168,-0.12824571132659912,0.06217169761657715
-0.15307891368865967,-0.12514525651931763,0.1127731204032898
-0.18257445096969604,-0.11450523138046265,0.14814502000808716
-0.21431571245193481,-0.08011102676391602,0.150242418050766
-0.2501169443130493,-0.06625330448150635,0.17612320184707642
-0.3122764229774475,-0.044757723808288574,0.15997499227523804
-0.33044785261154175,-0.007171332836151123,0.11960098147392273
-0.33275943994522095,-0.02449852228164673,0.13077649474143982
-0.36344993114471436,-0.02344721555709839,0.11327239871025085
-0.3596312999725342,-0.00983339548110962,0.062787264585495
-0.33984553813934326,-0.017370283603668213,0.03978168964385986
-0.3297615051269531,-0.03232288360595703,0.03812360763549805
-0.3092572093009949,-0.039421916007995605,0.019461505115032196
-0.2944034934043884,-0.06255251169204712,0.006444573402404785
-0.29641103744506836,-0.048519134521484375,-0.032070696353912354
-0.300345778465271,-0.04139667749404907,-0.036816470324993134
-0.3416595757007599,-0.04779607057571411,-0.021724581718444824
-0.38838326930999756,-0.012247204780578613,-0.046818807721138
-0.40300506353378296,-0.021002590656280518,-0.05272403359413147
-0.4456964433193207,-0.04615068435668945,-0.07183411717414856
-0.47557657957077026,-0.03024923801422119,-0.13296446204185486
-0.47595828771591187,-0.010169506072998047,-0.18084171414375305
-0.46124860644340515,0.0060236454010009766,-0.19096359610557556
-0.4276539981365204,-0.001465141773223877,-0.1542767882347107
-0.4194520115852356,-0.024798035621643066,-0.10411942005157471
-0.41677695512771606,-0.022932827472686768,-0.0829833447933197
-0.40896785259246826,-0.025078952312469482,-0.04512408375740051
-0.4206472337245941,-0.015645861625671387,-0.013974368572235107
-0.39559558033943176,-0.002825140953063965,0.03286498785018921
-0.3852750360965729,-0.01606118679046631,0.07842570543289185
-0.3944510221481323,-0.014476478099822998,0.07161596417427063
-0.3995305597782135,-0.009764552116394043,0.040465474128723145
-0.3933267295360565,-0.012008190155029297,0.009429603815078735
-0.35107558965682983,-0.01876544952392578,0.007859379053115845
-0.3332883417606354,-0.03863483667373657,0.018165528774261475
-0.3267444670200348,-0.03464305400848389,-0.0014780163764953613
-0.30954328179359436,-0.030698776245117188,-0.013352572917938232
-0.3109896183013916,-0.04584622383117676,-0.015056073665618896
-0.3054661452770233,-0.050022244453430176,-0.030853301286697388
-0.2885889410972595,-0.05074828863143921,-0.03483635187149048
-0.27874523401260376,-0.057898759841918945,-0.023667335510253906
-0.28075897693634033,-0.059631168842315674,-0.004879474639892578
-0.29340165853500366,-0.057273685932159424,0.018685102462768555
-0.31231436133384705,-0.054360389709472656,0.037819623947143555
-0.3054533302783966,-0.047544240951538086,0.04325985908508301
-0.28346148133277893,-0.051139771938323975,0.05106574296951294
-0.26730769872665405,-0.06550562381744385,0.06928294897079468
-0.2736649811267853,-0.06815797090530396,0.07532620429992676
-0.27898019552230835,-0.06528407335281372,0.06929320096969604
-0.2708420753479004,-0.07071787118911743,0.07586094737052917
-0.26802778244018555,-0.07485908269882202,0.08687040209770203
-0.25754740834236145,-0.07684671878814697,0.09757500886917114
-0.24378159642219543,-0.08360755443572998,0.1095188558101654
-0.22159045934677124,-0.09068417549133301,0.109902024269104
-0.20295274257659912,-0.0957406759262085,0.09905335307121277
-0.19152089953422546,-0.09830987453460693,0.0944969654083252
-0.1895751953125,-0.10214191675186157,0.10593602061271667
-0.1936613917350769,-0.10045790672302246,0.11513456702232361
-0.18384715914726257,-0.09974122047424316,0.11906492710113525
-0.15887311100959778,-0.107028067111969,0.12596330046653748
-0.13232016563415527,-0.11378908157348633,0.12835144996643066
-0.12530750036239624,-0.125832200050354,0.1359131932258606
-0.13551950454711914,-0.12981969118118286,0.13531586527824402
-0.1477125585079193,-0.12686270475387573,0.12840545177459717
-0.1564156413078308,-0.12728607654571533,0.11786025762557983
-0.15394267439842224,-0.12535279989242554,0.1065567135810852
-0.144325852394104,-0.1286364197731018,0.10766208171844482
-0.13246595859527588,-0.13539963960647583,0.11290472745895386
-0.1290287971496582,-0.13367336988449097,0.10681968927383423
-0.12435716390609741,-0.1267026662826538,0.10193359851837158
-0.12878555059432983,-0.12962067127227783,0.1099073588848114
-0.13713505864143372,-0.12788021564483643,0.10622301697731018
-0.12839096784591675,-0.12532782554626465,0.10970363020896912
-0.11587643623352051,-0.1358928680419922,0.13357365131378174
-0.09853428602218628,-0.1355457305908203,0.14625689387321472
-0.07000207901000977,-0.12985002994537354,0.1423567831516266
-0.05190947651863098,-0.1293838620185852,0.1455155611038208
-0.058396339416503906,-0.1301061511039734,0.14105147123336792
-0.06312823295593262,-0.11858916282653809,0.11667776107788086
-0.052241742610931396,-0.11371093988418579,0.09800702333450317
-0.041026771068573,-0.11928844451904297,0.08719155192375183
-0.03521278500556946,-0.11694127321243286,0.06283551454544067
-0.03669598698616028,-0.10753285884857178,0.03874117136001587
-0.033669739961624146,-0.10124975442886353,0.032384663820266724
-0.03475630283355713,-0.08866626024246216,0.02874016761779785
-0.02281460165977478,-0.07045149803161621,0.03168630599975586
-0.0062902867794036865,-0.06799256801605225,0.05026906728744507
-0.0030903518199920654,-0.06282681226730347,0.06653547286987305
-0.012703657150268555,-0.05422919988632202,0.08388301730155945
-0.030750080943107605,-0.04081469774246216,0.0979260802268982
-0.0518985241651535,-0.028070271015167236,0.11809748411178589
-0.07431240379810333,-0.0019300580024719238,0.1258341670036316
-0.08878105878829956,0.01360553503036499,0.1135208010673523
-0.10250428318977356,0.016463100910186768,0.0917377769947052
-0.1079913079738617,0.02753615379333496,0.0729631781578064
-0.10098284482955933,0.044897496700286865,0.07426106929779053
-0.08371038734912872,0.054397523403167725,0.08654409646987915
-0.057231172919273376,0.053581178188323975,0.1119999885559082
-0.04603476822376251,0.068034827709198,0.11448466777801514
-0.03741353750228882,0.0879780650138855,0.09048819541931152
-0.02718217670917511,0.09007507562637329,0.055879443883895874
-0.03659100830554962,0.09474891424179077,0.02158692479133606
-0.05287477374076843,0.10350322723388672,-0.0012446045875549316
-0.049877360463142395,0.11352026462554932,0.0025669336318969727
-0.044365137815475464,0.10717552900314331,0.031227052211761475
-0.05421166121959686,0.10728150606155396,0.03119635581970215
-0.04667769372463226,0.12903308868408203,0.02336174249649048
-0.031769365072250366,0.13449501991271973,0.014414787292480469
-0.02482631802558899,0.12711328268051147,-0.008454084396362305
-0.026467889547348022,0.1335778832435608,-0.04374361038208008
-0.025555700063705444,0.13087362051010132,-0.07268458604812622
-0.02026723325252533,0.13054120540618896,-0.11795216798782349
0.017750844359397888,0.1316017508506775,-0.17177462577819824
0.027904987335205078,0.1096872091293335,-0.2502579092979431
0.01544429361820221,0.1071733832359314,-0.3467557430267334
0.031502723693847656,0.13113486766815186,-0.3886692523956299
0.024309933185577393,0.1397085189819336,-0.3950114846229553
0.0039061754941940308,0.1495589017868042,-0.4022165536880493
-0.01339845359325409,0.15759098529815674,-0.39629966020584106
-0.02792908251285553,0.16086214780807495,-0.3812651038169861
-0.0423060804605484,0.167502760887146,-0.35934877395629883
-0.06126384437084198,0.17692208290100098,-0.34576743841171265
-0.07321852445602417,0.17663925886154175,-0.3252192735671997
-0.09056238830089569,0.16336750984191895,-0.29357296228408813
-0.10874170064926147,0.16568231582641602,-0.27598750591278076
-0.10563170909881592,0.17570114135742188,-0.2769118547439575
-0.10620202124118805,0.1754159927368164,-0.298870325088501
-0.10432921350002289,0.18469583988189697,-0.320187509059906
-0.10680212080478668,0.1944429874420166,-0.33266347646713257
-0.11144788563251495,0.19604706764221191,-0.34573107957839966
-0.10743014514446259,0.19988536834716797,-0.37073272466659546
-0.08261564373970032,0.20812445878982544,-0.3874002695083618
-0.05298781394958496,0.22165971994400024,-0.3889198899269104
-0.03744149208068848,0.23570644855499268,-0.37555545568466187
-0.03581969439983368,0.2534143328666687,-0.35171908140182495
-0.04800193011760712,0.2746802568435669,-0.3310847282409668
-0.08322924375534058,0.29694676399230957,-0.3054393529891968
-0.12292802333831787,0.3231782913208008,-0.2662197947502136
-0.15431775152683258,0.3430855870246887,-0.22776883840560913
-0.18133792281150818,0.3594145178794861,-0.18251770734786987
-0.20469754934310913,0.3734927177429199,-0.1305755376815796
-0.22749391198158264,0.38633430004119873,-0.086361825466156
-0.24011120200157166,0.4032098054885864,-0.05605769157409668
-0.24053002893924713,0.41924792528152466,-0.032259464263916016
-0.232162743806839,0.4378809332847595,-0.0053678154945373535
-0.23096328973770142,0.46947789192199707,0.007527291774749756
-0.2377074956893921,0.5000564455986023,0.01262277364730835
-0.26455655694007874,0.528999388217926,0.027535319328308105
-0.3004981279373169,0.5725696086883545,0.049029767513275146
-0.345146119594574,0.622290313243866,0.07604575157165527
-0.3830195367336273,0.6701744794845581,0.10235273838043213
-0.4047884941101074,0.7137522101402283,0.12617874145507812
-0.4219666123390198,0.7435378432273865,0.14053303003311157
-0.4276008605957031,0.7770679593086243,0.14233028888702393
-0.4356008768081665,0.7968356013298035,0.14607399702072144
-0.4052584767341614,0.8030573725700378,0.144375741481781
-0.32917463779449463,0.7920916676521301,0.13282734155654907
-0.2654348313808441,0.7697988152503967,0.10723817348480225
-0.2535631060600281,0.7610463500022888,0.07267165184020996
-0.28586292266845703,0.7757643461227417,0.014932096004486084
-0.3200128972530365,0.7795868515968323,-0.04009687900543213
-0.36274588108062744,0.7836235761642456,-0.07646524906158447
-0.41264206171035767,0.8031266927719116,-0.0864877700805664
-0.4678964912891388,0.8099984526634216,-0.05113399028778076
-0.49070876836776733,0.8020697832107544,-0.013760417699813843
-0.44598913192749023,0.7806050777435303,0.0021561384201049805
-0.3266426920890808,0.7303272485733032,-0.03144794702529907
-0.15785861015319824,0.6617245078086853,-0.14037251472473145
0.006912350654602051,0.601580023765564,-0.2715599238872528
0.14175045490264893,0.5232617855072021,-0.3578346073627472
0.3026096820831299,0.4151889681816101,-0.35903018712997437
0.505962073802948,0.2656401991844177,-0.26934465765953064
0.7285199761390686,0.09448584914207458,-0.14457504451274872
0.959980845451355,-0.09790527820587158,0.004128582775592804
1.1974902153015137,-0.3006730377674103,0.14321178197860718
1.4034167528152466,-0.46562501788139343,0.24323320388793945
1.5494115352630615,-0.5969140529632568,0.2902134656906128
1.5906758308410645,-0.6826584339141846,0.29450851678848267
1.5308566093444824,-0.7179185748100281,0.27116715908050537
1.4235193729400635,-0.7261399626731873,0.26682811975479126
1.2949613332748413,-0.744947075843811,0.2861395478248596
1.162883996963501,-0.744145393371582,0.2836551070213318
1.0490128993988037,-0.7109998464584351,0.2410796880722046
0.9503920674324036,-0.6531028151512146,0.17162752151489258
0.8553072214126587,-0.589587926864624,0.10790646076202393
0.7504059076309204,-0.5202887058258057,0.05816327780485153
0.6405604481697083,-0.43254679441452026,0.013726472854614258
0.5513527989387512,-0.32364121079444885,-0.018349409103393555
0.4926287531852722,-0.20896810293197632,-0.028534531593322754
0.4512600898742676,-0.10708048939704895,-0.01347362995147705
0.4186033010482788,-0.025245606899261475,0.026147350668907166
0.379321813583374,0.04225531220436096,0.0766848474740982
0.33288758993148804,0.100383460521698,0.12170290946960449
0.27969586849212646,0.15846651792526245,0.14670591056346893
0.2137230634689331,0.22439631819725037,0.14958548545837402
0.1325293779373169,0.29689115285873413,0.126997709274292
0.04938095808029175,0.36420100927352905,0.08716557919979095
-0.021875321865081787,0.41161686182022095,0.0501592755317688
-0.0852346420288086,0.44496428966522217,0.015412062406539917
-0.13583272695541382,0.47223639488220215,-0.0133608877658844
-0.17417722940444946,0.487582802772522,-0.0406033992767334
-0.1994643211364746,0.4926111102104187,-0.06895840167999268
-0.2151808738708496,0.49383389949798584,-0.09350892901420593
-0.22446131706237793,0.4990204870700836,-0.11045745015144348
-0.22923004627227783,0.5051125884056091,-0.1201770007610321
-0.23001819849014282,0.5089401602745056,-0.12901735305786133
-0.24089819192886353,0.5147972106933594,-0.13837721943855286
-0.2586144208908081,0.5257046222686768,-0.14862605929374695
-0.2829035520553589,0.5398198366165161,-0.1615239381790161
-0.3089471459388733,0.5582883954048157,-0.1736558973789215
-0.34102463722229004,0.5767349600791931,-0.1801009476184845
-0.3768378496170044,0.5903489589691162,-0.18597304821014404
-0.4119047522544861,0.606192946434021,-0.19268786907196045
-0.44239258766174316,0.6291848421096802,-0.19307875633239746
-0.4696585536003113,0.6558861136436462,-0.18990911543369293
-0.49442559480667114,0.6850802898406982,-0.1828351467847824
-0.5177093148231506,0.7142013311386108,-0.1771392673254013
-0.5370494723320007,0.7408331632614136,-0.17529357969760895
-0.548188328742981,0.7663230895996094,-0.17667414247989655
-0.5436611771583557,0.7905262112617493,-0.17915606498718262
-0.5298218131065369,0.8122444152832031,-0.17647087574005127
-0.49872034788131714,0.8348431587219238,-0.17631351947784424
-0.44969093799591064,0.8530311584472656,-0.17534112930297852
-0.3903575539588928,0.8663743138313293,-0.16912007331848145
-0.31611162424087524,0.8799542188644409,-0.15057337284088135
-0.23004597425460815,0.8950632214546204,-0.11512398719787598
-0.14038008451461792,0.9030649662017822,-0.07094550132751465
-0.03855907917022705,0.9044604897499084,-0.029523251578211784
0.05979931354522705,0.8952890634536743,0.009511174634099007
0.15373241901397705,0.8744568228721619,0.05092156305909157
0.25001323223114014,0.8457921743392944,0.08356058597564697
0.34342461824417114,0.8273088932037354,0.11263281106948853
0.4196509122848511,0.7997522950172424,0.135800302028656
0.47904884815216064,0.7658878564834595,0.15088409185409546
0.5381688475608826,0.7436673641204834,0.15321022272109985
0.5926288962364197,0.7447300553321838,0.1395477056503296
0.6270484328269958,0.7550394535064697,0.11754679679870605
0.6124935150146484,0.7357659935951233,0.1059914231300354
0.5475398898124695,0.6713494062423706,0.12013047188520432
0.47302740812301636,0.5932230949401855,0.1532718539237976
0.4209058880805969,0.557427704334259,0.18572968244552612
0.397893488407135,0.5832874774932861,0.22075462341308594
0.36864447593688965,0.62784743309021,0.26226937770843506
0.29195982217788696,0.645980954170227,0.28820204734802246
0.18668413162231445,0.6554403305053711,0.2756851315498352
0.06854665279388428,0.6642722487449646,0.24093842506408691
-0.07077157497406006,0.6390364170074463,0.19841992855072021
-0.22449660301208496,0.5767467021942139,0.15045881271362305
-0.3491465449333191,0.4977523982524872,0.10454034805297852
-0.4219077229499817,0.4220089316368103,0.07274603843688965
-0.4372403025627136,0.3598356544971466,0.05409657210111618
-0.39845937490463257,0.31795191764831543,0.04500807821750641
-0.33414918184280396,0.27785471081733704,0.04552542418241501
-0.26091229915618896,0.2329075038433075,0.05667924880981445
-0.18253040313720703,0.1955033838748932,0.06761001795530319
-0.11122310161590576,0.17206165194511414,0.07804630696773529
-0.06525528430938721,0.15054863691329956,0.08632968366146088
-0.039702653884887695,0.12301832437515259,0.09533010423183441
-0.01586073637008667,0.0950053334236145,0.10098910331726074
0.002499222755432129,0.06415268778800964,0.0967627763748169
0.012699663639068604,0.026446908712387085,0.08530688285827637
0.022229373455047607,-0.009396374225616455,0.06260146200656891
0.03156954050064087,-0.03656986355781555,0.029278628528118134
0.04144519567489624,-0.055491089820861816,-0.0117659792304039
0.04630059003829956,-0.07027965784072876,-0.05357275903224945
0.04034924507141113,-0.08903104066848755,-0.08866141736507416
0.029953360557556152,-0.11574429273605347,-0.11206255853176117
0.017605602741241455,-0.1409449577331543,-0.13296902179718018
0.011372089385986328,-0.16344845294952393,-0.14895986020565033
0.013983190059661865,-0.1855679154396057,-0.1590358018875122
0.03321230411529541,-0.20452362298965454,-0.15669192373752594
0.052023470401763916,-0.22513562440872192,-0.12917424738407135
0.07364213466644287,-0.23540008068084717,-0.09332800656557083
0.11160963773727417,-0.23239225149154663,-0.06108129024505615
0.15489041805267334,-0.24037814140319824,-0.029669761657714844
0.20159929990768433,-0.2640610933303833,0.008621908724308014
0.257271945476532,-0.2890678644180298,0.049246542155742645
0.3167343735694885,-0.3074207305908203,0.08116018027067184
0.381325900554657,-0.3306851387023926,0.09732341766357422
0.4371466040611267,-0.3563593626022339,0.10858523845672607
0.4629083275794983,-0.37013792991638184,0.10720442980527878
0.46723800897598267,-0.3592846393585205,0.09190952777862549
0.4673110842704773,-0.3263348340988159,0.07632886618375778
0.4527934789657593,-0.2850803732872009,0.08116793632507324
0.43107396364212036,-0.24513882398605347,0.10055088996887207
0.4096773862838745,-0.20228606462478638,0.12490499019622803
0.3822731375694275,-0.16043585538864136,0.15693533420562744
0.36386412382125854,-0.12575536966323853,0.19269204139709473
0.36439502239227295,-0.08159571886062622,0.22770607471466064
0.37621068954467773,-0.02658611536026001,0.25915050506591797
0.4022219181060791,0.03697305917739868,0.2860429286956787
0.43358558416366577,0.10736644268035889,0.304923415184021
0.44299447536468506,0.1705920696258545,0.3159230947494507
0.42641472816467285,0.21304574608802795,0.3169492483139038
0.3852723240852356,0.23953551054000854,0.29936957359313965
0.3374333381652832,0.27862879633903503,0.2658572196960449
0.30385029315948486,0.348999947309494,0.22154712677001953
0.2786179184913635,0.43335196375846863,0.17703557014465332
0.24508404731750488,0.49981600046157837,0.13754701614379883
0.1901414394378662,0.5292842388153076,0.09752380847930908
0.11820828914642334,0.5170010328292847,0.055233120918273926
0.04802238941192627,0.48433366417884827,0.013835071586072445
-0.007296860218048096,0.4534929096698761,-0.024987220764160156
-0.04664897918701172,0.43707606196403503,-0.0612446665763855
-0.07506453990936279,0.43258994817733765,-0.09214311838150024
-0.0922136902809143,0.43278875946998596,-0.11746639013290405
-0.105155348777771,0.43952810764312744,-0.13568532466888428
-0.11095929145812988,0.46043404936790466,-0.14255666732788086
-0.11885839700698853,0.48838722705841064,-0.13093668222427368
-0.13452160358428955,0.5126951336860657,-0.10504782199859619
-0.16490167379379272,0.5207281112670898,-0.07231652736663818
-0.19881737232208252,0.5073565244674683,-0.043554067611694336
-0.22713077068328857,0.48390263319015503,-0.015016019344329834
-0.24398845434188843,0.4561474919319153,0.009954214096069336
-0.2514037489891052,0.42582833766937256,0.0302431583404541
-0.2513260245323181,0.40035638213157654,0.04962158203125
-0.24797916412353516,0.37599050998687744,0.06354367733001709
-0.24931317567825317,0.3547782897949219,0.06935930252075195
-0.254383385181427,0.3451034128665924,0.07104122638702393
-0.2650908827781677,0.34850621223449707,0.06997323036193848
-0.2926589846611023,0.35270845890045166,0.06153857707977295
-0.3246501088142395,0.35132676362991333,0.05237984657287598
-0.3636808395385742,0.3547709584236145,0.04327571392059326
-0.41472434997558594,0.36467695236206055,0.03253626823425293
-0.46660149097442627,0.37877994775772095,0.018826603889465332
-0.500629723072052,0.3985561430454254,0.004239857196807861
-0.5251733660697937,0.42124104499816895,-0.008559883572161198
-0.5525133609771729,0.4449158012866974,-0.02066582627594471
-0.5730324983596802,0.474438339471817,-0.03476375713944435
-0.5976714491844177,0.5087295770645142,-0.04637938737869263
-0.6221808195114136,0.5304912328720093,-0.053606096655130386
-0.6400776505470276,0.5422167778015137,-0.05578792840242386
-0.6313875913619995,0.5546251535415649,-0.05320388823747635
-0.5978804230690002,0.5729986429214478,-0.037797510623931885
-0.5675191283226013,0.5867995023727417,-0.014855504035949707
-0.5210781693458557,0.6028543710708618,0.009649574756622314
-0.4639485478401184,0.6206323504447937,0.03269946575164795
-0.408602774143219,0.6365106701850891,0.05751597881317139
-0.3551400899887085,0.643271803855896,0.08671581745147705
-0.3030986189842224,0.6431999802589417,0.12429565191268921
-0.25153249502182007,0.6391360759735107,0.17333102226257324
-0.1988128423690796,0.6362771987915039,0.220342218875885
-0.14267122745513916,0.6378470659255981,0.26170772314071655
-0.08409512042999268,0.6526556015014648,0.28964847326278687
-0.020773887634277344,0.6747480630874634,0.3084651827812195
0.05135846138000488,0.707503080368042,0.31546008586883545
0.1177300214767456,0.7668362259864807,0.3014443516731262
0.16255277395248413,0.851321816444397,0.276491641998291
0.15889060497283936,0.9075480103492737,0.2617156505584717
0.10781121253967285,0.9039840698242188,0.2690069079399109
0.05053424835205078,0.8614087700843811,0.2864765524864197
0.041477739810943604,0.832335352897644,0.29452407360076904
0.05523651838302612,0.8400812745094299,0.28436678647994995
0.04970782995223999,0.8473227024078369,0.25998055934906006
0.007623255252838135,0.8163885474205017,0.2325429916381836
-0.060852110385894775,0.757499098777771,0.19858181476593018
-0.12494027614593506,0.69072425365448,0.16349661350250244
-0.18372267484664917,0.620202362537384,0.1342310905456543
-0.23794502019882202,0.5519570708274841,0.10308681428432465
-0.2955937385559082,0.48842301964759827,0.07565474510192871
-0.34502625465393066,0.42830130457878113,0.04644966125488281
-0.3608670234680176,0.38325750827789307,0.017493128776550293
-0.3536577820777893,0.358976274728775,-0.008800014853477478
-0.332128643989563,0.3483741581439972,-0.033271774649620056
-0.30704808235168457,0.333731472492218,-0.060355424880981445
-0.28274375200271606,0.31618931889533997,-0.08949792385101318
-0.2614583969116211,0.29951775074005127,-0.12301672995090485
-0.25678008794784546,0.28097108006477356,-0.15682601928710938
-0.2680956721305847,0.26703616976737976,-0.1875782161951065
-0.2874968647956848,0.2532615065574646,-0.21333886682987213
-0.31132835149765015,0.23918983340263367,-0.23732437193393707
-0.33523958921432495,0.22599488496780396,-0.2570096552371979
-0.3584226965904236,0.21804609894752502,-0.27004504203796387
-0.37766706943511963,0.21544009447097778,-0.2791324853897095
-0.38954830169677734,0.21700458228588104,-0.2841283082962036
-0.39203453063964844,0.22169828414916992,-0.28380346298217773
-0.3848367929458618,0.22815530002117157,-0.2837555408477783
-0.3712693452835083,0.22941745817661285,-0.27796846628189087
-0.3531346917152405,0.22732481360435486,-0.27326858043670654
-0.32330989837646484,0.22321920096874237,-0.27006080746650696
-0.28955501317977905,0.22108571231365204,-0.26493072509765625
-0.24327439069747925,0.21696466207504272,-0.2593681514263153
-0.18585407733917236,0.21223384141921997,-0.24945136904716492
-0.12059175968170166,0.2044810652732849,-0.23143625259399414
-0.05613988637924194,0.18524399399757385,-0.20772160589694977
0.0043143630027771,0.15832501649856567,-0.19041942059993744
0.07186001539230347,0.13558709621429443,-0.17588390409946442
0.14644348621368408,0.11589795351028442,-0.16363249719142914
0.2178906798362732,0.09420886635780334,-0.14520248770713806
0.2930164933204651,0.06252607703208923,-0.11953485012054443
0.3540869951248169,0.017781347036361694,-0.08504877984523773
0.3938220143318176,-0.026574134826660156,-0.04644322395324707
0.4240649342536926,-0.06488829851150513,-0.009588479995727539
0.44335317611694336,-0.10468453168869019,0.0272071436047554
0.45958876609802246,-0.1409044861793518,0.06432224065065384
0.4814442992210388,-0.17204636335372925,0.10597323626279831
0.5045337677001953,-0.19739186763763428,0.14775335788726807
0.5302774310112,-0.21273642778396606,0.18535315990447998
0.5653512477874756,-0.21465766429901123,0.21089637279510498
0.614463210105896,-0.19643431901931763,0.22675681114196777
0.6761196255683899,-0.1617792248725891,0.23553121089935303
0.7319695353507996,-0.12381970882415771,0.23530149459838867
0.765671968460083,-0.09782791137695312,0.23316031694412231
0.778847336769104,-0.09882760047912598,0.23261135816574097
0.7601058483123779,-0.13426655530929565,0.2293650507926941
0.7234623432159424,-0.18504297733306885,0.2160499095916748
0.6868296265602112,-0.21956640481948853,0.19958168268203735
0.6507396697998047,-0.22858893871307373,0.18992871046066284
0.619118869304657,-0.21206581592559814,0.20003849267959595
0.6012654900550842,-0.185494065284729,0.2299482226371765
0.5902597904205322,-0.16434228420257568,0.26748889684677124
0.588302493095398,-0.15445971488952637,0.29267287254333496
0.5880442261695862,-0.14582616090774536,0.29222536087036133
0.5848526954650879,-0.13228678703308105,0.2697265148162842
0.57489413022995,-0.11733722686767578,0.2340301275253296
0.569438099861145,-0.10739564895629883,0.1964421272277832
0.5622990131378174,-0.09574675559997559,0.16679847240447998
0.5446109771728516,-0.0673133134841919,0.14184844493865967
0.5194929242134094,-0.02773451805114746,0.11935663223266602
0.4893532991409302,0.01763474941253662,0.10703134536743164
0.45724815130233765,0.06970107555389404,0.10065007209777832
0.4220693111419678,0.12627509236335754,0.09510421752929688
0.3829534649848938,0.18502306938171387,0.08693480491638184
0.3371540307998657,0.2428675889968872,0.07565569877624512
0.281221866607666,0.2931249141693115,0.06009542569518089
0.2172216773033142,0.33175337314605713,0.04510855674743652
0.14579349756240845,0.36236652731895447,0.02741110324859619
0.07431221008300781,0.39008599519729614,0.008243203163146973
0.004050552845001221,0.41745907068252563,-0.007425189018249512
-0.06221473217010498,0.4449976086616516,-0.015517355874180794
-0.1252298355102539,0.47415220737457275,-0.017726417630910873
-0.18324017524719238,0.5018548965454102,-0.012918712571263313
-0.23445791006088257,0.5293956995010376,-0.0024361610412597656
-0.281342089176178,0.5547806024551392,0.007971644401550293
-0.3251507878303528,0.5769716501235962,0.017192363739013672
-0.36417216062545776,0.5960978269577026,0.02480197139084339
-0.39726269245147705,0.612252950668335,0.027888774871826172
-0.4276895523071289,0.6243684887886047,0.028026342391967773
-0.4564836025238037,0.6273797154426575,0.023821353912353516
-0.4849735498428345,0.6276240944862366,0.01552361249923706
-0.5103157758712769,0.6297857165336609,0.004977526143193245
-0.5286508202552795,0.6350613236427307,-0.004092097282409668
-0.5398291945457458,0.6386222839355469,-0.012520968914031982
-0.5430615544319153,0.643917441368103,-0.02092164009809494
-0.5414212346076965,0.6548789143562317,-0.028752915561199188
-0.5450471639633179,0.6702146530151367,-0.03859209269285202
-0.5602692365646362,0.6962976455688477,-0.05157172679901123
-0.5838192701339722,0.726370096206665,-0.06693165749311447
-0.6152251362800598,0.7530413866043091,-0.08179539442062378
-0.6276557445526123,0.7789437174797058,-0.0906633734703064
-0.6024786233901978,0.8052142262458801,-0.07600037753582001
-0.5458426475524902,0.8185124397277832,-0.03188854455947876
-0.4498709440231323,0.8255882263183594,0.03233820199966431
-0.32713937759399414,0.8367829322814941,0.09748943150043488
-0.19165486097335815,0.85515958070755,0.1634765863418579
-0.04200172424316406,0.8920791149139404,0.21831756830215454
0.09482920169830322,0.9413214921951294,0.252807080745697
0.1725311279296875,0.9759377241134644,0.27542340755462646
0.14673447608947754,0.9437373876571655,0.3018856644630432
0.047412991523742676,0.8730522990226746,0.327140212059021
-0.04673290252685547,0.8370634913444519,0.3531261682510376
-0.10912710428237915,0.860123872756958,0.37256771326065063
-0.16189926862716675,0.9423385262489319,0.3794848322868347
-0.21257925033569336,1.0459790229797363,0.3574470281600952
-0.25356799364089966,1.1226118803024292,0.29721325635910034
-0.301583468914032,1.164096474647522,0.22203844785690308
-0.36305826902389526,1.152655839920044,0.15614187717437744
-0.42049843072891235,1.089774250984192,0.1129380464553833
-0.4485916495323181,1.0045722723007202,0.08536887168884277
-0.44180357456207275,0.907654881477356,0.06388819962739944
-0.4105947017669678,0.81404709815979,0.04800832271575928
-0.35786592960357666,0.7475455403327942,0.027570128440856934
-0.2930040955543518,0.6992045044898987,0.013404831290245056
-0.22903990745544434,0.6547208428382874,0.0024318546056747437
-0.17044997215270996,0.6037758588790894,-0.008946657180786133
-0.11843752861022949,0.5489650964736938,-0.02262614667415619
-0.07633721828460693,0.4919210970401764,-0.04868149757385254
-0.03816705942153931,0.4440980553627014,-0.09118376672267914
-0.013168156147003174,0.4019080102443695,-0.14378631114959717
-0.01209646463394165,0.3549695312976837,-0.1949937492609024
-0.024259865283966064,0.30721163749694824,-0.23509813845157623
-0.03725731372833252,0.26758623123168945,-0.2680082321166992
-0.043721556663513184,0.23188109695911407,-0.2911345958709717
-0.04981130361557007,0.20056702196598053,-0.3008214831352234
-0.061095356941223145,0.1764925867319107,-0.29380741715431213
-0.07600921392440796,0.1591533124446869,-0.27276313304901123
-0.0935218334197998,0.14892825484275818,-0.25481951236724854
-0.10789746046066284,0.14313606917858124,-0.2502420246601105
-0.11770427227020264,0.1373956799507141,-0.2509850561618805
-0.13489723205566406,0.12789930403232574,-0.24895504117012024
-0.15363454818725586,0.11569786071777344,-0.23648133873939514
-0.16264748573303223,0.10053947567939758,-0.2203088104724884
-0.15125668048858643,0.08074632287025452,-0.21225835382938385
-0.12388408184051514,0.05873706936836243,-0.22276225686073303
-0.09124737977981567,0.029780715703964233,-0.24821197986602783
-0.04786926507949829,0.0007973909378051758,-0.2823747396469116
-0.0018253922462463379,-0.0214882493019104,-0.3124728202819824
0.03821808099746704,-0.04262992739677429,-0.3320915699005127
0.07537573575973511,-0.06471753120422363,-0.3457585275173187
0.11054420471191406,-0.08554244041442871,-0.3489697277545929
0.13998210430145264,-0.10594815015792847,-0.340345174074173
0.16153860092163086,-0.13102906942367554,-0.319515585899353
0.1786321997642517,-0.16178002953529358,-0.28756022453308105
0.1948884129524231,-0.18714651465415955,-0.2618633508682251
0.21390223503112793,-0.20417064428329468,-0.24233293533325195
0.2366144061088562,-0.21710419654846191,-0.22712744772434235
0.2642609477043152,-0.23546189069747925,-0.20766234397888184
0.2994616627693176,-0.25327664613723755,-0.1840435266494751
0.34280478954315186,-0.2596731185913086,-0.16008685529232025
0.3985331058502197,-0.25203609466552734,-0.1405256986618042
0.4662768840789795,-0.22421616315841675,-0.12581978738307953
0.5416975021362305,-0.1823102831840515,-0.11363877356052399
0.6286035180091858,-0.1299891471862793,-0.10293686389923096
0.7150508165359497,-0.08037471771240234,-0.10021068155765533
0.7781853675842285,-0.0600048303604126,-0.09722532331943512
0.8045578002929688,-0.08314669132232666,-0.09292805939912796
0.8114530444145203,-0.1278894543647766,-0.09938155114650726
0.8267890214920044,-0.16523772478103638,-0.1150670051574707
0.8446898460388184,-0.18487966060638428,-0.13008713722229004
0.8499506115913391,-0.19011318683624268,-0.12169170379638672
0.8465960025787354,-0.18484926223754883,-0.0788964033126831
0.8449420928955078,-0.17122787237167358,-0.007802136242389679
0.8522778153419495,-0.1547544002532959,0.07602477073669434
0.8674982190132141,-0.13665354251861572,0.15742993354797363
0.8890717625617981,-0.10883396863937378,0.22120094299316406
0.9043008089065552,-0.07090067863464355,0.26694047451019287
0.9039631485939026,-0.02772730588912964,0.3049079179763794
0.882325291633606,0.018320322036743164,0.3350337743759155
0.8386414051055908,0.06267374753952026,0.3578075170516968
0.7879105806350708,0.116904616355896,0.3674936294555664
0.7326054573059082,0.1839996576309204,0.3578733205795288
0.6795855164527893,0.26376521587371826,0.336925745010376
0.6251571774482727,0.3454188108444214,0.3145623207092285
0.5644899010658264,0.42394599318504333,0.29209423065185547
0.49731308221817017,0.5005109906196594,0.26908087730407715
0.42324942350387573,0.569122314453125,0.24403952062129974
0.34001100063323975,0.6259747743606567,0.21502256393432617
0.2530844211578369,0.6734576225280762,0.1828387975692749
0.16805332899093628,0.7137702703475952,0.1463778018951416
0.07869285345077515,0.7528261542320251,0.11052857339382172
-0.015937983989715576,0.7844362258911133,0.07938455045223236
-0.11403310298919678,0.8070574998855591,0.0519404411315918
-0.21373790502548218,0.8192675113677979,0.025867223739624023
-0.3059592843055725,0.8222981691360474,0.0050868988037109375
-0.38676416873931885,0.8212456703186035,-0.010255098342895508
-0.45798754692077637,0.8218340873718262,-0.02312992513179779
-0.5187549591064453,0.8204289674758911,-0.03409765660762787
-0.566983163356781,0.8143875598907471,-0.04174149036407471
-0.6059963703155518,0.8061180114746094,-0.046940796077251434
-0.6344543695449829,0.7988259792327881,-0.05016779899597168
-0.6572384834289551,0.7903885841369629,-0.05020499229431152
-0.6741413474082947,0.7773788571357727,-0.05272210016846657
-0.6889386773109436,0.7614254355430603,-0.055365681648254395
-0.7033246159553528,0.747600257396698,-0.06128132343292236
-0.7116018533706665,0.7311396598815918,-0.06649166345596313
-0.7149431705474854,0.7121253609657288,-0.06780916452407837
-0.7147725820541382,0.6946676969528198,-0.06826227903366089
-0.7075804471969604,0.6825766563415527,-0.06705969572067261
-0.6956274509429932,0.6717326641082764,-0.06587915867567062
-0.6816937923431396,0.6650526523590088,-0.06311476230621338
-0.6685940623283386,0.6619979739189148,-0.0599103644490242
-0.6561920046806335,0.6634194254875183,-0.0578811913728714
-0.6428437829017639,0.6660466194152832,-0.05659729242324829
-0.630431056022644,0.6815916895866394,-0.06146574020385742
-0.6333392858505249,0.7199342250823975,-0.07526039332151413
-0.6648635864257812,0.77274090051651,-0.09084843099117279
-0.7070900201797485,0.8405424356460571,-0.10678482055664062
-0.7454615831375122,0.9239996671676636,-0.12198727577924728
-0.7649114727973938,1.0128505229949951,-0.13571171462535858
-0.7062028050422668,1.1070725917816162,-0.13734698295593262
-0.5606304407119751,1.1945075988769531,-0.10079556703567505
-0.35910218954086304,1.2314668893814087,-0.030371785163879395
-0.11774665117263794,1.2288768291473389,0.06819641590118408
0.12277811765670776,1.192264199256897,0.17881816625595093
0.3452109098434448,1.1195558309555054,0.29534828662872314
0.5605533719062805,1.013031005859375,0.4019627571105957
0.7316837310791016,0.9017419815063477,0.4807931184768677
0.8173118829727173,0.7999938726425171,0.5178492665290833
0.8284761309623718,0.7185314893722534,0.5005521774291992
0.78079754114151,0.6720318794250488,0.45714008808135986
0.7051417231559753,0.6460731029510498,0.42098379135131836
0.5974697470664978,0.6193686127662659,0.4099867343902588
0.46061283349990845,0.5879290699958801,0.4129735231399536
0.3272618055343628,0.536365270614624,0.40456849336624146
0.23300939798355103,0.4780765771865845,0.36680203676223755
0.1607041358947754,0.44741320610046387,0.2920961380004883
0.04883843660354614,0.4458059072494507,0.1759190559387207
-0.07015830278396606,0.4499667286872864,0.0353236198425293
-0.16543442010879517,0.4569174647331238,-0.1091238260269165
-0.22303879261016846,0.4498230218887329,-0.23829567432403564
-0.23635393381118774,0.4321463108062744,-0.3485480546951294
-0.22441232204437256,0.41146665811538696,-0.42550432682037354
-0.2217022180557251,0.3905628025531769,-0.47484302520751953
-0.23802053928375244,0.37498563528060913,-0.48994696140289307
-0.27345865964889526,0.3639405369758606,-0.47486305236816406
-0.3215063810348511,0.3559989929199219,-0.4411430358886719
-0.36477869749069214,0.35349828004837036,-0.40167760848999023
-0.40551334619522095,0.34967276453971863,-0.3649590015411377
-0.441989004611969,0.33668723702430725,-0.33154845237731934
-0.46107739210128784,0.32033422589302063,-0.31119322776794434
-0.4655182957649231,0.3009405732154846,-0.3049582242965698
-0.4602685570716858,0.28316640853881836,-0.3112699091434479
-0.43780994415283203,0.2727590799331665,-0.3300513029098511
-0.41002076864242554,0.2635408341884613,-0.346500039100647
-0.39758747816085815,0.2566053867340088,-0.3588135242462158
-0.4031585454940796,0.2636708915233612,-0.36792612075805664
-0.41337400674819946,0.2837955355644226,-0.3694397211074829
-0.4228206276893616,0.30146706104278564,-0.3619025945663452
-0.4176907539367676,0.30874747037887573,-0.34375154972076416
-0.3940371870994568,0.31197962164878845,-0.3141869306564331
-0.35476958751678467,0.31892403960227966,-0.2787126302719116
-0.29922664165496826,0.32232415676116943,-0.23695708811283112
-0.23109763860702515,0.3147987425327301,-0.19603370130062103
-0.16509109735488892,0.30205535888671875,-0.15193317830562592
-0.10525649785995483,0.28450965881347656,-0.10647176206111908
-0.04612249135971069,0.2569223940372467,-0.06889904290437698
0.021330058574676514,0.22147437930107117,-0.037403449416160583
0.07984668016433716,0.17867594957351685,-0.008419983088970184
0.13330590724945068,0.13517680764198303,0.015355952084064484
0.18879133462905884,0.08800005912780762,0.034248702228069305
0.24881070852279663,0.03440973162651062,0.04515229910612106
0.3048396110534668,-0.018547266721725464,0.05225003510713577
0.3585397005081177,-0.06021764874458313,0.05770540237426758
0.4154049754142761,-0.0871354341506958,0.06523346900939941
0.4693257808685303,-0.10200440883636475,0.07625651359558105
0.5199791789054871,-0.0962146520614624,0.09343469142913818
0.5753248333930969,-0.07025343179702759,0.10954976081848145
0.6403041481971741,-0.034265339374542236,0.12491023540496826
0.7120052576065063,-0.0033323168754577637,0.13550925254821777
0.7877651453018188,0.010142326354980469,0.14558064937591553
0.8481857180595398,-0.0012413859367370605,0.14280426502227783
0.8720974922180176,-0.052317798137664795,0.12330752611160278
0.8712975382804871,-0.14326941967010498,0.088215172290802
0.8734384775161743,-0.23693454265594482,0.039384424686431885
0.8892756104469299,-0.29984432458877563,-0.021848022937774658
0.9122768044471741,-0.3272303342819214,-0.072304368019104
0.9513363242149353,-0.31177401542663574,-0.07950699329376221
1.018819808959961,-0.26152098178863525,-0.04365319386124611
1.0886956453323364,-0.21670931577682495,0.02458709478378296
1.1262319087982178,-0.21725523471832275,0.08739101886749268
1.128670573234558,-0.2367640733718872,0.11249881982803345
1.095491647720337,-0.2506348490715027,0.09787744283676147
1.0163668394088745,-0.2581736445426941,0.05572623014450073
0.9129617214202881,-0.2586108446121216,0.01029366347938776
0.8120720386505127,-0.24521756172180176,-0.010332226753234863
0.7163333296775818,-0.2026241421699524,-0.006948232650756836
0.6357008218765259,-0.12783879041671753,0.01883089356124401
0.5707162022590637,-0.042422711849212646,0.06143772602081299
0.5219597220420837,0.04547339677810669,0.11427426338195801
0.4832940697669983,0.14033496379852295,0.16524040699005127
0.44557029008865356,0.23406076431274414,0.20630216598510742
0.40566110610961914,0.32045266032218933,0.23315799236297607
0.35229986906051636,0.39824622869491577,0.23807871341705322
0.28219008445739746,0.4555755853652954,0.2263040542602539
0.20789766311645508,0.4994811415672302,0.2089294195175171
0.13852322101593018,0.53891521692276,0.1856781244277954
0.06760609149932861,0.5717600584030151,0.16084790229797363
-0.0054395198822021484,0.6018981337547302,0.13470864295959473
-0.07771170139312744,0.6293877363204956,0.11283230781555176
-0.14882522821426392,0.652395486831665,0.09230506420135498
-0.2164820432662964,0.670467734336853,0.0726778507232666
-0.2799738645553589,0.6847363710403442,0.053785666823387146
-0.34069693088531494,0.6987667679786682,0.036909088492393494
-0.39842545986175537,0.7098443508148193,0.02172684669494629
-0.455322265625,0.7144044041633606,0.004726409912109375
-0.5102549195289612,0.7141353487968445,-0.0112374946475029
-0.5617615580558777,0.7096839547157288,-0.025077462196350098
-0.6052625775337219,0.7005191445350647,-0.036496520042419434
-0.6414275765419006,0.6877849102020264,-0.04444921016693115
-0.667630672454834,0.6774312853813171,-0.049471378326416016
-0.6837418675422668,0.667007565498352,-0.054224252700805664
-0.6931801438331604,0.6548833847045898,-0.05720871686935425
-0.6886088252067566,0.6476717591285706,-0.05802953243255615
-0.6798837780952454,0.642518162727356,-0.05900728702545166
-0.6698721647262573,0.642525315284729,-0.062268324196338654
-0.6601458191871643,0.6413695812225342,-0.06507640331983566
-0.6506857872009277,0.6400595307350159,-0.06033807247877121
-0.6383436918258667,0.6459017992019653,-0.04791415482759476
-0.6252529621124268,0.6586494445800781,-0.03212403506040573
-0.6269553899765015,0.6909876465797424,-0.01518857479095459
-0.6524351239204407,0.7364165782928467,-0.0015172287821769714
-0.6832444071769714,0.7819158434867859,0.00944257527589798
-0.6945761442184448,0.8192499876022339,0.022910192608833313
-0.657026469707489,0.8646577596664429,0.04918891191482544
-0.5540640354156494,0.9207789301872253,0.08567506074905396
-0.37499862909317017,0.9835456609725952,0.12845981121063232
-0.1566094160079956,1.0408896207809448,0.17427439987659454
0.044169843196868896,1.0630333423614502,0.2370130568742752
0.19846630096435547,1.005573034286499,0.32150697708129883
0.2906268835067749,0.860219419002533,0.41180288791656494
0.357077956199646,0.7208914160728455,0.4820947051048279
0.45029038190841675,0.6616862416267395,0.5126017332077026
0.557725727558136,0.6805415749549866,0.50380539894104
0.6335001587867737,0.7537333369255066,0.45831435918807983
0.6411844491958618,0.8436092734336853,0.37356990575790405
0.5655132532119751,0.9391225576400757,0.285821795463562
0.3889918923377991,0.9800999760627747,0.23211397230625153
0.15831106901168823,0.9170496463775635,0.22236144542694092
-0.06459879875183105,0.7771100997924805,0.23653191328048706
-0.255679190158844,0.6064333915710449,0.22698473930358887
-0.36163461208343506,0.47693029046058655,0.17724287509918213
-0.39382320642471313,0.4016057550907135,0.09961926937103271
-0.3713856339454651,0.3627232015132904,0.004950165748596191
-0.31231409311294556,0.35052454471588135,-0.07709097862243652
-0.2351476550102234,0.35489174723625183,-0.13550007343292236
-0.1554548740386963,0.37347283959388733,-0.18158911168575287
-0.11416798830032349,0.39661628007888794,-0.22622311115264893
-0.11533653736114502,0.42379871010780334,-0.2702694237232208
-0.1460091471672058,0.45553839206695557,-0.31259214878082275
-0.1988126039505005,0.4877972900867462,-0.34775209426879883
-0.2653300166130066,0.5079255700111389,-0.36915966868400574
-0.3325415849685669,0.514686107635498,-0.3764335811138153
-0.39240211248397827,0.51185142993927,-0.37617290019989014
-0.435974657535553,0.5009397864341736,-0.3683454990386963
-0.4639602303504944,0.4870663583278656,-0.3651699125766754
-0.4824150800704956,0.4724123179912567,-0.364590048789978
-0.49444806575775146,0.45450153946876526,-0.37449610233306885
-0.5017985701560974,0.43341585993766785,-0.3888457715511322
-0.5026001334190369,0.40892764925956726,-0.3994700312614441
-0.4873347878456116,0.3893733024597168,-0.406999796628952
-0.45524919033050537,0.3784349262714386,-0.41044092178344727
-0.403861403465271,0.3686487376689911,-0.40068092942237854
-0.3447102904319763,0.35784077644348145,-0.379619836807251
-0.29467588663101196,0.34416496753692627,-0.3553067147731781
-0.24085694551467896,0.33697372674942017,-0.3344510495662689
-0.1900271773338318,0.333591103553772,-0.3143499791622162
-0.13778060674667358,0.3322024941444397,-0.2893323600292206
-0.07711845636367798,0.3237258493900299,-0.2637207806110382
-0.013999462127685547,0.3042486608028412,-0.23359334468841553
0.051541149616241455,0.27364566922187805,-0.20409753918647766
0.10852617025375366,0.2381972372531891,-0.18013834953308105
0.1525888442993164,0.19996953010559082,-0.16769374907016754
0.19082492589950562,0.16139209270477295,-0.16306647658348083
0.22160625457763672,0.12396985292434692,-0.16466164588928223
0.24615871906280518,0.09310483932495117,-0.16355551779270172
0.26938289403915405,0.06130671501159668,-0.15885043144226074
0.2951014041900635,0.023409247398376465,-0.1472485214471817
0.325597882270813,-0.019115209579467773,-0.12564001977443695
0.3685797452926636,-0.058789968490600586,-0.09802591800689697
0.4213097095489502,-0.09439277648925781,-0.0686638206243515
0.4801565408706665,-0.12505590915679932,-0.033311620354652405
0.5480069518089294,-0.14594227075576782,0.006371006369590759
0.6215736865997314,-0.1484960913658142,0.04691433161497116
0.6949968934059143,-0.11938446760177612,0.0792374461889267
0.7695587873458862,-0.06297284364700317,0.10257971286773682
0.8393527865409851,-0.008571922779083252,0.11838936060667038
0.8926513195037842,0.01632601022720337,0.13119280338287354
0.9004989266395569,0.00011014938354492188,0.14914298057556152
0.8656327724456787,-0.07136315107345581,0.15904760360717773
0.8230865597724915,-0.16425389051437378,0.1503235101699829
0.7998791933059692,-0.23013311624526978,0.11730397492647171
0.7937830090522766,-0.25780415534973145,0.08059179782867432
0.7951285243034363,-0.2632233500480652,0.05866062641143799
0.8100817799568176,-0.22635364532470703,0.06398928165435791
0.8253812193870544,-0.16624420881271362,0.10414743423461914
0.8268884420394897,-0.13747155666351318,0.16054821014404297
0.8162896633148193,-0.13024556636810303,0.208715558052063
0.7945865988731384,-0.12301164865493774,0.22508835792541504
0.7712022662162781,-0.13441264629364014,0.20891034603118896
0.7309451699256897,-0.15265518426895142,0.18067872524261475
0.6716153025627136,-0.1671738624572754,0.15819573402404785
0.6009188890457153,-0.16690504550933838,0.13967037200927734
0.530329167842865,-0.1496291160583496,0.1312500238418579
0.4647029638290405,-0.11971515417098999,0.1296612024307251
0.41129255294799805,-0.0702398419380188,0.1384410858154297
0.3705935478210449,-0.011600375175476074,0.16465938091278076
0.33498358726501465,0.04883843660354614,0.18943560123443604
0.3075190782546997,0.10792100429534912,0.20153295993804932
0.2785484790802002,0.15913450717926025,0.19807028770446777
0.24194741249084473,0.19946324825286865,0.17964601516723633
0.2074275016784668,0.2321750819683075,0.15239202976226807
0.17870688438415527,0.26288652420043945,0.12295245379209518
0.15423470735549927,0.2942962050437927,0.09701167047023773
0.11739444732666016,0.3309493064880371,0.06926751136779785
0.0744854211807251,0.37100750207901,0.03733527660369873
0.029386281967163086,0.41143035888671875,0.008538715541362762
-0.01946544647216797,0.45010507106781006,-0.014820218086242676
-0.05670863389968872,0.4905351400375366,-0.029159530997276306
-0.07990139722824097,0.5267329812049866,-0.03783737123012543
-0.10267972946166992,0.5665111541748047,-0.04788734018802643
-0.1229134202003479,0.6071827411651611,-0.05537569522857666
-0.14098578691482544,0.6375460028648376,-0.0601506307721138
-0.16182410717010498,0.6531612277030945,-0.06008101999759674
-0.19191354513168335,0.6635633707046509,-0.06277836114168167
-0.23389732837677002,0.6716517210006714,-0.07290960103273392
-0.2825589179992676,0.6797531843185425,-0.08614469319581985
-0.32085084915161133,0.6858143210411072,-0.09463369846343994
-0.3527098298072815,0.7002129554748535,-0.0933845117688179
-0.3863864541053772,0.7172468304634094,-0.08633039891719818
-0.41207176446914673,0.7147870063781738,-0.07343171536922455
-0.43650752305984497,0.7052890062332153,-0.055891409516334534
-0.45128512382507324,0.7008942365646362,-0.04514694958925247
-0.4587973952293396,0.7062841653823853,-0.04931475222110748
-0.4601917862892151,0.706908643245697,-0.06427791714668274
-0.4642227292060852,0.7070299386978149,-0.09112131595611572
-0.4723280072212219,0.7047457098960876,-0.12120223045349121
-0.47183167934417725,0.6976109743118286,-0.14129985868930817
-0.45779430866241455,0.6878685355186462,-0.1482449471950531
-0.4480772018432617,0.6822701096534729,-0.1466616541147232
-0.4338107109069824,0.6808626651763916,-0.13664397597312927
-0.38702088594436646,0.6962913870811462,-0.12582314014434814
-0.3207205533981323,0.7433596849441528,-0.12124517560005188
-0.25340569019317627,0.8107815980911255,-0.12798887491226196
-0.18662339448928833,0.8866382837295532,-0.14454245567321777
-0.15729588270187378,0.945939302444458,-0.16422545909881592
-0.15895086526870728,0.95259028673172,-0.18988725543022156
-0.1490057110786438,0.9201997518539429,-0.21556639671325684
-0.11109912395477295,0.8954125642776489,-0.228407084941864
-0.037311851978302,0.9218376278877258,-0.2538633346557617
0.042409300804138184,0.9953621625900269,-0.2906525731086731
0.12966376543045044,1.0777835845947266,-0.34951746463775635
0.21977299451828003,1.1165974140167236,-0.40927553176879883
0.2691218852996826,1.081666350364685,-0.4499037265777588
0.2475605010986328,0.9800321459770203,-0.4501993656158447
0.221734881401062,0.8532035946846008,-0.41610562801361084
0.23445796966552734,0.7340689301490784,-0.371489942073822
0.27763545513153076,0.6276498436927795,-0.34542936086654663
0.22576642036437988,0.46676820516586304,-0.2733194828033447
0.2780277132987976,0.32683825492858887,-0.23287218809127808
0.36077386140823364,0.2595388889312744,-0.22222590446472168
0.3707532286643982,0.22667758166790009,-0.2281758189201355
0.3413798213005066,0.20604249835014343,-0.23614966869354248
0.3165372610092163,0.17280809581279755,-0.21694415807724
0.3206697702407837,0.1125263124704361,-0.17175006866455078
0.36216098070144653,0.034182578325271606,-0.11650955677032471
0.4396817088127136,-0.050841063261032104,-0.055881381034851074
0.5179164409637451,-0.13893342018127441,0.0008537769317626953
0.5689957737922668,-0.2261393666267395,0.04436677694320679
0.6151431202888489,-0.2948368489742279,0.08614194393157959
0.6374166011810303,-0.343519926071167,0.07820409536361694
0.6204510927200317,-0.3736844062805176,0.03009861707687378
0.6230592131614685,-0.372423380613327,-0.00604778528213501
0.5811574459075928,-0.37095946073532104,-0.0195959210395813
0.5465467572212219,-0.3737454414367676,-0.0034661293029785156
0.5901293158531189,-0.3737916648387909,0.023224055767059326
0.6807171702384949,-0.3720802962779999,0.06377536058425903
0.7355151772499084,-0.35648661851882935,0.11664599180221558
0.7370907664299011,-0.32042041420936584,0.18067699670791626
0.7223184108734131,-0.270900696516037,0.2569642663002014
0.7298267483711243,-0.2079581320285797,0.34743720293045044
0.7863739728927612,-0.1381523311138153,0.45883268117904663
0.8600022196769714,-0.08709245920181274,0.6301603317260742
0.8903989791870117,-0.04863476753234863,0.8395467400550842
0.9001122117042542,0.004786312580108643,1.0346312522888184
0.8956045508384705,0.07576745748519897,1.2386338710784912
0.8483312726020813,0.17466741800308228,1.5124835968017578
0.8663976192474365,0.31374508142471313,1.7990121841430664
0.9544191360473633,0.4714183807373047,2.0466670989990234
0.9716907143592834,0.646385908126831,2.2018401622772217
0.9963288903236389,0.8415363430976868,2.20918607711792
1.1044994592666626,1.0570372343063354,2.090949535369873
1.2108311653137207,1.2917784452438354,1.8427708148956299
1.2228964567184448,1.5193967819213867,1.4564435482025146
1.1744062900543213,1.6852786540985107,1.013688087463379
1.1345137357711792,1.7670373916625977,0.5925636887550354
1.079750418663025,1.7718744277954102,0.21064114570617676
0.9614934325218201,1.6923439502716064,-0.07972520589828491
0.7687131762504578,1.5742547512054443,-0.3067999482154846
0.5965903997421265,1.4402923583984375,-0.4529414474964142
0.5030168890953064,1.3057806491851807,-0.5046456456184387
0.4734475910663605,1.1781675815582275,-0.4629528522491455
0.4186840057373047,1.0652590990066528,-0.3668934106826782
0.3388988673686981,1.001377820968628,-0.2783569097518921
0.2497899979352951,0.9708431363105774,-0.18249189853668213
0.1546061635017395,0.9497432112693787,-0.077705979347229
0.06880490481853485,0.9438234567642212,0.04197657108306885
-0.021209008991718292,0.9621367454528809,0.16501033306121826
-0.10324737429618835,1.017500638961792,0.2654070258140564
-0.14222589135169983,1.0872706174850464,0.35782521963119507
-0.1898861974477768,1.1375977993011475,0.44626379013061523
-0.25902804732322693,1.154344081878662,0.4992755651473999
-0.2614884376525879,1.2185564041137695,0.5034399032592773
-0.22282275557518005,1.309492588043213,0.5095934867858887
-0.196627676486969,1.3651230335235596,0.5557684898376465
-0.15290400385856628,1.3897689580917358,0.6318775415420532
-0.06712605059146881,1.3526406288146973,0.6765027046203613
0.03898315131664276,1.3380649089813232,0.7032963037490845
0.10281360894441605,1.3248392343521118,0.7253811359405518
0.11725077033042908,1.2876251935958862,0.7583596706390381
0.15087269246578217,1.2808752059936523,0.814861536026001
0.17512626945972443,1.246567726135254,0.8719216585159302
0.16446223855018616,1.2182109355926514,0.9176759719848633
0.16134971380233765,1.215660572052002,0.9507226943969727
0.1472143679857254,1.178815245628357,0.9619855284690857
0.13671304285526276,1.1802663803100586,0.9750876426696777
0.14845316112041473,1.1403822898864746,1.0277562141418457
0.09623450040817261,1.0904440879821777,1.0922170877456665
0.03984957933425903,1.1034269332885742,1.1386377811431885
0.08155784010887146,1.1445645093917847,1.2077174186706543
0.11964508891105652,1.2168164253234863,1.2708401679992676
0.18077313899993896,1.30069100856781,1.3173353672027588
0.21483945846557617,1.328587532043457,1.3776464462280273
0.24564677476882935,1.3103679418563843,1.4145050048828125
0.2684133052825928,1.3211456537246704,1.4077200889587402
0.23351126909255981,1.4008524417877197,1.3499418497085571
0.2025068998336792,1.4890806674957275,1.2802042961120605
0.14520883560180664,1.5384966135025024,1.219282865524292
0.13870590925216675,1.5783460140228271,1.1754281520843506
0.24352037906646729,1.5850729942321777,1.2155168056488037
0.484244704246521,1.5902537107467651,1.3061028718948364
0.782852292060852,1.5790740251541138,1.4187896251678467
1.0440502166748047,1.5178837776184082,1.553605079650879
1.2652194499969482,1.4168750047683716,1.6512799263000488
1.5573430061340332,1.3786557912826538,1.6791224479675293
1.9082072973251343,1.333547592163086,1.6198880672454834
2.2572600841522217,1.2943623065948486,1.45321786403656
2.563426971435547,1.2924001216888428,1.1948745250701904
2.7901859283447266,1.3298628330230713,0.8600190281867981
2.9048500061035156,1.3436062335968018,0.48615968227386475
2.8896214962005615,1.351457118988037,0.13830816745758057
2.769904851913452,1.371287226676941,-0.14851069450378418
2.641695976257324,1.3926482200622559,-0.392470121383667
2.459573745727539,1.3953156471252441,-0.5545450448989868
2.233175754547119,1.3467059135437012,-0.5621052980422974
2.015279769897461,1.307903528213501,-0.498391717672348
1.8149161338806152,1.3103413581848145,-0.4290158450603485
1.6158661842346191,1.3262841701507568,-0.31144294142723083
1.4142056703567505,1.345428466796875,-0.19024658203125
1.2305364608764648,1.397037386894226,-0.13168352842330933
1.0616753101348877,1.4667588472366333,-0.13966655731201172
0.8802089095115662,1.5044091939926147,-0.217810720205307
0.7186945676803589,1.5150846242904663,-0.33416229486465454
0.5770173072814941,1.5026330947875977,-0.4581356644630432
0.44548505544662476,1.4810981750488281,-0.5701526403427124
0.34677690267562866,1.453358769416809,-0.6464674472808838
0.25514376163482666,1.4229894876480103,-0.7099084854125977
0.18372726440429688,1.4472705125808716,-0.7927751541137695
0.10589206218719482,1.483209490776062,-0.8901937007904053
0.009028851985931396,1.4749199151992798,-0.9723678231239319
-0.028899192810058594,1.4777803421020508,-1.0040580034255981
-0.04063606262207031,1.532306432723999,-1.0347981452941895
-0.11164450645446777,1.4952425956726074,-1.0232701301574707
-0.14335370063781738,1.4448351860046387,-0.9580761790275574
-0.12903046607971191,1.4047966003417969,-0.9005263447761536
-0.10555565357208252,1.3738996982574463,-0.867946445941925
-0.08669054508209229,1.3474180698394775,-0.866967499256134
-0.05752447247505188,1.3274520635604858,-0.8834764957427979
-0.015395283699035645,1.3090507984161377,-0.9086331725120544
0.03512227535247803,1.2894203662872314,-0.9346828460693359
0.08602240681648254,1.2687032222747803,-0.9593275189399719
0.13910341262817383,1.255666732788086,-0.9909602999687195
0.1925855278968811,1.243959665298462,-1.0461199283599854
0.2384774088859558,1.246288776397705,-1.1351954936981201
0.2944177985191345,1.28879976272583,-1.2458239793777466
0.33806082606315613,1.370426893234253,-1.3438013792037964
0.34919941425323486,1.4822278022766113,-1.3930461406707764
0.36614176630973816,1.6238183975219727,-1.3752237558364868
0.4603242874145508,1.7893885374069214,-1.2826473712921143
0.6054153442382812,1.9362444877624512,-1.1089833974838257
0.7706646919250488,2.0451149940490723,-0.8760445713996887
0.9240356683731079,2.136080503463745,-0.6006633043289185
1.0404763221740723,2.1598997116088867,-0.310519814491272
1.1265095472335815,2.030341386795044,-0.00660097599029541
1.2235448360443115,1.7345387935638428,0.2737855911254883
1.3455787897109985,1.4085638523101807,0.5234662294387817
1.4320157766342163,1.1833691596984863,0.7305816411972046
1.528031587600708,1.0552889108657837,0.933750569820404
1.5929415225982666,0.9336585998535156,1.1631548404693604
1.5964934825897217,0.8466962575912476,1.382209062576294
1.5844277143478394,0.8070054054260254,1.6075453758239746
1.503604531288147,0.7636311650276184,1.856036901473999
1.4168202877044678,0.6951828002929688,2.068742513656616
1.3579726219177246,0.6041176319122314,2.246169328689575
1.3059403896331787,0.5003606081008911,2.3668692111968994
1.286536693572998,0.4271966814994812,2.329922676086426
1.2905559539794922,0.4348762333393097,2.0861332416534424
1.2543917894363403,0.4804741144180298,1.7579994201660156
1.2036545276641846,0.5231792330741882,1.4816968441009521
1.1119980812072754,0.5816693305969238,1.2621655464172363
0.9994217157363892,0.6438711285591125,1.1200406551361084
0.9531376361846924,0.718585729598999,1.1273573637008667
0.9213493466377258,0.8180387616157532,1.2726900577545166
0.8633409142494202,0.9382877945899963,1.408861517906189
0.8089672923088074,1.0846848487854004,1.451725959777832
0.79132080078125,1.2528587579727173,1.4367860555648804
0.793455183506012,1.4279210567474365,1.3915884494781494
0.7521729469299316,1.6038669347763062,1.2789106369018555
0.606399655342102,1.7912514209747314,1.060983419418335
0.3964388966560364,1.9317773580551147,0.8148871660232544
0.1485418677330017,1.9842976331710815,0.6295446753501892
-0.10674938559532166,1.9789164066314697,0.5049619078636169
-0.37937986850738525,1.938371181488037,0.39773935079574585
-0.5966018438339233,1.876102328300476,0.3343806266784668
-0.7292066812515259,1.7998347282409668,0.32816746830940247
-0.8266319632530212,1.7375197410583496,0.361154168844223
-0.8973724842071533,1.686655044555664,0.41833579540252686
-0.9404838681221008,1.6481131315231323,0.49197790026664734
-0.9892202019691467,1.6040347814559937,0.5834981203079224
-1.046760082244873,1.5498967170715332,0.6724969744682312
-1.0960772037506104,1.5296062231063843,0.7454954385757446
-1.1073501110076904,1.5113813877105713,0.7975711822509766
-1.092331886291504,1.4840139150619507,0.8527246713638306
-1.0753967761993408,1.453924298286438,0.9277456998825073
-1.045853853225708,1.4314837455749512,0.9813570976257324
-0.9792834520339966,1.438777208328247,1.0260156393051147
-0.8899383544921875,1.4693589210510254,1.070059061050415
-0.8217247724533081,1.5076338052749634,1.1077529191970825
-0.7603126168251038,1.5289382934570312,1.1541650295257568
-0.6952660083770752,1.5484013557434082,1.2003657817840576
-0.6358258128166199,1.5913398265838623,1.2247552871704102
-0.576519250869751,1.640393853187561,1.25229012966156
-0.5045531392097473,1.7181717157363892,1.255818247795105
-0.47568321228027344,1.7934807538986206,1.242490530014038
-0.47987639904022217,1.8823044300079346,1.2469792366027832
-0.4219924807548523,2.0142037868499756,1.2798125743865967
-0.22302508354187012,2.1533682346343994,1.3532350063323975
0.18472343683242798,2.244065523147583,1.4235103130340576
0.7449681758880615,2.153036117553711,1.4857110977172852
1.2561169862747192,2.050633192062378,1.5289790630340576
1.5228676795959473,2.0210232734680176,1.4354681968688965
1.576367974281311,2.009795665740967,1.0987533330917358
1.7047051191329956,1.991394281387329,0.6123987436294556
1.8907060623168945,1.81061589717865,0.24695023894309998
2.045309543609619,1.5479756593704224,0.2733007073402405
2.2088394165039062,1.4645462036132812,0.480823814868927
2.3928847312927246,1.4900262355804443,0.6581456065177917
2.5491647720336914,1.5441761016845703,0.8044350743293762
2.578310012817383,1.652705192565918,0.7708999514579773
2.516942024230957,1.7939679622650146,0.4391261339187622
2.4266059398651123,1.8822994232177734,-0.1053621843457222
2.2543845176696777,1.8567113876342773,-0.6293022036552429
2.021409511566162,1.7722669839859009,-0.9751577377319336
1.765444278717041,1.6886751651763916,-1.1394309997558594
1.4532647132873535,1.6243573427200317,-1.1835312843322754
1.1241235733032227,1.5666613578796387,-1.1409907341003418
0.8244041800498962,1.5371805429458618,-1.049989938735962
0.5745708346366882,1.5263381004333496,-0.9510780572891235
0.3872755765914917,1.5150798559188843,-0.840558648109436
0.25486844778060913,1.4812517166137695,-0.7399870753288269
0.18186837434768677,1.432559847831726,-0.6532392501831055
0.1655290722846985,1.3793582916259766,-0.5775263905525208
0.18729376792907715,1.3284801244735718,-0.5322473645210266
0.20465469360351562,1.3082865476608276,-0.5236031413078308
0.24170613288879395,1.4273526668548584,-0.6341679692268372
0.22266298532485962,1.4439280033111572,-0.7401103377342224
0.21332472562789917,1.5074471235275269,-0.8642112016677856
0.1787726879119873,1.6334309577941895,-0.9908213019371033
0.0737922191619873,1.7507511377334595,-1.1285940408706665
-0.05237233638763428,1.845116376876831,-1.2517569065093994
-0.15538007020950317,1.8495402336120605,-1.3272852897644043
-0.20615491271018982,1.7889889478683472,-1.3368648290634155
-0.18232575058937073,1.7186065912246704,-1.3331952095031738
-0.09804132580757141,1.657691240310669,-1.3318532705307007
0.0007687807083129883,1.5964070558547974,-1.3400115966796875
0.09683007001876831,1.5547311305999756,-1.379098653793335
0.17704059183597565,1.5317604541778564,-1.4461359977722168
0.23519912362098694,1.523827075958252,-1.5303071737289429
0.27760612964630127,1.5579242706298828,-1.6333659887313843
0.2935117185115814,1.6316726207733154,-1.741823434829712
0.22101064026355743,1.781212568283081,-1.8647624254226685
0.15790604054927826,1.8494666814804077,-1.9206113815307617
0.14870989322662354,1.8843204975128174,-1.8517574071884155
0.17538878321647644,1.9938676357269287,-1.639098882675171
0.38906875252723694,2.1449999809265137,-1.3082741498947144
0.7207390069961548,2.211376428604126,-0.790329098701477
1.0657525062561035,2.212127208709717,-0.10756969451904297
1.4810670614242554,2.1899564266204834,0.687637209892273
1.7136311531066895,1.9363876581192017,1.3425689935684204
1.5375761985778809,1.5158060789108276,1.4321482181549072
1.4306764602661133,1.2909058332443237,1.1477024555206299
1.5132192373275757,1.1787068843841553,1.0621297359466553
1.6427794694900513,0.9836790561676025,1.4750005006790161
1.9002517461776733,0.9367479681968689,2.085923671722412
1.973986268043518,0.9375805854797363,2.502668857574463
1.6646794080734253,0.9204093217849731,2.631230592727661
1.2698380947113037,0.9139087200164795,2.577241897583008
1.0790514945983887,0.8384088277816772,2.441119432449341
0.977415144443512,0.7204968333244324,2.2009177207946777
0.9574375152587891,0.6519092321395874,1.8571546077728271
1.0224295854568481,0.6205198168754578,1.506316900253296
1.0588412284851074,0.6035829782485962,1.2425429821014404
1.0146828889846802,0.6251866817474365,1.0598161220550537
0.8661274313926697,0.6651949882507324,1.0135401487350464
0.6466875672340393,0.7139558792114258,1.0898234844207764
0.43813037872314453,0.7647787928581238,1.226649284362793
0.2870214581489563,0.7972558736801147,1.3637773990631104
0.23322707414627075,0.8562615513801575,1.4351670742034912
0.2889364957809448,0.9726527333259583,1.409759759902954
0.37238866090774536,1.122205376625061,1.324843168258667
0.35664844512939453,1.296667456626892,1.2023440599441528
0.21289527416229248,1.491260051727295,1.0502328872680664
0.003655850887298584,1.656808614730835,0.8919598460197449
-0.23300182819366455,1.7782467603683472,0.7203416228294373
-0.4702732563018799,1.8300975561141968,0.5509135127067566
-0.7329022288322449,1.8477139472961426,0.40169650316238403
-0.981270968914032,1.7995121479034424,0.29592153429985046
-1.1835105419158936,1.72139573097229,0.2573799788951874
-1.2922782897949219,1.644575834274292,0.2850836515426636
-1.3359830379486084,1.5739257335662842,0.38255858421325684
-1.3308167457580566,1.5278918743133545,0.5228787660598755
-1.3072731494903564,1.5280823707580566,0.628836989402771
-1.2829324007034302,1.5383156538009644,0.6983198523521423
-1.2749444246292114,1.5352544784545898,0.7542624473571777
-1.2898645401000977,1.5350275039672852,0.801838219165802
-1.2877287864685059,1.5369760990142822,0.8555949330329895
-1.2455434799194336,1.5448724031448364,0.9169779419898987
-1.1503933668136597,1.5494842529296875,0.9824684858322144
-1.0465688705444336,1.5350620746612549,1.056811809539795
-0.9021685123443604,1.523179531097412,1.1102023124694824
-0.6869631409645081,1.588258147239685,1.1436853408813477
-0.4609936475753784,1.6576910018920898,1.1733957529067993
-0.29760491847991943,1.7002009153366089,1.1882820129394531
-0.18212062120437622,1.7171469926834106,1.1958153247833252
-0.06282174587249756,1.7501513957977295,1.2492581605911255
0.1015470027923584,1.8152216672897339,1.3610703945159912
0.3650588393211365,1.9764981269836426,1.49114990234375
0.6983720064163208,2.1411616802215576,1.5407342910766602
0.9894586801528931,2.208081007003784,1.5010523796081543
1.1594535112380981,2.244091510772705,1.3739651441574097
1.1614785194396973,2.266940116882324,1.0381907224655151
1.0578835010528564,2.204031467437744,0.48265519738197327
1.0127167701721191,2.072826862335205,-0.11211630702018738
1.08499014377594,1.780051589012146,-0.5815594792366028
1.2974802255630493,1.3584978580474854,-0.750386118888855
1.6393598318099976,1.0134788751602173,-0.6171678900718689
1.9956817626953125,0.8596015572547913,-0.39621502161026
2.239556074142456,0.9068471789360046,-0.3056684732437134
2.365049123764038,1.1140516996383667,-0.37294209003448486
2.389050006866455,1.3611774444580078,-0.5292218923568726
2.2753713130950928,1.5124214887619019,-0.7210642099380493
2.038641929626465,1.5917918682098389,-0.8801003694534302
1.768789529800415,1.6336219310760498,-0.9901164770126343
1.5140142440795898,1.6490718126296997,-1.0503066778182983
1.271477222442627,1.6809834241867065,-1.0745892524719238
1.0281269550323486,1.7236788272857666,-1.0756012201309204
0.7910391092300415,1.7679911851882935,-1.0584757328033447
0.5946410298347473,1.8140984773635864,-1.0036283731460571
0.4367355704307556,1.8603575229644775,-0.9407549500465393
0.2805899977684021,1.8529131412506104,-0.9015951156616211
0.16482418775558472,1.8109439611434937,-0.8812423348426819
0.1022568941116333,1.7641457319259644,-0.8757230639457703
0.08556413650512695,1.7228429317474365,-0.8764269351959229
0.0933297872543335,1.6920802593231201,-0.8857113718986511
0.13688963651657104,1.688887596130371,-0.9135964512825012
0.15803110599517822,1.6991842985153198,-0.9634699821472168
0.15442192554473877,1.7507250308990479,-1.0418825149536133
0.16091328859329224,1.8169604539871216,-1.1443040370941162
0.1563379168510437,1.8637131452560425,-1.2505111694335938
0.14028024673461914,1.913848876953125,-1.36189866065979
0.11076325178146362,1.950549602508545,-1.475221872329712
0.08234521746635437,1.9527506828308105,-1.5711753368377686
0.08143852651119232,1.915541410446167,-1.6301432847976685
0.10363151878118515,1.8508431911468506,-1.662927508354187
0.12891161441802979,1.7705490589141846,-1.6794342994689941
0.16464588046073914,1.6813230514526367,-1.691433310508728
0.1909305900335312,1.587949514389038,-1.716140866279602
0.22163277864456177,1.4774584770202637,-1.7388001680374146
0.28104838728904724,1.3826446533203125,-1.7526910305023193
0.36568084359169006,1.3372176885604858,-1.7686082124710083
0.469515860080719,1.3612531423568726,-1.781521201133728
0.5398616790771484,1.4810384511947632,-1.7746641635894775
0.5000200271606445,1.7082253694534302,-1.6589713096618652
0.38406699895858765,1.9842195510864258,-1.3840296268463135
0.3768256902694702,2.0529472827911377,-0.9458563327789307
0.6334216594696045,1.9392430782318115,-0.30720090866088867
1.1080760955810547,1.938748836517334,0.4354768991470337
1.6858203411102295,1.8576873540878296,1.1006789207458496
2.082792043685913,1.6598453521728516,1.4016063213348389
2.2491888999938965,1.3811144828796387,1.3250937461853027
2.561175584793091,1.1429309844970703,1.3944971561431885
2.901312828063965,0.919969379901886,1.8665505647659302
2.884514570236206,0.8313676714897156,2.488182306289673
2.2548599243164062,0.9287713766098022,2.855071544647217
1.4172570705413818,1.0158591270446777,2.9856061935424805
0.8920024633407593,0.9393793344497681,3.039736270904541
0.7653144598007202,0.8022516965866089,2.914608955383301
0.909345805644989,0.734571635723114,2.478252410888672
1.070696234703064,0.699027419090271,1.8532445430755615
1.229313611984253,0.7134432792663574,1.3106334209442139
1.2747195959091187,0.7365503311157227,0.9830817580223083
1.1051642894744873,0.743541955947876,0.806455135345459
0.848540723323822,0.7649146914482117,0.748327374458313
0.5882620811462402,0.7733601331710815,0.8294541239738464
0.3893333077430725,0.783376932144165,0.9881141781806946
0.34830379486083984,0.8441956639289856,1.1451551914215088
0.40918147563934326,0.9220689535140991,1.24351167678833
0.4484425187110901,1.0389621257781982,1.2644635438919067
0.4121586084365845,1.2045811414718628,1.231149435043335
0.3213599920272827,1.3970961570739746,1.1494510173797607
0.1855883002281189,1.5892680883407593,1.0270955562591553
0.01523745059967041,1.7543492317199707,0.8744521737098694
-0.1989155411720276,1.8780059814453125,0.6867318153381348
-0.4196368455886841,1.9384535551071167,0.4808124303817749
-0.6328817009925842,1.9236053228378296,0.2986050248146057
-0.8406867384910583,1.8224513530731201,0.19340062141418457
-1.0258541107177734,1.6949801445007324,0.17702460289001465
-1.1103415489196777,1.548187017440796,0.23826563358306885
-1.119271159172058,1.4180536270141602,0.3561815023422241
-1.111024022102356,1.3424127101898193,0.5095498561859131
-1.0773265361785889,1.2946410179138184,0.684296727180481
-1.0531017780303955,1.2695937156677246,0.8631711006164551
-1.0429471731185913,1.2635011672973633,1.0149816274642944
-1.0309953689575195,1.2878568172454834,1.1174191236495972
-1.0263738632202148,1.3528077602386475,1.1769194602966309
-1.0584385395050049,1.415743112564087,1.2488737106323242
-1.0693663358688354,1.452953577041626,1.3105180263519287
-1.0464997291564941,1.493158221244812,1.3206243515014648
-1.0080463886260986,1.5428707599639893,1.2770503759384155
-0.9038662314414978,1.5640466213226318,1.1937381029129028
-0.6991921663284302,1.5329278707504272,1.1157182455062866
-0.4540952444076538,1.4811687469482422,1.0878093242645264
-0.2156139612197876,1.434199571609497,1.1219401359558105
-0.00758814811706543,1.3822906017303467,1.2013479471206665
0.1777140498161316,1.3372827768325806,1.2850761413574219
0.35665762424468994,1.3273038864135742,1.32785964012146
0.5684829950332642,1.3826756477355957,1.3568487167358398
0.841589629650116,1.462491512298584,1.4145421981811523
1.135558009147644,1.5486537218093872,1.4645442962646484
1.4140374660491943,1.6053389310836792,1.480376124382019
1.7072076797485352,1.5882093906402588,1.4085431098937988
1.9893670082092285,1.5496851205825806,1.2509183883666992
2.1831769943237305,1.5252833366394043,1.052947759628296
2.2712278366088867,1.5415178537368774,0.8360792994499207
2.280897855758667,1.5423907041549683,0.62939453125
2.2852272987365723,1.5683069229125977,0.4264489412307739
2.3564770221710205,1.6577520370483398,0.22576749324798584
2.4440741539001465,1.8157854080200195,-0.024433020502328873
2.4478485584259033,1.9586982727050781,-0.3350414037704468
2.3486177921295166,2.0115344524383545,-0.6243423223495483
2.2409212589263916,1.9658668041229248,-0.8425593376159668
2.087895631790161,1.8619624376296997,-1.0183074474334717
1.8839364051818848,1.7409405708312988,-1.1416360139846802
1.6745083332061768,1.642032265663147,-1.176519513130188
1.4701772928237915,1.6381099224090576,-1.1381597518920898
1.264007329940796,1.7191128730773926,-1.0537759065628052
1.0879665613174438,1.8144961595535278,-0.9260891675949097
0.941379964351654,1.93693208694458,-0.7968350052833557
0.8184093832969666,2.0375783443450928,-0.7139433026313782
0.6872103810310364,2.0819902420043945,-0.7060007452964783
0.5489780902862549,2.112321138381958,-0.78385990858078
0.4462304711341858,2.1377921104431152,-0.8940686583518982
0.3409830331802368,2.148132801055908,-1.0131970643997192
0.22756332159042358,2.1286098957061768,-1.1412603855133057
0.13430213928222656,2.0941689014434814,-1.254423975944519
0.05655175447463989,2.056151866912842,-1.3413875102996826
-0.01996949315071106,2.00288724899292,-1.3921937942504883
-0.09917888045310974,1.9027795791625977,-1.4286246299743652
-0.14592179656028748,1.7740886211395264,-1.4534885883331299
-0.14548048377037048,1.6519792079925537,-1.4511373043060303
-0.122434601187706,1.5472681522369385,-1.4418518543243408
-0.08827164769172668,1.4546095132827759,-1.4313544034957886
-0.03211585432291031,1.372558355331421,-1.404634952545166
0.04666927084326744,1.3080580234527588,-1.3604860305786133
0.1306968778371811,1.2681939601898193,-1.3233493566513062
0.2151528298854828,1.2529184818267822,-1.3037042617797852
0.2858215868473053,1.2459338903427124,-1.2786543369293213
0.3458086848258972,1.2415697574615479,-1.2661938667297363
0.4130975008010864,1.2575359344482422,-1.2704447507858276
0.4780574142932892,1.285250186920166,-1.2601251602172852
0.5519132614135742,1.3203339576721191,-1.2120208740234375
0.6652766466140747,1.3912358283996582,-1.1371439695358276
0.8375188708305359,1.468352198600769,-1.0228887796401978
1.0173141956329346,1.5490375757217407,-0.8315929174423218
1.1607648134231567,1.6750723123550415,-0.6116093993186951
1.3390858173370361,1.8215954303741455,-0.38138794898986816
1.484100103378296,1.9288512468338013,-0.10185623168945312
1.5219335556030273,1.8536776304244995,0.18476194143295288
1.579749584197998,1.6420257091522217,0.43400144577026367
1.7200349569320679,1.521218180656433,0.7099136710166931
1.9239047765731812,1.4877827167510986,1.1952818632125854
1.9400274753570557,1.4147305488586426,1.9028279781341553
1.7741731405258179,1.3591558933258057,2.5711188316345215
1.479844093322754,1.3147039413452148,3.075997829437256
1.2369704246520996,1.2582900524139404,3.3896942138671875
1.1690738201141357,1.1995303630828857,3.4738638401031494
1.3667323589324951,1.1635526418685913,3.2845101356506348
1.5810792446136475,1.1971708536148071,2.8969759941101074
1.543877124786377,1.2579461336135864,2.5372562408447266
1.2782597541809082,1.3176381587982178,2.3043265342712402
0.8641207218170166,1.3841285705566406,2.1504552364349365
0.4085480570793152,1.3817899227142334,2.132216453552246
0.131813645362854,1.3597310781478882,2.1555051803588867
0.10789579153060913,1.3734937906265259,2.0441927909851074
0.25465279817581177,1.4112876653671265,1.7911592721939087
0.42236489057540894,1.4731515645980835,1.520843505859375
0.4624108076095581,1.5990221500396729,1.2967942953109741
0.3570050597190857,1.756932020187378,1.1490509510040283
0.2625540494918823,1.926562786102295,1.0598163604736328
0.18237954378128052,2.0907044410705566,0.946689784526825
0.020465224981307983,2.2131893634796143,0.7465311288833618
-0.2318098545074463,2.275068521499634,0.4756070375442505
-0.5092430114746094,2.242978572845459,0.22650909423828125
-0.744552731513977,2.148463726043701,0.06976839900016785
-0.9066559672355652,1.999199390411377,0.06068849563598633
-0.9561219215393066,1.8389227390289307,0.16547444462776184
-0.9583969116210938,1.7367247343063354,0.28218531608581543
-0.995976448059082,1.6668777465820312,0.37854230403900146
-1.004331111907959,1.5816984176635742,0.47362804412841797
-0.9849189519882202,1.4993314743041992,0.5597404837608337
-0.9631208777427673,1.435396432876587,0.6469202637672424
-0.9369539022445679,1.3867425918579102,0.7500119805335999
-0.8859637975692749,1.3322618007659912,0.8525176048278809
-0.8587742447853088,1.3020668029785156,0.9459177255630493
-0.8693758845329285,1.2800240516662598,1.0380743741989136
-0.8393954634666443,1.2551732063293457,1.1173275709152222
-0.7800350189208984,1.2552673816680908,1.1395854949951172
-0.713578999042511,1.2524514198303223,1.1090788841247559
-0.6289164423942566,1.210766077041626,1.091156005859375
-0.5669412612915039,1.178466558456421,1.1171225309371948
-0.5281392931938171,1.1632524728775024,1.1449460983276367
-0.4560449719429016,1.1373695135116577,1.1638377904891968
-0.3495149314403534,1.1144111156463623,1.1711750030517578
-0.21778419613838196,1.0792651176452637,1.1868922710418701
-0.07764941453933716,1.039351463317871,1.203092336654663
0.07724267244338989,1.0320898294448853,1.206956148147583
0.25276410579681396,1.035262107849121,1.2159630060195923
0.4126271605491638,1.0526026487350464,1.2254440784454346
0.5771893262863159,1.076485514640808,1.2267134189605713
0.7322623133659363,1.1237928867340088,1.1912304162979126
0.8938644528388977,1.1569149494171143,1.103618860244751
1.0629671812057495,1.1402384042739868,0.9824296236038208
1.259270191192627,1.075416088104248,0.8857578635215759
1.4883499145507812,1.0252251625061035,0.8449935913085938
1.737185001373291,1.0159392356872559,0.8155987858772278
1.9171631336212158,1.0597484111785889,0.7401779890060425
2.049894094467163,1.1007866859436035,0.705432653427124
2.1993532180786133,1.1793791055679321,0.7584229707717896
2.361846685409546,1.3019613027572632,0.8004211783409119
2.532099723815918,1.4819660186767578,0.7414613962173462
2.653611183166504,1.6863422393798828,0.5265425443649292
2.66288685798645,1.82890784740448,0.15768635272979736
2.632675886154175,1.9045484066009521,-0.2866940498352051
2.5799169540405273,1.921583890914917,-0.7303290367126465
2.460317373275757,1.8999722003936768,-1.0971338748931885
2.269529104232788,1.8289974927902222,-1.352981686592102
1.9961577653884888,1.7252085208892822,-1.4816529750823975
1.691104531288147,1.6383304595947266,-1.462143898010254
1.409221887588501,1.5833455324172974,-1.3046557903289795
1.2037575244903564,1.5131759643554688,-1.0226157903671265
1.0800589323043823,1.4661868810653687,-0.7053553462028503
0.9853787422180176,1.4346657991409302,-0.449939489364624
0.8993445038795471,1.3783268928527832,-0.28900158405303955
0.8586544394493103,1.318854570388794,-0.20118635892868042
0.8241196274757385,1.2953778505325317,-0.20127356052398682
0.7394589185714722,1.341900110244751,-0.2960813641548157
0.6316772699356079,1.4130773544311523,-0.43068766593933105
0.505077064037323,1.4615581035614014,-0.5468264222145081
0.37918001413345337,1.4967429637908936,-0.630473256111145
0.2615441083908081,1.4938163757324219,-0.6786223649978638
0.16755425930023193,1.4178677797317505,-0.6780810952186584
0.13705974817276,1.2978935241699219,-0.6270641088485718
0.16804587841033936,1.1872007846832275,-0.5797714591026306
0.18934670090675354,1.091442584991455,-0.5734862685203552
0.15726327896118164,1.0218926668167114,-0.6235191226005554
0.10651466250419617,0.9835609197616577,-0.6930779814720154
0.0355243980884552,0.9740575551986694,-0.730766773223877
-0.03502708673477173,0.9709548950195312,-0.7358741760253906
-0.05196824669837952,0.9436100125312805,-0.7161845564842224
-0.052925243973731995,0.9015131592750549,-0.6581582427024841
-0.07661023736000061,0.8629631996154785,-0.5833814740180969
-0.08998121321201324,0.8209319114685059,-0.5238461494445801
-0.11159581691026688,0.7616806030273438,-0.4912641644477844
-0.15347811579704285,0.7182320952415466,-0.4829888939857483
-0.19386741518974304,0.7115298509597778,-0.48193496465682983
-0.22124050557613373,0.689560055732727,-0.43864405155181885
-0.18401114642620087,0.6183761954307556,-0.33780670166015625
-0.11271499842405319,0.5652307868003845,-0.23801684379577637
-0.07041746377944946,0.5372759103775024,-0.17256057262420654
-0.08224683254957199,0.48163044452667236,-0.13805675506591797
-0.1580902636051178,0.418504536151886,-0.09158092737197876
-0.23805412650108337,0.3823901414871216,-0.011825203895568848
-0.2851068675518036,0.3804910182952881,0.07372856140136719
-0.2827187776565552,0.3491782546043396,0.16724348068237305
-0.23142652213573456,0.2809983491897583,0.2530786991119385
-0.1852341890335083,0.2185676097869873,0.29660725593566895
-0.15434914827346802,0.16723692417144775,0.3050525188446045
-0.11554308980703354,0.11437678337097168,0.2974463701248169
-0.0732232928276062,0.058831751346588135,0.2880033254623413
-0.05955202877521515,0.01877427101135254,0.2658299207687378
-0.0663042962551117,-0.0345073938369751,0.24481147527694702
-0.06469348073005676,-0.09499970078468323,0.24269986152648926
-0.05208883062005043,-0.13699305057525635,0.23181205987930298
-0.04092806205153465,-0.17689454555511475,0.1984694004058838
-0.03477245196700096,-0.21988606452941895,0.16471290588378906
-0.03112190216779709,-0.2480567991733551,0.1413499116897583
-0.03924871236085892,-0.25431203842163086,0.1295035481452942
-0.08299393206834793,-0.24818378686904907,0.12627756595611572
-0.13430950045585632,-0.23399046063423157,0.134942889213562
-0.14862367510795593,-0.20487022399902344,0.15444040298461914
-0.15318632125854492,-0.18287694454193115,0.1683361530303955
-0.1594933122396469,-0.17838823795318604,0.16617965698242188
-0.14822518825531006,-0.175344318151474,0.15496814250946045
-0.1256593018770218,-0.160495787858963,0.1457611322402954
-0.12639251351356506,-0.16271856427192688,0.1420186161994934
-0.1141778826713562,-0.15543735027313232,0.13575685024261475
-0.09794987738132477,-0.14733734726905823,0.12778931856155396
-0.1069260835647583,-0.152660071849823,0.10852479934692383
-0.08979907631874084,-0.15324386954307556,0.0693519115447998
-0.07440423965454102,-0.14398056268692017,0.025162816047668457
-0.06943893432617188,-0.15819665789604187,-0.02273690700531006
-0.046531662344932556,-0.16982892155647278,-0.0514986515045166
-0.020877927541732788,-0.15362253785133362,-0.03854888677597046
0.058056801557540894,-0.11564481258392334,0.0026947855949401855
0.25578492879867554,-0.036443501710891724,-0.048902034759521484
0.2574043273925781,-0.210518479347229,-0.1037256121635437
0.15924914181232452,-0.22462162375450134,-0.13156402111053467
0.04412813484668732,-0.1574302613735199,-0.1583946943283081
-0.11643794178962708,-0.13471996784210205,-0.17260199785232544
-0.27376097440719604,-0.21826639771461487,-0.2928527593612671
-0.292388916015625,-0.2695370018482208,0.025804638862609863
-0.12722671031951904,0.003303349018096924,0.019825339317321777
-0.07928323745727539,-0.008095234632492065,-0.05003833770751953
-0.16529583930969238,-0.049925923347473145,-0.38039863109588623
-0.18185964226722717,-0.143757164478302,-0.14951610565185547
-0.07031355798244476,-0.06773626804351807,0.07230418920516968
-0.08732131123542786,-0.024589955806732178,0.023833513259887695
-0.15185675024986267,-0.0718943178653717,0.005158483982086182
-0.1728210598230362,-0.08066773414611816,0.016749143600463867
-0.17688661813735962,-0.08413901925086975,0.019711792469024658
-0.17704755067825317,-0.06629997491836548,0.027464091777801514
-0.13445055484771729,-0.11212921142578125,0.010238289833068848
-0.09772661328315735,-0.15192490816116333,-0.0069876909255981445
-0.04954001307487488,-0.15091821551322937,0.005123138427734375
-0.031907498836517334,-0.1451352834701538,0.014190256595611572
-0.059382081031799316,-0.12250375747680664,0.039656996726989746
-0.11041313409805298,-0.10290062427520752,0.042619168758392334
-0.09579649567604065,-0.09075820446014404,0.05737745761871338
-0.08683508634567261,-0.12141820788383484,0.07801032066345215
-0.058767735958099365,-0.1550906002521515,0.10157132148742676
-0.03807750344276428,-0.13310277462005615,0.1753617525100708
-0.07908108830451965,-0.13999992609024048,0.2958880066871643
-0.1216069757938385,-0.0711367130279541,0.37493354082107544
-0.14492827653884888,-0.11058962345123291,0.2585580348968506
0.2581467032432556,0.14330941438674927,-1.3879196643829346
-0.2908591628074646,-0.673893392086029,0.12126874923706055
-0.16685901582241058,0.002964317798614502,0.18693971633911133
-0.1336129754781723,0.044631123542785645,-0.2917376756668091
-0.2484678030014038,-0.16962379217147827,-0.36077964305877686
-0.12769104540348053,-0.07429426908493042,-0.24603259563446045
-0.07172057032585144,-0.123049795627594,-0.11074292659759521
-0.04578597843647003,-0.12105149030685425,0.08681023120880127
-0.04885926842689514,-0.09911489486694336,0.1784479022026062
-0.11614540219306946,-0.09064143896102905,0.17746639251708984
-0.2042151391506195,-0.07889562845230103,0.11644136905670166
-0.29747846722602844,-0.08599108457565308,0.04022371768951416
-0.36439016461372375,-0.08558845520019531,0.03357309103012085
-0.3359660804271698,-0.07234406471252441,0.06163078546524048
-0.2213853895664215,-0.06280499696731567,0.11355608701705933
-0.13670378923416138,-0.06542843580245972,0.14956730604171753
-0.05881732702255249,-0.038531482219696045,0.19681519269943237
-0.015299052000045776,-0.026257693767547607,0.28654468059539795
-0.013042658567428589,-0.014614284038543701,0.3462846875190735
-0.0007640719413757324,-0.0047612786293029785,0.3405102491378784
-0.003813713788986206,0.005223512649536133,0.28557878732681274
-0.030253320932388306,0.026008903980255127,0.22516083717346191
-0.07642489671707153,0.038156986236572266,0.18434926867485046
-0.1480635404586792,0.05475682020187378,0.19659766554832458
-0.226506769657135,0.06640928983688354,0.2081926167011261
-0.2726806700229645,0.08772313594818115,0.18343758583068848
-0.2866608798503876,0.08996647596359253,0.1358335018157959
-0.26342520117759705,0.08573657274246216,0.06763410568237305
-0.2266262173652649,0.09003263711929321,0.03137015551328659
-0.16616323590278625,0.0993267297744751,0.020879194140434265
-0.09503692388534546,0.10269802808761597,0.02201424539089203
-0.07859113812446594,0.06487894058227539,0.03953129053115845
-0.12417712807655334,0.012723863124847412,0.08741635084152222
-0.1793857216835022,-0.009503483772277832,0.129142165184021
-0.22165444493293762,0.010312259197235107,0.13943830132484436
-0.21489602327346802,0.08260685205459595,0.13784128427505493
-0.0034488439559936523,0.2877901792526245,0.13255682587623596
-0.09847700595855713,0.17196673154830933,0.1545540690422058
-0.3844205141067505,-0.10782921314239502,0.12450000643730164
-0.5313191413879395,-0.1390635371208191,0.057640910148620605
-0.46596845984458923,0.018196403980255127,-0.011011362075805664
-0.3553677797317505,0.08938252925872803,-0.03387337923049927
-0.30767369270324707,0.025228440761566162,-0.030965685844421387
-0.287835955619812,-0.009943068027496338,-0.028258323669433594
-0.2819977402687073,0.012648701667785645,-0.006857454776763916
-0.2741394340991974,0.011391878128051758,0.04901444911956787
-0.2780300974845886,0.003537416458129883,0.11486607789993286
-0.27779078483581543,0.007513701915740967,0.15992575883865356
-0.27794453501701355,0.005894601345062256,0.19824647903442383
-0.26116466522216797,0.0036085844039916992,0.20942068099975586
-0.2572217583656311,0.01814049482345581,0.1876833438873291
-0.2724384367465973,0.020383775234222412,0.15446794033050537
-0.28009968996047974,0.00832134485244751,0.12619775533676147
-0.28389281034469604,0.009739696979522705,0.09849470853805542
-0.2939767837524414,0.020752310752868652,0.09001994132995605
-0.30744653940200806,0.03266197443008423,0.09628206491470337
-0.3026989698410034,0.038220107555389404,0.11087214946746826
-0.2956123948097229,0.04124653339385986,0.1380937099456787
-0.2893896996974945,0.05050504207611084,0.17253339290618896
-0.28682568669319153,0.059837400913238525,0.2083471417427063
-0.284315288066864,0.07460743188858032,0.24086624383926392
-0.2925792932510376,0.09894001483917236,0.2692992687225342
-0.302666038274765,0.14206475019454956,0.29299014806747437
-0.31824004650115967,0.19255894422531128,0.3193143606185913
-0.33426547050476074,0.2336093783378601,0.35458600521087646
-0.3495173454284668,0.27759140729904175,0.38356196880340576
-0.37959739565849304,0.3296605348587036,0.40822315216064453
-0.4323767423629761,0.3819093704223633,0.43487340211868286
-0.4802511930465698,0.4221624732017517,0.4683242440223694
-0.532734751701355,0.4475254416465759,0.49206268787384033
-0.5463600754737854,0.4543611407279968,0.5047240853309631
-0.5376437902450562,0.4870259165763855,0.5122759342193604
-0.5203877091407776,0.5300162434577942,0.5136958360671997
-0.5040056109428406,0.5485824346542358,0.5246525406837463
-0.5173595547676086,0.5758517384529114,0.5210695266723633
-0.5488254427909851,0.6132583618164062,0.5126229524612427
-0.5902860164642334,0.6560186743736267,0.5123531222343445
-0.6399105787277222,0.7378703951835632,0.5138678550720215
-0.6916755437850952,0.8341200351715088,0.5287259221076965
-0.7351881265640259,0.9201833009719849,0.5578339695930481
-0.7485418319702148,1.0213346481323242,0.6023232936859131
-0.7395375967025757,1.1452566385269165,0.6575413346290588
-0.714322566986084,1.2665170431137085,0.6839320063591003
-0.6386512517929077,1.3891305923461914,0.6669255495071411
-0.5005460977554321,1.5272427797317505,0.6054001450538635
-0.3167160153388977,1.7105417251586914,0.5127305388450623
-0.10021042823791504,1.9242939949035645,0.41736310720443726
0.1506023406982422,2.1238980293273926,0.34202998876571655
0.42755138874053955,2.2674903869628906,0.2635136842727661
0.7427816390991211,2.3547239303588867,0.1703958511352539
1.0203584432601929,2.374917984008789,0.08184540271759033
1.2042303085327148,2.356412887573242,0.01654505729675293
1.322556972503662,2.3265457153320312,0.003689110279083252
1.4175175428390503,2.2644169330596924,0.04500676691532135
1.511134386062622,2.1556758880615234,0.11067503690719604
1.6311438083648682,1.995344877243042,0.163990318775177
1.770860195159912,1.8063877820968628,0.21808189153671265
1.9257285594940186,1.626644492149353,0.26424330472946167
2.0830698013305664,1.4473562240600586,0.27552884817123413
2.156619071960449,1.2498106956481934,0.2404737025499344
2.0715909004211426,1.0103709697723389,0.16908933222293854
1.8838200569152832,0.76546710729599,0.10205917060375214
1.6969021558761597,0.6046262979507446,0.08299994468688965
1.5582406520843506,0.5182197093963623,0.14871475100517273
1.4882138967514038,0.4373236298561096,0.3233311176300049
1.4389674663543701,0.3369775414466858,0.5431507229804993
1.3568010330200195,0.23633748292922974,0.7112022042274475
1.2256666421890259,0.1493789553642273,0.8063097596168518
1.0860981941223145,0.09661394357681274,0.8413443565368652
0.9835942387580872,0.10592395067214966,0.8156590461730957
0.7446973323822021,-0.012552261352539062,0.8538461923599243
0.6522169709205627,-0.05862921476364136,0.8290495872497559
0.6099355816841125,-0.02951681613922119,0.7414934039115906
0.5387765765190125,-0.05370616912841797,0.6683014631271362
0.47661012411117554,-0.08845329284667969,0.6348543167114258
0.4392966628074646,-0.08390986919403076,0.6345196962356567
0.39966750144958496,-0.08698868751525879,0.6721009016036987
0.35275453329086304,-0.07558667659759521,0.7272169589996338
0.29819440841674805,-0.07631981372833252,0.7827409505844116
0.24446994066238403,-0.1194503903388977,0.8561621308326721
0.2362385392189026,-0.16606378555297852,0.9536654949188232
0.2207462191581726,-0.1901070475578308,1.0143640041351318
0.21894687414169312,-0.23255866765975952,1.002746343612671
0.2583462595939636,-0.2848036289215088,0.9510723352432251
0.3165305256843567,-0.32640939950942993,0.8804592490196228
0.37301182746887207,-0.3874726891517639,0.8215317726135254
0.4661288261413574,-0.43733060359954834,0.8791932463645935
0.5569577217102051,-0.5073294639587402,0.9049067497253418
0.6609122157096863,-0.588678240776062,0.9071099758148193
0.7179281711578369,-0.6408126950263977,0.9097946882247925
0.7415127754211426,-0.6959830522537231,0.8809999823570251
0.7430021166801453,-0.7612003087997437,0.8366000652313232
0.7261484265327454,-0.8104779720306396,0.7883130311965942
0.7016952037811279,-0.8297726511955261,0.743270754814148
0.6882804036140442,-0.8238349556922913,0.7211357355117798
0.6714454889297485,-0.8101770281791687,0.7330701947212219
0.6721611022949219,-0.7789312601089478,0.7580272555351257
0.6479989290237427,-0.7338306903839111,0.7726761102676392
0.625238835811615,-0.6811550259590149,0.7971802949905396
0.6133133172988892,-0.6265618205070496,0.8049145936965942
0.6282848119735718,-0.5533091425895691,0.8197898268699646
0.6508379578590393,-0.4595873951911926,0.8622216582298279
0.6786171197891235,-0.36292606592178345,0.9689531326293945
0.7409413456916809,-0.30062198638916016,1.1588099002838135
0.7495664358139038,-0.2849774956703186,1.3028643131256104
0.6910321712493896,-0.2831490635871887,1.3003538846969604
0.5636242628097534,-0.24657708406448364,1.2396272420883179
0.5230876207351685,-0.27064746618270874,1.0621435642242432
0.5332959294319153,-0.20528137683868408,0.8035940527915955
0.4527240991592407,-0.07908385992050171,0.73073410987854
0.43695634603500366,-0.05362582206726074,0.7607240080833435
0.47015154361724854,-0.014674186706542969,0.8326244354248047
0.49671655893325806,0.03510892391204834,0.867425799369812
0.5337534546852112,0.06765013933181763,0.8249709606170654
0.5485305190086365,0.12031793594360352,0.773361086845398
0.5642358064651489,0.16618669033050537,0.7183057069778442
0.5676073431968689,0.20109742879867554,0.6311495304107666
0.5424697995185852,0.21720147132873535,0.5300201177597046
0.5175679922103882,0.23270344734191895,0.4363816976547241
0.4925384521484375,0.27065932750701904,0.38963353633880615
0.46181321144104004,0.3166385591030121,0.3758063316345215
0.42725372314453125,0.348783940076828,0.3682299852371216
0.40675806999206543,0.39820894598960876,0.3735552132129669
0.37160396575927734,0.4508192837238312,0.3639968931674957
0.3001641631126404,0.4789126515388489,0.3089076280593872
0.22615903615951538,0.49782899022102356,0.24154889583587646
0.1638953685760498,0.5012297630310059,0.18595537543296814
0.11581510305404663,0.5036503076553345,0.14288493990898132
0.06378161907196045,0.4975318908691406,0.09377774596214294
0.026969194412231445,0.48489484190940857,0.032519251108169556
-0.011135876178741455,0.41931188106536865,-0.04072555899620056
-0.10000395774841309,0.32356178760528564,-0.13750573992729187
-0.22539371252059937,0.2990298271179199,-0.2600692808628082
-0.4191588759422302,0.3600907325744629,-0.3677995502948761
-0.5687659978866577,0.43723466992378235,-0.40715736150741577
-0.5557792782783508,0.4365784227848053,-0.3785831034183502
-0.4998028874397278,0.4400220513343811,-0.32147398591041565
-0.462136447429657,0.46975070238113403,-0.22305266559123993
-0.44267141819000244,0.4747351408004761,-0.1123158186674118
-0.4426955580711365,0.47023072838783264,-0.020808815956115723
-0.46423178911209106,0.4724165201187134,0.02111770212650299
-0.4778766632080078,0.46239444613456726,0.024750590324401855
-0.4683264493942261,0.45346999168395996,0.026761174201965332
-0.4512598514556885,0.4551890194416046,0.030560463666915894
-0.4112488031387329,0.4703998565673828,0.04166232794523239
-0.31752949953079224,0.5367858409881592,0.09074997156858444
-0.47740840911865234,0.4005284011363983,0.0890500470995903
-0.5987685918807983,0.36541998386383057,0.0332406684756279
-0.4847118854522705,0.48197969794273376,0.024918314069509506
-0.42795175313949585,0.5078687071800232,-0.006939418613910675
-0.38212162256240845,0.5101315975189209,-0.03673744574189186
-0.3099708557128906,0.49547770619392395,-0.032847046852111816
-0.20910990238189697,0.49881476163864136,0.013864994049072266
-0.09178566932678223,0.4866692125797272,0.07983982563018799
0.04462277889251709,0.4705062508583069,0.1431199312210083
0.11479049921035767,0.46484923362731934,0.19452881813049316
0.15485334396362305,0.4620324671268463,0.2085181474685669
0.27869659662246704,0.5324420928955078,0.18960130214691162
0.37951868772506714,0.6035425066947937,0.17520427703857422
0.41351842880249023,0.621578574180603,0.17806988954544067
0.37213653326034546,0.6013638377189636,0.1865253448486328
0.2843584418296814,0.5800449848175049,0.19665181636810303
0.21696370840072632,0.5849701166152954,0.20831966400146484
0.19608134031295776,0.6174344420433044,0.20298564434051514
0.19292551279067993,0.6545848250389099,0.15547619760036469
0.18808513879776,0.6844834685325623,0.08786749094724655
0.1628360152244568,0.6876977682113647,0.02826462686061859
0.11723673343658447,0.6869792342185974,-0.03394091874361038
0.07361441850662231,0.7071518898010254,-0.08385920524597168
0.012443482875823975,0.718210756778717,-0.11923527717590332
-0.06669402122497559,0.6928060054779053,-0.16092918813228607
-0.12225663661956787,0.6396095156669617,-0.2112356424331665
-0.139532208442688,0.5957355499267578,-0.22654661536216736
-0.14448922872543335,0.5197686553001404,-0.19649553298950195
-0.14035457372665405,0.4128722846508026,-0.14792919158935547
-0.11427092552185059,0.32620882987976074,-0.09859064221382141
-0.07915431261062622,0.24163219332695007,-0.05540551245212555
-0.08320504426956177,0.16136479377746582,-0.05856060981750488
-0.12720048427581787,0.11079248040914536,-0.08148127794265747
-0.1632399559020996,0.05899981036782265,-0.09798422455787659
-0.1960463523864746,0.023218337446451187,-0.11503031849861145
-0.2143041491508484,0.008677560836076736,-0.12253415584564209
-0.16441726684570312,0.056547749787569046,-0.1269681751728058
-0.16137295961380005,0.0011480553075671196,-0.10720159113407135
-0.24408745765686035,-0.1783742904663086,-0.04092419147491455
-0.1813930869102478,-0.1182711124420166,0.00311887264251709
-0.1407955288887024,-0.04919985681772232,0.02245461940765381
-0.16870296001434326,-0.08527879416942596,0.05992019176483154
-0.23148071765899658,-0.14174453914165497,0.07328248023986816
-0.26296597719192505,-0.16033226251602173,0.06531177461147308
-0.2626594305038452,-0.1530730426311493,0.048178546130657196
-0.2808738946914673,-0.15871217846870422,0.021294236183166504
-0.29294127225875854,-0.1777673363685608,0.008375763893127441
-0.26485055685043335,-0.18378375470638275,0.03178940713405609
-0.2137923240661621,-0.17244626581668854,0.030748948454856873
-0.11750727891921997,-0.16347210109233856,0.029619306325912476
-0.008725464344024658,-0.17740358412265778,0.07554879784584045
0.08134990930557251,-0.19342531263828278,0.14708825945854187
0.10959631204605103,-0.2552596926689148,0.21001720428466797
0.05337023735046387,-0.3873220682144165,0.18051990866661072
0.05964690446853638,-0.4046982526779175,0.2272522747516632
0.15880733728408813,-0.3805637061595917,0.41459619998931885
0.24360716342926025,-0.3807012140750885,0.5044125318527222
0.17867505550384521,-0.4472549259662628,0.459051251411438
0.0627589225769043,-0.48500707745552063,0.39662376046180725
0.010834813117980957,-0.47087886929512024,0.40386632084846497
-0.025079011917114258,-0.4795413911342621,0.4555191099643707
-0.07087928056716919,-0.4976530373096466,0.5091552734375
-0.07021647691726685,-0.49367058277130127,0.5508437156677246
-0.04129916429519653,-0.48209428787231445,0.5793583393096924
0.010570645332336426,-0.4651760756969452,0.6069027185440063
0.07444655895233154,-0.42091605067253113,0.6331604719161987
0.15761154890060425,-0.3547123670578003,0.6701208353042603
0.25239115953445435,-0.2960481643676758,0.7230043411254883
0.3554695248603821,-0.27932238578796387,0.7948756217956543
0.4509902000427246,-0.2942843437194824,0.8582193851470947
0.5278435349464417,-0.3523372709751129,0.870022177696228
0.5540558099746704,-0.423769474029541,0.8132823705673218
0.5342149138450623,-0.4560249447822571,0.6887835264205933
0.48910611867904663,-0.4614684581756592,0.5774143934249878
0.44855332374572754,-0.46882176399230957,0.5331727266311646
0.4372226595878601,-0.47755715250968933,0.5791176557540894
0.46333861351013184,-0.47228944301605225,0.6819273233413696
0.5142630338668823,-0.44933459162712097,0.7808610200881958
0.5756531953811646,-0.4110669791698456,0.8545511960983276
0.6382741928100586,-0.37761804461479187,0.9057040214538574
0.672109842300415,-0.3506779074668884,0.9287288188934326
0.678853452205658,-0.32483017444610596,0.9160388708114624
0.6642638444900513,-0.30063512921333313,0.8918899297714233
0.6217102408409119,-0.28689131140708923,0.8588602542877197
0.5600945949554443,-0.2587445378303528,0.8131544589996338
0.4690476655960083,-0.221602201461792,0.7328683137893677
0.3810579180717468,-0.1792454719543457,0.6357775926589966
0.3090360760688782,-0.13341590762138367,0.5493772029876709
0.2651265263557434,-0.08735337853431702,0.4819859266281128
0.23202842473983765,-0.04738253355026245,0.42761659622192383
0.19375813007354736,-0.013631254434585571,0.3829970359802246
0.15284675359725952,0.01876932382583618,0.3342231512069702
0.11758095026016235,0.05321308970451355,0.28380346298217773
0.0814935564994812,0.08738583326339722,0.2368980348110199
0.03895843029022217,0.11655312776565552,0.19651125371456146
-0.0063536763191223145,0.1427331268787384,0.16395018994808197
-0.04723411798477173,0.17103704810142517,0.135209321975708
-0.09144848585128784,0.20069949328899384,0.10886906087398529
-0.1314569115638733,0.22887369990348816,0.0894148200750351
-0.16168969869613647,0.25978565216064453,0.07655905187129974
-0.18905246257781982,0.28851479291915894,0.06649087369441986
-0.2100481390953064,0.3133191466331482,0.056873440742492676
-0.234375,0.33405810594558716,0.04764769971370697
-0.26528751850128174,0.3574948310852051,0.037905335426330566
-0.2947489023208618,0.37141984701156616,0.027897357940673828
-0.32953357696533203,0.37766265869140625,0.018128514289855957
-0.3494582176208496,0.3867530822753906,0.02221868932247162
-0.35959482192993164,0.3951164484024048,0.03179919719696045
-0.369795560836792,0.40218231081962585,0.04115176200866699
-0.37880247831344604,0.4132964611053467,0.04257240891456604
-0.40114134550094604,0.416801393032074,0.035670772194862366
-0.4436471462249756,0.42185673117637634,0.023636333644390106
-0.4917147159576416,0.433268666267395,0.01059364527463913
-0.5381354689598083,0.437235951423645,0.0015221834182739258
-0.6029911637306213,0.4446890950202942,-0.012132525444030762
-0.6631836295127869,0.4421239495277405,-0.0361783504486084
-0.6832079887390137,0.4337899386882782,-0.0527731254696846
-0.6430550813674927,0.4545283317565918,-0.04660259932279587
-0.5721125602722168,0.48580506443977356,-0.025264743715524673
-0.4931921362876892,0.5051282048225403,-0.0061798095703125
-0.41580730676651,0.5394005179405212,-0.005002856254577637
-0.34119123220443726,0.598374605178833,-0.01771247386932373
-0.24240738153457642,0.6818164587020874,-0.02656685560941696
-0.20074301958084106,0.7464470267295837,-0.03183532506227493
-0.2299705147743225,0.7580586671829224,-0.02996969223022461
-0.28436464071273804,0.7211211323738098,0.00151873379945755
-0.2950652837753296,0.68712317943573,0.07553088665008545
-0.2327415943145752,0.6669421195983887,0.1805039644241333
-0.11162638664245605,0.6527218818664551,0.2879089117050171
0.03079015016555786,0.6467998027801514,0.36667752265930176
0.15848171710968018,0.6534956097602844,0.3965740203857422
0.2878309488296509,0.6733696460723877,0.38588976860046387
0.3937615156173706,0.6658421158790588,0.35639822483062744
0.3937729001045227,0.6021099090576172,0.3191382884979248
0.3019413352012634,0.5089776515960693,0.2834893465042114
0.19345784187316895,0.42846864461898804,0.2492152452468872
0.10216468572616577,0.3506999909877777,0.22257757186889648
0.041812241077423096,0.2586310803890228,0.21033453941345215
0.01992553472518921,0.17461764812469482,0.20278239250183105
0.01779913902282715,0.1257413923740387,0.1821880340576172
0.021378934383392334,0.11964961886405945,0.14181017875671387
0.011377930641174316,0.12403255701065063,0.0910191535949707
-0.01336902379989624,0.12529510259628296,0.05291628837585449
-0.049010396003723145,0.11771842837333679,0.024145960807800293
-0.08732759952545166,0.11259636282920837,-0.000776536762714386
-0.11421376466751099,0.1152283251285553,-0.02020847797393799
-0.14879614114761353,0.11862459778785706,-0.0330127477645874
-0.19823652505874634,0.1010737419128418,-0.04204334318637848
-0.2410045862197876,0.07061454653739929,-0.04814791679382324
-0.27267104387283325,0.044057488441467285,-0.05536077916622162
-0.29132533073425293,0.02072364091873169,-0.06637632846832275
-0.28737151622772217,-0.003393322229385376,-0.08092164993286133
-0.26117295026779175,-0.02538466453552246,-0.09765996038913727
-0.23554617166519165,-0.046899378299713135,-0.11762560904026031
-0.22083133459091187,-0.06953582167625427,-0.14840127527713776
-0.20651954412460327,-0.08308383822441101,-0.18037262558937073
-0.16823041439056396,-0.08015552163124084,-0.1977766752243042
-0.12304973602294922,-0.07063588500022888,-0.20450294017791748
-0.10311788320541382,-0.07459869980812073,-0.20168828964233398
-0.09051614999771118,-0.07815194129943848,-0.1949777603149414
-0.06081801652908325,-0.06798297166824341,-0.17382539808750153
-0.007125496864318848,-0.04785609245300293,-0.135819673538208
0.05797421932220459,-0.037903010845184326,-0.08200418949127197
0.14907532930374146,-0.04454523324966431,-0.011434197425842285
0.25271064043045044,-0.06271910667419434,0.06811559200286865
0.32111555337905884,-0.09305775165557861,0.1492372751235962
0.35670405626296997,-0.1284387707710266,0.22146213054656982
0.3753514885902405,-0.16162043809890747,0.2736729383468628
0.405767023563385,-0.19772237539291382,0.3234049081802368
0.4553433060646057,-0.23416614532470703,0.3795410394668579
0.508711040019989,-0.2749274969100952,0.4468751549720764
0.5391114354133606,-0.3266911506652832,0.5086125135421753
0.5608380436897278,-0.3738059997558594,0.5559177398681641
0.6075270771980286,-0.4009072184562683,0.5970526337623596
0.7014418244361877,-0.4113216996192932,0.6397235989570618
0.7826647162437439,-0.4281913638114929,0.6894689798355103
0.834778904914856,-0.43968629837036133,0.7331236600875854
0.8720162510871887,-0.430183470249176,0.7592949271202087
0.9015293717384338,-0.41385090351104736,0.7647229433059692
0.919501543045044,-0.4187069535255432,0.7551116943359375
0.9314781427383423,-0.4422339200973511,0.7372139692306519
0.92303866147995,-0.47323644161224365,0.7111209630966187
0.8878770470619202,-0.49008578062057495,0.6736781001091003
0.8563483357429504,-0.47412747144699097,0.6357734799385071
0.8479375839233398,-0.4297487139701843,0.6192309856414795
0.851486325263977,-0.37422412633895874,0.6361272931098938
0.848427951335907,-0.333285927772522,0.6657050251960754
0.8368670344352722,-0.30827152729034424,0.6862738728523254
0.8034343719482422,-0.31017619371414185,0.6925292611122131
0.7600002884864807,-0.3330194354057312,0.6685333847999573
0.7292600870132446,-0.34978216886520386,0.6171941161155701
0.6884593963623047,-0.3613933324813843,0.5594469904899597
0.6252104043960571,-0.36968541145324707,0.4996013045310974
0.5519809722900391,-0.3631225824356079,0.44404637813568115
0.4875362515449524,-0.3415244221687317,0.41243594884872437
0.4428497552871704,-0.30408281087875366,0.4086151719093323
0.40166449546813965,-0.26193463802337646,0.41940784454345703
0.363517165184021,-0.21609383821487427,0.4347384572029114
0.3344576954841614,-0.16038578748703003,0.43682861328125
0.3186962604522705,-0.09708184003829956,0.4197322130203247
0.30122435092926025,-0.03529083728790283,0.39919400215148926
0.2816588282585144,0.001095414161682129,0.359744668006897
0.25885534286499023,0.027952909469604492,0.3068298101425171
0.22895383834838867,0.060625314712524414,0.25125205516815186
0.19566506147384644,0.09492039680480957,0.20454752445220947
0.15652883052825928,0.12608614563941956,0.1706012487411499
0.11055606603622437,0.15487757325172424,0.1451655626296997
0.06266903877258301,0.18127822875976562,0.12937140464782715
0.012206494808197021,0.21201246976852417,0.1184934452176094
-0.0388222336769104,0.2379751205444336,0.10845661163330078
-0.08693450689315796,0.2589024603366852,0.09677398949861526
-0.1309525966644287,0.28244516253471375,0.0852518156170845
-0.16675978899002075,0.30373865365982056,0.07315516471862793
-0.20080727338790894,0.31584686040878296,0.06126904487609863
-0.23195362091064453,0.32068002223968506,0.0472559928894043
-0.2588900327682495,0.32538288831710815,0.036757227033376694
-0.28573668003082275,0.33038002252578735,0.02989828586578369
-0.308893620967865,0.33652323484420776,0.024835586547851562
-0.33526456356048584,0.34171998500823975,0.022315271198749542
-0.36222559213638306,0.3417440950870514,0.0223843976855278
-0.3837823271751404,0.33984941244125366,0.026988137513399124
-0.39867234230041504,0.3453133702278137,0.03507530689239502
-0.4171462655067444,0.3485806882381439,0.04264819249510765
-0.4325770139694214,0.34771910309791565,0.049106717109680176
-0.44304198026657104,0.35046154260635376,0.06378006935119629
-0.4702427387237549,0.3557983636856079,0.07587289810180664
-0.5091231465339661,0.35608312487602234,0.07965743541717529
-0.5289044976234436,0.36287182569503784,0.07999110221862793
-0.5221549272537231,0.38057273626327515,0.09293758869171143
-0.5066184997558594,0.40158385038375854,0.11986148357391357
-0.5101773738861084,0.41952502727508545,0.14144587516784668
-0.5184592008590698,0.4552907347679138,0.15268373489379883
-0.5168165564537048,0.5171305537223816,0.17115259170532227
-0.4988999366760254,0.582362174987793,0.21382927894592285
-0.4523525834083557,0.648874819278717,0.28153276443481445
-0.3792189955711365,0.7118275165557861,0.34915316104888916
-0.28252899646759033,0.7593589425086975,0.41462504863739014
-0.19154506921768188,0.761579155921936,0.4879460334777832
-0.11462581157684326,0.7126597166061401,0.5537590384483337
-0.03172487020492554,0.6350114345550537,0.6033111214637756
0.0745319128036499,0.5704189538955688,0.625257670879364
0.2014424204826355,0.5450310111045837,0.5976195335388184
0.3119943141937256,0.5368964076042175,0.5215724110603333
0.357224702835083,0.5284364819526672,0.4090980291366577
0.32677561044692993,0.5121102333068848,0.26955318450927734
0.23555970191955566,0.4709816575050354,0.13642895221710205
0.12754327058792114,0.4116953909397125,0.03684944286942482
0.007648110389709473,0.3324977159500122,-0.02715587615966797
-0.09165090322494507,0.25254026055336,-0.06807774305343628
-0.16539955139160156,0.19540593028068542,-0.0917356014251709
-0.21520674228668213,0.16456986963748932,-0.10412514209747314
-0.2311033010482788,0.15961916744709015,-0.11635947227478027
-0.22463393211364746,0.1689310371875763,-0.12616181373596191
-0.21440833806991577,0.1722378134727478,-0.12694191932678223
-0.2124640941619873,0.1755973994731903,-0.11878835409879684
-0.2178804874420166,0.18893587589263916,-0.10902726650238037
-0.23318809270858765,0.20775368809700012,-0.09673798829317093
-0.26096177101135254,0.21568092703819275,-0.08437646180391312
-0.29393571615219116,0.2052992582321167,-0.0768061950802803
-0.3329477906227112,0.18627482652664185,-0.0709526538848877
-0.35816317796707153,0.17388996481895447,-0.07079362124204636
-0.37292444705963135,0.1722722351551056,-0.08003831654787064
-0.3829699158668518,0.16327008605003357,-0.0944969654083252
-0.38103657960891724,0.13790372014045715,-0.10732460021972656
-0.36983388662338257,0.11226978898048401,-0.1188209056854248
-0.35063081979751587,0.10134214162826538,-0.13736748695373535
-0.32527703046798706,0.10326895117759705,-0.1574704647064209
-0.2978307008743286,0.0997193455696106,-0.17009484767913818
-0.247356116771698,0.0934990644454956,-0.1691575050354004
-0.18817353248596191,0.09254911541938782,-0.1556321382522583
-0.1333407759666443,0.09165522456169128,-0.1386317014694214
-0.07562017440795898,0.08713042736053467,-0.11017560213804245
-0.0007187724113464355,0.07769423723220825,-0.0702437162399292
0.08606070280075073,0.06947475671768188,-0.019512411206960678
0.17761707305908203,0.061672210693359375,0.035588860511779785
0.2694701552391052,0.04595077037811279,0.09481525421142578
0.37159597873687744,0.01779615879058838,0.1500486135482788
0.47606223821640015,-0.021339595317840576,0.2011205554008484
0.5638455152511597,-0.0723421573638916,0.2389894723892212
0.6390147805213928,-0.12728828191757202,0.26793813705444336
0.7023491859436035,-0.19742488861083984,0.2950151562690735
0.754374623298645,-0.2822650074958801,0.3044048547744751
0.792895495891571,-0.3675556778907776,0.3028338551521301
0.8191136121749878,-0.44773703813552856,0.3104897737503052
0.8452761769294739,-0.5187728404998779,0.32723718881607056
0.8734411597251892,-0.5753015875816345,0.34854555130004883
0.9052575826644897,-0.610855758190155,0.38031601905822754
0.9337941408157349,-0.6199948191642761,0.4189683794975281
0.9567162990570068,-0.6153894662857056,0.4514874219894409
0.9731351137161255,-0.5931426286697388,0.47044795751571655
0.9952769875526428,-0.5358778238296509,0.48036080598831177
1.0304330587387085,-0.44627809524536133,0.4816763401031494
1.065896987915039,-0.36039698123931885,0.484094500541687
1.091180682182312,-0.3149121403694153,0.5018351078033447
1.095924735069275,-0.32687872648239136,0.5278187990188599
1.0772453546524048,-0.3691440224647522,0.5343922972679138
1.047968864440918,-0.4079018235206604,0.5050228834152222
1.0196034908294678,-0.4089391827583313,0.4632616639137268
0.9949266314506531,-0.36925774812698364,0.4377647042274475
0.9748878479003906,-0.30628836154937744,0.4485359191894531
0.9669371247291565,-0.24987542629241943,0.4764432907104492
0.9596662521362305,-0.22087371349334717,0.49979305267333984
0.9366037249565125,-0.20780742168426514,0.5017258524894714
0.9003438353538513,-0.19611841440200806,0.4658125638961792
0.855171263217926,-0.18900412321090698,0.4057431221008301
0.7993283271789551,-0.19467049837112427,0.36173468828201294
0.7390035390853882,-0.20478439331054688,0.35042303800582886
0.6783217191696167,-0.19871103763580322,0.35987329483032227
0.6092228293418884,-0.17079758644104004,0.37557268142700195
0.5296292901039124,-0.14150851964950562,0.3955594301223755
0.44422662258148193,-0.10740673542022705,0.41431695222854614
0.36211568117141724,-0.06682169437408447,0.43455272912979126
0.29219406843185425,-0.019974350929260254,0.4534279704093933
0.23426419496536255,0.03593289852142334,0.46493953466415405
0.1816474199295044,0.08803176879882812,0.465492308139801
0.12921923398971558,0.12655490636825562,0.45457881689071655
0.0818558931350708,0.15433484315872192,0.4320892095565796
0.04315763711929321,0.17554521560668945,0.39918214082717896
0.015200376510620117,0.19777119159698486,0.36021435260772705
-0.008283853530883789,0.22226062417030334,0.3247436285018921
-0.0350269079208374,0.24401086568832397,0.2927842140197754
-0.06710046529769897,0.26250404119491577,0.26543641090393066
-0.09980136156082153,0.2805655598640442,0.23935848474502563
-0.13095635175704956,0.3019062280654907,0.21577787399291992
-0.16139698028564453,0.3218176066875458,0.19308894872665405
-0.1901172399520874,0.33588963747024536,0.16937696933746338
-0.21451038122177124,0.3478635549545288,0.14883673191070557
-0.23870998620986938,0.3550344705581665,0.13069337606430054
-0.26117193698883057,0.35924774408340454,0.11256390810012817
-0.282465398311615,0.36017709970474243,0.09704184532165527
-0.30183523893356323,0.35650044679641724,0.08618521690368652
-0.3262748718261719,0.35042473673820496,0.07986772060394287
-0.3498463034629822,0.3362024426460266,0.07824337482452393
-0.36657804250717163,0.3193381726741791,0.08160531520843506
-0.37766826152801514,0.3082740306854248,0.08871805667877197
-0.3879561424255371,0.2976415157318115,0.09911030530929565
-0.3999563455581665,0.29030847549438477,0.1118474006652832
-0.4111015796661377,0.2839222550392151,0.12725508213043213
-0.4200621247291565,0.284359872341156,0.14685499668121338
-0.4224606156349182,0.2943703830242157,0.17014425992965698
-0.42463821172714233,0.310866117477417,0.19241666793823242
-0.43518179655075073,0.32863253355026245,0.20939725637435913
-0.4484713077545166,0.3517152965068817,0.2246512770652771
-0.45178067684173584,0.38226354122161865,0.24044835567474365
-0.4478225111961365,0.4157629609107971,0.2550050616264343
-0.43412041664123535,0.451455295085907,0.2694660425186157
-0.4016512632369995,0.5189310312271118,0.2690662145614624
-0.3499308228492737,0.6284985542297363,0.2519223690032959
-0.29469937086105347,0.7544533014297485,0.22487878799438477
-0.2817952632904053,0.8508200645446777,0.20240020751953125
-0.3481537103652954,0.8585454225540161,0.19223016500473022
-0.4388030171394348,0.8083367347717285,0.2035958170890808
-0.4841498136520386,0.7514034509658813,0.22802960872650146
-0.441584050655365,0.729752242565155,0.2609478235244751
-0.33502304553985596,0.7616494297981262,0.29657912254333496
-0.2055600881576538,0.8193146586418152,0.2733008861541748
-0.08456754684448242,0.8744392395019531,0.17880535125732422
-0.004047513008117676,0.9250301122665405,0.07909750193357468
-0.005967378616333008,0.9297558665275574,0.011381275951862335
-0.08856016397476196,0.8667177557945251,-0.017038464546203613
-0.17054903507232666,0.7516974210739136,0.007995009422302246
-0.22333598136901855,0.6036568880081177,0.060991883277893066
-0.23119229078292847,0.4557361900806427,0.11801278591156006
-0.20157617330551147,0.3308102786540985,0.15955352783203125
-0.138141930103302,0.250343382358551,0.17398738861083984
-0.058457911014556885,0.20288318395614624,0.1649409681558609
-0.003789961338043213,0.15934789180755615,0.13854312896728516
0.021343111991882324,0.1193726658821106,0.08652925491333008
0.03021252155303955,0.09643250703811646,0.02022947371006012
0.03616088628768921,0.07957473397254944,-0.03710225224494934
0.03673553466796875,0.06173145771026611,-0.09645844995975494
0.032418131828308105,0.03879326581954956,-0.1540832668542862
0.035680294036865234,0.014526277780532837,-0.20069479942321777
0.03554481267929077,-0.005721300840377808,-0.2387331873178482
0.0264359712600708,-0.03067636489868164,-0.26103293895721436
0.008505523204803467,-0.04998627305030823,-0.2719842195510864
-0.013312101364135742,-0.059591323137283325,-0.27579009532928467
-0.032558321952819824,-0.06581813097000122,-0.27066361904144287
-0.040074944496154785,-0.06586864590644836,-0.25311601161956787
-0.03504812717437744,-0.06325095891952515,-0.21660567820072174
-0.016303837299346924,-0.06003910303115845,-0.1703789234161377
0.014022111892700195,-0.054758310317993164,-0.12704336643218994
0.052586913108825684,-0.05032902956008911,-0.09641898423433304
0.09889048337936401,-0.04133474826812744,-0.07459164410829544
0.1453324556350708,-0.04104071855545044,-0.05023277550935745
0.19076937437057495,-0.043235599994659424,-0.024173270910978317
0.23694008588790894,-0.05387771129608154,-0.0013587474822998047
0.2822902798652649,-0.07406806945800781,0.02145683765411377
0.3244825005531311,-0.10268020629882812,0.04970097541809082
0.3624226450920105,-0.13156884908676147,0.08451652526855469
0.3952551484107971,-0.15559256076812744,0.12725746631622314
0.43219298124313354,-0.18393534421920776,0.1781037449836731
0.4734216332435608,-0.22422021627426147,0.23274850845336914
0.505367636680603,-0.2723383903503418,0.2863597273826599
0.5320481061935425,-0.3163628578186035,0.3352164626121521
0.5488612651824951,-0.36012381315231323,0.3730774521827698
0.5604511499404907,-0.4066535234451294,0.4051455855369568
0.5776797533035278,-0.45587730407714844,0.4321870803833008
0.5930936336517334,-0.500555157661438,0.45749223232269287
0.5990012884140015,-0.5349734425544739,0.4802960157394409
0.6082748174667358,-0.5567794442176819,0.5038278698921204
0.6258834004402161,-0.5681726932525635,0.5259450674057007
0.652800440788269,-0.5660547614097595,0.5504795908927917
0.6869184970855713,-0.5327090620994568,0.5638388395309448
0.7501004338264465,-0.4429718255996704,0.568797767162323
0.8368120789527893,-0.3354536294937134,0.5795283317565918
0.908989429473877,-0.2545906901359558,0.6024993062019348
0.9556639194488525,-0.23077964782714844,0.6437849402427673
0.9716468453407288,-0.2702562212944031,0.6794331669807434
0.9624741673469543,-0.3315885663032532,0.6807137727737427
0.9450122714042664,-0.35496091842651367,0.6486970782279968
0.9159786105155945,-0.340435266494751,0.6000466346740723
0.8954256176948547,-0.2813676595687866,0.5765714645385742
0.9125335812568665,-0.18451368808746338,0.600421667098999
0.9452138543128967,-0.09326374530792236,0.664307177066803
0.9424851536750793,-0.05751001834869385,0.7273204922676086
0.8961039185523987,-0.08047527074813843,0.7534933090209961
0.8451148867607117,-0.12812447547912598,0.7300904393196106
0.794098973274231,-0.16795766353607178,0.647265613079071
0.7335152626037598,-0.1981932520866394,0.5418018698692322
0.6633155941963196,-0.21159011125564575,0.4585822820663452
0.5888611674308777,-0.20780211687088013,0.414625883102417
0.5180404186248779,-0.17928653955459595,0.40894073247909546
0.4468029737472534,-0.1327911615371704,0.4312194585800171
0.37349456548690796,-0.07842880487442017,0.4640360474586487
0.306471049785614,-0.01699531078338623,0.4933098554611206
0.2513563632965088,0.045834898948669434,0.5169076919555664
0.20620977878570557,0.10440695285797119,0.5251146554946899
0.17362433671951294,0.16033226251602173,0.5130448937416077
0.1470450758934021,0.2092047929763794,0.4821796417236328
0.12497842311859131,0.25311774015426636,0.44251006841659546
0.10637015104293823,0.29139283299446106,0.40212732553482056
0.08665299415588379,0.3202962279319763,0.3616100549697876
0.06714814901351929,0.34588703513145447,0.3194178342819214
0.046053171157836914,0.37133723497390747,0.2786954641342163
0.01578766107559204,0.3883712589740753,0.24074625968933105
-0.022552192211151123,0.39962267875671387,0.20901823043823242
-0.06414711475372314,0.40827661752700806,0.18053507804870605
-0.10367518663406372,0.4175266921520233,0.1602877378463745
-0.14022862911224365,0.4248836040496826,0.1448960304260254
-0.1753549575805664,0.43000978231430054,0.1316562294960022
-0.20635437965393066,0.4310683310031891,0.11888396739959717
-0.23433542251586914,0.4329528212547302,0.10794883966445923
-0.26310259103775024,0.4319250285625458,0.09945154190063477
-0.29265064001083374,0.42267513275146484,0.09173375368118286
-0.32137537002563477,0.41070425510406494,0.0847550630569458
-0.35103052854537964,0.40051987767219543,0.07774549722671509
-0.379360556602478,0.3885999619960785,0.07091915607452393
-0.40580642223358154,0.3739060163497925,0.06706327199935913
-0.4300384521484375,0.3591342568397522,0.06342244148254395
-0.44687312841415405,0.34755411744117737,0.0659789964556694
-0.46383875608444214,0.33883172273635864,0.07250761985778809
-0.47929394245147705,0.3302156925201416,0.08243989944458008
-0.4964914321899414,0.32473066449165344,0.10132498294115067
-0.5160643458366394,0.32520586252212524,0.12438333034515381
-0.5331845879554749,0.3316669166088104,0.14730829000473022
-0.5446652173995972,0.3425458073616028,0.16891729831695557
-0.5516144633293152,0.35858193039894104,0.18737435340881348
-0.5463007688522339,0.37870341539382935,0.20442187786102295
-0.5286911129951477,0.3987921476364136,0.22023725509643555
-0.4926127791404724,0.4206681251525879,0.2272183895111084
-0.4256734848022461,0.4447796940803528,0.2229633927345276
-0.31830155849456787,0.4850309193134308,0.20749884843826294
-0.1967226266860962,0.5433686375617981,0.18560951948165894
-0.11715924739837646,0.5869169235229492,0.15481221675872803
-0.11088567972183228,0.5889986157417297,0.12189286947250366
-0.1527959108352661,0.5442678332328796,0.10389018058776855
-0.17722254991531372,0.5059391260147095,0.10589778423309326
-0.15094268321990967,0.5115048289299011,0.12987005710601807
-0.048890531063079834,0.5712109804153442,0.15091902017593384
0.07745981216430664,0.6688703894615173,0.1375412940979004
0.17256349325180054,0.7792370915412903,0.07149237394332886
0.2244415283203125,0.8803938627243042,0.0023664869368076324
0.21283632516860962,0.9234686493873596,-0.046702027320861816
0.12587231397628784,0.873894453048706,-0.06888413429260254
0.04094594717025757,0.7416976094245911,-0.03088963031768799
-0.010281383991241455,0.5732922554016113,0.0333101749420166
-0.05536627769470215,0.3947155475616455,0.0902550220489502
-0.10121673345565796,0.22784556448459625,0.13778112828731537
-0.13025540113449097,0.11344929039478302,0.14188110828399658
-0.1457310914993286,0.05935762822628021,0.09985946863889694
-0.14536917209625244,0.03521814942359924,0.046214714646339417
-0.12575870752334595,0.03427417576313019,-0.0032820701599121094
-0.1069898009300232,0.055505961179733276,-0.030531540513038635
-0.09906005859375,0.08347608149051666,-0.04354730248451233
-0.10985308885574341,0.10957346856594086,-0.0704975426197052
-0.1030815839767456,0.12003302574157715,-0.08728541433811188
-0.08795595169067383,0.1185293197631836,-0.07276415824890137
-0.06260192394256592,0.1086948812007904,-0.018800869584083557
-0.04341381788253784,0.08578822016716003,0.03788955509662628
-0.034709393978118896,0.06271538138389587,0.06114828586578369
-0.02780061960220337,0.05172821879386902,0.060521990060806274
-0.01994115114212036,0.057586491107940674,0.03388628363609314
0.013312697410583496,0.1143779456615448,-0.009948253631591797
0.017695844173431396,0.0775441825389862,-0.04463183879852295
-0.07237851619720459,-0.05051535367965698,-0.11164900660514832
-0.06277668476104736,-0.019400358200073242,-0.18129707872867584
-0.017605364322662354,0.0190640389919281,-0.22012078762054443
0.03641319274902344,0.010943114757537842,-0.22228440642356873
0.07650727033615112,-0.012754052877426147,-0.2060239017009735
0.10337287187576294,-0.03380891680717468,-0.16559389233589172
0.1252892017364502,-0.05521020293235779,-0.1150529682636261
0.1526448130607605,-0.08129674196243286,-0.06503298878669739
0.17398929595947266,-0.11520078778266907,-0.01673281192779541
0.18188399076461792,-0.1566501259803772,0.037020981311798096
0.1426740288734436,-0.20543396472930908,0.06728869676589966
0.09661507606506348,-0.24788302183151245,0.03447338938713074
0.12315583229064941,-0.25552165508270264,0.004868566989898682
0.11578798294067383,-0.2751028537750244,0.0064372718334198
0.1355268359184265,-0.3259391784667969,0.05745682120323181
0.18650656938552856,-0.3858231008052826,0.13962969183921814
0.26488423347473145,-0.44292837381362915,0.21758446097373962
0.35766321420669556,-0.49965378642082214,0.2898114025592804
0.45577049255371094,-0.5531914234161377,0.37398767471313477
0.5398390293121338,-0.6045525074005127,0.4540986716747284
0.6103566884994507,-0.6270022392272949,0.5187482833862305
0.6612682938575745,-0.6259697675704956,0.5685436725616455
0.699649453163147,-0.5987709760665894,0.6083964109420776
0.7063015699386597,-0.5320870876312256,0.6412464380264282
0.6975975632667542,-0.44912829995155334,0.6691684722900391
0.7316942811012268,-0.3744490444660187,0.7138129472732544
0.8141852617263794,-0.30360183119773865,0.7957029342651367
0.899507999420166,-0.25035256147384644,0.8894641399383545
0.9445472359657288,-0.19072559475898743,0.9560538530349731
0.9175460934638977,-0.10523462295532227,0.990115761756897
0.8832143545150757,-0.027489379048347473,1.0006272792816162
0.917332112789154,0.056915462017059326,0.9999046325683594
0.9208614230155945,0.17812925577163696,0.9812295436859131
0.8998122215270996,0.2910599708557129,0.9651579856872559
0.9390989542007446,0.32788047194480896,0.9857914447784424
0.9861860275268555,0.32416272163391113,1.024112582206726
1.0419642925262451,0.323144793510437,1.0699994564056396
1.0706456899642944,0.32547637820243835,1.0827282667160034
0.9631267189979553,0.33065134286880493,1.0387195348739624
0.7340341210365295,0.3698006868362427,0.9372161626815796
0.6210872530937195,0.42127713561058044,0.8458616733551025
0.6314585208892822,0.4318948984146118,0.8285094499588013
0.6499201059341431,0.4325743317604065,0.817765474319458
0.682269811630249,0.4435890316963196,0.7448692321777344
0.764083743095398,0.44712144136428833,0.6416926383972168
0.904792845249176,0.4338145852088928,0.5407027006149292
1.0006266832351685,0.4553918242454529,0.41238388419151306
1.0294461250305176,0.49681204557418823,0.2741304636001587
1.0542771816253662,0.5202381610870361,0.1607915163040161
1.0683233737945557,0.5232395529747009,0.06294845789670944
1.0741684436798096,0.5297122001647949,-0.014412760734558105
1.0183513164520264,0.5380861759185791,-0.06699049472808838
0.9132912158966064,0.5493590235710144,-0.1229637861251831
0.823606014251709,0.5613135695457458,-0.16585540771484375
0.7934058904647827,0.5515058040618896,-0.18179255723953247
0.8126395344734192,0.5275052189826965,-0.16700977087020874
0.8117024898529053,0.5320326089859009,-0.14875447750091553
0.7899359464645386,0.5516888499259949,-0.1159834936261177
0.7575756311416626,0.5845085382461548,-0.07536238431930542
0.7243596911430359,0.6288155913352966,-0.021534904837608337
0.6839268803596497,0.6747629046440125,0.05444468557834625
0.6200997233390808,0.7142698764801025,0.13752783834934235
0.5439007878303528,0.775921106338501,0.1927891969680786
0.43618714809417725,0.8690856099128723,0.24227793514728546
0.29133498668670654,0.9576689600944519,0.3223980665206909
0.12454643845558167,1.0120642185211182,0.4564792513847351
-0.02648194134235382,1.0602612495422363,0.5987585186958313
-0.11288522928953171,1.1251776218414307,0.7230942845344543
-0.17089906334877014,1.186936616897583,0.8194766044616699
-0.22208744287490845,1.2360360622406006,0.8799692392349243
-0.24863436818122864,1.2921714782714844,0.9176245331764221
-0.2649213373661041,1.3513295650482178,0.9393928647041321
-0.29406100511550903,1.4126203060150146,0.9624470472335815
-0.2975118160247803,1.4585072994232178,1.0012493133544922
-0.2750523090362549,1.4993305206298828,1.0405515432357788
-0.21866978704929352,1.5211668014526367,1.0914738178253174
-0.1322634071111679,1.5236029624938965,1.1399362087249756
-0.04571866989135742,1.522697925567627,1.1662983894348145
-0.0034478306770324707,1.5227277278900146,1.1841239929199219
-0.026729345321655273,1.5135239362716675,1.1917126178741455
-0.06652995944023132,1.4789775609970093,1.1895283460617065
-0.07139122486114502,1.4474105834960938,1.1628072261810303
-0.06602168083190918,1.4055317640304565,1.1244945526123047
-0.07224178314208984,1.3200856447219849,1.0870457887649536
-0.036844730377197266,1.2510544061660767,1.0890581607818604
0.004323780536651611,1.2047414779663086,1.136200189590454
0.037371933460235596,1.170691967010498,1.1925623416900635
0.07599931955337524,1.1813442707061768,1.2535316944122314
0.12117230892181396,1.221465826034546,1.3158490657806396
0.16108322143554688,1.2692464590072632,1.411794662475586
0.24936610460281372,1.3002691268920898,1.5156512260437012
0.45118552446365356,1.358332633972168,1.607346773147583
0.7320877909660339,1.3757243156433105,1.6132183074951172
1.0802091360092163,1.3553261756896973,1.4981656074523926
1.4233931303024292,1.3098335266113281,1.3088405132293701
1.7063449621200562,1.200149416923523,1.0830955505371094
1.8904213905334473,1.0838981866836548,0.8856687545776367
2.0657424926757812,0.9918712377548218,0.7859872579574585
2.18152117729187,1.0842640399932861,0.7993558645248413
2.211966037750244,1.1473337411880493,0.8788033723831177
2.30452036857605,1.3026387691497803,1.0246541500091553
2.4308900833129883,1.4993321895599365,1.1389305591583252
2.5384716987609863,1.6553045511245728,1.089906930923462
2.6192259788513184,1.7720675468444824,0.8465321063995361
2.580458402633667,1.8076531887054443,0.4445815682411194
2.5339272022247314,1.8068981170654297,0.08044499158859253
2.4717650413513184,1.768545389175415,-0.17843985557556152
2.319549560546875,1.720197081565857,-0.36715471744537354
2.172307014465332,1.7035694122314453,-0.4119936227798462
2.008323907852173,1.7178305387496948,-0.36705005168914795
1.8244885206222534,1.753983736038208,-0.3110652565956116
1.6585865020751953,1.8073594570159912,-0.2546849846839905
1.5076158046722412,1.8410820960998535,-0.24471580982208252
1.389037847518921,1.8521203994750977,-0.26754462718963623
1.2757965326309204,1.8438364267349243,-0.3637147545814514
1.153334617614746,1.8078229427337646,-0.5280096530914307
1.0600754022598267,1.7670270204544067,-0.6839903593063354
0.9684157967567444,1.7142117023468018,-0.8334949016571045
0.8695547580718994,1.6681488752365112,-0.9714652299880981
0.7741008996963501,1.638236165046692,-1.0707497596740723
0.6845685839653015,1.6053390502929688,-1.1380726099014282
0.6080904006958008,1.5746135711669922,-1.177870750427246
0.5401244759559631,1.5452220439910889,-1.1948965787887573
0.4875178635120392,1.5095354318618774,-1.1963627338409424
0.44683241844177246,1.4631686210632324,-1.1882729530334473
0.43007898330688477,1.4111254215240479,-1.1798409223556519
0.4328521490097046,1.350050449371338,-1.1691625118255615
0.45578065514564514,1.3007174730300903,-1.1726126670837402
0.48301517963409424,1.2628800868988037,-1.1859859228134155
0.5060577392578125,1.2186046838760376,-1.199697494506836
0.5275073647499084,1.1969579458236694,-1.224286437034607
0.5345133543014526,1.1999118328094482,-1.2469444274902344
0.5328876972198486,1.193925142288208,-1.2497096061706543
0.5497781038284302,1.192360758781433,-1.228367567062378
0.5754692554473877,1.1979880332946777,-1.208869457244873
0.6221969723701477,1.1834523677825928,-1.1717453002929688
0.6713898181915283,1.1419376134872437,-1.1095693111419678
0.7253785133361816,1.0980823040008545,-1.0276979207992554
0.7954886555671692,1.093376874923706,-0.9329097270965576
0.8795554637908936,1.1458557844161987,-0.8028275966644287
0.9788360595703125,1.2022531032562256,-0.6341714859008789
1.0654054880142212,1.1904430389404297,-0.40195441246032715
1.3184475898742676,1.2242604494094849,-0.07804274559020996
1.6353310346603394,1.2069205045700073,0.3404630422592163
2.0792694091796875,1.0777974128723145,0.6908626556396484
2.5622003078460693,0.9653674364089966,0.9022400379180908
2.8361282348632812,0.8472355604171753,1.0684890747070312
2.8550949096679688,0.6932538151741028,1.2899980545043945
2.6777548789978027,0.639582097530365,1.6093542575836182
2.442692279815674,0.7977859377861023,2.034719944000244
2.0385255813598633,1.0320758819580078,2.5196008682250977
1.6262741088867188,1.1081305742263794,3.00016713142395
1.4488000869750977,1.0775914192199707,3.3352158069610596
1.2260178327560425,1.0460070371627808,3.38472318649292
0.918373703956604,1.0153311491012573,3.1370017528533936
0.6482349634170532,1.0021278858184814,2.7538838386535645
0.3217206597328186,0.9712218046188354,2.381481409072876
0.00811082124710083,0.947625994682312,2.031430244445801
-0.1921600103378296,0.908980667591095,1.743504524230957
-0.26517540216445923,0.8710545301437378,1.493102788925171
-0.24740880727767944,0.8324568867683411,1.2594667673110962
-0.1757637858390808,0.8171685338020325,1.0169893503189087
-0.204365074634552,0.8131237626075745,0.8018010854721069
-0.3841642737388611,0.8223549127578735,0.6665151119232178
-0.4696779251098633,0.8342031240463257,0.6181743741035461
-0.4847855567932129,0.8495770692825317,0.5932812094688416
-0.5227584838867188,0.8904116749763489,0.5616084933280945
-0.601219892501831,0.9377073049545288,0.550203800201416
-0.7072240710258484,0.9840193390846252,0.5586626529693604
-0.8155401349067688,1.0348966121673584,0.5764411687850952
-0.9002512097358704,1.115745186805725,0.577977180480957
-0.9551066756248474,1.2103493213653564,0.5728285908699036
-0.9990346431732178,1.3001024723052979,0.5728445053100586
-1.0288825035095215,1.3789087533950806,0.5846550464630127
-1.0220108032226562,1.4705331325531006,0.6103129386901855
-1.0382375717163086,1.5665050745010376,0.6470116972923279
-1.0694704055786133,1.671196460723877,0.6764967441558838
-1.0937283039093018,1.7568819522857666,0.7016616463661194
-1.1200135946273804,1.8169748783111572,0.7016216516494751
-1.1408032178878784,1.863132119178772,0.6732776165008545
-1.1604516506195068,1.8905421495437622,0.633946418762207
-1.1593365669250488,1.895354986190796,0.6042094826698303
-1.117759108543396,1.8751460313796997,0.5922186374664307
-0.9970753788948059,1.8657453060150146,0.5946816205978394
-0.7746443748474121,1.8596330881118774,0.6136921048164368
-0.4869595766067505,1.8622288703918457,0.6220434308052063
-0.1752859354019165,1.8627506494522095,0.6314318776130676
0.15236103534698486,1.8281874656677246,0.6876118183135986
0.4902592897415161,1.7989493608474731,0.7882029414176941
0.8186915516853333,1.7711189985275269,0.9103766083717346
1.1306569576263428,1.7151414155960083,1.058032512664795
1.4968006610870361,1.6718852519989014,1.2044621706008911
1.8424575328826904,1.5786592960357666,1.3044577836990356
2.1436829566955566,1.3610844612121582,1.3646173477172852
2.347989559173584,1.1525779962539673,1.388303518295288
2.4189529418945312,1.0323532819747925,1.288739800453186
2.4049880504608154,1.018327236175537,0.986547589302063
2.3247528076171875,0.9999790787696838,0.5567749738693237
2.2603840827941895,0.9831240177154541,0.16843962669372559
2.2273550033569336,0.9943565726280212,-0.16177451610565186
2.191746473312378,1.0012872219085693,-0.4402821362018585
2.1924893856048584,1.033439040184021,-0.6540398597717285
2.1697163581848145,1.0761313438415527,-0.7726328372955322
2.0797340869903564,1.0507471561431885,-0.7728245854377747
1.9965498447418213,1.0427641868591309,-0.6796771287918091
1.880631923675537,1.093794584274292,-0.5474638938903809
1.7304482460021973,1.163651943206787,-0.45807063579559326
1.5722668170928955,1.2593162059783936,-0.42391061782836914
1.4135396480560303,1.3699116706848145,-0.40092796087265015
1.2792186737060547,1.492994785308838,-0.39625847339630127
1.1713004112243652,1.6007578372955322,-0.41611266136169434
1.0685027837753296,1.6705293655395508,-0.4930679202079773
0.9815531373023987,1.6916124820709229,-0.6043972373008728
0.9388046264648438,1.6778130531311035,-0.7095913887023926
0.9020129442214966,1.63843834400177,-0.822888970375061
0.8525300025939941,1.5804353952407837,-0.9450958967208862
0.7933915853500366,1.5206611156463623,-1.063262939453125
0.7358081936836243,1.4568573236465454,-1.1545182466506958
0.6999245882034302,1.401037335395813,-1.2254518270492554
0.667142927646637,1.3643463850021362,-1.2877432107925415
0.614940345287323,1.3263769149780273,-1.3491523265838623
0.5732570290565491,1.2879302501678467,-1.3817191123962402
0.5210663080215454,1.2391314506530762,-1.396575927734375
0.47786271572113037,1.179438591003418,-1.3882403373718262
0.47667232155799866,1.1100237369537354,-1.3239901065826416
0.4894031584262848,1.0298415422439575,-1.262851357460022
0.49096986651420593,0.9665471315383911,-1.2405462265014648
0.4791368246078491,0.9140594005584717,-1.2445416450500488
0.455819696187973,0.8634008169174194,-1.256539225578308
0.42562445998191833,0.8183079361915588,-1.2669589519500732
0.4045613408088684,0.7681599855422974,-1.2716922760009766
0.4023868143558502,0.7054554224014282,-1.2567819356918335
0.40782445669174194,0.6499818563461304,-1.217026948928833
0.4115804135799408,0.6269781589508057,-1.171761393547058
0.44447097182273865,0.6149005889892578,-1.10580575466156
0.5271749496459961,0.622785747051239,-0.9802532196044922
0.6357021927833557,0.6841588020324707,-0.7986962199211121
0.725077748298645,0.7906904816627502,-0.5984841585159302
0.8471282124519348,0.9368269443511963,-0.4004446268081665
1.0009077787399292,1.092387318611145,-0.16440808773040771
1.1446566581726074,1.2579376697540283,0.10341745615005493
1.1500275135040283,1.3322839736938477,0.3594353199005127
1.1541168689727783,1.2475143671035767,0.5919233560562134
1.2636158466339111,1.1313618421554565,0.8434303998947144
1.4852567911148071,0.9867342114448547,1.1283025741577148
1.6625645160675049,0.8735923767089844,1.437204360961914
1.6700770854949951,0.7949500679969788,1.77699875831604
1.5555920600891113,0.7160631418228149,2.1696219444274902
1.375248908996582,0.6750141382217407,2.5044102668762207
1.1456304788589478,0.6759499907493591,2.6957943439483643
0.9613693952560425,0.6335127353668213,2.7523250579833984
0.9497103095054626,0.5777283906936646,2.7102713584899902
0.8781080842018127,0.5374999046325684,2.5644378662109375
0.6462114453315735,0.5175601243972778,2.303802013397217
0.39317768812179565,0.526950478553772,2.027392864227295
0.11808645725250244,0.5220564603805542,1.7845134735107422
-0.049580276012420654,0.49398165941238403,1.571458101272583
-0.05921560525894165,0.4680297076702118,1.354239821434021
-0.01477271318435669,0.45889589190483093,1.1141068935394287
0.03342771530151367,0.4533867835998535,0.9018238186836243
0.0925983190536499,0.4740201234817505,0.7402122020721436
0.05824744701385498,0.5086759328842163,0.6578412652015686
-0.05853867530822754,0.5641871690750122,0.6507189869880676
-0.15546256303787231,0.6442097425460815,0.6742382645606995
-0.22557049989700317,0.7258294820785522,0.6769566535949707
-0.30915963649749756,0.8270427584648132,0.6302073001861572
-0.45263129472732544,0.9353750348091125,0.5625414252281189
-0.6674947142601013,1.0166778564453125,0.5083972215652466
-0.9150070548057556,1.0851681232452393,0.4656714200973511
-1.124252438545227,1.146711826324463,0.4312962591648102
-1.2250198125839233,1.183018445968628,0.4263397455215454
-1.2419657707214355,1.2115082740783691,0.45427703857421875
-1.240246057510376,1.274688959121704,0.5142796635627747
-1.2195680141448975,1.3587164878845215,0.6211350560188293
-1.193967342376709,1.422321081161499,0.754214882850647
-1.210191249847412,1.5033056735992432,0.8252032399177551
-1.2319703102111816,1.5667715072631836,0.8152321577072144
-1.2677452564239502,1.5997594594955444,0.7283229827880859
-1.3133902549743652,1.5995101928710938,0.6230453252792358
-1.3072199821472168,1.5431654453277588,0.54254549741745
-1.1851518154144287,1.4792671203613281,0.5032899975776672
-0.9604548811912537,1.442885398864746,0.504979133605957
-0.6407892107963562,1.4208985567092896,0.5366625189781189
-0.2651329040527344,1.3868992328643799,0.6243704557418823
0.1423143744468689,1.3260825872421265,0.7851336002349854
0.5284066796302795,1.2599811553955078,0.9968987107276917
0.8654146790504456,1.1889615058898926,1.2350332736968994
1.2139532566070557,1.1492500305175781,1.473643183708191
1.5416548252105713,1.130598545074463,1.6272343397140503
1.7865606546401978,1.0609667301177979,1.6818581819534302
2.006338119506836,0.9626136422157288,1.697754979133606
2.2185332775115967,0.8936971426010132,1.6185437440872192
2.381664991378784,0.8429245948791504,1.3805806636810303
2.43078875541687,0.7852919697761536,1.0028282403945923
2.407820701599121,0.7038911581039429,0.6579002141952515
2.3967125415802,0.6785929203033447,0.3863248825073242
2.4021036624908447,0.7409425377845764,0.08864125609397888
2.409125804901123,0.7806442379951477,-0.24871349334716797
2.4076080322265625,0.7737179398536682,-0.5930762887001038
2.385955333709717,0.763816237449646,-0.8685563802719116
2.3462769985198975,0.7355770468711853,-0.9746076464653015
2.2312965393066406,0.7284030914306641,-0.9278979301452637
2.116905927658081,0.7958444356918335,-0.8315284848213196
1.972731351852417,0.9279693365097046,-0.734838604927063
1.7812743186950684,1.087190866470337,-0.6736493706703186
1.5936027765274048,1.2250566482543945,-0.6091558933258057
1.4210559129714966,1.3241794109344482,-0.5502609014511108
1.2805099487304688,1.422746181488037,-0.5490880012512207
1.1535805463790894,1.4978293180465698,-0.594051718711853
1.041940450668335,1.5242522954940796,-0.6824104189872742
0.9357961416244507,1.51606285572052,-0.808189332485199
0.8240540623664856,1.49785315990448,-0.9385128617286682
0.7350894808769226,1.4942554235458374,-1.052978277206421
0.6806793212890625,1.4774771928787231,-1.1215183734893799
0.6464756727218628,1.4715218544006348,-1.1563141345977783
0.6008345484733582,1.4899033308029175,-1.1839890480041504
0.5316590070724487,1.5219743251800537,-1.2149388790130615
0.47904062271118164,1.537688970565796,-1.2313556671142578
0.43648940324783325,1.5215086936950684,-1.2293298244476318
0.40114715695381165,1.4938654899597168,-1.2244901657104492
0.3852730989456177,1.4720070362091064,-1.2266396284103394
0.3784327507019043,1.4454803466796875,-1.2370802164077759
0.3709375858306885,1.4036084413528442,-1.2489535808563232
0.3661872148513794,1.3525054454803467,-1.2741641998291016
0.3806350827217102,1.3021384477615356,-1.292968988418579
0.4104599952697754,1.250298261642456,-1.2992956638336182
0.4503704905509949,1.2032363414764404,-1.3022819757461548
0.4843042194843292,1.159742832183838,-1.312084436416626
0.49643850326538086,1.113543152809143,-1.3392672538757324
0.5070637464523315,1.0676302909851074,-1.3783063888549805
0.527248740196228,1.0258870124816895,-1.4106206893920898
0.5676555633544922,0.9814134836196899,-1.432452917098999
0.6175749897956848,0.9555224776268005,-1.4236235618591309
0.6680796146392822,0.9859131574630737,-1.371947169303894
0.7107177376747131,1.066624641418457,-1.2510451078414917
0.7621736526489258,1.162284255027771,-1.030476689338684
0.9321975111961365,1.251442313194275,-0.7329035997390747
1.1872692108154297,1.332718849182129,-0.3389269709587097
1.4131611585617065,1.4240615367889404,0.09903138875961304
1.6672669649124146,1.4930074214935303,0.5050566792488098
1.8311145305633545,1.5143167972564697,0.7887257933616638
1.9385693073272705,1.4964702129364014,0.9725728631019592
2.139430284500122,1.4790828227996826,1.2719297409057617
2.3203539848327637,1.5186269283294678,1.7669727802276611
2.210690975189209,1.5545368194580078,2.4756689071655273
1.8454129695892334,1.537440299987793,3.245914936065674
1.348259687423706,1.50880765914917,3.8595359325408936
0.8357658982276917,1.4224538803100586,4.14379358291626
0.565413236618042,1.2744319438934326,4.022866725921631
0.5023917555809021,1.134811282157898,3.543891429901123
0.602177619934082,1.0087547302246094,2.8914976119995117
0.5650734901428223,0.9054192304611206,2.313580274581909
0.5455923080444336,0.8343364000320435,1.9022493362426758
0.4317178726196289,0.7865315675735474,1.6627449989318848
0.22979015111923218,0.7726946473121643,1.5786232948303223
0.10588085651397705,0.7967560887336731,1.6026928424835205
0.05844217538833618,0.8431327939033508,1.6290560960769653
0.05645173788070679,0.9072147011756897,1.6007822751998901
0.07914268970489502,0.99200439453125,1.505525827407837
0.08139586448669434,1.1164219379425049,1.3970351219177246
0.0454564094543457,1.2740739583969116,1.2933378219604492
-0.022495388984680176,1.4346837997436523,1.1653414964675903
-0.11926215887069702,1.577260971069336,0.9860735535621643
-0.26870495080947876,1.6920816898345947,0.7590579390525818
-0.4505597949028015,1.7541614770889282,0.5629307627677917
-0.6568049788475037,1.7555937767028809,0.42438551783561707
-0.8728392124176025,1.7171285152435303,0.35260796546936035
-1.0552709102630615,1.6513416767120361,0.35816287994384766
-1.152228593826294,1.5868992805480957,0.40650153160095215
-1.1838548183441162,1.54052734375,0.45125579833984375
-1.173227071762085,1.4863643646240234,0.4907703995704651
-1.123828649520874,1.4417325258255005,0.5374425053596497
-1.071778416633606,1.4046895503997803,0.5915670394897461
-1.0412309169769287,1.3527824878692627,0.6357811689376831
-1.0265312194824219,1.2889561653137207,0.6765700578689575
-1.0267661809921265,1.2445722818374634,0.7313412427902222
-1.0348179340362549,1.2304720878601074,0.7932247519493103
-1.0313924551010132,1.2021327018737793,0.8770451545715332
-1.0186405181884766,1.1638164520263672,0.9584404230117798
-0.9898616671562195,1.156752586364746,1.0057480335235596
-0.919298529624939,1.1567718982696533,1.0126850605010986
-0.8284761905670166,1.123816728591919,0.9915982484817505
-0.713744044303894,1.079257607460022,0.9646138548851013
-0.5786522030830383,1.033843755722046,0.953262448310852
-0.42702603340148926,0.9804739952087402,0.9801697134971619
-0.21524310111999512,0.937890887260437,1.0352318286895752
0.04578512907028198,0.8967721462249756,1.106471300125122
0.35109782218933105,0.8421511650085449,1.1858583688735962
0.7249901294708252,0.8182054162025452,1.2690505981445312
1.1904819011688232,0.8219776153564453,1.3378416299819946
1.7616376876831055,0.8235063552856445,1.3686556816101074
2.3847439289093018,0.804702639579773,1.3862807750701904
3.0759787559509277,0.7602378726005554,1.3844982385635376
3.737168550491333,0.757216215133667,1.2432047128677368
4.099428653717041,0.7526625990867615,0.9698030352592468
4.097893238067627,0.7356535792350769,0.7325388193130493
3.836151361465454,0.8378552198410034,0.7317401170730591
3.430164098739624,1.0914313793182373,0.8150134086608887
3.005628824234009,1.3803260326385498,0.8054429292678833
2.651897430419922,1.6465294361114502,0.6354969143867493
2.390871047973633,1.7786465883255005,0.29643282294273376
2.177664279937744,1.7480559349060059,-0.14694273471832275
2.0321760177612305,1.6998910903930664,-0.6200011968612671
1.8754383325576782,1.6758732795715332,-1.0385758876800537
1.6628329753875732,1.6135988235473633,-1.3377420902252197
1.456329345703125,1.5193980932235718,-1.521500587463379
1.301201343536377,1.4235215187072754,-1.5783056020736694
1.1810882091522217,1.3521476984024048,-1.5250394344329834
1.1007826328277588,1.292539119720459,-1.3866651058197021
1.0323553085327148,1.2554194927215576,-1.2250983715057373
0.9764539003372192,1.235968828201294,-1.0678255558013916
0.976581335067749,1.21412992477417,-0.9218107461929321
0.962160050868988,1.2110710144042969,-0.8554054498672485
0.8997325897216797,1.255976915359497,-0.8961899876594543
0.8093447685241699,1.3024966716766357,-0.9990202188491821
0.7173084020614624,1.3256759643554688,-1.1169147491455078
0.6536026000976562,1.3414332866668701,-1.2186663150787354
0.5873545408248901,1.3522844314575195,-1.3068363666534424
0.5200093984603882,1.353134274482727,-1.3682548999786377
0.46679580211639404,1.3391811847686768,-1.3839948177337646
0.4321972131729126,1.3035244941711426,-1.3636794090270996
0.41287487745285034,1.2608728408813477,-1.3186626434326172
0.4061431884765625,1.215270757675171,-1.2593953609466553
0.4192075729370117,1.1591598987579346,-1.1964688301086426
0.45559632778167725,1.096537470817566,-1.1473267078399658
0.4943868815898895,1.0530731678009033,-1.1205211877822876
0.5291645526885986,1.0191810131072998,-1.1074848175048828
0.5576002597808838,0.9869690537452698,-1.1004130840301514
0.5873342752456665,0.9677160978317261,-1.108407735824585
0.6181627511978149,0.97292160987854,-1.1266145706176758
0.6601991653442383,0.9834460020065308,-1.127915859222412
0.7156549096107483,0.9843946695327759,-1.1035494804382324
0.766732931137085,0.9765810966491699,-1.0743663311004639
0.8246430158615112,0.9650250673294067,-1.0342636108398438
0.8858326077461243,0.9462854862213135,-0.9777778387069702
1.0118064880371094,0.962302029132843,-0.9066975712776184
1.1420929431915283,1.015181064605713,-0.8242912292480469
1.2869395017623901,1.1023874282836914,-0.7174117565155029
1.483359932899475,1.2186062335968018,-0.5414003133773804
1.7130591869354248,1.4005022048950195,-0.28948354721069336
1.909858226776123,1.6148748397827148,0.036198318004608154
2.0849714279174805,1.769322395324707,0.4129939675331116
2.2376513481140137,1.872789740562439,0.8625253438949585
2.1785788536071777,1.9695875644683838,1.4716625213623047
1.9631798267364502,1.8934842348098755,2.1821649074554443
1.795741319656372,1.6863844394683838,2.897561550140381
1.5501747131347656,1.4761321544647217,3.515157461166382
1.2004992961883545,1.3033162355422974,3.862894296646118
0.9013871550559998,1.16014564037323,3.820467948913574
0.6014305353164673,1.0721426010131836,3.485999345779419
0.35848599672317505,0.96974116563797,3.031545639038086
0.24448269605636597,0.806145966053009,2.568239688873291
0.2664613127708435,0.6544762849807739,2.1817688941955566
0.3878054618835449,0.5320406556129456,1.8905208110809326
0.43308597803115845,0.45481207966804504,1.6962676048278809
0.34620118141174316,0.42470231652259827,1.6155296564102173
0.17782062292099,0.42497241497039795,1.6448049545288086
0.09000605344772339,0.4667224586009979,1.7355618476867676
0.08586370944976807,0.54754638671875,1.8339941501617432
0.0996132493019104,0.6786829233169556,1.8847657442092896
0.10426396131515503,0.8618738651275635,1.846412181854248
0.11341303586959839,1.0772074460983276,1.7370696067810059
0.12761133909225464,1.2911834716796875,1.6022071838378906
0.1254870891571045,1.48203444480896,1.4298732280731201
0.02619403600692749,1.6519793272018433,1.2031605243682861
-0.15671074390411377,1.768332600593567,0.9689134359359741
-0.37843745946884155,1.797370195388794,0.7696282863616943
-0.6089670658111572,1.7891567945480347,0.6079405546188354
-0.8172591328620911,1.7555700540542603,0.5254849195480347
-0.9700813889503479,1.684194803237915,0.5535043478012085
-1.0266989469528198,1.61850106716156,0.6331651210784912
-1.0300095081329346,1.5822498798370361,0.6960054636001587
-1.0337680578231812,1.559037208557129,0.7478721737861633
-1.0541715621948242,1.529022216796875,0.8040353059768677
-1.0644663572311401,1.512569785118103,0.8406766653060913
-1.0756447315216064,1.4932525157928467,0.8463330864906311
-1.1063324213027954,1.459355354309082,0.877483069896698
-1.1261433362960815,1.4249565601348877,0.9643133878707886
-1.1104071140289307,1.3780062198638916,1.0401991605758667
-1.0948278903961182,1.3237183094024658,1.043262243270874
-1.0506012439727783,1.270232081413269,1.0021876096725464
-0.9073687195777893,1.175525188446045,0.9487071633338928
-0.7127067446708679,1.0552759170532227,0.9132532477378845
-0.4983111619949341,0.9217796325683594,0.927986204624176
-0.27314847707748413,0.7424300909042358,0.996570885181427
-0.06746464967727661,0.5938082933425903,1.0882047414779663
0.12216079235076904,0.45658427476882935,1.1621474027633667
0.2499561309814453,0.3286123275756836,1.22208571434021
0.3197736144065857,0.25876885652542114,1.2786493301391602
0.3490769863128662,0.2627526521682739,1.3094797134399414
0.3591492772102356,0.3030797839164734,1.2810170650482178
0.37388789653778076,0.400543212890625,1.219240665435791
0.42135089635849,0.536185622215271,1.1735866069793701
0.5093916654586792,0.6822811961174011,1.132981300354004
0.6749030351638794,0.7963252067565918,1.1198639869689941
0.9410715103149414,0.8459858894348145,1.1224898099899292
1.2381293773651123,0.8456906676292419,1.0554417371749878
1.5233185291290283,0.8013564944267273,0.9180924296379089
1.823528528213501,0.7467229962348938,0.7419447898864746
2.1329681873321533,0.7231064438819885,0.5771003365516663
2.4027938842773438,0.7769649624824524,0.47705507278442383
2.5795371532440186,0.9203997850418091,0.41906654834747314
2.6470181941986084,1.1435635089874268,0.3338416814804077
2.6487112045288086,1.3731250762939453,0.18510912358760834
2.5816261768341064,1.6462584733963013,-0.013780325651168823
2.457362413406372,1.790527105331421,-0.3067097067832947
2.3732752799987793,1.843900442123413,-0.567645788192749
2.2973575592041016,1.8574957847595215,-0.822087824344635
2.2086660861968994,1.8027726411819458,-1.0582170486450195
2.1037702560424805,1.6864808797836304,-1.2510294914245605
2.0193824768066406,1.562251091003418,-1.3522111177444458
1.8793693780899048,1.486405849456787,-1.3974719047546387
1.6813373565673828,1.5318671464920044,-1.4198206663131714
1.4823352098464966,1.5575675964355469,-1.3578009605407715
1.303408145904541,1.5536470413208008,-1.2110068798065186
1.1629291772842407,1.56819486618042,-1.039137601852417
1.0616055727005005,1.5600248575210571,-0.8744168877601624
0.977091908454895,1.5154985189437866,-0.7472646832466125
0.9126834273338318,1.465052843093872,-0.6679602265357971
0.8485524654388428,1.452199935913086,-0.6514677405357361
0.7827979922294617,1.4801099300384521,-0.6960480213165283
0.7228946089744568,1.5283887386322021,-0.7672990560531616
0.6456847190856934,1.5651123523712158,-0.8677215576171875
0.558103084564209,1.5855343341827393,-0.9736834764480591
0.47265544533729553,1.5957505702972412,-1.077871322631836
0.4054485559463501,1.5994393825531006,-1.162636160850525
0.33311381936073303,1.5897305011749268,-1.2247297763824463
0.2611161470413208,1.5370347499847412,-1.264918565750122
0.23408997058868408,1.4470107555389404,-1.2644290924072266
0.23861107230186462,1.3540170192718506,-1.22478187084198
0.2457619160413742,1.264087200164795,-1.1788625717163086
0.26751482486724854,1.1667981147766113,-1.1258950233459473
0.3167726397514343,1.0755945444107056,-1.0786702632904053
0.36945104598999023,0.9974892139434814,-1.0499547719955444
0.40304362773895264,0.9398096799850464,-1.0385534763336182
0.4302748739719391,0.9241247773170471,-1.0282195806503296
0.4575311243534088,0.9336742162704468,-1.0026319026947021
0.5055462718009949,0.9452463984489441,-0.974327027797699
0.5290737152099609,0.939175009727478,-0.8922687768936157
0.5866296887397766,0.9328344464302063,-0.7429423332214355
0.649362325668335,0.9330997467041016,-0.573212742805481
0.687557578086853,0.9100893139839172,-0.39664018154144287
0.7452324032783508,0.872050404548645,-0.21613001823425293
0.8136609196662903,0.8458731174468994,-0.03912621736526489
0.8739992380142212,0.8127849102020264,0.13371789455413818
0.9401559829711914,0.7572555541992188,0.30042600631713867
1.0209994316101074,0.6950976252555847,0.46520519256591797
1.1731665134429932,0.6748572587966919,0.6507746577262878
1.3139528036117554,0.6656755805015564,0.9184910655021667
1.349661946296692,0.6405206918716431,1.2327033281326294
1.275453805923462,0.6637357473373413,1.5666779279708862
1.063597559928894,0.6926941871643066,1.938495397567749
0.8401414752006531,0.6881893873214722,2.3297505378723145
0.7035140991210938,0.6297112703323364,2.7189390659332275
0.6513163447380066,0.5715033411979675,2.9801437854766846
0.5719602108001709,0.5717892646789551,3.037369728088379
0.5091566443443298,0.6069311499595642,2.9311439990997314
0.41983723640441895,0.6651118397712708,2.799825668334961
0.28179144859313965,0.7195395231246948,2.639864444732666
0.16602683067321777,0.7751590609550476,2.418673038482666
0.09844142198562622,0.8115389943122864,2.1747496128082275
0.08583855628967285,0.8472951650619507,1.9630446434020996
0.10944175720214844,0.9007492065429688,1.7894563674926758
0.059066712856292725,0.9774774312973022,1.620849370956421
-0.12852376699447632,1.0796918869018555,1.452221393585205
-0.3354623317718506,1.1740798950195312,1.2879061698913574
-0.49276232719421387,1.232102632522583,1.1109857559204102
-0.6396034955978394,1.2525742053985596,0.9059385657310486
-0.7651298642158508,1.2505799531936646,0.6888284683227539
-0.8636833429336548,1.2275416851043701,0.5196044445037842
-0.9344511032104492,1.1783645153045654,0.4175783395767212
-0.9960169792175293,1.1334524154663086,0.36616480350494385
-1.0163822174072266,1.0984766483306885,0.37522757053375244
-1.0052778720855713,1.070892572402954,0.4387708902359009
-1.0016505718231201,1.0366313457489014,0.5157523155212402
-0.9934030771255493,1.0236587524414062,0.5676783919334412
-0.9662665128707886,1.000943660736084,0.6088367104530334
-0.9355056285858154,0.9781460762023926,0.6283189654350281
-0.9388061761856079,0.9652704000473022,0.644517719745636
-0.9490357637405396,0.9412478804588318,0.7047362923622131
-0.9474917650222778,0.9067338109016418,0.7992468476295471
-0.9385018348693848,0.8815717101097107,0.8805103898048401
-0.9353907108306885,0.875088095664978,0.9107819199562073
-0.956929624080658,0.8569628596305847,0.9101895689964294
-0.9611061215400696,0.823546290397644,0.8797168731689453
-0.8978427648544312,0.7796801924705505,0.8281294107437134
-0.8028028011322021,0.7203104496002197,0.7827647924423218
-0.6971057057380676,0.649685263633728,0.7308720946311951
-0.5688241720199585,0.5626800656318665,0.7089676856994629
-0.4363870620727539,0.4711790084838867,0.7425886988639832
-0.29432380199432373,0.39800259470939636,0.8120677471160889
-0.16735708713531494,0.33432549238204956,0.8907503485679626
-0.07399106025695801,0.2744509279727936,0.9577761888504028
-0.007560312747955322,0.23996403813362122,1.0085477828979492
0.047078073024749756,0.23264238238334656,1.0282769203186035
0.18803060054779053,0.20914596319198608,1.0097415447235107
0.5041922926902771,0.1389877200126648,0.957129716873169
0.9147127270698547,-0.012342333793640137,0.8811752796173096
1.3117105960845947,-0.1717839241027832,0.7206219434738159
1.6373653411865234,-0.25381797552108765,0.4381120502948761
1.8626149892807007,-0.2620648145675659,0.1338847279548645
1.9921059608459473,-0.23973292112350464,-0.0796755850315094
2.0361509323120117,-0.22149068117141724,-0.1967938393354416
2.1903977394104004,-0.26878830790519714,-0.16591042280197144
2.3265740871429443,-0.33636000752449036,-0.12054038047790527
2.2172443866729736,-0.2701650857925415,-0.23975934088230133
1.9557249546051025,-0.10958707332611084,-0.460267037153244
1.590463399887085,-0.0072255730628967285,-0.6816486120223999
1.3101868629455566,-0.054694682359695435,-0.7241133451461792
1.2213613986968994,-0.1772232949733734,-0.5735327005386353
1.27797532081604,-0.29639601707458496,-0.4534607529640198
1.4296597242355347,-0.4100925624370575,-0.41784656047821045
1.5976927280426025,-0.4723670780658722,-0.44862234592437744
1.7128020524978638,-0.4512043297290802,-0.49148160219192505
1.7091552019119263,-0.3585382401943207,-0.5006106495857239
1.5876224040985107,-0.2097187638282776,-0.5391286015510559
1.3583991527557373,-0.030529215931892395,-0.6121761202812195
1.108135461807251,0.10013830661773682,-0.6403522491455078
0.8766430020332336,0.18063797056674957,-0.6132184863090515
0.6722606420516968,0.20167480409145355,-0.5555807948112488
0.49854302406311035,0.20358732342720032,-0.49681270122528076
0.36708715558052063,0.20527759194374084,-0.46514713764190674
0.2534940540790558,0.21197372674942017,-0.47086966037750244
0.1242709755897522,0.22567439079284668,-0.4915294647216797
0.021198928356170654,0.23307329416275024,-0.5252993702888489
-0.03721228241920471,0.2401435673236847,-0.5255671739578247
-0.08134302496910095,0.2415311634540558,-0.4920589327812195
-0.10572656989097595,0.2260209619998932,-0.46589696407318115
-0.11657273769378662,0.22302788496017456,-0.45440685749053955
-0.11642923951148987,0.21269917488098145,-0.45108556747436523
-0.1252257227897644,0.1957404911518097,-0.4517541527748108
-0.13194073736667633,0.19844743609428406,-0.4618977904319763
-0.14859017729759216,0.2109888792037964,-0.4744051694869995
-0.17318888008594513,0.2197510004043579,-0.475705087184906
-0.20888027548789978,0.20773380994796753,-0.46025311946868896
-0.23356691002845764,0.19396281242370605,-0.4388144016265869
-0.2521422207355499,0.19617223739624023,-0.4136001467704773
-0.25117629766464233,0.18903619050979614,-0.3873075842857361
-0.24571575224399567,0.17051196098327637,-0.3770486116409302
-0.24594096839427948,0.1397354006767273,-0.3829768896102905
-0.22704368829727173,0.10471031069755554,-0.4039871096611023
-0.1935988813638687,0.07275494933128357,-0.4296908378601074
-0.14716166257858276,0.036564528942108154,-0.4336749315261841
-0.09794381260871887,0.004269659519195557,-0.42657268047332764
-0.05959644913673401,-0.01287776231765747,-0.41285812854766846
-0.05748622119426727,-0.01918378472328186,-0.3816562294960022
-0.08590647578239441,-0.0301363468170166,-0.3347160816192627
-0.12512332201004028,-0.03505849838256836,-0.274772047996521
-0.1564139872789383,-0.04067179560661316,-0.2113116979598999
-0.1792384535074234,-0.046855419874191284,-0.15672039985656738
-0.20174649357795715,-0.04724377393722534,-0.12784111499786377
-0.20831678807735443,-0.05093082785606384,-0.12568801641464233
-0.1840641349554062,-0.06487461924552917,-0.13932287693023682
-0.15767791867256165,-0.0748116672039032,-0.1573246717453003
-0.15719081461429596,-0.08007526397705078,-0.17438018321990967
-0.1772906631231308,-0.07874879240989685,-0.16996252536773682
-0.20568610727787018,-0.08107233047485352,-0.12853431701660156
-0.2268228679895401,-0.09426501393318176,-0.08784711360931396
-0.24323198199272156,-0.09831681847572327,-0.0745198130607605
-0.23756983876228333,-0.11150971055030823,-0.0688636302947998
-0.2033710777759552,-0.1414516568183899,-0.06284725666046143
-0.1458243429660797,-0.16867077350616455,-0.052289724349975586
-0.09163355827331543,-0.1829303503036499,-0.04614311456680298
-0.061363041400909424,-0.20421016216278076,-0.04224371910095215
-0.04904398322105408,-0.225319504737854,-0.04083657264709473
-0.040522366762161255,-0.2347499132156372,-0.04524791240692139
-0.045526862144470215,-0.24938365817070007,-0.047089338302612305
-0.029259800910949707,-0.2700534760951996,-0.04196804761886597
0.0038734376430511475,-0.2882501184940338,-0.021000981330871582
0.021735727787017822,-0.30062955617904663,0.0075217485427856445
0.02276790142059326,-0.3050573766231537,0.020816445350646973
0.005821019411087036,-0.30342885851860046,0.008812308311462402
-0.018358051776885986,-0.30424773693084717,-0.018806636333465576
-0.033970773220062256,-0.3075641691684723,-0.03748881816864014
-0.022685706615447998,-0.3172234296798706,-0.04366719722747803
0.008785754442214966,-0.3317129909992218,-0.04414498805999756
0.030124783515930176,-0.34851324558258057,-0.0549701452255249
0.03216704726219177,-0.3500843048095703,-0.07097423076629639
0.016246676445007324,-0.3457310199737549,-0.0911715030670166
-0.009737908840179443,-0.33398449420928955,-0.1059197187423706
-0.02357044816017151,-0.32045266032218933,-0.09748512506484985
-0.03483477234840393,-0.31533434987068176,-0.07648789882659912
-0.05821064114570618,-0.3076396584510803,-0.0625448226928711
-0.07866057753562927,-0.3010246455669403,-0.05815690755844116
-0.08428734540939331,-0.2974308431148529,-0.0687287449836731
-0.08012628555297852,-0.2971116006374359,-0.08892011642456055
-0.07573065161705017,-0.2976929247379303,-0.10544919967651367
-0.08373254537582397,-0.2886910140514374,-0.11986565589904785
-0.1046285629272461,-0.2746431827545166,-0.1241225004196167
-0.11463737487792969,-0.2648408114910126,-0.11245614290237427
-0.11739426851272583,-0.2539933919906616,-0.09019500017166138
-0.12463438510894775,-0.2474650740623474,-0.06813907623291016
-0.13135570287704468,-0.2446075677871704,-0.05447685718536377
-0.14650246500968933,-0.24236828088760376,-0.04623371362686157
-0.16514867544174194,-0.24124592542648315,-0.045957744121551514
-0.1749413013458252,-0.2438824474811554,-0.05269867181777954
-0.15965333580970764,-0.24871134757995605,-0.061314940452575684
-0.1402149200439453,-0.25211331248283386,-0.06469660997390747
-0.13137421011924744,-0.25171971321105957,-0.06815659999847412
-0.1372372806072235,-0.24548110365867615,-0.07452356815338135
-0.14774730801582336,-0.2379572093486786,-0.07260054349899292
-0.15384557843208313,-0.22976690530776978,-0.06940984725952148
-0.14908060431480408,-0.2272830605506897,-0.06926345825195312
-0.14841842651367188,-0.22896087169647217,-0.06161999702453613
-0.1525554656982422,-0.22903284430503845,-0.05585932731628418
-0.15404051542282104,-0.22525593638420105,-0.054177045822143555
-0.1516675055027008,-0.2206210494041443,-0.04759538173675537
-0.14047759771347046,-0.21930506825447083,-0.0455547571182251
-0.12680894136428833,-0.22330525517463684,-0.04245352745056152
-0.11167404055595398,-0.22916659712791443,-0.035752832889556885
-0.09865465760231018,-0.23360225558280945,-0.039429545402526855
-0.09249049425125122,-0.2346520721912384,-0.06061786413192749
-0.09439384937286377,-0.23456785082817078,-0.07373332977294922
-0.10276913642883301,-0.23251524567604065,-0.07068216800689697
-0.12282152473926544,-0.22647666931152344,-0.055399298667907715
-0.1443270444869995,-0.22926795482635498,-0.012887001037597656
-0.2634376287460327,-0.3041049838066101,0.10167312622070312
-0.15662634372711182,0.10899272561073303,-0.5336621999740601
0.14574860036373138,-0.2570418119430542,-1.0319366455078125
-0.06421966850757599,-0.6177629232406616,-0.526484489440918
-0.0955745130777359,0.02753618359565735,0.08163857460021973
-0.26938170194625854,-0.10546112060546875,0.005899548530578613
-0.32968148589134216,-0.22812968492507935,-0.05836284160614014
-0.20335154235363007,-0.18505996465682983,-0.04158914089202881
-0.1215304285287857,-0.2253703474998474,-0.06890249252319336
-0.056242525577545166,-0.254239559173584,-0.14702141284942627
0.006577283143997192,-0.24807140231132507,-0.199665367603302
-0.022451743483543396,-0.24479925632476807,-0.15486985445022583
-0.15359260141849518,-0.24866273999214172,-0.08058726787567139
-0.23066547513008118,-0.24444851279258728,0.000603795051574707
-0.19087299704551697,-0.2730518579483032,0.04661703109741211
-0.09008413553237915,-0.2948143780231476,0.0639081597328186
-0.01495109498500824,-0.3064761757850647,0.09478247165679932
-0.029616370797157288,-0.2999185621738434,0.12925803661346436
-0.07408347725868225,-0.28246599435806274,0.08528947830200195
-0.095176562666893,-0.2714083790779114,-0.015168190002441406
-0.11959625780582428,-0.277109295129776,-0.086201012134552
-0.13213461637496948,-0.2776341140270233,-0.12416374683380127
-0.14511729776859283,-0.2757781147956848,-0.151983380317688
-0.1865597367286682,-0.26604628562927246,-0.15089845657348633
-0.23416206240653992,-0.25517234206199646,-0.08740377426147461
-0.27101123332977295,-0.25795093178749084,0.0004464387893676758
-0.26701784133911133,-0.25644490122795105,0.06565451622009277
-0.2729041874408722,-0.25326210260391235,0.09981352090835571
-0.27879971265792847,-0.24687239527702332,0.1261078119277954
-0.25566649436950684,-0.23664942383766174,0.14000368118286133
-0.2311527132987976,-0.22887367010116577,0.10671555995941162
-0.23350125551223755,-0.22372588515281677,0.05533933639526367
-0.27071771025657654,-0.2195703685283661,0.01553964614868164
-0.29228758811950684,-0.21431371569633484,-0.006814002990722656
-0.2768319249153137,-0.21363505721092224,-0.02982097864151001
-0.260551393032074,-0.21603703498840332,-0.05022460222244263
-0.25532716512680054,-0.21584469079971313,-0.07232797145843506
-0.2553420662879944,-0.21217140555381775,-0.10865592956542969
-0.24926158785820007,-0.21132031083106995,-0.17311060428619385
-0.25182783603668213,-0.20365837216377258,-0.2485865354537964
-0.27290645241737366,-0.19398140907287598,-0.30641603469848633
-0.3045530319213867,-0.18722274899482727,-0.3324611186981201
-0.33866217732429504,-0.17735400795936584,-0.3360748887062073
-0.36942043900489807,-0.16178277134895325,-0.3305472731590271
-0.3947528600692749,-0.14486342668533325,-0.32745474576950073
-0.422910213470459,-0.12481233477592468,-0.3279096484184265
-0.45697319507598877,-0.10269853472709656,-0.33233481645584106
-0.5002520084381104,-0.07598203420639038,-0.338726282119751
-0.5473566055297852,-0.04026687145233154,-0.3472382426261902
-0.5940045118331909,0.004376590251922607,-0.36684173345565796
-0.6399338245391846,0.05467778444290161,-0.39495939016342163
-0.6772518754005432,0.11295580863952637,-0.43510252237319946
-0.7383086681365967,0.17904132604599,-0.4476962089538574
-0.770766019821167,0.22796273231506348,-0.43546944856643677
-0.7912604808807373,0.28678423166275024,-0.44615089893341064
-0.8072402477264404,0.3534829616546631,-0.4518609344959259
-0.8161655068397522,0.4150494337081909,-0.44114333391189575
-0.8205541372299194,0.47016215324401855,-0.4146587550640106
-0.8216568231582642,0.5261841416358948,-0.3794841468334198
-0.8217332363128662,0.5809136033058167,-0.3470412492752075
-0.8178362250328064,0.63385009765625,-0.31908702850341797
-0.8168751001358032,0.6829932928085327,-0.3010469675064087
-0.8143958449363708,0.7268211245536804,-0.2966780662536621
-0.7993558645248413,0.7672972679138184,-0.3022552728652954
-0.7719618082046509,0.8154348134994507,-0.3061571717262268
-0.7323201298713684,0.8761870861053467,-0.3103851079940796
-0.6875900626182556,0.9436006546020508,-0.31531059741973877
-0.6539753675460815,1.0140693187713623,-0.32239675521850586
-0.622392475605011,1.076517105102539,-0.33172398805618286
-0.5699520111083984,1.1431140899658203,-0.3370979428291321
-0.48899030685424805,1.2457987070083618,-0.3281094431877136
-0.38353097438812256,1.3812462091445923,-0.3009492754936218
-0.2403709888458252,1.54595148563385,-0.2566124200820923
-0.07071363925933838,1.7336562871932983,-0.16836857795715332
0.1204291582107544,1.930500864982605,-0.037918202579021454
0.3364839553833008,2.1237592697143555,0.12668311595916748
0.5676761269569397,2.288714647293091,0.3190014362335205
0.8435468077659607,2.414330005645752,0.5355877876281738
1.1115493774414062,2.4689040184020996,0.7738990783691406
1.3595926761627197,2.4234585762023926,0.9951796531677246
1.5463361740112305,2.314108371734619,1.1580100059509277
1.6529293060302734,2.1454851627349854,1.2259711027145386
1.7103993892669678,1.9495679140090942,1.2002102136611938
1.708310842514038,1.7244137525558472,1.1160989999771118
1.6722404956817627,1.4924068450927734,1.024458408355713
1.645601749420166,1.2789840698242188,0.9513524770736694
1.645076036453247,1.0897293090820312,0.8931924104690552
1.656732201576233,0.9118511080741882,0.8385690450668335
1.6598097085952759,0.730818510055542,0.7665002346038818
1.6441305875778198,0.5507073998451233,0.6703981161117554
1.6186169385910034,0.37835150957107544,0.5513694286346436
1.5907800197601318,0.2293013334274292,0.426782488822937
1.5471311807632446,0.09267973899841309,0.31245851516723633
1.4940001964569092,-0.026858747005462646,0.2143310308456421
1.4318658113479614,-0.12289392948150635,0.13497328758239746
1.3533803224563599,-0.20776081085205078,0.06947934627532959
1.2725768089294434,-0.2772512435913086,0.021583911031484604
1.198292851448059,-0.33272314071655273,-0.009975314140319824
1.1304961442947388,-0.37853240966796875,-0.025329947471618652
1.0731947422027588,-0.4195634722709656,-0.026217103004455566
1.0279207229614258,-0.4536425471305847,-0.017621636390686035
0.9843584895133972,-0.4853564500808716,-0.0010979175567626953
0.9464045763015747,-0.5143578052520752,0.02646947279572487
0.9188797473907471,-0.5261425375938416,0.07030636817216873
0.8929172158241272,-0.5217898488044739,0.12566184997558594
0.8587650060653687,-0.5135903358459473,0.18955469131469727
0.8195066452026367,-0.4955461025238037,0.25444114208221436
0.7733746767044067,-0.4710446000099182,0.3211129903793335
0.7155066728591919,-0.44836121797561646,0.3863041400909424
0.6495151519775391,-0.43096041679382324,0.4472461938858032
0.5813805460929871,-0.4174409508705139,0.5019023418426514
0.5178295373916626,-0.40293949842453003,0.5502841472625732
0.4573506712913513,-0.3827429413795471,0.5965073108673096
0.3951553702354431,-0.3591462969779968,0.6429212093353271
0.3380581736564636,-0.3379681706428528,0.692756175994873
0.29351377487182617,-0.31249648332595825,0.7495067715644836
0.26124122738838196,-0.2869783639907837,0.8098334074020386
0.23141202330589294,-0.27244991064071655,0.8761441111564636
0.20647406578063965,-0.2612677812576294,0.9446316957473755
0.19639945030212402,-0.23931056261062622,1.0116773843765259
0.20189234614372253,-0.2142963409423828,1.0665481090545654
0.21388578414916992,-0.20649272203445435,1.1143772602081299
0.23047852516174316,-0.20926260948181152,1.1559455394744873
0.2706512212753296,-0.21069741249084473,1.1792017221450806
0.31760522723197937,-0.21206623315811157,1.1858993768692017
0.3582899570465088,-0.2170490026473999,1.1771023273468018
0.4037048816680908,-0.2231687307357788,1.1378238201141357
0.4443908929824829,-0.22585880756378174,1.0719913244247437
0.46893882751464844,-0.22763365507125854,0.9982285499572754
0.4909251928329468,-0.23298311233520508,0.9234331846237183
0.5288969278335571,-0.2340768575668335,0.8532829284667969
0.5788981318473816,-0.22375917434692383,0.787919282913208
0.6188805103302002,-0.21010303497314453,0.7274712920188904
0.6530560851097107,-0.18589025735855103,0.6662315130233765
0.6888729929924011,-0.1411607265472412,0.6095770001411438
0.732690155506134,-0.0790373682975769,0.5642803907394409
0.7889513969421387,-0.008371055126190186,0.532336950302124
0.8372825980186462,0.05167275667190552,0.5135356783866882
0.8605682849884033,0.07490986585617065,0.5035042762756348
0.8488229513168335,0.051683247089385986,0.4971807897090912
0.8312393426895142,-0.004811108112335205,0.4862051010131836
0.8329757452011108,-0.05498981475830078,0.4533296525478363
0.8460204601287842,-0.07863849401473999,0.395121693611145
0.8613683581352234,-0.06989312171936035,0.32604044675827026
0.8742691874504089,-0.02665811777114868,0.2637723386287689
0.8709797859191895,0.027629435062408447,0.21892789006233215
0.8514170050621033,0.06712061166763306,0.19117850065231323
0.8229948282241821,0.08360779285430908,0.17470690608024597
0.7892775535583496,0.09636455774307251,0.16675874590873718
0.7428982853889465,0.11294978857040405,0.15489870309829712
0.672357976436615,0.11791425943374634,0.1375967264175415
0.5854111909866333,0.10915946960449219,0.1164618581533432
0.5017960667610168,0.09782677888870239,0.09543071687221527
0.4407569169998169,0.09983158111572266,0.0751589983701706
0.39930403232574463,0.11936932802200317,0.06469619274139404
0.36319541931152344,0.14923900365829468,0.061952635645866394
0.33525192737579346,0.18117660284042358,0.06791168451309204
0.3135056495666504,0.21112066507339478,0.07934576272964478
0.2962227463722229,0.24443531036376953,0.08954530954360962
0.2799965739250183,0.27501165866851807,0.09782689809799194
0.2590603828430176,0.29439306259155273,0.10195177793502808
0.2293742299079895,0.3059183955192566,0.09835034608840942
0.18805032968521118,0.3074507713317871,0.08985388278961182
0.1352202296257019,0.2993062138557434,0.07149434089660645
0.07265806198120117,0.28218239545822144,0.04669463634490967
0.009321808815002441,0.2590717673301697,0.018381476402282715
-0.048159658908843994,0.2376137673854828,-0.01070094108581543
-0.09777164459228516,0.21763989329338074,-0.036827921867370605
-0.1416264772415161,0.19793304800987244,-0.05909991264343262
-0.17964404821395874,0.1830490231513977,-0.0739973783493042
-0.2121673822402954,0.17365482449531555,-0.08303844928741455
-0.24086499214172363,0.16806736588478088,-0.08670711517333984
-0.2660995125770569,0.16472235321998596,-0.08677983283996582
-0.2903018593788147,0.16440355777740479,-0.08016431331634521
-0.3135121464729309,0.16599518060684204,-0.07102614641189575
-0.3350434899330139,0.1727483570575714,-0.05728942155838013
-0.3561520576477051,0.1817411184310913,-0.039379775524139404
-0.3727324604988098,0.19325605034828186,-0.015718936920166016
-0.3856765031814575,0.20546522736549377,0.010198060423135757
-0.4025813937187195,0.21851488947868347,0.03322118520736694
-0.4217177629470825,0.23634962737560272,0.05305451899766922
-0.4434933662414551,0.255797803401947,0.06926120072603226
-0.46929866075515747,0.27786511182785034,0.08479280024766922
-0.4956701993942261,0.30052512884140015,0.10028350353240967
-0.5220526456832886,0.3233265280723572,0.11209959536790848
-0.5485935807228088,0.3467506170272827,0.12243455648422241
-0.5699836611747742,0.367757648229599,0.13290226459503174
-0.5887569189071655,0.38829705119132996,0.14245522022247314
-0.5954424142837524,0.4133804440498352,0.152202308177948
-0.5920688509941101,0.4449087381362915,0.16358846426010132
-0.5867790579795837,0.47361961007118225,0.17203038930892944
-0.5739247798919678,0.4998631775379181,0.18139541149139404
-0.5462706685066223,0.5255225896835327,0.18966543674468994
-0.49706023931503296,0.5533672571182251,0.1993495225906372
-0.4198647737503052,0.5939522981643677,0.20890188217163086
-0.32299649715423584,0.6543415784835815,0.21712374687194824
-0.22989016771316528,0.7182339429855347,0.22217440605163574
-0.1628749966621399,0.7589014768600464,0.2218763828277588
-0.13735884428024292,0.7418449521064758,0.2256244421005249
-0.134496808052063,0.6617480516433716,0.231803297996521
-0.12140226364135742,0.5759612321853638,0.2401444911956787
-0.06532019376754761,0.535006046295166,0.24650049209594727
0.028371870517730713,0.5337881445884705,0.25204694271087646
0.14144736528396606,0.5625471472740173,0.2444908618927002
0.21619164943695068,0.5825036764144897,0.21760308742523193
0.24980485439300537,0.5837224125862122,0.1751866340637207
0.24816292524337769,0.5710587501525879,0.12128376960754395
0.20774132013320923,0.5267724990844727,0.06640541553497314
0.16280168294906616,0.45355024933815,0.025040030479431152
0.12412393093109131,0.35265275835990906,-0.00537872314453125
0.11014974117279053,0.2371927797794342,-0.030986487865447998
0.1412663459777832,0.13137492537498474,-0.052770793437957764
0.19236624240875244,0.03845885396003723,-0.07745027542114258
0.25676000118255615,-0.03832131624221802,-0.10413986444473267
0.3185632824897766,-0.09696173667907715,-0.1282450556755066
0.3705371618270874,-0.14767271280288696,-0.15051710605621338
0.40436649322509766,-0.19684022665023804,-0.17011070251464844
0.4061986207962036,-0.2387126088142395,-0.19054138660430908
0.3776823878288269,-0.2666115164756775,-0.20930695533752441
0.3287445306777954,-0.285372793674469,-0.21697843074798584
0.27916020154953003,-0.29753947257995605,-0.20381689071655273
0.23856490850448608,-0.29986023902893066,-0.18020063638687134
0.2030928134918213,-0.29438990354537964,-0.15334445238113403
0.16776901483535767,-0.28453606367111206,-0.12299537658691406
0.13169163465499878,-0.27096331119537354,-0.09403407573699951
0.09659302234649658,-0.2555145025253296,-0.06306356191635132
0.07020819187164307,-0.24084621667861938,-0.028811506927013397
0.05116748809814453,-0.22538137435913086,0.010330744087696075
0.04822719097137451,-0.2082529067993164,0.05346573144197464
0.061119914054870605,-0.1912153959274292,0.10066300630569458
0.08739101886749268,-0.17670220136642456,0.14900590479373932
0.11288851499557495,-0.16202044486999512,0.19624604284763336
0.1406787633895874,-0.146043062210083,0.23626261949539185
0.18039727210998535,-0.12930744886398315,0.27771568298339844
0.22712725400924683,-0.12261408567428589,0.3212684392929077
0.2794467806816101,-0.12220555543899536,0.36280882358551025
0.33830726146698,-0.11974817514419556,0.4018728733062744
0.4081851840019226,-0.1152142882347107,0.4402312934398651
0.4784392714500427,-0.11839324235916138,0.4801052510738373
0.5451406836509705,-0.13875722885131836,0.5224031209945679
0.606181263923645,-0.1755930781364441,0.5625297427177429
0.6619021892547607,-0.22254472970962524,0.5991312265396118
0.7067506313323975,-0.27513498067855835,0.6312735080718994
0.7437161207199097,-0.3314273953437805,0.6583243608474731
0.775566577911377,-0.3889010548591614,0.6748155355453491
0.8030962944030762,-0.43940842151641846,0.6867631673812866
0.830967366695404,-0.47770267724990845,0.6979700922966003
0.8552064895629883,-0.4984291195869446,0.716825544834137
0.8869850039482117,-0.496823251247406,0.73891681432724
0.9245023131370544,-0.4800817370414734,0.7647618055343628
0.9541335105895996,-0.4455938935279846,0.7864311933517456
0.9862686991691589,-0.3913717269897461,0.7945079803466797
1.0191859006881714,-0.3250129818916321,0.787464439868927
1.0503021478652954,-0.2604321241378784,0.7734405994415283
1.0745720863342285,-0.2110925316810608,0.7616002559661865
1.078028678894043,-0.1957123875617981,0.7485746145248413
1.0500545501708984,-0.21668380498886108,0.730579137802124
1.0132436752319336,-0.25121259689331055,0.6899101138114929
0.9971606731414795,-0.263694703578949,0.6383270025253296
0.9956507682800293,-0.2497062087059021,0.601256251335144
0.9955711960792542,-0.22581833600997925,0.5886069536209106
0.9941400289535522,-0.21121937036514282,0.5991873741149902
0.9897260665893555,-0.20633608102798462,0.6056391596794128
0.98488450050354,-0.19899451732635498,0.5902594327926636
0.9873167276382446,-0.1715720295906067,0.5483335256576538
0.981730580329895,-0.14247488975524902,0.49770399928092957
0.9576324820518494,-0.1286589503288269,0.444110244512558
0.9331702589988708,-0.11611330509185791,0.3909261226654053
0.9112868309020996,-0.08991372585296631,0.33766812086105347
0.8843137621879578,-0.05363059043884277,0.29198628664016724
0.8450913429260254,-0.009216785430908203,0.25972840189933777
0.7968476414680481,0.040341198444366455,0.24793961644172668
0.7451304793357849,0.09419578313827515,0.2576359212398529
0.691412091255188,0.15680056810379028,0.27979516983032227
0.6420556902885437,0.22080183029174805,0.30088454484939575
0.5896610617637634,0.2821088433265686,0.31924736499786377
0.5258826613426208,0.3366755247116089,0.32893550395965576
0.4532231092453003,0.3766445517539978,0.32946616411209106
0.3761274218559265,0.40344929695129395,0.3192644715309143
0.30049699544906616,0.41944068670272827,0.2990308403968811
0.22852551937103271,0.43111753463745117,0.2722986936569214
0.16007477045059204,0.44400709867477417,0.23990803956985474
0.08834433555603027,0.45208555459976196,0.2099461555480957
0.015327215194702148,0.4564637243747711,0.1816733479499817
-0.05442643165588379,0.4582674503326416,0.1556553840637207
-0.12064623832702637,0.4616805911064148,0.13193219900131226
-0.18255096673965454,0.46297040581703186,0.10853005200624466
-0.24121171236038208,0.46246132254600525,0.08442360162734985
-0.2974877953529358,0.46032193303108215,0.061107225716114044
-0.34979724884033203,0.4559856057167053,0.03999477997422218
-0.39983421564102173,0.4493314325809479,0.02145123854279518
-0.4479837417602539,0.4382812976837158,0.002779364585876465
-0.4913088083267212,0.4244828224182129,-0.016034599393606186
-0.5300352573394775,0.4076802134513855,-0.029123902320861816
-0.5599437952041626,0.38944754004478455,-0.037637293338775635
-0.5832172632217407,0.3720961809158325,-0.041871555149555206
-0.5993544459342957,0.3571113348007202,-0.04290842264890671
-0.6054827570915222,0.3435704708099365,-0.0399511456489563
-0.5985925197601318,0.3363000750541687,-0.03313940763473511
-0.5788115859031677,0.33438974618911743,-0.020283393561840057
-0.5546316504478455,0.33365094661712646,-0.0006570741534233093
-0.5318560600280762,0.3316830098628998,0.027212560176849365
-0.510733962059021,0.3357611298561096,0.051517486572265625
-0.490450382232666,0.347962886095047,0.06967632472515106
-0.4672620892524719,0.3679216802120209,0.08433455973863602
-0.4431695342063904,0.3933754861354828,0.09950346499681473
-0.41672271490097046,0.4249650239944458,0.11381284892559052
-0.3848789930343628,0.46490657329559326,0.1253240704536438
-0.34059369564056396,0.5162310600280762,0.13662825524806976
-0.28146934509277344,0.5848525762557983,0.14620685577392578
-0.21896523237228394,0.6614718437194824,0.15580838918685913
-0.18116825819015503,0.7189110517501831,0.17002993822097778
-0.18699270486831665,0.7281180620193481,0.19088004529476166
-0.20914244651794434,0.705858051776886,0.21863681077957153
-0.21422284841537476,0.6925542950630188,0.2445378303527832
-0.1832672357559204,0.7133715748786926,0.2715189456939697
-0.12811028957366943,0.7550008296966553,0.30164188146591187
-0.09029221534729004,0.7920580506324768,0.3318793773651123
-0.09294354915618896,0.8044936656951904,0.3478326201438904
-0.11452674865722656,0.7964459657669067,0.340606689453125
-0.13584357500076294,0.7629156112670898,0.3262482285499573
-0.15719866752624512,0.7003368139266968,0.314556360244751
-0.17380499839782715,0.612377941608429,0.310114324092865
-0.1800302267074585,0.49700361490249634,0.31341469287872314
-0.15264511108398438,0.37028470635414124,0.30918049812316895
-0.059604763984680176,0.26599568128585815,0.26752185821533203
0.062316298484802246,0.18871918320655823,0.18562018871307373
0.15374398231506348,0.1267370879650116,0.06496703624725342
0.188121497631073,0.07263210415840149,-0.07499504089355469
0.1679127812385559,0.027152180671691895,-0.22422528266906738
0.11735665798187256,-0.002655714750289917,-0.36201906204223633
0.07649677991867065,-0.02189764380455017,-0.45340895652770996
0.049135565757751465,-0.03531849384307861,-0.5018270015716553
0.03757959604263306,-0.04958352446556091,-0.5173447132110596
0.044019997119903564,-0.06072193384170532,-0.5053726434707642
0.06275445222854614,-0.06899181008338928,-0.48096638917922974
0.08656191825866699,-0.07561326026916504,-0.44821423292160034
0.11628317832946777,-0.07598531246185303,-0.4085845947265625
0.15374690294265747,-0.07379025220870972,-0.3643729090690613
0.1918545365333557,-0.0681183934211731,-0.31104540824890137
0.21001017093658447,-0.05663609504699707,-0.25556862354278564
0.22628289461135864,-0.044966042041778564,-0.20106792449951172
0.2505471110343933,-0.0331575870513916,-0.14383594691753387
0.28964048624038696,-0.01248544454574585,-0.08698957413434982
0.3353623151779175,0.009733855724334717,-0.025923743844032288
0.3901154398918152,0.031066417694091797,0.04510881006717682
0.45017486810684204,0.05518007278442383,0.12528473138809204
0.49942803382873535,0.06880420446395874,0.21598821878433228
0.5405316948890686,0.06922000646591187,0.3118499219417572
0.5751282572746277,0.06653851270675659,0.41489920020103455
0.594369649887085,0.06312179565429688,0.5239968299865723
0.6056500673294067,0.05472397804260254,0.6369123458862305
0.6095031499862671,0.03936469554901123,0.7515763640403748
0.603722095489502,0.018266737461090088,0.8566559553146362
0.5929304957389832,-0.008183836936950684,0.9448343515396118
0.5739752054214478,-0.03995746374130249,1.0161337852478027
0.5488778948783875,-0.07821130752563477,1.0737063884735107
0.5161603093147278,-0.12473279237747192,1.1247155666351318
0.481262743473053,-0.17111235857009888,1.1662015914916992
0.452423095703125,-0.2110072374343872,1.1927766799926758
0.4400366544723511,-0.23835909366607666,1.2049317359924316
0.4388207793235779,-0.25142067670822144,1.2003178596496582
0.4451789855957031,-0.2497970461845398,1.176999807357788
0.4649944305419922,-0.23255068063735962,1.131518840789795
0.5071418285369873,-0.19918620586395264,1.0825406312942505
0.561750054359436,-0.1573593020439148,1.0322659015655518
0.6289731860160828,-0.10282391309738159,0.981295645236969
0.6974356174468994,-0.04690885543823242,0.9331552982330322
0.757197916507721,-0.00014704465866088867,0.8771796226501465
0.7949484586715698,0.01568615436553955,0.822437047958374
0.8053246140480042,-0.020163655281066895,0.7794094681739807
0.8080098628997803,-0.08802348375320435,0.7463518381118774
0.8230020999908447,-0.13710075616836548,0.7199156284332275
0.8471345901489258,-0.15030670166015625,0.6918285489082336
0.8734212517738342,-0.13803547620773315,0.6608051657676697
0.8890828490257263,-0.12081664800643921,0.6378269791603088
0.8949868083000183,-0.11609208583831787,0.6236914992332458
0.8935179114341736,-0.12666940689086914,0.6124201416969299
0.8911920189857483,-0.1320115327835083,0.6004546880722046
0.8954649567604065,-0.11736810207366943,0.5779711604118347
0.908947229385376,-0.08854782581329346,0.5497835874557495
0.9190686941146851,-0.06758832931518555,0.524779736995697
0.9211099147796631,-0.06847429275512695,0.5002950429916382
0.9177140593528748,-0.07296115159988403,0.484760582447052
0.9083541035652161,-0.068600594997406,0.4764886498451233
0.892877459526062,-0.061982035636901855,0.469461053609848
0.8691616654396057,-0.04514211416244507,0.4641087055206299
0.8411083221435547,-0.01004791259765625,0.45907166600227356
0.817510187625885,0.038514018058776855,0.45611196756362915
0.7963274121284485,0.09244871139526367,0.4520694613456726
0.7702881097793579,0.1525343656539917,0.4403494894504547
0.7359097003936768,0.21808278560638428,0.4195772409439087
0.695892870426178,0.28579556941986084,0.3885449767112732
0.6578693389892578,0.36017704010009766,0.3454974889755249
0.6169069409370422,0.4420548677444458,0.2993243336677551
0.567209005355835,0.5351584553718567,0.2717251181602478
0.4810281991958618,0.6097665429115295,0.27291303873062134
0.3548724055290222,0.6429133415222168,0.2821754813194275
0.22432422637939453,0.6567045450210571,0.27537524700164795
0.11547243595123291,0.6905475854873657,0.2343764305114746
0.0302046537399292,0.7367604970932007,0.1628444790840149
-0.05816078186035156,0.7506237030029297,0.09454572200775146
-0.14365047216415405,0.7435188889503479,0.046462420374155045
-0.2184237837791443,0.7263784408569336,0.012536294758319855
-0.29366570711135864,0.702833354473114,-0.018827613443136215
-0.36537498235702515,0.675082802772522,-0.0519636869430542
-0.43384313583374023,0.6435545086860657,-0.08785974979400635
-0.495663583278656,0.6103078722953796,-0.12135088443756104
-0.5532371401786804,0.5745854377746582,-0.14302808046340942
-0.6057100296020508,0.5394303202629089,-0.15754038095474243
-0.6468220949172974,0.5077301263809204,-0.16798800230026245
-0.6769717931747437,0.4784635305404663,-0.17317461967468262
-0.7012935876846313,0.4515856206417084,-0.17364776134490967
-0.7176018357276917,0.4296855926513672,-0.16976463794708252
-0.7270116209983826,0.41493889689445496,-0.16096627712249756
-0.7262643575668335,0.4057862162590027,-0.14737552404403687
-0.7190980315208435,0.3993699252605438,-0.13005340099334717
-0.7104374766349792,0.39737561345100403,-0.10952353477478027
-0.7034368515014648,0.3996022939682007,-0.08827757835388184
-0.6905880570411682,0.40770402550697327,-0.07065922021865845
-0.673270583152771,0.42196351289749146,-0.05349421501159668
-0.6456698179244995,0.44632235169410706,-0.036654528230428696
-0.6026914119720459,0.4821392595767975,-0.024083130061626434
-0.5403488278388977,0.5331953167915344,-0.016806837171316147
-0.46160292625427246,0.5975928902626038,-0.014525294303894043
-0.38496893644332886,0.6632197499275208,-0.013725876808166504
-0.3324664831161499,0.7057750225067139,-0.013571560382843018
-0.30639779567718506,0.7175853252410889,-0.01115250214934349
-0.2890450358390808,0.7109909057617188,-0.0006811581552028656
-0.24650651216506958,0.7090083360671997,0.021131694316864014
-0.16094279289245605,0.7381683588027954,0.05552572011947632
-0.06094503402709961,0.7916215658187866,0.09818267822265625
0.02623850107192993,0.8459158539772034,0.14294004440307617
0.08977603912353516,0.8891324400901794,0.18193644285202026
0.12409895658493042,0.9105749726295471,0.21601295471191406
0.11917483806610107,0.8954294323921204,0.2575753927230835
0.07815110683441162,0.8383464217185974,0.3080601096153259
0.02385181188583374,0.7572487592697144,0.3677278757095337
-0.02679455280303955,0.6455216407775879,0.43650907278060913
-0.06590443849563599,0.5082465410232544,0.5131860971450806
-0.06694841384887695,0.37401172518730164,0.5791434049606323
-0.019920945167541504,0.2725939452648163,0.6233102679252625
0.05971860885620117,0.2117203176021576,0.62919682264328
0.14671528339385986,0.16516894102096558,0.5929993987083435
0.23654872179031372,0.12968048453330994,0.5216867923736572
0.319141149520874,0.10114914178848267,0.43280816078186035
0.3651213049888611,0.07317119836807251,0.33209824562072754
0.3581751585006714,0.04118344187736511,0.23308199644088745
0.3139905333518982,0.016764819622039795,0.13696306943893433
0.24829363822937012,9.036064147949219e-05,0.05240285024046898
0.17518150806427002,-0.016406893730163574,-0.012665033340454102
0.11527347564697266,-0.03239917755126953,-0.0644528865814209
0.07169985771179199,-0.050225913524627686,-0.10405457019805908
0.04239696264266968,-0.06709247827529907,-0.13902419805526733
0.030373096466064453,-0.0847698450088501,-0.16936492919921875
0.032965123653411865,-0.11149471998214722,-0.19556820392608643
0.05681222677230835,-0.1436339020729065,-0.21852850914001465
0.10548782348632812,-0.17165273427963257,-0.23484468460083008
0.17364251613616943,-0.19669771194458008,-0.24196100234985352
0.2554903030395508,-0.21820640563964844,-0.2408064603805542
0.3271902799606323,-0.2370680570602417,-0.22885644435882568
0.39001762866973877,-0.25547534227371216,-0.20455241203308105
0.4454849362373352,-0.27605360746383667,-0.1678234338760376
0.4975385069847107,-0.2920106053352356,-0.12961554527282715
0.5383302569389343,-0.3076291084289551,-0.0956915020942688
0.5661143064498901,-0.322451651096344,-0.056365132331848145
0.5887070894241333,-0.33281272649765015,-0.012127697467803955
0.6027162075042725,-0.340032696723938,0.037146031856536865
0.614074170589447,-0.3476337790489197,0.0909535363316536
0.6263262033462524,-0.3600122332572937,0.14627410471439362
0.6386439204216003,-0.38268476724624634,0.20433634519577026
0.6560953855514526,-0.4137067198753357,0.2569393515586853
0.67295902967453,-0.45045655965805054,0.30313241481781006
0.6919206976890564,-0.4909866452217102,0.34391099214553833
0.7155108451843262,-0.5254465937614441,0.38063040375709534
0.7445366978645325,-0.5467814207077026,0.4168047308921814
0.7767928242683411,-0.5532425045967102,0.45508503913879395
0.8035870790481567,-0.5473697185516357,0.49479949474334717
0.8314328193664551,-0.530031144618988,0.532352089881897
0.8693876266479492,-0.49693000316619873,0.5643184781074524
0.9187706708908081,-0.4441297650337219,0.5881599187850952
0.9755270481109619,-0.3761734366416931,0.602466344833374
1.0309810638427734,-0.30611830949783325,0.6146640777587891
1.0734899044036865,-0.2577627897262573,0.622182309627533
1.092801809310913,-0.24996209144592285,0.6285493969917297
1.0996946096420288,-0.2768239378929138,0.6307900547981262
1.0874508619308472,-0.3157871961593628,0.6117972731590271
1.0733907222747803,-0.32965850830078125,0.5693831443786621
1.0739030838012695,-0.31668031215667725,0.5237392783164978
1.068771243095398,-0.2980992794036865,0.49495357275009155
1.075871467590332,-0.2664310932159424,0.48842835426330566
1.0891785621643066,-0.2344529628753662,0.49971240758895874
1.0873348712921143,-0.22434020042419434,0.5105886459350586
1.0780366659164429,-0.20934706926345825,0.49925124645233154
1.062355637550354,-0.182614266872406,0.45440247654914856
1.0427852869033813,-0.15706533193588257,0.39813902974128723
1.027250051498413,-0.13596892356872559,0.3481220602989197
1.0024619102478027,-0.11099404096603394,0.3116355538368225
0.9637687802314758,-0.08080023527145386,0.2855675220489502
0.9141294956207275,-0.05160039663314819,0.27371135354042053
0.851412832736969,-0.019005537033081055,0.27700647711753845
0.7863314747810364,0.018427610397338867,0.29185381531715393
0.7253729104995728,0.06202554702758789,0.31192320585250854
0.6674237251281738,0.11179864406585693,0.32900071144104004
0.6065648794174194,0.16091489791870117,0.34453868865966797
0.5416099429130554,0.20159989595413208,0.35195499658584595
0.4712454080581665,0.23598772287368774,0.3491709232330322
0.3971376419067383,0.2708098292350769,0.3398665189743042
0.32612788677215576,0.30446988344192505,0.32501816749572754
0.25433218479156494,0.3394421339035034,0.3051217794418335
0.1841803789138794,0.3734966516494751,0.28133875131607056
0.11738228797912598,0.40705928206443787,0.2545044422149658
0.04937082529067993,0.4350915849208832,0.23045295476913452
-0.016561806201934814,0.4596996009349823,0.20411384105682373
-0.07955163717269897,0.48603394627571106,0.17966479063034058
-0.138940691947937,0.5125142335891724,0.15522122383117676
-0.1963915228843689,0.5332028865814209,0.12858080863952637
-0.25243842601776123,0.5478251576423645,0.10561501979827881
-0.3072627782821655,0.557782769203186,0.0840843915939331
-0.3629004955291748,0.5613446235656738,0.06423407793045044
-0.41419416666030884,0.5547217726707458,0.04733366146683693
-0.45717257261276245,0.543347179889679,0.03454327583312988
-0.49599766731262207,0.5289657711982727,0.024330854415893555
-0.5267634391784668,0.5127680897712708,0.016623973846435547
-0.5492493510246277,0.4943625330924988,0.010522603988647461
-0.5622824430465698,0.47845083475112915,0.005893826484680176
-0.5667564868927002,0.4636268615722656,0.004586510360240936
-0.5602047443389893,0.4510127902030945,0.009402215480804443
-0.5507281422615051,0.43966126441955566,0.018929481506347656
-0.5474656820297241,0.42986369132995605,0.03303259611129761
-0.5510173439979553,0.4229114055633545,0.04361903667449951
-0.5547070503234863,0.420152485370636,0.0498964861035347
-0.5579602122306824,0.42498579621315,0.05719864368438721
-0.561305820941925,0.43642866611480713,0.06902998685836792
-0.563474714756012,0.45096632838249207,0.08789163082838058
-0.5614597797393799,0.47124889492988586,0.10823004692792892
-0.5507358312606812,0.5003792643547058,0.1286858320236206
-0.5261791348457336,0.5399966835975647,0.14915037155151367
-0.49210023880004883,0.5895962119102478,0.1695578694343567
-0.45470643043518066,0.6497675180435181,0.1845054030418396
-0.420704185962677,0.7074819207191467,0.20291823148727417
-0.40130841732025146,0.7446595430374146,0.2235429883003235
-0.39665937423706055,0.7493284344673157,0.2492733597755432
-0.39909201860427856,0.7274419665336609,0.2767394185066223
-0.39096492528915405,0.6883766055107117,0.30330556631088257
-0.3528243899345398,0.654197096824646,0.32859230041503906
-0.2739379405975342,0.6449882984161377,0.34034276008605957
-0.16145843267440796,0.6576218008995056,0.34120041131973267
-0.05089932680130005,0.6647601127624512,0.33332931995391846
0.03727400302886963,0.6610652804374695,0.30822324752807617
0.1155087947845459,0.660983145236969,0.2596082091331482
0.15926623344421387,0.655148983001709,0.19570553302764893
0.1668497920036316,0.6233112812042236,0.13130301237106323
0.1528133749961853,0.5713894963264465,0.06940805912017822
0.11173999309539795,0.5000909566879272,0.013845205307006836
0.05890613794326782,0.415790855884552,-0.027185501530766487
0.01898026466369629,0.3356103003025055,-0.05083078145980835
0.008112907409667969,0.273263543844223,-0.05940818786621094
0.022976577281951904,0.2281922996044159,-0.04701203107833862
0.06299227476119995,0.19592294096946716,-0.00737750343978405
0.11301642656326294,0.16267260909080505,0.04823726415634155
0.16355985403060913,0.13037094473838806,0.08955466747283936
0.21788138151168823,0.1049768328666687,0.11761122941970825
0.26895779371261597,0.071796715259552,0.14466828107833862
0.3048098087310791,0.024365484714508057,0.16700643301010132
0.3346300721168518,-0.026775121688842773,0.17967939376831055
0.36343008279800415,-0.07780855894088745,0.18170297145843506
0.3837186098098755,-0.13125580549240112,0.16972792148590088
0.3893737196922302,-0.18199670314788818,0.1393323540687561
0.392289400100708,-0.22188693284988403,0.09447193145751953
0.3886202573776245,-0.2480364441871643,0.042020268738269806
0.37904030084609985,-0.26661908626556396,-0.011798202991485596
0.3720300793647766,-0.28045767545700073,-0.052587512880563736
0.37005501985549927,-0.29180073738098145,-0.08602529019117355
0.3763201832771301,-0.2988247871398926,-0.1034417599439621
0.39358842372894287,-0.3027602434158325,-0.10726052522659302
0.4261707663536072,-0.30497032403945923,-0.09499001502990723
0.4619815945625305,-0.3070117235183716,-0.06692301481962204
0.49306952953338623,-0.31201881170272827,-0.02661006897687912
0.5241475701332092,-0.3177226781845093,0.017984040081501007
0.555237352848053,-0.3227066993713379,0.06054066866636276
0.5754044651985168,-0.3361409306526184,0.10348723828792572
0.5917548537254333,-0.358256459236145,0.1427057385444641
0.6056510806083679,-0.3809961676597595,0.18423104286193848
0.6120810508728027,-0.40412288904190063,0.22373612225055695
0.6152111887931824,-0.42882823944091797,0.25889062881469727
0.6175070405006409,-0.4564986824989319,0.2898297905921936
0.6209284067153931,-0.4874759912490845,0.3162233233451843
0.62661212682724,-0.5188325643539429,0.3350446820259094
0.6406171321868896,-0.549605131149292,0.3494105935096741
0.6554332971572876,-0.5815794467926025,0.36215126514434814
0.670717179775238,-0.6159369945526123,0.3744570016860962
0.6807272434234619,-0.6444374918937683,0.3830346465110779
0.6887404322624207,-0.6620509624481201,0.3863155245780945
0.6982533931732178,-0.6668208837509155,0.38374263048171997
0.7131893634796143,-0.6575998663902283,0.38131028413772583
0.7436548471450806,-0.6370892524719238,0.37867307662963867
0.7832280993461609,-0.5960359573364258,0.3699837923049927
0.8288499116897583,-0.5295735597610474,0.3459780812263489
0.8917757868766785,-0.442998468875885,0.32251811027526855
0.9670826196670532,-0.357765257358551,0.31006765365600586
1.024695873260498,-0.3008420467376709,0.31650590896606445
1.056406021118164,-0.2829579710960388,0.32665207982063293
1.0663148164749146,-0.3089897632598877,0.33120161294937134
1.0548369884490967,-0.3572002649307251,0.31915223598480225
1.0325367450714111,-0.3754642605781555,0.2879519760608673
1.0382375717163086,-0.3580706715583801,0.2491496205329895
1.05224609375,-0.3056791424751282,0.23131580650806427
1.082018494606018,-0.20956164598464966,0.24021948873996735
1.1219801902770996,-0.09887939691543579,0.2760156989097595
1.1366147994995117,-0.02360379695892334,0.33562546968460083
1.1150808334350586,0.019485175609588623,0.3918188810348511
1.0752325057983398,0.021080613136291504,0.42568957805633545
1.0401580333709717,-0.009651362895965576,0.4275485873222351
1.0044580698013306,-0.03461480140686035,0.38861215114593506
0.9616117477416992,-0.03347885608673096,0.32801008224487305
0.9136821627616882,-0.016274094581604004,0.27364903688430786
0.8536452054977417,0.022120177745819092,0.24506528675556183
0.7871553897857666,0.0805245041847229,0.24561142921447754
0.7299015522003174,0.14848005771636963,0.26766085624694824
0.6734399199485779,0.22631800174713135,0.30059176683425903
0.6087366938591003,0.30480992794036865,0.33039551973342896
0.5418307781219482,0.37643468379974365,0.3586239814758301
0.46618181467056274,0.4343765377998352,0.380473792552948
0.3835006356239319,0.47614216804504395,0.3892061710357666
0.2978694438934326,0.502078652381897,0.3888906240463257
0.2159474492073059,0.5185927152633667,0.3716279864311218
0.13956022262573242,0.5297408103942871,0.3444928526878357
0.06804603338241577,0.5385812520980835,0.3080071210861206
-0.003505408763885498,0.5467521548271179,0.26556336879730225
-0.07224923372268677,0.5533921718597412,0.22678852081298828
-0.13665765523910522,0.5563002824783325,0.19119882583618164
-0.19860684871673584,0.5591166615486145,0.15524786710739136
-0.2571633458137512,0.5661407709121704,0.12509942054748535
-0.3085758090019226,0.5748133659362793,0.0973857045173645
-0.352729856967926,0.5852124094963074,0.0756654143333435
-0.39352959394454956,0.5937896966934204,0.05980318784713745
-0.4336852431297302,0.6009649038314819,0.048634350299835205
-0.47185635566711426,0.60466468334198,0.03989630565047264
-0.5053479075431824,0.6042518019676208,0.033837199211120605
-0.5391830205917358,0.5993674397468567,0.02939140796661377
-0.5672733783721924,0.5873048901557922,0.02761257067322731
-0.5896434187889099,0.5700374245643616,0.027344174683094025
-0.6057103872299194,0.545646607875824,0.031329452991485596
-0.6131238341331482,0.5191074013710022,0.03741729259490967
-0.6053255796432495,0.49680575728416443,0.048197925090789795
-0.5893617868423462,0.4731364846229553,0.060358770191669464
-0.5681622624397278,0.4583093225955963,0.07237350940704346
-0.5508705377578735,0.4513809084892273,0.08270645141601562
-0.5449374318122864,0.44075384736061096,0.09481663256883621
-0.5464901924133301,0.4386294484138489,0.10087603330612183
-0.5569198131561279,0.4408864378929138,0.1044011116027832
-0.5730908513069153,0.4472366273403168,0.10296542197465897
-0.5940991640090942,0.4519743323326111,0.10339421033859253
-0.6070439219474792,0.46552565693855286,0.1066598892211914
-0.6051040887832642,0.48213428258895874,0.1169545128941536
-0.5978355407714844,0.4940081834793091,0.12922143936157227
-0.5799834728240967,0.5362328290939331,0.1289529800415039
-0.5476293563842773,0.5746797323226929,0.12166935205459595
-0.521797239780426,0.5910056233406067,0.11621344089508057
-0.4993011951446533,0.6199373006820679,0.09912770986557007
-0.4476003646850586,0.6433215141296387,0.0921335220336914
-0.33344149589538574,0.7109950184822083,0.09736621379852295
-0.271206259727478,0.6866136789321899,0.12186980992555618
-0.2403736114501953,0.5745784640312195,0.15869367122650146
-0.17750954627990723,0.44370925426483154,0.19166648387908936
-0.03493767976760864,0.35470977425575256,0.21814261376857758
0.1720098853111267,0.33833831548690796,0.23863598704338074
0.3676493763923645,0.3447258770465851,0.25277408957481384
0.51141357421875,0.3884032368659973,0.2225276231765747
0.5341249704360962,0.40071558952331543,0.159692645072937
0.5564972162246704,0.41899964213371277,0.11794266104698181
0.5220383405685425,0.3690369725227356,0.12741181254386902
0.4397522211074829,0.2397002875804901,0.20284727215766907
0.4399526119232178,0.14815759658813477,0.2920076549053192
0.40356141328811646,-0.025585919618606567,0.38294127583503723
0.3557851314544678,-0.16552141308784485,0.43438920378685
0.3494120240211487,-0.22265183925628662,0.44075265526771545
0.3272424340248108,-0.23246443271636963,0.4127238392829895
0.2928623557090759,-0.20821574330329895,0.3535919785499573
0.24942481517791748,-0.21704253554344177,0.29249629378318787
0.22011244297027588,-0.228530615568161,0.24652129411697388
0.17715102434158325,-0.24243876338005066,0.2021845281124115
0.14118266105651855,-0.2464003562927246,0.16685950756072998
0.101204514503479,-0.2568114697933197,0.1486673355102539
0.0516776442527771,-0.2876514792442322,0.14026427268981934
0.020137131214141846,-0.3210170865058899,0.1382407546043396
-0.0006284117698669434,-0.3460397720336914,0.1239466667175293
-5.9545040130615234e-05,-0.34700390696525574,0.09728929400444031
-0.011908531188964844,-0.339966356754303,0.06988915801048279
-0.04624807834625244,-0.331664115190506,0.040815770626068115
-0.08550560474395752,-0.3374200761318207,0.019528865814208984
-0.16367888450622559,-0.3976616859436035,0.012643933296203613
-0.14505982398986816,-0.29490458965301514,-0.03451254963874817
-0.12527239322662354,-0.21018189191818237,-0.07527613639831543
-0.12398743629455566,-0.15400010347366333,-0.08325350284576416
-0.13522839546203613,-0.10407069325447083,-0.06843301653862
-0.12144368886947632,-0.0354655385017395,-0.03203940391540527
-0.09107160568237305,0.0227300226688385,0.018442749977111816
-0.10920840501785278,0.027278095483779907,0.06740382313728333
-0.1604817509651184,0.02559638023376465,0.10340487957000732
-0.19113731384277344,0.04599177837371826,0.11934024095535278
-0.2394251823425293,0.03646540641784668,0.12844130396842957
-0.28341948986053467,-0.007554113864898682,0.14387929439544678
-0.2858918309211731,-0.028231322765350342,0.1836095154285431
-0.2652551531791687,-0.01688694953918457,0.24155426025390625
-0.22898060083389282,-0.007432460784912109,0.302593469619751
-0.18582838773727417,-0.015393257141113281,0.36550474166870117
-0.13969260454177856,-0.04002338647842407,0.4167896509170532
-0.10124355554580688,-0.0643569827079773,0.4476306140422821
-0.0661357045173645,-0.07771706581115723,0.46208763122558594
-0.037702322006225586,-0.09280669689178467,0.46667957305908203
-0.017738521099090576,-0.11678797006607056,0.46062660217285156
0.0019463896751403809,-0.13871073722839355,0.4483755826950073
0.030214250087738037,-0.16165798902511597,0.44367706775665283
0.08635967969894409,-0.18450725078582764,0.4550912380218506
0.17487269639968872,-0.20603090524673462,0.4791564345359802
0.27127331495285034,-0.2270258665084839,0.500896692276001
0.36788272857666016,-0.23767322301864624,0.513475239276886
0.4596596956253052,-0.24102550745010376,0.522559642791748
0.5427876710891724,-0.23869216442108154,0.5270522832870483
0.612679660320282,-0.24004888534545898,0.5281462669372559
0.6599065661430359,-0.2460116744041443,0.5173372626304626
0.6900917887687683,-0.24266648292541504,0.5005686283111572
0.6844174265861511,-0.26162445545196533,0.48562687635421753
0.6488955020904541,-0.2872437834739685,0.4636096954345703
0.6476756930351257,-0.23779910802841187,0.4394630789756775
0.6407686471939087,-0.2023923397064209,0.41738149523735046
0.6126739382743835,-0.18586593866348267,0.4009435176849365
0.5683527588844299,-0.1634981632232666,0.3808208405971527
0.5327237248420715,-0.10886359214782715,0.35347843170166016
0.5082055926322937,-0.04677385091781616,0.3357197046279907
0.4935551881790161,0.008997857570648193,0.31925368309020996
0.5121073722839355,0.08490854501724243,0.2996194362640381
0.5650607347488403,0.17549490928649902,0.2816299796104431
0.6118566989898682,0.2545522451400757,0.2693096995353699
0.6173127293586731,0.2881125807762146,0.26422977447509766
0.5938953161239624,0.26227957010269165,0.26358407735824585
0.5643645524978638,0.19011813402175903,0.2646898627281189
0.5403873920440674,0.10145145654678345,0.2544825077056885
0.5187127590179443,0.0361977219581604,0.22811561822891235
0.48425161838531494,-0.001468360424041748,0.19225019216537476
0.4713022708892822,-0.012751370668411255,0.14058709144592285
0.4915255904197693,-0.005926221609115601,0.08739614486694336
0.5158225297927856,0.024393916130065918,0.0379558727145195
0.5206436514854431,0.08442017436027527,-0.004448413848876953
0.5116714239120483,0.17111483216285706,-0.034477949142456055
0.5036207437515259,0.2876451909542084,-0.037704840302467346
0.45142585039138794,0.40783873200416565,-0.003585338592529297
0.3816249370574951,0.5019893050193787,0.059032052755355835
0.34366118907928467,0.5522835850715637,0.13864707946777344
0.3161647915840149,0.5491812825202942,0.22017264366149902
0.2718815207481384,0.4998157024383545,0.3067595958709717
0.2351589798927307,0.43658143281936646,0.3838091194629669
0.23475736379623413,0.3825654089450836,0.42593568563461304
0.23169416189193726,0.3533889651298523,0.42586377263069153
0.21474146842956543,0.3367517292499542,0.37754133343696594
0.21101611852645874,0.33269834518432617,0.3079896867275238
0.1900184154510498,0.3286345303058624,0.2587207853794098
0.14252853393554688,0.3216560482978821,0.23152995109558105
0.1073530912399292,0.3279549479484558,0.21564772725105286
0.09907609224319458,0.33628901839256287,0.21996977925300598
0.10136020183563232,0.3458706736564636,0.22728773951530457
0.08936196565628052,0.36099955439567566,0.22868889570236206
0.09074455499649048,0.37678006291389465,0.2249544858932495
0.10767203569412231,0.3982929289340973,0.20946934819221497
0.10767090320587158,0.42161881923675537,0.18598327040672302
0.08483898639678955,0.4419807195663452,0.15645363926887512
0.06352287530899048,0.46397852897644043,0.12565991282463074
0.08733582496643066,0.4740503430366516,0.09931302070617676
0.1440117359161377,0.47610998153686523,0.0735340416431427
0.18329542875289917,0.4806668758392334,0.04659163951873779
0.2163957953453064,0.48072177171707153,0.02067694067955017
0.24518167972564697,0.47855669260025024,0.005039244890213013
0.2529783844947815,0.48075997829437256,-0.007734775543212891
0.2424229383468628,0.4878324866294861,-0.027309298515319824
0.23551452159881592,0.4854571223258972,-0.04198884963989258
0.24813228845596313,0.4728890657424927,-0.052877604961395264
0.26701873540878296,0.46029549837112427,-0.0820721983909607
0.288094699382782,0.4451347589492798,-0.11672842502593994
0.3318538963794708,0.4232497811317444,-0.141425222158432
0.3787500858306885,0.40214282274246216,-0.15951991081237793
0.4331176280975342,0.37479835748672485,-0.15183377265930176
0.4864580035209656,0.33901625871658325,-0.12714004516601562
0.501587986946106,0.3110300302505493,-0.09137362241744995
0.4720543622970581,0.284768283367157,-0.031777381896972656
0.44850099086761475,0.26088911294937134,0.019515693187713623
0.44574734568595886,0.2457113265991211,0.05176156759262085
0.4516337811946869,0.23829865455627441,0.08101499080657959
0.45387303829193115,0.227084219455719,0.11779910326004028
0.4509911835193634,0.21173560619354248,0.15622994303703308
0.47542744874954224,0.2005624771118164,0.21210646629333496
0.4912780225276947,0.18078136444091797,0.27317318320274353
0.4776287078857422,0.17210441827774048,0.30436837673187256
0.424235075712204,0.18869751691818237,0.32301217317581177
0.35941943526268005,0.23696070909500122,0.32614821195602417
0.2960277497768402,0.3030989170074463,0.3238932490348816
0.19457250833511353,0.36247020959854126,0.31577643752098083
0.04914660006761551,0.4108107089996338,0.2922944128513336
-0.09981822967529297,0.44164860248565674,0.2821557819843292
-0.24401533603668213,0.451805055141449,0.2892861068248749
-0.36716318130493164,0.4590541124343872,0.2983730137348175
-0.45278674364089966,0.46087074279785156,0.33026960492134094
-0.47863197326660156,0.4696498513221741,0.37483835220336914
-0.46963077783584595,0.4934300184249878,0.40483081340789795
-0.44654232263565063,0.5414275527000427,0.39299941062927246
-0.41208338737487793,0.5970375537872314,0.36128056049346924
-0.3610183000564575,0.6347915530204773,0.33461737632751465
-0.2898951768875122,0.6737068891525269,0.3082953095436096
-0.23616883158683777,0.7051302790641785,0.2945234775543213
-0.20356148481369019,0.7047603726387024,0.2963997721672058
-0.16309912502765656,0.6800214052200317,0.3079472780227661
-0.11845411360263824,0.6426365971565247,0.3136916160583496
-0.06375119090080261,0.6133689880371094,0.3107371926307678
-0.036044955253601074,0.5826483368873596,0.3130596876144409
-0.030135467648506165,0.529468297958374,0.3312999904155731
0.01823030412197113,0.45878708362579346,0.3573513925075531
0.12615542113780975,0.3953099250793457,0.3582298755645752
0.19940410554409027,0.3581691384315491,0.32338857650756836
0.17843151092529297,0.35993045568466187,0.27665433287620544
0.07100676000118256,0.3853195905685425,0.26215070486068726
-0.05987237021327019,0.3994963765144348,0.28917038440704346
-0.18142417073249817,0.41579270362854004,0.3280303478240967
-0.2651481628417969,0.45498842000961304,0.38448023796081543
-0.3082199990749359,0.4886477589607239,0.43417900800704956
-0.3379458487033844,0.5000461935997009,0.47608721256256104
-0.3408694863319397,0.5017619132995605,0.4980742335319519
-0.3352487087249756,0.496529757976532,0.5140624046325684
-0.34539133310317993,0.4823707938194275,0.5281490683555603
-0.3536999225616455,0.4534115195274353,0.547835111618042
-0.36271560192108154,0.4186416268348694,0.5832942724227905
-0.381059855222702,0.39972245693206787,0.6321330070495605
-0.38585641980171204,0.37800082564353943,0.6933773756027222
-0.39266127347946167,0.3580131530761719,0.762669563293457
-0.38642293214797974,0.3567008972167969,0.8449356555938721
-0.36190053820610046,0.37802886962890625,0.937626302242279
-0.3131507635116577,0.4139683246612549,1.0405492782592773
-0.24159520864486694,0.4417841136455536,1.1503322124481201
-0.14772802591323853,0.4628280699253082,1.2373255491256714
-0.04788598418235779,0.48903006315231323,1.289372205734253
0.06445622444152832,0.530303418636322,1.309828519821167
0.18679368495941162,0.5696265697479248,1.3078582286834717
0.3061267137527466,0.5837043523788452,1.2870452404022217
0.4307270646095276,0.5653676986694336,1.2519898414611816
0.5467449426651001,0.5366430282592773,1.2098811864852905
0.6676874756813049,0.518216073513031,1.1374365091323853
0.8020376563072205,0.491890549659729,1.0317308902740479
0.955225944519043,0.46937185525894165,0.8957300186157227
1.1195322275161743,0.4791274666786194,0.751474142074585
1.2892539501190186,0.5067275762557983,0.6482835412025452
1.4246826171875,0.5434237718582153,0.6098108291625977
1.5566092729568481,0.6541748642921448,0.6227717399597168
1.6711193323135376,0.8827238082885742,0.6781041622161865
1.7241878509521484,1.1558705568313599,0.7574390172958374
1.7423850297927856,1.4243974685668945,0.8596282601356506
1.762125015258789,1.6964635848999023,0.9055793285369873
1.8019754886627197,1.901768684387207,0.8208973407745361
1.8723976612091064,1.9933260679244995,0.6297882795333862
1.9753198623657227,1.9728643894195557,0.33189213275909424
2.1127052307128906,1.8522493839263916,-0.035236090421676636
2.2349355220794678,1.6903743743896484,-0.4342859387397766
2.2919294834136963,1.4973218441009521,-0.8019520044326782
2.2709429264068604,1.2855584621429443,-1.079221487045288
2.163257122039795,1.14004647731781,-1.2516896724700928
1.9831632375717163,1.0901832580566406,-1.256219744682312
1.7552052736282349,1.1304954290390015,-1.104325771331787
1.499720811843872,1.2250324487686157,-0.8501797318458557
1.2410537004470825,1.3338361978530884,-0.5739461779594421
0.9745492339134216,1.4257797002792358,-0.3494122624397278
0.7619489431381226,1.4902962446212769,-0.19149285554885864
0.628264844417572,1.53670334815979,-0.10507899522781372
0.5328392386436462,1.5760023593902588,-0.11193376779556274
0.45403921604156494,1.6180063486099243,-0.2318941354751587
0.3817765712738037,1.644732117652893,-0.4336004853248596
0.3158530294895172,1.6407309770584106,-0.6554931402206421
0.2672621011734009,1.6011912822723389,-0.8561631441116333
0.22591444849967957,1.539414882659912,-1.0378519296646118
0.1998530626296997,1.4687902927398682,-1.1922554969787598
0.20190608501434326,1.3946967124938965,-1.313751459121704
0.22896891832351685,1.3254752159118652,-1.3974719047546387
0.24620303511619568,1.2645390033721924,-1.4511752128601074
0.252214640378952,1.2109599113464355,-1.4880642890930176
0.2709982097148895,1.1734421253204346,-1.5081629753112793
0.2893972098827362,1.1359230279922485,-1.5212945938110352
0.29596561193466187,1.0824427604675293,-1.5271053314208984
0.30349117517471313,1.0303000211715698,-1.5208399295806885
0.32049039006233215,0.991814374923706,-1.4949026107788086
0.3560514748096466,0.9529469609260559,-1.4558342695236206
0.4033348262310028,0.9077755212783813,-1.421915054321289
0.4460897147655487,0.8711325526237488,-1.398940920829773
0.4859532117843628,0.8797730207443237,-1.375268578529358
0.5510733723640442,0.9648222923278809,-1.3415775299072266
0.6315923929214478,1.124511957168579,-1.2730820178985596
0.6792358160018921,1.3130241632461548,-1.1186496019363403
0.7097606062889099,1.4764878749847412,-0.8755799531936646
0.8188755512237549,1.5389355421066284,-0.5692707300186157
1.0392556190490723,1.5691566467285156,-0.23741382360458374
1.3205692768096924,1.624228835105896,0.08844709396362305
1.6846046447753906,1.7269642353057861,0.35360294580459595
1.9540749788284302,1.8867526054382324,0.5860077738761902
2.11611270904541,1.8869510889053345,0.9550833106040955
2.256092071533203,1.7302578687667847,1.486081600189209
2.227654218673706,1.511203646659851,2.175891637802124
1.9034857749938965,1.413026213645935,2.926708698272705
1.3039778470993042,1.5820084810256958,3.3566815853118896
0.8015908002853394,1.7286185026168823,3.408658742904663
0.4526274800300598,1.6326334476470947,3.3020551204681396
0.21794646978378296,1.4384679794311523,3.0324532985687256
0.1722676157951355,1.2532603740692139,2.5437636375427246
0.2550424337387085,1.111210823059082,1.9074865579605103
0.37671810388565063,0.9931096434593201,1.3315906524658203
0.5166844129562378,0.8811594843864441,0.9311808943748474
0.6338745355606079,0.8375599980354309,0.7113102078437805
0.5024815201759338,0.8347204923629761,0.6838634610176086
0.10497701168060303,0.8301553726196289,0.8155860900878906
-0.30359405279159546,0.8463600277900696,0.9942178726196289
-0.5444810390472412,0.8571582436561584,1.1341296434402466
-0.5973705053329468,0.8694649934768677,1.1969926357269287
-0.49147146940231323,0.912682056427002,1.164071798324585
-0.35703814029693604,0.9940333366394043,1.0427136421203613
-0.29319798946380615,1.0958499908447266,0.8749395608901978
-0.2989957332611084,1.200975775718689,0.7169306874275208
-0.29883378744125366,1.31195867061615,0.5765038132667542
-0.3034120202064514,1.4045603275299072,0.4478603005409241
-0.37680119276046753,1.4849382638931274,0.31465965509414673
-0.5136368870735168,1.5536022186279297,0.17616242170333862
-0.7057259678840637,1.5891773700714111,0.07989418506622314
-0.9146832823753357,1.5943658351898193,0.04110157489776611
-1.1248009204864502,1.5693808794021606,0.03555119037628174
-1.330540418624878,1.5024290084838867,0.06488215923309326
-1.4946997165679932,1.431429386138916,0.13539037108421326
-1.5636706352233887,1.3748142719268799,0.2439318746328354
-1.5436748266220093,1.3235714435577393,0.36136341094970703
-1.4966323375701904,1.271511435508728,0.47406917810440063
-1.4485647678375244,1.2212483882904053,0.5864740014076233
-1.4021130800247192,1.2077757120132446,0.6797172427177429
-1.3502217531204224,1.2114344835281372,0.7615475654602051
-1.2991056442260742,1.2279109954833984,0.8275272250175476
-1.2558411359786987,1.3081543445587158,0.8507970571517944
-1.1685688495635986,1.404726505279541,0.8289884328842163
-1.0549565553665161,1.5189032554626465,0.7590898275375366
-0.8977187275886536,1.6405653953552246,0.6617465615272522
-0.6594321131706238,1.714572548866272,0.5733581781387329
-0.3989001512527466,1.735182285308838,0.516220211982727
-0.10876959562301636,1.745058298110962,0.5279090404510498
0.2228325605392456,1.728656530380249,0.6301487684249878
0.5914091467857361,1.6497786045074463,0.7510477304458618
0.9916257262229919,1.597386121749878,0.8078314661979675
1.3956997394561768,1.5001957416534424,0.855821967124939
1.7063336372375488,1.2838422060012817,0.9598357677459717
1.9108644723892212,1.0161395072937012,1.0708465576171875
2.1120657920837402,0.7978367805480957,1.062354326248169
2.361295700073242,0.6608731746673584,0.7743394374847412
2.625473976135254,0.5295085310935974,0.30130988359451294
2.7478795051574707,0.32965826988220215,-0.0971711203455925
2.6289820671081543,0.19174838066101074,-0.32538092136383057
2.386373519897461,0.27034467458724976,-0.4354074001312256
2.114044666290283,0.48444271087646484,-0.4723852872848511
1.823453664779663,0.7205581665039062,-0.43954992294311523
1.5827171802520752,0.9853339791297913,-0.37788423895835876
1.3919434547424316,1.2149136066436768,-0.3770831227302551
1.2252416610717773,1.3165465593338013,-0.4616272747516632
1.138458490371704,1.3173158168792725,-0.5963819622993469
1.091444730758667,1.2698585987091064,-0.7898346185684204
1.0277782678604126,1.1924076080322266,-1.0195584297180176
0.9306238293647766,1.111685037612915,-1.263383150100708
0.7997722625732422,1.033967137336731,-1.472385048866272
0.6550934910774231,0.9641562700271606,-1.5952540636062622
0.5158716440200806,0.9352624416351318,-1.6227959394454956
0.3832997679710388,0.9504178166389465,-1.5833842754364014
0.2649531960487366,0.989311695098877,-1.4824104309082031
0.18135929107666016,0.9914906024932861,-1.346665620803833
0.135475754737854,1.065356969833374,-1.2105412483215332
0.10950243473052979,1.1206258535385132,-1.1327948570251465
0.05453157424926758,1.0987789630889893,-1.1106964349746704
0.06780052185058594,1.0990698337554932,-1.1313586235046387
0.10298037528991699,1.0888473987579346,-1.180112600326538
0.1253596544265747,1.0534394979476929,-1.2423291206359863
0.13908985257148743,1.0077744722366333,-1.3189051151275635
0.17134782671928406,0.9545676708221436,-1.384870171546936
0.21381673216819763,0.8896838426589966,-1.4208829402923584
0.23703867197036743,0.8140552639961243,-1.4405968189239502
0.26173609495162964,0.7440658807754517,-1.4485543966293335
0.29911908507347107,0.6808586120605469,-1.4278712272644043
0.34712690114974976,0.6230011582374573,-1.389792799949646
0.3915889263153076,0.5819871425628662,-1.3446203470230103
0.4524577856063843,0.5790060758590698,-1.3042621612548828
0.5509636998176575,0.6069216728210449,-1.2703845500946045
0.6622663140296936,0.6920491456985474,-1.2248821258544922
0.7569308876991272,0.8579421043395996,-1.1676748991012573
0.8509531617164612,1.089138388633728,-1.0661839246749878
0.9266958832740784,1.3383843898773193,-0.8900328278541565
0.9464395046234131,1.5142894983291626,-0.6994295716285706
0.950708270072937,1.5553001165390015,-0.5233414173126221
0.9400522112846375,1.573375940322876,-0.395898699760437
0.9599848985671997,1.6338067054748535,-0.28041601181030273
0.9106232523918152,1.7159587144851685,-0.06389081478118896
0.7820329666137695,1.7378103733062744,0.3028102517127991
0.7324930429458618,1.636181116104126,0.8380302786827087
0.8065966367721558,1.4834508895874023,1.5392212867736816
1.0082266330718994,1.2434452772140503,2.3374838829040527
1.2844696044921875,0.9488075971603394,3.0528035163879395
1.410312294960022,0.8046003580093384,3.412956953048706
1.241617202758789,0.840212345123291,3.4013829231262207
1.0746452808380127,0.8468287587165833,3.337476968765259
0.9985021352767944,0.7461138367652893,3.3739233016967773
0.8920705914497375,0.6131040453910828,3.283146381378174
0.7762086987495422,0.50934898853302,2.955817937850952
0.7538400292396545,0.45003044605255127,2.4792416095733643
0.8305318355560303,0.4436340630054474,1.999611258506775
0.8943901062011719,0.4801245629787445,1.6421856880187988
0.9002535939216614,0.5531154870986938,1.4226274490356445
0.843216061592102,0.6564662456512451,1.2766799926757812
0.7699405550956726,0.7665583491325378,1.1721751689910889
0.7085415124893188,0.9041798710823059,1.1053634881973267
0.6319271326065063,1.0799003839492798,1.0343393087387085
0.5251005291938782,1.267627239227295,0.9512896537780762
0.3931015729904175,1.439473032951355,0.8630690574645996
0.22658121585845947,1.5853898525238037,0.7541530728340149
0.0011445879936218262,1.6894657611846924,0.6429892778396606
-0.23784714937210083,1.734574556350708,0.5502899885177612
-0.48440247774124146,1.7354404926300049,0.47005701065063477
-0.7457563877105713,1.6861330270767212,0.41429391503334045
-0.9421197772026062,1.599373698234558,0.3936830759048462
-1.062255620956421,1.528557300567627,0.42266538739204407
-1.1317601203918457,1.476930856704712,0.509101152420044
-1.1524548530578613,1.4360908269882202,0.6118433475494385
-1.1922221183776855,1.4356911182403564,0.7002059817314148
-1.2429661750793457,1.4456102848052979,0.78006511926651
-1.274816870689392,1.4157438278198242,0.8679037690162659
-1.3258928060531616,1.3920645713806152,0.9491558074951172
-1.3887124061584473,1.3994979858398438,1.0135995149612427
-1.4058756828308105,1.3809902667999268,1.0661308765411377
-1.393933653831482,1.3414239883422852,1.1312146186828613
-1.369537591934204,1.3227834701538086,1.1855146884918213
-1.2631500959396362,1.332482099533081,1.211553692817688
-1.0469838380813599,1.3618969917297363,1.1951878070831299
-0.7989196181297302,1.3576421737670898,1.1477527618408203
-0.5217541456222534,1.301887035369873,1.119091510772705
-0.24125534296035767,1.2200312614440918,1.1298705339431763
-0.05670434236526489,1.1268401145935059,1.182814121246338
0.059713661670684814,1.0266402959823608,1.2517147064208984
0.20858651399612427,0.9390323758125305,1.2955268621444702
0.37183845043182373,0.92562335729599,1.2919070720672607
0.5291590094566345,0.9595432877540588,1.2691965103149414
0.691295325756073,0.9756343364715576,1.2613624334335327
0.8339124917984009,1.009645700454712,1.2274701595306396
0.9974640607833862,1.0902235507965088,1.133448839187622
1.2297184467315674,1.1305279731750488,0.9786196947097778
1.4726642370224,1.0848767757415771,0.7836164236068726
1.6413657665252686,0.9718406796455383,0.57171630859375
1.7209022045135498,0.7909928560256958,0.32413163781166077
1.781301736831665,0.653849720954895,0.09067954123020172
1.8120880126953125,0.5579357147216797,-0.08960641920566559
1.819836139678955,0.5042188763618469,-0.1704985499382019
1.852592945098877,0.5828394293785095,-0.14416050910949707
1.8677237033843994,0.8050647377967834,-0.05367100238800049
1.812725305557251,1.0509039163589478,-0.0028138160705566406
1.762784719467163,1.2756072282791138,-0.06422063708305359
1.722622036933899,1.4451366662979126,-0.21666011214256287
1.7106494903564453,1.4923019409179688,-0.42975714802742004
1.7448710203170776,1.4445362091064453,-0.6662906408309937
1.7850137948989868,1.368106722831726,-0.9172887206077576
1.7571709156036377,1.299627661705017,-1.1768569946289062
1.7109705209732056,1.252273678779602,-1.3989334106445312
1.6382136344909668,1.1856557130813599,-1.5417876243591309
1.512500286102295,1.1273332834243774,-1.612229585647583
1.377661943435669,1.1053812503814697,-1.6104695796966553
1.2485697269439697,1.1023598909378052,-1.5513010025024414
1.134202241897583,1.1149643659591675,-1.4346245527267456
1.0361253023147583,1.1442394256591797,-1.285567283630371
0.9767215251922607,1.1813288927078247,-1.1237280368804932
0.9204296469688416,1.2332191467285156,-0.9781196713447571
0.837984561920166,1.2736825942993164,-0.8864275217056274
0.7727537155151367,1.2805207967758179,-0.833072304725647
0.7342002391815186,1.285111904144287,-0.8175654411315918
0.7127926349639893,1.2847018241882324,-0.840863049030304
0.6679884791374207,1.2671476602554321,-0.9024120569229126
0.6397687196731567,1.2539560794830322,-0.995141863822937
0.6380876302719116,1.2516741752624512,-1.1050047874450684
0.6154618859291077,1.2478435039520264,-1.2143118381500244
0.5552099347114563,1.261385440826416,-1.3235301971435547
0.4693385362625122,1.2796651124954224,-1.420934796333313
0.3992455005645752,1.277437448501587,-1.472611427307129
0.3639274537563324,1.2446449995040894,-1.4705690145492554
0.34810882806777954,1.1915777921676636,-1.4378724098205566
0.35694974660873413,1.1268634796142578,-1.388221263885498
0.38486412167549133,1.0590846538543701,-1.3264338970184326
0.40707680583000183,1.0016018152236938,-1.279778003692627
0.41957151889801025,0.9603897333145142,-1.2370586395263672
0.4334469735622406,0.9355405569076538,-1.1946702003479004
0.431947261095047,0.9405221343040466,-1.153545618057251
0.4004751443862915,0.9677742123603821,-1.0963181257247925
0.3884313106536865,0.9761492013931274,-0.9886252880096436
0.4346338212490082,0.9388967752456665,-0.8031435012817383
0.5657634139060974,0.8703099489212036,-0.5683664083480835
0.8195756077766418,0.918367862701416,-0.2816280126571655
1.031672477722168,1.0359870195388794,0.014082551002502441
1.2281605005264282,1.1848194599151611,0.2688261866569519
1.4096167087554932,1.3430640697479248,0.48205530643463135
1.5941418409347534,1.4707961082458496,0.7463328242301941
1.7711490392684937,1.5319390296936035,1.104597568511963
1.8490254878997803,1.521127700805664,1.5929371118545532
1.6796801090240479,1.4806272983551025,2.1708316802978516
1.352697491645813,1.5353370904922485,2.623579740524292
0.9678090214729309,1.641103982925415,2.914827823638916
0.5660417079925537,1.5924731492996216,3.0760860443115234
0.2347879409790039,1.4343807697296143,3.0341243743896484
0.12541836500167847,1.2752153873443604,2.7622880935668945
0.3448909521102905,1.1214169263839722,2.332974433898926
0.5715975761413574,0.9900166392326355,1.8722631931304932
0.6772286295890808,0.9283410310745239,1.4985716342926025
0.5951862931251526,0.8934637904167175,1.3022053241729736
0.38222193717956543,0.9002289772033691,1.2587401866912842
0.19007223844528198,0.9417669177055359,1.3129611015319824
0.08281534910202026,0.9660167694091797,1.411503791809082
0.04888808727264404,1.0018205642700195,1.4628329277038574
0.0702289342880249,1.0682324171066284,1.4562203884124756
0.09920799732208252,1.1589072942733765,1.430248498916626
0.10108810663223267,1.277470588684082,1.3758437633514404
0.0973162055015564,1.4196826219558716,1.2747232913970947
0.08082586526870728,1.5713328123092651,1.162158489227295
-0.046670615673065186,1.7018985748291016,1.0328599214553833
-0.30883026123046875,1.789729356765747,0.8623173236846924
-0.6381807327270508,1.8101298809051514,0.699012279510498
-0.9700484871864319,1.7529966831207275,0.5991436243057251
-1.2274346351623535,1.6650022268295288,0.564886212348938
-1.382023572921753,1.5842509269714355,0.5890356302261353
-1.4269404411315918,1.5294244289398193,0.6570996642112732
-1.417985200881958,1.5053327083587646,0.7363811731338501
-1.4111167192459106,1.4949545860290527,0.7973827719688416
-1.3958985805511475,1.498577356338501,0.8389272093772888
-1.3933898210525513,1.4823545217514038,0.8697991371154785
-1.4032349586486816,1.4349234104156494,0.8636748194694519
-1.385209321975708,1.369572639465332,0.8344778418540955
-1.308150291442871,1.3167846202850342,0.8315832018852234
-1.1813347339630127,1.260878562927246,0.8386322259902954
-0.9933141469955444,1.2006112337112427,0.8523001670837402
-0.7357409596443176,1.1248035430908203,0.907075047492981
-0.440898597240448,1.0286983251571655,0.9860105514526367
-0.16436004638671875,0.8915513157844543,1.0619837045669556
0.025380492210388184,0.7513527870178223,1.119488000869751
0.12249183654785156,0.6306023597717285,1.1724627017974854
0.1856498122215271,0.5238489508628845,1.1957006454467773
0.2121233344078064,0.46073174476623535,1.172629714012146
0.2226378321647644,0.4417603015899658,1.128232479095459
0.2683987021446228,0.41636309027671814,1.0685017108917236
0.3416401147842407,0.4467869997024536,0.9956250786781311
0.41935843229293823,0.5153465270996094,0.8931668996810913
0.5550632476806641,0.5787201523780823,0.752216100692749
0.7459055781364441,0.5872662663459778,0.602007269859314
0.9540940523147583,0.5346397757530212,0.4461479187011719
1.1750199794769287,0.44869452714920044,0.29991862177848816
1.380347728729248,0.39764833450317383,0.1703225076198578
1.5789074897766113,0.37087100744247437,0.06067939102649689
1.7851192951202393,0.35007548332214355,-0.0014402121305465698
2.0001797676086426,0.3779152035713196,0.02894347906112671
2.1919307708740234,0.5447030663490295,0.1310921311378479
2.2821168899536133,0.7971975207328796,0.21692883968353271
2.2772445678710938,1.059408187866211,0.2204267978668213
2.2109217643737793,1.2784618139266968,0.10748064517974854
2.115335702896118,1.4187003374099731,-0.10279548168182373
2.0060646533966064,1.4942282438278198,-0.3872314691543579
1.9290424585342407,1.5112791061401367,-0.7023874521255493
1.8665173053741455,1.4854353666305542,-1.0133963823318481
1.7729830741882324,1.41965913772583,-1.2995915412902832
1.6523813009262085,1.3496317863464355,-1.526819109916687
1.483997106552124,1.300789713859558,-1.6726889610290527
1.2656326293945312,1.2754127979278564,-1.739092230796814
1.0568795204162598,1.256054401397705,-1.711966633796692
0.8898239135742188,1.2372342348098755,-1.5852553844451904
0.7487085461616516,1.2295125722885132,-1.411665439605713
0.6349697709083557,1.2151870727539062,-1.2338743209838867
0.5645303726196289,1.1952868700027466,-1.0672662258148193
0.532946765422821,1.181749939918518,-0.9334017634391785
0.5202234387397766,1.171593427658081,-0.8616654276847839
0.5153272151947021,1.1815924644470215,-0.854064404964447
0.502393901348114,1.2165052890777588,-0.8955491781234741
0.44996780157089233,1.2499152421951294,-0.9859325289726257
0.3795003890991211,1.2868750095367432,-1.0977346897125244
0.2991808354854584,1.3214459419250488,-1.2052316665649414
0.20012077689170837,1.345432996749878,-1.3108370304107666
0.11247870326042175,1.3497055768966675,-1.3953287601470947
0.05286809802055359,1.3230969905853271,-1.4448673725128174
0.02433738112449646,1.2739132642745972,-1.4525904655456543
0.014916568994522095,1.221287727355957,-1.4246463775634766
0.016992174088954926,1.1695767641067505,-1.3855220079421997
0.03438182920217514,1.1164664030075073,-1.34952974319458
0.06098279729485512,1.0574458837509155,-1.3098747730255127
0.10849185287952423,0.9981895685195923,-1.2782825231552124
0.16760490834712982,0.9432265758514404,-1.2504050731658936
0.20133987069129944,0.9128999710083008,-1.2152742147445679
0.21687959134578705,0.9015383720397949,-1.179256558418274
0.237096905708313,0.8984384536743164,-1.1214449405670166
0.2817656993865967,0.8997539281845093,-1.0274198055267334
0.3673289716243744,0.908091127872467,-0.8971967101097107
0.48886004090309143,0.9264518618583679,-0.7357296943664551
0.5986801981925964,0.9422672986984253,-0.5492043495178223
0.6949620246887207,0.9807267189025879,-0.3606078624725342
0.7619950771331787,1.0518804788589478,-0.196000337600708
0.829946756362915,1.1108765602111816,-0.017843663692474365
0.904117226600647,1.13791024684906,0.17273163795471191
1.0463945865631104,1.165372610092163,0.39976370334625244
1.2045069932937622,1.203789472579956,0.7137611508369446
1.2515902519226074,1.2358558177947998,1.1397686004638672
1.1795639991760254,1.2328107357025146,1.653130292892456
1.088058590888977,1.2060654163360596,2.149895668029785
0.9335197806358337,1.1926785707473755,2.537108898162842
0.6873812079429626,1.2104655504226685,2.760974884033203
0.5199728608131409,1.2044577598571777,2.860250949859619
0.4236331582069397,1.1426658630371094,2.878110408782959
0.29576194286346436,1.0672088861465454,2.777880907058716
0.11355382204055786,1.016381859779358,2.542640447616577
-0.034770429134368896,0.9707878828048706,2.263004779815674
-0.08407294750213623,0.9250606298446655,1.9994337558746338
-0.0497746467590332,0.9124469757080078,1.7838157415390015
0.0351373553276062,0.90506911277771,1.6463146209716797
0.10583311319351196,0.9089040756225586,1.5429320335388184
0.08526498079299927,0.9307258725166321,1.4528096914291382
-0.008052647113800049,0.9849796295166016,1.3775105476379395
-0.12546485662460327,1.0609501600265503,1.3387194871902466
-0.23885130882263184,1.1424916982650757,1.3226971626281738
-0.3396992087364197,1.2560839653015137,1.2758979797363281
-0.4840196967124939,1.3825695514678955,1.1516296863555908
-0.6660631895065308,1.471543550491333,0.9969689846038818
-0.8867083191871643,1.5157701969146729,0.8931641578674316
-1.1078803539276123,1.5025763511657715,0.8149662017822266
-1.2563447952270508,1.4465415477752686,0.744266152381897
-1.3237009048461914,1.4002349376678467,0.6779145002365112
-1.3210923671722412,1.364598035812378,0.6270729899406433
-1.2868534326553345,1.3223369121551514,0.6048800945281982
-1.241262435913086,1.2719899415969849,0.5909241437911987
-1.171553373336792,1.2016875743865967,0.5825269222259521
-1.1210743188858032,1.115652322769165,0.579539954662323
-1.0868303775787354,1.0384008884429932,0.5753660798072815
-1.0642447471618652,0.96956467628479,0.5939307808876038
-1.0419893264770508,0.8892789483070374,0.6464674472808838
-0.9866456985473633,0.8065907955169678,0.7133674025535583
-0.9099697470664978,0.7534425258636475,0.7685297727584839
-0.8216649889945984,0.7175452709197998,0.8053188323974609
-0.7330496907234192,0.6984375715255737,0.8196907043457031
-0.6315559148788452,0.6607234477996826,0.8206906318664551
-0.5173845887184143,0.6004050374031067,0.8187575340270996
-0.3647879958152771,0.5399618744850159,0.8054344654083252
-0.21406978368759155,0.4868326187133789,0.7978467345237732
-0.062930166721344,0.4143703877925873,0.8048527836799622
0.13817822933197021,0.35887444019317627,0.7927831411361694
0.3218786120414734,0.3226093053817749,0.7550814151763916
0.47786086797714233,0.2790948152542114,0.726343035697937
0.6069640517234802,0.24770325422286987,0.7104864716529846
0.7118670344352722,0.25270503759384155,0.6991540789604187
0.8093796372413635,0.2557453513145447,0.6630808115005493
0.9133086800575256,0.26446419954299927,0.5408005714416504
1.0529488325119019,0.2725151777267456,0.34311777353286743
1.225387692451477,0.25422245264053345,0.13819670677185059
1.4308451414108276,0.19343209266662598,-0.042055338621139526
1.7112559080123901,0.15003782510757446,-0.2082729935646057
2.016781806945801,0.18652349710464478,-0.3394172787666321
2.2278950214385986,0.29899483919143677,-0.43437081575393677
2.2873587608337402,0.45734649896621704,-0.4875756502151489
2.1986947059631348,0.6583272814750671,-0.5417020320892334
2.0347280502319336,0.8637542128562927,-0.614707350730896
1.8903378248214722,1.0204102993011475,-0.6813135743141174
1.746096134185791,1.0981853008270264,-0.7702770233154297
1.5972098112106323,1.1095550060272217,-0.8945671916007996
1.5080878734588623,1.0840071439743042,-1.0066686868667603
1.4734406471252441,1.0171514749526978,-1.0969195365905762
1.4553260803222656,0.9034604430198669,-1.1795635223388672
1.395392894744873,0.838656485080719,-1.2794792652130127
1.2581442594528198,0.8373454809188843,-1.3707897663116455
1.0695115327835083,0.8668995499610901,-1.4229118824005127
0.9286926984786987,0.9099565744400024,-1.4222356081008911
0.7272738814353943,0.9204721450805664,-1.3673095703125
0.5504846572875977,0.8888497352600098,-1.2858262062072754
0.44800692796707153,0.8322485685348511,-1.1550285816192627
0.37744230031967163,0.7548446655273438,-0.9883630871772766
0.3257378339767456,0.6737674474716187,-0.8304935097694397
0.2946852445602417,0.6048705577850342,-0.7062841653823853
0.28963226079940796,0.5609807968139648,-0.6139817833900452
0.3018271327018738,0.5409759283065796,-0.5634042024612427
0.30159246921539307,0.5439167022705078,-0.5677714347839355
0.2654222249984741,0.5650063753128052,-0.6210331320762634
0.22596609592437744,0.6008104681968689,-0.695206344127655
0.18752318620681763,0.6357430219650269,-0.7479987740516663
0.1396101713180542,0.6563277840614319,-0.793304979801178
0.0742083489894867,0.6366137862205505,-0.839917004108429
0.019191980361938477,0.5838484764099121,-0.8505576848983765
-0.008467406034469604,0.5264347195625305,-0.8136038780212402
0.003271818161010742,0.45412546396255493,-0.7492194771766663
0.014546602964401245,0.38805997371673584,-0.6784600615501404
-0.03187209367752075,0.3719980716705322,-0.6119939088821411
-0.07699882984161377,0.36770451068878174,-0.5258209705352783
-0.09341718256473541,0.34337037801742554,-0.4073094129562378
-0.08437217772006989,0.2923307418823242,-0.267314612865448
-0.08342045545578003,0.2374388575553894,-0.1495906114578247
-0.10062700510025024,0.21081727743148804,-0.08716285228729248
-0.11178994178771973,0.20337671041488647,-0.09343850612640381
-0.1279405951499939,0.196200430393219,-0.15040481090545654
-0.18192103505134583,0.16973841190338135,-0.2351902723312378
-0.24077951908111572,0.10182422399520874,-0.3281702399253845
-0.2580951154232025,0.03483915328979492,-0.39295440912246704
-0.24447670578956604,-0.016224563121795654,-0.4075447916984558
-0.22038710117340088,-0.04670357704162598,-0.38122648000717163
-0.20408892631530762,-0.07209107279777527,-0.3279099464416504
-0.1824890673160553,-0.10736948251724243,-0.25574415922164917
-0.17526361346244812,-0.13606706261634827,-0.19213426113128662
-0.19330966472625732,-0.15356478095054626,-0.15118950605392456
-0.2320336401462555,-0.1722021996974945,-0.10852378606796265
-0.26669058203697205,-0.19676470756530762,-0.07376205921173096
-0.29054248332977295,-0.21878132224082947,-0.057747840881347656
-0.3050552308559418,-0.24003568291664124,-0.05383956432342529
-0.27562516927719116,-0.2588467299938202,-0.041410624980926514
-0.2228834629058838,-0.2693612277507782,-0.01471412181854248
-0.1695062220096588,-0.29384657740592957,0.017859697341918945
-0.13376647233963013,-0.31899136304855347,0.03270900249481201
-0.12683522701263428,-0.313426673412323,0.033839523792266846
-0.1864626705646515,-0.3247876763343811,0.03098207712173462
-0.19959276914596558,-0.29144027829170227,0.041113317012786865
-0.2030685842037201,-0.26877668499946594,0.049742698669433594
-0.21767818927764893,-0.2861109972000122,0.05510759353637695
-0.22622141242027283,-0.29096120595932007,0.06167477369308472
-0.2326485812664032,-0.2883795499801636,0.05341923236846924
-0.2276064157485962,-0.30052533745765686,0.02024364471435547
-0.2152092456817627,-0.31283116340637207,-0.012324929237365723
-0.20161855220794678,-0.3137028217315674,-0.024086833000183105
-0.20778024196624756,-0.30361300706863403,-0.022590935230255127
-0.22495704889297485,-0.2934858202934265,-0.024267077445983887
-0.25510910153388977,-0.27970895171165466,-0.02908456325531006
-0.2797558903694153,-0.2792759835720062,-0.028565645217895508
-0.27890002727508545,-0.2867112159729004,-0.02744615077972412
-0.2604345679283142,-0.29361969232559204,-0.026528477668762207
-0.22881248593330383,-0.3055779039859772,-0.027869343757629395
-0.19126036763191223,-0.32105356454849243,-0.03020799160003662
-0.165968656539917,-0.3302355408668518,-0.01611328125
-0.13345268368721008,-0.3326009213924408,0.006728172302246094
-0.12150269746780396,-0.3444094657897949,0.024130582809448242
-0.12385177612304688,-0.3526596128940582,0.04058748483657837
-0.11777541041374207,-0.35271209478378296,0.03950214385986328
-0.10021302103996277,-0.3620670437812805,0.028781890869140625
-0.09746873378753662,-0.35393744707107544,0.009592771530151367
-0.1138751208782196,-0.3455938994884491,-0.008386015892028809
-0.14716386795043945,-0.3272964060306549,-0.028278648853302002
-0.17468994855880737,-0.3110406696796417,-0.1014479398727417
-0.18350109457969666,-0.34053710103034973,-0.553502082824707
-0.17414003610610962,-0.3951939642429352,-1.333423376083374
0.06627914309501648,-0.32828232645988464,-0.5018894672393799
0.023673146963119507,-0.24461132287979126,0.3317364454269409
-0.06150922179222107,-0.2683185338973999,0.29358696937561035
-0.2773208022117615,-0.43068140745162964,0.17144036293029785
-0.2686997950077057,-0.38083741068840027,-0.006476759910583496
-0.129579097032547,-0.32076647877693176,-0.12479174137115479
-0.15520620346069336,-0.40911534428596497,-0.19351887702941895
-0.2619916796684265,-0.3935670554637909,-0.10755109786987305
-0.2734614610671997,-0.28455212712287903,0.00366973876953125
-0.20422619581222534,-0.30498796701431274,0.030258774757385254
-0.18419420719146729,-0.33243653178215027,-0.01715397834777832
-0.23642495274543762,-0.3151593506336212,-0.01597350835800171
-0.27120015025138855,-0.2718886137008667,0.02463287115097046
-0.3108852207660675,-0.2767026126384735,0.05321705341339111
-0.3433645963668823,-0.2785109579563141,0.0792466402053833
-0.3267917037010193,-0.31944042444229126,0.1772027611732483
-0.2618698179721832,-0.3166905343532562,0.2585669159889221
-0.22579795122146606,-0.3440691828727722,0.31244218349456787
-0.2033059000968933,-0.33132797479629517,0.3363206386566162
-0.2518000304698944,-0.3013192117214203,0.16172045469284058
-0.14703428745269775,-0.005578339099884033,-0.7045215368270874
-0.41051745414733887,-0.8405671119689941,-0.34279459714889526
-0.03976508975028992,-0.1732127070426941,-0.3699130415916443
-0.15966585278511047,-0.3214017152786255,-0.5571654438972473
-0.3840595483779907,-0.4004758298397064,-0.4453868865966797
-0.24058207869529724,-0.2783569097518921,-0.3692582845687866
-0.2276763916015625,-0.33723288774490356,-0.28965216875076294
-0.15536126494407654,-0.3180338144302368,-0.11599886417388916
-0.13857930898666382,-0.3024113178253174,-0.01663893461227417
-0.18058499693870544,-0.287074476480484,0.02456068992614746
-0.2381032109260559,-0.310046523809433,0.07518774271011353
-0.29077303409576416,-0.320517361164093,0.06277859210968018
-0.3184024393558502,-0.30647116899490356,0.02426016330718994
-0.32231074571609497,-0.31901416182518005,0.04188096523284912
-0.2785402238368988,-0.3231825828552246,0.12434732913970947
-0.22372394800186157,-0.32008370757102966,0.142680823802948
-0.16382694244384766,-0.32647159695625305,0.13651341199874878
-0.13585925102233887,-0.3211233913898468,0.12022519111633301
-0.16326653957366943,-0.2858578860759735,0.0732492208480835
-0.23037737607955933,-0.2555382549762726,0.05737704038619995
-0.25564563274383545,-0.25779208540916443,0.08532828092575073
-0.228679358959198,-0.24940893054008484,0.09644126892089844
-0.20486080646514893,-0.21961328387260437,0.11649024486541748
-0.2165088653564453,-0.2154521346092224,0.18048477172851562
-0.27313828468322754,-0.2099948525428772,0.2171097993850708
-0.33698248863220215,-0.16968071460723877,0.2051803469657898
-0.4041861891746521,-0.1546945571899414,0.1804400384426117
-0.47707104682922363,-0.13165438175201416,0.1217721551656723
-0.5400785207748413,-0.10825133323669434,0.0726684033870697
-0.5704011917114258,-0.10308384895324707,0.09105157107114792
-0.6155062317848206,-0.11202222108840942,0.11519432067871094
-0.6500112414360046,-0.11335939168930054,0.11545843631029129
-0.6787856221199036,-0.11599063873291016,0.10906493663787842
-0.7068417072296143,-0.1072685718536377,0.10257086157798767
-0.6744260191917419,-0.10110253095626831,0.09762227535247803
-0.634797215461731,-0.1086990237236023,0.09584692120552063
-0.6336590051651001,-0.11758846044540405,0.05992552638053894
-0.6162639260292053,-0.11557865142822266,-0.0242120623588562
-0.5565964579582214,-0.11430186033248901,-0.08388745784759521
-0.47688087821006775,-0.12186360359191895,-0.10527306795120239
-0.4270639717578888,-0.10644882917404175,-0.13243728876113892
-0.43989992141723633,-0.10183501243591309,-0.15687042474746704
-0.5067369341850281,-0.10748875141143799,-0.15591251850128174
-0.5334597229957581,-0.09287840127944946,-0.10154324769973755
-0.5418184399604797,-0.081265389919281,-0.008540689945220947
-0.5436924695968628,-0.09341919422149658,0.08738398551940918
-0.542962908744812,-0.09782952070236206,0.16765177249908447
-0.5289140939712524,-0.08203333616256714,0.20928138494491577
-0.5069608688354492,-0.10282707214355469,0.24782729148864746
-0.48624879121780396,-0.1257340908050537,0.26435160636901855
-0.45750799775123596,-0.1282271146774292,0.2546745538711548
-0.4407898783683777,-0.14434725046157837,0.2317051887512207
-0.4351504147052765,-0.16486424207687378,0.2151496410369873
-0.44228893518447876,-0.179948627948761,0.1957816481590271
-0.4378904700279236,-0.1829981803894043,0.16300594806671143
-0.43016189336776733,-0.1922513246536255,0.14987099170684814
-0.4317913055419922,-0.21474653482437134,0.15162992477416992
-0.43311792612075806,-0.22433751821517944,0.1573447585105896
-0.410383939743042,-0.2387128472328186,0.17590373754501343
-0.3794793486595154,-0.2638809084892273,0.1820036768913269
-0.3473696708679199,-0.2833346128463745,0.15188628435134888
-0.30251848697662354,-0.29944682121276855,0.09275877475738525
-0.26855310797691345,-0.3260013163089752,0.045818030834198
-0.2681242823600769,-0.3405762314796448,0.014236807823181152
-0.27268683910369873,-0.33911147713661194,0.020317494869232178
-0.2809601426124573,-0.33675330877304077,0.0472906231880188
-0.28525835275650024,-0.3321221172809601,0.05792266130447388
-0.27458351850509644,-0.33560866117477417,0.05336403846740723
-0.2822619378566742,-0.3279617130756378,0.02023535966873169
-0.30070143938064575,-0.29537147283554077,0.002773761749267578
-0.3082919716835022,-0.26542508602142334,0.022742927074432373
-0.29688405990600586,-0.25441035628318787,0.04531735181808472
-0.2483392059803009,-0.24050328135490417,0.06734621524810791
-0.21183602511882782,-0.23813000321388245,0.08876985311508179
-0.20900695025920868,-0.2275526225566864,0.10568439960479736
-0.21056793630123138,-0.19232505559921265,0.118843674659729
-0.23413752019405365,-0.16757240891456604,0.1291898488998413
-0.24691928923130035,-0.1625857949256897,0.13211429119110107
-0.20866574347019196,-0.15460383892059326,0.13050711154937744
-0.12017019093036652,-0.15983456373214722,0.10016775131225586
-0.011258527636528015,-0.17676544189453125,0.028505146503448486
0.08961944282054901,-0.1828916072845459,-0.06981372833251953
0.13698458671569824,-0.1700320541858673,-0.14750313758850098
0.11447438597679138,-0.14881464838981628,-0.14309895038604736
0.03675171732902527,-0.12203866243362427,-0.06932353973388672
-0.05575287342071533,-0.06961193680763245,0.03804832696914673
-0.14596891403198242,-0.005593001842498779,0.15674394369125366
-0.2329789698123932,0.04410406947135925,0.2807992696762085
-0.3057954013347626,0.09171417355537415,0.39729392528533936
-0.367001473903656,0.1478199064731598,0.48298048973083496
-0.4177838861942291,0.1975376307964325,0.5357499718666077
-0.45966553688049316,0.2422366440296173,0.5673971772193909
-0.5074917078018188,0.29259687662124634,0.5790504217147827
-0.5553744435310364,0.34762564301490784,0.5794308185577393
-0.582388162612915,0.3884654641151428,0.5948851108551025
-0.5951868295669556,0.4342501759529114,0.6081902980804443
-0.6077076196670532,0.48090237379074097,0.609198808670044
-0.6196893453598022,0.5162901878356934,0.606150209903717
-0.6310198307037354,0.5610826015472412,0.6064547896385193
-0.6422808170318604,0.6000896692276001,0.6355394721031189
-0.6418809294700623,0.6173263788223267,0.6764779090881348
-0.6307127475738525,0.6376195549964905,0.6950812339782715
-0.6211901903152466,0.6725597381591797,0.6852580904960632
-0.6107461452484131,0.7070000171661377,0.6516367197036743
-0.6045628786087036,0.7345322370529175,0.5981773734092712
-0.5974210500717163,0.7607158422470093,0.5307946801185608
-0.5765541195869446,0.795876145362854,0.4580920934677124
-0.5609802007675171,0.8431309461593628,0.40028804540634155
-0.5581873655319214,0.8913542628288269,0.3507215976715088
-0.5556885004043579,0.9401127696037292,0.33431732654571533
-0.5501196384429932,1.0027177333831787,0.3302500247955322
-0.519352912902832,1.0704185962677002,0.3341526389122009
-0.46467727422714233,1.1342778205871582,0.3317296504974365
-0.3969764709472656,1.1883220672607422,0.3163033723831177
-0.31281065940856934,1.2496806383132935,0.2934202551841736
-0.22320246696472168,1.3074389696121216,0.2761644124984741
-0.12624770402908325,1.3731799125671387,0.2703705430030823
0.006887555122375488,1.4479031562805176,0.2729519009590149
0.16941773891448975,1.5149438381195068,0.2923774719238281
0.34280234575271606,1.584791660308838,0.31848615407943726
0.5344085693359375,1.6668663024902344,0.35916757583618164
0.7747284173965454,1.7177603244781494,0.44431087374687195
1.0672491788864136,1.711478352546692,0.5783696174621582
1.3276724815368652,1.6910245418548584,0.7106505632400513
1.518183708190918,1.69761323928833,0.7720367312431335
1.6509922742843628,1.736706256866455,0.7469028234481812
1.7816393375396729,1.740772008895874,0.7380785942077637
1.9206956624984741,1.6633532047271729,0.8493330478668213
2.0398921966552734,1.5527276992797852,0.9936968684196472
2.1541061401367188,1.449582815170288,1.0667918920516968
2.249239921569824,1.3641846179962158,1.018580675125122
2.3046517372131348,1.2210053205490112,0.9276623129844666
2.3195109367370605,0.9910823702812195,0.8979535698890686
2.3238253593444824,0.776425302028656,0.8988299369812012
2.3234128952026367,0.6322436928749084,0.8879213333129883
2.299896240234375,0.5277350544929504,0.8625510931015015
2.2457547187805176,0.43737858533859253,0.8365073204040527
2.1779348850250244,0.3497433066368103,0.833570659160614
2.0999865531921387,0.24301564693450928,0.8721117973327637
2.029777765274048,0.1108243465423584,0.9549486637115479
1.9866769313812256,0.00922173261642456,1.039973497390747
1.9665355682373047,-0.04731220006942749,1.0999252796173096
1.9450161457061768,-0.09861069917678833,1.1446576118469238
1.909533977508545,-0.15369492769241333,1.169034719467163
1.8529126644134521,-0.1997494101524353,1.1798707246780396
1.773555874824524,-0.23238623142242432,1.1869220733642578
1.6760985851287842,-0.26143068075180054,1.1973707675933838
1.5646090507507324,-0.29567766189575195,1.2051857709884644
1.4537464380264282,-0.3289182782173157,1.2017972469329834
1.3551570177078247,-0.3425180912017822,1.187008023262024
1.26560640335083,-0.3327942490577698,1.1562206745147705
1.1848385334014893,-0.3220170736312866,1.1192927360534668
1.1163640022277832,-0.3160299062728882,1.0784525871276855
1.0531917810440063,-0.2980392575263977,1.0365784168243408
0.9848096370697021,-0.2729458212852478,0.9996041059494019
0.9128174781799316,-0.2547619342803955,0.9593738913536072
0.8435407280921936,-0.2360919713973999,0.9156447052955627
0.7739249467849731,-0.20564812421798706,0.873031497001648
0.6985679864883423,-0.1665526032447815,0.8315514922142029
0.6263291239738464,-0.13198387622833252,0.7895600199699402
0.5598809719085693,-0.09737908840179443,0.7441202402114868
0.4973506033420563,-0.05138516426086426,0.6955215334892273
0.43615707755088806,0.006343245506286621,0.6438919305801392
0.3728893995285034,0.06899440288543701,0.589072048664093
0.31272092461586,0.12747728824615479,0.535237729549408
0.25748398900032043,0.1705666184425354,0.48438724875450134
0.20591935515403748,0.2036980390548706,0.4318998157978058
0.15730655193328857,0.23127371072769165,0.3785446286201477
0.1037747859954834,0.2484315037727356,0.328895628452301
0.051428139209747314,0.2432824969291687,0.28139370679855347
0.023037970066070557,0.2277197241783142,0.22848790884017944
0.007648944854736328,0.2125462293624878,0.17508283257484436
-0.001671135425567627,0.20490485429763794,0.1246429830789566
-0.0004698634147644043,0.2000846266746521,0.07775512337684631
0.008185148239135742,0.19088751077651978,0.0359845906496048
0.020340681076049805,0.17547833919525146,0.0033587217330932617
0.019930779933929443,0.15266132354736328,-0.017116278409957886
0.03011798858642578,0.11619853973388672,-0.022409498691558838
0.06711965799331665,0.0769728422164917,-0.011158272624015808
0.10466045141220093,0.05605590343475342,0.0010748058557510376
0.09958267211914062,0.059552133083343506,0.009839057922363281
0.060971081256866455,0.03898346424102783,0.055589497089385986
0.08652174472808838,0.0018093585968017578,0.15990665555000305
0.1740473508834839,0.005779147148132324,0.2658137381076813
0.2377302646636963,0.024178266525268555,0.34000205993652344
0.2705651521682739,0.05285203456878662,0.3721950650215149
0.2979379892349243,0.13145464658737183,0.35927265882492065
0.30069249868392944,0.26507848501205444,0.32176244258880615
0.24754047393798828,0.41566991806030273,0.2729261815547943
0.13107740879058838,0.5523156523704529,0.23976358771324158
-0.03393203020095825,0.6255840063095093,0.23507997393608093
-0.2276707887649536,0.6230440735816956,0.2421775460243225
-0.3832116723060608,0.5891310572624207,0.246628075838089
-0.46999824047088623,0.5753098726272583,0.2504230737686157
-0.5188884139060974,0.6062330603599548,0.2442779242992401
-0.5678448677062988,0.6578406095504761,0.21603286266326904
-0.6304629445075989,0.6981303691864014,0.16983699798583984
-0.673511803150177,0.7325620055198669,0.13632500171661377
-0.6589992642402649,0.7707971930503845,0.1376112699508667
-0.6057595014572144,0.7987195253372192,0.18452012538909912
-0.5494460463523865,0.7811658978462219,0.2573709487915039
-0.49289757013320923,0.7276867032051086,0.33484703302383423
-0.4338272213935852,0.650724470615387,0.4115895628929138
-0.37179386615753174,0.557138979434967,0.4833716154098511
-0.3094237446784973,0.4689730405807495,0.5400986671447754
-0.25736314058303833,0.38248521089553833,0.5757311582565308
-0.19736355543136597,0.2996777296066284,0.588087797164917
-0.12616455554962158,0.21693694591522217,0.5785725116729736
-0.05059540271759033,0.13214921951293945,0.5491549372673035
0.04575842618942261,0.0618133544921875,0.4852069616317749
0.11920696496963501,-0.012518107891082764,0.40426450967788696
0.18463414907455444,-0.08809196949005127,0.3300461769104004
0.22463130950927734,-0.1420179009437561,0.2583707571029663
0.23543310165405273,-0.19605213403701782,0.19202157855033875
0.2084282636642456,-0.24488377571105957,0.1388617306947708
0.15978986024856567,-0.2813979983329773,0.09290152788162231
0.10771650075912476,-0.2987346053123474,0.0540333092212677
0.05418127775192261,-0.30394697189331055,0.03216177225112915
-0.0003917217254638672,-0.29157936573028564,0.023128390312194824
-0.039300739765167236,-0.26490139961242676,0.016017988324165344
-0.05741530656814575,-0.2307213544845581,0.010649949312210083
-0.05593770742416382,-0.2070574164390564,0.011863410472869873
-0.02776622772216797,-0.19145584106445312,0.02226078510284424
0.03529620170593262,-0.1678546667098999,0.03220236301422119
0.12490832805633545,-0.13767564296722412,0.046397775411605835
0.2183632254600525,-0.1335316300392151,0.07207824289798737
0.3042590618133545,-0.1465529203414917,0.09573686122894287
0.39963608980178833,-0.15251994132995605,0.10221296548843384
0.4714178442955017,-0.14507055282592773,0.10708475112915039
0.5562452673912048,-0.13943898677825928,0.1264616847038269
0.6540590524673462,-0.17740756273269653,0.14568747580051422
0.7741628289222717,-0.23989123106002808,0.1549801081418991
0.8992046117782593,-0.2809768319129944,0.16375961899757385
0.999410092830658,-0.3446030020713806,0.16760368645191193
1.082438349723816,-0.42056089639663696,0.17526888847351074
1.1007682085037231,-0.5041598677635193,0.2144322395324707
1.0751396417617798,-0.5976871252059937,0.2927836775779724
1.0228102207183838,-0.678222119808197,0.39113670587539673
0.9827433824539185,-0.7309321761131287,0.49274322390556335
0.9739280939102173,-0.7616167068481445,0.5867515802383423
0.9888389110565186,-0.7493945956230164,0.6649917364120483
1.0067622661590576,-0.7290464639663696,0.7196493148803711
1.0226012468338013,-0.709627628326416,0.7412126064300537
1.065470576286316,-0.650384783744812,0.7364494800567627
1.1052350997924805,-0.5718535780906677,0.7505216598510742
1.131751298904419,-0.506585955619812,0.7781423330307007
1.1695281267166138,-0.4732782244682312,0.8252224922180176
1.2106348276138306,-0.4972403645515442,0.8755773305892944
1.2439106702804565,-0.5779772400856018,0.8933159112930298
1.3169870376586914,-0.5933193564414978,0.8999813795089722
1.327053427696228,-0.5605814456939697,0.8903040885925293
1.2221137285232544,-0.544651210308075,0.824091911315918
1.075092077255249,-0.5143885016441345,0.7453824281692505
0.9835067987442017,-0.4455311894416809,0.6987823247909546
0.9205193519592285,-0.3862152695655823,0.6968823075294495
0.8657904267311096,-0.35804688930511475,0.735381007194519
0.9104217886924744,-0.28118956089019775,0.7354916334152222
0.8880398869514465,-0.27661752700805664,0.6799962520599365
0.7188305258750916,-0.38376134634017944,0.7014216780662537
0.6407471895217896,-0.42226123809814453,0.7435668706893921
0.627975344657898,-0.40947699546813965,0.7643123865127563
0.5907418131828308,-0.35756349563598633,0.7572314739227295
0.581696093082428,-0.27967190742492676,0.7138519287109375
0.5216792225837708,-0.18912696838378906,0.6579514741897583
0.4276542067527771,-0.11245453357696533,0.597097635269165
0.3398262858390808,-0.06222379207611084,0.552764892578125
0.2734034061431885,-0.016882598400115967,0.5205023884773254
0.2417965531349182,0.026957392692565918,0.5027685761451721
0.24206799268722534,0.06484043598175049,0.49697625637054443
0.24101346731185913,0.08668705821037292,0.4837109446525574
0.18718725442886353,0.08650052547454834,0.4387297034263611
0.12392574548721313,0.0733310878276825,0.3877062201499939
0.19705379009246826,0.11875134706497192,0.3618682026863098
0.20759272575378418,0.16598281264305115,0.3171611428260803
0.13009542226791382,0.17514663934707642,0.2645658254623413
0.03341388702392578,0.18980509042739868,0.21955901384353638
-0.06645840406417847,0.20433136820793152,0.1727239489555359
-0.15680253505706787,0.21527552604675293,0.1397131085395813
-0.21281611919403076,0.22598960995674133,0.1286723017692566
-0.24126160144805908,0.24221709370613098,0.1361011266708374
-0.24627172946929932,0.2622588872909546,0.14355605840682983
-0.23679131269454956,0.2661784291267395,0.15817022323608398
-0.22518044710159302,0.25722137093544006,0.17234539985656738
-0.22678828239440918,0.23670825362205505,0.18803894519805908
-0.2326287031173706,0.20949596166610718,0.20099514722824097
-0.2378057837486267,0.19174304604530334,0.21372824907302856
-0.24206608533859253,0.1929137408733368,0.21619975566864014
-0.2474105954170227,0.19664666056632996,0.211212158203125
-0.262304425239563,0.20633123815059662,0.21001887321472168
-0.2933118939399719,0.21609655022621155,0.2002866268157959
-0.3279050588607788,0.22640544176101685,0.1737794280052185
-0.3279341459274292,0.28189074993133545,0.13887983560562134
-0.4356282949447632,0.25935178995132446,0.15695053339004517
-0.5347936749458313,0.21427308022975922,0.1729665994644165
-0.5068787336349487,0.25148719549179077,0.14536237716674805
-0.4842730760574341,0.3118647038936615,0.11341667175292969
-0.5220791697502136,0.32625773549079895,0.11799359321594238
-0.5490369200706482,0.3357378840446472,0.1573488712310791
-0.5267643928527832,0.3559521734714508,0.1932770013809204
-0.4765944480895996,0.3684030771255493,0.21586298942565918
-0.4039044976234436,0.39872270822525024,0.22588932514190674
-0.3290690779685974,0.4385529160499573,0.1986253261566162
-0.2609856128692627,0.4969353675842285,0.1309528350830078
-0.18450182676315308,0.5710272789001465,0.02833080291748047
-0.14592665433883667,0.6315257549285889,-0.057536959648132324
-0.17904841899871826,0.6311565637588501,-0.08269166946411133
-0.2024930715560913,0.596167802810669,0.02565288543701172
-0.20198172330856323,0.5432189702987671,0.21657884120941162
-0.15859454870224,0.5714619755744934,0.2069631814956665
-0.06845587491989136,0.6353192925453186,0.19960357248783112
-0.025173425674438477,0.6479079723358154,0.15339350700378418
0.012747228145599365,0.6296008825302124,0.09969162940979004
0.04110908508300781,0.6003748774528503,0.0577545166015625
0.05822235345840454,0.5598779916763306,-0.0002216249704360962
0.0792650580406189,0.4876234531402588,-0.05440032482147217
0.06597393751144409,0.4104415774345398,-0.07638072967529297
0.06028258800506592,0.3339978754520416,-0.05316197872161865
0.07625448703765869,0.2555593252182007,0.007685303688049316
0.06634992361068726,0.17072659730911255,0.0648510605096817
0.04982501268386841,0.11185812950134277,0.11998321115970612
0.038174211978912354,0.060179755091667175,0.18495547771453857
0.04207497835159302,0.010303899645805359,0.2552541494369507
0.08366525173187256,-0.018307596445083618,0.3343522548675537
0.09403270483016968,-0.04819965362548828,0.40021491050720215
0.07948613166809082,-0.08784884214401245,0.440679669380188
0.06285011768341064,-0.11673799157142639,0.45344698429107666
0.04443281888961792,-0.13843706250190735,0.4483548402786255
0.029861092567443848,-0.1646374762058258,0.41639697551727295
0.11866116523742676,-0.03534901142120361,0.3720017671585083
0.11893141269683838,-0.14123666286468506,0.3676375150680542
-0.038119375705718994,-0.38841915130615234,0.37177515029907227
-0.06755506992340088,-0.3329535126686096,0.3660879135131836
-0.013988077640533447,-0.25376617908477783,0.31260621547698975
0.001960933208465576,-0.2450079619884491,0.24808216094970703
-0.02455008029937744,-0.3017525374889374,0.212713360786438
-0.04277539253234863,-0.3665773272514343,0.18306219577789307
-0.026745259761810303,-0.3849378526210785,0.19693899154663086
0.03188854455947876,-0.3445413410663605,0.24048781394958496
0.07439762353897095,-0.33423274755477905,0.2612653970718384
0.08766061067581177,-0.393354594707489,0.298129677772522
0.09184473752975464,-0.45195257663726807,0.33199983835220337
0.08830815553665161,-0.47190314531326294,0.34669506549835205
0.08664202690124512,-0.47079282999038696,0.36848312616348267
0.14888405799865723,-0.4620645046234131,0.4189724326133728
0.2185702919960022,-0.4712536931037903,0.5019750595092773
0.2714327573776245,-0.5124852061271667,0.5862226486206055
0.32629668712615967,-0.5524455904960632,0.6601137518882751
0.3724318742752075,-0.5884561538696289,0.7209333777427673
0.39742839336395264,-0.6347278356552124,0.7606576681137085
0.40195512771606445,-0.6521899104118347,0.7641398310661316
0.3935701847076416,-0.6577154994010925,0.7551904916763306
0.3350990414619446,-0.7053953409194946,0.7477411031723022
0.2856524586677551,-0.7300361394882202,0.7374643087387085
0.28552109003067017,-0.7268399596214294,0.7642431855201721
0.39149755239486694,-0.6893606781959534,0.8474711179733276
0.5397564768791199,-0.6164999008178711,0.9472188353538513
0.6672279238700867,-0.553459882736206,1.0341525077819824
0.8205973505973816,-0.4958176016807556,1.1391395330429077
0.9726979732513428,-0.45268911123275757,1.262441873550415
1.0670086145401,-0.4639880657196045,1.3574942350387573
1.069337248802185,-0.5364603400230408,1.3638499975204468
1.0518934726715088,-0.5932576656341553,1.3029301166534424
1.025618076324463,-0.6161643862724304,1.213645577430725
0.9634716510772705,-0.6294863820075989,1.0957763195037842
0.9068353772163391,-0.6184971332550049,1.0135412216186523
0.8716659545898438,-0.5888562798500061,0.9989619255065918
0.8619670867919922,-0.5464575290679932,1.0365318059921265
0.8747092485427856,-0.49531203508377075,1.0781641006469727
0.881196916103363,-0.4377017021179199,1.091106653213501
0.8578349351882935,-0.3911171555519104,1.0788484811782837
0.8137711882591248,-0.3635209798812866,1.0399665832519531
0.7534629702568054,-0.3361753821372986,0.9755950570106506
0.6921039819717407,-0.29742175340652466,0.8943766951560974
0.6228050589561462,-0.2491847276687622,0.8083063364028931
0.5449671745300293,-0.19316601753234863,0.7351281642913818
0.471881628036499,-0.1394515037536621,0.6780874729156494
0.4128258228302002,-0.07902383804321289,0.6293107271194458
0.37216585874557495,-0.018332064151763916,0.5885466933250427
0.3458895683288574,0.03562331199645996,0.5514030456542969
0.3211827278137207,0.08148568868637085,0.513718843460083
0.295194149017334,0.12093973159790039,0.46936750411987305
0.26646000146865845,0.15500503778457642,0.4155862331390381
0.22209316492080688,0.18047264218330383,0.3497236967086792
0.17260688543319702,0.20330846309661865,0.28298795223236084
0.1291663646697998,0.22375863790512085,0.22918665409088135
0.09422338008880615,0.2408016324043274,0.1864408254623413
0.047400474548339844,0.24735984206199646,0.15057671070098877
-0.007964372634887695,0.25023165345191956,0.12601375579833984
-0.05647087097167969,0.2580834925174713,0.10738813877105713
-0.10458487272262573,0.266361266374588,0.09497368335723877
-0.15093737840652466,0.26554757356643677,0.07828248292207718
-0.19751399755477905,0.26206913590431213,0.05981981009244919
-0.23996847867965698,0.2605975866317749,0.04545890912413597
-0.2738456130027771,0.26746630668640137,0.038883209228515625
-0.30041319131851196,0.2730483412742615,0.036978721618652344
-0.3248937726020813,0.2695041298866272,0.03213739022612572
-0.35107624530792236,0.26210275292396545,0.031180858612060547
-0.3730698823928833,0.2605835497379303,0.03249549865722656
-0.39153778553009033,0.27192437648773193,0.04079544171690941
-0.4124469757080078,0.2784031331539154,0.051884766668081284
-0.427836537361145,0.27719178795814514,0.05910539627075195
-0.4400954842567444,0.2760741710662842,0.06760120391845703
-0.45021283626556396,0.2802228033542633,0.07887864112854004
-0.46091657876968384,0.28688114881515503,0.08986568450927734
-0.4725548028945923,0.2884964048862457,0.09747505187988281
-0.47892141342163086,0.2929917871952057,0.1103510856628418
-0.48155176639556885,0.30575963854789734,0.13177847862243652
-0.4830338954925537,0.3224525451660156,0.14995324611663818
-0.47933483123779297,0.3426954448223114,0.1649165153503418
-0.46010082960128784,0.3695237636566162,0.18175339698791504
-0.42631644010543823,0.40997061133384705,0.1978551149368286
-0.3721957802772522,0.4726596474647522,0.2062281370162964
-0.3071417212486267,0.5540664792060852,0.21085500717163086
-0.25715649127960205,0.6369836926460266,0.2208418846130371
-0.2442438006401062,0.6884894371032715,0.23860204219818115
-0.2676613926887512,0.6830722689628601,0.2578223943710327
-0.31191253662109375,0.6362871527671814,0.2867468595504761
-0.33779585361480713,0.5969375967979431,0.3261479139328003
-0.33393657207489014,0.5802489519119263,0.3670767545700073
-0.29874396324157715,0.5811477899551392,0.3988966941833496
-0.24261754751205444,0.5913404226303101,0.4143824577331543
-0.17301595211029053,0.6034920811653137,0.4090341329574585
-0.1212967038154602,0.6168062090873718,0.3945291042327881
-0.09722721576690674,0.6242108345031738,0.36892056465148926
-0.09450829029083252,0.6070467233657837,0.3495248556137085
-0.10536545515060425,0.55380779504776,0.3488255739212036
-0.11849498748779297,0.46868520975112915,0.3636283874511719
-0.1301695704460144,0.36573320627212524,0.37398362159729004
-0.12008404731750488,0.27019160985946655,0.36565399169921875
-0.08312124013900757,0.19637063145637512,0.34709346294403076
-0.019076228141784668,0.14486676454544067,0.32917726039886475
0.05839943885803223,0.09277772903442383,0.31032276153564453
0.1394212245941162,0.03876042366027832,0.2864806652069092
0.216577410697937,-0.00034287571907043457,0.24414169788360596
0.273226797580719,-0.023805975914001465,0.19086992740631104
0.303913950920105,-0.041461169719696045,0.142278790473938
0.30005091428756714,-0.05977872014045715,0.09142076969146729
0.27774184942245483,-0.07899677753448486,0.0400468111038208
0.2554181218147278,-0.09736716747283936,0.0016471166163682938
0.23229557275772095,-0.11384612321853638,-0.020310042425990105
0.21324968338012695,-0.13073140382766724,-0.02636408805847168
0.2067616581916809,-0.1443304419517517,-0.02341616153717041
0.21028035879135132,-0.15786176919937134,-0.01276254653930664
0.21913087368011475,-0.17733675241470337,-0.007865309715270996
0.23965895175933838,-0.194061279296875,-0.010063767433166504
0.27553313970565796,-0.20986956357955933,-0.010354100726544857
0.3292999863624573,-0.2228257656097412,-0.0012856721878051758
0.38552021980285645,-0.23795318603515625,0.019064664840698242
0.4408634901046753,-0.2581912875175476,0.04581171274185181
0.5002993941307068,-0.2751849889755249,0.07486796379089355
0.5596573948860168,-0.28944653272628784,0.10725516080856323
0.6156266927719116,-0.3081088066101074,0.14484673738479614
0.6735796332359314,-0.33167052268981934,0.18347716331481934
0.726005494594574,-0.3576558232307434,0.21708917617797852
0.7807490229606628,-0.3887465000152588,0.2511376142501831
0.8381383419036865,-0.4253730773925781,0.2887263894081116
0.8834084272384644,-0.46545881032943726,0.3307505249977112
0.9186967015266418,-0.5124086737632751,0.3701186180114746
0.9450033903121948,-0.5640054941177368,0.40533334016799927
0.966299295425415,-0.617323637008667,0.4370456337928772
0.9888315200805664,-0.6693241000175476,0.46379736065864563
1.0045222043991089,-0.7250083088874817,0.48408713936805725
1.0225274562835693,-0.7748039960861206,0.49431008100509644
1.0432720184326172,-0.8029927611351013,0.5091677308082581
1.0645496845245361,-0.8132758736610413,0.536762535572052
1.0888644456863403,-0.8100678324699402,0.5709551572799683
1.1175570487976074,-0.7820525169372559,0.596927285194397
1.1553959846496582,-0.7148728370666504,0.6110202670097351
1.18704354763031,-0.6222130656242371,0.6146424412727356
1.2143950462341309,-0.5188322067260742,0.616266131401062
1.2474901676177979,-0.431840717792511,0.6334189772605896
1.2701061964035034,-0.382895827293396,0.6750696301460266
1.271769642829895,-0.38096415996551514,0.7172500491142273
1.240508794784546,-0.40205061435699463,0.730810284614563
1.1879018545150757,-0.4190744161605835,0.7141585350036621
1.1478259563446045,-0.41051656007766724,0.6864479184150696
1.1153827905654907,-0.38811564445495605,0.6736677289009094
1.0942389965057373,-0.3536671996116638,0.6871509552001953
1.0973079204559326,-0.3018193244934082,0.7183635830879211
1.104321837425232,-0.2415793538093567,0.7430321574211121
1.099507212638855,-0.18477046489715576,0.7455984354019165
1.0810246467590332,-0.13018232583999634,0.7260476350784302
1.0471327304840088,-0.0891653299331665,0.6928182244300842
1.0064291954040527,-0.06778520345687866,0.6628861427307129
0.9555988907814026,-0.054844796657562256,0.6407713294029236
0.8907539248466492,-0.04322683811187744,0.6252785921096802
0.8123436570167542,-0.03363513946533203,0.614091157913208
0.7289287447929382,-0.019310832023620605,0.6057724356651306
0.6608684062957764,0.00936061143875122,0.6042637825012207
0.6066552996635437,0.054993271827697754,0.6071180105209351
0.5625820159912109,0.10740995407104492,0.6105933785438538
0.5199325680732727,0.16487962007522583,0.605711817741394
0.4745650887489319,0.22046124935150146,0.5905990600585938
0.42439132928848267,0.2678913474082947,0.568686306476593
0.36830389499664307,0.29901695251464844,0.5388408303260803
0.3105510473251343,0.31996893882751465,0.503682553768158
0.25365859270095825,0.33958637714385986,0.46604353189468384
0.19541031122207642,0.3634939193725586,0.42941921949386597
0.13495278358459473,0.37995994091033936,0.39254897832870483
0.07183796167373657,0.3906053304672241,0.3565306067466736
0.010913848876953125,0.396173357963562,0.32262665033340454
-0.044271767139434814,0.40218159556388855,0.28975754976272583
-0.09648853540420532,0.40955743193626404,0.2558923363685608
-0.14734119176864624,0.4160037040710449,0.22204673290252686
-0.19713705778121948,0.4166705012321472,0.18966048955917358
-0.24872982501983643,0.4130094051361084,0.1568499207496643
-0.2991703152656555,0.40782833099365234,0.12974494695663452
-0.3464812636375427,0.4008771777153015,0.10519665479660034
-0.3921244144439697,0.3927529454231262,0.0852476954460144
-0.43764281272888184,0.38363826274871826,0.0684957504272461
-0.47935497760772705,0.37424689531326294,0.054853614419698715
-0.5178725719451904,0.3662951588630676,0.045469287782907486
-0.5523974895477295,0.3613739013671875,0.03882491961121559
-0.5802456140518188,0.3590240478515625,0.03458547964692116
-0.6064349412918091,0.3586388826370239,0.03302967548370361
-0.6312400698661804,0.3589058518409729,0.03336543217301369
-0.6551291942596436,0.3551639914512634,0.03577405586838722
-0.6700769662857056,0.3556719124317169,0.04332280158996582
-0.6767472624778748,0.3635598123073578,0.05350666865706444
-0.6746103763580322,0.38122424483299255,0.06744134426116943
-0.6612533330917358,0.4012504816055298,0.08845442533493042
-0.6359052062034607,0.4277268648147583,0.1119699478149414
-0.5973173975944519,0.45872390270233154,0.14048761129379272
-0.5459571480751038,0.49628302454948425,0.16393417119979858
-0.4852995276451111,0.5543527603149414,0.18154901266098022
-0.42056578397750854,0.6276645660400391,0.19620728492736816
-0.3707762360572815,0.6910117268562317,0.2089107632637024
-0.3631995916366577,0.715588390827179,0.2286984920501709
-0.3949151635169983,0.6875726580619812,0.2528558373451233
-0.41797661781311035,0.6466304063796997,0.2800268530845642
-0.41059261560440063,0.6333560943603516,0.31576240062713623
-0.3815726637840271,0.6309700608253479,0.35599827766418457
-0.3369438648223877,0.6274092197418213,0.3900405764579773
-0.2661331295967102,0.6284940242767334,0.4114288091659546
-0.1831415891647339,0.6304815411567688,0.42606377601623535
-0.10392606258392334,0.6286412477493286,0.43027544021606445
-0.03155630826950073,0.6306390762329102,0.41701841354370117
0.021101415157318115,0.6364959478378296,0.3870185613632202
0.03354924917221069,0.6292864084243774,0.3485666513442993
0.019087553024291992,0.5894314050674438,0.3184419870376587
0.021998465061187744,0.5235872268676758,0.30783092975616455
0.045157790184020996,0.45628249645233154,0.3142876625061035
0.08985316753387451,0.39067327976226807,0.3278719186782837
0.14164936542510986,0.3249853253364563,0.34247684478759766
0.1920061707496643,0.26075613498687744,0.3475111126899719
0.25288039445877075,0.20392167568206787,0.33676987886428833
0.31283557415008545,0.15480101108551025,0.3146509528160095
0.3630276322364807,0.10669112205505371,0.28901219367980957
0.3947858214378357,0.05440574884414673,0.25815683603286743
0.409468412399292,0.00011879205703735352,0.22293561697006226
0.40976107120513916,-0.05494070053100586,0.18827581405639648
0.3978003263473511,-0.10712164640426636,0.1536344289779663
0.38461828231811523,-0.15950727462768555,0.12386852502822876
0.37891513109207153,-0.2106853723526001,0.0949525237083435
0.38447457551956177,-0.25612300634384155,0.06464600563049316
0.3971255421638489,-0.2935076355934143,0.029476461932063103
0.4136970639228821,-0.3226146697998047,-0.008873878046870232
0.4317036271095276,-0.3479735851287842,-0.044017016887664795
0.45631927251815796,-0.36794018745422363,-0.07530057430267334
0.49555790424346924,-0.3821486830711365,-0.09493821859359741
0.5350649952888489,-0.3931542634963989,-0.1020154356956482
0.574567973613739,-0.39812833070755005,-0.09654080867767334
0.6113793849945068,-0.4009832739830017,-0.0796162486076355
0.6445960998535156,-0.40129411220550537,-0.05246412754058838
0.6723288297653198,-0.40498805046081543,-0.016842123121023178
0.7017728686332703,-0.4108261466026306,0.02619737759232521
0.7309118509292603,-0.4136834740638733,0.07315099984407425
0.752079963684082,-0.4196110963821411,0.12037134170532227
0.7679426670074463,-0.4322672486305237,0.16407661139965057
0.7796330451965332,-0.4511178731918335,0.20710140466690063
0.7903873920440674,-0.4759759306907654,0.25306880474090576
0.807431697845459,-0.5058740377426147,0.30074846744537354
0.8222590684890747,-0.5442841649055481,0.348694384098053
0.8363398313522339,-0.591417133808136,0.393915057182312
0.8576979637145996,-0.6331213116645813,0.43874871730804443
0.8894867897033691,-0.6620878577232361,0.4832860827445984
0.9196495413780212,-0.6824518442153931,0.5291725993156433
0.9442238211631775,-0.6914450526237488,0.5767462849617004
0.9615917205810547,-0.6917670369148254,0.6229799389839172
0.9776394367218018,-0.6790308952331543,0.6647022366523743
1.0013118982315063,-0.6476404666900635,0.6938116550445557
1.0292682647705078,-0.5969825387001038,0.7130012512207031
1.055975079536438,-0.5428749918937683,0.7214505672454834
1.0833392143249512,-0.49686938524246216,0.7205296754837036
1.1135187149047852,-0.4527982473373413,0.7076099514961243
1.144545555114746,-0.40337157249450684,0.6795844435691833
1.168729305267334,-0.3591626286506653,0.658022403717041
1.159148931503296,-0.3496030569076538,0.6538086533546448
1.1166622638702393,-0.3782775402069092,0.6497557163238525
1.0848268270492554,-0.39450347423553467,0.6305596828460693
1.0641957521438599,-0.36406368017196655,0.5950566530227661
1.0388433933258057,-0.3057869076728821,0.568131685256958
1.0102218389511108,-0.2409958839416504,0.5658813714981079
0.9853358268737793,-0.19196468591690063,0.578964114189148
0.9681751728057861,-0.15800178050994873,0.5911096334457397
0.9625946283340454,-0.12259572744369507,0.5910919904708862
0.9529983401298523,-0.08390814065933228,0.580531120300293
0.9198219180107117,-0.06169414520263672,0.5707321166992188
0.8737814426422119,-0.05830705165863037,0.564605712890625
0.8283135890960693,-0.04796415567398071,0.5562930703163147
0.7928284406661987,-0.027456045150756836,0.5545880198478699
0.7680206894874573,0.003983139991760254,0.5628119111061096
0.7434722185134888,0.047801673412323,0.5732293128967285
0.715553879737854,0.10314047336578369,0.5745264887809753
0.6848469376564026,0.16725891828536987,0.5711771249771118
0.6454594135284424,0.2302815318107605,0.5677548050880432
0.5954965353012085,0.28311485052108765,0.562735378742218
0.5348138809204102,0.32076358795166016,0.5488080978393555
0.4699981212615967,0.345328688621521,0.5247327089309692
0.3996676802635193,0.36375415325164795,0.4946315288543701
0.3241575360298157,0.376539409160614,0.46103620529174805
0.24888485670089722,0.38323718309402466,0.42018944025039673
0.17018765211105347,0.3851358890533447,0.3818638324737549
0.0868997573852539,0.38955003023147583,0.349923312664032
0.0019639134407043457,0.39677393436431885,0.3181265592575073
-0.081939697265625,0.4054194986820221,0.2898734211921692
-0.16212385892868042,0.41402727365493774,0.26037776470184326
-0.23505961894989014,0.4236889183521271,0.2297160029411316
-0.30415403842926025,0.434280127286911,0.20014286041259766
-0.36801910400390625,0.4411085546016693,0.17214906215667725
-0.4266926050186157,0.4407130181789398,0.1417386531829834
-0.47925710678100586,0.4376969039440155,0.10978257656097412
-0.5248521566390991,0.4294794797897339,0.07832205295562744
-0.5618020296096802,0.4148556888103485,0.050405144691467285
-0.5922620296478271,0.39610597491264343,0.024827836081385612
-0.6142388582229614,0.3786010146141052,0.0029493551701307297
-0.6268206238746643,0.3647087812423706,-0.01435578241944313
-0.635941207408905,0.3536117374897003,-0.03005540370941162
-0.6409446597099304,0.3458043336868286,-0.03959345817565918
-0.6408833861351013,0.3399333953857422,-0.04330122470855713
-0.633989691734314,0.3356156349182129,-0.03870975971221924
-0.624274492263794,0.3299368917942047,-0.0259629487991333
-0.6083869338035583,0.3247579336166382,-0.003909111022949219
-0.5949364900588989,0.326108455657959,0.023676276206970215
-0.5847781300544739,0.33306053280830383,0.04860907793045044
-0.5770261883735657,0.3403688669204712,0.06907761096954346
-0.56687992811203,0.3479326069355011,0.08526396751403809
-0.5439234375953674,0.36340585350990295,0.09877657890319824
-0.4970128536224365,0.40429794788360596,0.10778164863586426
-0.421586275100708,0.468801885843277,0.1122925877571106
-0.3520943522453308,0.5519154667854309,0.11384075880050659
-0.3336833715438843,0.6126829385757446,0.11747986078262329
-0.3739699721336365,0.606558084487915,0.12996208667755127
-0.405564546585083,0.5621347427368164,0.1521838903427124
-0.3661547899246216,0.5550734400749207,0.1959434151649475
-0.26389580965042114,0.606185793876648,0.24693149328231812
-0.1415332555770874,0.6687968969345093,0.29135823249816895
-0.04158896207809448,0.7201406955718994,0.31137990951538086
0.04357379674911499,0.771216630935669,0.29749786853790283
0.08973854780197144,0.7937620878219604,0.2632294297218323
0.07594144344329834,0.7515876889228821,0.24442583322525024
0.032414257526397705,0.655565619468689,0.26417434215545654
0.004007995128631592,0.5458651781082153,0.31582462787628174
-0.006261587142944336,0.4208469092845917,0.37264013290405273
0.02536308765411377,0.3020326495170593,0.4142172336578369
0.10374075174331665,0.21023541688919067,0.44239652156829834
0.19306784868240356,0.13293808698654175,0.45281732082366943
0.28299158811569214,0.062083274126052856,0.4509393572807312
0.3746529817581177,0.0033798813819885254,0.44433510303497314
0.45626556873321533,-0.0455508828163147,0.43067431449890137
0.4962681531906128,-0.09255188703536987,0.4022260308265686
0.483942449092865,-0.13461452722549438,0.3670726418495178
0.43294090032577515,-0.1634172797203064,0.31605231761932373
0.3717154264450073,-0.18573284149169922,0.25091999769210815
0.32911914587020874,-0.2052132487297058,0.18761873245239258
0.2979217767715454,-0.22068774700164795,0.13002103567123413
0.27366626262664795,-0.22870898246765137,0.0812155082821846
0.24941331148147583,-0.23203545808792114,0.047301169484853745
0.21823376417160034,-0.2369765043258667,0.0221899151802063
0.18964624404907227,-0.24630701541900635,0.003988746553659439
0.17367875576019287,-0.2585015296936035,-0.00393521785736084
0.17993593215942383,-0.2778000831604004,-0.0033208131790161133
0.21609896421432495,-0.302432656288147,0.003713853657245636
0.2722926735877991,-0.3256418704986572,0.01578545570373535
0.332008421421051,-0.3467424511909485,0.03691417723894119
0.380515992641449,-0.3695923686027527,0.060572631657123566
0.42249226570129395,-0.38924312591552734,0.07389999181032181
0.45968765020370483,-0.40221738815307617,0.08679194003343582
0.48622894287109375,-0.41515272855758667,0.10543740540742874
0.5046384930610657,-0.4307668209075928,0.1312263011932373
0.5159581899642944,-0.4434206485748291,0.15877796709537506
0.5208309292793274,-0.45157909393310547,0.18464261293411255
0.5259059071540833,-0.46289288997650146,0.2108239382505417
0.5430103540420532,-0.47438597679138184,0.2332194447517395
0.5580359697341919,-0.4859650135040283,0.2541043758392334
0.5666988492012024,-0.49621403217315674,0.26994484663009644
0.5703445672988892,-0.5010654330253601,0.2747762203216553
0.5558100342750549,-0.5029463768005371,0.2914355397224426
0.524321973323822,-0.506269633769989,0.33046194911003113
0.5078847408294678,-0.5042257308959961,0.38077986240386963
0.49289971590042114,-0.49767810106277466,0.4449796676635742
0.4733010530471802,-0.48765110969543457,0.5054168701171875
0.4480457305908203,-0.4830726385116577,0.5618919134140015
0.4237511157989502,-0.4617927670478821,0.614474356174469
0.43522799015045166,-0.41810089349746704,0.6455906629562378
0.4694320559501648,-0.3380807042121887,0.6718008518218994
0.5228182673454285,-0.24195200204849243,0.6993433237075806
0.5957147479057312,-0.13296496868133545,0.7554808855056763
0.6345939040184021,-0.11544311046600342,0.8088361024856567
0.6479412913322449,-0.1482844352722168,0.8289501667022705
0.6438199877738953,-0.15140998363494873,0.8413950204849243
0.6130492687225342,-0.1505935788154602,0.8453659415245056
0.5806288123130798,-0.10948836803436279,0.8284990787506104
0.550793468952179,-0.02269524335861206,0.7703275680541992
0.3730320334434509,0.05683913826942444,0.7950595021247864
0.30932337045669556,0.02228236198425293,0.848997950553894
0.28681308031082153,0.0016887784004211426,0.8964523673057556
0.27404671907424927,0.001958400011062622,0.9514426589012146
0.2632903456687927,-0.018399357795715332,1.0006513595581055
0.29855698347091675,-0.03094467520713806,0.989271342754364
0.3903425931930542,-0.01039743423461914,0.9654903411865234
0.46089327335357666,0.006615996360778809,0.9525700807571411
0.4892507791519165,0.006573736667633057,0.941045880317688
0.48551493883132935,0.01814785599708557,0.914821445941925
0.46167027950286865,0.04017513990402222,0.8672558665275574
0.4206206202507019,0.05724230408668518,0.8030955195426941
0.3755916357040405,0.07443077862262726,0.7324584722518921
0.35137075185775757,0.09143885970115662,0.6696221828460693
0.3524658679962158,0.10435245931148529,0.6226922273635864
0.3566991090774536,0.112647145986557,0.5917744040489197
0.3489961624145508,0.12472650408744812,0.5621017813682556
0.3477632403373718,0.13815966248512268,0.5175164341926575
0.3455432653427124,0.14089906215667725,0.4667590856552124
0.336647093296051,0.14350371062755585,0.4225592017173767
0.31884366273880005,0.15050336718559265,0.39000827074050903
0.30813437700271606,0.15963034331798553,0.37464892864227295
0.3113868236541748,0.18703129887580872,0.37358784675598145
0.29388976097106934,0.2317068725824356,0.3822742700576782
0.28849583864212036,0.26901841163635254,0.39795541763305664
0.3006979823112488,0.30444857478141785,0.41057395935058594
0.30371713638305664,0.3384104371070862,0.4145244359970093
0.2898856997489929,0.3765023350715637,0.4018911123275757
0.27043575048446655,0.41656580567359924,0.37694764137268066
0.2543404698371887,0.44837018847465515,0.33844244480133057
0.2845052480697632,0.46900510787963867,0.3022177815437317
0.3423668146133423,0.4814409911632538,0.2821882963180542
0.4022481441497803,0.4902024567127228,0.28146934509277344
0.4470512866973877,0.4948452115058899,0.2935246229171753
0.486375629901886,0.49415791034698486,0.3130134344100952
0.504176676273346,0.5063693523406982,0.31903785467147827
0.5101820230484009,0.5073527693748474,0.329166054725647
0.49528247117996216,0.49360930919647217,0.3207816481590271
0.4505293369293213,0.4882165193557739,0.28031641244888306
0.4502565860748291,0.478122353553772,0.25705039501190186
0.4750552177429199,0.4532877802848816,0.2441411167383194
0.4802629351615906,0.43511903285980225,0.22208118438720703
0.4962949752807617,0.4310287833213806,0.1799435317516327
0.5270178914070129,0.43358731269836426,0.14788027107715607
0.5443418622016907,0.42763805389404297,0.1505480408668518
0.5407392382621765,0.41165804862976074,0.1761372685432434
0.5486882925033569,0.38077712059020996,0.21279795467853546
0.5603495836257935,0.35445964336395264,0.2454914003610611
0.5539366006851196,0.3274107575416565,0.2636951506137848
0.5302973389625549,0.29324907064437866,0.26926690340042114
0.48583388328552246,0.263224720954895,0.25342118740081787
0.4572880268096924,0.24670791625976562,0.23288048803806305
0.404579758644104,0.2523876428604126,0.24260342121124268
0.3070554733276367,0.2587343454360962,0.2909424304962158
0.1622832715511322,0.2486264705657959,0.3510788083076477
0.0019826963543891907,0.2463321089744568,0.39517122507095337
-0.1414201557636261,0.2391526699066162,0.4395243227481842
-0.2588207721710205,0.20766925811767578,0.48809534311294556
-0.3500041961669922,0.1688687801361084,0.5289424061775208
-0.42177659273147583,0.1669694185256958,0.5547102689743042
-0.484783411026001,0.19238120317459106,0.587147057056427
-0.5338873267173767,0.24595332145690918,0.6301987767219543
-0.558621346950531,0.33116400241851807,0.6625176072120667
-0.5963827967643738,0.43822920322418213,0.6766017079353333
-0.6294609308242798,0.5460107326507568,0.6897839307785034
-0.6500840187072754,0.6434842944145203,0.6973786950111389
-0.646800696849823,0.7253552675247192,0.6946872472763062
-0.6277451515197754,0.8013665676116943,0.690399169921875
-0.602141261100769,0.8578301668167114,0.6968966126441956
-0.5645142793655396,0.8790463805198669,0.726497232913971
-0.5144772529602051,0.8832603096961975,0.7645257115364075
-0.47158125042915344,0.8817765712738037,0.7963151931762695
-0.4201207160949707,0.8589625358581543,0.8252546191215515
-0.37000375986099243,0.8345942497253418,0.8546327352523804
-0.3318057358264923,0.8183196783065796,0.8652471303939819
-0.3035205006599426,0.7885908484458923,0.8675838708877563
-0.27358943223953247,0.7493164539337158,0.8862839937210083
-0.22733137011528015,0.7211084365844727,0.9140517115592957
-0.16156092286109924,0.6653988361358643,0.9354364275932312
-0.12072515487670898,0.5882480144500732,0.9528132677078247
-0.118120938539505,0.5577530860900879,0.9602687954902649
-0.14651697874069214,0.5807827115058899,0.9533147811889648
-0.16426175832748413,0.5798050165176392,0.9470564126968384
-0.12953978776931763,0.5451881885528564,0.9732075929641724
-0.037560224533081055,0.5108120441436768,1.0196599960327148
0.04521137475967407,0.4828086495399475,1.058736801147461
0.0992928147315979,0.431442528963089,1.03449285030365
0.15823107957839966,0.40296471118927,0.9187749028205872
0.20179736614227295,0.3680184781551361,0.7658487558364868
0.2225823998451233,0.3327328562736511,0.6246436834335327
0.24247074127197266,0.3310511112213135,0.5088356733322144
0.2857155203819275,0.3161811828613281,0.4214891791343689
0.4083130955696106,0.2861887216567993,0.3868480324745178
0.59028160572052,0.3102763891220093,0.4458961486816406
0.7954502701759338,0.33941811323165894,0.5618714094161987
1.0349220037460327,0.36309993267059326,0.7066566944122314
1.285557508468628,0.3833658695220947,0.8310363292694092
1.5416032075881958,0.4105914831161499,0.9211701154708862
1.7796152830123901,0.4750215411186218,0.9879622459411621
2.0017521381378174,0.6021363735198975,1.0371613502502441
2.2178311347961426,0.7811306715011597,1.0773690938949585
2.4350368976593018,1.0243136882781982,1.0536829233169556
2.6118175983428955,1.2908782958984375,0.9159536361694336
2.7204275131225586,1.4781594276428223,0.6283454895019531
2.7813684940338135,1.5711028575897217,0.22677934169769287
2.8115692138671875,1.6172258853912354,-0.19490736722946167
2.780442237854004,1.6282103061676025,-0.572238564491272
2.6427109241485596,1.5947575569152832,-0.8578639030456543
2.465745687484741,1.5622177124023438,-0.9865001440048218
2.25304913520813,1.5741606950759888,-0.9677149653434753
1.9944758415222168,1.613410472869873,-0.845561683177948
1.7357920408248901,1.6871308088302612,-0.6674073934555054
1.498020887374878,1.7647603750228882,-0.49757254123687744
1.2726600170135498,1.8183009624481201,-0.42687511444091797
1.106926441192627,1.8288832902908325,-0.4391810894012451
1.0251497030258179,1.7738642692565918,-0.49853765964508057
0.9978939890861511,1.7293577194213867,-0.6075640916824341
0.9558154344558716,1.688621163368225,-0.7466281056404114
0.880996823310852,1.6446837186813354,-0.901322603225708
0.7807416915893555,1.610592246055603,-1.065975308418274
0.6887722015380859,1.587273359298706,-1.1981260776519775
0.5836033225059509,1.5518022775650024,-1.3070621490478516
0.49648183584213257,1.5030431747436523,-1.384547233581543
0.4376406967639923,1.455142855644226,-1.404083251953125
0.4062997102737427,1.4050854444503784,-1.3727929592132568
0.4099162220954895,1.3626031875610352,-1.3066071271896362
0.4013993740081787,1.3140790462493896,-1.2537922859191895
0.38265156745910645,1.2613946199417114,-1.234271764755249
0.374713659286499,1.2164536714553833,-1.2305424213409424
0.36157023906707764,1.170620083808899,-1.235767126083374
0.3504825830459595,1.1163798570632935,-1.2250593900680542
0.35245707631111145,1.0490200519561768,-1.1943250894546509
0.3607286214828491,0.974453866481781,-1.149225115776062
0.38875120878219604,0.9034789204597473,-1.090010404586792
0.4369928240776062,0.8462813496589661,-1.025017499923706
0.4999462366104126,0.8034056425094604,-0.9478901624679565
0.5574100017547607,0.7607973217964172,-0.8750664591789246
0.604686975479126,0.7191629409790039,-0.8437451124191284
0.6727420091629028,0.7171570658683777,-0.8445920944213867
0.7454759478569031,0.7281333208084106,-0.8348685503005981
0.8166040182113647,0.7300341129302979,-0.795626699924469
0.9284377098083496,0.8232851028442383,-0.7202572822570801
0.9901833534240723,0.960319995880127,-0.5662367343902588
1.0664730072021484,1.1130974292755127,-0.3733031749725342
1.133005976676941,1.249935269355774,-0.11252498626708984
1.1731059551239014,1.319051742553711,0.22155189514160156
1.1714909076690674,1.3151344060897827,0.5700863599777222
1.1317660808563232,1.277127981185913,0.8866546154022217
1.0914011001586914,1.219820261001587,1.2160634994506836
1.1428229808807373,1.1207125186920166,1.6127979755401611
1.2742624282836914,0.9856221675872803,2.0698444843292236
1.25846266746521,0.8659123778343201,2.452249050140381
1.0735514163970947,0.7730826735496521,2.637673854827881
0.8637945652008057,0.7145531177520752,2.67462420463562
0.6646739840507507,0.6582736372947693,2.595379114151001
0.5782202482223511,0.6199309229850769,2.398892879486084
0.6246763467788696,0.6004983186721802,2.1481614112854004
0.7333853244781494,0.6041560173034668,1.898753046989441
0.8715846538543701,0.6273777484893799,1.7051751613616943
0.9288175702095032,0.6587365865707397,1.6066120862960815
0.8416703343391418,0.7393810153007507,1.6014409065246582
0.6458404660224915,0.8725147247314453,1.687172532081604
0.4091278910636902,1.0207253694534302,1.8218672275543213
0.10627663135528564,1.1364574432373047,1.9150617122650146
-0.01769644021987915,1.251707673072815,1.9290478229522705
0.08170324563980103,1.3327642679214478,1.9375076293945312
0.2333431839942932,1.3843538761138916,1.8973685503005981
0.37869274616241455,1.4663424491882324,1.7189362049102783
0.5413558483123779,1.5588598251342773,1.474318027496338
0.6661335825920105,1.6353527307510376,1.289739727973938
0.698219895362854,1.7449638843536377,1.1888976097106934
0.6413078904151917,1.8811249732971191,1.1308026313781738
0.5268771648406982,2.0265791416168213,1.051978588104248
0.35474836826324463,2.1644434928894043,0.9644010663032532
0.14608114957809448,2.242387294769287,0.8433290719985962
-0.10163822770118713,2.2762084007263184,0.6675840616226196
-0.36215344071388245,2.275503158569336,0.4746737778186798
-0.6011015176773071,2.2104716300964355,0.33698558807373047
-0.7778613567352295,2.1144580841064453,0.3155667781829834
-0.8830971717834473,2.0235347747802734,0.401774525642395
-0.9284537434577942,1.9203689098358154,0.48202085494995117
-0.9370672702789307,1.8164927959442139,0.5260721445083618
-0.9267597794532776,1.7374606132507324,0.559183657169342
-0.9097614288330078,1.6306182146072388,0.6203323602676392
-0.894229531288147,1.5242379903793335,0.7136303186416626
-0.9056789875030518,1.4698948860168457,0.8181169033050537
-0.9253150820732117,1.4135383367538452,0.9181184768676758
-0.9557700157165527,1.3889771699905396,1.0193910598754883
-0.9906890392303467,1.3932468891143799,1.1440045833587646
-1.003549337387085,1.396653413772583,1.2536110877990723
-0.9678137302398682,1.4018936157226562,1.2998969554901123
-0.8557772636413574,1.4042507410049438,1.2730282545089722
-0.6968783140182495,1.3936240673065186,1.2034094333648682
-0.5351613759994507,1.3554792404174805,1.1359158754348755
-0.3632581830024719,1.2786979675292969,1.0961518287658691
-0.23887014389038086,1.1745845079421997,1.0896062850952148
-0.1550775170326233,1.0760927200317383,1.0957121849060059
-0.017765402793884277,1.0072643756866455,1.1180315017700195
0.08677637577056885,0.8952299356460571,1.160064458847046
0.09522616863250732,0.7607690095901489,1.2074270248413086
0.04480540752410889,0.703620195388794,1.1835393905639648
-0.05986297130584717,0.7282205820083618,1.067246913909912
-0.19634634256362915,0.8430546522140503,0.8293896913528442
-0.24508881568908691,0.9930738210678101,0.6000192165374756
-0.11246895790100098,1.1822807788848877,0.576647162437439
0.23505055904388428,1.3672657012939453,0.8053061962127686
0.7261743545532227,1.5351285934448242,1.1605883836746216
1.2485854625701904,1.6403553485870361,1.4680275917053223
1.6937402486801147,1.6934529542922974,1.5778183937072754
1.9742008447647095,1.7238761186599731,1.4336090087890625
2.1496195793151855,1.7097914218902588,1.120590329170227
2.2845683097839355,1.676270842552185,0.7406082153320312
2.4406514167785645,1.598860740661621,0.39321163296699524
2.595855951309204,1.4821299314498901,0.0989895761013031
2.722384214401245,1.382644534111023,-0.1552211046218872
2.864081859588623,1.3291187286376953,-0.3393179178237915
2.9695799350738525,1.3382642269134521,-0.5251293182373047
3.0085361003875732,1.3694761991500854,-0.7932507395744324
2.9633948802948,1.3860175609588623,-1.0345726013183594
2.804990768432617,1.3450566530227661,-1.1509429216384888
2.590641975402832,1.3165442943572998,-1.1370514631271362
2.3588967323303223,1.349955677986145,-1.0112276077270508
2.1093215942382812,1.4163933992385864,-0.8311728835105896
1.8745527267456055,1.5008673667907715,-0.6246925592422485
1.6819660663604736,1.5721986293792725,-0.4310712218284607
1.5078612565994263,1.6171860694885254,-0.29721277952194214
1.3877081871032715,1.6209511756896973,-0.19289231300354004
1.3615925312042236,1.5920110940933228,-0.10530370473861694
1.3768680095672607,1.5775362253189087,-0.10549890995025635
1.398107647895813,1.5691388845443726,-0.19808357954025269
1.3885140419006348,1.5664348602294922,-0.34875380992889404
1.3666080236434937,1.5922276973724365,-0.5395669937133789
1.3293631076812744,1.6260132789611816,-0.7419144511222839
1.2804176807403564,1.6451261043548584,-0.9072335362434387
1.1997158527374268,1.6667695045471191,-1.0623116493225098
1.0825809240341187,1.6775214672088623,-1.207805871963501
0.9772584438323975,1.6553008556365967,-1.3257805109024048
0.8974140286445618,1.6227350234985352,-1.4173851013183594
0.8091030120849609,1.5654003620147705,-1.455365538597107
0.7745119333267212,1.4728025197982788,-1.4248273372650146
0.7631226778030396,1.3461120128631592,-1.3838880062103271
0.7838608026504517,1.2414956092834473,-1.350167989730835
0.7994782328605652,1.1859641075134277,-1.3299059867858887
0.7969139814376831,1.1490046977996826,-1.3209612369537354
0.7608613967895508,1.1080540418624878,-1.301086664199829
0.7039964199066162,1.0601356029510498,-1.2783663272857666
0.6341099739074707,1.0077571868896484,-1.246011734008789
0.5606095790863037,0.9480997920036316,-1.1978785991668701
0.4891904592514038,0.8657070398330688,-1.1366760730743408
0.429872989654541,0.7396746277809143,-1.0660079717636108
0.41042640805244446,0.5986765027046204,-0.9976452589035034
0.41334453225135803,0.5067303776741028,-0.910650372505188
0.34582075476646423,0.41191554069519043,-0.77384352684021
0.4039299488067627,0.30426859855651855,-0.5977641344070435
0.5649058818817139,0.2166159451007843,-0.3765803575515747
0.7904751300811768,0.17935121059417725,-0.1734306812286377
1.008547067642212,0.16386401653289795,0.00219041109085083
1.1566861867904663,0.188461571931839,0.12309134006500244
1.1934714317321777,0.2426820993423462,0.22170484066009521
1.1467816829681396,0.30444884300231934,0.38031911849975586
1.117764949798584,0.41226232051849365,0.6731549501419067
1.121353268623352,0.5150578022003174,1.191216230392456
1.0783131122589111,0.5757171511650085,1.820260763168335
0.9687708616256714,0.5957852005958557,2.339531898498535
0.8072534799575806,0.6239160895347595,2.629460334777832
0.6664854288101196,0.6717851758003235,2.727381467819214
0.5344483256340027,0.714501678943634,2.6434192657470703
0.46906208992004395,0.7469322681427002,2.412630081176758
0.50319904088974,0.7509880065917969,2.128708839416504
0.5529077649116516,0.7408044338226318,1.8860588073730469
0.42844682931900024,0.7462398409843445,1.7603164911270142
0.15627986192703247,0.7702112197875977,1.761364459991455
-0.052783966064453125,0.8027744889259338,1.8302727937698364
-0.18062448501586914,0.8241534233093262,1.934657335281372
-0.22319728136062622,0.8424098491668701,2.0391740798950195
-0.2026788592338562,0.8657873868942261,2.0763649940490723
-0.17438668012619019,0.91912442445755,2.0030388832092285
-0.11521506309509277,0.9892445206642151,1.8530303239822388
-0.055809736251831055,1.080141305923462,1.6478979587554932
-0.08475327491760254,1.2084898948669434,1.4398013353347778
-0.21649473905563354,1.3523566722869873,1.2515015602111816
-0.35957902669906616,1.488271951675415,1.0416159629821777
-0.4832901954650879,1.6056963205337524,0.8010905981063843
-0.635306715965271,1.6913893222808838,0.5698462128639221
-0.8384325504302979,1.7262816429138184,0.387981116771698
-1.0363025665283203,1.7002050876617432,0.2745615243911743
-1.211327314376831,1.649322748184204,0.21141567826271057
-1.3445497751235962,1.61556077003479,0.19393056631088257
-1.4027423858642578,1.574854850769043,0.22341346740722656
-1.3664398193359375,1.5424606800079346,0.25213539600372314
-1.2972173690795898,1.5145032405853271,0.26703524589538574
-1.2348377704620361,1.47926926612854,0.27967238426208496
-1.1951384544372559,1.437486171722412,0.2883129119873047
-1.1896164417266846,1.3841744661331177,0.30989137291908264
-1.2283862829208374,1.3212823867797852,0.3651410937309265
-1.268953800201416,1.2439556121826172,0.44287028908729553
-1.2937543392181396,1.1786363124847412,0.5456559062004089
-1.286527156829834,1.1259980201721191,0.6421886086463928
-1.2183021306991577,1.0787279605865479,0.7260422706604004
-1.0823442935943604,1.0469716787338257,0.8092369437217712
-0.9086858034133911,1.0380374193191528,0.8911283016204834
-0.7484080791473389,1.0166493654251099,0.975999116897583
-0.5932192206382751,0.9730625152587891,1.05497145652771
-0.41974836587905884,0.946038007736206,1.1126604080200195
-0.21196645498275757,0.9580486416816711,1.1692674160003662
-0.003109455108642578,0.9265199899673462,1.2218574285507202
0.20641636848449707,0.8732760548591614,1.2334860563278198
0.39076530933380127,0.8208366632461548,1.2288604974746704
0.5268184542655945,0.7673070430755615,1.178680181503296
0.6349464058876038,0.6790858507156372,1.0615379810333252
0.690048098564148,0.5772396326065063,0.8807585835456848
0.7256251573562622,0.47823357582092285,0.6309981346130371
0.8393890261650085,0.3975576162338257,0.39281395077705383
1.0551295280456543,0.32643646001815796,0.27541762590408325
1.265800952911377,0.26318544149398804,0.2380189299583435
1.4045541286468506,0.3002849221229553,0.23552680015563965
1.4868210554122925,0.4384725093841553,0.3179091215133667
1.5481058359146118,0.5969948768615723,0.500564694404602
1.5787252187728882,0.7746890187263489,0.7327522039413452
1.5935194492340088,0.9511361122131348,0.920409083366394
1.633819341659546,1.0857181549072266,1.0186431407928467
1.74500572681427,1.1619584560394287,1.011568546295166
1.9489502906799316,1.1944682598114014,0.8991274833679199
2.2580618858337402,1.185380220413208,0.679111123085022
2.5825839042663574,1.133846640586853,0.34097182750701904
2.8186569213867188,1.032814860343933,-0.103762686252594
2.844567060470581,0.848334550857544,-0.5886474847793579
2.73573637008667,0.6804470419883728,-1.023690104484558
2.5779051780700684,0.5813859105110168,-1.3311595916748047
2.3648929595947266,0.5415581464767456,-1.4592740535736084
2.1290807723999023,0.5785029530525208,-1.4301354885101318
1.904882788658142,0.6712352633476257,-1.283754587173462
1.6832444667816162,0.7728808522224426,-1.0691031217575073
1.4849891662597656,0.8700847625732422,-0.8424267172813416
1.3237336874008179,0.946043074131012,-0.6405398845672607
1.1977684497833252,1.0132896900177002,-0.5172644853591919
1.1125177145004272,1.080767273902893,-0.5007940530776978
1.036042332649231,1.138946294784546,-0.5926957130432129
0.9621601700782776,1.1777268648147583,-0.7576034069061279
0.9012784957885742,1.2016934156417847,-0.922399640083313
0.8524819612503052,1.2012686729431152,-1.053015947341919
0.8070189356803894,1.1728579998016357,-1.1357004642486572
0.7611910700798035,1.12184476852417,-1.1915581226348877
0.7384395003318787,1.0555510520935059,-1.2193968296051025
0.7507402896881104,0.9920517206192017,-1.210726022720337
0.7663617134094238,0.9436197280883789,-1.1866893768310547
0.7572606801986694,0.9136014580726624,-1.1659632921218872
0.737008810043335,0.8757544755935669,-1.1596581935882568
0.7387835383415222,0.8282644748687744,-1.152808427810669
0.766338586807251,0.7844666242599487,-1.1277979612350464
0.7978348731994629,0.7475719451904297,-1.1138323545455933
0.7926644086837769,0.7126625180244446,-1.1296688318252563
0.8085541725158691,0.6897513270378113,-1.1477962732315063
0.8103904128074646,0.6711161732673645,-1.1327636241912842
0.7714986801147461,0.6239756941795349,-1.0931870937347412
0.7721444368362427,0.6368100047111511,-1.0268652439117432
0.7469052672386169,0.6826322674751282,-0.916418194770813
0.7126084566116333,0.7060683369636536,-0.7631944417953491
0.7298829555511475,0.7049402594566345,-0.5365002751350403
0.8327003717422485,0.7123066186904907,-0.23820126056671143
0.9696049690246582,0.7130372524261475,0.09048545360565186
1.248093843460083,0.6856306791305542,0.43625736236572266
1.4779733419418335,0.7558520436286926,0.7633112668991089
1.640570878982544,0.8531390428543091,0.9314574003219604
1.7364113330841064,0.9426476955413818,1.0505316257476807
1.6577171087265015,1.026987075805664,1.175947666168213
1.5544488430023193,1.1071538925170898,1.3203370571136475
1.5117106437683105,1.1505060195922852,1.6598247289657593
1.3438866138458252,1.2453696727752686,2.1924619674682617
1.0698086023330688,1.3547557592391968,2.7898125648498535
0.7533270120620728,1.3764281272888184,3.2870428562164307
0.44345909357070923,1.3162422180175781,3.5854740142822266
0.19777250289916992,1.216402292251587,3.6316874027252197
0.041037917137145996,1.1023527383804321,3.397437572479248
-0.0451817512512207,1.0316674709320068,2.9303483963012695
-0.04798591136932373,0.9463154077529907,2.468677043914795
0.021432578563690186,0.8207627534866333,2.02443790435791
0.12889909744262695,0.7390195727348328,1.6299076080322266
0.17969703674316406,0.6773722171783447,1.351293683052063
0.17555290460586548,0.657082736492157,1.1298432350158691
0.09011757373809814,0.658826470375061,0.9509010314941406
-0.03446495532989502,0.6787199974060059,0.8209781646728516
-0.17790311574935913,0.714195966720581,0.7557494640350342
-0.3048131465911865,0.7474101781845093,0.7270241975784302
-0.35119402408599854,0.7815066576004028,0.7079117298126221
-0.32530301809310913,0.8436065912246704,0.6831917762756348
-0.31145524978637695,0.9095469117164612,0.6439274549484253
-0.33276987075805664,0.9781012535095215,0.5939701795578003
-0.3941018581390381,1.0524208545684814,0.5406770706176758
-0.4989664554595947,1.1352790594100952,0.5043590068817139
-0.6538445949554443,1.2081644535064697,0.48573052883148193
-0.8684080243110657,1.2798830270767212,0.49741244316101074
-1.0605731010437012,1.316014289855957,0.5296391248703003
-1.1668545007705688,1.3149892091751099,0.6176432371139526
-1.2052953243255615,1.3124897480010986,0.7001980543136597
-1.19090735912323,1.315345048904419,0.7562342882156372
-1.1573281288146973,1.3233389854431152,0.826390266418457
-1.0966625213623047,1.3537633419036865,0.8989007472991943
-1.023576259613037,1.384716510772705,0.9645465016365051
-0.95158451795578,1.4504646062850952,1.0459063053131104
-0.8663897514343262,1.554241418838501,1.1571229696273804
-0.7261765003204346,1.6581023931503296,1.2624520063400269
-0.5466948747634888,1.7720322608947754,1.3024870157241821
-0.3725111484527588,1.8938393592834473,1.2357563972473145
-0.1591131091117859,2.002316474914551,1.1062099933624268
0.06986582279205322,2.073244333267212,0.9845789074897766
0.3210371136665344,2.0901434421539307,0.8682400584220886
0.5588564872741699,2.016735553741455,0.7566161155700684
0.7344257831573486,1.8547427654266357,0.669485867023468
0.8901989459991455,1.6513608694076538,0.6181299090385437
1.114809513092041,1.4400172233581543,0.6424903869628906
1.3879477977752686,1.2132188081741333,0.6939606070518494
1.6355102062225342,1.0333983898162842,0.7613551616668701
1.8621121644973755,0.9532828330993652,0.8394716382026672
2.066847562789917,0.9909613728523254,0.8473867177963257
2.243422031402588,1.105889081954956,0.6890018582344055
2.3558614253997803,1.158516526222229,0.3972393274307251
2.4113523960113525,1.136029601097107,0.043295055627822876
2.38718318939209,1.1273248195648193,-0.40957629680633545
2.3743810653686523,1.056199312210083,-0.9621974229812622
2.436455726623535,0.952096164226532,-1.4764162302017212
2.4130239486694336,0.8475722074508667,-1.7822911739349365
2.350769281387329,0.8218967318534851,-1.792313575744629
2.2528090476989746,0.8836566805839539,-1.5571328401565552
2.142987012863159,0.9418865442276001,-1.2334623336791992
2.042801856994629,1.0095006227493286,-0.8463869690895081
1.920196533203125,1.076094388961792,-0.48116642236709595
1.8117514848709106,1.190131425857544,-0.23729151487350464
1.6903705596923828,1.355566143989563,-0.14160239696502686
1.5248359441757202,1.484484076499939,-0.18186211585998535
1.3399505615234375,1.58545982837677,-0.28025925159454346
1.137265920639038,1.6493289470672607,-0.3645811676979065
0.9366340637207031,1.6523973941802979,-0.44213563203811646
0.7807105183601379,1.61031973361969,-0.5162870287895203
0.6950220465660095,1.5565154552459717,-0.5870627164840698
0.6618258953094482,1.4829500913619995,-0.6759013533592224
0.6454905271530151,1.411790132522583,-0.8155936598777771
0.6495102643966675,1.3525444269180298,-0.969611644744873
0.676470160484314,1.3184905052185059,-1.121942400932312
0.6910426616668701,1.3128137588500977,-1.2736852169036865
0.6803656816482544,1.3314027786254883,-1.3996508121490479
0.6326272487640381,1.3469079732894897,-1.516099214553833
0.5697646141052246,1.3512691259384155,-1.6327850818634033
0.5052343010902405,1.3365782499313354,-1.718971610069275
0.47425949573516846,1.2988500595092773,-1.7437257766723633
0.46527862548828125,1.2447572946548462,-1.7306846380233765
0.4819277822971344,1.1848978996276855,-1.6739063262939453
0.5135884284973145,1.1197787523269653,-1.5956060886383057
0.531715989112854,1.041921615600586,-1.5478136539459229
0.5327026844024658,0.9674324989318848,-1.5363768339157104
0.5467092990875244,0.9138458967208862,-1.5266318321228027
0.5752568244934082,0.8738925457000732,-1.4941258430480957
0.5967344045639038,0.8438297510147095,-1.4497871398925781
0.6125614643096924,0.8101963996887207,-1.3968913555145264
0.6198750138282776,0.7710897326469421,-1.332857370376587
0.6338168978691101,0.7459152936935425,-1.2309455871582031
0.7100276947021484,0.7965102195739746,-1.0829901695251465
0.8342552185058594,0.9306082725524902,-0.8414880037307739
0.9702420234680176,1.1114579439163208,-0.518423318862915
1.137648105621338,1.3230888843536377,-0.17440295219421387
1.3836934566497803,1.4888694286346436,0.23447835445404053
1.5728238821029663,1.6664563417434692,0.631533145904541
1.616557002067566,1.7411142587661743,0.9164455533027649
1.5018210411071777,1.6830899715423584,1.06630277633667
1.3906344175338745,1.663584589958191,1.296325445175171
1.2826781272888184,1.618211269378662,1.7463467121124268
1.184782862663269,1.4640345573425293,2.3262951374053955
1.1840214729309082,1.364870309829712,3.0551323890686035
1.0132603645324707,1.2962405681610107,3.809326410293579
0.626283586025238,1.2053987979888916,4.141897201538086
0.21461737155914307,1.1195297241210938,4.0013933181762695
0.06022387742996216,0.9606400728225708,3.53890323638916
0.029921770095825195,0.7985137104988098,2.860278606414795
0.07761436700820923,0.6548363566398621,2.163322925567627
0.19382375478744507,0.5231548547744751,1.6303068399429321
0.26827460527420044,0.44522398710250854,1.3122133016586304
0.2431720495223999,0.40170392394065857,1.170570969581604
0.13111674785614014,0.41745540499687195,1.123934030532837
-0.007054924964904785,0.4860868453979492,1.1633448600769043
-0.12608814239501953,0.560360312461853,1.2652466297149658
-0.19502270221710205,0.6383137106895447,1.3618686199188232
-0.21657097339630127,0.7479715943336487,1.3858327865600586
-0.21289414167404175,0.8764091730117798,1.362424373626709
-0.1960201859474182,1.0179996490478516,1.300620198249817
-0.2022457718849182,1.186614751815796,1.1946810483932495
-0.25057345628738403,1.3654062747955322,1.0853550434112549
-0.3477224111557007,1.5220863819122314,0.9548395872116089
-0.4934505820274353,1.6344722509384155,0.7751004695892334
-0.6684786677360535,1.7103464603424072,0.5872016549110413
-0.8344113826751709,1.7331454753875732,0.4193287193775177
-0.983258843421936,1.7111093997955322,0.2873798906803131
-1.1169052124023438,1.646787166595459,0.21677803993225098
-1.2173221111297607,1.5532724857330322,0.23249948024749756
-1.255505084991455,1.4532246589660645,0.3107033967971802
-1.2542712688446045,1.3733162879943848,0.3825247883796692
-1.2824642658233643,1.3095415830612183,0.43507298827171326
-1.3389840126037598,1.2402057647705078,0.4983844459056854
-1.3873798847198486,1.1528370380401611,0.5798413753509521
-1.3827491998672485,1.062471628189087,0.6633390188217163
-1.3467339277267456,0.9897701740264893,0.734028160572052
-1.285233736038208,0.9472386240959167,0.7989962100982666
-1.208138108253479,0.9037457704544067,0.8514261841773987
-1.1502724885940552,0.8429089784622192,0.9186585545539856
-1.0747474431991577,0.7922863960266113,1.0110888481140137
-0.9531828761100769,0.7519590854644775,1.0775301456451416
-0.8342995643615723,0.7052209377288818,1.109847903251648
-0.6755056381225586,0.6403869390487671,1.128049373626709
-0.47486990690231323,0.5762041211128235,1.1589219570159912
-0.3234010934829712,0.5157203674316406,1.1850624084472656
-0.2099524736404419,0.45542067289352417,1.176239252090454
-0.10463368892669678,0.3948565125465393,1.1651458740234375
-0.015028238296508789,0.3908957242965698,1.169067144393921
0.08306169509887695,0.4399721920490265,1.1809654235839844
0.22104936838150024,0.5213481187820435,1.1974202394485474
0.425089955329895,0.6172269582748413,1.244370937347412
0.6876168847084045,0.7155935764312744,1.3264110088348389
0.969796359539032,0.8266937136650085,1.360440969467163
1.265472173690796,0.9264347553253174,1.3204500675201416
1.622438907623291,0.9602510333061218,1.2503620386123657
2.0853958129882812,0.9405884146690369,1.179032802581787
2.523271322250366,0.9218505620956421,1.0873684883117676
2.904033899307251,0.8198474049568176,1.0108134746551514
3.169178009033203,0.7293612957000732,0.8922014236450195
3.139650821685791,0.7749791145324707,0.6373763084411621
3.016427755355835,0.9233468770980835,0.37860381603240967
2.8672523498535156,1.121887445449829,0.09234702587127686
2.7081384658813477,1.269973635673523,-0.27085554599761963
2.635608673095703,1.327707052230835,-0.6546274423599243
2.612213611602783,1.2909502983093262,-0.9987033605575562
2.5885345935821533,1.2057371139526367,-1.2298859357833862
2.5380303859710693,1.092403769493103,-1.3339142799377441
2.436098575592041,1.0040189027786255,-1.3761837482452393
2.261962413787842,0.9718729257583618,-1.3735841512680054
2.051851511001587,0.999014139175415,-1.2944886684417725
1.8616433143615723,1.0399692058563232,-1.1561412811279297
1.652331829071045,1.0742567777633667,-1.0053654909133911
1.4370890855789185,1.0805456638336182,-0.8563395142555237
1.2427189350128174,1.0694429874420166,-0.7402995228767395
1.0832204818725586,1.0541374683380127,-0.6837935447692871
0.9540855884552002,1.0198298692703247,-0.6898351311683655
0.8186406493186951,0.9867642521858215,-0.7483583092689514
0.6651705503463745,0.9510042667388916,-0.8262655138969421
0.5112723112106323,0.9092488288879395,-0.8956981897354126
0.3725145161151886,0.8710275888442993,-0.9342265129089355
0.26801493763923645,0.8218756914138794,-0.9212470054626465
0.21271976828575134,0.7599424719810486,-0.8737300634384155
0.16885904967784882,0.675780177116394,-0.8151264786720276
0.1495841145515442,0.5903995633125305,-0.7563955187797546
0.16167686879634857,0.48505550622940063,-0.7183266878128052
0.1899135857820511,0.38664114475250244,-0.7276924848556519
0.19735518097877502,0.32964038848876953,-0.7881301641464233
0.16056136786937714,0.3127991557121277,-0.8795800805091858
0.09922546148300171,0.3385881781578064,-0.9530431032180786
0.03961757570505142,0.39517754316329956,-0.9811374545097351
-0.03493713587522507,0.42082417011260986,-0.9477680325508118
-0.1052941381931305,0.4211227297782898,-0.8621001839637756
-0.14571405947208405,0.42101913690567017,-0.7248231768608093
-0.1904589980840683,0.41177991032600403,-0.522894561290741
-0.23459875583648682,0.35077834129333496,-0.3007543087005615
-0.21999040246009827,0.2792942523956299,-0.1422051191329956
-0.1779124140739441,0.23497658967971802,-0.08160150051116943
-0.1895141303539276,0.19455596804618835,-0.10412651300430298
-0.20642918348312378,0.13889667391777039,-0.17145228385925293
-0.21434752643108368,0.11298123002052307,-0.19804179668426514
-0.2396053820848465,0.10231807827949524,-0.15701782703399658
-0.2882121503353119,0.08308422565460205,-0.09138655662536621
-0.30068838596343994,0.06214156746864319,-0.04169577360153198
-0.27176570892333984,0.022175490856170654,-0.044779300689697266
-0.2366713136434555,-0.02713748812675476,-0.09512847661972046
-0.1873067021369934,-0.07341369986534119,-0.15794742107391357
-0.15404370427131653,-0.11112388968467712,-0.19303321838378906
-0.15372705459594727,-0.14834171533584595,-0.19060516357421875
-0.18278667330741882,-0.16537809371948242,-0.15705382823944092
-0.2292299121618271,-0.18275684118270874,-0.10158437490463257
-0.24716347455978394,-0.19955813884735107,-0.05103021860122681
-0.24357938766479492,-0.21470028162002563,-0.0015075206756591797
-0.2399345189332962,-0.2312222719192505,0.0434190034866333
-0.24429093301296234,-0.2500658929347992,0.06429910659790039
-0.23152630031108856,-0.2756986618041992,0.048838913440704346
-0.1883118748664856,-0.3031688630580902,0.035591721534729004
-0.1334633231163025,-0.3310796320438385,0.043219566345214844
-0.1058667004108429,-0.3526979386806488,0.04125630855560303
-0.1040140688419342,-0.3579375147819519,0.02105766534805298
-0.11854925751686096,-0.3554111421108246,0.0013468265533447266
-0.14381414651870728,-0.34400588274002075,0.002492070198059082
-0.17004135251045227,-0.3366244435310364,0.011865019798278809
-0.18465879559516907,-0.33728229999542236,0.011590957641601562
-0.18578898906707764,-0.33628126978874207,0.0029948949813842773
-0.18899095058441162,-0.3307229280471802,-0.007853448390960693
-0.17862430214881897,-0.324756383895874,-0.029265642166137695
-0.16016989946365356,-0.3139379024505615,-0.04857313632965088
-0.17414534091949463,-0.30308797955513,-0.06189835071563721
-0.21246469020843506,-0.29037609696388245,-0.08151745796203613
-0.2330678105354309,-0.2803943157196045,-0.0898737907409668
-0.22678077220916748,-0.27604231238365173,-0.08030891418457031
-0.20852890610694885,-0.2780696749687195,-0.06981348991394043
-0.20019125938415527,-0.28234177827835083,-0.06912577152252197
-0.20699506998062134,-0.28312844038009644,-0.07786387205123901
-0.22421544790267944,-0.2791135311126709,-0.08732998371124268
-0.22210851311683655,-0.28267067670822144,-0.0937424898147583
-0.2029169797897339,-0.2815976142883301,-0.10152435302734375
-0.1840571165084839,-0.28295886516571045,-0.10440200567245483
-0.1733507513999939,-0.2870620787143707,-0.10040903091430664
-0.16925311088562012,-0.29023367166519165,-0.10054421424865723
-0.17507657408714294,-0.2978592813014984,-0.10264980792999268
-0.16923969984054565,-0.31165266036987305,-0.09509700536727905
-0.1430448293685913,-0.3284567594528198,-0.08354151248931885
-0.12935975193977356,-0.3411983251571655,-0.08592426776885986
-0.12254747748374939,-0.3520955443382263,-0.0954328179359436
-0.10375791788101196,-0.3625667095184326,-0.1010584831237793
-0.08575144410133362,-0.36806124448776245,-0.0877985954284668
-0.08200159668922424,-0.37056130170822144,-0.06372535228729248
-0.09218022227287292,-0.3731224536895752,-0.0423891544342041
-0.11000370979309082,-0.37211179733276367,-0.030956149101257324
-0.1183464527130127,-0.3718131184577942,-0.03267407417297363
-0.12206310033798218,-0.3724804222583771,-0.043509602546691895
-0.12273368239402771,-0.3758750557899475,-0.06153684854507446
-0.11919492483139038,-0.37622809410095215,-0.07320618629455566
-0.11138522624969482,-0.37635278701782227,-0.07954895496368408
-0.11232185363769531,-0.3761017620563507,-0.0819786787033081
-0.12100958824157715,-0.3777053952217102,-0.0826716423034668
-0.13564357161521912,-0.3739989697933197,-0.08317190408706665
-0.14361980557441711,-0.375277042388916,-0.0840902328491211
-0.14749467372894287,-0.37182989716529846,-0.08410108089447021
-0.15040183067321777,-0.3726426064968109,-0.08814883232116699
-0.14790970087051392,-0.37296876311302185,-0.09643709659576416
-0.14050820469856262,-0.3657170832157135,-0.099051833152771
-0.14033129811286926,-0.35987770557403564,-0.09125268459320068
-0.15252181887626648,-0.3515320420265198,-0.07497715950012207
-0.16347810626029968,-0.34593579173088074,-0.0673486590385437
-0.15902569890022278,-0.3430146276950836,-0.07217395305633545
-0.14358249306678772,-0.3399443030357361,-0.08253812789916992
-0.13035786151885986,-0.3407384157180786,-0.0938904881477356
-0.12379708886146545,-0.3382885456085205,-0.09643697738647461
-0.12086611986160278,-0.330279678106308,-0.08560609817504883
-0.12488123774528503,-0.3201192021369934,-0.06472599506378174
-0.1281222403049469,-0.31568223237991333,-0.044303178787231445
-0.12063482403755188,-0.3035646677017212,-0.025140047073364258
-0.11171239614486694,-0.2979687452316284,-0.015710890293121338
-0.1062491238117218,-0.29619669914245605,-0.017548441886901855
-0.11178809404373169,-0.28977853059768677,-0.02274477481842041
-0.12829875946044922,-0.2851410508155823,-0.030373454093933105
-0.14225727319717407,-0.2774712145328522,-0.041257619857788086
-0.1443413645029068,-0.2754588723182678,-0.05287814140319824
-0.14954710006713867,-0.27090054750442505,-0.05586397647857666
-0.16144278645515442,-0.2621992826461792,-0.04802870750427246
-0.17568810284137726,-0.25352942943573,-0.04119992256164551
-0.18606813251972198,-0.2467619776725769,-0.04000169038772583
-0.17513544857501984,-0.2507767379283905,-0.040017008781433105
-0.15829864144325256,-0.25403067469596863,-0.05203127861022949
-0.14871589839458466,-0.25792068243026733,-0.06042611598968506
-0.19165869057178497,-0.2547153830528259,-0.14179587364196777
-0.1724998503923416,-0.26075267791748047,-0.24264883995056152
-0.07365566492080688,-0.2693899869918823,-0.09528791904449463
0.04878385365009308,-0.10807685554027557,0.4506850242614746
-0.23405857384204865,-0.508954644203186,-0.29573243856430054
-0.12113100290298462,-0.2244451642036438,-0.6785762310028076
-0.14612090587615967,-0.144010990858078,-0.15996015071868896
-0.35825443267822266,-0.3392369747161865,-0.09474611282348633
-0.25423145294189453,-0.19032767415046692,-0.1294679045677185
-0.20846611261367798,-0.21363775432109833,-0.08032536506652832
-0.23612532019615173,-0.2581835985183716,-0.028034746646881104
-0.1790880411863327,-0.2215488851070404,0.029874205589294434
-0.14707320928573608,-0.26027539372444153,0.026720762252807617
-0.12881292402744293,-0.283104807138443,-0.008934378623962402
-0.15635362267494202,-0.28196951746940613,-0.015424728393554688
-0.17083722352981567,-0.29110997915267944,-0.0024399757385253906
-0.14054518938064575,-0.29924750328063965,-0.02124607563018799
-0.030956625938415527,-0.3194617033004761,-0.051537394523620605
-0.012565627694129944,-0.33042940497398376,-0.08239293098449707
-0.12378016114234924,-0.302986741065979,-0.060955166816711426
-0.226340651512146,-0.2751736044883728,-0.006423830986022949
-0.21239885687828064,-0.2802395820617676,0.08533036708831787
-0.10334943234920502,-0.3169477581977844,0.20288145542144775
-0.021352693438529968,-0.35393184423446655,0.1727224588394165
0.01831851899623871,-0.35232266783714294,0.0574415922164917
0.0064685046672821045,-0.3368872404098511,-0.016861557960510254
-0.024300381541252136,-0.32608211040496826,-0.04604214429855347
-0.03560177981853485,-0.31262820959091187,-0.06710588932037354
-0.056207671761512756,-0.3042296767234802,-0.07881510257720947
-0.08784008026123047,-0.3066481351852417,-0.09659945964813232
-0.09126369655132294,-0.29874759912490845,-0.10999155044555664
-0.08367764949798584,-0.29257696866989136,-0.125632643699646
-0.09410078823566437,-0.29038646817207336,-0.13644039630889893
-0.14319320023059845,-0.2705617845058441,-0.11918210983276367
-0.2082386612892151,-0.27893996238708496,-0.0890536904335022
-0.3242935240268707,-0.26110726594924927,-0.10944861173629761
-0.12159815430641174,-0.2885456681251526,-0.08634591102600098
-0.11113344132900238,-0.32123690843582153,0.07229959964752197
-0.130849689245224,-0.3171325922012329,-0.053262293338775635
-0.09327596426010132,-0.3075648844242096,-0.034565508365631104
-0.06573809683322906,-0.31659767031669617,-0.00960397720336914
-0.0450720489025116,-0.33456164598464966,0.013254880905151367
-0.053803443908691406,-0.32586562633514404,0.017043650150299072
-0.09929056465625763,-0.3115379512310028,0.003756880760192871
-0.14476530253887177,-0.3024083375930786,-0.01153939962387085
-0.16732549667358398,-0.2976113557815552,-0.025628983974456787
-0.17314058542251587,-0.2941926121711731,-0.048295557498931885
-0.17385180294513702,-0.2922784090042114,-0.08048051595687866
-0.18085871636867523,-0.29962778091430664,-0.13408255577087402
-0.1874094158411026,-0.30411598086357117,-0.19518840312957764
-0.18906788527965546,-0.3025915026664734,-0.2515483498573303
-0.19721557199954987,-0.30274084210395813,-0.2967877984046936
-0.20343539118766785,-0.30467352271080017,-0.3291836977005005
-0.20985007286071777,-0.3063850700855255,-0.3514859676361084
-0.22476711869239807,-0.3073039948940277,-0.3695117235183716
-0.23857422173023224,-0.306406706571579,-0.37665247917175293
-0.25068703293800354,-0.2975272536277771,-0.3698297142982483
-0.27148640155792236,-0.28392574191093445,-0.360986590385437
-0.2905111014842987,-0.27126139402389526,-0.34866851568222046
-0.303185373544693,-0.2626539468765259,-0.34411048889160156
-0.3219633400440216,-0.24469426274299622,-0.35273611545562744
-0.3408486843109131,-0.22327041625976562,-0.35877203941345215
-0.3438519239425659,-0.21893754601478577,-0.3515310287475586
-0.3374253511428833,-0.21173197031021118,-0.34100663661956787
-0.3400331437587738,-0.1951235830783844,-0.3361268639564514
-0.34744590520858765,-0.1824168860912323,-0.33756065368652344
-0.3609349727630615,-0.17214614152908325,-0.34394848346710205
-0.3787307143211365,-0.1576244831085205,-0.35859858989715576
-0.3920344412326813,-0.1420954465866089,-0.37661850452423096
-0.40099355578422546,-0.12771588563919067,-0.4021780490875244
-0.4230552017688751,-0.10804834961891174,-0.4376383423805237
-0.44245898723602295,-0.07976481318473816,-0.47680652141571045
-0.45473748445510864,-0.04947689175605774,-0.5124446153640747
-0.4742567241191864,-0.017250359058380127,-0.5433119535446167
-0.5035905838012695,0.019311875104904175,-0.5720189809799194
-0.5376062393188477,0.06676337122917175,-0.6041049957275391
-0.5765536427497864,0.12879648804664612,-0.6334826946258545
-0.607962429523468,0.20069396495819092,-0.6582286357879639
-0.6261110305786133,0.264014333486557,-0.6846991181373596
-0.6457023024559021,0.33430543541908264,-0.7162358164787292
-0.6760622262954712,0.4141972064971924,-0.7531563639640808
-0.685525119304657,0.5142252445220947,-0.78074049949646
-0.6717851758003235,0.6098688840866089,-0.7587436437606812
-0.6067824959754944,0.6811650991439819,-0.6700700521469116
-0.5259121656417847,0.7250199317932129,-0.5652552843093872
-0.4597712755203247,0.8221950531005859,-0.41163313388824463
-0.32973694801330566,0.8704652786254883,-0.2399020493030548
-0.2119441032409668,0.9182417392730713,-0.11364835500717163
-0.08761364221572876,1.0018303394317627,-0.013554096221923828
0.04998260736465454,1.0845973491668701,0.06071735918521881
0.20460915565490723,1.176613688468933,0.13829410076141357
0.36307162046432495,1.2327978610992432,0.2176801562309265
0.5214145183563232,1.232994556427002,0.27582699060440063
0.6692101359367371,1.191819429397583,0.30195337533950806
0.80789715051651,1.1343300342559814,0.2923882007598877
0.9408431053161621,1.0791029930114746,0.25373250246047974
1.0582654476165771,1.027299404144287,0.20551718771457672
1.156968116760254,0.9788254499435425,0.16644777357578278
1.2463598251342773,0.9291533827781677,0.1357942819595337
1.3155517578125,0.8616454005241394,0.12430841475725174
1.3535114526748657,0.7893514037132263,0.12345075607299805
1.3839170932769775,0.7034222483634949,0.1370425820350647
1.4171799421310425,0.5920425653457642,0.15851980447769165
1.430533766746521,0.4641808867454529,0.17735940217971802
1.4177088737487793,0.3256409168243408,0.19095611572265625
1.3982601165771484,0.18651849031448364,0.20309042930603027
1.3711488246917725,0.0539323091506958,0.21186447143554688
1.3375799655914307,-0.06531178951263428,0.21581172943115234
1.312620759010315,-0.15429431200027466,0.22631311416625977
1.2928777933120728,-0.21877330541610718,0.25743818283081055
1.2682819366455078,-0.26583975553512573,0.3062264919281006
1.2334178686141968,-0.29220616817474365,0.36551201343536377
1.1849803924560547,-0.3067682981491089,0.42238128185272217
1.1211156845092773,-0.3157147765159607,0.46481621265411377
1.0342645645141602,-0.32653939723968506,0.4850727319717407
0.9317507147789001,-0.33700060844421387,0.47616153955459595
0.8380923867225647,-0.33899229764938354,0.4494183659553528
0.7620563507080078,-0.3321905732154846,0.4197379946708679
0.6756528615951538,-0.3293495774269104,0.39257216453552246
0.5863114595413208,-0.32700079679489136,0.36467909812927246
0.5033284425735474,-0.32629722356796265,0.3385821580886841
0.4327842593193054,-0.33641695976257324,0.32192546129226685
0.3784915506839752,-0.3525180220603943,0.32078689336776733
0.33513322472572327,-0.37021660804748535,0.3309883177280426
0.3020551800727844,-0.388435423374176,0.3463505208492279
0.29060640931129456,-0.4019049406051636,0.3661830425262451
0.29793205857276917,-0.4151666760444641,0.3860531449317932
0.3060411512851715,-0.437275230884552,0.4065919518470764
0.31944677233695984,-0.4582216739654541,0.4268990159034729
0.34987348318099976,-0.46685779094696045,0.4397011995315552
0.3906921148300171,-0.4624054431915283,0.4350600242614746
0.4365697503089905,-0.46020978689193726,0.4237474501132965
0.47917282581329346,-0.4751739501953125,0.41139131784439087
0.5177279710769653,-0.49661219120025635,0.39057743549346924
0.5549448728561401,-0.516264796257019,0.3625794053077698
0.5978196263313293,-0.5356480479240417,0.3292914628982544
0.6453733444213867,-0.555091917514801,0.29173892736434937
0.6948494911193848,-0.5724428296089172,0.25811004638671875
0.7502517700195312,-0.5826078653335571,0.22372716665267944
0.8169409036636353,-0.5834746956825256,0.19053101539611816
0.8874913454055786,-0.5663753151893616,0.16041238605976105
0.9485409259796143,-0.5340596437454224,0.13923676311969757
1.0000636577606201,-0.4911381006240845,0.126437246799469
1.049062967300415,-0.44614189863204956,0.12897615134716034
1.10936439037323,-0.4060169458389282,0.14797087013721466
1.168847918510437,-0.3667939305305481,0.17896407842636108
1.211943507194519,-0.33845430612564087,0.22183936834335327
1.2342671155929565,-0.3418666124343872,0.27049022912979126
1.2366968393325806,-0.37357354164123535,0.319214403629303
1.2357549667358398,-0.4216509461402893,0.35391971468925476
1.2474830150604248,-0.4597429037094116,0.367424339056015
1.2808010578155518,-0.4672788977622986,0.36026737093925476
1.3168179988861084,-0.4387822151184082,0.3488377034664154
1.3375017642974854,-0.3824824094772339,0.3452303409576416
1.33345365524292,-0.30644625425338745,0.3458665907382965
1.2956266403198242,-0.2267332673072815,0.34308815002441406
1.2398651838302612,-0.15911585092544556,0.3334011435508728
1.1754037141799927,-0.10346126556396484,0.3169075846672058
1.1029027700424194,-0.06431525945663452,0.2946683168411255
1.0253342390060425,-0.04776418209075928,0.273902952671051
0.9593349695205688,-0.03800612688064575,0.25205332040786743
0.9149566888809204,-0.020663082599639893,0.2323063313961029
0.8754888772964478,0.009145915508270264,0.21647638082504272
0.8425878286361694,0.049211084842681885,0.2103748917579651
0.8141639828681946,0.0927019715309143,0.21650393307209015
0.7895069122314453,0.14101016521453857,0.23316150903701782
0.7675083875656128,0.19840842485427856,0.2581115961074829
0.7417564988136292,0.25867998600006104,0.28855615854263306
0.703997790813446,0.3158230185508728,0.31828367710113525
0.6631490588188171,0.36431121826171875,0.3521740436553955
0.6281980872154236,0.4038323760032654,0.38509368896484375
0.5866848230361938,0.4374431371688843,0.4132290482521057
0.5473888516426086,0.4609508514404297,0.43315237760543823
0.4987291097640991,0.4704974293708801,0.4535493850708008
0.4217926859855652,0.481354683637619,0.46425455808639526
0.32983487844467163,0.5002896785736084,0.4560437798500061
0.2282949686050415,0.5231201648712158,0.43310844898223877
0.12677770853042603,0.5469146966934204,0.40740078687667847
0.018062889575958252,0.5668246746063232,0.3856697082519531
-0.08583158254623413,0.5717487335205078,0.36345016956329346
-0.17944157123565674,0.5697170495986938,0.34115511178970337
-0.26388007402420044,0.5630047917366028,0.31662869453430176
-0.34210658073425293,0.5557910799980164,0.2891421914100647
-0.41695505380630493,0.5524801015853882,0.2609958052635193
-0.48620468378067017,0.5417124032974243,0.23316144943237305
-0.5452743768692017,0.5222482085227966,0.20936298370361328
-0.604009747505188,0.5012561082839966,0.19093374907970428
-0.6577976942062378,0.47923216223716736,0.17605823278427124
-0.7042041420936584,0.462511271238327,0.16448605060577393
-0.7426266074180603,0.44739291071891785,0.15580958127975464
-0.7720463871955872,0.4376886487007141,0.14453154802322388
-0.7913963198661804,0.43231001496315,0.13597476482391357
-0.8052385449409485,0.4324197769165039,0.12825460731983185
-0.8143543601036072,0.43258750438690186,0.12248732149600983
-0.8128429055213928,0.43175262212753296,0.11775839328765869
-0.8033739328384399,0.4363497793674469,0.11124932765960693
-0.793492317199707,0.4462771713733673,0.10870058834552765
-0.7841778993606567,0.46576863527297974,0.11077536642551422
-0.7751126885414124,0.49284863471984863,0.11883914470672607
-0.7610725164413452,0.5224568247795105,0.12716740369796753
-0.7372316718101501,0.5724012851715088,0.1453336626291275
-0.6997321248054504,0.6272864937782288,0.17064350843429565
-0.6279940009117126,0.6450871825218201,0.17764529585838318
-0.5519837141036987,0.7212617993354797,0.17887957394123077
-0.48562079668045044,0.7948078513145447,0.17274977266788483
-0.42788851261138916,0.8204902410507202,0.16467785835266113
-0.36765187978744507,0.808010458946228,0.15766674280166626
-0.2768453359603882,0.7756152749061584,0.14763551950454712
-0.1264694333076477,0.7436231374740601,0.1368531733751297
0.045484304428100586,0.7240386605262756,0.13907372951507568
0.21360909938812256,0.7160043716430664,0.14397889375686646
0.35536712408065796,0.701029360294342,0.14610542356967926
0.4295884966850281,0.6620787978172302,0.14719544351100922
0.4360682964324951,0.5911350250244141,0.14712131023406982
0.4355199933052063,0.5202548503875732,0.14943528175354004
0.4347129464149475,0.4791148006916046,0.16623544692993164
0.40351176261901855,0.43114998936653137,0.18961083889007568
0.35202836990356445,0.3508959710597992,0.20448918640613556
0.32108861207962036,0.2777944505214691,0.22855395078659058
0.30835390090942383,0.22841763496398926,0.24704855680465698
0.303338885307312,0.1917833685874939,0.25743329524993896
0.28965139389038086,0.15359336137771606,0.2623787522315979
0.2852839231491089,0.10782897472381592,0.27100586891174316
0.29740792512893677,0.05208384990692139,0.27935731410980225
0.30839329957962036,0.000625312328338623,0.2788822650909424
0.3239321708679199,-0.033815979957580566,0.2591949701309204
0.3378639221191406,-0.0711553692817688,0.2255386859178543
0.3380821943283081,-0.11359137296676636,0.1915236860513687
0.33151495456695557,-0.1534479260444641,0.16507822275161743
0.3299354910850525,-0.17753219604492188,0.14756709337234497
0.33134645223617554,-0.19613444805145264,0.13542425632476807
0.3238604664802551,-0.22338175773620605,0.12503069639205933
0.31071561574935913,-0.2501782774925232,0.11010946333408356
0.3090808391571045,-0.2617906332015991,0.08788174390792847
0.31746411323547363,-0.27041274309158325,0.06059825420379639
0.3362277150154114,-0.27901768684387207,0.03354710340499878
0.36219149827957153,-0.280540406703949,0.016494885087013245
0.38724368810653687,-0.2735525369644165,0.00886605679988861
0.40418165922164917,-0.2725173830986023,0.014848574995994568
0.4157657027244568,-0.2859070301055908,0.031028687953948975
0.4428026080131531,-0.2970685362815857,0.05433553457260132
0.4759221076965332,-0.30073022842407227,0.0846627801656723
0.5051085948944092,-0.3069190979003906,0.12198992073535919
0.532791018486023,-0.31526386737823486,0.15638107061386108
0.5594481229782104,-0.3128288984298706,0.17771685123443604
0.5930650234222412,-0.30412858724594116,0.19450253248214722
0.6167517900466919,-0.29554569721221924,0.20627522468566895
0.6287436485290527,-0.2922327518463135,0.21218222379684448
0.6451884508132935,-0.3292389512062073,0.229119673371315
0.6919306516647339,-0.4120602607727051,0.2516825199127197
0.8044130802154541,-0.4990449547767639,0.26156866550445557
0.8846889734268188,-0.5656598806381226,0.258862167596817
0.9171919226646423,-0.5751615166664124,0.2392287254333496
0.9844260811805725,-0.5459224581718445,0.22724279761314392
1.2573809623718262,-0.3770773410797119,1.025949239730835
1.2426872253417969,-0.45348960161209106,0.699346125125885
1.0384695529937744,-0.633596658706665,0.7850564122200012
0.9702982902526855,-0.5574899911880493,0.6304512619972229
0.8853881359100342,-0.4673023819923401,0.5310825109481812
0.9664338827133179,-0.40526944398880005,0.5108778476715088
1.0318396091461182,-0.34856414794921875,0.4705938696861267
1.0849015712738037,-0.33449798822402954,0.4248701333999634
1.1193203926086426,-0.3528870940208435,0.3653700053691864
1.1292635202407837,-0.3931278586387634,0.31687191128730774
1.1144142150878906,-0.4481111168861389,0.28061529994010925
1.0965611934661865,-0.48440515995025635,0.24960047006607056
1.0892291069030762,-0.47679829597473145,0.22384625673294067
1.0916799306869507,-0.4351709485054016,0.21861907839775085
1.0982072353363037,-0.3795945644378662,0.2420126497745514
1.1035091876983643,-0.31707364320755005,0.27348777651786804
1.103550672531128,-0.2519128918647766,0.2938564121723175
1.1002070903778076,-0.19044649600982666,0.3143954575061798
1.084423303604126,-0.13708293437957764,0.33534225821495056
1.0606281757354736,-0.11609482765197754,0.36337414383888245
1.0245001316070557,-0.10637962818145752,0.3858552873134613
0.9927717447280884,-0.08760637044906616,0.3906157910823822
0.968163251876831,-0.04446309804916382,0.38451072573661804
0.923180341720581,-0.004659593105316162,0.37959569692611694
0.8631317019462585,0.03347575664520264,0.3693626821041107
0.8263451457023621,0.06730771064758301,0.37172573804855347
0.8390370607376099,0.0799175500869751,0.41048160195350647
0.8778635859489441,0.10082751512527466,0.467660516500473
0.9127597808837891,0.13350552320480347,0.5187993049621582
0.908450722694397,0.17845940589904785,0.547571063041687
0.8879741430282593,0.2397758960723877,0.5342081785202026
0.8619805574417114,0.3018019199371338,0.49958336353302
0.7975677251815796,0.34405946731567383,0.4535447359085083
0.7267036437988281,0.3429965376853943,0.4208032488822937
0.6788331270217896,0.33994239568710327,0.39787232875823975
0.637961745262146,0.365204393863678,0.37272393703460693
0.5896796584129333,0.37911269068717957,0.3515866994857788
0.5199517607688904,0.38777217268943787,0.33866727352142334
0.4411354660987854,0.421394020318985,0.32553768157958984
0.37677156925201416,0.44272902607917786,0.3274242877960205
0.3174806833267212,0.4331342279911041,0.34410327672958374
0.26500314474105835,0.4320392310619354,0.3570101261138916
0.22618353366851807,0.43598800897598267,0.37951183319091797
0.22113192081451416,0.43399423360824585,0.4126925468444824
0.2394757866859436,0.4178176522254944,0.44902700185775757
0.24181747436523438,0.3763101100921631,0.47150254249572754
0.22280293703079224,0.32941532135009766,0.45608311891555786
0.1960219144821167,0.30982309579849243,0.41849255561828613
0.17160236835479736,0.29720187187194824,0.40036654472351074
0.1493270993232727,0.27016907930374146,0.4014257788658142
0.14250189065933228,0.253042995929718,0.38634705543518066
0.1464431881904602,0.23880022764205933,0.35780632495880127
0.11751997470855713,0.22324150800704956,0.3086424469947815
0.07755565643310547,0.21914167702198029,0.23543888330459595
0.055181026458740234,0.21400171518325806,0.1696697473526001
0.04654344916343689,0.19316896796226501,0.13584041595458984
0.0532647967338562,0.17934677004814148,0.14120596647262573
0.06402212381362915,0.16388067603111267,0.1848030686378479
0.08102661371231079,0.16478458046913147,0.21800923347473145
0.11334142088890076,0.18907105922698975,0.24149423837661743
0.11644324660301208,0.2065061628818512,0.2587677240371704
0.07101112604141235,0.22355003654956818,0.26077884435653687
0.01202303171157837,0.2458534985780716,0.26136547327041626
-0.04504773020744324,0.2327185869216919,0.27221280336380005
-0.07121586799621582,0.18359605967998505,0.2888706922531128
-0.057858020067214966,0.12795870006084442,0.2968522906303406
-0.010815054178237915,0.086332306265831,0.2810364365577698
0.05254518985748291,0.06812195479869843,0.24706488847732544
0.0719565749168396,0.08959786593914032,0.18985670804977417
0.029907703399658203,0.1258901208639145,0.15043562650680542
-0.05633881688117981,0.13565956056118011,0.14652961492538452
-0.14164718985557556,0.11594554781913757,0.14791125059127808
-0.1951146274805069,0.092714324593544,0.13729077577590942
-0.21674583852291107,0.0675414502620697,0.11885422468185425
-0.20396919548511505,0.04355788230895996,0.12593668699264526
-0.15480852127075195,0.015955746173858643,0.16329056024551392
-0.1046120822429657,-0.01188775897026062,0.2071496844291687
-0.06312298774719238,-0.02547779679298401,0.2316749095916748
-0.020125821232795715,-0.024853527545928955,0.22645729780197144
-0.009460896253585815,-0.021818965673446655,0.19207286834716797
-0.04039217531681061,-0.019278109073638916,0.1439952850341797
-0.08319741487503052,-0.006449282169342041,0.10197150707244873
-0.1182398796081543,0.005187541246414185,0.07854795455932617
-0.1542186141014099,0.0006310641765594482,0.0844758152961731
-0.18305280804634094,-0.005286574363708496,0.12060278654098511
-0.19293083250522614,-0.015364021062850952,0.18393665552139282
-0.20573094487190247,-0.029658257961273193,0.23592263460159302
-0.20080234110355377,-0.04227229952812195,0.269345223903656
-0.18385934829711914,-0.056794434785842896,0.27944135665893555
-0.16704176366329193,-0.07230612635612488,0.2728966474533081
-0.15877754986286163,-0.0876125693321228,0.2569713592529297
-0.16461634635925293,-0.09640640020370483,0.24166905879974365
-0.19244392216205597,-0.10187515616416931,0.24612480401992798
-0.23329798877239227,-0.10258075594902039,0.2578982710838318
-0.26710373163223267,-0.10145938396453857,0.27003246545791626
-0.2838190793991089,-0.10869824886322021,0.28885704278945923
-0.30253297090530396,-0.11664924025535583,0.2991887331008911
-0.31199243664741516,-0.125543475151062,0.30129724740982056
-0.3162621259689331,-0.1387527585029602,0.2918506860733032
-0.31190311908721924,-0.14592871069908142,0.28064680099487305
-0.3036056160926819,-0.15979456901550293,0.26543307304382324
-0.3072701692581177,-0.17288216948509216,0.23788774013519287
-0.2976851761341095,-0.18237781524658203,0.21343553066253662
-0.2789444327354431,-0.1971093714237213,0.18437564373016357
-0.28720396757125854,-0.21355459094047546,0.1413610577583313
-0.2910993695259094,-0.21852603554725647,0.10030460357666016
-0.2813947796821594,-0.2360290288925171,0.0832623839378357
-0.27392300963401794,-0.2667345106601715,0.07538115978240967
-0.26008498668670654,-0.2872868776321411,0.06754517555236816
-0.2340211421251297,-0.3080494999885559,0.05760318040847778
-0.20162011682987213,-0.33386555314064026,0.03808903694152832
-0.18088342249393463,-0.3510384261608124,0.02497762441635132
-0.18266166746616364,-0.36362424492836,0.021491944789886475
-0.19805315136909485,-0.36724668741226196,0.01447516679763794
-0.20659978687763214,-0.368551641702652,0.02015089988708496
-0.2186412811279297,-0.3782657980918884,0.028889715671539307
-0.23974545300006866,-0.37582287192344666,0.014162182807922363
-0.2604350447654724,-0.36417248845100403,-0.015081644058227539
-0.2867293357849121,-0.35761749744415283,-0.051821351051330566
-0.2916749119758606,-0.34398314356803894,-0.09001290798187256
-0.2797320485115051,-0.33643439412117004,-0.10475915670394897
-0.25269120931625366,-0.34189561009407043,-0.10643649101257324
-0.21858787536621094,-0.3599829375743866,-0.0984727144241333
-0.17806440591812134,-0.3801254332065582,-0.09619992971420288
-0.13519106805324554,-0.390418142080307,-0.10368919372558594
-0.10051946341991425,-0.38581937551498413,-0.1118239164352417
-0.08607217669487,-0.3786938190460205,-0.1133033037185669
-0.10335676372051239,-0.3617549538612366,-0.10170984268188477
-0.12276194989681244,-0.344524085521698,-0.0705767273902893
-0.12144897878170013,-0.3484953045845032,-0.05675989389419556
-0.10716795921325684,-0.3584955036640167,-0.06142711639404297
-0.081022709608078,-0.3577478528022766,-0.05888181924819946
-0.035217657685279846,-0.3467492163181305,-0.03630167245864868
-0.00012925267219543457,-0.3420873284339905,-0.007569730281829834
0.013413667678833008,-0.32505881786346436,0.014646828174591064
0.01662394404411316,-0.30798736214637756,0.049705564975738525
0.005479246377944946,-0.2899053990840912,0.08848756551742554
-0.003210797905921936,-0.26614734530448914,0.12195062637329102
-0.01340271532535553,-0.24238082766532898,0.1459391713142395
-0.02858741581439972,-0.22012042999267578,0.1617056131362915
-0.04652412235736847,-0.199070543050766,0.1719827651977539
-0.06251484155654907,-0.17540863156318665,0.16733551025390625
-0.06464150547981262,-0.15928131341934204,0.15807455778121948
-0.06498852372169495,-0.1500820815563202,0.1459958553314209
-0.062329068779945374,-0.13435372710227966,0.1284780502319336
-0.06301404535770416,-0.12134203314781189,0.12136155366897583
-0.06801576912403107,-0.1120615005493164,0.12540876865386963
-0.0856974720954895,-0.10202208161354065,0.15117257833480835
-0.11602118611335754,-0.08684268593788147,0.18089258670806885
-0.14963766932487488,-0.07168883085250854,0.2043311595916748
-0.18779900670051575,-0.056086719036102295,0.22063517570495605
-0.2258087396621704,-0.042931944131851196,0.2338305115699768
-0.2568497955799103,-0.03467652201652527,0.24693536758422852
-0.2835121154785156,-0.031843990087509155,0.24977797269821167
-0.28891685605049133,-0.02617928385734558,0.24690675735473633
-0.2743399739265442,-0.025139570236206055,0.24934852123260498
-0.26462674140930176,-0.03148588538169861,0.2465265989303589
-0.2594347596168518,-0.03990909457206726,0.2386724352836609
-0.25230419635772705,-0.04150858521461487,0.23286640644073486
-0.24942250549793243,-0.04226300120353699,0.2381967306137085
-0.25560426712036133,-0.04339629411697388,0.25101137161254883
-0.26819586753845215,-0.04070037603378296,0.2643309235572815
-0.27726268768310547,-0.03769946098327637,0.2825385332107544
-0.2969527244567871,-0.0400482714176178,0.29955774545669556
-0.32132822275161743,-0.038209348917007446,0.30582696199417114
-0.34122586250305176,-0.02745988965034485,0.30900460481643677
-0.3587133288383484,-0.021213680505752563,0.3252541422843933
-0.3806772232055664,-0.018199622631072998,0.34930992126464844
-0.37540605664253235,-0.0012176334857940674,0.36443662643432617
-0.33895426988601685,-0.006256222724914551,0.38090360164642334
-0.3292047381401062,-0.011759549379348755,0.3718724846839905
-0.35258519649505615,0.005996495485305786,0.334314227104187
-0.3800194263458252,0.03517827391624451,0.29645371437072754
-0.40743955969810486,0.06931042671203613,0.2670442461967468
-0.4392874836921692,0.11779522895812988,0.26063960790634155
-0.4772084951400757,0.19097325205802917,0.28250181674957275
-0.5176893472671509,0.2709600329399109,0.334205687046051
-0.5457524061203003,0.3430964946746826,0.4071914553642273
-0.5462476015090942,0.4157610237598419,0.49069368839263916
-0.5320050716400146,0.47345679998397827,0.561135470867157
-0.5075439214706421,0.5195178389549255,0.6042802929878235
-0.46870866417884827,0.5841221213340759,0.6147447824478149
-0.41141799092292786,0.6792410612106323,0.6101280450820923
-0.3397153317928314,0.7798639535903931,0.5964825749397278
-0.2651950418949127,0.8647146821022034,0.571306049823761
-0.21061652898788452,0.9414172172546387,0.5244795083999634
-0.16007500886917114,1.0032374858856201,0.4552396535873413
-0.09947150945663452,1.0617080926895142,0.367634654045105
-0.0182877779006958,1.130785584449768,0.272178053855896
0.09782326221466064,1.2085319757461548,0.18906956911087036
0.25798463821411133,1.283003807067871,0.13688510656356812
0.40686047077178955,1.3413721323013306,0.11714613437652588
0.5458022952079773,1.403552532196045,0.11661529541015625
0.6933334469795227,1.4717068672180176,0.13918548822402954
0.8526261448860168,1.5180120468139648,0.20596331357955933
0.9700428247451782,1.4983104467391968,0.3227427005767822
1.0193469524383545,1.4303014278411865,0.4456881582736969
1.028380036354065,1.3393762111663818,0.5538249015808105
1.0139594078063965,1.2178869247436523,0.633612871170044
0.9615229368209839,1.0796562433242798,0.688755989074707
0.9103926420211792,0.9393807649612427,0.7231469750404358
0.888096034526825,0.7938582301139832,0.7449773550033569
0.8731294870376587,0.6435559988021851,0.7672585248947144
0.8461472988128662,0.48612791299819946,0.779541015625
0.8048334717750549,0.33203816413879395,0.782325029373169
0.7443809509277344,0.21547138690948486,0.7911965847015381
0.6847711801528931,0.16448992490768433,0.8097290396690369
0.6516140699386597,0.15624570846557617,0.8347647190093994
0.6449128985404968,0.15787601470947266,0.8519513010978699
0.6524121761322021,0.16067981719970703,0.8569388389587402
0.6668407320976257,0.15328580141067505,0.8478614091873169
0.6981773376464844,0.1480993628501892,0.8333919048309326
0.742664098739624,0.1406189203262329,0.8209537267684937
0.7760597467422485,0.11859351396560669,0.8069226145744324
0.7979839444160461,0.09177887439727783,0.7936581373214722
0.8125308156013489,0.06796544790267944,0.7766287922859192
0.8209290504455566,0.0444907546043396,0.752480685710907
0.8390958309173584,0.015323162078857422,0.7203069925308228
0.8765823841094971,-0.021918118000030518,0.687153697013855
0.9111727476119995,-0.07428723573684692,0.6482480764389038
0.9354285001754761,-0.13402903079986572,0.6048819422721863
0.9472997188568115,-0.198175847530365,0.5520997047424316
0.9588460326194763,-0.2600367069244385,0.49506983160972595
0.9786789417266846,-0.3208414912223816,0.429106742143631
1.0058048963546753,-0.38669508695602417,0.3522167205810547
1.0377113819122314,-0.45702844858169556,0.26796799898147583
1.0717823505401611,-0.5264281034469604,0.18010786175727844
1.10470712184906,-0.5895736813545227,0.09346681833267212
1.132940411567688,-0.6503463387489319,0.00820094347000122
1.166232943534851,-0.6991861462593079,-0.06600981950759888
1.1993582248687744,-0.7217733860015869,-0.12248489260673523
1.2375311851501465,-0.7178534269332886,-0.15154439210891724
1.2809109687805176,-0.6848796606063843,-0.15053963661193848
1.325939655303955,-0.6304616332054138,-0.11177361011505127
1.3768386840820312,-0.568964958190918,-0.033522844314575195
1.4241306781768799,-0.5106639862060547,0.07428398728370667
1.4594271183013916,-0.46639060974121094,0.19826388359069824
1.466991662979126,-0.4573119282722473,0.3271414041519165
1.4488272666931152,-0.4742218255996704,0.4514581859111786
1.42453932762146,-0.48069292306900024,0.5600525140762329
1.4120020866394043,-0.4604789614677429,0.6677067279815674
1.4012067317962646,-0.4152945876121521,0.7668108344078064
1.3639240264892578,-0.36607539653778076,0.8557060956954956
1.3047428131103516,-0.31602537631988525,0.9258013963699341
1.244559407234192,-0.24640363454818726,0.9716174006462097
1.1946858167648315,-0.159831702709198,0.9845178127288818
1.1471339464187622,-0.0732496976852417,0.9713895916938782
1.1021482944488525,0.00368577241897583,0.9378379583358765
1.0705832242965698,0.07018625736236572,0.8974986672401428
1.0535242557525635,0.12945163249969482,0.8548425436019897
1.0432894229888916,0.18807756900787354,0.8213335275650024
1.0354547500610352,0.25209927558898926,0.7971372604370117
1.0255637168884277,0.3163198232650757,0.7740514874458313
1.0107550621032715,0.3887312412261963,0.740913987159729
0.9910793900489807,0.47553306818008423,0.7002984285354614
0.9639930725097656,0.5654293894767761,0.6565860509872437
0.9233377575874329,0.6493064761161804,0.6083611845970154
0.8638840317726135,0.7164814472198486,0.5578708648681641
0.7854592800140381,0.764037549495697,0.5052918195724487
0.690578818321228,0.8016144633293152,0.44808757305145264
0.5807724595069885,0.8286529183387756,0.38574862480163574
0.4611544609069824,0.8411107063293457,0.3225334882736206
0.33673328161239624,0.8389272093772888,0.2548764944076538
0.21072804927825928,0.8202918171882629,0.18531960248947144
0.08960193395614624,0.7936034202575684,0.11567145586013794
-0.013976633548736572,0.7611805200576782,0.044313494116067886
-0.11533200740814209,0.7262012958526611,-0.021563347429037094
-0.21955376863479614,0.6936726570129395,-0.08094567060470581
-0.32682764530181885,0.6587016582489014,-0.13886940479278564
-0.4347308278083801,0.6325122117996216,-0.1872011423110962
-0.540966272354126,0.6132220029830933,-0.22559630870819092
-0.6367554068565369,0.5909059047698975,-0.25150227546691895
-0.7104134559631348,0.560122013092041,-0.25481200218200684
-0.7534883618354797,0.5210544466972351,-0.2486034631729126
-0.7819104194641113,0.488427072763443,-0.2554433345794678
-0.7946547269821167,0.4548766016960144,-0.25871706008911133
-0.8051304221153259,0.4376978576183319,-0.2583145797252655
-0.799727201461792,0.4200248420238495,-0.2545880079269409
-0.7921919822692871,0.40499770641326904,-0.26818254590034485
-0.7871880531311035,0.38399308919906616,-0.2751544415950775
-0.7943485975265503,0.36987942457199097,-0.29488125443458557
-0.8083695769309998,0.3635367751121521,-0.32852840423583984
-0.8146278858184814,0.3519275188446045,-0.3650290071964264
-0.8052784204483032,0.33997857570648193,-0.39834752678871155
-0.7846696972846985,0.33614063262939453,-0.4210842251777649
-0.7490995526313782,0.34091728925704956,-0.4408937096595764
-0.707861065864563,0.34922072291374207,-0.45942312479019165
-0.666871964931488,0.358541339635849,-0.47540345788002014
-0.620729386806488,0.38696497678756714,-0.48792654275894165
-0.5831392407417297,0.4311511516571045,-0.4900071620941162
-0.5497775673866272,0.48826274275779724,-0.4820280075073242
-0.5261834263801575,0.5452739000320435,-0.4673801064491272
-0.5141072869300842,0.5821415185928345,-0.4311678409576416
-0.5047664046287537,0.5937666893005371,-0.36432647705078125
-0.4798159599304199,0.5928049087524414,-0.2707444131374359
-0.4326404333114624,0.5951414108276367,-0.1597135066986084
-0.3563319444656372,0.6133320331573486,-0.047732263803482056
-0.2638954520225525,0.6484900712966919,0.06218358874320984
-0.1896631121635437,0.674481213092804,0.15970265865325928
-0.13544762134552002,0.6660396456718445,0.2341952621936798
-0.07968932390213013,0.6397202610969543,0.2820465564727783
-0.0018522143363952637,0.6370962858200073,0.3080939054489136
0.08559286594390869,0.6589930057525635,0.3177158832550049
0.1526210904121399,0.6727915406227112,0.3218907117843628
0.19450092315673828,0.6699804067611694,0.32591021060943604
0.22257941961288452,0.6701833009719849,0.3338007926940918
0.22808927297592163,0.6541482210159302,0.3373178243637085
0.2143712043762207,0.5965875387191772,0.33292412757873535
0.19303542375564575,0.5136249661445618,0.3366281986236572
0.17443972826004028,0.4335070848464966,0.3526924252510071
0.17267948389053345,0.3627546429634094,0.3771688938140869
0.1999945044517517,0.30187273025512695,0.402346134185791
0.2188919186592102,0.22271746397018433,0.43251657485961914
0.213981032371521,0.13638460636138916,0.45308202505111694
0.21031111478805542,0.06388527154922485,0.4632193446159363
0.20002692937850952,-0.0032355785369873047,0.47071027755737305
0.1909281611442566,-0.07480108737945557,0.47386789321899414
0.1950259804725647,-0.13644564151763916,0.47202253341674805
0.21175462007522583,-0.18269717693328857,0.4589958190917969
0.23845362663269043,-0.21972447633743286,0.43469351530075073
0.2662000060081482,-0.2539184093475342,0.3979477286338806
0.2911440134048462,-0.27925586700439453,0.35199618339538574
0.3182517886161804,-0.2894492745399475,0.3002753257751465
0.34739822149276733,-0.28918951749801636,0.24562954902648926
0.37698864936828613,-0.2765715718269348,0.18750393390655518
0.397796630859375,-0.2658020257949829,0.14085453748703003
0.4068763852119446,-0.2626880407333374,0.1009703278541565
0.4202410578727722,-0.2612231969833374,0.07065355777740479
0.435946524143219,-0.2693537473678589,0.05365633964538574
0.45643898844718933,-0.28594350814819336,0.04620123654603958
0.49789923429489136,-0.2930977940559387,0.04822271317243576
0.5591434240341187,-0.29682308435440063,0.06447458267211914
0.6281874179840088,-0.31253576278686523,0.09632410109043121
0.7022966146469116,-0.33599966764450073,0.14914141595363617
0.7723137736320496,-0.36111295223236084,0.21067821979522705
0.8175367116928101,-0.3968973159790039,0.2553279399871826
0.853305995464325,-0.4306056499481201,0.28436601161956787
0.8873764276504517,-0.46054279804229736,0.3091921806335449
0.9166892170906067,-0.4891291856765747,0.3284512758255005
0.9409080743789673,-0.5078855156898499,0.3461949825286865
0.9646493196487427,-0.5148364305496216,0.36122947931289673
0.9951876401901245,-0.5058630108833313,0.3698592185974121
1.0329355001449585,-0.4762803316116333,0.372273325920105
1.0779964923858643,-0.4259411096572876,0.3715090751647949
1.1226952075958252,-0.3582390546798706,0.3734073042869568
1.163082242012024,-0.2881051301956177,0.38892102241516113
1.1870384216308594,-0.23815619945526123,0.421880841255188
1.1824365854263306,-0.22659045457839966,0.47703319787979126
1.1396864652633667,-0.2667335867881775,0.5413137674331665
1.0823774337768555,-0.33718663454055786,0.5844243764877319
1.0481045246124268,-0.39198189973831177,0.5904549360275269
1.032977819442749,-0.40328359603881836,0.5780008435249329
1.021571397781372,-0.36737608909606934,0.5738409757614136
1.0137457847595215,-0.29113948345184326,0.5829691886901855
0.9940506219863892,-0.2034098505973816,0.6025564670562744
0.9494301080703735,-0.14517253637313843,0.611957848072052
0.8890284299850464,-0.10593318939208984,0.5994483828544617
0.8407440781593323,-0.06569576263427734,0.5649561882019043
0.8010401725769043,-0.031108856201171875,0.5254811644554138
0.7584919929504395,0.000617682933807373,0.4939744472503662
0.7188223600387573,0.028853178024291992,0.4738208055496216
0.6777467131614685,0.053767621517181396,0.4659097194671631
0.6343057751655579,0.07628023624420166,0.46846598386764526
0.5900171399116516,0.09887963533401489,0.4743466377258301
0.5474779605865479,0.12874752283096313,0.48027557134628296
0.5036290884017944,0.16389435529708862,0.4841654896736145
0.4544599652290344,0.19525760412216187,0.48757630586624146
0.3974781036376953,0.22178232669830322,0.49274104833602905
0.331482470035553,0.23848849534988403,0.49803465604782104
0.26140451431274414,0.24816983938217163,0.494117796421051
0.19673293828964233,0.2516452670097351,0.483504056930542
0.1350657343864441,0.25205814838409424,0.46753549575805664
0.07432323694229126,0.24536114931106567,0.44658994674682617
0.01914733648300171,0.2316809892654419,0.4168640375137329
-0.03415477275848389,0.21912771463394165,0.37788593769073486
-0.0843268632888794,0.21276533603668213,0.3349723219871521
-0.13370537757873535,0.20832276344299316,0.2914746403694153
-0.18001294136047363,0.20892220735549927,0.2474002242088318
-0.23029136657714844,0.2161332368850708,0.20587295293807983
-0.2779974937438965,0.22479501366615295,0.16696584224700928
-0.31843459606170654,0.23595067858695984,0.13404524326324463
-0.3564037084579468,0.24893677234649658,0.10758256912231445
-0.3925504684448242,0.25943025946617126,0.0835251733660698
-0.4254576563835144,0.2671102285385132,0.06455910205841064
-0.45713937282562256,0.26817786693573,0.04967999458312988
-0.48714327812194824,0.26289230585098267,0.034493327140808105
-0.5112015008926392,0.25464099645614624,0.019213318824768066
-0.5291541814804077,0.24853816628456116,0.00704062357544899
-0.540903627872467,0.24252119660377502,-0.006323814392089844
-0.5460317134857178,0.23838156461715698,-0.017154578119516373
-0.5469570159912109,0.23525846004486084,-0.027220487594604492
-0.5435870289802551,0.23375102877616882,-0.033370617777109146
-0.5359540581703186,0.23336929082870483,-0.037070274353027344
-0.5252204537391663,0.23500347137451172,-0.03661822900176048
-0.5117171406745911,0.23537451028823853,-0.03216433525085449
-0.49473363161087036,0.23950108885765076,-0.0251542329788208
-0.47667622566223145,0.2504138648509979,-0.01683807373046875
-0.45932960510253906,0.26397275924682617,-0.00904691219329834
-0.4391075372695923,0.2763512134552002,0.0005671980325132608
-0.4092968702316284,0.29189565777778625,0.017877697944641113
-0.3659583330154419,0.32125580310821533,0.03799527883529663
-0.3050364851951599,0.3705243468284607,0.05544501543045044
-0.2481926679611206,0.435268372297287,0.06856048107147217
-0.22314167022705078,0.4895322024822235,0.08145272731781006
-0.2419261336326599,0.5084460973739624,0.1021043062210083
-0.2807289958000183,0.49359264969825745,0.1363600492477417
-0.29677528142929077,0.4750557839870453,0.1837967038154602
-0.28488433361053467,0.46733054518699646,0.24422341585159302
-0.25194817781448364,0.4753797948360443,0.3014000654220581
-0.19780343770980835,0.5020307302474976,0.34033358097076416
-0.1465449333190918,0.5290765762329102,0.3604801297187805
-0.11442315578460693,0.5385076999664307,0.3647816777229309
-0.10080385208129883,0.5362260341644287,0.3547990322113037
-0.09250938892364502,0.5335036516189575,0.33649742603302
-0.08903729915618896,0.5152596235275269,0.3251878023147583
-0.10171711444854736,0.4668990969657898,0.3276193141937256
-0.1148720383644104,0.39553555846214294,0.3285473585128784
-0.1004992127418518,0.3215863108634949,0.3262318968772888
-0.04702579975128174,0.2606126070022583,0.32229000329971313
0.015952706336975098,0.20396137237548828,0.3218257427215576
0.06525754928588867,0.14109265804290771,0.3194342851638794
0.11355143785476685,0.0858648419380188,0.306678831577301
0.15968286991119385,0.03997546434402466,0.28242582082748413
0.20096737146377563,0.0027750134468078613,0.25050926208496094
0.22277235984802246,-0.034677982330322266,0.21471351385116577
0.23219788074493408,-0.0713425874710083,0.17590773105621338
0.2331458330154419,-0.10760462284088135,0.1407257318496704
0.22272777557373047,-0.1458054780960083,0.1060667634010315
0.20933347940444946,-0.17933589220046997,0.07258337736129761
0.19427555799484253,-0.20807188749313354,0.04551195725798607
0.18249595165252686,-0.23499107360839844,0.02510082721710205
0.1733075976371765,-0.2562940716743469,0.009213093668222427
0.16522347927093506,-0.27321428060531616,-0.0020344220101833344
0.16275012493133545,-0.2858518958091736,-0.006819248199462891
0.16400474309921265,-0.298356294631958,-0.004705309867858887
0.1719791293144226,-0.30715084075927734,0.00251186266541481
0.19221001863479614,-0.3099714517593384,0.014813132584095001
0.22479993104934692,-0.31060731410980225,0.03988576680421829
0.2598118782043457,-0.3099268078804016,0.0712549164891243
0.2915344834327698,-0.3107025623321533,0.1031351163983345
0.31766486167907715,-0.31008845567703247,0.13093125820159912
0.3393893241882324,-0.3071048855781555,0.15607641637325287
0.36868852376937866,-0.29735320806503296,0.18374061584472656
0.39964890480041504,-0.2892656922340393,0.2166506052017212
0.4315148591995239,-0.2931370139122009,0.2506422996520996
0.46500086784362793,-0.3049268126487732,0.2835713028907776
0.5075536966323853,-0.31454938650131226,0.3173784613609314
0.5482642650604248,-0.3269978165626526,0.3507687449455261
0.5733160376548767,-0.3595125079154968,0.3778756558895111
0.596350908279419,-0.40188872814178467,0.39380794763565063
0.6242793798446655,-0.4455416798591614,0.40325939655303955
0.6500296592712402,-0.4925565719604492,0.4074952006340027
0.6754563450813293,-0.536251962184906,0.40831631422042847
0.7081644535064697,-0.5638270974159241,0.4039571285247803
0.7427080869674683,-0.5758385062217712,0.40327176451683044
0.7724470496177673,-0.5685262084007263,0.404703289270401
0.807765007019043,-0.5407059192657471,0.4147605299949646
0.8424201607704163,-0.49089229106903076,0.42559611797332764
0.8676782846450806,-0.4207262396812439,0.42640528082847595
0.9018620252609253,-0.3334210515022278,0.42561087012290955
0.9461308717727661,-0.24718528985977173,0.4370512068271637
0.9702799916267395,-0.18162238597869873,0.4585340619087219
0.965205729007721,-0.15639519691467285,0.4861867129802704
0.9342914819717407,-0.17498862743377686,0.5243538618087769
0.8929116725921631,-0.21120154857635498,0.5524522066116333
0.8602893948554993,-0.23217767477035522,0.5526547431945801
0.8117397427558899,-0.2285814881324768,0.544034481048584
0.7537699937820435,-0.1834518313407898,0.5372414588928223
0.6918160319328308,-0.101837158203125,0.5358531475067139
0.6342678666114807,-0.021349728107452393,0.5434152483940125
0.6054823398590088,0.02817237377166748,0.5524030923843384
0.6056793332099915,0.04919546842575073,0.5544086694717407
0.6330887675285339,0.05966430902481079,0.5350963473320007
0.6755712628364563,0.07498151063919067,0.49829378724098206
0.6937834024429321,0.089458167552948,0.46587231755256653
0.6855414509773254,0.10922873020172119,0.4327040910720825
0.6571113467216492,0.12897717952728271,0.4060705900192261
0.6056274771690369,0.1433422565460205,0.3889020085334778
0.5400693416595459,0.1603407859802246,0.3803223967552185
0.47387605905532837,0.17599976062774658,0.38227057456970215
0.4152911901473999,0.18673819303512573,0.3868124485015869
0.3445437550544739,0.1931253969669342,0.384341835975647
0.2680119276046753,0.20130497217178345,0.3627094626426697
0.20427089929580688,0.21209681034088135,0.32671427726745605
0.15469598770141602,0.22359925508499146,0.28646260499954224
0.1075943112373352,0.22151628136634827,0.24760735034942627
0.05852228403091431,0.21498507261276245,0.21677649021148682
0.012814879417419434,0.2062220573425293,0.19672012329101562
-0.02232152223587036,0.2042263150215149,0.1757739782333374
-0.054779052734375,0.20431074500083923,0.1534266471862793
-0.08338570594787598,0.21108022332191467,0.13455484807491302
-0.12164956331253052,0.21957182884216309,0.12178254127502441
-0.13137400150299072,0.23237244784832,0.10485623776912689
-0.134876549243927,0.2540086507797241,0.09036862850189209
-0.13614314794540405,0.27018874883651733,0.08584260940551758
-0.13100337982177734,0.28390276432037354,0.08514001965522766
-0.1106141209602356,0.3074958324432373,0.07973110675811768
-0.07871401309967041,0.3361821174621582,0.06791350245475769
-0.04633265733718872,0.3547869026660919,0.05190843343734741
-0.009362936019897461,0.36087119579315186,0.030897200107574463
0.03102821111679077,0.36092203855514526,0.01141500473022461
0.07604926824569702,0.3634214997291565,0.0001888871192932129
0.1252346634864807,0.3732837438583374,-0.007779538631439209
0.15277642011642456,0.39150646328926086,-0.017920196056365967
0.15041983127593994,0.4058765470981598,-0.04637271165847778
0.13787293434143066,0.41630515456199646,-0.0857725739479065
0.1387510895729065,0.4197404980659485,-0.09980028867721558
0.11640822887420654,0.39651989936828613,-0.10945141315460205
0.13851308822631836,0.39693620800971985,-0.1122937798500061
0.1936357021331787,0.413032591342926,-0.08818471431732178
0.20292586088180542,0.4116905927658081,-0.05964440107345581
0.1932242512702942,0.4044073224067688,-0.04168421030044556
0.20628327131271362,0.4024060070514679,-0.016550958156585693
0.2172117829322815,0.4090939164161682,0.01958984136581421
0.23332750797271729,0.4234006106853485,0.05490463972091675
0.27041095495224,0.4453205168247223,0.08717668056488037
0.3127143979072571,0.46999454498291016,0.12281960248947144
0.31826138496398926,0.4734814167022705,0.18487584590911865
0.3182471990585327,0.4635673463344574,0.22301238775253296
0.35005050897598267,0.44728609919548035,0.22020292282104492
0.37803417444229126,0.4133649468421936,0.21615546941757202
0.3508642911911011,0.3510771691799164,0.2321549654006958
0.32190924882888794,0.2976697087287903,0.26460355520248413
0.2923694849014282,0.2728691101074219,0.26741617918014526
0.26696911454200745,0.27384936809539795,0.21422100067138672
0.23072940111160278,0.28807491064071655,0.13122272491455078
0.16631987690925598,0.2803085446357727,0.08438915014266968
0.10460424423217773,0.2249254584312439,0.13646823167800903
0.03316831588745117,0.14027875661849976,0.2298930287361145
-0.028618067502975464,0.06281423568725586,0.3033865690231323
-0.10528728365898132,0.01767069101333618,0.38562387228012085
-0.17302054166793823,-0.021422743797302246,0.4568234086036682
-0.20608091354370117,-0.03135937452316284,0.5136635899543762
-0.19865626096725464,-0.011560380458831787,0.530344545841217
-0.17377352714538574,0.03551965951919556,0.48706626892089844
-0.11128184199333191,0.10185784101486206,0.4449973702430725
-0.02022993564605713,0.1686471700668335,0.42705029249191284
0.06034258008003235,0.28267765045166016,0.36930471658706665
0.0950460433959961,0.22330063581466675,0.3704622983932495
0.08338277041912079,0.2802398204803467,0.32219836115837097
0.07182617485523224,0.40802228450775146,0.21515044569969177
0.011541008949279785,0.43633854389190674,0.1543312668800354
-0.032609909772872925,0.44193583726882935,0.15271544456481934
-0.04392109811306,0.4754716157913208,0.17429912090301514
-0.06219155341386795,0.5288196802139282,0.18946637213230133
-0.11372921615839005,0.5804638862609863,0.2121051549911499
-0.18071845173835754,0.6346879601478577,0.2544611692428589
-0.22716113924980164,0.685588538646698,0.32047152519226074
-0.28376299142837524,0.7282713055610657,0.4030948877334595
-0.34224769473075867,0.7780157327651978,0.5574281811714172
-0.4121401309967041,0.8379698395729065,0.7573732733726501
-0.5497625470161438,0.8797833919525146,0.7415945529937744
-0.6127627491950989,0.9578032493591309,0.7828291058540344
-0.6426494121551514,0.9738401174545288,0.8006571531295776
-0.6706365346908569,0.9595931172370911,0.8404913544654846
-0.6620410084724426,0.9530706405639648,0.861646831035614
-0.6642998456954956,0.9521061182022095,0.8546357154846191
-0.6831061840057373,0.9547508358955383,0.8590688109397888
-0.6678428649902344,0.9373156428337097,0.8910625576972961
-0.6318265199661255,0.9059008955955505,0.953036904335022
-0.6001819968223572,0.8810852766036987,1.0290448665618896
-0.5371561646461487,0.8802095651626587,1.081796646118164
-0.4530310332775116,0.8935996890068054,1.1094064712524414
-0.39405983686447144,0.9010859131813049,1.1298284530639648
-0.3696947395801544,0.9140832424163818,1.1624902486801147
-0.34274643659591675,0.9444756507873535,1.195650339126587
-0.2844628691673279,0.9637775421142578,1.2123117446899414
-0.1929369568824768,0.9654636383056641,1.2251036167144775
-0.07819437980651855,0.9573208093643188,1.254338264465332
0.045874834060668945,0.9408904314041138,1.2980804443359375
0.206567645072937,0.9361435770988464,1.347851276397705
0.3822298049926758,0.9451466798782349,1.3654868602752686
0.5188706517219543,0.9478069543838501,1.33127760887146
0.6110071539878845,0.9749054312705994,1.2772934436798096
0.6964675188064575,1.0338071584701538,1.2176446914672852
0.7898390293121338,1.1181590557098389,1.1350855827331543
0.9257212281227112,1.1741949319839478,1.0131655931472778
1.1211222410202026,1.1834591627120972,0.8683744668960571
1.3704594373703003,1.1387073993682861,0.7544276714324951
1.6721787452697754,1.0468876361846924,0.6659625172615051
1.9240624904632568,0.9607505798339844,0.5867999196052551
2.1088943481445312,0.909783661365509,0.5270753502845764
2.2805583477020264,0.9637880921363831,0.538634181022644
2.421262264251709,1.1167857646942139,0.6178079843521118
2.5023739337921143,1.3199262619018555,0.6878993511199951
2.5717575550079346,1.517531394958496,0.7072896957397461
2.631031036376953,1.6421468257904053,0.6285958290100098
2.6470351219177246,1.6526721715927124,0.40587469935417175
2.6370186805725098,1.61118483543396,0.05841946601867676
2.5896313190460205,1.567259430885315,-0.3487358093261719
2.509646415710449,1.5418312549591064,-0.716996967792511
2.379049301147461,1.5113805532455444,-1.0026731491088867
2.179572820663452,1.4674158096313477,-1.1885184049606323
1.920926809310913,1.427863359451294,-1.2742559909820557
1.6362512111663818,1.4260330200195312,-1.2705700397491455
1.369897484779358,1.4498422145843506,-1.1900455951690674
1.1350631713867188,1.4868069887161255,-1.0696821212768555
0.9334949254989624,1.5361578464508057,-0.9491419792175293
0.7600975632667542,1.5694738626480103,-0.8379882574081421
0.6448289752006531,1.5748440027236938,-0.7378878593444824
0.5737423300743103,1.5661660432815552,-0.6734852194786072
0.5117658376693726,1.558326244354248,-0.689537525177002
0.4629175364971161,1.5404722690582275,-0.7673481702804565
0.4356973469257355,1.5154623985290527,-0.883323073387146
0.41626784205436707,1.4916579723358154,-1.0271458625793457
0.4078834354877472,1.4779672622680664,-1.1456669569015503
0.4039658308029175,1.461655855178833,-1.24556303024292
0.38276541233062744,1.421616554260254,-1.3437819480895996
0.35148611664772034,1.3718256950378418,-1.443875789642334
0.3211928904056549,1.316079020500183,-1.5380486249923706
0.29582250118255615,1.2550530433654785,-1.6030349731445312
0.2758212089538574,1.1802464723587036,-1.6265963315963745
0.2684319019317627,1.1068127155303955,-1.6254792213439941
0.28627967834472656,1.0496761798858643,-1.601222038269043
0.3227565288543701,1.0075725317001343,-1.5476336479187012
0.3873859941959381,0.9835054874420166,-1.4803911447525024
0.4606121778488159,0.9758924245834351,-1.417016863822937
0.5095040798187256,0.9896119832992554,-1.3311278820037842
0.5909803509712219,1.0761291980743408,-1.1873537302017212
0.7184375524520874,1.2430217266082764,-0.9841600656509399
0.823417067527771,1.449471116065979,-0.7392621636390686
0.9559599161148071,1.6098265647888184,-0.4192848205566406
1.1144912242889404,1.6606674194335938,-0.0059996843338012695
1.1647001504898071,1.6343876123428345,0.3569919466972351
1.185157299041748,1.602016568183899,0.6055912971496582
1.1529008150100708,1.5044400691986084,0.839684247970581
1.1550828218460083,1.3426226377487183,1.1038323640823364
1.1586626768112183,1.2141015529632568,1.457895278930664
1.0586230754852295,1.1342908143997192,1.9033715724945068
0.8412611484527588,1.0751404762268066,2.382136821746826
0.5082371234893799,1.0377306938171387,2.76513671875
0.22293716669082642,0.9753552675247192,2.99137544631958
0.060610413551330566,0.8728127479553223,2.9524331092834473
0.05137151479721069,0.7658330202102661,2.655895709991455
0.17173892259597778,0.6271286010742188,2.214413642883301
0.3031652569770813,0.4847475290298462,1.7347133159637451
0.39949023723602295,0.3500024080276489,1.325112223625183
0.42566144466400146,0.24658697843551636,1.0506982803344727
0.36527198553085327,0.1942387819290161,0.9327700138092041
0.17541521787643433,0.18285629153251648,0.9423601031303406
-0.0716661810874939,0.2011510729789734,0.9942906498908997
-0.21689432859420776,0.24502408504486084,1.0350959300994873
-0.24724715948104858,0.2918834388256073,1.0706980228424072
-0.16574281454086304,0.3645191788673401,1.0721492767333984
-0.055471599102020264,0.4600871503353119,1.0887491703033447
-0.0011932849884033203,0.5834646821022034,1.1058212518692017
-0.009607553482055664,0.7284432649612427,1.0720491409301758
-0.01882117986679077,0.8821454644203186,1.0058963298797607
0.003473341464996338,1.0326249599456787,0.940585732460022
-0.0041623711585998535,1.174823522567749,0.874600350856781
-0.07474303245544434,1.3042789697647095,0.8140943050384521
-0.2018635869026184,1.406768798828125,0.7534443140029907
-0.370583176612854,1.4769268035888672,0.6573532223701477
-0.5514169931411743,1.532087802886963,0.5489833354949951
-0.7315703630447388,1.5479378700256348,0.4805336594581604
-0.9029423594474792,1.5321569442749023,0.4579475522041321
-1.0562361478805542,1.4964982271194458,0.46863213181495667
-1.1401842832565308,1.4536826610565186,0.4968099594116211
-1.1606305837631226,1.4382648468017578,0.5278414487838745
-1.163238763809204,1.424741268157959,0.5723057985305786
-1.1526516675949097,1.3950104713439941,0.6261622309684753
-1.0981459617614746,1.384897232055664,0.6667562127113342
-1.0586553812026978,1.3949822187423706,0.6875700950622559
-1.047006607055664,1.362044095993042,0.7122042179107666
-1.0499821901321411,1.2929720878601074,0.7468629479408264
-1.0704050064086914,1.2487192153930664,0.7948631644248962
-1.084757924079895,1.2452586889266968,0.8433364033699036
-1.0840342044830322,1.2224631309509277,0.8926159143447876
-1.0367372035980225,1.1722562313079834,0.9589443206787109
-0.9353668689727783,1.1260268688201904,1.0085409879684448
-0.7683641314506531,1.1079251766204834,1.0270214080810547
-0.5492148399353027,1.103973627090454,1.0389626026153564
-0.32336461544036865,1.090294599533081,1.0478243827819824
-0.10497140884399414,1.0537787675857544,1.0655601024627686
0.11203837394714355,1.037363052368164,1.0822300910949707
0.32407957315444946,1.034661054611206,1.102542757987976
0.5727673172950745,1.0122652053833008,1.1188297271728516
0.8773831129074097,0.9764453172683716,1.1298422813415527
1.2728172540664673,0.9252117872238159,1.1534346342086792
1.6809946298599243,0.844903826713562,1.211266279220581
1.9628076553344727,0.7655933499336243,1.227473497390747
2.132720470428467,0.6976647973060608,1.0986011028289795
2.302406072616577,0.6881985664367676,0.8083810806274414
2.491840362548828,0.684600293636322,0.4371521472930908
2.610881805419922,0.6653773188591003,0.06479692459106445
2.600351333618164,0.6570248603820801,-0.27004772424697876
2.496544361114502,0.6222320795059204,-0.593112587928772
2.3612313270568848,0.5967930555343628,-0.9107033014297485
2.2384145259857178,0.6042436957359314,-1.1842875480651855
2.110511302947998,0.6291133165359497,-1.335923671722412
2.0142436027526855,0.7170569896697998,-1.3794925212860107
1.9262852668762207,0.8320479989051819,-1.4038909673690796
1.8307468891143799,0.8976473808288574,-1.3878326416015625
1.774803638458252,0.9156960248947144,-1.3087913990020752
1.6913186311721802,0.9079233407974243,-1.2167770862579346
1.5495401620864868,0.9005371332168579,-1.1301026344299316
1.3894374370574951,0.896100640296936,-1.0335792303085327
1.2340540885925293,0.9244140982627869,-0.9288338422775269
1.0852289199829102,0.9837425947189331,-0.8399273753166199
0.9436748623847961,1.0319957733154297,-0.7677615880966187
0.8157113790512085,1.0587975978851318,-0.7100029587745667
0.7135469913482666,1.0712642669677734,-0.6697174310684204
0.6314364075660706,1.070152997970581,-0.655568540096283
0.5655731558799744,1.0439929962158203,-0.6859129071235657
0.5159907341003418,1.0277910232543945,-0.7343122363090515
0.4535195231437683,1.0517525672912598,-0.8087455034255981
0.4009600877761841,1.0928869247436523,-0.8988217115402222
0.3548286557197571,1.1312611103057861,-0.9779301285743713
0.31952881813049316,1.1677742004394531,-1.051867961883545
0.2965432405471802,1.196502447128296,-1.137282133102417
0.28430333733558655,1.2072811126708984,-1.21418035030365
0.24865174293518066,1.2074463367462158,-1.292227029800415
0.22944584488868713,1.1988298892974854,-1.3389723300933838
0.24251370131969452,1.1818962097167969,-1.347291111946106
0.25533783435821533,1.1704975366592407,-1.3292477130889893
0.2736114263534546,1.1527376174926758,-1.2891954183578491
0.3160051703453064,1.1425169706344604,-1.2528377771377563
0.3340107798576355,1.146634817123413,-1.2419661283493042
0.3144323527812958,1.1661956310272217,-1.245484709739685
0.2925499677658081,1.1966562271118164,-1.240316390991211
0.2737952470779419,1.219565987586975,-1.2220242023468018
0.252238392829895,1.222815752029419,-1.1873352527618408
0.2230384647846222,1.209587812423706,-1.122284173965454
0.19195282459259033,1.167593240737915,-1.030156135559082
0.17448055744171143,1.1031217575073242,-0.944901704788208
0.19483515620231628,1.028283715248108,-0.8577004671096802
0.25688043236732483,0.9705788493156433,-0.7572394013404846
0.3486115634441376,0.9180325269699097,-0.6410375833511353
0.44486185908317566,0.8900145888328552,-0.5169634819030762
0.5512468814849854,0.8978975415229797,-0.4051060676574707
0.6887407898902893,0.9614059925079346,-0.307731032371521
0.8655223250389099,1.0885374546051025,-0.2149398922920227
1.0686464309692383,1.2260053157806396,-0.07439446449279785
1.2964929342269897,1.3078628778457642,0.1574285626411438
1.5097540616989136,1.3513729572296143,0.46540915966033936
1.603163719177246,1.352449655532837,0.8321393728256226
1.607060432434082,1.2942122220993042,1.3262405395507812
1.5563364028930664,1.2041417360305786,2.030647039413452
1.492638349533081,1.1151010990142822,2.733700752258301
1.2826546430587769,0.9935802817344666,3.154331922531128
0.9628042578697205,0.8943452835083008,3.23612904548645
0.7796131372451782,0.790640115737915,3.100795269012451
0.672534704208374,0.6541813611984253,2.79081392288208
0.6183171272277832,0.5418379902839661,2.3386826515197754
0.6222823858261108,0.4670468866825104,1.8974004983901978
0.7193489670753479,0.4456396698951721,1.5811057090759277
0.7275336384773254,0.45169153809547424,1.4013640880584717
0.5384717583656311,0.5276064276695251,1.3445134162902832
0.21579021215438843,0.6952555775642395,1.510148286819458
-0.016484975814819336,0.7875254154205322,1.8416187763214111
-0.18946492671966553,0.8747400045394897,2.054497003555298
-0.2784716486930847,1.0202414989471436,2.0368235111236572
-0.26296359300613403,1.1819840669631958,1.8741424083709717
-0.17916405200958252,1.323056936264038,1.6712899208068848
-0.10122692584991455,1.4653100967407227,1.4398243427276611
-0.13837945461273193,1.6232091188430786,1.2088005542755127
-0.2843813896179199,1.7605465650558472,1.0309524536132812
-0.42942172288894653,1.835188865661621,0.8904150724411011
-0.5672053098678589,1.8654179573059082,0.7432295083999634
-0.7239119410514832,1.859022617340088,0.5993036031723022
-0.872826099395752,1.826019525527954,0.4780243933200836
-1.0017446279525757,1.7708193063735962,0.40349698066711426
-1.0830631256103516,1.6752257347106934,0.396631121635437
-1.1293787956237793,1.5886895656585693,0.44207441806793213
-1.1245417594909668,1.5179083347320557,0.5044470429420471
-1.085468053817749,1.457390546798706,0.5739849805831909
-1.0466892719268799,1.4224491119384766,0.6418739557266235
-1.0337462425231934,1.3610427379608154,0.7098181247711182
-1.0751373767852783,1.2941343784332275,0.8011607527732849
-1.096692681312561,1.2625524997711182,0.9023759961128235
-1.058099627494812,1.23433256149292,0.9954654574394226
-1.0310983657836914,1.1932227611541748,1.0731861591339111
-1.022626280784607,1.1831328868865967,1.1443908214569092
-0.9415578842163086,1.2007957696914673,1.1959049701690674
-0.7749348878860474,1.2012535333633423,1.1942256689071655
-0.58113032579422,1.1654685735702515,1.1317639350891113
-0.39913904666900635,1.0986937284469604,1.0448482036590576
-0.20366358757019043,0.995588481426239,0.9935712814331055
-0.01348721981048584,0.8590732216835022,1.0124154090881348
0.18422210216522217,0.7723355889320374,1.02717924118042
0.372663676738739,0.7149569988250732,1.0292980670928955
0.5344558954238892,0.670484185218811,1.0401902198791504
0.70846027135849,0.6789087653160095,1.0541294813156128
0.8786861896514893,0.7802984118461609,1.0463085174560547
1.0135693550109863,0.869269609451294,0.9632729887962341
1.1352777481079102,0.8799030780792236,0.784445583820343
1.2570981979370117,0.8558257222175598,0.547569751739502
1.3775968551635742,0.8435710072517395,0.2659115195274353
1.5418293476104736,0.8758882284164429,-0.029091477394104004
1.7361236810684204,0.9961743354797363,-0.3000563383102417
1.837906837463379,1.1134531497955322,-0.5715222358703613
1.830345630645752,1.1299558877944946,-0.8430297374725342
1.85380220413208,1.1141281127929688,-1.0242153406143188
1.9630370140075684,1.102710485458374,-1.0740870237350464
2.112895965576172,1.0671502351760864,-1.0714625120162964
2.2038960456848145,1.0333130359649658,-1.1019493341445923
2.17728590965271,0.9959701895713806,-1.1865410804748535
2.041278123855591,0.9504664540290833,-1.2898054122924805
1.857239842414856,0.9088588356971741,-1.3662865161895752
1.6863337755203247,0.8870160579681396,-1.3634921312332153
1.5312042236328125,0.8801397085189819,-1.2755639553070068
1.3951518535614014,0.9027318954467773,-1.1208858489990234
1.2574421167373657,0.9590816497802734,-0.9384129643440247
1.115598201751709,1.0252934694290161,-0.7615099549293518
0.973932147026062,1.090024471282959,-0.6388701796531677
0.8341050744056702,1.16621994972229,-0.6060582399368286
0.7217780351638794,1.2487715482711792,-0.6354321837425232
0.6227476596832275,1.332733392715454,-0.7202721238136292
0.5326902270317078,1.409092903137207,-0.8569556474685669
0.4397568106651306,1.4708348512649536,-1.0065333843231201
0.36318689584732056,1.5120059251785278,-1.1514561176300049
0.29497262835502625,1.5376168489456177,-1.2933604717254639
0.21515429019927979,1.533564567565918,-1.4115339517593384
0.13927707076072693,1.4883558750152588,-1.5006462335586548
0.09799620509147644,1.428553581237793,-1.5719010829925537
0.08162210881710052,1.3653759956359863,-1.6164698600769043
0.051749467849731445,1.301631212234497,-1.6558094024658203
-0.0006437301635742188,1.2430965900421143,-1.6895579099655151
-0.04704273119568825,1.1824840307235718,-1.6880966424942017
-0.06531873345375061,1.0990263223648071,-1.6323156356811523
-0.043790653347969055,0.9923893213272095,-1.532180905342102
0.023870185017585754,0.8705076575279236,-1.410423994064331
0.13285692036151886,0.7570630311965942,-1.299048900604248
0.24734129011631012,0.6380405426025391,-1.1913021802902222
0.3429594039916992,0.5381742715835571,-1.0900226831436157
0.38331902027130127,0.4991096556186676,-0.990571141242981
0.39726361632347107,0.5116321444511414,-0.8797405362129211
0.47887325286865234,0.5406644344329834,-0.7121154069900513
0.6790286302566528,0.5598585605621338,-0.42852991819381714
1.004357099533081,0.5657135844230652,-0.04536557197570801
1.3006949424743652,0.5449098348617554,0.300875723361969
1.6580277681350708,0.6142257452011108,0.4869801998138428
2.004500150680542,0.825624942779541,0.6310455799102783
2.125380754470825,1.0740196704864502,0.8912615180015564
1.9704523086547852,1.259276032447815,1.2114391326904297
1.5864052772521973,1.3831977844238281,1.6066336631774902
1.173039436340332,1.4772388935089111,2.2068331241607666
0.7724388837814331,1.5470921993255615,2.917064666748047
0.31468141078948975,1.5068473815917969,3.481147050857544
-0.05453425645828247,1.4015878438949585,3.6642515659332275
-0.15546977519989014,1.31391179561615,3.4474916458129883
-0.1559678316116333,1.2378132343292236,2.954909324645996
-0.15706729888916016,1.1744065284729004,2.3058032989501953
-0.12334734201431274,1.120300054550171,1.7068629264831543
-0.0520176887512207,1.0679259300231934,1.270871639251709
0.023472607135772705,1.0294705629348755,0.9944705963134766
0.0647159218788147,1.0200045108795166,0.8593320250511169
0.06643962860107422,1.020140290260315,0.8368518948554993
0.04233282804489136,1.0542041063308716,0.8734655380249023
-0.014161825180053711,1.1198241710662842,0.9240134954452515
-0.09210473299026489,1.2205923795700073,0.9489362835884094
-0.20309126377105713,1.3420181274414062,0.9381735920906067
-0.3439384698867798,1.4638760089874268,0.8873314261436462
-0.48851799964904785,1.5573500394821167,0.7826853394508362
-0.6387511491775513,1.6276779174804688,0.6314112544059753
-0.8013879060745239,1.6682322025299072,0.48045220971107483
-0.9482580423355103,1.6674370765686035,0.35993096232414246
-1.094388484954834,1.6251025199890137,0.30337440967559814
-1.1911730766296387,1.5572562217712402,0.30708789825439453
-1.239027500152588,1.4926825761795044,0.34294402599334717
-1.256767988204956,1.4322350025177002,0.40086430311203003
-1.252103328704834,1.3769700527191162,0.4569321274757385
-1.2278109788894653,1.3312759399414062,0.4953104853630066
-1.2137993574142456,1.2956173419952393,0.5334398150444031
-1.2238080501556396,1.251619815826416,0.5698174238204956
-1.2521460056304932,1.1927193403244019,0.6151342988014221
-1.2683216333389282,1.1278886795043945,0.6598996520042419
-1.2176642417907715,1.0804252624511719,0.6809505820274353
-1.1096878051757812,1.0437822341918945,0.6726607084274292
-0.9780747890472412,0.9932688474655151,0.6568854451179504
-0.8198936581611633,0.9335205554962158,0.6422321796417236
-0.6509695649147034,0.847460150718689,0.6396275162696838
-0.4955652952194214,0.7468081116676331,0.6749864816665649
-0.3670652508735657,0.6656679511070251,0.727181077003479
-0.2803642153739929,0.6217880249023438,0.7841280102729797
-0.18746906518936157,0.5886438488960266,0.8341591954231262
-0.05283719301223755,0.5618736147880554,0.889398992061615
0.09447532892227173,0.5537312626838684,0.9628400206565857
0.26242321729660034,0.5674853324890137,1.0232081413269043
0.43076783418655396,0.567552924156189,1.0728552341461182
0.6278098821640015,0.5852789282798767,1.1372904777526855
0.8183314800262451,0.632652997970581,1.1704390048980713
0.9469087719917297,0.6986235976219177,1.0636085271835327
0.9977399110794067,0.7517699599266052,0.734176516532898
1.0780675411224365,0.7713349461555481,0.27976518869400024
1.2121717929840088,0.7425158023834229,-0.18738478422164917
1.3383631706237793,0.6582129001617432,-0.6714332699775696
1.4469939470291138,0.5441001057624817,-1.1431691646575928
1.6460845470428467,0.4409026503562927,-1.3932515382766724
1.8261851072311401,0.3687618374824524,-1.3138389587402344
2.0655763149261475,0.3486664891242981,-1.0372837781906128
2.300184488296509,0.39481914043426514,-0.704861044883728
2.4333488941192627,0.4775949716567993,-0.44474709033966064
2.455791473388672,0.5862972736358643,-0.34361112117767334
2.3666610717773438,0.7139769196510315,-0.4338189363479614
2.163579225540161,0.8055480122566223,-0.6579562425613403
1.9134817123413086,0.8496950268745422,-0.8843002319335938
1.6656352281570435,0.8619020581245422,-1.0585017204284668
1.4137051105499268,0.8516754508018494,-1.1737489700317383
1.2324979305267334,0.8503351211547852,-1.1963998079299927
1.0950891971588135,0.8646808862686157,-1.1454951763153076
0.9458659291267395,0.8940037488937378,-1.0775210857391357
0.8159376978874207,0.9401097297668457,-1.00380277633667
0.6718271374702454,0.9849008321762085,-0.9546692967414856
0.5521205067634583,1.0211071968078613,-0.9384669065475464
0.48272842168807983,1.0530015230178833,-0.9242289066314697
0.41254836320877075,1.0868765115737915,-0.9488959312438965
0.3311269283294678,1.1320661306381226,-1.026686191558838
0.2675299644470215,1.1770803928375244,-1.1192519664764404
0.2052660584449768,1.1959646940231323,-1.2138018608093262
0.1625300645828247,1.1880524158477783,-1.2999753952026367
0.1417042315006256,1.166839599609375,-1.3759351968765259
0.12330177426338196,1.1384801864624023,-1.444008708000183
0.09789669513702393,1.1056151390075684,-1.503665804862976
0.07984477281570435,1.0725245475769043,-1.5547456741333008
0.06895142793655396,1.0386838912963867,-1.5983880758285522
0.05117405951023102,1.0077803134918213,-1.6303786039352417
0.017028696835041046,0.9797769784927368,-1.6423736810684204
-0.01818089745938778,0.9467174410820007,-1.6127583980560303
-0.02733975276350975,0.9131854176521301,-1.5476925373077393
-0.003238402307033539,0.8812189102172852,-1.4540011882781982
0.040527887642383575,0.8457427024841309,-1.3508822917938232
0.10709840059280396,0.8034807443618774,-1.2372863292694092
0.1636168658733368,0.774468719959259,-1.1323931217193604
0.18783913552761078,0.7540656924247742,-1.0264722108840942
0.21311745047569275,0.7393885850906372,-0.9103606939315796
0.27478304505348206,0.7388373017311096,-0.7805110812187195
0.3772401213645935,0.7700740694999695,-0.6300454139709473
0.5035897493362427,0.834640622138977,-0.44693320989608765
0.5893498063087463,0.921760082244873,-0.24971628189086914
0.6510547995567322,1.0284805297851562,-0.026471853256225586
0.7022187113761902,1.094381332397461,0.24784237146377563
0.6947907209396362,1.0773359537124634,0.5800568461418152
0.7806168794631958,0.9769277572631836,0.981161892414093
1.0064020156860352,0.8599047064781189,1.4336206912994385
1.1865289211273193,0.7903845906257629,1.9115874767303467
1.1821653842926025,0.7683380842208862,2.372875690460205
1.0387864112854004,0.8030911087989807,2.7517621517181396
0.7354781627655029,0.8795595765113831,3.0008037090301514
0.358906090259552,0.9040934443473816,3.079371690750122
0.1497364640235901,0.8756945133209229,2.9831717014312744
0.19772595167160034,0.8409141302108765,2.760173797607422
0.2703515887260437,0.7909172177314758,2.4447410106658936
0.22026634216308594,0.7609364986419678,2.1016902923583984
0.1550775170326233,0.7661149501800537,1.8261699676513672
0.054298341274261475,0.7671861052513123,1.6731027364730835
-0.02896559238433838,0.7685677409172058,1.6098811626434326
-0.07387560606002808,0.7896169424057007,1.562505841255188
-0.08814853429794312,0.8361666202545166,1.4728924036026
-0.06664037704467773,0.905444860458374,1.3634041547775269
-0.04276156425476074,0.9646989703178406,1.2690057754516602
-0.05536454916000366,1.0483729839324951,1.149869441986084
-0.1228983998298645,1.168231725692749,1.0229756832122803
-0.25113946199417114,1.2924017906188965,0.9230073690414429
-0.39567679166793823,1.38718843460083,0.8109577894210815
-0.5309538841247559,1.4696273803710938,0.6491305232048035
-0.6652525067329407,1.5240716934204102,0.4663849472999573
-0.7950062155723572,1.5442456007003784,0.2993326783180237
-0.9239569306373596,1.5413283109664917,0.17822763323783875
-1.0256884098052979,1.5011234283447266,0.12470173835754395
-1.0872679948806763,1.4333633184432983,0.13342070579528809
-1.1072382926940918,1.3669500350952148,0.16729986667633057
-1.1112767457962036,1.3239930868148804,0.19702035188674927
-1.116394281387329,1.286812663078308,0.23405909538269043
-1.1285459995269775,1.2425916194915771,0.28339242935180664
-1.1648306846618652,1.1853971481323242,0.32754212617874146
-1.1975630521774292,1.1119816303253174,0.36482658982276917
-1.2065861225128174,1.0232150554656982,0.3933866620063782
-1.1943697929382324,0.9397345185279846,0.4184112548828125
-1.164229154586792,0.8728713989257812,0.4530620574951172
-1.1111698150634766,0.8123558759689331,0.49478721618652344
-0.9972740411758423,0.7499054670333862,0.5634645819664001
-0.8399422764778137,0.696947455406189,0.6594838500022888
-0.6875213384628296,0.6540696620941162,0.7465598583221436
-0.5751311182975769,0.5915958881378174,0.8104811906814575
-0.4825630187988281,0.5360686779022217,0.8548139333724976
-0.37079447507858276,0.5143647789955139,0.8898385167121887
-0.22093802690505981,0.5018696784973145,0.9257450699806213
-0.06145280599594116,0.4831158518791199,0.9613556861877441
0.07075750827789307,0.47450241446495056,0.9772765040397644
0.20051944255828857,0.44852155447006226,0.979743480682373
0.3678540587425232,0.4061572849750519,0.987532377243042
0.565731942653656,0.4003928005695343,0.9887467622756958
0.7874290943145752,0.4280593991279602,0.9648517966270447
1.0223093032836914,0.44633686542510986,0.9087520837783813
1.2596040964126587,0.4309089779853821,0.8000751733779907
1.5016701221466064,0.3797907829284668,0.6033069491386414
1.8577673435211182,0.314022958278656,0.358062207698822
2.2561488151550293,0.2419987916946411,0.11214351654052734
2.591139793395996,0.1538180708885193,-0.13509982824325562
2.7917802333831787,0.13503748178482056,-0.38311100006103516
2.833045721054077,0.16759783029556274,-0.6234753131866455
2.7367000579833984,0.23162353038787842,-0.8090251684188843
2.5444893836975098,0.3359583020210266,-0.89454185962677
2.3299520015716553,0.4752715229988098,-0.8829159736633301
2.1254777908325195,0.6086524724960327,-0.8217296004295349
1.969198226928711,0.716567873954773,-0.7301314473152161
1.8389506340026855,0.7920843362808228,-0.6555941104888916
1.702089548110962,0.8365038633346558,-0.667735755443573
1.5817577838897705,0.8544127345085144,-0.7506201267242432
1.4544016122817993,0.823329746723175,-0.8758622407913208
1.327458143234253,0.7863245010375977,-1.0202574729919434
1.1747829914093018,0.7593109607696533,-1.1558294296264648
1.0025608539581299,0.7265055179595947,-1.250611424446106
0.8293373584747314,0.7054088711738586,-1.2898688316345215
0.6799001693725586,0.6936273574829102,-1.2738652229309082
0.5510251522064209,0.6832148432731628,-1.2264363765716553
0.4221011996269226,0.6782650947570801,-1.1777031421661377
0.3280673623085022,0.6800538301467896,-1.119147539138794
0.2587118148803711,0.6705218553543091,-1.0503686666488647
0.193314790725708,0.6335106492042542,-0.9805358052253723
0.12827879190444946,0.6095163226127625,-0.9280740022659302
0.05472537875175476,0.6029359102249146,-0.89256352186203
-0.0200364887714386,0.597418487071991,-0.8707117438316345
-0.07883858680725098,0.5831626653671265,-0.8534682989120483
-0.11476314067840576,0.535036027431488,-0.8125298619270325
-0.11556529998779297,0.46709924936294556,-0.7582245469093323
-0.08921578526496887,0.4039146900177002,-0.6860492825508118
-0.06782236695289612,0.34526389837265015,-0.6197488903999329
-0.06661418080329895,0.3116908073425293,-0.5688750147819519
-0.08130329847335815,0.3026964068412781,-0.5140411853790283
-0.08813333511352539,0.3044183850288391,-0.4714951515197754
-0.08754077553749084,0.29755687713623047,-0.43134957551956177
-0.09169259667396545,0.28805363178253174,-0.374792218208313
-0.12766966223716736,0.2543051242828369,-0.3241974711418152
-0.19926077127456665,0.19959643483161926,-0.27850860357284546
-0.24739429354667664,0.1590953767299652,-0.24105823040008545
-0.2839769124984741,0.08577832579612732,-0.22601217031478882
-0.3838672637939453,-0.06642058491706848,-0.21544408798217773
-0.25759220123291016,0.03676292300224304,-0.1948947310447693
-0.1651517152786255,0.12639716267585754,-0.15800338983535767
-0.1846807301044464,0.10576474666595459,-0.08647912740707397
-0.24033987522125244,0.03106895089149475,0.03173840045928955
-0.250266432762146,-0.035662174224853516,0.1405562162399292
-0.23088783025741577,-0.04527345299720764,0.1870899796485901
-0.21719399094581604,-0.033823996782302856,0.17639994621276855
-0.22305172681808472,-0.04363700747489929,0.1403256058692932
-0.23805838823318481,-0.08152353763580322,0.0968218445777893
-0.25775691866874695,-0.1314663290977478,0.05654466152191162
-0.25989770889282227,-0.17166545987129211,0.03357422351837158
-0.2600118815898895,-0.2113514244556427,0.0351409912109375
-0.2423200011253357,-0.22459572553634644,0.06179332733154297
-0.23713812232017517,-0.23719121515750885,0.08592081069946289
-0.24320510029792786,-0.24356065690517426,0.10839217901229858
-0.25624576210975647,-0.24339547753334045,0.12154543399810791
-0.28709128499031067,-0.24056029319763184,0.12189245223999023
-0.3410866856575012,-0.25789502263069153,0.12506014108657837
-0.3836263418197632,-0.29891857504844666,0.11975753307342529
-0.36192476749420166,-0.3104287385940552,0.11386418342590332
-0.36011067032814026,-0.3603774905204773,0.11780083179473877
-0.3828378915786743,-0.47049760818481445,0.17199689149856567
-0.15995031595230103,-0.20871607959270477,0.11704099178314209
-0.11301189661026001,-0.13279107213020325,0.04133409261703491
-0.1413363218307495,-0.20444124937057495,0.043648481369018555
-0.11914071440696716,-0.23230725526809692,0.07869064807891846
-0.09903091192245483,-0.2169537991285324,0.08863973617553711
-0.10743039846420288,-0.2212006151676178,0.07241284847259521
-0.13662326335906982,-0.24795065820217133,0.05484813451766968
-0.164218008518219,-0.25574231147766113,0.03242945671081543
-0.16965252161026,-0.25348231196403503,-0.0034180879592895508
-0.17601779103279114,-0.25706782937049866,-0.03467899560928345
-0.18607407808303833,-0.25218817591667175,-0.059420883655548096
-0.18281114101409912,-0.25188499689102173,-0.08001601696014404
-0.17178773880004883,-0.26622074842453003,-0.10312378406524658
-0.15663662552833557,-0.27761584520339966,-0.12565171718597412
-0.15215781331062317,-0.2763085961341858,-0.13947081565856934
-0.15385115146636963,-0.2757548987865448,-0.1379154920578003
-0.15304020047187805,-0.2863346040248871,-0.12366938591003418
-0.1596391499042511,-0.2891198992729187,-0.1178821325302124
-0.1737106442451477,-0.28256553411483765,-0.12379884719848633
-0.17747586965560913,-0.27885153889656067,-0.12748068571090698
-0.16828352212905884,-0.2785847783088684,-0.13456392288208008
-0.1648189127445221,-0.2947062849998474,-0.1479790210723877
-0.17100724577903748,-0.31172746419906616,-0.16791963577270508
-0.16914242506027222,-0.3128381073474884,-0.17459142208099365
-0.16835352778434753,-0.29734086990356445,-0.15151506662368774
-0.14974412322044373,-0.2916296124458313,-0.10756105184555054
-0.12169939279556274,-0.2866077721118927,-0.055193543434143066
-0.10167783498764038,-0.2497180849313736,-0.02147078514099121
-0.12053799629211426,-0.29221922159194946,0.02857840061187744
-0.14298328757286072,-0.30559778213500977,0.054765939712524414
-0.15937766432762146,-0.2760692536830902,0.03894662857055664
-0.20256051421165466,-0.25769683718681335,0.00292050838470459
-0.2549545168876648,-0.26424065232276917,-0.09869855642318726
-0.2782730162143707,-0.2969149649143219,-0.26183342933654785
-0.21776819229125977,-0.3240661323070526,-0.38884788751602173
-0.22546103596687317,-0.3369256556034088,-0.2711719274520874
-0.22003304958343506,-0.3386858403682709,-0.18897396326065063
-0.1910378336906433,-0.3565926253795624,-0.1534634232521057
-0.15112730860710144,-0.34389644861221313,-0.15861469507217407
-0.1416134536266327,-0.35281801223754883,-0.13563048839569092
-0.1552962064743042,-0.36407941579818726,-0.09541434049606323
-0.1643925905227661,-0.34910425543785095,-0.06580764055252075
-0.18206822872161865,-0.3302208185195923,-0.0536959171295166
-0.20756253600120544,-0.33016568422317505,-0.048230648040771484
-0.2227516770362854,-0.3326075077056885,-0.03819829225540161
-0.21127629280090332,-0.3334599435329437,-0.034978389739990234
-0.1921042501926422,-0.32397377490997314,-0.04620426893234253
-0.21640458703041077,-0.29879245162010193,-0.04806637763977051
-0.24794620275497437,-0.3054230213165283,-0.045120418071746826
-0.26854684948921204,-0.28469040989875793,-0.007943272590637207
-0.2762655019760132,-0.298583060503006,0.024482429027557373
-0.2993151545524597,-0.30686789751052856,-0.002860546112060547
-0.2890830636024475,-0.2879229187965393,-0.025931954383850098
-0.26327863335609436,-0.30132031440734863,-0.009494662284851074
-0.20626550912857056,-0.32269287109375,0.002986729145050049
-0.15677863359451294,-0.3241629898548126,-0.019427061080932617
-0.1601870357990265,-0.30455082654953003,-0.05076158046722412
-0.20629364252090454,-0.2979685664176941,-0.05423635244369507
-0.22583642601966858,-0.30333244800567627,-0.06011331081390381
-0.2298600971698761,-0.29411962628364563,-0.06495320796966553
-0.23734050989151,-0.27197715640068054,-0.07296150922775269
-0.2743965983390808,-0.2798187732696533,-0.0740211009979248
-0.29206007719039917,-0.2716406583786011,-0.09530520439147949
-0.29861029982566833,-0.2608685791492462,-0.09202736616134644
-0.2834361493587494,-0.2706311345100403,-0.06674081087112427
-0.27537205815315247,-0.26989156007766724,-0.08331644535064697
-0.3035155236721039,-0.2657015919685364,-0.10082894563674927
-0.3414878845214844,-0.24065718054771423,-0.10870492458343506
-0.36895930767059326,-0.22492235898971558,-0.11081063747406006
-0.3616633117198944,-0.22655540704727173,-0.09593617916107178
-0.3237506151199341,-0.23028019070625305,-0.07026726007461548
-0.28825944662094116,-0.23693305253982544,-0.033370137214660645
-0.2730649709701538,-0.24902334809303284,0.007032036781311035
-0.26129448413848877,-0.24743762612342834,0.07145106792449951
-0.2550993859767914,-0.26374325156211853,0.1389080286026001
-0.2291370928287506,-0.29711729288101196,0.20082539319992065
-0.21591776609420776,-0.2965700030326843,0.26443642377853394
-0.2394903600215912,-0.267630010843277,0.2909950017929077
-0.16070589423179626,-0.047835975885391235,-0.4247360825538635
0.08554139733314514,-0.25694558024406433,-0.6838544607162476
-0.394881933927536,-0.8114006519317627,-0.5186009407043457
-0.25321027636528015,0.06779280304908752,-0.5667949914932251
-0.4302408695220947,-0.36706045269966125,-0.5323376655578613
-0.29573318362236023,-0.31618237495422363,-0.251634418964386
-0.12290415167808533,-0.2543402314186096,-0.0302351713180542
-0.09784263372421265,-0.3129015266895294,0.1102135181427002
-0.11022600531578064,-0.2440832257270813,0.1731480360031128
-0.1733686923980713,-0.2313026785850525,0.1715436577796936
-0.23541146516799927,-0.24367916584014893,0.1565529704093933
-0.3183850944042206,-0.23632901906967163,0.09555494785308838
-0.414045125246048,-0.21979472041130066,-0.011609256267547607
-0.46257278323173523,-0.23963510990142822,-0.06009936332702637
-0.46948671340942383,-0.25320643186569214,-0.11351490020751953
-0.4038546085357666,-0.2608850598335266,-0.0960230827331543
-0.3470604419708252,-0.2753964066505432,0.043077290058135986
-0.34454771876335144,-0.29397717118263245,0.16822993755340576
-0.3846232295036316,-0.27822500467300415,0.20911145210266113
-0.3910387456417084,-0.2547707259654999,0.19829630851745605
-0.40723443031311035,-0.25333887338638306,0.18766570091247559
-0.4247893691062927,-0.24612388014793396,0.16513079404830933
-0.42424196004867554,-0.24582353234291077,0.09053713083267212
-0.418582558631897,-0.23839649558067322,-0.028986096382141113
-0.36927247047424316,-0.24225836992263794,-0.12345969676971436
-0.3039780855178833,-0.27260422706604004,-0.19603288173675537
-0.2731083631515503,-0.28645747900009155,-0.2684616446495056
-0.2732542157173157,-0.29708802700042725,-0.30546456575393677
-0.2904568910598755,-0.2974562644958496,-0.281613290309906
-0.30720365047454834,-0.30362939834594727,-0.22622919082641602
-0.28735417127609253,-0.29742181301116943,-0.1590709090232849
-0.30948740243911743,-0.2889488935470581,-0.10026770830154419
-0.3596339821815491,-0.27922242879867554,-0.02571016550064087
-0.40381473302841187,-0.2660893201828003,0.02648007869720459
-0.427890419960022,-0.2386597990989685,0.024933040142059326
-0.45408451557159424,-0.21007287502288818,-0.010727345943450928
-0.46796244382858276,-0.20749938488006592,-0.07111334800720215
-0.4687923789024353,-0.21582061052322388,-0.15251630544662476
-0.4706885814666748,-0.21567392349243164,-0.22959035634994507
-0.4618428349494934,-0.21515655517578125,-0.2837684750556946
-0.45589566230773926,-0.21303510665893555,-0.3210008144378662
-0.45870035886764526,-0.20827877521514893,-0.35685187578201294
-0.4710876941680908,-0.1991479992866516,-0.38564586639404297
-0.49025291204452515,-0.18551957607269287,-0.4057962894439697
-0.5131418704986572,-0.17425936460494995,-0.402157187461853
-0.5430260896682739,-0.1546834111213684,-0.3844793438911438
-0.5697374939918518,-0.11900883913040161,-0.3558972477912903
-0.599510669708252,-0.076976478099823,-0.33177822828292847
-0.6381303071975708,-0.03783982992172241,-0.3140110969543457
-0.6760701537132263,0.004794776439666748,-0.32064586877822876
-0.7097034454345703,0.05195915699005127,-0.34205782413482666
-0.730333149433136,0.0744544267654419,-0.3694201707839966
-0.7490941286087036,0.0931134819984436,-0.4288231134414673
-0.767654538154602,0.14614856243133545,-0.5160217881202698
-0.77691650390625,0.19082576036453247,-0.5985854864120483
-0.7741122841835022,0.22161710262298584,-0.65784752368927
-0.7644051313400269,0.2573917508125305,-0.6805620789527893
-0.763271152973175,0.29587554931640625,-0.6705927848815918
-0.7695233225822449,0.3326544761657715,-0.6356770992279053
-0.774712860584259,0.3770895004272461,-0.5772960186004639
-0.7721486687660217,0.42324399948120117,-0.504442572593689
-0.7699838280677795,0.4689963161945343,-0.4326457381248474
-0.7711014747619629,0.5121629238128662,-0.37750470638275146
-0.7583926320075989,0.556577742099762,-0.3400396406650543
-0.726742148399353,0.6144720911979675,-0.32638707756996155
-0.6839330196380615,0.6763057708740234,-0.3217962980270386
-0.6503931879997253,0.7395415306091309,-0.32664573192596436
-0.6193008422851562,0.8036730289459229,-0.3570411801338196
-0.5583030581474304,0.8669792413711548,-0.3730037212371826
-0.49534642696380615,0.9354509711265564,-0.3507368564605713
-0.4447210431098938,0.9969844818115234,-0.29113030433654785
-0.3786689043045044,1.054922103881836,-0.21186542510986328
-0.29182523488998413,1.1229838132858276,-0.12508487701416016
-0.18462711572647095,1.1964682340621948,-0.04691648483276367
-0.045188069343566895,1.2765628099441528,0.019120633602142334
0.14009332656860352,1.3717563152313232,0.08914762735366821
0.3402509093284607,1.49021315574646,0.1691443920135498
0.5328338742256165,1.6138182878494263,0.23982781171798706
0.6993494629859924,1.7037949562072754,0.29031139612197876
0.8506088852882385,1.7707374095916748,0.33069485425949097
0.9789367914199829,1.8269915580749512,0.3608993887901306
1.097296118736267,1.8558685779571533,0.386239230632782
1.2314937114715576,1.883042573928833,0.41745489835739136
1.3985179662704468,1.923877477645874,0.4673905372619629
1.5939104557037354,1.9287045001983643,0.5345953702926636
1.8024240732192993,1.8708127737045288,0.6043856143951416
1.9787039756774902,1.756610631942749,0.6546447277069092
2.0879621505737305,1.5666263103485107,0.6777058839797974
2.1289803981781006,1.3036497831344604,0.6735079288482666
2.1200170516967773,1.0095148086547852,0.6455641388893127
2.0786445140838623,0.7107617855072021,0.5961668491363525
2.0131726264953613,0.4512573480606079,0.5525784492492676
1.9382123947143555,0.2392711043357849,0.5487257838249207
1.8734687566757202,0.06565147638320923,0.5829933881759644
1.820723533630371,-0.05525100231170654,0.6391370892524719
1.781087875366211,-0.10753047466278076,0.6889566779136658
1.7210781574249268,-0.12507671117782593,0.7054029703140259
1.6481283903121948,-0.1422286033630371,0.6862086057662964
1.5892361402511597,-0.14342665672302246,0.6515810489654541
1.5437159538269043,-0.14046835899353027,0.6128981113433838
1.467878818511963,-0.1359422206878662,0.569179892539978
1.3523041009902954,-0.14507389068603516,0.5124861001968384
1.2180485725402832,-0.17036402225494385,0.44109058380126953
1.0997893810272217,-0.20903873443603516,0.36306434869766235
0.9909493923187256,-0.2509472370147705,0.2878091037273407
0.8807228803634644,-0.2917277216911316,0.21690519154071808
0.7727459073066711,-0.32796376943588257,0.15016891062259674
0.6816413402557373,-0.363655149936676,0.09008139371871948
0.6268782615661621,-0.39222079515457153,0.03885817527770996
0.6040061712265015,-0.40680229663848877,0.0023163557052612305
0.6106444001197815,-0.4079633951187134,-0.011190325021743774
0.6297097206115723,-0.4001304507255554,0.00427013635635376
0.651799201965332,-0.4009915590286255,0.048518478870391846
0.6827787160873413,-0.41826295852661133,0.11903607845306396
0.7163270711898804,-0.4289178252220154,0.19721254706382751
0.7381675243377686,-0.43211978673934937,0.27500954270362854
0.7470964789390564,-0.42882204055786133,0.3492174446582794
0.7509979605674744,-0.42407095432281494,0.4171123802661896
0.7573639750480652,-0.42159557342529297,0.48585158586502075
0.7612437009811401,-0.4152759313583374,0.5590569376945496
0.7548744678497314,-0.4045381546020508,0.6311241388320923
0.7551736831665039,-0.3931453824043274,0.696579098701477
0.7698114514350891,-0.381844162940979,0.7543004155158997
0.7905588746070862,-0.3770443797111511,0.8067927956581116
0.8095824718475342,-0.39224159717559814,0.8521526455879211
0.8249756097793579,-0.40932148694992065,0.884828507900238
0.8506966233253479,-0.41411131620407104,0.8996201753616333
0.8846614956855774,-0.40234166383743286,0.9041697978973389
0.9081301689147949,-0.4023333191871643,0.8973091244697571
0.9323985576629639,-0.4166685938835144,0.8798268437385559
0.9404128789901733,-0.4205688238143921,0.8565710783004761
0.9346270561218262,-0.4066982865333557,0.8258366584777832
0.9269697666168213,-0.3822951316833496,0.7920354604721069
0.9258160591125488,-0.35060906410217285,0.7542449235916138
0.9417128562927246,-0.30774474143981934,0.7142232656478882
0.9636269807815552,-0.25220638513565063,0.6739758253097534
0.9829267263412476,-0.179928719997406,0.6383436918258667
1.0072312355041504,-0.09824204444885254,0.6088287830352783
1.0300703048706055,-0.019977927207946777,0.5828142166137695
1.046661615371704,0.049538373947143555,0.5588954091072083
1.052965521812439,0.10932362079620361,0.5372738838195801
1.0401222705841064,0.14960598945617676,0.513745129108429
0.9952595233917236,0.15343493223190308,0.4897533655166626
0.9340488910675049,0.12661004066467285,0.4604930579662323
0.8847147226333618,0.10167878866195679,0.41905397176742554
0.8576833009719849,0.10322636365890503,0.366438627243042
0.8416939973831177,0.13593769073486328,0.307561457157135
0.8223741054534912,0.18511801958084106,0.2586256265640259
0.7872784733772278,0.22818273305892944,0.22479307651519775
0.7411567568778992,0.25916117429733276,0.20736587047576904
0.6809481382369995,0.26898902654647827,0.2090248167514801
0.6205845475196838,0.26507318019866943,0.22557061910629272
0.5696803331375122,0.26140064001083374,0.24313855171203613
0.527734637260437,0.25454121828079224,0.253465861082077
0.49096691608428955,0.2423797845840454,0.2527818977832794
0.46133387088775635,0.22748422622680664,0.24833375215530396
0.44610410928726196,0.2201617956161499,0.23721492290496826
0.45395582914352417,0.22299540042877197,0.22235549986362457
0.4785762429237366,0.2330588698387146,0.21373803913593292
0.47756391763687134,0.2470226287841797,0.21382685005664825
0.4516213536262512,0.262706995010376,0.21604198217391968
0.4219355583190918,0.28605228662490845,0.22380632162094116
0.37826770544052124,0.31148654222488403,0.23736204206943512
0.3177700638771057,0.33418935537338257,0.2511301040649414
0.2389863133430481,0.3502473831176758,0.261330783367157
0.15238559246063232,0.3541855216026306,0.26053714752197266
0.06611073017120361,0.34805959463119507,0.24943405389785767
-0.01281958818435669,0.33044618368148804,0.23633772134780884
-0.08495432138442993,0.3065119981765747,0.22568747401237488
-0.1512863039970398,0.27785056829452515,0.21841126680374146
-0.21131300926208496,0.2445296049118042,0.21233665943145752
-0.26439815759658813,0.21355098485946655,0.20488591492176056
-0.31154245138168335,0.18430978059768677,0.19793671369552612
-0.3481513261795044,0.1527392864227295,0.18967773020267487
-0.3742072582244873,0.12156477570533752,0.18110239505767822
-0.3911190629005432,0.09991917014122009,0.1740792989730835
-0.4041439890861511,0.0853593647480011,0.17057618498802185
-0.4204997420310974,0.07460838556289673,0.17093083262443542
-0.4367603659629822,0.06397944688796997,0.17930752038955688
-0.453855037689209,0.05457890033721924,0.19777506589889526
-0.4721854329109192,0.0475747287273407,0.2216814160346985
-0.4917382001876831,0.04386693239212036,0.25022634863853455
-0.507766604423523,0.04344373941421509,0.2751636207103729
-0.5198918581008911,0.048248857259750366,0.29483771324157715
-0.5295037031173706,0.05569392442703247,0.31292593479156494
-0.5337113738059998,0.0656537413597107,0.3260166049003601
-0.5316375494003296,0.08245253562927246,0.3371145725250244
-0.5233304500579834,0.10416373610496521,0.3437515199184418
-0.5143277645111084,0.12771666049957275,0.3499809801578522
-0.504825234413147,0.14487695693969727,0.35398927330970764
-0.493457555770874,0.16133275628089905,0.357726514339447
-0.47845351696014404,0.1818704903125763,0.36536160111427307
-0.4563711881637573,0.20693865418434143,0.37405917048454285
-0.4243983030319214,0.23089951276779175,0.38405847549438477
-0.38116222620010376,0.2572517395019531,0.39784693717956543
-0.3331007957458496,0.2813696563243866,0.41365793347358704
-0.2655975818634033,0.31248337030410767,0.4238249361515045
-0.1811545491218567,0.36779773235321045,0.42519262433052063
-0.08896481990814209,0.44101008772850037,0.4178991913795471
-0.016555607318878174,0.501307487487793,0.4108101725578308
0.01113981008529663,0.5120624303817749,0.410932719707489
-0.004734635353088379,0.4698197841644287,0.4208582937717438
-0.015376508235931396,0.42284971475601196,0.4400945007801056
0.016880512237548828,0.4035129249095917,0.46179234981536865
0.0797465443611145,0.41094616055488586,0.4831523299217224
0.15557146072387695,0.4390731453895569,0.4968835711479187
0.22250396013259888,0.47211959958076477,0.4883546531200409
0.25888484716415405,0.5017649531364441,0.45608898997306824
0.2528383731842041,0.5246407985687256,0.40299656987190247
0.2240661382675171,0.514399528503418,0.3486182689666748
0.1694103479385376,0.4592580199241638,0.30377647280693054
0.11005222797393799,0.3686223030090332,0.2688482403755188
0.080882728099823,0.27386176586151123,0.24895262718200684
0.07774615287780762,0.1930205225944519,0.23767101764678955
0.0798535943031311,0.11834174394607544,0.22718454897403717
0.08720016479492188,0.0548250675201416,0.21486693620681763
0.10298258066177368,0.006862282752990723,0.20527556538581848
0.12244254350662231,-0.030231833457946777,0.20195521414279938
0.14830970764160156,-0.06011772155761719,0.2076462060213089
0.18043529987335205,-0.08178055286407471,0.22208452224731445
0.21212846040725708,-0.10103017091751099,0.23774230480194092
0.2390095591545105,-0.12559020519256592,0.25312191247940063
0.264310359954834,-0.15262746810913086,0.26300108432769775
0.2879038453102112,-0.18355435132980347,0.2627624273300171
0.3143423795700073,-0.21220773458480835,0.25532323122024536
0.33838993310928345,-0.232333242893219,0.23544108867645264
0.3571590185165405,-0.24666815996170044,0.2038756161928177
0.3694670796394348,-0.25694525241851807,0.16787083446979523
0.3767697215080261,-0.260390043258667,0.12536412477493286
0.3830299377441406,-0.2624782919883728,0.08043216168880463
0.39936375617980957,-0.26403528451919556,0.03931635618209839
0.4280618727207184,-0.2637413740158081,0.0027834326028823853
0.4652682840824127,-0.264407753944397,-0.032221317291259766
0.5167276859283447,-0.2630651593208313,-0.06539326906204224
0.5732665061950684,-0.26878947019577026,-0.0891617089509964
0.635321319103241,-0.2840089201927185,-0.10541850328445435
0.7030948400497437,-0.301760733127594,-0.11699919402599335
0.767428994178772,-0.3232003450393677,-0.12172830104827881
0.8191107511520386,-0.3473272919654846,-0.11751770973205566
0.8583041429519653,-0.3725060224533081,-0.10453595221042633
0.8913753032684326,-0.39850735664367676,-0.08331970870494843
0.9145879745483398,-0.4251844882965088,-0.050571128726005554
0.9273927807807922,-0.452953577041626,-0.009852036833763123
0.9366236925125122,-0.4820975065231323,0.032731905579566956
0.9395479559898376,-0.512397289276123,0.07779952883720398
0.9350435137748718,-0.5439985394477844,0.12415900826454163
0.9235516786575317,-0.5735251903533936,0.17299145460128784
0.9070132970809937,-0.6028752326965332,0.22553426027297974
0.8946360945701599,-0.6198779940605164,0.2748987078666687
0.8869408965110779,-0.6234546303749084,0.3198123574256897
0.8777379393577576,-0.6136159896850586,0.3596148192882538
0.8759294152259827,-0.5885435938835144,0.3914141356945038
0.8879870772361755,-0.5401073694229126,0.4183264672756195
0.913192868232727,-0.46584123373031616,0.4368254840373993
0.9459744095802307,-0.37618786096572876,0.4442356526851654
0.9870344400405884,-0.2806122899055481,0.4442364573478699
1.0273391008377075,-0.19145679473876953,0.44644394516944885
1.0455886125564575,-0.13478708267211914,0.45797061920166016
1.0391926765441895,-0.12210631370544434,0.47040697932243347
1.0211220979690552,-0.14550113677978516,0.46398285031318665
1.0130010843276978,-0.1827189326286316,0.4320196509361267
1.0155596733093262,-0.1957734227180481,0.3813924193382263
1.0112228393554688,-0.18630707263946533,0.31885087490081787
1.0046011209487915,-0.16903233528137207,0.257822722196579
1.0078150033950806,-0.14152663946151733,0.21643957495689392
1.0151325464248657,-0.10775667428970337,0.2168443202972412
1.0129857063293457,-0.07349187135696411,0.25668373703956604
1.0052080154418945,-0.04995518922805786,0.3054860830307007
0.9889793395996094,-0.02319204807281494,0.3469525873661041
0.9611799120903015,0.007835805416107178,0.37073904275894165
0.9181531071662903,0.021943747997283936,0.385562539100647
0.8694393634796143,0.03459078073501587,0.4038084149360657
0.8207117319107056,0.05404555797576904,0.41779661178588867
0.7705379128456116,0.07642620801925659,0.4297831356525421
0.7195203304290771,0.1044621467590332,0.44688260555267334
0.669418454170227,0.13838541507720947,0.4696110785007477
0.6224826574325562,0.17320257425308228,0.4923352301120758
0.5745860934257507,0.20740777254104614,0.5110436081886292
0.5250734090805054,0.2369372844696045,0.5206699371337891
0.4727925658226013,0.2604576349258423,0.519690990447998
0.41815364360809326,0.27770572900772095,0.5028152465820312
0.3598371148109436,0.28741776943206787,0.47503411769866943
0.30222952365875244,0.2938535213470459,0.4432237148284912
0.24514436721801758,0.3009958863258362,0.41203945875167847
0.18515944480895996,0.3026692271232605,0.3854144811630249
0.12819546461105347,0.30270665884017944,0.3612617254257202
0.0696101188659668,0.30394822359085083,0.3390643000602722
0.011292815208435059,0.30615168809890747,0.3255382180213928
-0.048342764377593994,0.3073992133140564,0.3182188868522644
-0.10673058032989502,0.31105560064315796,0.30998915433883667
-0.16500860452651978,0.31332725286483765,0.29751354455947876
-0.22195202112197876,0.314222514629364,0.27956390380859375
-0.2771226763725281,0.3154293894767761,0.2583087086677551
-0.3328615427017212,0.3104947507381439,0.2389037013053894
-0.3868168592453003,0.29937830567359924,0.22101914882659912
-0.43714630603790283,0.28694674372673035,0.20547086000442505
-0.4807884693145752,0.26976025104522705,0.18990498781204224
-0.5202350616455078,0.25531911849975586,0.17745018005371094
-0.5569456815719604,0.2456183135509491,0.16558104753494263
-0.5881597399711609,0.23697784543037415,0.15642377734184265
-0.6164222955703735,0.23257195949554443,0.15200510621070862
-0.6451519131660461,0.22659960389137268,0.15096962451934814
-0.6689857244491577,0.21821042895317078,0.15242192149162292
-0.6877739429473877,0.21261543035507202,0.15589459240436554
-0.7045838832855225,0.21145668625831604,0.15969212353229523
-0.7190608978271484,0.2155323326587677,0.16196008026599884
-0.7288458943367004,0.22384771704673767,0.16488569974899292
-0.7317774295806885,0.23679935932159424,0.17105364799499512
-0.7283703684806824,0.2564573884010315,0.1797647476196289
-0.7153869271278381,0.27770382165908813,0.18598651885986328
-0.6824378371238708,0.30137354135513306,0.19187891483306885
-0.6230685114860535,0.3365813195705414,0.19717276096343994
-0.5497373342514038,0.38501477241516113,0.1983942836523056
-0.4760119915008545,0.449362576007843,0.2007593810558319
-0.4153463840484619,0.51617431640625,0.20682907104492188
-0.37556469440460205,0.5540326833724976,0.21456485986709595
-0.34952861070632935,0.5558524131774902,0.22751058638095856
-0.3343392014503479,0.5304762125015259,0.24738356471061707
-0.3071848154067993,0.495096355676651,0.2715907394886017
-0.2504613995552063,0.46567022800445557,0.30220332741737366
-0.16911941766738892,0.44555002450942993,0.3376159071922302
-0.06732791662216187,0.4467511475086212,0.36880195140838623
0.05428421497344971,0.47701296210289,0.38989824056625366
0.17512363195419312,0.5192440748214722,0.4017242193222046
0.2700002193450928,0.5539675951004028,0.40321651101112366
0.32458287477493286,0.5599880218505859,0.4045150876045227
0.329009473323822,0.5163305997848511,0.4116359353065491
0.3028567433357239,0.42755264043807983,0.42010146379470825
0.27536898851394653,0.31328004598617554,0.4193442165851593
0.2587900757789612,0.19981825351715088,0.406584233045578
0.2575061321258545,0.1016433835029602,0.3773427903652191
0.27773815393447876,0.02264714241027832,0.33831802010536194
0.3227425813674927,-0.0327221155166626,0.2960909903049469
0.38262492418289185,-0.06913989782333374,0.2512485980987549
0.4469364285469055,-0.0912940502166748,0.2059093862771988
0.5022234916687012,-0.10560226440429688,0.15558463335037231
0.5307232737541199,-0.11467748880386353,0.10055738687515259
0.5296183824539185,-0.12353789806365967,0.044695258140563965
0.5050478577613831,-0.1347423791885376,-0.008041605353355408
0.47217369079589844,-0.14922678470611572,-0.049176931381225586
0.4331519603729248,-0.16292881965637207,-0.07904475927352905
0.3849017024040222,-0.18203455209732056,-0.10168586671352386
0.3348706364631653,-0.20563465356826782,-0.12142477929592133
0.2894037365913391,-0.22835230827331543,-0.13664041459560394
0.2540687918663025,-0.2510033845901489,-0.14641909301280975
0.2315351366996765,-0.2734163999557495,-0.14831040799617767
0.22454720735549927,-0.2917194962501526,-0.1424233317375183
0.2395346760749817,-0.30422699451446533,-0.12547467648983002
0.2766796350479126,-0.31401127576828003,-0.09293530881404877
0.3201659321784973,-0.32118773460388184,-0.0480390340089798
0.35889434814453125,-0.32640671730041504,-0.0024430304765701294
0.39161965250968933,-0.3251570463180542,0.035758018493652344
0.42357954382896423,-0.32292115688323975,0.06319355964660645
0.4484199285507202,-0.32352519035339355,0.09078937768936157
0.4642934203147888,-0.323976993560791,0.11970025300979614
0.47961941361427307,-0.31684643030166626,0.15024656057357788
0.4965512454509735,-0.3057882785797119,0.1875980645418167
0.5163832306861877,-0.2987956404685974,0.22759874165058136
0.5485188961029053,-0.2958254814147949,0.269059956073761
0.5891768932342529,-0.29811614751815796,0.30872005224227905
0.6325069665908813,-0.3098105192184448,0.3483924865722656
0.671576738357544,-0.3304904103279114,0.38427478075027466
0.7030655145645142,-0.35650062561035156,0.41541624069213867
0.7253787517547607,-0.38907378911972046,0.44349849224090576
0.7434574365615845,-0.42369574308395386,0.47040292620658875
0.7634665966033936,-0.4521107077598572,0.49787336587905884
0.7874773740768433,-0.4709562659263611,0.5209535360336304
0.8143653869628906,-0.47512710094451904,0.5479163527488708
0.8320326805114746,-0.47175437211990356,0.5846897959709167
0.8414676189422607,-0.4583287835121155,0.6262235045433044
0.8536708354949951,-0.4244720935821533,0.668793797492981
0.8766508102416992,-0.37002015113830566,0.7058407664299011
0.9082371592521667,-0.3007969856262207,0.7358986735343933
0.9398236274719238,-0.23104941844940186,0.7544599771499634
0.976973295211792,-0.1636098027229309,0.7630333304405212
1.0096828937530518,-0.10366266965866089,0.7585012316703796
1.0334446430206299,-0.06395411491394043,0.7475394010543823
1.0269705057144165,-0.07257163524627686,0.7414148449897766
0.9885310530662537,-0.13245856761932373,0.7266538739204407
0.9508677124977112,-0.18565768003463745,0.6835366487503052
0.9305076599121094,-0.21592998504638672,0.6210926175117493
0.9093511700630188,-0.22352850437164307,0.5500714778900146
0.8897505402565002,-0.19236737489700317,0.48658812046051025
0.8674774765968323,-0.13428694009780884,0.44972655177116394
0.8404448628425598,-0.07732564210891724,0.44346684217453003
0.8098174333572388,-0.037759363651275635,0.4607773423194885
0.7850701808929443,-0.013356983661651611,0.479360431432724
0.770037055015564,0.014100909233093262,0.4808788597583771
0.757096529006958,0.047959744930267334,0.4691149890422821
0.7395246028900146,0.0715673565864563,0.45606595277786255
0.7162497639656067,0.08609342575073242,0.4498752951622009
0.6960206627845764,0.09930264949798584,0.4470077157020569
0.6775745749473572,0.1147843599319458,0.4494069516658783
0.6625023484230042,0.13283604383468628,0.45009949803352356
0.6488092541694641,0.15563571453094482,0.44315671920776367
0.6328056454658508,0.18378347158432007,0.43338459730148315
0.6085794568061829,0.20790743827819824,0.42369309067726135
0.5815471410751343,0.22860980033874512,0.41167113184928894
0.5448209643363953,0.24315422773361206,0.3882775604724884
0.49672216176986694,0.24973374605178833,0.3560849726200104
0.44352251291275024,0.24840575456619263,0.32039523124694824
0.3829663395881653,0.23782211542129517,0.2850783169269562
0.315351665019989,0.2215670943260193,0.2546347677707672
0.24939244985580444,0.20456743240356445,0.23371273279190063
0.18210667371749878,0.18689626455307007,0.22369009256362915
0.11455261707305908,0.16356676816940308,0.2188621461391449
0.045771658420562744,0.14806777238845825,0.22013163566589355
-0.018501698970794678,0.14101529121398926,0.2224763035774231
-0.0836217999458313,0.1426239013671875,0.22363147139549255
-0.14555710554122925,0.1526663899421692,0.22623109817504883
-0.2006767988204956,0.169194757938385,0.22851696610450745
-0.24919843673706055,0.18875625729560852,0.22743481397628784
-0.28909778594970703,0.208786278963089,0.2290612757205963
-0.3234044313430786,0.23042157292366028,0.23710007965564728
-0.36041200160980225,0.24947267770767212,0.24731606245040894
-0.4041690230369568,0.2650730013847351,0.25326022505760193
-0.4577898383140564,0.27685678005218506,0.2462654411792755
-0.5175608992576599,0.2790030539035797,0.23050597310066223
-0.572170615196228,0.274613618850708,0.20569007098674774
-0.6131765246391296,0.27136629819869995,0.184766948223114
-0.6369513273239136,0.26937079429626465,0.17315836250782013
-0.6555365324020386,0.25093403458595276,0.17412102222442627
-0.6501283645629883,0.23775050044059753,0.19092875719070435
-0.6158553957939148,0.2626217305660248,0.2067384123802185
-0.5850701332092285,0.2903532087802887,0.20878159999847412
-0.5565662384033203,0.29491904377937317,0.20001865923404694
-0.5304791331291199,0.30452945828437805,0.18546271324157715
-0.5002579689025879,0.3153301179409027,0.1754610538482666
-0.46919506788253784,0.30262598395347595,0.1684473752975464
-0.44822221994400024,0.27424439787864685,0.17120905220508575
-0.41768425703048706,0.26176366209983826,0.18208777904510498
-0.3789886236190796,0.2584109902381897,0.20127999782562256
-0.34259462356567383,0.25122514367103577,0.22821559011936188
-0.29990172386169434,0.24618026614189148,0.2583237886428833
-0.24986815452575684,0.24850240349769592,0.2904900908470154
-0.2040589451789856,0.2538239657878876,0.32857757806777954
-0.16410386562347412,0.2657516896724701,0.36296868324279785
-0.12731587886810303,0.2913053035736084,0.39251619577407837
-0.10254234075546265,0.31995299458503723,0.41797560453414917
-0.10867917537689209,0.32763347029685974,0.43441128730773926
-0.13168245553970337,0.31834274530410767,0.44546592235565186
-0.15645825862884521,0.2976585328578949,0.45651090145111084
-0.17018598318099976,0.2678242325782776,0.4654613137245178
-0.14876788854599,0.25073277950286865,0.4622002840042114
-0.09230583906173706,0.2522222697734833,0.4364480972290039
-0.015103757381439209,0.28569939732551575,0.3842198848724365
0.06520533561706543,0.3392040729522705,0.3153109550476074
0.1191372275352478,0.39604657888412476,0.24640220403671265
0.12750309705734253,0.43819326162338257,0.19649910926818848
0.08856910467147827,0.43554311990737915,0.18092578649520874
0.02417820692062378,0.37595856189727783,0.19699126482009888
-0.021560251712799072,0.2954877018928528,0.23098737001419067
-0.04196125268936157,0.21194052696228027,0.26638203859329224
-0.04511618614196777,0.13070887327194214,0.29457080364227295
-0.019442081451416016,0.05756741762161255,0.31115907430648804
0.03184562921524048,0.00896608829498291,0.3180662989616394
0.10569870471954346,-0.007602989673614502,0.3157907724380493
0.18560028076171875,-0.004604458808898926,0.30586808919906616
0.2612661123275757,0.0008941292762756348,0.29572463035583496
0.3283560276031494,0.008799850940704346,0.2818841338157654
0.3761657476425171,0.007104635238647461,0.26116424798965454
0.4171539545059204,0.003644287586212158,0.2254960685968399
0.45594656467437744,-0.015262842178344727,0.1805959939956665
0.49707937240600586,-0.05770677328109741,0.14298081398010254
0.5387448072433472,-0.10906589031219482,0.11213768273591995
0.5823552012443542,-0.15547943115234375,0.08633900433778763
0.6356383562088013,-0.20180749893188477,0.058152325451374054
0.6647911071777344,-0.2597547173500061,0.02063954621553421
0.6730977296829224,-0.3105427622795105,-0.033259447664022446
0.6793111562728882,-0.35453474521636963,-0.10211087018251419
0.6792266964912415,-0.39618784189224243,-0.18663758039474487
0.6837462782859802,-0.43773770332336426,-0.2682068347930908
0.6938155293464661,-0.4524126648902893,-0.3148793578147888
0.7071825265884399,-0.4616641402244568,-0.29567766189575195
0.7001501321792603,-0.47209441661834717,-0.21824443340301514
0.7094975709915161,-0.4602701663970947,-0.11766582727432251
0.7321287393569946,-0.44822245836257935,-0.001730203628540039
0.7389894127845764,-0.4481521248817444,0.10862881690263748
0.7260239124298096,-0.4555503726005554,0.19926738739013672
0.7056235671043396,-0.46656858921051025,0.26231223344802856
0.6877039670944214,-0.4761878252029419,0.30139797925949097
0.667494535446167,-0.48665761947631836,0.31965088844299316
0.6468591690063477,-0.4966265559196472,0.3306095600128174
0.6309241056442261,-0.4941142797470093,0.34915757179260254
0.6307305097579956,-0.4929182529449463,0.3799889087677002
0.6385164260864258,-0.49581897258758545,0.4085225462913513
0.6465837955474854,-0.49870920181274414,0.4203259348869324
0.6547493934631348,-0.494673490524292,0.4226226210594177
0.6650580167770386,-0.4935982823371887,0.42102813720703125
0.6732929944992065,-0.49481499195098877,0.42260175943374634
0.6771597862243652,-0.4973776936531067,0.42296263575553894
0.6792800426483154,-0.4949418306350708,0.41869205236434937
0.6764232516288757,-0.4945777654647827,0.4117300510406494
0.6708049774169922,-0.48345470428466797,0.40510469675064087
0.6655981540679932,-0.4655614495277405,0.40364760160446167
0.653963029384613,-0.44375044107437134,0.4122799038887024
0.642433226108551,-0.41648387908935547,0.417850524187088
0.6566109657287598,-0.37730950117111206,0.42391207814216614
0.6874298453330994,-0.33257174491882324,0.4283268451690674
0.7327226400375366,-0.2733498215675354,0.4233589172363281
0.7921018004417419,-0.19801950454711914,0.423090398311615
0.8433729410171509,-0.13601964712142944,0.43592458963394165
0.8644816875457764,-0.09852677583694458,0.44310683012008667
0.857895016670227,-0.10037750005722046,0.4489986300468445
0.8308894634246826,-0.13247209787368774,0.43595755100250244
0.8193243741989136,-0.16199856996536255,0.3939948081970215
0.8325214385986328,-0.17274922132492065,0.34204256534576416
0.8610929250717163,-0.15102505683898926,0.29684484004974365
0.8841675519943237,-0.10066604614257812,0.2601469159126282
0.9055323600769043,-0.03195852041244507,0.2516929507255554
0.9109469056129456,0.03386491537094116,0.2717944383621216
0.8905335664749146,0.07535964250564575,0.3044738471508026
0.8507080674171448,0.09080731868743896,0.3394724726676941
0.7990907430648804,0.07437741756439209,0.3641160726547241
0.7466484308242798,0.040770530700683594,0.36238664388656616
0.7013378739356995,-0.0006944537162780762,0.3412816524505615
0.6629749536514282,-0.030311107635498047,0.30583226680755615
0.6284157633781433,-0.02608788013458252,0.25934237241744995
0.5929978489875793,0.005532741546630859,0.22119931876659393
0.5528459548950195,0.053650498390197754,0.2128189653158188
0.5064758658409119,0.11586451530456543,0.2241572141647339
0.45348411798477173,0.18848013877868652,0.2412281036376953
0.3962632417678833,0.24850678443908691,0.264373242855072
0.31618350744247437,0.2904372811317444,0.2822401523590088
0.20931637287139893,0.31123948097229004,0.28116512298583984
0.11498385667800903,0.3370571732521057,0.2655192017555237
0.013927459716796875,0.3227200508117676,0.24999688565731049
-0.07433325052261353,0.30226266384124756,0.24560600519180298
-0.1502467393875122,0.2821860611438751,0.24275702238082886
-0.2148650884628296,0.26065462827682495,0.2399882823228836
-0.2599027156829834,0.24389684200286865,0.24029593169689178
-0.2973363995552063,0.22636350989341736,0.2421838641166687
-0.33210355043411255,0.21392390131950378,0.2502843141555786
-0.36086761951446533,0.21481892466545105,0.25929176807403564
-0.38197189569473267,0.22132164239883423,0.2586835026741028
-0.4006969928741455,0.2244396209716797,0.25409096479415894
-0.43012571334838867,0.21654969453811646,0.243319571018219
-0.46648919582366943,0.2134501039981842,0.22506272792816162
-0.49842143058776855,0.21513867378234863,0.1984655261039734
-0.5302209258079529,0.20966875553131104,0.1695656180381775
-0.5529205799102783,0.2074522078037262,0.14657777547836304
-0.5718970894813538,0.20048972964286804,0.13192027807235718
-0.5831696391105652,0.1776091754436493,0.1308230757713318
-0.5756695866584778,0.1559315025806427,0.1500018835067749
-0.5591700077056885,0.14126792550086975,0.1751382201910019
-0.5544177293777466,0.13713482022285461,0.19266903400421143
-0.5476793050765991,0.1395295262336731,0.19562029838562012
-0.534286379814148,0.1293422281742096,0.19710034132003784
-0.525049090385437,0.12486860156059265,0.18596941232681274
-0.5200080275535583,0.13583844900131226,0.16338536143302917
-0.5074246525764465,0.13557317852973938,0.13324087858200073
-0.48935890197753906,0.12295660376548767,0.10896478593349457
-0.4724012017250061,0.11429241299629211,0.09000658988952637
-0.45416879653930664,0.11207324266433716,0.06993906199932098
-0.43144506216049194,0.11236712336540222,0.06453949213027954
-0.40493983030319214,0.1127757728099823,0.07013215124607086
-0.37198543548583984,0.11926218867301941,0.07784534245729446
-0.3358549475669861,0.12951120734214783,0.09094308316707611
-0.2998254895210266,0.13884693384170532,0.098758265376091
-0.2580423355102539,0.16091877222061157,0.099498450756073
-0.2156977653503418,0.18910425901412964,0.09919989109039307
-0.16713780164718628,0.2217845320701599,0.09722977876663208
-0.09817123413085938,0.25315022468566895,0.10288161784410477
-0.03206914663314819,0.2770625054836273,0.11895406991243362
0.015912353992462158,0.2944847047328949,0.1364349126815796
0.04173547029495239,0.29261988401412964,0.149569571018219
0.07773321866989136,0.2722829282283783,0.1645296812057495
0.12527984380722046,0.2346363663673401,0.18381460011005402
0.19532859325408936,0.2032179832458496,0.19411516189575195
0.29003167152404785,0.20510882139205933,0.17915594577789307
0.3708345293998718,0.22920912504196167,0.13338248431682587
0.43494653701782227,0.27482157945632935,0.0879705548286438
0.4588083028793335,0.330718457698822,0.06023836135864258
0.4503163695335388,0.3659418225288391,0.07329927384853363
0.4050838351249695,0.35013967752456665,0.1409187912940979
0.3408029079437256,0.2716514468193054,0.2483825534582138
0.3007562756538391,0.15100926160812378,0.35914748907089233
0.2772124409675598,0.018642067909240723,0.44712936878204346
0.2735919952392578,-0.09747546911239624,0.4812954068183899
0.26990216970443726,-0.19438457489013672,0.45868629217147827
0.2665020227432251,-0.25904273986816406,0.4114031195640564
0.2841264009475708,-0.29250144958496094,0.3435797691345215
0.3045275807380676,-0.307489812374115,0.2667468190193176
0.32292449474334717,-0.31049811840057373,0.18713217973709106
0.3426729440689087,-0.29064399003982544,0.10958141088485718
0.3362201452255249,-0.276328444480896,0.07071363925933838
0.32449179887771606,-0.2567656636238098,0.0654507428407669
0.31959444284439087,-0.2236751914024353,0.06445206701755524
0.3195667266845703,-0.1776268482208252,0.07109899818897247
0.3027328848838806,-0.17070072889328003,0.10801023244857788
0.2929196357727051,-0.1881377100944519,0.17047804594039917
0.3067432641983032,-0.19733071327209473,0.22665420174598694
0.3277550935745239,-0.21578377485275269,0.25005578994750977
0.3458600640296936,-0.23949098587036133,0.24309790134429932
0.341682493686676,-0.26811522245407104,0.24932029843330383
0.33358120918273926,-0.28992122411727905,0.23922839760780334
0.34351497888565063,-0.30741727352142334,0.2386186122894287
0.3500542640686035,-0.32332736253738403,0.28429359197616577
0.33875226974487305,-0.334722101688385,0.3257043659687042
0.30207788944244385,-0.33734726905822754,0.3155462443828583
0.2830391526222229,-0.3362993001937866,0.3258696496486664
0.2812325358390808,-0.3392024636268616,0.3750787079334259
0.2878245711326599,-0.3293173909187317,0.40538811683654785
0.26950985193252563,-0.33150726556777954,0.43414685130119324
0.24970227479934692,-0.3454080820083618,0.48089510202407837
0.2603605389595032,-0.350921094417572,0.5371006727218628
0.296316921710968,-0.3529801368713379,0.606540322303772
0.33594053983688354,-0.36077940464019775,0.6888781785964966
0.3568965792655945,-0.366743266582489,0.7411931753158569
0.37836045026779175,-0.3656638264656067,0.7506281137466431
0.4026210308074951,-0.37561625242233276,0.7553584575653076
0.4068906903266907,-0.3978935480117798,0.7510960102081299
0.4185696840286255,-0.4189991354942322,0.7424056529998779
0.4142266511917114,-0.44328802824020386,0.7227305173873901
0.42138946056365967,-0.4616289734840393,0.6882994174957275
0.4395873546600342,-0.4348542094230652,0.6426337957382202
0.4479181170463562,-0.463226854801178,0.628470778465271
0.4623010754585266,-0.5313830375671387,0.6742597222328186
0.49695008993148804,-0.4905741810798645,0.7103219032287598
0.5584609508514404,-0.4300628900527954,0.7549680471420288
0.5896117687225342,-0.3772611618041992,0.7971189618110657
0.6034079194068909,-0.3367936611175537,0.8200244903564453
0.6184711456298828,-0.3019409775733948,0.8156865835189819
0.6412917375564575,-0.25158846378326416,0.7890251874923706
0.6655121445655823,-0.20228815078735352,0.7506857514381409
0.6902509331703186,-0.15577936172485352,0.750309944152832
0.72272789478302,-0.12244975566864014,0.7590197324752808
0.7658475637435913,-0.10203105211257935,0.775719165802002
0.8157540559768677,-0.09218049049377441,0.8066959381103516
0.8784452080726624,-0.06606948375701904,0.8398780822753906
0.910754382610321,-0.0278395414352417,0.8621382713317871
0.8963784575462341,0.006601452827453613,0.8485400676727295
0.8352586030960083,0.03568911552429199,0.7902580499649048
0.764532208442688,0.05441981554031372,0.7347244620323181
0.7171570658683777,0.07297152280807495,0.7204809784889221
0.7021589279174805,0.07293146848678589,0.757289707660675
0.7273242473602295,0.08745592832565308,0.8057992458343506
0.7836199402809143,0.10877972841262817,0.868040144443512
0.8730558753013611,0.15719342231750488,0.9055883288383484
0.942348301410675,0.25567203760147095,0.89433753490448
0.949222207069397,0.3554282486438751,0.8472760915756226
0.9068377017974854,0.4324701428413391,0.7548158764839172
0.8085287809371948,0.49360600113868713,0.6231923699378967
0.6752492189407349,0.5522291660308838,0.47157979011535645
0.48681581020355225,0.5700926184654236,0.33113396167755127
0.2661828398704529,0.5297037363052368,0.21183472871780396
0.11756879091262817,0.450549840927124,0.1260993480682373
0.0030131936073303223,0.36726200580596924,0.1466538906097412
0.004120290279388428,0.3077164590358734,0.20376276969909668
0.046941161155700684,0.2465510070323944,0.18398964405059814
0.06173747777938843,0.24939528107643127,0.13818776607513428
0.07016199827194214,0.278976708650589,0.14749383926391602
0.012602627277374268,0.3765891194343567,0.22182941436767578
-0.033368051052093506,0.34737852215766907,0.25467032194137573
-0.07310706377029419,0.20359887182712555,0.32808518409729004
-0.12924355268478394,0.13897112011909485,0.24597902595996857
-0.021897554397583008,0.14580285549163818,0.09473198652267456
-0.08462649583816528,0.1730382889509201,0.27475911378860474
-0.09283894300460815,0.28331559896469116,0.34230518341064453
-0.18903428316116333,0.3070123791694641,0.16595739126205444
-0.12984353303909302,0.2380676418542862,0.05851872265338898
-0.13493043184280396,0.2389635443687439,0.06528730690479279
-0.2153630256652832,0.25059783458709717,0.1295931339263916
-0.2323020100593567,0.23930442333221436,0.10639673471450806
-0.276488721370697,0.23487794399261475,0.04763305187225342
-0.30250269174575806,0.25598689913749695,-0.0063046663999557495
-0.2887275815010071,0.2717885673046112,-0.05432957410812378
-0.22441858053207397,0.22793346643447876,-0.08473724126815796
-0.15487462282180786,0.17468971014022827,-0.10894614458084106
-0.12974631786346436,0.14722740650177002,-0.11489260196685791
-0.16102975606918335,0.1803649365901947,-0.08901447057723999
-0.22706329822540283,0.2295340895652771,-0.036522090435028076
-0.29060202836990356,0.2755242884159088,0.033293724060058594
-0.3309757709503174,0.298282653093338,0.09566479921340942
-0.38510191440582275,0.33050793409347534,0.16065168380737305
-0.43517863750457764,0.37841254472732544,0.22827225923538208
-0.4318960905075073,0.4065535068511963,0.2658427953720093
-0.3183061480522156,0.36350029706954956,0.2738479971885681
-0.19782418012619019,0.3227560818195343,0.2786194682121277
-0.10274451971054077,0.2993167042732239,0.2794168293476105
-0.028372585773468018,0.27655428647994995,0.28822773694992065
-0.010883927345275879,0.2630327641963959,0.30725187063217163
-0.04711383581161499,0.25433066487312317,0.3298080563545227
-0.10638231039047241,0.24739784002304077,0.360312283039093
-0.1553661823272705,0.24607250094413757,0.3955531120300293
-0.18627452850341797,0.25377699732780457,0.43082356452941895
-0.20067256689071655,0.257824569940567,0.4608380198478699
-0.20493781566619873,0.2570536732673645,0.4857795238494873
-0.19622093439102173,0.24576705694198608,0.49520599842071533
-0.15094107389450073,0.21862518787384033,0.4311610460281372
-0.11755955219268799,0.18236616253852844,0.3510701656341553
-0.07421427965164185,0.13672490417957306,0.2720900774002075
-0.0033317506313323975,0.07620947062969208,0.14428043365478516
0.06918272376060486,0.012723743915557861,0.027870237827301025
0.10277393460273743,-0.03675214201211929,-0.026868164539337158
0.07514676451683044,-0.05657876282930374,-0.0410151481628418
0.012145042419433594,-0.057430997490882874,-0.016366183757781982
-0.01686689257621765,-0.05339705944061279,0.0520247220993042
0.027273118495941162,-0.05416779965162277,0.11195909976959229
0.15844377875328064,-0.0703900009393692,0.07931190729141235
0.31747710704803467,-0.09739881753921509,-0.0083540678024292
0.4298125207424164,-0.11278848350048065,-0.08491235971450806
0.46144992113113403,-0.10455126315355301,-0.11773252487182617
0.47300055623054504,-0.09189975261688232,-0.1864023208618164
0.4314703941345215,-0.08463655412197113,-0.2260904312133789
0.3438117206096649,-0.07793829590082169,-0.2196410894393921
0.25497210025787354,-0.0441388264298439,-0.23358118534088135
0.16805237531661987,-0.014786679297685623,-0.2523640990257263
0.08257956802845001,-0.03638330474495888,-0.24952608346939087
0.11421605944633484,-0.16145983338356018,-0.1287335753440857
0.2518784999847412,-0.30865129828453064,-0.01439046859741211
0.23087173700332642,-0.2615251839160919,-0.04026186466217041
0.1868945062160492,-0.12132427096366882,-0.15149593353271484
0.23075944185256958,-0.059587571769952774,-0.20527201890945435
0.2504322826862335,-0.015785306692123413,-0.14538812637329102
0.2548941969871521,-0.013337798416614532,-0.019158899784088135
0.25258520245552063,-0.0599985271692276,0.0926201343536377
0.26350775361061096,-0.1087566614151001,0.14397305250167847
0.2502238154411316,-0.14332564175128937,0.13560080528259277
0.19163548946380615,-0.15454581379890442,0.11878639459609985
0.14423568546772003,-0.1567762792110443,0.11448544263839722
0.15039385855197906,-0.1545742005109787,0.14911645650863647
0.17144203186035156,-0.14815905690193176,0.1985929012298584
0.2091403305530548,-0.13082855939865112,0.22480475902557373
0.24724076688289642,-0.11006182432174683,0.2489558458328247
0.26664355397224426,-0.09415599703788757,0.29195475578308105
0.2722877562046051,-0.09094414114952087,0.3306136727333069
0.25454849004745483,-0.10364177823066711,0.3408711552619934
0.2209758460521698,-0.12201052904129028,0.3290454149246216
0.18896478414535522,-0.1407405138015747,0.2910536527633667
0.15304800868034363,-0.1502566635608673,0.2579212188720703
0.1320628523826599,-0.15259426832199097,0.2285447120666504
0.13249734044075012,-0.15380993485450745,0.20300495624542236
0.14483089745044708,-0.15246254205703735,0.20005559921264648
0.1808120161294937,-0.16410523653030396,0.21747595071792603
0.21794579923152924,-0.1929199993610382,0.25618934631347656
0.23744522035121918,-0.19733306765556335,0.3044317960739136
0.23704679310321808,-0.1667749583721161,0.33127260208129883
0.24271851778030396,-0.11370387673377991,0.2807963490486145
0.23308324813842773,-0.1105111837387085,0.20250439643859863
0.20441928505897522,-0.13328707218170166,0.1371781826019287
0.18301956355571747,-0.12395542860031128,0.11580324172973633
0.18874633312225342,-0.10419923067092896,0.16594582796096802
0.20858144760131836,-0.10583031177520752,0.23424625396728516
0.2186412811279297,-0.11663782596588135,0.2549546957015991
0.2155088186264038,-0.12498462200164795,0.21799558401107788
0.20538169145584106,-0.1332276463508606,0.13734233379364014
0.1819228082895279,-0.14410528540611267,0.054606080055236816
0.1668701320886612,-0.14266610145568848,-0.0022920966148376465
0.1734476536512375,-0.10376113653182983,-0.016311287879943848
0.17747658491134644,-0.05377867817878723,-0.011490881443023682
0.18745528161525726,-0.06767818331718445,0.018536269664764404
0.21434040367603302,-0.11578938364982605,0.06349241733551025
0.22086623311042786,-0.14657634496688843,0.10859262943267822
0.2096654176712036,-0.1497412621974945,0.13219809532165527
0.19765296578407288,-0.13213303685188293,0.12025028467178345
0.18349111080169678,-0.11595329642295837,0.08386498689651489
0.16359254717826843,-0.10949143767356873,0.04714435338973999
0.14895866811275482,-0.09798264503479004,0.011010587215423584
0.15029114484786987,-0.07500267028808594,-0.009319126605987549
0.17523550987243652,-0.04525256156921387,-0.010190248489379883
0.2086482048034668,-0.02444058656692505,-0.011761903762817383
0.22886833548545837,-0.026647329330444336,-0.006121039390563965
0.23179566860198975,-0.04127669334411621,0.02007848024368286
0.2197079211473465,-0.06482994556427002,0.048662662506103516
0.19392640888690948,-0.09082931280136108,0.06642591953277588
0.15835309028625488,-0.10308772325515747,0.08451569080352783
0.12438108772039413,-0.09930360317230225,0.09063082933425903
0.10828478634357452,-0.09372174739837646,0.08112871646881104
0.1053452342748642,-0.09450432658195496,0.06873863935470581
0.10888180881738663,-0.09656113386154175,0.05612879991531372
0.12473126500844955,-0.08458095788955688,0.05645233392715454
0.16721279919147491,-0.0787276029586792,0.04986584186553955
0.2087351679801941,-0.0838979184627533,0.020655930042266846
0.23872628808021545,-0.07438004016876221,-0.004963815212249756
0.2606164216995239,-0.043432384729385376,-0.020663201808929443
0.26637572050094604,-0.012201815843582153,-0.01331627368927002
0.25511258840560913,0.011808216571807861,0.014808297157287598
0.22768722474575043,0.03137397766113281,0.0481148362159729
0.1752556562423706,0.044044166803359985,0.08897429704666138
0.1173786148428917,0.03218674659729004,0.12305831909179688
0.08923935890197754,-0.013400673866271973,0.1292494535446167
0.09894493222236633,-0.05016791820526123,0.11599898338317871
0.09820081293582916,-0.053359806537628174,0.0992891788482666
0.07601563632488251,-0.03862568736076355,0.07856833934783936
0.06105368584394455,-0.012317836284637451,0.05727940797805786
0.04870991408824921,0.01711350679397583,0.022032737731933594
0.042975857853889465,0.035567522048950195,-0.055424392223358154
0.046368151903152466,0.05959111452102661,-0.19043582677841187
0.06869201362133026,0.0832841694355011,-0.29390156269073486
0.0901874378323555,0.0934566855430603,-0.2931671142578125
0.09104309976100922,0.07499119639396667,-0.2178134322166443
0.0809546709060669,0.031819552183151245,-0.08461785316467285
0.06607510894536972,0.007320314645767212,0.08933430910110474
0.06663267314434052,-0.06670492887496948,0.25795674324035645
0.09316655248403549,-0.20210188627243042,0.41191565990448
0.136953204870224,-0.23263457417488098,0.46207594871520996
0.11978979408740997,-0.13097748160362244,0.3648136854171753
0.10863626003265381,-0.02996101975440979,0.16291141510009766
0.1046956479549408,-0.08876895904541016,-0.00019031763076782227
0.08309759944677353,-0.12565767765045166,-0.0751960277557373
0.07788936048746109,-0.10346704721450806,-0.06252038478851318
0.10962579399347305,-0.0955745279788971,0.0032720565795898438
0.13237909972667694,-0.10195642709732056,0.07517415285110474
0.1305859386920929,-0.11224722862243652,0.12288659811019897
0.1136711835861206,-0.1293540894985199,0.14387720823287964
0.0911184623837471,-0.15341883897781372,0.13271939754486084
0.06647562980651855,-0.18013957142829895,0.08045578002929688
0.03840561956167221,-0.19899770617485046,0.01581019163131714
0.018460409715771675,-0.20583894848823547,-0.017240047454833984
0.017276136204600334,-0.20957952737808228,-0.017374694347381592
0.021503472700715065,-0.20199820399284363,0.007689952850341797
0.04355674609541893,-0.18044060468673706,0.044216692447662354
0.07533769309520721,-0.15746620297431946,0.06686800718307495
0.11810499429702759,-0.14242535829544067,0.09112203121185303
0.15048347413539886,-0.1360241174697876,0.10411262512207031
0.15773849189281464,-0.14015287160873413,0.0787733793258667
0.14727996289730072,-0.155274897813797,0.020712852478027344
0.14182564616203308,-0.15560558438301086,-0.029851019382476807
0.1344478279352188,-0.1696414053440094,-0.1093631386756897
0.12420743703842163,-0.1492849886417389,-0.15084999799728394
0.14281021058559418,-0.11320731043815613,-0.1085515022277832
0.16802291572093964,-0.07726284861564636,-0.04128718376159668
0.16778850555419922,-0.05941423773765564,0.030746102333068848
0.16892391443252563,-0.06629055738449097,0.09536457061767578
0.17901825904846191,-0.08107408881187439,0.12711256742477417
0.1796276718378067,-0.08767735958099365,0.1306501030921936
0.1669335961341858,-0.09471124410629272,0.11471456289291382
0.1521584838628769,-0.10721832513809204,0.08819079399108887
0.12874539196491241,-0.14341789484024048,0.05970752239227295
0.09795551002025604,-0.21843057870864868,0.024776041507720947
0.07690605521202087,-0.23646607995033264,0.013281762599945068
0.07286949455738068,-0.20668449997901917,0.01858896017074585
0.09108199179172516,-0.1621093451976776,0.048522233963012695
0.1328181028366089,-0.12468555569648743,0.09162074327468872
0.17325890064239502,-0.09747263789176941,0.1342872977256775
0.18691101670265198,-0.0959775447845459,0.17062252759933472
0.1885947287082672,-0.09967020153999329,0.17795580625534058
0.18826419115066528,-0.10220354795455933,0.17358601093292236
0.18879126012325287,-0.11023998260498047,0.19792896509170532
0.18585604429244995,-0.1238166093826294,0.2155703902244568
0.171837717294693,-0.13249558210372925,0.2402437925338745
0.15337854623794556,-0.1376206874847412,0.25498807430267334
0.14087168872356415,-0.13592290878295898,0.23565137386322021
0.14778006076812744,-0.13285154104232788,0.2094649076461792
0.16805148124694824,-0.13271832466125488,0.20270627737045288
0.19214625656604767,-0.13157200813293457,0.18221402168273926
0.22100979089736938,-0.1260216236114502,0.13698357343673706
0.23446659743785858,-0.1247793436050415,0.12318241596221924
0.23256658017635345,-0.11963218450546265,0.14502066373825073
0.23336809873580933,-0.11475515365600586,0.18182110786437988
0.23110409080982208,-0.13080906867980957,0.2247835397720337
0.226122185587883,-0.13640689849853516,0.23568230867385864
0.22150886058807373,-0.11462044715881348,0.2093479037284851
0.20471708476543427,-0.1082221269607544,0.1977853775024414
0.18704110383987427,-0.11440783739089966,0.17979657649993896
0.17281609773635864,-0.12963742017745972,0.1786685585975647
0.1613062024116516,-0.17925101518630981,0.2181413769721985
0.1466222107410431,-0.20348745584487915,0.24817508459091187
0.1418512463569641,-0.19979143142700195,0.2593991160392761
0.13464555144309998,-0.14685016870498657,0.25620967149734497
0.12710735201835632,-0.10563170909881592,0.2530926465988159
0.12347717583179474,-0.1526922583580017,0.27009010314941406
0.12499628961086273,-0.1690855622291565,0.30802178382873535
0.11196127533912659,-0.12121397256851196,0.4108998775482178
0.17883314192295074,-0.10475856065750122,0.5318284630775452
0.29414477944374084,-0.07673180103302002,0.385670006275177
0.378736287355423,-0.12854832410812378,0.27565139532089233
0.38265982270240784,-0.16162562370300293,0.22693979740142822
0.3452530801296234,-0.13931804895401,0.18881428241729736
0.29960596561431885,-0.12002533674240112,0.1282123327255249
0.2781541049480438,-0.13722717761993408,0.09479963779449463
0.25626569986343384,-0.12904375791549683,0.11308830976486206
0.2743200957775116,-0.11500757932662964,0.10655295848846436
0.2990407347679138,-0.1209268569946289,0.07449543476104736
0.2839173972606659,-0.1260426640510559,0.05758899450302124
0.23857973515987396,-0.10353893041610718,0.021519184112548828
0.2145511507987976,-0.11878442764282227,-0.04897111654281616
0.18015913665294647,-0.14862847328186035,-0.09715890884399414
0.12047463655471802,-0.16948747634887695,-0.09565037488937378
0.07387597858905792,-0.15025275945663452,-0.03725153207778931
0.05113006755709648,-0.12579578161239624,0.05050849914550781
0.05027275159955025,-0.13265466690063477,0.11727893352508545
0.07620824873447418,-0.1431339979171753,0.16987788677215576
0.11731913685798645,-0.11967939138412476,0.2384452223777771
0.16693145036697388,-0.12130683660507202,0.22918075323104858
0.20552664995193481,-0.15063565969467163,0.16182345151901245
0.20601509511470795,-0.161057710647583,0.13830620050430298
0.18214260041713715,-0.15168523788452148,0.14066636562347412
0.17584484815597534,-0.12069213390350342,0.14580774307250977
0.20136985182762146,-0.08205914497375488,0.1308799386024475
0.23690037429332733,-0.056212663650512695,0.10209345817565918
0.27612021565437317,-0.03900730609893799,0.0774877667427063
0.2980284094810486,-0.04552567005157471,0.06298136711120605
0.2871503531932831,-0.07583487033843994,0.06612306833267212
0.2747226655483246,-0.10425001382827759,0.07907414436340332
0.26485398411750793,-0.1110871434211731,0.08780288696289062
0.255606085062027,-0.10563468933105469,0.09344983100891113
0.26308876276016235,-0.1050264835357666,0.05740171670913696
0.26590976119041443,-0.10625165700912476,-0.0032047033309936523
0.2603525221347809,-0.08665496110916138,-0.027170300483703613
0.2928066551685333,-0.05037844181060791,-0.01577746868133545
0.3697701394557953,-0.011067092418670654,0.01719212532043457
0.4432232677936554,0.02322942018508911,0.03057008981704712
0.47972869873046875,0.02408081293106079,0.016330420970916748
0.47167789936065674,0.013977885246276855,-0.002066671848297119
0.42604029178619385,0.014886736869812012,-0.009347915649414062
0.3918186128139496,0.011734068393707275,-0.017474353313446045
0.3859623968601227,0.005008280277252197,-0.021944761276245117
0.3852870464324951,0.010820865631103516,-0.008676707744598389
0.3805899918079376,0.016328036785125732,0.010611772537231445
