X,Y,Z
-0.6820163130760193,0.5453661680221558,0.8672802448272705
-0.4308123290538788,0.4800078570842743,0.9330385327339172
-0.17877529561519623,0.6018386483192444,0.9177168011665344
0.08567070215940475,0.6814846992492676,0.8987904191017151
0.43949854373931885,0.6174386143684387,0.9427983164787292
0.8279303312301636,0.4577133357524872,1.0227869749069214
1.1507893800735474,0.16095702350139618,1.0842939615249634
1.3170335292816162,-0.2166784703731537,1.1165673732757568
1.309134602546692,-0.5477941036224365,1.1185284852981567
1.1880240440368652,-0.680177628993988,1.1417090892791748
0.967685341835022,-0.7090510725975037,1.2161712646484375
0.6480317711830139,-0.5591094493865967,1.3478894233703613
0.34146547317504883,-0.27360132336616516,1.4674211740493774
-0.002222750335931778,0.2477913796901703,1.5285768508911133
-0.41858935356140137,0.9247352480888367,1.6051650047302246
-0.6787219047546387,1.6636396646499634,1.6174185276031494
-0.9792540073394775,2.969123601913452,1.8449735641479492
-1.2306472063064575,3.053689956665039,2.0613853931427
-1.2207655906677246,2.6503617763519287,2.150080680847168
-1.0013970136642456,2.0334527492523193,2.0359456539154053
-0.6091122627258301,1.408024787902832,1.7194182872772217
-0.1979086697101593,0.7396359443664551,1.1864644289016724
0.10694605112075806,0.16769497096538544,0.566550612449646
0.29349616169929504,-0.2884707748889923,-0.06817784160375595
0.35348066687583923,-0.7234475016593933,-0.6277415752410889
0.2667788863182068,-1.1764960289001465,-1.1134260892868042
-0.02816379815340042,-1.5557512044906616,-1.2276421785354614
-0.6577163338661194,-1.7647708654403687,-0.8844898343086243
-1.4793378114700317,-1.6828978061676025,-0.7127742171287537
-2.238314390182495,-1.300008773803711,-0.7444977760314941
-2.9060122966766357,-1.0209236145019531,-0.7317904829978943
-3.398338556289673,-1.0408538579940796,-0.5074256658554077
-3.7758498191833496,-1.2375887632369995,-0.5396003723144531
-4.09619665145874,-1.6125704050064087,-0.7106532454490662
-4.383468151092529,-2.2720091342926025,-0.9097602367401123
-4.694806098937988,-3.141594648361206,-1.1245183944702148
-5.038004398345947,-3.9306135177612305,-1.3029060363769531
-5.262752532958984,-4.246799468994141,-1.469641089439392
-5.490983963012695,-4.100459575653076,-1.726401686668396
-5.911499977111816,-3.806685209274292,-1.9248790740966797
-6.7052083015441895,-3.595702886581421,-1.9912245273590088
-7.733912944793701,-3.2694027423858643,-2.0143814086914062
-8.766807556152344,-2.9025542736053467,-2.1103973388671875
-9.54387378692627,-2.3725051879882812,-2.2696433067321777
-10.12369155883789,-1.4683128595352173,-2.554790496826172
-10.566729545593262,-0.06902599334716797,-3.1303746700286865
-10.254379272460938,0.8809701204299927,-4.140437126159668
-8.990947723388672,1.402547836303711,-5.35404109954834
-7.058667182922363,1.749019742012024,-6.554576873779297
-5.012032508850098,1.7219979763031006,-7.725275993347168
-3.1499862670898438,1.1309988498687744,-8.834375381469727
-1.4605321884155273,0.37405362725257874,-9.729464530944824
-0.06983499974012375,-0.3665160834789276,-10.343148231506348
1.070056438446045,-0.9983941912651062,-10.653733253479004
2.179457902908325,-1.3750094175338745,-10.710636138916016
3.2776801586151123,-1.4806498289108276,-10.657772064208984
4.254980087280273,-1.3535538911819458,-10.596919059753418
5.043009281158447,-1.0748213529586792,-10.60361385345459
5.638200759887695,-0.6736986041069031,-10.67326545715332
6.008616924285889,-0.30270716547966003,-10.831521034240723
6.173975944519043,-0.11844783276319504,-10.994552612304688
6.241977214813232,-0.025140170007944107,-11.025738716125488
6.261091709136963,0.110356405377388,-10.839375495910645
6.18964147567749,0.2882091999053955,-10.472637176513672
6.001550197601318,0.44577670097351074,-9.94931697845459
5.795595169067383,0.5516171455383301,-9.292337417602539
5.623617649078369,0.5089418888092041,-8.560090065002441
5.534692764282227,0.3637733459472656,-7.819499492645264
5.58922815322876,0.2189256101846695,-7.088645935058594
5.776288986206055,-0.01962844841182232,-6.379890441894531
6.034893035888672,-0.41512808203697205,-5.742201328277588
6.341662883758545,-0.8430938720703125,-5.197997570037842
6.7585039138793945,-1.1271541118621826,-4.675936222076416
7.1778998374938965,-1.2931556701660156,-4.178067207336426
7.490300178527832,-1.3875702619552612,-3.6306540966033936
7.6970038414001465,-1.348355770111084,-3.009866952896118
7.81160306930542,-1.1133043766021729,-2.2577357292175293
7.913414001464844,-0.6579422950744629,-1.3443301916122437
7.976986408233643,0.07720198482275009,-0.39933282136917114
7.929664134979248,1.1187937259674072,0.4996737539768219
7.8901801109313965,2.3990306854248047,1.287598967552185
7.907678127288818,3.6728782653808594,1.899933099746704
7.972846984863281,4.6520304679870605,2.351480722427368
8.196887969970703,5.304217338562012,2.777066469192505
8.598705291748047,5.624144077301025,3.1975295543670654
9.098048210144043,5.5743327140808105,3.6106956005096436
9.584407806396484,5.317793846130371,4.081566333770752
9.937355995178223,5.112874984741211,4.573451519012451
10.158792495727539,5.134222030639648,5.00394868850708
10.364933013916016,5.450884819030762,5.2421488761901855
10.656412124633789,6.038876533508301,5.095667362213135
11.026480674743652,6.637446403503418,4.42720365524292
11.549076080322266,6.887598991394043,3.244291067123413
12.196104049682617,6.212025165557861,1.4524298906326294
12.720539093017578,4.736190319061279,-0.7532025575637817
13.130971908569336,3.4861576557159424,-2.4803292751312256
13.347437858581543,3.9897079467773438,-3.1424167156219482
12.692985534667969,6.369010925292969,-2.88200306892395
10.900753021240234,8.730681419372559,-2.1110286712646484
9.161581039428711,9.538796424865723,-1.5353425741195679
8.33266544342041,8.738728523254395,-1.0294231176376343
8.160874366760254,6.754526138305664,-0.5909885168075562
8.214763641357422,4.329684734344482,-0.2752997875213623
8.269719123840332,2.1540393829345703,-0.21046066284179688
8.193873405456543,0.5154187679290771,-0.3234729766845703
7.923585414886475,-0.3237623870372772,-0.7148487567901611
7.480482578277588,-0.5058544278144836,-1.4483320713043213
6.915169715881348,-0.28886428475379944,-2.4215710163116455
6.294137477874756,0.17173632979393005,-3.5578601360321045
5.622040271759033,0.6040309071540833,-4.796027660369873
4.871133804321289,0.9089013338088989,-6.02725076675415
4.080377578735352,1.1775115728378296,-7.057288646697998
3.1357767581939697,1.5223712921142578,-7.909240245819092
2.1581695079803467,1.865851640701294,-8.550952911376953
1.3777297735214233,2.0183897018432617,-9.08453369140625
1.0581567287445068,1.9456238746643066,-9.430007934570312
1.1026350259780884,1.7099090814590454,-9.748351097106934
1.2288744449615479,1.0507795810699463,-10.174847602844238
1.3587325811386108,0.41578179597854614,-10.719870567321777
1.2452454566955566,-0.0065994346514344215,-11.34656047821045
0.7282339334487915,-0.02713160589337349,-11.900083541870117
-0.3053056597709656,0.6668578386306763,-12.313101768493652
-1.7124741077423096,1.7846059799194336,-12.471258163452148
-2.9072675704956055,3.182966709136963,-12.462656021118164
-3.4221057891845703,4.547637939453125,-12.460139274597168
-3.1626205444335938,5.490444183349609,-12.508679389953613
-2.588693618774414,5.551637649536133,-12.681071281433105
-2.238370656967163,4.98621940612793,-12.817955017089844
-2.254938840866089,3.9522716999053955,-12.535262107849121
-2.657975912094116,2.6912715435028076,-11.972899436950684
-3.2593834400177,1.5073210000991821,-11.564361572265625
-3.8652942180633545,0.4115807116031647,-11.294038772583008
-4.379127502441406,-0.45225048065185547,-11.096925735473633
-4.764421463012695,-0.9666031002998352,-10.994542121887207
-5.0516228675842285,-1.4091041088104248,-10.99051284790039
-5.252410411834717,-1.9326945543289185,-11.014660835266113
-5.36012601852417,-2.504713535308838,-10.970391273498535
-5.308082103729248,-3.1437978744506836,-10.793017387390137
-5.23252534866333,-3.8594608306884766,-10.58187198638916
-5.103090286254883,-4.424836158752441,-10.529458045959473
-4.787350654602051,-4.891663074493408,-10.695122718811035
-4.377333164215088,-5.42755651473999,-11.045434951782227
-3.856842041015625,-5.872646331787109,-11.492924690246582
-3.316208600997925,-5.897559642791748,-11.669581413269043
-2.7304093837738037,-5.267843723297119,-11.358672142028809
-1.8581514358520508,-3.7602837085723877,-10.397870063781738
-0.6295744776725769,-1.9807173013687134,-8.872578620910645
0.8528447151184082,-0.4690239727497101,-7.4066972732543945
2.2446937561035156,0.5577386021614075,-6.396738052368164
3.2115087509155273,1.098172664642334,-5.973742961883545
3.872837781906128,1.2456648349761963,-6.068587779998779
4.4358720779418945,1.0339198112487793,-6.624527931213379
5.098892688751221,0.6524965167045593,-7.416110992431641
5.862733840942383,0.23782871663570404,-8.116379737854004
6.572012901306152,-0.09481848776340485,-8.496726989746094
7.1281023025512695,-0.2277197241783142,-8.589608192443848
7.5486602783203125,-0.038855791091918945,-8.573211669921875
7.906421661376953,0.4032955765724182,-8.52911376953125
8.295090675354004,0.9589827656745911,-8.413814544677734
8.626513481140137,1.408473253250122,-8.307910919189453
8.945427894592285,1.5944883823394775,-8.22031307220459
9.291443824768066,1.3900178670883179,-8.20446491241455
9.696589469909668,0.8379075527191162,-8.220934867858887
10.123323440551758,0.07126466929912567,-8.108492851257324
10.462529182434082,-0.7812297344207764,-7.854020118713379
10.67565631866455,-1.5284571647644043,-7.459471702575684
10.65628433227539,-2.1187469959259033,-6.956135272979736
10.375458717346191,-2.5840530395507812,-6.294106483459473
9.885546684265137,-2.8260881900787354,-5.50198221206665
9.315743446350098,-2.710503101348877,-4.602732181549072
8.734940528869629,-2.109706163406372,-3.5673186779022217
8.170334815979004,-1.1489331722259521,-2.498676300048828
7.740136623382568,-0.10991288721561432,-1.3929765224456787
7.494280815124512,0.7954712510108948,-0.30378904938697815
7.418142795562744,1.5972542762756348,0.759390652179718
7.4824748039245605,2.2681937217712402,1.774260401725769
7.613209247589111,2.775949478149414,2.6350936889648438
7.794712066650391,3.130807638168335,3.3848469257354736
8.034926414489746,3.3490092754364014,4.046479225158691
8.365655899047852,3.4941725730895996,4.664941787719727
8.808270454406738,3.6717543601989746,5.239118576049805
9.269384384155273,4.028016567230225,5.768830299377441
9.578274726867676,4.41583251953125,6.254242420196533
9.715818405151367,4.841738224029541,6.704894065856934
9.737092018127441,5.243922233581543,7.052272319793701
9.782010078430176,5.266518592834473,7.201794147491455
10.05077075958252,4.7195844650268555,7.166861534118652
10.606971740722656,3.7503273487091064,6.765467643737793
11.398937225341797,2.4999589920043945,5.937524318695068
12.036309242248535,1.626882553100586,4.64897346496582
12.09049129486084,1.5182106494903564,3.0952210426330566
11.522883415222168,2.4018001556396484,1.4661232233047485
10.736612319946289,3.89849591255188,0.22832037508487701
9.975339889526367,5.101883888244629,-0.716224193572998
9.474879264831543,5.621365070343018,-1.423343300819397
9.519243240356445,5.47958517074585,-1.834245204925537
10.009025573730469,4.875810146331787,-2.0119571685791016
10.6499605178833,3.9568440914154053,-2.0271942615509033
11.165776252746582,2.805263042449951,-2.0078001022338867
11.545106887817383,1.7205383777618408,-2.073343276977539
11.664552688598633,0.8947219252586365,-2.391944169998169
11.4401273727417,0.5895723104476929,-2.7309913635253906
10.681797981262207,0.6725865006446838,-3.1581835746765137
9.45317554473877,1.18168306350708,-3.8063859939575195
7.749699592590332,1.680803894996643,-4.12575626373291
5.6628336906433105,1.7649621963500977,-4.533032417297363
3.812041997909546,1.6151015758514404,-5.086149215698242
2.3523271083831787,1.107098937034607,-5.616541385650635
1.3536090850830078,0.5155046582221985,-6.199499130249023
0.9726832509040833,0.12816961109638214,-6.751767158508301
1.3460131883621216,0.2709009051322937,-7.030710220336914
1.854271650314331,0.6078718304634094,-7.334479808807373
2.2123167514801025,0.7883907556533813,-7.750786304473877
2.5144870281219482,1.1984668970108032,-8.229127883911133
2.6914312839508057,1.8757681846618652,-8.717411041259766
2.6034374237060547,2.6101229190826416,-9.14285659790039
2.2162833213806152,3.379051685333252,-9.542224884033203
1.6079082489013672,4.197454929351807,-9.999165534973145
0.8931224942207336,4.729035377502441,-10.539630889892578
0.3185005784034729,4.9798970222473145,-11.031837463378906
0.029688753187656403,5.130410194396973,-11.451498985290527
-0.07972905784845352,5.048152446746826,-12.03268814086914
-0.050806060433387756,4.830969333648682,-12.678873062133789
-0.0725083202123642,4.50548791885376,-13.102783203125
-0.4875662326812744,4.338358402252197,-13.321863174438477
-1.2600973844528198,4.2838664054870605,-13.359705924987793
-2.033454179763794,4.084865570068359,-13.25647258758545
-2.5654540061950684,3.6440048217773438,-12.993781089782715
-2.6692004203796387,2.709754228591919,-12.608383178710938
-2.4940993785858154,1.2728700637817383,-12.321264266967773
-2.325918674468994,-0.31859537959098816,-12.12503719329834
-2.386747121810913,-1.748413324356079,-11.875107765197754
-2.741765022277832,-2.7112560272216797,-11.406192779541016
-3.3071768283843994,-2.9430980682373047,-10.731353759765625
-3.8279805183410645,-2.9892427921295166,-9.976214408874512
-4.138713836669922,-3.1246347427368164,-9.323185920715332
-4.260802268981934,-3.599005699157715,-8.842413902282715
-4.1988725662231445,-4.1787896156311035,-8.513325691223145
-3.9798150062561035,-4.507468223571777,-8.329680442810059
-3.6882081031799316,-4.695538520812988,-8.282990455627441
-3.3515310287475586,-4.848126411437988,-8.36011028289795
-2.991321563720703,-4.958399772644043,-8.522686958312988
-2.674361228942871,-4.8852925300598145,-8.65507698059082
-2.4882404804229736,-4.571296691894531,-8.67369270324707
-2.3707516193389893,-4.030756950378418,-8.636399269104004
-2.194749116897583,-3.448556423187256,-8.498465538024902
-1.8035717010498047,-2.773319959640503,-8.164987564086914
-1.0364538431167603,-2.0492587089538574,-7.524722576141357
0.17370790243148804,-1.3522497415542603,-6.680874347686768
1.608555793762207,-0.8907268047332764,-5.998677730560303
3.0645642280578613,-0.5161939263343811,-5.713454246520996
4.407633304595947,-0.05629754438996315,-5.902266979217529
5.533747673034668,0.3441912829875946,-6.416158199310303
6.462277412414551,0.5684518218040466,-7.086833477020264
7.2722907066345215,0.5890428423881531,-7.721267223358154
7.926583766937256,0.3747723698616028,-8.254661560058594
8.479732513427734,0.07522507011890411,-8.75674819946289
9.102096557617188,-0.08003665506839752,-9.180964469909668
9.714597702026367,-0.003674503415822983,-9.509228706359863
10.095879554748535,0.04280874505639076,-9.90296459197998
10.25066089630127,0.09084471315145493,-10.287073135375977
10.262228965759277,0.12139631807804108,-10.459775924682617
10.091018676757812,0.005672922357916832,-10.33249282836914
9.816307067871094,-0.21562670171260834,-9.887739181518555
9.575647354125977,-0.48101869225502014,-9.31369686126709
9.52574634552002,-0.7870115041732788,-8.75052261352539
9.682184219360352,-1.3424153327941895,-8.231081008911133
10.018431663513184,-2.287355661392212,-7.7266364097595215
10.448235511779785,-3.4185760021209717,-7.121817588806152
10.69556713104248,-4.500322341918945,-6.366840839385986
10.582324028015137,-5.325340747833252,-5.481767654418945
10.278112411499023,-5.4583587646484375,-4.367968559265137
9.887409210205078,-4.671673774719238,-3.0024726390838623
9.394135475158691,-3.0343716144561768,-1.509260654449463
8.83715534210205,-0.7278332114219666,-0.09000326693058014
8.232770919799805,1.8452702760696411,1.0737268924713135
7.619365692138672,3.9853456020355225,1.8166439533233643
7.128201961517334,5.338108539581299,2.155308246612549
6.926643371582031,5.776749134063721,2.2753243446350098
7.149742603302002,5.573491096496582,2.393453359603882
7.757458209991455,5.041026592254639,2.5363564491271973
8.529426574707031,4.247178554534912,2.715439558029175
9.229462623596191,3.4504354000091553,2.912604808807373
9.689796447753906,2.9229283332824707,3.0739047527313232
9.885127067565918,2.672988176345825,3.227294445037842
9.968554496765137,2.6813836097717285,3.373047113418579
10.099130630493164,2.663180112838745,3.3614091873168945
10.354846954345703,2.577619791030884,3.171532392501831
10.616401672363281,2.3549654483795166,2.7272353172302246
10.800164222717285,1.9133543968200684,2.0043773651123047
10.923516273498535,1.3811618089675903,1.0631494522094727
10.909674644470215,1.0541492700576782,0.10838621109724045
10.664230346679688,1.400105357170105,-0.6558275818824768
10.173337936401367,2.2296345233917236,-1.176759123802185
9.555170059204102,3.1533961296081543,-1.5296255350112915
8.974902153015137,3.85857892036438,-1.849677324295044
8.589767456054688,4.259313583374023,-2.2991552352905273
8.470673561096191,4.469163417816162,-2.8861889839172363
8.492197036743164,4.528239727020264,-3.406489849090576
8.507405281066895,4.55397891998291,-3.7216038703918457
8.390896797180176,4.365167140960693,-3.976979970932007
8.204057693481445,4.00888204574585,-4.265488147735596
7.780317306518555,3.3897252082824707,-4.698337554931641
7.035497665405273,2.4880738258361816,-5.267516613006592
6.206538677215576,1.7199018001556396,-5.841689109802246
5.363994598388672,1.2837038040161133,-6.330606937408447
4.575584411621094,1.0839288234710693,-6.678250312805176
3.9652788639068604,1.1113911867141724,-6.992076873779297
3.5723233222961426,1.2628800868988037,-7.260144233703613
3.3854455947875977,1.5726760625839233,-7.482345104217529
3.3001487255096436,1.961323618888855,-7.709798812866211
3.2251570224761963,2.3750290870666504,-7.93168306350708
3.1279845237731934,2.816648006439209,-8.14106273651123
3.0475246906280518,3.3225719928741455,-8.386734008789062
2.97219181060791,3.785430669784546,-8.6976900100708
2.8551185131073,4.1626386642456055,-9.137687683105469
2.7953641414642334,4.610427379608154,-9.348094940185547
2.556811571121216,4.865360260009766,-9.50891399383545
2.0976507663726807,4.822973728179932,-9.696273803710938
1.5964940786361694,4.633360862731934,-9.893945693969727
1.1854692697525024,4.309903144836426,-10.193146705627441
0.849466860294342,3.741487979888916,-10.580538749694824
0.5680436491966248,3.1372454166412354,-11.04757022857666
0.3164021670818329,2.675737142562866,-11.531475067138672
0.05676073580980301,2.4853153228759766,-12.060213088989258
-0.37609824538230896,2.481259822845459,-12.46751880645752
-0.9597512483596802,2.599618673324585,-12.576764106750488
-1.571488618850708,2.7428138256073,-12.239384651184082
-2.107226610183716,2.661310911178589,-11.668832778930664
-2.303619861602783,2.296032190322876,-11.156994819641113
-2.0690104961395264,1.657808780670166,-10.99695110321045
-1.666935920715332,0.918315589427948,-11.19244384765625
-1.3576968908309937,0.2794267535209656,-11.626790046691895
-1.4162309169769287,-0.06268651783466339,-11.940210342407227
-1.9385067224502563,-0.17253819108009338,-11.954176902770996
-2.747241258621216,-0.25651660561561584,-11.623246192932129
-3.5218098163604736,-0.22273360192775726,-10.883687019348145
-4.197377681732178,-0.17661017179489136,-10.086004257202148
-4.476722240447998,-0.3510810434818268,-9.480656623840332
-4.305856227874756,-1.086373209953308,-9.166489601135254
-3.7805280685424805,-2.233858823776245,-9.089776039123535
-3.0386204719543457,-3.3501148223876953,-9.218948364257812
-2.3422272205352783,-4.246567249298096,-9.43663215637207
-1.9212865829467773,-4.8690619468688965,-9.698612213134766
-1.8846579790115356,-5.159557819366455,-9.815335273742676
-2.1394870281219482,-5.299615859985352,-9.764015197753906
-2.4039695262908936,-5.394598484039307,-9.605345726013184
-2.4345686435699463,-5.401417255401611,-9.334429740905762
-2.1243700981140137,-5.301067352294922,-8.889382362365723
-1.3136672973632812,-4.906195640563965,-8.152688026428223
0.1766514629125595,-4.010449409484863,-7.150020599365234
2.127135992050171,-2.8417513370513916,-6.125692844390869
4.016358375549316,-1.688570499420166,-5.516724586486816
5.544051170349121,-0.7125924229621887,-5.541714191436768
6.747336387634277,0.04142729192972183,-5.961563587188721
7.693964958190918,0.5708482265472412,-6.482303142547607
8.369525909423828,0.7733110189437866,-6.9681596755981445
8.799164772033691,0.677325963973999,-7.338155269622803
9.121871948242188,0.48442524671554565,-7.634590148925781
9.471022605895996,0.34435105323791504,-7.883358478546143
9.836844444274902,0.34102663397789,-7.967638969421387
9.995532989501953,0.38013264536857605,-7.908077716827393
9.862231254577637,0.43665772676467896,-7.793088912963867
9.469758987426758,0.5572730898857117,-7.588886260986328
8.91976261138916,0.7012526392936707,-7.252224445343018
8.331681251525879,0.6516286730766296,-6.844982147216797
7.851950168609619,0.37566259503364563,-6.373312950134277
7.576589584350586,-0.0906643271446228,-5.823504447937012
7.523248672485352,-0.6292990446090698,-5.224192142486572
7.690565586090088,-1.1905505657196045,-4.677599906921387
8.013493537902832,-1.769166350364685,-4.235644817352295
8.381470680236816,-2.4097485542297363,-3.917091131210327
8.658980369567871,-3.2047054767608643,-3.6938040256500244
8.82641887664795,-3.9684810638427734,-3.4675374031066895
8.947937965393066,-4.480195045471191,-3.1263349056243896
8.909443855285645,-4.672669887542725,-2.7065329551696777
8.673792839050293,-4.4811577796936035,-2.181741714477539
8.295124053955078,-3.95595121383667,-1.5336941480636597
7.946818828582764,-3.227729320526123,-0.8017160892486572
7.75167989730835,-2.390143394470215,-0.02785276621580124
7.676333427429199,-1.4605958461761475,0.6426582336425781
7.676212787628174,-0.7720065116882324,1.0966449975967407
7.594320297241211,-0.2923160493373871,1.2782814502716064
7.376199722290039,0.151002436876297,1.3030130863189697
7.186133861541748,0.6837366819381714,1.3336082696914673
7.165258407592773,1.2389302253723145,1.40585196018219
7.250002861022949,1.8017545938491821,1.4413870573043823
7.375490188598633,2.2593255043029785,1.501784324645996
7.541107177734375,2.499375104904175,1.6107017993927002
7.773836135864258,2.633908987045288,1.7533276081085205
8.05118179321289,2.717851400375366,1.893375277519226
8.41602897644043,2.770372152328491,1.9956488609313965
8.875631332397461,2.857900857925415,1.9989687204360962
9.362215042114258,2.921518325805664,1.839220404624939
9.796109199523926,2.818401575088501,1.5086493492126465
10.029949188232422,2.4863927364349365,1.0539027452468872
10.082158088684082,2.0677497386932373,0.6178873777389526
10.05205249786377,1.6040587425231934,0.28344976902008057
10.049554824829102,1.2264786958694458,0.02631811797618866
10.062702178955078,0.956743597984314,-0.17280641198158264
10.000703811645508,0.7861117124557495,-0.44869816303253174
9.815929412841797,0.7534390687942505,-0.8915427327156067
9.447555541992188,0.8476366400718689,-1.4534380435943604
8.901620864868164,1.0400607585906982,-2.0171098709106445
8.233851432800293,1.3726571798324585,-2.49150013923645
7.542012691497803,1.8420157432556152,-2.9396448135375977
6.921186923980713,2.3140273094177246,-3.4339609146118164
6.462875843048096,2.7714130878448486,-4.053433895111084
6.1846489906311035,3.230140209197998,-4.684031009674072
6.008831977844238,3.5539791584014893,-5.161280155181885
5.877924919128418,3.772318124771118,-5.444038391113281
5.669427871704102,3.936328649520874,-5.607914924621582
5.3354620933532715,3.967249631881714,-5.711855411529541
5.006878852844238,3.957448959350586,-5.773849964141846
4.562719345092773,3.8706717491149902,-5.733926296234131
4.019441604614258,3.671160936355591,-5.631849765777588
3.543933153152466,3.4666037559509277,-5.575689315795898
3.1913342475891113,3.2696025371551514,-5.592769622802734
2.971813201904297,3.087857246398926,-5.696495532989502
2.905930757522583,2.947669506072998,-5.877437591552734
3.075786590576172,2.9687209129333496,-6.150207996368408
3.39347505569458,3.234757423400879,-6.569999694824219
3.6661248207092285,3.6244277954101562,-7.054160118103027
3.850839614868164,4.190371036529541,-7.586392402648926
3.9043126106262207,4.838489055633545,-8.107529640197754
3.7929537296295166,5.422625541687012,-8.599780082702637
3.7170639038085938,5.926911354064941,-9.058663368225098
3.8215396404266357,6.213298320770264,-9.53078556060791
4.001110553741455,6.189286708831787,-10.013195037841797
4.052135467529297,5.829233169555664,-10.573413848876953
3.9182114601135254,5.372174263000488,-11.076480865478516
3.5622103214263916,4.867710113525391,-11.574987411499023
2.8756563663482666,4.261126518249512,-11.883493423461914
2.008030652999878,3.7215447425842285,-12.015162467956543
1.0832839012145996,3.2701737880706787,-12.036794662475586
0.34858646988868713,3.1397178173065186,-11.981107711791992
-0.10224994271993637,3.1268908977508545,-11.88801097869873
-0.3140200078487396,2.952150344848633,-11.82997989654541
-0.3682701885700226,2.569568634033203,-11.806632995605469
-0.4202360212802887,2.081411838531494,-11.753273010253906
-0.5962121486663818,1.6394078731536865,-11.754290580749512
-0.9807892441749573,1.4299551248550415,-11.56985092163086
-1.5174452066421509,1.381650686264038,-11.347485542297363
-2.073533535003662,1.3420922756195068,-11.37181282043457
-2.6071979999542236,1.0010294914245605,-11.447542190551758
-3.077793598175049,0.4685872495174408,-11.474916458129883
-3.426178455352783,-0.05074752867221832,-11.430086135864258
-3.718297243118286,-0.48911136388778687,-11.251604080200195
-3.9571962356567383,-1.1202031373977661,-10.997753143310547
-4.014664173126221,-1.820976734161377,-10.679644584655762
-3.8979458808898926,-2.490757942199707,-10.299878120422363
-3.609659433364868,-3.0584797859191895,-9.836185455322266
-3.257474660873413,-3.5485403537750244,-9.264883995056152
-2.86719012260437,-4.167347431182861,-8.758224487304688
-2.3162968158721924,-4.6399359703063965,-8.494833946228027
-1.594213843345642,-4.680327892303467,-8.366602897644043
-0.8095285892486572,-4.356361389160156,-8.195982933044434
-0.12926368415355682,-4.114713668823242,-7.950189113616943
0.37215468287467957,-4.001604080200195,-7.670047283172607
0.7092313170433044,-3.878479242324829,-7.290018081665039
0.9113748073577881,-3.666797399520874,-6.843489170074463
1.0980368852615356,-3.1430959701538086,-6.359818935394287
1.335334062576294,-2.35125470161438,-5.762583255767822
1.6338014602661133,-1.3169488906860352,-5.244808197021484
2.0111324787139893,-0.2489754855632782,-4.995306015014648
2.562316656112671,0.5687236189842224,-5.001182556152344
3.354811668395996,1.0683802366256714,-5.322996616363525
4.410454273223877,1.340925931930542,-5.8644938468933105
5.5887980461120605,1.4021663665771484,-6.383113384246826
6.652914524078369,1.2380658388137817,-6.758962631225586
7.442798137664795,1.0463124513626099,-6.976797103881836
7.957616329193115,0.99610835313797,-7.131290435791016
8.23139476776123,1.1671788692474365,-7.1873297691345215
8.202710151672363,1.5057518482208252,-7.045723915100098
7.877986907958984,1.8935915231704712,-6.789575099945068
7.415078163146973,2.2747931480407715,-6.46653413772583
6.917795181274414,2.485051155090332,-6.239469528198242
6.586805820465088,2.467357635498047,-6.2096967697143555
6.470878601074219,2.1966047286987305,-6.262396335601807
6.4634294509887695,1.7598105669021606,-6.242485046386719
6.437198638916016,1.168102502822876,-6.152751445770264
6.316167831420898,0.4419573247432709,-6.049844741821289
6.10233736038208,-0.17724812030792236,-5.882517337799072
5.791284084320068,-0.4317361116409302,-5.598258972167969
5.392468452453613,-0.2666398286819458,-5.202414035797119
4.908692359924316,0.31974920630455017,-4.709254741668701
4.355022430419922,1.0537528991699219,-4.135351181030273
3.8333234786987305,1.7002537250518799,-3.5285792350769043
3.416142225265503,2.308952569961548,-2.9332358837127686
3.0844786167144775,2.7563869953155518,-2.360886812210083
2.8294827938079834,2.9245858192443848,-1.799101710319519
2.629002094268799,2.9803991317749023,-1.236606240272522
2.454130172729492,3.100847005844116,-0.6788375377655029
2.324990749359131,3.340820550918579,-0.044404756277799606
2.2415683269500732,3.7824761867523193,0.6372499465942383
2.092545747756958,4.425122261047363,1.2673895359039307
1.7971618175506592,5.194681644439697,1.8667179346084595
1.3412911891937256,6.024636268615723,2.4892587661743164
0.8042043447494507,6.931877136230469,3.1587886810302734
0.23020502924919128,7.882476806640625,3.864802360534668
-0.3425633907318115,8.73714542388916,4.532413482666016
-0.876785933971405,9.369810104370117,5.135883808135986
-1.3208870887756348,9.774511337280273,5.689076900482178
-1.6443665027618408,9.86463737487793,6.223801136016846
-1.8269048929214478,9.384160995483398,6.650850772857666
-1.9048699140548706,8.5075044631958,6.9027838706970215
-1.9922059774398804,7.688876628875732,6.994612216949463
-2.2875349521636963,7.317311763763428,6.930262088775635
-2.885542154312134,7.447925090789795,6.709330081939697
-3.6777102947235107,7.836398601531982,6.306873321533203
-4.424504280090332,8.104365348815918,5.668895721435547
-4.966937065124512,8.028087615966797,4.782354354858398
-5.230844497680664,7.43004846572876,3.7035598754882812
-5.149023532867432,6.374298572540283,2.6094305515289307
-4.685974597930908,5.024627208709717,1.7361114025115967
-3.9670910835266113,3.5986170768737793,1.1704847812652588
-3.2035577297210693,2.330434799194336,0.8755820393562317
-2.5199027061462402,1.436271071434021,0.7079949378967285
-1.9436426162719727,0.9853523969650269,0.5966766476631165
-1.451236367225647,0.8680459260940552,0.4792513847351074
-1.0545425415039062,0.9625963568687439,0.31734371185302734
-0.8048476576805115,1.159005045890808,0.13165797293186188
-0.7213466763496399,1.331325650215149,-0.03771880641579628
-0.7181397080421448,1.4519264698028564,-0.1501104086637497
-0.7560117244720459,1.468934416770935,-0.18517224490642548
-0.7771725654602051,1.3409029245376587,-0.15629951655864716
-0.7220909595489502,1.061737060546875,-0.08891594409942627
-0.5943012237548828,0.7206824421882629,-0.020011356100440025
-0.42064207792282104,0.3907274603843689,0.03202468156814575
-0.24371187388896942,0.1449972689151764,0.08379577845335007
-0.11932387948036194,0.020122185349464417,0.11918652802705765
-0.08245617896318436,-0.009959260001778603,0.10970805585384369
-0.10622888803482056,0.05860701948404312,0.06404948979616165
-0.16369260847568512,0.15289759635925293,0.008202965371310711
-0.233170747756958,0.2536950409412384,-0.05586203560233116
-0.30373790860176086,0.3616451621055603,-0.1122371032834053
-0.33615124225616455,0.40023913979530334,-0.1466427594423294
-0.3320781886577606,0.35070541501045227,-0.15357017517089844
-0.2745416760444641,0.2279786914587021,-0.1522364616394043
-0.19452138245105743,0.10399865359067917,-0.1676851063966751
-0.12182454764842987,0.0316658616065979,-0.19761531054973602
-0.0673251822590828,0.004242751747369766,-0.2296302616596222
-0.03498987853527069,0.018672026693820953,-0.26855558156967163
-0.046409815549850464,0.03211755305528641,-0.3255762457847595
-0.09391022473573685,0.039740853011608124,-0.3972235321998596
-0.16330939531326294,0.0735577791929245,-0.4814136326313019
-0.24904826283454895,0.14719365537166595,-0.5414828062057495
-0.34003767371177673,0.21898700296878815,-0.5773035287857056
-0.42987993359565735,0.2726113498210907,-0.5933956503868103
-0.5179915428161621,0.303087443113327,-0.5783538222312927
-0.5929526090621948,0.2721753418445587,-0.5372601747512817
-0.6297204494476318,0.21946987509727478,-0.5052751898765564
-0.6507415771484375,0.22150133550167084,-0.49026399850845337
-0.6811534762382507,0.25726157426834106,-0.4935680329799652
-0.7265419960021973,0.32009220123291016,-0.5149409770965576
-0.7732988595962524,0.42987996339797974,-0.5524026155471802
-0.8105050921440125,0.5457080602645874,-0.5994359254837036
-0.8240811228752136,0.5633630752563477,-0.6200486421585083
-0.8148295283317566,0.5602370500564575,-0.633746325969696
-0.8435266017913818,0.5871089696884155,-0.6768462657928467
-0.9469068050384521,0.6645028591156006,-0.7561788558959961
-1.1920561790466309,0.8976396322250366,-0.8383749723434448
-1.574005365371704,1.2220747470855713,-0.8965884447097778
-1.9222347736358643,1.4570826292037964,-0.8993309140205383
-2.1560957431793213,1.3824070692062378,-0.830772340297699
-2.2272417545318604,1.2020543813705444,-0.7586780190467834
-2.1557040214538574,1.0729299783706665,-0.7908892035484314
-2.0568902492523193,0.9297683238983154,-0.9172161817550659
-2.021641969680786,0.7775118947029114,-1.0861855745315552
-2.0473737716674805,0.7654719352722168,-1.2608870267868042
-2.129734516143799,1.0159451961517334,-1.3768916130065918
-2.2189247608184814,1.0427101850509644,-1.3503319025039673
-2.2779526710510254,0.7874877452850342,-1.2514628171920776
-2.2275941371917725,0.33696115016937256,-1.1339291334152222
-1.949819803237915,-0.05129871517419815,-1.0178238153457642
-1.449927806854248,-0.2226579189300537,-0.9088914394378662
-0.7503731846809387,-0.13366971909999847,-0.7393767237663269
-0.07693317532539368,0.32054582238197327,-0.5231299996376038
0.3645012080669403,1.0365327596664429,-0.6823718547821045
0.711500883102417,1.7021090984344482,-0.9783702492713928
0.7504671812057495,1.9058794975280762,-0.8794660568237305
0.5896928310394287,1.704687476158142,-0.6225557327270508
0.45542022585868835,1.4459855556488037,-0.5200490951538086
0.4072570502758026,1.0652364492416382,-0.4370471239089966
0.42736443877220154,0.9023352861404419,-0.3962051272392273
0.4974845051765442,0.9785177707672119,-0.5004763007164001
0.5486994981765747,1.1603031158447266,-0.6982791423797607
0.49610933661460876,1.3655871152877808,-0.9884263873100281
0.29882076382637024,1.6792597770690918,-1.28924560546875
-0.05749398469924927,1.924403190612793,-1.4459059238433838
-0.5254369378089905,1.9509458541870117,-1.4643193483352661
-1.029211401939392,1.762206792831421,-1.3246182203292847
-1.3749043941497803,1.7350281476974487,-1.111504077911377
-1.4830307960510254,1.899879813194275,-0.9242101907730103
-1.419554352760315,2.0255343914031982,-0.7165156006813049
-1.2335237264633179,2.0229084491729736,-0.4024123251438141
-0.9030994772911072,2.1301097869873047,-0.007748081348836422
-0.45727622509002686,3.187250852584839,0.25956764817237854
0.06116589158773422,4.396945953369141,0.4682407081127167
0.49281448125839233,3.9285526275634766,0.6032452583312988
1.1216968297958374,3.771602153778076,0.5678569078445435
1.7101211547851562,4.072726249694824,0.525215744972229
1.8370634317398071,3.9298694133758545,0.5202012658119202
1.6071702241897583,3.532458782196045,0.5727647542953491
1.186330795288086,3.3821358680725098,0.6433960199356079
0.7202345132827759,3.5767438411712646,0.6958049535751343
0.34565210342407227,3.9129714965820312,0.6752605438232422
0.15921160578727722,4.165383815765381,0.5674356818199158
0.23772692680358887,4.187601089477539,0.36700963973999023
0.5575883388519287,4.215114116668701,0.14851513504981995
0.7878577709197998,4.249392986297607,0.03246442228555679
0.7636863589286804,4.288059711456299,-0.004100450314581394
0.6241345405578613,4.467136859893799,-0.028381820768117905
0.49661070108413696,4.751609802246094,-0.056610725820064545
0.3805466890335083,5.017868518829346,-0.07108953595161438
0.3040812909603119,5.228869915008545,-0.08969122171401978
0.27575990557670593,5.455958366394043,-0.15445290505886078
0.2878302037715912,5.837756633758545,-0.19685354828834534
0.2704179286956787,6.29819393157959,-0.21774499118328094
0.2297651767730713,6.94883394241333,-0.23637808859348297
0.5786983966827393,5.027405738830566,-0.22418853640556335
1.4351574182510376,0.34127864241600037,-0.4170694947242737
1.1981995105743408,-1.0678852796554565,-0.5964344143867493
0.19318602979183197,0.019649269059300423,-0.5163098573684692
-0.9586002230644226,0.9101935625076294,-0.17228934168815613
-1.8761805295944214,1.5022919178009033,0.0005182840395718813
-2.5116047859191895,2.332642078399658,-0.15997764468193054
-2.8952603340148926,3.341750144958496,-0.48327913880348206
-3.020874500274658,4.066798686981201,-0.8816180229187012
-2.899538040161133,4.57449197769165,-1.3054267168045044
-2.602487325668335,4.925325393676758,-1.668073058128357
-2.164381742477417,5.156087398529053,-1.9745930433273315
-1.4904481172561646,4.826380252838135,-2.2605159282684326
-0.4425900876522064,4.225214004516602,-2.3150360584259033
0.6646468043327332,3.751711845397949,-2.00396466255188
1.5077378749847412,3.355562686920166,-1.4658020734786987
1.9706979990005493,2.8197784423828125,-0.8203902840614319
2.0421340465545654,2.3678712844848633,-0.20611527562141418
1.838844895362854,2.1532175540924072,0.3339112102985382
1.5365335941314697,2.087817668914795,0.8693419098854065
1.2769817113876343,1.8158420324325562,1.3521170616149902
0.9572998881340027,1.7773090600967407,1.7747942209243774
0.603625476360321,1.8514289855957031,2.1012072563171387
0.21656771004199982,2.1530532836914062,2.38517689704895
-0.1999077945947647,2.5954174995422363,2.622340440750122
-0.5963947772979736,3.181777238845825,2.835054636001587
-0.8260082602500916,3.3341267108917236,2.931253433227539
-1.0587241649627686,2.05483341217041,2.7199201583862305
-1.3235491514205933,0.6553300619125366,2.4210586547851562
-1.561572551727295,-0.15467023849487305,2.2249557971954346
-1.6992970705032349,-0.4633511006832123,2.107980489730835
-1.7179086208343506,-0.4141479432582855,2.067786455154419
-1.6884844303131104,-0.37583303451538086,2.074070453643799
-1.5901979207992554,-0.369909405708313,2.0340216159820557
-1.4188146591186523,-0.20748372375965118,1.968017339706421
-1.2164530754089355,0.004378587007522583,1.8320316076278687
-1.0470798015594482,0.17317984998226166,1.5958555936813354
-0.9617907404899597,0.21834352612495422,1.3029729127883911
-0.9769614338874817,0.17021328210830688,0.9493176341056824
-1.0355504751205444,0.2820363938808441,0.5919116735458374
-1.107383370399475,0.6238163709640503,0.27429133653640747
-1.1960610151290894,1.1045387983322144,-0.06022699922323227
-1.2989439964294434,1.7724215984344482,-0.4427400231361389
-1.3546725511550903,2.7697465419769287,-0.8365113735198975
-1.335550308227539,4.1622443199157715,-1.1036938428878784
-1.3002840280532837,5.644827365875244,-1.1316946744918823
-1.313920497894287,7.153670787811279,-0.8812840580940247
-1.4032471179962158,8.68204402923584,-0.4363880753517151
-1.5761743783950806,10.589025497436523,0.11253443360328674
1.346581220626831,6.544652462005615,0.9899060726165771
4.5919508934021,2.7063817977905273,1.8390538692474365
4.590939521789551,3.095515251159668,1.314069390296936
3.525333881378174,3.986341953277588,0.6002940535545349
2.6909258365631104,3.4219861030578613,0.15256166458129883
1.8996793031692505,2.0691277980804443,-0.21997861564159393
1.0144846439361572,1.286624550819397,-0.653253436088562
0.26089948415756226,0.7554765343666077,-0.9388684034347534
-0.3913097381591797,0.3446010947227478,-0.9903225302696228
-0.9452477693557739,0.18692678213119507,-0.8644663095474243
-1.302748441696167,0.14070451259613037,-0.6214151382446289
-1.469957947731018,0.06255298107862473,-0.37171661853790283
-1.4998058080673218,-0.009967396035790443,-0.18824602663516998
-1.4181064367294312,0.013651380315423012,-0.09167873859405518
-1.252320408821106,0.10556721687316895,-0.050964873284101486
-1.0554792881011963,0.23380079865455627,-0.05279446765780449
-0.8698304295539856,0.39438745379447937,-0.07383894920349121
-0.710711658000946,0.5324249863624573,-0.09873470664024353
-0.5997412204742432,0.5954393148422241,-0.10962485522031784
-0.5331427454948425,0.5726698040962219,-0.11813578754663467
-0.49079158902168274,0.5551586151123047,-0.10676555335521698
-0.41471385955810547,0.5000564455986023,-0.24841803312301636
-0.33490806818008423,0.304779976606369,-0.4015333652496338
-0.3518231213092804,0.22330695390701294,-0.40031737089157104
-0.4037729799747467,0.17312870919704437,-0.3413325846195221
-0.4329037070274353,0.13048377633094788,-0.2958495020866394
-0.4276127815246582,0.10109072923660278,-0.26181456446647644
-0.3875627815723419,0.1025860384106636,-0.21926969289779663
-0.3519311249256134,0.10611468553543091,-0.16516220569610596
-0.30300992727279663,0.08473509550094604,-0.11466600745916367
-0.23704662919044495,0.07236418128013611,-0.07115847617387772
-0.16679643094539642,0.0802583172917366,-0.038243405520915985
-0.10446858406066895,0.1045340821146965,-0.018183670938014984
-0.05618307739496231,0.1281384825706482,-0.007771511096507311
-0.024227695539593697,0.15135487914085388,-0.00964961014688015
-0.002792978659272194,0.12887674570083618,-0.021970191970467567
0.004549739882349968,0.08765499293804169,-0.01566619798541069
-0.012941102497279644,0.06357923150062561,0.016790278255939484
-0.04929838329553604,0.035522498190402985,0.055006157606840134
-0.07053788751363754,0.03063107281923294,0.08317174762487411
-0.07335495203733444,0.03433138132095337,0.09307858347892761
-0.053407613188028336,0.04240688681602478,0.08751817047595978
-0.021147428080439568,0.06162480264902115,0.07442232966423035
0.0016569525469094515,0.09192811697721481,0.0500434935092926
0.026260869577527046,0.09616731107234955,0.04223565012216568
0.04957391321659088,0.10001690685749054,0.04377894848585129
0.06977925449609756,0.10901789367198944,0.05077372491359711
0.09594374895095825,0.1261793076992035,0.05737090855836868
0.126346617937088,0.1549241989850998,0.05116087570786476
0.17048504948616028,0.18092863261699677,0.038429632782936096
0.21484842896461487,0.20934584736824036,0.02809075266122818
0.24348939955234528,0.22755759954452515,0.026853980496525764
0.2413075715303421,0.24462518095970154,0.02258955128490925
0.2321590930223465,0.24438095092773438,0.023036163300275803
0.20337003469467163,0.22557348012924194,0.02428411692380905
0.16837157309055328,0.1907270848751068,0.02751852571964264
0.12882323563098907,0.15788348019123077,0.030433522537350655
0.09014295041561127,0.13083374500274658,0.03582455962896347
0.0545116551220417,0.11177358031272888,0.040709249675273895
0.026500260457396507,0.10864090919494629,0.046606287360191345
0.009861004538834095,0.10144580155611038,0.052499108016490936
0.003981810063123703,0.09801112115383148,0.0557769276201725
0.00667386781424284,0.11482486873865128,0.055570632219314575
0.007317021489143372,0.13765907287597656,0.06532126665115356
0.00980727095156908,0.15652255713939667,0.07287875562906265
0.013870189897716045,0.16535599529743195,0.07473045587539673
0.027491480112075806,0.16533973813056946,0.08045092970132828
0.04272156208753586,0.15114270150661469,0.0815497487783432
0.06730727851390839,0.1389983594417572,0.08308511972427368
0.09403396397829056,0.1341724395751953,0.08546438813209534
0.12159691751003265,0.12230892479419708,0.08628138154745102
0.15778209269046783,0.11035452783107758,0.08664916455745697
0.19175253808498383,0.09399464726448059,0.08179055899381638
0.23027463257312775,0.0786236822605133,0.08001929521560669
0.25323423743247986,0.08411888033151627,0.07664957642555237
0.26327088475227356,0.09828503429889679,0.0759371817111969
0.2804582417011261,0.10354894399642944,0.0889047384262085
0.3010345995426178,0.1048315241932869,0.09616478532552719
0.32127439975738525,0.11242708563804626,0.10589945316314697
0.34462741017341614,0.11158952116966248,0.11770817637443542
0.37994709610939026,0.1078336089849472,0.1285955160856247
0.40756887197494507,0.11090822517871857,0.14690767228603363
0.4254567325115204,0.12483250349760056,0.16892701387405396
0.4267646074295044,0.13682737946510315,0.1893065869808197
0.42290788888931274,0.1529960185289383,0.20956839621067047
0.41669392585754395,0.16425320506095886,0.21847879886627197
0.406608521938324,0.17243404686450958,0.21459098160266876
0.38050955533981323,0.1802099496126175,0.19581037759780884
0.3449574410915375,0.171156108379364,0.17909066379070282
0.31532952189445496,0.14855092763900757,0.15948207676410675
0.2886750400066376,0.1278952658176422,0.13796979188919067
0.26065993309020996,0.11938513815402985,0.11580856889486313
0.20865584909915924,0.1103024035692215,0.08364797383546829
0.13556912541389465,0.09674425423145294,0.054474640637636185
0.04434068500995636,0.07995834946632385,0.03748500347137451
-0.0425231046974659,0.063816137611866,0.025525545701384544
-0.1259998083114624,0.041574664413928986,0.024142121896147728
-0.19601191580295563,0.017907680943608284,0.031647175550460815
-0.24902968108654022,0.0024561043828725815,0.03651348501443863
-0.2768266797065735,-0.018807372078299522,0.03298000246286392
-0.29700973629951477,-0.023032743483781815,0.03268039599061012
-0.3048607110977173,-0.014212354086339474,0.02633967436850071
-0.3173972964286804,0.0038691777735948563,0.02267143502831459
-0.3166414797306061,0.029394246637821198,0.014376223087310791
-0.3135747015476227,0.05040416121482849,0.01081934105604887
-0.3131456673145294,0.07128334045410156,0.015132330358028412
-0.31353890895843506,0.08558854460716248,0.032157883048057556
-0.325279176235199,0.0922112911939621,0.057788945734500885
-0.33155983686447144,0.09653015434741974,0.08483384549617767
-0.3411000967025757,0.09533119946718216,0.11070858687162399
-0.3460422158241272,0.0920640081167221,0.13368450105190277
-0.3440994322299957,0.0882495567202568,0.14743946492671967
-0.3271740674972534,0.09660770744085312,0.15329648554325104
-0.31352296471595764,0.10323498398065567,0.15022186934947968
-0.2994845509529114,0.10071806609630585,0.1437239646911621
-0.2778884470462799,0.09110379219055176,0.1404125988483429
-0.25615817308425903,0.08720734715461731,0.14520840346813202
-0.23717434704303741,0.08903161436319351,0.15228548645973206
-0.22558440268039703,0.08727739751338959,0.1600717455148697
-0.22016140818595886,0.08442062139511108,0.16896963119506836
-0.21703879535198212,0.0781441479921341,0.17017890512943268
-0.213762566447258,0.07643041014671326,0.16502143442630768
-0.1991664320230484,0.06845314800739288,0.1519666612148285
-0.17461660504341125,0.059917718172073364,0.12939025461673737
-0.14279228448867798,0.04068737477064133,0.09735176712274551
-0.10898586362600327,0.007402392104268074,0.06591901183128357
-0.06954716145992279,-0.025620633736252785,0.03494817018508911
-0.03146156668663025,-0.06571318954229355,0.012787740677595139
0.014809230342507362,-0.11026692390441895,-0.0009615044109523296
0.0740475207567215,-0.16365665197372437,-0.003001751843839884
0.16338713467121124,-0.2294795960187912,0.007782691158354282
0.26901501417160034,-0.28267890214920044,0.025394175201654434
0.38861462473869324,-0.31483590602874756,0.04779926687479019
0.514255166053772,-0.3264121413230896,0.07927890121936798
0.6319468021392822,-0.31906577944755554,0.11831944435834885
0.7303298711776733,-0.28339114785194397,0.1462826430797577
0.798332154750824,-0.21388903260231018,0.16462142765522003
0.8106215596199036,-0.12564440071582794,0.15060095489025116
0.7634694576263428,-0.033591292798519135,0.10767704993486404
0.649133026599884,0.05375666171312332,0.05296054482460022
0.46139928698539734,0.15026609599590302,-0.009989076294004917
0.20535656809806824,0.2404383271932602,-0.07049902528524399
-0.07929088920354843,0.2918039560317993,-0.13966597616672516
-0.3847232460975647,0.29785650968551636,-0.1953558772802353
-0.6487578749656677,0.23236152529716492,-0.22527983784675598
-0.8405570983886719,0.13837352395057678,-0.25044190883636475
-0.9596982598304749,0.030566249042749405,-0.26553449034690857
-0.98732590675354,-0.08757317066192627,-0.270927369594574
-0.9298725128173828,-0.19377386569976807,-0.263704389333725
-0.7927133440971375,-0.26667308807373047,-0.250556617975235
-0.583055853843689,-0.2979998290538788,-0.22629505395889282
-0.3233444392681122,-0.2828134000301361,-0.19639094173908234
-0.015785567462444305,-0.24103955924510956,-0.15149803459644318
0.3002975583076477,-0.17863211035728455,-0.09855999797582626
0.5829045176506042,-0.1180640459060669,-0.04010526463389397
0.7921890616416931,-0.06237148866057396,0.02210378088057041
0.9290019273757935,-0.014936588704586029,0.08001206070184708
0.9929034113883972,0.030356857925653458,0.13154156506061554
0.9832866191864014,0.063128761947155,0.17277944087982178
0.9014436602592468,0.09714371711015701,0.1830616444349289
0.7450267672538757,0.11933502554893494,0.16109779477119446
0.5438007116317749,0.13060471415519714,0.10567846894264221
0.3147563636302948,0.1266951709985733,0.024990566074848175
0.07845304161310196,0.1209198385477066,-0.05265070125460625
-0.14108438789844513,0.1118583157658577,-0.1249878853559494
-0.31806424260139465,0.08680622279644012,-0.17131011188030243
-0.44000786542892456,0.056717731058597565,-0.2062850445508957
-0.5152698755264282,0.03876909613609314,-0.22856318950653076
-0.5490197539329529,0.026730326935648918,-0.24108488857746124
-0.5429320335388184,0.033414326608181,-0.2580992877483368
-0.5202956795692444,0.03680825233459473,-0.27820321917533875
-0.47875329852104187,0.017910724505782127,-0.29074031114578247
-0.42365652322769165,0.004603199660778046,-0.2983630895614624
-0.3589068353176117,-0.009760560467839241,-0.30929163098335266
-0.28300046920776367,-0.02428703010082245,-0.30909886956214905
-0.19925764203071594,-0.02832385152578354,-0.2904636561870575
-0.11009173095226288,-0.02420269325375557,-0.26576247811317444
-0.015763629227876663,-0.01427549496293068,-0.22444432973861694
0.08030819892883301,-0.005552607588469982,-0.1776144802570343
0.1730264127254486,0.007258262485265732,-0.1279236227273941
0.25320494174957275,0.026014287024736404,-0.09414985775947571
0.31072524189949036,0.047981634736061096,-0.06876806169748306
0.35428375005722046,0.06831769645214081,-0.05956168472766876
0.36722856760025024,0.08673691749572754,-0.04953994229435921
0.3560878038406372,0.10697969794273376,-0.04200565814971924
0.3196224570274353,0.11491832137107849,-0.0302794948220253
0.26491808891296387,0.12266065180301666,-0.0275681521743536
0.20709581673145294,0.12967967987060547,-0.04164242744445801
0.15018007159233093,0.11551858484745026,-0.060882970690727234
0.0945809930562973,0.10185417532920837,-0.08836545795202255
0.04070582613348961,0.09678424894809723,-0.1096632108092308
-0.006461684592068195,0.08187773823738098,-0.1252802610397339
-0.04345561936497688,0.054195746779441833,-0.13464711606502533
-0.06950266659259796,0.019378917291760445,-0.13371793925762177
-0.06788109242916107,-0.00862647034227848,-0.12709373235702515
-0.053650226444005966,-0.03483863174915314,-0.11331240087747574
-0.03822652995586395,-0.05356704443693161,-0.09869138151407242
-0.02009439654648304,-0.04016442224383354,-0.089652881026268
-0.005581950303167105,-0.019924217835068703,-0.08994414657354355
0.0058555277064442635,-0.009007122367620468,-0.09994857758283615
0.006533668842166662,-0.007669244892895222,-0.1165815219283104
-0.011406449601054192,-0.01977890357375145,-0.1334467977285385
-0.026700882241129875,-0.046459879726171494,-0.14589163661003113
-0.04099619761109352,-0.0764412134885788,-0.14737288653850555
-0.047222837805747986,-0.09446771442890167,-0.14138495922088623
-0.03822135180234909,-0.10080630332231522,-0.1308814436197281
-0.010420676320791245,-0.10683952271938324,-0.12355418503284454
0.02481081336736679,-0.10000026226043701,-0.11779323220252991
0.05748264864087105,-0.08708024024963379,-0.10868464410305023
0.08932100236415863,-0.07383314520120621,-0.10222408175468445
0.11649956554174423,-0.0711456760764122,-0.0931457057595253
0.13842883706092834,-0.0668603852391243,-0.08269946277141571
0.16233377158641815,-0.08250205218791962,-0.08425118774175644
0.18564975261688232,-0.08801799267530441,-0.08728985488414764
0.22138002514839172,-0.06437389552593231,-0.1068374514579773
0.255877822637558,-0.05397745221853256,-0.13188262283802032
0.26491671800613403,-0.06264406442642212,-0.14784863591194153
0.24188518524169922,-0.0684359073638916,-0.14403259754180908
0.19900335371494293,-0.08044128119945526,-0.12756270170211792
0.1573251485824585,-0.1055450364947319,-0.10350771248340607
0.1362951248884201,-0.12992364168167114,-0.07133269309997559
0.11721836030483246,-0.15115249156951904,-0.04035159945487976
0.10206208378076553,-0.16008932888507843,-0.009349136613309383
0.0816311165690422,-0.16566865146160126,0.0013676893431693316
0.060741208493709564,-0.17177987098693848,-0.003877888899296522
0.034691497683525085,-0.17742469906806946,-0.014037314802408218
0.011602944694459438,-0.18044601380825043,-0.018081659451127052
-0.0106781255453825,-0.16621488332748413,-0.016819586977362633
-0.039309460669755936,-0.1459343135356903,-0.009136957116425037
-0.07232333719730377,-0.1256285011768341,-0.00021430198103189468
-0.10346288979053497,-0.09346376359462738,0.003831702284514904
-0.1345909833908081,-0.061720751225948334,0.006832019425928593
-0.16080741584300995,-0.045488253235816956,0.005085518583655357
-0.17306220531463623,-0.03757786378264427,0.010717038996517658
-0.1719488501548767,-0.032413870096206665,0.02240416407585144
-0.1622120589017868,-0.0194418765604496,0.04046598821878433
-0.1325715035200119,-0.006395176984369755,0.061068095266819
-0.1041630357503891,0.02255364879965782,0.07460840791463852
-0.06228252127766609,0.05074050650000572,0.08644194155931473
-0.01846260391175747,0.07887893915176392,0.08970005065202713
0.024229731410741806,0.11684921383857727,0.08327837288379669
0.053829703480005264,0.13806554675102234,0.07474826276302338
0.08580579608678818,0.14690163731575012,0.06597981601953506
0.11165230721235275,0.1482371985912323,0.052985724061727524
0.13880138099193573,0.14069989323616028,0.048515673726797104
0.16221962869167328,0.13855203986167908,0.03152737021446228
0.17659834027290344,0.11936087906360626,0.01215541735291481
0.19526256620883942,0.09140460938215256,0.0031435471028089523
0.21357879042625427,0.07676753401756287,-0.0044794040732085705
0.23192238807678223,0.05886843055486679,-0.014605540782213211
0.24371518194675446,0.03414330631494522,-0.017006034031510353
0.24656902253627777,0.02528563141822815,-0.024892719462513924
0.241668701171875,0.026292573660612106,-0.033386364579200745
0.23003041744232178,0.04543271288275719,-0.05392732471227646
0.20848076045513153,0.044297173619270325,-0.07285977900028229
0.1673077642917633,0.03863129764795303,-0.09709188342094421
0.12907764315605164,0.018814625218510628,-0.10668449103832245
0.08355835825204849,-0.002890937961637974,-0.10518726706504822
0.043124035000801086,-0.027925631031394005,-0.09557174146175385
-0.002698579803109169,-0.05888301134109497,-0.08582963794469833
-0.03716825321316719,-0.07790426909923553,-0.06994344294071198
-0.06596634536981583,-0.08567724376916885,-0.0495779812335968
-0.07909449934959412,-0.07827941328287125,-0.028537772595882416
-0.07083017379045486,-0.06344933807849884,-0.0026622312143445015
-0.047407884150743484,-0.035621896386146545,0.013578735291957855
-0.022456998005509377,-0.0026791291311383247,0.018033672124147415
-0.0020508388988673687,0.02472618967294693,0.029875606298446655
0.006199367810040712,0.044547297060489655,0.042028941214084625
0.00396118126809597,0.0365968756377697,0.04667413979768753
-0.001571269123815,0.005516188219189644,0.0383022278547287
-0.02444228157401085,-0.032374802976846695,0.020749123767018318
-0.0457070916891098,-0.08618450164794922,-0.0047088321298360825
-0.06997905671596527,-0.15992112457752228,-0.05577246472239494
-0.10975150763988495,-0.2439446598291397,-0.12799233198165894
-0.1631810963153839,-0.33267074823379517,-0.20092065632343292
-0.22392141819000244,-0.43631646037101746,-0.2586590647697449
-0.2678290605545044,-0.5180405974388123,-0.29745036363601685
-0.2862038016319275,-0.5594738125801086,-0.344247430562973
-0.21396055817604065,-0.5806500315666199,-0.3692326247692108
-0.05618637427687645,-0.5924156308174133,-0.37013354897499084
0.16948860883712769,-0.5570968985557556,-0.3461790680885315
0.43096601963043213,-0.44529688358306885,-0.3021133542060852
0.6792774200439453,-0.24082021415233612,-0.25156542658805847
0.8504102826118469,0.017378849908709526,-0.20096591114997864
0.9087697863578796,0.2524524927139282,-0.16286607086658478
0.8410202860832214,0.38685449957847595,-0.14547429978847504
0.6715075373649597,0.4006495177745819,-0.1659303903579712
0.45043349266052246,0.31306105852127075,-0.18422549962997437
0.21346478164196014,0.15137244760990143,-0.19323115050792694
-0.00643961364403367,-0.031288981437683105,-0.19198159873485565
-0.17127439379692078,-0.1685650646686554,-0.1823854297399521
-0.2641814351081848,-0.23081457614898682,-0.16617849469184875
-0.2986259460449219,-0.23761482536792755,-0.1459633857011795
-0.2928660809993744,-0.21410951018333435,-0.13753341138362885
-0.28969794511795044,-0.16812792420387268,-0.12934283912181854
-0.30121931433677673,-0.11516378074884415,-0.11177024245262146
-0.32320111989974976,-0.08461673557758331,-0.08278442174196243
-0.3368349075317383,-0.08230963349342346,-0.06532686948776245
-0.32353582978248596,-0.11028847843408585,-0.05425402522087097
-0.29271239042282104,-0.15904510021209717,-0.042492978274822235
-0.24232853949069977,-0.20066194236278534,-0.026711737737059593
-0.1786843240261078,-0.22061221301555634,-0.004838930908590555
-0.11005549132823944,-0.22529560327529907,-0.0003995131701231003
-0.04706667736172676,-0.23912779986858368,-0.0032304534688591957
0.009507745504379272,-0.24362370371818542,-0.012320131063461304
0.06045082211494446,-0.23665447533130646,-0.01368793100118637
0.12138283252716064,-0.21418747305870056,-0.016513559967279434
0.18355964124202728,-0.17909952998161316,-0.021255051717162132
0.24417482316493988,-0.1336163580417633,-0.02894825115799904
0.31622666120529175,-0.09101057052612305,-0.04063446819782257
0.37405839562416077,-0.05108609050512314,-0.0585031732916832
0.42340224981307983,-0.019428294152021408,-0.07249249517917633
0.4565521478652954,0.01309417188167572,-0.08211471140384674
0.48570898175239563,0.04015801101922989,-0.09262833744287491
0.5069777369499207,0.055624742060899734,-0.10154447704553604
0.5224078297615051,0.05278954282402992,-0.1021447479724884
0.5370534658432007,0.03476116061210632,-0.10221576690673828
0.5491109490394592,0.0060869064182043076,-0.09416529536247253
0.5551167726516724,-0.022449631243944168,-0.08182797580957413
0.5460108518600464,-0.044572245329618454,-0.07755865901708603
0.5350459218025208,-0.07104401290416718,-0.07670170068740845
0.5223386287689209,-0.1309957653284073,-0.08441474288702011
0.49799224734306335,-0.19874949753284454,-0.09932898730039597
0.4704088270664215,-0.25056663155555725,-0.13157162070274353
0.4375842809677124,-0.274913489818573,-0.17515771090984344
0.40576350688934326,-0.2705693542957306,-0.23478056490421295
0.37978222966194153,-0.26050034165382385,-0.2987692356109619
0.3568772077560425,-0.24471019208431244,-0.360135942697525
0.34698253870010376,-0.22501814365386963,-0.40048879384994507
0.33744335174560547,-0.19390016794204712,-0.41555511951446533
0.335274338722229,-0.16741341352462769,-0.40918993949890137
0.32212018966674805,-0.1440873146057129,-0.38662952184677124
0.29071852564811707,-0.12345138192176819,-0.36202895641326904
0.2513522207736969,-0.1098996251821518,-0.3531254529953003
0.20618726313114166,-0.10522828251123428,-0.373563289642334
0.17312252521514893,-0.10333051532506943,-0.40307721495628357
0.15236634016036987,-0.08025193214416504,-0.4326496422290802
0.13599881529808044,-0.04284357279539108,-0.4627457559108734
0.1216067522764206,0.006093021482229233,-0.48152366280555725
0.09552562236785889,0.05278675630688667,-0.4869745969772339
0.05758000910282135,0.07338467240333557,-0.48098140954971313
0.015829099342226982,0.07925160974264145,-0.4781677722930908
-0.02541871927678585,0.08141738176345825,-0.46411752700805664
-0.056074634194374084,0.08835971355438232,-0.42907431721687317
-0.07908746600151062,0.08975383639335632,-0.3853401243686676
-0.09498733282089233,0.07400523126125336,-0.34597620368003845
-0.11976143717765808,0.03120626136660576,-0.3154065012931824
-0.14358368515968323,-0.011555584147572517,-0.29258108139038086
-0.16171503067016602,-0.04331043362617493,-0.27091503143310547
-0.16098825633525848,-0.04123929142951965,-0.24888963997364044
-0.14794522523880005,-0.01707596704363823,-0.23889394104480743
-0.1173713356256485,0.011907747015357018,-0.2438410371541977
-0.07446583360433578,0.02571893110871315,-0.2561587393283844
-0.041498828679323196,0.008730093017220497,-0.2656361162662506
-0.0081941531971097,-0.026806049048900604,-0.26716023683547974
0.03836243227124214,-0.050406984984874725,-0.25855690240859985
0.08638844639062881,-0.050213538110256195,-0.24188640713691711
0.13301986455917358,-0.0405539870262146,-0.21564574539661407
0.16584128141403198,-0.024964194744825363,-0.19585677981376648
0.17836053669452667,-0.022251766175031662,-0.1883905977010727
0.16424915194511414,-0.020776554942131042,-0.19308558106422424
0.13348564505577087,-0.005739281885325909,-0.1950525939464569
0.0896235927939415,0.013866577297449112,-0.19810478389263153
0.036005642265081406,-0.005218700505793095,-0.19902198016643524
-0.012680290266871452,-0.04142235219478607,-0.19321459531784058
-0.0667768120765686,-0.12459367513656616,-0.20394474267959595
-0.11165472865104675,-0.23591375350952148,-0.21308527886867523
-0.1213236004114151,-0.30723851919174194,-0.21051187813282013
-0.10424081236124039,-0.31930842995643616,-0.20466098189353943
-0.06896857917308807,-0.2948606312274933,-0.18847402930259705
-0.030716821551322937,-0.23289364576339722,-0.16722866892814636
-0.003922492265701294,-0.1616940200328827,-0.15868604183197021
0.007172735873609781,-0.11622293293476105,-0.15437360107898712
0.010330179706215858,-0.0844106674194336,-0.15306785702705383
0.010356811806559563,-0.07548481971025467,-0.15936623513698578
-0.011605745181441307,-0.1213202178478241,-0.16204111278057098
-0.04783078655600548,-0.17306005954742432,-0.16845378279685974
-0.09277376532554626,-0.1996477246284485,-0.1747920960187912
-0.1190173551440239,-0.19300606846809387,-0.18353179097175598
-0.1292116641998291,-0.1565987914800644,-0.19582441449165344
-0.11759863793849945,-0.08835464715957642,-0.2085041105747223
-0.08258526027202606,0.011765820905566216,-0.22249822318553925
-0.03369585797190666,0.12090771645307541,-0.22137247025966644
0.014401895925402641,0.20945170521736145,-0.20396071672439575
0.03790125995874405,0.24278125166893005,-0.1801031529903412
0.030724575743079185,0.21002197265625,-0.14437071979045868
-0.0016180591192096472,0.14616286754608154,-0.11674472689628601
-0.05817347764968872,0.0867789015173912,-0.09635955840349197
-0.12063232064247131,0.03837297856807709,-0.0839851126074791
-0.17271175980567932,0.01979104056954384,-0.09221161901950836
-0.21010436117649078,0.02027278020977974,-0.10433005541563034
-0.21678782999515533,0.03975912928581238,-0.12689581513404846
-0.20641636848449707,0.06405870616436005,-0.14820893108844757
-0.18895401060581207,0.08334451913833618,-0.17381496727466583
-0.16419535875320435,0.08947251737117767,-0.19121424853801727
-0.12925361096858978,0.08977291733026505,-0.2092536985874176
-0.08896167576313019,0.10359734296798706,-0.21332323551177979
-0.04512311518192291,0.15513989329338074,-0.1963314712047577
0.0016047076787799597,0.25279855728149414,-0.162238210439682
0.03131147101521492,0.361591100692749,-0.11019045859575272
0.00290653551928699,0.4449629783630371,-0.06524167954921722
0.01016737800091505,-0.24854040145874023,0.015285387635231018
0.19241634011268616,-0.5395476818084717,0.053834326565265656
1.0401506423950195,1.4314512014389038,0.44308674335479736
1.1558574438095093,0.037427157163619995,-0.12260802090167999
0.32778823375701904,-0.02488122321665287,-0.2306881546974182
0.056594569236040115,-0.09912550449371338,-0.18601775169372559
0.09379281103610992,-0.13569390773773193,-0.23935499787330627
0.0688750147819519,-0.12484653294086456,-0.16738712787628174
0.11884842813014984,-0.07348321378231049,-0.08564352989196777
0.1928381323814392,-0.027316683903336525,-0.0749821811914444
0.24459294974803925,0.025285275653004646,-0.05532512813806534
0.28946930170059204,0.11032607406377792,-0.01729753240942955
0.3424677848815918,0.16615605354309082,-0.0010117706842720509
0.36944282054901123,0.16549010574817657,-0.0012859096750617027
0.35371124744415283,0.17550306022167206,0.0016962982481345534
0.3273974359035492,0.18865196406841278,-0.01957288756966591
0.2901003956794739,0.22007541358470917,-0.06465061753988266
0.24671494960784912,0.2875155508518219,-0.11785321682691574
0.20125079154968262,0.3733990490436554,-0.18801473081111908
0.20617172122001648,0.4795423150062561,-0.26761987805366516
0.26950275897979736,0.6014037728309631,-0.16498886048793793
0.3429674506187439,0.6767134070396423,-0.10559948533773422
0.40312904119491577,0.71753990650177,-0.059044234454631805
0.43347299098968506,0.7474726438522339,0.0024792132899165154
0.44057324528694153,0.7516452670097351,0.04581150785088539
0.41748616099357605,0.7317711710929871,0.07042548060417175
0.3561716675758362,0.7006945013999939,0.07246732711791992
0.25205397605895996,0.6485204100608826,0.07364954054355621
0.13209107518196106,0.5904499292373657,0.08459246903657913
0.011710220947861671,0.5487070083618164,0.10157202184200287
-0.09538374096155167,0.5075997710227966,0.12677352130413055
-0.18498186767101288,0.44159966707229614,0.15813548862934113
-0.2756268084049225,0.3540636897087097,0.19758489727973938
-0.3435172140598297,0.24303174018859863,0.24248550832271576
-0.40597712993621826,0.12841008603572845,0.2894998788833618
-0.45973634719848633,0.0034101009368896484,0.326254665851593
-0.5064356923103333,-0.11832725256681442,0.3440219461917877
-0.5491809844970703,-0.19759222865104675,0.3498010039329529
-0.602027416229248,-0.2585890293121338,0.33626657724380493
-0.6873952150344849,-0.3456975817680359,0.3028596341609955
-0.7817347645759583,-0.4518653154373169,0.3079441487789154
-0.8690707683563232,-0.5250368118286133,0.3284546434879303
-0.9428618550300598,-0.6344317197799683,0.3642869293689728
-1.0320796966552734,-0.736049234867096,0.42782512307167053
-1.0670135021209717,-0.7762262225151062,0.486028790473938
-0.978498101234436,-0.706054151058197,0.5376404523849487
-0.8401122093200684,-0.6233025193214417,0.5301926136016846
-0.6111605167388916,-0.4642472267150879,0.47350895404815674
-0.30202850699424744,-0.25784239172935486,0.4027612805366516
-0.01703795976936817,-0.09776651859283447,0.3533291220664978
0.19410251080989838,0.033999763429164886,0.3351719379425049
0.29586145281791687,0.1342729926109314,0.3329898715019226
0.2941879332065582,0.2079799771308899,0.3345020115375519
0.20494212210178375,0.25348883867263794,0.3126944899559021
0.08013147115707397,0.2601877748966217,0.28015652298927307
-0.04001844301819801,0.22320571541786194,0.231623113155365
-0.15369440615177155,0.14256519079208374,0.20181460678577423
-0.2450752556324005,0.06622626632452011,0.20917876064777374
-0.2904249131679535,0.06973817199468613,0.24483156204223633
-0.2900049388408661,0.1791456639766693,0.26706570386886597
-0.25051531195640564,0.36513951420783997,0.2390841245651245
-0.18648023903369904,0.5461223125457764,0.17453554272651672
-0.10711191594600677,0.6786071062088013,0.07946788519620895
-0.02970985881984234,0.7294051051139832,-0.02299625240266323
0.03399508446455002,0.7288910746574402,-0.09419266879558563
0.07403771579265594,0.7001755833625793,-0.09659933298826218
0.07952889055013657,0.6510607600212097,-0.06616126000881195
0.04913203790783882,0.5756957530975342,-0.08687274903059006
0.005061513744294643,0.5203379988670349,-0.0742320567369461
-0.0463138073682785,0.4974243938922882,0.006199398543685675
-0.09083360433578491,0.4668225646018982,0.032751914113759995
-0.1266547292470932,0.4335639476776123,0.012536389753222466
-0.14351093769073486,0.4513509273529053,0.022235356271266937
-0.12729734182357788,0.4719296991825104,0.045809656381607056
-0.08831265568733215,0.48469290137290955,0.04240507259964943
-0.03553219139575958,0.47711679339408875,0.02453974261879921
0.020821096375584602,0.4731300473213196,0.027290521189570427
0.0736740455031395,0.472125768661499,0.05832749605178833
0.10670709609985352,0.4686146676540375,0.07702075690031052
0.11428666114807129,0.4524126946926117,0.0827232301235199
0.0972946286201477,0.43985429406166077,0.08911056071519852
0.0653558149933815,0.42740848660469055,0.09990999847650528
0.01613154262304306,0.4212222099304199,0.08890528231859207
-0.025239789858460426,0.40783190727233887,0.0624866783618927
-0.052010949701070786,0.40528884530067444,0.02198931947350502
-0.048397716134786606,0.4056057631969452,-0.018132833763957024
-0.01640995778143406,0.41076645255088806,-0.06825245916843414
0.02584337629377842,0.4137551486492157,-0.1263800412416458
0.0773736834526062,0.41264116764068604,-0.1727858930826187
0.12878167629241943,0.39965566992759705,-0.21466019749641418
0.16966918110847473,0.38403064012527466,-0.25550028681755066
0.1927509754896164,0.3594528138637543,-0.27822792530059814
0.19720298051834106,0.326332151889801,-0.28025272488594055
0.19059202075004578,0.2954077124595642,-0.2707984149456024
0.19038163125514984,0.2614617347717285,-0.26740315556526184
0.19520187377929688,0.23346519470214844,-0.268602579832077
0.1935051679611206,0.21584919095039368,-0.2729789614677429
0.19744625687599182,0.19948723912239075,-0.27344605326652527
0.21132265031337738,0.1854262799024582,-0.2718803882598877
0.2242455631494522,0.1954146921634674,-0.26365357637405396
0.2159719169139862,0.22834840416908264,-0.2576036751270294
0.19883067905902863,0.2598981559276581,-0.2529141902923584
0.1827704757452011,0.2869761288166046,-0.24769067764282227
0.1688888669013977,0.31073448061943054,-0.23638638854026794
0.1312996745109558,0.34435927867889404,-0.21329544484615326
0.08934690803289413,0.3729568123817444,-0.1894329935312271
0.05199181288480759,0.37732839584350586,-0.17547829449176788
0.027734167873859406,0.3618214428424835,-0.17247037589550018
0.01956758461892605,0.3351333737373352,-0.18600350618362427
0.018498310819268227,0.3140616714954376,-0.20290446281433105
0.023788414895534515,0.3024446964263916,-0.21439680457115173
0.018625708296895027,0.28264904022216797,-0.21816854178905487
0.02183002233505249,0.25649866461753845,-0.21242143213748932
0.028905212879180908,0.22627981007099152,-0.20275470614433289
0.025217533111572266,0.20174889266490936,-0.19368530809879303
0.015439213253557682,0.1897706687450409,-0.17488379776477814
0.023261716589331627,0.1817244589328766,-0.15448610484600067
0.03793928772211075,0.17161913216114044,-0.11833614110946655
0.05560137331485748,0.16297371685504913,-0.08221062272787094
0.0732477530837059,0.15574122965335846,-0.05196363851428032
0.08259624987840652,0.16141828894615173,-0.022636909037828445
0.08156389743089676,0.17549225687980652,0.005088502541184425
0.07597152888774872,0.18298639357089996,0.027967985719442368
0.07291565090417862,0.1818736344575882,0.051882196217775345
0.0723249614238739,0.1707184612751007,0.07743815332651138
0.079134501516819,0.16112631559371948,0.09819479286670685
0.08354789763689041,0.15905357897281647,0.11490772664546967
0.08373463153839111,0.15627743303775787,0.12191858142614365
0.08858770877122879,0.149746835231781,0.1271229386329651
0.10455624014139175,0.13041485846042633,0.11911512166261673
0.12444765865802765,0.10461016744375229,0.11137145012617111
0.14370912313461304,0.07563668489456177,0.09872480481863022
0.16079676151275635,0.05068286135792732,0.09070442616939545
0.1761060655117035,0.02266337163746357,0.08977507799863815
0.19857701659202576,-0.003604186698794365,0.09305688738822937
0.22087866067886353,-0.019451400265097618,0.09874735027551651
0.24872706830501556,-0.026876825839281082,0.0988251119852066
0.28163161873817444,-0.019521547481417656,0.10868636518716812
0.2956635355949402,0.007505275309085846,0.11394664645195007
0.3000847101211548,0.04804997146129608,0.12358123809099197
0.28615903854370117,0.08637845516204834,0.13039973378181458
0.2579745352268219,0.11929766088724136,0.13266541063785553
0.22447116672992706,0.1403755247592926,0.13369925320148468
0.18992725014686584,0.15074379742145538,0.13220061361789703
0.14858220517635345,0.15125219523906708,0.1305377334356308
0.1114012748003006,0.143258199095726,0.1257677525281906
0.08257921785116196,0.1386229544878006,0.1158972680568695
0.05865141376852989,0.13678333163261414,0.10311827063560486
0.05244198814034462,0.13071586191654205,0.0885409265756607
0.05840554088354111,0.13092060387134552,0.07905186712741852
0.0707615464925766,0.1345566064119339,0.0633927434682846
0.0801801085472107,0.13758018612861633,0.04089270159602165
0.08801193535327911,0.13737724721431732,0.015978563576936722
0.08958180993795395,0.1335717886686325,-0.010645270347595215
0.07392322272062302,0.12721428275108337,-0.03298439830541611
0.04644201695919037,0.12045561522245407,-0.04815657064318657
0.020013341680169106,0.1039474830031395,-0.05412338301539421
0.0026576127856969833,0.08902342617511749,-0.0576033815741539
-0.00523200212046504,0.06946837902069092,-0.05623265355825424
-0.0067154839634895325,0.05877694487571716,-0.05686444416642189
-0.005621457006782293,0.06611635535955429,-0.0533144511282444
-0.0010604009730741382,0.0709683820605278,-0.040366727858781815
0.005069662816822529,0.07824040949344635,-0.026697255671024323
0.021468093618750572,0.08608634024858475,-0.015574825927615166
0.02993348427116871,0.09408647567033768,-0.016118111088871956
0.03628672659397125,0.09057016670703888,-0.01535498071461916
0.0414375476539135,0.08196815848350525,-0.012065443210303783
0.04588155075907707,0.06869177520275116,-0.004511923063546419
0.05406730994582176,0.05613204091787338,0.0015097507275640965
0.0571092814207077,0.04851526394486427,0.013260575011372566
0.06108111888170242,0.045696306973695755,0.023226123303174973
0.0640697255730629,0.047835517674684525,0.033463649451732635
0.06914198398590088,0.05449128523468971,0.036960914731025696
0.07324408739805222,0.05686970055103302,0.037925321608781815
0.07149199396371841,0.06120745837688446,0.03392631933093071
0.06801266968250275,0.06419050693511963,0.026492062956094742
0.056394897401332855,0.06280486285686493,0.01800217106938362
0.04907558858394623,0.057996414601802826,0.012721220031380653
0.03428066521883011,0.04844418168067932,0.011466072872281075
0.027942204847931862,0.0407889187335968,0.010573413223028183
0.017177706584334373,0.03321275860071182,0.013147624209523201
0.010679751634597778,0.02704351581633091,0.014160995371639729
0.01282759103924036,0.021340088918805122,0.011938587762415409
0.02036009356379509,0.016043314710259438,0.00880272127687931
0.025822237133979797,0.01509283296763897,0.001864653779193759
0.035389311611652374,0.012191394343972206,-0.0075265332125127316
0.0447697639465332,0.00565652921795845,-0.021057255566120148
0.054231856018304825,-0.00038314610719680786,-0.02937227301299572
0.06018455699086189,-0.006086837500333786,-0.03757001832127571
0.0731712207198143,-0.019150463864207268,-0.052430711686611176
0.08106909692287445,-0.03215015307068825,-0.05797567963600159
0.09030511975288391,-0.04380672425031662,-0.05731477215886116
0.09325750172138214,-0.049569271504879,-0.05904742702841759
0.08796226978302002,-0.04697234928607941,-0.06877230107784271
0.08134618401527405,-0.04438668489456177,-0.07374389469623566
0.08555164933204651,-0.05445004999637604,-0.07730019837617874
0.09704159200191498,-0.07442481815814972,-0.07691643387079239
0.1191035732626915,-0.0897723063826561,-0.07350923120975494
0.13978195190429688,-0.09352576732635498,-0.06767131388187408
0.15606416761875153,-0.08786645531654358,-0.0580613873898983
0.1706305891275406,-0.06652441620826721,-0.04826468601822853
0.17855767905712128,-0.04917757213115692,-0.0380382314324379
0.1759168952703476,-0.030893106013536453,-0.03450528532266617
0.16350321471691132,-0.022168831899762154,-0.04020635038614273
0.14647603034973145,-0.01606220379471779,-0.04147588089108467
0.12227809429168701,-0.03570257127285004,-0.035796068608760834
0.10263808071613312,-0.05242935195565224,-0.02252473682165146
0.09063048660755157,-0.06945674121379852,-0.006308531388640404
0.09025710821151733,-0.08059355616569519,0.008858703076839447
0.1013006940484047,-0.07846620678901672,0.018993092700839043
0.12035747617483139,-0.07064823061227798,0.024719154462218285
0.1442568004131317,-0.06014620512723923,0.02788289077579975
0.16597887873649597,-0.058527007699012756,0.03477595001459122
0.18393172323703766,-0.06299411505460739,0.04314431920647621
0.1820448786020279,-0.059358902275562286,0.05824577435851097
0.16594462096691132,-0.0471016988158226,0.07026804983615875
0.14043259620666504,-0.03738781809806824,0.07405292987823486
0.11969388276338577,-0.029800880700349808,0.07712079584598541
0.08435560017824173,-0.026178713887929916,0.0865265503525734
0.05534670501947403,-0.029572222381830215,0.1016179770231247
0.036912038922309875,-0.04424304515123367,0.11630690842866898
0.029143961146473885,-0.06299765408039093,0.13254350423812866
0.03277730941772461,-0.06927791982889175,0.14135617017745972
0.04638044536113739,-0.0683809444308281,0.14158011972904205
0.06645721942186356,-0.0547436960041523,0.1346401870250702
0.07730535417795181,-0.038486309349536896,0.1234143078327179
0.0734456405043602,-0.018796496093273163,0.10378441214561462
0.05001635104417801,-0.0008006040006875992,0.09084614366292953
0.001242950325831771,0.010422755032777786,0.08482979983091354
-0.06097603216767311,0.01675424352288246,0.0795489251613617
-0.11427893489599228,0.012174669653177261,0.08146826922893524
-0.16023878753185272,0.0003381967544555664,0.078866146504879
-0.1800878494977951,-0.006302927620708942,0.07586183398962021
-0.1729171723127365,-0.012103833258152008,0.06604544818401337
-0.13091778755187988,-0.01945255883038044,0.048044078052043915
-0.06584092229604721,-0.021065086126327515,0.024812227115035057
0.011834966018795967,-0.022513845935463905,-0.008649326860904694
0.08929211646318436,-0.0325675904750824,-0.0370340533554554
0.1529829353094101,-0.04709326848387718,-0.058794744312763214
0.18704988062381744,-0.07358495891094208,-0.0763232558965683
0.196178138256073,-0.09818538278341293,-0.08088764548301697
0.170507550239563,-0.09587471932172775,-0.0664355605840683
0.1251475214958191,-0.09390264749526978,-0.0428205169737339
0.06123323366045952,-0.10051245987415314,-0.019477782770991325
-0.005151382647454739,-0.10593359172344208,0.00014598551206290722
-0.05984078720211983,-0.10698320716619492,0.010441817343235016
-0.10632973164319992,-0.11193695664405823,0.016275472939014435
-0.1417771577835083,-0.11831434816122055,0.020573757588863373
-0.16320760548114777,-0.13008499145507812,0.028643667697906494
-0.17135737836360931,-0.13897252082824707,0.04012856259942055
-0.1750522404909134,-0.13917839527130127,0.05854245647788048
-0.17230461537837982,-0.13656851649284363,0.07269610464572906
-0.16580277681350708,-0.11692316830158234,0.08305180072784424
-0.1470620036125183,-0.10540394484996796,0.08756162971258163
-0.12970590591430664,-0.0898396372795105,0.09075263142585754
-0.11650103330612183,-0.0798833817243576,0.09026044607162476
-0.10415861010551453,-0.07414986193180084,0.09143303334712982
-0.08860967308282852,-0.07157359272241592,0.09487738460302353
-0.06959044188261032,-0.08136764168739319,0.09759806841611862
-0.0475459024310112,-0.09416473656892776,0.09485187381505966
-0.03255310654640198,-0.10523895919322968,0.08975698053836823
-0.017414772883057594,-0.11574406921863556,0.07987429201602936
-0.012529205530881882,-0.12217213958501816,0.07556316256523132
-0.01407049223780632,-0.1283060908317566,0.06498125940561295
-0.01054526586085558,-0.1309250444173813,0.051263581961393356
-0.01265319436788559,-0.1367160677909851,0.04560462012887001
-0.021487697958946228,-0.1292799860239029,0.05022573843598366
-0.03485170751810074,-0.10781700909137726,0.05523880943655968
-0.04316476732492447,-0.09442317485809326,0.0587264820933342
-0.05558815225958824,-0.07694284617900848,0.06940189749002457
-0.07291681319475174,-0.05809059739112854,0.07701586931943893
-0.09174413979053497,-0.04213442653417587,0.07763150334358215
-0.10742216557264328,-0.02624361217021942,0.07577580958604813
-0.11671417951583862,-0.015999112278223038,0.07415302097797394
-0.1286850869655609,-0.002436963841319084,0.06200927495956421
-0.13876155018806458,0.006687663495540619,0.0455753430724144
-0.14634568989276886,0.014558902010321617,0.029251497238874435
-0.1554841250181198,0.017530927434563637,0.012718911282718182
-0.16120032966136932,0.014024075120687485,-0.0005702623166143894
-0.1630845069885254,0.015633689239621162,-0.008436441421508789
-0.16514873504638672,0.01188955269753933,-0.007805272005498409
-0.17154859006404877,0.008362075313925743,-0.006326823029667139
-0.17186470329761505,0.0004929676651954651,0.002110071014612913
-0.16094514727592468,-0.004133826121687889,0.0023860614746809006
-0.13711172342300415,-0.013006946071982384,0.0001985409762710333
-0.09888622909784317,-0.027930308133363724,-0.006346361245959997
-0.05822189152240753,-0.04209885746240616,-0.0096830353140831
-0.016793515533208847,-0.03957493603229523,-0.007893197238445282
0.017512526363134384,-0.029576629400253296,0.00905462633818388
0.0631658285856247,-0.005698135122656822,0.03410400450229645
0.10349034518003464,0.0077803898602724075,0.0657210499048233
0.14247258007526398,0.011227654293179512,0.09609698504209518
0.18447355926036835,0.03336038812994957,0.12284550815820694
0.2085534632205963,0.03151892125606537,0.1431054025888443
0.2023773342370987,0.03092397190630436,0.14969779551029205
0.1680140346288681,0.022737013176083565,0.1508588194847107
0.11399714648723602,0.017623743042349815,0.1461772471666336
0.04136595129966736,0.003780750557780266,0.1281517893075943
-0.027053052559494972,-0.01696527563035488,0.10667100548744202
-0.0666600912809372,-0.04309609532356262,0.0852140560746193
-0.08202014118432999,-0.06763073801994324,0.06959221512079239
-0.08860126882791519,-0.07157961279153824,0.058684661984443665
-0.08601214736700058,-0.0458872988820076,0.051174283027648926
-0.08058812469244003,-0.016681158915162086,0.04974275827407837
-0.0750383660197258,0.020827867090702057,0.04481564089655876
-0.06725740432739258,0.042780302464962006,0.03618992865085602
-0.05743646249175072,0.038275301456451416,0.032024480402469635
-0.046943072229623795,0.026065103709697723,0.023463349789381027
-0.03397134691476822,0.003996819257736206,0.020255837589502335
-0.02729722484946251,-0.01729779876768589,0.019055012613534927
-0.028547313064336777,-0.024543460458517075,0.017011569812893867
-0.023893944919109344,-0.03567709028720856,0.013788883574306965
-0.013480985537171364,-0.048361726105213165,0.013818444684147835
0.00029567244928330183,-0.057796917855739594,0.014999989420175552
0.01645307056605816,-0.06872812658548355,0.016977917402982712
0.03983159363269806,-0.07481992244720459,0.030248507857322693
0.06136884540319443,-0.07414667308330536,0.04845840111374855
0.07286278158426285,-0.06379322707653046,0.06811372935771942
0.07775793969631195,-0.04813171550631523,0.08333715796470642
0.08425932377576828,-0.03409614413976669,0.08648297190666199
0.08583778142929077,-0.032418347895145416,0.08408612757921219
0.09305767714977264,-0.04726528376340866,0.08070985227823257
0.08166760206222534,-0.060171760618686676,0.08159402757883072
0.05803810805082321,-0.07437485456466675,0.07949803024530411
0.04129800945520401,-0.08281201869249344,0.0856613889336586
0.031706202775239944,-0.08378709107637405,0.09394843131303787
0.029642252251505852,-0.0748511254787445,0.09922708570957184
0.027841757982969284,-0.060345493257045746,0.10025621205568314
0.0331939160823822,-0.04161548614501953,0.0995536744594574
0.03773947432637215,-0.02215651050209999,0.09615863114595413
0.036471277475357056,-0.011243676766753197,0.08318690955638885
0.029066890478134155,-0.009401300922036171,0.06847000867128372
0.019607342779636383,-0.0269752349704504,0.058988627046346664
0.004480397328734398,-0.035598497837781906,0.05052931234240532
-0.00853234063833952,-0.04670095071196556,0.042908407747745514
-0.010274006985127926,-0.05060384050011635,0.04285622015595436
-0.0007063337252475321,-0.05464518815279007,0.04621446505188942
0.009093916974961758,-0.04524857550859451,0.04914217069745064
0.018789954483509064,-0.03173143416643143,0.05370070040225983
0.03286562114953995,-0.020153282210230827,0.05650389567017555
0.03787076845765114,-0.007219905965030193,0.05654331296682358
0.03599061071872711,0.005536213517189026,0.06027400493621826
0.021908612921833992,0.0074899084866046906,0.05761963129043579
0.006552890874445438,0.0014621708542108536,0.062273189425468445
-0.0031806963961571455,-0.01071247085928917,0.06366895139217377
-0.01520584337413311,-0.01903960108757019,0.07105784863233566
-0.02139582857489586,-0.02096693217754364,0.07830137759447098
-0.01813865453004837,-0.01333269290626049,0.08339624106884003
-0.005373592488467693,0.0005492996424436569,0.09302090108394623
0.013385879807174206,0.011061292141675949,0.09804392606019974
0.02974860742688179,0.02700883522629738,0.10066421329975128
0.04185912758111954,0.034766022115945816,0.0970354750752449
0.04709090664982796,0.03789709880948067,0.0934295579791069
0.044238410890102386,0.03279060870409012,0.08927835524082184
0.035933610051870346,0.021109716966748238,0.08091949671506882
0.028020378202199936,0.007219381630420685,0.08373374491930008
0.025726864114403725,-0.0003408007323741913,0.08285943418741226
0.035190023481845856,-0.0033696359023451805,0.06816840171813965
0.04428072273731232,0.001323651522397995,0.056190840899944305
0.06007882207632065,0.00940706767141819,0.03601638227701187
0.0627603605389595,0.021755080670118332,0.017633114010095596
0.0457022488117218,0.03232584893703461,0.007734805345535278
0.008494960144162178,0.041031189262866974,0.0014982149004936218
-0.03581622615456581,0.036875512450933456,-0.0003664430696517229
-0.07914932072162628,0.02553044632077217,-9.160488843917847e-05
-0.11057093739509583,0.02471315488219261,0.002217343542724848
-0.12919655442237854,0.031641632318496704,0.002532661659643054
-0.13147641718387604,0.048371557146310806,0.009067010134458542
-0.14090506732463837,0.06891225278377533,0.01904294639825821
-0.1353958696126938,0.08925485610961914,0.03000769577920437
-0.13191936910152435,0.12217205762863159,0.0429338775575161
-0.13939498364925385,0.1717834323644638,0.05188113823533058
-0.12704376876354218,0.213874951004982,0.05771452561020851
-0.12452804297208786,0.24695663154125214,0.060788173228502274
-0.12198765575885773,0.28127437829971313,0.05396222695708275
-0.10693740844726562,0.2982187271118164,0.04154634848237038
-0.0716467946767807,0.2759544253349304,0.03460615128278732
-0.027065332978963852,0.2550821304321289,0.023527175188064575
0.021724309772253036,0.22606247663497925,0.00950083788484335
0.06122376024723053,0.18669603765010834,0.006667363457381725
0.10701148957014084,0.14288383722305298,0.012652818113565445
0.15578781068325043,0.10305573046207428,0.004558672662824392
0.20512846112251282,0.0745183676481247,0.0020957812666893005
0.24352416396141052,0.06011641398072243,-0.0020008659921586514
0.2825722396373749,0.04094298928976059,0.006663195788860321
0.2967868447303772,0.027828795835375786,0.026041684672236443
0.2924458980560303,0.026082294061779976,0.04310109466314316
0.2748686373233795,0.025867268443107605,0.05551551282405853
0.26113206148147583,0.03553906828165054,0.06286104768514633
0.23604144155979156,0.03809675946831703,0.05841093510389328
0.2077171355485916,0.03494011610746384,0.05588732659816742
0.17792236804962158,0.03738101199269295,0.04783196374773979
0.14080829918384552,0.03028688207268715,0.03390895947813988
0.1046990230679512,0.02018577978014946,0.017998702824115753
0.06877978146076202,0.011257542297244072,0.005124152638018131
0.032161518931388855,-0.0021166466176509857,-0.008315174840390682
-0.0071211750619113445,-0.0021691108122467995,-0.029287302866578102
-0.04307049512863159,-0.0001990683376789093,-0.041922494769096375
-0.06787331402301788,0.006805045530200005,-0.05460979416966438
-0.08938427269458771,0.015348542481660843,-0.0596909299492836
-0.10115517675876617,0.022158514708280563,-0.061119444668293
-0.11076574772596359,0.028246378526091576,-0.05798584222793579
-0.11363423615694046,0.03247494995594025,-0.057708337903022766
-0.11261273175477982,0.04387415945529938,-0.052745360881090164
-0.11598695069551468,0.05274967476725578,-0.06463957577943802
-0.11811593919992447,0.06646355986595154,-0.06485523283481598
-0.1244601234793663,0.06746197491884232,-0.06853093206882477
-0.1357068568468094,0.061817727982997894,-0.06328535079956055
-0.13276220858097076,0.05224259942770004,-0.05686500295996666
-0.12934242188930511,0.043973349034786224,-0.05298250913619995
-0.11596749722957611,0.0381183922290802,-0.05356734246015549
-0.10239283740520477,0.030855685472488403,-0.05887342244386673
-0.0828833132982254,0.020609170198440552,-0.0626300796866417
-0.06084504351019859,0.010891348123550415,-0.05586276575922966
-0.04246949777007103,-0.0006017908453941345,-0.046925995498895645
-0.02503940276801586,-0.007887912914156914,-0.036478422582149506
-0.012383796274662018,-0.015332778915762901,-0.02699330821633339
-0.006941619329154491,-0.020556442439556122,-0.031122934073209763
0.0014007326681166887,-0.025165308266878128,-0.03160283714532852
0.007508342154324055,-0.031790100038051605,-0.030714228749275208
0.012573941610753536,-0.030844146385788918,-0.01978195086121559
0.019983265548944473,-0.030345626175403595,-0.006557723507285118
0.02274017035961151,-0.02273724041879177,0.01015600934624672
0.02854795940220356,-0.010154951363801956,0.016417423263192177
0.02746511809527874,0.009264020249247551,0.017481356859207153
0.02813372015953064,0.02381337620317936,0.004796759225428104
0.019796160981059074,0.03219594061374664,-0.010948382318019867
0.004759671166539192,0.031215908005833626,-0.02812417596578598
-0.020445551723241806,0.015911521390080452,-0.04270818084478378
-0.08932755142450333,0.022696074098348618,-0.0658019483089447
-0.2118537425994873,0.018912523984909058,-0.07323189824819565
-0.33132633566856384,0.007657736539840698,-0.051552969962358475
-0.41767242550849915,-0.014142898842692375,-0.04070857912302017
-0.4731682538986206,-0.043778181076049805,-0.03991451859474182
-0.4855639338493347,-0.08243662863969803,-0.038909174501895905
-0.4593942165374756,-0.09485873579978943,-0.04743097722530365
-0.4011322259902954,-0.07759027183055878,-0.05327288433909416
-0.329481303691864,-0.033463455736637115,-0.05708795785903931
-0.24906690418720245,0.02771148644387722,-0.05435555428266525
-0.16064849495887756,0.09674276411533356,-0.037619754672050476
-0.08576466888189316,0.16310076415538788,-0.019439950585365295
-0.01562775857746601,0.20276105403900146,0.005018561612814665
0.04134204983711243,0.23053649067878723,0.028545457869768143
0.0853896290063858,0.23372086882591248,0.04523707926273346
0.10805046558380127,0.20255069434642792,0.06397215276956558
0.12126704305410385,0.13710366189479828,0.07387840002775192
0.12132829427719116,0.07199390232563019,0.07654289156198502
0.11704077571630478,0.0013074502348899841,0.062152281403541565
0.11443247646093369,-0.0740102082490921,0.05592501163482666
0.11512065678834915,-0.12302517890930176,0.06161139905452728
0.10746832937002182,-0.14210166037082672,0.09888207167387009
0.10041580349206924,-0.12313789129257202,0.15084734559059143
0.10682416707277298,-0.10267336666584015,0.22359372675418854
0.12318079173564911,-0.06420095264911652,0.2875443696975708
0.1465226113796234,-0.023321431130170822,0.3147333562374115
0.1705821454524994,-0.00967486947774887,0.30174991488456726
0.17507515847682953,-0.025899380445480347,0.2494124174118042
0.1508340686559677,-0.07989557087421417,0.1795351356267929
0.09180189669132233,-0.15854591131210327,0.12359118461608887
0.02072589099407196,-0.24567736685276031,0.10533415526151657
-0.05816759541630745,-0.3386978507041931,0.1146075502038002
-0.1299828439950943,-0.4302663207054138,0.1312301605939865
-0.19361907243728638,-0.5015977621078491,0.1615944653749466
-0.21820224821567535,-0.5496557950973511,0.19808100163936615
-0.21711380779743195,-0.5514848232269287,0.21504800021648407
-0.19250287115573883,-0.5672523975372314,0.20837895572185516
-0.15732598304748535,-0.6057838201522827,0.19625385105609894
-0.1362740844488144,-0.6470769047737122,0.1968676596879959
-0.13614758849143982,-0.6578541994094849,0.19265800714492798
-0.1390058994293213,-0.6440593600273132,0.16009190678596497
-0.1080453172326088,-0.6171377301216125,0.06280981749296188
-0.00823232438415289,-0.6025798916816711,0.007012161426246166
0.11495911329984665,-0.5596590638160706,0.011378946714103222
0.2334652543067932,-0.48640188574790955,0.015443995594978333
0.33712244033813477,-0.4346252381801605,0.04003243148326874
0.41602393984794617,-0.4095562994480133,0.07669718563556671
0.48219284415245056,-0.4004669487476349,0.12222366034984589
0.5283742547035217,-0.41635623574256897,0.15378166735172272
0.5532321929931641,-0.4422743618488312,0.17934481799602509
0.5652366876602173,-0.4715259373188019,0.1891409456729889
0.5493307113647461,-0.49385973811149597,0.18896330893039703
0.5025427937507629,-0.5150305032730103,0.18892943859100342
0.4267657697200775,-0.5219305157661438,0.2020857185125351
0.32770606875419617,-0.5621469020843506,0.23618538677692413
0.221772700548172,-0.6119070053100586,0.27946043014526367
0.12398552149534225,-0.6208678483963013,0.29982757568359375
0.036416519433259964,-0.5929837226867676,0.2613784372806549
-0.00870185811072588,-0.5635252594947815,0.24535268545150757
-0.046128060668706894,-0.5463494658470154,0.2443327009677887
-0.10157684236764908,-0.5340908765792847,0.25491926074028015
-0.18693196773529053,-0.6039839386940002,0.2831477224826813
-0.3003701865673065,-0.7656946778297424,0.3436313271522522
-0.40940266847610474,-0.9642953872680664,0.3966042697429657
-0.46643298864364624,-1.173287272453308,0.4074256122112274
-0.468769371509552,-1.33222234249115,0.4199909269809723
-0.45886895060539246,-1.423951268196106,0.4595845341682434
-0.5350553393363953,-1.3122100830078125,0.44131603837013245
-0.7783963084220886,-1.0398528575897217,0.19287745654582977
-1.2541007995605469,-0.6484225392341614,-0.121475949883461
-1.0656436681747437,-0.9010006785392761,0.09630851447582245
-0.6604422330856323,-1.080797791481018,0.344605952501297
-0.4805014431476593,-0.8232049942016602,0.37175554037094116
-0.45469754934310913,-0.4352649748325348,0.30419620871543884
-0.4080892503261566,-0.1457589864730835,0.2611066699028015
-0.30452316999435425,0.06927341222763062,0.2518295347690582
-0.18581070005893707,0.2782666087150574,0.24209648370742798
-0.10336510092020035,0.47561243176460266,0.20533126592636108
-0.05941006913781166,0.6453660726547241,0.14830762147903442
-0.02816666290163994,0.7787278890609741,0.0785256177186966
-0.008192043751478195,0.8866078853607178,0.024048354476690292
0.01448743510991335,0.9701830148696899,-0.008971646428108215
0.042873531579971313,1.0308470726013184,-0.024878574535250664
0.07320161163806915,1.0545574426651,-0.01066102460026741
0.09771259874105453,1.0431965589523315,0.029466236010193825
0.10646640509366989,1.0157055854797363,0.08495000004768372
0.10213359445333481,0.9833945631980896,0.14605793356895447
0.09475398063659668,0.9425233006477356,0.1909545660018921
0.08127748221158981,0.893641471862793,0.22077588737010956
0.08613988012075424,0.8195661902427673,0.24111737310886383
0.10957727581262589,0.7367974519729614,0.2629964351654053
0.14849698543548584,0.6478949785232544,0.27549996972084045
0.18606966733932495,0.5741670727729797,0.2749573588371277
0.21032705903053284,0.5160356163978577,0.2737429738044739
0.22858881950378418,0.48969465494155884,0.27166587114334106
0.24780166149139404,0.49530351161956787,0.25564348697662354
0.25626206398010254,0.5113375186920166,0.24406816065311432
0.2596709132194519,0.5289857387542725,0.23605044186115265
0.25771668553352356,0.5355196595191956,0.22454412281513214
0.2506271004676819,0.5267610549926758,0.21731923520565033
0.2269016057252884,0.5157745480537415,0.2175881713628769
0.19551785290241241,0.5346630215644836,0.21959912776947021
0.1471461057662964,0.5955407023429871,0.2137642204761505
0.10919871926307678,0.6731497645378113,0.1998358815908432
0.06784450262784958,0.753716230392456,0.1808544397354126
0.038034144788980484,0.8385469913482666,0.15554028749465942
0.01163419522345066,0.8737495541572571,0.1330375075340271
-0.006747741252183914,0.8466700315475464,0.1140582263469696
-0.03255392238497734,0.7600046396255493,0.09481444954872131
-0.06862350553274155,0.642794132232666,0.08172181248664856
-0.11511174589395523,0.5054097175598145,0.0735466256737709
-0.16297514736652374,0.35442739725112915,0.06705702841281891
-0.21009917557239532,0.20486792922019958,0.06262907385826111
-0.24276071786880493,0.07288087904453278,0.06577853113412857
-0.25839588046073914,-0.03059038333594799,0.07155945152044296
-0.26233309507369995,-0.09076983481645584,0.07309716194868088
-0.24585624039173126,-0.11452043056488037,0.0679154172539711
-0.2195282280445099,-0.12343509495258331,0.06772340089082718
-0.18118508160114288,-0.12476521730422974,0.05733906850218773
-0.14095696806907654,-0.11956006288528442,0.047269657254219055
-0.09588268399238586,-0.10438808798789978,0.0397188775241375
-0.05379674956202507,-0.08534222096204758,0.044225744903087616
-0.020373519510030746,-0.058721285313367844,0.04354744404554367
-0.005386845208704472,-0.03657124191522598,0.0487922728061676
-0.0013116130139678717,-0.01528533361852169,0.04788168892264366
-0.01433606818318367,-0.009825853630900383,0.04299798235297203
-0.03304590284824371,-0.024243203923106194,0.03200343996286392
-0.05660422518849373,-0.046931736171245575,0.021894611418247223
-0.08459396660327911,-0.0705183744430542,0.02282547578215599
-0.11649330705404282,-0.09143058210611343,0.033977996557950974
-0.1467052698135376,-0.09908876568078995,0.04466632381081581
-0.1647404581308365,-0.10969560593366623,0.05093860253691673
-0.17687782645225525,-0.11795367300510406,0.056160930544137955
-0.17354807257652283,-0.1206543892621994,0.05804138630628586
-0.1621054857969284,-0.13050174713134766,0.05365736782550812
-0.1442151665687561,-0.1364768147468567,0.0562552809715271
-0.12110751122236252,-0.13793723285198212,0.07019178569316864
-0.09792415797710419,-0.13824589550495148,0.09319883584976196
-0.08097819983959198,-0.13003189861774445,0.12466754764318466
-0.06384501606225967,-0.11454322189092636,0.15513385832309723
-0.03933442384004593,-0.0999976247549057,0.17850899696350098
-0.009039103984832764,-0.08810953795909882,0.19932878017425537
0.011082414537668228,-0.0658043622970581,0.21446019411087036
0.03515685722231865,-0.04975562542676926,0.22900931537151337
0.05680445209145546,-0.043677449226379395,0.24243053793907166
0.07770387828350067,-0.04056154936552048,0.2557319700717926
0.09670870751142502,-0.029697570949792862,0.25922003388404846
0.10899998992681503,-0.02115255407989025,0.2622874677181244
0.1233021542429924,-0.016383416950702667,0.2600661516189575
0.13159683346748352,-0.004311573691666126,0.25037091970443726
0.13737201690673828,-0.003912466578185558,0.23428525030612946
0.14764168858528137,-0.016207216307520866,0.22525207698345184
0.15581990778446198,-0.03093574196100235,0.2173866182565689
0.1507846713066101,-0.03765782713890076,0.20703063905239105
0.1434675008058548,-0.04330241680145264,0.19513781368732452
0.13075783848762512,-0.04468885809183121,0.1809394359588623
0.12705694139003754,-0.04372715950012207,0.15872809290885925
0.12016601860523224,-0.04517911374568939,0.1402990221977234
0.11553841829299927,-0.044387392699718475,0.11512526869773865
0.10619258880615234,-0.04783379286527634,0.10130772739648819
0.10512618720531464,-0.03797655552625656,0.08646850287914276
0.10677281767129898,-0.032236114144325256,0.08050514757633209
0.1136474758386612,-0.01982615888118744,0.08176575601100922
0.12257146090269089,0.0017779357731342316,0.09118802100419998
0.13946586847305298,0.04828953370451927,0.09841952472925186
0.15390659868717194,0.13569021224975586,0.10556132346391678
0.16575312614440918,0.2486177235841751,0.09783882647752762
0.18862754106521606,0.3874512016773224,0.06906789541244507
0.21929526329040527,0.5246173739433289,0.017020627856254578
0.2569339871406555,0.6012319922447205,-0.03616908937692642
0.3023779094219208,0.6243582367897034,-0.08985508978366852
0.3312968909740448,0.6192933917045593,-0.12965869903564453
0.32891833782196045,0.5765156745910645,-0.16125693917274475
0.3017844557762146,0.48374396562576294,-0.17956456542015076
0.25270789861679077,0.3848518133163452,-0.19516490399837494
0.18893210589885712,0.30235347151756287,-0.19930611550807953
0.13931334018707275,0.23383694887161255,-0.19556593894958496
0.08619287610054016,0.17560958862304688,-0.19037729501724243
0.03937172517180443,0.138434499502182,-0.18348661065101624
0.004812683444470167,0.10469251126050949,-0.1841350793838501
-0.018177378922700882,0.09854840487241745,-0.1883472204208374
-0.02413194067776203,0.10944392532110214,-0.19658143818378448
-0.024735834449529648,0.12801231443881989,-0.2138526290655136
-0.01643449440598488,0.15516510605812073,-0.23025131225585938
-0.004406427964568138,0.18147949874401093,-0.24016781151294708
-0.0017973289359360933,0.20473341643810272,-0.2420743703842163
0.001116350176744163,0.2140316665172577,-0.23653854429721832
-0.011484396643936634,0.2238406240940094,-0.2191595435142517
-0.02797270193696022,0.2238033413887024,-0.20474275946617126
-0.03673609718680382,0.21105903387069702,-0.19580332934856415
-0.04685134440660477,0.19085673987865448,-0.19192518293857574
-0.04928813874721527,0.1616341471672058,-0.18832191824913025
-0.04848773032426834,0.1385493278503418,-0.188293918967247
-0.05395200476050377,0.12404946982860565,-0.17877285182476044
-0.07637596130371094,0.1173953264951706,-0.1629268079996109
-0.08958657085895538,0.11262480914592743,-0.14586128294467926
-0.08665279299020767,0.11398521810770035,-0.13677595555782318
-0.06973080337047577,0.11873816698789597,-0.13571281731128693
-0.03870205953717232,0.12079416960477829,-0.13666391372680664
-0.0005416263593360782,0.13149236142635345,-0.14479294419288635
0.023779647424817085,0.14267832040786743,-0.15490004420280457
0.040689919143915176,0.1576942801475525,-0.17027632892131805
0.04503912851214409,0.1713927835226059,-0.18372024595737457
0.039183370769023895,0.18593284487724304,-0.19348818063735962
0.024154765531420708,0.2084493190050125,-0.21186795830726624
0.009509776718914509,0.23458319902420044,-0.23379109799861908
-0.006831532344222069,0.25338098406791687,-0.2539985179901123
-0.009059000760316849,0.25508302450180054,-0.27128031849861145
-0.0038630892522633076,0.22139795124530792,-0.27791735529899597
-0.02030145190656185,0.16888095438480377,-0.28850290179252625
-0.03347029909491539,0.11370670050382614,-0.301120787858963
-0.04687851667404175,0.06643825769424438,-0.2985026240348816
-0.055446282029151917,0.025373350828886032,-0.2823704779148102
-0.0477667935192585,-0.0161538515239954,-0.2519092559814453
-0.03647152706980705,-0.0388016402721405,-0.21759013831615448
-0.01865311712026596,-0.049221791326999664,-0.17691755294799805
0.004930795636028051,-0.04668194800615311,-0.14399875700473785
0.022413915023207664,-0.04049835354089737,-0.1195669025182724
0.03752877563238144,-0.041874632239341736,-0.09683846682310104
0.04961420223116875,-0.05313101410865784,-0.07018155604600906
0.04559226334095001,-0.08066727966070175,-0.05211547762155533
0.0386054590344429,-0.12950779497623444,-0.08630221337080002
0.049642082303762436,-0.21556352078914642,-0.11300181597471237
0.04709823057055473,-0.26107481122016907,-0.11146464198827744
0.03897809609770775,-0.30715975165367126,-0.11707349121570587
0.04084070771932602,-0.34763047099113464,-0.1217273622751236
0.04388155788183212,-0.37239667773246765,-0.12302151322364807
0.06226775422692299,-0.38588428497314453,-0.1320544332265854
0.06662068516016006,-0.3877524733543396,-0.14201252162456512
0.059893280267715454,-0.3900129795074463,-0.15010933578014374
0.05056082829833031,-0.401602178812027,-0.13994833827018738
0.026856031268835068,-0.41392597556114197,-0.1088748574256897
0.009636124595999718,-0.4333574175834656,-0.06952110677957535
-0.016657797619700432,-0.46736758947372437,-0.04238588362932205
-0.04879005253314972,-0.527473509311676,-0.02983524650335312
-0.08386601507663727,-0.6005724668502808,-0.025731582194566727
-0.12147326022386551,-0.6772298812866211,-0.04236813262104988
-0.16087232530117035,-0.7348705530166626,-0.0747138187289238
-0.18744930624961853,-0.7567420601844788,-0.11749110370874405
-0.21135251224040985,-0.7161879539489746,-0.14142253994941711
-0.2271593064069748,-0.6511907577514648,-0.15129391849040985
-0.22115173935890198,-0.5948536992073059,-0.1537296324968338
-0.187469020485878,-0.5456331372261047,-0.16377964615821838
-0.13244810700416565,-0.5023093819618225,-0.1724277287721634
-0.08180224895477295,-0.45265528559684753,-0.17923396825790405
-0.034237656742334366,-0.40287014842033386,-0.18183109164237976
-0.008297226391732693,-0.3579293489456177,-0.17186735570430756
-0.005152832716703415,-0.3181403875350952,-0.16063787043094635
-0.01313871145248413,-0.2638898193836212,-0.1475253701210022
-0.02581935189664364,-0.20802655816078186,-0.13532301783561707
-0.02410450577735901,-0.15318064391613007,-0.13463592529296875
-0.0100275669246912,-0.0914621502161026,-0.13687138259410858
0.01830436848104,-0.03717231750488281,-0.13376395404338837
0.047702472656965256,0.010641276836395264,-0.1312643140554428
0.07289159297943115,0.054018162190914154,-0.12204907834529877
0.09199577569961548,0.07676368951797485,-0.10707545280456543
0.09988818317651749,0.08066363632678986,-0.10189563781023026
0.0940830260515213,0.04884178936481476,-0.09797439724206924
0.07394999265670776,-0.005917789414525032,-0.098453588783741
0.05202818661928177,-0.07423479855060577,-0.09724477678537369
0.023825641721487045,-0.1394900381565094,-0.0927165225148201
-0.013387774117290974,-0.19504117965698242,-0.08715557307004929
-0.048821549862623215,-0.22908927500247955,-0.08106935769319534
-0.06827807426452637,-0.23774001002311707,-0.06999939680099487
-0.0647779181599617,-0.2295469045639038,-0.05906886234879494
-0.049225855618715286,-0.20190143585205078,-0.04513253644108772
-0.017277315258979797,-0.17283907532691956,-0.04044359177350998
0.010078409686684608,-0.17077939212322235,-0.052205976098775864
0.030877606943249702,-0.24505525827407837,-0.08639693260192871
0.031242458149790764,-0.377598375082016,-0.126310795545578
0.015789734199643135,-0.5330585241317749,-0.16042454540729523
-0.011995558626949787,-0.6630011200904846,-0.18299058079719543
-0.03435830771923065,-0.7352715134620667,-0.1775204837322235
-0.046529486775398254,-0.7285140156745911,-0.16068345308303833
-0.04403991624712944,-0.6596353054046631,-0.1332835704088211
-0.025700325146317482,-0.5267208814620972,-0.10346469283103943
-0.008409163914620876,-0.35392147302627563,-0.08623882383108139
0.019231783226132393,-0.180850088596344,-0.0907379686832428
0.045640576630830765,-0.021121496334671974,-0.09827915579080582
0.05673743411898613,0.07673342525959015,-0.10952994227409363
0.05205630511045456,0.10065948963165283,-0.11313768476247787
0.025290202349424362,0.08227968215942383,-0.11695399135351181
-0.013219734653830528,0.0463489405810833,-0.1202060654759407
-0.05275861918926239,0.004477923735976219,-0.13137349486351013
-0.08484316617250443,-0.046441610902547836,-0.1430845856666565
-0.0983712300658226,-0.0917062982916832,-0.1568928062915802
-0.09990649670362473,-0.1328245997428894,-0.17262156307697296
-0.09501054137945175,-0.16374017298221588,-0.18962611258029938
-0.08998198062181473,-0.17691507935523987,-0.20067529380321503
-0.0789053663611412,-0.17905040085315704,-0.20794573426246643
-0.06600894778966904,-0.16346751153469086,-0.20292718708515167
-0.04239363223314285,-0.14632633328437805,-0.19521014392375946
-0.015837915241718292,-0.11521036922931671,-0.17896632850170135
0.011939918622374535,-0.07076407968997955,-0.15975002944469452
0.04535864293575287,-0.02318074367940426,-0.13359391689300537
0.07494982331991196,0.02169778198003769,-0.1131829097867012
0.1074187234044075,0.053451403975486755,-0.09636953473091125
0.12808512151241302,0.07744648307561874,-0.06899703294038773
0.14692382514476776,0.08811372518539429,-0.04416457563638687
0.16544237732887268,0.0988001897931099,-0.019251767545938492
0.177093967795372,0.09701015800237656,0.005605775397270918
0.19654862582683563,0.07855817675590515,0.017437133938074112
0.2254309207201004,0.042299069464206696,0.016786137595772743
0.25727352499961853,-0.0200125053524971,-0.0006370614282786846
0.2949385344982147,-0.10547125339508057,-0.011097384616732597
0.34409409761428833,-0.1919187754392624,-0.01081375777721405
0.401163250207901,-0.2717176377773285,0.006670830771327019
0.4619123339653015,-0.31178516149520874,0.03386756405234337
0.5063206553459167,-0.2969757914543152,0.05827698856592178
0.5534620881080627,-0.22949902713298798,0.061911940574645996
0.5940524935722351,-0.1543566882610321,0.054524682462215424
0.6321793794631958,-0.08220526576042175,0.0453580841422081
0.6589481830596924,-0.027226656675338745,0.03769079968333244
0.6793312430381775,0.009771309792995453,0.03043847717344761
0.6817053556442261,0.021187826991081238,0.031101252883672714
0.6689354777336121,0.031275082379579544,0.03335508704185486
0.6315195560455322,0.014951614663004875,0.038929253816604614
0.5751361846923828,-0.013479494489729404,0.05638653784990311
0.49537548422813416,-0.056157246232032776,0.07149949669837952
0.4212125837802887,-0.09187076985836029,0.08385603129863739
0.3503882884979248,-0.11829445511102676,0.09175078570842743
0.29311037063598633,-0.13608650863170624,0.09718896448612213
0.24657519161701202,-0.14049839973449707,0.11065559834241867
0.20393799245357513,-0.1427554339170456,0.122221440076828
0.16822239756584167,-0.15237924456596375,0.12291248142719269
0.130876362323761,-0.16113224625587463,0.10750103741884232
0.09953060001134872,-0.17924699187278748,0.0781148299574852
0.06797587126493454,-0.21817122399806976,0.05571897700428963
0.037611011415719986,-0.26786765456199646,0.054011087864637375
0.0021632718853652477,-0.3221796154975891,0.07474485784769058
-0.0520084872841835,-0.37450218200683594,0.11136488616466522
-0.11971909552812576,-0.41979271173477173,0.14649970829486847
-0.19263945519924164,-0.458724707365036,0.1650198996067047
-0.2708245515823364,-0.46301373839378357,0.1731547862291336
-0.33681628108024597,-0.44700688123703003,0.1563817709684372
-0.36699333786964417,-0.41433069109916687,0.10649622231721878
-0.36299535632133484,-0.35894936323165894,0.03967898339033127
-0.32622402906417847,-0.30014437437057495,-0.032255928963422775
-0.27568501234054565,-0.2514173984527588,-0.09603104740381241
-0.22826983034610748,-0.20903664827346802,-0.14053380489349365
-0.20461906492710114,-0.19889229536056519,-0.16627684235572815
-0.21651193499565125,-0.22979135811328888,-0.1988164186477661
-0.26514461636543274,-0.2974666357040405,-0.2327127754688263
-0.3409845232963562,-0.39394789934158325,-0.26771655678749084
-0.4441206157207489,-0.5092500448226929,-0.29909548163414
-0.553314208984375,-0.610187292098999,-0.3144984245300293
-0.6523239016532898,-0.6893015503883362,-0.30994653701782227
-0.7223178744316101,-0.7408685684204102,-0.2960917055606842
-0.7733097672462463,-0.781769335269928,-0.2699107825756073
-0.8010798692703247,-0.8229910731315613,-0.24378091096878052
-0.8030192852020264,-0.852100670337677,-0.22173190116882324
-0.7729181051254272,-0.8620694279670715,-0.19427098333835602
-0.7100710868835449,-0.8375290632247925,-0.17061154544353485
-0.5220220685005188,-0.8213897347450256,-0.12131404131650925
-0.08725141733884811,-0.6544017791748047,-0.04919256642460823
0.2789444327354431,-0.45565351843833923,-0.042598314583301544
0.4553218185901642,-0.30134594440460205,-0.06720805168151855
0.5676635503768921,-0.19349351525306702,-0.1193213239312172
0.5955068469047546,-0.1538373827934265,-0.18736331164836884
0.5145092010498047,-0.1396438032388687,-0.2561413049697876
0.3774123787879944,-0.16256742179393768,-0.35973113775253296
0.23997220396995544,-0.385967493057251,-0.27847009897232056
-0.022439846768975258,-0.6202715635299683,-0.19714786112308502
-0.3150235116481781,-0.8184347152709961,-0.11955345422029495
-0.5647370219230652,-0.9937570691108704,0.014228081330657005
-0.7714622616767883,-1.0858731269836426,0.15914639830589294
-0.8779778480529785,-1.107836127281189,0.25702306628227234
-0.8431703448295593,-1.0528069734573364,0.31058964133262634
-0.6971302628517151,-0.9361723065376282,0.328448623418808
-0.47433364391326904,-0.6848471760749817,0.24855190515518188
-0.3031141459941864,-0.5507516264915466,0.1728251427412033
-0.20746538043022156,-0.3818376958370209,0.09992802888154984
-0.11473024636507034,-0.24500857293605804,0.02863716147840023
-0.05939881503582001,-0.17566917836666107,-0.017718618735671043
-0.051764633506536484,-0.1358928680419922,-0.06471768766641617
-0.03686318174004555,-0.10885831713676453,-0.09763622283935547
-0.029008369892835617,-0.07619339972734451,-0.09266374260187149
-0.05326417461037636,-0.02947409823536873,-0.04992400482296944
-0.05642010644078255,0.0016029495745897293,-0.005028523970395327
-0.044795941561460495,-0.003472769632935524,0.0340549610555172
-0.04144187271595001,-0.02088060975074768,0.06172289699316025
-0.02408391796052456,-0.07247855514287949,0.07572712749242783
-0.03566087409853935,-0.07419557124376297,0.1059277281165123
0.04252127930521965,-0.07600279152393341,0.12497864663600922
0.1851225644350052,-0.02562503144145012,0.13388018310070038
0.2989026606082916,0.021201862022280693,0.1372125893831253
0.35338667035102844,0.04694318026304245,0.11746978014707565
0.33619436621665955,0.044369764626026154,0.10407115519046783
0.2982870042324066,0.0210405346006155,0.08905167877674103
0.2653104066848755,0.009633949026465416,0.07822459191083908
0.24035724997520447,0.007127797231078148,0.07161445915699005
0.20224954187870026,0.027096711099147797,0.05626372992992401
0.17107084393501282,0.044842299073934555,0.050598252564668655
0.15991300344467163,0.08010441809892654,0.06263094395399094
0.15205779671669006,0.12653696537017822,0.09385033696889877
0.15952129662036896,0.17090842127799988,0.12730629742145538
0.15584339201450348,0.20596329867839813,0.15844829380512238
0.13140089809894562,0.24614694714546204,0.19294953346252441
0.10626956075429916,0.2667499780654907,0.20723122358322144
0.08790706843137741,0.2679145932197571,0.20097945630550385
0.06757824867963791,0.27938276529312134,0.19082793593406677
0.05202752351760864,0.3171365559101105,0.1372147649526596
0.029743431136012077,0.4193795323371887,0.0259050652384758
-0.0053655537776649,0.5952296257019043,-0.10940296202898026
-0.00406331242993474,0.7786270976066589,-0.2270675003528595
0.06375248730182648,0.9312054514884949,-0.3141256868839264
0.141950786113739,1.045063853263855,-0.3677893877029419
0.20224447548389435,1.052894115447998,-0.38445866107940674
0.2652682662010193,0.9981892108917236,-0.38110485672950745
0.3607551157474518,0.9481134414672852,-0.36048346757888794
0.4732840359210968,0.9271506667137146,-0.3186372220516205
0.5290359854698181,0.8784638047218323,-0.2840808629989624
0.5036526918411255,0.8092037439346313,-0.2999366819858551
0.3942316472530365,0.7259027361869812,-0.3879314959049225
0.13984064757823944,0.7073532342910767,-0.49523723125457764
-0.512691080570221,0.44909319281578064,-0.5215066075325012
-1.5009081363677979,-0.17169058322906494,-0.6573306322097778
-2.220280885696411,-0.7135253548622131,-0.5011010766029358
-2.4976933002471924,-1.1420599222183228,-0.2855824828147888
-2.3269479274749756,-1.1994999647140503,-0.028579164296388626
-1.7959047555923462,-0.9718737602233887,0.25877538323402405
-0.9446507692337036,-0.760554313659668,0.31489136815071106
0.009513268247246742,-0.31575852632522583,0.3085957467556
0.8368412852287292,0.2806110978126526,0.3306643068790436
1.3683115243911743,0.7603145241737366,0.37265390157699585
1.5456149578094482,1.0771182775497437,0.3876168727874756
1.454571008682251,1.1702443361282349,0.4021206498146057
1.1998343467712402,1.0654261112213135,0.42206454277038574
0.8624382019042969,0.8665186166763306,0.4494824707508087
0.532848596572876,0.6170629858970642,0.48006194829940796
0.26762259006500244,0.3933425843715668,0.5020420551300049
0.09971160441637039,0.23548026382923126,0.497065931558609
0.013387549668550491,0.12815454602241516,0.4829826354980469
-0.023359544575214386,0.07594221085309982,0.4584093987941742
-0.03940607234835625,0.05111906677484512,0.44110986590385437
-0.049575354903936386,0.06711054593324661,0.43138745427131653
-0.05437960848212242,0.10247138887643814,0.4209516942501068
-0.06427618861198425,0.12757353484630585,0.4089983403682709
-0.11078152805566788,0.14022983610630035,0.4120887517929077
-0.18392576277256012,0.13528142869472504,0.42545756697654724
-0.2715998888015747,0.1101905107498169,0.42302206158638
-0.33382463455200195,0.0595339871942997,0.4114149212837219
-0.3844575583934784,0.02153690718114376,0.38052695989608765
-0.46907418966293335,-0.01885365881025791,0.35506555438041687
-0.5968123078346252,-0.04239171743392944,0.31912481784820557
-0.6860377788543701,0.0009283255785703659,0.2775406241416931
-0.7115219831466675,0.10461316257715225,0.19446521997451782
-0.7546798586845398,0.24842973053455353,0.07011956721544266
-0.833842933177948,0.43708866834640503,-0.10982498526573181
-0.8690190315246582,0.6328861117362976,-0.37688490748405457
-0.8815175890922546,0.8345308899879456,-0.6541467308998108
-0.8395171165466309,0.8394955992698669,-0.8369436860084534
-0.7644572854042053,0.6420035362243652,-0.8160325288772583
-0.6922253966331482,0.3807666301727295,-0.6614219546318054
-0.6140255928039551,0.24035346508026123,-0.47827062010765076
-0.5401856899261475,0.26815634965896606,-0.3297618627548218
-0.47926610708236694,0.3942389488220215,-0.24722549319267273
-0.41534969210624695,0.5220344662666321,-0.19189299643039703
-0.34082698822021484,0.6023924350738525,-0.1782647967338562
-0.2897864282131195,0.6408895254135132,-0.18161745369434357
-0.28756922483444214,0.6562708616256714,-0.1909685730934143
-0.31292250752449036,0.6553294062614441,-0.1955963522195816
-0.3395270109176636,0.6253057718276978,-0.174701526761055
-0.3420436978340149,0.5770791172981262,-0.14996902644634247
-0.3146408200263977,0.5302413105964661,-0.1143425852060318
-0.27210429310798645,0.459454208612442,-0.06011423096060753
-0.21174585819244385,0.37921515107154846,0.003188705537468195
-0.13252000510692596,0.309944748878479,0.07574919611215591
-0.05062161758542061,0.2648143768310547,0.14255453646183014
0.019381435588002205,0.2570086121559143,0.19313515722751617
0.05759212747216225,0.28422820568084717,0.22586119174957275
0.07480919361114502,0.3108515739440918,0.25280386209487915
0.09217895567417145,0.3464462161064148,0.2759670615196228
0.11493726074695587,0.3807400166988373,0.3024735152721405
0.15386247634887695,0.403372585773468,0.33219844102859497
0.19490738213062286,0.42312923073768616,0.3590433597564697
0.23937737941741943,0.44416967034339905,0.38520103693008423
0.27762651443481445,0.4720715880393982,0.4047822058200836
0.30481618642807007,0.49556320905685425,0.4163509011268616
0.32147347927093506,0.5235421061515808,0.41748887300491333
0.3103540539741516,0.5513218641281128,0.4107328951358795
0.28944292664527893,0.5547605156898499,0.38666829466819763
0.266175240278244,0.5185801982879639,0.3634212613105774
0.25923478603363037,0.4498509168624878,0.34419485926628113
0.25211724638938904,0.3927381932735443,0.33176761865615845
0.2500511705875397,0.3395812213420868,0.31584829092025757
0.2602790594100952,0.2732517123222351,0.3027932941913605
0.28281739354133606,0.1968086212873459,0.29536867141723633
0.3154160678386688,0.15160635113716125,0.2891905605792999
0.3266383707523346,0.14242297410964966,0.2788148820400238
0.31316128373146057,0.13437055051326752,0.25795868039131165
0.28386572003364563,0.11398646235466003,0.22908787429332733
0.24898234009742737,0.09275837242603302,0.18903712928295135
0.22210891544818878,0.07479002326726913,0.13678032159805298
0.18633334338665009,0.06676019728183746,0.06786929070949554
0.13081681728363037,0.06508587300777435,0.0025387597270309925
0.05947737768292427,0.05715111643075943,-0.05741205811500549
-0.015418168157339096,0.043160200119018555,-0.10394174605607986
-0.08773330599069595,0.03742021322250366,-0.12809598445892334
-0.15453043580055237,0.03641965985298157,-0.1400836855173111
-0.20448234677314758,0.04246031865477562,-0.11443725973367691
-0.22369706630706787,0.04612375795841217,-0.07172334939241409
-0.20827311277389526,0.048760175704956055,-0.028996532782912254
-0.15833938121795654,0.03700871020555496,0.017861252650618553
-0.09208257496356964,0.03818154335021973,0.05643554776906967
-0.031126009300351143,0.05252639204263687,0.08935461938381195
0.020745128393173218,0.07739183306694031,0.11823020130395889
0.07145357877016068,0.09240593761205673,0.1413688063621521
0.11567177623510361,0.09074319899082184,0.151698499917984
0.16463905572891235,0.07113967835903168,0.1474938988685608
0.20510156452655792,0.0429547093808651,0.12975028157234192
0.22793924808502197,0.02047150582075119,0.10480072349309921
0.22114846110343933,0.01487952470779419,0.07374866306781769
0.20293644070625305,0.008280744776129723,0.040881264954805374
0.1892985701560974,-0.00330378208309412,-0.0035431492142379284
0.19254522025585175,-0.006116080097854137,-0.046431493014097214
0.19355465471744537,-0.0021580541506409645,-0.09259530156850815
0.17198145389556885,0.010926056653261185,-0.12519718706607819
0.13241107761859894,0.032848209142684937,-0.1423879861831665
0.07651824504137039,0.046871621161699295,-0.14750337600708008
0.020174037665128708,0.04489700496196747,-0.1483170986175537
-0.027986833825707436,0.022875061258673668,-0.14747154712677002
-0.06832174956798553,0.0030128099024295807,-0.14150968194007874
-0.1048123836517334,-0.011491031385958195,-0.12234316021203995
-0.1273314654827118,-0.014213789254426956,-0.09541173279285431
-0.12846410274505615,-0.011982593685388565,-0.06769727915525436
-0.10434863716363907,-0.018950099125504494,-0.036238282918930054
-0.07370737195014954,-0.028413642197847366,0.002681418089196086
-0.03434746712446213,-0.04486597329378128,0.04959899187088013
0.009448747150599957,-0.06471690535545349,0.09384767711162567
0.05178004503250122,-0.0764884352684021,0.13203084468841553
0.08702032268047333,-0.08319267630577087,0.16147208213806152
0.1091478168964386,-0.08697991073131561,0.1730935424566269
0.10357329249382019,-0.06982515752315521,0.1722373366355896
0.07121004909276962,-0.0593714714050293,0.16302892565727234
0.03165571391582489,-0.054490961134433746,0.15409721434116364
-0.0031086807139217854,-0.06314568221569061,0.14477215707302094
-0.03363756090402603,-0.0734124407172203,0.13668572902679443
-0.05349818244576454,-0.08310306072235107,0.13399451971054077
-0.050205715000629425,-0.08628793060779572,0.12914782762527466
-0.03518635034561157,-0.08377356827259064,0.1256004124879837
-0.007701195310801268,-0.08203186094760895,0.11866820603609085
0.03667185455560684,-0.08112078905105591,0.11231230199337006
0.06843990087509155,-0.08145847916603088,0.1004314124584198
0.08786571025848389,-0.084884412586689,0.09295222908258438
0.08994963020086288,-0.07997727394104004,0.08021007478237152
0.0780685767531395,-0.08357357233762741,0.06881862878799438
0.06015748903155327,-0.10039302706718445,0.06289282441139221
0.04737311601638794,-0.12953388690948486,0.0657283291220665
0.04647430032491684,-0.15397372841835022,0.06754833459854126
0.03856852650642395,-0.17126622796058655,0.07199377566576004
0.039979469031095505,-0.1761893481016159,0.0815100446343422
0.03397662565112114,-0.17351533472537994,0.09865925461053848
0.02693149819970131,-0.15798057615756989,0.112368144094944
0.02414560317993164,-0.14589771628379822,0.1211085096001625
0.014102555811405182,-0.1407647430896759,0.12994594871997833
-0.0037650922313332558,-0.14781324565410614,0.132997065782547
-0.025029100477695465,-0.16257327795028687,0.13957160711288452
-0.04223165661096573,-0.17176476120948792,0.14184550940990448
-0.056219909340143204,-0.17824529111385345,0.1457260102033615
-0.0644051656126976,-0.18138821423053741,0.15066471695899963
-0.06717804819345474,-0.18413500487804413,0.15737241506576538
-0.060478419065475464,-0.18061420321464539,0.16068929433822632
-0.054823461920022964,-0.17294643819332123,0.163629949092865
-0.05244799703359604,-0.15878526866436005,0.16368605196475983
-0.0531018003821373,-0.15464378893375397,0.16210520267486572
-0.05042322725057602,-0.14984674751758575,0.16549314558506012
-0.06496195495128632,-0.13890834152698517,0.16573204100131989
-0.09396238625049591,-0.11611425131559372,0.16229669749736786
-0.11936787515878677,-0.11100897192955017,0.15497593581676483
-0.1303034871816635,-0.11560001969337463,0.15419672429561615
-0.1225973591208458,-0.1382850855588913,0.15730170905590057
-0.10962099581956863,-0.14703792333602905,0.15698647499084473
-0.08755084872245789,-0.14048762619495392,0.16434958577156067
-0.0580834224820137,-0.12598346173763275,0.1668928563594818
-0.027060260996222496,-0.10221102833747864,0.16642120480537415
0.004078935831785202,-0.08254735171794891,0.15784400701522827
0.023647310212254524,-0.0678243339061737,0.1438312530517578
0.025000087916851044,-0.054458897560834885,0.12518450617790222
0.015035072341561317,-0.055359311401844025,0.10962659865617752
-0.004768031183630228,-0.061932556331157684,0.0983223170042038
-0.02065112441778183,-0.07093111425638199,0.09105881303548813
-0.023053962737321854,-0.07297494262456894,0.08252160996198654
-0.013061782345175743,-0.06563686579465866,0.07323756814002991
0.01142730563879013,-0.054996196180582047,0.06652720272541046
0.03704851493239403,-0.03183974698185921,0.05313948541879654
0.0652814656496048,-0.013703477568924427,0.04649023711681366
0.09562817960977554,0.0021063778549432755,0.03476673737168312
0.09688334167003632,0.023045610636472702,0.0225813090801239
0.09540741890668869,0.03704345226287842,0.0055141756311059
0.09194453060626984,0.041157886385917664,-0.007972469553351402
0.09095090627670288,0.04089929163455963,-0.026284098625183105
0.07866023480892181,0.043392330408096313,-0.038964781910181046
0.048331089317798615,0.04175102338194847,-0.05438368767499924
0.020947929471731186,0.03305274248123169,-0.06118500605225563
0.006197214126586914,0.017551280558109283,-0.06614194065332413
0.012318318709731102,0.007349416613578796,-0.07078081369400024
0.027671709656715393,0.005992801859974861,-0.07466477155685425
0.05731309950351715,0.01141311228275299,-0.0770125761628151
0.08502887934446335,0.018764501437544823,-0.08084486424922943
0.11262410879135132,0.02594110369682312,-0.08050495386123657
0.12341763824224472,0.038073133677244186,-0.08524005860090256
0.11905398964881897,0.04033968225121498,-0.08981771022081375
0.10586068779230118,0.03630472719669342,-0.08864618837833405
0.08795332908630371,0.03750581294298172,-0.07854854315519333
0.06622353196144104,0.036802738904953,-0.06561809778213501
0.05446244403719902,0.028083043172955513,-0.058329567313194275
0.04898911342024803,0.022383613511919975,-0.04898533225059509
0.05343152955174446,0.024512147530913353,-0.04792686179280281
0.05468161404132843,0.03563883155584335,-0.04196910560131073
0.04915932938456535,0.04622553661465645,-0.037806443870067596
0.04570094868540764,0.05141177400946617,-0.034064967185258865
0.04390506073832512,0.043188706040382385,-0.03346172347664833
0.0478753037750721,0.03670204430818558,-0.031440649181604385
0.04442829638719559,0.031509362161159515,-0.030038446187973022
0.038883328437805176,0.02594841457903385,-0.024768851697444916
0.04023629054427147,0.021767569705843925,-0.02003486268222332
0.03836409002542496,0.014244139194488525,-0.009090602397918701
0.04348699003458023,0.007562506943941116,-0.0039240652695298195
0.05154358595609665,-0.000727381557226181,0.01009481493383646
0.0560159757733345,-0.0012331381440162659,0.023811200633645058
0.06073696166276932,0.005226358771324158,0.031188957393169403
0.06638488918542862,0.009079650044441223,0.031191129237413406
0.07960721850395203,0.007386412471532822,0.030505366623401642
0.08470488339662552,0.003971744328737259,0.02570417709648609
0.08686124533414841,-0.0013947924599051476,0.02564425580203533
0.0915827602148056,-0.004238516092300415,0.028568938374519348
0.09867103397846222,-0.006318178027868271,0.03405265510082245
0.10750488936901093,-0.003792598843574524,0.0384473092854023
0.10668464004993439,0.008303744718432426,0.0361974723637104
0.1045832708477974,0.015394287183880806,0.03977605327963829
0.10072515159845352,0.021022876724600792,0.034274496138095856
0.10412392765283585,0.013704583048820496,0.026099875569343567
0.10512368381023407,0.005693260580301285,0.016466956585645676
0.0971592515707016,0.0032833535224199295,0.00925485324114561
0.07698767632246017,0.0041962843388319016,-0.0004225415177643299
0.05548095703125,0.009703528136014938,-0.008086143061518669
0.041121989488601685,0.002572380006313324,-0.008052587509155273
0.04520777612924576,-0.018147654831409454,-0.004724308382719755
0.05387157201766968,-0.028671668842434883,-0.001767400186508894
0.07127822190523148,-0.031229976564645767,0.00766583438962698
0.08614904433488846,-0.019706211984157562,0.001249214168637991
0.09613672643899918,-0.005147562362253666,-0.005756417755037546
0.10167956352233887,0.00424380786716938,-0.007935682311654091
0.10172317922115326,0.00552712194621563,-0.01587478071451187
0.09449775516986847,-0.0022778036072850227,-0.022573696449398994
0.07864111661911011,-0.012120665982365608,-0.029082641005516052
0.05360926687717438,-0.01693672686815262,-0.03297431766986847
0.028839386999607086,-0.020381972193717957,-0.030412713065743446
0.006138600874692202,-0.020693296566605568,-0.03336961939930916
-0.00385822681710124,-0.02423931658267975,-0.03995637968182564
-0.000905313587281853,-0.020431796088814735,-0.03761759027838707
0.0038648785557597876,-0.013473551720380783,-0.039025019854307175
0.0055770245380699635,-0.0007186084985733032,-0.04142186418175697
-0.0011695611756294966,0.013846218585968018,-0.03870730474591255
-0.002818590495735407,0.012985752895474434,-0.03695813938975334
-0.005210979841649532,0.0013853684067726135,-0.026615042239427567
-0.006593426689505577,-0.009333854541182518,-0.017284125089645386
-0.0037667315918952227,-0.01854667253792286,-0.01812847889959812
0.00201951852068305,-0.015871793031692505,-0.013281792402267456
0.004017042927443981,-0.008805392310023308,-0.014527310617268085
0.0016428343951702118,-0.0018641287460923195,-0.016825620085000992
-0.007209325674921274,-0.0028064055368304253,-0.019477015361189842
-0.013770288787782192,-0.014754677191376686,-0.02230262942612171
-0.02109512686729431,-0.031730249524116516,-0.016719799488782883
-0.016308095306158066,-0.039970867335796356,-0.012147151865065098
-0.009278074838221073,-0.04047321900725365,-0.0017349040135741234
0.0037059003952890635,-0.035293903201818466,0.0074016023427248
0.022396309301257133,-0.023896321654319763,0.01969151198863983
0.033302485942840576,-0.015099901705980301,0.026570722460746765
0.03142808377742767,-0.012056629173457623,0.036045365035533905
0.021611670032143593,-0.015162673778831959,0.03883768618106842
0.007143525872379541,-0.023679470643401146,0.03657373785972595
-0.0017865857807919383,-0.027943190187215805,0.030508387833833694
-0.012435439974069595,-0.030164605006575584,0.024836204946041107
-0.01738812029361725,-0.02868708223104477,0.017428889870643616
-0.01502082496881485,-0.02581407129764557,0.01638919487595558
-0.00894508883357048,-0.018409419804811478,0.01927632838487625
-0.0016355372499674559,-0.016107365489006042,0.02261938899755478
0.010746563784778118,-0.018880516290664673,0.026312394067645073
0.015338919125497341,-0.019784392789006233,0.024931810796260834
0.021691888570785522,-0.015259415842592716,0.021769573912024498
0.022510528564453125,-0.013410371728241444,0.01245037093758583
0.011134837754070759,-0.008709093555808067,0.006991422735154629
-0.002458699978888035,-0.005327037535607815,0.0038082872051745653
-0.016155071556568146,-0.010335644707083702,0.004587794654071331
-0.025190383195877075,-0.01799049600958824,0.009231148287653923
-0.030371030792593956,-0.018512742593884468,0.01571168377995491
-0.03241229057312012,-0.010800128802657127,0.019633589312434196
-0.028751511126756668,0.004956196993589401,0.02608989179134369
-0.016046566888689995,0.006255347281694412,0.028852611780166626
-0.020433325320482254,0.006709149107336998,0.028832638636231422
-0.030052004382014275,-0.004031655378639698,0.034535299986600876
-0.03344647213816643,-0.014797218143939972,0.040725018829107285
-0.03596308082342148,-0.01783663034439087,0.04821484535932541
-0.03254438191652298,-0.02367853932082653,0.05388791114091873
-0.023693792521953583,-0.01980254240334034,0.055557142943143845
-0.010906890965998173,-0.021868623793125153,0.060128193348646164
-0.004221418872475624,-0.013133710250258446,0.06501185894012451
0.0041520921513438225,-0.007256912998855114,0.06615222245454788
0.005857104901224375,-0.004832840524613857,0.07112164050340652
0.002359309233725071,-0.0018109511584043503,0.08235644549131393
-0.0010085117537528276,0.002779267728328705,0.11015931516885757
0.00203015492297709,0.02031778171658516,0.14117687940597534
0.0219452902674675,0.05586441233754158,0.17768342792987823
0.05606198310852051,0.09629599750041962,0.1893315613269806
0.09253590553998947,0.11990473419427872,0.19910578429698944
0.138628289103508,0.12696824967861176,0.1965656727552414
0.16324728727340698,0.11683206260204315,0.19273541867733002
0.16639994084835052,0.09998117387294769,0.1776169240474701
0.17238470911979675,0.07953821122646332,0.15534280240535736
0.17033380270004272,0.068747878074646,0.15093687176704407
0.16803400218486786,0.07459196448326111,0.14910857379436493
0.16970966756343842,0.09725359827280045,0.15757395327091217
0.17434267699718475,0.1190190315246582,0.14883829653263092
0.16311639547348022,0.15465664863586426,0.1411076784133911
0.15167303383350372,0.17268280684947968,0.14232847094535828
0.14284305274486542,0.1799367219209671,0.14180223643779755
0.13576345145702362,0.1827029585838318,0.13178472220897675
0.12908610701560974,0.16462942957878113,0.1188148558139801
0.12689699232578278,0.13282860815525055,0.09790132194757462
0.12477526068687439,0.10144458711147308,0.07206306606531143
0.12315267324447632,0.07111601531505585,0.052889324724674225
0.10725386440753937,0.04693638160824776,0.0475052148103714
0.08492840826511383,0.03206999972462654,0.04807734861969948
0.06329821795225143,0.03025958314538002,0.0529051274061203
0.047632284462451935,0.043662503361701965,0.06038057804107666
0.03163760527968407,0.06028594821691513,0.06968939304351807
0.018112286925315857,0.09331931918859482,0.11829683184623718
-0.03975287824869156,0.20451508462429047,0.3420872986316681
-0.057594992220401764,0.23022738099098206,0.31124791502952576
-0.02699953131377697,0.07301431149244308,0.21526145935058594
-0.027318576350808144,0.026204733178019524,0.16391916573047638
0.004225234035402536,0.08244483172893524,0.1352268010377884
0.03162205219268799,0.16541726887226105,0.13601265847682953
0.059873927384614944,0.18290650844573975,0.1500520408153534
0.08009419590234756,0.17905442416667938,0.14911606907844543
0.08430678397417068,0.18255886435508728,0.1544961929321289
0.07777649164199829,0.17482595145702362,0.1550220400094986
0.07110900431871414,0.14885373413562775,0.13675515353679657
0.06733760982751846,0.1066974550485611,0.11330979317426682
0.07121463865041733,0.07445429265499115,0.08241552114486694
0.06376353651285172,0.071054607629776,0.06628599762916565
0.04725487157702446,0.03777840733528137,0.049541376531124115
0.03641373664140701,-0.0008714534342288971,0.05550360679626465
0.026617297902703285,-0.013512946665287018,0.05932338163256645
0.02763412334024906,-0.032259225845336914,0.06822606176137924
0.024272948503494263,-0.05040653422474861,0.07258912175893784
0.015659570693969727,-0.06848202645778656,0.07553653419017792
0.004281480796635151,-0.07792799174785614,0.08139974623918533
-0.016640469431877136,-0.08425044268369675,0.08054070174694061
-0.04433228448033333,-0.08636818826198578,0.07919660955667496
-0.06456300616264343,-0.09655516594648361,0.0773162767291069
-0.08174412697553635,-0.10255952924489975,0.07314816117286682
-0.08508964627981186,-0.11193045973777771,0.08540568500757217
-0.09154967218637466,-0.12461989372968674,0.11223623156547546
-0.09553483873605728,-0.12637384235858917,0.1486259251832962
-0.11228106170892715,-0.1382717788219452,0.1825050562620163
-0.12962689995765686,-0.14869913458824158,0.2189914733171463
-0.14109927415847778,-0.1573014110326767,0.2426544576883316
-0.15311558544635773,-0.17065301537513733,0.28233590722084045
-0.164880633354187,-0.12340667843818665,0.31610798835754395
-0.138133704662323,-0.11036571115255356,0.23425307869911194
-0.11761457473039627,-0.19150769710540771,0.05084037780761719
-0.16706040501594543,-0.28719642758369446,-0.0869521051645279
-0.2551244795322418,-0.4031115770339966,-0.16003111004829407
-0.38117316365242004,-0.558286190032959,-0.1738511025905609
-0.5364386439323425,-0.6953742504119873,-0.1597701609134674
-0.6736252903938293,-0.8254814147949219,-0.12398767471313477
-0.7824162244796753,-0.9502667784690857,-0.07600842416286469
-0.8589493632316589,-1.018593430519104,-0.03777870535850525
-0.8825803995132446,-1.0342780351638794,-0.004648979753255844
-0.8465083241462708,-0.988236665725708,0.006292250938713551
-0.7523877024650574,-0.8611854910850525,-0.0018607499077916145
-0.6247031688690186,-0.6804164052009583,-0.03652004897594452
-0.47824743390083313,-0.5106415152549744,-0.07243863493204117
-0.33666685223579407,-0.36890465021133423,-0.07952184230089188
-0.22459518909454346,-0.2634567618370056,-0.05768338963389397
-0.14157280325889587,-0.1976170837879181,-0.023857470601797104
-0.09073439240455627,-0.18150629103183746,0.008584091439843178
-0.08336304873228073,-0.2062101662158966,0.021643299609422684
-0.09131791442632675,-0.24189652502536774,0.03709282726049423
-0.0969894602894783,-0.28244826197624207,0.05438904091715813
-0.11179370433092117,-0.2910816967487335,0.06035665050148964
-0.12068910896778107,-0.26689282059669495,0.06869296729564667
-0.12847620248794556,-0.23566991090774536,0.0631256252527237
-0.12395418435335159,-0.20701202750205994,0.046186454594135284
-0.1165684387087822,-0.17332330346107483,0.016055181622505188
-0.10736481845378876,-0.15636563301086426,-0.00782591663300991
-0.07840560376644135,-0.1984424889087677,0.0002852729521691799
-0.036629341542720795,-0.24625706672668457,0.015353314578533173
0.007169805467128754,-0.2841397523880005,0.03928980976343155
0.06512977182865143,-0.31806784868240356,0.08090861886739731
0.11928088963031769,-0.31346243619918823,0.15979917347431183
0.15407311916351318,-0.2270859330892563,0.3665810227394104
0.12861409783363342,-0.10614379495382309,0.5906404852867126
0.023104352876544,0.018096890300512314,0.6191124320030212
-0.11080124974250793,0.12715838849544525,0.443855881690979
-0.21455179154872894,0.23154543340206146,0.20904399454593658
-0.2620474100112915,0.31222933530807495,0.05311698094010353
-0.24262550473213196,0.3457529842853546,-0.017741216346621513
-0.1513264775276184,0.323606938123703,-0.07558294385671616
-0.007083103992044926,0.28944888710975647,-0.16754557192325592
0.13121618330478668,0.31699079275131226,-0.2877159118652344
0.24773170053958893,0.42045915126800537,-0.36169514060020447
0.3231566846370697,0.4855281710624695,-0.3597627580165863
0.3685397803783417,0.4901101887226105,-0.33045631647109985
0.3854694962501526,0.4716201424598694,-0.27854758501052856
0.3613984286785126,0.45708391070365906,-0.22958865761756897
0.32017242908477783,0.42998066544532776,-0.19543549418449402
0.2748246192932129,0.3743588328361511,-0.17784491181373596
0.24968543648719788,0.2924730181694031,-0.17855358123779297
0.23126190900802612,0.24498146772384644,-0.19878676533699036
0.2121151089668274,0.2196684032678604,-0.18965211510658264
0.20245006680488586,0.20772536098957062,-0.1794814169406891
0.20730073750019073,0.20051592588424683,-0.18086892366409302
0.22790521383285522,0.18614725768566132,-0.17991143465042114
0.25748521089553833,0.183427631855011,-0.17376166582107544
0.30147784948349,0.1903025507926941,-0.16298887133598328
0.35143500566482544,0.19347384572029114,-0.1465851217508316
0.3939899802207947,0.19512054324150085,-0.12282046675682068
0.41765403747558594,0.18609750270843506,-0.08320647478103638
0.41063034534454346,0.186652272939682,-0.01970130205154419
0.37041234970092773,0.17233511805534363,0.03348921239376068
0.3163889944553375,0.13263210654258728,0.07901733368635178
0.2476314902305603,0.08557218313217163,0.0969390794634819
0.17571477591991425,0.05091119930148125,0.09492914378643036
0.11425088346004486,0.015214718878269196,0.07258708775043488
0.07272081822156906,-0.019250523298978806,0.042251769453287125
0.0540776252746582,-0.03686387091875076,0.016566380858421326
0.05892080068588257,-0.03409545123577118,-0.001923498697578907
0.08908455818891525,-0.009602891281247139,-0.008417882956564426
0.13215512037277222,0.04769575595855713,-0.0053085582330822945
0.18332642316818237,0.11917420476675034,-0.012709748931229115
0.2325708568096161,0.16769760847091675,-0.026497822254896164
0.2767079472541809,0.19877482950687408,-0.04554794728755951
0.29942014813423157,0.20941339433193207,-0.0714527890086174
0.3024598956108093,0.20077089965343475,-0.0767679214477539
0.27705833315849304,0.18621866405010223,-0.06143059581518173
0.2792264223098755,0.3296101689338684,0.0887405276298523
0.3705132007598877,0.4038204848766327,0.12550999224185944
0.4469722807407379,0.29797714948654175,0.016973134130239487
0.39072662591934204,0.24130918085575104,-0.07841716706752777
0.31949371099472046,0.21927765011787415,-0.14747105538845062
0.24774394929409027,0.23648080229759216,-0.1606733351945877
0.17102280259132385,0.2339327037334442,-0.1404319703578949
0.10358767211437225,0.20754438638687134,-0.11983899772167206
0.045293472707271576,0.18606626987457275,-0.10925160348415375
0.005969750229269266,0.1648913472890854,-0.12498409301042557
-0.0001581835385877639,0.1312476247549057,-0.17424005270004272
0.00853668712079525,0.10933682322502136,-0.23333941400051117
0.017695564776659012,0.12287686765193939,-0.26973310112953186
0.009365897625684738,0.1683664321899414,-0.26249924302101135
-0.01921221800148487,0.21376986801624298,-0.24409760534763336
-0.040962837636470795,0.23497319221496582,-0.22239241003990173
-0.06036476418375969,0.23344826698303223,-0.20680518448352814
-0.07310795038938522,0.22693346440792084,-0.2056582123041153
-0.07290980964899063,0.2227155566215515,-0.2203996181488037
-0.0673040971159935,0.21323002874851227,-0.23326332867145538
-0.05443410947918892,0.20616918802261353,-0.23928873240947723
-0.03319629281759262,0.18218378722667694,-0.24458318948745728
-0.011090459302067757,0.14994356036186218,-0.25468456745147705
0.011837935075163841,0.1199728325009346,-0.2587788701057434
0.021345684304833412,0.09556230157613754,-0.25653621554374695
0.017330866307020187,0.07981792837381363,-0.2448403686285019
0.003570843953639269,0.07291314750909805,-0.212009459733963
-0.02042163722217083,0.07841837406158447,-0.1733861118555069
-0.06818196922540665,0.09654650837182999,-0.1381426304578781
-0.1254701167345047,0.14523357152938843,-0.10733567923307419
-0.1744789332151413,0.19213742017745972,-0.08872444182634354
-0.2060786783695221,0.22828266024589539,-0.09438898414373398
-0.22713495790958405,0.25213631987571716,-0.11062175035476685
-0.2321397215127945,0.2450217306613922,-0.1304631382226944
-0.229801744222641,0.2212330400943756,-0.14365750551223755
-0.22845253348350525,0.1860739141702652,-0.1389835774898529
-0.21807019412517548,0.14553554356098175,-0.12701506912708282
-0.19338445365428925,0.1200130432844162,-0.09944166988134384
-0.16203558444976807,0.10406923294067383,-0.07013677805662155
-0.12286458909511566,0.09829586744308472,-0.046554576605558395
-0.06778135895729065,0.08517873287200928,-0.03224647790193558
0.006693513132631779,0.07105761766433716,-0.01497991569340229
0.0809328556060791,0.06653184443712234,0.0016347469063475728
0.1540636420249939,0.06532600522041321,0.013702286407351494
0.21642154455184937,0.06033497303724289,0.029771002009510994
0.26121941208839417,0.05104035511612892,0.03713378682732582
0.29035651683807373,0.04255339130759239,0.042518164962530136
0.29624810814857483,0.03798834979534149,0.04218616709113121
0.29771310091018677,0.04381481558084488,0.04177391156554222
0.2928825914859772,0.051170945167541504,0.0431622639298439
0.29146870970726013,0.063200443983078,0.04307890683412552
0.2934565246105194,0.08534243702888489,0.03671003878116608
0.28733447194099426,0.12394202500581741,0.026181230321526527
0.26855501532554626,0.15711721777915955,0.00877942144870758
0.23421940207481384,0.1864418089389801,-0.006243470124900341
0.18666383624076843,0.20154517889022827,-0.011999435722827911
0.13385148346424103,0.20363175868988037,-0.020277872681617737
0.08041825890541077,0.2011222243309021,-0.027065694332122803
0.0407310388982296,0.1855107694864273,-0.03920624405145645
0.00802492443472147,0.16619043052196503,-0.049270953983068466
-0.013726177625358105,0.16106384992599487,-0.06315188109874725
-0.02650470845401287,0.1500021368265152,-0.0793856829404831
-0.04126181825995445,0.13886666297912598,-0.08542120456695557
-0.06030433624982834,0.11844488978385925,-0.09012797474861145
-0.13606035709381104,0.05884627252817154,-0.08675774186849594
-0.18819430470466614,0.06252160668373108,-0.10662724077701569
-0.17141692340373993,0.04966520145535469,-0.08225345611572266
-0.13238269090652466,0.02987963706254959,-0.05282272398471832
-0.07850747555494308,0.03201788663864136,-0.03354330360889435
-0.017068542540073395,0.058345548808574677,-0.015239041298627853
0.04365206137299538,0.09698029607534409,0.0013300813734531403
0.09567617624998093,0.12578219175338745,0.023990068584680557
0.11646055430173874,0.14911147952079773,0.041604749858379364
0.11990435421466827,0.15904808044433594,0.06016739085316658
0.10523565858602524,0.1694013923406601,0.06616349518299103
0.0840056911110878,0.17151010036468506,0.06610117107629776
0.052348170429468155,0.18073928356170654,0.06328115612268448
0.021518221125006676,0.18383878469467163,0.05931108444929123
0.0004757852584589273,0.17487379908561707,0.06486830115318298
-0.013266860507428646,0.169454887509346,0.07635439187288284
-0.02301669307053089,0.16416823863983154,0.08428209275007248
-0.031192630529403687,0.14717477560043335,0.0871238112449646
-0.03795652464032173,0.13592290878295898,0.08204729855060577
-0.04520617052912712,0.12089681625366211,0.06416976451873779
-0.044630397111177444,0.11808425188064575,0.05222388729453087
-0.053456250578165054,0.11043554544448853,0.04270637407898903
-0.05968724936246872,0.09203203022480011,0.03687192127108574
-0.06244567409157753,0.058805160224437714,0.028859758749604225
-0.05684851109981537,0.01383102498948574,0.019634833559393883
-0.04166907072067261,-0.03660561889410019,0.01807061769068241
-0.016157854348421097,-0.0814623087644577,0.011881431564688683
0.016204513609409332,-0.1035107895731926,0.007271940819919109
0.04668892174959183,-0.11761143058538437,-0.003131431993097067
0.0783410370349884,-0.1177612841129303,-0.016000445932149887
0.11120657622814178,-0.11905424296855927,-0.031021205708384514
0.15281839668750763,-0.12415185570716858,-0.03345342352986336
0.19788280129432678,-0.12961345911026,-0.027304984629154205
0.23383478820323944,-0.11805997788906097,-0.007791643030941486
0.26221635937690735,-0.08028116822242737,0.008845390751957893
0.2751215100288391,-0.03240140154957771,0.014579576440155506
0.27015310525894165,0.01263158768415451,0.018527446314692497
0.24488861858844757,0.04335886985063553,0.018090983852744102
0.19869635999202728,0.06344123184680939,0.02114829421043396
0.1479591727256775,0.058419302105903625,0.013074925169348717
0.10066916048526764,0.04206562787294388,0.004436429124325514
0.05927621200680733,0.03385148197412491,-0.004599002189934254
0.026828259229660034,0.022083241492509842,-0.015154708176851273
-0.0030704280361533165,0.010671636089682579,-0.026219919323921204
-0.02249046601355076,0.0060470569878816605,-0.030982982367277145
-0.03114299103617668,-0.004540158435702324,-0.04166509956121445
-0.030187182128429413,-0.02323448471724987,-0.056697048246860504
-0.019891129806637764,-0.0409020334482193,-0.06831894814968109
0.001242385827936232,-0.052062805742025375,-0.07531879842281342
0.02015073224902153,-0.0641084536910057,-0.07692264020442963
0.042317286133766174,-0.06692874431610107,-0.06743406504392624
0.06390265375375748,-0.068995401263237,-0.05909140780568123
0.08881305903196335,-0.07006625831127167,-0.056893233209848404
0.09876342117786407,-0.06703517585992813,-0.06443118304014206
0.099787138402462,-0.05946460738778114,-0.0858408659696579
0.08020687848329544,-0.049552686512470245,-0.09853419661521912
0.05013366416096687,-0.046958766877651215,-0.1085096001625061
0.012948517687618732,-0.04862489551305771,-0.11755841225385666
-0.027402369305491447,-0.05617309361696243,-0.12329033762216568
-0.06532666832208633,-0.06493770331144333,-0.12939366698265076
-0.0959535539150238,-0.08207114785909653,-0.13891127705574036
-0.1155681386590004,-0.0897676944732666,-0.14283326268196106
-0.11909522861242294,-0.09362021833658218,-0.1450655162334442
-0.10646746307611465,-0.08454308658838272,-0.13843323290348053
-0.08928607404232025,-0.05674660950899124,-0.12937556207180023
-0.0655054971575737,-0.022375211119651794,-0.11664414405822754
-0.04042171686887741,0.0022861938923597336,-0.10915213823318481
-0.014397839084267616,0.007882559671998024,-0.10705303400754929
0.000845828210003674,0.0029852725565433502,-0.11018890142440796
0.00835623312741518,-0.017499778419733047,-0.12266501784324646
0.008382066152989864,-0.039555810391902924,-0.1369648575782776
0.002951940055936575,-0.0661693811416626,-0.1535423994064331
0.0019449987448751926,-0.09168165922164917,-0.16358065605163574
0.007742852438241243,-0.11554428189992905,-0.16422870755195618
0.025191618129611015,-0.1312428116798401,-0.1584339290857315
0.04461725428700447,-0.13367335498332977,-0.14911966025829315
0.069108746945858,-0.13459402322769165,-0.14304499328136444
0.10076698660850525,-0.13570405542850494,-0.13245221972465515
0.1399836242198944,-0.13854245841503143,-0.12168027460575104
0.16695821285247803,-0.14815188944339752,-0.10889344662427902
0.19432592391967773,-0.1543317586183548,-0.09932205080986023
0.22523906826972961,-0.16410912573337555,-0.0943540558218956
0.25637727975845337,-0.17227810621261597,-0.09807050228118896
0.2954830527305603,-0.17417044937610626,-0.10587098449468613
0.3313249349594116,-0.17616809904575348,-0.11871461570262909
0.37048912048339844,-0.18717093765735626,-0.12781701982021332
0.4042900502681732,-0.20321685075759888,-0.1296883523464203
0.43169713020324707,-0.21451330184936523,-0.13099530339241028
0.46076422929763794,-0.24070203304290771,-0.13209837675094604
0.48435574769973755,-0.26498943567276,-0.14124749600887299
0.506436824798584,-0.29295793175697327,-0.16338475048542023
0.5218226313591003,-0.3283572793006897,-0.19509842991828918
0.535138726234436,-0.3632090091705322,-0.24148111045360565
0.5260244011878967,-0.3839404881000519,-0.28848472237586975
0.5022567510604858,-0.3921739161014557,-0.326164186000824
0.4582136571407318,-0.3881092667579651,-0.34904995560646057
0.40094423294067383,-0.37719693779945374,-0.3618943691253662
0.3398960828781128,-0.37252262234687805,-0.3603552579879761
0.271923691034317,-0.3567756116390228,-0.35177668929100037
0.20101411640644073,-0.3368258774280548,-0.3320716917514801
0.1256575733423233,-0.3050956428050995,-0.2979573905467987
0.03564607724547386,-0.25300952792167664,-0.24419698119163513
-0.06659561395645142,-0.19937001168727875,-0.19528163969516754
-0.16399826109409332,-0.1595531702041626,-0.14270196855068207
-0.25655508041381836,-0.1301974058151245,-0.09802957624197006
-0.3409010171890259,-0.09885261952877045,-0.06362038105726242
-0.41266655921936035,-0.06468213349580765,-0.037955496460199356
-0.4663849174976349,-0.02968446910381317,-0.02160768397152424
-0.5101007223129272,0.002925138920545578,-0.01042347215116024
-0.5343099236488342,0.02352469228208065,-0.010258888825774193
-0.5518825054168701,0.031866513192653656,-0.010880736634135246
-0.5571922063827515,0.03074280358850956,-0.012482799589633942
-0.5541527271270752,0.028926795348525047,-0.018982775509357452
-0.5277477502822876,0.025835225358605385,-0.023656951263546944
-0.48751989006996155,0.025066105648875237,-0.028431199491024017
-0.4322667121887207,0.032851435244083405,-0.0391036756336689
-0.3578755855560303,0.03520193696022034,-0.04862207919359207
-0.2741939127445221,0.037024788558483124,-0.06774801015853882
-0.1783938854932785,0.025355881080031395,-0.08815714716911316
-0.08571657538414001,-0.002751355990767479,-0.11225293576717377
0.021863942965865135,-0.051173217594623566,-0.13352546095848083
0.14217162132263184,-0.11424291133880615,-0.16248050332069397
0.26275956630706787,-0.16715751588344574,-0.18617039918899536
0.3713497221469879,-0.19722294807434082,-0.2045811414718628
0.4694957435131073,-0.21168842911720276,-0.22240515053272247
0.5654491782188416,-0.2238730937242508,-0.2416982799768448
0.6452580094337463,-0.23926962912082672,-0.2620200514793396
0.6958779096603394,-0.263250470161438,-0.2878997027873993
0.7162644267082214,-0.2839807868003845,-0.30138301849365234
0.7147688865661621,-0.2942988872528076,-0.2992304265499115
0.6834086179733276,-0.28682366013526917,-0.284811794757843
0.6254040598869324,-0.26948416233062744,-0.26520049571990967
0.5465728640556335,-0.24765688180923462,-0.2423415184020996
0.4420418441295624,-0.21616396307945251,-0.21212951838970184
0.33527809381484985,-0.18840903043746948,-0.18450960516929626
0.2281934767961502,-0.16698884963989258,-0.15729250013828278
0.13683374226093292,-0.14966711401939392,-0.13600638508796692
0.0654716044664383,-0.1275799721479416,-0.12037065625190735
0.010000087320804596,-0.10168818384408951,-0.10877392441034317
-0.027075383812189102,-0.07193440943956375,-0.09382759779691696
-0.05397916957736015,-0.049584634602069855,-0.08352462202310562
-0.06647861748933792,-0.02535182610154152,-0.07320265471935272
-0.07007282227277756,-0.019747203215956688,-0.06349384039640427
-0.06612671911716461,-0.020284321159124374,-0.05001828446984291
-0.06118069961667061,-0.02048352360725403,-0.03275434300303459
-0.06209235638380051,-0.02169269509613514,-0.014292657375335693
-0.06602717190980911,-0.02495080605149269,0.00044234655797481537
-0.06785111874341965,-0.02633155882358551,0.012816604226827621
-0.07130550593137741,-0.032916758209466934,0.014444062486290932
-0.07046467065811157,-0.04444432631134987,0.004349702037870884
-0.06467469781637192,-0.05834230035543442,-0.008801519870758057
-0.05620581656694412,-0.07546643912792206,-0.022260066121816635
-0.040764544159173965,-0.09311442077159882,-0.035621676594018936
-0.019582528620958328,-0.10691749304533005,-0.0468544140458107
-0.004981481470167637,-0.11915738135576248,-0.0607294887304306
0.01564355380833149,-0.13088639080524445,-0.0707651674747467
0.03291255235671997,-0.14424613118171692,-0.07407467812299728
0.047604188323020935,-0.15757568180561066,-0.07781866937875748
0.05610313266515732,-0.16553667187690735,-0.08267627656459808
0.0629158541560173,-0.1739112138748169,-0.08136684447526932
0.06228308752179146,-0.18050280213356018,-0.07021938264369965
0.05434713885188103,-0.18043436110019684,-0.06364670395851135
0.04672516882419586,-0.17914512753486633,-0.05556586757302284
0.03236556053161621,-0.1818619668483734,-0.04707420989871025
0.02229987271130085,-0.18031279742717743,-0.0491219162940979
0.013705010525882244,-0.18891848623752594,-0.05400995910167694
-0.0003373045474290848,-0.19496838748455048,-0.058302707970142365
-0.0117998281493783,-0.19727706909179688,-0.056864604353904724
-0.017685679718852043,-0.21139821410179138,-0.056150875985622406
-0.023134438320994377,-0.23488737642765045,-0.04493808373808861
-0.0191788449883461,-0.26611003279685974,-0.03320419415831566
-0.0069462307728827,-0.29225924611091614,-0.018366750329732895
0.007178110536187887,-0.31774064898490906,-0.00017869006842374802
0.02819654531776905,-0.34404438734054565,0.011303788051009178
0.03348798304796219,-0.3660873770713806,0.018752116709947586
0.03363434597849846,-0.39474648237228394,0.01460028626024723
0.012350095435976982,-0.4457681179046631,0.009142670780420303
-0.023176973685622215,-0.5059806108474731,0.014349160715937614
-0.07034821063280106,-0.5647879838943481,0.01360134407877922
-0.11168675869703293,-0.6063545942306519,0.013838059268891811
-0.1374983936548233,-0.6273280382156372,0.013301165774464607
-0.15062856674194336,-0.63642418384552,0.01201951876282692
-0.158668652176857,-0.6676987409591675,0.012406209483742714
-0.17403888702392578,-0.6932723522186279,0.006344368681311607
-0.20408999919891357,-0.6931636929512024,-0.010413305833935738
-0.24594824016094208,-0.6812555193901062,-0.028228918090462685
-0.2837318480014801,-0.6896974444389343,-0.042508259415626526
-0.3045009672641754,-0.6909850835800171,-0.04394847899675369
-0.31060492992401123,-0.6807785630226135,-0.041793983429670334
-0.3060247302055359,-0.6501620411872864,-0.04319531098008156
-0.2832227349281311,-0.612307071685791,-0.06125660240650177
-0.24027015268802643,-0.5697460174560547,-0.08935487270355225
-0.1919926404953003,-0.5269239544868469,-0.1034642904996872
-0.1392095535993576,-0.47067269682884216,-0.1129736378788948
-0.08076674491167068,-0.40960693359375,-0.10735303908586502
-0.030868448317050934,-0.347889244556427,-0.09472779184579849
0.0093532744795084,-0.2993920147418976,-0.07616876065731049
0.027797212824225426,-0.2770113945007324,-0.05847519263625145
0.02319180965423584,-0.27562177181243896,-0.04098967835307121
-0.0046242279931902885,-0.27601221203804016,-0.028250673785805702
-0.03801201283931732,-0.27691423892974854,-0.017900297418236732
-0.06293077021837234,-0.2897544205188751,-0.008981859311461449
-0.08801881223917007,-0.2868872582912445,0.00038208067417144775
-0.1095626950263977,-0.28519874811172485,0.002593973884359002
-0.1310402899980545,-0.2872541546821594,-0.004184570163488388
-0.14742125570774078,-0.29053330421447754,-0.02169162593781948
-0.15761584043502808,-0.2916731536388397,-0.04049407318234444
-0.16213056445121765,-0.29411351680755615,-0.053831085562705994
-0.153997004032135,-0.28714457154273987,-0.06347332894802094
-0.12932662665843964,-0.2564569115638733,-0.06683691591024399
-0.10533127188682556,-0.21629270911216736,-0.06581186503171921
-0.07765984535217285,-0.1722388118505478,-0.06223141774535179
-0.044277384877204895,-0.11973431706428528,-0.06124657765030861
-0.006196446251124144,-0.058246977627277374,-0.05693841725587845
0.027605192735791206,-0.002072388306260109,-0.05615092068910599
0.06504501402378082,0.042589034885168076,-0.0494077205657959
0.09297917783260345,0.07820109277963638,-0.04037241265177727
0.1007034182548523,0.09875629097223282,-0.029723361134529114
0.08588798344135284,0.10026071220636368,-0.02495497092604637
0.051825959235429764,0.09193825721740723,-0.01974707655608654
0.0021870320197194815,0.07589404284954071,-0.014949392527341843
-0.05433393642306328,0.0456918403506279,-0.01928705722093582
-0.09074094146490097,0.02343127503991127,-0.03028484620153904
-0.11195023357868195,0.04065848886966705,-0.053748130798339844
-0.12855717539787292,0.09702376276254654,-0.07904789596796036
-0.1575051248073578,0.27498993277549744,-0.13386446237564087
-0.143423393368721,-0.37826481461524963,-0.05182230845093727
-0.449333518743515,-1.1794713735580444,0.013997308909893036
-0.029708033427596092,0.766351044178009,-0.23972630500793457
0.6826432943344116,0.05686380714178085,-0.15785348415374756
0.7947807312011719,0.1301766335964203,-0.15971717238426208
0.6166759729385376,0.4711371064186096,-0.060250721871852875
0.48140010237693787,0.35023120045661926,-0.03502419590950012
0.3907885253429413,0.13777676224708557,-0.09535437077283859
0.32682257890701294,0.033446088433265686,-0.09694134443998337
0.31989356875419617,0.019057726487517357,-0.0447947196662426
0.3409684896469116,0.05674411356449127,-0.001840061042457819
0.38145923614501953,0.10452969372272491,0.017350755631923676
0.4057888090610504,0.162355437874794,0.0028730137273669243
0.4084443747997284,0.2201342135667801,-0.027315150946378708
0.4003819227218628,0.24523237347602844,-0.053896430879831314
0.39283204078674316,0.26781871914863586,-0.07891824841499329
0.39102429151535034,0.2982799708843231,-0.08827473223209381
0.3679877519607544,0.32230693101882935,-0.0701073557138443
0.33210325241088867,0.3197233974933624,-0.048134416341781616
0.2890075743198395,0.29441311955451965,-0.044086579233407974
0.268344908952713,0.2743728458881378,-0.028076983988285065
0.25889626145362854,0.29646340012550354,-0.022373437881469727
0.23251177370548248,0.3889230191707611,-0.05000373348593712
0.2124713808298111,0.5184045433998108,-0.07582837343215942
0.20534023642539978,0.6300418376922607,-0.0779852643609047
0.18845704197883606,0.7270082831382751,-0.07745178788900375
0.15185534954071045,0.7944900989532471,-0.0712767094373703
0.10770639777183533,0.8250612616539001,-0.0547783337533474
0.0456017404794693,0.81999272108078,-0.02451896481215954
-0.0413212850689888,0.7522438764572144,0.008721183985471725
-0.13731786608695984,0.6471118330955505,0.06232316046953201
-0.24401327967643738,0.5580607652664185,0.1151917353272438
-0.36309197545051575,0.45676106214523315,0.1511145681142807
-0.4970442056655884,0.3324607312679291,0.18631325662136078
-0.6283782124519348,0.2605316638946533,0.20254628360271454
-0.7743958830833435,0.2028314471244812,0.1934211701154709
-0.8977777361869812,0.1498715579509735,0.1826188564300537
-0.9446461796760559,0.10305477678775787,0.1579904854297638
-0.9421460032463074,0.030954215675592422,0.14271804690361023
-0.9293987154960632,0.009474193677306175,0.14300674200057983
-0.9050973653793335,-0.029774142429232597,0.19124458730220795
-0.8483018279075623,-0.11612684279680252,0.2650407552719116
-0.787504255771637,-0.1921534240245819,0.354703813791275
-0.7098985910415649,-0.19925343990325928,0.39614737033843994
-0.6182131767272949,-0.15612967312335968,0.3987109363079071
-0.5370410084724426,-0.08373236656188965,0.38463929295539856
-0.46096357703208923,-0.026475999504327774,0.37396931648254395
-0.3992035686969757,0.03271826356649399,0.38602152466773987
-0.3385988175868988,0.10158228129148483,0.42770132422447205
-0.28398340940475464,0.2090337872505188,0.482284277677536
-0.23232926428318024,0.3596757650375366,0.5207771062850952
-0.16047729551792145,0.5456485152244568,0.5396304130554199
-0.05196573585271835,0.7604076862335205,0.5328569412231445
0.07990401238203049,0.9629231691360474,0.507820188999176
0.21849225461483002,1.1357684135437012,0.4678439795970917
0.3518379032611847,1.254354476928711,0.43293896317481995
0.4582751393318176,1.3271479606628418,0.40745463967323303
0.5346861481666565,1.3691115379333496,0.38854309916496277
0.570671021938324,1.3425548076629639,0.3881441354751587
0.5670879483222961,1.2575403451919556,0.38349610567092896
0.5292028784751892,1.12627375125885,0.3726940453052521
0.46211615204811096,0.9670059680938721,0.3730967044830322
0.3652186393737793,0.8042578101158142,0.38368943333625793
0.25542962551116943,0.6422661542892456,0.39225637912750244
0.15561436116695404,0.471530944108963,0.3924654424190521
0.08700593560934067,0.3319961130619049,0.39562690258026123
0.05271853506565094,0.24844558537006378,0.3880438208580017
0.048728350549936295,0.20708464086055756,0.35837456583976746
0.0553433783352375,0.20941996574401855,0.3305581212043762
0.05911219120025635,0.24645757675170898,0.31840935349464417
0.0694790780544281,0.2892591059207916,0.3001222312450409
0.06581157445907593,0.35381871461868286,0.2868633270263672
0.05028534308075905,0.4117240905761719,0.2708265781402588
0.0399530865252018,0.4555833041667938,0.25049346685409546
0.0436285175383091,0.4723180830478668,0.2393832951784134
0.05669199302792549,0.4459697902202606,0.22556072473526
0.06804904341697693,0.39003515243530273,0.21861626207828522
0.07484371960163116,0.3097693622112274,0.21957311034202576
0.07837613672018051,0.22789739072322845,0.2217787504196167
0.06958944350481033,0.15766701102256775,0.2269696742296219
0.06360052525997162,0.08843095600605011,0.225934237241745
0.052748944610357285,0.02928134612739086,0.21722544729709625
0.030616210773587227,-0.0037610242143273354,0.21764115989208221
-0.010799974203109741,-0.010779229924082756,0.21517106890678406
-0.04624558240175247,0.004519032314419746,0.20385396480560303
-0.0730963796377182,0.019404111430048943,0.1743188500404358
-0.07635821402072906,0.03311432898044586,0.1433851569890976
-0.06664971262216568,0.0450671911239624,0.10498203337192535
-0.037134166806936264,0.04860573261976242,0.06125026196241379
-0.0038767773658037186,0.04181084781885147,0.019527411088347435
0.03246738016605377,0.018955331295728683,-0.01986713334918022
0.06363934278488159,-0.00508840661495924,-0.04878488928079605
0.08711857348680496,-0.03346332162618637,-0.0806695818901062
0.11749774217605591,-0.06861263513565063,-0.11642932146787643
0.14805325865745544,-0.10848095268011093,-0.1555572748184204
0.1750047206878662,-0.13103073835372925,-0.19709965586662292
0.19104361534118652,-0.15897822380065918,-0.23398764431476593
0.195126011967659,-0.1833963543176651,-0.2705918550491333
0.1957680881023407,-0.2070297747850418,-0.3026563227176666
0.1797984540462494,-0.22449466586112976,-0.3185296654701233
0.1593368500471115,-0.23963183164596558,-0.3281252980232239
0.13589419424533844,-0.24372798204421997,-0.3315123915672302
0.10612086206674576,-0.23693186044692993,-0.3308063745498657
0.08015939593315125,-0.20448589324951172,-0.3249555230140686
0.039507847279310226,-0.155451238155365,-0.3055991232395172
0.006547434721142054,-0.1010422557592392,-0.2733991742134094
-0.02713542804121971,-0.030374208465218544,-0.23206958174705505
-0.04570367559790611,0.02966119721531868,-0.18557722866535187
-0.05587748438119888,0.07010290026664734,-0.16488073766231537
-0.04594599828124046,0.0910121500492096,-0.1516629308462143
-0.028744105249643326,0.12082543969154358,-0.12235882878303528
-0.009527556598186493,0.1403241902589798,-0.09301013499498367
0.004351241514086723,0.10379094630479813,-0.12155389040708542
0.02024933136999607,0.061375491321086884,-0.15943488478660583
0.03312331810593605,0.060918763279914856,-0.144814133644104
0.030721040442585945,0.0573761910200119,-0.11977771669626236
0.02148732729256153,0.005285294726490974,-0.17294451594352722
0.009557937271893024,-0.043429628014564514,-0.22623078525066376
0.001919457921758294,-0.04275238513946533,-0.1902749240398407
-0.002502677496522665,-0.0371234267950058,-0.16505837440490723
-0.007423666305840015,-0.044249776750802994,-0.17397436499595642
-0.007218786049634218,-0.037371717393398285,-0.17845983803272247
-0.008157550357282162,-0.009729700163006783,-0.15251639485359192
-0.012278594076633453,0.015644436702132225,-0.12023017555475235
-0.01677108183503151,0.01813369430601597,-0.10902892053127289
-0.016390755772590637,0.016479959711432457,-0.09710495173931122
-0.027041269466280937,0.02643166296184063,-0.07663695514202118
-0.036437202244997025,0.03144671022891998,-0.05264194682240486
-0.04324717074632645,0.027026129886507988,-0.035690926015377045
-0.042648691684007645,0.0224054716527462,-0.011331173591315746
-0.0336405485868454,0.018890630453824997,0.02076071687042713
-0.019701624289155006,0.026121312752366066,0.04117096960544586
0.0056039998307824135,0.029912324622273445,0.05718029662966728
0.019796516746282578,0.03126601129770279,0.07052406668663025
0.03322897106409073,0.035686857998371124,0.07698994874954224
0.046798910945653915,0.03501486778259277,0.08836998790502548
0.061118993908166885,0.023697765544056892,0.08993459492921829
0.07361403852701187,0.016510671004652977,0.08780273795127869
0.07511526346206665,0.013259215280413628,0.08756545186042786
0.07002108544111252,0.015460139140486717,0.08814594149589539
0.06599731743335724,0.010207585990428925,0.0775393694639206
0.06730401515960693,-0.0003867577761411667,0.06921302527189255
0.07673746347427368,-0.00844441819936037,0.06466967612504959
0.0830027386546135,-0.0033405236899852753,0.052168045192956924
0.08414283394813538,0.007568582892417908,0.046155691146850586
0.08160988986492157,0.010897938162088394,0.04072883725166321
0.08792132139205933,0.00599798746407032,0.03970485180616379
0.09588027745485306,0.006457822397351265,0.04092147573828697
0.1055440902709961,0.007635205984115601,0.04049297422170639
0.11639005690813065,0.01942916214466095,0.03772207722067833
0.1189861074090004,0.033182792365550995,0.03755483031272888
0.12438029050827026,0.04081134498119354,0.04122285917401314
0.12351103127002716,0.0388810858130455,0.04682987555861473
0.1300347000360489,0.03757161647081375,0.04428282752633095
0.13499324023723602,0.0385492667555809,0.03932508826255798
0.1342790573835373,0.04256828501820564,0.03600567951798439
0.12344692647457123,0.05590220168232918,0.03106391802430153
0.1104208454489708,0.06632396578788757,0.028562668710947037
0.09410925209522247,0.06765368580818176,0.02973366156220436
0.09161080420017242,0.06312752515077591,0.030065055936574936
0.09066618233919144,0.05257341265678406,0.02539973147213459
0.10177120566368103,0.04607153311371803,0.02232515625655651
0.1055196076631546,0.040970247238874435,0.020244695246219635
0.1103382483124733,0.046334605664014816,0.022466350346803665
0.10026431083679199,0.06044616177678108,0.031431082636117935
0.09350541234016418,0.0717567726969719,0.03806433826684952
0.08724885433912277,0.07836780697107315,0.041226577013731
0.08302047848701477,0.07513068616390228,0.04469965025782585
0.0771535336971283,0.06846292316913605,0.04726587235927582
0.06031201779842377,0.07060474157333374,0.04824499785900116
0.03813347965478897,0.07856066524982452,0.04396822676062584
0.0040911417454481125,0.09584464877843857,0.03735341131687164
-0.05187997967004776,0.1314851939678192,0.016558654606342316
-0.13867507874965668,0.18594658374786377,-0.00822126492857933
-0.23254965245723724,0.22931882739067078,-0.036469414830207825
-0.30034103989601135,0.2477307915687561,-0.06274730712175369
-0.34044262766838074,0.24073654413223267,-0.07631345093250275
-0.35455846786499023,0.2137768566608429,-0.0835130512714386
-0.3345610499382019,0.16421489417552948,-0.07918914407491684
-0.2797639071941376,0.10714408755302429,-0.0666210949420929
-0.19767917692661285,0.050775881856679916,-0.047127291560173035
-0.09361136704683304,0.01603149250149727,-0.015046589076519012
0.026762980967760086,-0.004505474120378494,0.025008419528603554
0.13194164633750916,-0.009732257574796677,0.06663529574871063
0.20497165620326996,-0.006345249712467194,0.09601715952157974
0.23940517008304596,0.009258205071091652,0.1112714558839798
0.24041636288166046,0.02778981253504753,0.12315580993890762
0.20108705759048462,0.05824822559952736,0.13089382648468018
0.1287902295589447,0.09126715362071991,0.13156095147132874
0.04235011339187622,0.1300196647644043,0.11799872666597366
-0.049801383167505264,0.15377745032310486,0.09328432381153107
-0.14123940467834473,0.1780095398426056,0.05624615028500557
-0.23205532133579254,0.20545022189617157,0.008983828127384186
-0.3297366499900818,0.2325415164232254,-0.03770405426621437
-0.43119776248931885,0.2644922733306885,-0.0892183780670166
-0.5156529545783997,0.2851252257823944,-0.13633275032043457
-0.5740097165107727,0.28754550218582153,-0.17140072584152222
-0.6095460057258606,0.2675950527191162,-0.19819515943527222
-0.6166172027587891,0.23137633502483368,-0.21722397208213806
-0.5978487133979797,0.18320585787296295,-0.21877363324165344
-0.542090117931366,0.1361701637506485,-0.2140960544347763
-0.45913267135620117,0.09249620139598846,-0.19958369433879852
-0.35482490062713623,0.05623725429177284,-0.17643043398857117
-0.23468546569347382,0.02224738337099552,-0.14529815316200256
-0.12197010964155197,-0.0052132681012153625,-0.10559707880020142
-0.03254754841327667,-0.030805181711912155,-0.0654134452342987
0.03480326384305954,-0.04178965464234352,-0.03245043009519577
0.08565409481525421,-0.042785048484802246,-0.0026883650571107864
0.10955915600061417,-0.030624523758888245,0.020078733563423157
0.10090887546539307,-0.010650334879755974,0.044316474348306656
0.06306588649749756,0.0063576772809028625,0.06593148410320282
0.024283206090331078,0.020844057202339172,0.08894190192222595
-0.010403402149677277,0.031570471823215485,0.10836167633533478
-0.027996564283967018,0.04093234986066818,0.11412333697080612
-0.03728780150413513,0.05227021872997284,0.10935894399881363
-0.043279603123664856,0.06613337993621826,0.09886017441749573
-0.05104644596576691,0.08684398978948593,0.08448949456214905
-0.06045234203338623,0.10175637900829315,0.07129909098148346
-0.07152789831161499,0.11145295202732086,0.06021714210510254
-0.07631397992372513,0.10764100402593613,0.0436636358499527
-0.07473685592412949,0.08697434514760971,0.02803594060242176
-0.06973104923963547,0.05774084851145744,0.009451566264033318
-0.061239030212163925,0.027679085731506348,-0.009506678208708763
-0.057799797505140305,0.0023216158151626587,-0.0237173680216074
-0.04747631773352623,-0.010748647153377533,-0.03792612999677658
-0.04587030038237572,-0.0279405377805233,-0.04273436591029167
-0.04420129954814911,-0.03647783398628235,-0.03440745919942856
-0.047353439033031464,-0.039512090384960175,-0.022104328498244286
-0.04979848861694336,-0.03636742755770683,-0.005712572485208511
-0.05099935084581375,-0.02751168981194496,0.012185524217784405
-0.04444611072540283,-0.01919570378959179,0.027542907744646072
-0.03778601437807083,-0.0015844227746129036,0.03637443482875824
-0.03428449109196663,0.01578577794134617,0.042961228638887405
-0.031058575958013535,0.030322888866066933,0.0452832467854023
-0.033770736306905746,0.039787232875823975,0.0394756905734539
-0.03917486220598221,0.0342424213886261,0.03801080957055092
-0.04555046930909157,0.01891353353857994,0.039557572454214096
-0.04812287539243698,-0.0013012560084462166,0.043108683079481125
-0.04115524888038635,-0.01656969077885151,0.04663258045911789
-0.025744806975126266,-0.026906419545412064,0.0593898668885231
0.003802164923399687,-0.030294492840766907,0.07024171948432922
0.0359378457069397,-0.02775713801383972,0.07555615156888962
0.06935332715511322,-0.02773956209421158,0.07858602702617645
0.10086845606565475,-0.033062636852264404,0.07349774241447449
0.11763438582420349,-0.04201645031571388,0.06442755460739136
0.12052816152572632,-0.05310171842575073,0.05279632657766342
0.11223028600215912,-0.06953848153352737,0.04309017211198807
0.10050337761640549,-0.0822942852973938,0.037534892559051514
0.08918893337249756,-0.10105784982442856,0.03235078230500221
0.08757875859737396,-0.1026809960603714,0.028950385749340057
0.09157402813434601,-0.10505520552396774,0.02703450806438923
0.09781452268362045,-0.1045994833111763,0.024890102446079254
0.10724291205406189,-0.09864092618227005,0.02246342971920967
0.11334314197301865,-0.08353464305400848,0.02844535931944847
0.12251719832420349,-0.07519415020942688,0.0326550155878067
0.124506376683712,-0.07005379348993301,0.03333074599504471
0.12650161981582642,-0.07058402895927429,0.033066291362047195
0.11847265064716339,-0.07183949649333954,0.03386901691555977
0.10740029066801071,-0.07226960361003876,0.03183276578783989
0.09863105416297913,-0.07723893970251083,0.033894989639520645
0.08929507434368134,-0.08581565320491791,0.02880462259054184
0.08068054914474487,-0.07759703695774078,0.024204742163419724
0.06409438699483871,-0.06391983479261398,0.01763126254081726
0.048562150448560715,-0.0464746430516243,0.011225393041968346
0.030561581254005432,-0.03536739945411682,0.013322632759809494
0.015429108403623104,-0.03348879516124725,0.018502185121178627
0.0052691493183374405,-0.032421134412288666,0.02074376679956913
0.00013020675396546721,-0.034531719982624054,0.021004796028137207
-0.0005228003137744963,-0.029485560953617096,0.015021473169326782
-0.0014448410365730524,-0.02496371790766716,0.008808503858745098
0.004196000751107931,-0.02194635570049286,0.006159191019833088
0.004053948912769556,-0.026099320501089096,0.003827634733170271
0.003751946147531271,-0.03064240887761116,0.0021133581176400185
0.002991476794704795,-0.0342768058180809,0.0004784059710800648
7.318478310480714e-05,-0.03606325387954712,-0.0003703432157635689
-0.0011753833387047052,-0.038836486637592316,0.0018306085839867592
0.0057243346236646175,-0.04830295592546463,0.0029981383122503757
0.02000056765973568,-0.0510406494140625,0.009848011657595634
0.0384133979678154,-0.05465082824230194,0.015248369425535202
0.05885640159249306,-0.04895009845495224,0.01929665356874466
0.07384812831878662,-0.037966154515743256,0.02837936207652092
0.0926136001944542,-0.03275386989116669,0.028313126415014267
0.10953053086996078,-0.039111100137233734,0.031365375965833664
0.11652962863445282,-0.045294322073459625,0.031840626150369644
0.1194005161523819,-0.04766666516661644,0.023949148133397102
0.11809137463569641,-0.053665779531002045,0.021169956773519516
0.1133062019944191,-0.05443010479211807,0.01866285689175129
0.11103703081607819,-0.05488893389701843,0.015583137050271034
0.10428725183010101,-0.05072375386953354,0.011810503900051117
0.09595286101102829,-0.044836949557065964,0.004266961012035608
0.08438409119844437,-0.03535156697034836,-0.004983263090252876
0.0786854550242424,-0.03382185101509094,-0.012009480968117714
0.07127467542886734,-0.03302103653550148,-0.022043738514184952
0.05922812968492508,-0.03243020921945572,-0.02790416032075882
0.04684469848871231,-0.03357270359992981,-0.03392743319272995
0.03595292195677757,-0.037243615835905075,-0.03270343691110611
0.026575129479169846,-0.033756207674741745,-0.03240036964416504
0.011128628626465797,-0.03259330242872238,-0.031178686767816544
0.0033157130237668753,-0.027914393693208694,-0.02273726463317871
-0.00943488534539938,-0.02490777149796486,-0.012174282222986221
-0.017802538350224495,-0.01230382826179266,-0.004543792922049761
-0.027798622846603394,0.002907123416662216,0.005937299691140652
-0.04256904497742653,0.01748340204358101,0.01715053990483284
-0.05363725125789642,0.03192462772130966,0.03078889288008213
-0.06157507002353668,0.04681835323572159,0.03991767764091492
-0.07147683948278427,0.049828946590423584,0.04307148978114128
-0.07341615110635757,0.05303299427032471,0.04301369935274124
-0.07953435927629471,0.05029963701963425,0.040336593985557556
-0.08400101959705353,0.050343580543994904,0.039244163781404495
-0.08672947436571121,0.04882485046982765,0.034233078360557556
-0.08563331514596939,0.043427154421806335,0.024484310299158096
-0.08019926398992538,0.036440327763557434,0.022750364616513252
-0.06869947165250778,0.026143483817577362,0.012965111061930656
-0.0597006194293499,0.010509777814149857,0.004395997151732445
-0.047640226781368256,0.0005841758102178574,-0.0018573715351521969
-0.04521917179226875,-0.00058719702064991,-0.01222173497080803
-0.04636459797620773,0.006219308823347092,-0.026816923171281815
-0.05327865853905678,0.010220550000667572,-0.03570614382624626
-0.05697539076209068,0.01333724707365036,-0.04802992194890976
-0.06626223027706146,0.014961089938879013,-0.06157299503684044
-0.07401575893163681,0.017319321632385254,-0.0725228488445282
-0.08295693248510361,0.01560560055077076,-0.08091317117214203
-0.09131206572055817,0.013401834294199944,-0.08846696466207504
-0.09163100272417068,0.016368724405765533,-0.0893978402018547
-0.08693638443946838,0.019558392465114594,-0.09009265899658203
-0.08010253310203552,0.024361927062273026,-0.0911552831530571
-0.07230639457702637,0.034951720386743546,-0.09117259830236435
-0.07027062773704529,0.038701917976140976,-0.09766583889722824
-0.07485898584127426,0.0386478565633297,-0.09702934324741364
-0.0825982391834259,0.03375692665576935,-0.10014013946056366
-0.08661668747663498,0.02413732185959816,-0.0949496328830719
-0.08584433048963547,0.007880428805947304,-0.09098777920007706
-0.07907723635435104,-0.008649012073874474,-0.08375223726034164
-0.06548842042684555,-0.018227655440568924,-0.07092424482107162
-0.04988841712474823,-0.022800037637352943,-0.057086195796728134
-0.032376863062381744,-0.019431471824645996,-0.047019388526678085
-0.010221758857369423,-0.017269518226385117,-0.03181859850883484
0.009553845040500164,-0.015347402542829514,-0.014363570138812065
0.023142891004681587,-0.012995298951864243,-0.0016586934216320515
0.04229477047920227,-0.015124540776014328,0.005086367018520832
0.052060049027204514,-0.020985625684261322,0.010521612130105495
0.06317578256130219,-0.03511311113834381,0.01947668194770813
0.06916975229978561,-0.04754607751965523,0.028359923511743546
0.07241904735565186,-0.05573873966932297,0.03201909735798836
0.07230053842067719,-0.07098373770713806,0.039475150406360626
0.07379920780658722,-0.0814315527677536,0.04565897211432457
0.07556195557117462,-0.08097615092992783,0.05045692250132561
0.07750401645898819,-0.07477772980928421,0.051193371415138245
0.0792103037238121,-0.07118193060159683,0.050176579505205154
0.08150868117809296,-0.06908410787582397,0.049821265041828156
0.07791341841220856,-0.06471758335828781,0.04642653465270996
0.06376103311777115,-0.06091637164354324,0.04108840599656105
0.0450347475707531,-0.04758618772029877,0.034612663090229034
0.018788114190101624,-0.031533073633909225,0.025659820064902306
-0.01686042733490467,-0.02349325828254223,0.017595766112208366
-0.0426190011203289,-0.020904038101434708,0.007615451700985432
-0.05877160653471947,-0.029235204681754112,-0.0022006938233971596
-0.0691802054643631,-0.038096167147159576,-0.0073953652754426
-0.073286272585392,-0.04472903907299042,-0.007938915863633156
-0.074307881295681,-0.050845496356487274,-0.011630063876509666
-0.07479283958673477,-0.05143538862466812,-0.012040190398693085
-0.0773797333240509,-0.050518698990345,-0.015802212059497833
-0.07786363363265991,-0.04876101016998291,-0.017977748066186905
-0.0744452103972435,-0.04798096418380737,-0.01748373545706272
-0.07754326611757278,-0.052736833691596985,-0.01722886972129345
-0.08626408129930496,-0.07132221758365631,-0.011649823747575283
-0.10053649544715881,-0.09194333851337433,-0.0050257425755262375
-0.11242669075727463,-0.10802365839481354,-0.0008825231343507767
-0.12545913457870483,-0.11076191812753677,0.011146442964673042
-0.15044254064559937,-0.09887581318616867,0.027256030589342117
-0.1716753989458084,-0.09375721216201782,0.04521718621253967
-0.196176216006279,-0.0802517905831337,0.06089148670434952
-0.22256821393966675,-0.061860717833042145,0.0717799961566925
-0.25116753578186035,-0.038171060383319855,0.07972496747970581
-0.2961142361164093,-0.014127240516245365,0.0877690464258194
-0.3731393814086914,0.010935662314295769,0.10305248945951462
-0.4525468647480011,0.04997893422842026,0.11091973632574081
-0.5105921626091003,0.07902679592370987,0.1082659363746643
-0.5251234769821167,0.10499262064695358,0.10752024501562119
-0.5030912756919861,0.11289172619581223,0.1235983744263649
-0.43222856521606445,0.11837571114301682,0.16279131174087524
-0.3036567270755768,0.1062343418598175,0.2207355797290802
-0.1399540901184082,0.08798503875732422,0.2886917293071747
0.042778316885232925,0.05857027322053909,0.3626641035079956
0.21800659596920013,0.04191512614488602,0.42783594131469727
0.3713589310646057,0.04306286573410034,0.46907079219818115
0.473661869764328,0.02272004261612892,0.47270336747169495
0.49518659710884094,0.024182118475437164,0.44583845138549805
0.46736907958984375,0.006261974573135376,0.3945603668689728
0.38219940662384033,-0.012553331442177296,0.3281659781932831
0.24165721237659454,-0.03325488045811653,0.25789952278137207
0.09053932875394821,-0.06523491442203522,0.18888159096240997
-0.05594917759299278,-0.10847373306751251,0.13340048491954803
-0.16975745558738708,-0.14776603877544403,0.08061610907316208
-0.25613442063331604,-0.18532194197177887,0.042622651904821396
-0.32348963618278503,-0.2129954993724823,0.01731978729367256
-0.3573639690876007,-0.2297305315732956,0.0016904950607568026
-0.36724555492401123,-0.247511625289917,0.01173269934952259
-0.3601849675178528,-0.2548728585243225,0.030610516667366028
-0.3343740701675415,-0.2388773262500763,0.04210573807358742
-0.2978229820728302,-0.20212996006011963,0.056837014853954315
-0.23613883554935455,-0.16191411018371582,0.058701496571302414
-0.17014411091804504,-0.12990452349185944,0.05740506947040558
-0.10604710131883621,-0.10975297540426254,0.05311053618788719
-0.04711373522877693,-0.10974125564098358,0.05454012006521225
-0.010133775882422924,-0.12157710641622543,0.06040462851524353
0.004403888247907162,-0.14183124899864197,0.06028185784816742
0.009864243678748608,-0.14340245723724365,0.05036046728491783
0.019245227798819542,-0.1481625884771347,0.037150923162698746
0.03470023348927498,-0.14657524228096008,0.009510676376521587
0.04302607476711273,-0.13542379438877106,-0.02485475316643715
0.049642711877822876,-0.11661708354949951,-0.06691537797451019
0.059503600001335144,-0.11841818690299988,-0.11637534201145172
0.06478212773799896,-0.1357039511203766,-0.14989472925662994
0.048325397074222565,-0.1652165800333023,-0.17483974993228912
0.013286441564559937,-0.1996949166059494,-0.18843145668506622
-0.03207970783114433,-0.22651268541812897,-0.1909918189048767
-0.08300116658210754,-0.24350890517234802,-0.1818588376045227
-0.12087424844503403,-0.25076308846473694,-0.17207837104797363
-0.1401306390762329,-0.24150831997394562,-0.1612425446510315
-0.13811808824539185,-0.21458402276039124,-0.15427331626415253
-0.11962825804948807,-0.17518417537212372,-0.13819368183612823
-0.07715856283903122,-0.12682649493217468,-0.12433085590600967
-0.022322097793221474,-0.07600100338459015,-0.11171024292707443
0.040784165263175964,-0.025217190384864807,-0.09804822504520416
0.10370205342769623,0.012888344004750252,-0.07590745389461517
0.15919406712055206,0.03777691721916199,-0.05017998814582825
0.21205241978168488,0.04568632319569588,-0.02622254379093647
0.258541077375412,0.03829631581902504,-0.0038828840479254723
0.2713391184806824,0.047236762940883636,0.006936787627637386
0.2617003321647644,0.05978984385728836,0.008652130141854286
0.2349604368209839,0.08155907690525055,-0.007664298638701439
0.1957501918077469,0.09743364155292511,-0.030014878138899803
0.14810706675052643,0.10266190767288208,-0.05701712146401405
0.08572332561016083,0.09157516062259674,-0.08354619890451431
0.022062143310904503,0.07371658086776733,-0.10232818871736526
-0.023006796836853027,0.0603584349155426,-0.11870396882295609
-0.05854847654700279,0.05418221652507782,-0.1365470588207245
-0.07847052067518234,0.060302965342998505,-0.14964847266674042
-0.07959646731615067,0.07270461320877075,-0.15201722085475922
-0.08641628921031952,0.0866452008485794,-0.15956275165081024
-0.08417888730764389,0.08754593133926392,-0.15165507793426514
-0.08318792283535004,0.07342372089624405,-0.13468942046165466
-0.08880823850631714,0.06479812413454056,-0.12070155143737793
-0.09140721708536148,0.06431183218955994,-0.110601507127285
-0.09445158392190933,0.06278074532747269,-0.09454260766506195
-0.09310375899076462,0.0573154091835022,-0.07950294017791748
-0.09557919204235077,0.052920009940862656,-0.06213847175240517
-0.09542100131511688,0.04868079349398613,-0.03413506597280502
-0.09894664585590363,0.04888761788606644,-0.006154736038297415
-0.09766700118780136,0.0483696311712265,0.01642620749771595
-0.09260838478803635,0.0491490438580513,0.039980120956897736
-0.08864054083824158,0.05042576044797897,0.050710529088974
-0.08651521801948547,0.043483324348926544,0.06306768953800201
-0.07991883158683777,0.02962849661707878,0.07907702028751373
-0.07426311820745468,0.011289894580841064,0.08604390919208527
-0.06317691504955292,-0.0037364596500992775,0.09161897003650665
-0.05388368293642998,-0.010284652933478355,0.09850805997848511
-0.04565771296620369,-0.019674159586429596,0.10241731256246567
-0.04136350750923157,-0.02561165578663349,0.10603439062833786
-0.029627757146954536,-0.02902982383966446,0.10150035470724106
-0.02189527451992035,-0.0297577902674675,0.10079821199178696
-0.015146560035645962,-0.02662910893559456,0.10250023752450943
-0.014325099065899849,-0.02608611062169075,0.09829594194889069
-0.020427998155355453,-0.026722073554992676,0.1000317931175232
-0.02091505005955696,-0.02257089875638485,0.0993775948882103
-0.02018214762210846,-0.025849517434835434,0.0975557267665863
-0.012085150927305222,-0.025161409750580788,0.09240548312664032
0.006575619336217642,-0.023082546889781952,0.09379298985004425
0.02289481647312641,-0.017736539244651794,0.08552338182926178
0.03511499613523483,-0.017204705625772476,0.07783270627260208
0.03890715539455414,-0.020188063383102417,0.07505111396312714
0.043395381420850754,-0.026048880070447922,0.0770849734544754
0.046719029545784,-0.03015163168311119,0.07439186424016953
0.04739094525575638,-0.03213728591799736,0.07194708287715912
0.050495587289333344,-0.028794437646865845,0.06842289865016937
0.05584454536437988,-0.024238567799329758,0.06776642799377441
0.06588644534349442,-0.028053194284439087,0.06777725368738174
0.06966360658407211,-0.023775892332196236,0.0722803995013237
0.07610991597175598,-0.023895449936389923,0.07234054803848267
0.08229750394821167,-0.022355876863002777,0.0716092437505722
0.08477042615413666,-0.020846441388130188,0.07180796563625336
0.0842047706246376,-0.016677262261509895,0.07332702726125717
0.08432160317897797,-0.017561879009008408,0.07251068949699402
0.08075403422117233,-0.015932556241750717,0.07697148621082306
0.08560741692781448,-0.013720029965043068,0.08296892791986465
0.09432900696992874,-0.013217225670814514,0.07830813527107239
0.09800802916288376,-0.0024795113131403923,0.06709905713796616
0.09570998698472977,0.013108503073453903,0.05555558577179909
0.0868706926703453,0.025588607415556908,0.049812477082014084
0.06263592839241028,0.027617139741778374,0.04316069930791855
0.038085486739873886,0.02897796966135502,0.0342591255903244
0.017731212079524994,0.030457885935902596,0.029759982600808144
0.00930711068212986,0.0336250476539135,0.024521414190530777
0.009822698310017586,0.03738516569137573,0.015595296397805214
0.006697104312479496,0.045187659561634064,0.008172307163476944
-0.0008755943272262812,0.0449993759393692,0.0044862255454063416
-0.008466419763863087,0.040649376809597015,0.0028257397934794426
-0.01670810393989086,0.04250640422105789,-0.0021682200022041798
-0.016898661851882935,0.03815215453505516,-0.0060412888415157795
-0.007709423545747995,0.0325629785656929,-0.013343142345547676
0.00694248965010047,0.029077701270580292,-0.019835663959383965
0.024694588035345078,0.02737167850136757,-0.02017468400299549
0.03880683705210686,0.0271798986941576,-0.014837936498224735
0.050467755645513535,0.02963719703257084,-0.012861871160566807
0.05733509734272957,0.03631896525621414,-0.01201542280614376
0.06036284565925598,0.043611496686935425,-0.01803203672170639
0.05887436494231224,0.04716245085000992,-0.027933280915021896
0.0553872212767601,0.047739557921886444,-0.03361779823899269
0.043752409517765045,0.05024651437997818,-0.041240692138671875
0.037912361323833466,0.0484054759144783,-0.043593864887952805
0.034614864736795425,0.050049830228090286,-0.04732854291796684
0.03252827748656273,0.046001289039850235,-0.04677247256040573
0.032203663140535355,0.04213409125804901,-0.04277772456407547
0.03351899981498718,0.042888298630714417,-0.04104214161634445
0.03476313501596451,0.051000650972127914,-0.045379724353551865
0.030403804033994675,0.06766457855701447,-0.048335034400224686
0.02463049627840519,0.07983173429965973,-0.0461067259311676
0.01729455403983593,0.08445045351982117,-0.04891982302069664
0.005137215834110975,0.08806955814361572,-0.053924836218357086
-0.005516760051250458,0.08706767857074738,-0.06255587190389633
-0.019908947870135307,0.08035378158092499,-0.06758090853691101
-0.03877904266119003,0.07033176720142365,-0.07228618115186691
-0.054371774196624756,0.04892496392130852,-0.0727468952536583
-0.07839855551719666,0.041215911507606506,-0.07623323798179626
-0.09540364891290665,0.0330103263258934,-0.08295200020074844
-0.10361843556165695,0.02288924902677536,-0.08023770898580551
-0.09859353303909302,0.011129729449748993,-0.07387533038854599
-0.08876806497573853,0.009554736316204071,-0.06777536123991013
-0.0718771442770958,0.018709396943449974,-0.059349432587623596
-0.05985749512910843,0.03426864743232727,-0.0533975325524807
-0.05548527091741562,0.04895641282200813,-0.04691397026181221
-0.05029210448265076,0.05531550571322441,-0.03685654327273369
-0.058656491339206696,0.06118902936577797,-0.03668149188160896
-0.06682094931602478,0.06640936434268951,-0.03651823848485947
-0.07561999559402466,0.06312498450279236,-0.04045158624649048
-0.07700883597135544,0.05543963983654976,-0.04236852750182152
-0.07509821653366089,0.044340018182992935,-0.03767962008714676
-0.06856121867895126,0.02840951830148697,-0.03141027316451073
-0.0566406287252903,0.018520686775445938,-0.02514311484992504
-0.050517488270998,0.014009291306138039,-0.017031658440828323
-0.042790599167346954,0.025207990780472755,-0.013306500390172005
-0.03289056569337845,0.03881567716598511,-0.013013020157814026
-0.028823917731642723,0.051691025495529175,-0.015495150350034237
-0.024844622239470482,0.05721868574619293,-0.023085691034793854
-0.02009950578212738,0.0594186931848526,-0.02945913001894951
-0.018989233300089836,0.044805124402046204,-0.03703262656927109
-0.024557821452617645,0.025304574519395828,-0.04283636435866356
-0.038762856274843216,0.01442529447376728,-0.056534864008426666
-0.05738839507102966,0.007535751909017563,-0.06436540186405182
-0.07268772274255753,0.010173346847295761,-0.07343266904354095
-0.07861386984586716,0.007767925038933754,-0.07679753005504608
-0.07858723402023315,0.0011374522000551224,-0.07352396845817566
-0.07638058811426163,-0.0029432717710733414,-0.07188907265663147
-0.07327081263065338,-0.005083920434117317,-0.06616540998220444
-0.06708960980176926,-0.00707131065428257,-0.05397438257932663
-0.0580415241420269,-0.01164475828409195,-0.04153528809547424
-0.04554755985736847,-0.006491147913038731,-0.028333064168691635
-0.03159951791167259,-0.005807514302432537,-0.023381981998682022
-0.01935134269297123,-0.006938316859304905,-0.012192169204354286
-0.008602290414273739,-0.009005196392536163,-0.0095636285841465
0.0052876402623951435,-0.02671011909842491,-0.000871619675308466
0.01614135317504406,-0.05060560256242752,0.01626076176762581
0.02677859552204609,-0.06709658354520798,0.03119591623544693
0.03575265035033226,-0.07102714478969574,0.05268842354416847
0.06163099408149719,-0.05970180779695511,0.06898434460163116
0.08619704842567444,-0.04140589386224747,0.08575347065925598
0.10696189850568771,-0.024757981300354004,0.09241567552089691
0.11663129925727844,-0.012521287426352501,0.10235006362199783
0.11437547206878662,-0.0038426993414759636,0.11072421073913574
0.10299445688724518,0.002719063311815262,0.10952125489711761
0.08861026167869568,0.014364587143063545,0.09730395674705505
0.05827898904681206,0.02342226356267929,0.07885251939296722
0.028625739738345146,0.025157326832413673,0.057047080248594284
-0.014840512536466122,0.027982672676444054,0.032261572778224945
-0.055972374975681305,0.017650961875915527,0.015170436352491379
-0.09314638376235962,0.007664373144507408,-0.006082655396312475
-0.13113947212696075,0.014425648376345634,-0.027125399559736252
-0.16172641515731812,0.03255990892648697,-0.0519212931394577
-0.18559658527374268,0.0482158362865448,-0.07337411493062973
-0.19798561930656433,0.05225878208875656,-0.08948784321546555
-0.19231034815311432,0.037500396370887756,-0.08890705555677414
-0.16583479940891266,0.014194807037711143,-0.08687266707420349
-0.12903545796871185,-0.00901617668569088,-0.07292095571756363
-0.07974619418382645,-0.037140220403671265,-0.04458785057067871
-0.027111975476145744,-0.05779199302196503,-0.018477141857147217
0.024217523634433746,-0.06529225409030914,0.006532070692628622
0.05972912162542343,-0.06382731348276138,0.03546683490276337
0.08655007928609848,-0.06067546457052231,0.05721394345164299
0.10295680165290833,-0.0536104254424572,0.07591021060943604
0.10641518980264664,-0.045047029852867126,0.09289958328008652
0.10580515116453171,-0.033611781895160675,0.0984765961766243
0.10045433044433594,-0.01793614774942398,0.09216197580099106
0.08515384793281555,-0.0009297765791416168,0.07242533564567566
0.05759225785732269,0.012686699628829956,0.04444030299782753
0.024166148155927658,0.015439994633197784,0.018273022025823593
-0.011496773920953274,0.01060049794614315,-0.010283788666129112
-0.051804348826408386,-0.0026385150849819183,-0.0371575728058815
-0.07522871345281601,-0.009754480794072151,-0.05916966125369072
-0.08748147636651993,-0.021959522739052773,-0.08119235932826996
-0.08751875907182693,-0.03161561116576195,-0.08727581799030304
-0.07308371365070343,-0.036089371889829636,-0.08884557336568832
-0.050421278923749924,-0.03731575608253479,-0.08337650448083878
-0.019758516922593117,-0.034525349736213684,-0.07688767462968826
0.007050194311887026,-0.03509873151779175,-0.06001600995659828
0.03180604428052902,-0.035085052251815796,-0.046479519456624985
0.044938888400793076,-0.04004785418510437,-0.036728888750076294
0.057406242936849594,-0.04604640603065491,-0.026606140658259392
0.06212696060538292,-0.05572114139795303,-0.020379139110445976
0.05927084758877754,-0.06386639922857285,-0.01314149983227253
0.05787055939435959,-0.07170381397008896,-0.002770883496850729
0.05681103467941284,-0.07456367462873459,0.01110835000872612
0.061287011951208115,-0.0660594031214714,0.030274853110313416
0.06881492584943771,-0.0451403483748436,0.044623758643865585
0.07712851464748383,-0.021588152274489403,0.04634362459182739
0.08114553987979889,0.0024273954331874847,0.04776393622159958
0.07269905507564545,0.012426232919096947,0.045862436294555664
0.05762821063399315,0.018271615728735924,0.035077694803476334
0.03571092709898949,0.013477392494678497,0.02417604625225067
0.02020415849983692,0.00667896494269371,0.00902152806520462
0.008608756586909294,-0.004366228356957436,-0.0032061096280813217
0.0032490091398358345,-0.002198665402829647,-0.022019242867827415
0.0018407294992357492,0.005426764488220215,-0.038496486842632294
0.005499147344380617,0.014290006831288338,-0.0459035262465477
0.006571868900209665,0.019567858427762985,-0.05295930430293083
0.0008933362551033497,0.02173103205859661,-0.05001481994986534
-0.0003905737248715013,0.01637674681842327,-0.04496093839406967
0.0031202714890241623,0.013098396360874176,-0.041062869131565094
0.008720913901925087,0.005788911134004593,-0.031346119940280914
0.00935223139822483,0.0031029842793941498,-0.02293655276298523
0.016189364716410637,0.005026586353778839,-0.011294279247522354
0.025159239768981934,0.016590479761362076,-0.004326030611991882
0.04207377880811691,0.019643262028694153,0.00712236575782299
0.05464594066143036,0.021554401144385338,0.01130350399762392
0.056915752589702606,0.02103961445391178,0.017737966030836105
0.05226008594036102,0.023956261575222015,0.02149837277829647
0.037476614117622375,0.02446172758936882,0.021328197792172432
0.024901362136006355,0.016444357112050056,0.02411564439535141
0.0184306800365448,0.0067182257771492004,0.023846399039030075
0.01708623208105564,-0.0028496570885181427,0.01912858337163925
0.020723577588796616,-0.00834162812680006,0.021812517195940018
0.020028654485940933,-0.012845567427575588,0.02412491664290428
0.028902307152748108,-0.006666501052677631,0.02779155597090721
0.03370409831404686,0.007512861862778664,0.02651439979672432
0.03944241255521774,0.011994428932666779,0.0270632766187191
0.04438670724630356,0.009031511843204498,0.02658194489777088
0.0404907688498497,-0.0004365593194961548,0.026407241821289062
0.02822263538837433,-0.004132485017180443,0.0242207832634449
0.017797691747546196,-0.012043671682476997,0.021666277199983597
0.01219341903924942,-0.013510355725884438,0.019030101597309113
0.005327523220330477,-0.021304896101355553,0.011630509048700333
0.00422960240393877,-0.025171902030706406,0.010867605917155743
0.004531604703515768,-0.02868194878101349,0.016700727865099907
0.008515575900673866,-0.028861338272690773,0.024280784651637077
0.013959343545138836,-0.0269252210855484,0.0338633693754673
0.023799948394298553,-0.02355453372001648,0.040786851197481155
0.035957012325525284,-0.021062612533569336,0.0483933687210083
0.03904653713107109,-0.01701100915670395,0.05481118708848953
0.03657885268330574,-0.016608871519565582,0.05322154611349106
0.03503626585006714,-0.02335990034043789,0.057369865477085114
0.029346689581871033,-0.02662227302789688,0.0524696484208107
0.021566474810242653,-0.02705763280391693,0.04958429932594299
0.006498842500150204,-0.02290390059351921,0.04938296228647232
-0.00841619074344635,-0.02042875811457634,0.04529048502445221
-0.018204640597105026,-0.022007480263710022,0.044776760041713715
-0.023681117221713066,-0.021527238190174103,0.042296238243579865
-0.02670859917998314,-0.016432611271739006,0.03799283504486084
-0.027882903814315796,-0.01355069875717163,0.04093313589692116
-0.028653088957071304,-0.006929547525942326,0.040244974195957184
-0.026318920776247978,-0.010899297893047333,0.03570112958550453
-0.014907541684806347,-0.012929425574839115,0.03450137749314308
-0.005118442699313164,-0.017195651307702065,0.02383657917380333
0.0006161421770229936,-0.017913106828927994,0.026095472276210785
-0.0036220294423401356,-0.024513205513358116,0.023781180381774902
-0.008831704966723919,-0.020344026386737823,0.027065923437476158
-0.012607144191861153,-0.016682429239153862,0.02133290283381939
-0.004371318966150284,-0.022725673392415047,0.023576615378260612
0.007339009083807468,-0.033529870212078094,0.02678282931447029
0.022325947880744934,-0.03427821770310402,0.029439598321914673
0.0357242189347744,-0.036475636065006256,0.02712242677807808
0.04817769303917885,-0.027314893901348114,0.0237045269459486
0.051584742963314056,-0.023910753428936005,0.018611114472150803
0.05215705558657646,-0.030897557735443115,0.01594023033976555
0.04157652705907822,-0.03960046172142029,0.016828645020723343
0.03384749963879585,-0.04643546789884567,0.018591124564409256
0.025288864970207214,-0.0497482530772686,0.018895849585533142
0.017454378306865692,-0.035463590174913406,0.017840705811977386
0.016653772443532944,-0.02129553258419037,0.017029225826263428
0.012530934065580368,-0.0028249137103557587,0.017674509435892105
0.015643425285816193,0.004633601754903793,0.012042667716741562
0.023404141888022423,-0.001897534355521202,0.01667417213320732
0.025758273899555206,-0.012974589131772518,0.01614171266555786
0.019266553223133087,-0.010275209322571754,0.013957653194665909
0.0168620552867651,-0.000728357583284378,0.011565357446670532
0.00914448220282793,0.014320898801088333,0.003632600186392665
-0.0007357391295954585,0.024936027824878693,-0.0010684523731470108
-0.015700042247772217,0.026478532701730728,-0.003995266277343035
-0.03240858390927315,0.024562140926718712,-0.007098153233528137
-0.048163313418626785,0.021227596327662468,-0.009684615768492222
-0.05089711770415306,0.019380202516913414,-0.006791369989514351
-0.056332360953092575,0.023124074563384056,-0.003657362423837185
-0.04990969970822334,0.025012074038386345,0.0025378616992384195
-0.04826892539858818,0.030133867636322975,0.010393388569355011
-0.03640904650092125,0.033190496265888214,0.016103876754641533
-0.031096575781702995,0.03760814666748047,0.024583913385868073
-0.024885453283786774,0.04001259058713913,0.03318634629249573
-0.022182077169418335,0.044617727398872375,0.03795979544520378
-0.01680712401866913,0.04182806611061096,0.038409583270549774
-0.015538128092885017,0.048273175954818726,0.03646653890609741
-0.01604795642197132,0.05221608281135559,0.03432020545005798
-0.018720705062150955,0.0564262717962265,0.030579527840018272
-0.02111721783876419,0.05414333939552307,0.021536849439144135
-0.021005630493164062,0.06069737672805786,0.021346166729927063
-0.024895070120692253,0.06658139824867249,0.021667838096618652
-0.02836809679865837,0.07507608830928802,0.0234628077596426
-0.023821773007512093,0.09518265724182129,0.02647564932703972
-0.012751545757055283,0.10650854557752609,0.03149997070431709
-0.006448044441640377,0.11913305521011353,0.028696410357952118
0.0015342483529821038,0.13973234593868256,0.027646061033010483
0.010050755925476551,0.15884825587272644,0.0170338936150074
0.014927802607417107,0.164186030626297,0.0013984744437038898
0.019221294671297073,0.16030347347259521,-0.022430773824453354
0.022855177521705627,0.14490854740142822,-0.029163245111703873
0.027173632755875587,0.13141149282455444,-0.039892420172691345
0.027558458968997,0.1108207255601883,-0.041752636432647705
0.03274868428707123,0.09870719909667969,-0.053167615085840225
0.04779847711324692,0.10028672218322754,-0.07157191634178162
0.06619764864444733,0.09754228591918945,-0.08572924137115479
0.0860094353556633,0.09302396327257156,-0.09040521830320358
0.1218017041683197,0.09343631565570831,-0.08373594284057617
0.13949042558670044,0.09852427989244461,-0.06373507529497147
0.16041015088558197,0.09476714581251144,-0.04439152032136917
0.16754555702209473,0.10274197906255722,-0.02824397385120392
0.16634094715118408,0.1245228573679924,-0.020038995891809464
0.16244474053382874,0.13815557956695557,-0.01803523302078247
0.16175231337547302,0.136910542845726,-0.019700240343809128
0.17938297986984253,0.13068540394306183,-0.023850511759519577
0.1960604041814804,0.1159072294831276,-0.024502141401171684
0.22180944681167603,0.10161856561899185,-0.0238651130348444
0.2555682361125946,0.08273043483495712,-0.025013262405991554
0.297341525554657,0.05716915428638458,-0.024673709645867348
0.33683374524116516,0.04294660687446594,-0.029064543545246124
0.36735862493515015,0.02163546346127987,-0.03603670001029968
0.34704169631004333,0.00832681730389595,-0.026078062132000923
0.2813393771648407,0.009575573727488518,-0.010890588164329529
0.20377930998802185,0.02204997092485428,-0.003908716607838869
0.14789792895317078,0.03431382775306702,0.005946310702711344
0.12252236157655716,0.053374774754047394,0.013514572754502296
0.13517716526985168,0.0699273869395256,0.02358132228255272
0.1673569232225418,0.0936158150434494,0.040956176817417145
0.19886212050914764,0.12297636270523071,0.05327595770359039
0.22776539623737335,0.15492936968803406,0.0633939728140831
0.25246354937553406,0.1795060932636261,0.05642767995595932
0.2646295428276062,0.2001682072877884,0.047032348811626434
0.27017346024513245,0.20327958464622498,0.03388671949505806
0.26104995608329773,0.17869573831558228,0.020727694034576416
0.22421017289161682,0.1311737596988678,0.016213634982705116
0.16666904091835022,0.08539196848869324,0.020691923797130585
0.11498614400625229,0.06695623695850372,0.015749629586935043
0.07725434005260468,0.06357493251562119,0.008952341973781586
0.06205089017748833,0.07592747360467911,-0.00816885381937027
0.0651722401380539,0.09578323364257812,-0.023510294035077095
0.06980108469724655,0.1292802095413208,-0.045301344245672226
0.06637569516897202,0.1769770383834839,-0.06707175821065903
0.0527951717376709,0.21887308359146118,-0.0805918276309967
0.03768226131796837,0.2593945562839508,-0.09075059741735458
0.03041102923452854,0.2843388020992279,-0.09876111894845963
0.027768956497311592,0.2970912754535675,-0.11064572632312775
0.01943832077085972,0.3067992925643921,-0.11615446954965591
0.011942056939005852,0.31942322850227356,-0.1223367378115654
0.0011794239981099963,0.33867761492729187,-0.12365046888589859
-0.00714155426248908,0.35351189970970154,-0.13513579964637756
-0.007958346046507359,0.36756885051727295,-0.14245310425758362
-0.002874829340726137,0.36691537499427795,-0.15508344769477844
0.003068281104788184,0.35830482840538025,-0.1639198213815689
0.009460804052650928,0.35119444131851196,-0.168884739279747
0.015314699150621891,0.3498940169811249,-0.17348535358905792
0.018525708466768265,0.35961318016052246,-0.17648032307624817
0.010173236951231956,0.3716876804828644,-0.17454180121421814
0.0032201458234339952,0.38299065828323364,-0.16633284091949463
0.010349694639444351,0.3826095461845398,-0.15839475393295288
0.025168465450406075,0.36885595321655273,-0.15460830926895142
0.050133734941482544,0.3485000729560852,-0.15227511525154114
0.07377856969833374,0.3331817388534546,-0.14066174626350403
0.1013135239481926,0.32023850083351135,-0.13225707411766052
0.13410891592502594,0.3069745898246765,-0.1277371048927307
0.16860750317573547,0.29300764203071594,-0.11862457543611526
0.21264716982841492,0.2697310447692871,-0.11538109928369522
0.25033488869667053,0.24826732277870178,-0.12116548418998718
0.2707742154598236,0.2370874285697937,-0.13119152188301086
0.27177608013153076,0.233556866645813,-0.15250639617443085
0.25314927101135254,0.22998438775539398,-0.16396136581897736
0.22338683903217316,0.22880594432353973,-0.1825220137834549
0.19846054911613464,0.23123234510421753,-0.19646762311458588
0.16593323647975922,0.22805705666542053,-0.21525809168815613
0.10858554393053055,0.24027325212955475,-0.23322702944278717
0.05891066789627075,0.24582089483737946,-0.24497610330581665
0.024459082633256912,0.24508145451545715,-0.2541012465953827
0.0026837449986487627,0.24121880531311035,-0.25906163454055786
-0.003268269822001457,0.2326299548149109,-0.2615331709384918
-0.0010205619037151337,0.2289569228887558,-0.25750887393951416
0.006093880627304316,0.23237940669059753,-0.24638302624225616
0.010417256504297256,0.23440022766590118,-0.23828434944152832
0.016957230865955353,0.24374467134475708,-0.22545216977596283
0.01845659129321575,0.2558213174343109,-0.22250483930110931
0.011375967413187027,0.26414576172828674,-0.21373899281024933
0.00020986533490940928,0.26619213819503784,-0.21240368485450745
-0.0073435306549072266,0.2539077699184418,-0.20445466041564941
-0.01486083585768938,0.23269861936569214,-0.194512277841568
-0.01769646815955639,0.2114851176738739,-0.1894865185022354
-0.016711365431547165,0.19174975156784058,-0.18569844961166382
-0.006350346375256777,0.17985887825489044,-0.18030008673667908
0.01004833448678255,0.17127232253551483,-0.17732533812522888
0.024311289191246033,0.16299057006835938,-0.17075547575950623
0.03670164942741394,0.15609511733055115,-0.16599375009536743
0.0488206148147583,0.14433737099170685,-0.1560591757297516
0.05914755538105965,0.13013659417629242,-0.14847396314144135
0.06536468863487244,0.10895903408527374,-0.14224769175052643
0.07327747344970703,0.09047190845012665,-0.13864868879318237
0.07675226777791977,0.07244028151035309,-0.14189225435256958
0.07393784075975418,0.05391133576631546,-0.13861337304115295
0.06538335233926773,0.04080034792423248,-0.13014695048332214
0.05231761559844017,0.03367532789707184,-0.11421245336532593
0.032274842262268066,0.030222496017813683,-0.1005389392375946
0.02134416624903679,0.029688267037272453,-0.08538421988487244
0.021460285410284996,0.028143497183918953,-0.06567803025245667
0.025746110826730728,0.028977597132325172,-0.051765941083431244
0.03328249230980873,0.029415516182780266,-0.03591170161962509
0.04210234805941582,0.024899063631892204,-0.0217673871666193
0.046580720692873,0.01957140676677227,-0.005350329447537661
0.046661946922540665,0.008530475199222565,0.008344443514943123
0.0482482835650444,-0.001880919560790062,0.023197732865810394
0.04997614026069641,-0.01513946708291769,0.03839319571852684
0.05182630941271782,-0.02515728771686554,0.04932315647602081
0.06450428068637848,-0.03249695897102356,0.05922292545437813
0.0804411992430687,-0.03884022682905197,0.06511478126049042
0.0906408429145813,-0.03400925174355507,0.06286467611789703
0.09642454236745834,-0.02947159670293331,0.06077232211828232
0.09340638667345047,-0.028211122378706932,0.05540924891829491
0.08700472861528397,-0.029182177037000656,0.04731464758515358
0.0665401965379715,-0.03219740837812424,0.03731368109583855
0.04333560913801193,-0.03379511088132858,0.025091717019677162
0.018725868314504623,-0.0403323695063591,0.012706153094768524
-0.0031485194340348244,-0.0461878776550293,-0.00446909898892045
-0.02131820283830166,-0.0451580286026001,-0.013005595654249191
-0.03980112448334694,-0.04220558702945709,-0.022135522216558456
-0.04819168150424957,-0.036081649363040924,-0.023813847452402115
-0.051065534353256226,-0.024959594011306763,-0.021516747772693634
-0.04614268243312836,-0.011854179203510284,-0.019401665776968002
-0.0470171757042408,0.006257222965359688,-0.021207598969340324
-0.04499530419707298,0.02041112445294857,-0.016689546406269073
-0.05155903100967407,0.027253413572907448,-0.014714637771248817
-0.05694900080561638,0.03238319605588913,-0.01786462403833866
-0.06490735709667206,0.023083755746483803,-0.022841880097985268
-0.06762777268886566,0.011204460635781288,-0.025072012096643448
-0.06704298406839371,0.0036159418523311615,-0.031134575605392456
-0.062164608389139175,0.007530255243182182,-0.03519482910633087
-0.05086328461766243,0.005860794335603714,-0.03822905197739601
-0.03794295713305473,0.0077252741903066635,-0.03721971437335014
-0.029617667198181152,0.001959538087248802,-0.039824821054935455
-0.022334188222885132,-0.004258143715560436,-0.04575275257229805
-0.013803303241729736,-0.01150326058268547,-0.05490231513977051
-0.011704998090863228,-0.016653014346957207,-0.059514906257390976
-0.004208291880786419,-0.023490723222494125,-0.059893570840358734
0.007144497707486153,-0.029610933735966682,-0.0567459799349308
0.022580835968255997,-0.028795719146728516,-0.052941154688596725
0.04383845627307892,-0.027281712740659714,-0.046429459005594254
0.06270257383584976,-0.022498833015561104,-0.04550117626786232
0.0797545313835144,-0.021481772884726524,-0.04326865077018738
0.08131106942892075,-0.02431822195649147,-0.043527595698833466
0.07250559329986572,-0.025982163846492767,-0.043328657746315
0.05946403741836548,-0.032006170600652695,-0.042027782648801804
0.05285007506608963,-0.04028221219778061,-0.046888317912817
0.04931045323610306,-0.04040151089429855,-0.05204553157091141
0.060424622148275375,-0.032759569585323334,-0.0548570342361927
0.07150211185216904,-0.03324394300580025,-0.05326930060982704
0.08217126876115799,-0.022266659885644913,-0.046612732112407684
0.09225668758153915,-0.019151445478200912,-0.03919222950935364
0.094248466193676,-0.009487366303801537,-0.039836712181568146
0.09592258185148239,-0.005095075815916061,-0.042653992772102356
0.08829155564308167,-0.0026462990790605545,-0.04465322941541672
0.08030560612678528,-0.014476239681243896,-0.052259065210819244
0.0671732947230339,-0.02111123874783516,-0.05537789314985275
0.053725793957710266,-0.030451491475105286,-0.05793609097599983
0.03691272437572479,-0.04144075885415077,-0.06340808421373367
0.02773256227374077,-0.043331749737262726,-0.06387906521558762
0.019164906814694405,-0.036301806569099426,-0.06434059143066406
0.0249424297362566,-0.025734055787324905,-0.06495635956525803
0.029287908226251602,-0.015362374484539032,-0.06236298009753227
0.02858748845756054,-0.0052065374329686165,-0.05925600230693817
0.03389410674571991,0.002749122679233551,-0.05916811525821686
0.034366391599178314,0.006417661905288696,-0.06443961709737778
0.03509902581572533,0.010465133935213089,-0.06663752347230911
0.03191881999373436,0.0111471489071846,-0.07318354398012161
0.03228500485420227,0.011635039001703262,-0.08096423000097275
0.02917918562889099,0.0017146877944469452,-0.08179481327533722
0.03649755194783211,-0.00010345131158828735,-0.08622577786445618
0.03810764476656914,0.0019994154572486877,-0.09178274869918823
0.04432027041912079,0.01405101828277111,-0.09734982252120972
0.04734141752123833,0.02541348896920681,-0.10103867948055267
0.05276307836174965,0.032366201281547546,-0.1023620069026947
0.06231395900249481,0.035809412598609924,-0.10157690942287445
0.07579035311937332,0.031959280371665955,-0.10637805610895157
0.08728336542844772,0.036674655973911285,-0.1092238798737526
0.09996560215950012,0.04125422611832619,-0.11372382193803787
0.1099226176738739,0.0446738637983799,-0.11945800483226776
0.11682526767253876,0.050498463213443756,-0.12642350792884827
0.11881541460752487,0.05419125407934189,-0.13478298485279083
0.12166420370340347,0.05217257887125015,-0.14242705702781677
0.12990908324718475,0.05366075038909912,-0.14313039183616638
0.13655047118663788,0.051515042781829834,-0.14527370035648346
0.1512424647808075,0.048109784722328186,-0.14043936133384705
0.17165958881378174,0.038041695952415466,-0.13653038442134857
0.18649522960186005,0.03195945546030998,-0.13731615245342255
0.19813618063926697,0.03274641931056976,-0.1460297554731369
0.2006748467683792,0.028522389009594917,-0.15552741289138794
0.1855188012123108,0.025193436071276665,-0.1652524769306183
0.1619846224784851,0.015092292800545692,-0.17406882345676422
0.13570401072502136,3.797560930252075e-05,-0.18093392252922058
0.12044494599103928,-0.013736456632614136,-0.19042035937309265
0.10829933732748032,-0.021863091737031937,-0.19208669662475586
0.09138315916061401,-0.023449648171663284,-0.18600711226463318
0.08099017292261124,-0.018387513235211372,-0.17668338119983673
0.08998195827007294,-0.01445737574249506,-0.16767507791519165
0.10317738354206085,-0.006890536285936832,-0.1531166285276413
0.11749804019927979,0.0023841653019189835,-0.14425122737884521
0.12932540476322174,0.014448551461100578,-0.13705696165561676
0.13071975111961365,0.015058640390634537,-0.1364222913980484
0.12187271565198898,0.010727539658546448,-0.12946051359176636
0.1037072241306305,-0.004540946334600449,-0.12468168884515762
0.08720973879098892,-0.015755251049995422,-0.11799529194831848
0.0689331665635109,-0.02488541230559349,-0.10980203747749329
0.04833575338125229,-0.030157137662172318,-0.10557666420936584
0.024706130847334862,-0.021405939012765884,-0.10507789999246597
0.004984358325600624,-0.013374111615121365,-0.10359026491641998
-0.010389004833996296,-0.016126489266753197,-0.09138818830251694
-0.016138238832354546,-0.028521105647087097,-0.07629792392253876
-0.02716548927128315,-0.030051451176404953,-0.05912123620510101
-0.040869053453207016,-0.028930528089404106,-0.04843024164438248
-0.04926172271370888,-0.02392219752073288,-0.038424212485551834
-0.035652704536914825,-0.01665043644607067,-0.027592603117227554
-0.013621002435684204,0.000452481210231781,-0.027588965371251106
0.0017257295548915863,0.004727918654680252,-0.023996626958251
0.017545489594340324,0.02856633998453617,-0.011184346862137318
0.02462523803114891,0.02970750443637371,0.0021785967983305454
0.019159164279699326,0.029758833348751068,0.008336439728736877
0.015327676199376583,0.01489972323179245,0.009317548014223576
0.008229183033108711,-0.006450740620493889,0.007784806191921234
0.001309226150624454,-0.027709156274795532,0.009775253012776375
0.006087111309170723,-0.05332907661795616,0.019703827798366547
0.004754731897264719,-0.053353309631347656,0.02448420040309429
0.004628102760761976,-0.04894163832068443,0.021866150200366974
0.008692885749042034,-0.03525485470890999,0.011393003165721893
0.012448841705918312,-0.02599833533167839,-0.0036292634904384613
0.013538606464862823,-0.02226032316684723,-0.018038827925920486
0.005270687397569418,-0.003304353915154934,-0.035326309502124786
-0.006084764841943979,0.011165399104356766,-0.03902411088347435
-0.014054838567972183,0.021684134379029274,-0.03909661993384361
-0.011932832188904285,0.04355401545763016,-0.04552442580461502
-0.0008020998211577535,0.06016835197806358,-0.06079224869608879
0.008636942133307457,0.07868105173110962,-0.0814269483089447
0.01795203797519207,0.09168363362550735,-0.09573368728160858
0.025188645347952843,0.08888598531484604,-0.1103254109621048
0.024914031848311424,0.06488682329654694,-0.11925812810659409
0.021903062239289284,0.038724202662706375,-0.11759790778160095
0.02397764101624489,0.013100748881697655,-0.11600121855735779
0.028781183063983917,0.003242257982492447,-0.11457429826259613
0.040678005665540695,0.008695410564541817,-0.11752036213874817
0.05665351077914238,0.03200126439332962,-0.11671901494264603
0.06729957461357117,0.06423701345920563,-0.11446177214384079
0.08016503602266312,0.09888501465320587,-0.11284523457288742
0.08952180296182632,0.12513497471809387,-0.10554603487253189
0.10432977229356766,0.14667223393917084,-0.09670327603816986
0.115699402987957,0.15834546089172363,-0.09068165719509125
0.12641917169094086,0.1618373990058899,-0.09106755256652832
0.13113649189472198,0.16234171390533447,-0.09019048511981964
0.14419956505298615,0.16816791892051697,-0.09341450780630112
0.15412083268165588,0.16928797960281372,-0.09534391760826111
0.1655290126800537,0.17486810684204102,-0.1047440767288208
0.17793592810630798,0.1822974979877472,-0.12442297488451004
0.19872403144836426,0.20364566147327423,-0.1475258767604828
0.21813605725765228,0.2123788446187973,-0.17202416062355042
0.23540931940078735,0.21197058260440826,-0.1991620510816574
0.24275049567222595,0.2065240889787674,-0.2290668487548828
0.2520366609096527,0.2097904533147812,-0.25750914216041565
0.25280311703681946,0.20518706738948822,-0.2799358367919922
0.24684403836727142,0.19527025520801544,-0.29634514451026917
0.2366098016500473,0.17123934626579285,-0.318132609128952
0.23330534994602203,0.14505088329315186,-0.3342982530593872
0.23362310230731964,0.12698647379875183,-0.33629754185676575
0.23164330422878265,0.11890832334756851,-0.34455546736717224
0.2436177283525467,0.1152242049574852,-0.35514405369758606
0.25138935446739197,0.12001042813062668,-0.36587339639663696
0.2637765407562256,0.12761768698692322,-0.3749014437198639
0.26753053069114685,0.13458691537380219,-0.38408270478248596
0.2618357241153717,0.13859781622886658,-0.3850695788860321
0.2541753947734833,0.1535339057445526,-0.3832937777042389
0.2312239110469818,0.1571444720029831,-0.38383883237838745
0.20754042267799377,0.1595759391784668,-0.398152232170105
0.16219884157180786,0.18071630597114563,-0.40332508087158203
0.1303407847881317,0.18903282284736633,-0.39681339263916016
0.11038710176944733,0.18588808178901672,-0.39493125677108765
0.10314357280731201,0.1926243007183075,-0.3903231918811798
0.1099521666765213,0.1873873770236969,-0.3907676339149475
0.11996911466121674,0.18985320627689362,-0.3856141269207001
0.12831319868564606,0.20297685265541077,-0.37203875184059143
0.13280676305294037,0.22969287633895874,-0.36477604508399963
0.13757218420505524,0.25742319226264954,-0.3615875840187073
0.14708340167999268,0.2692497670650482,-0.3631788194179535
0.14917677640914917,0.2720242142677307,-0.35671958327293396
0.14212127029895782,0.27900516986846924,-0.3584258556365967
0.13713493943214417,0.26877686381340027,-0.34575310349464417
0.11589276790618896,0.2609602212905884,-0.33228468894958496
0.1092098280787468,0.2564661502838135,-0.31515443325042725
0.11503709107637405,0.2395572066307068,-0.3029382526874542
0.12173005193471909,0.23722250759601593,-0.2881269156932831
0.12932458519935608,0.23416413366794586,-0.2614191174507141
0.14033442735671997,0.24307206273078918,-0.23752836883068085
0.16505415737628937,0.25276172161102295,-0.21020913124084473
0.19039663672447205,0.259443998336792,-0.1899642050266266
0.2170247882604599,0.2534846365451813,-0.18352068960666656
0.24071095883846283,0.23973248898983002,-0.19315533339977264
0.25874271988868713,0.2108267992734909,-0.20094294846057892
0.2663390338420868,0.1764204353094101,-0.20012544095516205
0.27377909421920776,0.1519065648317337,-0.18260370194911957
0.2738502025604248,0.13334234058856964,-0.14504048228263855
0.2674703299999237,0.12266466021537781,-0.08670075237751007
0.26317039132118225,0.13883285224437714,-0.03267759829759598
0.25930482149124146,0.1622934341430664,0.01574905589222908
0.24737294018268585,0.18600165843963623,0.05554897338151932
0.22693957388401031,0.19701489806175232,0.08728773146867752
0.20390930771827698,0.19300128519535065,0.11587169021368027
0.17682655155658722,0.15975944697856903,0.12367714941501617
0.15088221430778503,0.09920310974121094,0.12435976415872574
0.1368769109249115,0.038127776235342026,0.13267947733402252
0.13358095288276672,-0.0032469090074300766,0.14494258165359497
0.14635586738586426,-0.02077663503587246,0.14423365890979767
0.14482298493385315,-0.03568369895219803,0.1332891434431076
0.11816047877073288,-0.03477342799305916,0.1587873101234436
0.09101027250289917,-0.042805999517440796,0.18528440594673157
0.043362587690353394,-0.020160607993602753,0.22983749210834503
0.0015378703828901052,-0.02208242379128933,0.2732042074203491
-0.045232295989990234,-0.029866576194763184,0.31302937865257263
-0.08949579298496246,-0.05860980227589607,0.333169549703598
-0.11068017780780792,-0.09518991410732269,0.3443804085254669
-0.13354915380477905,-0.12986063957214355,0.36242493987083435
-0.1489504724740982,-0.1611863225698471,0.38156670331954956
-0.15774007141590118,-0.16947464644908905,0.4015873074531555
-0.1471356302499771,-0.1574680507183075,0.40002137422561646
-0.112346351146698,-0.12406525015830994,0.3441273868083954
-0.05407452583312988,-0.11338889598846436,0.2626418471336365
-0.00829348061233759,-0.1254022717475891,0.1975737363100052
0.006820491515100002,-0.1754198968410492,0.1806964874267578
-0.017407625913619995,-0.2657592296600342,0.19334717094898224
-0.06979253888130188,-0.4044329524040222,0.21029499173164368
-0.14305691421031952,-0.572163462638855,0.2155362367630005
-0.2393147349357605,-0.739589512348175,0.20773397386074066
-0.3393547534942627,-0.9038565158843994,0.20638056099414825
-0.43005800247192383,-1.0690417289733887,0.22241757810115814
-0.4946579933166504,-1.2112587690353394,0.23381438851356506
-0.5226083993911743,-1.2993834018707275,0.23481148481369019
-0.5157477259635925,-1.3602266311645508,0.22225183248519897
-0.49172043800354004,-1.3968919515609741,0.21175338327884674
-0.4606722295284271,-1.4015579223632812,0.2072993814945221
-0.4148951768875122,-1.363011360168457,0.2026606947183609
-0.3440110385417938,-1.3145169019699097,0.1992226392030716
-0.27879610657691956,-1.2751330137252808,0.21186493337154388
-0.22736072540283203,-1.2132874727249146,0.23061728477478027
-0.18279539048671722,-1.144533634185791,0.24169257283210754
-0.12009397149085999,-1.102150321006775,0.24818946421146393
-0.03547176346182823,-1.1099417209625244,0.2598293423652649
0.029722895473241806,-1.1460422277450562,0.2887153923511505
0.0925053209066391,-1.1940052509307861,0.29745349287986755
0.15714265406131744,-1.274841547012329,0.29718661308288574
0.22362740337848663,-1.408454418182373,0.3219958245754242
0.288981556892395,-1.5284054279327393,0.36774513125419617
0.3362199366092682,-1.6125818490982056,0.41413232684135437
0.3752254247665405,-1.6325265169143677,0.4562051594257355
0.392107754945755,-1.5666420459747314,0.4807909429073334
0.35608986020088196,-1.445768117904663,0.5053010582923889
0.28928127884864807,-1.2763772010803223,0.4920041859149933
0.07730263471603394,-0.9386926293373108,0.28848567605018616
-0.6340897083282471,-0.1928192675113678,-0.16529886424541473
-0.7596741318702698,-0.3181820213794708,-0.004819657653570175
-0.37765827775001526,-0.7361257672309875,0.3450552523136139
-0.21064259111881256,-0.7538671493530273,0.38410913944244385
-0.2932969927787781,-0.4649524986743927,0.21650655567646027
-0.37912288308143616,-0.20367544889450073,0.06836777180433273
-0.37300851941108704,-0.008005814626812935,0.004749650601297617
-0.32467079162597656,0.17523297667503357,-0.05118098855018616
-0.2882339358329773,0.3437111973762512,-0.12479794770479202
-0.26041164994239807,0.47230711579322815,-0.18058384954929352
-0.23561255633831024,0.5687260627746582,-0.2052505761384964
-0.211554616689682,0.6388833522796631,-0.21762628853321075
-0.2138340175151825,0.6894738078117371,-0.19835032522678375
-0.25318044424057007,0.7297021150588989,-0.14452007412910461
-0.30447161197662354,0.7460384964942932,-0.0514705590903759
-0.3410009741783142,0.7548539042472839,0.043755728751420975
-0.35098063945770264,0.7659422159194946,0.11307115852832794
-0.3256639540195465,0.7746816873550415,0.1537647545337677
-0.27599069476127625,0.7795566320419312,0.1825186312198639
-0.2034091353416443,0.7797697186470032,0.19753886759281158
-0.11812406778335571,0.7815353870391846,0.201302170753479
-0.021437402814626694,0.8026012778282166,0.2021024078130722
0.08616016060113907,0.8234823346138,0.2177969515323639
0.18950742483139038,0.8347304463386536,0.2169782519340515
0.27829962968826294,0.8389492034912109,0.20438310503959656
0.3478526771068573,0.8434408903121948,0.18340426683425903
0.39153915643692017,0.8402743935585022,0.16820001602172852
0.4061984419822693,0.825104296207428,0.15080049633979797
0.3944573700428009,0.7939344048500061,0.12483520805835724
0.3646937906742096,0.7294979095458984,0.10078044980764389
0.32810354232788086,0.6584244966506958,0.08359028398990631
0.29353541135787964,0.595552921295166,0.08274491131305695
0.25334563851356506,0.5249016880989075,0.08257420361042023
0.2172156721353531,0.4472115933895111,0.08114762604236603
0.18050000071525574,0.3677908182144165,0.08280810713768005
0.1402108371257782,0.2807231843471527,0.07312124967575073
0.11014322936534882,0.1896127164363861,0.07659827172756195
0.08364540338516235,0.08742846548557281,0.07138869166374207
0.06310205161571503,-0.020177889615297318,0.07449447363615036
0.04868905991315842,-0.11529497802257538,0.08266732096672058
0.042421575635671616,-0.19068853557109833,0.0713169276714325
0.03663153201341629,-0.22019177675247192,0.04101972281932831
0.08612318336963654,-0.23338374495506287,-0.06560232490301132
0.16814669966697693,-0.26625514030456543,-0.03564981743693352
0.1914999634027481,-0.23192697763442993,0.04160555452108383
0.17670588195323944,-0.1802530586719513,0.0868920236825943
0.13833612203598022,-0.16934582591056824,0.11959164589643478
0.10417601466178894,-0.18232712149620056,0.15137700736522675
0.09245117753744125,-0.21265441179275513,0.1748809963464737
0.1014334186911583,-0.2619673013687134,0.18278439342975616
0.12453820556402206,-0.32024046778678894,0.1758923977613449
0.16088928282260895,-0.38463714718818665,0.1412661075592041
0.20557153224945068,-0.4621647000312805,0.10324441641569138
0.24168139696121216,-0.5518213510513306,0.09521792829036713
0.26696041226387024,-0.6531412601470947,0.12467248737812042
0.2769649028778076,-0.7630678415298462,0.18769195675849915
0.29002290964126587,-0.891131579875946,0.2535567283630371
0.31868159770965576,-1.022760272026062,0.3005813956260681
0.3580463230609894,-1.1261711120605469,0.32428300380706787
0.39499571919441223,-1.2157397270202637,0.342364102602005
0.43542781472206116,-1.277289867401123,0.3537757396697998
0.47443506121635437,-1.2952286005020142,0.3597639501094818
0.4960077404975891,-1.268488883972168,0.346857488155365
0.5008658766746521,-1.2228704690933228,0.29616469144821167
0.5052284002304077,-1.170652985572815,0.23868487775325775
0.5127840042114258,-1.1171464920043945,0.1889249086380005
0.5293587446212769,-1.0741117000579834,0.15239326655864716
0.5574557185173035,-1.0250900983810425,0.13013891875743866
0.5782254338264465,-0.9682130217552185,0.11603774130344391
0.5822754502296448,-0.8814725279808044,0.10786373913288116
0.5668967366218567,-0.7572816014289856,0.07358592748641968
0.5337494611740112,-0.6433142423629761,0.03623370826244354
0.4840826094150543,-0.5510751605033875,-0.012691490352153778
0.42292580008506775,-0.4888318181037903,-0.07166659086942673
0.35216373205184937,-0.45327115058898926,-0.12773144245147705
0.2603529393672943,-0.443734735250473,-0.16385634243488312
0.15425634384155273,-0.45280253887176514,-0.1622334122657776
0.05480119585990906,-0.47934579849243164,-0.1400718241930008
-0.03151344880461693,-0.5222256779670715,-0.10745903104543686
-0.1032501682639122,-0.5632802248001099,-0.0790957510471344
-0.15814964473247528,-0.6006683111190796,-0.0542181022465229
-0.20353098213672638,-0.6320338249206543,-0.024522392079234123
-0.24198009073734283,-0.631147563457489,0.007361505180597305
-0.3007238805294037,-0.5879918932914734,0.02294265106320381
-0.37155863642692566,-0.5499241352081299,0.006401758641004562
-0.4340225160121918,-0.5256365537643433,-0.03196645900607109
-0.47213342785835266,-0.498503714799881,-0.08686912059783936
-0.4682689607143402,-0.46412768959999084,-0.1377016305923462
-0.4438546895980835,-0.4440793991088867,-0.16943877935409546
-0.4085442125797272,-0.427156001329422,-0.16545984148979187
-0.3801410496234894,-0.4140407145023346,-0.14239980280399323
-0.36833104491233826,-0.4213600158691406,-0.09296901524066925
-0.37788140773773193,-0.4266277551651001,-0.0155746228992939
-0.39677000045776367,-0.3969354033470154,0.07474785298109055
-0.4035525321960449,-0.31563282012939453,0.1403481662273407
-0.3871175944805145,-0.22810658812522888,0.1656579226255417
-0.3585927486419678,-0.15741457045078278,0.1643306165933609
-0.33902832865715027,-0.09646188467741013,0.13641443848609924
-0.33142393827438354,-0.04137413203716278,0.08182202279567719
-0.3350834846496582,0.0036054179072380066,0.013662327080965042
-0.3545924723148346,0.01980888843536377,-0.053649336099624634
-0.3780891001224518,0.028292736038565636,-0.10839442163705826
-0.39521294832229614,0.048138611018657684,-0.15386736392974854
-0.4151569902896881,0.06473104655742645,-0.18346957862377167
-0.5253793597221375,0.1550375074148178,-0.23414234817028046
-0.5975863337516785,0.2293473780155182,-0.2742500603199005
-0.4984890818595886,0.08134645223617554,-0.12270873785018921
-0.2790623605251312,0.2407342791557312,0.05475681275129318
-0.022018855437636375,0.36008304357528687,0.12701450288295746
0.05263662338256836,0.25837597250938416,0.1302029937505722
0.09474093466997147,0.2028229683637619,0.1580764502286911
0.11050382256507874,0.07447335124015808,0.14870841801166534
0.08459445834159851,-0.05732729285955429,0.07376386970281601
-0.016877273097634315,-0.05544313043355942,0.008773963898420334
-0.07623354345560074,-0.04011769965291023,-0.003023573663085699
-0.18190953135490417,-0.00178492721170187,0.021541915833950043
-0.12457460165023804,-0.10613503307104111,0.026727357879281044
-0.08351443707942963,-0.11858366429805756,0.014395276084542274
-0.06512530893087387,-0.05104323476552963,0.019949566572904587
-0.015837324783205986,0.0015943348407745361,0.019370144233107567
0.05237075686454773,0.039874881505966187,0.02088841237127781
0.08484301716089249,0.09102386981248856,0.02991008758544922
0.09273050725460052,0.08976498991250992,0.03741993382573128
0.06771018356084824,0.03469233959913254,0.033963240683078766
0.010875136591494083,-0.04566694796085358,0.007957737892866135
-0.09501762688159943,-0.15504693984985352,-0.02019537426531315
-0.2290787696838379,-0.23051053285598755,-0.03513810411095619
-0.3365946412086487,-0.261130154132843,-0.0548517070710659
-0.40358325839042664,-0.2652710974216461,-0.08612121641635895
-0.42824622988700867,-0.24768999218940735,-0.12931688129901886
-0.4235020875930786,-0.18901416659355164,-0.1676293909549713
-0.40476152300834656,-0.113289475440979,-0.18530061841011047
-0.37023764848709106,-0.053803250193595886,-0.20416058599948883
-0.3090553283691406,-0.029652807861566544,-0.19985833764076233
-0.34358108043670654,0.11918726563453674,-0.3046625256538391
-0.364508718252182,0.2006155103445053,-0.28381630778312683
-0.32810357213020325,0.19994093477725983,-0.2859596312046051
-0.2854413092136383,0.20953139662742615,-0.31211256980895996
-0.24197055399417877,0.15662316977977753,-0.3022080063819885
-0.1852095127105713,0.11261465400457382,-0.3023054003715515
-0.11854738742113113,0.1243317648768425,-0.3108685314655304
-0.0775323435664177,0.17858757078647614,-0.3119082450866699
-0.1033218652009964,0.21458712220191956,-0.3226410448551178
-0.17085421085357666,0.21897727251052856,-0.34513434767723083
-0.2476123720407486,0.19658461213111877,-0.3519288897514343
-0.3102729320526123,0.16003045439720154,-0.3251953423023224
-0.36123040318489075,0.16661962866783142,-0.2903580069541931
-0.38927826285362244,0.19310742616653442,-0.2284938544034958
-0.39574894309043884,0.24959120154380798,-0.17283910512924194
-0.39651480317115784,0.31822267174720764,-0.15729974210262299
-0.41779372096061707,0.3867500424385071,-0.1828748732805252
-0.4532618820667267,0.48709625005722046,-0.22351223230361938
-0.5040544867515564,0.6092221736907959,-0.25342991948127747
-0.5509519577026367,0.678446352481842,-0.2574247717857361
-0.5494238138198853,0.6405061483383179,-0.22627165913581848
-0.5290983319282532,0.5053775310516357,-0.17872852087020874
-0.530298113822937,0.34019845724105835,-0.14663849771022797
-0.5150067806243896,0.17561748623847961,-0.11195986717939377
-0.4938298165798187,-0.001461150124669075,-0.10454190522432327
-0.44837599992752075,-0.10054226219654083,-0.11819052696228027
-0.3630070388317108,-0.11582081764936447,-0.13653942942619324
-0.2691466212272644,-0.06322120875120163,-0.14525124430656433
-0.1720043420791626,0.02890685386955738,-0.14383657276630402
-0.07178886234760284,0.11376092582941055,-0.15695305168628693
0.017871515825390816,0.1607380211353302,-0.1799212098121643
0.09442276507616043,0.19818100333213806,-0.2165287584066391
0.18392816185951233,0.2612507939338684,-0.24531513452529907
0.26518625020980835,0.3235040307044983,-0.2443004697561264
0.31506112217903137,0.3498418927192688,-0.23095004260540009
0.3170309364795685,0.31560856103897095,-0.21003468334674835
0.24873550236225128,0.26733770966529846,-0.20657096803188324
-0.04882960394024849,0.274021178483963,-0.1971289962530136
-0.8519867658615112,0.15411686897277832,-0.2241038978099823
-1.830330729484558,-0.5272430777549744,-0.25472545623779297
-2.454019784927368,-1.141296148300171,-0.13914185762405396
-2.361175298690796,-1.499847412109375,-0.13452456891536713
-1.858246922492981,-1.3425166606903076,-0.14004956185817719
-1.1935304403305054,-1.0325047969818115,-0.0559663362801075
-0.4230838418006897,-0.5829749703407288,0.010333859361708164
0.3072696030139923,0.0403301976621151,0.10508856922388077
0.8268773555755615,0.5565794110298157,0.21500149369239807
1.0711225271224976,0.8228809833526611,0.26100489497184753
1.1345279216766357,0.8699536919593811,0.2657293379306793
1.0885792970657349,0.7772836685180664,0.2609931528568268
0.9503207802772522,0.5926411151885986,0.2503490447998047
0.7481895685195923,0.3764593303203583,0.23913627862930298
0.5388648509979248,0.19462057948112488,0.23384004831314087
0.35418036580085754,0.08305686712265015,0.22258782386779785
0.21114331483840942,0.019037671387195587,0.20111529529094696
0.11661515384912491,0.01816009357571602,0.18400879204273224
0.06813576817512512,0.051235757768154144,0.17083467543125153
0.06131980940699577,0.1338420957326889,0.16094672679901123
0.07335250824689865,0.251751184463501,0.12026321142911911
0.11185994744300842,0.3563156723976135,0.07857275754213333
0.13951660692691803,0.42088478803634644,0.03593581169843674
0.1302596777677536,0.44759461283683777,-0.03480881452560425
0.0945754423737526,0.4444078803062439,-0.12972626090049744
0.04487166926264763,0.41416674852371216,-0.20265603065490723
-0.04675918072462082,0.46953919529914856,-0.22746364772319794
-0.13695701956748962,0.5602272748947144,-0.2632485330104828
-0.20309396088123322,0.6449283361434937,-0.29427409172058105
-0.24003291130065918,0.6905253529548645,-0.2995966672897339
-0.2233854979276657,0.6827489137649536,-0.29186683893203735
-0.19280114769935608,0.6378704905509949,-0.25325459241867065
-0.15970179438591003,0.5660466551780701,-0.2029283046722412
-0.13835135102272034,0.46768918633461,-0.16386422514915466
-0.1526075154542923,0.36166873574256897,-0.13077577948570251
-0.18345773220062256,0.2954617738723755,-0.08401523530483246
-0.21434295177459717,0.27091115713119507,-0.04972543567419052
-0.24282847344875336,0.23597070574760437,-0.047938939183950424
-0.2840137183666229,0.16315828263759613,-0.05479391664266586
-0.3286646008491516,0.0913044810295105,-0.054506171494722366
-0.357927143573761,0.05117703974246979,-0.038494180887937546
-0.3618563115596771,0.0657062828540802,0.0015447256155312061
-0.3427364230155945,0.08889815211296082,0.06631439924240112
-0.3026832342147827,0.08353330194950104,0.14571596682071686
-0.2601107358932495,0.0766463652253151,0.20937776565551758
-0.23082174360752106,0.0677594393491745,0.24101394414901733
-0.20569774508476257,0.06712320446968079,0.24870754778385162
-0.16074836254119873,0.07830260694026947,0.24127864837646484
-0.10961273312568665,0.11795733869075775,0.22452764213085175
-0.04813700169324875,0.1717952936887741,0.2139362096786499
0.005225556902587414,0.2274700105190277,0.19875912368297577
0.043107833713293076,0.262981116771698,0.19651438295841217
0.06607440114021301,0.2834365963935852,0.21319402754306793
0.08721690624952316,0.2938762605190277,0.22729112207889557
0.10164617747068405,0.2934171259403229,0.22652973234653473
0.11327526718378067,0.27948251366615295,0.21837157011032104
0.12264665961265564,0.23991966247558594,0.20589278638362885
0.13179737329483032,0.1760139912366867,0.20210646092891693
0.1352376490831375,0.10690629482269287,0.20363537967205048
0.1407979279756546,0.05269977077841759,0.21359963715076447
0.15604239702224731,0.028201080858707428,0.23106570541858673
0.1953858584165573,0.01933802291750908,0.2420492023229599
0.24311289191246033,0.024000417441129684,0.2545175850391388
0.2931780219078064,0.04000286012887955,0.2590140104293823
0.33318430185317993,0.07420744001865387,0.2680317461490631
0.34878531098365784,0.10336404293775558,0.2760421931743622
0.35260269045829773,0.13019005954265594,0.2771676480770111
0.34093067049980164,0.15534353256225586,0.27352213859558105
0.3245924413204193,0.181107759475708,0.25721773505210876
0.298093318939209,0.19233815371990204,0.23944395780563354
0.26682594418525696,0.19463352859020233,0.2264770269393921
0.20286791026592255,0.1804966777563095,0.21986012160778046
0.11743821948766708,0.15295292437076569,0.2240050584077835
0.022393159568309784,0.1277044713497162,0.23693881928920746
-0.07235679030418396,0.09122394770383835,0.2617475092411041
-0.14680834114551544,0.05923496186733246,0.28315600752830505
-0.1908666044473648,0.03300388902425766,0.30905258655548096
-0.20429560542106628,0.004674222320318222,0.34007129073143005
-0.1954597681760788,-0.002493675798177719,0.37826552987098694
-0.18809430301189423,0.004074528813362122,0.4133051931858063
-0.18326039612293243,-0.00399911031126976,0.44096052646636963
-0.1731116771697998,-0.021020138636231422,0.460135281085968
-0.16244545578956604,-0.04555477574467659,0.4760953485965729
-0.1581929475069046,-0.06500338762998581,0.49580225348472595
-0.1556011587381363,-0.07913838326931,0.5090956687927246
-0.14148688316345215,-0.11004282534122467,0.5179531574249268
-0.10532542318105698,-0.15066030621528625,0.5147637724876404
-0.05634171515703201,-0.193219393491745,0.511294424533844
-0.0020824740640819073,-0.230113223195076,0.512271523475647
0.05420081689953804,-0.26564157009124756,0.5157734155654907
0.08715903013944626,-0.28944993019104004,0.5213583707809448
0.10118492692708969,-0.2992420792579651,0.5174629092216492
0.10186509788036346,-0.2961363196372986,0.509702205657959
0.08798763900995255,-0.27241939306259155,0.49290895462036133
0.07426703721284866,-0.24751724302768707,0.4627515971660614
0.06076384335756302,-0.22603563964366913,0.4292338490486145
0.045946016907691956,-0.2151622176170349,0.39773958921432495
0.03470681980252266,-0.1947081983089447,0.38125738501548767
0.023530064150691032,-0.17042604088783264,0.38126829266548157
-0.0017889845184981823,-0.14180028438568115,0.37596333026885986
-0.04317716881632805,-0.11363469064235687,0.36771097779273987
-0.10154913365840912,-0.09850393980741501,0.403490275144577
-0.27682241797447205,-0.08882094919681549,0.6663743853569031
-0.43827173113822937,-0.06250894069671631,0.5527820587158203
-0.524564266204834,-0.20785628259181976,0.375462144613266
-0.582579493522644,-0.33168092370033264,0.25015389919281006
-0.5985328555107117,-0.37962502241134644,0.22010840475559235
-0.5769782662391663,-0.34515270590782166,0.27386796474456787
-0.5013716220855713,-0.3267364203929901,0.3178202509880066
-0.40159839391708374,-0.32318440079689026,0.33381128311157227
-0.30023688077926636,-0.30249109864234924,0.34602028131484985
-0.19278711080551147,-0.2888723611831665,0.3698248267173767
-0.07831085473299026,-0.305010586977005,0.39135223627090454
0.03538081422448158,-0.33414819836616516,0.3923492431640625
0.1372794806957245,-0.347832053899765,0.3905737102031708
0.2075055092573166,-0.3284907937049866,0.4134153127670288
0.23266705870628357,-0.29839468002319336,0.4468260109424591
0.22311291098594666,-0.26749369502067566,0.48506978154182434
0.1807800978422165,-0.24732185900211334,0.5213015675544739
0.1254778802394867,-0.23947876691818237,0.5447096228599548
0.058150507509708405,-0.29840439558029175,0.5008390545845032
-0.020564885810017586,-0.3344101011753082,0.3688366115093231
-0.12045633047819138,-0.4075085520744324,0.21491122245788574
-0.21344684064388275,-0.4961482882499695,0.14987242221832275
-0.3024100065231323,-0.5877120494842529,0.1339680254459381
-0.38161763548851013,-0.6438255310058594,0.14602138102054596
-0.4328842759132385,-0.6661316156387329,0.17093418538570404
-0.45040276646614075,-0.6735172271728516,0.19711560010910034
-0.43499451875686646,-0.6685293912887573,0.21181464195251465
-0.40034592151641846,-0.6585341095924377,0.22171904146671295
-0.3612709641456604,-0.6518881916999817,0.22939692437648773
-0.3235471546649933,-0.649946928024292,0.23439238965511322
-0.28385138511657715,-0.6415161490440369,0.23902815580368042
-0.24166330695152283,-0.6463397145271301,0.2391331046819687
-0.19832009077072144,-0.6485956311225891,0.2477785348892212
-0.15690776705741882,-0.6435167789459229,0.2531043589115143
-0.11494939029216766,-0.6467958688735962,0.25273019075393677
-0.07293232530355453,-0.6745278239250183,0.25121334195137024
-0.053750645369291306,-0.7105132341384888,0.25281843543052673
-0.04336222633719444,-0.7305602431297302,0.24233762919902802
-0.03725772723555565,-0.7502226233482361,0.21501626074314117
-0.03523505479097366,-0.7643864154815674,0.1712314933538437
-0.03157418593764305,-0.7688726782798767,0.11999516189098358
-0.04291333258152008,-0.7513658404350281,0.06260691583156586
-0.06627991050481796,-0.7152807712554932,0.010850246995687485
-0.0915156826376915,-0.6972615122795105,-0.0255845095962286
-0.11254267394542694,-0.6989355683326721,-0.056419920176267624
-0.13013480603694916,-0.6991855502128601,-0.06298070400953293
-0.1568516343832016,-0.6599135398864746,-0.07742409408092499
-0.20110224187374115,-0.5984711050987244,-0.08523362874984741
-0.2526003122329712,-0.532747745513916,-0.09331898391246796
-0.2703317701816559,-0.4447782635688782,-0.10363071411848068
-0.26554420590400696,-0.37140682339668274,-0.11605915427207947
-0.25484710931777954,-0.3068017065525055,-0.11608371883630753
-0.22014719247817993,-0.2354944944381714,-0.09346016496419907
-0.181058868765831,-0.1682175099849701,-0.05935938283801079
-0.13937373459339142,-0.0868038758635521,-0.035563770681619644
-0.0954330787062645,0.003355080261826515,-0.01258818618953228
-0.052571628242731094,0.0875927284359932,0.013387755490839481
-0.0016450408147647977,0.1453637331724167,0.030891520902514458
0.030511299148201942,0.20447418093681335,0.043086931109428406
0.02354930341243744,0.2550239861011505,0.03354530408978462
-0.008890128694474697,0.28166463971138,0.013935914263129234
-0.050609245896339417,0.2999247908592224,-0.006268064025789499
-0.10520964115858078,0.3065006732940674,-0.027951257303357124
-0.152804434299469,0.29870903491973877,-0.03758760169148445
-0.1790647953748703,0.2858595550060272,-0.04601224511861801
-0.18542711436748505,0.2876890003681183,-0.05949809402227402
-0.1699000746011734,0.2932097315788269,-0.06968468427658081
-0.14946042001247406,0.2918512523174286,-0.07212922722101212
-0.1391952633857727,0.29757997393608093,-0.06964662671089172
-0.13392530381679535,0.3215644359588623,-0.06739676743745804
-0.1267656534910202,0.3542906641960144,-0.07268207520246506
-0.112342968583107,0.36042919754981995,-0.08043903857469559
-0.07891177386045456,0.35063570737838745,-0.0901143029332161
-0.03568534925580025,0.3362104296684265,-0.09303656220436096
0.005751039367169142,0.352879136800766,-0.10314299166202545
0.05115867033600807,0.39930635690689087,-0.10970351099967957
0.0957503691315651,0.47019490599632263,-0.10674074292182922
0.12499044090509415,0.5717694163322449,-0.1095772385597229
0.12838463485240936,0.6944908499717712,-0.11756059527397156
0.10609663277864456,0.808403730392456,-0.13776665925979614
0.07892626523971558,0.9059547781944275,-0.17042793333530426
0.04258108511567116,1.0016769170761108,-0.21232178807258606
0.012872455641627312,1.0646183490753174,-0.25915294885635376
-0.011426747776567936,1.0950194597244263,-0.30586323142051697
-0.033051881939172745,1.1077295541763306,-0.3502666652202606
-0.050918273627758026,1.1156034469604492,-0.38945066928863525
-0.08209456503391266,1.1064908504486084,-0.4235953390598297
-0.1363808512687683,1.0713680982589722,-0.45225632190704346
-0.21761499345302582,1.0179831981658936,-0.45888757705688477
-0.30878958106040955,0.9503589272499084,-0.4508107900619507
-0.3871440589427948,0.8564633727073669,-0.4300996661186218
-0.45278117060661316,0.7558210492134094,-0.4081171154975891
-0.491538941860199,0.6922402381896973,-0.4121134579181671
-0.49218323826789856,0.5788739919662476,-0.4998307526111603
-0.43052202463150024,0.6225860714912415,-0.505480170249939
-0.3855282664299011,0.6108152270317078,-0.4868431091308594
-0.3393261730670929,0.6230819821357727,-0.4555424451828003
-0.2770344018936157,0.6576784253120422,-0.42601102590560913
-0.22623620927333832,0.669048547744751,-0.41091251373291016
-0.18565626442432404,0.6591312885284424,-0.39709773659706116
-0.1368463784456253,0.6597366333007812,-0.3758646249771118
-0.07552351802587509,0.6412037014961243,-0.35341253876686096
-0.015354459173977375,0.608195960521698,-0.32546454668045044
0.04688836261630058,0.565517783164978,-0.29673442244529724
0.10876185446977615,0.5180925130844116,-0.26611417531967163
0.1661248803138733,0.47819221019744873,-0.22989951074123383
0.20849443972110748,0.44779887795448303,-0.18701116740703583
0.234929621219635,0.4409898817539215,-0.14222122728824615
0.25801071524620056,0.4240758717060089,-0.1130036860704422
0.2769332230091095,0.4117204248905182,-0.09421989321708679
0.29477933049201965,0.40147897601127625,-0.0945807471871376
0.3085573613643646,0.3905632793903351,-0.10973954200744629
0.3112298548221588,0.36780551075935364,-0.12238849699497223
0.3078298568725586,0.35258281230926514,-0.10973946750164032
0.3009173572063446,0.33004847168922424,-0.0960947647690773
0.2845090329647064,0.30769529938697815,-0.09416244924068451
0.2709586024284363,0.29216960072517395,-0.10468140244483948
0.26405343413352966,0.26722458004951477,-0.11260134726762772
0.25098368525505066,0.23365674912929535,-0.11448953300714493
0.22061914205551147,0.19276443123817444,-0.1034560427069664
0.1750948131084442,0.1501019150018692,-0.09159751981496811
0.12012387812137604,0.10207828879356384,-0.08877439051866531
0.05659523606300354,0.06294926255941391,-0.08723055571317673
0.005560724530369043,0.019306935369968414,-0.09171341359615326
-0.023973198607563972,-0.025092752650380135,-0.10599727183580399
-0.04321723058819771,-0.051603808999061584,-0.11818543821573257
-0.04221881181001663,-0.06532654166221619,-0.13117927312850952
-0.022947929799556732,-0.06643736362457275,-0.1355169713497162
0.008995887823402882,-0.05565422400832176,-0.1359071284532547
0.04179340600967407,-0.03863836079835892,-0.13785670697689056
0.07884010672569275,-0.031347956508398056,-0.14219233393669128
0.1115858405828476,-0.03263738006353378,-0.13486844301223755
0.13950908184051514,-0.02257409319281578,-0.1321464329957962
0.16552168130874634,-0.011575139127671719,-0.13043810427188873
0.20266665518283844,-0.0036019012331962585,-0.1304498165845871
0.24328604340553284,0.001955140382051468,-0.12541627883911133
0.29038751125335693,0.005211919546127319,-0.11503421515226364
0.31736883521080017,0.005726411938667297,-0.1042766347527504
0.31775712966918945,0.01782888174057007,-0.08900526911020279
0.2919901907444,0.028491538017988205,-0.07485684007406235
0.25743088126182556,0.03856361284852028,-0.055526550859212875
0.2128710001707077,0.06844787299633026,-0.04444391280412674
0.1726071983575821,0.10734573751688004,-0.030216775834560394
0.13930566608905792,0.14100536704063416,-0.017240194603800774
0.09354057163000107,0.1781737506389618,0.00103521510027349
0.05798088014125824,0.20166879892349243,0.02016567252576351
0.025686057284474373,0.20759007334709167,0.036322008818387985
-0.004502072464674711,0.2046130746603012,0.06205569952726364
-0.03256193920969963,0.18330751359462738,0.08444675803184509
-0.06098647788167,0.16058218479156494,0.10202925652265549
-0.09235745668411255,0.13185200095176697,0.113263800740242
-0.12360379844903946,0.11910156905651093,0.12055932730436325
-0.14081527292728424,0.09940163046121597,0.1270798146724701
-0.14514866471290588,0.08503762632608414,0.13052856922149658
-0.14087961614131927,0.08492870628833771,0.12538599967956543
-0.12241899967193604,0.08884304761886597,0.10860937833786011
-0.10743951797485352,0.08983614295721054,0.0938703790307045
-0.08825178444385529,0.0784275084733963,0.0790380910038948
-0.058943431824445724,0.04925790801644325,0.07010478526353836
-0.021989475935697556,0.001963706687092781,0.06577679514884949
0.013447077013552189,-0.05550651252269745,0.06285078078508377
0.043833885341882706,-0.09605368971824646,0.0649413913488388
0.0776941105723381,-0.1253063827753067,0.06454591453075409
0.09638989716768265,-0.14682656526565552,0.0678601861000061
0.1108977347612381,-0.16347958147525787,0.06900481134653091
0.11941903084516525,-0.17065612971782684,0.07148940861225128
0.1283872276544571,-0.16231776773929596,0.07926823198795319
0.136384516954422,-0.132627472281456,0.0901501327753067
0.14411167800426483,-0.10304960608482361,0.09108516573905945
0.15152694284915924,-0.07730090618133545,0.09238404035568237
0.1657404899597168,-0.06014508754014969,0.09202238917350769
0.1716669499874115,-0.037895843386650085,0.09456001222133636
0.16872522234916687,-0.019175687804818153,0.10655568540096283
0.17014530301094055,-0.004783389158546925,0.11796275526285172
0.17794117331504822,0.00255548395216465,0.12434609234333038
0.19296146929264069,0.010616127401590347,0.1314699947834015
0.19477322697639465,0.029421238228678703,0.12353990226984024
0.18876200914382935,0.051496006548404694,0.11534736305475235
0.16874995827674866,0.06455828249454498,0.10722792148590088
0.15613798797130585,0.08468712866306305,0.1083950474858284
0.1407952457666397,0.08266845345497131,0.10679661482572556
0.12486766278743744,0.07642589509487152,0.11007509380578995
0.10350857675075531,0.07153366506099701,0.11274491250514984
0.08291780203580856,0.06349106132984161,0.10941343009471893
0.06209481135010719,0.05926861613988876,0.10752817988395691
0.05064697563648224,0.06010150536894798,0.10819251090288162
0.044545941054821014,0.07021166384220123,0.10989853739738464
0.03837765380740166,0.0908275842666626,0.10518676787614822
0.03705646097660065,0.1255168467760086,0.08815079182386398
0.04252312704920769,0.17987293004989624,0.06217971071600914
0.048949867486953735,0.26441869139671326,0.02036461979150772
0.057282812893390656,0.3580957353115082,-0.023085206747055054
0.0630568116903305,0.4167819619178772,-0.058641865849494934
0.06449069082736969,0.4219372868537903,-0.08819995075464249
0.06619724631309509,0.37382030487060547,-0.0992233082652092
0.07255485653877258,0.29017311334609985,-0.09956955909729004
0.08598411083221436,0.19627061486244202,-0.09676551818847656
0.10489796102046967,0.11013883352279663,-0.09026145190000534
0.1349589228630066,0.03270316869020462,-0.0725913792848587
0.16652396321296692,-0.003578854724764824,-0.03424834460020065
0.197861909866333,0.005042329430580139,0.018735246732831
0.24094511568546295,0.03409776836633682,0.06376814842224121
0.2779121994972229,0.09232432395219803,0.09251031279563904
0.3002490699291229,0.16031119227409363,0.1030408963561058
0.3033982515335083,0.20945823192596436,0.09847996383905411
0.2948392927646637,0.2293974757194519,0.09375268965959549
0.2677200436592102,0.2222902923822403,0.08089733868837357
0.23270052671432495,0.18349826335906982,0.06809332221746445
0.19618192315101624,0.14418308436870575,0.06933888047933578
0.15634579956531525,0.12281859666109085,0.06045277416706085
0.13188572227954865,0.11111880093812943,0.05840080976486206
0.11965177953243256,0.10784436017274857,0.049127236008644104
0.11145590245723724,0.11913536489009857,0.0430070236325264
0.11476588994264603,0.1245829164981842,0.04587943106889725
0.12110741436481476,0.1299593150615692,0.04846722632646561
0.12783938646316528,0.1338350772857666,0.05259959399700165
0.13638946413993835,0.13503190875053406,0.05368003994226456
0.1453285813331604,0.1265200972557068,0.050317857414484024
0.15763744711875916,0.11371828615665436,0.0510701984167099
0.16530519723892212,0.10217989236116409,0.05117085948586464
0.1770755797624588,0.08977222442626953,0.04534120112657547
0.18842998147010803,0.07121184468269348,0.041786953806877136
0.20655466616153717,0.05413245037198067,0.03670058026909828
0.23344391584396362,0.05032891780138016,0.027408309280872345
0.2767043113708496,0.06260475516319275,0.016629431396722794
0.31554996967315674,0.0845942571759224,0.007995128631591797
0.3426694869995117,0.1060289740562439,0.013748088851571083
0.3483937680721283,0.09814859181642532,0.022578684613108635
0.3403041362762451,0.05121970176696777,0.03521192446351051
0.32096007466316223,0.0038957763463258743,0.04405530169606209
0.3115098476409912,-0.062182843685150146,0.05286157876253128
0.31506863236427307,-0.14310498535633087,0.06872829049825668
0.336144357919693,-0.2190074622631073,0.09019336849451065
0.3572366535663605,-0.26753392815589905,0.10816699266433716
0.3625965416431427,-0.2878298759460449,0.12333875894546509
0.34820908308029175,-0.30261245369911194,0.1418691724538803
0.3197164535522461,-0.29828107357025146,0.16373291611671448
0.29665282368659973,-0.2834934890270233,0.1788012534379959
0.2782738208770752,-0.25493720173835754,0.18519842624664307
0.2603653073310852,-0.23429086804389954,0.19882938265800476
0.2339174449443817,-0.22017346322536469,0.2088647037744522
0.20877976715564728,-0.20202533900737762,0.21502430737018585
0.17131654918193817,-0.17806141078472137,0.21367782354354858
0.11856283247470856,-0.15845298767089844,0.20803368091583252
0.06627752631902695,-0.14536383748054504,0.1953732669353485
0.016930999234318733,-0.13128873705863953,0.18143241107463837
-0.026608487591147423,-0.12934650480747223,0.16039156913757324
-0.06810002028942108,-0.12499461323022842,0.14348876476287842
-0.10184546560049057,-0.12431523948907852,0.12747304141521454
-0.13226570188999176,-0.13361220061779022,0.11002307385206223
-0.15570072829723358,-0.1218641996383667,0.0917455330491066
-0.17551346123218536,-0.11590442061424255,0.07338393479585648
-0.18792244791984558,-0.11131125688552856,0.060009267181158066
-0.19309383630752563,-0.0990138053894043,0.05110817030072212
-0.19384510815143585,-0.09157373011112213,0.046598371118307114
-0.20225276052951813,-0.0783325657248497,0.04491397738456726
-0.21624954044818878,-0.06201058626174927,0.041810065507888794
-0.24233214557170868,-0.05463574454188347,0.037331126630306244
-0.2611479163169861,-0.056717537343502045,0.034332942217588425
-0.26913928985595703,-0.07317346334457397,0.015779757872223854
-0.27448132634162903,-0.0943722277879715,0.0020767285022884607
-0.2808263599872589,-0.1080523282289505,-0.011509399861097336
-0.2753484845161438,-0.1177251935005188,-0.015529176220297813
-0.26413923501968384,-0.1275474578142166,-0.01911565475165844
-0.24472558498382568,-0.12393674999475479,-0.01779978722333908
-0.21803294122219086,-0.12516438961029053,-0.0032720346935093403
-0.18661776185035706,-0.12259390950202942,0.008409388363361359
-0.14452417194843292,-0.12155893445014954,0.0158027783036232
-0.09733614325523376,-0.12683972716331482,0.02032349444925785
-0.04280082508921623,-0.13836070895195007,0.02361713908612728
0.017853202298283577,-0.15509361028671265,0.02156224474310875
0.07696472108364105,-0.17761236429214478,0.013155842199921608
0.13336673378944397,-0.19810058176517487,-0.0022835684940218925
0.18042567372322083,-0.22562989592552185,-0.022248269990086555
0.20720802247524261,-0.243024080991745,-0.04298124462366104
0.19115431606769562,-0.24912230670452118,-0.0435297004878521
0.10796383023262024,-0.21854309737682343,0.011936220340430737
-0.0064046746119856834,-0.17444168031215668,0.09487316012382507
-0.11765503138303757,-0.12902306020259857,0.15997973084449768
-0.19587332010269165,-0.07917515933513641,0.21782205998897552
-0.21596314013004303,-0.04045679420232773,0.23773878812789917
-0.17132125794887543,-0.023533709347248077,0.22473374009132385
-0.07760249823331833,-0.02824856899678707,0.18093378841876984
0.042167771607637405,-0.053790897130966187,0.12867216765880585
0.15823525190353394,-0.0805434137582779,0.10283470153808594
0.2425159364938736,-0.080487921833992,0.09905026108026505
0.2742246091365814,-0.06311026215553284,0.10301543772220612
0.2669699490070343,-0.044638872146606445,0.08720000088214874
0.2446070909500122,-0.028265226632356644,0.06502678990364075
0.20601291954517365,-0.01677536778151989,0.04997096210718155
0.16883651912212372,-0.018297629430890083,0.03820964694023132
0.11938130110502243,-0.034714486449956894,0.024876583367586136
0.054722413420677185,-0.06212853640317917,-0.001891914289444685
-0.00968802161514759,-0.09127548336982727,-0.02746386080980301
-0.06724239140748978,-0.12042538821697235,-0.06388817727565765
-0.11765418946743011,-0.1493225395679474,-0.09970264136791229
-0.1523599773645401,-0.18898126482963562,-0.13953101634979248
-0.18259792029857635,-0.24035587906837463,-0.17023636400699615
-0.19636939465999603,-0.29096153378486633,-0.19644559919834137
-0.18846337497234344,-0.3368683159351349,-0.2087634652853012
-0.1575789600610733,-0.3748535215854645,-0.22349607944488525
-0.11560459434986115,-0.4074770212173462,-0.2247839868068695
-0.060413505882024765,-0.4329906404018402,-0.21674470603466034
0.004750167019665241,-0.4497382640838623,-0.2037731409072876
0.08441676944494247,-0.4541876018047333,-0.18041296303272247
0.17798565328121185,-0.43505018949508667,-0.16072626411914825
0.2891654372215271,-0.3916627764701843,-0.1450117528438568
0.4006645679473877,-0.3492131233215332,-0.13536784052848816
0.4957306385040283,-0.3316352069377899,-0.12172020226716995
0.5787990093231201,-0.3159237504005432,-0.10106514394283295
0.6516357064247131,-0.2889310121536255,-0.07568548619747162
0.7033877372741699,-0.2541907727718353,-0.05566393584012985
0.7233947515487671,-0.23251770436763763,-0.024495096877217293
0.7039400339126587,-0.20889873802661896,-0.001983076799660921
0.6420636177062988,-0.17485101521015167,0.0069899121299386024
0.5496554970741272,-0.14994648098945618,0.001552568981423974
0.4276143014431,-0.13617980480194092,-0.003656574059277773
0.29595649242401123,-0.1298651248216629,-0.004537330474704504
0.1891927421092987,-0.11913818120956421,-0.000882674939930439
0.10278116911649704,-0.09212760627269745,0.0147857666015625
0.0465751476585865,-0.05284198373556137,0.03199884295463562
0.013219103217124939,-0.013777568005025387,0.04463409259915352
-0.01686396449804306,0.017144396901130676,0.046714819967746735
-0.03977888450026512,0.02610834129154682,0.039473146200180054
-0.06439554691314697,0.02133861742913723,0.03359581530094147
-0.09769454598426819,0.00978466309607029,0.022792261093854904
-0.13722172379493713,0.004807479679584503,0.017506953328847885
-0.1677350401878357,-0.0051221176981925964,0.013186265714466572
-0.19346356391906738,-0.010629534721374512,0.009577682241797447
-0.19840781390666962,-0.015346137806773186,0.012317391112446785
-0.19105136394500732,-0.014962642453610897,0.010883012786507607
-0.17840079963207245,-0.016161102801561356,0.0165481548756361
-0.16098186373710632,-0.022336972877383232,0.023260118439793587
-0.14625142514705658,-0.028257004916667938,0.026915905997157097
-0.13116487860679626,-0.03205041214823723,0.03245501220226288
-0.11084957420825958,-0.027919357642531395,0.03138713166117668
-0.09483625739812851,-0.02728552371263504,0.027394786477088928
-0.06746364384889603,-0.03569325804710388,0.0207037515938282
-0.028644872829318047,-0.04099774360656738,0.0187684316188097
0.013021541759371758,-0.044884148985147476,0.02466924861073494
0.04978941008448601,-0.04093841090798378,0.03394903242588043
0.07536277920007706,-0.032001473009586334,0.041295722126960754
0.09332527220249176,-0.031174292787909508,0.04266085848212242
0.09874521940946579,-0.028537120670080185,0.038881465792655945
0.10092528164386749,-0.029669228941202164,0.028581423684954643
0.10094723850488663,-0.02734200470149517,0.014410311356186867
0.09284030646085739,-0.02168012410402298,-0.00399852404370904
0.07815929502248764,-0.01651604287326336,-0.01703491434454918
0.06494415551424026,-0.013900551944971085,-0.022793998941779137
0.05780866742134094,-0.009970204904675484,-0.02324170432984829
0.05928459018468857,-0.006198103539645672,-0.021279487758874893
0.06390666216611862,0.0017506331205368042,-0.01584426499903202
0.06291916221380234,0.013827536255121231,-0.013067919760942459
0.059550173580646515,0.017181213945150375,-0.0122092729434371
0.046249281615018845,0.02291446551680565,-0.009739456698298454
0.031296905130147934,0.024734139442443848,-0.01152851339429617
0.00735828373581171,0.04001189395785332,-0.02095077745616436
-0.01922019198536873,0.059927523136138916,-0.03772386536002159
-0.06351602077484131,0.07463642954826355,-0.048159994184970856
-0.11025615781545639,0.07805892825126648,-0.05683985352516174
-0.15649448335170746,0.06634688377380371,-0.051667727530002594
-0.197591632604599,0.056511715054512024,-0.038126759231090546
-0.23852548003196716,0.046643100678920746,-0.02515609934926033
-0.27174830436706543,0.04636044800281525,-0.01727304980158806
-0.3109481632709503,0.04993520677089691,-0.007436398882418871
-0.3586507737636566,0.04957122355699539,0.000805204501375556
-0.41556811332702637,0.054401397705078125,-0.004808472469449043
-0.47152960300445557,0.05591520667076111,-0.021502286195755005
-0.5248008370399475,0.052466414868831635,-0.027532482519745827
-0.5710180401802063,0.04709712788462639,-0.032237667590379715
-0.6009448170661926,0.06385533511638641,-0.02648231014609337
-0.6099470853805542,0.07244924455881119,-0.012744804844260216
-0.6037321090698242,0.08865857869386673,-0.0008673728443682194
-0.5880187749862671,0.10563492029905319,0.005437625106424093
-0.5658005475997925,0.11625427007675171,0.010277122259140015
-0.5482664108276367,0.10843919962644577,0.021087726578116417
-0.5358574390411377,0.09400274604558945,0.031177112832665443
-0.5328463912010193,0.0586785227060318,0.03458012640476227
-0.5312713980674744,0.03146767616271973,0.028979230672121048
-0.5226805210113525,0.009749406948685646,0.02554129622876644
-0.5088198184967041,-0.011865073814988136,0.015712900087237358
-0.4830150008201599,-0.03304769843816757,0.004106144420802593
-0.4380909502506256,-0.04042891785502434,-0.00803307630121708
-0.38345101475715637,-0.044627755880355835,-0.01689598523080349
-0.318250447511673,-0.0487588495016098,-0.022097405046224594
-0.24908596277236938,-0.07152565568685532,-0.024365345016121864
-0.1600484997034073,-0.0997687429189682,-0.01933463290333748
-0.05608673021197319,-0.14235900342464447,-0.013690672814846039
0.06414327025413513,-0.1665053516626358,-0.006864991504698992
0.18105529248714447,-0.18062721192836761,-0.00562087818980217
0.2898840308189392,-0.19613052904605865,-0.007741553708910942
0.37823957204818726,-0.22616933286190033,-0.007082204334437847
0.47315382957458496,-0.27122175693511963,-0.0016754544340074062
0.5864136815071106,-0.3030335009098053,0.00789777934551239
0.7289398908615112,-0.3080178499221802,0.014101346023380756
0.8744487762451172,-0.2837391793727875,0.010770890861749649
1.018427848815918,-0.24556943774223328,0.010214023292064667
1.1376579999923706,-0.19019882380962372,0.011157792061567307
1.2057702541351318,-0.14170107245445251,0.00793323665857315
1.2077075242996216,-0.10029463469982147,0.0034078573808073997
1.1468478441238403,-0.06928984820842743,-0.00484767509624362
1.026642918586731,-0.0480511337518692,-0.014367705211043358
0.8623417019844055,-0.04829641059041023,-0.02299501560628414
0.6812163591384888,-0.058253273367881775,-0.03349653631448746
0.5064892768859863,-0.0699048712849617,-0.047028061002492905
0.3521093428134918,-0.08032817393541336,-0.05897344648838043
0.2282899171113968,-0.07838353514671326,-0.06857840716838837
0.12645091116428375,-0.06051958352327347,-0.07622913271188736
0.0631696805357933,-0.029310528188943863,-0.07732502371072769
0.024377169087529182,0.001714201644062996,-0.07301732152700424
0.0011594643583521247,0.022407494485378265,-0.06539242714643478
-0.017840970307588577,0.040875691920518875,-0.05559435486793518
-0.040393415838479996,0.0541376993060112,-0.04680139571428299
-0.07104508578777313,0.05610552802681923,-0.03189782053232193
-0.10125758498907089,0.045658744871616364,-0.012673258781433105
-0.12602803111076355,0.030823340639472008,0.0007871333509683609
-0.1396823227405548,0.022508950904011726,0.014376179315149784
-0.13856419920921326,0.00895557552576065,0.021879931911826134
-0.12960664927959442,0.004848714917898178,0.026638733223080635
-0.11788742244243622,0.009871577844023705,0.029744111001491547
-0.10643236339092255,0.024366097524762154,0.02675071731209755
-0.10289683192968369,0.03001570701599121,0.0240798182785511
-0.09939238429069519,0.03173211216926575,0.0179902333766222
-0.09246383607387543,0.03230249136686325,0.012118578888475895
-0.08525785058736801,0.034483082592487335,0.007316366769373417
-0.06743891537189484,0.028147034347057343,0.004036015830934048
-0.040304768830537796,0.029557175934314728,0.0060123479925096035
-0.004845760762691498,0.03964914008975029,0.004737047012895346
0.03174500912427902,0.047019705176353455,0.004950100090354681
0.06764134019613266,0.06257431954145432,-0.0006376476958394051
0.09387453645467758,0.07241230458021164,-0.01206979900598526
0.11615502834320068,0.07307733595371246,-0.017622772604227066
0.12980984151363373,0.07378573715686798,-0.01963132806122303
0.13756322860717773,0.0612393319606781,-0.016972459852695465
0.14473219215869904,0.052059948444366455,-0.008814665488898754
0.1523473858833313,0.047119904309511185,-0.0051707676611840725
0.16081570088863373,0.04806426540017128,-0.0035062916576862335
0.16651073098182678,0.04854897782206535,-0.006864835042506456
0.16809077560901642,0.05190828815102577,-0.005501828622072935
0.16687504947185516,0.05177753046154976,-0.0018216068856418133
0.16983088850975037,0.05221055820584297,0.007488538045436144
0.15772590041160583,0.052315469831228256,0.02238922007381916
0.1349332332611084,0.05094100907444954,0.031567540019750595
0.10044043511152267,0.05271155387163162,0.037685275077819824
0.06298653781414032,0.05186093598604202,0.040346305817365646
0.025866664946079254,0.060013335198163986,0.0374765619635582
-0.0023367435205727816,0.07039088010787964,0.03251642361283302
-0.03163081780076027,0.06947234272956848,0.03679130971431732
-0.06581488996744156,0.04957134276628494,0.041616156697273254
-0.09879405051469803,0.04065362364053726,0.054517462849617004
-0.11865111440420151,0.035081230103969574,0.06448753923177719
-0.14106978476047516,0.03053179383277893,0.07002793252468109
-0.15500636398792267,0.03538380563259125,0.07187163829803467
-0.16468197107315063,0.03995360806584358,0.06810025125741959
-0.17087063193321228,0.04061167314648628,0.056896600872278214
-0.17624399065971375,0.0342683345079422,0.04801810905337334
-0.1725746989250183,0.01694313995540142,0.0458870455622673
-0.1695893406867981,-0.0038330471143126488,0.05143073946237564
-0.15170462429523468,-0.03010326623916626,0.0697610154747963
-0.12072673439979553,-0.048850446939468384,0.09014444053173065
-0.08958879113197327,-0.05173811316490173,0.10901080816984177
-0.06762795895338058,-0.04490603134036064,0.10973969101905823
-0.06134609878063202,-0.03002934902906418,0.09396818280220032
-0.07417004555463791,-0.009960813447833061,0.0712045356631279
-0.10149834305047989,-0.004421438090503216,0.04371245577931404
-0.1259242296218872,-0.00824066437780857,0.024707093834877014
-0.14061927795410156,-0.01942620798945427,0.014457916840910912
-0.14157384634017944,-0.03647887706756592,0.00941620022058487
-0.1290074586868286,-0.055059485137462616,0.009079044684767723
-0.09900414943695068,-0.06664248555898666,0.014009455218911171
-0.05055060237646103,-0.0742466077208519,0.029028618708252907
0.010026868432760239,-0.07409469783306122,0.04812498018145561
0.06884278357028961,-0.06991459429264069,0.0708308294415474
0.11933854222297668,-0.049437545239925385,0.09971362352371216
0.1501728892326355,-0.02846435084939003,0.1205616444349289
0.16593965888023376,-0.024119816720485687,0.12803110480308533
0.1557043343782425,-0.03666836395859718,0.12929505109786987
0.13966113328933716,-0.05864712595939636,0.11746393889188766
0.1231607124209404,-0.0870731770992279,0.10137684643268585
0.10226134210824966,-0.1091967523097992,0.09023353457450867
0.08181412518024445,-0.11763231456279755,0.07871562987565994
0.06822022795677185,-0.10871228575706482,0.07198978960514069
0.061798810958862305,-0.09076337516307831,0.06976578384637833
0.04914732277393341,-0.06526555866003036,0.06390393525362015
0.024010010063648224,-0.038071222603321075,0.061540111899375916
-0.007320040371268988,-0.02125156670808792,0.05731085687875748
-0.039927251636981964,-0.01962730474770069,0.05496807396411896
-0.0721297413110733,-0.03631635010242462,0.04587641358375549
-0.0907399132847786,-0.05910661816596985,0.02972620539367199
-0.09817590564489365,-0.08597223460674286,0.01592347025871277
-0.10195333510637283,-0.08963409066200256,0.0026185831520706415
-0.08967208862304688,-0.08862856030464172,-0.00572581309825182
-0.07564734667539597,-0.07079549878835678,-0.0071950796991586685
-0.06484822183847427,-0.046861015260219574,-0.0028084497898817062
-0.052090082317590714,-0.027905965223908424,0.003217751160264015
-0.041593581438064575,-0.01833554357290268,0.010839630849659443
-0.03387600928544998,-0.019561396911740303,0.01385859027504921
-0.025202790275216103,-0.024730689823627472,0.014442980289459229
-0.010377238504588604,-0.01984565518796444,0.007505978923290968
0.003135796170681715,-0.02087393030524254,0.00173334835562855
0.029871270060539246,-0.022848132997751236,0.00019004661589860916
0.0579504631459713,-0.020071282982826233,-0.0029670950025320053
0.08768865466117859,-0.013711387291550636,-0.003801463171839714
0.11439065635204315,-0.0069085657596588135,-0.0050718337297439575
0.13171692192554474,-0.002038443461060524,-0.004827622324228287
0.13861699402332306,0.001380300149321556,-0.005324078258126974
0.13234950602054596,0.003217879682779312,-0.004189572297036648
0.12567463517189026,0.0102060716599226,-0.003991217352449894
0.13020946085453033,0.008144784718751907,0.001256807940080762
0.14369551837444305,0.010812560096383095,0.0070546651259064674
0.15730613470077515,0.00645110197365284,0.015362929552793503
0.1626402884721756,0.007653284817934036,0.02090919017791748
0.1662944108247757,0.0029637236148118973,0.029762867838144302
0.15265706181526184,0.004418671131134033,0.03695790097117424
0.12948569655418396,0.0030402205884456635,0.03302520886063576
0.10691782832145691,0.002899589017033577,0.0262669138610363
0.09745880961418152,-0.008436421863734722,0.015504014678299427
0.08641616255044937,-0.01248667947947979,0.007249386049807072
0.08292901515960693,-0.016121095046401024,0.004550272598862648
0.08174268156290054,-0.028245797380805016,0.0019796760752797127
0.08572650700807571,-0.04567405581474304,0.003843356156721711
0.09316076338291168,-0.05895819887518883,0.00345854414626956
0.10306692123413086,-0.06440010666847229,0.0056250253692269325
0.10601407289505005,-0.0656830444931984,0.0026801947969943285
0.10046537965536118,-0.07208368182182312,-0.0025161649100482464
0.0962945818901062,-0.08584821969270706,-0.005620085634291172
0.0875445008277893,-0.1115189641714096,-0.003321778029203415
0.07002191245555878,-0.15604472160339355,0.007695833221077919
0.041199587285518646,-0.20173603296279907,0.01810533180832863
0.001837196759879589,-0.2525542676448822,0.024243703112006187
-0.03880903124809265,-0.30694079399108887,0.02324208803474903
-0.08061084151268005,-0.36295008659362793,0.015622582286596298
-0.10981240123510361,-0.40955114364624023,0.01883089169859886
-0.13566623628139496,-0.44571104645729065,0.02642545849084854
-0.15305960178375244,-0.4878222942352295,0.0359441302716732
-0.17068634927272797,-0.5335291028022766,0.0501880869269371
-0.1921495646238327,-0.5681434869766235,0.07285984605550766
-0.22825410962104797,-0.6251846551895142,0.09616988152265549
-0.26768407225608826,-0.6953307390213013,0.11306151747703552
-0.3036189675331116,-0.7456956505775452,0.12713930010795593
-0.3387434184551239,-0.7353849411010742,0.13205496966838837
-0.36862459778785706,-0.6861757636070251,0.12084085494279861
-0.39497125148773193,-0.625435471534729,0.09810198098421097
-0.40126731991767883,-0.5848853588104248,0.07412073016166687
-0.38452857732772827,-0.5738969445228577,0.06403959542512894
-0.3544395864009857,-0.5865108966827393,0.0653144046664238
-0.3161185681819916,-0.6162592172622681,0.07614335417747498
-0.26656100153923035,-0.6518125534057617,0.09801550954580307
-0.2055107057094574,-0.6753855347633362,0.12366228550672531
-0.1392812430858612,-0.6811931133270264,0.14416785538196564
-0.08389521390199661,-0.6833944916725159,0.16358816623687744
-0.03911229595541954,-0.6967840790748596,0.1612752079963684
-0.018456745892763138,-0.7006741166114807,0.15114104747772217
-0.007740718312561512,-0.6953531503677368,0.14105725288391113
-0.005692481063306332,-0.6992136240005493,0.14314064383506775
0.009113077074289322,-0.7241889834403992,0.1495063751935959
0.038008641451597214,-0.7531833648681641,0.15323986113071442
0.0790773406624794,-0.7635518312454224,0.14859047532081604
0.12401125580072403,-0.7398134469985962,0.13230924308300018
0.15976496040821075,-0.6732528209686279,0.10567788034677505
0.18897424638271332,-0.5972477793693542,0.06374108791351318
0.19397269189357758,-0.5563875436782837,0.01402579341083765
0.17265115678310394,-0.5717675685882568,-0.031346216797828674
0.14066673815250397,-0.6202993988990784,-0.058237187564373016
0.09915576875209808,-0.679054856300354,-0.07790996134281158
0.07104863226413727,-0.7199268937110901,-0.07232027500867844
0.061708930879831314,-0.7265787124633789,-0.06431135535240173
0.062337521463632584,-0.7117212414741516,-0.0514436699450016
0.05825995281338692,-0.6822426915168762,-0.038409363478422165
0.03406234830617905,-0.6426006555557251,-0.02953394688665867
-0.017862634733319283,-0.6037267446517944,-0.01956200785934925
-0.08515267819166183,-0.5744004845619202,-0.015359865501523018
-0.14667250216007233,-0.5446841716766357,-0.004102416802197695
-0.21429063379764557,-0.4784429669380188,-0.0018444354645907879
-0.27832847833633423,-0.40865591168403625,-0.017498761415481567
-0.3184214234352112,-0.3458257019519806,-0.02452642284333706
-0.3493870794773102,-0.3079366385936737,-0.027732335031032562
-0.3910351097583771,-0.2825111150741577,-0.03310637176036835
-0.45988553762435913,-0.27990442514419556,-0.03448109328746796
-0.5598363280296326,-0.2787994146347046,-0.04722842201590538
-0.6672402620315552,-0.2744331657886505,-0.08230039477348328
-0.7553144693374634,-0.28235673904418945,-0.1326097548007965
-0.780151903629303,-0.27634119987487793,-0.18415524065494537
-0.723150908946991,-0.2646283805370331,-0.21902766823768616
-0.5969972014427185,-0.23168082535266876,-0.25376299023628235
-0.42661768198013306,-0.16985468566417694,-0.27864763140678406
-0.2374511957168579,-0.06879250705242157,-0.30778101086616516
-0.03980214521288872,0.04314294084906578,-0.3405894637107849
0.15101894736289978,0.1364704966545105,-0.3805331587791443
0.29495662450790405,0.18421140313148499,-0.41559845209121704
0.3677237629890442,0.17857083678245544,-0.4283725619316101
0.36389264464378357,0.1215459480881691,-0.413418710231781
0.31788837909698486,0.043972596526145935,-0.3735541105270386
0.24843910336494446,-0.02958613820374012,-0.3265676200389862
0.1804874688386917,-0.09340773522853851,-0.2771529257297516
0.12362176924943924,-0.13879609107971191,-0.2348490208387375
0.09603994339704514,-0.15970218181610107,-0.1948949545621872
0.08574043214321136,-0.1428997665643692,-0.16573813557624817
0.09095863252878189,-0.0910770371556282,-0.1405177265405655
0.10216221213340759,-0.021153142675757408,-0.11410178244113922
0.10666455328464508,0.04520350694656372,-0.08337130397558212
0.0948040634393692,0.09185074269771576,-0.05913796275854111
0.061836790293455124,0.10046739876270294,-0.02991882525384426
0.004177999682724476,0.061459559947252274,-0.006237206514924765
-0.07373464107513428,0.009762009605765343,0.017205268144607544
-0.1386774331331253,-0.03279024362564087,0.03716619312763214
-0.17040739953517914,-0.06368957459926605,0.0501704104244709
-0.17118704319000244,-0.0815899521112442,0.05434508994221687
-0.14513041079044342,-0.06916683912277222,0.0576239712536335
-0.09431672096252441,-0.04536915570497513,0.05918306112289429
-0.04128573089838028,-0.025789594277739525,0.05324873700737953
0.017818262800574303,-0.006561358459293842,0.04676106199622154
0.05385243147611618,0.01303684338927269,0.04419723525643349
0.07947717607021332,0.024874914437532425,0.03910522162914276
0.09324625134468079,0.025061335414648056,0.035395171493291855
0.09533806145191193,-0.027052365243434906,0.02966475486755371
0.08280708640813828,-0.23012346029281616,0.03350316733121872
0.07776129990816116,-0.21851563453674316,0.05433451011776924
0.14829911291599274,-0.1419372409582138,0.060853395611047745
0.25261929631233215,-0.06113150715827942,0.04512253776192665
0.3125095069408417,0.011153342202305794,0.018910378217697144
0.33024862408638,0.05084599554538727,-0.00509973568841815
0.2978845536708832,0.04562966525554657,-0.027889737859368324
0.23059691488742828,0.03643264248967171,-0.03519684076309204
0.14549745619297028,0.030340392142534256,-0.024445395916700363
0.05886530131101608,0.046762846410274506,-0.0013220468536019325
-0.022903334349393845,0.08389636874198914,0.01177884079515934
-0.07534762471914291,0.12028645724058151,0.02210352197289467
-0.10830717533826828,0.16500547528266907,0.031236831098794937
-0.1303379237651825,0.2235378921031952,0.03547831252217293
-0.15853706002235413,0.27590256929397583,0.031055066734552383
0.2041182518005371,-0.03753980994224548,0.10030341148376465
0.3558212220668793,0.4676749110221863,0.1723317950963974
0.45217350125312805,-0.04711230471730232,0.16784122586250305
0.5180073380470276,-1.0147631168365479,0.05463876202702522
0.10569088160991669,1.5504220724105835,0.10710329562425613
0.5219259262084961,0.28297027945518494,-0.14793698489665985
0.29717281460762024,-0.11182720959186554,-0.23630936443805695
0.09694145619869232,0.17382290959358215,-0.0721379965543747
0.1139935776591301,0.06599494069814682,-0.0664030984044075
0.08943737298250198,-0.05678051710128784,-0.055780552327632904
0.1438855230808258,-0.08797328174114227,-0.04404750466346741
0.220717191696167,-0.0894758403301239,-0.05323114991188049
0.25513792037963867,0.02531261369585991,-0.05491754785180092
0.29548826813697815,0.19482973217964172,-0.06596061587333679
0.3563343584537506,0.34240102767944336,-0.10635830461978912
0.40663376450538635,0.42895615100860596,-0.12474635988473892
0.4523560106754303,0.4860282242298126,-0.11389130353927612
0.4841829240322113,0.5617570877075195,-0.08655767887830734
0.4747017025947571,0.629989743232727,-0.07708278298377991
0.4536621868610382,0.6128778457641602,-0.05993682146072388
0.4500548839569092,0.4989413619041443,-0.028543144464492798
0.4106276035308838,0.4210337996482849,-0.0010228375904262066
0.35259169340133667,0.37276455760002136,0.023481428623199463
0.28536391258239746,0.3214326500892639,0.043583232909440994
0.22553540766239166,0.2758372724056244,0.06581602245569229
0.16129304468631744,0.241875559091568,0.09486871212720871
0.09809821844100952,0.22727811336517334,0.11550916731357574
-0.010587514378130436,0.22761739790439606,0.12747421860694885
-0.1510862112045288,0.24001231789588928,0.12231643497943878
-0.2955014407634735,0.22914263606071472,0.11573629081249237
-0.47043612599372864,0.2011059820652008,0.12600407004356384
-0.6537936925888062,0.25977808237075806,0.07101805508136749
-0.8057345151901245,0.3583757281303406,0.013702627271413803
-0.9025739431381226,0.4736650288105011,-0.025699373334646225
-0.9047513604164124,0.504027783870697,-0.03355283662676811
-0.8448326587677002,0.4384516775608063,-0.01603056862950325
-0.7454034090042114,0.38735416531562805,-0.00315260561183095
-0.624180018901825,0.35319778323173523,-0.003997626714408398
-0.5163485407829285,0.3333720564842224,-0.020350363105535507
-0.4638328552246094,0.3119429051876068,-0.03864414617419243
-0.47381308674812317,0.2848591208457947,-0.03037082962691784
-0.4902583658695221,0.26216790080070496,0.023672698065638542
-0.47912511229515076,0.2539325952529907,0.10379766672849655
-0.4506268799304962,0.29767847061157227,0.2003801167011261
-0.3874134123325348,0.413139671087265,0.2693308889865875
-0.2899947166442871,0.5655723214149475,0.2693210244178772
-0.1638755202293396,0.7154880166053772,0.2124260812997818
-0.0171009823679924,0.8616122007369995,0.11196951568126678
0.13236525654792786,0.9800266027450562,0.005507195834070444
0.2480068951845169,1.0886790752410889,-0.09337304532527924
0.3069392442703247,1.1708308458328247,-0.15243899822235107
0.30835017561912537,1.215712547302246,-0.19184313714504242
0.2707042098045349,1.2332439422607422,-0.17722107470035553
0.2143903523683548,1.2598936557769775,-0.15499459207057953
0.14443892240524292,1.2831130027770996,-0.13869212567806244
0.0733780637383461,1.2687433958053589,-0.12626340985298157
0.01032835990190506,1.1934058666229248,-0.12901277840137482
-0.042239777743816376,1.0937000513076782,-0.1337670534849167
-0.0872618556022644,0.9918465614318848,-0.12777534127235413
-0.14062415063381195,0.8981863856315613,-0.11419720947742462
-0.19930395483970642,0.8112581968307495,-0.0970638319849968
-0.23841673135757446,0.7385690808296204,-0.09137532114982605
-0.2546023726463318,0.675525426864624,-0.08126808702945709
-0.25785648822784424,0.6203311681747437,-0.06662576645612717
-0.23616854846477509,0.5838593244552612,-0.049315378069877625
-0.1994566023349762,0.579244077205658,-0.040419623255729675
-0.15232591331005096,0.5948793292045593,-0.04565633088350296
-0.10748787224292755,0.5877673625946045,-0.07209326326847076
-0.06461033970117569,0.557941198348999,-0.09846378862857819
-0.028182823210954666,0.5032907128334045,-0.11105175316333771
-0.0059697674587368965,0.45152485370635986,-0.10317821055650711
-0.0025904823560267687,0.41040855646133423,-0.08503968268632889
0.0042669521644711494,0.35372552275657654,-0.07159336656332016
0.021465646103024483,0.29563000798225403,-0.06761593371629715
0.054924126714468,0.25147441029548645,-0.06921739876270294
0.0821983590722084,0.23514921963214874,-0.06351743638515472
0.08467677235603333,0.2571929097175598,-0.04988116770982742
0.08401072025299072,0.296025812625885,-0.03777923434972763
0.08192617446184158,0.3378397822380066,-0.03135031834244728
0.08191738277673721,0.3791313171386719,-0.03543693944811821
0.08340807259082794,0.41280537843704224,-0.045002248138189316
0.08872906863689423,0.4335828423500061,-0.0503205806016922
0.09458361566066742,0.45095211267471313,-0.05396474897861481
0.10340027511119843,0.4597237706184387,-0.061166733503341675
0.10777787119150162,0.462952584028244,-0.0740625262260437
0.11608799546957016,0.4626692235469818,-0.0964708924293518
0.126936674118042,0.4601972699165344,-0.1213621199131012
0.1336560845375061,0.45816153287887573,-0.15681998431682587
0.13822470605373383,0.44917750358581543,-0.2055722177028656
0.1460046023130417,0.43139079213142395,-0.253696084022522
0.14077059924602509,0.4105583131313324,-0.2916182279586792
0.1399679183959961,0.39616233110427856,-0.3314053416252136
0.14189013838768005,0.3673110008239746,-0.37756380438804626
0.15387116372585297,0.3267641067504883,-0.41272738575935364
0.16360823810100555,0.2716684937477112,-0.44397464394569397
0.16272006928920746,0.22710901498794556,-0.46445462107658386
0.15689778327941895,0.1894359141588211,-0.4711522161960602
0.13866817951202393,0.17088806629180908,-0.45014438033103943
0.11043410003185272,0.16909660398960114,-0.45064082741737366
0.08113772422075272,0.1703711897134781,-0.4717594385147095
0.05841470882296562,0.23104318976402283,-0.4438299536705017
0.04125889018177986,0.3154803216457367,-0.374287873506546
0.0371592752635479,0.3298901915550232,-0.3748919367790222
0.03912415727972984,0.32858899235725403,-0.3836316466331482
0.038508251309394836,0.35646504163742065,-0.350574254989624
0.03780251368880272,0.3738458752632141,-0.2941490709781647
0.031040970236063004,0.3584160804748535,-0.28153398633003235
0.030498482286930084,0.32965049147605896,-0.29053813219070435
0.023655688390135765,0.31144586205482483,-0.2795024514198303
0.013560974970459938,0.2899048924446106,-0.26912224292755127
-0.0017448969883844256,0.25493094325065613,-0.2734336853027344
-0.016795486211776733,0.217904731631279,-0.28612709045410156
-0.0263702180236578,0.18280746042728424,-0.29193517565727234
-0.04142719879746437,0.13730549812316895,-0.2871082127094269
-0.05827650800347328,0.0909651666879654,-0.28657209873199463
-0.06826069951057434,0.04347728192806244,-0.28647011518478394
-0.06292874366044998,0.006332278251647949,-0.265512615442276
-0.04845632240176201,-0.009751350618898869,-0.22891278564929962
-0.04055202007293701,-0.010372692719101906,-0.18188214302062988
-0.036480847746133804,-0.0023368699476122856,-0.13426855206489563
-0.03693706542253494,0.012841029092669487,-0.08173425495624542
-0.04491988942027092,0.03697938844561577,-0.02376495860517025
-0.06046251952648163,0.061335090547800064,0.02554955706000328
-0.08125275373458862,0.09087114036083221,0.06837878376245499
-0.09313751757144928,0.11487248539924622,0.10398433357477188
-0.09128076583147049,0.12885141372680664,0.13652443885803223
-0.07448332756757736,0.12849818170070648,0.1602301150560379
-0.04498988389968872,0.11787883192300797,0.18091969192028046
-0.015576197765767574,0.09694986790418625,0.19552336633205414
0.022486764937639236,0.05313926935195923,0.20548731088638306
0.05327308177947998,0.0050499942153692245,0.20599842071533203
0.08994854241609573,-0.046751152724027634,0.2032625526189804
0.12419535219669342,-0.0897429957985878,0.19522450864315033
0.15051217377185822,-0.11917172372341156,0.18686112761497498
0.16206543147563934,-0.13152951002120972,0.17504005134105682
0.15359258651733398,-0.12029282748699188,0.15813404321670532
0.1317463368177414,-0.11066773533821106,0.13290417194366455
0.10777124017477036,-0.10071070492267609,0.1024799570441246
0.0775979533791542,-0.09200967103242874,0.06491289287805557
0.03711896762251854,-0.08492539077997208,0.04130823165178299
-0.004168138839304447,-0.07668839395046234,0.029354799538850784
-0.04791109263896942,-0.06264793872833252,0.027536392211914062
-0.07365649193525314,-0.05356351286172867,0.03180156275629997
-0.08597014844417572,-0.04354123771190643,0.03348281607031822
-0.08284565806388855,-0.03339493274688721,0.03259633108973503
-0.07125131785869598,-0.022599810734391212,0.03403737023472786
-0.0657472312450409,-0.001991754397749901,0.03139287978410721
-0.06571713835000992,0.013594396412372589,0.027447674423456192
-0.07187658548355103,0.023690398782491684,0.02508069947361946
-0.07110054045915604,0.018357418477535248,0.014923669397830963
-0.08160199224948883,0.010439250618219376,0.0072258515283465385
-0.08996085822582245,-0.013502035290002823,0.005544331856071949
-0.09019095450639725,-0.025709964334964752,0.007412539329379797
-0.09310391545295715,-0.039082497358322144,0.014351138845086098
-0.07135706394910812,-0.050259120762348175,0.01668740063905716
-0.05401376634836197,-0.05845633149147034,0.026965605095028877
-0.027085766196250916,-0.06269580125808716,0.04128594696521759
0.0019115310860797763,-0.05954502150416374,0.05807451531291008
0.025373252108693123,-0.06222490221261978,0.07606811076402664
0.04465800151228905,-0.06294634938240051,0.09700588136911392
0.06104717776179314,-0.07063285261392593,0.11877971142530441
0.06526269763708115,-0.06734597682952881,0.13407450914382935
0.06903811544179916,-0.06413006037473679,0.1410110741853714
0.07288318872451782,-0.06271059811115265,0.14181827008724213
0.07260575890541077,-0.06546477973461151,0.13952311873435974
0.07081371545791626,-0.07226808369159698,0.14160172641277313
0.06354628503322601,-0.07594985514879227,0.14060403406620026
0.05361349508166313,-0.07111408561468124,0.14415323734283447
0.04757797345519066,-0.06230887770652771,0.13903729617595673
0.043220244348049164,-0.055536456406116486,0.13546226918697357
0.044505443423986435,-0.048416703939437866,0.12622050940990448
0.04139353707432747,-0.03722343593835831,0.11115074902772903
0.029402242973446846,-0.026369038969278336,0.09752184897661209
0.017764229327440262,-0.023097343742847443,0.08224914968013763
-0.0070630996488034725,-0.024735845625400543,0.06968662142753601
-0.03064539097249508,-0.02748556062579155,0.059957295656204224
-0.06022059544920921,-0.025270609185099602,0.048047639429569244
-0.08141344040632248,-0.022136002779006958,0.03668254241347313
-0.08791828900575638,-0.01806570775806904,0.023972978815436363
-0.08620055019855499,-0.021664703264832497,0.016870329156517982
-0.07202905416488647,-0.0255126915872097,0.017110761255025864
-0.053435660898685455,-0.027813661843538284,0.017641263082623482
-0.03479180857539177,-0.02699914388358593,0.018008407205343246
-0.022904254496097565,-0.025639865547418594,0.017750347033143044
-0.013515857048332691,-0.02186400815844536,0.013109507039189339
-0.009753875434398651,-0.02175029180943966,0.00899785291403532
-0.010884220711886883,-0.03083394095301628,0.009936466813087463
-0.006312905345112085,-0.039574965834617615,0.014495531097054482
0.004084567539393902,-0.0470496341586113,0.0221041701734066
0.015873849391937256,-0.05140869691967964,0.024066919460892677
0.027435297146439552,-0.04908853769302368,0.024606978520751
0.04258628562092781,-0.04288949817419052,0.025077292695641518
0.053013090044260025,-0.03763963282108307,0.02293883077800274
0.0588238425552845,-0.03636877238750458,0.02535990998148918
0.06413104385137558,-0.039608947932720184,0.024139804765582085
0.06238800659775734,-0.04493846371769905,0.022219398990273476
0.06624896079301834,-0.04731351137161255,0.019129909574985504
0.07159419357776642,-0.05317353457212448,0.02204607054591179
0.07618115097284317,-0.053696367889642715,0.022448789328336716
0.07506155967712402,-0.05185692012310028,0.018048450350761414
0.06927672028541565,-0.049394384026527405,0.012085717171430588
0.06076286360621452,-0.04190344363451004,0.007003873586654663
0.05369908735156059,-0.03191937506198883,0.0028105899691581726
0.05360374599695206,-0.01663443073630333,-0.002328511793166399
0.06552936881780624,-0.006981663405895233,-0.005581434350460768
0.06442175805568695,0.0060659609735012054,-0.014127518981695175
0.05638863518834114,0.015416799113154411,-0.019189851358532906
0.04176148772239685,0.02341826818883419,-0.025522582232952118
0.0203792005777359,0.023815399035811424,-0.032664984464645386
-0.006872127763926983,0.019123973324894905,-0.03852500393986702
-0.026305798441171646,0.01007528230547905,-0.041485581547021866
-0.035866811871528625,0.00237155519425869,-0.04227520897984505
-0.037924885749816895,-2.7194619178771973e-05,-0.045897845178842545
-0.03181612491607666,-0.007759949192404747,-0.0473007969558239
-0.016083193942904472,-0.010075224563479424,-0.05114699900150299
-0.005637209862470627,-0.007210462354123592,-0.056339096277952194
0.002882427303120494,-0.00219921488314867,-0.06066247820854187
0.0009660165524110198,0.0017923321574926376,-0.06497493386268616
-0.0025505574885755777,-0.0033297399058938026,-0.07312951236963272
-0.005494415760040283,-0.010194037109613419,-0.07615592330694199
-0.01270777266472578,-0.02454856038093567,-0.08088268339633942
-0.02020110934972763,-0.03212179243564606,-0.07896014302968979
-0.02343725599348545,-0.042557768523693085,-0.07305501401424408
-0.01028576772660017,-0.04545342177152634,-0.06340265274047852
0.0033233938738703728,-0.03397399187088013,-0.058516450226306915
0.022811608389019966,-0.023859571665525436,-0.049193255603313446
0.04126504063606262,-0.01634586974978447,-0.03778038173913956
0.05816332995891571,-0.015951989218592644,-0.029714733362197876
0.06140093505382538,0.0014842599630355835,-0.02047862485051155
0.050237495452165604,0.015238156542181969,-0.013363990932703018
0.026633623987436295,0.021868236362934113,-0.009973123669624329
-0.0005082492134533823,0.02298543229699135,-0.01635432243347168
-0.022213822230696678,0.0241341944783926,-0.02464434877038002
-0.04841586574912071,0.02165612392127514,-0.03437713533639908
-0.07002726942300797,0.016546452417969704,-0.03699331730604172
-0.07779278606176376,0.011703761294484138,-0.0320717990398407
-0.07913241535425186,0.007680300623178482,-0.019992252811789513
-0.07321061193943024,0.009082455188035965,-0.014147147536277771
-0.05737638473510742,0.01378241553902626,-0.005395493935793638
-0.04376843199133873,0.02424038201570511,-0.009667471051216125
-0.03290063515305519,0.0289684496819973,-0.014222420752048492
-0.02753330208361149,0.03138500079512596,-0.0160733163356781
-0.03338788077235222,0.026661111041903496,-0.019968491047620773
-0.03310558572411537,0.013721877709031105,-0.02361515909433365
-0.046523042023181915,0.0021069496870040894,-0.023454749956727028
-0.05002909526228905,0.0001085139811038971,-0.025193260982632637
-0.053530771285295486,0.013208098709583282,-0.026245512068271637
-0.05097893252968788,0.022063110023736954,-0.030505238100886345
-0.04842078685760498,0.029070375487208366,-0.03606347739696503
-0.039310913532972336,0.03040781430900097,-0.035386502742767334
-0.024432899430394173,0.03645585477352142,-0.03736496716737747
0.0037862223107367754,0.04568982869386673,-0.036654435098171234
0.03267728537321091,0.060388434678316116,-0.030923111364245415
0.05936029553413391,0.07875306904315948,-0.026481492444872856
0.06850574910640717,0.09605801105499268,-0.022622590884566307
0.06299487501382828,0.09506624937057495,-0.018829183652997017
0.04395214840769768,0.08303932100534439,-0.024966858327388763
0.01579800806939602,0.06342460960149765,-0.032616518437862396
-0.02513888292014599,0.032040853053331375,-0.04208195209503174
-0.07133354246616364,0.003631316125392914,-0.04805808514356613
-0.10229962319135666,-0.021574662998318672,-0.053779393434524536
-0.10917937010526657,-0.03400576859712601,-0.05422520637512207
-0.10415326803922653,-0.037147413939237595,-0.05018607899546623
-0.08232706040143967,-0.029263123869895935,-0.03680715709924698
-0.05483447015285492,-0.02138947695493698,-0.025065816938877106
-0.027847327291965485,-0.012643123045563698,-0.017052367329597473
-0.0053621865808963776,-0.013969587162137032,-0.008711129426956177
-0.000958117307163775,-0.021736430004239082,-0.0019650766626000404
-0.0032446584664285183,-0.0368945375084877,0.005326865706592798
-0.013912749476730824,-0.04885479062795639,0.010756785050034523
-0.028737222775816917,-0.056043606251478195,0.014685351401567459
-0.04518810287117958,-0.05559912323951721,0.023812804371118546
-0.0554225891828537,-0.054924044758081436,0.029151391237974167
-0.05724392458796501,-0.04803258180618286,0.031195100396871567
-0.0555260144174099,-0.04645895957946777,0.03356029838323593
-0.05589379370212555,-0.04567306116223335,0.037061288952827454
-0.05451597645878792,-0.048641055822372437,0.045747626572847366
-0.059860143810510635,-0.05186747387051582,0.05703676864504814
-0.06218516454100609,-0.04434262961149216,0.060507580637931824
-0.06027621030807495,-0.03574807941913605,0.061711329966783524
-0.0584566593170166,-0.029180005192756653,0.06870780140161514
-0.05748673528432846,-0.029192522168159485,0.06633066385984421
-0.056730639189481735,-0.03467439115047455,0.06683028489351273
-0.05946331098675728,-0.038931719958782196,0.06878051161766052
-0.06290382146835327,-0.03890790045261383,0.059458792209625244
-0.06991618871688843,-0.02867923118174076,0.05070604756474495
-0.07001664489507675,-0.02358909323811531,0.03869197890162468
-0.06431268900632858,-0.010819235816597939,0.028268897905945778
-0.0554378405213356,0.010467160493135452,0.016699830070137978
-0.05668313428759575,0.036002613604068756,0.0015807985328137875
-0.07215762138366699,0.060448091477155685,-0.02282632328569889
-0.09817297756671906,0.08756865561008453,-0.04224636033177376
-0.13617971539497375,0.11559880524873734,-0.06715422868728638
-0.18631905317306519,0.14874397218227386,-0.09872759878635406
-0.23676250874996185,0.1774221807718277,-0.12174230068922043
-0.2936699688434601,0.1823439747095108,-0.13937829434871674
-0.34899765253067017,0.17106570303440094,-0.15405650436878204
-0.39135071635246277,0.1522776335477829,-0.15521258115768433
-0.4067036509513855,0.1442325860261917,-0.1595965474843979
-0.3969767093658447,0.14515404403209686,-0.15454107522964478
-0.37249940633773804,0.1699022352695465,-0.1480192095041275
-0.3377065658569336,0.19376656413078308,-0.14577895402908325
-0.2901848554611206,0.20030741393566132,-0.13202308118343353
-0.25073009729385376,0.206626296043396,-0.11751337349414825
-0.2226419746875763,0.19864460825920105,-0.10176882892847061
-0.1947525590658188,0.17023852467536926,-0.08849749714136124
-0.17402610182762146,0.13033080101013184,-0.07205196470022202
-0.1525580883026123,0.09229899197816849,-0.0632062777876854
-0.1263534277677536,0.04603978618979454,-0.055094167590141296
-0.09305591881275177,-0.0013972381129860878,-0.039013735949993134
-0.04777438938617706,-0.041095323860645294,-0.021146904677152634
0.009069450199604034,-0.08534161746501923,-0.0007843761704862118
0.07293862849473953,-0.12725649774074554,0.030743904411792755
0.147352933883667,-0.15442286431789398,0.06667820364236832
0.22427204251289368,-0.1700712889432907,0.09466025978326797
0.29560670256614685,-0.1820959895849228,0.1103430837392807
0.3465348184108734,-0.18707914650440216,0.13229802250862122
0.3843751549720764,-0.20697057247161865,0.1495598405599594
0.400205135345459,-0.21877209842205048,0.1589868813753128
0.4096226096153259,-0.2263554483652115,0.16642294824123383
0.42031922936439514,-0.23606500029563904,0.16480156779289246
0.4371829032897949,-0.2357986718416214,0.15146659314632416
0.4538784921169281,-0.20689640939235687,0.1392519325017929
0.449141263961792,-0.15947775542736053,0.12125162035226822
0.42866480350494385,-0.09220918267965317,0.10772591829299927
0.39267218112945557,-0.02289988100528717,0.09679549932479858
0.3277904689311981,0.03172489255666733,0.09182912111282349
0.2392587512731552,0.07581032812595367,0.08660613000392914
0.15852591395378113,0.11949703097343445,0.07333776354789734
0.10326399654150009,0.12771075963974,0.059894390404224396
0.061136577278375626,0.10619580745697021,0.04972625523805618
0.022549768909811974,0.08280472457408905,0.039996661245822906
-0.012067923322319984,0.04541587457060814,0.034073978662490845
-0.054013777524232864,0.02147405967116356,0.029782826080918312
-0.08602404594421387,0.00539097934961319,0.02451559528708458
-0.10566964745521545,0.0009536202996969223,0.015947140753269196
-0.110514335334301,0.004783228039741516,0.006117444485425949
-0.1045704260468483,0.010676272213459015,-0.0009095724672079086
-0.10499740391969681,0.015879236161708832,0.003558994736522436
-0.10517104715108871,0.02416299656033516,0.006519630551338196
-0.10288047045469284,0.022984955459833145,0.013095105066895485
-0.09442439675331116,0.02296578139066696,0.01932344026863575
-0.08616016805171967,0.025205189362168312,0.022974945604801178
-0.07323584705591202,0.01882399059832096,0.024172566831111908
-0.06107577309012413,0.02077120915055275,0.024381445720791817
-0.0580216608941555,0.01897304132580757,0.027551673352718353
-0.048355571925640106,0.02508803829550743,0.029164915904402733
-0.031198158860206604,0.0268917977809906,0.027602706104516983
-0.010679775848984718,0.024405401200056076,0.030701635405421257
0.01248253509402275,0.017958685755729675,0.030269937589764595
0.03268872946500778,0.010782970115542412,0.031126216053962708
0.041560251265764236,0.0036004241555929184,0.029374390840530396
0.043751202523708344,-0.0015483787283301353,0.02458029054105282
0.04512086510658264,0.0018061380833387375,0.012846136465668678
0.042011652141809464,0.006586333736777306,-0.004064737819135189
0.03580169379711151,0.00709153525531292,-0.017491064965724945
0.02606106363236904,0.008232835680246353,-0.025393350049853325
0.018432173877954483,0.015088343992829323,-0.03203926980495453
0.010111342184245586,0.021532859653234482,-0.036626242101192474
0.01576070487499237,0.021021533757448196,-0.038734398782253265
0.023140642791986465,0.015949612483382225,-0.03783084452152252
0.03273814544081688,0.012893900275230408,-0.037843093276023865
0.03595355153083801,0.011757487431168556,-0.034734345972537994
0.03791044279932976,0.007700961083173752,-0.030627485364675522
0.03765648975968361,0.00974123552441597,-0.031575340777635574
0.036419983953237534,0.010458158329129219,-0.03577461093664169
0.028652001172304153,0.014218755066394806,-0.048188354820013046
0.02158237434923649,0.018063295632600784,-0.05649581924080849
0.007512288633733988,0.015748687088489532,-0.058709923177957535
-0.002535284962505102,0.0011979732662439346,-0.05964096263051033
-0.002407453255727887,-0.01711498759686947,-0.05945880338549614
0.008089927956461906,-0.043149515986442566,-0.05948623642325401
0.02288392372429371,-0.06961949169635773,-0.06673799455165863
0.03443778306245804,-0.09673580527305603,-0.0754457339644432
0.04125090315937996,-0.13955247402191162,-0.08102746307849884
0.04655458778142929,-0.1750960797071457,-0.07139214128255844
0.07099936157464981,-0.19962099194526672,-0.06416954845190048
0.09314780682325363,-0.19216041266918182,-0.05590016394853592
0.12229123711585999,-0.1493922621011734,-0.04455099627375603
0.14906345307826996,-0.0728847086429596,-0.03293934836983681
0.15923698246479034,-0.006547456607222557,-0.04057975485920906
0.13896340131759644,0.03068939596414566,-0.053044144064188004
0.056475911289453506,0.02556755021214485,-0.0811135470867157
-0.09984844923019409,-0.005927260033786297,-0.11065758764743805
-0.32970350980758667,-0.10389135032892227,-0.14129327237606049
-0.5602738857269287,-0.2685391306877136,-0.15124072134494781
-0.7531176209449768,-0.45094478130340576,-0.13991042971611023
-0.8374176025390625,-0.566439688205719,-0.17067685723304749
-0.6212713122367859,-0.464303195476532,-0.37720823287963867
-0.26631084084510803,-0.5983994603157043,-0.35422059893608093
-0.14488793909549713,-0.5477226376533508,-0.3269839882850647
-0.14540405571460724,-0.36339831352233887,-0.31416645646095276
-0.14394958317279816,-0.2709178030490875,-0.21619367599487305
-0.15079018473625183,-0.2157624214887619,-0.11522632092237473
-0.12076092511415482,-0.209716334939003,-0.04927625507116318
-0.021338194608688354,-0.21866083145141602,-0.06361338496208191
0.10962982475757599,-0.2586901783943176,-0.19889381527900696
0.20773933827877045,-0.33459025621414185,-0.2958648204803467
0.2552972435951233,-0.3858029544353485,-0.30537647008895874
0.2713148295879364,-0.3916075825691223,-0.2608739733695984
0.29274362325668335,-0.3708565831184387,-0.25683942437171936
0.31303611397743225,-0.38103705644607544,-0.280033677816391
0.30961930751800537,-0.4283895194530487,-0.3004222512245178
0.2580823600292206,-0.49477359652519226,-0.3019740581512451
0.1891649216413498,-0.611863374710083,-0.2576999366283417
0.12208416312932968,-0.7979658246040344,-0.208083376288414
0.05761275067925453,-1.0369383096694946,-0.13439197838306427
0.01673988625407219,-1.272621989250183,-0.051719196140766144
-0.017189471051096916,-1.5361652374267578,0.02793937921524048
-0.048771098256111145,-1.7704613208770752,0.0995485857129097
-0.07193179428577423,-1.9740309715270996,0.16094383597373962
-0.07802964001893997,-2.110687732696533,0.21988731622695923
-0.1139616072177887,-2.148545265197754,0.27647438645362854
-0.18190151453018188,-2.0989840030670166,0.3517973721027374
-0.2511444389820099,-1.985059380531311,0.41611960530281067
-0.31459930539131165,-1.8648993968963623,0.419534832239151
-0.33927464485168457,-1.738290548324585,0.43682751059532166
-0.3175150156021118,-1.5932694673538208,0.48346078395843506
-0.2118331789970398,-1.535482406616211,0.5425382852554321
-0.03134382888674736,-1.5567556619644165,0.584696888923645
0.1172870397567749,-1.500067114830017,0.5382391810417175
-0.07114917784929276,-1.0978635549545288,0.2733989953994751
-0.6015403270721436,-0.5811002254486084,-0.11342515051364899
-0.7481470704078674,-0.30871960520744324,-0.12491536885499954
-0.630700409412384,-0.230630561709404,0.014277851209044456
-0.45744240283966064,-0.17300614714622498,0.12448877841234207
-0.32528671622276306,-0.015041450038552284,0.11454042792320251
-0.24249222874641418,0.1850982904434204,0.005575057119131088
-0.18706963956356049,0.3521645665168762,-0.11168743669986725
-0.12520574033260345,0.4772772192955017,-0.18447642028331757
-0.09377309679985046,0.563141405582428,-0.20049810409545898
-0.10844605416059494,0.6355261206626892,-0.16104842722415924
-0.17238657176494598,0.7192589640617371,-0.09690821915864944
-0.2749534249305725,0.8253675699234009,-0.06632021814584732
-0.38970303535461426,0.958318829536438,-0.11838911473751068
-0.46383771300315857,1.090646743774414,-0.22050616145133972
-0.4134517312049866,1.1401619911193848,-0.2780735492706299
-0.21183152496814728,1.0482635498046875,-0.24597768485546112
0.0835561454296112,0.8468135595321655,-0.15036062896251678
0.3997229039669037,0.5870254039764404,-0.024965956807136536
0.657275378704071,0.3528892993927002,0.08648228645324707
0.8387809991836548,0.22599101066589355,0.15261390805244446
1.0240812301635742,0.20078715682029724,0.18822461366653442
1.2935631275177002,0.174056738615036,0.20344644784927368
1.6298638582229614,0.11044226586818695,0.19892552495002747
1.9350309371948242,0.08599524945020676,0.17601726949214935
2.1259567737579346,0.1414252072572708,0.16260695457458496
2.1925103664398193,0.2740253210067749,0.17298956215381622
2.157409906387329,0.43850231170654297,0.18566815555095673
2.0727148056030273,0.6027565002441406,0.20353157818317413
1.9428942203521729,0.7402206063270569,0.21799732744693756
1.7716574668884277,0.8149446845054626,0.1934211552143097
1.5263619422912598,0.8282560110092163,0.11367837339639664
1.2027431726455688,0.7934969663619995,0.023447813466191292
0.8283777236938477,0.6948521137237549,-0.03544505685567856
0.45250052213668823,0.5177063345909119,-0.06666503101587296
0.08438719809055328,0.2867933511734009,-0.09542810916900635
-0.25814300775527954,0.0734454095363617,-0.11797016859054565
-0.537358820438385,-0.08241008222103119,-0.13021714985370636
-0.7178736925125122,-0.1850656270980835,-0.12072883546352386
-0.7849632501602173,-0.24313998222351074,-0.10132729262113571
-0.7872740626335144,-0.269565224647522,-0.08547695726156235
-0.7413071990013123,-0.24888890981674194,-0.06516265124082565
-0.6709046363830566,-0.1805625855922699,-0.05497712641954422
-0.5755717754364014,-0.08659034222364426,-0.05305773764848709
-0.47404196858406067,-0.009877191856503487,-0.06268799304962158
-0.38328900933265686,0.05826575681567192,-0.06128806993365288
-0.286891371011734,0.12352599203586578,-0.049666035920381546
-0.1870471090078354,0.1746768355369568,-0.03931200131773949
-0.1070723831653595,0.2035239338874817,-0.035823795944452286
-0.07077299803495407,0.19778454303741455,-0.04849373921751976
-0.0676184892654419,0.15412068367004395,-0.07025229930877686
-0.08286711573600769,0.08890035003423691,-0.08686506003141403
-0.10539186745882034,0.007895778864622116,-0.09548357874155045
-0.12455657869577408,-0.06905738264322281,-0.09095455706119537
-0.12621334195137024,-0.1279585212469101,-0.08516857773065567
-0.10284429043531418,-0.1779465228319168,-0.08718490600585938
-0.0766582265496254,-0.21301715075969696,-0.09127472341060638
-0.04786574840545654,-0.24902334809303284,-0.10336202383041382
-0.019848495721817017,-0.2742703855037689,-0.1184176653623581
0.0082591213285923,-0.2952372431755066,-0.14275386929512024
0.032538898289203644,-0.3145422339439392,-0.17124757170677185
0.06131166219711304,-0.3304825723171234,-0.18954423069953918
0.0849999487400055,-0.33850428462028503,-0.19240659475326538
0.0997818261384964,-0.3524685800075531,-0.18055152893066406
0.09360968321561813,-0.40022012591362,-0.15345759689807892
0.06940267980098724,-0.48773908615112305,-0.11871211230754852
0.03003343567252159,-0.5834392309188843,-0.07255766540765762
-0.017292659729719162,-0.6621595025062561,-0.01775450073182583
-0.06157676503062248,-0.7298493385314941,0.04681596904993057
-0.07982658594846725,-0.7649847269058228,0.10147128999233246
-0.08331585675477982,-0.7440195083618164,0.11321450024843216
-0.07545065879821777,-0.6762987375259399,0.09542054682970047
-0.06509442627429962,-0.5870274305343628,0.08656260371208191
-0.06309904158115387,-0.5165135264396667,0.07962869852781296
-0.07743962854146957,-0.45536917448043823,0.08997055143117905
-0.09359759837388992,-0.41203686594963074,0.10951995104551315
-0.11021066457033157,-0.416652113199234,0.14621537923812866
0.03317141905426979,-0.54706871509552,0.3033882677555084
0.5257009863853455,-0.46164941787719727,0.6250453591346741
0.7150607705116272,-0.4993986189365387,0.6435346007347107
0.7572761178016663,-0.4692700207233429,0.7143076062202454
0.7546349763870239,-0.46304938197135925,0.7458484172821045
0.6529898643493652,-0.4910746216773987,0.6609369516372681
0.4816339910030365,-0.4744246006011963,0.5287140011787415
0.24841858446598053,-0.45922619104385376,0.40256646275520325
0.019775910302996635,-0.5214759707450867,0.3279076814651489
-0.18162085115909576,-0.6752641797065735,0.3347248435020447
-0.4434528946876526,-0.7572765946388245,0.3661442995071411
-0.6939301490783691,-0.8003478646278381,0.3737223446369171
-0.8321419954299927,-0.8825594186782837,0.35828641057014465
-0.8664562702178955,-0.9322018027305603,0.3262861371040344
-0.8610473871231079,-0.8947740793228149,0.28133416175842285
-0.794847309589386,-0.7834891080856323,0.2229992300271988
-0.7038782238960266,-0.6431747078895569,0.1586693823337555
-0.6281887888908386,-0.5091381072998047,0.09042668342590332
-0.580040454864502,-0.3779934346675873,0.012105582281947136
-0.5614981651306152,-0.24762211740016937,-0.10562877357006073
-0.5428951978683472,-0.148216113448143,-0.20452933013439178
-0.49910223484039307,-0.10734458267688751,-0.2426823079586029
-0.4277289807796478,-0.0836067646741867,-0.24668636918067932
-0.3337497413158417,-0.03833089396357536,-0.22684821486473083
-0.2575608789920807,0.0069337934255599976,-0.19033704698085785
-0.21344906091690063,0.080501489341259,-0.137052521109581
-0.11664243042469025,0.09617173671722412,-0.025827420875430107
0.021601997315883636,0.07581134140491486,0.09252931922674179
0.1209382638335228,0.1022871881723404,0.17413225769996643
0.1264483481645584,0.12562739849090576,0.2135840654373169
0.05675371736288071,0.08408523350954056,0.19258856773376465
-0.06449281424283981,0.04308507218956947,0.1421554833650589
-0.18260464072227478,-0.004248360171914101,0.11113923043012619
-0.2862394452095032,-0.032316215336322784,0.04885721206665039
-0.3588060140609741,-0.04995422065258026,-0.01258762739598751
-0.3405303359031677,-0.035465825349092484,-0.016817791387438774
-0.1753987818956375,0.1328566074371338,0.06667286157608032
0.04778742417693138,0.440186470746994,0.17385098338127136
0.4156915247440338,0.6086587309837341,0.09815817326307297
0.756137490272522,0.7050342559814453,-0.22772006690502167
0.3383808135986328,1.0425606966018677,-0.5663549304008484
-0.5174654126167297,1.1792078018188477,-0.7944040894508362
-0.19172842800617218,0.37977126240730286,-0.42410242557525635
-0.7031698226928711,0.4516545236110687,-0.10716842114925385
-0.8004217743873596,0.2801855504512787,0.2587350308895111
-0.7263371348381042,0.1359356939792633,0.5206334590911865
-0.41420215368270874,-0.09055476635694504,0.6344407796859741
0.08908494561910629,-0.16111016273498535,0.7147608995437622
0.5709137320518494,0.034654535353183746,0.7441532015800476
0.9344387054443359,0.2630924880504608,0.7297516465187073
1.0905659198760986,0.4452708959579468,0.7135329246520996
1.0714223384857178,0.49296998977661133,0.685645341873169
0.9442756175994873,0.3858930170536041,0.6182686686515808
0.7415395379066467,0.22037944197654724,0.5143332481384277
0.5164059400558472,0.05151684582233429,0.40236473083496094
0.27903470396995544,-0.09802497178316116,0.2870221436023712
0.04661570116877556,-0.2082119733095169,0.17852184176445007
-0.15186037123203278,-0.25630760192871094,0.09660354256629944
-0.3012976348400116,-0.2948150634765625,0.039877936244010925
-0.38795849680900574,-0.2964891195297241,-0.001977903302758932
-0.44074082374572754,-0.2463596612215042,-0.01202837098389864
-0.4791947603225708,-0.18516474962234497,0.008751209825277328
-0.5237011909484863,-0.1204027459025383,0.05585794895887375
-0.5891432762145996,-0.06515201181173325,0.09691990166902542
-0.6728323101997375,-0.025587445124983788,0.1394030600786209
-0.6440552473068237,0.11916308104991913,0.14084409177303314
-0.512936532497406,0.3123567998409271,0.056751810014247894
-0.496908038854599,0.4094540476799011,-0.034408994019031525
-0.4912838041782379,0.35566282272338867,-0.11079621315002441
-0.5055530667304993,0.21702903509140015,-0.15508458018302917
-0.5710484385490417,0.11026719957590103,-0.17727196216583252
-0.6064961552619934,0.025749383494257927,-0.19487598538398743
-0.5778526067733765,0.054267361760139465,-0.18502525985240936
-0.4798312187194824,0.23306933045387268,-0.11959671229124069
-0.28449466824531555,0.6118910908699036,0.019425449892878532
-0.04218321293592453,1.0521732568740845,0.15525119006633759
0.17761199176311493,1.3590366840362549,0.24542295932769775
0.34002435207366943,1.5032281875610352,0.23241768777370453
0.37720245122909546,1.5463132858276367,0.16204021871089935
0.30889075994491577,1.5348726511001587,0.08292090147733688
0.22492828965187073,1.4746546745300293,-0.026246311143040657
0.13619361817836761,1.3322075605392456,-0.11575089395046234
0.053638722747564316,1.1240211725234985,-0.1584790050983429
-0.027778638526797295,0.8944183588027954,-0.16739314794540405
-0.0908588394522667,0.7191766500473022,-0.16350507736206055
-0.13692432641983032,0.6263361573219299,-0.18323403596878052
-0.17792709171772003,0.5759316682815552,-0.2035478800535202
-0.20931831002235413,0.57915198802948,-0.24493926763534546
-0.2331850230693817,0.6328165531158447,-0.28195106983184814
-0.22616946697235107,0.7345085740089417,-0.32311955094337463
-0.19509287178516388,0.8415869474411011,-0.3656088411808014
-0.1661432534456253,0.89278644323349,-0.37790361046791077
-0.14756828546524048,0.8874122500419617,-0.36773914098739624
-0.14806629717350006,0.8608967661857605,-0.3497984707355499
-0.17021669447422028,0.8244186043739319,-0.3210645020008087
-0.20253148674964905,0.7572941184043884,-0.2921724021434784
-0.21557842195034027,0.6664486527442932,-0.2701485753059387
-0.21654994785785675,0.5779224634170532,-0.25727298855781555
-0.20692181587219238,0.490762323141098,-0.25571590662002563
-0.19338177144527435,0.4061411917209625,-0.2601737678050995
-0.15952342748641968,0.328294038772583,-0.26067498326301575
-0.1241510659456253,0.2614114284515381,-0.2563800811767578
-0.09619949012994766,0.21661058068275452,-0.2341814786195755
-0.07360948622226715,0.19495508074760437,-0.20537087321281433
-0.04222715646028519,0.18452592194080353,-0.17982852458953857
-0.005060610827058554,0.18475842475891113,-0.14884185791015625
0.03865984454751015,0.20521365106105804,-0.10922762751579285
0.07968956977128983,0.23919610679149628,-0.07044880092144012
0.1223285049200058,0.25574299693107605,-0.03190184384584427
0.1621297001838684,0.2600615918636322,-0.0030757877975702286
0.20405741035938263,0.26793980598449707,0.01811976358294487
0.22845914959907532,0.2633519768714905,0.01558869518339634
0.24110367894172668,0.23759602010250092,0.0035141538828611374
0.2459397166967392,0.19904358685016632,-0.005741130094975233
0.23089078068733215,0.15871262550354004,-0.028399288654327393
0.1984127312898636,0.12880106270313263,-0.054641012102365494
0.14324213564395905,0.1208585798740387,-0.06896118074655533
0.08964309096336365,0.12136511504650116,-0.07817811518907547
0.063405342400074,0.10569511353969574,-0.08317214250564575
0.06156403571367264,0.08706177026033401,-0.08341501653194427
0.07212115824222565,0.07271510362625122,-0.08422891795635223
0.09308689832687378,0.0608091726899147,-0.07385457307100296
0.11361625045537949,0.05939023941755295,-0.061761412769556046
0.12915712594985962,0.058236561715602875,-0.036358848214149475
0.15252186357975006,0.05414446070790291,-0.007762476336210966
0.18420949578285217,0.060015130788087845,0.023297971114516258
0.22507020831108093,0.08377549052238464,0.046378083527088165
0.26145750284194946,0.12374447286128998,0.053486861288547516
0.2751648724079132,0.15648570656776428,0.051669467240571976
0.26303574442863464,0.1874268352985382,0.03922984376549721
0.2454497516155243,0.20971067249774933,0.02058415859937668
0.20943476259708405,0.2160910815000534,-0.007813660427927971
0.1689199060201645,0.20344017446041107,-0.04606322571635246
0.13389401137828827,0.17937079071998596,-0.08984719216823578
0.11893565952777863,0.1467742770910263,-0.1331654042005539
0.11723469942808151,0.1084391325712204,-0.17138496041297913
0.11618145555257797,0.06556874513626099,-0.1917867660522461
0.10973953455686569,0.03761088103055954,-0.21029627323150635
0.10173632949590683,0.026671137660741806,-0.2340756058692932
0.09433327615261078,0.01621556654572487,-0.24366246163845062
0.07940255105495453,0.014782769605517387,-0.24391251802444458
0.06696505844593048,0.018272044137120247,-0.22775885462760925
0.05183754488825798,0.027032215148210526,-0.21785560250282288
0.03010561875998974,0.02910229191184044,-0.21760553121566772
0.00019410776440054178,0.03203663229942322,-0.2092435359954834
-0.045971523970365524,0.03174768388271332,-0.19473595917224884
-0.08441334962844849,0.01766452006995678,-0.1675386130809784
-0.10680094361305237,0.00509200245141983,-0.11499975621700287
-0.10750439018011093,0.007459385320544243,-0.0632365271449089
-0.10315731167793274,0.007670573890209198,-0.019254419952630997
-0.0981440469622612,0.021960843354463577,0.014389265328645706
-0.09408405423164368,0.041688207536935806,0.03879714012145996
-0.09211650490760803,0.05772267282009125,0.049517616629600525
-0.08272327482700348,0.07459406554698944,0.06506035476922989
-0.07260653376579285,0.09127461910247803,0.07279296964406967
-0.06380745023488998,0.10110114514827728,0.06971302628517151
-0.04784035682678223,0.09873199462890625,0.06298909336328506
-0.02451159618794918,0.08016124367713928,0.06061408668756485
-0.00374346855096519,0.07008863240480423,0.07122465968132019
-0.03157270327210426,0.056165359914302826,0.22208847105503082
-0.09278438240289688,0.10386669635772705,0.13135364651679993
-0.09447123110294342,-0.0038933204486966133,0.012357216328382492
-0.08576089143753052,-0.09846679121255875,-0.040126651525497437
-0.10022531449794769,-0.06528273969888687,-0.06876229494810104
-0.10721467435359955,0.012729834765195847,-0.05627482756972313
-0.09635457396507263,0.02460194006562233,-0.0524475984275341
-0.10217085480690002,0.05006009712815285,-0.045401059091091156
-0.10866497457027435,0.052745360881090164,-0.04126011207699776
-0.11969436705112457,0.03526947274804115,-0.025292107835412025
-0.1289922595024109,-0.007130450569093227,-0.014859972521662712
-0.12452906370162964,-0.04152144491672516,-0.010414358228445053
-0.1077658012509346,-0.06970381736755371,-0.0023721447214484215
-0.08600518107414246,-0.07557150721549988,0.005147264804691076
-0.06300612539052963,-0.07618296891450882,0.022253014147281647
-0.049419403076171875,-0.07242317497730255,0.04337963089346886
-0.03499545529484749,-0.0683400109410286,0.06377890706062317
-0.03911266848444939,-0.05911966785788536,0.09604024887084961
-0.05184097960591316,-0.04763957858085632,0.13837598264217377
-0.0676957294344902,-0.05348785221576691,0.17481838166713715
-0.09233209490776062,-0.07738439738750458,0.2171591818332672
-0.1096355989575386,-0.13086530566215515,0.26239895820617676
-0.12264753133058548,-0.16939511895179749,0.31555885076522827
-0.11903253197669983,-0.2048204094171524,0.3575730621814728
-0.09115296602249146,-0.24759823083877563,0.3783656656742096
-0.052852146327495575,-0.2862616181373596,0.38762056827545166
-0.025966737419366837,-0.3444189429283142,0.35553133487701416
-0.016093682497739792,-0.4349250793457031,0.29633450508117676
-0.0530298613011837,-0.5225577354431152,0.24023795127868652
-0.1252427101135254,-0.6145504117012024,0.1931425929069519
-0.22153621912002563,-0.7108146548271179,0.16447365283966064
-0.33190566301345825,-0.804172933101654,0.17273248732089996
-0.42253172397613525,-0.869172990322113,0.22513125836849213
-0.48590224981307983,-0.8926018476486206,0.2777167558670044
-0.491347074508667,-0.889657735824585,0.3286427855491638
-0.4552120864391327,-0.8512142300605774,0.3670220971107483
-0.39135774970054626,-0.7865625619888306,0.385913223028183
-0.3156183362007141,-0.7107782363891602,0.3791026473045349
-0.24852582812309265,-0.6633234024047852,0.3503543734550476
-0.20439785718917847,-0.6188046932220459,0.32540249824523926
-0.18739409744739532,-0.5790993571281433,0.315745085477829
-0.1793374866247177,-0.5426027774810791,0.30630165338516235
-0.1833745688199997,-0.512722373008728,0.29602718353271484
-0.19040443003177643,-0.5084577798843384,0.29231709241867065
-0.2100987732410431,-0.510496973991394,0.2870109975337982
-0.23918381333351135,-0.4923302233219147,0.29064273834228516
-0.2637850344181061,-0.43370524048805237,0.29567718505859375
-0.2749778628349304,-0.38598862290382385,0.28596413135528564
-0.2891182005405426,-0.35843130946159363,0.2586883008480072
-0.28272199630737305,-0.34626129269599915,0.22517970204353333
-0.25422802567481995,-0.3508872091770172,0.18912982940673828
-0.21785946190357208,-0.3475185036659241,0.17153215408325195
-0.19137991964817047,-0.3484436869621277,0.1552109718322754
-0.16514603793621063,-0.33050569891929626,0.14501529932022095
-0.13659988343715668,-0.30902570486068726,0.13527745008468628
-0.1172802522778511,-0.25686195492744446,0.1202312558889389
-0.0945320650935173,-0.17046421766281128,0.11854787170886993
-0.068364717066288,-0.07006336748600006,0.15078255534172058
-0.04557444527745247,0.03290695697069168,0.21770992875099182
-0.03837199881672859,0.1602930724620819,0.29739388823509216
-0.059683412313461304,0.297162264585495,0.3101347088813782
-0.10629892349243164,0.4512777328491211,0.2517785131931305
-0.14962615072727203,0.5993838310241699,0.16713713109493256
-0.1595965027809143,0.6928607821464539,0.07357127964496613
-0.0971621572971344,0.6508267521858215,-0.032408419996500015
0.028865421190857887,0.5420491695404053,-0.11091816425323486
0.16051693260669708,0.47485119104385376,-0.1459275484085083
0.25568118691444397,0.4951667785644531,-0.15597660839557648
0.3169935345649719,0.5551998019218445,-0.169592022895813
0.35572320222854614,0.5938728451728821,-0.19225920736789703
0.38402727246284485,0.592531144618988,-0.19888702034950256
0.3953516185283661,0.5649791955947876,-0.1922646015882492
0.38706839084625244,0.5165719389915466,-0.1836538016796112
0.35821980237960815,0.46545979380607605,-0.18247433006763458
0.31873950362205505,0.40796881914138794,-0.2015950232744217
0.2803138792514801,0.3520355522632599,-0.23468299210071564
0.24089856445789337,0.2969036102294922,-0.2549656331539154
0.21140624582767487,0.2511110305786133,-0.2665839195251465
0.18586120009422302,0.22189855575561523,-0.2571925222873688
0.17002548277378082,0.21917709708213806,-0.24751274287700653
0.15941810607910156,0.24384357035160065,-0.24241892993450165
0.15930265188217163,0.28902000188827515,-0.23578383028507233
0.16839174926280975,0.321829617023468,-0.22174550592899323
0.19082482159137726,0.32449600100517273,-0.21314644813537598
0.22175930440425873,0.29883909225463867,-0.20090150833129883
0.24084721505641937,0.2554585039615631,-0.17395929992198944
0.24673999845981598,0.2166520059108734,-0.14503790438175201
0.2508735954761505,0.187872976064682,-0.11061245948076248
0.25512611865997314,0.15723171830177307,-0.08616091310977936
0.26023614406585693,0.14450490474700928,-0.06969687342643738
0.2781011760234833,0.13837696611881256,-0.06554340571165085
0.3141144812107086,0.1365012526512146,-0.04774491861462593
0.3601280450820923,0.16521306335926056,-0.01643679477274418
0.40421974658966064,0.2197810709476471,0.02692868374288082
0.43380507826805115,0.2673494219779968,0.05563942342996597
0.46049264073371887,0.29993659257888794,0.06781008839607239
0.485586553812027,0.3135852813720703,0.08043879270553589
0.5128664374351501,0.29317331314086914,0.0838736817240715
0.524973452091217,0.262103796005249,0.06823533773422241
0.5434700846672058,0.2309081256389618,0.04682211950421333
0.5614187121391296,0.19910092651844025,0.023313064128160477
0.5726431012153625,0.20095160603523254,0.014534726738929749
0.5611914992332458,0.22538557648658752,0.02465926669538021
0.5340700149536133,0.2547679841518402,0.029079290106892586
0.49251750111579895,0.2850731611251831,0.036598991602659225
0.43662992119789124,0.30285903811454773,0.050850145518779755
0.37521716952323914,0.2972080707550049,0.06502268463373184
0.2963411509990692,0.2782527208328247,0.214253768324852
0.1883222758769989,0.33307576179504395,0.2711407542228699
0.16394983232021332,0.1605018526315689,0.06615111231803894
0.08218333125114441,-0.02839669957756996,-0.025899985805153847
-0.001864967285655439,-0.0814274251461029,-0.0648559033870697
-0.05802837014198303,-0.00828557275235653,-0.03300609812140465
-0.0627167671918869,0.04989970475435257,0.01642538048326969
-0.05766474828124046,0.09021463990211487,0.03307732567191124
-0.053261443972587585,0.14543288946151733,0.03491513431072235
-0.042250338941812515,0.18440425395965576,0.036976687610149384
-0.014631536789238453,0.19131013751029968,-0.000958993099629879
0.028965743258595467,0.1378040462732315,-0.09116265177726746
0.0612550787627697,0.06542694568634033,-0.16054989397525787
0.07367712259292603,-0.005409683100879192,-0.20275114476680756
0.0776444599032402,-0.07429981231689453,-0.21533749997615814
0.06889517605304718,-0.13217775523662567,-0.20742444694042206
0.04810371249914169,-0.1712505966424942,-0.18218325078487396
0.018519457429647446,-0.17735828459262848,-0.15009190142154694
-0.0072952015325427055,-0.1633671075105667,-0.12396204471588135
-0.023742351680994034,-0.13703297078609467,-0.09930437058210373
-0.02736361138522625,-0.10184195637702942,-0.08141908794641495
-0.018893161788582802,-0.07346783578395844,-0.0736975222826004
-0.011020406149327755,-0.04328242316842079,-0.0707007572054863
-0.00016509521810803562,-0.029691245406866074,-0.0725758895277977
0.008019469678401947,-0.007695390842854977,-0.07917522639036179
0.007764605339616537,0.004302415996789932,-0.09317546337842941
0.003896486945450306,0.0037124138325452805,-0.10707440227270126
-0.004089800175279379,-0.0020083216950297356,-0.12707260251045227
-0.010130740702152252,-0.012382708489894867,-0.1531108319759369
-0.014155841432511806,-0.020250750705599785,-0.17163844406604767
-0.020846417173743248,-0.02992865815758705,-0.17034465074539185
-0.02959490194916725,-0.03703077882528305,-0.15974581241607666
-0.033029474318027496,-0.050001535564661026,-0.14700037240982056
-0.028795847669243813,-0.051980797201395035,-0.12968608736991882
-0.03029882162809372,-0.03725775331258774,-0.13195167481899261
-0.03246210515499115,-0.01539213489741087,-0.12824589014053345
-0.026376336812973022,0.004827573895454407,-0.1208733543753624
-0.01062027644366026,0.02114768885076046,-0.11862671375274658
0.0024803155101835728,0.02543170005083084,-0.1301223188638687
0.016879495233297348,0.021901946514844894,-0.14024445414543152
0.03189019486308098,-0.006157182157039642,-0.14720268547534943
0.04662945866584778,-0.0405694842338562,-0.14528654515743256
0.06301547586917877,-0.08142634481191635,-0.13263629376888275
0.07311072200536728,-0.10628269612789154,-0.12053622305393219
0.0693209320306778,-0.10907384753227234,-0.10779468715190887
0.03542261943221092,-0.10519282519817352,-0.0997583344578743
0.005221680738031864,-0.1009363979101181,-0.09335760027170181
-0.026211343705654144,-0.10977010428905487,-0.09136129170656204
-0.04314621165394783,-0.12075648456811905,-0.08170782029628754
-0.05588517710566521,-0.12564630806446075,-0.07871389389038086
-0.06731417030096054,-0.12639407813549042,-0.06153125315904617
-0.0770040825009346,-0.12411121279001236,-0.04040785878896713
-0.08459289371967316,-0.1220395490527153,-0.008345503360033035
-0.08268500119447708,-0.12198282778263092,0.026393834501504898
-0.08148036152124405,-0.1051553338766098,0.05386350303888321
-0.08324018120765686,-0.08040738105773926,0.06843498349189758
-0.09081647545099258,-0.0641942024230957,0.08713480085134506
-0.10333546251058578,-0.04926079511642456,0.11137302964925766
-0.1100306436419487,-0.05612253397703171,0.12268461287021637
-0.1085435301065445,-0.06838798522949219,0.13439133763313293
-0.0901864767074585,-0.0890115350484848,0.1397073119878769
-0.07144874334335327,-0.1034780964255333,0.14551539719104767
-0.05597888305783272,-0.1049845963716507,0.15020598471164703
-0.04335629940032959,-0.10465143620967865,0.15545053780078888
-0.0314398817718029,-0.09287477284669876,0.16501697897911072
-0.03022681176662445,-0.07116655260324478,0.17376679182052612
-0.04796188697218895,-0.05347009375691414,0.17267756164073944
-0.07794375717639923,-0.040928736329078674,0.16975553333759308
-0.1176384761929512,-0.025491299107670784,0.16946910321712494
-0.16452449560165405,-0.015981417149305344,0.17254692316055298
-0.21144238114356995,-0.008956348523497581,0.1780828982591629
-0.2392633557319641,-0.02025054767727852,0.18946711719036102
-0.23613785207271576,-0.04685287922620773,0.205752894282341
-0.2030230462551117,-0.0713007003068924,0.2267647087574005
-0.13912099599838257,-0.08802524209022522,0.24590498208999634
-0.05527109652757645,-0.09656652808189392,0.2638983726501465
0.031225373968482018,-0.08868086338043213,0.26220589876174927
0.11069037020206451,-0.06659926474094391,0.24462850391864777
0.16007588803768158,-0.05072987079620361,0.20987355709075928
0.18109941482543945,-0.04670822620391846,0.17672279477119446
0.16831326484680176,-0.055142659693956375,0.15229807794094086
0.11906208842992783,-0.06704805791378021,0.1434270739555359
0.05655313655734062,-0.07430954277515411,0.13117080926895142
-0.0031288343016058207,-0.08258530497550964,0.1231677383184433
-0.04744730889797211,-0.09253660589456558,0.1148148700594902
-0.07695246487855911,-0.10587397962808609,0.10930158942937851
-0.09898340702056885,-0.12517517805099487,0.11330585926771164
-0.10818116366863251,-0.15217989683151245,0.12256567180156708
-0.09384054690599442,-0.1707526445388794,0.1410568803548813
-0.06451914459466934,-0.17007246613502502,0.15604062378406525
-0.027659354731440544,-0.15044212341308594,0.16785693168640137
0.001766178640536964,-0.11912974715232849,0.16774161159992218
0.03562644496560097,-0.08266697078943253,0.16505783796310425
0.05903669446706772,-0.059972576797008514,0.15628352761268616
0.07419037073850632,-0.04838118702173233,0.1397159993648529
0.0714302733540535,-0.050882693380117416,0.12610271573066711
0.04468147084116936,-0.05856470391154289,0.11672905832529068
0.018376896157860756,-0.06572168320417404,0.11577031761407852
8.376024197787046e-05,-0.07980845123529434,0.11857593059539795
-0.008660996332764626,-0.08791165053844452,0.1211453452706337
0.0028269782196730375,-0.08274075388908386,0.12717251479625702
0.02427021972835064,-0.08439750969409943,0.13349992036819458
0.04106288403272629,-0.08323114365339279,0.14147086441516876
0.057719890028238297,-0.07628082484006882,0.14887072145938873
0.06715091317892075,-0.06892795115709305,0.15537934005260468
0.06826277822256088,-0.06821449100971222,0.16368520259857178
0.06287480890750885,-0.0718425065279007,0.16955344378948212
0.06587832421064377,-0.07916779816150665,0.18042926490306854
0.059781547635793686,-0.0816047415137291,0.18396346271038055
0.05464910343289375,-0.07916688919067383,0.18145236372947693
0.04345742613077164,-0.07731729000806808,0.18033698201179504
0.04058653861284256,-0.07635349035263062,0.18394316732883453
0.03888168931007385,-0.07763989269733429,0.18346787989139557
0.04461733624339104,-0.0778321772813797,0.18453794717788696
0.05341176688671112,-0.07330787926912308,0.18341931700706482
0.05298033356666565,-0.059635743498802185,0.17495818436145782
0.04061214625835419,-0.052870459854602814,0.16829544305801392
0.022503720596432686,-0.04603199660778046,0.16012246906757355
-0.007680080831050873,-0.03262386471033096,0.14577852189540863
-0.04086067155003548,-0.02984299510717392,0.12940621376037598
-0.07723862677812576,-0.02944284677505493,0.10610523819923401
-0.11040110141038895,-0.04518292844295502,0.08510967344045639
-0.1308574080467224,-0.061995573341846466,0.06709404289722443
-0.13742929697036743,-0.07944034785032272,0.06278904527425766
-0.12397242337465286,-0.09124738723039627,0.06267710775136948
-0.10712765902280807,-0.08918982744216919,0.06558234989643097
-0.08949556946754456,-0.06814978271722794,0.06707053631544113
-0.08013802766799927,-0.046479638665914536,0.05465247854590416
-0.07660651206970215,-0.03196794167160988,0.04266251251101494
-0.08012188971042633,-0.026467714458703995,0.029454829171299934
-0.08147644996643066,-0.0357024110853672,0.010593172162771225
-0.08257633447647095,-0.054786089807748795,-0.005446780938655138
-0.07780268043279648,-0.0795527771115303,-0.017792820930480957
-0.06690476089715958,-0.1006292998790741,-0.02551492303609848
-0.05327144265174866,-0.11783163249492645,-0.019310664385557175
-0.030386367812752724,-0.13647083938121796,-0.010732889175415039
-0.004178281407803297,-0.14352785050868988,0.004173536319285631
0.014200991950929165,-0.14592976868152618,0.01429035235196352
0.02783719263970852,-0.13307379186153412,0.020088516175746918
0.03808983415365219,-0.11842720955610275,0.027461212128400803
0.046375125646591187,-0.11199839413166046,0.029644522815942764
0.04755757004022598,-0.09277090430259705,0.024067331105470657
0.038399118930101395,-0.0804683268070221,0.019617892801761627
0.020901616662740707,-0.07391376048326492,0.008583083748817444
0.0002985105384141207,-0.06705935299396515,0.001857579918578267
-0.028701717033982277,-0.07005701214075089,0.004795579239726067
-0.05801898241043091,-0.07023277133703232,0.01865864172577858
-0.07146421819925308,-0.08900406956672668,0.04140789806842804
-0.060019928961992264,-0.12142301350831985,0.07320180535316467
-0.027316579595208168,-0.1634082794189453,0.1028720885515213
0.02051370032131672,-0.21306616067886353,0.13308356702327728
0.0703480988740921,-0.24267038702964783,0.1736392378807068
0.10060520470142365,-0.25222885608673096,0.22268252074718475
0.09336220473051071,-0.22516581416130066,0.25541356205940247
0.0677572712302208,-0.2083493322134018,0.2675403356552124
0.04263833910226822,-0.06923805177211761,0.27930939197540283
-0.0365249402821064,-0.02069004438817501,0.16046562790870667
-0.09181775897741318,-0.02531382441520691,0.13744500279426575
-0.10501091182231903,-0.03531934693455696,0.1263473778963089
-0.12011370062828064,-0.0600084513425827,0.10656221956014633
-0.1426662802696228,-0.09815998375415802,0.10756105929613113
-0.15864098072052002,-0.1277839094400406,0.11014033108949661
-0.16963519155979156,-0.15370842814445496,0.10168902575969696
-0.17459824681282043,-0.16096101701259613,0.09992601722478867
-0.15594245493412018,-0.1632230579853058,0.10158165544271469
-0.11553803831338882,-0.1619034707546234,0.1028117686510086
-0.05084973946213722,-0.15902936458587646,0.11018603295087814
0.01680520549416542,-0.16898798942565918,0.113942950963974
0.07743775099515915,-0.199908047914505,0.1145881935954094
0.1285398155450821,-0.2464561015367508,0.11487901210784912
0.18236808478832245,-0.2818649113178253,0.10458826273679733
0.23078861832618713,-0.302131325006485,0.09505707770586014
0.27977490425109863,-0.3026168942451477,0.08566047251224518
0.32685717940330505,-0.27828386425971985,0.09610193222761154
0.3672619163990021,-0.24616937339305878,0.11908507347106934
0.3805164694786072,-0.20231163501739502,0.1272580474615097
0.3664295971393585,-0.15707163512706757,0.13021643459796906
0.33249586820602417,-0.013025510124862194,0.10580002516508102
0.24791795015335083,0.130086287856102,0.06490940600633621
0.16577941179275513,0.14696992933750153,0.035152047872543335
0.10939496755599976,0.14675794541835785,0.033165860921144485
0.10654322057962418,0.05918500944972038,0.035148780792951584
0.09334211051464081,-0.02703920006752014,0.03558249771595001
0.09309150278568268,-0.11718320846557617,0.04644685983657837
0.09876035153865814,-0.19297876954078674,0.06108608841896057
0.11237389594316483,-0.24574850499629974,0.06524860858917236
0.12465539574623108,-0.29465818405151367,0.05777812376618385
0.15226492285728455,-0.31979548931121826,0.047924693673849106
0.1832837611436844,-0.3058147728443146,0.023670805618166924
0.2051730751991272,-0.2532722055912018,0.008558697998523712
0.20187802612781525,-0.1884448230266571,0.005212788004428148
0.18233440816402435,-0.13351818919181824,0.011121543124318123
0.15544016659259796,-0.11055250465869904,0.014932901598513126
0.1262231469154358,-0.1133192628622055,0.010962927713990211
0.10085772722959518,-0.14296671748161316,0.008971992880105972
0.0838228166103363,-0.18251252174377441,0.009244967252016068
0.06660676002502441,-0.23222346603870392,0.011208096519112587
0.0552571639418602,-0.2776356637477875,0.0067156096920371056
0.05280595272779465,-0.31086617708206177,0.0013305505272001028
0.0634056031703949,-0.32646963000297546,-0.00872847530990839
0.07791879028081894,-0.3220307230949402,-0.0198061503469944
0.09336858987808228,-0.2981301546096802,-0.02293190360069275
0.10099722445011139,-0.2543295621871948,-0.020449167117476463
0.08029380440711975,-0.20077206194400787,-0.017937539145350456
0.04521417245268822,-0.15896937251091003,-0.02376544661819935
0.014109781943261623,-0.1493404507637024,-0.03384178504347801
-0.012490496039390564,-0.18126264214515686,-0.04632218927145004
-0.021753769367933273,-0.24055740237236023,-0.054464004933834076
-0.022013001143932343,-0.31913626194000244,-0.05856164172291756
-0.020459845662117004,-0.4081401824951172,-0.049630194902420044
-0.02248925343155861,-0.48725515604019165,-0.034459054470062256
-0.0350271500647068,-0.5306207537651062,-0.014577222988009453
-0.05422620102763176,-0.5654574632644653,-0.008695974946022034
-0.06804214417934418,-0.5696399211883545,-0.01660982519388199
-0.0670895203948021,-0.5456767082214355,-0.03948703780770302
-0.03654998913407326,-0.47295162081718445,-0.0683479830622673
0.010107677429914474,-0.397506982088089,-0.08698874711990356
0.06114715710282326,-0.320658802986145,-0.10370007902383804
0.11967149376869202,-0.24902205169200897,-0.11690681427717209
0.16146475076675415,-0.2044239640235901,-0.11684875935316086
0.1845221072435379,-0.18760302662849426,-0.10731397569179535
0.20511287450790405,-0.19415466487407684,-0.09173128753900528
0.22337877750396729,-0.21910858154296875,-0.07781060039997101
0.23109875619411469,-0.23811662197113037,-0.07143605500459671
0.23905237019062042,-0.23169942200183868,-0.06780701130628586
0.23614686727523804,-0.18276090919971466,-0.06244206801056862
0.22432246804237366,-0.11631499230861664,-0.055663805454969406
0.1913014054298401,-0.059015486389398575,-0.056086715310811996
0.1507774144411087,-0.02582608535885811,-0.07397016137838364
0.08648018538951874,-0.025268152356147766,-0.09745844453573227
0.02401161380112171,-0.06826527416706085,-0.10787555575370789
-0.022132180631160736,-0.099590964615345,-0.095005564391613
-0.06816653162240982,-0.1118653416633606,-0.07691804319620132
-0.09836384654045105,-0.12602989375591278,-0.043168067932128906
-0.13022480905056,-0.12034435570240021,-0.008273138664662838
-0.18732990324497223,-0.1057683452963829,0.01647588238120079
-0.27188995480537415,-0.10290104150772095,0.034189511090517044
-0.36016497015953064,-0.11690740287303925,0.05169340595602989
-0.43963348865509033,-0.1295546591281891,0.06495527923107147
-0.5127742886543274,-0.1424155980348587,0.04997339844703674
-0.5717668533325195,-0.15450385212898254,0.0362500362098217
-0.5997090339660645,-0.16499297320842743,0.026966523379087448
-0.6050300598144531,-0.17397534847259521,0.020849836990237236
-0.6011213660240173,-0.1797109991312027,0.021216021850705147
-0.5945145487785339,-0.17143350839614868,0.023647094145417213
-0.5756681561470032,-0.16680973768234253,0.042127836495637894
-0.5391725897789001,-0.16789455711841583,0.05474976822733879
-0.49870139360427856,-0.15203890204429626,0.07401666790246964
-0.4478464722633362,-0.11637646704912186,0.09373918175697327
-0.3960948586463928,-0.06333934515714645,0.10290205478668213
-0.34157857298851013,-0.013412865810096264,0.09258291125297546
-0.28324761986732483,0.004838310182094574,0.060762930661439896
-0.2184436172246933,-0.0036212028935551643,0.02213350310921669
-0.1425994485616684,-0.03682629391551018,-0.01280184369534254
-0.06130950152873993,-0.07585188746452332,-0.04176994413137436
0.020309194922447205,-0.10440923273563385,-0.06303741782903671
0.10912982374429703,-0.11507432907819748,-0.07180354744195938
0.20304088294506073,-0.10831443220376968,-0.0750102549791336
0.3045037090778351,-0.0915474072098732,-0.06929381191730499
0.39775243401527405,-0.08030220866203308,-0.06404446065425873
0.4880581200122833,-0.07994117587804794,-0.0442647747695446
0.5635278820991516,-0.09955216199159622,-0.001907996367663145
0.6048471331596375,-0.13516849279403687,0.06331651657819748
0.6092056632041931,-0.1722887009382248,0.131576806306839
0.5612441897392273,-0.1832551211118698,0.17116686701774597
0.4705861806869507,-0.18210196495056152,0.16639554500579834
0.35936492681503296,-0.18593528866767883,0.12140250951051712
0.2472362518310547,-0.1826380342245102,0.04714212939143181
0.1568397879600525,-0.18115799129009247,-0.015100333839654922
0.08083690702915192,-0.16780143976211548,-0.052786991000175476
0.019186006858944893,-0.14145711064338684,-0.07601942121982574
-0.01650834083557129,-0.1433088183403015,-0.0764164924621582
-0.02993656136095524,-0.14229623973369598,-0.05731077492237091
-0.03558912128210068,-0.12108094990253448,-0.03672587126493454
-0.03161812946200371,-0.10160896182060242,-0.02361381985247135
-0.03957538679242134,-0.0834382027387619,-0.017391076311469078
-0.06404799222946167,-0.05911969766020775,-0.01810729131102562
-0.09879718720912933,-0.033881984651088715,-0.030436929315328598
-0.12618300318717957,-0.017470499500632286,-0.03622801974415779
-0.13188482820987701,-0.0005610249936580658,-0.04523669555783272
-0.12681017816066742,0.010096656158566475,-0.05615108087658882
-0.10519383102655411,0.00837785191833973,-0.06770253926515579
-0.08907236903905869,-0.01216509286314249,-0.07483785599470139
-0.07924184203147888,-0.02722739800810814,-0.07678249478340149
-0.07411503046751022,-0.03452000766992569,-0.07616378366947174
-0.05911637842655182,-0.03939864784479141,-0.07449504733085632
-0.02769104577600956,-0.04160459712147713,-0.0755823478102684
0.008101839572191238,-0.03153198957443237,-0.06744132936000824
0.03415055200457573,-0.025694547221064568,-0.06465918570756912
0.049657873809337616,-0.013541744090616703,-0.06309404224157333
0.0588369220495224,0.00014897435903549194,-0.06498989462852478
0.05830508843064308,0.003181248903274536,-0.07263689488172531
0.062558114528656,-0.002898290753364563,-0.08821392804384232
0.07126452028751373,-0.012702718377113342,-0.10907047241926193
0.09201930463314056,-0.021722055971622467,-0.1323041170835495
0.11524713039398193,-0.025632910430431366,-0.15955518186092377
0.15005186200141907,-0.024134844541549683,-0.1818419098854065
0.17246821522712708,-0.017338190227746964,-0.20239165425300598
0.18510086834430695,-0.02109534665942192,-0.21370773017406464
0.18550513684749603,-0.03650812432169914,-0.2149234563112259
0.17680445313453674,-0.06141108274459839,-0.2173519730567932
0.152612566947937,-0.10858205705881119,-0.22614413499832153
0.1170036643743515,-0.14349830150604248,-0.26250579953193665
0.07470494508743286,-0.181753009557724,-0.2739986777305603
0.041442882269620895,-0.22556419670581818,-0.2865855097770691
0.014045080170035362,-0.25283709168434143,-0.322872132062912
0.002145184902474284,-0.27500978112220764,-0.3580777943134308
2.051499905064702e-05,-0.29189395904541016,-0.3926600217819214
0.004556805826723576,-0.29603636264801025,-0.41082829236984253
0.012448017485439777,-0.2979564964771271,-0.41665342450141907
0.014859208837151527,-0.2797669470310211,-0.3990042507648468
0.006302205845713615,-0.25552311539649963,-0.3708501160144806
-0.005750648211687803,-0.24481862783432007,-0.3411794900894165
-0.019444089382886887,-0.2337971329689026,-0.31458330154418945
-0.032895103096961975,-0.24064554274082184,-0.3025702238082886
-0.03327726572751999,-0.2616243362426758,-0.2920014560222626
-0.03638321906328201,-0.28165102005004883,-0.26888787746429443
-0.05561710149049759,-0.29075583815574646,-0.2112906277179718
-0.10407004505395889,-0.2515248656272888,-0.13982360064983368
-0.17134840786457062,-0.20685726404190063,-0.07746009528636932
-0.2421305775642395,-0.21590882539749146,-0.04589815065264702
-0.3141815960407257,-0.24319210648536682,-0.041063446551561356
-0.36224067211151123,-0.2778226137161255,-0.050844088196754456
-0.37795889377593994,-0.3249000906944275,-0.06672611832618713
-0.3590186536312103,-0.3677526116371155,-0.06196694076061249
-0.3164845108985901,-0.39078786969184875,-0.05065729096531868
-0.2679147720336914,-0.39582812786102295,-0.029286809265613556
-0.2149636596441269,-0.39357614517211914,-0.020251769572496414
-0.16169576346874237,-0.35952848196029663,-0.010747184976935387
-0.11327285319566727,-0.3038678765296936,-0.006342582404613495
-0.05255896598100662,-0.23378577828407288,-0.015167444944381714
-0.005513692740350962,-0.1478189378976822,-0.020112402737140656
0.038202181458473206,-0.041838958859443665,-0.025573210790753365
0.06808017939329147,0.04123994708061218,-0.042837951332330704
0.0791480541229248,0.079087994992733,-0.05975225567817688
0.07616930454969406,0.0751318708062172,-0.07758158445358276
0.056051693856716156,0.04537925869226456,-0.08705706894397736
0.031055530533194542,0.009050281718373299,-0.09233784675598145
0.01025693491101265,-0.011721473187208176,-0.07951083779335022
0.007385514676570892,-0.006409532390534878,-0.05981515720486641
0.017964547500014305,0.03110518865287304,-0.03967909514904022
0.03858913108706474,0.08140218257904053,-0.02257920242846012
0.06297001242637634,0.12667696177959442,-0.010243451222777367
0.09157529473304749,0.15970495343208313,0.0006360935512930155
0.10354366153478622,0.18301363289356232,0.00714283250272274
0.10431624948978424,0.2000698447227478,0.008927150629460812
0.09110929816961288,0.1968902349472046,0.012714216485619545
0.06774618476629257,0.17226877808570862,0.008601495996117592
0.038305677473545074,0.15262414515018463,0.0040137809701263905
0.015613416209816933,0.1378614455461502,-0.005750433076173067
-0.0039282855577766895,0.13198499381542206,-0.01150665245950222
-0.017013728618621826,0.1528705656528473,-0.007485012989491224
-0.044638268649578094,0.20292319357395172,-0.004546843469142914
-0.099943608045578,0.3408874571323395,-0.00566910021007061
-0.29687589406967163,-1.747456431388855,-0.01894224062561989
-0.07431554049253464,0.8752471804618835,0.056889407336711884
0.33805423974990845,0.380228191614151,-0.041018832474946976
0.5168455839157104,-0.1487424373626709,-0.21178391575813293
0.3042023777961731,0.17823238670825958,-0.19087561964988708
0.14139482378959656,0.3601323962211609,-0.08138933032751083
0.11538500338792801,0.20575858652591705,-0.07056014239788055
0.12196993827819824,0.11713684350252151,-0.08338645845651627
0.15305857360363007,0.10513830184936523,-0.05361984670162201
0.19077424705028534,0.11667325347661972,-0.03708454594016075
0.2267899513244629,0.17367829382419586,-0.04226900637149811
0.2600661814212799,0.24247358739376068,-0.06477511674165726
0.2556147873401642,0.3147237300872803,-0.10395544767379761
0.24695631861686707,0.3610462248325348,-0.13046108186244965
0.2571539580821991,0.36887162923812866,-0.1448032408952713
0.2740890085697174,0.37832584977149963,-0.14894312620162964
0.29217642545700073,0.39116761088371277,-0.11508847773075104
0.3402896523475647,0.3989810645580292,-0.05970538407564163
0.40324637293815613,0.3959149122238159,-0.007138813380151987
0.493218332529068,0.39036276936531067,0.055470239371061325
0.5678665637969971,0.4086112380027771,0.10745144635438919
0.546944797039032,0.42722752690315247,0.10290410369634628
0.4283650517463684,0.4114936292171478,0.057524602860212326
0.36102941632270813,0.36474689841270447,0.030929209664463997
0.304880291223526,0.3680790364742279,0.014555009081959724
0.2338428497314453,0.44544360041618347,-0.007593436166644096
0.17024017870426178,0.5085856914520264,-0.030501756817102432
0.10961917787790298,0.51833575963974,-0.040812984108924866
0.027040623128414154,0.480510413646698,-0.03768257051706314
-0.08074549585580826,0.41650694608688354,-0.023633593693375587
-0.19056512415409088,0.380589097738266,-0.035562336444854736
-0.2911505699157715,0.3327121138572693,-0.03360331431031227
-0.4015093147754669,0.31917843222618103,-0.0552973710000515
-0.5168817043304443,0.3699294924736023,-0.12070035189390182
-0.5718904137611389,0.4280248284339905,-0.12578627467155457
-0.5616625547409058,0.4778672158718109,-0.10377657413482666
-0.49574777483940125,0.4533214569091797,-0.07483182102441788
-0.39699405431747437,0.39535456895828247,-0.03296852484345436
-0.3106794059276581,0.3437315821647644,0.009198369458317757
-0.278560608625412,0.3149438798427582,0.030477292835712433
-0.29242220520973206,0.27566036581993103,0.041276976466178894
-0.32674530148506165,0.21645109355449677,0.04421071708202362
-0.36021360754966736,0.16320355236530304,0.03528224304318428
-0.39140641689300537,0.1216726154088974,0.030081888660788536
-0.41580748558044434,0.10866708308458328,0.04543126001954079
-0.43564218282699585,0.14205192029476166,0.08856622129678726
-0.41628968715667725,0.19871151447296143,0.13733558356761932
-0.37356191873550415,0.2548104524612427,0.1609538346529007
-0.3137534260749817,0.31803759932518005,0.16224873065948486
-0.2477131336927414,0.37014392018318176,0.1399306356906891
-0.19472503662109375,0.3967379629611969,0.09835634380578995
-0.16420520842075348,0.4078449308872223,0.05305197834968567
-0.15507416427135468,0.4126279056072235,0.00908617489039898
-0.14903730154037476,0.39504438638687134,-0.04210643842816353
-0.12194404006004333,0.3694993257522583,-0.06368574500083923
-0.08274897187948227,0.36798131465911865,-0.06655130535364151
-0.027836548164486885,0.3783588111400604,-0.06344708055257797
0.03458741679787636,0.40528470277786255,-0.04611150175333023
0.10017520934343338,0.44807901978492737,-0.04257935285568237
0.15654288232326508,0.5002674460411072,-0.039457593113183975
0.19680483639240265,0.5554904341697693,-0.03458208590745926
0.2136852890253067,0.5976570248603821,-0.01845025084912777
0.21379593014717102,0.6112349033355713,-0.006906809285283089
0.21796829998493195,0.5757219195365906,-0.0019946089014410973
0.22485584020614624,0.5042838454246521,-0.0045921714045107365
0.2360222190618515,0.44210386276245117,-0.00666038179770112
0.24409808218479156,0.3953095078468323,-0.006117672193795443
0.24767310917377472,0.35481321811676025,-0.004212180618196726
0.233742818236351,0.31492355465888977,-0.0036840331740677357
0.20335587859153748,0.2919737696647644,0.014040103182196617
0.1650407463312149,0.27750319242477417,0.030422016978263855
0.13243034482002258,0.25872495770454407,0.05181678757071495
0.11839485168457031,0.2482517957687378,0.07253062725067139
0.12440640479326248,0.2504315972328186,0.09328437596559525
0.13748687505722046,0.24633395671844482,0.10482633858919144
0.15386052429676056,0.24671664834022522,0.10191576927900314
0.15701930224895477,0.2386254519224167,0.0969443991780281
0.15174758434295654,0.23282349109649658,0.09939690679311752
0.14515510201454163,0.21106618642807007,0.0938163474202156
0.14507947862148285,0.19685742259025574,0.09204880893230438
0.14587722718715668,0.19571638107299805,0.10297644883394241
0.14868420362472534,0.20922233164310455,0.11169350892305374
0.14627456665039062,0.2284330427646637,0.09888529777526855
0.14571550488471985,0.2605803906917572,0.0831044465303421
0.13631851971149445,0.3110448122024536,0.09112564474344254
0.11344914883375168,0.3253880739212036,0.07160893082618713
0.07790728658437729,0.3041432201862335,-0.01877392828464508
0.036122024059295654,0.3029775619506836,-0.06357894837856293
-0.0028355903923511505,0.31762728095054626,-0.04756692051887512
-0.036501940339803696,0.30991530418395996,-0.05267193168401718
-0.05657375976443291,0.2731643319129944,-0.10116340219974518
-0.05893171951174736,0.25728949904441833,-0.12105561792850494
-0.044709671288728714,0.2605009973049164,-0.11063653975725174
-0.02398708276450634,0.23989586532115936,-0.12001486122608185
-0.005925590638071299,0.21060316264629364,-0.1409352570772171
0.011712525971233845,0.1952124983072281,-0.147909015417099
0.02067190408706665,0.18953335285186768,-0.14573220908641815
0.02042636089026928,0.1792740523815155,-0.15054960548877716
0.017784014344215393,0.15663166344165802,-0.1709127426147461
0.006857596803456545,0.15118257701396942,-0.18476703763008118
-0.018511569127440453,0.15433911979198456,-0.18972334265708923
-0.043548744171857834,0.1509137600660324,-0.18399088084697723
-0.055389732122421265,0.13550539314746857,-0.18261659145355225
-0.051310036331415176,0.12961208820343018,-0.1747853010892868
-0.037543341517448425,0.13725656270980835,-0.15600986778736115
-0.03467005863785744,0.1560606062412262,-0.1326638013124466
-0.029149608686566353,0.16994783282279968,-0.10430079698562622
-0.014058539643883705,0.1956087201833725,-0.07607155293226242
-0.0074355886317789555,0.22388127446174622,-0.05930151790380478
-0.005702403374016285,0.24972699582576752,-0.05424550920724869
-0.018595445901155472,0.2748994827270508,-0.044804103672504425
-0.036250337958335876,0.29262441396713257,-0.025406701490283012
-0.04191282019019127,0.2987775504589081,-0.014445292763411999
-0.034299109131097794,0.29140326380729675,-0.020399320870637894
-0.013193917460739613,0.27101191878318787,-0.04259699583053589
0.02049879916012287,0.24868184328079224,-0.06317178159952164
0.049410127103328705,0.21534354984760284,-0.08994685858488083
0.06242685765028,0.18053896725177765,-0.108568474650383
0.05783373489975929,0.1465783417224884,-0.1270631104707718
0.049790725111961365,0.11367152631282806,-0.15288139879703522
0.031496498733758926,0.08151203393936157,-0.1806693971157074
1.3404875062406063e-05,0.06140702962875366,-0.19808433949947357
-0.03227480873465538,0.04086753726005554,-0.2092771679162979
-0.05815966799855232,0.017710814252495766,-0.20737460255622864
-0.0671854019165039,0.0009521190077066422,-0.20052394270896912
-0.07336340099573135,-0.002070835791528225,-0.1926468461751938
-0.0688687339425087,0.008388694375753403,-0.18754340708255768
-0.05454652011394501,0.016090823337435722,-0.17637863755226135
-0.04214153066277504,0.021227668970823288,-0.17044737935066223
-0.033744849264621735,0.01136838085949421,-0.15483912825584412
-0.027291906997561455,0.003275170922279358,-0.1266861855983734
-0.03686969727277756,9.668804705142975e-05,-0.0885704830288887
-0.04629523679614067,0.002719718962907791,-0.039509013295173645
-0.05626931041479111,0.02527855522930622,0.008887279778718948
-0.07923213392496109,0.06723494827747345,0.04929524287581444
-0.1036333441734314,0.11507836729288101,0.08627856522798538
-0.12719428539276123,0.15831167995929718,0.11538445204496384
-0.14266379177570343,0.19344648718833923,0.13977740705013275
-0.15030072629451752,0.21117986738681793,0.1645004004240036
-0.14778830111026764,0.22756177186965942,0.18246981501579285
-0.12710674107074738,0.22001565992832184,0.19481579959392548
-0.09578688442707062,0.20090214908123016,0.2059565931558609
-0.05534713715314865,0.1686730831861496,0.21296070516109467
-0.010833198204636574,0.1320471614599228,0.21460068225860596
0.029410002753138542,0.0930616706609726,0.2079627364873886
0.062127735465765,0.054533716291189194,0.19680996239185333
0.08647295832633972,0.015473844483494759,0.17926327884197235
0.10649513453245163,-0.024253591895103455,0.15923205018043518
0.12475056946277618,-0.04601667821407318,0.13758480548858643
0.12634500861167908,-0.06566574424505234,0.12059997767210007
0.11531805992126465,-0.0629781037569046,0.10811057686805725
0.09888582676649094,-0.050905998796224594,0.10183057934045792
0.0880487859249115,-0.04729598015546799,0.09598830342292786
0.07854955643415451,-0.04079786688089371,0.0934913232922554
0.07530219107866287,-0.027762163430452347,0.08499734848737717
0.06425406783819199,-0.00626725610345602,0.07131482660770416
0.04688287153840065,0.01442636363208294,0.05949272960424423
0.026614882051944733,0.03319632261991501,0.05275173485279083
0.0006529100937768817,0.0440836176276207,0.04916442558169365
-0.02070004865527153,0.04388041794300079,0.045104969292879105
-0.038655415177345276,0.04649821296334267,0.04663080349564552
-0.052065495401620865,0.057397205382585526,0.04608512297272682
-0.05808936432003975,0.06583483517169952,0.04758000746369362
-0.054817669093608856,0.07445735484361649,0.05140057951211929
-0.04703676700592041,0.07799328863620758,0.0624275878071785
-0.027654549106955528,0.079006627202034,0.07305573672056198
-0.014912758953869343,0.08164964616298676,0.0750945582985878
-0.0031815352849662304,0.08248774707317352,0.07051285356283188
-0.002718358999118209,0.07915154099464417,0.06269867718219757
-0.001928199315443635,0.07245289534330368,0.05097251012921333
-0.006086221430450678,0.06372679769992828,0.040071651339530945
-0.007342168129980564,0.04938673973083496,0.0354585200548172
-0.007540869526565075,0.040565039962530136,0.03025362454354763
-0.0017386405961588025,0.03673701360821724,0.028244270011782646
-0.0030687162652611732,0.03725181892514229,0.024184752255678177
0.002359072444960475,0.0363793671131134,0.024822579696774483
0.005326307378709316,0.03352026641368866,0.023968424648046494
0.012234280817210674,0.03561510890722275,0.0205710306763649
0.021973734721541405,0.03263922780752182,0.015102873556315899
0.031203987076878548,0.03232204541563988,0.010980033315718174
0.037902478128671646,0.03779633715748787,0.006939582526683807
0.041501473635435104,0.045596204698085785,-0.0005739936605095863
0.03997329995036125,0.0560276061296463,-0.01055452972650528
0.034574806690216064,0.05630457401275635,-0.022200267761945724
0.03062603808939457,0.0558699369430542,-0.031023865565657616
0.024746842682361603,0.046818651258945465,-0.04157744348049164
0.016586868092417717,0.04173870384693146,-0.04663054272532463
0.0035184714943170547,0.02798374369740486,-0.05468926951289177
0.002598762745037675,0.02736879326403141,-0.06094180792570114
0.007533067371696234,0.02321772463619709,-0.06827481836080551
0.01896851696074009,0.017101384699344635,-0.06854178756475449
0.02914631925523281,0.0198361836373806,-0.0696941390633583
0.030712196603417397,0.029769813641905785,-0.07098580151796341
0.034507203847169876,0.035181887447834015,-0.07408864796161652
0.032984912395477295,0.041122015565633774,-0.07589025795459747
0.025924604386091232,0.03813954070210457,-0.07601942121982574
0.019546769559383392,0.028578460216522217,-0.07770723849534988
0.016569089144468307,0.021030530333518982,-0.06928285956382751
0.016705110669136047,0.012410080060362816,-0.06491629034280777
0.017106182873249054,0.006796935573220253,-0.05979450047016144
0.024659907445311546,0.008350830525159836,-0.05513550713658333
0.03039449267089367,0.010811325162649155,-0.05190775543451309
0.0390465073287487,0.020104100927710533,-0.053176429122686386
0.0414327010512352,0.02351907081902027,-0.05433144420385361
0.03863384574651718,0.021668827161192894,-0.05359306186437607
0.03446599841117859,0.020822206512093544,-0.04956502467393875
0.021851936355233192,0.017212560400366783,-0.05036158114671707
0.013362044468522072,0.012506753206253052,-0.04959831386804581
0.00837200041860342,0.012545717880129814,-0.05260324478149414
0.009627414867281914,0.010158460587263107,-0.05366664379835129
0.02095198817551136,-0.0020919563248753548,-0.05293067544698715
0.03611922264099121,-0.009110983461141586,-0.044276200234889984
0.05455631762742996,-0.01778464950621128,-0.04301837831735611
0.06451147794723511,-0.01838146336376667,-0.04315313696861267
0.06990868598222733,-0.017019055783748627,-0.04754354804754257
0.07811841368675232,-0.02065160870552063,-0.05089566856622696
0.08461063355207443,-0.030697397887706757,-0.05325223505496979
0.08594061434268951,-0.03944242000579834,-0.05812635272741318
0.08641649782657623,-0.05199866741895676,-0.06237277388572693
0.09506378322839737,-0.06613286584615707,-0.06461329013109207
0.11866767704486847,-0.08027391135692596,-0.0616133026778698
0.15096808969974518,-0.10021618008613586,-0.05435086414217949
0.19408957660198212,-0.12085285782814026,-0.04557592049241066
0.25176939368247986,-0.14381170272827148,-0.035860974341630936
0.31358373165130615,-0.16813285648822784,-0.030129509046673775
0.38211244344711304,-0.19651496410369873,-0.023523271083831787
0.44615864753723145,-0.22486825287342072,-0.02183886431157589
0.5012704133987427,-0.24692295491695404,-0.01257452741265297
0.5313960313796997,-0.2681240141391754,0.0003561088815331459
0.5462503433227539,-0.2838345468044281,0.013128096237778664
0.5317402482032776,-0.29306477308273315,0.03464852645993233
0.5016236305236816,-0.29268500208854675,0.0568598210811615
0.46059006452560425,-0.2766581177711487,0.07616991549730301
0.4125692844390869,-0.24375051259994507,0.07923228293657303
0.35833740234375,-0.20709015429019928,0.08861611783504486
0.3053772449493408,-0.16703034937381744,0.09236424416303635
0.25223231315612793,-0.1324649602174759,0.08832664787769318
0.20244450867176056,-0.09719325602054596,0.07535039633512497
0.1621454507112503,-0.07119926810264587,0.0598229244351387
0.12111174315214157,-0.050015415996313095,0.04994739219546318
0.08126372843980789,-0.027684461325407028,0.03776146471500397
0.03800441324710846,-0.014662402682006359,0.029381562024354935
-0.003402536269277334,-0.002865320071578026,0.021981118246912956
-0.03829660266637802,0.005540149286389351,0.011180136352777481
-0.05746026337146759,0.006517274305224419,0.0058252629823982716
-0.06916618347167969,-0.00075501948595047,0.0020909784361720085
-0.07525608688592911,0.0014011096209287643,-0.004368539899587631
-0.08419018983840942,0.00456547737121582,-0.004099294077605009
-0.08879682421684265,0.005102535709738731,-0.00765371834859252
-0.08649585396051407,0.004342736676335335,-0.0034547126851975918
-0.08204247802495956,0.003115365281701088,-0.003893932793289423
-0.07142152637243271,0.004681304097175598,-0.0023077544756233692
-0.06412385404109955,-0.00020005740225315094,-0.0023359511978924274
-0.05268717184662819,-0.006641179323196411,0.005468175746500492
-0.04606100171804428,-0.00888715498149395,0.0072353496216237545
-0.03990910202264786,-0.008149459958076477,0.009889455512166023
-0.029112469404935837,-0.008083964698016644,0.011076420545578003
-0.02690417505800724,-0.0022822683677077293,0.004511196166276932
-0.026135148480534554,0.00020481646060943604,-0.004045764449983835
-0.022846676409244537,-0.0017041368409991264,-0.006519041955471039
-0.01779952272772789,-0.009726196527481079,-0.0024083489552140236
-0.006224893033504486,-0.018841397017240524,0.005424806848168373
0.005024687387049198,-0.02524518221616745,0.007442600559443235
0.021054521203041077,-0.024060875177383423,0.011245328933000565
0.030866485089063644,-0.02480853721499443,0.012050805613398552
0.0361856147646904,-0.02088410221040249,0.01348678208887577
0.033587660640478134,-0.016559762880206108,0.01190631091594696
0.028479183092713356,-0.015410875901579857,0.010605355724692345
0.024647017940878868,-0.009043211117386818,0.012126206420361996
0.017884453758597374,-0.007315617986023426,0.017878102138638496
0.01509938295930624,-0.01943136937916279,0.02642870880663395
0.018653638660907745,-0.02708795666694641,0.040427081286907196
0.02938607521355152,-0.028971485793590546,0.052521683275699615
0.04398152977228165,-0.02586277574300766,0.05944883078336716
0.05830416828393936,-0.014097361825406551,0.058422088623046875
0.0708194300532341,-0.001283561810851097,0.059072963893413544
0.06451699882745743,0.011922851204872131,0.05870111286640167
0.05461537465453148,0.021704107522964478,0.058476608246564865
0.03334188088774681,0.020439807325601578,0.056972283869981766
0.019717413932085037,0.012845270335674286,0.05615522339940071
0.01216017547994852,-0.0020579220727086067,0.052008554339408875
0.01568327099084854,-0.01660091243684292,0.054175570607185364
0.028121965005993843,-0.024095728993415833,0.05931829661130905
0.03699189051985741,-0.017850615084171295,0.056137681007385254
0.039731189608573914,0.0027441605925559998,0.04861130937933922
0.0428319089114666,0.018353745341300964,0.041743285953998566
0.03527716174721718,0.02288634702563286,0.03009125217795372
0.023383749648928642,0.019495077431201935,0.015579687431454659
0.0053618052043020725,0.01257745549082756,0.004747333005070686
-0.007661318406462669,-0.001125040464103222,-0.003607535734772682
-0.015712153166532516,-0.00365484319627285,-0.006048497743904591
-0.017928434535861015,0.0015388540923595428,-0.005983782932162285
-0.01107072364538908,0.012129263952374458,-0.0057250261306762695
-0.002161651151254773,0.021632755175232887,-0.005961781367659569
0.004819890949875116,0.032179731875658035,-0.012863149866461754
0.00988255999982357,0.037776362150907516,-0.012501493096351624
0.007983632385730743,0.03541649132966995,-0.015249299816787243
0.001272999681532383,0.030985524877905846,-0.019402500241994858
-0.003284720005467534,0.022256076335906982,-0.019755229353904724
6.447124178521335e-05,0.016926292330026627,-0.018791165202856064
-0.000504408439155668,0.009020185098052025,-0.012462708167731762
0.006362552288919687,0.004201995208859444,-0.012200386263430119
0.00868748128414154,0.01289978064596653,-0.007727264892309904
0.013933376409113407,0.017339535057544708,-0.0022307666949927807
0.008613159880042076,0.021175406873226166,0.0017116873059421778
0.014800482429564,0.020854759961366653,0.006623088847845793
0.015223219990730286,0.017489364370703697,0.014531037770211697
0.01518913172185421,0.0168312955647707,0.013055379502475262
0.01802673377096653,0.016500823199748993,0.013715794309973717
0.018059490248560905,0.017484065145254135,0.017989635467529297
0.011316737160086632,0.024326393380761147,0.017621466889977455
0.0017394775059074163,0.024371935054659843,0.00789799913764
-0.007330767344683409,0.021069148555397987,0.006901904474943876
-0.012661883607506752,0.014741478487849236,0.002908494556322694
-0.012672348879277706,0.01051272451877594,-0.0017246920615434647
-0.0160918477922678,0.01196148432791233,-0.004626206122338772
-0.017972838133573532,0.015192432329058647,-0.005267228931188583
-0.015623664483428001,0.018567724153399467,-0.007253680378198624
-0.013963636942207813,0.020083511248230934,-0.0059923226945102215
-0.015133030712604523,0.023693958297371864,-0.00852285884320736
-0.022011788561940193,0.0232133399695158,-0.008051031269133091
-0.029532022774219513,0.027984926477074623,-0.016273807734251022
-0.03629765287041664,0.03013155423104763,-0.02188146859407425
-0.0398913212120533,0.02501348964869976,-0.02669273503124714
-0.03824798762798309,0.01625208556652069,-0.02550617605447769
-0.03101910650730133,0.01058834046125412,-0.019575316458940506
-0.024288302287459373,0.005127443000674248,-0.01395221333950758
-0.022988945245742798,0.00772855244576931,-0.012840078212320805
-0.02131204679608345,0.008451558649539948,-0.014759643003344536
-0.01853303797543049,0.004693305119872093,-0.014970831573009491
-0.023596612736582756,0.0041354745626449585,-0.018420521169900894
-0.02313056029379368,0.0020414311438798904,-0.015312878414988518
-0.022829366847872734,0.005604110658168793,-0.01801271177828312
-0.0249729435890913,0.002814449369907379,-0.020709961652755737
-0.026522265747189522,0.00226706825196743,-0.02338580973446369
-0.026354486122727394,-3.6831945180892944e-05,-0.02372616156935692
-0.024744458496570587,-0.0014145076274871826,-0.022175639867782593
-0.01910468190908432,-0.003794042393565178,-0.017140932381153107
-0.021156849339604378,-0.0036959778517484665,-0.014692476019263268
-0.019796239212155342,-0.0053705740720033646,-0.01591406762599945
-0.019623080268502235,0.0006907433271408081,-0.016861064359545708
-0.020821502432227135,0.00395151786506176,-0.022395912557840347
-0.020819544792175293,0.002536088228225708,-0.022977057844400406
-0.022158050909638405,0.004764355719089508,-0.02196825109422207
-0.02040231041610241,0.009328270331025124,-0.020583443343639374
-0.022853218019008636,0.013566691428422928,-0.01802734099328518
-0.0234967153519392,0.023488646373152733,-0.01938324049115181
-0.027776414528489113,0.03755652904510498,-0.019889773800969124
-0.029826942831277847,0.03705042600631714,-0.02456219308078289
-0.037447843700647354,0.02781032584607601,-0.017661942169070244
-0.0462334044277668,0.018426451832056046,-0.013864034786820412
-0.04682435840368271,0.002711135894060135,-0.00592541741207242
-0.04544161260128021,-0.0043001603335142136,-0.0015783780254423618
-0.03314899280667305,-0.00921422429382801,0.00276470510289073
-0.02445731684565544,-0.005895874463021755,-0.004568076226860285
-0.01681164838373661,0.0021788310259580612,-0.008300496265292168
-0.013501923531293869,0.010532965883612633,-0.010946153663098812
-0.0164649561047554,0.01346057839691639,-0.012385859154164791
-0.022381240501999855,0.01042156107723713,-0.017769336700439453
-0.033026695251464844,0.007676906883716583,-0.022667154669761658
-0.04998764768242836,0.007932920008897781,-0.031286824494600296
-0.061692774295806885,0.012165481224656105,-0.041515760123729706
-0.07357485592365265,0.015095900744199753,-0.04482196643948555
-0.07297778129577637,0.016447454690933228,-0.046476054936647415
-0.06597445160150528,0.01730804704129696,-0.043062277138233185
-0.05564218387007713,0.019327523186802864,-0.03816099464893341
-0.04132600873708725,0.02489946223795414,-0.03568009287118912
-0.028838446363806725,0.027399102225899696,-0.036999158561229706
-0.0253683440387249,0.027814526110887527,-0.03646567091345787
-0.02302023395895958,0.025975346565246582,-0.04206150770187378
-0.019112884998321533,0.020853715017437935,-0.03700484335422516
-0.016412707045674324,0.009960852563381195,-0.03624850511550903
-0.009413308463990688,0.001735864207148552,-0.028244027867913246
-0.0021343566477298737,0.0036418884992599487,-0.023351533338427544
0.0007700220448896289,0.011220386251807213,-0.01633484661579132
0.01021518837660551,0.01331336423754692,-0.0074625262059271336
0.020939525216817856,0.01104697771370411,-0.00392476050183177
0.026400070637464523,0.011254703626036644,0.0034154439345002174
0.018058499321341515,0.01537872850894928,0.0030656808521598577
0.01615780219435692,0.0208539217710495,0.0022036153823137283
0.012284507043659687,0.024321911856532097,0.0034206316340714693
0.010578486137092113,0.027252187952399254,0.001497296616435051
0.009585697203874588,0.02448977157473564,-0.001516934484243393
0.008043460547924042,0.022466834634542465,-0.00405545998364687
0.0016369353979825974,0.019936077296733856,-0.0014570755884051323
-0.0007290169596672058,0.01688196510076523,-0.006992189679294825
0.002186717465519905,0.024113411083817482,-0.010304533876478672
-0.0026935250498354435,0.022017767652869225,-0.01200602762401104
-0.002859333995729685,0.02570531889796257,-0.01927098259329796
-0.001847865292802453,0.03134296461939812,-0.02059563808143139
-0.004787225276231766,0.03449776768684387,-0.02425430156290531
-0.003772028023377061,0.030536314472556114,-0.024861767888069153
-0.007996330969035625,0.021238179877400398,-0.023296944797039032
-0.006568877026438713,0.016767533496022224,-0.023492954671382904
-0.004450172185897827,0.019496574997901917,-0.019658099859952927
-0.00260140560567379,0.021820712834596634,-0.018605615943670273
0.00344877690076828,0.024616889655590057,-0.014312196522951126
0.015525148250162601,0.02480863779783249,-0.006834040861576796
0.02403964474797249,0.02274003066122532,0.0009007253684103489
0.03619244694709778,0.021750135347247124,0.005978840868920088
0.033788226544857025,0.018666910007596016,0.01159606408327818
0.0338825024664402,0.022556191310286522,0.0007053336594253778
0.029396045953035355,0.021687427535653114,-0.00011487770825624466
0.0166632067412138,0.021705271676182747,-0.0028685862198472023
0.003555822651833296,0.017780166119337082,-0.004342791624367237
-0.002125498838722706,0.013702068477869034,-0.0011001266539096832
-0.005042198114097118,0.013214951381087303,-0.0006907503120601177
-0.00485604302957654,0.014002447947859764,0.002887472975999117
0.0034164844546467066,0.012606214731931686,0.0038650475908070803
0.01149678137153387,0.015954073518514633,0.003391004865989089
0.01887764036655426,0.013814743608236313,0.0007097248453646898
0.018250731751322746,0.011179545894265175,-0.002881281543523073
0.010261662304401398,0.010403476655483246,-0.013014576397836208
-0.011380782350897789,0.013893548399209976,-0.02268052101135254
-0.03215629979968071,0.012274939566850662,-0.03741664066910744
-0.048498522490262985,0.012285592034459114,-0.05002458021044731
-0.06145896762609482,0.03148622810840607,-0.06946755945682526
-0.06260199844837189,0.04112314060330391,-0.07404420524835587
-0.049221303313970566,0.04148209095001221,-0.07839763164520264
-0.039761755615472794,0.048092059791088104,-0.0781872421503067
-0.04188789054751396,0.050326868891716,-0.07172364741563797
-0.03861113637685776,0.04495766758918762,-0.06577148288488388
-0.04202943667769432,0.03657016158103943,-0.059684399515390396
-0.03852285444736481,0.02025696448981762,-0.053956735879182816
-0.03091254085302353,0.00801633857190609,-0.049395859241485596
-0.013120493851602077,-0.007611091248691082,-0.03751629963517189
0.0006204349920153618,-0.021401187404990196,-0.0335330069065094
0.006762749515473843,-0.042567722499370575,-0.041156038641929626
0.0016327487537637353,-0.0780840665102005,-0.06344787031412125
-0.006125305779278278,-0.12245287001132965,-0.09014606475830078
-0.0334097184240818,-0.15904928743839264,-0.1092563197016716
-0.07401387393474579,-0.18993502855300903,-0.12511464953422546
-0.11167283356189728,-0.21469467878341675,-0.1377687007188797
-0.1519227921962738,-0.22120878100395203,-0.13832157850265503
-0.22000060975551605,-0.22863225638866425,-0.11693672835826874
-0.32264602184295654,-0.21979933977127075,-0.03527089208364487
-0.43548712134361267,-0.22563892602920532,0.07981821149587631
-0.5644658803939819,-0.24067062139511108,0.18403968214988708
-0.6458325386047363,-0.1827319711446762,0.23972295224666595
-0.6305744647979736,-0.06227320432662964,0.2306644767522812
-0.49856826663017273,0.05899813398718834,0.18108251690864563
-0.32803595066070557,0.20286236703395844,0.12321309745311737
-0.1731758862733841,0.303720623254776,0.0883391723036766
-0.09688112139701843,0.39507052302360535,0.07979415357112885
-0.09875824302434921,0.4212031960487366,0.06409625709056854
-0.15439780056476593,0.3278772532939911,0.042967539280653
-0.3203841745853424,0.1173781231045723,-0.02015557512640953
-0.49498099088668823,-0.16013950109481812,-0.02166532352566719
-0.6070924401283264,-0.4438744783401489,0.04846787452697754
-0.6701797842979431,-0.6740959286689758,0.12600581347942352
-0.65958172082901,-0.7913839817047119,0.1833151876926422
-0.5530001521110535,-0.7764689326286316,0.21683266758918762
-0.35621750354766846,-0.6623175740242004,0.21937811374664307
-0.10119134932756424,-0.47680070996284485,0.18814775347709656
0.19168724119663239,-0.26070648431777954,0.07308531552553177
0.4463326036930084,-0.09356620907783508,-0.08991558849811554
0.5963140726089478,-0.003672380931675434,-0.2091963291168213
0.6341282725334167,0.016559386625885963,-0.25370174646377563
0.6031517386436462,-0.03381587564945221,-0.30234232544898987
0.5473449230194092,-0.14036895334720612,-0.32587745785713196
0.49878400564193726,-0.25972920656204224,-0.3276073932647705
0.4573119282722473,-0.3244059383869171,-0.3418995141983032
0.45223861932754517,-0.3762451410293579,-0.35440152883529663
0.47585341334342957,-0.42563530802726746,-0.36758148670196533
0.4954756498336792,-0.46541181206703186,-0.3834759593009949
0.46133285760879517,-0.5031847357749939,-0.36900219321250916
0.34971970319747925,-0.5415908098220825,-0.29130417108535767
0.19209575653076172,-0.5442100167274475,-0.17468486726284027
0.043807920068502426,-0.4691805839538574,-0.07481309026479721
-0.0470237173140049,-0.37274616956710815,-0.04173823073506355
-0.07535358518362045,-0.3183928430080414,-0.03248194605112076
-0.07310134917497635,-0.32949715852737427,-0.0030481554567813873
-0.06534681469202042,-0.3485315442085266,-0.0012944890186190605
-0.046389903873205185,-0.37801113724708557,0.01041063666343689
-0.005064856726676226,-0.40445443987846375,0.05441398546099663
0.02772611379623413,-0.4631963074207306,0.07725964486598969
0.04055139422416687,-0.5188660025596619,0.09371267259120941
0.08419767022132874,-0.5575404167175293,0.11401847004890442
0.18446442484855652,-0.5666502118110657,0.11885631084442139
0.18866556882858276,-0.4072789251804352,-0.004542849026620388
-0.37628793716430664,0.31876227259635925,-0.6150297522544861
-0.7061034440994263,0.6586604714393616,-0.799148440361023
-0.4539862871170044,0.3604634702205658,-0.47728845477104187
-0.09563346952199936,0.07942645996809006,-0.15617144107818604
0.02200516313314438,0.15040743350982666,-0.124468132853508
-0.023253660649061203,0.264994740486145,-0.24051377177238464
-0.07774203270673752,0.2873929440975189,-0.3234131336212158
-0.09369942545890808,0.3225536048412323,-0.35133877396583557
-0.09451814740896225,0.46883320808410645,-0.3734290599822998
-0.09918506443500519,0.7127712965011597,-0.4390394985675812
-0.1087399572134018,0.9299454092979431,-0.5234372019767761
-0.09524305909872055,1.1224485635757446,-0.5239330530166626
-0.03688327968120575,1.3417212963104248,-0.2655029594898224
0.06605934351682663,1.5212817192077637,0.23242852091789246
0.12125988304615021,1.662786602973938,0.7124344110488892
0.06713166832923889,1.676523208618164,0.9100300669670105
-0.015388988889753819,1.3878231048583984,0.7245044708251953
-0.044823575764894485,0.8442652821540833,0.3031902611255646
-0.06954661756753922,0.39214658737182617,-0.08477585017681122
-0.07241351157426834,0.059736937284469604,-0.3237553834915161
-0.022294551134109497,-0.11862869560718536,-0.45714446902275085
0.18495076894760132,-0.08332343399524689,-0.6691374182701111
0.5165269374847412,-0.20123523473739624,-0.5765141844749451
0.6892036199569702,-0.14009837806224823,-0.41037607192993164
0.7285030484199524,0.12824459373950958,-0.2781439423561096
0.6971837878227234,0.29237866401672363,-0.1342243254184723
0.5110991597175598,0.35311585664749146,-0.042928822338581085
0.27565598487854004,0.24163192510604858,-0.019931893795728683
0.04752679169178009,0.022516299039125443,-0.02107328176498413
-0.13549521565437317,-0.20708173513412476,-0.045076884329319
-0.26721668243408203,-0.430141806602478,-0.07975621521472931
-0.3586009442806244,-0.6259917616844177,-0.08512088656425476
-0.42108654975891113,-0.7727388739585876,-0.0696210041642189
-0.4506734609603882,-0.8258007168769836,-0.05601491406559944
-0.33838218450546265,-0.853018045425415,0.008715644478797913
-0.12411465495824814,-0.706131637096405,0.08189132064580917
0.030934756621718407,-0.5784894824028015,0.08840140700340271
0.23948849737644196,-0.4515209197998047,0.16847200691699982
0.29157698154449463,-0.5383564233779907,0.24115979671478271
0.2192860245704651,-0.6490722894668579,0.4068544805049896
0.17198839783668518,-0.763599157333374,0.4929470419883728
0.11060973256826401,-0.7742946743965149,0.4744311273097992
0.044291213154792786,-0.6738035678863525,0.4282855689525604
0.020839417353272438,-0.6646590828895569,0.3948855400085449
0.004014743026345968,-0.7216858863830566,0.382999062538147
-0.034386441111564636,-0.7676696181297302,0.39110517501831055
-0.10018037259578705,-0.7941750884056091,0.412670761346817
-0.17558591067790985,-0.7514236569404602,0.43909916281700134
-0.23026971518993378,-0.6732057332992554,0.45668449997901917
-0.23393157124519348,-0.6152747869491577,0.44274842739105225
-0.23130914568901062,-0.551476001739502,0.38249698281288147
-0.24954859912395477,-0.4817746877670288,0.2981134057044983
-0.30918747186660767,-0.4178629219532013,0.22267811000347137
-0.3695621192455292,-0.40911737084388733,0.16517965495586395
-0.40172478556632996,-0.464530885219574,0.14023230969905853
-0.4577012360095978,-0.5708211064338684,0.13293178379535675
-0.5482604503631592,-0.6936159133911133,0.12598060071468353
-0.6506653428077698,-0.7866888642311096,0.10063263773918152
-0.7326802611351013,-0.8284628391265869,0.0751476138830185
-0.7762226462364197,-0.8153864741325378,0.06766439974308014
-0.7990589141845703,-0.7742096185684204,0.062189631164073944
-0.7883915901184082,-0.7030028104782104,0.05281876400113106
-0.7569568157196045,-0.5927973389625549,0.034045182168483734
-0.6786039471626282,-0.4777551293373108,0.03220520541071892
-0.5441737771034241,-0.37113556265830994,0.06078342720866203
-0.4229522943496704,-0.27151069045066833,0.08840440213680267
-0.32840070128440857,-0.2206353396177292,0.10969112068414688
-0.2564988136291504,-0.18051908910274506,0.1387331485748291
-0.22732552886009216,-0.08822903037071228,0.16116197407245636
-0.21307255327701569,0.004647646099328995,0.16333164274692535
-0.1819269359111786,0.07594728469848633,0.15171264111995697
-0.14180374145507812,0.14074572920799255,0.12335824221372604
-0.1127670556306839,0.16313815116882324,0.07514431327581406
-0.09816574305295944,0.07688023895025253,0.125294029712677
-0.14153005182743073,-0.030564691871404648,0.19758978486061096
-0.20390234887599945,-0.05994362011551857,0.20534810423851013
-0.19444681704044342,0.005178829655051231,0.19235487282276154
-0.13677898049354553,0.10287369787693024,0.18529696762561798
-0.06531060487031937,0.21084722876548767,0.17581965029239655
-0.030226122587919235,0.2820335328578949,0.1437743604183197
-0.028183599933981895,0.2857350707054138,0.1297789067029953
-0.07623154670000076,0.2622113823890686,0.10497555136680603
-0.17597545683383942,0.2864665985107422,0.05364929884672165
-0.30481624603271484,0.24186158180236816,-0.17046502232551575
-0.4025188982486725,0.08891496062278748,-0.30773720145225525
-0.45167312026023865,-0.08793970942497253,-0.3164673149585724
-0.4238518178462982,-0.13959163427352905,-0.27883291244506836
-0.3360186517238617,-0.08787810802459717,-0.20867539942264557
-0.20578843355178833,0.02548890747129917,-0.13264159858226776
-0.11803515255451202,0.10304974764585495,-0.012523980811238289
-0.0826520323753357,0.08873849362134933,0.00659188162535429
0.03941422328352928,0.22842395305633545,-0.10723668336868286
0.23582451045513153,0.3235146105289459,-0.18063031136989594
0.3813207447528839,0.2077837735414505,-0.19825752079486847
0.46193695068359375,0.135686457157135,-0.18279124796390533
0.4701474606990814,0.17882567644119263,-0.15049855411052704
0.44023266434669495,0.20411857962608337,-0.1329800933599472
0.40451672673225403,0.1808691769838333,-0.1252521276473999
0.37520623207092285,0.107392318546772,-0.09922133386135101
0.35546714067459106,0.03637779504060745,-0.07178997993469238
0.3457743525505066,-0.031691987067461014,-0.05825692415237427
0.33281275629997253,-0.09499293565750122,-0.06263942271471024
0.3227090537548065,-0.141768217086792,-0.07056202739477158
0.3053865134716034,-0.15188369154930115,-0.07026588171720505
0.291611909866333,-0.14015665650367737,-0.05926283076405525
0.2908632755279541,-0.13087980449199677,-0.03753276914358139
0.30505654215812683,-0.16010406613349915,-0.02287093549966812
0.3043614625930786,-0.10582965612411499,-0.036801133304834366
0.2823902666568756,-0.02620915323495865,-0.06893320381641388
0.24201300740242004,-0.002511013299226761,-0.0866653323173523
0.19916070997714996,0.023422623053193092,-0.09287666529417038
0.1622074842453003,0.07333159446716309,-0.09708685427904129
0.1360628753900528,0.10658618062734604,-0.09705405682325363
0.1237793117761612,0.13293762505054474,-0.11660405248403549
0.13522158563137054,0.1793874204158783,-0.13806967437267303
0.1774294227361679,0.18840283155441284,-0.1635575294494629
0.2176021933555603,0.18059583008289337,-0.1702679544687271
0.2248997837305069,0.14418482780456543,-0.1559353470802307
0.2046510875225067,0.09423394501209259,-0.13705290853977203
0.17013119161128998,0.04253559559583664,-0.12858325242996216
0.12274886667728424,0.002515884116292,-0.11838027834892273
0.06945209205150604,-0.013424999080598354,-0.10880594700574875
0.029182035475969315,-0.008332861587405205,-0.11774852126836777
0.0010622506961226463,0.010546287521719933,-0.12960730493068695
-0.03992103040218353,-0.003867669962346554,-0.1257154941558838
-0.07680181413888931,-0.0251788180321455,-0.10762064158916473
-0.09921828657388687,-0.06315166503190994,-0.07778534293174744
-0.11912248283624649,-0.10124579071998596,-0.03807920962572098
-0.1370217353105545,-0.1181430071592331,-0.005710331257432699
-0.13453355431556702,-0.13251954317092896,0.003754809033125639
-0.10065532475709915,-0.1345379650592804,-0.020594755187630653
-0.051258742809295654,-0.11055779457092285,-0.05835118889808655
0.030160145834088326,-0.07471460103988647,-0.11619798094034195
0.13265801966190338,-0.028932737186551094,-0.17221251130104065
0.26674512028694153,0.028016559779644012,-0.21282942593097687
0.40760183334350586,0.11045870929956436,-0.22518835961818695
0.5249271988868713,0.20032687485218048,-0.2169073075056076
0.5850443243980408,0.24883314967155457,-0.1878114640712738
0.5807287096977234,0.2568836212158203,-0.14958685636520386
0.5264585018157959,0.21639639139175415,-0.10959576815366745
0.4466228485107422,0.12788496911525726,-0.059531908482313156
0.3917931616306305,0.034283921122550964,-0.028412867337465286
0.36197629570961,-0.04728526249527931,-0.022773858159780502
0.3731682300567627,-0.08891153335571289,-0.03493012487888336
0.4071921110153198,-0.09867414832115173,-0.04381866753101349
0.43322476744651794,-0.11263258755207062,-0.05425932630896568
0.428997665643692,-0.12290184944868088,-0.055314626544713974
0.4208023250102997,-0.08633638173341751,-0.05642490088939667
0.39380237460136414,-0.011470112949609756,-0.052412327378988266
0.3384288549423218,0.02215256355702877,-0.0452691987156868
0.28219476342201233,0.046985186636447906,-0.045705392956733704
0.23375771939754486,0.05576189607381821,-0.04164833202958107
0.1734141707420349,0.05306456983089447,-0.02452520653605461
0.12227217108011246,0.04114745557308197,-0.015302680432796478
0.08814042806625366,0.028064295649528503,-0.01540297456085682
0.07929181307554245,-0.010120907798409462,-0.01084151305258274
0.07513587176799774,-0.01858171634376049,0.005426108371466398
0.07682005316019058,-0.002359338104724884,0.038521211594343185
0.08396552503108978,0.05414528399705887,0.07010409235954285
0.035058435052633286,0.10861837863922119,0.08719199895858765
-0.10497674345970154,0.14129765331745148,0.09477760642766953
-0.3805939257144928,0.130069762468338,0.0732526034116745
-0.7925829887390137,-0.026605822145938873,0.06766019016504288
-1.5885957479476929,-0.32132214307785034,0.023771826177835464
-2.4340579509735107,-0.5081648230552673,-0.04100016504526138
-2.483278512954712,-0.285643070936203,0.1872228980064392
-1.8235104084014893,-0.5104096531867981,0.3288370668888092
-1.2479588985443115,-0.42462363839149475,0.3764866292476654
-0.5482065081596375,-0.20042942464351654,0.4158302843570709
0.21859078109264374,0.0041900333017110825,0.3983474373817444
0.8409567475318909,0.24460013210773468,0.38938891887664795
1.1476942300796509,0.4191083014011383,0.3678372800350189
1.1668224334716797,0.48531901836395264,0.3485243022441864
0.9752702713012695,0.5009182095527649,0.3384173512458801
0.6880466938018799,0.3980972468852997,0.31071943044662476
0.39452052116394043,0.20013916492462158,0.2800044119358063
0.1428474634885788,-0.02590426243841648,0.2506307363510132
-0.02828034944832325,-0.18640579283237457,0.2196589559316635
-0.09951446205377579,-0.2505919337272644,0.1995459347963333
-0.08258181810379028,-0.2321905642747879,0.17718470096588135
-0.04207531735301018,-0.15756025910377502,0.15341199934482574
0.0026282386388629675,-0.08169984817504883,0.1346161961555481
0.0295316930860281,-0.023095715790987015,0.11417090892791748
0.023115605115890503,0.006965514272451401,0.10272224247455597
-0.04311683401465416,0.022807491943240166,0.10695437341928482
-0.14193928241729736,0.029583105817437172,0.12112798541784286
-0.2818707227706909,0.012214545160531998,0.12068665772676468
-0.4365133047103882,-0.0587317980825901,0.116432785987854
-0.5723814964294434,-0.1270509660243988,0.1006983295083046
-0.645549476146698,-0.20827896893024445,0.07370080053806305
-0.6756314635276794,-0.14075560867786407,0.06464313715696335
-0.5888041257858276,0.09771369397640228,0.04256686195731163
-0.4215521216392517,0.39309272170066833,0.014014480635523796
-0.2821183502674103,0.7826839089393616,-0.04892826825380325
-0.1690514087677002,1.0835095643997192,-0.14768971502780914
-0.1282818764448166,1.1605952978134155,-0.16844773292541504
-0.15062981843948364,0.9698391556739807,-0.11303167045116425
-0.1933935284614563,0.6501860618591309,-0.02038482204079628
-0.22558239102363586,0.35909056663513184,0.09454818814992905
-0.18457956612110138,0.2004348635673523,0.20140832662582397
-0.16628727316856384,0.12931904196739197,0.2580554783344269
-0.13057801127433777,0.05111105740070343,0.2912381887435913
-0.13293616473674774,0.11106526106595993,0.24852102994918823
-0.17137889564037323,0.16003574430942535,0.22762879729270935
-0.17974768579006195,0.16726845502853394,0.24538421630859375
-0.20122873783111572,0.15213316679000854,0.21924901008605957
-0.2127390056848526,0.09639231115579605,0.1606156826019287
-0.19650252163410187,0.025157811120152473,0.1132204681634903
-0.1560935080051422,-0.014818115159869194,0.08285588771104813
-0.12569405138492584,-0.03760305792093277,0.06703244894742966
-0.11816264688968658,-0.07284372299909592,0.03305064141750336
-0.15279333293437958,-0.11527640372514725,0.016300955787301064
-0.21646413207054138,-0.15008795261383057,-0.016188522800803185
-0.2843656837940216,-0.14729616045951843,-0.0482921302318573
-0.3382435441017151,-0.1029161885380745,-0.08047402650117874
-0.37212935090065,-0.05926724895834923,-0.1084742322564125
-0.38115569949150085,-0.01818484626710415,-0.12066850066184998
-0.3689720034599304,0.037613168358802795,-0.11270324885845184
-0.33267879486083984,0.08138298243284225,-0.11002886295318604
-0.2864290177822113,0.1038195788860321,-0.10382449626922607
-0.25403112173080444,0.10570312291383743,-0.0945182517170906
-0.2343740612268448,0.09303579479455948,-0.08862388134002686
-0.21868783235549927,0.0607476681470871,-0.08741802722215652
-0.19953623414039612,0.034361064434051514,-0.08480493724346161
-0.16560818254947662,0.03112192451953888,-0.07816676795482635
-0.1229557991027832,0.04453972727060318,-0.0737650990486145
-0.06511907279491425,0.05826348811388016,-0.07390302419662476
-0.006526067852973938,0.047404445707798004,-0.07813558727502823
0.061257705092430115,0.03995712846517563,-0.08266424387693405
0.12520340085029602,0.0568104088306427,-0.08786725997924805
0.17054477334022522,0.07429725676774979,-0.09549108892679214
0.20160628855228424,0.06672429293394089,-0.10585691034793854
0.21394413709640503,0.03363189101219177,-0.11708961427211761
0.21372415125370026,0.019795171916484833,-0.12264391034841537
0.1955394446849823,0.032517626881599426,-0.11199846863746643
0.1877206712961197,0.04360037297010422,-0.09933700412511826
0.18869805335998535,0.03316037356853485,-0.08907090872526169
0.2007264941930771,0.029548591002821922,-0.08744771778583527
0.20850247144699097,0.056039243936538696,-0.08961916714906693
0.2004682421684265,0.09978512674570084,-0.09196354448795319
0.17657898366451263,0.13365773856639862,-0.09765191376209259
0.1413155347108841,0.13458558917045593,-0.10476575046777725
0.10864762961864471,0.11687382310628891,-0.10701251775026321
0.07843966037034988,0.09536373615264893,-0.09970080852508545
0.055244527757167816,0.07452444732189178,-0.09494222700595856
0.048790622502565384,0.052309419959783554,-0.08651252090930939
0.04078264907002449,0.031198278069496155,-0.08098701387643814
0.03258783370256424,0.006022084504365921,-0.07280418276786804
0.01740945130586624,-0.011231392621994019,-0.06876636296510696
-0.00412433547899127,-0.02340203896164894,-0.05858403444290161
-0.010798745788633823,-0.03780617564916611,-0.044672295451164246
-0.015378317795693874,-0.04993447661399841,-0.027136176824569702
-0.013468658551573753,-0.04731902852654457,-0.008560853078961372
0.000956087140366435,-0.03609486669301987,0.008082306012511253
0.006699614692479372,-0.027896862477064133,0.01717911660671234
0.025712188333272934,-0.02547418512403965,0.029477059841156006
0.02962743677198887,-0.025015175342559814,0.03240504860877991
0.03652103245258331,-0.025924909859895706,0.034557417035102844
0.04174531251192093,-0.03217492252588272,0.03771364316344261
0.05467202886939049,-0.032259609550237656,0.043687112629413605
0.07165989279747009,-0.019997844472527504,0.03897274285554886
0.08898402005434036,-0.00799471139907837,0.03663129359483719
0.10749658197164536,-0.005512254312634468,0.042171355336904526
0.12212426215410233,-0.0018019378185272217,0.045467816293239594
0.1222270205616951,0.0006028134375810623,0.04586389660835266
0.11473128944635391,0.01052229106426239,0.03921531140804291
0.11156482994556427,0.026025986298918724,0.02283036708831787
0.11324741691350937,0.03789249807596207,-0.0028177378699183464
0.11219914257526398,0.045214101672172546,-0.017940256744623184
0.09925484657287598,0.04557894915342331,-0.029183590784668922
0.08538557589054108,0.046388763934373856,-0.03948570415377617
0.0729648619890213,0.038440022617578506,-0.052529070526361465
0.05352475121617317,0.020588578656315804,-0.06653997302055359
0.025979410856962204,-0.0024600159376859665,-0.07359149307012558
-0.002198179019615054,-0.02036699838936329,-0.07797060906887054
-0.014354177750647068,-0.02746405452489853,-0.07731334120035172
-0.006416532211005688,-0.018578646704554558,-0.06625407934188843
-0.0003210892900824547,0.005341866984963417,-0.04439937695860863
0.006930073723196983,0.023289429023861885,-0.019564611837267876
0.021513277664780617,0.028291376307606697,-0.0062104566022753716
0.026628438383340836,0.029683098196983337,0.0044417185708880424
0.025004442781209946,0.037666723132133484,0.013646402396261692
0.02585919387638569,0.03829947113990784,0.028620054945349693
0.025225628167390823,0.040690451860427856,0.04324240982532501
0.02299487218260765,0.04026084393262863,0.0525834895670414
0.018193725496530533,0.024876030161976814,0.0553065687417984
0.01756744273006916,0.016620004549622536,0.05665302276611328
0.021556058898568153,0.018061043694615364,0.06164218485355377
0.01505734771490097,0.024828076362609863,0.06642261892557144
0.013447733595967293,0.024457097053527832,0.06980163604021072
0.01859491877257824,0.018361428752541542,0.07530075311660767
0.027551395818591118,0.0061883870512247086,0.07689545303583145
0.026308657601475716,0.0004821307957172394,0.07564260810613632
0.01852237433195114,-0.006659402512013912,0.07303031533956528
0.01193187665194273,-0.015498717315495014,0.070862777531147
0.014552160166203976,-0.027127942070364952,0.0777563750743866
0.033539604395627975,-0.031587980687618256,0.0816267877817154
0.06870558857917786,-0.02717086300253868,0.07357791066169739
0.10851191729307175,0.006451340392231941,0.06976554542779922
0.14497432112693787,0.04302213340997696,0.06504455953836441
0.16480454802513123,0.07008524239063263,0.0666985884308815
0.17437700927257538,0.08738645911216736,0.06799475103616714
0.17454423010349274,0.09267542511224747,0.07078900933265686
0.14967748522758484,0.07661283016204834,0.07048887014389038
0.10473106801509857,0.057289063930511475,0.07495806366205215
0.060714609920978546,0.016449488699436188,0.08404263854026794
0.017010336741805077,-0.014757108874619007,0.0867249146103859
-0.00875068549066782,-0.0344807431101799,0.08453819155693054
-0.018480731174349785,-0.04294329136610031,0.08191320300102234
-0.01628016121685505,-0.037135206162929535,0.08272413909435272
-0.0020108006428927183,-0.02348572388291359,0.08143173158168793
0.006371499039232731,-0.01133664883673191,0.08547946810722351
0.018742399290204048,-0.006267710588872433,0.08662208914756775
0.024182438850402832,-0.0012074382975697517,0.08958485722541809
0.02407289482653141,0.0009947102516889572,0.08649372309446335
0.02028108574450016,-0.005570780485868454,0.08151094615459442
0.010036994703114033,-0.011451883241534233,0.07267490774393082
0.0005351023864932358,-0.02382546290755272,0.07261525094509125
-0.009261400438845158,-0.04255976527929306,0.07293296605348587
-0.007118886802345514,-0.05501430481672287,0.078592449426651
0.0018933844985440373,-0.04828038811683655,0.08694109320640564
0.01519134733825922,-0.029008954763412476,0.0884883925318718
0.03002338297665119,-0.011622730642557144,0.08227625489234924
0.03676038235425949,0.010014655068516731,0.07125742733478546
0.04227230325341225,0.01866099238395691,0.06122307479381561
0.03176373615860939,0.016660161316394806,0.047640688717365265
0.009445900097489357,0.005757585167884827,0.03534260392189026
-0.010185858234763145,-0.001025484874844551,0.023662777617573738
-0.025980941951274872,0.004044927656650543,0.00726913008838892
-0.03152644261717796,0.013879448175430298,-0.00110997399315238
-0.03306284174323082,0.031425461173057556,-0.011736047454178333
-0.029947476461529732,0.044778287410736084,-0.020187854766845703
-0.02434016764163971,0.06151115149259567,-0.02820657193660736
-0.014779419638216496,0.08842851966619492,-0.03791379556059837
-0.005778317805379629,0.11945727467536926,-0.046091847121715546
0.00494037289172411,0.1439860612154007,-0.05242884159088135
0.002707619220018387,0.1778210997581482,-0.05874970555305481
-0.0003153349971398711,0.22599367797374725,-0.06715916097164154
0.0019820265006273985,0.2619117200374603,-0.06292817741632462
0.005194597877562046,0.3285008668899536,-0.05578824505209923
0.017160115763545036,0.37911126017570496,-0.028933141380548477
0.05076628178358078,0.37193164229393005,-0.010247606784105301
0.0730622187256813,0.34687569737434387,-0.019138719886541367
0.07822369039058685,0.3322767913341522,-0.010750295594334602
-0.00018768952577374876,0.2199956178665161,0.11316302418708801
-0.183652862906456,0.32416489720344543,-0.04174746572971344
-0.18939904868602753,0.2218506634235382,-0.14023686945438385
-0.16773822903633118,0.08425204455852509,-0.15953387320041656
-0.15580199658870697,0.10525086522102356,-0.1372494101524353
-0.09245312213897705,0.09013237059116364,-0.07782949507236481
-0.04214165359735489,0.09957760572433472,-0.049103669822216034
-0.006843318697065115,0.1224597617983818,-0.0358472540974617
0.0011506289010867476,0.13326038420200348,-0.03539414331316948
-0.005190091207623482,0.14260941743850708,-0.03486790135502815
0.0023372923023998737,0.138217493891716,-0.04014510288834572
0.03405474126338959,0.1195487231016159,-0.04907521605491638
0.08436804264783859,0.10263374447822571,-0.06207714229822159
0.14907726645469666,0.09665921330451965,-0.0638289675116539
0.23052231967449188,0.08613625913858414,-0.05470791086554527
0.3144923448562622,0.06356357783079147,-0.03687378391623497
0.39519089460372925,0.04041246324777603,-0.0018548243679106236
0.44602182507514954,0.024058790877461433,0.03790590539574623
0.4545602798461914,0.010706061497330666,0.0668969675898552
0.4190451502799988,-0.02079886756837368,0.0763368085026741
0.33116164803504944,-0.06600421667098999,0.052446722984313965
0.21788756549358368,-0.13918468356132507,-0.025837965309619904
0.1037675142288208,-0.20537875592708588,-0.12139815092086792
-0.012421946972608566,-0.24045045673847198,-0.18892978131771088
-0.10585274547338486,-0.2768814265727997,-0.2399383783340454
-0.16271549463272095,-0.28714871406555176,-0.2668711841106415
-0.17448240518569946,-0.256011039018631,-0.26044631004333496
-0.15730808675289154,-0.20489110052585602,-0.23478226363658905
-0.11991864442825317,-0.12372417747974396,-0.20019464194774628
-0.09336932748556137,-0.03571522235870361,-0.16824975609779358
-0.0864090695977211,0.037901490926742554,-0.14466851949691772
-0.10272892564535141,0.07640014588832855,-0.12119755893945694
-0.13282477855682373,0.07584407925605774,-0.09834683686494827
-0.15549014508724213,0.051135264337062836,-0.08231274038553238
-0.1711149364709854,0.024234699085354805,-0.06466291844844818
-0.17280897498130798,0.005764879286289215,-0.05083365738391876
-0.16461056470870972,0.0004979893565177917,-0.04734792187809944
-0.14133773744106293,-0.0003723315894603729,-0.034736257046461105
-0.11341513693332672,0.012565549463033676,-0.026163509115576744
-0.08025957643985748,0.018154460936784744,-0.015694089233875275
-0.05361245945096016,0.0166556928306818,-0.001066733617335558
-0.031078124418854713,0.005538059398531914,0.014469082467257977
-0.010176521725952625,-0.0028847791254520416,0.028154872357845306
-0.007663828786462545,-0.008339998312294483,0.02847711369395256
-0.010257560759782791,-0.01591075025498867,0.0210524033755064
-0.0113300159573555,-0.017697466537356377,0.01606110855937004
-0.0064025260508060455,-0.021784989163279533,0.010749264620244503
-0.00042213144479319453,-0.020709604024887085,0.008024318143725395
0.0055753071792423725,-0.024694226682186127,0.006511908955872059
0.01637842133641243,-0.013552626594901085,0.003305463120341301
0.033273328095674515,-0.00230394396930933,0.00038104597479104996
0.03894958645105362,0.008336182683706284,-0.00525926286354661
0.03820702061057091,0.015464643016457558,-0.01367058977484703
0.025726914405822754,0.012244615703821182,-0.0193905271589756
0.0064851222559809685,0.012548133730888367,-0.03536408394575119
-0.013026793487370014,0.005933109670877457,-0.04582018777728081
-0.03184574842453003,-0.007290790788829327,-0.04883626848459244
-0.04490828886628151,-0.009520921856164932,-0.050675179809331894
-0.0432293564081192,-0.004905504174530506,-0.04953627660870552
-0.03798213228583336,0.0028682630509138107,-0.04279714822769165
-0.02795785665512085,0.006306812167167664,-0.037917863577604294
-0.014146170578897,0.010878659784793854,-0.03444802761077881
-0.009557302109897137,0.017782151699066162,-0.03691604360938072
-0.011724849231541157,0.010865658521652222,-0.037886764854192734
-0.022602880373597145,0.0050182100385427475,-0.032330647110939026
-0.02635820396244526,0.004757219925522804,-0.024487370625138283
-0.02731827273964882,0.0072576627135276794,-0.021376000717282295
-0.020989537239074707,0.007337290793657303,-0.019370373338460922
-0.012607596814632416,0.01420367881655693,-0.01443842239677906
-0.006270339712500572,0.01956622116267681,-0.016017144545912743
0.0017218554858118296,0.02397901751101017,-0.01378055103123188
-0.000963143422268331,0.018479855731129646,-0.017716171219944954
-0.012192144058644772,0.014413535594940186,-0.028355836868286133
-0.022538790479302406,0.0038575641810894012,-0.028770755976438522
-0.03217614069581032,-0.010934893041849136,-0.036738764494657516
-0.05230031907558441,-0.016929402947425842,-0.03449398651719093
-0.059840910136699677,-0.019222943112254143,-0.03473922610282898
-0.07292715460062027,-0.025011057034134865,-0.03599783778190613
-0.07815460115671158,-0.030933501198887825,-0.03926913067698479
-0.07796765118837357,-0.03439774364233017,-0.041713647544384
-0.07111431658267975,-0.03991148620843887,-0.04104579985141754
-0.06023930013179779,-0.0497172474861145,-0.04006309062242508
-0.050935063511133194,-0.049277495592832565,-0.03604498878121376
-0.03769276291131973,-0.046623922884464264,-0.02743392251431942
-0.025193240493535995,-0.038383714854717255,-0.025705892592668533
-0.00849681906402111,-0.027027728036046028,-0.024193482473492622
0.0019913476426154375,-0.013065511360764503,-0.024139773100614548
0.003914149943739176,-0.005971383303403854,-0.026100125163793564
0.002566391369327903,-0.007010991685092449,-0.02220109850168228
-0.0018384770955890417,-0.00722830556333065,-0.01569712534546852
-0.008124801330268383,-0.010831771418452263,-0.01600184291601181
-0.019535647705197334,-0.01390825491398573,-0.010482976213097572
-0.026496421545743942,-0.03077307716012001,-0.003753330558538437
-0.03256097063422203,-0.04843942075967789,0.0015847093891352415
-0.02939939685165882,-0.06648138910531998,0.009833959862589836
-0.01722954958677292,-0.06948969513177872,0.010408669710159302
-0.011921912431716919,-0.06390169262886047,0.010168568231165409
-0.010945331305265427,-0.06374377012252808,0.0021063806489109993
-0.016731329262256622,-0.07063402235507965,-0.001207263208925724
-0.029852725565433502,-0.08249733597040176,-0.0048480709083378315
-0.05183865502476692,-0.09446819126605988,-0.011984332464635372
-0.08695109933614731,-0.09747649729251862,-0.025505468249320984
-0.12265821546316147,-0.096536785364151,-0.044609297066926956
-0.14888955652713776,-0.1234634667634964,-0.05427497625350952
-0.16313625872135162,-0.18212293088436127,-0.04977061226963997
-0.17193560302257538,-0.2632811665534973,-0.06309866905212402
-0.20776763558387756,-0.34433263540267944,-0.08200764656066895
-0.23918256163597107,-0.4577587842941284,-0.07220188528299332
-0.2712641656398773,-0.5757675766944885,-0.04262230545282364
-0.29231247305870056,-0.6474857330322266,-0.003400864079594612
-0.28516578674316406,-0.6827713847160339,0.04701957106590271
-0.25650325417518616,-0.6675165295600891,0.09853548556566238
-0.2295663207769394,-0.6326982975006104,0.14503984153270721
-0.2080620974302292,-0.5752139687538147,0.17369093000888824
-0.19883523881435394,-0.4981701374053955,0.17423909902572632
-0.1993100792169571,-0.41485875844955444,0.16622032225131989
-0.20566847920417786,-0.36810019612312317,0.1486779749393463
-0.21391229331493378,-0.3507726192474365,0.13462580740451813
-0.2216973900794983,-0.3493102490901947,0.1225171834230423
-0.23308001458644867,-0.32487067580223083,0.09949415922164917
-0.2593826353549957,-0.25864771008491516,0.07909727841615677
-0.29845520853996277,-0.13805684447288513,0.0598604641854763
-0.3416404128074646,0.049287304282188416,0.05760626494884491
-0.3566225469112396,0.31999680399894714,0.07006613165140152
-0.30736973881721497,0.5367244482040405,0.06311836838722229
-0.17308568954467773,0.633457601070404,0.08044116944074631
0.0010990513255819678,0.6343839764595032,0.08382067084312439
0.12171894311904907,0.5735395550727844,0.051411863416433334
0.17093102633953094,0.46456825733184814,0.016535133123397827
0.17819160223007202,0.32580238580703735,0.0008094334043562412
0.17792141437530518,0.17426703870296478,-0.010591402649879456
0.16161461174488068,0.029081080108880997,-0.002873294986784458
0.14470167458057404,-0.069719098508358,0.01899905875325203
0.11898405104875565,-0.11903445422649384,0.050796668976545334
0.0964474231004715,-0.09759107232093811,0.14258693158626556
0.083436019718647,-0.017102086916565895,0.2986830472946167
0.03685135766863823,0.05383361130952835,0.3530077636241913
-0.06473278999328613,0.13576868176460266,0.25057515501976013
-0.1855924278497696,0.19616073369979858,0.08034209907054901
-0.2536870539188385,0.1883544772863388,-0.04059843719005585
-0.21114027500152588,0.1028778925538063,-0.0716303288936615
-0.10813774168491364,0.0005166288465261459,-0.047879986464977264
-0.01597571186721325,-0.020213274285197258,-0.03818969801068306
0.02999897114932537,0.005015118047595024,-0.04166858643293381
0.0650174543261528,0.036631736904382706,-0.06728431582450867
0.09732373058795929,0.05154277756810188,-0.09491594135761261
0.13120543956756592,0.04563797265291214,-0.10336051136255264
0.16404540836811066,0.03332644701004028,-0.0953044518828392
0.21667823195457458,0.030698318034410477,-0.09420683979988098
0.27881643176078796,0.020344212651252747,-0.08952473104000092
0.336292028427124,0.019856957718729973,-0.08228558301925659
0.3602663278579712,0.04162963479757309,-0.05387764051556587
0.34325549006462097,0.08082409203052521,-0.026495201513171196
0.2957817018032074,0.13103613257408142,-0.024990515783429146
0.23432530462741852,0.1392306536436081,-0.022484203800559044
0.17795710265636444,0.12138054519891739,-0.023853600025177002
0.1481955647468567,0.09411684423685074,-0.01691032573580742
0.14449936151504517,0.06925304234027863,-0.0032459134235978127
0.15115097165107727,0.04748481512069702,0.012805841863155365
0.15768316388130188,0.051426030695438385,0.02672591805458069
0.15558356046676636,0.08024711906909943,0.01947827823460102
0.14265604317188263,0.10251781344413757,0.015710704028606415
0.13072609901428223,0.11804090440273285,0.024864712730050087
0.12414996325969696,0.1226164847612381,0.038154684007167816
0.11915340274572372,0.11389841139316559,0.03954533487558365
0.09708139300346375,0.10264070332050323,0.04437178373336792
0.07170365005731583,0.0927499309182167,0.03535119444131851
0.05176562815904617,0.07838191092014313,0.018940795212984085
0.029085051268339157,0.07267770171165466,0.012817377224564552
-0.0025090931449085474,0.06859960407018661,0.017874188721179962
-0.030952969565987587,0.06866604089736938,0.0308428555727005
-0.053678255528211594,0.07337717711925507,0.059827372431755066
-0.06990407407283783,0.07605576515197754,0.08060482889413834
-0.08260361850261688,0.08581571280956268,0.08509571850299835
-0.09267529100179672,0.0875791385769844,0.07370255887508392
-0.07965243607759476,0.10038228332996368,0.057961948215961456
-0.05945880338549614,0.10378211736679077,0.048559632152318954
-0.03911678120493889,0.10713823139667511,0.05836113169789314
-0.019207974895834923,0.1064491868019104,0.0783730074763298
-0.00027662908541969955,0.15028774738311768,0.1392669826745987
0.10549701750278473,0.4349079430103302,0.34912148118019104
0.29710426926612854,0.37990301847457886,0.2741281986236572
0.3480212390422821,0.19581320881843567,0.1322801262140274
0.2933292090892792,0.1651407778263092,-0.012146828696131706
0.23162433505058289,0.2355579435825348,-0.05876411497592926
0.16948772966861725,0.24873846769332886,-0.020573057234287262
0.07708735764026642,0.19066810607910156,0.004024321213364601
-0.038045089691877365,0.1335347592830658,0.02158414013683796
-0.1536213606595993,0.10847161710262299,0.03792545199394226
-0.23872293531894684,0.08776739984750748,0.05556223541498184
-0.28741776943206787,0.0764310210943222,0.06033283844590187
-0.3048841059207916,0.08495873212814331,0.05426562577486038
-0.29020771384239197,0.0975324735045433,0.04441067576408386
-0.2583128809928894,0.10367931425571442,0.03452502191066742
-0.21540704369544983,0.09803546220064163,0.022374985739588737
-0.1649494618177414,0.09535498917102814,0.011345503851771355
-0.11801376938819885,0.11134140193462372,0.0032375389710068703
-0.07894013822078705,0.14224524796009064,0.0018646793905645609
-0.03697310760617256,0.1650596261024475,-0.0029760380275547504
0.0016680257394909859,0.15413826704025269,-0.015218323096632957
0.018697064369916916,0.12324044853448868,-0.033060893416404724
0.025295311585068703,0.0932316780090332,-0.03898802399635315
0.01488141156733036,0.0713813379406929,-0.035507332533597946
0.002825814299285412,0.05464895814657211,-0.021956637501716614
-0.005355213303118944,0.04617445915937424,-0.0034231110475957394
-0.017423594370484352,0.04432489350438118,0.009262323379516602
-0.031557969748973846,0.03894631564617157,0.016901904717087746
-0.04480373114347458,0.0195718165487051,0.021725155413150787
-0.04871711507439613,-0.016647055745124817,0.023051301017403603
-0.049640435725450516,-0.052987754344940186,0.017288487404584885
-0.0365675687789917,-0.07286421209573746,0.008857158944010735
-0.015523537993431091,-0.07958949357271194,0.0011244048364460468
0.010168932378292084,-0.08888169378042221,-0.0011524297297000885
0.04757116734981537,-0.10073595494031906,0.01707850582897663
0.07308036834001541,-0.08866952359676361,0.049900155514478683
0.08571680635213852,-0.07278536260128021,0.06489881128072739
0.09941622614860535,-0.06896255910396576,0.058892786502838135
0.10184236615896225,-0.06885949522256851,0.0431620255112648
0.10719951242208481,-0.06287969648838043,0.024350840598344803
0.12593510746955872,-0.04582907259464264,-0.0022983457893133163
0.14889448881149292,-0.033957868814468384,-0.029516033828258514
0.18928132951259613,-0.014538098126649857,-0.05531833693385124
0.22115787863731384,0.017652763053774834,-0.07150866091251373
0.24900363385677338,0.04935183376073837,-0.08233414590358734
0.2451988309621811,0.03731334209442139,-0.0876232385635376
0.16799591481685638,0.061545711010694504,-0.11881604045629501
0.1071983054280281,0.13142722845077515,-0.10910338163375854
0.0946582779288292,0.15815576910972595,-0.046708449721336365
0.0603070929646492,0.1695539653301239,0.01748533919453621
0.008984780870378017,0.1583676040172577,0.05683833733201027
-0.04290551692247391,0.13846710324287415,0.07230254262685776
-0.08062466979026794,0.13998830318450928,0.07630980014801025
-0.08358251303434372,0.1613144874572754,0.08310980349779129
-0.06007665768265724,0.21447357535362244,0.09325192123651505
-0.02014201134443283,0.2534438967704773,0.1040954738855362
0.017505764961242676,0.3206317126750946,0.10772322863340378
0.04248058795928955,0.3884280025959015,0.12534062564373016
0.032695066183805466,0.41975557804107666,0.17297393083572388
-0.013413578271865845,0.4147184491157532,0.23144768178462982
-0.06956978887319565,0.3402538001537323,0.24135436117649078
-0.11897257715463638,0.18696072697639465,0.1067914143204689
-0.17053084075450897,0.049055058509111404,-0.031046343967318535
-0.22183576226234436,-0.028310388326644897,-0.06112932786345482
-0.24168403446674347,-0.10616257786750793,-0.05673111602663994
-0.23926058411598206,-0.15051589906215668,-0.03489161282777786
-0.20001783967018127,-0.18771013617515564,-0.0002763757947832346
-0.13654857873916626,-0.21632181107997894,0.05465158820152283
-0.059100933372974396,-0.23401612043380737,0.10495337843894958
0.031916163861751556,-0.244345560669899,0.14714913070201874
0.11030285060405731,-0.24001659452915192,0.16657529771327972
0.15949183702468872,-0.2307550460100174,0.16514769196510315
0.1735123246908188,-0.21865257620811462,0.152197003364563
0.16556715965270996,-0.2217218577861786,0.13830488920211792
0.14420513808727264,-0.2528558075428009,0.12099594622850418
0.11333455890417099,-0.30633312463760376,0.10019980370998383
0.09588712453842163,-0.3684958517551422,0.07819409668445587
0.08948316425085068,-0.41180574893951416,0.06602587550878525
0.0936768427491188,-0.4155895709991455,0.05696181207895279
0.09786273539066315,-0.4226773679256439,0.07478933036327362
0.1027219370007515,-0.408773809671402,0.0932287946343422
0.09541889280080795,-0.384477823972702,0.10782933980226517
0.06418028473854065,-0.3780401647090912,0.1269601583480835
0.022938819602131844,-0.3861485421657562,0.14609189331531525
-0.03507601469755173,-0.41747742891311646,0.1375732421875
-0.0951043888926506,-0.44736361503601074,0.11238682270050049
-0.13787288963794708,-0.45882052183151245,0.08356477320194244
-0.15978989005088806,-0.44380995631217957,0.05334433913230896
-0.18112154304981232,-0.4612235724925995,0.03710358589887619
-0.17402423918247223,-0.4522169530391693,0.02919313684105873
-0.12829749286174774,-0.40875521302223206,0.022014586254954338
-0.06301392614841461,-0.3378867208957672,0.004402080085128546
-0.013257286511361599,-0.2891322076320648,-0.006474802736192942
0.04490740969777107,-0.19658371806144714,-0.00431567570194602
0.1289793998003006,-0.09093878418207169,0.000511836027726531
0.17640691995620728,-0.016888674348592758,0.00864231213927269
0.18043789267539978,0.029218634590506554,0.014753468334674835
0.15573404729366302,0.04027383029460907,0.01034555770456791
0.108726866543293,0.034903571009635925,0.0023310412652790546
0.04151124507188797,0.02735283225774765,-0.014158597216010094
-0.026570068672299385,-0.001252446323633194,-0.03170163929462433
-0.07875046133995056,-0.036510322242975235,-0.04312042519450188
-0.10818158835172653,-0.06174776703119278,-0.04062051698565483
-0.1233246922492981,-0.0683010071516037,-0.03770144283771515
-0.13406123220920563,-0.06671909242868423,-0.039499878883361816
-0.13594402372837067,-0.07149247825145721,-0.034692659974098206
-0.10902824997901917,-0.03786980360746384,-0.042810242623090744
-0.04966875910758972,0.0056912340223789215,-0.052172835916280746
-0.010951190255582333,0.033327922224998474,-0.05546024441719055
0.02538142539560795,0.07284396141767502,-0.04292265325784683
0.07822413742542267,0.12256838381290436,-0.024056820198893547
0.13412703573703766,0.17400510609149933,-0.015443781390786171
0.18642060458660126,0.22287064790725708,-0.010189896449446678
0.2298097163438797,0.25931674242019653,-0.011783221736550331
0.26500606536865234,0.2772619128227234,-0.012729709036648273
0.27783799171447754,0.258457750082016,-0.010030770674347878
0.25352466106414795,0.2206198275089264,0.00556683074682951
0.19050000607967377,0.18500763177871704,0.011016616597771645
0.09308237582445145,0.14351904392242432,0.005095077678561211
-0.0024181418120861053,0.0977613627910614,-0.00984201766550541
-0.050563033670186996,0.16899186372756958,-0.08134549111127853
-0.0752803236246109,0.046713702380657196,-0.14068318903446198
-0.09961016476154327,-0.09019141644239426,-0.09798526018857956
-0.12080498784780502,-0.10282725095748901,-0.028751667588949203
-0.07514562457799911,-0.08036881685256958,0.020176727324724197
-0.021870654076337814,-0.05140642821788788,0.013354253955185413
-0.0027952310629189014,-0.03011312335729599,-0.009450394660234451
-0.009674644097685814,0.011760083958506584,-0.02996664121747017
-0.04389706254005432,0.027707358822226524,-0.05873037874698639
-0.08521346002817154,1.2354925274848938e-05,-0.06878809630870819
-0.14089083671569824,-0.05476141348481178,-0.06356776505708694
-0.18617205321788788,-0.12843841314315796,-0.051944538950920105
-0.2171291708946228,-0.2120068222284317,-0.042007483541965485
-0.2339845895767212,-0.28950947523117065,-0.03680247440934181
-0.23241865634918213,-0.3468470573425293,-0.03708663582801819
-0.2202773541212082,-0.3821637034416199,-0.04624132439494133
-0.20178543031215668,-0.39571547508239746,-0.06319953501224518
-0.15963862836360931,-0.4037169814109802,-0.09011975675821304
-0.09637497365474701,-0.4084395468235016,-0.11832822114229202
-0.013389739207923412,-0.4073273241519928,-0.13474351167678833
0.07603707909584045,-0.4252442717552185,-0.12558437883853912
0.16877079010009766,-0.4670759439468384,-0.10772354900836945
0.2377581149339676,-0.49851295351982117,-0.06671805679798126
0.26859283447265625,-0.46938449144363403,-0.0054958355613052845
0.270148366689682,-0.4288432002067566,0.04671889916062355
0.2850528359413147,-0.41360118985176086,0.06918535381555557
0.3108766973018646,-0.42799848318099976,0.06907057017087936
0.3372766971588135,-0.4492781460285187,0.05583648383617401
0.3549821972846985,-0.46134573221206665,0.04485920071601868
0.36227327585220337,-0.45178914070129395,0.03954178839921951
0.34798169136047363,-0.41796058416366577,0.04127497225999832
0.3314914405345917,-0.37009814381599426,0.04635722190141678
0.30216339230537415,-0.3293648362159729,0.047903455793857574
0.257588654756546,-0.31194812059402466,0.03518376499414444
0.20382261276245117,-0.31401658058166504,0.02069963328540325
0.14748582243919373,-0.3362973928451538,0.006212612148374319
0.09401354193687439,-0.37090304493904114,-0.005971616134047508
0.048927560448646545,-0.4086420238018036,-0.011449388228356838
0.03504237160086632,-0.41849783062934875,-0.010609693825244904
0.03977996110916138,-0.41156667470932007,-0.012525081634521484
0.05428539961576462,-0.3938409388065338,-0.020180603489279747
0.06832528859376907,-0.37138015031814575,-0.03391845151782036
0.09401413798332214,-0.3488748371601105,-0.051527008414268494
0.1142473965883255,-0.330622136592865,-0.06743665039539337
0.13258539140224457,-0.3130042552947998,-0.07554356753826141
0.1449342966079712,-0.30217742919921875,-0.07576332241296768
0.16140061616897583,-0.2918533980846405,-0.067847341299057
0.17737962305545807,-0.29622793197631836,-0.05949006974697113
0.18236400187015533,-0.3114013075828552,-0.058242909610271454
0.17583294212818146,-0.32423245906829834,-0.0643329843878746
0.15874424576759338,-0.31615349650382996,-0.07404420524835587
0.14977119863033295,-0.289713054895401,-0.08927085250616074
0.15324822068214417,-0.2620137929916382,-0.10918250679969788
0.1614297330379486,-0.23703140020370483,-0.12101340293884277
0.18655453622341156,-0.20493736863136292,-0.12578631937503815
0.2082538604736328,-0.1678343117237091,-0.11998029798269272
0.2202277034521103,-0.143278107047081,-0.11190292984247208
0.22795015573501587,-0.12498381733894348,-0.09492788463830948
0.237576425075531,-0.1093454658985138,-0.07112295180559158
0.23536120355129242,-0.09733909368515015,-0.04327566176652908
0.2140958607196808,-0.07353416085243225,-0.020248373970389366
0.17538855969905853,-0.06855767965316772,-0.003505711443722248
0.12765511870384216,-0.07523155212402344,0.015453864820301533
0.07536079734563828,-0.09966491162776947,0.025390049442648888
0.03098614327609539,-0.1298726201057434,0.02492772415280342
-0.004181593656539917,-0.1529616266489029,0.025225913152098656
-0.024938270449638367,-0.15784133970737457,0.025755882263183594
-0.02577313780784607,-0.15519806742668152,0.029515929520130157
-0.004835896659642458,-0.15381509065628052,0.03441055491566658
0.031820010393857956,-0.15189164876937866,0.043758418411016464
0.06947284936904907,-0.1427767276763916,0.05744466930627823
0.10871220380067825,-0.11828966438770294,0.07820364087820053
0.14324727654457092,-0.08036039769649506,0.10846460610628128
0.16287553310394287,-0.039202410727739334,0.13035988807678223
0.16391202807426453,-0.022011173889040947,0.14662516117095947
0.13589148223400116,-0.027141915634274483,0.1490112543106079
0.0881417915225029,-0.058499839156866074,0.1368533968925476
0.03540781885385513,-0.11195409297943115,0.11960817873477936
0.0024767678696662188,-0.17170342803001404,0.10461031645536423
-0.0030566740315407515,-0.2074672132730484,0.10041493922472
0.016460034996271133,-0.2103029489517212,0.11204443126916885
0.06411830335855484,-0.17378680408000946,0.14046573638916016
0.11908701062202454,-0.10864029824733734,0.17109502851963043
0.16369493305683136,-0.04810050129890442,0.18744522333145142
0.18120388686656952,-0.016324464231729507,0.1889459192752838
0.16317464411258698,-0.0009063165634870529,0.17573127150535583
0.1298779398202896,0.00024523399770259857,0.15940795838832855
0.08575817942619324,-0.004284455440938473,0.143630251288414
0.03281987085938454,-0.0039339829236269,0.12820442020893097
-0.021526318043470383,-0.013320048339664936,0.10706508159637451
-0.07400337606668472,-0.030905168503522873,0.08192191272974014
-0.10577373951673508,-0.044651687145233154,0.06080871820449829
-0.11412514746189117,-0.04401759058237076,0.05399502068758011
-0.10539950430393219,-0.024154609069228172,0.0601162426173687
-0.09025996923446655,0.0009014755487442017,0.07240858674049377
-0.08705148845911026,0.02328546904027462,0.07473073154687881
-0.08018266409635544,0.01907421089708805,0.07225985080003738
-0.07311568409204483,0.008932217955589294,0.06154369190335274
-0.06528439372777939,0.0025891009718179703,0.05602162703871727
-0.07152007520198822,-0.002833995036780834,0.05422435700893402
-0.08066830039024353,-0.018390851095318794,0.05134601145982742
-0.09379269927740097,-0.033706340938806534,0.0489506833255291
-0.09779569506645203,-0.03856288269162178,0.04669125750660896
-0.09439975768327713,-0.03455980122089386,0.04125941917300224
-0.08319344371557236,-0.01727908104658127,0.03346647694706917
-0.05283378064632416,0.009970912709832191,0.03367658704519272
-0.016671517863869667,0.042253218591213226,0.036128029227256775
0.017226357012987137,0.08022753894329071,0.03865345939993858
0.03354008123278618,0.1140504777431488,0.036496032029390335
0.03976255655288696,0.1365848183631897,0.040835920721292496
0.027509620413184166,0.14354819059371948,0.03785344585776329
0.005480265244841576,0.16354846954345703,0.03628518059849739
-0.022699441760778427,0.18933159112930298,0.02985258400440216
-0.058556899428367615,0.20346887409687042,0.0270403940230608
-0.10318029671907425,0.20904099941253662,0.03293557092547417
-0.1883918195962906,0.18961836397647858,0.055012304335832596
-1.5936253070831299,2.8637495040893555,0.404016375541687
0.4422655999660492,0.24966537952423096,0.34472647309303284
0.4110320508480072,-0.7614521980285645,-0.12706130743026733
-0.11010082811117172,-0.5306041240692139,-0.12859542667865753
-0.3429117202758789,-0.18170049786567688,0.01222907193005085
-0.21527473628520966,-0.11307980865240097,0.0015451842918992043
-0.03706318512558937,-0.04740891978144646,-0.04435865581035614
0.05000261589884758,0.140726238489151,-0.021564818918704987
0.11692599207162857,0.2597160041332245,-0.01838926412165165
0.2242259532213211,0.2495974898338318,-0.04580054059624672
0.3056108057498932,0.22582077980041504,-0.06161172315478325
0.33135053515434265,0.24221786856651306,-0.07107154279947281
0.35215967893600464,0.210769921541214,-0.07326439023017883
0.3750578463077545,0.17848914861679077,-0.08664030581712723
0.34854021668434143,0.1845339834690094,-0.10225308686494827
0.3042367994785309,0.17467589676380157,-0.12645573914051056
0.2727161645889282,0.14210675656795502,-0.15574225783348083
0.24020840227603912,0.1339603215456009,-0.21874162554740906
0.2314671128988266,0.1618390828371048,-0.24810269474983215
0.23709866404533386,0.15447501838207245,-0.19080305099487305
0.23870640993118286,0.14025001227855682,-0.10566499084234238
0.19600921869277954,0.14771786332130432,-0.05202262103557587
0.10513017326593399,0.16775894165039062,-0.02989255264401436
-0.017186103388667107,0.14071235060691833,-0.014639757573604584
-0.1479257345199585,0.11265301704406738,0.007602696772664785
-0.2691396176815033,0.11700569093227386,0.028997715562582016
-0.3830912113189697,0.14831382036209106,0.042660798877477646
-0.46098923683166504,0.20985476672649384,0.02839416265487671
-0.4841965436935425,0.3453840911388397,0.004452346358448267
-0.49947094917297363,0.5586227178573608,-0.01969176158308983
-0.5057291388511658,0.6466417908668518,-0.018295731395483017
-0.473228394985199,0.5955349206924438,-0.0021001924760639668
-0.4855615198612213,0.466518372297287,-0.009406307712197304
-0.5559836030006409,0.3100225627422333,-0.009034308604896069
-0.6177952885627747,0.18283584713935852,0.0005171182565391064
-0.6394436955451965,0.08862516283988953,0.018591728061437607
-0.626259982585907,0.012672875076532364,0.03905865177512169
-0.5886549353599548,-0.02022019773721695,0.055946387350559235
-0.5561814308166504,0.017899489030241966,0.08019393682479858
-0.5303884148597717,0.06370104849338531,0.10175436735153198
-0.4860568940639496,0.10251102596521378,0.16558979451656342
-0.4033607542514801,0.16425380110740662,0.25488823652267456
-0.31741204857826233,0.2467646300792694,0.36602914333343506
-0.26102542877197266,0.3460753560066223,0.43919751048088074
-0.18796773254871368,0.44310763478279114,0.43165090680122375
-0.08244463801383972,0.5134636163711548,0.34309250116348267
0.05446527525782585,0.5600864887237549,0.23557962477207184
0.19128496944904327,0.5998467803001404,0.1414290964603424
0.3066243529319763,0.6622217297554016,0.06464777886867523
0.3980359733104706,0.7237454056739807,0.019146449863910675
0.4589794874191284,0.7655439972877502,-0.02830282598733902
0.5057055950164795,0.7722747921943665,-0.08256148546934128
0.5148324966430664,0.7705062031745911,-0.1285332292318344
0.4962460696697235,0.7424092292785645,-0.16437266767024994
0.4666876196861267,0.670502781867981,-0.19028201699256897
0.4277372360229492,0.5896321535110474,-0.1996147483587265
0.39272627234458923,0.5228816270828247,-0.2030470222234726
0.36467820405960083,0.4943549335002899,-0.20857574045658112
0.3373078405857086,0.5101011395454407,-0.20663775503635406
0.30288606882095337,0.54559326171875,-0.19269579648971558
0.2622193396091461,0.5827518105506897,-0.17079022526741028
0.22044898569583893,0.5879915952682495,-0.1457766890525818
0.17518723011016846,0.5598627328872681,-0.12961743772029877
0.13504484295845032,0.525603175163269,-0.11684804409742355
0.09322603046894073,0.49909383058547974,-0.10105922818183899
0.07271077483892441,0.46989357471466064,-0.0798625648021698
0.0669223964214325,0.4470633566379547,-0.060163162648677826
0.06980890035629272,0.43592381477355957,-0.03572515398263931
0.08191749453544617,0.44216787815093994,-0.014518401585519314
0.0915481299161911,0.457168847322464,-0.005402571056038141
0.09850963205099106,0.4810675084590912,-0.007959738373756409
0.09832358360290527,0.4850482940673828,-0.020992619916796684
0.08458060771226883,0.4695609509944916,-0.030160818248987198
0.06078459322452545,0.440353661775589,-0.03770779073238373
0.032515671104192734,0.39321786165237427,-0.041848476976156235
-0.0017537574749439955,0.32681605219841003,-0.045079801231622696
-0.021617211401462555,0.2552052438259125,-0.04847719520330429
-0.03425339236855507,0.18959467113018036,-0.04742378741502762
-0.031648021191358566,0.1338573694229126,-0.04473958909511566
-0.023874377831816673,0.08238236606121063,-0.04425643011927605
-0.009215006604790688,0.04170231893658638,-0.04549639672040939
0.008267618715763092,0.01277194544672966,-0.05362975597381592
0.02148382179439068,0.002887887880206108,-0.06156304478645325
0.030232854187488556,0.00748223252594471,-0.07596847414970398
0.0410119965672493,0.026541942730545998,-0.08307378739118576
0.05393484979867935,0.04708675295114517,-0.09189668297767639
0.06882724910974503,0.06644340604543686,-0.09550154209136963
0.07342838495969772,0.07687357813119888,-0.08945368975400925
0.07612376660108566,0.08520793914794922,-0.07480444014072418
0.07523486018180847,0.09977946430444717,-0.06606901437044144
0.0752955824136734,0.12288718670606613,-0.0607842355966568
0.07982678711414337,0.15690496563911438,-0.06970226764678955
0.07751170545816422,0.19426220655441284,-0.08612837642431259
0.06989991664886475,0.21440178155899048,-0.10200425237417221
0.0674668550491333,0.21732087433338165,-0.1096656396985054
0.06806044280529022,0.2118411660194397,-0.109598807990551
0.07513806223869324,0.20872953534126282,-0.1217673271894455
0.07612736523151398,0.2086261361837387,-0.14256201684474945
0.07145910710096359,0.2037416398525238,-0.16057272255420685
0.06349372118711472,0.18603971600532532,-0.18115347623825073
0.06006889417767525,0.15845070779323578,-0.19377392530441284
0.06269677728414536,0.13544060289859772,-0.20108819007873535
0.06722787767648697,0.13706673681735992,-0.21738193929195404
0.06713751703500748,0.15162721276283264,-0.23245294392108917
0.05631842836737633,0.16731774806976318,-0.24327576160430908
0.038995083421468735,0.16903483867645264,-0.24218852818012238
0.024368735030293465,0.1608131378889084,-0.23913706839084625
0.007761308923363686,0.15353278815746307,-0.23166976869106293
-0.00015946512576192617,0.14295125007629395,-0.21769750118255615
-0.010506723076105118,0.1334768831729889,-0.20819035172462463
-0.027808215469121933,0.12882699072360992,-0.19191737473011017
-0.042111363261938095,0.11547683924436569,-0.16695664823055267
-0.03682791814208031,0.09553348273038864,-0.1436222940683365
-0.015314621850848198,0.08085772395133972,-0.12783093750476837
0.015451014041900635,0.07778683304786682,-0.10533362627029419
0.05802997946739197,0.09748083353042603,-0.0665709599852562
0.09326546639204025,0.10820405185222626,-0.0433945395052433
0.1207566186785698,0.08370081335306168,-0.05424529314041138
0.14851127564907074,0.08338150382041931,-0.045325830578804016
0.17544792592525482,0.11791741102933884,-0.003268171101808548
0.18560709059238434,0.13609562814235687,-0.015814589336514473
0.1727389544248581,0.116524837911129,-0.10372446477413177
0.13574205338954926,0.1231774166226387,-0.15029650926589966
0.09246822446584702,0.13937848806381226,-0.13391296565532684
0.039507802575826645,0.09571541845798492,-0.1490762084722519
-0.015328532084822655,0.04600444436073303,-0.17926059663295746
-0.062078457325696945,0.013521069660782814,-0.1851232796907425
-0.0945647656917572,-0.010278269648551941,-0.16213513910770416
-0.11698964238166809,-0.04257974773645401,-0.14132998883724213
-0.12143419682979584,-0.08710753917694092,-0.13544493913650513
-0.12139664590358734,-0.09409727156162262,-0.1196577325463295
-0.12222885340452194,-0.077047199010849,-0.09969945251941681
-0.1287786364555359,-0.06435564160346985,-0.08649230748414993
-0.13975094258785248,-0.06650468707084656,-0.08262874186038971
-0.1528095006942749,-0.07293727993965149,-0.07067354023456573
-0.16777180135250092,-0.07829225063323975,-0.04296638444066048
-0.18215793371200562,-0.07767678797245026,-0.00010041170753538609
-0.19629831612110138,-0.07043961435556412,0.04261533170938492
-0.1969129741191864,-0.047420844435691833,0.09177196025848389
-0.1920318752527237,-0.015744179487228394,0.13516926765441895
-0.1806977242231369,0.019125651568174362,0.16748885810375214
-0.16280320286750793,0.043287243694067,0.18552850186824799
-0.1478908360004425,0.05553645268082619,0.202487513422966
-0.13471032679080963,0.05428207665681839,0.21157613396644592
-0.13144448399543762,0.03847009688615799,0.2106642723083496
-0.12613847851753235,0.0028996672481298447,0.2042859047651291
-0.1254521906375885,-0.03803977370262146,0.19117489457130432
-0.1138177439570427,-0.09459679573774338,0.17561616003513336
-0.09723450243473053,-0.15038149058818817,0.1555582880973816
-0.06977905333042145,-0.1974591314792633,0.1405019909143448
-0.03796599432826042,-0.2296184003353119,0.1313931941986084
-0.009678964503109455,-0.241230309009552,0.12807489931583405
0.017252519726753235,-0.23510611057281494,0.1262706071138382
0.043109674006700516,-0.21564143896102905,0.12268766760826111
0.07100016623735428,-0.19265064597129822,0.11412960290908813
0.08249211311340332,-0.16976691782474518,0.10827174037694931
0.08425246179103851,-0.15093916654586792,0.10282530635595322
0.06892570853233337,-0.14241278171539307,0.10008251667022705
0.050029780715703964,-0.12983787059783936,0.10430070012807846
0.02245309203863144,-0.1211555153131485,0.10103948414325714
-0.00323176640085876,-0.11489468812942505,0.09744501113891602
-0.025415537878870964,-0.10424147546291351,0.09003259241580963
-0.04123657941818237,-0.08428294956684113,0.08164150267839432
-0.03902032971382141,-0.06615781784057617,0.07652350515127182
-0.029915250837802887,-0.049031563103199005,0.0708344578742981
-0.01389202568680048,-0.0334412157535553,0.06651382148265839
0.016551101580262184,-0.029350601136684418,0.06577160209417343
0.05252937600016594,-0.029591267928481102,0.058715224266052246
0.0870673730969429,-0.027999229729175568,0.050638120621442795
0.1199340745806694,-0.0336981862783432,0.03687946870923042
0.14887969195842743,-0.04038698226213455,0.014424493536353111
0.17093655467033386,-0.04255180433392525,-0.023653939366340637
0.18085496127605438,-0.041092656552791595,-0.06459710747003555
0.16903771460056305,-0.04739699512720108,-0.11011577397584915
0.1411496251821518,-0.060736238956451416,-0.1449054479598999
0.1036735400557518,-0.07207360118627548,-0.16991041600704193
0.06805136054754257,-0.08990079909563065,-0.18430399894714355
0.03818583860993385,-0.10121364146471024,-0.18176916241645813
0.021486490964889526,-0.10403819382190704,-0.17748120427131653
0.016857225447893143,-0.08542626351118088,-0.16278977692127228
0.0121764549985528,-0.060189880430698395,-0.1469157338142395
0.01026654988527298,-0.03729582577943802,-0.13142834603786469
0.010579470545053482,-0.02190089225769043,-0.11569412797689438
0.015959521755576134,-0.014212330803275108,-0.10329202562570572
0.007131143007427454,-0.00510645005851984,-0.08901295810937881
-0.005724248941987753,-0.009643349796533585,-0.07665169984102249
-0.016269568353891373,-0.02160014398396015,-0.050201185047626495
-0.010675568133592606,-0.037073664367198944,-0.02112104929983616
0.009080027230083942,-0.0433744378387928,0.005776077508926392
0.04173685982823372,-0.025707881897687912,0.022189974784851074
0.07972871512174606,-0.01174013502895832,0.028026822954416275
0.1189190223813057,0.0035552550107240677,0.030760537832975388
0.13713903725147247,0.010414225980639458,0.0326995849609375
0.13573922216892242,0.008464198559522629,0.032383255660533905
0.12225882709026337,-0.0101811233907938,0.02863006480038166
0.11284257471561432,-0.035901665687561035,0.024146882817149162
0.11271820217370987,-0.05898488312959671,0.014641795307397842
0.13205306231975555,-0.06535468995571136,0.002640331629663706
0.16046632826328278,-0.06841200590133667,-0.0017999568954110146
0.18504709005355835,-0.06058220565319061,-0.0036775991320610046
0.1931934356689453,-0.04802753031253815,-0.016570493578910828
0.19442452490329742,-0.0425419956445694,-0.03363412618637085
0.18888089060783386,-0.042774222791194916,-0.05165786296129227
0.17263279855251312,-0.05003334581851959,-0.06952698528766632
0.15631508827209473,-0.06333663314580917,-0.0818217396736145
0.13750477135181427,-0.07759730517864227,-0.08173281699419022
0.12083577364683151,-0.08636150509119034,-0.07918071001768112
0.09196445345878601,-0.08116903901100159,-0.07586276531219482
0.0653325766324997,-0.07757163792848587,-0.07091407477855682
0.04096357896924019,-0.06785349547863007,-0.06316374242305756
0.01510348729789257,-0.05429694056510925,-0.047387976199388504
-0.0020074783824384212,-0.04461272433400154,-0.026510559022426605
-0.014626867137849331,-0.032603196799755096,-0.009169917553663254
-0.015552942641079426,-0.029562443494796753,0.010062940418720245
-0.00968306977301836,-0.024299506098031998,0.02765418402850628
0.003582413773983717,-0.025848109275102615,0.042012836784124374
0.022232530638575554,-0.022999059408903122,0.052732326090335846
0.03680019825696945,-0.029303502291440964,0.05981656163930893
0.0487159788608551,-0.028203085064888,0.06436817348003387
0.04564953222870827,-0.02926650270819664,0.0642177015542984
0.040401771664619446,-0.03564956784248352,0.05868338420987129
0.032572150230407715,-0.04314387962222099,0.05169221758842468
0.018477367237210274,-0.048641711473464966,0.0430542528629303
0.005819755606353283,-0.050808895379304886,0.03274110332131386
-0.010054814629256725,-0.056756533682346344,0.024411268532276154
-0.01651180535554886,-0.05789753794670105,0.01692921295762062
-0.015483560040593147,-0.05597073584794998,0.015552359633147717
-0.014502747915685177,-0.05527057126164436,0.012732857838273048
-0.0013206335715949535,-0.05584794282913208,0.017716430127620697
0.01185544952750206,-0.059762753546237946,0.020480750128626823
0.027463437989354134,-0.0648464635014534,0.024864578619599342
0.04320722818374634,-0.07438293099403381,0.02892104908823967
0.06216173991560936,-0.08456552028656006,0.030103225260972977
0.07793565094470978,-0.09612791240215302,0.036833833903074265
0.09154653549194336,-0.09340296685695648,0.03702371567487717
0.10732582956552505,-0.08180749416351318,0.03391282260417938
0.13648557662963867,-0.0792737677693367,0.033395104110240936
0.1460762321949005,-0.0756198838353157,0.03269362822175026
0.15038256347179413,-0.0708288624882698,0.034897658973932266
0.14565353095531464,-0.06446903198957443,0.03697258606553078
0.13342508673667908,-0.05419748276472092,0.040866393595933914
0.11480684578418732,-0.054529331624507904,0.05270387604832649
0.09936344623565674,-0.06827124208211899,0.07641533017158508
0.098888099193573,-0.07888571918010712,0.10781605541706085
0.1207105740904808,-0.08914954215288162,0.1397971659898758
0.14889302849769592,-0.09541182219982147,0.18395783007144928
0.16191110014915466,-0.08512376993894577,0.213529571890831
0.16440589725971222,-0.06085055321455002,0.22477172315120697
0.15310236811637878,-0.03461068868637085,0.22304466366767883
0.1269383281469345,-0.01406475156545639,0.21834668517112732
0.08758214116096497,-0.0029298095032572746,0.20829671621322632
0.053792983293533325,-0.0071933455765247345,0.20575612783432007
0.028472445905208588,-0.010792607441544533,0.20517182350158691
0.009298061020672321,-0.016536349430680275,0.20370638370513916
0.0005554360104724765,-0.018101222813129425,0.2059897780418396
-0.0002259862667415291,-0.015245450660586357,0.20763632655143738
0.019449980929493904,-0.0120757557451725,0.20616254210472107
0.050464142113924026,-0.01687457039952278,0.20423981547355652
0.0934867113828659,-0.016437547281384468,0.1950223445892334
0.1332928091287613,-0.015642980113625526,0.19021467864513397
0.16007328033447266,-0.01620011404156685,0.17853805422782898
0.1807115525007248,-0.010252414271235466,0.16205567121505737
0.18475502729415894,-0.002044818364083767,0.1363803893327713
0.1811196506023407,-0.003679034300148487,0.10488701611757278
0.15501669049263,-0.008438635617494583,0.0653635784983635
0.12267973273992538,-0.0322113037109375,0.025164997205138206
0.08124414086341858,-0.06389546394348145,-0.010502984747290611
0.03477152809500694,-0.09171119332313538,-0.0446464903652668
-0.004987070802599192,-0.11043880879878998,-0.06955769658088684
-0.0380195751786232,-0.11774799972772598,-0.08890888094902039
-0.06172117590904236,-0.1162869930267334,-0.09713885188102722
-0.07176163792610168,-0.10045146197080612,-0.09903835505247116
-0.07644480466842651,-0.07603852450847626,-0.08270732313394547
-0.07400380820035934,-0.0498548299074173,-0.06997130066156387
-0.06177563592791557,-0.033879589289426804,-0.050260450690984726
-0.0455908328294754,-0.02064312808215618,-0.031018059700727463
-0.02234463207423687,-0.010240554809570312,-0.011184167116880417
-0.004991816822439432,-0.003457563929259777,0.005366413854062557
0.0123336436226964,-0.0021068090572953224,0.019942693412303925
0.030409080907702446,-0.001497127115726471,0.02509237639605999
0.045267920941114426,-0.0070503512397408485,0.02979471907019615
0.06292802840471268,-0.013936588540673256,0.03447289764881134
0.0783272236585617,-0.022046446800231934,0.0339791476726532
0.0889897570014,-0.030176997184753418,0.026218626648187637
0.09831242263317108,-0.03609374165534973,0.018856585025787354
0.10086365044116974,-0.03769661486148834,-0.006466432008892298
0.09449629485607147,-0.03966469317674637,-0.027660934254527092
0.08964348584413528,-0.0453697144985199,-0.05002189800143242
0.0729483962059021,-0.05328330025076866,-0.06871489435434341
0.05085684731602669,-0.06348298490047455,-0.07535198330879211
0.02584390714764595,-0.07106926292181015,-0.08224876970052719
0.007440195418894291,-0.07450148463249207,-0.09791886806488037
-0.017604172229766846,-0.07759128510951996,-0.10690144449472427
-0.04340494051575661,-0.07050350308418274,-0.11221713572740555
-0.07007329910993576,-0.057012464851140976,-0.11206533759832382
-0.09980712831020355,-0.041292350739240646,-0.10536853969097137
-0.12204958498477936,-0.02861197665333748,-0.10162121057510376
-0.13913887739181519,-0.01948309689760208,-0.10152572393417358
-0.15055425465106964,-0.011726640164852142,-0.10084688663482666
-0.1583503633737564,-0.01512352004647255,-0.09288535267114639
-0.16781070828437805,-0.018394680693745613,-0.08192537724971771
-0.18617506325244904,-0.014233758673071861,-0.07586322724819183
-0.21833433210849762,0.0016669109463691711,-0.0876447856426239
-0.2685379087924957,0.013247992843389511,-0.10992512106895447
-0.3348604738712311,0.00915071927011013,-0.13408400118350983
-0.3891819715499878,0.0017972812056541443,-0.14929044246673584
-0.4318031966686249,-0.007382635027170181,-0.1538601517677307
-0.4511795938014984,-0.02117377147078514,-0.1583058387041092
-0.45777225494384766,-0.033718325197696686,-0.1645709127187729
-0.44310957193374634,-0.04477671533823013,-0.15658794343471527
-0.41610458493232727,-0.05353744700551033,-0.1429150104522705
-0.391695499420166,-0.05996377766132355,-0.1318366676568985
-0.3739987909793854,-0.06617186963558197,-0.12235049903392792
-0.3562963902950287,-0.06767811626195908,-0.11739572882652283
-0.31734633445739746,-0.06338004022836685,-0.1061694398522377
-0.2523166537284851,-0.05737553536891937,-0.09449426084756851
-0.16118858754634857,-0.046795327216386795,-0.0772220641374588
-0.046171654015779495,-0.05003977566957474,-0.05786018446087837
0.07536516338586807,-0.0639936774969101,-0.02812785655260086
0.19736069440841675,-0.08441931754350662,0.006432000547647476
0.305830717086792,-0.1139652281999588,0.04359002038836479
0.4014096260070801,-0.13534486293792725,0.08080188184976578
0.4832996726036072,-0.14658154547214508,0.1136799305677414
0.5620718598365784,-0.14848729968070984,0.14426499605178833
0.634205162525177,-0.1452707201242447,0.1637023389339447
0.6922242641448975,-0.12280353903770447,0.1716681718826294
0.7234674096107483,-0.10885896533727646,0.16590934991836548
0.7105212807655334,-0.09632442891597748,0.1520850509405136
0.6301212906837463,-0.09139332175254822,0.12366911768913269
0.49878713488578796,-0.06938695907592773,0.08561506122350693
0.3297821283340454,-0.04536737501621246,0.04692146182060242
0.14201456308364868,-0.010386209934949875,0.00268025160767138
-0.028299380093812943,0.008707324042916298,-0.030080091208219528
-0.1547626554965973,0.011691950261592865,-0.04658079892396927
-0.22971412539482117,0.008573921397328377,-0.06082870811223984
-0.2607634663581848,0.0107834842056036,-0.06850388646125793
-0.2704240679740906,0.026402659714221954,-0.07366189360618591
-0.27187976241111755,0.05303480103611946,-0.08066973835229874
-0.2749250829219818,0.06899219751358032,-0.08274274319410324
-0.29019156098365784,0.07193117588758469,-0.08154183626174927
-0.3103751242160797,0.07376023381948471,-0.07835003733634949
-0.32344481348991394,0.06548798829317093,-0.07820256054401398
-0.3270515203475952,0.04513184726238251,-0.06694697588682175
-0.31160038709640503,0.027285883203148842,-0.057705678045749664
-0.27730393409729004,0.01024351641535759,-0.043389059603214264
-0.22122016549110413,0.007909545674920082,-0.029581941664218903
-0.15797674655914307,0.011934913694858551,-0.020469671115279198
-0.08867217600345612,0.018741479143500328,-0.008591761812567711
-0.03032604791224003,0.026713119819760323,-0.002935473807156086
0.020372863858938217,0.024950314313173294,0.004018377512693405
0.05968751385807991,0.020936131477355957,0.002433264162391424
0.08487899601459503,0.011300444602966309,-0.0009760167449712753
0.08664973080158234,0.0064851827919483185,-0.006456536240875721
0.0703425407409668,-0.0012278854846954346,-0.018248185515403748
0.0517885647714138,-0.005701996386051178,-0.029717087745666504
0.025367671623826027,-0.00931877177208662,-0.03423812612891197
0.010050499811768532,-0.020553849637508392,-0.03319096937775612
0.010292462073266506,-0.022809647023677826,-0.02119709737598896
0.019173569977283478,-0.020381642505526543,-0.007244529668241739
0.032123249024152756,-0.0025525419041514397,0.008843619376420975
0.049636729061603546,0.022473981603980064,0.020707203075289726
0.06359969824552536,0.0405561700463295,0.03148702159523964
0.06554993242025375,0.048246584832668304,0.038552120327949524
0.060249581933021545,0.051554106175899506,0.04673585668206215
0.04636465758085251,0.04180107265710831,0.05257723480463028
0.03605896234512329,0.022414103150367737,0.054711733013391495
0.031225327402353287,0.003428693860769272,0.05596821382641792
0.0393705889582634,-0.00970587320625782,0.05270090699195862
0.05767582356929779,-0.014723267406225204,0.04556842893362045
0.07493279874324799,-0.01316019706428051,0.04512094706296921
0.08993811160326004,-0.004624233581125736,0.037159692496061325
0.10279979556798935,-0.00018085353076457977,0.025932984426617622
0.10667868703603745,-0.00024610012769699097,0.01421054732054472
0.09794630110263824,-0.0027200113981962204,0.0020394669845700264
0.0845644474029541,-0.009150747209787369,-0.007768689189106226
0.07172108441591263,-0.01096329465508461,-0.023256301879882812
0.05596529319882393,-0.007543529383838177,-0.030608225613832474
0.04468415305018425,-0.012371817603707314,-0.036984678357839584
0.041644688695669174,-0.020625486969947815,-0.03577267378568649
0.046447962522506714,-0.025856466963887215,-0.028130199760198593
0.04549827054142952,-0.03261452913284302,-0.017054598778486252
0.05555400997400284,-0.039075132459402084,-0.007604063954204321
0.06663621962070465,-0.0503791868686676,0.007869435474276543
0.08561959117650986,-0.07160906493663788,0.035036034882068634
0.07843411713838577,-0.06443344056606293,0.06952822953462601
0.02054140903055668,-0.034216925501823425,0.09957101196050644
-0.09120775759220123,0.013946078717708588,0.13622623682022095
-0.25273898243904114,0.04213382676243782,0.13786379992961884
-0.4530861973762512,0.04582710191607475,0.1058206558227539
-0.6431089639663696,0.02014322578907013,0.04550810158252716
-0.8107776045799255,-0.006171468645334244,-0.034576088190078735
-0.935319185256958,-0.01296722237020731,-0.11121636629104614
-1.012292504310608,-0.01823681965470314,-0.1499565690755844
-1.0381596088409424,-0.013466481119394302,-0.1567261517047882
-1.030893087387085,0.013040227815508842,-0.146357923746109
-1.0101524591445923,0.0534791573882103,-0.12816496193408966
-0.9757466316223145,0.09648654609918594,-0.11697462201118469
-0.9446417689323425,0.13696886599063873,-0.11165112257003784
-0.9167448878288269,0.16789188981056213,-0.10819379985332489
-0.8904565572738647,0.17663638293743134,-0.10005118697881699
-0.8391297459602356,0.16792172193527222,-0.08565573394298553
-0.7683281302452087,0.1624554544687271,-0.0675615668296814
-0.6868854761123657,0.15136179327964783,-0.05189898982644081
-0.58222895860672,0.14255008101463318,-0.04354584589600563
-0.47611430287361145,0.14066216349601746,-0.04384518787264824
-0.3594847619533539,0.14580568671226501,-0.053624480962753296
-0.24226173758506775,0.14465893805027008,-0.057406969368457794
-0.13243232667446136,0.12583543360233307,-0.048523448407649994
-0.03155764564871788,0.0836043655872345,-0.03401161730289459
0.05523448809981346,0.032678212970495224,-0.01033971831202507
0.13497112691402435,-0.009140606969594955,0.023269906640052795
0.2120593637228012,-0.033534303307533264,0.05221278965473175
0.2805399000644684,-0.041839100420475006,0.06924609839916229
0.35852158069610596,-0.03857068717479706,0.08064637333154678
0.4560436010360718,-0.03173621743917465,0.08015874773263931
0.554172933101654,-0.013464001938700676,0.07776831835508347
0.6543083190917969,0.007527565583586693,0.06503840535879135
0.7299522161483765,0.03237752243876457,0.051466669887304306
0.7796553373336792,0.04230791702866554,0.04132482036948204
0.8022661805152893,0.03818859905004501,0.03245563805103302
0.7992804646492004,0.026693062856793404,0.022095143795013428
0.7566507458686829,0.006605358794331551,0.01467907801270485
0.6722685098648071,-0.020137304440140724,0.009168997406959534
0.5582015514373779,-0.03990175575017929,0.0032621377613395452
0.42501550912857056,-0.052871353924274445,0.004321543034166098
0.30129340291023254,-0.042781636118888855,0.0006998551543802023
0.19863571226596832,-0.02187342755496502,-0.00017552589997649193
0.1254856288433075,0.006511999294161797,0.0015641904901713133
0.08097274601459503,0.043031927198171616,-0.007121176924556494
0.05802637338638306,0.07793750613927841,-0.016894249245524406
0.03841165825724602,0.10657741129398346,-0.02336147055029869
0.01662711426615715,0.1184963807463646,-0.02824782207608223
-0.012552076950669289,0.11561804264783859,-0.02258913964033127
-0.042263731360435486,0.10974402725696564,-0.025376012548804283
-0.07660545408725739,0.09911614656448364,-0.0288383886218071
-0.1071154996752739,0.08769885450601578,-0.0323699526488781
-0.12945674359798431,0.07314840704202652,-0.032771822065114975
-0.14146259427070618,0.0606897734105587,-0.03119857981801033
-0.14046098291873932,0.058968041092157364,-0.031465962529182434
-0.1277027130126953,0.05896779149770737,-0.034911587834358215
-0.1108824610710144,0.06724276393651962,-0.03155946731567383
-0.09317198395729065,0.06988843530416489,-0.0255914106965065
-0.07274048030376434,0.07157501578330994,-0.0230715274810791
-0.0554693341255188,0.06844192743301392,-0.01959383115172386
-0.03707088530063629,0.05874136835336685,-0.014558326452970505
-0.018248360604047775,0.04924067482352257,-0.0104952622205019
-0.0021508829668164253,0.0390748605132103,-0.003233354538679123
0.01741943508386612,0.02734488621354103,0.0019074296578764915
0.04342200607061386,0.021453440189361572,0.0017476399661973119
0.068553127348423,0.022459784522652626,0.0020020268857479095
0.08901739120483398,0.01731215976178646,0.0014203924220055342
0.09945151209831238,0.010061461478471756,-0.007505487650632858
0.0996219590306282,0.0023878291249275208,-0.017283283174037933
0.08760977536439896,-0.026225337758660316,-0.028378091752529144
0.07004755735397339,-0.04455241560935974,-0.034698039293289185
0.056496668606996536,-0.0588897243142128,-0.04048359394073486
0.04849919304251671,-0.06684485077857971,-0.049637943506240845
0.034552764147520065,-0.06908098608255386,-0.05375717952847481
0.016556456685066223,-0.06299006938934326,-0.05700597167015076
-0.004628546070307493,-0.04867418855428696,-0.05605126544833183
-0.03575317561626434,-0.02292674593627453,-0.049328647553920746
-0.0691291019320488,0.0021382682025432587,-0.03578130155801773
-0.09070976078510284,0.0238648671656847,-0.022474020719528198
-0.10650669783353806,0.03391604870557785,-0.008571146056056023
-0.10170155763626099,0.03108697570860386,0.011952238157391548
-0.0871930941939354,0.03348652645945549,0.02870161458849907
-0.07066018879413605,0.03734225034713745,0.047802604734897614
-0.04986349493265152,0.04308737814426422,0.06328368932008743
-0.03596339002251625,0.058145955204963684,0.07554595172405243
-0.018420852720737457,0.06235479936003685,0.08505717664957047
-0.005930894985795021,0.05914701893925667,0.09100508689880371
0.0026344896759837866,0.04719114303588867,0.10088422894477844
0.008553098887205124,0.037597112357616425,0.10381903499364853
0.006882592104375362,0.02954535000026226,0.09742075204849243
-0.008289969526231289,0.026849964633584023,0.08703574538230896
-0.02559342235326767,0.013467436656355858,0.07030696421861649
-0.042537253350019455,-0.02244315855205059,0.04481571912765503
-0.04732028394937515,-0.07656434923410416,0.005141727160662413
-0.0625423863530159,-0.12631726264953613,-0.019153490662574768
-0.08107785880565643,-0.1731627732515335,-0.0471193753182888
-0.11607073247432709,-0.20241865515708923,-0.05877123773097992
-0.17730775475502014,-0.190400168299675,-0.053636327385902405
-0.2617664635181427,-0.14435943961143494,-0.04445934295654297
-0.3673160672187805,-0.1127205491065979,-0.04825887084007263
-0.4843539893627167,-0.1073947548866272,-0.060315802693367004
-0.6050904393196106,-0.11132023483514786,-0.03585386648774147
-0.7276429533958435,-0.11281826347112656,0.0036597202997654676
-0.8283808827400208,-0.12378235906362534,0.06076519563794136
-0.8682371973991394,-0.11184127628803253,0.11448808014392853
-0.8206374645233154,-0.07551952451467514,0.16259197890758514
-0.6957940459251404,-0.01190938986837864,0.1733703315258026
-0.5514995455741882,0.07791151106357574,0.1590665876865387
-0.45892220735549927,0.16883982717990875,0.11469565331935883
-0.39381590485572815,0.2119942456483841,0.05383438616991043
-0.34678420424461365,0.19976367056369781,-0.0684257447719574
-0.29387032985687256,0.06634214520454407,-0.1519828736782074
-0.21192938089370728,-0.056906551122665405,-0.044788509607315063
-0.20695914328098297,-0.04497145116329193,0.036568522453308105
-0.22432534396648407,-0.08850481361150742,0.06299134343862534
-0.21021541953086853,-0.16003915667533875,0.036736827343702316
-0.15638600289821625,-0.21727529168128967,-0.019238825887441635
-0.07318925112485886,-0.2586885988712311,-0.06128981336951256
0.016903623938560486,-0.286339670419693,-0.08550380915403366
0.10638425499200821,-0.3106234073638916,-0.09233931452035904
0.21409794688224792,-0.31922221183776855,-0.08208294957876205
0.3102262616157532,-0.345327764749527,-0.07497989386320114
0.38430315256118774,-0.3926313519477844,-0.06626523286104202
0.41610726714134216,-0.45833614468574524,-0.05621116980910301
0.43343913555145264,-0.5458418130874634,-0.044624023139476776
0.4435666799545288,-0.642726480960846,-0.03951825201511383
0.443510502576828,-0.7089912295341492,-0.04242802411317825
0.44214779138565063,-0.7092964053153992,-0.069617360830307
0.43611064553260803,-0.6887255907058716,-0.0654258131980896
0.42448732256889343,-0.6628801226615906,-0.028684835880994797
0.3956591486930847,-0.6093609929084778,0.00457458570599556
0.39031949639320374,-0.5787820219993591,0.022418297827243805
0.42766207456588745,-0.6101425886154175,-0.0068533048033714294
0.46483197808265686,-0.6322677731513977,-0.03684091940522194
0.4595695734024048,-0.6201578974723816,-0.04830449819564819
0.41387438774108887,-0.5583822131156921,-0.03409183770418167
0.3507614731788635,-0.4497138559818268,-0.0033254027366638184
0.326997846364975,-0.35728874802589417,-0.002657549921423197
0.34781843423843384,-0.2813716232776642,-0.038298100233078
0.3861154317855835,-0.23838545382022858,-0.06492660194635391
0.36695852875709534,-0.19917359948158264,-0.08998667448759079
0.30882319808006287,-0.1765790730714798,-0.12163783609867096
0.23814556002616882,-0.19729207456111908,-0.11560603976249695
0.14283761382102966,-0.17677035927772522,-0.10431946069002151
0.021241402253508568,-0.14046216011047363,-0.13551945984363556
-0.09157472848892212,-0.11906983703374863,-0.2096213400363922
-0.15834122896194458,-0.12369654327630997,-0.24942947924137115
-0.3571451008319855,0.02348927967250347,-0.3757252097129822
-0.49303901195526123,0.09042757004499435,-0.40847569704055786
-0.4325575828552246,0.007405141368508339,-0.29704585671424866
-0.4112781286239624,0.010640617460012436,-0.2590092718601227
-0.4661431908607483,0.09646929800510406,-0.2804057002067566
-0.5168662667274475,0.16107012331485748,-0.2889014482498169
-0.5466378331184387,0.1969393789768219,-0.2654978036880493
-0.5735991597175598,0.2133689522743225,-0.26017335057258606
-0.6231653690338135,0.2517590820789337,-0.2874676585197449
-0.6637008190155029,0.351520299911499,-0.26725879311561584
-0.6718983054161072,0.5015318393707275,-0.15315081179141998
-0.6300131678581238,0.6020483374595642,-0.009115339256823063
-0.5511566996574402,0.5996869802474976,0.11040142178535461
-0.4415644109249115,0.507739245891571,0.187297523021698
-0.3724202513694763,0.36388856172561646,0.16700582206249237
-0.38202786445617676,0.19613099098205566,0.04126094654202461
-0.44031593203544617,0.040780164301395416,-0.08274529874324799
-0.46671825647354126,-0.06196938455104828,-0.16652114689350128
-0.42521706223487854,-0.09879621118307114,-0.19650079309940338
-0.34217438101768494,-0.07155740261077881,-0.16615886986255646
-0.23201555013656616,-0.015655867755413055,-0.10213931649923325
-0.12647901475429535,0.029725993052124977,-0.07381446659564972
-0.03221748769283295,0.02613578550517559,-0.05437285453081131
0.027993924915790558,-0.013698444701731205,-0.04278278350830078
0.059219080954790115,-0.06244785338640213,-0.06352856755256653
0.08364053070545197,-0.12095510959625244,-0.10064717382192612
0.09919554740190506,-0.18435299396514893,-0.12709927558898926
0.08624380081892014,-0.2585931420326233,-0.14372113347053528
0.03736390545964241,-0.3464508354663849,-0.15579695999622345
-0.030241236090660095,-0.46209168434143066,-0.16635985672473907
-0.09535808861255646,-0.5887101888656616,-0.17915405333042145
-0.12869606912136078,-0.6854873299598694,-0.19286827743053436
-0.11479438096284866,-0.7355679273605347,-0.20035302639007568
-0.06321693956851959,-0.7355170249938965,-0.189891055226326
0.010595194064080715,-0.6994752883911133,-0.18186496198177338
0.08371121436357498,-0.6540966629981995,-0.16656696796417236
0.13787110149860382,-0.645473837852478,-0.14101208746433258
0.15238265693187714,-0.6634493470191956,-0.13019193708896637
0.12711161375045776,-0.6881790161132812,-0.09160421043634415
0.058416698127985,-0.738929271697998,-0.06509723514318466
-0.010070465505123138,-0.7831062078475952,-0.0415869802236557
-0.06635770946741104,-0.7756813168525696,-0.025370191782712936
-0.101458340883255,-0.7540019750595093,-0.006874233949929476
-0.12364886701107025,-0.7538331151008606,0.022999510169029236
-0.13247859477996826,-0.7530350685119629,0.05096309259533882
-0.1470615416765213,-0.7575275897979736,0.06307301670312881
-0.168838232755661,-0.7886947393417358,0.070980504155159
-0.2065744400024414,-0.8223837614059448,0.07304126024246216
-0.2464781552553177,-0.8364636301994324,0.08381050825119019
-0.28762879967689514,-0.8190218210220337,0.10657840967178345
-0.34459853172302246,-0.7966054677963257,0.14411893486976624
-0.35942861437797546,-0.7483202219009399,0.2140125334262848
-0.35364699363708496,-0.6621679067611694,0.2774907052516937
-0.5585825443267822,-0.6455197334289551,0.2984093129634857
-0.8529952168464661,-0.6815775632858276,0.2772158086299896
-0.9071550965309143,-0.8606823086738586,0.356048583984375
-0.8649410009384155,-0.992775559425354,0.4068267345428467
-0.7331864237785339,-1.0382213592529297,0.4291682541370392
-0.6007997989654541,-0.9358918070793152,0.3638226389884949
-0.4827765226364136,-0.7879148721694946,0.30077311396598816
-0.37981390953063965,-0.6456450819969177,0.26900744438171387
-0.305064857006073,-0.51777583360672,0.1933760643005371
-0.2655628025531769,-0.3946446180343628,0.10239693522453308
-0.25246110558509827,-0.2845207750797272,0.04143105447292328
-0.22081153094768524,-0.1938961297273636,-0.0031888089142739773
-0.14083734154701233,-0.12388136982917786,-0.05032489448785782
-0.049179110676050186,-0.03541402146220207,-0.09252568334341049
0.017561301589012146,0.08704212307929993,-0.09546821564435959
0.07438500225543976,0.1651175171136856,-0.0728558823466301
0.09389292448759079,0.15841886401176453,-0.05989294871687889
0.08741620928049088,0.1141040101647377,-0.04231514409184456
0.06273163110017776,0.06834398210048676,-0.013465387746691704
0.0686342790722847,0.027000127360224724,0.004155292175710201
0.11055243760347366,0.00489402562379837,0.0230160653591156
0.18612231314182281,0.012260308489203453,0.06921446323394775
0.25086352229118347,0.033571988344192505,0.0712192952632904
0.2925293743610382,0.03387018293142319,0.024457212537527084
0.31894341111183167,0.051233723759651184,-0.05062209069728851
0.35073450207710266,0.09207862615585327,-0.14615848660469055
0.38611993193626404,0.14887799322605133,-0.21246959269046783
0.43420013785362244,0.24362444877624512,-0.22673773765563965
0.4818073511123657,0.32940274477005005,-0.2243906855583191
0.5236364006996155,0.3524594306945801,-0.2143498808145523
0.5243860483169556,0.323994517326355,-0.2060525268316269
0.5035845637321472,0.28888243436813354,-0.1781592220067978
0.438711017370224,0.2257213145494461,-0.13412198424339294
0.29935359954833984,0.08474313467741013,-0.05288119614124298
0.12950755655765533,-0.07204381376504898,0.027349993586540222
-0.0009905893821269274,-0.24200750887393951,0.060041069984436035
-0.04625048115849495,-0.3381425738334656,0.0548979714512825
-0.010317402891814709,-0.30900663137435913,0.038131341338157654
0.0700586587190628,-0.2175195813179016,-0.003361507784575224
0.16163793206214905,-0.1175435334444046,-0.06818809360265732
0.2581716477870941,0.009776338934898376,-0.15969404578208923
0.3547269105911255,0.14250275492668152,-0.24426305294036865
0.41020748019218445,0.33902645111083984,-0.31192731857299805
0.3274775445461273,0.5678513050079346,-0.35745710134506226
-0.6114270687103271,0.6926220059394836,-0.3913455605506897
-1.9816570281982422,0.28805628418922424,-0.31687501072883606
-2.539947986602783,-0.7590800523757935,0.1512908935546875
-2.1308748722076416,-1.5598498582839966,0.2185060679912567
-1.6165024042129517,-1.3647243976593018,0.1765138804912567
-0.8641251921653748,-1.1023871898651123,0.19696873426437378
-0.034017328172922134,-0.5487218499183655,0.22404083609580994
0.736247718334198,0.20522640645503998,0.3660851716995239
1.2629224061965942,0.812997579574585,0.5143558979034424
1.5169636011123657,1.0952260494232178,0.5870175957679749
1.548167109489441,1.1512714624404907,0.5879310369491577
1.4055720567703247,1.0282351970672607,0.5530349016189575
1.1428544521331787,0.7622003555297852,0.5055363178253174
0.8285472989082336,0.46795397996902466,0.4278384745121002
0.5409680008888245,0.1866634488105774,0.3352680504322052
0.31867673993110657,-0.022410010918974876,0.27321282029151917
0.1539176106452942,-0.12500163912773132,0.24005061388015747
0.07298873364925385,-0.09394484758377075,0.2308426797389984
0.08148501813411713,0.0945664644241333,0.2099408656358719
0.09633132070302963,0.28037312626838684,0.1873723715543747
0.04726284742355347,0.3918170928955078,0.18425939977169037
-0.02953660860657692,0.48829421401023865,0.18968120217323303
-0.08370556682348251,0.5559990406036377,0.19746296107769012
-0.1624952256679535,0.5019065737724304,0.204746812582016
-0.30576586723327637,0.4148961007595062,0.20798280835151672
-0.4649527370929718,0.336796373128891,0.22161030769348145
-0.6282316446304321,0.1953047811985016,0.23036065697669983
-0.7720629572868347,0.05174581706523895,0.23078353703022003
-0.8234744668006897,-0.125893697142601,0.21873272955417633
-0.7941569089889526,-0.31501156091690063,0.19040696322917938
-0.7256721258163452,-0.3594597280025482,0.16097024083137512
-0.609452486038208,-0.23066559433937073,0.09415878355503082
-0.467037558555603,-0.0770411565899849,0.0443590022623539
-0.3184267282485962,0.12892141938209534,-0.006563370116055012
-0.1583835482597351,0.38561686873435974,-0.06976896524429321
-0.041593898087739944,0.5720852613449097,-0.13512960076332092
0.046914130449295044,0.7106183767318726,-0.17774151265621185
0.10518138855695724,0.7815924286842346,-0.19342254102230072
0.11451416462659836,0.7091520428657532,-0.1682490110397339
0.09020813554525375,0.5702872276306152,-0.09823324531316757
0.04237456992268562,0.4505896270275116,-0.025022413581609726
-0.020697418600320816,0.35754576325416565,0.01909196749329567
-0.06766971945762634,0.31433701515197754,0.05153139680624008
-0.07066155970096588,0.33588817715644836,0.10999410599470139
-0.03519624471664429,0.3975321054458618,0.17936334013938904
0.02947058342397213,0.4366188645362854,0.219364732503891
0.11622864753007889,0.46716931462287903,0.21932744979858398
0.208392933011055,0.524896502494812,0.20528806746006012
0.28351032733917236,0.6358065009117126,0.16852286458015442
0.3253231942653656,0.7420667409896851,0.11862952262163162
0.3468140959739685,0.7946841716766357,0.06275986135005951
0.3425804674625397,0.8089555501937866,0.012565400451421738
0.32395830750465393,0.7942774891853333,-0.03762666508555412
0.29641634225845337,0.7691386938095093,-0.08372128754854202
0.264310359954834,0.728364109992981,-0.10873236507177353
0.22509512305259705,0.6776307821273804,-0.11371050775051117
0.17798061668872833,0.5779556035995483,-0.1405234932899475
0.13036538660526276,0.46558472514152527,-0.13874171674251556
0.09819652140140533,0.3859250545501709,-0.11242648959159851
0.07667083293199539,0.3510957658290863,-0.1275346875190735
0.08528056740760803,0.345668762922287,-0.14322657883167267
0.10803093761205673,0.3459837734699249,-0.12003382295370102
0.1335648000240326,0.35833150148391724,-0.11425822973251343
0.15585863590240479,0.34661370515823364,-0.1364733874797821
0.1766834855079651,0.3105025887489319,-0.12335199862718582
0.18139968812465668,0.28120169043540955,-0.1109379380941391
0.1657448261976242,0.26212307810783386,-0.13643798232078552
0.1304372102022171,0.23844031989574432,-0.13476543128490448
0.09172816574573517,0.22126613557338715,-0.09434264898300171
0.06372697651386261,0.2186240553855896,-0.10062374919652939
0.0505206324160099,0.20804890990257263,-0.1228528842329979
0.044437672942876816,0.1911846250295639,-0.10980679839849472
0.05168253928422928,0.18018843233585358,-0.1108025535941124
0.060042604804039,0.158344104886055,-0.14532721042633057
0.07218901813030243,0.13825054466724396,-0.1444835215806961
0.10044409334659576,0.13811711966991425,-0.1067180335521698
0.13108882308006287,0.14132331311702728,-0.11253330856561661
0.15276087820529938,0.124143585562706,-0.11777234077453613
0.1514064073562622,0.09603391587734222,-0.08057224005460739
0.13024654984474182,0.06255412846803665,-0.06698682904243469
0.10176856815814972,0.026586011052131653,-0.07458535581827164
0.08094318956136703,-0.012278199195861816,-0.04442966356873512
0.07867790013551712,-0.04346860945224762,-0.014044864103198051
0.0892568901181221,-0.06717564165592194,-0.03649042174220085
0.11152917146682739,-0.08993501216173172,-0.04666263237595558
0.14140619337558746,-0.0870591476559639,-0.02295508421957493
0.15670526027679443,-0.06729529798030853,-0.030626852065324783
0.15540049970149994,-0.06875450909137726,-0.05641498789191246
0.1455172449350357,-0.07714958488941193,-0.03979233279824257
0.12124539911746979,-0.08607087284326553,-0.026169225573539734
0.08343756943941116,-0.10461259633302689,-0.05046204850077629
0.039102405309677124,-0.12153893709182739,-0.04256622493267059
-0.0030764711555093527,-0.12137940526008606,-0.004212443716824055
-0.024191593751311302,-0.11818801611661911,-0.0026908395811915398
-0.025171637535095215,-0.12490264326334,0.002332414733245969
-0.012191923335194588,-0.1167839989066124,0.048518020659685135
0.007299219723790884,-0.08399409800767899,0.07108750939369202
0.03755849599838257,-0.047388456761837006,0.06662223488092422
0.08210891485214233,-0.016135727986693382,0.09232253581285477
0.13130545616149902,0.01478189043700695,0.11087790876626968
0.18011267483234406,0.029748326167464256,0.08622343093156815
0.20911209285259247,0.0349980928003788,0.06995324045419693
0.22191071510314941,0.038944099098443985,0.08987501263618469
0.22162926197052002,0.04985351115465164,0.06868982315063477
0.21752558648586273,0.036516934633255005,0.01978220045566559
0.20598387718200684,0.0242557805031538,0.009954800829291344
0.19403506815433502,0.015077726915478706,-0.015199020504951477
0.17723385989665985,0.008115263655781746,-0.08005667477846146
0.16280272603034973,0.0038227811455726624,-0.10363976657390594
0.1616305261850357,0.023929009214043617,-0.09890297055244446
0.16802583634853363,0.0530536025762558,-0.13148994743824005
0.17315329611301422,0.06833750754594803,-0.150120347738266
0.1790386140346527,0.0910678580403328,-0.12619183957576752
0.16942936182022095,0.10419369488954544,-0.1267278641462326
0.13842163980007172,0.09534560889005661,-0.1522044688463211
0.08593631535768509,0.07121308892965317,-0.13860313594341278
0.029649607837200165,0.06021822988986969,-0.11296088993549347
-0.02574622444808483,0.04819841682910919,-0.13280020654201508
-0.053080376237630844,0.028415126726031303,-0.12720970809459686
-0.06347561627626419,0.02381546050310135,-0.09158848971128464
-0.06464926898479462,0.03598291054368019,-0.09182523936033249
-0.07914423942565918,0.043614402413368225,-0.1087551862001419
-0.08247345685958862,0.03141659498214722,-0.07724093645811081
-0.06481846421957016,0.008716054260730743,-0.055637579411268234
-0.044866859912872314,-0.008018983528017998,-0.0687033161520958
-0.029048416763544083,-0.01602022722363472,-0.05402527377009392
-0.00911785289645195,-0.015389058738946915,-0.008553662337362766
0.02447604574263096,-0.010498818010091782,-0.008019039407372475
0.05577005073428154,-0.0020312974229454994,-0.0035651694051921368
0.0847155749797821,0.018349342048168182,0.036466922610998154
0.09463105350732803,0.03907299414277077,0.04306170716881752
0.0873088538646698,0.05918315798044205,0.020565621554851532
0.056691285222768784,0.07884607464075089,0.03139083832502365
0.017025381326675415,0.10383340716362,0.05100267753005028
-0.03469427302479744,0.1253272444009781,0.024206483736634254
-0.09965895116329193,0.13542696833610535,0.021949511021375656
-0.17582882940769196,0.16701124608516693,0.05261155217885971
-0.26427435874938965,0.21769239008426666,0.05061723291873932
-0.3555435538291931,0.24932703375816345,0.03077535144984722
-0.44416695833206177,0.2855168879032135,0.05434788763523102
-0.5102389454841614,0.3177512586116791,0.05805181339383125
-0.5490646958351135,0.3572053611278534,0.03647366166114807
-0.571150004863739,0.4103474020957947,0.0593574084341526
-0.5769937634468079,0.4541186988353729,0.09275519847869873
-0.5789700746536255,0.4590087831020355,0.09229686856269836
-0.5685968399047852,0.4522794485092163,0.09385140985250473
-0.5470316410064697,0.45255401730537415,0.13617275655269623
-0.5302107930183411,0.4625750780105591,0.1485816389322281
-0.506595253944397,0.4746847450733185,0.13071209192276
-0.48202887177467346,0.4965737760066986,0.14807698130607605
-0.4373934864997864,0.5118706822395325,0.16419151425361633
-0.3689054250717163,0.5210726857185364,0.13590669631958008
-0.291894793510437,0.5092655420303345,0.12716539204120636
-0.19160671532154083,0.47831156849861145,0.15641576051712036
-0.0752076581120491,0.41731932759284973,0.15071260929107666
0.03859463334083557,0.3003949522972107,0.15161341428756714
0.14514291286468506,0.08097842335700989,0.11117677390575409
0.2677552402019501,-0.2863062620162964,0.030410710722208023
0.4152538776397705,-0.8187237977981567,-0.04929929971694946
0.5726004242897034,-1.4361244440078735,-0.13790778815746307
0.7369065284729004,-1.94935142993927,-0.23216557502746582
0.9814728498458862,-2.273474931716919,-0.31588125228881836
1.3336637020111084,-2.3804423809051514,-0.34789538383483887
1.748416543006897,-2.250471591949463,-0.3128112852573395
2.1793198585510254,-1.882359266281128,-0.20032359659671783
2.605635166168213,-1.3593405485153198,-0.04109824821352959
2.9505772590637207,-0.7067564129829407,0.13154543936252594
3.12111496925354,-0.009872219525277615,0.2625533640384674
3.0264174938201904,0.5587326288223267,0.33087438344955444
2.677140474319458,0.9101954102516174,0.35198459029197693
2.1378300189971924,1.0504822731018066,0.3232315182685852
1.4897184371948242,0.9275079369544983,0.2400345653295517
0.8641051054000854,0.6864835619926453,0.12399744242429733
0.3121989965438843,0.36517608165740967,0.0694785788655281
-0.11513344198465347,0.05903372913599014,0.046193234622478485
-0.39475661516189575,-0.1585203856229782,0.036123793572187424
-0.5418562889099121,-0.2580219507217407,0.030493073165416718
-0.5643129348754883,-0.2253350466489792,0.01023353636264801
-0.5005369186401367,-0.1024266928434372,-0.013943438418209553
-0.3843827247619629,0.04885375499725342,-0.042434580624103546
-0.26145920157432556,0.1991625726222992,-0.07302045077085495
-0.15874435007572174,0.31135907769203186,-0.08790799975395203
-0.09192430227994919,0.3593180775642395,-0.08593885600566864
-0.06999722868204117,0.3415157198905945,-0.07368061691522598
-0.07521089911460876,0.2755076587200165,-0.047174181789159775
-0.09107381105422974,0.18005581200122833,-0.013605961576104164
-0.11110638082027435,0.09316671639680862,0.018211357295513153
-0.12711383402347565,0.03341586887836456,0.049657613039016724
-0.10879980772733688,-0.0042809126898646355,0.07213548570871353
-0.058953773230314255,-0.012115584686398506,0.08507677167654037
0.00351945823058486,0.004448479041457176,0.09128619730472565
0.06028680503368378,0.03411123901605606,0.08213616907596588
0.10514961928129196,0.07392922788858414,0.06604454666376114
0.138783261179924,0.10064318776130676,0.03812337666749954
0.1598062664270401,0.1142500713467598,0.012978345155715942
0.16861161589622498,0.1203499287366867,-0.005415731109678745
0.15923568606376648,0.12763287127017975,-0.02454708144068718
0.14230839908123016,0.12954190373420715,-0.04034421965479851
0.1168520450592041,0.13042022287845612,-0.0529542900621891
0.10190949589014053,0.1337914764881134,-0.07558818906545639
0.0857776626944542,0.14723989367485046,-0.09936675429344177
0.060951560735702515,0.16014878451824188,-0.11600939184427261
0.02668732963502407,0.173833429813385,-0.1306711733341217
-0.006528852973133326,0.18075673282146454,-0.1465567797422409
-0.02362634800374508,0.16397401690483093,-0.15525944530963898
-0.03175286203622818,0.13731564581394196,-0.15845003724098206
-0.04172053933143616,0.10941050946712494,-0.15831980109214783
-0.05003794655203819,0.07289362698793411,-0.15467007458209991
-0.07318934053182602,0.04258498549461365,-0.14267094433307648
-0.106255441904068,0.026064617559313774,-0.13709908723831177
-0.1402733325958252,0.02489815466105938,-0.1285439431667328
-0.18604439496994019,0.03122609294950962,-0.12340806424617767
-0.23989243805408478,0.04895688593387604,-0.11306168138980865
-0.31124985218048096,0.0754641517996788,-0.09168718010187149
-0.38977980613708496,0.10954888164997101,-0.06196817010641098
-0.4863564372062683,0.16861777007579803,-0.03500201925635338
-0.6127839088439941,0.2589612305164337,-0.013189399614930153
-0.746247410774231,0.3442414700984955,-0.0004421081393957138
-0.8664997816085815,0.40812990069389343,-0.0021561188623309135
-0.974579930305481,0.47054871916770935,-0.008275475353002548
-1.0924290418624878,0.5590671300888062,-0.003262607380747795
-1.2097913026809692,0.667620837688446,-0.003966788295656443
-1.3213648796081543,0.7728708386421204,-0.021063748747110367
-1.4100706577301025,0.8385863304138184,-0.04026980698108673
-1.4721146821975708,0.8869922161102295,-0.051973335444927216
-1.5062012672424316,0.8991767168045044,-0.05440692976117134
-1.4925507307052612,0.8702763319015503,-0.05797290429472923
-1.4437938928604126,0.804975688457489,-0.0746784433722496
-1.3717575073242188,0.714053213596344,-0.10206373035907745
-1.2996606826782227,0.6239489316940308,-0.12524819374084473
-1.2196472883224487,0.5499990582466125,-0.14188122749328613
-1.1212115287780762,0.4746412932872772,-0.16279509663581848
-1.0012547969818115,0.4034712612628937,-0.18911805748939514
-0.8574013113975525,0.33625495433807373,-0.21088248491287231
-0.7009952068328857,0.27371540665626526,-0.2227412760257721
-0.5216075778007507,0.21666420996189117,-0.23148216307163239
-0.3231070041656494,0.1511877328157425,-0.2305002510547638
-0.07597076147794724,0.056270748376846313,-0.2055940479040146
0.22063453495502472,-0.0739985778927803,-0.16053283214569092
0.5753107070922852,-0.2609789967536926,-0.07855923473834991
0.9701778888702393,-0.5233496427536011,0.008964484557509422
1.3574419021606445,-0.7470369338989258,0.054079677909612656
1.707541584968567,-0.9396055936813354,0.08039384335279465
1.969430685043335,-1.0930582284927368,0.09301506727933884
2.0973639488220215,-1.201169729232788,0.07793278247117996
2.0432355403900146,-1.1487627029418945,0.05249498784542084
1.8285901546478271,-0.9571799635887146,0.020465414971113205
1.5530961751937866,-0.6978746652603149,-0.004514194559305906
1.2881911993026733,-0.4704391062259674,-0.01664648950099945
1.065582513809204,-0.29725486040115356,-0.01924143359065056
0.8656438589096069,-0.19792719185352325,-0.0169559083878994
0.6628400087356567,-0.18688878417015076,-0.003976347390562296
0.42810022830963135,-0.23869392275810242,0.02622230164706707
0.16857418417930603,-0.30356574058532715,0.05199918895959854
-0.09314452111721039,-0.31613028049468994,0.06150161474943161
-0.29457715153694153,-0.30451565980911255,0.03821036219596863
-0.4040359854698181,-0.27517348527908325,-0.001898439135402441
-0.42013081908226013,-0.22716300189495087,-0.051663149148225784
-0.3814539909362793,-0.1724664568901062,-0.07159291952848434
-0.3304751515388489,-0.08679607510566711,-0.07518522441387177
-0.2801171839237213,-0.006617609411478043,-0.06866314262151718
-0.2217794805765152,0.05019708350300789,-0.05345875024795532
-0.16689279675483704,0.06307293474674225,-0.035791605710983276
-0.12017879635095596,0.0377899631857872,-0.0025668498128652573
-0.08939585089683533,-0.006584957242012024,0.026036832481622696
-0.08351457118988037,-0.05579175055027008,0.044608764350414276
-0.091667041182518,-0.10110437124967575,0.051045626401901245
-0.10697249323129654,-0.1397516429424286,0.046290550380945206
-0.12623034417629242,-0.1815592646598816,0.03628239408135414
-0.13768412172794342,-0.22523239254951477,0.021394452080130577
-0.15199275314807892,-0.2798825800418854,0.01226646825671196
-0.17544063925743103,-0.308683842420578,0.018837295472621918
-0.20251992344856262,-0.2916979491710663,0.014734961092472076
-0.2167857438325882,-0.26306912302970886,6.82794488966465e-05
-0.2095762938261032,-0.22417472302913666,-0.01027384027838707
-0.1862681359052658,-0.17801526188850403,-0.019652385264635086
-0.15913185477256775,-0.13861751556396484,-0.021831385791301727
-0.13301564753055573,-0.11004769802093506,-0.02179166115820408
-0.11381293833255768,-0.07459916174411774,-0.02655312791466713
-0.08700275421142578,-0.038837455213069916,-0.038248371332883835
-0.04974938929080963,-0.028365638107061386,-0.047881823033094406
-0.01945989392697811,-0.01977643370628357,-0.052955131977796555
-0.0013181740650907159,-0.00897917989641428,-0.058436185121536255
0.003906083293259144,-0.006431553512811661,-0.057721421122550964
-0.010947964154183865,-0.011251341551542282,-0.05527317896485329
-0.03294166177511215,-0.015225189737975597,-0.05488714203238487
-0.06359092146158218,-0.0021141814067959785,-0.056584641337394714
-0.0842246413230896,0.0016886275261640549,-0.048622407019138336
-0.10232082009315491,0.006332915276288986,-0.04134824872016907
-0.11126559227705002,0.01098320260643959,-0.04279128834605217
-0.09820438921451569,0.030494054779410362,-0.044748447835445404
-0.07443291693925858,0.05850229412317276,-0.05477209389209747
-0.04744390770792961,0.07983740419149399,-0.05686826631426811
-0.02514411322772503,0.09280441701412201,-0.05215616896748543
-0.008946501649916172,0.09790810197591782,-0.04180046543478966
0.00206189276650548,0.09127528965473175,-0.02237331122159958
0.011378428898751736,0.07971397787332535,-0.005040127318352461
0.02377033606171608,0.07735921442508698,0.0037182378582656384
0.033549197018146515,0.06577366590499878,0.011718640103936195
0.04578177258372307,0.05451289564371109,0.018545234575867653
0.0442776195704937,0.04097125679254532,0.0219572763890028
0.03392183780670166,0.03158598393201828,0.028102785348892212
0.019613470882177353,0.019823072478175163,0.030572334304451942
0.006269341334700584,0.004863256588578224,0.028243176639080048
-0.005735389422625303,-0.014178876765072346,0.02018951252102852
-0.014910166151821613,-0.026979444548487663,0.013009445741772652
-0.013473124243319035,-0.04193522408604622,0.012305039912462234
-0.01701992005109787,-0.04486885666847229,0.01321655698120594
-0.018147237598896027,-0.03482634574174881,0.014164909720420837
-0.022109726443886757,-0.021113377064466476,0.008815079927444458
-0.016377538442611694,-0.005187938921153545,-0.0020250515080988407
-0.009004855528473854,-0.0037599168717861176,-0.0009300140663981438
-0.00016635691281408072,0.0008223187178373337,-0.002174242865294218
0.00626303069293499,0.008246025070548058,-0.0050814892165362835
0.012980321422219276,0.019955411553382874,-0.009491950273513794
0.027301298454403877,0.0319061204791069,-0.01179829053580761
0.04538416117429733,0.04153238236904144,-0.0011224760673940182
0.05543515086174011,0.04596633464097977,0.004232804756611586
0.05939606949687004,0.04407363384962082,0.006511405110359192
0.06346390396356583,0.03480995446443558,0.0036952660884708166
0.059920042753219604,0.03210844099521637,-0.0019506355747580528
0.059763774275779724,0.014042150229215622,-0.0013368334621191025
0.04997372627258301,-0.008754241280257702,-0.003277745097875595
0.02857724390923977,-0.02622867375612259,-0.00631234934553504
0.010457630269229412,-0.04519091546535492,-0.007599987555295229
-0.00739568006247282,-0.06672445684671402,-0.00498312059789896
-0.009236989542841911,-0.08954295516014099,0.0037541782949119806
0.0011669937521219254,-0.10690099000930786,0.015931833535432816
0.030648453161120415,-0.12519477307796478,0.027245473116636276
0.055574286729097366,-0.13396644592285156,0.03423657640814781
0.0808897614479065,-0.13079887628555298,0.03971469774842262
0.10759266465902328,-0.10505877435207367,0.04293006286025047
0.13244128227233887,-0.07881385833024979,0.03509850427508354
0.1544821709394455,-0.052672021090984344,0.02170201949775219
0.16334863007068634,-0.027945905923843384,0.008979832753539085
0.16855843365192413,-0.005316304974257946,-0.005501853302121162
0.16962368786334991,0.008447177708148956,-0.0141243701800704
0.1756822168827057,0.01513931155204773,-0.008892977610230446
0.18054966628551483,0.022881120443344116,0.009859937243163586
0.18507331609725952,0.04367641359567642,0.027861308306455612
0.18019120395183563,0.04955773800611496,0.04315078258514404
0.1614249348640442,0.04708968102931976,0.05292442813515663
0.12034514546394348,0.047776512801647186,0.044526949524879456
0.062328040599823,0.043137308210134506,0.038915906101465225
-0.00034413079265505075,0.03549643233418465,0.02481047436594963
-0.05376308411359787,0.024564750492572784,0.01047009602189064
-0.09415231645107269,0.018961459398269653,0.0053597562946379185
-0.1256483793258667,0.009418491274118423,0.0031594918109476566
-0.13578782975673676,0.0024215690791606903,0.004782156087458134
-0.13918478786945343,-0.0008083749562501907,0.00979005079716444
-0.12326734513044357,0.0006888546049594879,0.011395936831831932
-0.10280390828847885,0.0035087950527668,0.011960596777498722
-0.07833025604486465,0.010447127744555473,0.018499456346035004
-0.05917425453662872,0.025114959105849266,0.019656682386994362
-0.03845139965415001,0.02959359996020794,0.0185549333691597
-0.019002927467226982,0.022065043449401855,0.01605774275958538
-0.007353728637099266,0.003957413136959076,0.018966713920235634
-0.010117074474692345,-0.004761075600981712,0.021911215037107468
-0.01954839378595352,-0.012516200542449951,0.016413917765021324
-0.024435101076960564,-0.023205623030662537,0.004154324997216463
-0.023900872096419334,-0.027294106781482697,-0.0065164281986653805
-0.012087813578546047,-0.015481041744351387,-0.01990024372935295
0.005979071371257305,-0.011341956444084644,-0.0308503657579422
0.025589950382709503,0.005552543327212334,-0.03347375616431236
0.03719334304332733,0.0287590641528368,-0.0263532642275095
0.04524935781955719,0.03927727788686752,-0.005240325350314379
0.03596904128789902,0.03720347583293915,-0.0022085830569267273
0.01634041592478752,0.004305489361286163,-0.005281899590045214
0.0036200929898768663,-0.06590662151575089,-0.0003268222790211439
-0.009434333071112633,-0.13792550563812256,-0.007445131428539753
-0.017675751820206642,-0.18560141324996948,-0.02370932139456272
-0.024882826954126358,-0.2382587343454361,-0.026126420125365257
-0.03553547337651253,-0.2929408848285675,-0.016894038766622543
-0.06592882424592972,-0.37405723333358765,0.006532142870128155
-0.14366942644119263,-0.5479658842086792,0.04161609709262848
-0.2826879918575287,-0.8604739904403687,0.08972819149494171
-0.48169004917144775,-1.2157875299453735,0.19709087908267975
-0.6682583689689636,-1.539635181427002,0.3464414179325104
-0.7517884373664856,-1.7841272354125977,0.45466241240501404
-0.667242705821991,-1.9455585479736328,0.5800305604934692
-0.4646298885345459,-2.065500497817993,0.7046177983283997
-0.09040405601263046,-2.3863792419433594,0.7050259113311768
0.46087029576301575,-3.0405666828155518,0.5118029117584229
1.1981133222579956,-4.047279357910156,0.3332120478153229
1.9535516500473022,-4.763460159301758,0.4690476357936859
2.6006851196289062,-5.12332820892334,0.7369340062141418
3.034846067428589,-5.088893413543701,1.005460262298584
3.227759838104248,-4.74909782409668,1.166723370552063
3.1571998596191406,-4.216468811035156,1.1889266967773438
2.8429694175720215,-3.586322546005249,1.0733025074005127
2.325127363204956,-2.942370653152466,0.8526167869567871
1.697817325592041,-2.290454387664795,0.5905035734176636
1.0840002298355103,-1.6545270681381226,0.3229464292526245
0.5672740340232849,-1.2214864492416382,0.05883200839161873
0.23662926256656647,-1.0398684740066528,-0.18352550268173218
0.10641133785247803,-1.0442222356796265,-0.38899531960487366
0.11180290579795837,-1.2405197620391846,-0.5860940217971802
0.24447132647037506,-1.6939051151275635,-0.7780477404594421
0.5537309646606445,-2.432971715927124,-0.9999995827674866
1.088330626487732,-3.0138533115386963,-1.1491087675094604
1.713154911994934,-3.516012668609619,-1.1693158149719238
2.3671822547912598,-4.1072282791137695,-1.1627976894378662
3.0087790489196777,-4.874599456787109,-1.2092232704162598
3.578000545501709,-5.830435276031494,-1.3427037000656128
3.8621275424957275,-7.214870929718018,-1.4288759231567383
3.378950357437134,-9.148016929626465,-1.2414484024047852
2.92390775680542,-8.618029594421387,-0.983564555644989
2.34171724319458,-7.708977222442627,-0.9323793053627014
1.5882823467254639,-9.152669906616211,-0.7167407870292664
0.6467428803443909,-8.632670402526855,-0.028334559872746468
-0.5931016206741333,-5.384462833404541,1.013629674911499
-1.8414760828018188,-4.897868633270264,1.54901123046875
-2.8330185413360596,-4.9573187828063965,1.6677197217941284
-3.4776268005371094,-5.618732452392578,1.7359583377838135
-3.7057712078094482,-5.581962585449219,1.7403194904327393
-3.257295846939087,-4.724001407623291,1.3841722011566162
-2.0750021934509277,-3.4449310302734375,0.7652852535247803
-0.5466253757476807,-2.811593532562256,0.2437801957130432
0.6475381851196289,-2.969672679901123,-0.10186827927827835
1.2211116552352905,-3.4923465251922607,-0.28598979115486145
1.409513235092163,-3.786010503768921,-0.243386909365654
1.3586652278900146,-3.8134446144104004,0.054509010165929794
1.2229512929916382,-3.6912808418273926,0.4420338273048401
1.1471940279006958,-3.712026357650757,0.6761372089385986
1.143257975578308,-3.9160096645355225,0.6828523874282837
1.1472818851470947,-4.139811038970947,0.5856476426124573
1.0608737468719482,-4.428936004638672,0.4071985185146332
0.8296686410903931,-4.827667713165283,0.13947860896587372
0.4811785817146301,-5.331589698791504,-0.20944103598594666
0.09673526138067245,-5.9470438957214355,-0.5066952109336853
-0.2662429213523865,-6.418891429901123,-0.6898535490036011
-0.4197481572628021,-6.539546489715576,-0.7527216672897339
-0.37473833560943604,-6.452301979064941,-0.7701118588447571
-0.06973176449537277,-6.627725124359131,-0.814747154712677
0.19726477563381195,-6.40975284576416,-0.8629253506660461
0.38625407218933105,-5.842249870300293,-0.8343411087989807
0.564760148525238,-5.0264201164245605,-0.8271324634552002
0.7133283019065857,-4.0410847663879395,-0.8595709800720215
0.7518588900566101,-3.187635898590088,-0.9267071485519409
0.6645180583000183,-2.664917230606079,-0.9945827722549438
0.4600440263748169,-2.466063976287842,-1.003466248512268
0.18118785321712494,-2.492579221725464,-0.9052054286003113
-0.11725448817014694,-2.5994725227355957,-0.6631744503974915
-0.3650718927383423,-2.767874240875244,-0.27388831973075867
-0.48977360129356384,-3.008391857147217,0.17380265891551971
-0.4483339488506317,-3.1593565940856934,0.5712255835533142
-0.315012127161026,-3.174325704574585,0.825132429599762
-0.2754409611225128,-3.018413543701172,0.8647804856300354
-0.3171063959598541,-2.7043297290802,0.8282504677772522
-0.36666399240493774,-2.282099485397339,0.7620483636856079
-0.5003251433372498,-1.7702966928482056,0.6371330618858337
-0.7024893760681152,-1.2708816528320312,0.5339363813400269
-0.8943038582801819,-0.8562612533569336,0.5137472748756409
-1.064840316772461,-0.5328608751296997,0.5899099111557007
-1.1568450927734375,-0.3637104630470276,0.7444779276847839
-1.1892863512039185,-0.30624446272850037,0.9175612926483154
-1.2018641233444214,-0.31664037704467773,1.0890605449676514
-1.1819149255752563,-0.33671411871910095,1.259387493133545
-0.9278075695037842,-0.5293866395950317,1.4074538946151733
0.2311958372592926,-0.855149507522583,1.414145827293396
1.1089500188827515,-0.24977652728557587,1.3189666271209717
1.7129871845245361,0.5834323167800903,0.9990267157554626
2.163778066635132,0.47058433294296265,0.6033033132553101
2.432093620300293,-0.10275550931692123,0.5079039931297302
2.4323275089263916,-0.5265451073646545,0.4692116975784302
2.2589690685272217,-0.5075549483299255,0.4484920799732208
2.2015860080718994,-0.14465373754501343,0.5125643014907837
2.3531041145324707,0.2440432757139206,0.6212770342826843
2.4725823402404785,0.4295310974121094,0.6788141131401062
2.521967887878418,0.5500282049179077,0.7437907457351685
2.5226898193359375,0.6743528246879578,0.8574049472808838
2.5815296173095703,0.7762309312820435,0.9489803910255432
2.7132232189178467,0.8353094458580017,0.866356611251831
2.7018203735351562,0.7165920734405518,0.7439016103744507
2.627711057662964,0.5196875333786011,0.6527288556098938
2.5189759731292725,0.3153524696826935,0.6708218455314636
2.323885202407837,0.06614769250154495,0.7788002490997314
2.0693235397338867,-0.1474960893392563,0.8357065916061401
1.7476128339767456,-0.1720229983329773,0.8164583444595337
1.4319709539413452,-0.11756491661071777,0.7650706171989441
1.108165979385376,-0.01742154359817505,0.6908014416694641
0.7771860957145691,0.06619900465011597,0.57938551902771
0.4852790832519531,0.12067876756191254,0.4490671455860138
0.279660701751709,0.18962222337722778,0.35504791140556335
0.18673184514045715,0.2394678294658661,0.3134938180446625
0.1784590631723404,0.18576231598854065,0.2777844965457916
0.225282222032547,0.054246895015239716,0.23287135362625122
0.2770240306854248,-0.10053859651088715,0.1755477637052536
0.3201483488082886,-0.23081670701503754,0.11102602630853653
0.35847967863082886,-0.2963162064552307,0.06726107746362686
0.39133909344673157,-0.3049485683441162,0.04204333946108818
0.4082055389881134,-0.2639724612236023,0.037055604159832
0.40503770112991333,-0.2101326733827591,0.04951067641377449
0.3673507273197174,-0.16473829746246338,0.07538994401693344
0.29909923672676086,-0.09495523571968079,0.1010068878531456
0.2298182249069214,0.008683867752552032,0.11813975125551224
0.16329032182693481,0.13072802126407623,0.14344829320907593
0.09428098797798157,0.25418633222579956,0.18221323192119598
0.030194150283932686,0.3544849753379822,0.2421300858259201
-0.023139316588640213,0.420938104391098,0.3055649399757385
-0.060152992606163025,0.44193127751350403,0.3653917908668518
0.053102049976587296,0.38719800114631653,0.38253265619277954
0.26704949140548706,0.014127759262919426,0.29042401909828186
0.2981097102165222,-0.4896587133407593,0.20942111313343048
0.2777104079723358,-0.5452280044555664,0.16016648709774017
0.2255849391222,-0.39333850145339966,0.10733379423618317
0.11153879016637802,-0.18468861281871796,0.030465640127658844
-0.00020251410023774952,-0.0075964052230119705,-0.06101977452635765
-0.01664380542933941,0.14163942635059357,-0.08277513831853867
-0.002416965551674366,0.13872967660427094,-0.032311443239450455
0.009508403018116951,0.07414322346448898,0.06634455919265747
0.023388564586639404,0.03940705955028534,0.15484009683132172
0.05814041942358017,0.027532553300261497,0.1919459104537964
0.1300630122423172,0.004351114854216576,0.1969906985759735
0.2673204839229584,-0.021109770983457565,0.19341780245304108
0.42368170619010925,-0.023774510249495506,0.17027224600315094
0.5457046031951904,-0.00033230148255825043,0.13290676474571228
0.6275835037231445,0.07677561044692993,0.04501676186919212
0.6368417143821716,0.11693314462900162,-0.03997322916984558
0.5495174527168274,0.13501068949699402,-0.10032285749912262
0.403067409992218,0.18895994126796722,-0.0956905409693718
0.2389606535434723,0.25828999280929565,-0.05749785527586937
0.09780300408601761,0.31499242782592773,-0.011342344805598259
0.009166046977043152,0.3467472195625305,0.03743014112114906
-0.015490829013288021,0.32138460874557495,0.07583292573690414
0.026338765397667885,0.2727041244506836,0.10357647389173508
0.09093267470598221,0.24949654936790466,0.1164746955037117
0.15731243789196014,0.2611609697341919,0.12285156548023224
0.2084195762872696,0.2881917953491211,0.12245236337184906
0.22538365423679352,0.31560254096984863,0.1177852526307106
0.2076059877872467,0.3624107837677002,0.11446163058280945
0.16654746234416962,0.4113490581512451,0.10704657435417175
0.10446731746196747,0.4387553930282593,0.08155373483896255
0.030532633885741234,0.4012848138809204,0.024211794137954712
0.008751172572374344,0.32027438282966614,-0.04102553054690361
0.05818380042910576,0.2629585862159729,-0.0814400240778923
0.15312975645065308,0.22498056292533875,-0.09037040174007416
0.24243929982185364,0.19018270075321198,-0.07033095508813858
0.3136967122554779,0.1921616941690445,-0.04589805006980896
0.3377120792865753,0.2463897317647934,-0.023290447890758514
0.32465940713882446,0.30991223454475403,-0.010525915771722794
0.2855927348136902,0.42293521761894226,0.008709844201803207
0.23843425512313843,0.5587910413742065,0.0028927018865942955
0.1903354823589325,0.6197575330734253,-0.04010964184999466
0.15766409039497375,0.5968737602233887,-0.12200450897216797
0.15694569051265717,0.5083218216896057,-0.20682254433631897
0.19638550281524658,0.40733450651168823,-0.26751893758773804
0.24544361233711243,0.2937838137149811,-0.28801605105400085
0.29110801219940186,0.21000105142593384,-0.2575116753578186
0.32990899682044983,0.209748774766922,-0.20310719311237335
0.35266411304473877,0.2985641360282898,-0.1490442156791687
0.3638867735862732,0.4312942922115326,-0.11145409941673279
0.3567817211151123,0.5813658237457275,-0.08774211257696152
0.3168427646160126,0.6787182688713074,-0.0839945375919342
0.2861780524253845,0.7005892395973206,-0.12155922502279282
0.2809334695339203,0.6204978227615356,-0.224360391497612
0.29016050696372986,0.489418625831604,-0.3233858048915863
0.2975999414920807,0.37061768770217896,-0.3371698558330536
0.2987038195133209,0.34971216320991516,-0.24766577780246735
0.2969103753566742,0.4015916883945465,-0.13906510174274445
0.2743707001209259,0.5082172155380249,-0.053713444620370865
0.22196996212005615,0.611514151096344,-0.017593946307897568
0.18613366782665253,0.7167239785194397,-0.015665020793676376
0.15205861628055573,0.8221341371536255,-0.04138222336769104
0.12142427265644073,0.8550787568092346,-0.09381187707185745
0.0806858018040657,0.7896749973297119,-0.1578817069530487
0.03572391718626022,0.5707021951675415,-0.19661206007003784
-0.04803890362381935,0.22969940304756165,-0.14845845103263855
-0.1213245689868927,0.020402640104293823,-0.005304479505866766
-0.16710732877254486,-0.023552345111966133,0.16009144484996796
-0.18121755123138428,-0.045956455171108246,0.26806530356407166
-0.19731557369232178,-0.08775888383388519,0.2978683412075043
-0.2406473457813263,-0.12404711544513702,0.27388817071914673
-0.28667357563972473,-0.1556413769721985,0.24036255478858948
-0.2961600124835968,-0.18004366755485535,0.20046386122703552
-0.25597718358039856,-0.1673799306154251,0.16992127895355225
-0.1771409511566162,-0.14893114566802979,0.13837319612503052
-0.06602296233177185,-0.13218742609024048,0.09718967229127884
0.05913575366139412,-0.15682567656040192,0.050764650106430054
0.17462731897830963,-0.22428980469703674,0.00529638584703207
0.2710643708705902,-0.27589309215545654,-0.021227100864052773
0.323894202709198,-0.30451902747154236,-0.010989248752593994
0.3242790102958679,-0.3182063400745392,0.008204951882362366
0.2761891186237335,-0.3475082516670227,0.012829488143324852
0.2033359259366989,-0.38727614283561707,0.011216944083571434
0.08726858347654343,-0.41157716512680054,0.002394364681094885
-0.03016030788421631,-0.43225207924842834,0.005636230576783419
-0.14543235301971436,-0.44514837861061096,0.004587410017848015
-0.2304910570383072,-0.43995201587677,-0.0096405278891325
-0.2725178301334381,-0.43305736780166626,-0.04238598793745041
-0.265317440032959,-0.4057178795337677,-0.08186308294534683
-0.20997664332389832,-0.36592990159988403,-0.11828295141458511
-0.13342274725437164,-0.34665074944496155,-0.14431215822696686
-0.07476649433374405,-0.38355007767677307,-0.15234088897705078
-0.04294571653008461,-0.46024271845817566,-0.15639422833919525
-0.0481572262942791,-0.5578171014785767,-0.15476976335048676
-0.0996454581618309,-0.6664045453071594,-0.14812570810317993
-0.1914190798997879,-0.7561407089233398,-0.11458153277635574
-0.35001057386398315,-0.7941746115684509,-0.0680643692612648
-0.5509126782417297,-0.8503549098968506,-0.0561990849673748
-0.7492180466651917,-0.8966156244277954,-0.09126705676317215
-0.9755615592002869,-0.9394745826721191,-0.18115149438381195
-1.2120915651321411,-1.0166209936141968,-0.2977295219898224
-1.3707743883132935,-1.0828193426132202,-0.41849833726882935
-1.4206598997116089,-1.0865867137908936,-0.5442104935646057
-1.3051310777664185,-1.0525366067886353,-0.6622150540351868
-1.0418695211410522,-0.9233229756355286,-0.7556850910186768
-0.7039069533348083,-0.7938381433486938,-0.80694580078125
-0.3918079435825348,-0.7547647953033447,-0.8405628800392151
-0.1811690479516983,-0.8017773032188416,-0.8681089878082275
-0.06569226086139679,-0.8337957262992859,-0.8623621463775635
-0.04661707207560539,-0.7739754915237427,-0.8137897849082947
-0.13198710978031158,-0.6790838837623596,-0.7347684502601624
-0.28452691435813904,-0.5910936594009399,-0.6328018307685852
-0.48688188195228577,-0.48933106660842896,-0.5166746377944946
